idx,y_true,y_pred,p_yes,lp_yes,lp_no,mode,raw_text
0,1,0,0.022977367233847502,-3.965055465698242,-0.21505534648895264,base,no
1,1,0,0.10669058826486906,-2.5991203784942627,-0.4741203188896179,base,no
2,1,0,0.05340332377362639,-3.308253288269043,-0.4332531690597534,base,no
3,1,0,0.4378234991142019,-1.260575771331787,-1.010575771331787,base,no
4,1,0,0.008577483893094128,-5.051016807556152,-0.301016628742218,base,no
5,1,0,0.0046095714956607,-5.6998701095581055,-0.32486996054649353,base,no
6,1,0,0.13296424019782924,-2.359318971633911,-0.48431897163391113,base,no
7,1,0,0.01098694392594878,-5.156083583831787,-0.6560837030410767,base,No
8,1,1,0.8175744761936437,-0.6274325847625732,-2.1274325847625732,base,Yes
9,1,0,0.01798620575097472,-4.727560997009277,-0.7275607585906982,base,no
10,1,0,0.009708474762317362,-4.903374671936035,-0.27837449312210083,base,no
11,1,0,0.01798620890931226,-4.682127952575684,-0.6821278929710388,base,No
12,1,0,0.04208773272170267,-3.537342071533203,-0.4123421907424927,base,no
13,1,0,0.042087725512577126,-3.5984933376312256,-0.4734932780265808,base,no
14,1,0,0.24508500210441886,-1.7706518173217773,-0.6456517577171326,base,no
15,1,0,0.0010322311289482067,-6.991827011108398,-0.1168271005153656,base,no
16,1,0,0.08509903804604459,-2.5165927410125732,-0.14159265160560608,base,no
17,1,0,0.29421497216298875,-1.6877715587615967,-0.8127715587615967,base,No
18,1,1,0.8175744584140004,-0.6254850625991821,-2.1254849433898926,base,Yes
19,1,0,0.02931222820745785,-3.9377260208129883,-0.4377259314060211,base,no
20,1,0,0.008577487441202876,-5.137091636657715,-0.38709187507629395,base,no
21,1,0,0.20181323186177208,-2.0622637271881104,-0.6872637867927551,base,no
22,1,0,0.4378234991142019,-1.2536089420318604,-1.0036089420318604,base,no
23,1,0,0.001926734606016944,-6.689398765563965,-0.43939873576164246,base,no
24,1,1,0.8807970904940926,-0.5343230962753296,-2.534323215484619,base,Yes
25,1,1,0.6224593452091672,-0.8559169173240662,-1.355916976928711,base,Yes
26,1,0,0.007577242612510723,-5.1227850914001465,-0.2477852702140808,base,no
27,1,0,0.0019267348066038113,-6.489486217498779,-0.23948629200458527,base,no
28,1,0,0.46879064146934857,-1.1215200424194336,-0.9965201020240784,base,No
29,1,0,0.46879062662624377,-1.0134762525558472,-0.8884762525558472,base,no
30,1,0,0.2689414330889798,-1.3694913387298584,-0.3694913983345032,base,no
31,1,0,0.46879062662624377,-1.294161319732666,-1.169161319732666,base,no
32,1,0,0.037326884131416216,-3.6447179317474365,-0.39471784234046936,base,no
33,1,1,0.7772998611746911,-0.6502255201339722,-1.9002255201339722,base,Yes
34,1,1,0.7057850278370112,-0.8664162158966064,-1.7414162158966064,base,Yes
35,1,0,0.02033235156176603,-4.297599792480469,-0.4225997030735016,base,no
36,1,0,0.0009110511944006454,-7.117598533630371,-0.1175985336303711,base,no
37,1,1,0.798186768138228,-0.7112396359443665,-2.0862395763397217,base,Yes
38,1,0,0.0850990542883219,-3.030160903930664,-0.6551610231399536,base,no
39,1,0,0.0009110512215273508,-7.323122024536133,-0.3231220543384552,base,no
40,1,0,0.0850990542883219,-2.941244602203369,-0.5662447214126587,base,no
41,1,0,0.0006263342234002478,-7.582590579986572,-0.20759068429470062,base,no
42,1,0,0.004609572179374208,-5.781895160675049,-0.40689516067504883,base,no
43,1,0,0.0003353501404573394,-8.396723747253418,-0.39672377705574036,base,no
44,1,0,0.0031726821827119532,-6.152633190155029,-0.4026329815387726,base,no
45,1,1,0.9046505299595163,-0.7257409691810608,-2.975740909576416,base,Yes
46,1,0,0.00029595721050668084,-8.604165077209473,-0.4791654050350189,base,no
47,1,0,0.0031726822769652645,-6.016176700592041,-0.2661765217781067,base,no
48,1,0,0.006692852509305267,-5.136379241943359,-0.13637948036193848,base,no
49,1,0,0.020332352155396922,-4.173550128936768,-0.2985500693321228,base,no
50,1,1,0.679178699175393,-0.5993101596832275,-1.3493101596832275,base,yes
51,1,1,0.8519528170040853,-0.6790651082992554,-2.429065227508545,base,Yes
52,1,0,0.033085970761385544,-4.045215606689453,-0.670215368270874,base,No
53,1,0,0.020332352452212373,-4.039246082305908,-0.16424603760242462,base,no
54,1,0,0.05340332678672523,-3.3202264308929443,-0.44522637128829956,base,no
55,1,0,0.02595735719779685,-4.236024856567383,-0.6110248565673828,base,no
56,1,0,0.0006263340275277853,-7.562504291534424,-0.18750408291816711,base,no
57,1,0,0.0015011823460801075,-6.764727592468262,-0.2647276520729065,base,no
58,1,0,0.0009110513978509559,-7.231804370880127,-0.23180459439754486,base,no
59,1,0,0.01098694263059318,-5.049117565155029,-0.5491175651550293,base,no
60,1,0,0.0006263341936696024,-7.384658336639404,-0.009658393450081348,base,no
61,1,0,0.0046095728630878175,-5.667300224304199,-0.29230037331581116,base,no
62,1,0,0.00218271670497733,-6.656281471252441,-0.531281590461731,base,no
63,1,0,0.14804719051380197,-2.216951370239258,-0.46695131063461304,base,no
64,1,0,0.029312237535086605,-4.15964412689209,-0.659644365310669,base,no
65,1,0,0.22270014914315833,-1.9038112163543701,-0.6538112759590149,base,No
66,1,0,0.003172683219498529,-6.338449001312256,-0.5884491205215454,base,no
67,1,0,0.002472622936111669,-6.323166847229004,-0.32316675782203674,base,no
68,1,0,0.025957358328060655,-3.6785356998443604,-0.05353574454784393,base,no
69,1,0,0.0019267344340853601,-6.508073329925537,-0.25807321071624756,base,no
70,1,0,0.005220125693558397,-5.690402984619141,-0.4404029846191406,base,no
71,1,0,0.0005527787233647546,-7.610729694366455,-0.11072985082864761,base,no
72,1,1,0.9324533051062237,-0.5457602143287659,-3.170760154724121,base,Yes
73,1,0,0.012431652682617146,-4.824101448059082,-0.44910159707069397,base,No
74,1,0,0.0028009263011984638,-6.460442543029785,-0.585442304611206,base,No
75,1,0,0.005911070257222078,-5.527740478515625,-0.4027407169342041,base,no
76,1,0,0.0007096703568309563,-7.566877841949463,-0.3168777823448181,base,no
77,1,0,0.3208212878370535,-1.4943456649780273,-0.7443456053733826,base,no
78,1,0,0.24508502416032488,-1.9605886936187744,-0.8355887532234192,base,no
79,1,0,0.017986206014169497,-4.157645225524902,-0.15764500200748444,base,no
80,1,0,0.020332355717182622,-4.307717323303223,-0.4327174425125122,base,no
81,1,0,0.4378234991142019,-1.2907403707504272,-1.0407403707504272,base,no
82,1,0,0.0953494648991095,-2.9340553283691406,-0.6840553283691406,base,No
83,1,0,0.001700722360836013,-6.635303497314453,-0.26030346751213074,base,no
84,1,0,0.00218271670497733,-6.666022300720215,-0.5410224199295044,base,no
85,1,0,0.0011695100909887293,-7.072388172149658,-0.32238802313804626,base,no
86,1,0,0.5,-1.154806137084961,-1.154806137084961,base,no
87,1,0,0.0009110511401472368,-7.257028579711914,-0.2570285201072693,base,no
88,1,0,0.02931223371923813,-3.662522315979004,-0.16252242028713226,base,no
89,1,1,0.8933094003735664,-0.5421021580696106,-2.667102098464966,base,Yes
90,1,0,0.29421497216298875,-1.836032748222351,-0.9610327482223511,base,no
91,1,0,0.0003799844464774095,-7.885572910308838,-0.01057273056358099,base,no
92,1,0,0.0040701369835107245,-5.522093772888184,-0.02209359221160412,base,no
93,1,0,0.00017952801214190153,-9.106352806091309,-0.4813530445098877,base,no
94,1,0,0.012431651950844584,-4.67718505859375,-0.30218514800071716,base,no
95,1,0,0.00359360332841002,-5.694244384765625,-0.06924459338188171,base,no
96,1,0,0.0019267350000268819,-6.2917799949646,-0.04178017005324364,base,no
97,1,0,0.060086652698692546,-2.9094860553741455,-0.1594861000776291,base,no
98,1,0,0.002182715926080975,-6.659309387207031,-0.5343091487884521,base,no
99,1,0,0.005911068068193657,-5.367670059204102,-0.24266992509365082,base,no
100,1,0,0.007577242612510723,-5.277389049530029,-0.4023892283439636,base,no
101,1,0,0.0015011825694379204,-6.820842742919922,-0.3208429515361786,base,no
102,1,0,0.017986213120429816,-4.601113319396973,-0.601113498210907,base,no
103,1,0,0.022977367233847502,-4.273892879486084,-0.5238927602767944,base,no
104,1,0,0.0013250221855242031,-6.670821666717529,-0.04582149162888527,base,no
105,1,0,0.022977374593338037,-4.037414073944092,-0.2874142825603485,base,no
106,1,0,0.0035936020478559492,-6.063479900360107,-0.4384797513484955,base,no
107,1,0,0.0035936017810739075,-5.8626203536987305,-0.23762013018131256,base,no
108,1,0,0.07585818002124356,-3.1559083461761475,-0.6559083461761475,base,no
109,1,0,0.0006263341581094201,-7.604431629180908,-0.2294316291809082,base,no
110,1,0,0.0010322312211416022,-7.00836706161499,-0.13336724042892456,base,no
111,1,0,0.06754669489377622,-3.2449302673339844,-0.6199303269386292,base,no
112,1,0,0.0019267348925696179,-6.511246204376221,-0.26124632358551025,base,no
113,1,0,0.01243164829198241,-4.623594284057617,-0.24859407544136047,base,no
114,1,0,0.09534945975773548,-2.8058552742004395,-0.5558552145957947,base,no
115,1,0,0.10669059962643358,-2.6460750102996826,-0.5210750699043274,base,no
116,1,1,0.7981867777396212,-0.8012993335723877,-2.1762993335723877,base,yes
117,1,1,0.6224593171945417,-0.8925490975379944,-1.3925490379333496,base,Yes
118,1,0,0.0021827166562962998,-6.15286922454834,-0.027869321405887604,base,no
119,1,0,0.46879062662624377,-1.2270143032073975,-1.1020143032073975,base,no
120,1,0,0.0004305570364333505,-7.881192207336426,-0.13119210302829742,base,no
121,1,0,0.00017952788643125331,-8.830903053283691,-0.2059025913476944,base,no
122,1,0,0.000487857122782266,-8.11253547668457,-0.4875354766845703,base,no
123,1,0,0.01590639171181471,-4.723548889160156,-0.5985488891601562,base,no
124,1,0,0.004609573136573289,-5.6413445472717285,-0.26634475588798523,base,no
125,1,1,0.893309411735131,-0.6592621207237244,-2.784262180328369,base,Yes
126,1,0,0.003172682371218578,-6.072046756744385,-0.3220466077327728,base,no
127,1,0,0.037326887344129464,-3.7225372791290283,-0.4725372791290283,base,no
128,1,0,0.000552778571063681,-7.818626880645752,-0.3186267614364624,base,no
129,1,0,0.08509904848750824,-2.543262481689453,-0.1682625263929367,base,no
130,1,0,0.007577241716077422,-5.236477375030518,-0.36147743463516235,base,no
131,1,1,0.5621765008857981,-1.059035062789917,-1.309035062789917,base,Yes
132,1,0,0.0850990542883219,-2.9119954109191895,-0.536995530128479,base,no
133,1,0,0.001926734204843272,-6.78608512878418,-0.5360848903656006,base,no
134,1,1,0.5312093733737563,-1.070688009262085,-1.195688009262085,base,Yes
135,1,0,0.1645164792819756,-2.2439146041870117,-0.6189147233963013,base,no
136,1,0,0.0021827165751612514,-6.416007995605469,-0.2910080552101135,base,no
137,1,0,0.0534033331895608,-2.947573661804199,-0.07257372885942459,base,no
138,1,0,0.002472623303650189,-6.489177227020264,-0.48917728662490845,base,no
139,1,0,0.000295957007701909,-8.442667961120605,-0.3176676034927368,base,no
140,1,0,0.007577239587048752,-5.120984077453613,-0.24598385393619537,base,no
141,1,0,0.34864513533394575,-1.4361119270324707,-0.8111119270324707,base,no
142,1,1,0.7981867585368343,-0.6466466188430786,-2.021646499633789,base,Yes
143,1,0,0.16451644651115205,-2.095503807067871,-0.47050368785858154,base,no
144,1,0,0.029312233295254994,-3.8638722896575928,-0.36387237906455994,base,no
145,1,1,0.7981867873410141,-0.687544047832489,-2.062544107437134,base,Yes
146,1,0,0.005911069906977476,-5.419702053070068,-0.2947022318840027,base,no
147,1,0,0.11920292202211755,-2.5364625453948975,-0.5364625453948975,base,no
148,1,0,0.004070137957507836,-6.095448017120361,-0.5954480767250061,base,no
149,1,0,0.007577241267860811,-5.462381362915039,-0.5873813629150391,base,no
150,1,0,0.0009110513571608901,-7.219236373901367,-0.2192365527153015,base,no
151,1,0,0.00037998439023058795,-8.314885139465332,-0.43988481163978577,base,no
152,1,0,0.005911069031366064,-5.495889186859131,-0.37088921666145325,base,no
153,1,0,0.022977373924293353,-4.310126781463623,-0.5601269602775574,base,no
154,1,1,0.8519527944504226,-0.7584996819496155,-2.5084996223449707,base,yes
155,1,1,0.9399133531922388,-0.3637790083885193,-3.113779067993164,base,Yes
156,1,0,0.11920293453832885,-2.786349296569824,-0.7863494157791138,base,no
157,1,0,0.008577486174021013,-5.2443695068359375,-0.49436959624290466,base,no
158,1,1,0.5926665999540697,-1.0349171161651611,-1.4099171161651611,base,Yes
159,1,0,0.01406363034912007,-4.972216606140137,-0.7222168445587158,base,no
160,1,1,0.9046505248181417,-0.553259015083313,-2.8032588958740234,base,Yes
161,1,1,0.5312093733737563,-1.0970746278762817,-1.2220746278762817,base,Yes
162,1,0,0.0024726231566347748,-6.444430351257324,-0.4444303512573242,base,no
163,1,0,0.06754669489377622,-3.219658136367798,-0.5946581959724426,base,no
164,1,0,0.005220124764999895,-5.608632564544678,-0.3586323857307434,base,no
165,1,0,0.0015011825247663551,-7.144711017608643,-0.6447111964225769,base,No
166,1,0,0.005220126931636656,-5.783966064453125,-0.5339663028717041,base,no
167,1,0,0.0011695102824621948,-6.9563374519348145,-0.20633746683597565,base,no
168,1,0,0.0004878570501213606,-7.831264972686768,-0.20626482367515564,base,no
169,1,0,0.2942149597859341,-1.6598496437072754,-0.7848495841026306,base,no
170,1,0,0.13296424706933604,-2.440747022628784,-0.565747082233429,base,no
171,1,0,0.0028009273000822866,-6.366003036499023,-0.491003155708313,base,no
172,1,0,0.0017007226644316852,-6.776898384094238,-0.4018985331058502,base,no
173,1,0,0.0028009266341596987,-6.065659523010254,-0.19065940380096436,base,no
174,1,0,0.22270012850745968,-1.8926424980163574,-0.6426424384117126,base,no
175,1,0,0.0019267344627406228,-6.368881702423096,-0.11888159811496735,base,no
176,1,0,0.4073333856566001,-1.2941787242889404,-0.9191786646842957,base,no
177,1,1,0.9579122720843811,-0.5402281284332275,-3.6652281284332275,base,Yes
178,1,0,0.0850990542883219,-2.862776756286621,-0.48777687549591064,base,no
179,1,1,0.9525741214369554,-0.5078049898147583,-3.5078048706054688,base,Yes
180,1,0,0.16451645470385742,-2.1901581287384033,-0.5651580691337585,base,no
181,1,0,0.1480472036701053,-1.9407907724380493,-0.1907908171415329,base,no
182,1,0,0.03308597552845946,-3.7702927589416504,-0.3952926695346832,base,no
183,1,0,0.006692852311177695,-5.2417707443237305,-0.24177095293998718,base,no
184,1,0,0.0005527787192485087,-7.855057239532471,-0.35505738854408264,base,no
185,1,0,0.012431650853185818,-4.682430267333984,-0.3074302673339844,base,no
186,1,0,0.4073333856566001,-1.359412431716919,-0.9844123721122742,base,no
187,1,0,0.0019267347779485435,-6.838389873504639,-0.5883899331092834,base,no
188,1,0,0.04208773272170267,-3.7735328674316406,-0.6485329866409302,base,no
189,1,0,0.008577485160275657,-5.001689434051514,-0.2516894042491913,base,no
190,1,0,0.03732688948593843,-3.695117473602295,-0.4451175332069397,base,No
191,1,0,0.0009110513029074721,-7.589115142822266,-0.5891152620315552,base,no
192,1,0,0.009708476481474066,-4.996387481689453,-0.3713874816894531,base,no
193,1,0,0.017986210488481234,-4.497426509857178,-0.4974265396595001,base,no
194,1,0,0.03308597552845946,-3.808178186416626,-0.4331780970096588,base,no
195,1,0,0.0010322309752925658,-7.408748626708984,-0.5337485671043396,base,no
196,1,1,0.8354835371034369,-0.6960771083831787,-2.3210771083831787,base,Yes
197,1,1,0.5621765008857981,-1.0137503147125244,-1.2637503147125244,base,yes
198,1,1,0.5926665999540697,-0.9566493034362793,-1.3316493034362793,base,Yes
199,1,0,0.5,-1.2206401824951172,-1.2206401824951172,base,no
200,1,0,0.20181323186177208,-2.046128988265991,-0.671129047870636,base,No
201,1,0,0.0007096703568309563,-7.831175327301025,-0.5811752676963806,base,no
202,1,0,0.012431647926096252,-5.023367881774902,-0.6483676433563232,base,no
203,1,0,0.06754668738548215,-2.986765146255493,-0.3617650866508484,base,no
204,1,0,0.009708478630420372,-4.814467906951904,-0.1894681304693222,base,no
205,1,0,0.09534945975773548,-2.7835540771484375,-0.5335540175437927,base,no
206,1,0,0.13296425394084313,-2.63474178314209,-0.7597419023513794,base,no
207,1,0,0.2942149845400438,-1.7361817359924316,-0.8611817955970764,base,no
208,1,0,0.2018132174596823,-1.6663672924041748,-0.2913672626018524,base,no
209,1,0,0.04742587587030561,-3.7315433025360107,-0.7315433621406555,base,no
210,1,0,0.005911069994538625,-5.276137351989746,-0.1511375457048416,base,no
211,1,1,0.6224593312018546,-1.0432050228118896,-1.5432050228118896,base,Yes
212,1,0,0.02931223244728875,-3.860034227371216,-0.3600342869758606,base,no
213,1,0,0.0008040857919630916,-7.52218770980835,-0.3971875309944153,base,no
214,1,0,0.22270013882530884,-1.7933855056762695,-0.5433855056762695,base,no
215,1,0,0.014063626630011202,-4.559321403503418,-0.3093213737010956,base,no
216,1,1,0.6224593312018546,-1.035190463066101,-1.535190463066101,base,Yes
217,1,1,0.9324533032291502,-0.4964793622493744,-3.1214792728424072,base,Yes
218,1,0,0.00048785732623285867,-8.209299087524414,-0.5842995047569275,base,no
219,1,0,0.0006263342140729864,-7.6661376953125,-0.29113778471946716,base,no
220,1,1,0.7549149868676283,-0.7809187173843384,-1.9059187173843384,base,Yes
221,1,0,0.0024726233771578993,-6.23640251159668,-0.23640260100364685,base,no
222,1,0,0.4378234991142019,-1.3427304029464722,-1.0927304029464722,base,no
223,1,0,0.03732688948593843,-3.8197903633117676,-0.5697904229164124,base,no
224,1,0,0.003172682983865187,-5.888593673706055,-0.13859371840953827,base,no
225,1,0,0.0008040859835179557,-7.3117194175720215,-0.18671947717666626,base,no
226,1,0,0.01243165304850344,-4.824835300445557,-0.44983547925949097,base,no
227,1,1,0.7057850278370112,-0.5931085348129272,-1.4681085348129272,base,Yes
228,1,0,0.34864513533394575,-1.6368029117584229,-1.0118029117584229,base,no
229,1,0,0.4073334000459302,-1.446803331375122,-1.071803331375122,base,No
230,1,1,0.5621765008857981,-1.071054220199585,-1.321054220199585,base,Yes
231,1,0,0.0046095728630878175,-5.81872034072876,-0.4437204897403717,base,no
232,1,0,0.0031726820884586454,-5.940140724182129,-0.1901404857635498,base,no
233,1,0,0.01590639077880068,-4.6324286460876465,-0.5074285864830017,base,no
234,1,0,0.017986212067650338,-4.72119140625,-0.7211915254592896,base,no
235,1,0,0.2942149597859341,-1.7219359874725342,-0.8469359278678894,base,no
236,1,1,0.5926665999540697,-0.9702261686325073,-1.3452261686325073,base,Yes
237,1,0,0.0013250222594674832,-7.019250869750977,-0.394250750541687,base,no
238,1,0,0.0010322308523680697,-7.311025619506836,-0.4360254406929016,base,no
239,1,0,0.0028009264676790765,-6.578449726104736,-0.703449547290802,base,no
240,1,0,0.002472622936111669,-6.3609795570373535,-0.36097946763038635,base,no
241,1,1,0.6791786861878392,-0.8043909668922424,-1.5543909072875977,base,Yes
242,1,0,0.0031726833373152056,-5.870943546295166,-0.12094370275735855,base,no
243,1,1,0.9241418158002492,-0.6499581933021545,-3.1499581336975098,base,Yes
244,1,0,0.042087725512577126,-3.739281177520752,-0.6142811179161072,base,No
245,1,0,0.02033235452992065,-4.476609230041504,-0.6016092896461487,base,no
246,1,0,0.0005527787521784759,-7.900968551635742,-0.4009687602519989,base,no
247,1,0,0.002472623707942624,-6.240617752075195,-0.24061797559261322,base,no
248,1,0,0.1066905825840872,-2.6789536476135254,-0.5539535284042358,base,no
249,1,0,0.5,-1.1902872323989868,-1.1902872323989868,base,no
250,1,0,0.0024726230831270705,-6.330602645874023,-0.33060261607170105,base,no
251,1,0,0.03732689055684297,-3.649019956588745,-0.3990200459957123,base,No
252,1,0,0.37754066879814546,-1.394313097000122,-0.8943130970001221,base,no
253,1,0,0.00029595720168907913,-8.656595230102539,-0.5315955281257629,base,no
254,1,0,0.03308597457504463,-3.9333810806274414,-0.5583809614181519,base,no
255,1,0,0.0015011825247663551,-6.945558071136475,-0.44555824995040894,base,no
256,1,0,0.46879062662624377,-1.182082176208496,-1.057082176208496,base,no
257,1,0,0.1824255415859996,-2.233794689178467,-0.7337948083877563,base,No
258,1,1,0.5621765008857981,-1.080072045326233,-1.330072045326233,base,Yes
259,1,0,0.0019267346776551087,-6.292498588562012,-0.042498596012592316,base,no
260,1,1,0.7549149868676283,-0.7248522043228149,-1.849852204322815,base,Yes
261,1,0,0.00359360194114313,-6.024837493896484,-0.39983731508255005,base,no
262,1,0,0.01243165231673086,-4.658042907714844,-0.2830430269241333,base,no
263,1,0,0.003593603275053591,-5.814114570617676,-0.1891147643327713,base,no
264,1,1,0.7310585786300049,-0.8305604457855225,-1.8305604457855225,base,Yes
265,1,1,0.5312093733737563,-1.154274344444275,-1.279274344444275,base,Yes
266,1,0,0.004609572999830552,-5.863129138946533,-0.48812931776046753,base,no
267,1,0,0.0028009264676790765,-6.04393196105957,-0.168931782245636,base,no
268,1,0,0.18242551491653522,-2.302640676498413,-0.8026406168937683,base,No
269,1,1,0.7057850278370112,-0.7855390310287476,-1.6605390310287476,base,Yes
270,1,0,0.0007096704625050409,-7.414191722869873,-0.1641918122768402,base,no
271,1,1,0.7310585786300049,-0.762447714805603,-1.762447714805603,base,Yes
272,1,0,0.002800927133601626,-6.524084568023682,-0.6490846276283264,base,No
273,1,0,0.012431651950844584,-4.563490390777588,-0.18849048018455505,base,no
274,1,0,0.002472623009619369,-6.289180755615234,-0.2891806960105896,base,no
275,1,0,0.001926734204843272,-6.613926887512207,-0.36392664909362793,base,no
276,1,0,0.015906394044350028,-4.512730598449707,-0.38773074746131897,base,no
277,1,1,0.8807970779778823,-0.6312477588653564,-2.6312477588653564,base,Yes
278,1,0,0.0007096704836398597,-7.569164276123047,-0.3191643953323364,base,no
279,1,1,0.8519527944504226,-0.7024560570716858,-2.452455997467041,base,Yes
280,1,0,0.00522012615783771,-5.657529354095459,-0.40752944350242615,base,no
281,1,0,0.0011695100909887293,-7.071986198425293,-0.32198604941368103,base,no
282,1,0,0.00033535021039337676,-8.584317207336426,-0.5843174457550049,base,no
283,1,0,0.001169510439122326,-7.183840274810791,-0.43384042382240295,base,no
284,1,1,0.9399133498259924,-0.5122101306915283,-3.2622101306915283,base,Yes
285,1,0,0.0013250225749588576,-7.265922546386719,-0.6409226655960083,base,no
286,1,0,0.0028009266341596987,-6.088742256164551,-0.21374213695526123,base,no
287,1,0,0.010986941982915435,-4.988419532775879,-0.48841947317123413,base,no
288,1,0,0.008577485920584663,-4.993820667266846,-0.24382072687149048,base,no
289,1,0,0.047425867792089564,-3.6900486946105957,-0.6900485754013062,base,no
290,1,0,0.2942149783515162,-1.3009878396987915,-0.4259878695011139,base,no
291,1,0,0.008577486427457372,-5.3070173263549805,-0.55701744556427,base,no
292,1,0,0.0015011819440361278,-6.6865925788879395,-0.18659237027168274,base,no
293,1,0,0.0075772408196442265,-5.212910175323486,-0.33791011571884155,base,no
294,1,0,0.014063623943988737,-4.483010768890381,-0.23301054537296295,base,no
295,1,0,0.0006263342886910823,-7.4766621589660645,-0.10166236758232117,base,no
296,1,0,0.0021827165751612514,-6.315296649932861,-0.1902967095375061,base,no
297,1,0,0.00043055715828107903,-8.28502368927002,-0.5350238680839539,base,no
298,1,1,0.5926665999540697,-1.0013991594314575,-1.3763991594314575,base,Yes
299,1,0,0.0011695102215388158,-6.7730021476745605,-0.023002110421657562,base,no
300,1,0,0.07585818419975078,-3.06553053855896,-0.5655305981636047,base,no
301,1,0,0.03732688306051187,-3.871609687805176,-0.6216095685958862,base,no
302,1,0,0.07585817166422973,-3.2620816230773926,-0.762081503868103,base,no
303,1,0,0.0007096704519376317,-7.414910316467285,-0.16491039097309113,base,no
304,1,0,0.5,-1.1440680027008057,-1.1440680027008057,base,No
305,1,0,0.02297736991002561,-4.216188907623291,-0.466188907623291,base,no
306,1,0,0.009708477054526368,-4.922990798950195,-0.2979908585548401,base,no
307,1,0,0.015906389962413444,-4.1475605964660645,-0.0225604847073555,base,no
308,1,0,0.001501181899364581,-6.822134971618652,-0.32213473320007324,base,no
309,1,1,0.8519528019683106,-0.5201675891876221,-2.270167589187622,base,Yes
310,1,0,0.010986944573626636,-4.912041187286377,-0.4120413661003113,base,no
311,1,1,0.7310585786300049,-0.8071513175964355,-1.8071513175964355,base,Yes
312,1,0,0.004070137293075673,-5.7134623527526855,-0.2134622484445572,base,no
313,1,0,0.4378234991142019,-1.311105728149414,-1.061105728149414,base,no
314,1,0,0.0031726831252451896,-6.233942031860352,-0.4839421212673187,base,no
315,1,0,0.24508501313237172,-1.8547217845916748,-0.7297217845916748,base,no
316,1,0,0.03732688948593843,-3.5114309787750244,-0.2614310383796692,base,no
317,1,0,0.014063625390308462,-4.649991989135742,-0.39999186992645264,base,no
318,1,0,0.060086648490884395,-2.9245049953460693,-0.17450496554374695,base,no
319,1,0,0.0017007221078396608,-6.702920913696289,-0.32792073488235474,base,no
320,1,0,0.0008040859954901364,-7.366012096405029,-0.24101217091083527,base,no
321,1,0,0.009708478773683474,-5.075534820556641,-0.4505350589752197,base,no
322,1,0,0.0009110511944006454,-7.481513500213623,-0.48151350021362305,base,no
323,1,0,0.003593603168340736,-5.837846279144287,-0.21284644305706024,base,no
324,1,1,0.8933094003735664,-0.7730565667152405,-2.8980565071105957,base,Yes
325,1,1,0.9149009549929797,-0.502753734588623,-2.877753734588623,base,Yes
326,1,0,0.16451644651115205,-2.460613250732422,-0.8356131315231323,base,no
327,1,0,0.3208212878370535,-1.5323448181152344,-0.7823447585105896,base,no
328,1,0,0.004609572316116922,-5.698333263397217,-0.3233332931995392,base,no
329,1,0,0.003172683219498529,-6.012137413024902,-0.2621375322341919,base,no
330,1,0,0.007577241828131579,-5.051433563232422,-0.17643363773822784,base,no
331,1,0,0.020332352749027827,-4.187283039093018,-0.3122830092906952,base,no
332,1,0,0.4378234844434674,-1.2448499202728271,-0.9948498606681824,base,no
333,1,0,0.0021827168347934166,-6.528846740722656,-0.4038469195365906,base,no
334,1,0,0.0035936034351228795,-6.064484596252441,-0.4394848346710205,base,no
335,1,0,0.010986942306754304,-4.8661603927612305,-0.3661603629589081,base,no
336,1,0,0.0028009264676790765,-6.23661994934082,-0.361619770526886,base,no
337,1,0,0.0006263341394548992,-7.774102210998535,-0.39910218119621277,base,no
338,1,0,0.0159063898457867,-4.575833320617676,-0.45083320140838623,base,no
339,1,0,0.053403325280175794,-3.1351099014282227,-0.2601098120212555,base,no
340,1,1,0.6224593452091672,-0.9953581690788269,-1.4953582286834717,base,yes
341,1,0,0.0035936027948457686,-5.91704797744751,-0.29204803705215454,base,no
342,1,0,0.0006263340275277853,-7.730148792266846,-0.355148583650589,base,no
343,1,0,0.020332355717182622,-4.381070137023926,-0.5060702562332153,base,no
344,1,0,0.46879062662624377,-1.2977269887924194,-1.1727269887924194,base,no
345,1,0,0.002800926800640331,-6.084146499633789,-0.2091464400291443,base,no
346,1,0,0.20181320305759334,-2.108330726623535,-0.7333306074142456,base,no
347,1,0,0.01798620890931226,-4.456599712371826,-0.4565996527671814,base,no
348,1,1,0.8519527869325346,-0.4224644899368286,-2.172464370727539,base,Yes
349,1,1,0.8354835371034369,-0.6501436233520508,-2.275143623352051,base,Yes
350,1,0,0.0031726831252451896,-6.0394110679626465,-0.28941115736961365,base,no
351,1,0,0.09534947518185825,-2.852480411529541,-0.6024805307388306,base,no
352,1,0,0.0021827165751612514,-6.420748710632324,-0.295748770236969,base,no
353,1,0,0.007577241267860811,-5.212183475494385,-0.33718347549438477,base,no
354,1,0,0.0015011820557150003,-6.6899943351745605,-0.1899942010641098,base,no
355,1,1,0.8175744850834649,-0.5318202376365662,-2.031820297241211,base,Yes
356,1,0,0.004070138380328358,-5.6930718421936035,-0.19307200610637665,base,no
357,1,0,0.001169510439122326,-7.109447479248047,-0.3594476282596588,base,no
358,1,0,0.0019267349212248879,-6.459727764129639,-0.20972789824008942,base,no
359,1,0,0.015906394044350028,-4.400594234466553,-0.2755943834781647,base,no
360,1,1,0.7981867873410141,-0.6483835577964783,-2.023383617401123,base,Yes
361,1,1,0.6791787121629466,-0.8461493849754333,-1.5961494445800781,base,Yes
362,1,0,0.006692852113050128,-5.368553161621094,-0.3685533404350281,base,no
363,1,0,0.0005527785381337246,-8.201969146728516,-0.7019689679145813,base,no
364,1,0,0.029312230751356316,-3.9693970680236816,-0.46939706802368164,base,no
365,1,1,0.8519527982093668,-0.4072273075580597,-2.1572272777557373,base,Yes
366,1,0,0.20181321265898594,-2.0419864654541016,-0.6669864058494568,base,No
367,1,0,0.3208212878370535,-1.4876480102539062,-0.7376479506492615,base,no
368,1,0,0.008577486934330109,-5.024539470672607,-0.27453964948654175,base,no
369,1,0,0.22270012850745968,-2.0129997730255127,-0.7629997134208679,base,No
370,1,0,0.0006263341301276389,-7.582214832305908,-0.20721478760242462,base,no
371,1,0,0.04742587856304458,-3.6160430908203125,-0.616043210029602,base,no
372,1,0,0.0006263341954184638,-7.637645721435547,-0.26264578104019165,base,no
373,1,0,0.20181323186177208,-2.0144944190979004,-0.6394944787025452,base,no
374,1,0,0.007577241043752515,-5.366118907928467,-0.4911188781261444,base,no
375,1,0,0.03308598029553404,-3.659186840057373,-0.2841868996620178,base,no
376,1,0,0.46879062662624377,-1.23991060256958,-1.11491060256958,base,no
377,1,0,0.0006263338969461776,-8.077696800231934,-0.7026963829994202,base,no
378,1,0,0.02931222820745785,-3.9735820293426514,-0.4735819399356842,base,no
379,1,0,0.5,-1.2580287456512451,-1.2580287456512451,base,no
380,1,0,0.012431652682617146,-4.754979610443115,-0.3799797594547272,base,no
381,1,0,0.0850990519679964,-2.6989307403564453,-0.3239308297634125,base,no
382,1,0,0.00280092763304364,-6.517993927001953,-0.6429941654205322,base,no
383,1,0,0.00017952792120227488,-8.68952465057373,-0.06452438235282898,base,no
384,1,0,0.002182716185713063,-6.659749984741211,-0.5347498655319214,base,no
385,1,0,0.0011695102302421558,-7.104957103729248,-0.35495707392692566,base,no
386,1,0,0.0003353499806035945,-8.434381484985352,-0.43438103795051575,base,no
387,1,0,0.18242551936144574,-1.7419360876083374,-0.24193605780601501,base,no
388,1,0,0.020332351858581475,-4.088211536407471,-0.21321146190166473,base,no
389,1,0,0.2689414213699951,-1.800770878791809,-0.8007708787918091,base,No
390,1,0,0.0600866518571309,-3.169618606567383,-0.4196186363697052,base,no
391,1,0,0.060086646807761206,-3.332181453704834,-0.5821813941001892,base,no
392,1,1,0.5312093733737563,-1.1061713695526123,-1.2311713695526123,base,Yes
393,1,1,0.8354835371034369,-0.8064839839935303,-2.4314839839935303,base,Yes
394,1,0,0.0019267342621537913,-6.68939733505249,-0.4393971264362335,base,no
395,1,0,0.2689414096510108,-1.6553692817687988,-0.655369222164154,base,No
396,1,0,0.010986942246034513,-4.520387649536133,-0.020387614145874977,base,no
397,1,0,0.0004878571518466312,-7.812820911407471,-0.18782097101211548,base,no
398,1,0,0.014063627456479755,-4.739522457122803,-0.4895224869251251,base,no
399,1,0,0.02595736171885236,-4.014037609100342,-0.3890377879142761,base,no
400,1,0,0.08509904732734556,-2.733457088470459,-0.35845711827278137,base,no
401,1,0,0.029312234143221275,-4.069676399230957,-0.5696765184402466,base,no
402,1,0,0.0028009275498032983,-6.196321964263916,-0.32132217288017273,base,no
403,1,0,0.08509904500702024,-2.9068610668182373,-0.5318610668182373,base,no
404,1,0,0.004609572999830552,-5.863795757293701,-0.4887959361076355,base,no
405,1,0,0.004070137232672753,-6.148039817810059,-0.648039698600769,base,No
406,1,0,0.02931223583915389,-4.12376594543457,-0.6237661242485046,base,No
407,1,1,0.9149009596336303,-0.6610090136528015,-3.0360090732574463,base,yes
408,1,0,0.006692849735519792,-5.541611194610596,-0.5416110157966614,base,no
409,1,0,0.005220124610240159,-5.6141157150268555,-0.36411550641059875,base,no
410,1,0,0.0010322311750449035,-7.112919807434082,-0.23791994154453278,base,no
411,1,0,0.10669059394565118,-2.8046560287475586,-0.6796560287475586,base,No
412,1,0,0.1480471980316895,-2.1977081298828125,-0.4477081298828125,base,no
413,1,0,0.008577487441202876,-5.291094779968262,-0.5410950183868408,base,no
414,1,0,0.017986210488481234,-4.213486194610596,-0.2134862244129181,base,no
415,1,0,0.04742587452393617,-3.411916494369507,-0.4119165241718292,base,no
416,1,1,0.754914997895581,-0.7864400744438171,-1.911440134048462,base,Yes
417,1,0,0.005911068155754778,-5.487760066986084,-0.36275994777679443,base,no
418,1,0,0.1480472055495773,-2.4219090938568115,-0.6719091534614563,base,No
419,1,0,0.0675466977093867,-2.7763190269470215,-0.15131913125514984,base,no
420,1,0,0.09534947261117097,-2.7470314502716064,-0.4970315396785736,base,no
421,1,0,0.0015011821227223277,-6.759932994842529,-0.25993290543556213,base,no
422,1,0,0.0031726833137518703,-6.1109209060668945,-0.36092105507850647,base,no
423,1,0,0.009708477627578704,-4.962281703948975,-0.33728182315826416,base,no
424,1,0,0.0011695102824621948,-6.938040256500244,-0.18804027140140533,base,no
425,1,0,0.03732688948593843,-3.9797139167785645,-0.7297139763832092,base,no
426,1,0,0.005911069906977476,-5.422790050506592,-0.2977902293205261,base,no
427,1,1,0.5621765008857981,-1.059035062789917,-1.309035062789917,base,Yes
428,1,0,0.0031726833137518703,-6.146000862121582,-0.39600101113319397,base,no
429,1,0,0.04742587587030561,-3.623250722885132,-0.6232507824897766,base,no
430,1,0,0.022977369240981062,-4.209757328033447,-0.4597572982311249,base,no
431,1,0,0.007577239923211134,-5.5245232582092285,-0.6495230793952942,base,no
432,1,1,0.9579122672782973,-0.5612698793411255,-3.686269760131836,base,yes
433,1,0,0.0008040860553510418,-7.447772026062012,-0.32277217507362366,base,no
434,1,0,0.005911067652278348,-5.1413960456848145,-0.016395840793848038,base,no
435,1,0,0.4073334000459302,-0.9457712769508362,-0.5707712769508362,base,no
436,1,0,0.07585818628900447,-2.6201000213623047,-0.12010011076927185,base,no
437,1,0,0.2942149845400438,-1.5907838344573975,-0.7157838940620422,base,no
438,1,0,0.01406362456384003,-4.696617126464844,-0.4466169476509094,base,no
439,1,0,0.03308598220236406,-4.000633239746094,-0.6256333589553833,base,no
440,1,0,0.24508501313237172,-1.84925377368927,-0.72425377368927,base,no
441,1,0,0.0046095724528596406,-5.779576778411865,-0.40457683801651,base,no
442,1,0,0.0013250224960860068,-6.98017692565918,-0.35517698526382446,base,no
443,1,0,0.37754066879814546,-1.4697628021240234,-0.9697628021240234,base,no
444,1,0,0.0021827164453451808,-6.610194683074951,-0.48519468307495117,base,no
445,1,0,0.1480471961522176,-1.96943998336792,-0.21943996846675873,base,no
446,1,0,0.01243164865786858,-4.785912990570068,-0.41091281175613403,base,no
447,1,0,0.22270013882530884,-2.1507816314697266,-0.9007816314697266,base,no
448,1,0,0.020332355717182622,-4.336165428161621,-0.46116554737091064,base,no
449,1,0,0.09534945975773548,-2.915999174118042,-0.6659991145133972,base,no
450,1,0,0.22270014914315833,-2.1042520999908447,-0.8542521595954895,base,no
451,1,0,0.0024726230142135997,-6.006179332733154,-0.006179274991154671,base,no
452,1,0,0.0021827164453451808,-6.4883832931518555,-0.36338329315185547,base,no
453,1,0,0.1066905825840872,-2.786553382873535,-0.6615532636642456,base,no
454,1,1,0.5926665999540697,-1.0485947132110596,-1.4235947132110596,base,Yes
455,1,0,0.11920292202211755,-2.456895589828491,-0.4568955898284912,base,no
456,1,0,0.037326887344129464,-3.9314746856689453,-0.6814746856689453,base,No
457,1,0,0.0028009264676790765,-5.9522480964660645,-0.07724791765213013,base,no
458,1,0,0.0005527786863185436,-7.940974235534668,-0.44097432494163513,base,no
459,1,1,0.8933094060543487,-0.5564508438110352,-2.681450843811035,base,Yes
460,1,1,0.7057850154599563,-0.8356876969337463,-1.7106876373291016,base,Yes
461,1,0,0.05340333582602272,-3.5335779190063477,-0.6585780382156372,base,no
462,1,0,0.0002959570958778797,-8.330284118652344,-0.20528405904769897,base,no
463,1,0,0.3208213138121609,-1.5591177940368652,-0.80911785364151,base,no
464,1,1,0.7057850278370112,-0.728079080581665,-1.603079080581665,base,Yes
465,1,0,0.017986207330143424,-4.190119743347168,-0.19011959433555603,base,no
466,1,0,0.0003799846166329393,-8.166703224182129,-0.2917034924030304,base,no
467,1,0,0.02931223159932252,-3.861410140991211,-0.3614101707935333,base,no
468,1,0,0.0004305571198028453,-8.037851333618164,-0.2878514230251312,base,no
469,1,0,0.0013250223383403197,-6.838964939117432,-0.21396487951278687,base,no
470,1,0,0.00029595706942508576,-8.453194618225098,-0.3281944692134857,base,no
471,1,0,0.0006263341954184638,-7.9628400802612305,-0.5878401398658752,base,no
472,1,0,0.06008664344151498,-3.271292209625244,-0.5212920904159546,base,no
473,1,0,0.02297736991002561,-3.8062429428100586,-0.056242942810058594,base,no
474,1,1,0.9241418158002492,-0.7119331955909729,-3.211933135986328,base,Yes
475,1,0,0.06754668363133542,-3.185713291168213,-0.5607131719589233,base,no
476,1,0,0.0293122256635596,-4.070024490356445,-0.570024311542511,base,no
477,1,0,0.4073334000459302,-1.3296629190444946,-0.9546629190444946,base,no
478,1,0,0.0007096704889235645,-7.322610855102539,-0.07261098176240921,base,no
479,1,0,0.08509904036636974,-3.044222116470337,-0.6692220568656921,base,no
480,1,1,0.9875683476832692,-0.5556312799453735,-4.930631160736084,base,Yes
481,1,1,0.5621765008857981,-1.059035062789917,-1.309035062789917,base,Yes
482,1,0,0.033085978388704126,-3.859943151473999,-0.484943151473999,base,no
483,1,0,0.0013250225749588576,-6.978771209716797,-0.3537713289260864,base,no
484,1,0,0.24508501313237172,-1.9548015594482422,-0.8298015594482422,base,no
485,1,0,0.00013982203398293596,-9.195650100708008,-0.32064980268478394,base,no
486,1,0,0.01098694327827096,-4.988861560821533,-0.488861620426178,base,no
487,1,0,0.002472623303650189,-6.258821964263916,-0.2588220238685608,base,no
488,1,0,0.4378234991142019,-1.3730181455612183,-1.1230181455612183,base,no
489,1,0,0.02595736021183377,-4.042235851287842,-0.41723597049713135,base,no
490,1,0,0.006692849339264817,-5.446843147277832,-0.44684290885925293,base,no
491,1,0,0.00048785722450755167,-7.9124603271484375,-0.2874605357646942,base,no
492,1,0,0.04742587856304458,-3.5380845069885254,-0.5380846261978149,base,no
493,1,1,0.8807970654616711,-0.5168167352676392,-2.5168166160583496,base,Yes
494,1,1,0.5926665999540697,-1.0371205806732178,-1.4121205806732178,base,Yes
495,1,0,0.4378234991142019,-1.316664695739746,-1.066664695739746,base,No
496,1,0,0.004609572179374208,-5.777953147888184,-0.4029531478881836,base,no
497,1,0,0.009708477341052534,-5.074660301208496,-0.44966039061546326,base,no
498,1,1,0.6224593312018546,-0.5705121755599976,-1.0705121755599976,base,yes
499,1,0,0.4378234991142019,-1.3144201040267944,-1.0644201040267944,base,no
500,1,0,0.025957356444287677,-3.670391798019409,-0.04539176821708679,base,no
501,1,0,0.00359360194114313,-5.875358581542969,-0.2503584027290344,base,no
502,1,0,0.03732688948593843,-3.6384079456329346,-0.38840800523757935,base,no
503,1,0,0.005911067805510302,-5.615311622619629,-0.4903114438056946,base,no
504,1,0,0.2689414213699951,-1.7790967226028442,-0.7790967226028442,base,no
505,1,1,0.6224593452091672,-0.9107634425163269,-1.4107635021209717,base,Yes
506,1,0,0.005911068856243796,-5.457071304321289,-0.33207130432128906,base,no
507,1,0,0.18242550602671442,-2.1812076568603516,-0.681207537651062,base,no
508,1,0,0.010986940687560063,-4.924607753753662,-0.4246075749397278,base,no
509,1,0,0.0021827164453451808,-6.362793922424316,-0.2377939224243164,base,no
510,1,0,0.017986206803753842,-4.317055702209473,-0.31705552339553833,base,no
511,1,0,0.24508501313237172,-1.8367143869400024,-0.7117143869400024,base,no
512,1,0,0.0008040861032397692,-7.611755847930908,-0.4867560565471649,base,no
513,1,0,0.0021827167698853724,-6.519749164581299,-0.39474931359291077,base,no
514,1,0,0.0021827167698853724,-6.524130344390869,-0.3991304934024811,base,no
515,1,0,0.22270012850745968,-1.9195380210876465,-0.6695379614830017,base,no
516,1,0,0.1645164628965632,-2.2094411849975586,-0.5844411849975586,base,No
517,1,0,0.13296425394084313,-2.6056599617004395,-0.730660080909729,base,No
518,1,0,0.004609573273316032,-5.644667625427246,-0.2696678638458252,base,no
519,1,0,0.0017007226517818644,-6.4270339012146,-0.05203404277563095,base,no
520,1,0,0.0040701369910610885,-5.9854655265808105,-0.4854653477668762,base,no
521,1,0,0.0019267345487064141,-6.73023796081543,-0.4802379012107849,base,no
522,1,0,0.012431652270995075,-4.427734851837158,-0.052734967321157455,base,no
523,1,0,0.4073334000459302,-1.347849726676941,-0.9728497266769409,base,no
524,1,0,0.00132502250101556,-6.657187461853027,-0.03218752518296242,base,no
525,1,0,0.01798620838292263,-4.282736778259277,-0.2827366888523102,base,no
526,1,1,0.7057850278370112,-0.7640405893325806,-1.6390405893325806,base,Yes
527,1,0,0.1480472055495773,-2.4108755588531494,-0.6608756184577942,base,no
528,1,1,0.9241418199787566,-0.5496292114257812,-3.0496292114257812,base,yes
529,1,0,0.00522012615783771,-5.732776641845703,-0.4827767312526703,base,no
530,1,0,0.24508502416032488,-1.8939180374145508,-0.7689180970191956,base,No
531,1,0,0.3208212878370535,-1.5206959247589111,-0.7706958651542664,base,no
532,1,0,0.04742587317756679,-3.4493672847747803,-0.4493672847747803,base,no
533,1,1,0.5621764862150634,-0.865812361240387,-1.1158123016357422,base,Yes
534,1,0,0.0024726235609271855,-6.136021137237549,-0.13602130115032196,base,no
535,1,0,0.2689414330889798,-1.4056146144866943,-0.4056146740913391,base,no
536,1,0,0.01243165231673086,-4.744454860687256,-0.3694549798965454,base,no
537,1,1,0.5926665999540697,-1.0114339590072632,-1.3864339590072632,base,Yes
538,1,0,0.01243165304850344,-4.619014739990234,-0.2440149188041687,base,no
539,1,0,0.0010322311289482067,-7.195418357849121,-0.32041844725608826,base,no
540,1,0,0.0010322311596793377,-7.10695743560791,-0.2319575548171997,base,no
541,1,0,0.0059110695567328965,-5.419891357421875,-0.29489147663116455,base,no
542,1,0,0.02931222905542399,-3.8233282566070557,-0.3233281970024109,base,no
543,1,0,0.0004878571373144484,-8.02338695526123,-0.39838698506355286,base,no
544,1,0,0.22270012850745968,-2.116974353790283,-0.8669742941856384,base,no
545,1,0,0.46879062662624377,-1.2426177263259888,-1.1176177263259888,base,no
546,1,0,0.2689414213699951,-1.5125904083251953,-0.5125904083251953,base,no
547,1,1,0.7057850154599563,-0.8586092591285706,-1.7336091995239258,base,Yes
548,1,0,0.24508501313237172,-1.7749865055084229,-0.6499865055084229,base,no
549,1,0,0.11920292828022305,-2.50921368598938,-0.5092137455940247,base,no
550,1,0,0.0007096703568309563,-7.611479759216309,-0.3614796996116638,base,no
551,1,0,0.0017007225126338423,-6.696126461029053,-0.3211265206336975,base,no
552,1,0,0.2942149597859341,-1.7097382545471191,-0.8347381949424744,base,no
553,1,0,0.0011695102998688749,-7.148252010345459,-0.39825204014778137,base,no
554,1,1,0.754914997895581,-0.7181856036186218,-1.8431856632232666,base,Yes
555,1,0,0.4378234991142019,-1.2452032566070557,-0.9952032566070557,base,No
556,1,0,0.2942149845400438,-1.6687827110290527,-0.7937827706336975,base,no
557,1,0,0.0019267346919827415,-6.418260097503662,-0.1682601124048233,base,no
558,1,0,0.01243164938964095,-4.7903547286987305,-0.4153546094894409,base,no
559,1,0,0.0003353501104847565,-8.210847854614258,-0.21084779500961304,base,no
560,1,0,0.06008665354025422,-3.153641939163208,-0.4036419987678528,base,no
561,1,0,0.0028009270503612984,-6.029356479644775,-0.15435650944709778,base,no
562,1,0,0.005220124764999895,-5.735620975494385,-0.48562079668045044,base,no
563,1,1,0.5312093733737563,-1.1670856475830078,-1.2920856475830078,base,Yes
564,1,0,0.005911069031366064,-5.495889186859131,-0.37088921666145325,base,no
565,1,1,0.5621765008857981,-1.1082054376602173,-1.3582054376602173,base,Yes
566,1,0,0.03308597457504463,-3.995640277862549,-0.6206401586532593,base,no
567,1,0,0.002472623266896334,-6.237142086029053,-0.23714213073253632,base,no
568,1,0,0.18242550602671442,-2.024296283721924,-0.5242961645126343,base,no
569,1,0,0.008577486174021013,-5.120081901550293,-0.37008199095726013,base,no
570,1,0,0.0024726235976810437,-6.4929046630859375,-0.4929048418998718,base,no
571,1,0,0.20181323186177208,-2.023530960083008,-0.6485310196876526,base,no
572,1,0,0.06008664344151498,-3.2269601821899414,-0.47696006298065186,base,no
573,1,0,0.10669059394565118,-2.730774402618408,-0.6057744026184082,base,no
574,1,0,0.014063626216776943,-4.4211883544921875,-0.17118829488754272,base,no
575,1,0,0.18242553269617778,-2.2138681411743164,-0.7138682007789612,base,No
576,1,0,0.0008040860792954051,-7.827733516693115,-0.7027336955070496,base,no
577,1,0,0.0009110513029074721,-7.354288101196289,-0.3542882204055786,base,no
578,1,0,0.04208772791561884,-3.802381992340088,-0.6773819923400879,base,No
579,1,0,0.053403329799824234,-3.4550468921661377,-0.5800468921661377,base,no
580,1,0,0.06754669864792355,-3.091614246368408,-0.46661436557769775,base,no
581,1,1,0.6513548646660542,-0.9610919952392578,-1.5860919952392578,base,yes
582,1,0,0.24508501313237172,-1.7997972965240479,-0.6747972965240479,base,no
583,1,0,0.34864513533394575,-1.602495551109314,-0.977495551109314,base,no
584,1,1,0.5312093733737563,-1.0007578134536743,-1.1257578134536743,base,Yes
585,1,0,0.00970847504884346,-5.123239994049072,-0.4982398450374603,base,no
586,1,1,0.7981867585368343,-0.8530360460281372,-2.2280359268188477,base,Yes
587,1,0,0.16451645470385742,-2.1709113121032715,-0.5459112524986267,base,no
588,1,0,0.1329642264548166,-2.578711986541748,-0.7037118673324585,base,no
589,1,0,0.015906392644828796,-4.783574104309082,-0.6585741639137268,base,no
590,1,0,0.0019267346346722098,-6.4829607009887695,-0.23296068608760834,base,no
591,1,0,0.0015011825917737032,-6.686107635498047,-0.18610785901546478,base,no
592,1,1,0.8933094060543487,-0.6311533451080322,-2.7561533451080322,base,yes
593,1,0,0.00020342701442338832,-8.8585205078125,-0.3585206866264343,base,no
594,1,0,0.4073333856566001,-1.305276870727539,-0.9302768111228943,base,no
595,1,0,0.002472623266896334,-6.196985721588135,-0.19698576629161835,base,no
596,1,0,0.0015011820780507757,-6.9786152839660645,-0.4786151647567749,base,no
597,1,0,0.05340333130637379,-3.369760751724243,-0.49476078152656555,base,no
598,1,0,0.005911068505999277,-5.461341381072998,-0.33634132146835327,base,no
599,1,0,0.00407013783670198,-5.985987663269043,-0.48598769307136536,base,no
600,1,1,0.5926665855647394,-0.940498411655426,-1.3154983520507812,base,Yes
601,1,0,0.2942149597859341,-1.7425718307495117,-0.8675717711448669,base,No
602,1,0,0.0017007225126338423,-6.962578296661377,-0.5875783562660217,base,no
603,1,0,0.0021827160558970152,-6.415280818939209,-0.29028064012527466,base,no
604,1,0,0.0046095727947164525,-5.572129726409912,-0.19712986052036285,base,no
605,1,0,0.0021827166076152705,-6.333466053009033,-0.20846612751483917,base,no
606,1,0,0.1645164792819756,-2.383511543273926,-0.7585116624832153,base,no
607,1,0,0.014063626630011202,-4.630152702331543,-0.3801526725292206,base,no
608,1,0,0.004070137232672753,-5.994236946105957,-0.4942368268966675,base,No
609,1,0,0.13296424706933604,-2.5246989727020264,-0.6496990323066711,base,no
610,1,0,0.46879062662624377,-1.2709275484085083,-1.1459275484085083,base,no
611,1,0,0.015906392644828796,-4.67558479309082,-0.5505848526954651,base,no
612,1,0,0.009708474475791274,-5.037760257720947,-0.41276004910469055,base,no
613,1,0,0.0028009276122335546,-5.982080936431885,-0.10708116739988327,base,no
614,1,0,0.0015011824354232285,-6.857878684997559,-0.35787880420684814,base,no
615,1,0,0.20181321265898594,-1.9635534286499023,-0.5885533690452576,base,no
616,1,0,0.0017007220572403947,-6.542937278747559,-0.16793707013130188,base,no
617,1,0,0.14804721306746543,-2.368537425994873,-0.6185375452041626,base,no
618,1,0,0.08509904500702024,-3.141014575958252,-0.766014575958252,base,no
619,1,0,0.0046095728630878175,-5.667300224304199,-0.29230037331581116,base,no
620,1,0,0.0006263342886910823,-7.810542583465576,-0.4355427920818329,base,no
621,1,1,0.6513548646660542,-0.7991371154785156,-1.4241371154785156,base,Yes
622,1,1,0.6513548511303336,-0.848572313785553,-1.4735722541809082,base,Yes
623,1,1,0.5926665999540697,-1.0426959991455078,-1.4176959991455078,base,Yes
624,1,0,0.01098694327827096,-4.902851581573486,-0.4028516411781311,base,no
625,1,0,0.11920292202211755,-2.69736647605896,-0.69736647605896,base,no
626,1,0,0.007577241267860811,-5.206223487854004,-0.3312234878540039,base,no
627,1,0,0.03732688306051187,-3.462355613708496,-0.21235549449920654,base,no
628,1,0,0.00023050670138898422,-8.777379989624023,-0.4023799002170563,base,no
629,1,0,0.02595736171885236,-4.13116979598999,-0.5061699748039246,base,no
630,1,0,0.01590639217832175,-4.619961261749268,-0.49496129155158997,base,no
631,1,0,0.0015011819887076757,-6.982602119445801,-0.48260194063186646,base,no
632,1,0,0.004070138078313694,-5.899659156799316,-0.39965924620628357,base,no
633,1,0,0.10669058826486906,-2.6992506980895996,-0.5742506384849548,base,no
634,1,1,0.6513548646660542,-0.893010139465332,-1.518010139465332,base,Yes
635,1,0,0.007577242612510723,-5.427640438079834,-0.5526406168937683,base,no
636,1,0,0.1329642436335826,-2.3129396438598633,-0.43793967366218567,base,no
637,1,0,0.22270012850745968,-1.9991190433502197,-0.749118983745575,base,no
638,1,0,0.18242553269617778,-2.280031204223633,-0.7800312638282776,base,No
639,1,0,0.1329642264548166,-2.4042410850524902,-0.5292409658432007,base,no
640,1,1,0.5926665999540697,-0.8948765993118286,-1.2698765993118286,base,Yes
641,1,0,0.004609571358918011,-5.826631546020508,-0.4516313672065735,base,no
642,1,0,0.06754669864792355,-3.154130458831787,-0.5291305780410767,base,no
643,1,0,0.08509904500702024,-2.7923285961151123,-0.4173285961151123,base,no
644,1,1,0.6224593171945417,-0.9361482262611389,-1.4361481666564941,base,Yes
645,1,0,0.0059110693816106135,-5.571382522583008,-0.446382611989975,base,no
646,1,1,0.5926665999540697,-0.9424091577529907,-1.3174091577529907,base,Yes
647,1,0,0.07585818628900447,-2.9783143997192383,-0.47831448912620544,base,no
648,1,0,0.37754066879814546,-1.3642202615737915,-0.8642202615737915,base,no
649,1,0,0.2689414213699951,-1.7941880226135254,-0.7941880226135254,base,no
650,1,0,0.0011695103172755556,-6.980637550354004,-0.2306375950574875,base,no
651,1,0,0.2689414213699951,-1.7091792821884155,-0.7091792821884155,base,no
652,1,0,0.37754066879814546,-1.336208462715149,-0.8362084627151489,base,no
653,1,0,0.24508501313237172,-1.7879616022109985,-0.6629616022109985,base,no
654,1,0,0.07585818419975078,-3.154165744781494,-0.6541658043861389,base,No
655,1,0,0.012431651584958318,-4.67864990234375,-0.3036499619483948,base,no
656,1,1,0.5621765008857981,-1.021207332611084,-1.271207332611084,base,yes
657,1,0,0.005911067805510302,-5.662423610687256,-0.5374234318733215,base,no
658,1,0,0.0031726822769652645,-6.112072467803955,-0.36207228899002075,base,no
659,1,0,0.1824255415859996,-2.302074909210205,-0.8020750284194946,base,No
660,1,1,0.5926665999540697,-0.5743529200553894,-0.9493529200553894,base,yes
661,1,0,0.00522012615783771,-5.576323509216309,-0.32632359862327576,base,no
662,1,0,0.46879062662624377,-1.1795142889022827,-1.0545142889022827,base,no
663,1,0,0.007577242612510723,-5.420856475830078,-0.5458566546440125,base,no
664,1,0,0.0007096705681791412,-7.574824333190918,-0.32482457160949707,base,no
665,1,0,0.008577487187766488,-5.1576128005981445,-0.40761300921440125,base,no
666,1,0,0.010986940039882433,-5.152704238891602,-0.6527040004730225,base,No
667,1,0,0.004070136870255261,-5.861950397491455,-0.36195018887519836,base,no
668,1,0,0.2689414330889798,-1.717402458190918,-0.7174025177955627,base,no
669,1,0,0.11920291576401235,-2.635084629058838,-0.6350845694541931,base,No
670,1,0,0.01590639474411069,-4.317152976989746,-0.1921531707048416,base,no
671,1,0,0.37754066879814546,-1.141484022140503,-0.6414840221405029,base,no
672,1,0,0.00020342700836202424,-8.528677940368652,-0.028678089380264282,base,no
673,1,0,0.00048785722450755167,-7.757288455963135,-0.13228866457939148,base,no
674,1,0,0.0293122256635596,-4.067291736602783,-0.5672915577888489,base,no
675,1,0,0.02931223244728875,-3.9696335792541504,-0.46963363885879517,base,no
676,1,0,0.3486451217982255,-1.5102734565734863,-0.8852733969688416,base,no
677,1,0,0.0011695103346822365,-7.1047797203063965,-0.35477977991104126,base,no
678,1,0,0.06008664344151498,-2.840886116027832,-0.09088599681854248,base,no
679,1,0,0.0046095710854326425,-6.086797714233398,-0.7117974758148193,base,no
680,1,0,0.0159063879797589,-4.7320709228515625,-0.6070706844329834,base,no
681,1,0,0.0008040857919630916,-7.484864711761475,-0.3598645329475403,base,no
682,1,0,0.2689414213699951,-1.7602320909500122,-0.7602320909500122,base,no
683,1,0,0.08509903804604459,-2.801706314086914,-0.4267062246799469,base,no
684,1,0,0.0017007225632331216,-6.741308689117432,-0.3663087785243988,base,no
685,1,0,0.10669059394565118,-2.7063915729522705,-0.5813915729522705,base,no
686,1,0,0.10669059394565118,-2.8113534450531006,-0.6863534450531006,base,no
687,1,1,0.5621765008857981,-0.9733980894088745,-1.2233980894088745,base,Yes
688,1,0,0.0005527787110160173,-7.732479095458984,-0.23247922956943512,base,no
689,1,0,0.13296424019782924,-2.6208207607269287,-0.7458207607269287,base,no
690,1,0,0.4378234991142019,-1.2013744115829468,-0.9513744115829468,base,No
691,1,1,0.7310585786300049,-0.7631402015686035,-1.7631402015686035,base,Yes
692,1,1,0.8175744761936437,-0.5584566593170166,-2.0584566593170166,base,Yes
693,1,0,0.005911069031366064,-5.495889186859131,-0.37088921666145325,base,no
694,1,0,0.0015011826141094868,-6.8951921463012695,-0.39519238471984863,base,no
695,1,0,0.0005527787357134919,-7.820279121398926,-0.3202793002128601,base,no
696,1,0,0.2942149845400438,-1.6476786136627197,-0.7726786732673645,base,no
697,1,0,0.0534033328129234,-3.5579428672790527,-0.6829429268836975,base,No
698,1,0,0.13296425394084313,-2.438110828399658,-0.5631109476089478,base,no
699,1,0,0.00192673483525908,-6.5125603675842285,-0.2625604569911957,base,no
700,1,0,0.005220125229279126,-5.513946533203125,-0.26394644379615784,base,no
701,1,1,0.6224593452091672,-0.9615160822868347,-1.4615161418914795,base,Yes
702,1,1,0.6513548646660542,-0.8502101898193359,-1.475210189819336,base,Yes
703,1,0,0.0373268852023206,-3.8639469146728516,-0.6139468550682068,base,no
704,1,0,0.0953494648991095,-2.809110641479492,-0.5591106414794922,base,no
705,1,0,0.0013250226143952844,-6.809127330780029,-0.18412747979164124,base,no
706,1,1,0.9046505248181417,-0.5334221124649048,-2.7834219932556152,base,Yes
707,1,1,0.5926665999540697,-1.0191370248794556,-1.3941370248794556,base,Yes
708,1,0,0.005220126312597491,-5.5423431396484375,-0.29234325885772705,base,no
709,1,0,0.017986213910014467,-4.116972923278809,-0.1169731467962265,base,no
710,1,0,0.001169510508749058,-7.03972864151001,-0.2897288501262665,base,no
711,1,0,0.025957358610626615,-3.669121503829956,-0.04412155970931053,base,no
712,1,0,0.06008665354025422,-3.381608724594116,-0.631608784198761,base,no
713,1,0,0.14804719051380197,-2.5129220485687256,-0.7629219889640808,base,No
714,1,1,0.679178699175393,-0.8493293523788452,-1.5993293523788452,base,Yes
715,1,0,0.5,-1.2225490808486938,-1.2225490808486938,base,no
716,1,0,0.017986207330143424,-4.38075590133667,-0.380755752325058,base,no
717,1,0,0.0013250221017218242,-7.163515090942383,-0.5385148525238037,base,no
718,1,0,0.1480471980316895,-2.564657211303711,-0.8146572113037109,base,no
719,1,0,0.22270012850745968,-1.9764385223388672,-0.7264384627342224,base,no
720,1,0,0.0035936025814200896,-5.795821666717529,-0.1708216667175293,base,no
721,1,0,0.006692851320539924,-5.362105846405029,-0.3621059060096741,base,no
722,1,0,0.0021827160558970152,-6.316565036773682,-0.19156485795974731,base,no
723,1,0,0.002800926967120973,-6.362151622772217,-0.4871516227722168,base,no
724,1,0,0.01243164865786858,-4.869240760803223,-0.49424058198928833,base,no
725,1,1,0.9399133464597458,-0.3444095253944397,-3.094409465789795,base,yes
726,1,0,0.32082130082460697,-1.5447380542755127,-0.7947380542755127,base,no
727,1,0,0.24508501313237172,-1.7834160327911377,-0.6584160327911377,base,no
728,1,0,0.11920292828022305,-2.489016532897949,-0.489016592502594,base,no
729,1,0,0.014063625390308462,-4.860464096069336,-0.6104639768600464,base,no
730,1,0,0.0015011819887076757,-6.763847827911377,-0.2638476490974426,base,no
731,1,0,0.04742587856304458,-3.4419384002685547,-0.44193851947784424,base,no
732,1,0,0.10669059394565118,-2.687008857727051,-0.5620088577270508,base,no
733,1,0,0.0008040857919630916,-7.4452409744262695,-0.3202407956123352,base,no
734,1,0,0.002800926759020172,-6.087061882019043,-0.212061807513237,base,no
735,1,0,0.00857748528699382,-4.985237121582031,-0.23523710668087006,base,no
736,1,0,0.1824255415859996,-2.2794981002807617,-0.7794982194900513,base,No
737,1,0,0.008577485413711986,-5.456754684448242,-0.7067546844482422,base,no
738,1,0,0.00026119026462141035,-8.50546932220459,-0.25546911358833313,base,no
739,1,0,0.00043055699154209085,-8.238729476928711,-0.4887292683124542,base,no
740,1,0,0.0159063898457867,-4.6236677169799805,-0.4986675977706909,base,No
741,1,0,0.37754066879814546,-1.061470866203308,-0.5614708662033081,base,no
742,1,1,0.5312093733737563,-1.0098183155059814,-1.1348183155059814,base,yes
743,1,0,0.00013982213814394206,-9.19329833984375,-0.3182987868785858,base,no
744,1,0,0.029312231387330967,-3.5417585372924805,-0.04175855964422226,base,no
745,1,0,0.03732688306051187,-3.7717690467834473,-0.5217689275741577,base,no
746,1,1,0.8933094003735664,-0.650074303150177,-2.7750742435455322,base,Yes
747,1,0,0.01798621417320936,-4.412973403930664,-0.41297364234924316,base,no
748,1,0,0.0019267349212248879,-6.35567569732666,-0.1056758314371109,base,no
749,1,0,0.003593603321740466,-5.644058704376221,-0.019058911129832268,base,no
750,1,0,0.0021827164128911643,-6.291522026062012,-0.16652201116085052,base,no
751,1,1,0.6224593312018546,-0.9317288398742676,-1.4317288398742676,base,Yes
752,1,0,0.0002034269538097556,-8.78482437133789,-0.2848242521286011,base,no
753,1,0,0.4073334000459302,-1.3761003017425537,-1.0011003017425537,base,no
754,1,0,0.053403329799824234,-3.6376914978027344,-0.7626914978027344,base,no
755,1,1,0.6224593171945417,-0.8836069703102112,-1.3836069107055664,base,Yes
756,1,0,0.007577241043752515,-5.1441497802734375,-0.2691497504711151,base,no
757,1,0,0.020332351858581475,-3.9075253009796143,-0.03252522647380829,base,no
758,1,0,0.26894141551050293,-1.3822722434997559,-0.38227221369743347,base,no
759,1,0,0.005911068681121534,-5.622679233551025,-0.497679203748703,base,no
760,1,0,0.004070136870255261,-5.861950397491455,-0.36195018887519836,base,no
761,1,0,0.11920292202211755,-2.4862236976623535,-0.4862236976623535,base,no
762,1,0,0.34864513533394575,-1.5410276651382446,-0.9160276651382446,base,no
763,1,0,0.5,-1.194612979888916,-1.194612979888916,base,no
764,1,0,0.009708474475791274,-5.03528356552124,-0.4102833569049835,base,no
765,1,0,0.0017007224620345643,-6.664127826690674,-0.2891278564929962,base,no
766,1,0,0.20181321265898594,-2.0974042415618896,-0.7224041819572449,base,No
767,1,0,0.006692851320539924,-5.17460823059082,-0.1746082901954651,base,no
768,1,0,0.37754066879814546,-1.46142578125,-0.96142578125,base,no
769,1,1,0.5312093733737563,-1.0333489179611206,-1.1583489179611206,base,yes
770,1,0,0.0373268852023206,-3.6893999576568604,-0.4393998980522156,base,no
771,1,1,0.7310585669110203,-0.838050901889801,-1.8380508422851562,base,Yes
772,1,0,0.0031726831016818556,-5.7828826904296875,-0.032882772386074066,base,no
773,1,0,0.005911068330877026,-5.448108673095703,-0.32310858368873596,base,no
774,1,1,0.5621765008857981,-1.0506768226623535,-1.3006768226623535,base,Yes
775,1,0,0.004070137232672753,-6.088055610656738,-0.5880554914474487,base,no
776,1,1,0.974042642048694,-0.34264639019966125,-3.967646360397339,base,yes
777,1,0,0.0003799845600323388,-8.194459915161133,-0.31946003437042236,base,no
778,1,0,0.20181320305759334,-2.2059826850891113,-0.8309825658798218,base,no
779,1,1,0.6224593312018546,-0.9954953193664551,-1.495495319366455,base,Yes
780,1,0,0.015906388912772775,-4.192959308624268,-0.06795912981033325,base,no
781,1,0,0.1329642333263228,-2.5110514163970947,-0.63605135679245,base,No
782,1,0,0.00669284961169011,-5.01003360748291,-0.010033410042524338,base,no
783,1,0,0.004070137323277132,-5.621379852294922,-0.12137975543737411,base,no
784,1,0,8.481103666887762e-05,-9.519454956054688,-0.14445489645004272,base,no
785,1,0,0.002800926800640331,-6.41458797454834,-0.5395879149436951,base,no
786,1,0,0.02595736021183377,-4.146222114562988,-0.5212222337722778,base,no
787,1,0,0.1329642264548166,-2.5709495544433594,-0.6959494352340698,base,no
788,1,0,0.0006263342886910823,-7.630948543548584,-0.2559487521648407,base,no
789,1,0,0.0019267348925696179,-6.542208671569824,-0.29220879077911377,base,no
790,1,0,0.002800926384438769,-6.313268661499023,-0.4382684528827667,base,no
791,1,0,0.34864513533394575,-1.4471287727355957,-0.8221287727355957,base,no
792,1,0,0.02033235096813516,-4.554537773132324,-0.6795376539230347,base,no
793,1,0,0.02595736021183377,-4.146222114562988,-0.5212222337722778,base,no
794,1,0,0.0010322311750449035,-7.084771633148193,-0.2097717672586441,base,no
795,1,1,0.5926665855647394,-0.7824442982673645,-1.1574442386627197,base,yes
796,1,0,0.002472622862603971,-6.395557880401611,-0.3955577611923218,base,no
797,1,1,0.5926665999540697,-0.9268254041671753,-1.3018254041671753,base,Yes
798,1,1,0.6224593171945417,-0.8628407120704651,-1.3628406524658203,base,Yes
799,1,0,0.010986945221304533,-5.222405433654785,-0.7224056720733643,base,no
800,1,0,0.1480472055495773,-2.545830488204956,-0.7958305478096008,base,no
801,1,0,0.0008040857680187367,-7.5665082931518555,-0.44150808453559875,base,no
802,1,0,0.007577240147319397,-5.239707946777344,-0.3647077977657318,base,no
803,1,0,0.0850990357257195,-3.0381875038146973,-0.6631873846054077,base,No
804,1,0,0.009708477627578704,-5.269786834716797,-0.6447869539260864,base,no
805,1,0,0.000911051248654057,-7.7009758949279785,-0.7009759545326233,base,no
806,1,1,0.7057850278370112,-0.8506230115890503,-1.7256230115890503,base,Yes
807,1,0,0.0019267343767748358,-6.458172798156738,-0.20817264914512634,base,no
808,1,0,0.29421497216298875,-1.836032748222351,-0.9610327482223511,base,no
809,1,0,0.0007096702722916998,-7.537633895874023,-0.2876337170600891,base,no
810,1,0,0.015906390079040187,-4.307828903198242,-0.18282879889011383,base,no
811,1,0,0.00033535025035683324,-8.541021347045898,-0.5410217046737671,base,no
812,1,0,0.01590639171181471,-4.385923862457275,-0.2609238624572754,base,no
813,1,0,0.014063626216776943,-4.530106067657471,-0.2801060080528259,base,no
814,1,0,0.0006263340275277853,-7.506045818328857,-0.1310456097126007,base,no
815,1,0,0.2689414213699951,-1.9493170976638794,-0.9493170976638794,base,No
816,1,0,0.004609571187989654,-5.425704479217529,-0.050704263150691986,base,no
817,1,0,0.004070138138716626,-5.625794887542725,-0.12579499185085297,base,no
818,1,0,0.001169510439122326,-6.899738788604736,-0.14973893761634827,base,no
819,1,0,0.0059110695567328965,-5.452205657958984,-0.3272057771682739,base,no
820,1,1,0.9465966702001757,-0.5531532764434814,-3.4281532764434814,base,Yes
821,1,0,0.00522012615783771,-5.653054714202881,-0.403054803609848,base,no
822,1,0,0.00029595722814188495,-8.524455070495605,-0.3994554579257965,base,no
823,1,0,0.004070136960859632,-5.550159931182861,-0.050159744918346405,base,no
824,1,0,0.0675466911396291,-3.1809468269348145,-0.5559468269348145,base,no
825,1,0,0.009708475908421797,-4.953732967376709,-0.3287329077720642,base,no
826,1,0,0.00015843620626725555,-8.764859199523926,-0.01485911849886179,base,no
827,1,0,0.009708474189265195,-5.141196250915527,-0.5161960124969482,base,no
828,1,0,0.010986940363721243,-4.908115386962891,-0.4081151783466339,base,no
829,1,0,0.34864513533394575,-1.6224125623703003,-0.9974125623703003,base,No
830,1,1,0.7772998611746911,-0.6982693672180176,-1.9482693672180176,base,yes
831,1,0,0.0024726233771578993,-6.398407936096191,-0.39840802550315857,base,no
832,1,0,0.0850990357257195,-2.9063758850097656,-0.5313757658004761,base,no
833,1,0,0.002182716510253215,-6.4943671226501465,-0.36936715245246887,base,no
834,1,0,0.13296425222296632,-2.048081636428833,-0.17308174073696136,base,no
835,1,0,0.00029595715760107484,-8.44316291809082,-0.31816306710243225,base,no
836,1,0,0.007577241940185738,-5.274021148681641,-0.3990212380886078,base,no
837,1,0,0.0006263342700365574,-7.407423496246338,-0.03242367506027222,base,no
838,1,0,0.001032231082851512,-7.082892417907715,-0.20789246261119843,base,no
839,1,0,0.0031726822769652645,-6.009507179260254,-0.2595070004463196,base,no
840,1,0,0.4073334000459302,-1.2514454126358032,-0.8764454126358032,base,no
841,1,0,0.00012339451899288193,-9.229622840881348,-0.22962237894535065,base,no
842,1,0,0.042087725512577126,-3.610025644302368,-0.4850255846977234,base,no
843,1,0,0.01590639217832175,-4.469956398010254,-0.3449564278125763,base,no
844,1,0,0.0017007227118685138,-6.392570495605469,-0.017570672556757927,base,no
845,1,0,0.002182716380437148,-6.273611545562744,-0.14861151576042175,base,no
846,1,0,2.7535689473373624e-05,-10.663853645324707,-0.16385358572006226,base,no
847,1,0,0.0850990542883219,-2.941249370574951,-0.5662494897842407,base,no
848,1,0,0.34864513533394575,-1.5856053829193115,-0.9606053829193115,base,no
849,1,0,0.009708478200631072,-5.220852375030518,-0.5958525538444519,base,no
850,1,0,8.48110480419601e-05,-9.580415725708008,-0.20541580021381378,base,no
851,1,0,0.005911070257222078,-5.7083845138549805,-0.5833847522735596,base,no
852,1,0,0.2689414213699951,-1.4506646394729614,-0.4506646394729614,base,no
853,1,0,0.0013250222594674832,-6.775930404663086,-0.1509302854537964,base,no
854,1,0,0.02595735945832451,-3.8831238746643066,-0.2581239640712738,base,no
855,1,1,0.679178699175393,-0.8555760383605957,-1.6055760383605957,base,Yes
856,1,0,0.0010322310982170768,-7.232081890106201,-0.35708194971084595,base,no
857,1,0,0.007577240595535943,-5.278327941894531,-0.4033278524875641,base,no
858,1,0,0.001325022621789615,-6.637961387634277,-0.01296154223382473,base,no
859,1,1,0.5621765008857981,-1.0826306343078613,-1.3326306343078613,base,Yes
860,1,0,0.0373268852023206,-3.9270238876342773,-0.6770238280296326,base,no
861,1,0,0.009708475371185328,-4.660148620605469,-0.0351485051214695,base,no
862,1,1,0.8175744761936437,-0.8420395851135254,-2.3420395851135254,base,Yes
863,1,0,0.0021827164453451808,-6.4146904945373535,-0.2896904945373535,base,no
864,1,0,0.005220126622117065,-5.690032958984375,-0.4400331377983093,base,no
865,1,1,0.8519527869325346,-0.7880836725234985,-2.538083553314209,base,Yes
866,1,0,0.11920292828022305,-2.7517354488372803,-0.751735508441925,base,no
867,1,0,0.01406362456384003,-4.8022966384887695,-0.5522964596748352,base,No
868,1,0,0.04742587452393617,-3.4289498329162598,-0.42894986271858215,base,no
869,1,0,0.002472622642080892,-6.3209547996521,-0.3209545910358429,base,no
870,1,0,0.34864513533394575,-1.6032898426055908,-0.9782898426055908,base,no
871,1,0,0.2689414330889798,-1.7037100791931152,-0.70371013879776,base,no
872,1,0,0.0013250221017218242,-6.884193420410156,-0.25919318199157715,base,no
873,1,0,0.0013250224960860068,-6.810732841491699,-0.185732901096344,base,no
874,1,0,0.02595736171885236,-4.0887227058410645,-0.4637228846549988,base,no
875,1,1,0.8933094060543487,-0.5290849208831787,-2.6540849208831787,base,Yes
876,1,0,0.009708477054526368,-5.113905429840088,-0.48890548944473267,base,no
877,1,0,0.04208772491181671,-3.2057559490203857,-0.08075587451457977,base,no
878,1,0,0.004070138078313694,-5.779861927032471,-0.27986201643943787,base,no
879,1,0,0.09534947004048376,-2.734584331512451,-0.48458439111709595,base,no
880,1,0,0.08509904268669496,-2.794567584991455,-0.4195675551891327,base,no
881,1,0,0.0013250222865800203,-6.651616096496582,-0.026615997776389122,base,no
882,1,1,0.6513548646660542,-0.8725709915161133,-1.4975709915161133,base,Yes
883,1,0,0.02033235096813516,-4.4347147941589355,-0.559714674949646,base,no
884,1,0,0.002472622642080892,-6.259984016418457,-0.2599838078022003,base,no
885,1,0,0.0011695100213620223,-7.036956787109375,-0.2869565784931183,base,no
886,1,0,0.004070138561537168,-5.8618903160095215,-0.3618905246257782,base,no
887,1,0,0.010986940039882433,-4.912233352661133,-0.4122331142425537,base,no
888,1,0,0.32082130082460697,-1.6396315097808838,-0.8896315097808838,base,no
889,1,0,0.24508502416032488,-1.9886763095855713,-0.8636763691902161,base,no
890,1,0,0.10669059394565118,-2.8454794883728027,-0.7204794883728027,base,No
891,1,0,0.005220125229279126,-5.54425048828125,-0.29425039887428284,base,no
892,1,0,0.001032230913830316,-7.540705680847168,-0.6657055616378784,base,no
893,1,1,0.5926665999540697,-0.9765576124191284,-1.3515576124191284,base,Yes
894,1,0,0.009708476194947928,-5.119657516479492,-0.4946574866771698,base,No
895,1,0,0.06754669489377622,-3.328888416290283,-0.703888475894928,base,no
896,1,0,0.0059110681010290786,-5.155117988586426,-0.030117860063910484,base,no
897,1,0,0.0011695103694955987,-7.1860270500183105,-0.4360271394252777,base,no
898,1,0,0.002472623303650189,-6.543102264404297,-0.5431023240089417,base,no
899,1,0,0.04208773272170267,-3.875959873199463,-0.7509599924087524,base,no
900,1,0,0.06754669677084987,-3.089763641357422,-0.46476373076438904,base,no
901,1,0,0.16451645470385742,-2.2783567905426025,-0.6533567309379578,base,no
902,1,0,0.03308598220236406,-3.8799962997436523,-0.5049964189529419,base,no
903,1,1,0.754914997895581,-0.67214435338974,-1.7971444129943848,base,yes
904,1,0,0.0009110513435975354,-7.233433246612549,-0.23343341052532196,base,no
905,1,0,0.003172683449241054,-5.763739109039307,-0.013739300891757011,base,no
906,1,1,0.8933093946927838,-0.724220871925354,-2.8492207527160645,base,yes
907,1,0,0.0010322308830991924,-7.235972881317139,-0.36097273230552673,base,no
908,1,0,0.32082130082460697,-1.4747971296310425,-0.7247971296310425,base,no
909,1,1,0.6513548646660542,-0.8469487428665161,-1.4719487428665161,base,Yes
910,1,0,0.06754668738548215,-3.013892650604248,-0.38889259099960327,base,no
911,1,0,0.02931223244728875,-3.965283155441284,-0.46528321504592896,base,no
912,1,0,0.020332356904444657,-4.292164325714111,-0.41716450452804565,base,no
913,1,0,0.22270011818961086,-2.0616278648376465,-0.8116277456283569,base,no
914,1,0,0.02297736522671412,-4.172740936279297,-0.42274072766304016,base,no
915,1,0,0.010986941659076578,-4.865005016326904,-0.36500492691993713,base,no
916,1,0,0.0007096702617242935,-7.457485198974609,-0.20748500525951385,base,no
917,1,0,0.24508500210441886,-1.910094976425171,-0.7850949168205261,base,No
918,1,0,0.2689414213699951,-1.6993911266326904,-0.6993911266326904,base,no
919,1,0,0.0675466911396291,-3.188643455505371,-0.5636434555053711,base,no
920,1,1,0.5621765008857981,-1.059035062789917,-1.309035062789917,base,Yes
921,1,0,0.0002305067769375634,-9.019231796264648,-0.6442320346832275,base,no
922,1,0,0.025957354183760273,-4.261509895324707,-0.6365097761154175,base,No
923,1,0,0.18242551491653522,-2.2420153617858887,-0.7420153021812439,base,No
924,1,0,0.08509904036636974,-2.9454259872436523,-0.5704259276390076,base,No
925,1,0,0.002472623303650189,-6.713478088378906,-0.713478147983551,base,no
926,1,0,0.4073334000459302,-1.382847785949707,-1.007847785949707,base,no
927,1,0,0.1824255415859996,-2.125305652618408,-0.6253057718276978,base,no
928,1,1,0.5312093733737563,-1.0625015497207642,-1.1875015497207642,base,Yes
929,1,0,0.07585818419975078,-2.64619779586792,-0.1461978554725647,base,no
930,1,0,0.002800926967120973,-6.135087490081787,-0.2600874900817871,base,no
931,1,0,0.0010322308216369478,-7.1668701171875,-0.2918699085712433,base,no
932,1,0,0.01243165231673086,-4.831895351409912,-0.45689547061920166,base,no
933,1,0,0.20181323186177208,-2.0625033378601074,-0.6875033974647522,base,no
934,1,0,0.34864513533394575,-1.4379786252975464,-0.8129786252975464,base,no
935,1,0,0.0028009269255008114,-6.107494354248047,-0.23249433934688568,base,no
936,1,0,0.16451644651115205,-2.1375865936279297,-0.5125864744186401,base,no
937,1,0,0.0013250222594674832,-7.023501873016357,-0.39850175380706787,base,no
938,1,0,0.0003799846392731819,-8.106374740600586,-0.2313750684261322,base,no
939,1,0,0.0007096704836398597,-7.783339500427246,-0.5333396196365356,base,no
940,1,0,2.7535702141464657e-05,-10.518577575683594,-0.018577976152300835,base,no
941,1,0,0.01798620890931226,-4.463527679443359,-0.4635276198387146,base,no
942,1,0,0.14804719427274565,-2.200416088104248,-0.45041605830192566,base,no
943,1,0,0.0008040859835179557,-7.479842662811279,-0.3548427224159241,base,no
944,1,0,0.0675466911396291,-2.9948604106903076,-0.3698604106903076,base,No
945,1,0,0.2942149845400438,-1.5842339992523193,-0.7092340588569641,base,no
946,1,0,0.4073334000459302,-1.3843380212783813,-1.0093380212783813,base,no
947,1,0,0.014063628696182679,-4.660872936248779,-0.41087305545806885,base,no
948,1,1,0.7772998611746911,-0.7142282724380493,-1.9642282724380493,base,Yes
949,1,1,0.5312093733737563,-1.160990834236145,-1.285990834236145,base,Yes
950,1,1,0.7772998508568416,-0.6760874390602112,-1.9260873794555664,base,Yes
951,1,0,0.06754669864792355,-3.130506992340088,-0.5055071115493774,base,no
952,1,1,0.9241418158002492,-0.47332412004470825,-2.9733240604400635,base,Yes
953,1,1,0.5926665999540697,-1.0656474828720093,-1.4406474828720093,base,Yes
954,1,0,0.02595735569077852,-4.1382060050964355,-0.5132059454917908,base,no
955,1,0,0.002472623119880922,-6.209941387176514,-0.20994137227535248,base,no
956,1,0,0.02931223244728875,-4.0175652503967285,-0.5175653100013733,base,no
957,1,0,0.0028009266341596987,-6.36208963394165,-0.48708951473236084,base,No
958,1,0,0.1480472055495773,-2.312077760696411,-0.5620778203010559,base,no
959,1,0,0.025957358328060655,-3.836998224258423,-0.21199826896190643,base,no
960,1,0,0.014063627869714051,-4.701758861541748,-0.4517589211463928,base,no
961,1,1,0.6224593312018546,-1.0015678405761719,-1.5015678405761719,base,yes
962,1,0,0.007577239474994629,-5.226262092590332,-0.35126185417175293,base,no
963,1,0,0.0015011825722298932,-6.52392053604126,-0.02392074652016163,base,no
964,1,0,0.00013982213397750035,-9.106035232543945,-0.23103564977645874,base,no
965,1,0,0.46879062662624377,-0.8835718631744385,-0.7585718631744385,base,no
966,1,0,0.5,-1.085264801979065,-1.085264801979065,base,No
967,1,0,0.03308597576681317,-3.429248571395874,-0.05424848943948746,base,no
968,1,0,0.00043055704284638804,-8.186393737792969,-0.4363936483860016,base,no
969,1,0,0.008577486680893736,-5.088642120361328,-0.33864226937294006,base,no
970,1,0,0.007577239699102878,-5.280734539031982,-0.4057343304157257,base,no
971,1,1,0.754914975839675,-0.7504282593727112,-1.8754281997680664,base,Yes
972,1,0,0.2018132270610754,-1.6508876085281372,-0.2758876383304596,base,no
973,1,0,0.0011695099865486702,-7.238605499267578,-0.488605260848999,base,no
974,1,0,0.022977365895758564,-4.215832710266113,-0.46583253145217896,base,no
975,1,0,0.1480471829959148,-2.345402240753174,-0.5954021215438843,base,no
976,1,0,0.0006263341954184638,-7.776378631591797,-0.40137869119644165,base,no
977,1,0,0.22270014914315833,-1.9561612606048584,-0.7061613202095032,base,no
978,1,0,0.03308597552845946,-3.7732489109039307,-0.3982488214969635,base,no
979,1,0,0.012431651950844584,-4.785609245300293,-0.41060933470726013,base,no
980,1,0,0.029312230751356316,-3.794522523880005,-0.2945225238800049,base,no
981,1,0,0.0474258704848281,-3.767822504043579,-0.7678224444389343,base,no
982,1,0,0.002472622825850124,-6.233471870422363,-0.23347173631191254,base,no
983,1,0,0.0075772430607274135,-5.318456649780273,-0.44345688819885254,base,no
984,1,0,0.01243164902375476,-4.651642799377441,-0.27664265036582947,base,no
985,1,0,0.0013250224172131609,-6.885435581207275,-0.2604355812072754,base,no
986,1,1,0.5312093733737563,-1.0668087005615234,-1.1918087005615234,base,Yes
987,1,1,0.6224593312018546,-0.9219204187393188,-1.4219204187393188,base,Yes
988,1,0,0.007577240931698369,-5.118475914001465,-0.24347586929798126,base,no
989,1,0,0.008577486158181243,-4.767256736755371,-0.017256824299693108,base,no
990,1,0,0.0028009266341596987,-6.5241289138793945,-0.649128794670105,base,no
991,1,1,0.5621765008857981,-1.0436686277389526,-1.2936686277389526,base,Yes
992,1,0,0.32082130082460697,-1.6031132936477661,-0.8531132936477661,base,no
993,1,0,0.06754668363133542,-3.3397789001464844,-0.7147787809371948,base,no
994,1,0,0.0005527787274810003,-7.663535118103027,-0.16353528201580048,base,no
995,1,0,0.002182716867247439,-6.3625383377075195,-0.23753853142261505,base,no
996,1,0,0.00218271670497733,-6.834407806396484,-0.7094079256057739,base,no
997,1,0,0.004609572589602362,-5.5201263427734375,-0.14512643218040466,base,no
998,1,0,0.0006263342443865867,-7.395419597625732,-0.020419735461473465,base,no
999,1,0,0.0046095724528596406,-5.780039310455322,-0.40503937005996704,base,no
1000,1,0,0.017986206803753842,-4.556391716003418,-0.5563915371894836,base,No
1001,1,0,0.24508501864634827,-1.4548065662384033,-0.3298065960407257,base,no
1002,1,0,0.04742587587030561,-3.333875894546509,-0.33387595415115356,base,no
1003,1,0,0.010986945221304533,-4.902535438537598,-0.40253567695617676,base,no
1004,1,1,0.9046505376715775,-0.34603258967399597,-2.5960326194763184,base,yes
1005,1,0,0.020332356904444657,-4.534902095794678,-0.6599022746086121,base,no
1006,1,0,0.34864513533394575,-1.5073004961013794,-0.8823004961013794,base,no
1007,1,0,0.0010322310674859476,-7.309786319732666,-0.4347863495349884,base,no
1008,1,0,0.08509904500702024,-2.774968385696411,-0.39996838569641113,base,no
1009,1,1,0.7772998508568416,-0.5306771397590637,-1.780677080154419,base,yes
1010,1,0,0.08509904500702024,-3.0758607387542725,-0.7008607387542725,base,no
1011,1,0,0.006692849537392301,-5.308922290802002,-0.30892208218574524,base,no
1012,1,1,0.8175744673038221,-0.8387218117713928,-2.338721752166748,base,Yes
1013,1,0,0.03308597552845946,-3.843414306640625,-0.46841421723365784,base,no
1014,1,0,0.16451644651115205,-2.1370248794555664,-0.5120247602462769,base,no
1015,1,0,0.060086648490884395,-2.9348955154418945,-0.18489548563957214,base,no
1016,1,0,0.01098694327827096,-4.902479648590088,-0.40247970819473267,base,no
1017,1,0,0.1329642264548166,-2.4515838623046875,-0.576583743095398,base,No
1018,1,0,0.0028009275706133837,-5.959309101104736,-0.08430931717157364,base,no
1019,1,1,0.7310585903489892,-0.6346632838249207,-1.6346633434295654,base,Yes
1020,1,0,0.03732688948593843,-3.620698928833008,-0.3706989884376526,base,no
1021,1,1,0.7310585786300049,-0.7881816625595093,-1.7881816625595093,base,yes
1022,1,0,0.46879062662624377,-1.1772010326385498,-1.0522010326385498,base,no
1023,1,0,0.02297737258620403,-4.465571880340576,-0.7155719995498657,base,no
1024,1,0,0.08509904964767095,-3.1519973278045654,-0.7769973874092102,base,no
1025,1,0,0.46879062662624377,-1.241260290145874,-1.116260290145874,base,no
1026,1,0,0.4073334000459302,-1.459195852279663,-1.084195852279663,base,no
1027,1,0,0.002182716932155486,-6.299900054931641,-0.17490027844905853,base,no
1028,1,0,0.10669059394565118,-2.804445505142212,-0.6794455051422119,base,No
1029,1,0,0.0017007220066411306,-6.862712860107422,-0.4877126216888428,base,no
1030,1,0,0.004070137293075673,-5.716781139373779,-0.21678103506565094,base,no
1031,1,0,0.0011695104739356916,-7.452117443084717,-0.7021176218986511,base,no
1032,1,0,0.0004878569483961112,-8.15667724609375,-0.5316768884658813,base,no
1033,1,0,0.007577241267860811,-5.525792598724365,-0.6507925987243652,base,no
1034,1,0,0.00407013783670198,-5.532919883728027,-0.03291991353034973,base,no
1035,1,0,0.0040701384407312935,-5.859481334686279,-0.3594815135002136,base,no
1036,1,0,0.0031726835022585624,-6.114113807678223,-0.36411401629447937,base,no
1037,1,1,0.9465966732132748,-0.6253361105918884,-3.500336170196533,base,yes
1038,1,1,0.754914997895581,-0.8027891516685486,-1.9277892112731934,base,Yes
1039,1,1,0.7772998508568416,-0.6880510449409485,-1.9380509853363037,base,Yes
1040,1,0,0.1480472055495773,-2.2389867305755615,-0.4889867901802063,base,no
1041,1,0,0.017986210718776718,-4.029873371124268,-0.02987341396510601,base,no
1042,1,0,0.007577240595535943,-5.325681209564209,-0.4506811201572418,base,no
1043,1,1,0.9046505299595163,-0.6137202382087708,-2.863720178604126,base,Yes
1044,1,0,0.01590639031229368,-4.366397380828857,-0.24139729142189026,base,no
1045,1,0,0.0009110511944006454,-7.357994556427002,-0.35799455642700195,base,no
1046,1,0,0.0017007226138324027,-7.0172271728515625,-0.642227292060852,base,no
1047,1,0,0.0028009265509193865,-6.1717610359191895,-0.2967608869075775,base,no
1048,1,1,0.7310585786300049,-0.8149292469024658,-1.8149292469024658,base,yes
1049,1,0,0.022977371917159397,-4.135578632354736,-0.3855787217617035,base,no
1050,1,0,0.0675466911396291,-3.39058256149292,-0.7655825614929199,base,no
1051,1,0,0.0028009270919814614,-6.085732460021973,-0.21073250472545624,base,no
1052,1,0,0.0021827168347934166,-6.524137020111084,-0.3991371989250183,base,no
1053,1,0,0.0006263341208003788,-7.7078857421875,-0.3328856825828552,base,no
1054,1,1,0.5621765008857981,-1.1000213623046875,-1.3500213623046875,base,Yes
1055,1,0,0.0006263340834913398,-7.9098711013793945,-0.534870982170105,base,no
1056,1,0,0.0004878569629282883,-8.022016525268555,-0.3970161974430084,base,no
1057,1,0,0.2689414213699951,-1.9041049480438232,-0.9041049480438232,base,no
1058,1,0,0.0015011825247663551,-6.650151252746582,-0.15015143156051636,base,no
1059,1,0,0.0015011825247663551,-6.7585978507995605,-0.2585980296134949,base,no
1060,1,0,0.025957353430251177,-4.003916263580322,-0.3789161145687103,base,no
1061,1,0,0.3208212878370535,-1.6680097579956055,-0.9180096983909607,base,No
1062,1,0,0.02297737526238275,-4.263728141784668,-0.5137283802032471,base,no
1063,1,0,0.0011695102650555148,-7.238552093505859,-0.4885520935058594,base,no
1064,1,0,0.02033235601399812,-4.115427494049072,-0.240427628159523,base,no
1065,1,0,0.005220125074519377,-5.852424144744873,-0.6024240255355835,base,no
1066,1,0,0.017986209962091555,-4.181047439575195,-0.1810474395751953,base,no
1067,1,0,0.00033535008051217613,-8.322973251342773,-0.3229731023311615,base,no
1068,1,0,0.007577241716077422,-5.215646743774414,-0.34064680337905884,base,no
1069,1,0,0.060086646807761206,-3.3514726161956787,-0.6014725565910339,base,no
1070,1,0,0.0028009263428186164,-6.01003360748291,-0.13503338396549225,base,no
1071,1,0,0.017986213120429816,-4.654005527496338,-0.6540057063102722,base,no
1072,1,0,0.004609571632403393,-5.976104736328125,-0.6011046171188354,base,no
1073,1,0,0.0035936020478559492,-5.947632789611816,-0.32263264060020447,base,no
1074,1,1,0.5312093733737563,-1.110584020614624,-1.235584020614624,base,Yes
1075,1,0,0.1824255415859996,-2.0603866577148438,-0.5603867769241333,base,no
1076,1,0,0.007577239923211134,-5.4161176681518555,-0.5411174893379211,base,no
1077,1,1,0.6791786861878392,-0.7139490246772766,-1.4639489650726318,base,yes
1078,1,0,0.00522012445548043,-5.494348526000977,-0.24434828758239746,base,no
1079,1,0,0.006692851122412387,-5.016589641571045,-0.01658967137336731,base,no
1080,1,0,0.0009110511672739408,-7.486044406890869,-0.48604437708854675,base,no
1081,1,0,0.005220125229279126,-5.5157470703125,-0.26574698090553284,base,no
1082,1,0,0.0010322310982170768,-7.45717716217041,-0.5821772217750549,base,no
1083,1,0,0.001032230990658129,-7.1110429763793945,-0.23604293167591095,base,no
1084,1,0,0.0953494648991095,-2.8429110050201416,-0.5929110050201416,base,no
1085,1,0,0.004609572726345088,-5.914376735687256,-0.5393768548965454,base,no
1086,1,0,0.04208772791561884,-3.606187582015991,-0.4811875820159912,base,no
1087,1,0,0.002800926800640331,-5.913475513458252,-0.03847545385360718,base,no
1088,1,0,0.014063625390308462,-4.909026622772217,-0.6590265035629272,base,no
1089,1,0,0.004070138410529827,-5.613174915313721,-0.11317508667707443,base,no
1090,1,0,0.004070138319925425,-5.761556148529053,-0.2615562975406647,base,no
1091,1,0,0.0075772408196442265,-5.237294673919678,-0.36229461431503296,base,no
1092,1,0,0.08509903688588204,-2.502807140350342,-0.12780703604221344,base,no
1093,1,0,0.000552778661621071,-7.731868743896484,-0.23186878859996796,base,no
1094,1,0,0.005220126931636656,-5.618497848510742,-0.3684980869293213,base,no
1095,1,0,0.0002959570870602814,-8.389528274536133,-0.26452818512916565,base,no
1096,1,0,0.006692850924284856,-5.590503692626953,-0.5905036926269531,base,no
1097,1,0,0.0009110511944006454,-7.326484203338623,-0.32648420333862305,base,no
1098,1,0,0.004609573136573289,-5.77863073348999,-0.40363094210624695,base,no
1099,1,0,0.32082130082460697,-1.5792020559310913,-0.8292020559310913,base,no
1100,1,0,0.22270013882530884,-1.893252968788147,-0.643252968788147,base,no
1101,1,0,0.009708478200631072,-4.879576206207275,-0.2545763850212097,base,no
1102,1,0,0.1645164628965632,-2.3461508750915527,-0.7211508750915527,base,no
1103,1,0,0.46879062662624377,-1.2890193462371826,-1.1640193462371826,base,no
1104,1,0,0.005911067893071419,-5.3653244972229,-0.24032433331012726,base,no
1105,1,1,0.7981867873410141,-0.6987451910972595,-2.0737452507019043,base,Yes
1106,1,1,0.5926665999540697,-0.963065505027771,-1.338065505027771,base,Yes
1107,1,0,0.005911069906977476,-5.670286655426025,-0.5452868342399597,base,no
1108,1,0,0.037326887344129464,-3.8811721801757812,-0.6311721801757812,base,No
1109,1,0,0.0008040860553510418,-7.560927391052246,-0.43592754006385803,base,no
1110,1,0,0.007577242388402388,-5.142786502838135,-0.2677866518497467,base,no
1111,1,1,0.8175744939732856,-0.8037375211715698,-2.3037376403808594,base,yes
1112,1,0,0.0005527786369235996,-7.980576038360596,-0.4805760383605957,base,no
1113,1,1,0.6791786861878392,-0.8448651432991028,-1.594865083694458,base,Yes
1114,1,0,0.00033535014545277016,-8.183762550354004,-0.1837625950574875,base,no
1115,1,0,0.005911068681121534,-5.540069580078125,-0.4150695502758026,base,no
1116,1,0,0.01243164902375476,-4.627334117889404,-0.25233396887779236,base,no
1117,1,1,0.5312093733737563,-1.0782026052474976,-1.2032026052474976,base,Yes
1118,1,1,0.8670357460591569,-0.4965125322341919,-2.3715124130249023,base,Yes
1119,1,0,0.014063627043245474,-4.802163600921631,-0.5521636009216309,base,no
1120,1,0,0.09534947132582737,-2.383913993835449,-0.1339140683412552,base,no
1121,1,0,0.32082130082460697,-1.740721344947815,-0.9907213449478149,base,no
1122,1,0,0.04742587856304458,-3.357996940612793,-0.3579970598220825,base,no
1123,1,0,0.010986940687560063,-5.1020331382751465,-0.6020329594612122,base,no
1124,1,0,0.16451645470385742,-2.3375818729400635,-0.7125818133354187,base,No
1125,1,0,0.04742587452393617,-3.393577814102173,-0.39357784390449524,base,no
1126,1,1,0.8175744761936437,-0.746861457824707,-2.246861457824707,base,yes
1127,1,0,0.0007096703991005882,-7.839805603027344,-0.5898056030273438,base,No
1128,1,0,0.025957354937269386,-4.091097831726074,-0.46609774231910706,base,no
1129,1,0,0.007577241267860811,-5.14665412902832,-0.2716541290283203,base,no
1130,1,1,0.6513548646660542,-0.5717231035232544,-1.1967231035232544,base,yes
1131,1,0,0.007577240371427665,-5.327605247497559,-0.45260512828826904,base,no
1132,1,0,0.002800927133601626,-6.166504383087158,-0.291504442691803,base,no
1133,1,0,0.009708476768000214,-4.952365398406982,-0.3273654282093048,base,no
1134,1,1,0.6224593312018546,-0.9027124643325806,-1.4027124643325806,base,Yes
1135,1,0,0.0019267344340853601,-6.50826358795166,-0.2582634687423706,base,no
1136,1,0,0.01098694263059318,-5.044348239898682,-0.5443482398986816,base,no
1137,1,0,0.003172682418345236,-5.996079444885254,-0.24607931077480316,base,no
1138,1,0,0.5,-1.1461306810379028,-1.1461306810379028,base,no
1139,1,0,0.03308597552845946,-3.51399827003479,-0.13899818062782288,base,no
1140,1,0,0.09534945975773548,-2.445505142211914,-0.1955050826072693,base,no
1141,1,0,0.009708476481474066,-5.276552677154541,-0.651552677154541,base,no
1142,1,0,0.047425867792089564,-3.6800551414489746,-0.6800550222396851,base,No
1143,1,0,0.07585818002124356,-3.0683205127716064,-0.5683205127716064,base,no
1144,1,0,0.5,-1.1479308605194092,-1.1479308605194092,base,no
1145,1,0,0.00017952790716013075,-8.656403541564941,-0.03140319511294365,base,no
1146,1,1,0.9796676454700793,-0.5081267952919006,-4.383126735687256,base,Yes
1147,1,0,0.0017007225126338423,-6.862731456756592,-0.4877315163612366,base,no
1148,1,0,0.017986212067650338,-4.553053855895996,-0.5530539751052856,base,no
1149,1,0,0.004070137232672753,-5.945281028747559,-0.44528090953826904,base,no
1150,1,1,0.914900945711678,-0.6075679063796997,-2.98256778717041,base,yes
1151,1,0,0.0011695100213620223,-7.192570686340332,-0.4425704777240753,base,no
1152,1,0,0.005911068330877026,-5.487386226654053,-0.36238613724708557,base,no
1153,1,1,0.9046505248181417,-0.6673470735549927,-2.917346954345703,base,yes
1154,1,0,0.0011695100909887293,-7.009024620056152,-0.2590244710445404,base,no
1155,1,0,0.4073334000459302,-1.3942097425460815,-1.0192097425460815,base,no
1156,1,0,0.017986209962091555,-4.716207981109619,-0.7162079811096191,base,no
1157,1,1,0.9740426473232578,-0.46692734956741333,-4.091927528381348,base,Yes
1158,1,0,0.1480472055495773,-2.272141218185425,-0.5221412777900696,base,no
1159,1,0,0.022977367233847502,-4.364274501800537,-0.6142743825912476,base,No
1160,1,0,0.014063628696182679,-4.848622798919678,-0.5986229181289673,base,no
1161,1,0,0.0028009266341596987,-6.358858108520508,-0.48385798931121826,base,no
1162,1,0,0.008577486427457372,-5.2437825202941895,-0.493782639503479,base,no
1163,1,0,0.0009110510858938316,-7.322601795196533,-0.32260167598724365,base,no
1164,1,0,0.0013250222594674832,-6.884007930755615,-0.2590078115463257,base,no
1165,1,0,0.002800927216841955,-6.023764610290527,-0.1487646996974945,base,no
1166,1,0,0.18242550602671442,-2.15847110748291,-0.6584709882736206,base,no
1167,1,0,0.0013250222200310669,-6.8627190589904785,-0.23771890997886658,base,no
1168,1,1,0.5926665999540697,-1.0561206340789795,-1.4311206340789795,base,Yes
1169,1,0,0.01798621154126062,-4.213218688964844,-0.2132187783718109,base,no
1170,1,0,0.0010322311289482067,-7.0619072914123535,-0.18690738081932068,base,no
1171,1,0,0.29421497216298875,-1.6539148092269897,-0.7789148092269897,base,no
1172,1,0,0.18242553269617778,-2.185903549194336,-0.6859036087989807,base,no
1173,1,0,0.24508501313237172,-1.99117910861969,-0.8661791086196899,base,no
1174,1,0,0.20181322226037882,-1.9554349184036255,-0.5804349184036255,base,no
1175,1,0,0.05340332678672523,-3.2090444564819336,-0.3340443968772888,base,no
1176,1,0,0.0024726227890962764,-6.327653408050537,-0.32765325903892517,base,no
1177,1,0,0.020332356904444657,-4.595958232879639,-0.720958411693573,base,no
1178,1,0,0.0009110511672739408,-7.285899639129639,-0.2858996093273163,base,no
1179,1,0,0.0013250222989039011,-7.023304462432861,-0.39830437302589417,base,no
1180,1,1,0.9796676514063881,-0.49498438835144043,-4.3699846267700195,base,yes
1181,1,0,0.11920293453832885,-2.5535888671875,-0.5535889863967896,base,no
1182,1,0,0.010986943440190413,-4.700182914733887,-0.2001829892396927,base,no
1183,1,0,0.047425871831197425,-3.2789978981018066,-0.27899786829948425,base,no
1184,1,1,0.8519528132451416,-0.43754807114601135,-2.1875481605529785,base,Yes
1185,1,0,0.26894141551050293,-1.3319509029388428,-0.3319508731365204,base,no
1186,1,0,0.0003353501904116503,-8.393630981445312,-0.3936311602592468,base,no
1187,1,0,0.006692851320539924,-5.454502105712891,-0.4545021653175354,base,no
1188,1,0,0.0035936027948457686,-5.916939735412598,-0.29193979501724243,base,no
1189,1,0,0.2689414213699951,-1.7876896858215332,-0.7876896858215332,base,no
1190,1,1,0.6224593171945417,-0.9158301949501038,-1.415830135345459,base,Yes
1191,1,0,0.09534947518185825,-2.6695399284362793,-0.41954004764556885,base,no
1192,1,0,0.012431650487299585,-4.66624116897583,-0.2912411391735077,base,no
1193,1,0,0.01590639031229368,-4.373103618621826,-0.248103529214859,base,no
1194,1,0,0.0019267345487064141,-6.40504264831543,-0.1550425887107849,base,no
1195,1,0,0.4073334000459302,-1.3470898866653442,-0.9720898866653442,base,no
1196,1,0,0.033085981248949035,-3.781632900238037,-0.4066329896450043,base,no
1197,1,0,0.020332350374504305,-4.248562335968018,-0.37356218695640564,base,no
1198,1,1,0.9579122720843811,-0.5099024772644043,-3.6349024772644043,base,Yes
1199,1,0,0.0008040859356292355,-7.655614376068115,-0.5306143760681152,base,no
1200,1,0,0.10669059962643358,-2.6142160892486572,-0.489216148853302,base,no
1201,1,0,0.08509905138791504,-2.476425886154175,-0.10142596811056137,base,no
1202,1,0,0.017986210751676075,-4.033238410949707,-0.03323845565319061,base,no
1203,1,0,0.017986206803753842,-4.545576095581055,-0.5455759167671204,base,no
1204,1,0,0.0534033328129234,-3.570697784423828,-0.6956978440284729,base,no
1205,1,0,0.04208772791561884,-3.7140026092529297,-0.5890026092529297,base,no
1206,1,0,0.0010322311289482067,-7.198967456817627,-0.3239675462245941,base,no
1207,1,1,0.5926665999540697,-1.0728144645690918,-1.4478144645690918,base,Yes
1208,1,0,0.005911069107982057,-5.15254020690918,-0.02754024975001812,base,no
1209,1,0,0.005911068681121534,-5.491901874542236,-0.36690184473991394,base,no
1210,1,0,0.007577241940185738,-5.243075847625732,-0.3680759370326996,base,no
1211,1,1,0.754914975839675,-0.9456701874732971,-2.0706701278686523,base,Yes
1212,1,0,0.16451645470385742,-2.099202871322632,-0.47420281171798706,base,no
1213,1,0,0.29421496597446145,-1.2749464511871338,-0.3999464213848114,base,no
1214,1,0,0.05340332678672523,-3.2578465938568115,-0.38284653425216675,base,no
1215,1,0,0.0009110512927349565,-7.014235973358154,-0.014236081391572952,base,no
1216,1,0,0.4073334000459302,-1.3182858228683472,-0.9432858228683472,base,no
1217,1,0,0.4073333856566001,-1.3046128749847412,-0.9296128153800964,base,no
1218,1,0,0.004070136749449438,-6.002318382263184,-0.5023181438446045,base,no
1219,1,0,0.0004878572390397371,-8.273061752319336,-0.648061990737915,base,No
1220,1,0,0.010986942306754304,-4.83614444732666,-0.33614441752433777,base,no
1221,1,0,0.008577483512939705,-4.787684440612793,-0.03768421709537506,base,no
1222,1,0,0.04742587721667508,-3.455791711807251,-0.45579180121421814,base,no
1223,1,0,0.01798620575097472,-4.279130935668945,-0.2791306972503662,base,no
1224,1,0,0.0005527786369235996,-7.9806809425354,-0.4806809425354004,base,no
1225,1,0,0.37754066879814546,-1.4271841049194336,-0.9271841049194336,base,no
1226,1,0,0.0010322310060236924,-7.081857681274414,-0.20685765147209167,base,no
1227,1,1,0.6224593312018546,-0.9514802694320679,-1.4514802694320679,base,Yes
1228,1,0,0.002182716380437148,-6.419464111328125,-0.2944640815258026,base,no
1229,1,1,0.9046505248181417,-0.5643373727798462,-2.8143372535705566,base,Yes
1230,1,0,0.001926734204843272,-6.83304500579834,-0.5830447673797607,base,no
1231,1,0,0.03732688306051187,-3.978025436401367,-0.7280253171920776,base,no
1232,1,0,0.05340332753999997,-2.9477081298828125,-0.07270808517932892,base,no
1233,1,0,0.004609571222175325,-5.816393852233887,-0.44139364361763,base,no
1234,1,0,0.40733341443526055,-1.3213794231414795,-0.9463794827461243,base,no
1235,1,1,0.679178699175393,-0.9100439548492432,-1.6600439548492432,base,yes
1236,1,1,0.6791787121629466,-0.8112265467643738,-1.5612266063690186,base,yes
1237,1,0,0.009708475908421797,-4.987481117248535,-0.3624810576438904,base,no
1238,1,0,0.053403329799824234,-3.375379800796509,-0.5003798007965088,base,no
1239,1,0,0.4073334000459302,-1.4076461791992188,-1.0326461791992188,base,No
1240,1,0,0.004609572999830552,-6.031923770904541,-0.6569239497184753,base,no
1241,1,0,0.004070137715896127,-6.0911383628845215,-0.5911383628845215,base,no
1242,1,0,0.029312234143221275,-4.030934810638428,-0.5309349298477173,base,No
1243,1,0,0.24508502416032488,-1.5280377864837646,-0.4030378460884094,base,no
1244,1,0,0.4073334000459302,-1.262292742729187,-0.887292742729187,base,no
1245,1,0,0.04208773031866069,-3.720249652862549,-0.5952497124671936,base,no
1246,1,0,0.16451645470385742,-2.401498556137085,-0.7764984965324402,base,no
1247,1,0,0.2689414213699951,-1.7907968759536743,-0.7907968759536743,base,no
1248,1,0,0.02931223244728875,-3.9253127574920654,-0.4253128170967102,base,no
1249,1,0,0.3775406828054583,-1.373335361480713,-0.8733354210853577,base,No
1250,1,1,0.7772998714925403,-0.7345289587974548,-1.9845290184020996,base,Yes
1251,1,0,0.0013250224172131609,-7.066281318664551,-0.4412813186645508,base,no
1252,1,1,0.5621765008857981,-1.0884777307510376,-1.3384777307510376,base,Yes
1253,1,0,0.005220125384038879,-5.956313610076904,-0.7063135504722595,base,no
1254,1,0,0.2942149597859341,-1.5664608478546143,-0.6914607882499695,base,no
1255,1,0,0.0021827165751612514,-6.2177019119262695,-0.0927019715309143,base,no
1256,1,0,0.007577241491969114,-5.174178123474121,-0.2991781532764435,base,no
1257,1,0,0.3775406547908327,-1.3117058277130127,-0.8117057681083679,base,no
1258,1,0,0.006692849339264817,-5.363024711608887,-0.3630244731903076,base,no
1259,1,0,0.0010322308523680697,-7.460939884185791,-0.5859397053718567,base,no
1260,1,0,0.00017952788910594706,-9.017784118652344,-0.39278367161750793,base,no
1261,1,0,0.0035936022612815957,-5.889481067657471,-0.26448097825050354,base,no
1262,1,0,0.0009110509773870306,-7.582895278930664,-0.582895040512085,base,no
1263,1,0,0.2689414213699951,-1.7588216066360474,-0.7588216066360474,base,no
1264,1,0,0.017986206803753842,-4.307086944580078,-0.3070867657661438,base,no
1265,1,0,0.4378234991142019,-1.3491506576538086,-1.0991506576538086,base,no
1266,1,0,0.0011695103956056209,-6.868592262268066,-0.11859237402677536,base,no
1267,1,0,0.007577240035265265,-4.976067066192627,-0.10106690227985382,base,no
1268,1,1,0.5312093733737563,-1.1430259943008423,-1.2680259943008423,base,Yes
1269,1,1,0.5621765008857981,-1.1388214826583862,-1.3888214826583862,base,Yes
1270,1,0,0.06754668363133542,-3.317436695098877,-0.6924365758895874,base,No
1271,1,0,0.0005527785216687471,-7.795533180236816,-0.2955329716205597,base,no
1272,1,0,0.2942149597859341,-1.663198709487915,-0.7881986498832703,base,no
1273,1,0,0.0024726235976810437,-6.289871692657471,-0.28987187147140503,base,no
1274,1,0,0.0013250224566495835,-7.112914085388184,-0.487914115190506,base,no
1275,1,0,0.000230506756333403,-8.659113883972168,-0.2841140329837799,base,no
1276,1,0,0.005220124997139505,-5.2985615730285645,-0.04856143891811371,base,no
1277,1,0,0.0031726828424851893,-6.391514778137207,-0.641514778137207,base,No
1278,1,1,0.5621765008857981,-1.0842725038528442,-1.3342725038528442,base,Yes
1279,1,0,0.005911069906977476,-5.574011325836182,-0.44901150465011597,base,no
1280,1,0,0.005220126467357275,-5.422070026397705,-0.17207017540931702,base,no
1281,1,0,0.0015011822120654355,-6.788529872894287,-0.2885298430919647,base,no
1282,1,1,0.5621765008857981,-1.0682719945907593,-1.3182719945907593,base,Yes
1283,1,0,0.003172682748231862,-6.11355447769165,-0.363554447889328,base,no
1284,1,0,0.017986212330845203,-4.231581211090088,-0.23158134520053864,base,no
1285,1,0,0.0019267347779485435,-6.842433929443359,-0.5924339890480042,base,no
1286,1,1,0.6224593452091672,-0.934210479259491,-1.4342105388641357,base,Yes
1287,1,0,0.14804719427274565,-1.9301544427871704,-0.18015441298484802,base,no
1288,1,0,0.22270011818961086,-2.0931754112243652,-0.8431752920150757,base,no
1289,1,0,0.0007096703356961413,-7.608784198760986,-0.35878410935401917,base,no
1290,1,0,0.1329642436335826,-2.3086087703704834,-0.4336088001728058,base,no
1291,1,1,0.5621765008857981,-1.0463297367095947,-1.2963297367095947,base,Yes
1292,1,1,0.679178699175393,-0.9403295516967773,-1.6903295516967773,base,Yes
1293,1,0,0.009708478737867699,-4.678168773651123,-0.05316900834441185,base,no
1294,1,0,0.029312237535086605,-4.034918785095215,-0.534919023513794,base,no
1295,1,1,0.6224593452091672,-0.8929113745689392,-1.392911434173584,base,Yes
1296,1,0,0.09534945461636171,-2.6582069396972656,-0.4082068204879761,base,no
1297,1,0,0.00043055708132461493,-7.89671516418457,-0.1467151641845703,base,no
1298,1,0,0.20181321265898594,-2.1123533248901367,-0.7373532652854919,base,No
1299,1,0,0.008577485413711986,-5.295474052429199,-0.5454740524291992,base,No
1300,1,0,0.0021827159301377264,-6.154988765716553,-0.029988529160618782,base,no
1301,1,0,0.022977366564803023,-4.103076934814453,-0.3530767858028412,base,no
1302,1,1,0.6224593452091672,-0.9482190012931824,-1.4482190608978271,base,Yes
1303,1,0,0.004609572179374208,-5.86163854598999,-0.48663854598999023,base,no
1304,1,0,0.02595735719779685,-4.188591003417969,-0.5635910034179688,base,no
1305,1,0,0.0028009264676790765,-6.418826103210449,-0.5438259243965149,base,no
1306,1,0,0.0028009264676790765,-6.578449726104736,-0.703449547290802,base,no
1307,1,1,0.5926665999540697,-1.0338767766952515,-1.4088767766952515,base,Yes
1308,1,0,0.010986941982915435,-5.0414652824401855,-0.5414652228355408,base,no
1309,1,0,0.20181322226037882,-2.2021443843841553,-0.8271443843841553,base,no
1310,1,0,0.0031726828424851893,-6.077947616577148,-0.32794761657714844,base,no
1311,1,0,0.02595736171885236,-4.13116979598999,-0.5061699748039246,base,no
1312,1,0,0.0024726234414771476,-6.020781517028809,-0.020781632512807846,base,no
1313,1,0,0.0159063898457867,-4.630167484283447,-0.5051673650741577,base,no
1314,1,0,0.033085978388704126,-3.725489854812622,-0.35048985481262207,base,no
1315,1,0,0.005911068856243796,-5.366398334503174,-0.24139833450317383,base,no
1316,1,1,0.9046505248181417,-0.5243321657180786,-2.774332046508789,base,Yes
1317,1,0,0.32082130082460697,-1.5545034408569336,-0.8045034408569336,base,no
1318,1,0,0.2689414213699951,-1.883857011795044,-0.883857011795044,base,no
1319,1,0,0.012431650853185818,-4.922488689422607,-0.5474886894226074,base,no
1320,1,0,0.000430557273715801,-8.069489479064941,-0.3194899260997772,base,no
1321,1,0,0.18242553269617778,-2.128567934036255,-0.6285679936408997,base,no
1322,1,0,0.0035936022612815957,-5.919198989868164,-0.2941989004611969,base,no
1323,1,0,0.005220125074519377,-5.579764366149902,-0.3297642469406128,base,no
1324,1,0,0.2689414330889798,-1.926037073135376,-0.9260371327400208,base,no
1325,1,0,0.0013250221017218242,-7.262988090515137,-0.6379878520965576,base,no
1326,1,0,0.0011695100213620223,-7.0059590339660645,-0.25595882534980774,base,no
1327,1,0,0.01798620890931226,-4.458723545074463,-0.4587234854698181,base,no
1328,1,0,0.022977370244547896,-3.7913851737976074,-0.041385188698768616,base,no
1329,1,0,0.22270014398423357,-1.5926880836486816,-0.34268811345100403,base,no
1330,1,0,0.006692851320539924,-5.243104934692383,-0.2431049942970276,base,no
1331,1,0,0.0001088968743312588,-9.559501647949219,-0.4345013201236725,base,no
1332,1,0,0.08509904036636974,-3.0039546489715576,-0.6289545893669128,base,No
1333,1,0,0.0013250224172131609,-6.8885273933410645,-0.26352739334106445,base,no
1334,1,1,0.5621765008857981,-1.0906018018722534,-1.3406018018722534,base,Yes
1335,1,0,0.0035936021545687705,-6.163793087005615,-0.5387929677963257,base,no
1336,1,0,0.46879062662624377,-0.8132311701774597,-0.6882311701774597,base,no
1337,1,0,0.004070137715896127,-6.202522277832031,-0.7025222778320312,base,no
1338,1,0,0.003172683408005215,-6.108147621154785,-0.3581477999687195,base,no
1339,1,0,0.07585817166422973,-3.02872371673584,-0.5287235975265503,base,no
1340,1,0,0.009708474762317362,-5.172064304351807,-0.5470641255378723,base,no
1341,1,0,0.00017952789445533463,-9.105175018310547,-0.48017460107803345,base,no
1342,1,0,0.0019267346633274755,-6.385891437530518,-0.13589143753051758,base,no
1343,1,0,0.06754668738548215,-3.2074573040008545,-0.5824572443962097,base,No
1344,1,0,0.006692852311177695,-5.365607738494873,-0.36560794711112976,base,no
1345,1,0,0.0675466911396291,-3.135478973388672,-0.5104789733886719,base,no
1346,1,0,0.5,-1.1791599988937378,-1.1791599988937378,base,no
1347,1,0,0.025957353430251177,-4.043428421020508,-0.4184282720088959,base,no
1348,1,0,0.00970847555026415,-4.648345470428467,-0.023345373570919037,base,no
1349,1,0,0.0021827160802375236,-6.177977561950684,-0.05297739431262016,base,no
1350,1,0,0.02931222820745785,-3.8988587856292725,-0.3988586962223053,base,no
1351,1,0,0.037326884131416216,-3.5569605827331543,-0.30696049332618713,base,no
1352,1,0,0.05340332678672523,-3.402705430984497,-0.5277053713798523,base,no
1353,1,0,0.0004305571198028453,-7.95530891418457,-0.20530900359153748,base,no
1354,1,0,0.11920293140927592,-2.374126672744751,-0.37412676215171814,base,no
1355,1,0,0.020332353936289693,-4.190069198608398,-0.3150692284107208,base,no
1356,1,1,0.7549149868676283,-0.5872830152511597,-1.7122830152511597,base,Yes
1357,1,0,0.00037998444683116315,-8.22762680053711,-0.35262662172317505,base,no
1358,1,0,0.025957357951306048,-3.8946049213409424,-0.26960495114326477,base,no
1359,1,0,0.24508501313237172,-1.8938978910446167,-0.7688978910446167,base,no
1360,1,1,0.5926665999540697,-0.963065505027771,-1.338065505027771,base,Yes
1361,1,0,0.010986942306754304,-4.8325700759887695,-0.33257004618644714,base,no
1362,1,0,0.009708475586079913,-4.647845268249512,-0.022845175117254257,base,no
1363,1,0,0.007577239474994629,-5.250677108764648,-0.37567687034606934,base,no
1364,1,0,0.16451645470385742,-2.40352201461792,-0.7785219550132751,base,No
1365,1,0,0.0015011825694379204,-6.78833532333374,-0.28833553194999695,base,no
1366,1,0,0.1329642333263228,-2.6459081172943115,-0.7709080576896667,base,no
1367,1,0,0.025957357951306048,-3.9055912494659424,-0.28059127926826477,base,no
1368,1,0,0.46879062662624377,-1.2691866159439087,-1.1441866159439087,base,no
1369,1,1,0.7772998611746911,-0.8015279769897461,-2.051527976989746,base,Yes
1370,1,1,0.9399133498259924,-0.5991053581237793,-3.3491053581237793,base,Yes
1371,1,0,0.002472623303650189,-6.2884721755981445,-0.2884722352027893,base,no
1372,1,1,0.8807970904940926,-0.5892423391342163,-2.589242458343506,base,Yes
1373,1,0,0.012431649755527152,-4.8678083419799805,-0.4928082525730133,base,no
1374,1,0,0.34864513533394575,-1.5082755088806152,-0.8832755088806152,base,no
1375,1,0,0.01098694261035325,-4.519570827484131,-0.01957082562148571,base,no
1376,1,0,0.014063629109417006,-4.6274847984313965,-0.3774849474430084,base,no
1377,1,0,0.02931222863144092,-3.674470901489258,-0.17447082698345184,base,no
1378,1,0,0.008577486174021013,-5.085076332092285,-0.3350764214992523,base,no
1379,1,0,0.05340332678672523,-3.508793354034424,-0.633793294429779,base,no
1380,1,0,0.01590639544387138,-4.627532958984375,-0.5025331974029541,base,no
1381,1,0,0.005220126003077935,-5.654490947723389,-0.40449100732803345,base,no
1382,1,0,0.0040701369910610885,-5.996618270874023,-0.4966180920600891,base,no
1383,1,0,0.46879062662624377,-1.1742208003997803,-1.0492208003997803,base,no
1384,1,1,0.754914997895581,-0.8087984919548035,-1.9337985515594482,base,Yes
1385,1,0,0.015906388213012365,-4.299000263214111,-0.17400003969669342,base,no
1386,1,1,0.754914997895581,-0.6964718699455261,-1.821471929550171,base,Yes
1387,1,0,0.004609571632403393,-6.085641860961914,-0.7106417417526245,base,no
1388,1,0,0.0024726231566347748,-6.6449809074401855,-0.6449809074401855,base,No
1389,1,1,0.754914997895581,-0.7353059649467468,-1.8603060245513916,base,yes
1390,1,0,0.000911051248654057,-7.321991443634033,-0.321991503238678,base,no
1391,1,0,0.004070137655493202,-5.717792510986328,-0.21779249608516693,base,no
1392,1,1,0.7772998508568416,-0.8428860306739807,-2.092885971069336,base,yes
1393,1,0,0.46879062662624377,-1.1906425952911377,-1.0656425952911377,base,no
1394,1,0,0.00048785702378178504,-7.650245189666748,-0.02524498663842678,base,no
1395,1,0,0.0009110510858938316,-7.535589218139648,-0.5355890989303589,base,no
1396,1,0,0.0024726230831270705,-6.289815425872803,-0.28981539607048035,base,no
1397,1,0,0.06008665354025422,-3.4032464027404785,-0.6532464623451233,base,no
1398,1,1,0.6224593312018546,-1.016495704650879,-1.516495704650879,base,Yes
1399,1,0,0.004609571794785348,-5.400679588317871,-0.02567950449883938,base,no
1400,1,0,0.0017007220066411306,-6.696311950683594,-0.32131171226501465,base,no
1401,1,0,0.02931223244728875,-4.023576259613037,-0.5235763192176819,base,no
1402,1,1,0.9324533088603709,-0.5930547714233398,-3.21805477142334,base,yes
1403,1,1,0.9046505299595163,-0.48319584131240845,-2.7331957817077637,base,Yes
1404,1,1,0.5621765008857981,-1.045602560043335,-1.295602560043335,base,Yes
1405,1,0,0.002800926967120973,-6.367568492889404,-0.4925684928894043,base,no
1406,1,1,0.7310585786300049,-0.8454636335372925,-1.8454636335372925,base,Yes
1407,1,0,0.0007096704836398597,-7.484269618988037,-0.23426973819732666,base,no
1408,1,0,0.012431651584958318,-4.828826904296875,-0.4538269639015198,base,no
1409,1,0,0.0003353501279687628,-8.031852722167969,-0.03185271471738815,base,no
1410,1,0,0.008577487187766488,-4.989279747009277,-0.23927995562553406,base,no
1411,1,0,0.005911070082099775,-5.392577648162842,-0.2675778567790985,base,no
1412,1,0,0.29421497216298875,-1.6017978191375732,-0.7267978191375732,base,no
1413,1,0,0.0373268852023206,-3.644002676010132,-0.39400261640548706,base,no
1414,1,0,0.29421497216298875,-1.5945501327514648,-0.7195501327514648,base,no
1415,1,0,0.09534947518185825,-2.850661277770996,-0.6006613969802856,base,no
1416,1,1,0.5926666143433998,-0.9461647868156433,-1.321164846420288,base,Yes
1417,1,0,0.03308597934211908,-3.7156145572662354,-0.34061458706855774,base,no
1418,1,1,0.9740426473232578,-0.5174115300178528,-4.142411708831787,base,Yes
1419,1,0,0.37754066879814546,-1.5148407220840454,-1.0148407220840454,base,no
1420,1,0,0.014063625390308462,-4.852320194244385,-0.6023200750350952,base,No
1421,1,1,0.5926665999540697,-1.036915898323059,-1.411915898323059,base,yes
1422,1,0,0.0031726833137518703,-6.0426177978515625,-0.29261794686317444,base,no
1423,1,0,0.0024726230831270705,-6.359381675720215,-0.35938164591789246,base,no
1424,1,1,0.5926665999540697,-0.9947104454040527,-1.3697104454040527,base,Yes
1425,1,1,0.7057850278370112,-0.7775771617889404,-1.6525771617889404,base,Yes
1426,1,0,0.020332355717182622,-4.493843078613281,-0.6188431978225708,base,No
1427,1,0,0.007577241491969114,-5.147031307220459,-0.27203133702278137,base,no
1428,1,0,0.1329642333263228,-2.3981683254241943,-0.5231682658195496,base,no
1429,1,0,0.02931222905542399,-3.9650683403015137,-0.4650682806968689,base,no
1430,1,0,0.4378234991142019,-1.2921485900878906,-1.0421485900878906,base,no
1431,1,0,0.006692851048114562,-5.022465705871582,-0.022465724498033524,base,no
1432,1,1,0.7772998818103892,-0.792960524559021,-2.0429606437683105,base,Yes
1433,1,0,0.008577486680893736,-5.088642120361328,-0.33864226937294006,base,no
1434,1,0,0.01243165103612894,-4.53883171081543,-0.16383172571659088,base,no
1435,1,0,0.2689414096510108,-1.7792890071868896,-0.7792889475822449,base,no
1436,1,0,0.012431649755527152,-4.723116397857666,-0.34811630845069885,base,no
1437,1,0,0.002800926967120973,-6.165055274963379,-0.2900552749633789,base,no
1438,1,0,0.10669060530721626,-2.6213479042053223,-0.4963480234146118,base,No
1439,1,0,0.0010322310674859476,-7.13236141204834,-0.25736144185066223,base,no
1440,1,0,0.0011695103346822365,-7.1074113845825195,-0.3574114441871643,base,no
1441,1,0,0.0017007225632331216,-6.41166877746582,-0.036668866872787476,base,no
1442,1,0,0.2689414213699951,-1.7014342546463013,-0.7014342546463013,base,no
1443,1,0,0.01098694263059318,-4.7533793449401855,-0.25337934494018555,base,no
1444,1,0,0.0015011823907516671,-6.85439920425415,-0.35439929366111755,base,no
1445,1,0,0.008577486934330109,-5.242621421813965,-0.49262160062789917,base,no
1446,1,0,0.0010322308062713872,-7.060232639312744,-0.18523241579532623,base,no
1447,1,0,0.02297736991002561,-4.175403118133545,-0.4254031181335449,base,no
1448,1,0,0.0013250221805946513,-6.915472984313965,-0.2904728055000305,base,no
1449,1,1,0.8807970904940926,-0.695217490196228,-2.6952176094055176,base,yes
1450,1,0,0.0011695101258020842,-7.232187747955322,-0.4821876287460327,base,no
1451,1,0,0.20181323186177208,-2.0739874839782715,-0.6989875435829163,base,no
1452,1,0,0.29421497216298875,-1.6418589353561401,-0.7668589353561401,base,No
1453,1,0,0.4378234991142019,-1.28179931640625,-1.03179931640625,base,no
1454,1,0,0.3208212878370535,-1.5832452774047852,-0.8332452178001404,base,no
1455,1,0,0.004609572999830552,-5.818150997161865,-0.44315117597579956,base,no
1456,1,0,0.002472623671188763,-6.270816802978516,-0.27081701159477234,base,no
1457,1,0,0.5,-1.1734960079193115,-1.1734960079193115,base,no
1458,1,0,0.00132502237777674,-7.061137676239014,-0.4361376464366913,base,no
1459,1,0,0.46879062662624377,-1.3063217401504517,-1.1813217401504517,base,no
1460,1,0,0.0002305067219931397,-8.466639518737793,-0.09163951873779297,base,no
1461,1,0,0.0010322308216369478,-7.163855075836182,-0.2888548672199249,base,no
1462,1,0,0.0009110513503792127,-7.116979122161865,-0.11697929352521896,base,no
1463,1,0,0.18242550602671442,-2.307706356048584,-0.8077062368392944,base,no
1464,1,0,0.34864513533394575,-1.4655014276504517,-0.8405014276504517,base,no
1465,1,0,0.0075772430607274135,-5.138883590698242,-0.2638838291168213,base,no
1466,1,0,0.000911051248654057,-7.210330009460449,-0.210330069065094,base,no
1467,1,0,0.004070138319925425,-5.8041090965271,-0.30410924553871155,base,no
1468,1,0,0.04208772671409796,-3.378952980041504,-0.2539529502391815,base,no
1469,1,0,0.24508501313237172,-1.7149226665496826,-0.5899226665496826,base,no
1470,1,0,0.1066905854244781,-2.5190699100494385,-0.3940698206424713,base,no
1471,1,0,0.46879062662624377,-1.1949710845947266,-1.0699710845947266,base,No
1472,1,1,0.679178699175393,-0.9576736688613892,-1.7076736688613892,base,Yes
1473,1,0,0.13296424019782924,-2.3910698890686035,-0.5160698890686035,base,no
1474,1,0,0.004070138199119559,-6.086728096008301,-0.5867282152175903,base,no
1475,1,0,0.042087725512577126,-3.812586784362793,-0.6875867247581482,base,no
1476,1,0,0.2689414213699951,-1.668725848197937,-0.668725848197937,base,no
1477,1,0,0.005220125074519377,-5.387670993804932,-0.1376708745956421,base,no
1478,1,1,0.679178699175393,-0.9167318344116211,-1.666731834411621,base,yes
1479,1,1,0.9046505351008906,-0.474010705947876,-2.724010705947876,base,Yes
1480,1,0,0.00026119028018549743,-8.538129806518555,-0.28812965750694275,base,no
1481,1,0,0.004609571222175325,-5.777773380279541,-0.4027731716632843,base,no
1482,1,0,0.001700722284937103,-6.581920146942139,-0.2069200724363327,base,no
1483,1,1,0.679178699175393,-0.6490622758865356,-1.3990622758865356,base,Yes
1484,1,0,0.4073334000459302,-1.3143460750579834,-0.9393460750579834,base,No
1485,1,0,0.053403329799824234,-3.349992513656616,-0.4749925136566162,base,no
1486,1,0,0.20181321265898594,-2.1843416690826416,-0.8093416094779968,base,no
1487,1,0,0.00023050674259729705,-8.770564079284668,-0.39556416869163513,base,no
1488,1,0,0.0010322312211416022,-7.278151512145996,-0.4031516909599304,base,no
1489,1,0,0.08509904036636974,-2.6931490898132324,-0.31814903020858765,base,no
1490,1,0,0.0019267348925696179,-6.540002346038818,-0.2900024652481079,base,no
1491,1,0,0.0021827165751612514,-6.315296649932861,-0.1902967095375061,base,no
1492,1,0,0.014063625390308462,-4.714977264404297,-0.4649771451950073,base,no
1493,1,0,0.0013250225355224317,-6.864959239959717,-0.23995932936668396,base,no
1494,1,0,0.1329642333263228,-2.2371439933776855,-0.36214393377304077,base,No
1495,1,0,0.012431649755527152,-4.79869270324707,-0.42369261384010315,base,no
1496,1,0,0.029312234143221275,-4.112598419189453,-0.6125985383987427,base,no
1497,1,1,0.5621765008857981,-1.0846893787384033,-1.3346893787384033,base,Yes
1498,1,0,0.00669285072615733,-5.3288960456848145,-0.32889601588249207,base,no
1499,1,0,0.01798621417320936,-4.674232482910156,-0.6742327213287354,base,no
1500,1,0,6.605212830797839e-05,-9.637901306152344,-0.012901055626571178,base,no
1501,1,0,0.02033235156176603,-4.347415924072266,-0.47241583466529846,base,no
1502,1,0,0.00317268293673852,-5.939571857452393,-0.18957188725471497,base,no
1503,1,0,0.13296424019782924,-2.408712148666382,-0.5337121486663818,base,no
1504,1,0,0.2942149597859341,-1.8337452411651611,-0.9587451815605164,base,no
1505,1,0,0.00048785716637881444,-7.943696022033691,-0.31869611144065857,base,no
1506,1,0,0.10669059394565118,-2.595715284347534,-0.4707152843475342,base,no
1507,1,0,0.0021827167698853724,-6.447661876678467,-0.32266202569007874,base,no
1508,1,0,0.0031726831252451896,-6.109706878662109,-0.35970696806907654,base,no
1509,1,0,0.006692850131774789,-5.36446475982666,-0.3644646406173706,base,no
1510,1,0,0.05340333582602272,-3.6155214309692383,-0.7405215501785278,base,no
1511,1,0,0.001700722310236739,-6.731437683105469,-0.356437623500824,base,no
1512,1,0,0.012431651219072064,-4.5482611656188965,-0.17326119542121887,base,no
1513,1,1,0.679178699175393,-0.8551551103591919,-1.605155110359192,base,Yes
1514,1,0,0.00218271615325905,-6.3120222091674805,-0.18702207505702972,base,no
1515,1,0,0.20181321265898594,-2.049793004989624,-0.6747929453849792,base,no
1516,1,0,0.0007096705259094992,-7.6905317306518555,-0.4405319094657898,base,no
1517,1,0,0.0019267345487064141,-6.645893573760986,-0.39589351415634155,base,no
1518,1,0,0.0009110510587671301,-7.1858625411987305,-0.18586239218711853,base,no
1519,1,0,0.0019267344340853601,-6.537730693817139,-0.2877305746078491,base,no
1520,1,0,0.015906389874943385,-4.1541948318481445,-0.02919471450150013,base,no
1521,1,0,0.24508501313237172,-1.772415041923523,-0.647415041923523,base,no
1522,1,0,0.4073334000459302,-0.9546617269515991,-0.5796617269515991,base,no
1523,1,1,0.9149009549929797,-0.544609785079956,-2.919609785079956,base,Yes
1524,1,0,0.0011695100213620223,-6.957490921020508,-0.2074907124042511,base,no
1525,1,0,0.20181320305759334,-2.2253432273864746,-0.8503431081771851,base,no
1526,1,0,0.0013250223383403197,-6.915403842926025,-0.2904037833213806,base,no
1527,1,0,0.0010322311596793377,-7.088756561279297,-0.21375668048858643,base,no
1528,1,0,0.4378234991142019,-1.252753496170044,-1.002753496170044,base,no
1529,1,1,0.6513548646660542,-0.8984248638153076,-1.5234248638153076,base,Yes
1530,1,0,0.08509904616718289,-2.5006024837493896,-0.12560249865055084,base,no
1531,1,0,0.3775406828054583,-1.4412779808044434,-0.9412780404090881,base,no
1532,1,0,0.0011695102650555148,-7.0759782791137695,-0.32597827911376953,base,no
1533,1,1,0.6513548646660542,-0.8657726049423218,-1.4907726049423218,base,Yes
1534,1,0,0.0031726825597252145,-6.189604759216309,-0.43960466980934143,base,no
1535,1,0,0.0850990542883219,-3.0840249061584473,-0.7090250253677368,base,no
1536,1,0,0.34864513533394575,-1.4379786252975464,-0.8129786252975464,base,no
1537,1,0,0.0075772408196442265,-5.479485988616943,-0.6044859290122986,base,no
1538,1,0,0.02931223159932252,-3.8136401176452637,-0.31364014744758606,base,no
1539,1,0,0.24508501313237172,-1.8535974025726318,-0.7285974025726318,base,no
1540,1,0,0.01798621101487092,-4.599084377288818,-0.5990844368934631,base,no
1541,1,0,0.000911051079112156,-7.084028244018555,-0.08402811735868454,base,no
1542,1,0,0.01590639171181471,-4.536451816558838,-0.4114518165588379,base,no
1543,1,0,0.34864513533394575,-1.6646754741668701,-1.0396754741668701,base,no
1544,1,0,0.4073334000459302,-1.42918062210083,-1.05418062210083,base,no
1545,1,0,0.01590639217832175,-4.4053802490234375,-0.2803802788257599,base,no
1546,1,0,0.02595735719779685,-4.288444519042969,-0.6634445190429688,base,no
1547,1,0,0.02595736021183377,-4.133786678314209,-0.5087867975234985,base,No
1548,1,0,0.008577486174021013,-5.085076332092285,-0.3350764214992523,base,no
1549,1,1,0.7772998611746911,-0.7582881450653076,-2.0082881450653076,base,Yes
1550,1,1,0.5926665999540697,-0.9734007120132446,-1.3484007120132446,base,Yes
1551,1,0,0.0004305571839332368,-8.108255386352539,-0.35825562477111816,base,no
1552,1,0,0.0003353499806035945,-8.256630897521973,-0.25663045048713684,base,no
1553,1,1,0.6513548646660542,-0.8569772243499756,-1.4819772243499756,base,yes
1554,1,0,0.0019267345487064141,-6.507894039154053,-0.25789397954940796,base,no
1555,1,0,0.007577242724564895,-5.122129440307617,-0.2471296340227127,base,no
1556,1,0,0.01798621101487092,-4.7320780754089355,-0.7320781350135803,base,no
1557,1,0,0.1329642333263228,-2.3688647747039795,-0.4938647150993347,base,no
1558,1,0,0.002182716218167076,-6.317549228668213,-0.19254912436008453,base,no
1559,1,0,0.0009110512757807642,-7.28980827331543,-0.28980836272239685,base,no
1560,1,1,0.9840936092211993,-0.5128130316734314,-4.637813091278076,base,Yes
1561,1,0,0.001926734606016944,-6.606044769287109,-0.356044739484787,base,no
1562,1,1,0.5621765008857981,-1.1028151512145996,-1.3528151512145996,base,Yes
1563,1,1,0.893309411735131,-0.6249024271965027,-2.7499024868011475,base,yes
1564,1,0,0.00280092763304364,-6.357254981994629,-0.482255220413208,base,no
1565,1,0,0.13296424019782924,-2.4269800186157227,-0.5519800186157227,base,no
1566,1,0,0.009708476481474066,-5.221714019775391,-0.5967140197753906,base,no
1567,1,0,0.025957360965343058,-4.016773223876953,-0.39177337288856506,base,no
1568,1,0,0.02595736021183377,-4.016043663024902,-0.3910437822341919,base,No
1569,1,0,0.0007096704625050409,-7.507852077484131,-0.257852166891098,base,no
1570,1,0,0.0006263341487821595,-7.581583023071289,-0.20658300817012787,base,no
1571,1,0,0.4378234991142019,-1.3159867525100708,-1.0659867525100708,base,no
1572,1,0,0.00132502237777674,-6.885201930999756,-0.26020190119743347,base,no
1573,1,0,0.033085970761385544,-4.095272064208984,-0.7202718257904053,base,no
1574,1,0,0.16451644651115205,-2.232102394104004,-0.6071022748947144,base,no
1575,1,0,0.1329642333263228,-2.627615451812744,-0.7526153922080994,base,No
1576,1,0,0.0006263340648368211,-7.854307651519775,-0.47930750250816345,base,no
1577,1,0,0.01243165231673086,-4.9841790199279785,-0.6091791391372681,base,no
1578,1,0,0.008577485413711986,-5.047959804534912,-0.2979598045349121,base,no
1579,1,0,0.015906392644828796,-4.505156517028809,-0.38015657663345337,base,no
1580,1,0,0.020332353342658753,-4.337978839874268,-0.4629788398742676,base,No
1581,1,1,0.880797071719777,-0.6172810196876526,-2.617280960083008,base,Yes
1582,1,1,0.8354835452961425,-0.7958018183708191,-2.420801877975464,base,Yes
1583,1,0,0.07585818002124356,-3.040902614593506,-0.5409026145935059,base,no
1584,1,0,0.0013250226143952844,-6.777474880218506,-0.1524750292301178,base,no
1585,1,0,0.04208773272170267,-3.7301015853881836,-0.6051017045974731,base,no
1586,1,0,0.4378234991142019,-1.3094897270202637,-1.0594897270202637,base,no
1587,1,1,0.7772998611746911,-0.6863813400268555,-1.9363813400268555,base,Yes
1588,1,0,0.0007096702722916998,-7.95249080657959,-0.7024906277656555,base,no
1589,1,0,0.2689414096510108,-1.8279097080230713,-0.8279096484184265,base,no
1590,1,0,0.0013250224172131609,-7.111568927764893,-0.4865689277648926,base,no
1591,1,1,0.9465966717067252,-0.3002793490886688,-3.175279378890991,base,Yes
1592,1,0,0.01098694392594878,-5.043951988220215,-0.5439521074295044,base,no
1593,1,0,0.18242552380635632,-2.211081027984619,-0.7110810279846191,base,no
1594,1,0,0.002800926800640331,-6.137093544006348,-0.2620934844017029,base,no
1595,1,0,0.003593602528063672,-5.840814590454102,-0.21581457555294037,base,no
1596,1,0,0.007577241716077422,-5.180530071258545,-0.3055301308631897,base,no
1597,1,0,0.01243164865786858,-4.975728511810303,-0.6007283329963684,base,No
1598,1,0,0.0007096705470443199,-7.6064300537109375,-0.3564302623271942,base,no
1599,1,0,0.00033535025035683324,-8.583382606506348,-0.5833829641342163,base,no
1600,1,0,0.00048785716637881444,-7.774670600891113,-0.14967069029808044,base,no
1601,1,0,0.004609572111002853,-5.614457130432129,-0.2394571155309677,base,no
1602,1,0,0.012431649755527152,-4.783652305603027,-0.4086522161960602,base,no
1603,1,0,0.002800927133601626,-6.363088130950928,-0.4880881905555725,base,no
1604,1,0,0.1645164792819756,-2.1411213874816895,-0.516121506690979,base,no
1605,1,0,0.01798621364681958,-4.347555160522461,-0.34755536913871765,base,no
1606,1,0,0.00017952804423825133,-9.06132698059082,-0.43632739782333374,base,no
1607,1,0,0.0028009273000822866,-6.041739463806152,-0.1667395830154419,base,no
1608,1,1,0.7981867969424066,-0.7055901288986206,-2.08059024810791,base,Yes
1609,1,0,0.05340332678672523,-3.623727560043335,-0.7487275004386902,base,no
1610,1,0,0.005220125538798635,-5.618622303009033,-0.3686222732067108,base,no
1611,1,0,0.4073334000459302,-1.2687166929244995,-0.8937166929244995,base,No
1612,1,0,0.1645164628965632,-2.370734214782715,-0.7457342147827148,base,No
1613,1,0,0.001501182301408549,-6.897793769836426,-0.39779379963874817,base,no
1614,1,0,0.00359360194114313,-5.875358581542969,-0.2503584027290344,base,no
1615,1,0,0.13296425394084313,-2.391307830810547,-0.5163079500198364,base,no
1616,1,1,0.5312093733737563,-1.1152818202972412,-1.2402818202972412,base,Yes
1617,1,0,0.0035936022612815957,-5.99346923828125,-0.36846914887428284,base,no
1618,1,0,0.29421497216298875,-1.7744697332382202,-0.8994697332382202,base,No
1619,1,0,0.4073334000459302,-1.4210036993026733,-1.0460036993026733,base,no
1620,1,0,0.03732688948593843,-3.8351969718933105,-0.5851970314979553,base,no
1621,1,0,0.0011695103346822365,-7.344671726226807,-0.5946717858314514,base,no
1622,1,0,0.025957358704815272,-4.290165424346924,-0.6651654839515686,base,no
1623,1,0,0.20181320305759334,-2.119046211242676,-0.7440460920333862,base,no
1624,1,0,0.22270014914315833,-2.0197362899780273,-0.7697363495826721,base,no
1625,1,0,0.022977367902892003,-4.171557426452637,-0.42155733704566956,base,no
1626,1,0,0.0015011824354232285,-6.760607719421387,-0.26060783863067627,base,no
1627,1,0,0.0028009264676790765,-6.578449726104736,-0.703449547290802,base,no
1628,1,0,0.46879062662624377,-1.180992841720581,-1.055992841720581,base,no
1629,1,1,0.5312093733737563,-0.8510662317276001,-0.9760662317276001,base,yes
1630,1,0,0.008577483386221569,-5.290836334228516,-0.5408360958099365,base,no
1631,1,0,0.01798621417320936,-4.611228942871094,-0.6112291812896729,base,no
1632,1,0,0.18242551491653522,-2.3297975063323975,-0.8297974467277527,base,no
1633,1,0,0.006692850329902297,-5.363728046417236,-0.36372795701026917,base,no
1634,1,0,0.0953494674697966,-2.6644246578216553,-0.41442468762397766,base,no
1635,1,1,0.6224593312018546,-0.9708925485610962,-1.4708925485610962,base,Yes
1636,1,0,0.01590639077880068,-4.6010050773620605,-0.47600501775741577,base,no
1637,1,0,0.3775406547908327,-1.4235920906066895,-0.9235920310020447,base,No
1638,1,0,0.03308597457504463,-3.8032264709472656,-0.4282263517379761,base,no
1639,1,0,0.007577241043752515,-5.274777412414551,-0.3997773826122284,base,no
1640,1,0,0.0011695102650555148,-7.3901472091674805,-0.6401472091674805,base,No
1641,1,0,0.34864513533394575,-1.4581600427627563,-0.8331600427627563,base,No
1642,1,0,0.002182715990988994,-6.4150309562683105,-0.29003074765205383,base,no
1643,1,0,0.0009110513029074721,-7.488924503326416,-0.48892462253570557,base,no
1644,1,0,0.003593602688132928,-5.981204032897949,-0.3562040627002716,base,no
1645,1,0,0.009708477627578704,-5.1176557540893555,-0.492655873298645,base,no
1646,1,0,0.0008040859595735953,-7.310019016265869,-0.18501904606819153,base,no
1647,1,0,0.09534947518185825,-2.8686881065368652,-0.6186882257461548,base,No
1648,1,0,0.014063627869714051,-4.7970194816589355,-0.5470195412635803,base,no
1649,1,0,0.03308597791199666,-3.440903902053833,-0.06590388715267181,base,no
1650,1,0,0.004609573051109078,-5.396031856536865,-0.021032046526670456,base,no
1651,1,0,0.46879062662624377,-1.1597532033920288,-1.0347532033920288,base,no
1652,1,0,0.14804719051380197,-2.3966257572174072,-0.6466256976127625,base,no
1653,1,0,0.07585817166422973,-2.948026657104492,-0.44802653789520264,base,no
1654,1,1,0.7310585669110203,-0.8057244420051575,-1.8057243824005127,base,Yes
1655,1,0,0.033085978388704126,-3.721055030822754,-0.3460550308227539,base,no
1656,1,0,0.0013250226538317129,-7.026819705963135,-0.4018198847770691,base,no
1657,1,0,0.0031726825597252145,-6.04606294631958,-0.2960628569126129,base,no
1658,1,0,0.1480472055495773,-2.555335521697998,-0.8053355813026428,base,no
1659,1,0,0.1480472055495773,-2.508044481277466,-0.7580445408821106,base,no
1660,1,0,0.005911067455265844,-5.528689384460449,-0.4036891460418701,base,no
1661,1,1,0.9399133481428692,-0.34145548939704895,-3.0914554595947266,base,Yes
1662,1,1,0.6224593312018546,-0.8783930540084839,-1.3783930540084839,base,yes
1663,1,1,0.5621765008857981,-1.0436686277389526,-1.2936686277389526,base,Yes
1664,1,0,0.0007096704360865182,-7.370893478393555,-0.12089353054761887,base,no
1665,1,0,0.03732688948593843,-3.938549518585205,-0.6885495781898499,base,no
1666,1,0,0.18242552380635632,-2.2839858531951904,-0.7839858531951904,base,no
1667,1,0,0.5,-1.1451548337936401,-1.1451548337936401,base,no
1668,1,0,0.0015011821673938809,-6.865339279174805,-0.3653392195701599,base,no
1669,1,0,0.32082130082460697,-1.7064013481140137,-0.9564013481140137,base,no
1670,1,0,0.002472622715588583,-6.328662395477295,-0.3286622166633606,base,no
1671,1,0,0.0024726234506656126,-6.5373029708862305,-0.53730309009552,base,no
1672,1,0,0.02931222905542399,-3.929133653640747,-0.4291335940361023,base,no
1673,1,0,0.0008040859835179557,-7.38351583480835,-0.2585158944129944,base,no
1674,1,1,0.7310585786300049,-0.8519436120986938,-1.8519436120986938,base,Yes
1675,1,0,0.014063628282948357,-4.72105598449707,-0.4710560739040375,base,no
1676,1,0,0.4378234991142019,-1.1871899366378784,-0.9371899366378784,base,no
1677,1,0,0.22270013366638422,-1.5695308446884155,-0.31953081488609314,base,no
1678,1,0,0.10669060530721626,-2.862987995147705,-0.7379881143569946,base,no
1679,1,0,0.005220126041767878,-5.339231967926025,-0.08923203498125076,base,no
1680,1,0,0.0035936021545687705,-5.9487833976745605,-0.323783278465271,base,no
1681,1,0,0.00023050674946534992,-8.734452247619629,-0.35945236682891846,base,no
1682,1,0,0.02931222841944938,-3.605684280395508,-0.10568419843912125,base,no
1683,1,0,0.00017952799074433818,-9.154340744018555,-0.5293408632278442,base,no
1684,1,0,0.0017007223228865573,-6.481049060821533,-0.10604900866746902,base,no
1685,1,0,0.033085981248949035,-3.7165088653564453,-0.3415089547634125,base,no
1686,1,1,0.7772998818103892,-0.868526816368103,-2.1185269355773926,base,Yes
1687,1,1,0.5312093733737563,-0.9048311710357666,-1.0298311710357666,base,yes
1688,1,1,0.8933094145755219,-0.48120012879371643,-2.6062002182006836,base,yes
1689,1,0,0.0031726835022585624,-6.191104888916016,-0.44110509753227234,base,no
1690,1,0,0.006692851716795015,-5.267195701599121,-0.26719582080841064,base,no
1691,1,0,0.015906392644828796,-4.3915205001831055,-0.26652055978775024,base,no
1692,1,1,0.5926665999540697,-0.9424799680709839,-1.3174799680709839,base,yes
1693,1,0,9.610241693137392e-05,-9.415359497070312,-0.1653595119714737,base,no
1694,1,0,0.001700722411435288,-7.023211479187012,-0.6482114791870117,base,no
1695,1,0,0.0021827164453451808,-6.714743614196777,-0.5897436141967773,base,no
1696,1,0,0.01406362456384003,-4.670191287994385,-0.42019110918045044,base,no
1697,1,1,0.8175744939732856,-0.6833418607711792,-2.1833419799804688,base,Yes
1698,1,0,0.004609572042631499,-5.589341640472412,-0.21434161067008972,base,no
1699,1,0,0.0675466911396291,-3.1705422401428223,-0.5455422401428223,base,no
1700,1,0,0.4073334000459302,-1.3905009031295776,-1.0155009031295776,base,no
1701,1,0,0.02297736991002561,-4.104470729827881,-0.35447072982788086,base,no
1702,1,0,0.014063627869714051,-4.5070109367370605,-0.2570109963417053,base,no
1703,1,0,0.24508500210441886,-1.9273550510406494,-0.8023549914360046,base,No
1704,1,0,0.012431650853185818,-5.028754234313965,-0.6537542343139648,base,No
1705,1,0,0.3208212878370535,-1.5855648517608643,-0.8355647921562195,base,no
1706,1,0,0.20181320305759334,-2.078032970428467,-0.7030328512191772,base,no
1707,1,0,0.02931223053936477,-3.57908296585083,-0.07908295840024948,base,no
1708,1,0,6.605211532899514e-05,-9.944130897521973,-0.31913045048713684,base,no
1709,1,0,0.004070137776299053,-5.734280109405518,-0.23428012430667877,base,no
1710,1,0,0.0015011823460801075,-6.820658206939697,-0.32065826654434204,base,no
1711,1,0,0.4073334000459302,-1.4182474613189697,-1.0432474613189697,base,no
1712,1,0,0.0009110512215273508,-7.3618974685668945,-0.3618974983692169,base,no
1713,1,0,0.0035936028482021903,-5.701830863952637,-0.07683093845844269,base,no
1714,1,0,0.003593603221697163,-5.697175025939941,-0.07217520475387573,base,no
1715,1,0,0.002800927133601626,-6.324442386627197,-0.44944244623184204,base,no
1716,1,0,0.07585817584273653,-2.9370956420898438,-0.437095582485199,base,no
1717,1,0,0.00043055714545500067,-7.956197261810303,-0.20619741082191467,base,no
1718,1,0,0.029312229903390143,-3.850452184677124,-0.35045215487480164,base,no
1719,1,0,0.20181320305759334,-2.1620545387268066,-0.7870544195175171,base,no
1720,1,0,0.017986209435701905,-4.340190887451172,-0.3401908576488495,base,no
1721,1,0,0.009708477914104884,-4.989452838897705,-0.364452987909317,base,no
1722,1,0,0.053403329799824234,-2.972459077835083,-0.09745907783508301,base,no
1723,1,0,0.042087725512577126,-3.6489851474761963,-0.5239850878715515,base,no
1724,1,0,0.0008040860074623171,-7.3856587409973145,-0.2606588304042816,base,no
1725,1,1,0.8807970654616711,-0.7592364549636841,-2.7592363357543945,base,Yes
1726,1,0,0.0006263340461823029,-7.6627655029296875,-0.2877653241157532,base,no
1727,1,0,0.047425867792089564,-3.556001663208008,-0.5560015439987183,base,no
1728,1,0,0.004609571290546667,-5.528398513793945,-0.1533983200788498,base,no
1729,1,1,0.7772998508568416,-0.7220039963722229,-1.9720039367675781,base,Yes
1730,1,0,0.08509903688588204,-2.502807140350342,-0.12780703604221344,base,no
1731,1,0,0.0046095710854326425,-5.86604118347168,-0.4910409450531006,base,no
1732,1,0,0.00029595721050668084,-8.604165077209473,-0.4791654050350189,base,no
1733,1,0,0.16451645470385742,-2.4071898460388184,-0.7821897864341736,base,no
1734,1,0,0.0024726235976810437,-6.233255386352539,-0.2332555651664734,base,no
1735,1,0,0.01098694400690851,-4.5762786865234375,-0.07627881318330765,base,no
1736,1,0,0.0010322310060236924,-7.274214267730713,-0.3992142379283905,base,no
1737,1,0,0.001032230959927003,-7.084842681884766,-0.20984260737895966,base,no
1738,1,0,0.0002305066567466536,-8.520341873168945,-0.14534159004688263,base,no
1739,1,0,0.010986941011398892,-4.9034423828125,-0.40344223380088806,base,no
1740,1,0,0.0031726835493852378,-5.838428020477295,-0.08842824399471283,base,no
1741,1,0,0.0003353502303751044,-8.486350059509277,-0.4863503575325012,base,no
1742,1,0,0.007577241716077422,-5.524223327636719,-0.6492233872413635,base,No
1743,1,0,0.033085981248949035,-3.8159584999084473,-0.44095858931541443,base,no
1744,1,0,0.22270014914315833,-1.880162239074707,-0.6301622986793518,base,no
1745,1,1,0.7772998714925403,-0.8218764662742615,-2.0718765258789062,base,Yes
1746,1,0,0.04742586846527418,-3.246303081512451,-0.24630297720432281,base,no
1747,1,0,0.025957351169724027,-4.1327924728393555,-0.5077922344207764,base,no
1748,1,0,0.3208213138121609,-1.5162696838378906,-0.7662697434425354,base,no
1749,1,0,0.025957353430251177,-4.008845806121826,-0.38384565711021423,base,no
1750,1,0,0.09534947261117097,-2.6447432041168213,-0.39474329352378845,base,no
1751,1,0,0.006692852311177695,-5.4007720947265625,-0.4007723033428192,base,no
1752,1,0,0.00669285052802981,-5.534762859344482,-0.5347627997398376,base,no
1753,1,0,0.0005527785052037703,-7.75623893737793,-0.2562386989593506,base,no
1754,1,0,0.0006263341208003788,-7.906900882720947,-0.5319008231163025,base,no
1755,1,0,0.025957358704815272,-4.176964282989502,-0.5519643425941467,base,no
1756,1,1,0.8933094060543487,-0.4805433750152588,-2.605543375015259,base,Yes
1757,1,0,0.24508502416032488,-1.604766607284546,-0.4797666668891907,base,no
1758,1,0,0.0015011819887076757,-6.933846950531006,-0.43384677171707153,base,no
1759,1,0,0.22270013882530884,-1.8064395189285278,-0.5564395189285278,base,no
1760,1,0,0.042087723109535534,-3.7000513076782227,-0.5750511884689331,base,no
1761,1,0,0.4073334000459302,-1.3220713138580322,-0.9470713138580322,base,no
1762,1,0,0.03732689162774753,-3.826413154602051,-0.5764132738113403,base,no
1763,1,1,0.8175744761936437,-0.6540327072143555,-2.1540327072143555,base,Yes
1764,1,0,0.0035936021545687705,-6.2193379402160645,-0.5943378210067749,base,no
1765,1,0,0.0015011825694379204,-6.986968517303467,-0.4869687259197235,base,no
1766,1,0,0.004609573136573289,-5.819025039672852,-0.4440252482891083,base,no
1767,1,0,0.008577485160275657,-5.200343608856201,-0.4503435790538788,base,no
1768,1,0,0.0035936025814200896,-6.211479663848877,-0.586479663848877,base,no
1769,1,0,0.0021827165751612514,-6.613520622253418,-0.48852068185806274,base,no
1770,1,0,0.22270011818961086,-2.0616278648376465,-0.8116277456283569,base,no
1771,1,1,0.6224593312018546,-0.9622344970703125,-1.4622344970703125,base,Yes
1772,1,0,0.0007096702934265129,-7.535088062286377,-0.285087913274765,base,no
1773,1,1,0.8807970842359877,-0.5695809721946716,-2.5695810317993164,base,Yes
1774,1,0,0.0007096705470443199,-7.5429792404174805,-0.2929794490337372,base,no
1775,1,1,0.9046505299595163,-0.5880866646766663,-2.8380866050720215,base,Yes
1776,1,0,0.0028009267174000135,-6.121629238128662,-0.24662914872169495,base,no
1777,1,0,0.18242552380635632,-2.1790380477905273,-0.6790380477905273,base,no
1778,1,0,0.009708477341052534,-4.952919960021973,-0.3279200494289398,base,no
1779,1,0,0.4073334000459302,-1.2592545747756958,-0.8842545747756958,base,no
1780,1,0,0.0028009263011984638,-6.464334487915039,-0.58933424949646,base,no
1781,1,0,0.0010322311289482067,-7.231975078582764,-0.35697516798973083,base,no
1782,1,0,0.009708478773683474,-5.0360260009765625,-0.4110262393951416,base,no
1783,1,0,0.05340332829327471,-3.1372811794281006,-0.2622811496257782,base,no
1784,1,0,0.02595735569077852,-4.286466598510742,-0.6614665389060974,base,no
1785,1,1,0.6513548511303336,-0.9036772847175598,-1.528677225112915,base,Yes
1786,1,1,0.8175744673038221,-0.6692703366279602,-2.1692702770233154,base,Yes
1787,1,0,0.00359360194114313,-5.915335655212402,-0.290335476398468,base,no
1788,1,1,0.5312093733737563,-1.179121494293213,-1.304121494293213,base,Yes
1789,1,1,0.6224593312018546,-0.9440809488296509,-1.4440809488296509,base,Yes
1790,1,0,0.00591106763038807,-5.4957380294799805,-0.37073782086372375,base,no
1791,1,0,0.04208773272170267,-3.566631317138672,-0.4416314363479614,base,No
1792,1,1,0.754914997895581,-0.6757223010063171,-1.800722360610962,base,Yes
1793,1,0,0.0019267344340853601,-6.266469955444336,-0.016469836235046387,base,no
1794,1,0,0.012431652499674001,-4.606457233428955,-0.23145736753940582,base,no
1795,1,1,0.6513548511303336,-0.9565170407295227,-1.581516981124878,base,Yes
1796,1,0,0.012431653414389749,-4.414567947387695,-0.039568156003952026,base,no
1797,1,0,0.0019267345487064141,-6.512903690338135,-0.26290363073349,base,no
1798,1,0,0.0013250226143952844,-6.913759708404541,-0.28875985741615295,base,no
1799,1,1,0.5926665999540697,-1.0031561851501465,-1.3781561851501465,base,Yes
1800,1,0,0.00857748568298809,-4.769909858703613,-0.019909890368580818,base,no
1801,1,0,0.0015011820026675348,-6.523499488830566,-0.023499319329857826,base,no
1802,1,0,5.144221819754439e-05,-9.883278846740723,-0.008278933353722095,base,no
1803,1,0,0.3208212878370535,-1.5640766620635986,-0.8140766024589539,base,no
1804,1,1,0.7981867777396212,-0.5266002416610718,-1.9016002416610718,base,Yes
1805,1,1,0.880797071719777,-0.46433335542678833,-2.4643332958221436,base,yes
1806,1,1,0.5621765008857981,-1.1069989204406738,-1.3569989204406738,base,Yes
1807,1,1,0.7310585786300049,-0.8562642335891724,-1.8562642335891724,base,Yes
1808,1,0,0.0013250222200310669,-7.060746669769287,-0.43574652075767517,base,no
1809,1,0,0.00033535016043906285,-8.31822681427002,-0.3182269036769867,base,no
1810,1,0,0.22270013882530884,-1.7890942096710205,-0.5390942096710205,base,no
1811,1,0,0.02297736522671412,-4.10057258605957,-0.3505723774433136,base,no
1812,1,0,0.0010322310367548194,-7.229260444641113,-0.3542604446411133,base,no
1813,1,0,0.1329642264548166,-2.578711986541748,-0.7037118673324585,base,no
1814,1,0,0.001700722310236739,-6.524308681488037,-0.14930862188339233,base,no
1815,1,0,0.0008040860074623171,-7.522674560546875,-0.39767464995384216,base,no
1816,1,0,0.0075772408196442265,-5.521462917327881,-0.6464628577232361,base,no
1817,1,0,0.0040701384407312935,-5.774233341217041,-0.27423352003097534,base,no
1818,1,0,0.009708475407001092,-4.678044319152832,-0.05304420739412308,base,no
1819,1,0,0.24508500210441886,-1.9248557090759277,-0.799855649471283,base,no
1820,1,0,0.01243164829198241,-4.682392597198486,-0.3073923885822296,base,no
1821,1,1,0.7057850278370112,-0.8066357374191284,-1.6816357374191284,base,Yes
1822,1,0,0.07585818837825822,-3.221238136291504,-0.7212382555007935,base,no
1823,1,0,0.017986208053929125,-4.027284145355225,-0.027284037321805954,base,no
1824,1,0,0.053403333566198224,-2.9500555992126465,-0.07505567371845245,base,no
1825,1,0,0.00017952802284068416,-8.94146728515625,-0.3164675831794739,base,no
1826,1,1,0.8670357598021706,-0.49298763275146484,-2.367987632751465,base,Yes
1827,1,0,0.01098694263059318,-5.213342666625977,-0.7133426666259766,base,no
1828,1,0,0.002472623671188763,-6.332418441772461,-0.33241865038871765,base,no
1829,1,1,0.7057850154599563,-0.807138979434967,-1.6821389198303223,base,Yes
1830,1,0,0.002182715990988994,-6.44472074508667,-0.3197205364704132,base,no
1831,1,0,0.03308597743528921,-3.7499349117279053,-0.3749348819255829,base,no
1832,1,0,0.029312231175339414,-3.5661654472351074,-0.06616546213626862,base,no
1833,1,0,0.004070138199119559,-6.086511611938477,-0.5865117311477661,base,no
1834,1,0,0.0035936028482021903,-5.743090629577637,-0.11809070408344269,base,no
1835,1,0,0.00033535015544363186,-8.229873657226562,-0.22987373173236847,base,no
1836,1,0,0.002182715990988994,-6.387494087219238,-0.26249387860298157,base,no
1837,1,0,0.2942149845400438,-1.6383790969848633,-0.7633791565895081,base,no
1838,1,0,0.00015843623798660378,-8.831429481506348,-0.08142960071563721,base,no
1839,1,0,0.37754066879814546,-1.4164801836013794,-0.9164801836013794,base,no
1840,1,0,0.0006263340275277853,-7.731934070587158,-0.3569338619709015,base,no
1841,1,0,0.033085978388704126,-3.8858039379119873,-0.5108039379119873,base,no
1842,1,0,0.22270013882530884,-1.948095679283142,-0.6980956792831421,base,no
1843,1,1,0.5621765008857981,-1.0348620414733887,-1.2848620414733887,base,Yes
1844,1,0,0.16451647108926923,-2.1936776638031006,-0.5686777234077454,base,no
1845,1,0,0.008577486427457372,-5.153767108917236,-0.4037672281265259,base,no
1846,1,0,0.11920291576401235,-2.592465877532959,-0.5924658179283142,base,no
1847,1,0,0.0013250226538317129,-7.1595258712768555,-0.5345260500907898,base,no
1848,1,0,0.014063628696182679,-4.707518100738525,-0.45751821994781494,base,no
1849,1,0,0.009708476194947928,-4.903022766113281,-0.27802273631095886,base,no
1850,1,0,0.07585818628900447,-2.7977845668792725,-0.2977846562862396,base,no
1851,1,1,0.7549149868676283,-0.7480216026306152,-1.8730216026306152,base,Yes
1852,1,0,0.0052201249197596335,-5.578838348388672,-0.32883819937705994,base,no
1853,1,0,0.0010322312211416022,-7.235967636108398,-0.36096781492233276,base,no
1854,1,0,0.0013250222989039011,-7.0219879150390625,-0.39698782563209534,base,no
1855,1,0,0.000552778571063681,-7.858217239379883,-0.35821712017059326,base,no
1856,1,0,0.007577240049272032,-4.887848377227783,-0.01284821517765522,base,no
1857,1,0,0.053403329799824234,-3.455688714981079,-0.5806887149810791,base,No
1858,1,0,0.015906392761455564,-4.2059197425842285,-0.08091980963945389,base,no
1859,1,0,0.20181323186177208,-2.219869375228882,-0.8448694348335266,base,no
1860,1,0,0.4378234844434674,-1.2430765628814697,-0.993076503276825,base,no
1861,1,0,0.0015011821673938809,-6.685205936431885,-0.18520587682724,base,no
1862,1,1,0.9324533126145177,-0.7054902911186218,-3.3304903507232666,base,Yes
1863,1,0,0.009708478236446848,-4.6660637855529785,-0.04106396809220314,base,no
1864,1,0,0.3208213138121609,-1.7295775413513184,-0.9795776009559631,base,no
1865,1,0,0.022977368655567088,-3.7997710704803467,-0.0497710146009922,base,no
1866,1,0,0.006692849735519792,-5.410160064697266,-0.4101598858833313,base,no
1867,1,0,0.005911067980632537,-5.294689655303955,-0.16968950629234314,base,no
1868,1,0,0.0011695099865486702,-7.144071578979492,-0.3940713405609131,base,no
1869,1,0,0.40733341443526055,-1.330385446548462,-0.9553855061531067,base,No
1870,1,0,0.02595735427794891,-3.6602916717529297,-0.035291556268930435,base,no
1871,1,0,0.002182716899701462,-6.29313850402832,-0.16813871264457703,base,no
1872,1,0,0.0019267350071906994,-6.438551425933838,-0.18855160474777222,base,no
1873,1,0,0.004609571632403393,-6.018576622009277,-0.6435765027999878,base,no
1874,1,0,0.10669059962643358,-2.681255340576172,-0.5562554001808167,base,no
1875,1,1,0.6513548511303336,-0.7854626774787903,-1.4104626178741455,base,Yes
1876,1,0,0.037326887344129464,-3.921463966369629,-0.6714639663696289,base,no
1877,1,0,0.004070137353478592,-5.669369220733643,-0.16936913132667542,base,no
1878,1,1,0.7310585786300049,-0.8166015148162842,-1.8166015148162842,base,Yes
1879,1,0,0.06008664344151498,-3.5290656089782715,-0.7790654897689819,base,no
1880,1,1,0.6224593171945417,-0.6274004578590393,-1.1274003982543945,base,yes
1881,1,0,0.0005527788674333762,-8.14658260345459,-0.6465830206871033,base,No
1882,1,0,0.5,-1.1417914628982544,-1.1417914628982544,base,no
1883,1,0,0.29421497216298875,-1.7841359376907349,-0.9091359376907349,base,no
1884,1,0,0.022977367902892003,-4.173236846923828,-0.42323675751686096,base,no
1885,1,0,0.24508501313237172,-1.4342982769012451,-0.3092982769012451,base,no
1886,1,1,0.9706877684006775,-0.39930418133735657,-3.899304151535034,base,Yes
1887,1,0,0.46879062662624377,-1.2444474697113037,-1.1194474697113037,base,no
1888,1,0,0.0010322309752925658,-7.457356929779053,-0.582356870174408,base,no
1889,1,0,0.1645164628965632,-2.165775775909424,-0.5407757759094238,base,no
1890,1,0,0.0474258704848281,-3.4457008838653564,-0.44570082426071167,base,no
1891,1,0,0.002800926800640331,-6.046741485595703,-0.17174142599105835,base,no
1892,1,0,0.2689414213699951,-1.7093406915664673,-0.7093406915664673,base,no
1893,1,0,0.022977368906458788,-3.9880013465881348,-0.23800130188465118,base,no
1894,1,1,0.5926665999540697,-0.9918240308761597,-1.3668240308761597,base,Yes
1895,1,0,0.01798621101487092,-4.664061546325684,-0.6640616059303284,base,No
1896,1,0,0.0953494648991095,-2.9270222187042236,-0.6770222187042236,base,no
1897,1,0,0.000804086127184134,-7.712980270385742,-0.5879805088043213,base,no
1898,1,0,0.0015011824354232285,-6.796294212341309,-0.29629433155059814,base,no
1899,1,0,0.24508500210441886,-1.8924808502197266,-0.7674807906150818,base,no
1900,1,0,0.06008665017400762,-3.17885422706604,-0.42885422706604004,base,no
1901,1,0,0.0040701369910610885,-5.870087623596191,-0.3700874447822571,base,no
1902,1,0,0.37754066879814546,-1.4335718154907227,-0.9335718154907227,base,no
1903,1,0,0.005220126003077935,-5.798623561859131,-0.5486236214637756,base,no
1904,1,0,0.04742587856304458,-3.750214099884033,-0.7502142190933228,base,no
1905,1,1,0.5621765008857981,-1.1262354850769043,-1.3762354850769043,base,Yes
1906,1,0,0.3775406828054583,-1.410151481628418,-0.9101515412330627,base,no
1907,1,0,0.4378235137849365,-1.249803066253662,-0.9998031258583069,base,no
1908,1,0,0.029312230751356316,-4.012833118438721,-0.5128331184387207,base,No
1909,1,0,0.37754066879814546,-1.4786072969436646,-0.9786072969436646,base,No
1910,1,0,0.08509904616718289,-2.5053036212921143,-0.13030363619327545,base,no
1911,1,0,0.02595736021183377,-4.146222114562988,-0.5212222337722778,base,no
1912,1,0,0.009708477914104884,-5.046503067016602,-0.4215032160282135,base,no
1913,1,0,0.01798621364681958,-4.3787360191345215,-0.3787362277507782,base,no
1914,1,0,0.012431650853185818,-4.437966346740723,-0.06296634674072266,base,no
1915,1,0,0.0031726827953585256,-5.959434509277344,-0.20943449437618256,base,no
1916,1,0,0.29421497216298875,-1.5794326066970825,-0.7044326066970825,base,no
1917,1,1,0.754914975839675,-0.9050357937812805,-2.0300357341766357,base,Yes
1918,1,0,0.11920292202211755,-2.1759228706359863,-0.17592287063598633,base,no
1919,1,0,0.025957356444287677,-4.044449806213379,-0.4194497764110565,base,no
1920,1,0,0.10669060246682488,-2.5174458026885986,-0.3924458920955658,base,no
1921,1,1,0.5926665855647394,-0.8925216794013977,-1.267521619796753,base,yes
1922,1,0,0.029312233295254994,-3.758122205734253,-0.2581222951412201,base,no
1923,1,0,0.03308597648187432,-4.055764675140381,-0.6807646155357361,base,no
1924,1,0,0.01590639171181471,-4.6265435218811035,-0.5015435218811035,base,no
1925,1,0,0.010986944573626636,-4.995935440063477,-0.4959356188774109,base,no
1926,1,0,0.00317268293673852,-6.025506019592285,-0.27550604939460754,base,no
1927,1,0,0.014063628696182679,-4.800583839416504,-0.5505839586257935,base,No
1928,1,0,0.00359360194114313,-6.160665512084961,-0.5356653332710266,base,no
1929,1,0,0.3208213138121609,-1.5494048595428467,-0.7994049191474915,base,no
1930,1,0,0.025957352676742106,-4.131363391876221,-0.5063632130622864,base,No
1931,1,0,0.46879062662624377,-1.261939525604248,-1.136939525604248,base,No
1932,1,0,0.0008040857560465596,-7.313864231109619,-0.18886400759220123,base,no
1933,1,1,0.8933094003735664,-0.6722026467323303,-2.7972025871276855,base,yes
1934,1,0,0.037326887344129464,-3.651207447052002,-0.40120744705200195,base,no
1935,1,0,0.007577241267860811,-5.473607063293457,-0.598607063293457,base,no
1936,1,0,0.02297736991002561,-4.234833717346191,-0.4848337173461914,base,no
1937,1,0,0.01590639171181471,-4.7844672203063965,-0.6594672203063965,base,No
1938,1,0,0.005220126312597491,-5.736691474914551,-0.48669159412384033,base,no
1939,1,0,0.5,-1.1373451948165894,-1.1373451948165894,base,no
1940,1,0,0.03732688948593843,-3.6031525135040283,-0.3531525731086731,base,no
1941,1,0,0.4378234991142019,-1.2865803241729736,-1.0365803241729736,base,no
1942,1,0,0.010986940687560063,-4.950935363769531,-0.4509351849555969,base,no
1943,1,0,0.001325022476367795,-6.798106670379639,-0.17310671508312225,base,no
1944,1,0,0.04208772791561884,-3.608853578567505,-0.4838535785675049,base,no
1945,1,0,0.012431650121413363,-5.112155437469482,-0.7371553778648376,base,no
1946,1,0,0.033085978388704126,-3.6990222930908203,-0.3240222930908203,base,no
1947,1,0,0.02931222905542399,-4.1862897872924805,-0.6862897276878357,base,no
1948,1,0,0.0019267343767748358,-6.387184143066406,-0.1371839940547943,base,no
1949,1,0,0.10669058826486906,-2.6097912788391113,-0.48479121923446655,base,no
1950,1,1,0.9324533051062237,-0.5739291310310364,-3.1989290714263916,base,Yes
1951,1,0,0.0013250221214400305,-6.812270641326904,-0.1872704178094864,base,no
1952,1,1,0.8519528019683106,-0.6295771598815918,-2.379577159881592,base,Yes
1953,1,0,0.002472623009619369,-6.2899980545043945,-0.28999799489974976,base,no
1954,1,0,0.2689414213699951,-1.8271723985671997,-0.8271723985671997,base,no
1955,1,1,0.6513548511303336,-0.9100003838539124,-1.5350003242492676,base,Yes
1956,1,0,0.0015011826141094868,-6.787790298461914,-0.28779053688049316,base,no
1957,1,0,0.005220126312597491,-5.577370643615723,-0.3273707628250122,base,no
1958,1,0,0.008577483893094128,-5.120851039886475,-0.3708508610725403,base,no
1959,1,0,0.002182716380437148,-6.417412281036377,-0.29241225123405457,base,no
1960,1,0,0.005911069731855184,-5.344038963317871,-0.21903911232948303,base,no
1961,1,0,0.00669285241024148,-5.041354656219482,-0.04135487973690033,base,no
1962,1,1,0.914900957313305,-0.48010513186454773,-2.85510516166687,base,Yes
1963,1,0,0.2689414213699951,-1.943358063697815,-0.9433580636978149,base,no
1964,1,0,0.03732688948593843,-3.8160133361816406,-0.5660133957862854,base,No
1965,1,0,0.003172683384441879,-5.771954536437988,-0.02195470780134201,base,no
1966,1,0,0.04208773242132242,-3.226839065551758,-0.10183917731046677,base,no
1967,1,0,0.005220126003077935,-5.741343021392822,-0.49134308099746704,base,no
1968,1,0,0.07585818837825822,-3.1505231857299805,-0.65052330493927,base,No
1969,1,0,0.02033235096813516,-4.384528160095215,-0.5095280408859253,base,no
1970,1,0,0.008577484906839334,-5.126025676727295,-0.37602561712265015,base,no
1971,1,0,0.0015011820780507757,-6.901567459106445,-0.40156733989715576,base,no
1972,1,0,0.020332355123551627,-4.191936492919922,-0.31693658232688904,base,no
1973,1,0,0.004609572999830552,-5.777492046356201,-0.4024922251701355,base,no
1974,1,0,0.0002611903424418554,-8.412941932678223,-0.16294202208518982,base,no
1975,1,0,0.16451646494473965,-1.8446733951568604,-0.21967341005802155,base,no
1976,1,0,0.1480471980316895,-2.339509963989258,-0.5895099639892578,base,no
1977,1,0,0.4073334000459302,-1.3687111139297485,-0.9937111139297485,base,no
1978,1,0,0.0017007225379334816,-6.543368339538574,-0.1683684140443802,base,no
1979,1,0,0.4073334000459302,-1.3806949853897095,-1.0056949853897095,base,No
1980,1,1,0.8670357598021706,-0.7083621025085449,-2.583362102508545,base,Yes
1981,1,0,0.20181321265898594,-2.1119558811187744,-0.7369558215141296,base,no
1982,1,0,0.06008665354025422,-3.1982152462005615,-0.4482153058052063,base,No
1983,1,0,0.20181324146316565,-2.0839591026306152,-0.7089592218399048,base,no
1984,1,0,0.0011695101606154403,-7.142807483673096,-0.39280739426612854,base,no
1985,1,0,0.00048785701379091184,-7.6499505043029785,-0.024950280785560608,base,no
1986,1,0,0.0009110511401472368,-7.39717960357666,-0.3971795439720154,base,no
1987,1,0,0.009708476481474066,-5.235858917236328,-0.6108589172363281,base,no
1988,1,0,0.0006263341394548992,-7.66242790222168,-0.2874278724193573,base,no
1989,1,0,0.0159063879797589,-4.586953163146973,-0.46195292472839355,base,no
1990,1,0,0.07585818002124356,-3.1159324645996094,-0.6159324645996094,base,no
1991,1,0,0.00017952802284068416,-8.832584381103516,-0.2075846791267395,base,no
1992,1,0,0.0059110692064883365,-5.366306304931641,-0.2413063645362854,base,no
1993,1,0,0.025957363225871038,-4.047162055969238,-0.4221622943878174,base,no
1994,1,1,0.5926665999540697,-1.0032798051834106,-1.3782798051834106,base,Yes
1995,1,0,0.0011695101954287976,-7.240081787109375,-0.4900817275047302,base,no
1996,1,0,0.11920291576401235,-2.497239351272583,-0.49723929166793823,base,no
1997,1,0,0.0015011819887076757,-7.035778045654297,-0.5357778668403625,base,no
1998,1,0,0.01798620785653302,-4.326241493225098,-0.3262413740158081,base,no
1999,1,0,0.0010322310290720375,-6.976912498474121,-0.1019124910235405,base,no
2000,1,0,0.0004878571872688285,-7.6372199058532715,-0.01222003810107708,base,no
2001,1,0,0.1480472055495773,-2.3861870765686035,-0.6361871361732483,base,no
2002,1,0,0.1329642264548166,-2.578711986541748,-0.7037118673324585,base,no
2003,1,1,0.5926665999540697,-1.068514108657837,-1.443514108657837,base,Yes
2004,1,1,0.754914975839675,-0.6952598690986633,-1.8202598094940186,base,Yes
2005,1,0,0.02297737526238275,-4.309743881225586,-0.559744119644165,base,no
2006,1,0,0.0011695101258020842,-7.10889196395874,-0.3588918447494507,base,no
2007,1,0,0.0097084767859081,-4.649289608001709,-0.02428963966667652,base,no
2008,1,1,0.8807970842359877,-0.5328945517539978,-2.5328946113586426,base,Yes
2009,1,0,0.006692850924284856,-5.708438873291016,-0.7084388732910156,base,no
2010,1,0,0.0011695102302421558,-7.184170246124268,-0.4341702163219452,base,no
2011,1,0,0.005220125074519377,-5.384039402008057,-0.1340392827987671,base,no
2012,1,0,0.012431651219072064,-4.6562652587890625,-0.2812652885913849,base,no
2013,1,0,0.00020342693259498847,-8.66555118560791,-0.16555096209049225,base,no
2014,1,0,0.037326887344129464,-3.693207263946533,-0.4432072639465332,base,no
2015,1,0,0.0008040858398518034,-7.61097526550293,-0.48597514629364014,base,no
2016,1,0,0.010986945221304533,-5.213457107543945,-0.7134573459625244,base,no
2017,1,1,0.7549149868676283,-0.6889562606811523,-1.8139562606811523,base,Yes
2018,1,1,0.6224593171945417,-0.8905459046363831,-1.3905458450317383,base,Yes
2019,1,0,0.005220126312597491,-5.546965599060059,-0.29696571826934814,base,no
2020,1,1,0.6224593452091672,-0.9148063063621521,-1.4148063659667969,base,Yes
2021,1,0,0.0031726828424851893,-6.300011157989502,-0.550011157989502,base,no
2022,1,0,0.34864513533394575,-1.602360486984253,-0.9773604869842529,base,no
2023,1,0,0.0007096702934265129,-7.687558174133301,-0.43755802512168884,base,no
2024,1,0,0.005911069031366064,-5.495889186859131,-0.37088921666145325,base,no
2025,1,0,0.008577486332418735,-4.787842750549316,-0.03784285858273506,base,no
2026,1,1,0.7981867969424066,-0.6658509969711304,-2.04085111618042,base,Yes
2027,1,0,0.0015011825247663551,-6.895318984985352,-0.3953191637992859,base,no
2028,1,0,0.0004305570556724632,-7.984001159667969,-0.23400110006332397,base,no
2029,1,0,0.34864513533394575,-1.5042200088500977,-0.8792200088500977,base,no
2030,1,0,6.60521389495163e-05,-9.770228385925293,-0.1452282965183258,base,no
2031,1,0,0.00218271696460951,-6.609687805175781,-0.48468804359436035,base,no
2032,1,1,0.867035752930664,-0.6105421185493469,-2.485542058944702,base,Yes
2033,1,0,0.11920292202211755,-2.7435202598571777,-0.7435202598571777,base,no
2034,1,0,0.37754066879814546,-1.3920166492462158,-0.8920166492462158,base,no
2035,1,1,0.5312093733737563,-0.973336935043335,-1.098336935043335,base,yes
2036,1,0,0.0010322311596793377,-7.024558067321777,-0.1495581865310669,base,no
2037,1,0,0.00020342688107342026,-8.853126525878906,-0.35312604904174805,base,no
2038,1,0,0.0002959570870602814,-8.51732349395752,-0.39232340455055237,base,no
2039,1,0,0.017986206803753842,-4.552762031555176,-0.5527618527412415,base,no
2040,1,0,0.008577484399966718,-5.293484210968018,-0.543484091758728,base,no
2041,1,0,0.29421497216298875,-1.7469795942306519,-0.8719795942306519,base,no
2042,1,0,0.5,-1.1881511211395264,-1.1881511211395264,base,no
2043,1,0,0.04742587115801275,-3.0710947513580322,-0.07109470665454865,base,no
2044,1,0,0.008577483893094128,-5.302456378936768,-0.5524562001228333,base,no
2045,1,1,0.7057850154599563,-0.9578076004981995,-1.8328075408935547,base,Yes
2046,1,0,0.010986941011398892,-4.79071569442749,-0.2907155454158783,base,no
2047,1,0,0.0024726235976810437,-6.450027942657471,-0.45002812147140503,base,no
2048,1,0,0.40733341443526055,-1.2466020584106445,-0.8716021180152893,base,no
2049,1,1,0.6224593171945417,-0.9322436451911926,-1.4322435855865479,base,Yes
2050,1,0,0.02297737526238275,-4.2747602462768555,-0.5247604846954346,base,no
2051,1,0,0.0003353500305578816,-8.356266975402832,-0.35626667737960815,base,no
2052,1,0,0.003172683219498529,-6.238533020019531,-0.4885331392288208,base,no
2053,1,1,0.6224593312018546,-0.8754181861877441,-1.3754181861877441,base,Yes
2054,1,0,0.00023050662584042975,-8.66136360168457,-0.2863631844520569,base,no
2055,1,0,0.006692851419603695,-5.198207855224609,-0.19820792973041534,base,no
2056,1,0,0.0021827168347934166,-6.661684513092041,-0.5366846919059753,base,no
2057,1,0,0.3775406828054583,-1.3781378269195557,-0.8781378865242004,base,no
2058,1,0,0.22270012850745968,-1.9602959156036377,-0.7102958559989929,base,no
2059,1,0,0.04208772791561884,-3.700937271118164,-0.5759372711181641,base,No
2060,1,0,0.0011695100909887293,-7.009024620056152,-0.2590244710445404,base,no
2061,1,1,0.5926665999540697,-1.0296614170074463,-1.4046614170074463,base,yes
2062,1,0,0.0009110512757807642,-7.437649726867676,-0.43764981627464294,base,no
2063,1,0,0.000552778760410968,-7.708171367645264,-0.20817159116268158,base,no
2064,1,0,0.02297737057907019,-3.84542179107666,-0.09542182087898254,base,no
2065,1,0,0.0373268854700467,-3.3324174880981445,-0.08241743594408035,base,no
2066,1,1,0.5312093733737563,-1.1605877876281738,-1.2855877876281738,base,Yes
2067,1,0,0.0010322311596793377,-7.082279205322266,-0.20727932453155518,base,no
2068,1,0,0.0021827164128911643,-6.359367370605469,-0.23436735570430756,base,no
2069,1,0,0.0021827165751612514,-6.671111106872559,-0.5461111664772034,base,no
2070,1,0,0.008577486174021013,-5.120081901550293,-0.37008199095726013,base,no
2071,1,0,0.00407013783670198,-5.99337100982666,-0.49337103962898254,base,no
2072,1,1,0.6513548511303336,-0.9525032639503479,-1.5775032043457031,base,Yes
2073,1,1,0.9399133498259924,-0.44049644470214844,-3.1904964447021484,base,Yes
2074,1,0,0.005220125229279126,-5.698281288146973,-0.4482811987400055,base,no
2075,1,0,0.0015011822567369915,-6.792259693145752,-0.29225969314575195,base,no
2076,1,0,0.005220125074519377,-5.547819137573242,-0.29781901836395264,base,no
2077,1,1,0.679178699175393,-0.8562767505645752,-1.6062767505645752,base,Yes
2078,1,0,0.0006263341767639418,-7.5809760093688965,-0.20597603917121887,base,no
2079,1,0,0.3486451217982255,-1.446545124053955,-0.8215450644493103,base,no
2080,1,0,0.0021827168347934166,-6.449367523193359,-0.3243677020072937,base,no
2081,1,0,0.0021827167698853724,-6.573160648345947,-0.4481607973575592,base,no
2082,1,0,0.01590639077880068,-4.536895751953125,-0.4118956923484802,base,no
2083,1,0,0.01590639217832175,-4.50274658203125,-0.3777466118335724,base,no
2084,1,0,0.05340332829327471,-3.29573917388916,-0.42073914408683777,base,no
2085,1,1,0.8933094060543487,-0.5885634422302246,-2.7135634422302246,base,Yes
2086,1,1,0.9241418116217418,-0.5574733018875122,-3.0574731826782227,base,yes
2087,1,0,0.03308598029553404,-3.983955144882202,-0.6089552044868469,base,no
2088,1,0,0.022977371582637088,-3.9686856269836426,-0.21868570148944855,base,no
2089,1,0,0.001700722209038197,-6.735091209411621,-0.36009109020233154,base,no
2090,1,0,0.29421497216298875,-1.6394233703613281,-0.7644233703613281,base,no
2091,1,0,0.5,-1.1370521783828735,-1.1370521783828735,base,no
2092,1,0,0.01590639077880068,-4.734814167022705,-0.6098141074180603,base,No
2093,1,0,0.002182716510253215,-6.445376873016357,-0.3203769028186798,base,no
2094,1,0,0.4073334000459302,-1.3119930028915405,-0.9369930028915405,base,No
2095,1,0,0.0008040859835179557,-7.4131693840026855,-0.2881694436073303,base,no
2096,1,0,0.017986207330143424,-4.2978034019470215,-0.29780325293540955,base,no
2097,1,0,0.0031726822769652645,-6.020399570465088,-0.27039939165115356,base,no
2098,1,0,0.22270014914315833,-2.1417582035064697,-0.8917582631111145,base,no
2099,1,1,0.5621765008857981,-1.038840413093567,-1.288840413093567,base,Yes
2100,1,0,0.29421497216298875,-1.7565869092941284,-0.8815869092941284,base,No
2101,1,1,0.8933094060543487,-0.5885634422302246,-2.7135634422302246,base,Yes
2102,1,1,0.7772998714925403,-0.6807593703269958,-1.9307594299316406,base,Yes
2103,1,0,0.0008040857440743825,-7.520197868347168,-0.39519762992858887,base,no
2104,1,0,0.0031726822769652645,-6.1867594718933105,-0.4367592930793762,base,no
2105,1,0,0.0013250223383403197,-7.264585018157959,-0.6395849585533142,base,no
2106,1,0,0.0021827160558970152,-6.519837856292725,-0.3948376774787903,base,no
2107,1,0,0.16451647108926923,-2.063039779663086,-0.4380398392677307,base,no
2108,1,0,0.033085978388704126,-3.8489339351654053,-0.4739339351654053,base,no
2109,1,0,0.017986207659136923,-4.061887741088867,-0.06188761070370674,base,no
2110,1,1,0.8519527869325346,-0.8297306299209595,-2.57973051071167,base,Yes
2111,1,0,0.10669058826486906,-2.8217902183532715,-0.6967901587486267,base,no
2112,1,0,0.0009110510587671301,-7.183261871337891,-0.1832617223262787,base,no
2113,1,0,0.001501182301408549,-6.767219066619873,-0.26721909642219543,base,no
2114,1,0,0.005911068330877026,-5.525934219360352,-0.4009341299533844,base,no
2115,1,1,0.7981867873410141,-0.6941789984703064,-2.069179058074951,base,Yes
2116,1,0,0.0075772408196442265,-5.152750492095947,-0.2777504324913025,base,no
2117,1,0,0.002472623303650189,-6.295261859893799,-0.2952619194984436,base,no
2118,1,0,0.00218271670497733,-6.455677509307861,-0.3306776285171509,base,no
2119,1,0,0.007577241043752515,-5.012900352478027,-0.13790032267570496,base,no
2120,1,0,0.4378234991142019,-1.3022384643554688,-1.0522384643554688,base,no
2121,1,0,0.14804720179063335,-1.9749003648757935,-0.22490039467811584,base,no
2122,1,0,0.012431651584958318,-4.978857040405273,-0.6038571000099182,base,no
2123,1,0,0.13296425394084313,-2.625084400177002,-0.7500845193862915,base,no
2124,1,1,0.5621765008857981,-1.033663034439087,-1.283663034439087,base,Yes
2125,1,0,0.001700722158438928,-6.700682640075684,-0.32568249106407166,base,no
2126,1,0,0.4073334000459302,-1.362345814704895,-0.987345814704895,base,no
2127,1,0,0.005911068505999277,-5.562226295471191,-0.43722623586654663,base,no
2128,1,1,0.679178699175393,-0.8373216390609741,-1.5873216390609741,base,Yes
2129,1,1,0.5312093733737563,-1.1242976188659668,-1.2492976188659668,base,Yes
2130,1,1,0.9149009549929797,-0.5447189807891846,-2.9197189807891846,base,Yes
2131,1,0,0.0007096704413702227,-7.456506729125977,-0.20650678873062134,base,no
2132,1,0,0.0953494648991095,-2.7409119606018066,-0.49091196060180664,base,no
2133,1,0,0.32082130082460697,-1.671693205833435,-0.9216932058334351,base,no
2134,1,0,0.22270012850745968,-2.017458915710449,-0.7674588561058044,base,no
2135,1,0,0.09534947004048376,-2.6080143451690674,-0.35801440477371216,base,no
2136,1,0,0.37754066879814546,-1.4376344680786133,-0.9376344680786133,base,no
2137,1,0,0.07585817532042316,-2.603994131088257,-0.10399406403303146,base,no
2138,1,0,0.0013250224960860068,-7.063843727111816,-0.4388437867164612,base,no
2139,1,1,0.7772998611746911,-0.4036984443664551,-1.653698444366455,base,yes
2140,1,0,0.0021827165751612514,-6.315296649932861,-0.1902967095375061,base,no
2141,1,0,0.4073334000459302,-1.2774698734283447,-0.9024698734283447,base,no
2142,1,0,0.01098694392594878,-4.776556015014648,-0.276556134223938,base,no
2143,1,0,0.3486451217982255,-1.5996508598327637,-0.9746508002281189,base,No
2144,1,0,0.08509904036636974,-3.043691873550415,-0.6686918139457703,base,No
2145,1,0,0.02931223244728875,-3.7686312198638916,-0.2686312794685364,base,no
2146,1,0,0.09534947518185825,-2.923595905303955,-0.6735960245132446,base,no
2147,1,0,0.3486451488696663,-1.4648959636688232,-0.839896023273468,base,no
2148,1,0,0.1329642333263228,-2.418970823287964,-0.5439707636833191,base,no
2149,1,0,0.00048785716637881444,-7.980248928070068,-0.3552490174770355,base,no
2150,1,0,0.007577241716077422,-5.319924354553223,-0.44492441415786743,base,no
2151,1,0,0.4073334000459302,-1.4005779027938843,-1.0255779027938843,base,No
2152,1,0,0.020332353342658753,-4.37222957611084,-0.49722957611083984,base,no
2153,1,0,0.2942149597859341,-1.678307294845581,-0.8033072352409363,base,no
2154,1,0,0.04742587738497127,-3.0533502101898193,-0.0533503033220768,base,no
2155,1,0,0.5,-1.1376856565475464,-1.1376856565475464,base,no
2156,1,0,0.060086656906500974,-3.336263656616211,-0.5862637758255005,base,no
2157,1,0,0.00037998442419093204,-8.354988098144531,-0.47998785972595215,base,no
2158,1,0,0.01243164938964095,-5.031589508056641,-0.6565893888473511,base,No
2159,1,0,0.2689414272294874,-1.3547128438949585,-0.3547128736972809,base,no
2160,1,0,0.01590639217832175,-4.576827049255371,-0.4518270790576935,base,no
2161,1,0,0.10669060530721626,-2.927700996398926,-0.8027011156082153,base,no
2162,1,0,0.0021827165751612514,-6.4492998123168945,-0.3242998719215393,base,no
2163,1,1,0.8354835207180245,-0.779302716255188,-2.4043025970458984,base,Yes
2164,1,1,0.5926665999540697,-1.0172276496887207,-1.3922276496887207,base,Yes
2165,1,0,0.0009110514114143117,-7.266576766967773,-0.26657700538635254,base,no
2166,1,0,0.022977365895758564,-4.174200534820557,-0.4242003560066223,base,no
2167,1,0,0.00029595704738109255,-8.358019828796387,-0.2330196052789688,base,no
2168,1,0,0.1824255415859996,-2.0295028686523438,-0.5295029878616333,base,no
2169,1,0,0.020332350374504305,-4.155683994293213,-0.28068384528160095,base,no
2170,1,1,0.7310585903489892,-0.7622691988945007,-1.7622692584991455,base,Yes
2171,1,0,0.0002611902140381334,-8.365626335144043,-0.11562593281269073,base,no
2172,1,0,0.060086656906500974,-3.45609188079834,-0.7060920000076294,base,No
2173,1,0,0.0006263340834913398,-7.700779438018799,-0.3257793188095093,base,no
2174,1,0,0.004609572316116922,-5.642064094543457,-0.2670641243457794,base,no
2175,1,0,0.07585818419975078,-3.168055534362793,-0.6680555939674377,base,no
2176,1,0,0.008577487441202876,-5.194280624389648,-0.44428086280822754,base,no
2177,1,0,0.10669059394565118,-2.694956064224243,-0.5699560642242432,base,no
2178,1,0,0.01590639357784294,-4.729714393615723,-0.6047145128250122,base,No
2179,1,0,0.0019267343194643127,-6.686389923095703,-0.4363897442817688,base,no
2180,1,1,0.5926665999540697,-0.9469401836395264,-1.3219401836395264,base,Yes
2181,1,1,0.6791786861878392,-0.8043909668922424,-1.5543909072875977,base,Yes
2182,1,0,0.003593603221697163,-6.036780834197998,-0.4117810130119324,base,no
2183,1,0,0.22270013882530884,-1.8415735960006714,-0.5915735960006714,base,no
2184,1,0,0.020332352155396922,-4.5391364097595215,-0.6641363501548767,base,no
2185,1,0,0.000626334102145859,-7.630823135375977,-0.2558230459690094,base,no
2186,1,0,0.0059110692064883365,-5.425780296325684,-0.30078035593032837,base,no
2187,1,0,0.004609571905888793,-5.9149603843688965,-0.5399603247642517,base,no
2188,1,0,0.00132502237777674,-6.948493957519531,-0.32349392771720886,base,no
2189,1,0,0.00359360194114313,-5.916982173919678,-0.2919819951057434,base,no
2190,1,0,0.07585818733363135,-2.7232725620269775,-0.2232726663351059,base,no
2191,1,1,0.8519528019683106,-0.5749711990356445,-2.3249711990356445,base,Yes
2192,1,0,0.000430557273715801,-8.111724853515625,-0.3617253005504608,base,no
2193,1,0,0.08509904964767095,-2.748936176300049,-0.3739362359046936,base,no
2194,1,1,0.5926666143433998,-0.9836358428001404,-1.3586359024047852,base,Yes
2195,1,0,0.0046095710854326425,-5.530211448669434,-0.1552112102508545,base,no
2196,1,0,0.0009110513300341806,-7.235805511474609,-0.2358056604862213,base,no
2197,1,1,0.7549149868676283,-0.5128059387207031,-1.6378059387207031,base,Yes
2198,1,0,0.34864513533394575,-1.5042895078659058,-0.8792895078659058,base,no
2199,1,1,0.5621765008857981,-0.8977428674697876,-1.1477428674697876,base,yes
2200,1,0,0.20181324146316565,-2.0035505294799805,-0.62855064868927,base,no
2201,1,0,0.009708478200631072,-5.216358184814453,-0.5913583636283875,base,no
2202,1,0,0.009708477627578704,-5.332306861877441,-0.707306981086731,base,no
2203,1,0,0.00669285191492257,-5.2392191886901855,-0.23921933770179749,base,no
2204,1,0,0.053403331683011195,-2.967603921890259,-0.09260395914316177,base,no
2205,1,0,0.0006263341860912028,-7.5038323402404785,-0.1288323849439621,base,no
2206,1,0,0.0035936018344303144,-5.6754584312438965,-0.05045822262763977,base,no
2207,1,0,0.46879062662624377,-1.1981067657470703,-1.0731067657470703,base,no
2208,1,0,0.06008665017400762,-3.0851593017578125,-0.3351593017578125,base,no
2209,1,0,0.00757724055351564,-4.90378475189209,-0.028784656897187233,base,no
2210,1,1,0.5926665999540697,-0.9932683706283569,-1.368268370628357,base,Yes
2211,1,0,0.09534946104307897,-2.4528448581695557,-0.20284481346607208,base,no
2212,1,0,0.005911069731855184,-5.344038963317871,-0.21903911232948303,base,no
2213,1,0,0.010986943602109868,-4.910223007202148,-0.4102230966091156,base,no
2214,1,1,0.9859363758493941,-0.41213396191596985,-4.662134170532227,base,Yes
2215,1,0,0.0013250224172131609,-6.944652557373047,-0.3196525573730469,base,no
2216,1,0,0.5,-1.1106088161468506,-1.1106088161468506,base,No
2217,1,0,0.0010322312211416022,-7.407413959503174,-0.5324141383171082,base,no
2218,1,0,0.004609571905888793,-5.820971488952637,-0.44597142934799194,base,no
2219,1,0,0.06754669348597103,-2.712235689163208,-0.08723572641611099,base,no
2220,1,0,0.0019267347779485435,-6.733307838439941,-0.4833078980445862,base,no
2221,1,0,0.005220126622117065,-5.849720001220703,-0.5997201800346375,base,no
2222,1,0,0.2689414213699951,-1.766526222229004,-0.7665262222290039,base,no
2223,1,0,0.06754669864792355,-3.225306510925293,-0.6003066301345825,base,No
2224,1,0,0.00359360194114313,-5.875358581542969,-0.2503584027290344,base,no
2225,1,0,0.0028009275081831283,-6.025908470153809,-0.1509086638689041,base,no
2226,1,0,0.06754669677084987,-3.0348587036132812,-0.4098587930202484,base,no
2227,1,0,0.010986941982915435,-4.8149590492248535,-0.31495898962020874,base,no
2228,1,0,0.0024726235976810437,-6.3249006271362305,-0.3249008059501648,base,no
2229,1,0,0.09534947004048376,-2.914703845977783,-0.664703905582428,base,no
2230,1,1,0.9149009480320036,-0.4498830735683441,-2.824882984161377,base,Yes
2231,1,0,0.22270013882530884,-1.5562249422073364,-0.3062249422073364,base,no
2232,1,0,0.0011695100561753752,-7.288750648498535,-0.5387504696846008,base,no
2233,1,0,0.29421497216298875,-1.7257378101348877,-0.8507378101348877,base,No
2234,1,0,0.017986209962091555,-4.581977844238281,-0.5819778442382812,base,No
2235,1,0,0.4378234991142019,-1.286539077758789,-1.036539077758789,base,no
2236,1,0,0.015906388912772775,-4.400289535522461,-0.2752893567085266,base,no
2237,1,0,0.22270013882530884,-1.9114097356796265,-0.6614097356796265,base,no
2238,1,0,0.0010322312211416022,-7.131328105926514,-0.256328284740448,base,no
2239,1,1,0.5926665999540697,-0.985456109046936,-1.360456109046936,base,Yes
2240,1,1,0.5621765008857981,-1.0436686277389526,-1.2936686277389526,base,Yes
2241,1,0,0.3208212878370535,-1.5913991928100586,-0.8413991332054138,base,no
2242,1,1,0.9149009596336303,-0.6972488760948181,-3.072248935699463,base,Yes
2243,1,0,0.0010322312211416022,-7.105833053588867,-0.2308332324028015,base,no
2244,1,0,0.014063629109417006,-4.704981803894043,-0.4549819529056549,base,no
2245,1,0,0.0013250225429167614,-6.643983840942383,-0.018983935937285423,base,no
2246,1,0,0.012431648200510868,-4.397979259490967,-0.022979043424129486,base,no
2247,1,0,0.00013982204856547215,-9.104536056518555,-0.22953586280345917,base,no
2248,1,0,0.00669285191492257,-5.293835639953613,-0.2938357889652252,base,no
2249,1,0,0.0035936033817664495,-5.796442985534668,-0.17144320905208588,base,no
2250,1,0,0.1066905825840872,-2.775442123413086,-0.6504420042037964,base,no
2251,1,0,0.02931222905542399,-3.890364408493042,-0.3903643488883972,base,no
2252,1,0,0.20181322226037882,-1.9469449520111084,-0.5719449520111084,base,no
2253,1,0,0.0011695101475604319,-6.77946662902832,-0.029466528445482254,base,no
2254,1,0,0.32082130082460697,-1.5741868019104004,-0.8241868019104004,base,no
2255,1,0,0.002182716283075103,-6.366857051849365,-0.24185697734355927,base,no
2256,1,0,0.00669285191492257,-5.19733190536499,-0.19733205437660217,base,no
2257,1,0,0.02931223244728875,-4.0141401290893555,-0.5141401886940002,base,no
2258,1,0,0.0019267347779485435,-6.512848854064941,-0.2628489136695862,base,no
2259,1,0,0.002800927216841955,-6.165302753448486,-0.2903028428554535,base,no
2260,1,0,0.029312231811314076,-3.5697224140167236,-0.06972245126962662,base,no
2261,1,0,0.008577487187766488,-5.11376953125,-0.3637697398662567,base,no
2262,1,0,0.03308598220236406,-3.936910629272461,-0.5619107484817505,base,no
2263,1,0,0.0007096704836398597,-7.548526763916016,-0.2985268831253052,base,no
2264,1,1,0.5621765008857981,-0.6309782862663269,-0.8809782862663269,base,yes
2265,1,0,0.04742587486052853,-3.1075122356414795,-0.10751227289438248,base,no
2266,1,0,0.02595736021183377,-4.146222114562988,-0.5212222337722778,base,no
2267,1,1,0.6224593312018546,-0.9473776817321777,-1.4473776817321777,base,yes
2268,1,0,0.0015011819440361278,-6.899904251098633,-0.3999040424823761,base,no
2269,1,0,0.00669285052802981,-5.649919509887695,-0.6499194502830505,base,No
2270,1,0,0.00359360311498431,-5.893459796905518,-0.2684599459171295,base,no
2271,1,0,0.005911067805510302,-5.7171311378479,-0.5921309590339661,base,no
2272,1,0,0.0052201249197596335,-5.412210941314697,-0.16221079230308533,base,no
2273,1,0,0.0017007225632331216,-6.562586307525635,-0.18758639693260193,base,no
2274,1,1,0.8807970779778823,-0.7399358749389648,-2.739935874938965,base,yes
2275,1,0,0.3208212878370535,-1.361327886581421,-0.6113278269767761,base,no
2276,1,0,0.0035936023679944244,-5.9552483558654785,-0.33024829626083374,base,no
2277,1,0,0.0017007226138324027,-6.612237930297852,-0.2372380495071411,base,no
2278,1,0,0.00669285191492257,-5.489681243896484,-0.4896813929080963,base,no
2279,1,1,0.7981867873410141,-0.7184564471244812,-2.093456506729126,base,yes
2280,1,0,0.022977365895758564,-4.132107257843018,-0.38210707902908325,base,no
2281,1,0,0.0002034269295643076,-8.98304557800293,-0.4830453395843506,base,no
2282,1,0,0.01098694392594878,-5.1006364822387695,-0.6006366014480591,base,no
2283,1,0,0.0028009265509193865,-6.112996578216553,-0.2379964292049408,base,no
2284,1,0,0.5,-1.1562678813934326,-1.1562678813934326,base,no
2285,1,0,0.2689414213699951,-1.8310818672180176,-0.8310818672180176,base,no
2286,1,0,0.06754668738548215,-3.0336155891418457,-0.4086155295372009,base,no
2287,1,1,0.8175744761936437,-0.5645925998687744,-2.0645925998687744,base,yes
2288,1,0,0.0015011819607879582,-6.516337871551514,-0.016337674111127853,base,no
2289,1,0,0.46879062662624377,-1.2663850784301758,-1.1413850784301758,base,no
2290,1,1,0.8807970779778823,-0.661130428314209,-2.661130428314209,base,Yes
2291,1,0,0.34864513533394575,-1.4095776081085205,-0.7845776081085205,base,no
2292,1,1,0.7310585786300049,-0.7366315126419067,-1.7366315126419067,base,Yes
2293,1,1,0.9324533051062237,-0.4339955449104309,-3.058995485305786,base,Yes
2294,1,0,0.0008040858398518034,-7.3856940269470215,-0.26069390773773193,base,no
2295,1,1,0.9740426382811477,-0.5229822993278503,-4.147982120513916,base,Yes
2296,1,0,0.0011695103694955987,-7.03953218460083,-0.28953227400779724,base,no
2297,1,0,0.014063629109417006,-4.523755073547363,-0.2737552225589752,base,no
2298,1,0,0.03308598029553404,-3.584383964538574,-0.209384024143219,base,no
2299,1,0,0.02033235304584329,-3.9178028106689453,-0.04280279576778412,base,no
2300,1,0,0.008577487314484681,-4.950993537902832,-0.20099376142024994,base,no
2301,1,0,0.014063625390308462,-4.797914505004883,-0.5479143857955933,base,no
2302,1,0,0.01590639031229368,-4.437467575073242,-0.312467485666275,base,no
2303,1,0,0.0005527785052037703,-7.664639472961426,-0.16463923454284668,base,no
2304,1,0,0.0028009270503612984,-6.240800857543945,-0.3658008873462677,base,no
2305,1,1,0.8354835371034369,-0.8553586006164551,-2.480358600616455,base,Yes
2306,1,0,0.46879062662624377,-1.1840482950210571,-1.0590482950210571,base,no
2307,1,0,0.00029595707824268345,-8.380772590637207,-0.2557724714279175,base,no
2308,1,0,0.34864513533394575,-1.4945180416107178,-0.8695180416107178,base,no
2309,1,0,0.001700722360836013,-6.585695743560791,-0.21069571375846863,base,no
2310,1,0,0.20181323186177208,-1.9827184677124023,-0.6077185273170471,base,no
2311,1,0,0.007577239699102878,-5.142175674438477,-0.26717546582221985,base,no
2312,1,0,0.00669285052802981,-5.365274906158447,-0.3652748465538025,base,no
2313,1,0,0.26894141551050293,-1.3588610887527466,-0.3588610589504242,base,no
2314,1,0,0.0004305570556724632,-8.069692611694336,-0.31969255208969116,base,no
2315,1,0,0.004070137595090279,-5.789561748504639,-0.2895617187023163,base,no
2316,1,0,0.1645164628965632,-2.4556591510772705,-0.8306591510772705,base,no
2317,1,0,0.0075772408196442265,-5.371062278747559,-0.4960622191429138,base,no
2318,1,0,0.020332350374504305,-4.217048645019531,-0.3420484960079193,base,no
2319,1,0,0.005220125848318164,-5.5752105712890625,-0.3252106010913849,base,no
2320,1,0,0.0024726234506656126,-6.325645446777344,-0.3256455659866333,base,no
2321,1,0,0.1645164792819756,-2.3582334518432617,-0.7332335710525513,base,no
2322,1,1,0.5926665999540697,-0.8948765993118286,-1.2698765993118286,base,Yes
2323,1,1,0.7981867777396212,-0.5531831979751587,-1.9281831979751587,base,Yes
2324,1,0,0.13296425394084313,-2.457120418548584,-0.5821205377578735,base,no
2325,1,0,0.01590639357784294,-4.672111988067627,-0.5471121072769165,base,no
2326,1,0,0.03308597481339833,-3.4549787044525146,-0.0799785926938057,base,no
2327,1,0,0.00037998450343174674,-8.13392448425293,-0.2589244544506073,base,no
2328,1,0,0.07585818419975078,-3.0514562129974365,-0.5514562726020813,base,no
2329,1,0,0.0474258704848281,-3.4470391273498535,-0.44703906774520874,base,no
2330,1,0,0.2942149845400438,-1.634350061416626,-0.7593501210212708,base,no
2331,1,0,0.02595736021183377,-4.016200542449951,-0.3912006616592407,base,no
2332,1,1,0.9149009596336303,-0.7195450663566589,-3.0945451259613037,base,Yes
2333,1,0,0.4073334000459302,-1.443044900894165,-1.068044900894165,base,no
2334,1,0,0.03308598184483342,-3.4292407035827637,-0.05424081161618233,base,no
2335,1,0,0.0010322312595555194,-6.976708889007568,-0.10170910507440567,base,no
2336,1,0,0.0005527786698535617,-7.859119892120361,-0.3591199517250061,base,no
2337,1,0,0.042087725512577126,-3.576007127761841,-0.45100706815719604,base,no
2338,1,0,0.008577485445391525,-4.761866569519043,-0.011866573244333267,base,no
2339,1,0,0.0013250226538317129,-6.917530059814453,-0.29253023862838745,base,no
2340,1,1,0.8354835371034369,-0.6767551898956299,-2.30175518989563,base,Yes
2341,1,0,0.0035936024747072553,-5.995631694793701,-0.3706316649913788,base,no
2342,1,0,0.08509904500702024,-2.9326095581054688,-0.5576095581054688,base,no
2343,1,1,0.5926665999540697,-0.9883029460906982,-1.3633029460906982,base,Yes
2344,1,0,0.09534945975773548,-2.7916340827941895,-0.5416340231895447,base,no
2345,1,1,0.8519527944504226,-0.6575565934181213,-2.4075565338134766,base,Yes
2346,1,0,0.022977373924293353,-4.308100700378418,-0.5581008791923523,base,no
2347,1,0,0.5,-1.1155296564102173,-1.1155296564102173,base,no
2348,1,0,0.06754668363133542,-3.1333742141723633,-0.5083740949630737,base,no
2349,1,0,0.006692851716795015,-5.590793609619141,-0.5907937288284302,base,no
2350,1,0,0.0003353500555350279,-8.23192024230957,-0.2319200187921524,base,no
2351,1,0,0.00033535001057616586,-8.291439056396484,-0.2914386987686157,base,no
2352,1,1,0.5312093733737563,-1.0901336669921875,-1.2151336669921875,base,yes
2353,1,0,0.010986944249787705,-4.808949947357178,-0.3089500963687897,base,no
2354,1,0,0.0007096705681791412,-7.783838272094727,-0.5338385105133057,base,no
2355,1,0,0.0011695100909887293,-7.009024620056152,-0.2590244710445404,base,no
2356,1,1,0.6513548646660542,-0.9128983020782471,-1.537898302078247,base,Yes
2357,1,1,0.9525741268224334,-0.5916428565979004,-3.5916428565979004,base,Yes
2358,1,0,0.03732689162774753,-3.688138484954834,-0.43813860416412354,base,no
2359,1,0,0.34864513533394575,-1.4154515266418457,-0.7904515266418457,base,no
2360,1,0,0.03308597648187432,-3.939988851547241,-0.5649887919425964,base,no
2361,1,1,0.7772998611746911,-0.7535786628723145,-2.0035786628723145,base,Yes
2362,1,1,0.6513548646660542,-0.8079535961151123,-1.4329535961151123,base,Yes
2363,1,0,0.1329642264548166,-2.578711986541748,-0.7037118673324585,base,no
2364,1,0,0.01098694263059318,-4.720928192138672,-0.22092819213867188,base,no
2365,1,0,0.2689414213699951,-1.8597816228866577,-0.8597816228866577,base,No
2366,1,0,0.0015011820333792252,-6.862010955810547,-0.36201080679893494,base,no
2367,1,0,0.0031726823962546155,-5.75676155090332,-0.006761409807950258,base,no
2368,1,0,0.0028009273833226214,-6.272064208984375,-0.39706435799598694,base,no
2369,1,0,0.01243164938964095,-4.747895240783691,-0.37289512157440186,base,no
2370,1,0,0.10669059394565118,-2.85322904586792,-0.7282290458679199,base,no
2371,1,0,0.22270011818961086,-2.049572467803955,-0.7995723485946655,base,no
2372,1,0,0.0010322308830991924,-7.135746955871582,-0.2607468068599701,base,no
2373,1,0,0.06008664428307651,-2.882080078125,-0.13207997381687164,base,no
2374,1,1,0.6513548782017746,-0.8994349837303162,-1.524435043334961,base,yes
2375,1,0,0.03308597552845946,-3.7732489109039307,-0.3982488214969635,base,no
2376,1,0,0.047425867792089564,-3.6900486946105957,-0.6900485754013062,base,no
2377,1,1,0.7981867777396212,-0.5022448301315308,-1.8772448301315308,base,Yes
2378,1,0,0.3775406547908327,-1.3838920593261719,-0.8838919997215271,base,no
2379,1,0,0.01406362952265135,-4.56119441986084,-0.31119459867477417,base,no
2380,1,0,0.002800926967120973,-5.997102737426758,-0.12210273742675781,base,no
2381,1,0,0.010986943602109868,-4.802642822265625,-0.30264291167259216,base,no
2382,1,0,0.0031726824654718946,-6.340667724609375,-0.5906676054000854,base,no
2383,1,0,0.07585817584273653,-3.097184419631958,-0.5971843600273132,base,no
2384,1,0,0.005911069731855184,-5.344038963317871,-0.21903911232948303,base,no
2385,1,0,0.37754066879814546,-1.451104760169983,-0.9511047601699829,base,no
2386,1,0,0.13296424706933604,-2.3409056663513184,-0.46590572595596313,base,no
2387,1,0,0.04208773031866069,-3.859253406524658,-0.734253466129303,base,no
2388,1,0,0.008577486174021013,-5.120081901550293,-0.37008199095726013,base,no
2389,1,0,0.08509904964767095,-2.994173765182495,-0.6191738247871399,base,no
2390,1,1,0.7057850278370112,-0.9212262630462646,-1.7962262630462646,base,Yes
2391,1,0,0.000804085910188354,-7.140699863433838,-0.015699831768870354,base,no
2392,1,1,0.7772998611746911,-0.6286308765411377,-1.8786308765411377,base,yes
2393,1,0,0.22270012850745968,-1.8480055332183838,-0.598005473613739,base,no
2394,1,0,0.32082130082460697,-1.637178897857666,-0.887178897857666,base,no
2395,1,0,0.02297736857193652,-4.474168300628662,-0.7241682410240173,base,no
2396,1,0,0.09534947518185825,-2.7898659706115723,-0.5398660898208618,base,no
2397,1,0,0.01406362456384003,-4.531783103942871,-0.28178292512893677,base,no
2398,1,0,0.2689414096510108,-1.6993680000305176,-0.6993679404258728,base,no
2399,1,1,0.5621765008857981,-1.064315915107727,-1.314315915107727,base,Yes
2400,1,0,0.003593603221697163,-6.1087565422058105,-0.4837567210197449,base,no
2401,1,0,0.005220126931636656,-5.743138313293457,-0.49313855171203613,base,no
2402,1,0,0.053403325280175794,-3.300611972808838,-0.4256118834018707,base,no
2403,1,0,0.4378234991142019,-1.2557216882705688,-1.0057216882705688,base,no
2404,1,0,0.09534945975773548,-2.6649560928344727,-0.4149560332298279,base,no
2405,1,0,0.006692850924284856,-5.650085926055908,-0.6500859260559082,base,No
2406,1,0,0.24508502416032488,-1.7940583229064941,-0.6690583825111389,base,no
2407,1,1,0.8519528170040853,-0.7213419675827026,-2.471342086791992,base,Yes
2408,1,1,0.9046505402422645,-0.3799683451652527,-2.6299684047698975,base,yes
2409,1,0,0.46879062662624377,-1.3009499311447144,-1.1759499311447144,base,no
2410,1,0,0.0028009273833226214,-6.2049641609191895,-0.3299643099308014,base,no
2411,1,0,0.012431653414389749,-4.780595779418945,-0.405595988035202,base,no
2412,1,0,0.004609573136573289,-5.7779741287231445,-0.40297433733940125,base,no
2413,1,0,0.46879062662624377,-1.2248213291168213,-1.0998213291168213,base,no
2414,1,0,0.0046095728630878175,-5.667300224304199,-0.29230037331581116,base,no
2415,1,0,0.010986942954432066,-4.960055828094482,-0.4600558578968048,base,no
2416,1,0,0.02595735719779685,-3.949899435043335,-0.32489943504333496,base,no
2417,1,0,0.11920292202211755,-2.2010815143585205,-0.2010815143585205,base,no
2418,1,0,0.01406363034912007,-4.740013122558594,-0.49001336097717285,base,no
2419,1,0,0.0024726230463732192,-6.233806610107422,-0.2338065654039383,base,no
2420,1,0,0.0017007226138324027,-6.92516565322876,-0.5501657724380493,base,no
2421,1,0,0.07585818419975078,-3.152294397354126,-0.6522944569587708,base,no
2422,1,1,0.9046505351008906,-0.6847081184387207,-2.9347081184387207,base,Yes
2423,1,0,0.09534945461636171,-2.732868194580078,-0.4828680753707886,base,no
2424,1,1,0.5312093733737563,-1.0992283821105957,-1.2242283821105957,base,Yes
2425,1,0,0.06754668926255561,-3.071739912033081,-0.44673988223075867,base,no
2426,1,0,0.4378234991142019,-1.2962095737457275,-1.0462095737457275,base,no
2427,1,0,0.34864513533394575,-1.4621689319610596,-0.8371689319610596,base,no
2428,1,0,0.012431653414389749,-4.6875152587890625,-0.3125154674053192,base,no
2429,1,0,0.0015011825247663551,-6.944787979125977,-0.4447881579399109,base,no
2430,1,1,0.6791786861878392,-0.8043909668922424,-1.5543909072875977,base,Yes
2431,1,0,0.010986941659076578,-4.77854061126709,-0.2785405218601227,base,no
2432,1,0,0.4378234991142019,-0.9748204350471497,-0.7248204350471497,base,no
2433,1,1,0.6513548782017746,-0.9214457869529724,-1.5464458465576172,base,Yes
2434,1,0,0.24508501313237172,-1.812272071838379,-0.6872720718383789,base,No
2435,1,0,0.020332358091706755,-4.537908554077148,-0.6629087924957275,base,No
2436,1,0,0.0035936024747072553,-6.0627336502075195,-0.43773362040519714,base,no
2437,1,1,0.7772998818103892,-0.8510535955429077,-2.1010537147521973,base,Yes
2438,1,0,0.008577485413711986,-5.1958818435668945,-0.44588184356689453,base,no
2439,1,0,0.005220126312597491,-5.6106367111206055,-0.360636830329895,base,no
2440,1,0,0.01243165304850344,-4.815853118896484,-0.4408532977104187,base,no
2441,1,0,0.37754066879814546,-1.3850821256637573,-0.8850821256637573,base,no
2442,1,0,0.042087729117139754,-3.5700511932373047,-0.4450512230396271,base,no
2443,1,1,0.679178699175393,-0.9305260181427002,-1.6805260181427002,base,yes
2444,1,1,0.6224593171945417,-0.6108565926551819,-1.110856533050537,base,yes
2445,1,1,0.7310585669110203,-0.7309580445289612,-1.7309579849243164,base,Yes
2446,1,0,0.46879062662624377,-1.1896312236785889,-1.0646312236785889,base,no
2447,1,0,0.0035936030182757888,-5.6349897384643555,-0.009989860467612743,base,no
2448,1,0,0.02595736011764511,-3.675750494003296,-0.05075060948729515,base,no
2449,1,0,0.004609572042631499,-5.77480411529541,-0.39980408549308777,base,no
2450,1,0,0.00407013711186692,-5.940749168395996,-0.44074901938438416,base,no
2451,1,0,0.10669058826486906,-2.7615931034088135,-0.6365930438041687,base,no
2452,1,0,0.005220126467357275,-5.743953227996826,-0.4939533770084381,base,no
2453,1,0,0.0009110509943412175,-7.028931617736816,-0.028931397944688797,base,no
2454,1,0,0.0059110695567328965,-5.525493144989014,-0.4004932641983032,base,no
2455,1,0,0.4378234991142019,-1.364169955253601,-1.114169955253601,base,no
2456,1,0,0.0011695100909887293,-7.009024620056152,-0.2590244710445404,base,no
2457,1,1,0.7772998818103892,-0.7789777517318726,-2.028977870941162,base,Yes
2458,1,1,0.7772998611746911,-0.7048221826553345,-1.9548221826553345,base,Yes
2459,1,0,0.11920292828022305,-2.7669596672058105,-0.7669597268104553,base,No
2460,1,0,0.014063627869714051,-4.5945210456848145,-0.34452110528945923,base,no
2461,1,0,0.13296424019782924,-2.5431694984436035,-0.6681694984436035,base,no
2462,1,0,0.001700722360836013,-6.5840535163879395,-0.20905348658561707,base,no
2463,1,0,0.20181321265898594,-1.9122657775878906,-0.5372657179832458,base,no
2464,1,1,0.7057850154599563,-0.8126659989356995,-1.6876659393310547,base,yes
2465,1,0,0.0003353502728362796,-8.103246688842773,-0.10324711352586746,base,no
2466,1,0,0.0035936023146380092,-5.79421854019165,-0.16921846568584442,base,no
2467,1,0,0.02297736991002561,-4.220388412475586,-0.47038841247558594,base,no
2468,1,0,0.20181322226037882,-2.1119444370269775,-0.7369444370269775,base,no
2469,1,1,0.8933093946927838,-0.5454555749893188,-2.6704554557800293,base,Yes
2470,1,0,0.00043055695306387187,-8.039627075195312,-0.2896267771720886,base,no
2471,1,1,0.5312093733737563,-1.1103585958480835,-1.2353585958480835,base,Yes
2472,1,0,0.02297737526238275,-4.066041946411133,-0.3160421848297119,base,no
2473,1,0,0.01590639031229368,-4.585635662078857,-0.46063557267189026,base,no
2474,1,1,0.6513548511303336,-0.8744092583656311,-1.4994091987609863,base,Yes
2475,1,0,8.481107963386386e-05,-9.631525039672852,-0.2565254867076874,base,no
2476,1,0,0.01590639217832175,-4.541138172149658,-0.4161382019519806,base,no
2477,1,0,0.009708477555947162,-4.688945293426514,-0.06394540518522263,base,no
2478,1,0,0.008577486174021013,-5.085076332092285,-0.3350764214992523,base,no
2479,1,0,0.1480471829959148,-2.4192419052124023,-0.6692417860031128,base,no
2480,1,1,0.835483553488848,-0.7885035276412964,-2.413503646850586,base,yes
2481,1,0,0.16451647108926923,-2.351292610168457,-0.7262926697731018,base,no
2482,1,0,0.0010322309445614404,-7.061312198638916,-0.18631210923194885,base,no
2483,1,0,0.002182716802339394,-6.358883857727051,-0.2338840216398239,base,no
2484,1,0,0.1645164628965632,-2.3506877422332764,-0.7256877422332764,base,no
2485,1,0,0.0159063898457867,-4.623318195343018,-0.498318076133728,base,no
2486,1,0,0.3486451488696663,-1.4669833183288574,-0.8419833779335022,base,no
2487,1,0,0.004609572726345088,-5.818593978881836,-0.4435940980911255,base,no
2488,1,0,0.0011695102650555148,-7.393442153930664,-0.6434421539306641,base,no
2489,1,0,0.0850990357257195,-2.9139347076416016,-0.538934588432312,base,no
2490,1,0,0.22270012850745968,-1.949575662612915,-0.6995756030082703,base,no
2491,1,0,0.06754669864792355,-3.1305031776428223,-0.5055032968521118,base,no
2492,1,0,0.008577486934330109,-5.0855607986450195,-0.33556097745895386,base,no
2493,1,0,0.005911067805510302,-5.664238452911377,-0.5392382740974426,base,No
2494,1,0,0.0007096705047746792,-7.4384918212890625,-0.18849197030067444,base,no
2495,1,0,0.2689414213699951,-1.8218899965286255,-0.8218899965286255,base,no
2496,1,0,0.029312223967627556,-4.010026931762695,-0.5100266933441162,base,No
2497,1,0,0.08509904500702024,-2.8228695392608643,-0.44786953926086426,base,no
2498,1,0,0.34864513533394575,-1.4379786252975464,-0.8129786252975464,base,no
2499,1,0,0.4378234991142019,-1.2413803339004517,-0.9913803339004517,base,no
2500,1,0,0.22270013882530884,-1.8657344579696655,-0.6157344579696655,base,no
2501,1,1,0.9669140244715405,-0.28988543152809143,-3.6648855209350586,base,Yes
2502,1,1,0.9046505248181417,-0.5752116441726685,-2.825211524963379,base,Yes
2503,1,0,0.02931222905542399,-3.6936230659484863,-0.19362300634384155,base,no
2504,1,1,0.6224593171945417,-0.9766083359718323,-1.4766082763671875,base,Yes
2505,1,0,0.02297736857193652,-4.210392475128174,-0.46039241552352905,base,no
2506,1,0,0.02931222905542399,-3.9761664867401123,-0.47616642713546753,base,no
2507,1,0,0.03732689055684297,-3.6234383583068848,-0.37343844771385193,base,no
2508,1,0,0.08509904500702024,-3.024364948272705,-0.6493649482727051,base,no
2509,1,0,0.015906389379279733,-4.553927421569824,-0.4289272725582123,base,no
2510,1,0,0.029312230751356316,-3.96759295463562,-0.4675929546356201,base,no
2511,1,0,0.010986940363721243,-4.750913619995117,-0.2509134113788605,base,no
2512,1,0,0.0028009274665629583,-6.097287178039551,-0.2222873568534851,base,no
2513,1,0,0.0028009266341596987,-6.2769598960876465,-0.40195977687835693,base,no
2514,1,0,0.08509904500702024,-3.141014575958252,-0.766014575958252,base,no
2515,1,1,0.8519528170040853,-0.7652672529220581,-2.5152673721313477,base,yes
2516,1,0,0.006692850924284856,-5.378927707672119,-0.37892770767211914,base,no
2517,1,0,0.007577241365908192,-4.893969535827637,-0.018969548866152763,base,no
2518,1,0,0.020332353342658753,-4.533807754516602,-0.6588077545166016,base,no
2519,1,0,0.002800927216841955,-6.066447734832764,-0.19144782423973083,base,no
2520,1,0,0.16451647108926923,-2.4208261966705322,-0.795826256275177,base,No
2521,1,0,0.000626334102145859,-7.639213562011719,-0.2642134726047516,base,no
2522,1,0,0.22270012850745968,-2.0638129711151123,-0.8138129115104675,base,no
2523,1,0,0.005220125693558397,-5.78206729888916,-0.5320672988891602,base,no
2524,1,0,0.00037998433363002117,-8.107524871826172,-0.23252439498901367,base,no
2525,1,0,0.015906388446265834,-4.430871486663818,-0.30587127804756165,base,no
2526,1,0,0.34864513533394575,-1.6155208349227905,-0.9905208349227905,base,no
2527,1,0,0.0035936020478559492,-5.889509677886963,-0.26450952887535095,base,no
2528,1,0,0.46879062662624377,-1.2141485214233398,-1.0891485214233398,base,no
2529,1,0,0.09534947261117097,-2.39574933052063,-0.14574941992759705,base,no
2530,1,0,0.04742587856304458,-3.5357160568237305,-0.53571617603302,base,No
2531,1,0,0.0005527787521784759,-7.730116844177246,-0.2301170527935028,base,no
2532,1,1,0.6513548646660542,-0.9178533554077148,-1.5428533554077148,base,Yes
2533,1,0,0.022977364557669702,-4.164714813232422,-0.4147145748138428,base,no
2534,1,0,0.007577239923211134,-5.411612510681152,-0.536612331867218,base,no
2535,1,0,0.1480471829959148,-2.5376768112182617,-0.7876766920089722,base,no
2536,1,0,0.0015011822567369915,-6.941976070404053,-0.44197607040405273,base,no
2537,1,0,0.0373268854700467,-3.31160569190979,-0.06160563975572586,base,no
2538,1,0,0.009708476194947928,-5.005774021148682,-0.38077399134635925,base,no
2539,1,0,0.001169510421715644,-6.914377689361572,-0.164377823472023,base,no
2540,1,0,0.0040701374742844335,-5.984715938568115,-0.48471587896347046,base,no
2541,1,0,0.008577484399966718,-5.312913417816162,-0.5629132986068726,base,No
2542,1,0,0.24508500210441886,-1.7577378749847412,-0.6327378153800964,base,no
2543,1,0,0.0953494674697966,-2.6547112464904785,-0.4047112762928009,base,no
2544,1,0,0.2942149597859341,-1.5773789882659912,-0.7023789286613464,base,no
2545,1,0,0.01098694263059318,-5.000543117523193,-0.5005431175231934,base,no
2546,1,0,0.0028009264676790765,-6.16512393951416,-0.29012376070022583,base,no
2547,1,0,0.04208773272170267,-3.7626161575317383,-0.6376162767410278,base,No
2548,1,0,0.006692851716795015,-5.64890193939209,-0.6489020586013794,base,no
2549,1,1,0.867035752930664,-0.7541208863258362,-2.6291208267211914,base,yes
2550,1,1,0.7310585786300049,-0.698310375213623,-1.698310375213623,base,Yes
2551,1,0,0.022977371248114782,-4.366166114807129,-0.6161661744117737,base,no
2552,1,0,0.46879062662624377,-1.1626497507095337,-1.0376497507095337,base,no
2553,1,1,0.6224593452091672,-0.9283439517021179,-1.4283440113067627,base,Yes
2554,1,0,0.004609573051109078,-5.402492046356201,-0.027492236346006393,base,no
2555,1,0,0.004609571358918011,-6.079549312591553,-0.7045491337776184,base,no
2556,1,0,0.0028009275914234687,-6.063076496124268,-0.18807671964168549,base,no
2557,1,0,0.014063629806749967,-4.279749870300293,-0.029750069603323936,base,no
2558,1,0,0.01798620884351355,-4.058326721191406,-0.058326657861471176,base,no
2559,1,0,0.3775406547908327,-1.4420442581176758,-0.942044198513031,base,no
2560,1,0,0.34864513533394575,-1.5320931673049927,-0.9070931673049927,base,no
2561,1,0,0.006692849537392301,-5.29354190826416,-0.29354169964790344,base,no
2562,1,0,0.006692850131774789,-5.265514850616455,-0.2655147314071655,base,no
2563,1,0,0.03308598029553404,-4.0534257888793945,-0.6784258484840393,base,no
2564,1,0,0.010986945221304533,-4.902535438537598,-0.40253567695617676,base,no
2565,1,0,0.00043055728654188313,-8.074636459350586,-0.32463693618774414,base,no
2566,1,0,0.06754669489377622,-3.2216649055480957,-0.5966649651527405,base,no
2567,1,0,0.0024726237446964848,-6.639837265014648,-0.6398375034332275,base,no
2568,1,0,0.004070137715896127,-5.764827728271484,-0.2648277282714844,base,no
2569,1,0,0.0035936023679944244,-6.112029075622559,-0.4870290160179138,base,no
2570,1,0,0.01243165304850344,-5.0931901931762695,-0.7181903719902039,base,no
2571,1,0,0.03732688627322502,-3.730998992919922,-0.4809989631175995,base,no
2572,1,0,0.0035936025814200896,-6.225616455078125,-0.600616455078125,base,no
2573,1,0,0.0024726237446964848,-6.58632755279541,-0.5863277912139893,base,no
2574,1,0,0.1480472055495773,-1.9480359554290771,-0.19803601503372192,base,no
2575,1,0,0.02595735569077852,-4.231350898742676,-0.606350839138031,base,no
2576,1,0,0.0040701374742844335,-5.671977996826172,-0.1719779372215271,base,no
2577,1,0,0.14804720930852133,-2.013516426086426,-0.26351651549339294,base,no
2578,1,1,0.5312093733737563,-1.1235558986663818,-1.2485558986663818,base,Yes
2579,1,0,0.002800926967120973,-6.362151622772217,-0.4871516227722168,base,no
2580,1,0,0.0021827165751612514,-6.568881511688232,-0.4438815712928772,base,no
2581,1,0,0.0010322310982170768,-7.413527011871338,-0.5385270714759827,base,no
2582,1,0,0.0031726830309918535,-6.3977179527282715,-0.6477180123329163,base,no
2583,1,0,0.06754668363133542,-3.175438404083252,-0.5504382848739624,base,no
2584,1,0,0.08509904500702024,-3.141014575958252,-0.766014575958252,base,no
2585,1,0,0.18242551491653522,-2.0852432250976562,-0.5852431654930115,base,No
2586,1,1,0.7310585903489892,-0.9102045893669128,-1.9102046489715576,base,yes
2587,1,0,0.005911069906977476,-5.613914966583252,-0.4889151453971863,base,no
2588,1,0,0.32082130082460697,-1.5919280052185059,-0.8419280052185059,base,no
2589,1,0,0.22270011818961086,-2.0616278648376465,-0.8116277456283569,base,no
2590,1,0,0.010986940687560063,-4.915132522583008,-0.4151323437690735,base,no
2591,1,0,0.24508501313237172,-1.985537052154541,-0.860537052154541,base,No
2592,1,0,0.0035936027948457686,-5.859352111816406,-0.23435217142105103,base,no
2593,1,0,0.05340333582602272,-3.448103904724121,-0.5731040239334106,base,no
2594,1,0,0.022977365895758564,-4.1376633644104,-0.38766318559646606,base,no
2595,1,0,0.5,-1.167521357536316,-1.167521357536316,base,no
2596,1,0,0.053403329799824234,-3.409268379211426,-0.5342683792114258,base,no
2597,1,0,0.37754066879814546,-1.5186337232589722,-1.0186337232589722,base,no
2598,1,0,0.009708476768000214,-5.075255393981934,-0.450255423784256,base,no
2599,1,0,0.0046095726451540935,-5.3843793869018555,-0.009379488416016102,base,no
2600,1,0,0.005220125616178516,-5.485900402069092,-0.2359003871679306,base,no
2601,1,1,0.5621765008857981,-1.039603590965271,-1.289603590965271,base,Yes
2602,1,0,0.0017007225632331216,-6.587500095367432,-0.2125001847743988,base,no
2603,1,0,0.004070138621940107,-5.716156005859375,-0.2161562293767929,base,no
2604,1,0,0.008577486934330109,-5.20327615737915,-0.4532763361930847,base,no
2605,1,0,0.005220125384038879,-5.552655220031738,-0.3026551604270935,base,no
2606,1,0,0.0019267345487064141,-6.780585289001465,-0.5305852293968201,base,no
2607,1,1,0.6513548782017746,-0.9579424262046814,-1.5829424858093262,base,yes
2608,1,0,0.00317268293673852,-6.072708606719971,-0.3227086365222931,base,no
2609,1,1,0.9740426412951848,-0.406898558139801,-4.031898498535156,base,Yes
2610,1,0,0.0019267344340853601,-6.7373785972595215,-0.48737847805023193,base,no
2611,1,0,0.2942149845400438,-1.5907838344573975,-0.7157838940620422,base,no
2612,1,0,0.18242550602671442,-2.294711112976074,-0.7947109937667847,base,No
2613,1,1,0.5926665999540697,-0.9727078676223755,-1.3477078676223755,base,Yes
2614,1,0,0.006692852113050128,-5.663650989532471,-0.663651168346405,base,no
2615,1,0,0.002182716510253215,-6.357838153839111,-0.23283818364143372,base,no
2616,1,0,0.00012339458334021427,-9.129786491394043,-0.12978655099868774,base,no
2617,1,0,0.01243164865786858,-4.6988911628723145,-0.3238909840583801,base,no
2618,1,0,0.037326884934594504,-3.3264706134796143,-0.07647054642438889,base,no
2619,1,0,0.0009110511130205339,-7.359467029571533,-0.35946694016456604,base,no
2620,1,0,0.0008040860792954051,-7.338521957397461,-0.21352213621139526,base,no
2621,1,0,0.0011695103172755556,-6.872342586517334,-0.12234263122081757,base,no
2622,1,0,0.01406362952265135,-4.964874267578125,-0.7148744463920593,base,no
2623,1,0,0.0953494648991095,-2.8404550552368164,-0.5904550552368164,base,no
2624,1,0,0.0011695103346822365,-7.06904935836792,-0.3190494179725647,base,no
2625,1,0,0.18242551491653522,-2.181483745574951,-0.6814836859703064,base,no
2626,1,0,0.13296425394084313,-2.0496878623962402,-0.17468798160552979,base,no
2627,1,0,0.008577486427457372,-5.292668342590332,-0.5426684617996216,base,no
2628,1,0,0.06008665354025422,-3.1421215534210205,-0.3921216130256653,base,no
2629,1,0,0.014063625080382796,-4.331138610839844,-0.08113846927881241,base,no
2630,1,0,0.07585818002124356,-3.099423408508301,-0.5994234085083008,base,no
2631,1,0,0.18242551491653522,-2.2200043201446533,-0.7200042605400085,base,no
2632,1,0,0.020332352155396922,-4.2593231201171875,-0.3843230605125427,base,no
2633,1,0,0.0021827162587345927,-6.179562091827393,-0.054562006145715714,base,no
2634,1,1,0.5312093733737563,-1.0341541767120361,-1.1591541767120361,base,Yes
2635,1,0,0.020332352155396922,-4.48588228225708,-0.6108822226524353,base,No
2636,1,0,0.022977371917159397,-4.167246341705322,-0.41724643111228943,base,no
2637,1,0,0.006692850131774789,-5.537642955780029,-0.5376428365707397,base,No
2638,1,0,0.0005527785875286599,-7.857431888580322,-0.3574317991733551,base,no
2639,1,0,0.11920292202211755,-2.500875473022461,-0.5008754730224609,base,no
2640,1,0,0.18242552158390105,-1.7454665899276733,-0.24546657502651215,base,no
2641,1,0,0.000911051248654057,-7.483332633972168,-0.48333269357681274,base,no
2642,1,1,0.7772998611746911,-0.6871719360351562,-1.9371719360351562,base,Yes
2643,1,0,0.1066905825840872,-2.5705442428588867,-0.44554412364959717,base,no
2644,1,0,0.3486451488696663,-1.5103785991668701,-0.8853786587715149,base,no
2645,1,0,0.003172683078118521,-5.967991828918457,-0.217991903424263,base,no
2646,1,0,0.5,-1.1674931049346924,-1.1674931049346924,base,no
2647,1,0,0.002182715990988994,-6.451186180114746,-0.3261859714984894,base,no
2648,1,0,0.07585818419975078,-3.0118353366851807,-0.5118353962898254,base,no
2649,1,0,0.0024726225685732036,-6.187884330749512,-0.18788409233093262,base,no
2650,1,0,0.0013250221239048065,-6.654326915740967,-0.02932669408619404,base,no
2651,1,0,0.04742587317756679,-3.450932502746582,-0.45093250274658203,base,no
2652,1,0,0.0007096705470443199,-7.572010040283203,-0.32201024889945984,base,no
2653,1,0,0.00026119043582642,-8.48403263092041,-0.23403307795524597,base,no
2654,1,0,0.24508500210441886,-1.7450175285339355,-0.6200174689292908,base,no
2655,1,0,0.22270013882530884,-2.101191520690918,-0.851191520690918,base,No
2656,1,0,0.01406362456384003,-4.796236038208008,-0.5462358593940735,base,no
2657,1,0,0.009708476481474066,-5.165736675262451,-0.5407366752624512,base,no
2658,1,1,0.6513548646660542,-0.9994791746139526,-1.6244791746139526,base,Yes
2659,1,0,0.00669285052802981,-5.146452903747559,-0.14645284414291382,base,no
2660,1,0,0.03308597457504463,-4.0000810623168945,-0.625080943107605,base,no
2661,1,0,0.0006263341767639418,-7.545568466186523,-0.17056849598884583,base,no
2662,1,0,0.37754066879814546,-1.3868788480758667,-0.8868788480758667,base,No
2663,1,0,0.09534947261117097,-2.679821014404297,-0.42982110381126404,base,no
2664,1,1,0.9770226300899744,-0.3075852394104004,-4.0575852394104,base,Yes
2665,1,0,0.1645164628965632,-2.1670448780059814,-0.5420448780059814,base,no
2666,1,0,0.0011695105261557417,-6.894975662231445,-0.14497588574886322,base,no
2667,1,0,0.46879062662624377,-1.2107974290847778,-1.0857974290847778,base,no
2668,1,0,0.4073334000459302,-1.3760589361190796,-1.0010589361190796,base,no
2669,1,0,0.2942149597859341,-1.7912156581878662,-0.9162155985832214,base,no
2670,1,0,0.02931222905542399,-4.165456295013428,-0.665456235408783,base,No
2671,1,0,0.017986207330143424,-4.345321178436279,-0.34532102942466736,base,no
2672,1,0,0.46879062662624377,-1.206132411956787,-1.081132411956787,base,no
2673,1,0,0.00317268293673852,-6.186891555786133,-0.4368915855884552,base,no
2674,1,0,0.060086646807761206,-3.3575069904327393,-0.6075069308280945,base,no
2675,1,0,0.0005527785545987024,-7.891880989074707,-0.3918808400630951,base,no
2676,1,0,0.0010322311596793377,-7.1342973709106445,-0.2592974901199341,base,no
2677,1,0,0.0031726835965119127,-6.193345069885254,-0.443345308303833,base,no
2678,1,0,0.020332349187242645,-4.090189456939697,-0.21518924832344055,base,no
2679,1,0,0.017986210488481234,-4.278494834899902,-0.27849486470222473,base,no
2680,1,0,0.0003353501104847565,-8.228348731994629,-0.22834867238998413,base,no
2681,1,0,0.029312234143221275,-4.011416435241699,-0.5114165544509888,base,no
2682,1,0,0.24508501313237172,-1.9023654460906982,-0.7773654460906982,base,no
2683,1,0,0.0052201259256980485,-5.421377182006836,-0.17137722671031952,base,no
2684,1,0,0.004070137595090279,-5.735424518585205,-0.2354244887828827,base,no
2685,1,0,0.37754066879814546,-1.5483336448669434,-1.0483336448669434,base,No
2686,1,0,0.0035936025814200896,-5.825595378875732,-0.20059537887573242,base,no
2687,1,0,0.0373268852023206,-3.918639659881592,-0.668639600276947,base,No
2688,1,0,0.0028009263011984638,-6.202768325805664,-0.32776808738708496,base,no
2689,1,0,0.0015011821227223277,-6.86219596862793,-0.3621958792209625,base,no
2690,1,0,0.06754669724011829,-2.7213945388793945,-0.09639463573694229,base,no
2691,1,0,0.0046095717605996725,-5.405345916748047,-0.030345825478434563,base,no
2692,1,1,0.9149009549929797,-0.5333447456359863,-2.9083447456359863,base,Yes
2693,1,0,0.014063625390308462,-4.8531999588012695,-0.60319983959198,base,no
2694,1,0,0.0017007220572403947,-6.544397830963135,-0.16939762234687805,base,no
2695,1,0,0.0013250227327045727,-7.107651710510254,-0.482651948928833,base,no
2696,1,1,0.5621765008857981,-0.9943010807037354,-1.2443010807037354,base,Yes
2697,1,0,0.010986941011398892,-4.847934722900391,-0.3479345738887787,base,no
2698,1,0,0.005911068670176393,-5.15480899810791,-0.02980896644294262,base,no
2699,1,0,0.0007096704836398597,-7.508213996887207,-0.2582141160964966,base,no
2700,1,0,0.0035936025814200896,-5.77561092376709,-0.15061092376708984,base,no
2701,1,1,0.5926665855647394,-0.9667924046516418,-1.341792345046997,base,Yes
2702,1,0,0.004609572179374208,-5.916293621063232,-0.5412936210632324,base,no
2703,1,0,0.0028009263011984638,-6.519986152648926,-0.6449859142303467,base,no
2704,1,0,0.05340332678672523,-3.5561771392822266,-0.6811770796775818,base,No
2705,1,0,0.16451645470385742,-2.170801877975464,-0.5458018183708191,base,no
2706,1,0,0.20181322226037882,-1.9401425123214722,-0.5651425123214722,base,no
2707,1,0,0.000804085815907447,-7.518173694610596,-0.39317354559898376,base,no
2708,1,0,0.22270013882530884,-1.885693073272705,-0.6356930732727051,base,no
2709,1,0,0.18242552380635632,-2.026135206222534,-0.5261352062225342,base,no
2710,1,0,0.0001584362238235452,-9.006270408630371,-0.2562704384326935,base,no
2711,1,0,0.0017007227656302545,-6.663284778594971,-0.2882849872112274,base,no
2712,1,0,0.00857748528699382,-4.996094703674316,-0.2460946887731552,base,no
2713,1,1,0.9046505402422645,-0.5106803774833679,-2.7606804370880127,base,Yes
2714,1,0,0.5,-1.1749027967453003,-1.1749027967453003,base,no
2715,1,0,0.001700722310236739,-6.730503082275391,-0.35550302267074585,base,no
2716,1,0,0.02931223244728875,-4.238696098327637,-0.7386961579322815,base,no
2717,1,0,0.004609571358918011,-5.919005870819092,-0.5440056920051575,base,no
2718,1,1,0.7981867585368343,-0.8576070070266724,-2.232606887817383,base,Yes
2719,1,0,0.08509904036636974,-2.6529228687286377,-0.2779228091239929,base,no
2720,1,0,0.004070136870255261,-5.861950397491455,-0.36195018887519836,base,no
2721,1,0,0.24508501313237172,-1.863381266593933,-0.7383812665939331,base,no
2722,1,0,0.1480472055495773,-2.369795322418213,-0.6197953820228577,base,no
2723,1,0,0.042087725512577126,-3.6605920791625977,-0.5355920195579529,base,no
2724,1,0,0.02033235452992065,-4.311203956604004,-0.4362040162086487,base,no
2725,1,0,0.0040701369910610885,-6.0358476638793945,-0.5358474850654602,base,no
2726,1,0,0.03732688948593843,-3.7661337852478027,-0.5161338448524475,base,No
2727,1,0,0.20181323186177208,-2.0241105556488037,-0.6491106152534485,base,no
2728,1,1,0.5621765008857981,-1.0864465236663818,-1.3364465236663818,base,Yes
2729,1,0,0.3486451217982255,-1.4378705024719238,-0.812870442867279,base,no
2730,1,0,0.07585818002124356,-3.097240686416626,-0.597240686416626,base,no
2731,1,0,0.015906388446265834,-4.542679786682129,-0.4176795780658722,base,no
2732,1,0,0.022977365895758564,-4.3651299476623535,-0.6151297688484192,base,no
2733,1,0,0.006692851716795015,-5.66049337387085,-0.6604934930801392,base,no
2734,1,0,0.24508500210441886,-1.7247226238250732,-0.5997225642204285,base,no
2735,1,0,0.037326887344129464,-3.6171658039093018,-0.36716580390930176,base,no
2736,1,0,0.14804721306746543,-2.5590591430664062,-0.8090592622756958,base,no
2737,1,0,0.007577242052239898,-5.095688343048096,-0.22068844735622406,base,no
2738,1,0,0.042087723109535534,-3.7044153213500977,-0.5794152021408081,base,No
2739,1,0,0.02595735851643796,-3.660369634628296,-0.03536968678236008,base,no
2740,1,0,0.037326888415033926,-3.6243860721588135,-0.37438610196113586,base,no
2741,1,0,0.10669059962643358,-2.7566776275634766,-0.6316776871681213,base,No
2742,1,0,0.1824255415859996,-2.0545907020568848,-0.5545908212661743,base,no
2743,1,0,0.0600866518571309,-3.0909457206726074,-0.3409457504749298,base,no
2744,1,0,0.0013250222594674832,-6.9485344886779785,-0.32353436946868896,base,no
2745,1,0,0.05340332678672523,-3.359096050262451,-0.4840959906578064,base,no
2746,1,1,0.7981867873410141,-0.713761031627655,-2.0887610912323,base,Yes
2747,1,0,0.002182716218167076,-6.336346626281738,-0.21134652197360992,base,no
2748,1,0,0.00407013711186692,-5.760550022125244,-0.2605498731136322,base,no
2749,1,1,0.6224593171945417,-0.9803968071937561,-1.4803967475891113,base,Yes
2750,1,0,0.18242552380635632,-2.132993459701538,-0.6329934597015381,base,no
2751,1,0,0.04208773272170267,-3.4348111152648926,-0.30981123447418213,base,no
2752,1,0,0.00048785722450755167,-7.911669731140137,-0.28666993975639343,base,no
2753,1,0,0.022977371917159397,-4.2167181968688965,-0.46671828627586365,base,no
2754,1,0,0.007577241940185738,-5.0975494384765625,-0.22254952788352966,base,no
2755,1,0,0.22270013882530884,-2.0759496688842773,-0.8259496688842773,base,No
2756,1,0,0.4378234991142019,-1.2564990520477295,-1.0064990520477295,base,no
2757,1,0,0.022977366564803023,-4.12868070602417,-0.378680557012558,base,no
2758,1,0,0.3775406547908327,-1.4744267463684082,-0.9744266867637634,base,no
2759,1,0,0.24508500210441886,-1.9121673107147217,-0.7871672511100769,base,no
2760,1,0,0.0009110510858938316,-7.395390033721924,-0.3953899145126343,base,no
2761,1,0,0.0006263342700365574,-7.859710693359375,-0.4847108721733093,base,no
2762,1,0,0.0004878570937179025,-7.942782878875732,-0.31778281927108765,base,no
2763,1,0,0.06754669301670263,-2.926931142807007,-0.3019311726093292,base,no
2764,1,0,0.060086646807761206,-3.4482102394104004,-0.6982101798057556,base,no
2765,1,0,0.015906392644828796,-4.7239532470703125,-0.5989533066749573,base,no
2766,1,0,0.06754668550840877,-2.9677085876464844,-0.3427084982395172,base,no
2767,1,0,0.0015011821618099368,-6.5265793800354,-0.026579316705465317,base,no
2768,1,0,0.0004305571069767681,-8.071354866027832,-0.3213549256324768,base,no
2769,1,0,0.0007096705417606146,-7.366675853729248,-0.11667605489492416,base,no
2770,1,0,0.0031726828424851893,-6.231989860534668,-0.48198986053466797,base,no
2771,1,0,0.18242551936144574,-1.9282639026641846,-0.4282638728618622,base,no
2772,1,0,0.008577486395777826,-4.7760539054870605,-0.0260540209710598,base,no
2773,1,0,0.0021827165751612514,-6.315296649932861,-0.1902967095375061,base,no
2774,1,0,0.0015011823460801075,-6.761965274810791,-0.2619653344154358,base,no
2775,1,0,0.004609572089636805,-5.390623569488525,-0.015623549930751324,base,no
2776,1,0,0.001700722360836013,-6.666684627532959,-0.2916845977306366,base,no
2777,1,0,0.20181323186177208,-2.033097743988037,-0.6580978035926819,base,no
2778,1,0,0.03732689055684297,-3.677515745162964,-0.42751583456993103,base,no
2779,1,0,0.09534947261117097,-2.6016578674316406,-0.3516579568386078,base,no
2780,1,0,0.0003799844072107596,-8.104278564453125,-0.22927828133106232,base,no
2781,1,0,0.01798620890931226,-4.657138347625732,-0.6571382880210876,base,no
2782,1,0,0.18242552380635632,-2.071262836456299,-0.5712628364562988,base,no
2783,1,0,0.2689414330889798,-1.7428834438323975,-0.7428835034370422,base,no
2784,1,0,0.000804085887740518,-7.272695064544678,-0.14769500494003296,base,no
2785,1,0,0.004070138561537168,-5.857971668243408,-0.3579718768596649,base,no
2786,1,0,0.0013250222594674832,-7.166922092437744,-0.5419219732284546,base,no
2787,1,0,0.008577485920584663,-5.09452486038208,-0.34452491998672485,base,no
2788,1,0,0.015906388213012365,-4.233887672424316,-0.1088874489068985,base,no
2789,1,0,0.22270013882530884,-1.886313557624817,-0.6363135576248169,base,no
2790,1,0,0.00280092763304364,-6.469865798950195,-0.5948660373687744,base,no
2791,1,1,0.5926665999540697,-1.0088253021240234,-1.3838253021240234,base,Yes
2792,1,0,0.003172683219498529,-5.990346431732178,-0.24034655094146729,base,no
2793,1,1,0.5621765008857981,-1.1201616525650024,-1.3701616525650024,base,Yes
2794,1,0,0.06754669864792355,-3.1724352836608887,-0.5474354028701782,base,no
2795,1,1,0.5312093733737563,-0.7070906758308411,-0.8320906758308411,base,yes
2796,1,0,0.07585818628900447,-2.999394655227661,-0.4993947446346283,base,no
2797,1,0,0.0002611903794065749,-8.277318954467773,-0.027319185435771942,base,no
2798,1,0,0.1824255415859996,-2.282193183898926,-0.7821933031082153,base,no
2799,1,0,0.07585818002124356,-3.070054531097412,-0.5700545310974121,base,no
2800,1,0,0.0003353500305578816,-8.286606788635254,-0.28660649061203003,base,no
2801,1,0,0.10669060246682488,-2.50759220123291,-0.3825922906398773,base,no
2802,1,0,0.01406362456384003,-4.664133071899414,-0.41413289308547974,base,no
2803,1,0,0.022977367902892003,-4.142495155334473,-0.3924950659275055,base,no
2804,1,0,0.0015011821673938809,-6.861603736877441,-0.36160367727279663,base,no
2805,1,0,0.00359360194114313,-5.985025405883789,-0.36002522706985474,base,no
2806,1,1,0.9626731105140616,-0.7329404950141907,-3.982940435409546,base,Yes
2807,1,0,0.020332357498075698,-4.2198967933654785,-0.34489700198173523,base,no
2808,1,0,0.003593602688132928,-6.067629814147949,-0.4426298439502716,base,no
2809,1,0,0.01798620838292263,-4.456377029418945,-0.45637694001197815,base,no
2810,1,0,0.025957363225871038,-4.198485374450684,-0.5734856128692627,base,No
2811,1,0,0.04742587587030561,-3.265040397644043,-0.26504045724868774,base,no
2812,1,0,0.0758581737534831,-2.9862494468688965,-0.4862493574619293,base,no
2813,1,0,0.000552778571063681,-7.820720672607422,-0.3207205533981323,base,no
2814,1,0,0.007577239923211134,-5.140091419219971,-0.2650912404060364,base,no
2815,1,1,0.5621765008857981,-1.0504422187805176,-1.3004422187805176,base,Yes
2816,1,1,0.7057850402140659,-0.9415377974510193,-1.816537857055664,base,Yes
2817,1,0,0.006692849636456047,-5.020637035369873,-0.020636841654777527,base,no
2818,1,0,0.0015011819328682409,-6.581824779510498,-0.08182456344366074,base,no
2819,1,0,0.009708474475791274,-4.8781867027282715,-0.25318649411201477,base,no
2820,1,0,0.0011695103346822365,-7.1513590812683105,-0.4013591408729553,base,no
2821,1,1,0.7057850278370112,-0.8750290870666504,-1.7500290870666504,base,Yes
2822,1,0,0.0003353500305578816,-8.165619850158691,-0.16561955213546753,base,no
2823,1,0,0.0006263342234002478,-7.507051467895508,-0.13205157220363617,base,no
2824,1,0,0.0040701384407312935,-5.986887454986572,-0.4868876338005066,base,no
2825,1,0,0.005220125538798635,-5.612804412841797,-0.3628043830394745,base,no
2826,1,0,0.0075772408196442265,-5.330730438232422,-0.4557303786277771,base,no
2827,1,0,0.0010322312826038706,-7.234621047973633,-0.3596212863922119,base,no
2828,1,0,0.007577240147319397,-5.17565393447876,-0.3006537854671478,base,no
2829,1,0,0.014063627869714051,-4.705431938171387,-0.4554319977760315,base,no
2830,1,0,0.0953494648991095,-2.7819607257843018,-0.5319607257843018,base,no
2831,1,0,0.022977373924293353,-4.264975070953369,-0.5149752497673035,base,no
2832,1,0,0.04742587856304458,-3.460662364959717,-0.46066248416900635,base,no
2833,1,0,0.00970847798573643,-4.651699066162109,-0.02669922262430191,base,no
2834,1,0,0.1480471980316895,-1.9691200256347656,-0.21912002563476562,base,no
2835,1,0,0.14804719051380197,-2.5144243240356445,-0.7644242644309998,base,No
2836,1,0,0.012431653780276067,-4.922417640686035,-0.5474178791046143,base,No
2837,1,0,0.0031726833962235465,-5.79304838180542,-0.04304855689406395,base,no
2838,1,0,0.06754669864792355,-3.354372024536133,-0.7293721437454224,base,no
2839,1,0,0.0017007225126338423,-6.735396862030029,-0.3603969216346741,base,no
2840,1,0,0.0021827163155291175,-6.4489312171936035,-0.32393115758895874,base,no
2841,1,0,0.004070138199119559,-6.149978160858154,-0.6499782800674438,base,No
2842,1,0,0.014063629935885703,-4.585309028625488,-0.335309237241745,base,no
2843,1,0,0.0031726825597252145,-6.110781192779541,-0.36078110337257385,base,no
2844,1,0,0.009708477770841793,-4.752719402313232,-0.12771953642368317,base,no
2845,1,0,0.37754066879814546,-1.3897056579589844,-0.8897056579589844,base,no
2846,1,0,6.605212517087793e-05,-9.979872703552246,-0.3548724055290222,base,no
2847,1,0,0.007577239699102878,-5.202645301818848,-0.32764509320259094,base,no
2848,1,0,0.017986213120429816,-4.279469966888428,-0.27947014570236206,base,no
2849,1,0,0.22270011818961086,-2.1018524169921875,-0.851852297782898,base,No
2850,1,0,0.0035936020478559492,-5.921472072601318,-0.2964719235897064,base,no
2851,1,0,0.005911067805510302,-5.572834491729736,-0.447834312915802,base,no
2852,1,0,0.0019267346633274755,-6.644885063171387,-0.3948850631713867,base,no
2853,1,1,0.6224593312018546,-0.9171152114868164,-1.4171152114868164,base,Yes
2854,1,0,0.20181323186177208,-2.0893146991729736,-0.7143147587776184,base,No
2855,1,0,0.22270013882530884,-1.8736581802368164,-0.6236581802368164,base,no
2856,1,0,0.04208773031866069,-3.7447755336761475,-0.6197755932807922,base,no
2857,1,0,0.22270013882530884,-1.5435864925384521,-0.29358649253845215,base,no
2858,1,0,0.01098694392594878,-5.041158199310303,-0.5411583185195923,base,no
2859,1,0,0.020332355717182622,-4.486447334289551,-0.6114474534988403,base,no
2860,1,0,0.0007096705364769095,-7.38251256942749,-0.13251276314258575,base,no
2861,1,1,0.8519527944504226,-0.7081478238105774,-2.4581477642059326,base,yes
2862,1,0,0.18242552380635632,-1.9842721223831177,-0.4842721223831177,base,no
2863,1,0,0.24508501313237172,-1.7867701053619385,-0.6617701053619385,base,no
2864,1,0,0.00970847848715727,-5.0305094718933105,-0.40550968050956726,base,no
2865,1,0,0.29421496597446145,-1.2994093894958496,-0.4244093596935272,base,no
2866,1,0,0.0015011825247663551,-6.787881374359131,-0.2878815531730652,base,no
2867,1,0,0.008577486680893736,-5.078845500946045,-0.32884564995765686,base,no
2868,1,1,0.7549149868676283,-0.7210623025894165,-1.8460623025894165,base,Yes
2869,1,0,0.01406362952265135,-4.616942882537842,-0.3669430613517761,base,no
2870,1,1,0.7981867777396212,-0.8764028549194336,-2.2514028549194336,base,Yes
2871,1,0,0.02595735945832451,-4.016321659088135,-0.39132174849510193,base,no
2872,1,0,0.4073334000459302,-1.3571301698684692,-0.9821301698684692,base,no
2873,1,0,0.02931223287127187,-3.572646379470825,-0.07264645397663116,base,no
2874,1,0,0.008577486680893736,-5.088642120361328,-0.33864226937294006,base,no
2875,1,0,4.53978639672829e-05,-10.184141159057617,-0.18414105474948883,base,no
2876,1,0,0.0675466911396291,-3.325636863708496,-0.7006368637084961,base,No
2877,1,0,0.10669058826486906,-2.663635730743408,-0.5386356711387634,base,No
2878,1,0,0.4378234991142019,-1.235856056213379,-0.9858560562133789,base,no
2879,1,0,0.0017007224620345643,-6.768899917602539,-0.39389994740486145,base,no
2880,1,0,0.004609572384488282,-5.545949935913086,-0.17094998061656952,base,no
2881,1,0,0.37754066879814546,-1.4560052156448364,-0.9560052156448364,base,no
2882,1,0,0.24508500210441886,-1.935439109802246,-0.8104390501976013,base,no
2883,1,0,0.03732689055684297,-3.5752885341644287,-0.3252886235713959,base,no
2884,1,0,0.1066905825840872,-2.7994775772094727,-0.6744774580001831,base,No
2885,1,0,0.5,-0.877488911151886,-0.877488911151886,base,no
2886,1,0,0.0002034270568529419,-8.72950553894043,-0.22950592637062073,base,no
2887,1,0,0.006692849735519792,-5.720467567443848,-0.7204673886299133,base,no
2888,1,0,0.16451645470385742,-2.398024797439575,-0.7730247378349304,base,No
2889,1,0,0.10669060530721626,-2.944488525390625,-0.8194886445999146,base,no
2890,1,0,0.002472623303650189,-6.435301780700684,-0.43530184030532837,base,no
2891,1,1,0.9399133464597458,-0.5959449410438538,-3.345944881439209,base,Yes
2892,1,0,0.022977374593338037,-4.168860912322998,-0.41886112093925476,base,no
2893,1,0,0.006692851964454458,-5.040833473205566,-0.04083362966775894,base,no
2894,1,0,0.005220125848318164,-5.486759185791016,-0.236759215593338,base,no
2895,1,1,0.7310585903489892,-0.7311426997184753,-1.7311427593231201,base,Yes
2896,1,0,0.10669058826486906,-2.6549477577209473,-0.5299476981163025,base,no
2897,1,0,0.005220126312597491,-5.838493824005127,-0.5884939432144165,base,no
2898,1,0,0.006692850924284856,-5.274013996124268,-0.2740139961242676,base,no
2899,1,0,0.0373268852023206,-3.934074640274048,-0.6840745806694031,base,no
2900,1,1,0.6513548511303336,-0.8673174977302551,-1.4923174381256104,base,Yes
2901,1,1,0.7310585669110203,-0.7835777401924133,-1.7835776805877686,base,Yes
2902,1,0,0.1329642333263228,-2.582170009613037,-0.7071699500083923,base,no
2903,1,0,0.0013250221805946513,-6.8903727531433105,-0.2653725743293762,base,no
2904,1,0,0.46879062662624377,-1.2069153785705566,-1.0819153785705566,base,no
2905,1,1,0.679178699175393,-0.85508131980896,-1.60508131980896,base,Yes
2906,1,0,0.37754066879814546,-1.459059476852417,-0.959059476852417,base,no
2907,1,0,0.006692850924284856,-5.444258689880371,-0.4442586898803711,base,no
2908,1,0,0.2689414330889798,-1.9244344234466553,-0.9244344830513,base,no
2909,1,0,0.004609572726345088,-5.641544818878174,-0.2665449380874634,base,no
2910,1,0,0.1824255415859996,-2.020899772644043,-0.5208998918533325,base,no
2911,1,0,0.0293122256635596,-4.174116611480713,-0.6741164326667786,base,no
2912,1,0,0.0021827166400692896,-6.521344184875488,-0.39634427428245544,base,no
2913,1,0,0.00037998433363002117,-8.362472534179688,-0.4874720573425293,base,no
2914,1,0,0.037326887344129464,-3.729292869567871,-0.4792928695678711,base,no
2915,1,0,0.0035936027414893473,-5.859825611114502,-0.23482565581798553,base,no
2916,1,1,0.5926665999540697,-1.0332348346710205,-1.4082348346710205,base,Yes
2917,1,0,0.015906394510857135,-4.58761739730835,-0.46261757612228394,base,no
2918,1,0,0.002472623009619369,-6.291036605834961,-0.29103654623031616,base,no
2919,1,0,0.029312227359491745,-4.179193019866943,-0.6791929006576538,base,no
2920,1,0,0.1645164792819756,-2.306051731109619,-0.6810518503189087,base,no
2921,1,1,0.851952809486198,-0.5802633166313171,-2.330263376235962,base,Yes
2922,1,0,0.09534945975773548,-2.721064329147339,-0.4710642695426941,base,no
2923,1,0,0.18242551491653522,-2.1483867168426514,-0.6483866572380066,base,no
2924,1,0,0.005220124764999895,-5.655375003814697,-0.40537482500076294,base,no
2925,1,1,0.9626731105140616,-0.5861833691596985,-3.8361833095550537,base,Yes
2926,1,0,0.00020342690834954298,-8.530369758605957,-0.030369415879249573,base,no
2927,1,1,0.798186768138228,-0.8123829960823059,-2.187382936477661,base,Yes
2928,1,0,0.1480471980316895,-2.2304482460021973,-0.48044824600219727,base,no
2929,1,1,0.6513548646660542,-0.8787189722061157,-1.5037189722061157,base,Yes
2930,1,0,0.008577487187766488,-5.049729824066162,-0.2997300326824188,base,no
2931,1,0,0.22270013882530884,-1.9873391389846802,-0.7373391389846802,base,no
2932,1,0,0.020332349780873466,-4.598071098327637,-0.7230709195137024,base,no
2933,1,0,0.017986206803753842,-4.553643703460693,-0.553643524646759,base,no
2934,1,0,0.0040701374742844335,-6.091416835784912,-0.5914167761802673,base,no
2935,1,0,0.0031726822769652645,-6.080871105194092,-0.33087092638015747,base,no
2936,1,0,0.0010322311289482067,-7.2289018630981445,-0.3539019525051117,base,no
2937,1,0,0.0028009265509193865,-6.134465217590332,-0.2594650685787201,base,no
2938,1,0,0.020332356904444657,-4.441041469573975,-0.5660416483879089,base,no
2939,1,0,0.0953494648991095,-3.0902271270751953,-0.8402271270751953,base,no
2940,1,0,0.0015011824800947912,-6.826486110687256,-0.3264862596988678,base,no
2941,1,0,0.009708477054526368,-5.163161277770996,-0.5381613373756409,base,no
2942,1,0,0.009708477627578704,-5.068228721618652,-0.4432288408279419,base,no
2943,1,0,0.13296424019782924,-2.482781171798706,-0.607781171798706,base,no
2944,1,1,0.5621765008857981,-1.0662544965744019,-1.3162544965744019,base,yes
2945,1,0,0.1066905854244781,-2.436511993408203,-0.31151190400123596,base,no
2946,1,0,0.020332350374504305,-4.139328479766846,-0.26432833075523376,base,no
2947,1,0,0.0474258704848281,-3.6750242710113525,-0.6750242114067078,base,no
2948,1,0,0.24508500210441886,-1.5026650428771973,-0.3776649832725525,base,no
2949,1,0,0.0008040857680187367,-7.450649738311768,-0.32564952969551086,base,no
2950,1,0,0.004609573273316032,-5.6676483154296875,-0.2926485538482666,base,no
2951,1,0,0.02595736247236169,-4.05367374420166,-0.42867395281791687,base,no
2952,1,0,0.1480471980316895,-2.3329336643218994,-0.5829336643218994,base,no
2953,1,0,0.0024726232117655536,-6.0174241065979,-0.01742412894964218,base,no
2954,1,0,0.00026119036578799344,-8.603468894958496,-0.3534690737724304,base,no
2955,1,0,0.022977364557669702,-4.422901153564453,-0.672900915145874,base,no
2956,1,1,0.9149009642742806,-0.6269420385360718,-3.0019421577453613,base,Yes
2957,1,0,0.002800927133601626,-6.140935897827148,-0.2659359574317932,base,no
2958,1,0,0.0010322308216369478,-7.163548469543457,-0.2885482609272003,base,no
2959,1,0,0.0013250225355224317,-7.060100555419922,-0.43510064482688904,base,no
2960,1,0,0.002800926800640331,-6.276084899902344,-0.401084840297699,base,no
2961,1,0,0.02297737174989824,-3.826756000518799,-0.0767560824751854,base,no
2962,1,0,0.001700722209038197,-7.015858173370361,-0.6408580541610718,base,no
2963,1,0,0.0009110510418129423,-7.016849040985107,-0.01684887334704399,base,no
2964,1,0,0.042087725512577126,-3.4912590980529785,-0.36625903844833374,base,no
2965,1,0,0.03308597743528921,-3.652564525604248,-0.27756449580192566,base,no
2966,1,0,0.004609572042631499,-5.866012096405029,-0.4910120666027069,base,no
2967,1,1,0.5926665999540697,-0.8538339138031006,-1.2288339138031006,base,yes
2968,1,0,0.13296425394084313,-2.52622127532959,-0.6512213945388794,base,No
2969,1,1,0.5926665999540697,-0.9454948902130127,-1.3204948902130127,base,Yes
2970,1,0,0.009708474762317362,-4.9629034996032715,-0.33790332078933716,base,no
2971,1,0,0.009708474189265195,-5.167232513427734,-0.5422322750091553,base,no
2972,1,0,0.0059110692064883365,-5.572150707244873,-0.4471507668495178,base,no
2973,1,1,0.5312093733737563,-1.0732407569885254,-1.1982407569885254,base,Yes
2974,1,0,0.010986945221304533,-4.902535438537598,-0.40253567695617676,base,no
2975,1,0,0.0011695101954287976,-7.338668346405029,-0.5886682868003845,base,No
2976,1,0,0.0005527785545987024,-7.758969783782959,-0.25896963477134705,base,no
2977,1,0,0.010986941051878748,-4.539086818695068,-0.03908667340874672,base,no
2978,1,0,0.0024726229728655185,-6.171849727630615,-0.17184965312480927,base,no
2979,1,0,0.007577242164294059,-5.418756484985352,-0.5437566041946411,base,no
2980,1,1,0.7310585786300049,-0.7418824434280396,-1.7418824434280396,base,Yes
2981,1,0,0.0035936022612815957,-5.9539794921875,-0.32897940278053284,base,no
2982,1,0,0.0015011823907516671,-6.789087295532227,-0.2890873849391937,base,no
2983,1,0,0.0035936022612815957,-5.900325775146484,-0.2753256857395172,base,no
2984,1,0,0.012431651950844584,-4.712059497833252,-0.3370595872402191,base,no
2985,1,0,0.0953494648991095,-2.8249011039733887,-0.5749011039733887,base,no
2986,1,1,0.8175744761936437,-0.595339298248291,-2.095339298248291,base,Yes
2987,1,0,0.01098694327827096,-4.951403617858887,-0.4514036774635315,base,no
2988,1,0,0.042087725512577126,-3.891463041305542,-0.7664629817008972,base,no
2989,1,0,0.4073334000459302,-1.2700637578964233,-0.8950637578964233,base,no
2990,1,0,0.0006263340741640804,-7.446560382843018,-0.07156024873256683,base,no
2991,1,0,0.02297736522671412,-4.178316593170166,-0.4283163845539093,base,no
2992,1,0,0.34864513533394575,-1.587136149406433,-0.9621361494064331,base,No
2993,1,0,0.09534945975773548,-2.929018497467041,-0.6790184378623962,base,no
2994,1,0,0.3775406828054583,-1.0925633907318115,-0.5925634503364563,base,no
2995,1,0,0.0008040859835179557,-7.48239278793335,-0.3573928475379944,base,no
2996,1,0,0.0007096702722916998,-7.512298107147217,-0.26229792833328247,base,no
2997,1,0,0.20181321265898594,-2.016085386276245,-0.6410853266716003,base,no
2998,1,0,0.0011695101606154403,-7.009124279022217,-0.25912418961524963,base,no
2999,1,0,0.0017007225410959367,-6.393557071685791,-0.018557148054242134,base,no
3000,0,0,0.00012339454657030597,-9.531553268432617,-0.5315530300140381,base,no
3001,0,0,0.16451644651115205,-2.4416933059692383,-0.8166931867599487,base,No
3002,0,0,0.0035936027948457686,-5.775505542755127,-0.15050560235977173,base,no
3003,0,0,0.005220125693558397,-5.701213836669922,-0.4512138366699219,base,no
3004,0,0,0.001325022594677071,-6.832232475280762,-0.20723260939121246,base,no
3005,0,0,0.0009110510316404296,-7.395931243896484,-0.39593106508255005,base,no
3006,0,0,0.000552778571063681,-7.605095863342285,-0.1050957441329956,base,no
3007,0,0,0.01098694392594878,-4.906736373901367,-0.40673649311065674,base,no
3008,0,0,0.000911051207963998,-7.233720302581787,-0.2337203174829483,base,no
3009,0,0,0.009708475908421797,-5.074813365936279,-0.4498133063316345,base,no
3010,0,0,0.14804719051380197,-2.342456579208374,-0.5924565196037292,base,no
3011,0,0,0.0010322312211416022,-7.323920726776123,-0.4489209055900574,base,no
3012,0,0,0.0031726828424851893,-6.39369535446167,-0.6436953544616699,base,no
3013,0,0,0.0003799846166329393,-8.267173767089844,-0.39217403531074524,base,no
3014,0,0,0.0005527785381337246,-7.787055969238281,-0.2870557904243469,base,no
3015,0,0,0.0003353500193181663,-8.043780326843262,-0.043779995292425156,base,no
3016,0,0,0.0007096704519376317,-7.41409158706665,-0.16409166157245636,base,no
3017,0,0,0.0010322312211416022,-7.352941989898682,-0.47794216871261597,base,no
3018,0,0,0.0009110511944006454,-7.2633771896362305,-0.26337718963623047,base,no
3019,0,0,0.0008040858757683391,-7.358428478240967,-0.23342840373516083,base,no
3020,0,0,0.012431647926096252,-4.879027366638184,-0.5040271282196045,base,no
3021,0,0,0.0005527787357134919,-7.787966728210449,-0.28796690702438354,base,no
3022,0,0,0.00015843620021845033,-9.00856876373291,-0.2585686445236206,base,no
3023,0,0,0.4378234991142019,-1.3608744144439697,-1.1108744144439697,base,no
3024,0,0,0.0005527785216687471,-7.854877948760986,-0.3548777401447296,base,no
3025,0,0,0.00037998465059330366,-8.161648750305176,-0.28664910793304443,base,no
3026,0,0,0.002472623707942624,-6.234131813049316,-0.23413203656673431,base,no
3027,0,0,0.03732689109229525,-3.313610553741455,-0.06361065804958344,base,no
3028,0,0,0.0019267343624472047,-6.369688510894775,-0.11968835443258286,base,no
3029,0,0,0.0028009275498032983,-6.162444591522217,-0.2874448001384735,base,no
3030,0,0,0.0017007225379334816,-6.608615875244141,-0.2336159497499466,base,no
3031,0,0,0.00015843616717132347,-9.184983253479004,-0.43498292565345764,base,no
3032,0,0,0.13296425394084313,-2.5965538024902344,-0.7215539216995239,base,no
3033,0,0,0.000552778702783526,-7.8571672439575195,-0.3571673631668091,base,no
3034,0,0,0.00015843615300827117,-9.232444763183594,-0.4824443459510803,base,no
3035,0,0,0.025957354937269386,-3.9937326908111572,-0.36873260140419006,base,no
3036,0,0,0.022977365895758564,-4.236177921295166,-0.4861777424812317,base,no
3037,0,0,0.0031726831252451896,-6.152018070220947,-0.40201815962791443,base,no
3038,0,0,5.829127608382254e-05,-10.446168899536133,-0.6961690783500671,base,no
3039,0,0,0.0007096702828591064,-7.396670341491699,-0.1466701775789261,base,no
3040,0,0,0.002472623671188763,-6.358489990234375,-0.3584901988506317,base,no
3041,0,0,0.015906389962413444,-4.188081741333008,-0.06308162957429886,base,no
3042,0,0,0.00037998452182693825,-7.914028644561768,-0.03902866318821907,base,no
3043,0,0,0.002800926384438769,-6.104480266571045,-0.2294800579547882,base,no
3044,0,0,0.00029595722814188495,-8.444454193115234,-0.3194545805454254,base,no
3045,0,0,0.001501182301408549,-6.986280918121338,-0.4862809479236603,base,no
3046,0,0,0.06754668926255561,-3.093886137008667,-0.4688861072063446,base,no
3047,0,0,0.004609572999830552,-5.639077186584473,-0.264077365398407,base,no
3048,0,0,0.0005527785381337246,-8.031085968017578,-0.5310857892036438,base,no
3049,0,0,0.0008040860553510418,-7.414934158325195,-0.28993430733680725,base,no
3050,0,0,0.003593603221697163,-5.982687473297119,-0.35768765211105347,base,no
3051,0,0,0.11920293453832885,-2.6184964179992676,-0.6184965372085571,base,no
3052,0,0,0.34864513533394575,-1.459976315498352,-0.834976315498352,base,no
3053,0,0,0.002472623009619369,-6.5906267166137695,-0.5906266570091248,base,no
3054,0,0,0.012431650853185818,-5.082216262817383,-0.7072162628173828,base,no
3055,0,0,0.002472622936111669,-6.358386993408203,-0.35838690400123596,base,no
3056,0,0,0.009708478057367978,-4.706423282623291,-0.08142344653606415,base,no
3057,0,0,0.014063626216776943,-4.584792137145996,-0.3347920775413513,base,no
3058,0,0,0.00359360194114313,-6.28422737121582,-0.659227192401886,base,no
3059,0,0,0.006692851716795015,-5.585838317871094,-0.5858384370803833,base,no
3060,0,0,0.01406362415060583,-4.623364448547363,-0.37336423993110657,base,no
3061,0,0,0.10669058826486906,-2.766251802444458,-0.6412517428398132,base,no
3062,0,0,0.0003353500305578816,-8.355005264282227,-0.3550049662590027,base,no
3063,0,0,8.481107521099662e-05,-9.402209281921387,-0.027209676802158356,base,no
3064,0,0,0.4378234991142019,-1.294889211654663,-1.044889211654663,base,no
3065,0,0,0.009708477627578704,-5.331737518310547,-0.7067376375198364,base,no
3066,0,0,0.0009110511401472368,-7.531188488006592,-0.531188428401947,base,no
3067,0,1,0.5926665999540697,-1.0604100227355957,-1.4354100227355957,base,Yes
3068,0,0,0.00359360332841002,-6.025660514831543,-0.4006607234477997,base,no
3069,0,0,0.1480472055495773,-2.2572154998779297,-0.5072155594825745,base,no
3070,0,0,0.014063627869714051,-4.674635887145996,-0.42463594675064087,base,no
3071,0,0,0.0003353499806035945,-8.48110294342041,-0.48110249638557434,base,no
3072,0,0,0.0002305068112778349,-8.808629035949707,-0.43362942337989807,base,no
3073,0,0,0.0028009263011984638,-6.1724395751953125,-0.2974393367767334,base,no
3074,0,0,0.0008040858039352692,-7.3112077713012695,-0.1862076073884964,base,no
3075,0,0,0.0035936024747072553,-5.9873576164245605,-0.36235758662223816,base,no
3076,0,0,0.000158436176613359,-9.035452842712402,-0.28545257449150085,base,no
3077,0,0,0.07585817584273653,-3.1101937294006348,-0.61019366979599,base,no
3078,0,0,0.0010322310367548194,-7.1084675788879395,-0.23346757888793945,base,no
3079,0,0,0.0021827160558970152,-6.666338920593262,-0.5413387417793274,base,no
3080,0,0,0.0005527787357134919,-7.933695316314697,-0.4336954951286316,base,no
3081,0,0,9.610240404427493e-05,-9.505460739135742,-0.25546061992645264,base,no
3082,0,1,0.6513548646660542,-0.968849778175354,-1.593849778175354,base,Yes
3083,0,0,0.0019267350071906994,-6.696649551391602,-0.4466497302055359,base,no
3084,0,0,0.01590639171181471,-4.723179817199707,-0.598179817199707,base,no
3085,0,0,0.000626334218736617,-7.3835039138793945,-0.008504010736942291,base,no
3086,0,0,0.002182716899701462,-6.318645000457764,-0.19364520907402039,base,no
3087,0,0,0.0010322308177955575,-6.915333271026611,-0.040333058685064316,base,no
3088,0,0,0.0052201249197596335,-5.413680076599121,-0.16367992758750916,base,no
3089,0,0,0.16451647108926923,-2.3134214878082275,-0.6884215474128723,base,no
3090,0,0,0.0019267343767748358,-6.645572662353516,-0.3955725133419037,base,no
3091,0,0,0.0075772408196442265,-5.278529167175293,-0.4035291075706482,base,no
3092,0,1,0.5621765008857981,-1.05657160282135,-1.30657160282135,base,Yes
3093,0,0,0.01243165231673086,-4.74838924407959,-0.3733893632888794,base,no
3094,0,0,0.00020342691744158468,-8.664878845214844,-0.16487854719161987,base,no
3095,0,0,0.00013982202773327808,-9.081668853759766,-0.20666851103305817,base,no
3096,0,0,0.01406362456384003,-4.747679233551025,-0.49767905473709106,base,no
3097,0,0,0.0159063879797589,-4.466397285461426,-0.3413970470428467,base,no
3098,0,0,0.005911068418438151,-5.300503253936768,-0.1755031794309616,base,no
3099,0,0,0.014063627456479755,-4.657872676849365,-0.4078727066516876,base,no
3100,0,0,0.4378234991142019,-1.252977967262268,-1.002977967262268,base,no
3101,0,1,0.5312093733737563,-1.097754716873169,-1.222754716873169,base,Yes
3102,0,0,0.007577241576009728,-4.894980430603027,-0.019980471581220627,base,no
3103,0,0,0.004609571632403393,-6.021247386932373,-0.6462472677230835,base,no
3104,0,0,0.010986944249787705,-4.750061511993408,-0.25006166100502014,base,no
3105,0,0,0.0031726828424851893,-6.072927951812744,-0.32292795181274414,base,no
3106,0,0,0.008577486174021013,-5.23892879486084,-0.488928884267807,base,no
3107,0,0,0.0015011819663719016,-6.6921467781066895,-0.19214658439159393,base,no
3108,0,0,0.3486451488696663,-1.4771857261657715,-0.8521857857704163,base,no
3109,0,0,0.000230506756333403,-8.667943000793457,-0.29294314980506897,base,no
3110,0,0,0.0003353501904116503,-8.530189514160156,-0.5301896929740906,base,no
3111,0,0,0.008577483766375987,-4.789231300354004,-0.039231106638908386,base,no
3112,0,0,0.0013250226143952844,-6.947450160980225,-0.32245030999183655,base,no
3113,0,0,0.00012339458334021427,-9.231477737426758,-0.2314777970314026,base,no
3114,0,0,0.002182716380437148,-6.3891167640686035,-0.26411673426628113,base,no
3115,0,0,0.07585818419975078,-2.938615322113037,-0.4386153817176819,base,no
3116,0,0,0.009708475621895678,-5.031710147857666,-0.40671005845069885,base,no
3117,0,0,0.005911068856243796,-5.658510684967041,-0.533510684967041,base,no
3118,0,0,0.006692851221476155,-5.220588684082031,-0.22058872878551483,base,no
3119,0,0,0.000804086031406679,-7.711716651916504,-0.5867167711257935,base,no
3120,0,0,0.0008040860074623171,-7.518250465393066,-0.39325055480003357,base,no
3121,0,0,0.002800927133601626,-6.169229030609131,-0.29422909021377563,base,no
3122,0,0,0.01098694392594878,-4.80879020690918,-0.30879032611846924,base,no
3123,0,0,0.029312230751356316,-4.0545220375061035,-0.5545220375061035,base,no
3124,0,0,0.00017952801214190153,-9.059610366821289,-0.43461060523986816,base,no
3125,0,0,0.0006263341674366807,-7.6094231605529785,-0.2344231754541397,base,no
3126,0,0,0.0004878572681041092,-8.32783031463623,-0.7028306126594543,base,no
3127,0,0,0.06008665354025422,-3.2827582359313965,-0.5327582955360413,base,No
3128,0,0,0.014063626216776943,-4.61944580078125,-0.3694457411766052,base,no
3129,0,0,0.16451647108926923,-2.182661771774292,-0.5576618313789368,base,no
3130,0,0,0.005911068856243796,-5.724252700805664,-0.5992527008056641,base,no
3131,0,0,0.0031726822769652645,-6.045137882232666,-0.2951377034187317,base,no
3132,0,0,0.010986940363721243,-4.7557549476623535,-0.2557547390460968,base,no
3133,0,0,0.0007096704519376317,-7.367813587188721,-0.11781366169452667,base,no
3134,0,0,0.007577242164294059,-5.41084098815918,-0.5358411073684692,base,no
3135,0,0,0.009708476553105604,-4.678737640380859,-0.05373764783143997,base,no
3136,0,0,0.03732688306051187,-3.7293477058410645,-0.4793475866317749,base,no
3137,0,0,0.0013250226538317129,-7.0651373863220215,-0.4401375651359558,base,no
3138,0,0,0.00407013783670198,-5.868560314178467,-0.3685603439807892,base,no
3139,0,0,0.0002959570165195049,-8.480111122131348,-0.3551107943058014,base,no
3140,0,0,0.001325022629183945,-6.632962703704834,-0.007962863892316818,base,no
3141,0,0,0.00037998460531281857,-8.36571216583252,-0.49071240425109863,base,no
3142,0,0,0.005911069731855184,-5.578035831451416,-0.45303598046302795,base,no
3143,0,0,0.0019267347779485435,-6.492742538452148,-0.2427425980567932,base,no
3144,0,0,0.00017952789445533463,-8.794890403747559,-0.16988998651504517,base,no
3145,0,0,0.0010322308830991924,-7.197896957397461,-0.322896808385849,base,no
3146,0,0,0.00048785691933175807,-8.158978462219238,-0.5339780449867249,base,no
3147,0,0,0.0007096705047746792,-7.570523262023926,-0.3205234110355377,base,no
3148,0,0,0.0005527786204586191,-7.64680290222168,-0.1468028724193573,base,no
3149,0,0,0.00037998468455367106,-8.356524467468262,-0.48152491450309753,base,no
3150,0,0,0.0002959570165195049,-8.3302640914917,-0.20526376366615295,base,no
3151,0,0,0.004070138138716626,-5.738443374633789,-0.23844347894191742,base,no
3152,0,0,0.04742587688008271,-3.0623862743377686,-0.06238635629415512,base,no
3153,0,0,0.0006263342490502177,-7.403261184692383,-0.028261329978704453,base,no
3154,0,0,0.005911068155754778,-5.718282222747803,-0.5932821035385132,base,no
3155,0,0,0.004609571358918011,-5.739218711853027,-0.364218533039093,base,no
3156,0,0,0.14804721306746543,-2.569305896759033,-0.8193060159683228,base,no
3157,0,0,0.04742587721667508,-3.200451612472534,-0.20045170187950134,base,no
3158,0,0,0.0021827161208050378,-6.416316032409668,-0.29131588339805603,base,no
3159,0,0,0.0006263341208003788,-7.9602179527282715,-0.5852178931236267,base,no
3160,0,0,0.002182716185713063,-6.384925842285156,-0.2599257230758667,base,no
3161,0,0,0.009708475335369565,-5.081573486328125,-0.45657336711883545,base,no
3162,0,0,0.0024726230463732192,-6.1720662117004395,-0.17206616699695587,base,no
3163,0,0,0.0009110510045137297,-7.258001327514648,-0.2580011188983917,base,no
3164,0,0,0.00029595709146908053,-8.354578971862793,-0.229578897356987,base,no
3165,0,0,0.0011695100909887293,-7.143726825714111,-0.3937266767024994,base,no
3166,0,0,0.002182716185713063,-6.7639288902282715,-0.6389287710189819,base,no
3167,0,0,0.0024726227890962764,-6.324014186859131,-0.3240140378475189,base,no
3168,0,0,0.0002959570341546974,-8.48235034942627,-0.35735008120536804,base,no
3169,0,0,0.02931222905542399,-3.8066866397857666,-0.3066865801811218,base,no
3170,0,0,0.008577484653403024,-5.1514201164245605,-0.4014200270175934,base,no
3171,0,0,0.0007096704730724502,-7.387872695922852,-0.13787280023097992,base,no
3172,0,0,0.00012339453002385082,-9.166146278381348,-0.1661459058523178,base,no
3173,0,0,0.0024726227890962764,-6.395371437072754,-0.39537128806114197,base,no
3174,0,0,0.001700722816229541,-6.960149765014648,-0.5851500034332275,base,no
3175,0,0,0.004609572999830552,-5.586886405944824,-0.21188658475875854,base,no
3176,0,0,0.005220126467357275,-5.687685012817383,-0.43768516182899475,base,no
3177,0,0,0.01243165304850344,-4.429695129394531,-0.054695308208465576,base,no
3178,0,0,0.004070137851802711,-5.5329909324646,-0.032990965992212296,base,no
3179,0,0,0.0021827160558970152,-6.311288833618164,-0.18628865480422974,base,no
3180,0,0,0.008577486934330109,-5.157230377197266,-0.40723055601119995,base,no
3181,0,0,0.00192673483525908,-6.649020671844482,-0.3990207612514496,base,no
3182,0,0,0.0006263341674366807,-7.604246139526367,-0.22924615442752838,base,no
3183,0,0,0.007577239811157005,-4.920725345611572,-0.045725151896476746,base,no
3184,0,0,0.0005527786546749071,-7.506718158721924,-0.006718190852552652,base,no
3185,0,0,0.020332356904444657,-4.588708400726318,-0.7137085795402527,base,no
3186,0,0,0.04742587856304458,-3.5363173484802246,-0.5363174676895142,base,no
3187,0,0,0.18242552380635632,-2.2518489360809326,-0.7518489360809326,base,No
3188,0,0,0.00012339452818535594,-9.25835132598877,-0.2583509385585785,base,no
3189,0,0,0.0021827163155291175,-6.452760696411133,-0.32776063680648804,base,no
3190,0,0,0.0024726234506656126,-6.288671493530273,-0.288671612739563,base,no
3191,0,0,0.1480472055495773,-2.510359525680542,-0.7603595852851868,base,no
3192,0,0,0.0031726830309918535,-6.198887348175049,-0.4488874077796936,base,no
3193,0,0,0.007577243053724028,-4.885766983032227,-0.01076722051948309,base,no
3194,0,0,0.00029595707824268345,-8.608454704284668,-0.4834545850753784,base,no
3195,0,0,0.10669059394565118,-2.701667070388794,-0.576667070388794,base,no
3196,0,0,0.0010322308523680697,-7.456961631774902,-0.581961452960968,base,no
3197,0,0,0.00669285072615733,-5.241682529449463,-0.2416824996471405,base,no
3198,0,0,0.0046095710854326425,-5.6108293533325195,-0.23582911491394043,base,no
3199,0,0,0.13296425394084313,-2.3841986656188965,-0.509198784828186,base,no
3200,0,0,0.0005527787110160173,-7.646399974822998,-0.1464001089334488,base,no
3201,0,0,0.09534945718704857,-2.3765809535980225,-0.1265808641910553,base,no
3202,0,0,0.007577240147319397,-5.144288063049316,-0.26928791403770447,base,no
3203,0,0,0.0011695101258020842,-7.284736156463623,-0.5347360372543335,base,no
3204,0,0,0.00033534999059445133,-8.320956230163574,-0.3209558129310608,base,no
3205,0,0,0.0002959572457770901,-8.44456672668457,-0.31956717371940613,base,no
3206,0,0,0.0013250221411582371,-6.946479797363281,-0.32147958874702454,base,no
3207,0,0,0.010986941011398892,-4.996549606323242,-0.49654945731163025,base,no
3208,0,0,0.001169510508749058,-7.147639274597168,-0.3976394832134247,base,no
3209,0,1,0.9820137879323497,-0.7203675508499146,-4.720367431640625,base,Yes
3210,0,0,0.0031726826539785367,-6.282449722290039,-0.5324496626853943,base,no
3211,0,0,0.008577483386221569,-5.286355018615723,-0.5363547801971436,base,no
3212,0,0,0.0002959570429722942,-8.35416030883789,-0.22916007041931152,base,no
3213,0,0,0.0019267350071906994,-6.513608932495117,-0.2636091113090515,base,no
3214,0,0,0.06008665354025422,-3.2654974460601807,-0.5154975056648254,base,no
3215,0,0,0.0013250223383403197,-7.072785377502441,-0.44778531789779663,base,no
3216,0,0,0.00669285191492257,-5.2963337898254395,-0.2963339388370514,base,no
3217,0,0,0.0010322309445614404,-7.165771961212158,-0.29077187180519104,base,no
3218,0,0,0.01406362952265135,-4.748332500457764,-0.498332679271698,base,no
3219,0,0,0.003593603008271459,-6.169608116149902,-0.5446082353591919,base,no
3220,0,0,0.020332352155396922,-4.289183139801025,-0.4141830801963806,base,no
3221,0,0,0.0008040859835179557,-7.449395656585693,-0.32439571619033813,base,no
3222,0,0,0.00013982206523122966,-8.909589767456055,-0.03458969295024872,base,no
3223,0,0,0.4073334000459302,-1.224153757095337,-0.8491537570953369,base,no
3224,0,0,0.003593602901558612,-5.861032485961914,-0.23603257536888123,base,no
3225,0,0,0.00033535013046647816,-8.532268524169922,-0.5322685241699219,base,no
3226,0,0,0.0002959571091042776,-8.35413932800293,-0.2291393131017685,base,no
3227,0,0,0.0021827161208050378,-6.560398101806641,-0.4353979527950287,base,no
3228,0,0,9.61024355460755e-05,-9.604211807250977,-0.3542120158672333,base,no
3229,0,0,5.8291279558050925e-05,-10.233760833740234,-0.4837610721588135,base,no
3230,0,0,0.0019267343481195736,-6.418114185333252,-0.16811402142047882,base,no
3231,0,0,0.0007096703568309563,-7.573125839233398,-0.32312577962875366,base,no
3232,0,0,0.0009110513571608901,-7.639985084533691,-0.6399852633476257,base,no
3233,0,0,0.00012339454657030597,-9.478677749633789,-0.47867751121520996,base,no
3234,0,0,0.0024726227890962764,-6.3553385734558105,-0.3553384244441986,base,no
3235,0,0,0.0002611903463328782,-8.396747589111328,-0.14674769341945648,base,no
3236,0,0,0.00857748680761192,-4.786586761474609,-0.03658692538738251,base,no
3237,0,0,0.005911068856243796,-5.669029235839844,-0.5440292358398438,base,no
3238,0,0,0.06754668550840877,-2.912947416305542,-0.28794732689857483,base,no
3239,0,0,0.00037998455437227924,-8.10665225982666,-0.2316523641347885,base,no
3240,0,0,0.001926734204843272,-6.541417121887207,-0.29141688346862793,base,no
3241,0,0,0.015906393111335862,-4.475805759429932,-0.3508058488368988,base,no
3242,0,0,0.0007096702722916998,-7.642134666442871,-0.39213448762893677,base,no
3243,0,0,0.060086646807761206,-3.3000922203063965,-0.5500921607017517,base,no
3244,0,0,0.005911070257222078,-5.772922515869141,-0.6479227542877197,base,no
3245,0,0,0.02297736991002561,-4.356879711151123,-0.606879711151123,base,no
3246,0,0,0.0017007226138324027,-7.022355556488037,-0.6473556756973267,base,no
3247,0,0,0.0002305067906736714,-8.602731704711914,-0.22773200273513794,base,no
3248,0,0,0.0009110510045137297,-7.320600509643555,-0.320600301027298,base,no
3249,0,0,0.004070136870255261,-5.942558288574219,-0.44255807995796204,base,no
3250,0,1,0.8354835207180245,-0.7535997629165649,-2.3785996437072754,base,Yes
3251,0,0,0.04208772431105632,-3.3948702812194824,-0.26987019181251526,base,no
3252,0,0,0.0035936023679944244,-6.2187418937683105,-0.5937418341636658,base,no
3253,0,0,0.0011695100561753752,-7.18212890625,-0.4321287274360657,base,no
3254,0,0,0.001032230959927003,-7.061633110046387,-0.18663303554058075,base,no
3255,0,0,0.01798620785653302,-4.649120330810547,-0.6491202116012573,base,no
3256,0,0,0.34864513533394575,-1.5660436153411865,-0.9410436153411865,base,no
3257,0,0,0.00029595705674978945,-8.153185844421387,-0.028185652568936348,base,no
3258,0,0,0.00043055714545500067,-8.037532806396484,-0.2875329554080963,base,no
3259,0,0,0.0009110509773870306,-7.234792709350586,-0.23479247093200684,base,no
3260,0,0,0.004070138682343046,-5.860565185546875,-0.3605654239654541,base,no
3261,0,0,0.0015011820780507757,-6.759706497192383,-0.25970637798309326,base,no
3262,0,0,0.00037998435627024685,-8.199886322021484,-0.32488590478897095,base,no
3263,0,0,0.006692851122412387,-5.4541473388671875,-0.4541473686695099,base,no
3264,0,0,0.0002959571311482753,-8.559030532836914,-0.43403059244155884,base,no
3265,0,0,0.006692851518667466,-5.332992076873779,-0.33299216628074646,base,no
3266,0,0,0.0017007221078396608,-6.771440505981445,-0.396440327167511,base,no
3267,0,0,0.002472623707942624,-6.186590671539307,-0.18659089505672455,base,no
3268,0,0,0.0035936024747072553,-5.862514972686768,-0.2375149428844452,base,no
3269,0,0,0.0007096702300220753,-7.64140510559082,-0.3914048671722412,base,no
3270,0,0,0.0004305571967593163,-8.229272842407227,-0.47927311062812805,base,no
3271,0,0,0.00033535021039337676,-8.397575378417969,-0.39757561683654785,base,no
3272,0,0,0.0017007224620345643,-6.635427474975586,-0.2604275047779083,base,no
3273,0,0,0.00012339453921632562,-9.163970947265625,-0.16397064924240112,base,no
3274,0,0,0.01406362952265135,-4.846802234649658,-0.5968024134635925,base,no
3275,0,0,0.007577240371427665,-5.599118232727051,-0.7241181135177612,base,no
3276,0,0,0.0011695100735820523,-6.882176876068115,-0.1321767121553421,base,no
3277,0,0,0.042087725512577126,-3.6049559116363525,-0.47995585203170776,base,no
3278,0,0,0.0066928508376040636,-5.027228832244873,-0.027228819206357002,base,no
3279,0,0,0.00033534999059445133,-8.704716682434082,-0.7047162652015686,base,no
3280,0,0,0.01243165231673086,-5.097977638244629,-0.7229777574539185,base,no
3281,0,0,0.0009110509773870306,-7.262251853942871,-0.262251615524292,base,no
3282,0,0,0.0010322308523680697,-6.907658100128174,-0.0326579213142395,base,no
3283,0,0,0.037326884131416216,-3.6591579914093018,-0.4091579020023346,base,no
3284,0,0,0.0007096704836398597,-7.736320495605469,-0.4863206148147583,base,no
3285,0,0,0.0007096703568309563,-7.782118320465088,-0.5321182608604431,base,no
3286,0,0,0.00037998451192183504,-7.956748008728027,-0.08174800127744675,base,no
3287,0,0,0.06754668738548215,-3.26369571685791,-0.6386956572532654,base,no
3288,0,0,0.2689414330889798,-1.8985629081726074,-0.8985629677772522,base,No
3289,0,0,0.4378234991142019,-1.2575689554214478,-1.0075689554214478,base,no
3290,0,0,0.06008665522337757,-3.219212293624878,-0.4692123830318451,base,no
3291,0,0,0.0953494648991095,-2.8399240970611572,-0.5899240970611572,base,No
3292,0,0,0.0024726229016549355,-6.008895397186279,-0.008895293809473515,base,no
3293,0,0,0.006692849735519792,-5.534219741821289,-0.5342195630073547,base,no
3294,0,0,0.0017007226138324027,-6.69544792175293,-0.32044804096221924,base,no
3295,0,0,0.06754669489377622,-3.326059341430664,-0.7010594010353088,base,no
3296,0,0,0.005220125151899251,-5.466027736663818,-0.21602763235569,base,no
3297,0,0,0.00023050662584042975,-8.729549407958984,-0.35454899072647095,base,no
3298,0,0,0.001700722816229541,-6.701714515686035,-0.32671475410461426,base,no
3299,0,0,0.13296424706933604,-2.5108816623687744,-0.6358817219734192,base,no
3300,0,0,0.005911067980632537,-5.4230427742004395,-0.2980426251888275,base,no
3301,0,0,0.0011695103346822365,-7.393773078918457,-0.6437731385231018,base,No
3302,0,0,0.01590639054554718,-4.194770336151123,-0.06977026164531708,base,no
3303,0,0,0.006692850131774789,-5.533074378967285,-0.5330742597579956,base,no
3304,0,0,0.0017007227150309691,-6.635262489318848,-0.260262668132782,base,no
3305,0,0,6.60521389495163e-05,-9.78854751586914,-0.16354742646217346,base,no
3306,0,0,0.0017007225379334816,-6.546517848968506,-0.17151792347431183,base,no
3307,0,0,0.00037998433363002117,-8.457847595214844,-0.5828471183776855,base,no
3308,0,0,0.03308598029553404,-3.8998663425445557,-0.5248664021492004,base,no
3309,0,0,0.01243164865786858,-4.921583652496338,-0.5465834736824036,base,no
3310,0,0,0.0008040859356292355,-7.764532566070557,-0.6395325660705566,base,no
3311,0,0,0.06754669301670263,-3.044797658920288,-0.4197976887226105,base,no
3312,0,0,0.0028009268838806506,-6.166749477386475,-0.2917494475841522,base,no
3313,0,0,0.2942149597859341,-1.75054931640625,-0.8755492568016052,base,no
3314,0,0,0.009708475621895678,-4.877928733825684,-0.25292864441871643,base,no
3315,0,0,0.02033235452992065,-4.13595724105835,-0.2609573006629944,base,no
3316,0,0,0.000804085887740518,-7.288898468017578,-0.16389840841293335,base,no
3317,0,0,0.0059110695567328965,-5.235117435455322,-0.11011755466461182,base,no
3318,0,0,0.009708477627578704,-5.118075370788574,-0.49307548999786377,base,no
3319,0,0,0.005911069031366064,-5.5032124519348145,-0.37821248173713684,base,no
3320,0,0,0.000158436241084773,-8.759105682373047,-0.009105821140110493,base,no
3321,0,0,0.00017952796667208246,-8.788993835449219,-0.16399382054805756,base,no
3322,0,0,0.00020342695987111804,-8.760125160217285,-0.260125070810318,base,no
3323,0,0,0.0004878570937179025,-7.858646869659424,-0.23364681005477905,base,no
3324,0,0,0.20181321265898594,-2.0379226207733154,-0.6629225611686707,base,no
3325,0,0,0.0005527785381337246,-7.984744548797607,-0.4847443699836731,base,no
3326,0,0,0.00010889693274174866,-9.443422317504883,-0.3184225261211395,base,no
3327,0,0,0.001032230913830316,-7.461053848266602,-0.586053729057312,base,no
3328,0,0,0.000804086031406679,-7.60644006729126,-0.4814401865005493,base,no
3329,0,0,0.0040701374742844335,-5.985348224639893,-0.4853481650352478,base,no
3330,0,0,0.01406363034912007,-4.851914405822754,-0.601914644241333,base,no
3331,0,0,0.0010322309752925658,-7.229716777801514,-0.3547167181968689,base,no
3332,0,0,0.00407013711186692,-5.824053764343262,-0.3240536153316498,base,no
3333,0,0,0.0006263340648368211,-7.667988300323486,-0.2929881513118744,base,no
3334,0,0,0.006692851716795015,-5.709203720092773,-0.709203839302063,base,no
3335,0,0,0.0006263339342552056,-8.07473087310791,-0.6997305154800415,base,no
3336,0,0,0.004609571222175325,-5.6678876876831055,-0.29288747906684875,base,no
3337,0,0,0.0009110510587671301,-7.360086441040039,-0.3600862920284271,base,no
3338,0,0,0.00023050671512508765,-8.809877395629883,-0.4348773658275604,base,no
3339,0,0,0.022977371248114782,-4.102542877197266,-0.3525429368019104,base,no
3340,0,0,0.000804086031406679,-7.71024751663208,-0.5852476358413696,base,No
3341,0,0,0.0013250225749588576,-6.915650367736816,-0.29065048694610596,base,no
3342,0,0,0.0009110511130205339,-7.134484767913818,-0.1344846785068512,base,no
3343,0,0,0.010986941982915435,-5.152735233306885,-0.65273517370224,base,no
3344,0,0,0.001926734606016944,-6.608498573303223,-0.35849854350090027,base,no
3345,0,0,0.0002611904202623236,-8.536415100097656,-0.2864154875278473,base,no
3346,0,0,0.0024726237446964848,-6.188528060913086,-0.18852829933166504,base,no
3347,0,0,0.0011695104043089619,-7.144888877868652,-0.3948889970779419,base,no
3348,0,0,0.02595735719779685,-4.100311279296875,-0.475311279296875,base,no
3349,0,0,0.00026119022571119644,-8.608552932739258,-0.35855257511138916,base,no
3350,0,0,0.00043055714545500067,-7.899895191192627,-0.1498953402042389,base,no
3351,0,0,0.00015843623326558412,-9.139421463012695,-0.3894215524196625,base,no
3352,0,0,0.006692852509305267,-5.308324813842773,-0.30832505226135254,base,no
3353,0,0,0.0017007226138324027,-6.6625447273254395,-0.287544846534729,base,no
3354,0,0,0.0024726232301424803,-6.238135814666748,-0.23813584446907043,base,no
3355,0,0,0.002472623524173327,-6.266382694244385,-0.2663828432559967,base,no
3356,0,0,0.0013250224172131609,-6.917943954467773,-0.29294395446777344,base,no
3357,0,0,0.01590639217832175,-4.414813041687012,-0.2898130714893341,base,no
3358,0,0,0.002472623303650189,-6.380039215087891,-0.3800392746925354,base,no
3359,0,0,0.0017007225126338423,-6.633542537689209,-0.25854259729385376,base,no
3360,0,0,0.32082130082460697,-1.6109932661056519,-0.8609932661056519,base,no
3361,0,0,0.017986209435701905,-4.310222625732422,-0.3102225959300995,base,no
3362,0,0,0.0011695099865486702,-7.108123779296875,-0.3581235408782959,base,no
3363,0,0,0.0007096702432313328,-7.271767616271973,-0.021767396479845047,base,no
3364,0,0,0.03308598220236406,-4.058736801147461,-0.6837369203567505,base,No
3365,0,0,0.1480471980316895,-2.429403305053711,-0.6794033050537109,base,No
3366,0,0,0.0013250225749588576,-6.925281524658203,-0.3002816438674927,base,no
3367,0,0,0.0035936025814200896,-6.21253776550293,-0.5875377655029297,base,no
3368,0,0,0.0031726824654718946,-6.400647163391113,-0.6506470441818237,base,no
3369,0,0,0.047425867792089564,-3.52327823638916,-0.5232781171798706,base,No
3370,0,0,0.11920292828022305,-2.494687080383301,-0.49468713998794556,base,no
3371,0,0,0.0009110511401472368,-7.287827968597412,-0.28782790899276733,base,no
3372,0,0,0.00043055726088971926,-8.037735939025879,-0.28773635625839233,base,no
3373,0,0,0.0017007227656302545,-6.695014953613281,-0.32001516222953796,base,no
3374,0,0,0.009708474189265195,-5.175640106201172,-0.5506398677825928,base,no
3375,0,0,0.04742587317756679,-3.611182451248169,-0.611182451248169,base,No
3376,0,0,0.009708474762317362,-5.02750301361084,-0.4025028347969055,base,no
3377,0,0,0.0021827161208050378,-6.520985126495361,-0.3959849774837494,base,no
3378,0,0,0.32082130082460697,-1.2092736959457397,-0.45927369594573975,base,no
3379,0,0,8.481107205180587e-05,-9.85504150390625,-0.48004186153411865,base,no
3380,0,0,0.0007096704836398597,-7.788161277770996,-0.5381613969802856,base,no
3381,0,0,0.0007096703568309563,-7.7818779945373535,-0.5318779349327087,base,no
3382,0,0,0.0021827168368217928,-6.1371965408325195,-0.012196720577776432,base,no
3383,0,0,5.829125523845661e-05,-10.229865074157715,-0.4798648953437805,base,no
3384,0,0,0.02297736991002561,-4.1818623542785645,-0.43186235427856445,base,no
3385,0,0,0.0017007220066411306,-6.664446830749512,-0.2894465923309326,base,no
3386,0,0,0.005911069731855184,-5.487190246582031,-0.3621903955936432,base,no
3387,0,0,0.014063627456479755,-4.668135643005371,-0.4181356728076935,base,no
3388,0,0,0.0011695102650555148,-7.389491081237793,-0.639491081237793,base,No
3389,0,0,0.0004878572099753667,-7.809183120727539,-0.1841832995414734,base,no
3390,0,0,0.0017007223861356504,-6.564957141876221,-0.1899571269750595,base,no
3391,0,0,0.0003799844411711053,-8.106586456298828,-0.2315862625837326,base,no
3392,0,0,0.009708477627578704,-4.955219745635986,-0.3302198648452759,base,no
3393,0,0,0.0024726230647501447,-6.0615153312683105,-0.06151529401540756,base,no
3394,0,0,0.006692851320539924,-5.596793174743652,-0.5967932343482971,base,no
3395,0,0,0.022977369240981062,-4.034331798553467,-0.2843317687511444,base,no
3396,0,0,0.0035936032350362703,-5.679762840270996,-0.05476302281022072,base,no
3397,0,0,0.001700722411435288,-6.638029098510742,-0.2630290985107422,base,no
3398,0,0,0.0011695105435624257,-7.1068220138549805,-0.35682225227355957,base,no
3399,0,0,0.0019267350143545173,-6.287204742431641,-0.03720492497086525,base,no
3400,0,0,0.29421497216298875,-1.7403489351272583,-0.8653489351272583,base,no
3401,0,0,0.16451647108926923,-2.2185823917388916,-0.5935824513435364,base,no
3402,0,0,0.1645164628965632,-2.1826512813568115,-0.5576512813568115,base,no
3403,0,0,0.0035936034351228795,-6.06556510925293,-0.4405653476715088,base,no
3404,0,0,0.0028009263011984638,-5.905662536621094,-0.03066229820251465,base,no
3405,0,0,0.02297737258620403,-4.218438148498535,-0.4684382677078247,base,no
3406,0,0,0.2689414330889798,-1.7773945331573486,-0.7773945927619934,base,No
3407,0,0,0.0009110513825921811,-7.022541046142578,-0.02254125289618969,base,no
3408,0,0,0.00010889687270874564,-9.354634284973145,-0.22963394224643707,base,no
3409,0,0,0.0052201249197596335,-5.614536762237549,-0.3645366132259369,base,no
3410,0,0,0.0007096703885331799,-7.438523769378662,-0.18852375447750092,base,no
3411,0,0,0.042087731520181665,-3.4723219871520996,-0.3473220765590668,base,no
3412,0,0,0.0010322308523680697,-7.200716495513916,-0.3257163166999817,base,no
3413,0,0,0.009708478200631072,-4.99278450012207,-0.36778467893600464,base,no
3414,0,0,0.003593602901558612,-6.020468711853027,-0.3954688012599945,base,no
3415,0,0,0.008577486680893736,-5.206892967224121,-0.45689311623573303,base,no
3416,0,0,0.0003799844581512792,-8.022623062133789,-0.14762291312217712,base,no
3417,0,0,0.002800926967120973,-6.406843662261963,-0.5318436622619629,base,no
3418,0,0,0.0013250227327045727,-6.886924743652344,-0.26192498207092285,base,no
3419,0,0,0.0005527786986672803,-7.5220537185668945,-0.022053830325603485,base,no
3420,0,0,0.012431653780276067,-5.093836784362793,-0.7188370227813721,base,no
3421,0,0,0.11920291732853862,-2.2481906414031982,-0.24819059669971466,base,no
3422,0,0,0.0004878569483961112,-8.153433799743652,-0.5284334421157837,base,no
3423,0,0,0.0021827165589342425,-6.163204193115234,-0.03820424526929855,base,no
3424,0,0,0.0010322310060236924,-7.355410099029541,-0.48041006922721863,base,no
3425,0,0,0.0005527786533885804,-7.761066913604736,-0.2610669434070587,base,no
3426,0,0,0.0015011821673938809,-6.788156986236572,-0.2881569266319275,base,no
3427,0,0,0.002182716510253215,-6.517228126525879,-0.3922281563282013,base,no
3428,0,0,0.0021827159747619894,-6.245570659637451,-0.12057044357061386,base,no
3429,0,0,0.0017007221078396608,-6.663317680358887,-0.2883175015449524,base,no
3430,0,0,0.00023050674946534992,-8.691849708557129,-0.31684982776641846,base,no
3431,0,0,0.10669059678604234,-2.464679718017578,-0.3396797478199005,base,no
3432,0,0,0.06754669489377622,-3.0571324825286865,-0.4321325421333313,base,no
3433,0,0,0.008577486680893736,-5.197079181671143,-0.4470793306827545,base,no
3434,0,0,0.0011695103346822365,-7.069770336151123,-0.3197703957557678,base,no
3435,0,0,0.0011695101606154403,-7.234447956085205,-0.4844478666782379,base,no
3436,0,0,0.015906388912772775,-4.790904521942139,-0.6659043431282043,base,no
3437,0,0,0.0013250224172131609,-7.1579108238220215,-0.5329108238220215,base,no
3438,0,1,0.5621765008857981,-1.0270676612854004,-1.2770676612854004,base,Yes
3439,0,0,0.0031726831252451896,-6.201160907745361,-0.4511609971523285,base,no
3440,0,0,0.2018132270610754,-1.713858723640442,-0.3388587534427643,base,no
3441,0,0,0.020332355717182622,-4.37941837310791,-0.5044184923171997,base,no
3442,0,0,0.0010322309445614404,-7.110352516174316,-0.23535242676734924,base,no
3443,0,0,0.0010322310674859476,-7.35676908493042,-0.4817691147327423,base,no
3444,0,0,0.09534945975773548,-2.8480584621429443,-0.5980584025382996,base,no
3445,0,0,0.0052201249197596335,-5.699145793914795,-0.449145644903183,base,no
3446,0,0,0.01406362415060583,-4.556147575378418,-0.30614736676216125,base,no
3447,0,0,0.014063626216776943,-4.854878902435303,-0.604878842830658,base,No
3448,0,0,0.0015011825247663551,-6.707460403442383,-0.20746058225631714,base,no
3449,0,0,0.0019267346633274755,-6.515604496002197,-0.26560449600219727,base,no
3450,0,0,0.001032230913830316,-7.310150146484375,-0.43515002727508545,base,no
3451,0,0,0.0004878570937179025,-7.884601593017578,-0.25960153341293335,base,no
3452,0,0,0.0028009275498032983,-6.196014404296875,-0.3210146129131317,base,no
3453,0,0,0.11920293453832885,-2.5952911376953125,-0.595291256904602,base,no
3454,0,0,0.04208773031866069,-3.865184783935547,-0.7401848435401917,base,no
3455,0,0,0.005911068856243796,-5.666951656341553,-0.5419516563415527,base,no
3456,0,0,0.02297737258620403,-4.251184940338135,-0.5011850595474243,base,no
3457,0,0,0.000335350100493896,-8.288338661193848,-0.2883385717868805,base,no
3458,0,0,0.001501182301408549,-6.861940383911133,-0.3619404137134552,base,no
3459,0,0,0.0028009275498032983,-6.168928623199463,-0.2939288318157196,base,no
3460,0,0,0.008577487187766488,-5.242877960205078,-0.49287816882133484,base,no
3461,0,0,0.3208213138121609,-1.5455784797668457,-0.7955785393714905,base,no
3462,0,0,0.1824255415859996,-2.298229694366455,-0.7982298135757446,base,no
3463,0,0,0.000804086127184134,-7.521501541137695,-0.3965017795562744,base,no
3464,0,0,0.10669059394565118,-2.672605037689209,-0.547605037689209,base,no
3465,0,0,0.005220125384038879,-5.610840320587158,-0.3608402609825134,base,no
3466,0,0,0.0011695103520889172,-6.934267997741699,-0.1842680722475052,base,no
3467,0,0,0.00043055695306387187,-8.392081260681152,-0.6420809626579285,base,no
3468,0,0,0.0011695100714062177,-6.761890888214111,-0.011890722438693047,base,no
3469,0,0,0.00317268293673852,-6.009601593017578,-0.2596016228199005,base,no
3470,0,0,0.0009110511401472368,-7.53087043762207,-0.5308703780174255,base,no
3471,0,0,0.04742587587030561,-3.4646663665771484,-0.4646664261817932,base,no
3472,0,0,0.0017007222596374673,-6.811211109161377,-0.4362110197544098,base,no
3473,0,0,0.004609572316116922,-5.611993789672852,-0.23699381947517395,base,no
3474,0,1,0.8354835452961425,-0.6136569380760193,-2.238656997680664,base,Yes
3475,0,0,0.0015011823907516671,-6.6711835861206055,-0.17118367552757263,base,no
3476,0,0,0.003593602688132928,-5.923375606536865,-0.2983756363391876,base,no
3477,0,0,0.0004305570556724632,-7.982974052429199,-0.23297399282455444,base,no
3478,0,0,0.001700722411435288,-6.638859272003174,-0.26385927200317383,base,no
3479,0,0,0.0011695102998688749,-7.068734645843506,-0.31873467564582825,base,no
3480,0,0,0.09534947004048376,-2.8706653118133545,-0.6206653714179993,base,no
3481,0,0,0.0008040859116848763,-7.44335412979126,-0.3183540999889374,base,no
3482,0,0,0.00669285191492257,-5.456396579742432,-0.4563967287540436,base,no
3483,0,0,0.002472623009619369,-6.399742603302002,-0.3997425436973572,base,no
3484,0,0,0.002800926384438769,-5.886100769042969,-0.011100560426712036,base,no
3485,0,0,0.014063626216776943,-4.336075305938721,-0.08607524633407593,base,no
3486,0,0,0.00317268293673852,-6.107905864715576,-0.35790589451789856,base,no
3487,0,0,0.0002305066670487291,-8.811211585998535,-0.43621134757995605,base,no
3488,0,0,0.005911069688074611,-5.166198253631592,-0.04119839519262314,base,no
3489,0,0,0.00012339460172517254,-9.360365867614746,-0.3603660762310028,base,no
3490,0,0,0.006692849933647288,-5.333040237426758,-0.3330400884151459,base,no
3491,0,1,0.5926665999540697,-0.972439169883728,-1.347439169883728,base,Yes
3492,0,0,0.0009110513842876005,-7.318393707275391,-0.31839391589164734,base,no
3493,0,0,0.0006263341581094201,-7.959757328033447,-0.5847573280334473,base,No
3494,0,0,0.015906393811096483,-4.34058952331543,-0.21558965742588043,base,no
3495,0,0,0.00407013711186692,-5.824770450592041,-0.3247703015804291,base,no
3496,0,0,0.007577242612510723,-5.424475193023682,-0.549475371837616,base,no
3497,0,0,0.01798620890931226,-4.555545806884766,-0.5555457472801208,base,no
3498,0,0,0.0028009268838806506,-6.16293478012085,-0.2879347503185272,base,no
3499,0,0,0.0015011824800947912,-6.896662712097168,-0.3966628611087799,base,no
3500,0,0,0.0013250225749588576,-6.980444431304932,-0.3554445505142212,base,no
3501,0,0,0.0007096704096679966,-7.396602630615234,-0.14660264551639557,base,no
3502,0,0,0.00023050676320145628,-8.614502906799316,-0.23950308561325073,base,no
3503,0,0,0.0005527786132551904,-7.517284870147705,-0.017284827306866646,base,no
3504,0,0,0.0019267348925696179,-6.608067035675049,-0.3580671548843384,base,no
3505,0,1,0.6224593312018546,-0.9562714099884033,-1.4562714099884033,base,Yes
3506,0,0,0.0015011822567369915,-7.029483795166016,-0.5294837951660156,base,no
3507,0,0,0.0011695102302421558,-7.142667293548584,-0.3926672637462616,base,no
3508,0,0,0.3208213138121609,-1.7024130821228027,-0.9524131417274475,base,no
3509,0,0,0.0004305569787160175,-8.06903076171875,-0.3190305233001709,base,no
3510,0,0,0.0009110512350907039,-7.1173858642578125,-0.11738590896129608,base,no
3511,0,0,0.002472623009619369,-6.2910871505737305,-0.2910870909690857,base,no
3512,0,0,0.0017007226138324027,-6.777495384216309,-0.40249550342559814,base,no
3513,0,0,0.006692850825221093,-5.082322597503662,-0.08232258260250092,base,no
3514,0,0,0.007577241267860811,-5.530848503112793,-0.655848503112793,base,no
3515,0,0,0.02931222905542399,-4.189598560333252,-0.6895985007286072,base,no
3516,0,0,0.004070137715896127,-6.04079008102417,-0.5407900810241699,base,No
3517,0,0,0.000158436181334377,-9.005351066589355,-0.25535082817077637,base,no
3518,0,0,0.0017007224240851069,-6.4617204666137695,-0.08672047406435013,base,no
3519,0,0,0.0008040859356292355,-7.4119791984558105,-0.28697919845581055,base,no
3520,0,0,0.00029595716641867513,-8.605722427368164,-0.4807226061820984,base,no
3521,0,0,0.0003353500305578816,-8.025225639343262,-0.025225341320037842,base,no
3522,0,0,0.07585818419975078,-3.0970144271850586,-0.5970144867897034,base,no
3523,0,0,0.01406362456384003,-4.630928039550781,-0.3809278607368469,base,no
3524,0,0,0.008577485413711986,-5.0191731452941895,-0.26917314529418945,base,no
3525,0,0,0.002800926759020172,-6.1074700355529785,-0.23246996104717255,base,no
3526,0,0,0.000804086031406679,-7.48573637008667,-0.3607364892959595,base,no
3527,0,0,0.00023050676663548297,-8.504032135009766,-0.12903232872486115,base,no
3528,0,0,0.29421497216298875,-1.6684448719024658,-0.7934448719024658,base,no
3529,0,0,0.0019267344340853601,-6.3710784912109375,-0.12107837200164795,base,no
3530,0,0,0.0017007225126338423,-7.015260219573975,-0.6402602791786194,base,no
3531,0,0,0.18242551491653522,-2.181330919265747,-0.6813308596611023,base,no
3532,0,0,0.000911051248654057,-7.482483863830566,-0.4824839234352112,base,no
3533,0,0,0.020332358091706755,-4.536663055419922,-0.661663293838501,base,no
3534,0,0,0.0006263342327275096,-7.545680046081543,-0.17068016529083252,base,no
3535,0,0,0.37754066879814546,-1.3277320861816406,-0.8277320861816406,base,no
3536,0,0,0.0008040859356292355,-7.447344779968262,-0.3223447799682617,base,no
3537,0,0,0.02595735569077852,-4.193950653076172,-0.5689505934715271,base,no
3538,0,0,0.0024726235976810437,-6.355824947357178,-0.35582512617111206,base,no
3539,0,0,0.0007096705047746792,-7.4353346824646,-0.18533483147621155,base,no
3540,0,1,0.6224593171945417,-0.7073104977607727,-1.207310438156128,base,Yes
3541,0,0,0.00037998453739210097,-8.36395263671875,-0.4889526963233948,base,no
3542,0,0,0.0008040859737905593,-7.136892795562744,-0.011892843060195446,base,no
3543,0,0,0.012431651584958318,-4.967135429382324,-0.592135488986969,base,no
3544,0,0,0.0015011822567369915,-6.802411079406738,-0.3024110794067383,base,no
3545,0,0,0.03732689055684297,-3.6194047927856445,-0.3694048821926117,base,no
3546,0,0,0.0009110513181662456,-7.028493404388428,-0.028493540361523628,base,no
3547,0,0,0.022977371248114782,-4.008579730987549,-0.2585797905921936,base,no
3548,0,0,0.00033535013046647816,-8.528419494628906,-0.5284194946289062,base,no
3549,0,0,0.0002305068181458898,-8.903754234313965,-0.5287546515464783,base,no
3550,0,0,0.002800927216841955,-6.166873455047607,-0.2918735444545746,base,no
3551,0,0,0.0002305066533126285,-8.857751846313477,-0.4827515482902527,base,no
3552,0,0,9.61023700366609e-05,-9.281046867370605,-0.031046394258737564,base,no
3553,0,0,0.0003353501804207875,-8.31936264038086,-0.3193627893924713,base,no
3554,0,0,0.000487857180910998,-8.324334144592285,-0.6993342638015747,base,no
3555,0,0,0.00012339452818535594,-9.433489799499512,-0.4334894120693207,base,no
3556,0,0,0.0011695100561753752,-7.01435661315918,-0.26435643434524536,base,no
3557,0,0,0.0017007225126338423,-6.906056880950928,-0.5310569405555725,base,no
3558,0,0,0.0007096705259094992,-7.736191272735596,-0.48619145154953003,base,no
3559,0,0,0.0028009265249067895,-5.902212619781494,-0.027212461456656456,base,no
3560,0,0,0.14804719239327382,-1.979987621307373,-0.22998757660388947,base,no
3561,0,0,0.004609573204944661,-5.590954303741455,-0.21595452725887299,base,no
3562,0,0,0.0035936022879598023,-5.749755859375,-0.12475577741861343,base,no
3563,0,0,0.0011695100561753752,-6.9838361740112305,-0.23383599519729614,base,no
3564,0,0,0.00317268293673852,-6.241701602935791,-0.4917016327381134,base,no
3565,0,0,0.34864513533394575,-1.6011688709259033,-0.9761688709259033,base,No
3566,0,0,0.46879062662624377,-1.2238038778305054,-1.0988038778305054,base,no
3567,0,0,0.00043055717110715777,-8.18561840057373,-0.4356186091899872,base,no
3568,0,0,0.014063626216776943,-4.898470878601074,-0.6484708189964294,base,No
3569,0,0,0.01243164865786858,-4.765345096588135,-0.39034491777420044,base,no
3570,0,0,0.0010322310982170768,-7.131685256958008,-0.2566853165626526,base,no
3571,0,0,0.0021827168347934166,-6.829683780670166,-0.7046839594841003,base,no
3572,0,0,0.0006263340461823029,-7.905109405517578,-0.5301092267036438,base,No
3573,0,0,0.06008664344151498,-3.3382086753845215,-0.5882085561752319,base,no
3574,0,0,0.025957351169724027,-4.110888481140137,-0.4858882427215576,base,no
3575,0,0,0.000552778571063681,-7.825841903686523,-0.3258417844772339,base,no
3576,0,0,0.01243165231673086,-4.741263389587402,-0.3662635087966919,base,no
3577,0,0,0.06008664344151498,-3.5824241638183594,-0.8324240446090698,base,no
3578,0,0,0.00669285052802981,-5.266282081604004,-0.26628202199935913,base,no
3579,0,0,0.014063629109417006,-4.510247707366943,-0.2602478563785553,base,no
3580,0,0,0.0009110511401472368,-7.231988430023193,-0.23198837041854858,base,no
3581,0,0,0.01243164938964095,-4.869924068450928,-0.4949239492416382,base,no
3582,0,1,0.5621765008857981,-1.0051888227462769,-1.2551888227462769,base,Yes
3583,0,0,0.004609572999830552,-5.815328121185303,-0.44032829999923706,base,no
3584,0,0,0.0031726831252451896,-6.0403289794921875,-0.29032906889915466,base,no
3585,0,0,0.008577486934330109,-5.194494247436523,-0.44449442625045776,base,no
3586,0,1,0.5312093733737563,-1.097305417060852,-1.222305417060852,base,Yes
3587,0,0,0.003593603008271459,-6.161929607391357,-0.536929726600647,base,no
3588,0,0,0.0007096704202354052,-7.510587692260742,-0.2605877220630646,base,no
3589,0,0,0.004070138319925425,-5.794223785400391,-0.29422393441200256,base,no
3590,0,0,0.02033235452992065,-3.9465205669403076,-0.07152062654495239,base,no
3591,0,0,0.0019267350358459707,-6.435220241546631,-0.18522043526172638,base,no
3592,0,0,0.18242552380635632,-2.1987075805664062,-0.6987075805664062,base,No
3593,0,0,0.00015843624152736866,-8.77707576751709,-0.027075909078121185,base,no
3594,0,0,0.0031726820884586454,-6.236625671386719,-0.48662543296813965,base,no
3595,0,0,0.0015011824354232285,-6.940407752990723,-0.4404078722000122,base,no
3596,0,0,0.004609572042631499,-5.6363067626953125,-0.2613067328929901,base,no
3597,0,0,0.000335350100493896,-8.3987398147583,-0.3987397253513336,base,no
3598,0,0,0.06754669489377622,-3.126188039779663,-0.5011880993843079,base,no
3599,0,0,0.00023050682501394492,-8.856490135192871,-0.4814905822277069,base,no
3600,0,0,0.0006263340555095619,-7.607809066772461,-0.2328089028596878,base,no
3601,0,0,0.0011695104739356916,-7.038943290710449,-0.28894346952438354,base,no
3602,0,0,0.00033535003274338184,-8.011578559875488,-0.011578268371522427,base,no
3603,0,0,5.829124579290263e-05,-9.766796112060547,-0.016795771196484566,base,no
3604,0,1,0.8175744673038221,-0.6408069729804993,-2.1408069133758545,base,Yes
3605,0,0,0.0040701374742844335,-5.864428520202637,-0.36442846059799194,base,no
3606,0,0,0.025957356444287677,-3.9731674194335938,-0.34816738963127136,base,no
3607,0,0,0.00023050679754172573,-8.658273696899414,-0.2832740247249603,base,no
3608,0,1,0.5621765008857981,-1.0033258199691772,-1.2533258199691772,base,Yes
3609,0,0,0.0028009274665629583,-6.203889846801758,-0.32889002561569214,base,no
3610,0,0,0.005911067455265844,-5.616029739379883,-0.4910295009613037,base,no
3611,0,0,0.037326884131416216,-3.580129384994507,-0.3301292955875397,base,no
3612,0,0,0.0019267347779485435,-6.56906270980835,-0.3190627694129944,base,no
3613,0,0,0.0006263341954184638,-7.6951823234558105,-0.3201823830604553,base,no
3614,0,0,0.00026119029964060775,-8.432817459106445,-0.18281738460063934,base,no
3615,0,0,0.010986941011398892,-4.775177001953125,-0.27517685294151306,base,no
3616,0,0,0.002800927617436076,-5.897789478302002,-0.022789711132645607,base,no
3617,0,0,0.0028009268838806506,-6.272340297698975,-0.3973402678966522,base,no
3618,0,0,0.0015011819098344748,-6.504497051239014,-0.00449681980535388,base,no
3619,0,0,0.0001233945704707451,-9.204524993896484,-0.2045249491930008,base,no
3620,0,0,0.0035936023679944244,-6.335752964019775,-0.7107529044151306,base,no
3621,0,0,0.008577485413711986,-5.202183246612549,-0.45218324661254883,base,no
3622,0,0,0.0035936023679944244,-6.26968240737915,-0.6446823477745056,base,no
3623,0,0,0.0009110511944006454,-7.63775110244751,-0.6377511024475098,base,no
3624,0,0,0.0011695102302421558,-6.981030464172363,-0.2310304343700409,base,no
3625,0,0,0.0002959572369594874,-8.414199829101562,-0.2892002463340759,base,no
3626,0,0,0.000709670367398364,-7.433558464050293,-0.1835584193468094,base,no
3627,0,0,0.10669060530721626,-2.7260818481445312,-0.6010819673538208,base,no
3628,0,0,0.0019267347779485435,-6.606678009033203,-0.3566780686378479,base,no
3629,0,0,0.00012339454289331573,-9.184886932373047,-0.18488666415214539,base,no
3630,0,0,0.001325022165805996,-6.641815185546875,-0.01681499555706978,base,no
3631,0,0,0.006692851320539924,-5.2035231590271,-0.20352321863174438,base,no
3632,0,0,0.001700722209038197,-6.85599946975708,-0.4809993505477905,base,no
3633,0,0,0.16451647108926923,-1.8398263454437256,-0.21482640504837036,base,no
3634,0,0,0.01098694327827096,-4.748976707458496,-0.24897676706314087,base,no
3635,0,0,0.0015011819663719016,-6.709351539611816,-0.2093513458967209,base,no
3636,0,0,0.00015843617189234115,-9.233329772949219,-0.4833294749259949,base,no
3637,0,0,0.0009110510587671301,-7.408574104309082,-0.4085739552974701,base,no
3638,0,0,0.0024726234506656126,-6.484403610229492,-0.48440372943878174,base,no
3639,0,0,0.0006263340461823029,-7.733087062835693,-0.35808688402175903,base,no
3640,0,0,0.00017952803755151133,-8.65908145904541,-0.0340818390250206,base,no
3641,0,0,0.025957355125646668,-3.7029426097869873,-0.07794252783060074,base,no
3642,0,0,9.610239974857565e-05,-9.454586029052734,-0.20458586513996124,base,no
3643,0,0,0.0011695100213620223,-7.0053815841674805,-0.25538137555122375,base,no
3644,0,0,0.0007096703568309563,-7.481693267822266,-0.23169320821762085,base,no
3645,0,0,0.0005527785381337246,-7.893197536468506,-0.39319735765457153,base,no
3646,0,0,0.0007096703898541058,-7.272325038909912,-0.022325025871396065,base,no
3647,0,0,0.46879062662624377,-1.2097660303115845,-1.0847660303115845,base,no
3648,0,0,0.0019267346919827415,-6.4347243309021,-0.1847243458032608,base,no
3649,0,0,0.0010322309676097843,-6.920318126678467,-0.045318059623241425,base,no
3650,0,0,0.0035936027948457686,-6.110750198364258,-0.4857502579689026,base,no
3651,0,0,0.00013982204231581362,-9.268522262573242,-0.3935220241546631,base,no
3652,0,0,0.0013250224960860068,-7.017799377441406,-0.392799437046051,base,no
3653,0,0,0.0019267343194643127,-6.647540092468262,-0.3975399136543274,base,no
3654,0,0,0.008577485413711986,-5.01813268661499,-0.26813268661499023,base,no
3655,0,0,0.0004878570355891808,-7.91312313079834,-0.2881229519844055,base,no
3656,0,0,0.0017007221078396608,-6.859320640563965,-0.4843204617500305,base,no
3657,0,0,0.22270013882530884,-1.9000808000564575,-0.6500808000564575,base,no
3658,0,0,0.0004878570174239567,-7.650203704833984,-0.025203488767147064,base,no
3659,0,0,0.0024726231566347748,-6.319254398345947,-0.31925439834594727,base,no
3660,0,0,0.0013250222200310669,-7.065340042114258,-0.4403398931026459,base,no
3661,0,0,0.00029595699006671806,-8.443665504455566,-0.318665087223053,base,no
3662,0,0,0.007577241940185738,-5.143520832061768,-0.26852092146873474,base,no
3663,0,0,0.004070137957507836,-6.1404314041137695,-0.6404314637184143,base,No
3664,0,0,0.00013982211731173463,-9.039510726928711,-0.16451102495193481,base,no
3665,0,0,0.0006263343054510075,-7.377629280090332,-0.0026295154821127653,base,no
3666,0,0,0.0013250222594674832,-7.209409713745117,-0.5844095945358276,base,no
3667,0,0,0.001700722234337832,-6.605857849121094,-0.2308577448129654,base,no
3668,0,0,0.0019267347206380085,-6.608484745025635,-0.35848477482795715,base,no
3669,0,0,0.0004878572317736444,-7.828883647918701,-0.20388387143611908,base,no
3670,0,0,0.0019267350071906994,-6.568892478942871,-0.3188926577568054,base,no
3671,0,0,0.00020342702654611695,-8.981060028076172,-0.481060266494751,base,no
3672,0,0,0.004609573273316032,-5.745486259460449,-0.3704864978790283,base,no
3673,0,0,5.8291242752954546e-05,-9.776956558227539,-0.026956165209412575,base,no
3674,0,0,0.0009110511130205339,-7.364079475402832,-0.36407938599586487,base,no
3675,0,0,0.047425867792089564,-3.4902548789978027,-0.4902547597885132,base,No
3676,0,0,0.006692851518667466,-5.299599647521973,-0.2995997369289398,base,no
3677,0,0,0.0004878570573874506,-7.8564887046813965,-0.23148857057094574,base,no
3678,0,0,0.000911051248654057,-7.321556091308594,-0.3215561509132385,base,no
3679,0,0,0.20181322226037882,-2.19636869430542,-0.8213686943054199,base,no
3680,0,0,0.001032231251872736,-7.193820953369141,-0.31882116198539734,base,no
3681,0,0,0.005911067455265844,-5.532410621643066,-0.4074103832244873,base,no
3682,0,0,0.006692849933647288,-5.263662815093994,-0.2636626660823822,base,no
3683,0,0,0.005911069031366064,-5.56617546081543,-0.4411754906177521,base,no
3684,0,0,0.002800927008741136,-6.085454940795898,-0.21045495569705963,base,no
3685,0,1,0.5926665999540697,-0.9661527872085571,-1.3411527872085571,base,Yes
3686,0,0,0.0007096705681791412,-7.506936073303223,-0.25693631172180176,base,no
3687,0,0,0.005220125384038879,-5.735830307006836,-0.48583024740219116,base,no
3688,0,0,0.022977367233847502,-4.220306873321533,-0.47030675411224365,base,no
3689,0,0,0.18242552380635632,-2.2730813026428223,-0.7730813026428223,base,no
3690,0,0,0.0011695102650555148,-7.071648120880127,-0.32164812088012695,base,no
3691,0,0,0.003172682371218578,-6.191903114318848,-0.4419029653072357,base,no
3692,0,0,0.0010322308062713872,-7.062788486480713,-0.18778826296329498,base,no
3693,0,0,0.00026119028018549743,-8.462264060974121,-0.21226391196250916,base,no
3694,0,0,0.004070137353478592,-5.7976179122924805,-0.2976178228855133,base,no
3695,0,0,0.0028009273000822866,-6.363382339477539,-0.4883824586868286,base,no
3696,0,0,0.00033535017042992505,-8.589055061340332,-0.5890551805496216,base,no
3697,0,0,0.00020342692350294609,-8.787949562072754,-0.2879492938518524,base,no
3698,0,0,0.04208772431105632,-3.489331007003784,-0.364330917596817,base,no
3699,0,0,0.033085978388704126,-3.812786102294922,-0.4377861022949219,base,no
3700,0,0,0.00017952798539494773,-8.883773803710938,-0.25877389311790466,base,no
3701,0,0,0.0035936028948890596,-5.647873401641846,-0.022873489186167717,base,no
3702,0,0,0.3486451488696663,-1.5353329181671143,-0.910332977771759,base,no
3703,0,0,0.012431650853185818,-4.708893299102783,-0.3338932991027832,base,no
3704,0,0,0.0005527785052037703,-7.9849395751953125,-0.4849393367767334,base,no
3705,0,0,0.10669059678604234,-2.6182620525360107,-0.49326208233833313,base,no
3706,0,0,0.0011695100909887293,-7.188247203826904,-0.43824705481529236,base,no
3707,0,0,0.008577485413711986,-5.089168071746826,-0.33916807174682617,base,no
3708,0,0,0.10669059962643358,-2.8615031242370605,-0.7365031838417053,base,no
3709,0,0,0.0010322312211416022,-7.197072505950928,-0.32207268476486206,base,no
3710,0,0,0.0021827167698853724,-6.386471271514893,-0.2614714205265045,base,no
3711,0,0,0.4073334000459302,-1.3723244667053223,-0.9973244667053223,base,no
3712,0,0,0.0009110510858938316,-7.356820106506348,-0.3568199872970581,base,no
3713,0,0,0.01243164938964095,-5.026434898376465,-0.6514347791671753,base,no
3714,0,0,0.0017007220572403947,-6.817020416259766,-0.4420202076435089,base,no
3715,0,0,0.004070137595090279,-5.826107978820801,-0.3261079490184784,base,no
3716,0,0,9.610241693137392e-05,-9.481751441955566,-0.2317514568567276,base,no
3717,0,0,0.005220126467357275,-5.49397087097168,-0.24397101998329163,base,no
3718,0,0,8.48110164500681e-05,-9.770161628723145,-0.39516133069992065,base,no
3719,0,0,0.0011695104043089619,-7.283862113952637,-0.5338622331619263,base,no
3720,0,0,0.0046095724528596406,-5.564468860626221,-0.18946892023086548,base,no
3721,0,0,0.0021827160558970152,-6.607847213745117,-0.48284703493118286,base,no
3722,0,0,0.0002034269295643076,-8.982406616210938,-0.4824063777923584,base,no
3723,0,0,0.11920293453832885,-2.753387451171875,-0.7533875703811646,base,no
3724,0,0,0.009708477914104884,-5.115945816040039,-0.490945965051651,base,no
3725,0,0,0.006692851518667466,-5.4514031410217285,-0.4514032304286957,base,no
3726,0,0,0.0006263341208003788,-7.692607879638672,-0.3176078200340271,base,no
3727,0,0,0.0004878569483961112,-8.108973503112793,-0.4839731454849243,base,no
3728,0,0,0.0003799846619134258,-8.229320526123047,-0.3543209135532379,base,no
3729,0,0,0.003172682748231862,-6.234438419342041,-0.48443838953971863,base,no
3730,0,0,0.004070138319925425,-5.7974677085876465,-0.2974678575992584,base,no
3731,0,0,0.00026119036578799344,-8.778827667236328,-0.5288278460502625,base,no
3732,0,0,0.00015843628991782946,-9.142210960388184,-0.3922114074230194,base,no
3733,0,0,0.004070137232672753,-5.864994049072266,-0.3649939298629761,base,no
3734,0,0,0.0006263341767639418,-7.767770767211914,-0.39277079701423645,base,no
3735,0,0,0.01406362415060583,-4.526721954345703,-0.2767217457294464,base,no
3736,0,0,0.003172683408005215,-6.23248815536499,-0.48248833417892456,base,no
3737,0,0,0.00522012615783771,-5.542856693267822,-0.29285678267478943,base,no
3738,0,0,0.0007096702670079966,-7.343820571899414,-0.09382038563489914,base,no
3739,0,0,0.3775406547908327,-1.4782562255859375,-0.9782561659812927,base,No
3740,0,0,0.00012339459069419723,-9.438136100769043,-0.4381362199783325,base,no
3741,0,0,0.00017952798539494773,-8.915576934814453,-0.2905770242214203,base,no
3742,0,0,0.014063626423394072,-4.323141574859619,-0.07314153015613556,base,no
3743,0,0,0.0011695101606154403,-7.143711566925049,-0.39371147751808167,base,no
3744,0,0,0.02931223244728875,-3.8037469387054443,-0.3037469983100891,base,no
3745,0,0,0.0007096705576117306,-7.417644023895264,-0.16764424741268158,base,no
3746,0,0,0.0003799844921116293,-8.0618257522583,-0.186825692653656,base,no
3747,0,0,0.08509904036636974,-2.858938217163086,-0.48393815755844116,base,no
3748,0,0,0.0003353501054893262,-8.230474472045898,-0.23047439754009247,base,no
3749,0,0,0.00013982210064597092,-9.514708518981934,-0.6397086977958679,base,no
3750,0,0,0.0010322312211416022,-7.166767597198486,-0.29176777601242065,base,no
3751,0,0,0.02595735719779685,-4.12736177444458,-0.5023617744445801,base,no
3752,0,0,0.0002034269568404368,-8.728879928588867,-0.22887982428073883,base,no
3753,0,0,0.010986942954432066,-4.998095512390137,-0.4980955421924591,base,no
3754,0,0,0.002800927133601626,-6.3166327476501465,-0.44163280725479126,base,no
3755,0,0,0.05340332603345051,-2.9538938999176025,-0.07889382541179657,base,no
3756,0,0,0.002182715926080975,-6.523259162902832,-0.39825892448425293,base,no
3757,0,0,0.0021827160234430044,-6.365326404571533,-0.24032621085643768,base,no
3758,0,0,0.0002959570606074883,-8.714691162109375,-0.5896909832954407,base,no
3759,0,0,0.0005527785216687471,-7.8552398681640625,-0.3552396595478058,base,no
3760,0,1,0.8519527869325346,-0.6115037202835083,-2.3615036010742188,base,Yes
3761,0,0,0.02595735945832451,-3.95241379737854,-0.3274138867855072,base,no
3762,0,0,0.00015843621910252594,-9.22835636138916,-0.47835636138916016,base,no
3763,0,0,4.539787884918926e-05,-10.20514965057373,-0.20514987409114838,base,no
3764,0,0,0.03308598029553404,-3.8413257598876953,-0.4663258194923401,base,no
3765,0,0,0.0010322308216369478,-7.311924934387207,-0.4369247257709503,base,no
3766,0,0,0.0013250225749588576,-6.9495954513549805,-0.32459557056427,base,no
3767,0,0,0.02297736991002561,-4.468865871429443,-0.7188658714294434,base,no
3768,0,0,0.00012339452990894488,-9.014775276184082,-0.01477490272372961,base,no
3769,0,0,0.004070137481834798,-5.523514747619629,-0.02351468987762928,base,no
3770,0,0,0.000626334102145859,-7.694260120391846,-0.31926003098487854,base,no
3771,0,0,0.0008040858398518034,-7.478991508483887,-0.35399138927459717,base,no
3772,0,0,0.005220126003077935,-5.7331953048706055,-0.48319536447525024,base,no
3773,0,0,0.00218271696460951,-6.2930145263671875,-0.1680147647857666,base,no
3774,0,0,0.0003799844298509897,-7.9067230224609375,-0.03172279894351959,base,no
3775,0,0,0.0024726227523424295,-6.213535308837891,-0.2135351449251175,base,no
3776,0,0,0.006692852113050128,-5.369537830352783,-0.36953800916671753,base,no
3777,0,0,0.0028009271804243104,-5.902474880218506,-0.027474956586956978,base,no
3778,0,0,0.0005527786369235996,-7.900265693664551,-0.4002656936645508,base,no
3779,0,0,0.0010322310367548194,-7.312631130218506,-0.43763113021850586,base,no
3780,0,0,0.006692851716795015,-5.497530460357666,-0.49753057956695557,base,no
3781,0,0,0.001700722411435288,-6.6628313064575195,-0.28783130645751953,base,no
3782,0,0,0.07585818419975078,-3.1384494304656982,-0.638449490070343,base,No
3783,0,0,0.0021827165751612514,-6.446198463439941,-0.3211985230445862,base,no
3784,0,0,0.004070138199119559,-5.93991756439209,-0.4399176836013794,base,no
3785,0,1,0.7057850402140659,-0.7969397902488708,-1.6719398498535156,base,Yes
3786,0,0,0.003172683408005215,-5.885826110839844,-0.13582628965377808,base,no
3787,0,0,0.020332356310813628,-4.138252258300781,-0.2632524073123932,base,no
3788,0,0,0.0005527786863185436,-7.544444561004639,-0.044444650411605835,base,no
3789,0,0,0.0019267348925696179,-6.458900451660156,-0.2089005708694458,base,no
3790,0,0,0.0021827160396700094,-6.184318542480469,-0.05931835621595383,base,no
3791,0,0,0.00012339461091765268,-9.188638687133789,-0.18863897025585175,base,no
3792,0,0,0.00026119040931881887,-8.262584686279297,-0.012585031799972057,base,no
3793,0,0,0.015906394044350028,-4.4068827629089355,-0.2818829119205475,base,no
3794,0,0,0.01590639124530769,-4.584991931915283,-0.4599919021129608,base,no
3795,0,0,0.04742587587030561,-3.635517120361328,-0.6355171799659729,base,No
3796,0,0,0.0006263340834913398,-7.727715492248535,-0.3527153730392456,base,no
3797,0,0,0.0015011824354232285,-6.821351528167725,-0.32135164737701416,base,no
3798,0,0,0.0021827166400692896,-6.4496073722839355,-0.3246074616909027,base,no
3799,0,0,0.00020342702048475257,-8.982077598571777,-0.48207780718803406,base,no
3800,0,1,0.6224593312018546,-0.9818786382675171,-1.481878638267517,base,Yes
3801,0,0,0.020332355123551627,-4.264100074768066,-0.38910016417503357,base,no
3802,0,0,0.03308597457504463,-3.8543052673339844,-0.4793051481246948,base,No
3803,0,0,0.004070138319925425,-5.766874313354492,-0.2668744623661041,base,no
3804,0,0,0.002800926384438769,-6.067180633544922,-0.19218042492866516,base,no
3805,0,0,0.0015011821227223277,-6.86436653137207,-0.36436644196510315,base,no
3806,0,0,0.0002611904046982281,-8.535537719726562,-0.28553804755210876,base,no
3807,0,0,0.0021827168347934166,-6.452376842498779,-0.3273770213127136,base,no
3808,0,1,0.8354835289107309,-0.6302807927131653,-2.2552807331085205,base,yes
3809,0,0,0.0007096704625050409,-7.433448791503906,-0.1834488809108734,base,no
3810,0,0,0.00010889692625169268,-9.381705284118652,-0.2567054331302643,base,no
3811,0,0,0.46879062662624377,-1.2421855926513672,-1.1171855926513672,base,no
3812,0,0,0.000709670367398364,-7.4223408699035645,-0.17234082520008087,base,no
3813,0,0,0.007577240147319397,-5.365126132965088,-0.49012598395347595,base,no
3814,0,0,0.0024726227890962764,-6.356321334838867,-0.35632118582725525,base,no
3815,0,0,0.20181322226037882,-2.238053798675537,-0.8630537986755371,base,no
3816,0,0,0.0011695104043089619,-7.3968892097473145,-0.646889328956604,base,no
3817,0,0,0.0159063898457867,-4.505504608154297,-0.3805044889450073,base,no
3818,0,0,0.0003353501904116503,-8.3908109664917,-0.39081114530563354,base,no
3819,0,0,0.02033235323135295,-3.9037325382232666,-0.028732532635331154,base,no
3820,0,0,0.005220125848318164,-5.576409339904785,-0.32640936970710754,base,no
3821,0,0,0.004070136749449438,-6.089432716369629,-0.5894324779510498,base,no
3822,0,0,0.010986944573626636,-4.9988179206848145,-0.4988180994987488,base,no
3823,0,0,0.005220126931636656,-5.656890869140625,-0.4068911075592041,base,No
3824,0,0,0.00017952802284068416,-8.983625411987305,-0.35862571001052856,base,no
3825,0,0,0.02297736857193652,-3.998514175415039,-0.2485141158103943,base,no
3826,0,0,0.1645164628965632,-2.3535637855529785,-0.7285637855529785,base,No
3827,0,0,0.004609571358918011,-5.967887878417969,-0.5928876996040344,base,no
3828,0,0,0.01798621101487092,-4.320681571960449,-0.320681631565094,base,no
3829,0,0,7.484620074552262e-05,-9.93447208404541,-0.4344717264175415,base,no
3830,0,0,0.0019267347779485435,-6.898885726928711,-0.6488857865333557,base,no
3831,0,0,0.020332348593611837,-4.4233198165893555,-0.5483195781707764,base,no
3832,0,0,0.001926734606016944,-6.568024158477783,-0.3180241286754608,base,no
3833,0,0,0.0005527786472142125,-7.556182861328125,-0.05618287995457649,base,no
3834,0,0,0.0007096704730724502,-7.41795539855957,-0.16795550286769867,base,no
3835,0,0,0.010986942954432066,-4.77096700668335,-0.270967036485672,base,no
3836,0,0,0.0035936023679944244,-5.949653625488281,-0.3246535658836365,base,no
3837,0,0,0.0005527786575048257,-7.603301048278809,-0.10330108553171158,base,no
3838,0,0,0.010986941335237732,-5.041586875915527,-0.5415867567062378,base,no
3839,0,0,0.0013250221805946513,-6.916302680969238,-0.29130250215530396,base,no
3840,0,0,0.22270012850745968,-1.9768481254577637,-0.7268480658531189,base,no
3841,0,0,0.014063626216776943,-4.665555000305176,-0.415554940700531,base,no
3842,0,0,0.004609571632403393,-5.674176216125488,-0.29917609691619873,base,no
3843,0,0,0.00132502237777674,-6.75771951675415,-0.132719486951828,base,no
3844,0,0,0.014063627043245474,-4.753330230712891,-0.5033302307128906,base,no
3845,0,0,0.11920291576401235,-2.544187307357788,-0.5441872477531433,base,no
3846,0,0,0.0019267350645012428,-6.606584548950195,-0.356584757566452,base,no
3847,0,0,0.004070137232672753,-6.090466499328613,-0.5904663801193237,base,no
3848,0,0,6.605217044355765e-05,-9.908516883850098,-0.2835172712802887,base,no
3849,0,0,0.0017007227150309691,-6.9093756675720215,-0.5343758463859558,base,no
3850,0,0,0.0008040858518239816,-7.28958797454834,-0.1645878702402115,base,no
3851,0,0,0.002182716932155486,-6.2968668937683105,-0.17186711728572845,base,no
3852,0,0,0.0028009263011984638,-6.06072998046875,-0.1857297420501709,base,no
3853,0,0,0.0010322312211416022,-7.0814385414123535,-0.20643872022628784,base,no
3854,0,0,0.005220124764999895,-5.579685211181641,-0.3296850323677063,base,no
3855,0,0,0.00132502237777674,-6.943400859832764,-0.3184008300304413,base,no
3856,0,0,0.03732688975366457,-3.3595263957977295,-0.10952646285295486,base,no
3857,0,0,0.0953494648991095,-2.80851411819458,-0.5585141181945801,base,No
3858,0,0,0.00026119043582642,-8.536005020141602,-0.2860054671764374,base,no
3859,0,0,0.0010322310367548194,-7.235139846801758,-0.3601398468017578,base,no
3860,0,0,0.07585818002124356,-3.0287551879882812,-0.5287551879882812,base,no
3861,0,0,0.0013250226538317129,-7.017608165740967,-0.3926083445549011,base,no
3862,0,0,0.0006263340461823029,-7.617167949676514,-0.24216777086257935,base,no
3863,0,0,0.05340333130637379,-3.2848737239837646,-0.40987375378608704,base,no
3864,0,1,0.6513548646660542,-0.9245377779006958,-1.5495377779006958,base,Yes
3865,0,0,0.00033535024036596866,-8.1651611328125,-0.16516146063804626,base,no
3866,0,0,0.017986210751676075,-4.063477039337158,-0.06347708404064178,base,no
3867,0,0,0.0021827160558970152,-6.336299419403076,-0.21129924058914185,base,no
3868,0,0,0.014063628696182679,-4.6348042488098145,-0.384804368019104,base,no
3869,0,0,0.005220125538798635,-5.541618824005127,-0.29161879420280457,base,no
3870,0,0,0.002800927341702454,-6.043581008911133,-0.16858114302158356,base,no
3871,0,0,0.017986206803753842,-4.289646148681641,-0.2896459698677063,base,no
3872,0,0,0.2689414213699951,-1.8074970245361328,-0.8074970245361328,base,no
3873,0,0,0.0052201262352176,-5.432437419891357,-0.18243752419948578,base,no
3874,0,0,0.0046095714956607,-5.817891597747803,-0.4428914487361908,base,no
3875,0,0,0.0011695101606154403,-6.93557071685791,-0.185570627450943,base,no
3876,0,0,0.00026119027240345376,-8.539306640625,-0.2893064618110657,base,no
3877,0,0,0.002182716510253215,-6.441096305847168,-0.31609633564949036,base,no
3878,0,0,0.18242551491653522,-2.0658020973205566,-0.5658020377159119,base,no
3879,0,0,0.053403329799824234,-3.326040267944336,-0.45104026794433594,base,no
3880,0,0,0.00317268293673852,-6.111824989318848,-0.36182501912117004,base,no
3881,0,0,0.0001584361553687798,-8.9856538772583,-0.23565347492694855,base,no
3882,0,0,0.11920292828022305,-2.7444698810577393,-0.744469940662384,base,No
3883,0,0,0.00033535008051217613,-8.116909980773926,-0.11690983176231384,base,no
3884,0,0,0.004609572316116922,-5.546761989593506,-0.17176201939582825,base,no
3885,0,0,0.01590639544387138,-4.777425765991211,-0.65242600440979,base,no
3886,0,0,0.0019267345487064141,-6.698902130126953,-0.44890207052230835,base,no
3887,0,0,0.0052201245328602945,-5.4896087646484375,-0.2396085411310196,base,no
3888,0,0,0.13296425050508953,-2.0522494316101074,-0.17724952101707458,base,no
3889,0,0,0.00015843622854456457,-9.067920684814453,-0.3179207444190979,base,no
3890,0,1,0.7057850278370112,-0.8588720560073853,-1.7338720560073853,base,Yes
3891,0,0,0.001926734204843272,-6.694803237915039,-0.44480299949645996,base,no
3892,0,1,0.5621765008857981,-1.0557887554168701,-1.3057887554168701,base,yes
3893,0,0,0.00010889688082131169,-9.410969734191895,-0.28596946597099304,base,no
3894,0,0,0.00591106763038807,-5.429793834686279,-0.3047936260700226,base,no
3895,0,0,0.004070138319925425,-5.942044258117676,-0.4420444071292877,base,no
3896,0,0,0.0015011822567369915,-7.142465591430664,-0.6424655914306641,base,no
3897,0,0,0.01590639171181471,-4.4358062744140625,-0.3108062744140625,base,no
3898,0,0,0.0017007226138324027,-6.772526741027832,-0.3975268602371216,base,no
3899,0,0,0.0017007227656302545,-6.662586212158203,-0.28758642077445984,base,no
3900,0,0,0.0001795280388888593,-8.879655838012695,-0.25465622544288635,base,no
3901,0,0,0.0010322311289482067,-7.0836310386657715,-0.20863112807273865,base,no
3902,0,1,0.5621765008857981,-1.1430344581604004,-1.3930344581604004,base,Yes
3903,0,0,0.0004878571954431821,-7.775179386138916,-0.15017953515052795,base,no
3904,0,0,0.0011695104043089619,-6.937198638916016,-0.18719875812530518,base,no
3905,0,0,0.00026119021014711256,-8.482291221618652,-0.23229080438613892,base,no
3906,0,0,0.01243165231673086,-4.974311351776123,-0.5993114709854126,base,no
3907,0,0,0.017986209040909668,-4.073981761932373,-0.07398170977830887,base,no
3908,0,0,0.007577242164294059,-5.583386421203613,-0.7083865404129028,base,no
3909,0,0,0.20181323186177208,-2.066563367843628,-0.6915634274482727,base,no
3910,0,0,0.0004305572095853961,-8.230596542358398,-0.4805968403816223,base,no
3911,0,0,0.0028009264676790765,-6.361342906951904,-0.48634272813796997,base,no
3912,0,0,0.00033535016043906285,-8.391630172729492,-0.39163026213645935,base,no
3913,0,0,0.0013250221017218242,-7.152270317077637,-0.5272700786590576,base,no
3914,0,0,0.0010322312211416022,-7.3097734451293945,-0.43477362394332886,base,no
3915,0,0,0.002472623303650189,-6.584724426269531,-0.584724485874176,base,no
3916,0,0,0.005220126409322355,-5.287016868591309,-0.03701700642704964,base,no
3917,0,1,0.5926665999540697,-0.9828939437866211,-1.357893943786621,base,Yes
3918,0,0,0.06754669677084987,-2.9317431449890137,-0.30674323439598083,base,no
3919,0,0,0.0011695101258020842,-6.900606632232666,-0.15060651302337646,base,no
3920,0,0,0.020332349780873466,-4.537143707275391,-0.6621435284614563,base,no
3921,0,0,0.0013250222594674832,-6.882535934448242,-0.25753581523895264,base,no
3922,0,0,0.015906394044350028,-4.467554569244385,-0.3425547182559967,base,no
3923,0,0,0.0017007227656302545,-6.82110071182251,-0.4461009204387665,base,no
3924,0,0,0.00013982202565005882,-8.909844398498535,-0.034844040870666504,base,no
3925,0,0,0.0011695101606154403,-7.075620174407959,-0.3256200850009918,base,no
3926,0,0,0.0010322310674859476,-7.236681938171387,-0.3616819679737091,base,no
3927,0,0,0.00023050676470384292,-8.386266708374023,-0.011266893707215786,base,no
3928,0,0,0.00043055691458565646,-8.00597858428955,-0.25597819685935974,base,no
3929,0,0,0.002472622642080892,-6.261760234832764,-0.26176002621650696,base,no
3930,0,0,0.007577241267860811,-5.096775531768799,-0.22177553176879883,base,no
3931,0,0,0.2689414330889798,-1.790602207183838,-0.7906022667884827,base,no
3932,0,0,0.01590639171181471,-4.721102237701416,-0.596102237701416,base,no
3933,0,0,0.0008040858398518034,-7.654312610626221,-0.5293124914169312,base,no
3934,0,1,0.5312093733737563,-1.131593942642212,-1.256593942642212,base,Yes
3935,0,0,0.0010322310367548194,-7.162275314331055,-0.2872753143310547,base,no
3936,0,0,0.0005527786698535617,-8.140626907348633,-0.6406269669532776,base,no
3937,0,0,0.0019267344340853601,-6.439602375030518,-0.18960225582122803,base,no
3938,0,0,0.0010322311289482067,-7.1364946365356445,-0.2614947259426117,base,no
3939,0,0,0.03308598029553404,-3.80515456199646,-0.43015462160110474,base,no
3940,0,0,0.017986210488481234,-4.310943126678467,-0.3109431564807892,base,no
3941,0,0,0.022977365895758564,-4.176895618438721,-0.4268954396247864,base,no
3942,0,0,0.001501182478698805,-6.505868911743164,-0.005869059823453426,base,no
3943,0,0,0.00026119021452451107,-8.278139114379883,-0.028138713911175728,base,no
3944,0,0,0.0008040859595735953,-7.448879241943359,-0.32387927174568176,base,no
3945,0,0,0.04208773031866069,-3.7536003589630127,-0.6286004185676575,base,no
3946,0,0,0.0021827163155291175,-6.38394832611084,-0.25894826650619507,base,no
3947,0,0,0.015906388912772775,-4.430701732635498,-0.3057015538215637,base,no
3948,0,0,0.004070138199119559,-5.568563938140869,-0.06856405735015869,base,no
3949,0,0,5.829126913536641e-05,-10.226853370666504,-0.4768534302711487,base,no
3950,0,0,0.005911069031366064,-5.418338298797607,-0.2933383285999298,base,no
3951,0,0,0.0024726230831270705,-6.258116722106934,-0.2581166923046112,base,no
3952,0,0,0.0002611904241533476,-8.43450927734375,-0.18450967967510223,base,no
3953,0,0,0.00010889695383443324,-9.289777755737305,-0.16477815806865692,base,no
3954,0,0,0.0006263340601731915,-7.438429355621338,-0.06342919915914536,base,no
3955,0,0,0.0010322311904104695,-7.267580032348633,-0.39258018136024475,base,no
3956,0,0,0.0031726824654718946,-6.346415042877197,-0.5964149236679077,base,no
3957,0,0,0.000487856977460466,-8.154637336730957,-0.5296370387077332,base,no
3958,0,0,0.002472622605327048,-6.230507850646973,-0.23050762712955475,base,no
3959,0,0,0.0003799845663999059,-7.883485317230225,-0.008485453203320503,base,no
3960,0,0,0.022977371917159397,-4.173195838928223,-0.4231959283351898,base,no
3961,0,1,0.754914975839675,-0.7569592595100403,-1.8819591999053955,base,Yes
3962,0,0,0.0011695102650555148,-7.235702037811279,-0.4857020378112793,base,no
3963,0,0,0.0024726233771578993,-6.399564743041992,-0.39956483244895935,base,no
3964,0,0,0.00218271670497733,-6.389060020446777,-0.2640601396560669,base,no
3965,0,0,0.0035936024747072553,-5.950727462768555,-0.3257274329662323,base,no
3966,0,0,0.007577242164294059,-5.412115097045898,-0.537115216255188,base,no
3967,0,0,0.006692852113050128,-5.361135482788086,-0.36113566160202026,base,no
3968,0,1,0.798186768138228,-0.6673713326454163,-2.0423712730407715,base,yes
3969,0,0,0.020332358091706755,-4.337437629699707,-0.46243786811828613,base,no
3970,0,0,0.0006263342513820332,-7.732251167297363,-0.3572513163089752,base,no
3971,0,0,0.02931223159932252,-3.9655539989471436,-0.46555402874946594,base,no
3972,0,0,0.0011695105435624257,-7.236324310302734,-0.4863245487213135,base,no
3973,0,0,0.0024726230831270705,-6.364940166473389,-0.3649401366710663,base,no
3974,0,0,0.000487857180910998,-7.788914680480957,-0.16391479969024658,base,no
3975,0,0,0.06754668363133542,-3.136213779449463,-0.5112136602401733,base,no
3976,0,0,0.0011695104739356916,-7.2359771728515625,-0.4859773516654968,base,no
3977,0,0,0.0013250223383403197,-6.884401321411133,-0.25940126180648804,base,no
3978,0,0,0.015906394510857135,-4.679121971130371,-0.5541221499443054,base,No
3979,0,0,0.0004305571839332368,-8.069741249084473,-0.31974148750305176,base,no
3980,0,0,0.006692850131774789,-5.592070579528809,-0.592070460319519,base,no
3981,0,0,0.0019267346633274755,-6.687051773071289,-0.43705177307128906,base,no
3982,0,0,0.00017952803353946743,-9.263094902038574,-0.6380952596664429,base,no
3983,0,0,0.46879062662624377,-1.2191309928894043,-1.0941309928894043,base,no
3984,0,0,0.01406362456384003,-4.907079219818115,-0.6570790410041809,base,no
3985,0,0,0.14804721306746543,-2.2187232971191406,-0.4687234163284302,base,no
3986,0,0,0.000487857122782266,-8.153889656066895,-0.5288896560668945,base,no
3987,0,0,0.002800927216841955,-6.065006732940674,-0.190006822347641,base,no
3988,0,0,0.0373268852023206,-3.764587879180908,-0.5145878195762634,base,No
3989,0,0,0.0021827162506210893,-6.4148054122924805,-0.2898053228855133,base,no
3990,0,0,0.0010322309752925658,-7.231950283050537,-0.35695022344589233,base,no
3991,0,1,0.6513548511303336,-0.9128573536872864,-1.5378572940826416,base,Yes
3992,0,0,0.02297736991002561,-4.170406818389893,-0.4204068183898926,base,no
3993,0,0,0.14804719051380197,-2.220928430557251,-0.4709283709526062,base,no
3994,0,0,9.610237540628338e-05,-9.728758811950684,-0.47875839471817017,base,no
3995,0,0,9.610245344483044e-05,-9.314934730529785,-0.0649351254105568,base,no
3996,0,0,0.009708476768000214,-4.987931251525879,-0.3629312813282013,base,no
3997,0,0,0.0002611902334932388,-8.53665542602539,-0.28665509819984436,base,no
3998,0,0,0.0017007225126338423,-7.016427516937256,-0.6414275765419006,base,no
3999,0,0,0.001700722209038197,-6.6059699058532715,-0.23096978664398193,base,no
4000,0,0,0.001032231251872736,-7.106503486633301,-0.2315036952495575,base,no
4001,0,0,0.015906388446265834,-4.620136260986328,-0.4951360523700714,base,no
4002,0,0,0.003593603008271459,-6.212269306182861,-0.5872694253921509,base,no
4003,0,0,0.009708474189265195,-5.220046043395996,-0.595045804977417,base,no
4004,0,0,0.009708477054526368,-5.120813369750977,-0.49581342935562134,base,no
4005,0,0,0.017986212067650338,-4.6589837074279785,-0.6589838266372681,base,No
4006,0,0,0.009708475335369565,-5.183084487915039,-0.5580843687057495,base,No
4007,0,0,0.004609573136573289,-5.639904975891113,-0.26490518450737,base,no
4008,0,0,0.0006263340578413767,-7.402895450592041,-0.027895290404558182,base,no
4009,0,0,0.46879062662624377,-1.2460271120071411,-1.1210271120071411,base,no
4010,0,1,0.7057850278370112,-0.6833047866821289,-1.558304786682129,base,Yes
4011,0,0,0.00407013711186692,-5.944971084594727,-0.4449709355831146,base,no
4012,0,0,0.0013250225749588576,-7.213641166687012,-0.5886412858963013,base,no
4013,0,0,0.012431650487299585,-4.576456546783447,-0.20145651698112488,base,no
4014,0,0,0.009708477054526368,-5.115890979766846,-0.4908910393714905,base,no
4015,0,0,0.0007096703991005882,-7.687560081481934,-0.4375600814819336,base,no
4016,0,0,0.00023050669022840075,-8.406167984008789,-0.03116784617304802,base,no
4017,0,0,0.000487857122782266,-8.01906967163086,-0.3940696716308594,base,no
4018,0,0,0.017986212067650338,-4.503330707550049,-0.5033308267593384,base,no
4019,0,0,0.08509904500702024,-2.9570488929748535,-0.5820488929748535,base,no
4020,0,0,2.4300241874820267e-05,-10.637896537780762,-0.01289658434689045,base,no
4021,0,0,0.4378234991142019,-1.3304842710494995,-1.0804842710494995,base,no
4022,0,0,0.00218271670497733,-6.776279926300049,-0.6512800455093384,base,no
4023,0,0,0.0009110512350907039,-7.234319686889648,-0.23431973159313202,base,no
4024,0,0,0.0019267344340853601,-6.510017395019531,-0.2600172758102417,base,no
4025,0,0,0.0002959570429722942,-8.517632484436035,-0.39263224601745605,base,no
4026,0,0,0.0009110512757807642,-7.260105609893799,-0.260105699300766,base,no
4027,0,0,0.025957358704815272,-3.923797607421875,-0.2987976670265198,base,no
4028,0,0,0.00218271696460951,-6.657861709594727,-0.5328619480133057,base,no
4029,0,0,0.004609572316116922,-5.859735012054443,-0.48473504185676575,base,no
4030,0,0,0.0031726824654718946,-6.045754909515381,-0.2957547903060913,base,no
4031,0,0,0.0010322308523680697,-7.0831122398376465,-0.20811206102371216,base,no
4032,0,0,0.015906388912772775,-4.724147319793701,-0.5991471409797668,base,no
4033,0,0,0.0015011819440361278,-6.9428887367248535,-0.4428885281085968,base,no
4034,0,0,0.0011695104739356916,-7.03676176071167,-0.28676193952560425,base,no
4035,0,0,0.03732688306051187,-3.925401210784912,-0.6754010915756226,base,no
4036,0,0,0.00026119022571119644,-8.644466400146484,-0.3944660425186157,base,no
4037,0,0,0.005220124764999895,-5.792766094207764,-0.5427659153938293,base,no
4038,0,0,0.00043055708132461493,-8.335095405578613,-0.5850954055786133,base,no
4039,0,0,0.02595735569077852,-4.234043598175049,-0.609043538570404,base,no
4040,0,0,0.00017952798539494773,-9.01569652557373,-0.39069661498069763,base,no
4041,0,0,0.001700722360836013,-6.7056708335876465,-0.3306708037853241,base,no
4042,0,0,0.0009110512350907039,-7.23371696472168,-0.23371700942516327,base,no
4043,0,0,0.0003799845600323388,-8.160243034362793,-0.2852431535720825,base,no
4044,0,0,0.0010322312211416022,-7.459169387817383,-0.5841695666313171,base,no
4045,0,0,0.0028009273000822866,-6.1986403465271,-0.32364046573638916,base,no
4046,0,0,0.003593603008271459,-5.947729587554932,-0.3227297067642212,base,no
4047,0,0,0.002182715990988994,-6.4513373374938965,-0.32633712887763977,base,no
4048,0,0,0.029312230751356316,-3.918616533279419,-0.41861653327941895,base,no
4049,0,0,0.01406362952265135,-4.5895209312438965,-0.3395211100578308,base,no
4050,0,0,0.03308597886541159,-3.4588167667388916,-0.0838167816400528,base,no
4051,0,0,0.000911051248654057,-7.394280910491943,-0.39428097009658813,base,no
4052,0,0,6.605217536450297e-05,-9.72667407989502,-0.10167454183101654,base,no
4053,0,0,0.004609572042631499,-5.669912815093994,-0.29491278529167175,base,no
4054,0,0,0.001700722310236739,-6.696249961853027,-0.32124990224838257,base,No
4055,0,0,0.1066905825840872,-2.5387887954711914,-0.41378867626190186,base,no
4056,0,0,0.01590639124530769,-4.482769966125488,-0.3577699363231659,base,no
4057,0,0,0.002182715926080975,-6.52397346496582,-0.3989732265472412,base,no
4058,0,0,0.0011695103346822365,-7.069660186767578,-0.3196602463722229,base,no
4059,0,0,0.005220125616178516,-5.270923614501953,-0.02092359960079193,base,no
4060,0,0,0.00017952792120227488,-8.755064964294434,-0.1300646960735321,base,no
4061,0,0,0.014063626578356922,-4.289736270904541,-0.03973623737692833,base,no
4062,0,0,0.0031726826539785367,-5.917517185211182,-0.16751712560653687,base,no
4063,0,0,0.020332353936289693,-4.30032205581665,-0.4253220856189728,base,no
4064,0,0,0.007577242612510723,-5.367181301116943,-0.4921814799308777,base,no
4065,0,0,0.0006263341208003788,-7.65963077545166,-0.2846307158470154,base,no
4066,0,0,0.02931222905542399,-3.92059588432312,-0.42059582471847534,base,no
4067,0,0,0.0004305570556724632,-7.9148406982421875,-0.16484063863754272,base,no
4068,0,0,0.0017007220572403947,-6.7714080810546875,-0.3964078724384308,base,no
4069,0,0,0.0006263339715642358,-8.02064323425293,-0.6456429362297058,base,No
4070,0,0,0.003593603288392698,-5.635956287384033,-0.010956484824419022,base,no
4071,0,0,0.0021827167698853724,-6.3832106590271,-0.25821080803871155,base,no
4072,0,0,0.1645164792819756,-2.402954578399658,-0.7779546976089478,base,No
4073,0,0,0.00037998465059330366,-8.364336967468262,-0.48933732509613037,base,no
4074,0,0,0.022977366564803023,-4.210736274719238,-0.46073612570762634,base,no
4075,0,0,0.0031726828424851893,-6.28559684753418,-0.5355968475341797,base,no
4076,0,0,0.4073334000459302,-1.3897018432617188,-1.0147018432617188,base,no
4077,0,0,0.00048785722450755167,-7.914355278015137,-0.28935548663139343,base,no
4078,0,0,0.00026119035411492414,-8.480016708374023,-0.23001684248447418,base,no
4079,0,0,0.0013250221608764442,-6.817407131195068,-0.19240693747997284,base,no
4080,0,0,0.0019267346633274755,-6.649738311767578,-0.3997383117675781,base,no
4081,0,0,0.03308598220236406,-3.4203524589538574,-0.04535257816314697,base,no
4082,0,0,0.002800926967120973,-6.462308883666992,-0.5873088836669922,base,no
4083,0,0,0.0001398221068956321,-9.108518600463867,-0.2335188239812851,base,no
4084,0,0,0.0021827163155291175,-6.708639144897461,-0.5836390852928162,base,no
4085,0,0,0.00192673483525908,-6.574244022369385,-0.32424411177635193,base,no
4086,0,0,0.0013250224369313723,-6.715880870819092,-0.09088088572025299,base,no
4087,0,0,0.10669059962643358,-2.5695810317993164,-0.4445810914039612,base,no
4088,0,0,0.0021827164128911643,-6.27823543548584,-0.15323542058467865,base,no
4089,0,1,0.7310585903489892,-0.6796268820762634,-1.6796269416809082,base,yes
4090,0,0,0.20181321265898594,-2.0519049167633057,-0.6769048571586609,base,no
4091,0,0,0.0007096704757143025,-7.2653093338012695,-0.015309441834688187,base,no
4092,0,0,0.0010322310367548194,-7.40850830078125,-0.53350830078125,base,no
4093,0,0,0.003593603008271459,-5.916369915008545,-0.2913700342178345,base,no
4094,0,0,0.09534945461636171,-2.791257858276367,-0.5412577390670776,base,no
4095,0,0,0.002182716185713063,-6.825093746185303,-0.7000936269760132,base,no
4096,0,0,0.0017007226138324027,-6.95881986618042,-0.5838199853897095,base,no
4097,0,0,0.03732689162774753,-3.936467170715332,-0.6864672899246216,base,no
4098,0,0,0.006692851122412387,-5.486119270324707,-0.4861193001270294,base,no
4099,0,0,0.5,-1.1519265174865723,-1.1519265174865723,base,No
4100,0,0,0.0017007227656302545,-6.647739887237549,-0.27274009585380554,base,no
4101,0,0,0.24508500210441886,-1.7679319381713867,-0.6429318785667419,base,no
4102,0,0,0.0019267344340853601,-6.8383684158325195,-0.58836829662323,base,no
4103,0,0,0.0021827167698853724,-6.2917609214782715,-0.16676107048988342,base,no
4104,0,0,0.00669285072615733,-5.2950663566589355,-0.29506632685661316,base,no
4105,0,0,0.0006263342513820332,-7.662099838256836,-0.2870999872684479,base,no
4106,0,0,0.007577242164294059,-5.470814228057861,-0.5958143472671509,base,no
4107,0,0,0.009708477627578704,-5.168869972229004,-0.5438700914382935,base,No
4108,0,0,0.029312230751356316,-4.223001956939697,-0.7230019569396973,base,no
4109,0,0,0.0004878572099753667,-7.9781389236450195,-0.35313910245895386,base,no
4110,0,0,0.0002959570341546974,-8.44410228729248,-0.319102019071579,base,no
4111,0,0,0.0006263342420547713,-7.560672283172607,-0.18567241728305817,base,no
4112,0,0,0.00023050681986290357,-8.43758773803711,-0.0625881627202034,base,no
4113,0,0,0.07585818002124356,-3.0966598987579346,-0.5966598987579346,base,no
4114,0,0,0.0031726828424851893,-6.3927717208862305,-0.6427717208862305,base,No
4115,0,0,0.001700722310236739,-6.730594158172607,-0.35559409856796265,base,no
4116,0,0,0.0017007225632331216,-6.407567024230957,-0.032567113637924194,base,no
4117,0,0,0.00023050663270847912,-8.510261535644531,-0.1352611482143402,base,no
4118,0,1,0.6513548782017746,-0.8881203532218933,-1.513120412826538,base,Yes
4119,0,0,0.010986941982915435,-5.2108917236328125,-0.7108916640281677,base,no
4120,0,0,0.0006263340834913398,-7.733512878417969,-0.3585127592086792,base,no
4121,0,0,0.0010322312211416022,-7.131234645843506,-0.2562348246574402,base,no
4122,0,0,0.0035936023679944244,-6.269774913787842,-0.644774854183197,base,no
4123,0,0,0.0009110513029074721,-7.3231120109558105,-0.3231121301651001,base,no
4124,0,0,0.00359360311498431,-5.898651599884033,-0.27365174889564514,base,no
4125,0,0,0.002182716526480224,-6.217803955078125,-0.09280399233102798,base,no
4126,0,0,0.008577486427457372,-5.360474586486816,-0.610474705696106,base,no
4127,0,0,0.0005527785216687471,-7.855498313903809,-0.3554981052875519,base,no
4128,0,0,0.05340332678672523,-3.58469820022583,-0.7096981406211853,base,No
4129,0,0,0.0006263342327275096,-7.727376461029053,-0.3523765802383423,base,no
4130,0,0,0.0013250223383403197,-7.068746566772461,-0.44374650716781616,base,no
4131,0,0,0.05340333431947304,-3.3487515449523926,-0.47375163435935974,base,no
4132,0,0,0.46879062662624377,-1.1539311408996582,-1.0289311408996582,base,no
4133,0,0,0.0013250222594674832,-6.924468994140625,-0.29946887493133545,base,no
4134,0,0,0.0028009264676790765,-6.162579536437988,-0.28757935762405396,base,no
4135,0,0,0.0004305569017595855,-8.145214080810547,-0.39521366357803345,base,no
4136,0,0,0.025957357904211723,-3.6553070545196533,-0.03030708245933056,base,no
4137,0,0,0.000379984412870817,-8.16883373260498,-0.293833464384079,base,no
4138,0,0,0.29421497216298875,-1.8231629133224487,-0.9481629133224487,base,no
4139,0,0,0.1480471829959148,-2.3304147720336914,-0.5804146528244019,base,no
4140,0,0,0.006692852311177695,-5.163005828857422,-0.1630060374736786,base,no
4141,0,0,0.053403329799824234,-3.464456796646118,-0.5894567966461182,base,no
4142,0,0,0.012431650853185818,-4.967702388763428,-0.5927023887634277,base,no
4143,0,0,0.0675466911396291,-3.2549495697021484,-0.6299495697021484,base,no
4144,0,0,0.007577239474994629,-5.317802429199219,-0.44280219078063965,base,no
4145,0,0,0.01243164938964095,-4.70930814743042,-0.33430802822113037,base,no
4146,0,0,0.000911051246958638,-7.028574466705322,-0.028574524447321892,base,no
4147,0,0,0.00359360311498431,-5.843494892120361,-0.21849504113197327,base,no
4148,0,0,0.007577242836619065,-5.243100643157959,-0.3681008517742157,base,no
4149,0,0,0.0005527785052037703,-8.093025207519531,-0.5930249691009521,base,no
4150,0,0,0.0008040857440743825,-7.332197189331055,-0.20719695091247559,base,no
4151,0,0,0.0010322312211416022,-7.313055038452148,-0.43805521726608276,base,no
4152,0,0,0.0024726235976810437,-6.261604309082031,-0.2616044878959656,base,no
4153,0,0,0.0017007220066411306,-6.7759199142456055,-0.40091967582702637,base,no
4154,0,0,0.0015011821227223277,-6.902826309204102,-0.4028262197971344,base,no
4155,0,0,0.007577241491969114,-5.242854118347168,-0.36785414814949036,base,no
4156,0,0,0.0035936022612815957,-6.027513027191162,-0.40251293778419495,base,no
4157,0,0,0.0010322308523680697,-7.1955108642578125,-0.3205106854438782,base,no
4158,0,0,8.481101897741903e-05,-9.504682540893555,-0.1296822726726532,base,no
4159,0,0,0.014063627043245474,-4.909632682800293,-0.659632682800293,base,No
4160,0,0,0.00043055717110715777,-8.143013954162598,-0.39301416277885437,base,no
4161,0,0,0.004070138319925425,-5.8277974128723145,-0.3277975618839264,base,no
4162,0,0,0.000804086127184134,-7.415472030639648,-0.29047226905822754,base,no
4163,0,0,0.0005527786863185436,-7.664073467254639,-0.16407355666160583,base,no
4164,0,0,0.0009110513978509559,-7.209200859069824,-0.20920108258724213,base,no
4165,0,0,0.0008040861152119515,-7.35587739944458,-0.23087762296199799,base,no
4166,0,0,0.18242550602671442,-2.153202533721924,-0.6532024145126343,base,no
4167,0,0,0.012431651219072064,-4.715257167816162,-0.3402571976184845,base,no
4168,0,0,0.007577239923211134,-5.143579959869385,-0.26857978105545044,base,no
4169,0,0,0.0013250225749588576,-7.1590118408203125,-0.534011960029602,base,no
4170,0,0,0.0024726232301424803,-6.400059223175049,-0.4000592529773712,base,no
4171,0,0,0.06008665354025422,-3.390996217727661,-0.6409962773323059,base,No
4172,0,0,0.0002034270568529419,-8.75750732421875,-0.25750771164894104,base,no
4173,0,0,0.001169510439122326,-6.961866855621338,-0.21186700463294983,base,no
4174,0,0,0.16451647108926923,-2.1860172748565674,-0.5610173344612122,base,no
4175,0,0,0.00218271696460951,-6.386063575744629,-0.261063814163208,base,no
4176,0,0,0.01798621114646834,-4.035053253173828,-0.0350533202290535,base,no
4177,0,0,0.047425867792089564,-3.405679702758789,-0.4056795835494995,base,no
4178,0,0,0.32082130082460697,-1.5482738018035889,-0.7982738018035889,base,no
4179,0,0,0.02297736740110863,-3.8122689723968506,-0.06226886063814163,base,no
4180,0,0,0.00407013783670198,-5.823479652404785,-0.32347968220710754,base,no
4181,0,0,0.0015011824800947912,-6.793161869049072,-0.2931620180606842,base,no
4182,0,0,0.001926734606016944,-6.57412052154541,-0.32412049174308777,base,no
4183,0,0,0.05340333582602272,-3.1696114540100098,-0.2946115732192993,base,no
4184,0,0,0.008577483386221569,-5.199224472045898,-0.44922423362731934,base,no
4185,0,0,0.010986941982915435,-4.839763164520264,-0.3397631049156189,base,no
4186,0,0,0.002182716510253215,-6.387969493865967,-0.2629695236682892,base,no
4187,0,0,0.0019267349498801579,-6.572646141052246,-0.32264629006385803,base,no
4188,0,0,0.20181322226037882,-1.9401085376739502,-0.5651085376739502,base,no
4189,0,0,0.01243165304850344,-5.021347999572754,-0.6463481783866882,base,no
4190,0,0,0.0534033328129234,-3.328007936477661,-0.4530079960823059,base,no
4191,0,1,0.5926665999540697,-0.974338173866272,-1.349338173866272,base,Yes
4192,0,0,0.0013250224960860068,-7.018354415893555,-0.39335447549819946,base,no
4193,0,0,0.0007096704625050409,-7.646894454956055,-0.39689454436302185,base,no
4194,0,0,0.00017952800946720594,-8.80630111694336,-0.18130134046077728,base,no
4195,0,0,0.0002959571311482753,-8.2717924118042,-0.146792471408844,base,no
4196,0,0,0.00359360332841002,-6.028911113739014,-0.4039113223552704,base,no
4197,0,0,0.07585818002124356,-3.0581135749816895,-0.5581135749816895,base,no
4198,0,0,0.0003799846279530604,-8.360442161560059,-0.48544245958328247,base,no
4199,0,0,0.017986213120429816,-4.464152812957764,-0.464152991771698,base,no
4200,0,0,0.001032231251872736,-7.235533714294434,-0.3605339229106903,base,no
4201,0,0,0.002800926368831212,-5.892219543457031,-0.01721932925283909,base,no
4202,0,0,0.008577483893094128,-5.017642974853516,-0.2676427960395813,base,no
4203,0,0,0.0031726824654718946,-6.2384138107299805,-0.4884136915206909,base,no
4204,0,0,0.0015011823907516671,-6.8595099449157715,-0.35951003432273865,base,no
4205,0,0,0.0008040860792954051,-7.56450080871582,-0.43950098752975464,base,no
4206,0,0,0.002472623009619369,-6.64764928817749,-0.6476492285728455,base,No
4207,0,0,0.005220125384038879,-5.609122276306152,-0.35912221670150757,base,no
4208,0,0,5.829128824362278e-05,-10.006253242492676,-0.2562536299228668,base,no
4209,0,0,0.005220125693558397,-5.898617267608643,-0.6486172676086426,base,no
4210,0,0,0.001501181899364581,-7.089165687561035,-0.589165449142456,base,no
4211,0,0,0.022977364557669702,-4.065718650817871,-0.315718412399292,base,no
4212,0,0,0.37754066879814546,-1.4443022012710571,-0.9443022012710571,base,no
4213,0,0,0.005911067805510302,-5.715207099914551,-0.5902069211006165,base,no
4214,0,0,0.0013250224960860068,-6.916790962219238,-0.29179102182388306,base,no
4215,0,0,0.000709670241910407,-7.277490139007568,-0.0274899173527956,base,no
4216,0,0,0.042087725512577126,-3.807302951812744,-0.6823028922080994,base,no
4217,0,0,0.002472622605327048,-6.136117458343506,-0.13611723482608795,base,no
4218,0,0,0.01798621101487092,-4.608397960662842,-0.6083980202674866,base,no
4219,0,0,0.06754668363133542,-3.123753070831299,-0.4987529516220093,base,no
4220,0,0,0.0006263340648368211,-7.736210823059082,-0.3612106740474701,base,no
4221,0,0,0.00033535015544363186,-8.18440055847168,-0.18440063297748566,base,no
4222,0,0,0.0004305571518680399,-7.918203830718994,-0.16820399463176727,base,no
4223,0,0,0.000804085815907447,-7.443902015686035,-0.3189018666744232,base,no
4224,0,0,0.0028009275498032983,-6.201030731201172,-0.3260309398174286,base,no
4225,0,0,0.001926734606016944,-6.687205791473389,-0.4372057616710663,base,no
4226,0,0,0.0013250224960860068,-6.886627197265625,-0.2616272568702698,base,no
4227,0,0,0.001926734606016944,-6.5091094970703125,-0.2591094672679901,base,no
4228,0,0,0.0019267350358459707,-6.458092212677002,-0.20809240639209747,base,no
4229,0,0,0.0003353500205670236,-8.356513977050781,-0.356513649225235,base,no
4230,0,1,0.6224593312018546,-0.9399863481521606,-1.4399863481521606,base,Yes
4231,0,0,0.000552778739057942,-7.504614353179932,-0.004614538047462702,base,no
4232,0,0,0.004609571153803984,-5.617495059967041,-0.2424948364496231,base,no
4233,0,0,0.0009110511944006454,-7.2345662117004395,-0.23456621170043945,base,no
4234,0,0,0.0008040859356292355,-7.705723762512207,-0.580723762512207,base,No
4235,0,0,0.008577484399966718,-5.157217979431152,-0.4072178602218628,base,no
4236,0,0,0.00522012510353683,-5.270064830780029,-0.020064717158675194,base,no
4237,0,0,0.053403329799824234,-3.4093499183654785,-0.5343499183654785,base,no
4238,0,0,0.0007096703356961413,-7.541194438934326,-0.291194349527359,base,no
4239,0,0,0.0015011823460801075,-6.824380397796631,-0.32438045740127563,base,no
4240,0,0,0.0006263342886910823,-7.633678436279297,-0.2586786448955536,base,no
4241,0,0,0.042087725512577126,-3.4138388633728027,-0.28883880376815796,base,no
4242,0,0,0.37754066879814546,-1.4407951831817627,-0.9407951831817627,base,no
4243,0,0,0.4378234991142019,-1.2658977508544922,-1.0158977508544922,base,no
4244,0,0,0.003172683408005215,-6.249015808105469,-0.4990159869194031,base,no
4245,0,0,0.009708474475791274,-4.848136901855469,-0.22313669323921204,base,no
4246,0,0,0.0006263341954184638,-7.902247905731201,-0.527247965335846,base,no
4247,0,0,0.0002611903930251571,-8.433837890625,-0.18383817374706268,base,no
4248,0,0,0.00033534997061273795,-8.266460418701172,-0.26645994186401367,base,no
4249,0,0,0.0031726824654718946,-6.2873616218566895,-0.5373615026473999,base,no
4250,0,0,0.16451647108926923,-2.2126173973083496,-0.5876174569129944,base,no
4251,0,0,0.005220125229279126,-5.514858722686768,-0.2648586332798004,base,no
4252,0,0,0.1480471980316895,-2.251875400543213,-0.5018754005432129,base,no
4253,0,0,0.0019267346633274755,-6.733364582061768,-0.4833645820617676,base,no
4254,0,0,0.0024726235976810437,-6.295187473297119,-0.29518765211105347,base,no
4255,0,0,0.005220126776876857,-5.652400970458984,-0.4024011790752411,base,no
4256,0,0,0.0001795279746961673,-8.85480785369873,-0.22980788350105286,base,no
4257,0,1,0.5926665999540697,-1.0256092548370361,-1.4006092548370361,base,Yes
4258,0,0,0.0011695103869022799,-6.914774417877197,-0.16477452218532562,base,no
4259,0,0,0.00460957306820192,-5.438877105712891,-0.06387729942798615,base,no
4260,0,0,0.007577239699102878,-4.894000053405762,-0.018999844789505005,base,no
4261,0,0,0.2689414330889798,-1.7336013317108154,-0.7336013913154602,base,no
4262,0,0,0.0017007220572403947,-6.857009410858154,-0.4820092022418976,base,no
4263,0,0,0.01590639077880068,-4.628482341766357,-0.5034822821617126,base,no
4264,0,0,0.08509904500702024,-3.142655372619629,-0.7676553726196289,base,no
4265,0,0,0.01798620785653302,-4.663652420043945,-0.6636523008346558,base,no
4266,0,0,0.005220126931636656,-5.687519073486328,-0.4375193119049072,base,no
4267,0,0,0.017986209435701905,-4.426599502563477,-0.4265994727611542,base,no
4268,0,0,0.0003799846392731819,-8.1926851272583,-0.31768545508384705,base,no
4269,0,0,0.01243164938964095,-4.921600341796875,-0.5466002225875854,base,no
4270,0,0,0.014063626630011202,-4.660460948944092,-0.4104609191417694,base,no
4271,0,0,0.0159063898457867,-4.63116979598999,-0.5061696767807007,base,no
4272,0,0,0.0035936023679944244,-6.107446670532227,-0.4824466109275818,base,no
4273,0,0,0.07585818211049715,-2.8486196994781494,-0.3486197292804718,base,no
4274,0,0,7.484624981485905e-05,-9.893858909606934,-0.39385920763015747,base,no
4275,0,0,0.014063629935885703,-4.305295467376709,-0.0552956759929657,base,no
4276,0,0,0.0005527787521784759,-7.978477478027344,-0.47847768664360046,base,no
4277,0,0,0.012431650853185818,-4.919983386993408,-0.5449833869934082,base,no
4278,0,0,0.0001795279158528865,-8.910154342651367,-0.2851540446281433,base,no
4279,0,0,0.005220126003077935,-5.78476095199585,-0.5347610116004944,base,no
4280,0,0,0.0052201249197596335,-5.487344741821289,-0.23734459280967712,base,no
4281,0,0,0.004070137595090279,-5.899504661560059,-0.3995046317577362,base,no
4282,0,0,0.09534947261117097,-2.602961540222168,-0.35296162962913513,base,no
4283,0,0,0.04208772791561884,-3.792008399963379,-0.6670083999633789,base,No
4284,0,0,0.014063627869714051,-4.662341117858887,-0.4123411774635315,base,no
4285,0,0,0.06008665354025422,-3.403510570526123,-0.6535106301307678,base,no
4286,0,0,0.005911067455265844,-5.618192672729492,-0.4931924343109131,base,No
4287,0,1,0.7549149868676283,-0.8100521564483643,-1.9350521564483643,base,Yes
4288,0,0,0.010986940363721243,-4.904993534088135,-0.40499332547187805,base,no
4289,0,0,0.00026119031131367456,-8.380216598510742,-0.1302165687084198,base,no
4290,0,0,0.0013250223383403197,-6.889314651489258,-0.26431459188461304,base,no
4291,0,0,0.000911051207963998,-7.2325215339660645,-0.23252154886722565,base,no
4292,0,0,0.0008040859116848763,-7.383901119232178,-0.25890108942985535,base,no
4293,0,0,0.0005527786039936393,-7.730752468109131,-0.23075240850448608,base,no
4294,0,0,0.003593603221697163,-5.8405585289001465,-0.2155587077140808,base,no
4295,0,0,0.0004305569658899445,-8.185527801513672,-0.4355275332927704,base,no
4296,0,0,0.005911070257222078,-5.498037338256836,-0.37303757667541504,base,no
4297,0,0,0.00280092763304364,-6.169736862182617,-0.2947371006011963,base,no
4298,0,0,0.0019267342621537913,-6.508651256561279,-0.2586510479450226,base,no
4299,0,0,0.002800926384438769,-6.202960014343262,-0.327959805727005,base,no
4300,0,0,0.00591106763038807,-5.339212894439697,-0.21421268582344055,base,no
4301,0,0,0.06754668738548215,-3.2667810916900635,-0.6417810320854187,base,no
4302,0,0,0.0006263340648368211,-7.635925769805908,-0.26092562079429626,base,no
4303,0,1,0.7772998611746911,-0.5426973104476929,-1.7926973104476929,base,yes
4304,0,0,0.00029595698124912297,-8.51628303527832,-0.3912825882434845,base,no
4305,0,0,0.46879062662624377,-1.1747961044311523,-1.0497961044311523,base,no
4306,0,0,0.0013250222989039011,-6.8595991134643555,-0.2345990240573883,base,no
4307,0,0,0.005911069031366064,-5.573457717895508,-0.4484577476978302,base,no
4308,0,0,0.3486451217982255,-1.5944910049438477,-0.9694909453392029,base,No
4309,0,0,0.0005527785875286599,-7.757279872894287,-0.25727978348731995,base,no
4310,0,0,0.1066905825840872,-2.602591037750244,-0.4775909185409546,base,no
4311,0,0,0.037326887344129464,-3.829822540283203,-0.5798225402832031,base,no
4312,0,0,0.04208773031866069,-3.5725185871124268,-0.44751864671707153,base,no
4313,0,0,0.0010322312749210868,-6.992327690124512,-0.11732792109251022,base,no
4314,0,0,0.00033535021039337676,-8.534126281738281,-0.5341265201568604,base,no
4315,0,0,0.0017007220066411306,-6.9589385986328125,-0.5839383602142334,base,no
4316,0,0,0.00012339454657030597,-9.289289474487305,-0.2892892360687256,base,no
4317,0,0,0.00023050663957652873,-8.902905464172363,-0.5279051065444946,base,no
4318,0,0,0.22270014914315833,-1.9816038608551025,-0.7316039204597473,base,no
4319,0,0,0.24508501313237172,-1.8226146697998047,-0.6976146697998047,base,no
4320,0,0,0.0004305569863314984,-7.755273818969727,-0.005273598246276379,base,no
4321,0,0,0.0028009264676790765,-6.358087062835693,-0.48308688402175903,base,no
4322,0,0,0.0019267343767748358,-6.514529705047607,-0.2645295560359955,base,no
4323,0,0,0.017986209962091555,-4.604371070861816,-0.6043710708618164,base,no
4324,0,0,0.00048785714458053967,-7.857895374298096,-0.23289541900157928,base,no
4325,0,0,0.0675466911396291,-3.2019336223602295,-0.5769336223602295,base,no
4326,0,0,0.34864513533394575,-1.4734114408493042,-0.8484114408493042,base,no
4327,0,0,0.00013982202565005882,-9.456803321838379,-0.5818029642105103,base,no
4328,0,0,0.001700722310236739,-6.699118137359619,-0.32411807775497437,base,no
4329,0,0,0.0005527786204586191,-7.605119705200195,-0.10511967539787292,base,no
4330,0,0,0.005911068856243796,-5.713156223297119,-0.5881562232971191,base,no
4331,0,0,0.00015843615300827117,-9.104927062988281,-0.3549266457557678,base,no
4332,0,0,0.004070137232672753,-5.742204666137695,-0.24220454692840576,base,no
4333,0,0,0.0035936027948457686,-5.863539218902588,-0.23853927850723267,base,no
4334,0,0,0.00020342702654611695,-8.736632347106934,-0.2366325855255127,base,no
4335,0,0,0.020332348593611837,-4.484043121337891,-0.6090428829193115,base,no
4336,0,0,0.002182716599501766,-6.139832973480225,-0.01483304426074028,base,no
4337,0,0,0.0031726828424851893,-6.1908159255981445,-0.44081592559814453,base,no
4338,0,0,0.46879062662624377,-1.238826870918274,-1.113826870918274,base,no
4339,0,0,0.010986941335237732,-4.811609268188477,-0.311609148979187,base,no
4340,0,0,0.001700722310236739,-7.01824951171875,-0.6432494521141052,base,No
4341,0,0,0.0009110512622174105,-7.0315985679626465,-0.031598642468452454,base,no
4342,0,0,0.00015843625687068385,-9.049468040466309,-0.2994682788848877,base,no
4343,0,0,0.24508502416032488,-1.810835599899292,-0.6858356595039368,base,no
4344,0,0,0.02033235497514388,-3.9237935543060303,-0.04879363626241684,base,no
4345,0,0,0.002472623671188763,-6.169009685516357,-0.16900989413261414,base,no
4346,0,0,0.003172682748231862,-6.114261150360107,-0.36426112055778503,base,no
4347,0,0,0.008577483893094128,-5.199272155761719,-0.4492719769477844,base,no
4348,0,1,0.7057850278370112,-0.7861850261688232,-1.6611850261688232,base,Yes
4349,0,0,0.00033535006053045743,-8.230040550231934,-0.23004034161567688,base,no
4350,0,0,0.00522012577093828,-5.330049991607666,-0.08005000650882721,base,no
4351,0,0,0.06754668738548215,-3.062732458114624,-0.43773239850997925,base,no
4352,0,0,0.015906388446265834,-4.581557273864746,-0.4565570652484894,base,no
4353,0,0,0.002800927133601626,-6.107333183288574,-0.232333242893219,base,no
4354,0,0,0.04742587317756679,-3.6215150356292725,-0.6215150356292725,base,no
4355,0,0,0.00012339461689276512,-9.035401344299316,-0.03540167585015297,base,no
4356,0,0,0.017986213120429816,-4.550182342529297,-0.5501825213432312,base,no
4357,0,0,0.0004878570065248225,-8.016158103942871,-0.391157865524292,base,no
4358,0,0,0.00037998440155070234,-8.039033889770508,-0.16403359174728394,base,no
4359,0,0,0.5,-1.266735553741455,-1.266735553741455,base,no
4360,0,0,0.0021827166400692896,-6.449848175048828,-0.3248482644557953,base,no
4361,0,1,0.5312093733737563,-1.1238783597946167,-1.2488783597946167,base,Yes
4362,0,0,2.753569493552552e-05,-10.51007080078125,-0.010070939548313618,base,no
4363,0,0,0.0004878570501213606,-7.942142486572266,-0.3171423375606537,base,no
4364,0,0,6.605212517087793e-05,-9.808160781860352,-0.18316048383712769,base,no
4365,0,0,0.0010322310982170768,-7.165517330169678,-0.2905173897743225,base,no
4366,0,0,0.00020342692350294609,-8.732682228088379,-0.23268195986747742,base,no
4367,0,0,0.0006263342327275096,-7.728286266326904,-0.35328638553619385,base,no
4368,0,0,0.10669060530721626,-2.6333789825439453,-0.5083791017532349,base,no
4369,0,0,0.00017952800144311956,-8.915539741516113,-0.2905399203300476,base,no
4370,0,0,0.0019267349355525226,-6.346349239349365,-0.09634938091039658,base,no
4371,0,0,0.00020342705988362467,-8.731447219848633,-0.23144762217998505,base,no
4372,0,0,1.670142439897621e-05,-11.017066955566406,-0.017067108303308487,base,no
4373,0,0,0.0031726835965119127,-6.076282501220703,-0.3262827396392822,base,no
4374,0,0,0.00017952793725044096,-8.912874221801758,-0.2878740429878235,base,no
4375,0,0,0.0015011822120654355,-6.572887897491455,-0.07288786768913269,base,no
4376,0,0,0.2689414330889798,-1.7261624336242676,-0.7261624932289124,base,no
4377,0,0,0.0004878570501213606,-8.062911987304688,-0.43791183829307556,base,no
4378,0,0,0.0008040858398518034,-7.560460090637207,-0.4354599714279175,base,no
4379,0,0,0.0013250222003128587,-6.811860084533691,-0.18685992062091827,base,no
4380,0,0,0.0015011821227223277,-6.7102742195129395,-0.2102741301059723,base,no
4381,0,0,0.0009110510723304808,-7.036325454711914,-0.03632532060146332,base,no
4382,0,0,0.0005527785299012358,-7.571242332458496,-0.07124213874340057,base,no
4383,0,0,0.01590639031229368,-4.59315824508667,-0.46815815567970276,base,no
4384,0,0,0.0013250226143952844,-7.019853591918945,-0.39485374093055725,base,no
4385,0,0,0.007577241716077422,-5.364129543304443,-0.48912960290908813,base,no
4386,0,0,0.00048785722450755167,-8.027399063110352,-0.4023992717266083,base,no
4387,0,0,0.24508502416032488,-1.7662007808685303,-0.641200840473175,base,no
4388,0,0,0.017986212067650338,-4.663763046264648,-0.663763165473938,base,no
4389,0,0,0.017986209435701905,-4.384464740753174,-0.38446471095085144,base,no
4390,0,0,0.07585817166422973,-3.0425963401794434,-0.5425962209701538,base,no
4391,0,0,0.0019267344340853601,-6.484197616577148,-0.2341974973678589,base,no
4392,0,0,0.0011695102302421558,-7.107507705688477,-0.3575076758861542,base,no
4393,0,0,0.025957363225871038,-4.229254722595215,-0.604254961013794,base,no
4394,0,0,0.008577484399966718,-5.057920455932617,-0.30792033672332764,base,no
4395,0,0,0.002182715990988994,-6.414120197296143,-0.28911998867988586,base,no
4396,0,0,0.32082130082460697,-1.5709444284439087,-0.8209444284439087,base,no
4397,0,0,0.007577241716077422,-5.367979049682617,-0.49297910928726196,base,no
4398,0,0,0.0474258704848281,-3.6243927478790283,-0.6243926882743835,base,no
4399,0,0,0.00591106922837862,-5.177253723144531,-0.052253786474466324,base,no
4400,0,0,0.017986209896292852,-4.045698165893555,-0.04569816216826439,base,no
4401,0,0,0.0019267347206380085,-6.690517902374268,-0.44051793217658997,base,no
4402,0,0,0.029312234143221275,-4.105724334716797,-0.6057244539260864,base,No
4403,0,0,0.01098694327827096,-4.997042655944824,-0.497042715549469,base,no
4404,0,0,0.0040701369910610885,-6.087786674499512,-0.5877864956855774,base,no
4405,0,0,0.009708475335369565,-5.165841102600098,-0.5408409833908081,base,no
4406,0,0,0.01798620890931226,-4.666043281555176,-0.666043221950531,base,no
4407,0,0,0.0013250222594674832,-7.214353561401367,-0.5893534421920776,base,no
4408,0,0,0.0031726824654718946,-6.107095241546631,-0.3570951223373413,base,no
4409,0,0,0.0031726835022585624,-6.044248580932617,-0.2942487895488739,base,no
4410,0,0,0.0005527787521784759,-7.733005046844482,-0.23300525546073914,base,no
4411,0,0,0.04742587587030561,-3.6224210262298584,-0.6224210858345032,base,no
4412,0,0,0.20181322226037882,-2.1657843589782715,-0.7907843589782715,base,no
4413,0,0,0.004070137308176402,-5.537817478179932,-0.03781737759709358,base,no
4414,0,0,0.01243165231673086,-4.916820049285889,-0.5418201684951782,base,no
4415,0,0,0.00023050672886119197,-8.775490760803223,-0.40049079060554504,base,no
4416,0,0,0.08509904036636974,-3.043963670730591,-0.668963611125946,base,No
4417,0,0,0.03308598029553404,-3.9397776126861572,-0.564777672290802,base,No
4418,0,0,0.00017952800144311956,-8.881080627441406,-0.2560808062553406,base,no
4419,0,0,0.0007096704836398597,-7.6880998611450195,-0.4380999803543091,base,no
4420,0,0,0.001169510456529009,-6.78560733795166,-0.03560750186443329,base,no
4421,0,0,0.0035936017277175022,-6.022393226623535,-0.39739298820495605,base,no
4422,0,0,0.0019267343767748358,-6.546005725860596,-0.29600557684898376,base,no
4423,0,0,0.00017952799609372879,-8.716801643371582,-0.09180179238319397,base,no
4424,0,0,0.0004305571005637297,-7.914429664611816,-0.1644297093153,base,no
4425,0,0,0.0011695103346822365,-7.393428325653076,-0.643428385257721,base,No
4426,0,0,0.0003353501404573394,-8.183263778686523,-0.18326380848884583,base,no
4427,0,0,0.00023050666533171648,-8.476984977722168,-0.10198473185300827,base,no
4428,0,0,0.0005527785875286599,-7.785400867462158,-0.28540077805519104,base,no
4429,0,0,0.0015011823460801075,-6.736093997955322,-0.23609405755996704,base,no
4430,0,0,0.0007096704836398597,-7.51114559173584,-0.2611457109451294,base,no
4431,0,0,0.007577242052239898,-5.113369464874268,-0.23836956918239594,base,no
4432,0,0,0.007577239699102878,-5.320462226867676,-0.44546201825141907,base,no
4433,0,0,0.001501182438215201,-6.526148319244385,-0.026148440316319466,base,no
4434,0,0,0.0004878571954431821,-7.944700717926025,-0.31970086693763733,base,no
4435,0,0,0.03732689162774753,-3.727761745452881,-0.4777618646621704,base,no
4436,0,0,0.01243165304850344,-4.980278491973877,-0.6052786707878113,base,no
4437,0,0,0.0006263341184685638,-7.395103454589844,-0.020103391259908676,base,no
4438,0,0,0.00012339458701720568,-9.258491516113281,-0.2584916055202484,base,no
4439,0,0,0.000804086031406679,-7.517691135406494,-0.3926912546157837,base,no
4440,0,0,0.0028009275498032983,-6.269950866699219,-0.39495107531547546,base,no
4441,0,0,0.0013250221017218242,-6.987516403198242,-0.3625161647796631,base,no
4442,0,0,0.00017952794259982994,-8.881221771240234,-0.25622162222862244,base,no
4443,0,0,0.02297737526238275,-4.346360206604004,-0.596360445022583,base,No
4444,0,0,0.0010322310060236924,-7.14538049697876,-0.2703804671764374,base,no
4445,0,0,0.014063624873765687,-4.286432266235352,-0.03643210977315903,base,no
4446,0,0,8.481101771374356e-05,-9.562756538391113,-0.1877562552690506,base,no
4447,0,0,0.00407013711186692,-5.824597358703613,-0.32459720969200134,base,no
4448,0,0,0.002472622715588583,-6.321917533874512,-0.3219173550605774,base,no
4449,0,1,0.7981867969424066,-0.7534254789352417,-2.1284255981445312,base,yes
4450,0,0,0.004609571700774742,-5.610522747039795,-0.23552264273166656,base,no
4451,0,0,0.0009110510858938316,-7.357394218444824,-0.35739409923553467,base,no
4452,0,0,0.003172682371218578,-6.009162425994873,-0.2591622769832611,base,no
4453,0,0,0.0004878569483961112,-8.024679183959961,-0.3996788263320923,base,no
4454,0,0,0.00026119043582642,-8.284550666809082,-0.03455111384391785,base,no
4455,0,0,0.0004878570142450425,-7.637161731719971,-0.01216150913387537,base,no
4456,0,0,0.010986940687560063,-5.0367655754089355,-0.5367653965950012,base,no
4457,0,0,0.0059110692064883365,-5.532103061676025,-0.40710312128067017,base,no
4458,0,0,0.020332353342658753,-4.301483154296875,-0.426483154296875,base,No
4459,0,0,0.003172683408005215,-6.143706321716309,-0.3937065005302429,base,no
4460,0,0,0.008577484906839334,-5.249932765960693,-0.4999327063560486,base,no
4461,0,1,0.6513548646660542,-0.6465135812759399,-1.27151358127594,base,Yes
4462,0,0,0.00017952799341903347,-8.788727760314941,-0.16372789442539215,base,no
4463,0,0,0.002472622936111669,-6.3219194412231445,-0.32191935181617737,base,no
4464,0,0,0.004070137595090279,-5.941878318786621,-0.4418782889842987,base,no
4465,0,0,0.004609571222175325,-5.73590612411499,-0.3609059154987335,base,no
4466,0,0,0.00023050676320145628,-8.77232837677002,-0.39732855558395386,base,no
4467,0,1,0.5926665999540697,-0.999728798866272,-1.374728798866272,base,Yes
4468,0,0,0.05340332377362639,-3.271209716796875,-0.39620959758758545,base,no
4469,0,0,0.00029595724357268943,-8.175082206726074,-0.05008264631032944,base,no
4470,0,0,0.005220125693558397,-5.845836162567139,-0.5958361625671387,base,No
4471,0,0,0.006692850206072604,-5.056542873382568,-0.056542765349149704,base,no
4472,0,0,0.0013250225749588576,-6.9443769454956055,-0.319377064704895,base,no
4473,0,0,0.0010322308830991924,-7.233849048614502,-0.35884889960289,base,no
4474,0,0,0.0007096705259094992,-7.53624153137207,-0.28624171018600464,base,no
4475,0,0,8.481103666887762e-05,-9.58005428314209,-0.20505422353744507,base,no
4476,0,0,0.0040701369910610885,-5.991893768310547,-0.49189358949661255,base,no
4477,0,0,0.00015843614592674554,-8.953683853149414,-0.20368339121341705,base,no
4478,0,1,0.6224593312018546,-0.7970232963562012,-1.2970232963562012,base,Yes
4479,0,0,0.002182716185713063,-6.6664533615112305,-0.5414532423019409,base,no
4480,0,0,0.0024726232301424803,-6.32232141494751,-0.32232144474983215,base,no
4481,0,0,0.017986206277364275,-4.462944984436035,-0.46294477581977844,base,no
4482,0,0,0.01590638827132573,-4.146241188049316,-0.021240968257188797,base,no
4483,0,0,0.0015011819887076757,-6.715950965881348,-0.21595078706741333,base,no
4484,0,0,0.24508501313237172,-1.8948590755462646,-0.7698590755462646,base,no
4485,0,0,0.0013250227327045727,-7.062256813049316,-0.4372570514678955,base,No
4486,0,0,0.022977367233847502,-4.165623188018799,-0.4156230688095093,base,no
4487,0,0,0.0035936020478559492,-6.0243377685546875,-0.39933761954307556,base,no
4488,0,0,0.0028009268838806506,-6.235154151916504,-0.3601541221141815,base,no
4489,0,0,0.008577483386221569,-5.405725479125977,-0.6557252407073975,base,No
4490,0,1,0.7310585903489892,-0.8427817225456238,-1.8427817821502686,base,Yes
4491,0,0,0.0031726824654718946,-6.0413737297058105,-0.291373610496521,base,no
4492,0,0,0.0028009265509193865,-6.0330023765563965,-0.15800222754478455,base,no
4493,0,0,0.00048785708645181187,-7.857064723968506,-0.2320646494626999,base,no
4494,0,0,0.0600866518571309,-3.1086199283599854,-0.35861995816230774,base,no
4495,0,0,0.004609571358918011,-5.5844926834106445,-0.2094925045967102,base,no
4496,0,0,0.000487857122782266,-8.105111122131348,-0.48011112213134766,base,no
4497,0,0,0.00037998460531281857,-8.309795379638672,-0.434795618057251,base,no
4498,0,0,0.002182716938240615,-6.131950378417969,-0.0069506047293543816,base,no
4499,0,0,0.006692849933647288,-5.403933048248291,-0.4039328992366791,base,no
4500,0,0,0.0075772408196442265,-5.602855205535889,-0.7278551459312439,base,no
4501,0,0,4.006369407608823e-05,-10.132325172424316,-0.00732521852478385,base,no
4502,0,0,0.004609572589602362,-5.645442962646484,-0.27044305205345154,base,no
4503,0,0,0.0005527786698535617,-8.14230728149414,-0.6423073410987854,base,no
4504,0,0,0.00029595720168907913,-8.617684364318848,-0.49268466234207153,base,no
4505,0,0,0.015906394510857135,-4.537215709686279,-0.4122158885002136,base,no
4506,0,0,0.01098694263059318,-4.832154273986816,-0.3321542739868164,base,no
4507,0,0,0.0007096703568309563,-7.780345439910889,-0.5303453803062439,base,no
4508,0,0,0.0001584362238235452,-9.069171905517578,-0.3191719353199005,base,no
4509,0,0,0.0021827163662385164,-6.137615203857422,-0.012615167535841465,base,no
4510,0,0,0.00029595720168907913,-8.4415922164917,-0.3165925145149231,base,no
4511,0,0,0.0007096703568309563,-7.7847065925598145,-0.5347065329551697,base,no
4512,0,1,0.9465966747198243,-0.38551750779151917,-3.2605175971984863,base,Yes
4513,0,0,0.00017952789980472237,-8.911191940307617,-0.28619155287742615,base,no
4514,0,0,0.00017952796266004013,-8.706535339355469,-0.08153530210256577,base,no
4515,0,0,0.004609571153803984,-5.560655117034912,-0.1856548935174942,base,no
4516,0,0,0.00043055692741172794,-8.292427062988281,-0.5424267053604126,base,no
4517,0,0,0.005911070082099775,-5.4583516120910645,-0.33335182070732117,base,no
4518,0,0,0.1645164792819756,-2.2092761993408203,-0.5842763185501099,base,no
4519,0,0,0.004609572828902135,-5.483426094055176,-0.10842623561620712,base,no
4520,0,0,0.02595735945832451,-3.899097204208374,-0.2740972936153412,base,no
4521,0,0,0.03308597266821503,-4.045525550842285,-0.6705253720283508,base,No
4522,0,0,0.002472623119880922,-6.185973167419434,-0.1859731525182724,base,no
4523,0,0,0.00043055722241147626,-8.009190559387207,-0.2591908872127533,base,no
4524,0,0,0.017986212067650338,-4.674854755401611,-0.6748548746109009,base,no
4525,0,0,0.1480472055495773,-2.415408134460449,-0.665408194065094,base,no
4526,0,0,0.0010322311596793377,-7.312932014465332,-0.4379321336746216,base,no
4527,0,0,0.0013250225158042191,-6.83439826965332,-0.20939834415912628,base,no
4528,0,0,0.01590639357784294,-4.669021129608154,-0.5440212488174438,base,no
4529,0,0,0.00010889693598677678,-9.379469871520996,-0.2544701099395752,base,no
4530,0,0,0.004609572316116922,-5.773629665374756,-0.39862969517707825,base,no
4531,0,0,0.0007096705047746792,-7.488102436065674,-0.23810258507728577,base,no
4532,0,0,0.05340333582602272,-3.5702619552612305,-0.69526207447052,base,No
4533,0,0,0.0024726225685732036,-6.549319267272949,-0.5493190288543701,base,No
4534,0,0,0.0024726225685732036,-6.6466827392578125,-0.6466825008392334,base,no
4535,0,0,0.0006263342607092953,-7.581768989562988,-0.2067691534757614,base,no
4536,0,0,0.00048785716637881444,-7.881721019744873,-0.2567211091518402,base,no
4537,0,0,0.0028009264676790765,-6.359013557434082,-0.4840133786201477,base,no
4538,0,1,0.7057850278370112,-0.8321702480316162,-1.7071702480316162,base,yes
4539,0,0,0.0013250227327045727,-6.982561111450195,-0.3575613498687744,base,no
4540,0,0,0.0010322310290720375,-6.906370162963867,-0.03137015551328659,base,no
4541,0,0,0.2942149783515162,-1.2386516332626343,-0.36365166306495667,base,no
4542,0,0,0.03732688814730781,-3.319293737411499,-0.06929375976324081,base,no
4543,0,0,0.004609571427289355,-5.624289512634277,-0.2492893487215042,base,no
4544,0,0,0.007577240595535943,-5.322427749633789,-0.4474276602268219,base,no
4545,0,1,0.5926665999540697,-0.768773078918457,-1.143773078918457,base,Yes
4546,0,0,0.0035936017277175022,-5.953404426574707,-0.32840418815612793,base,no
4547,0,0,0.004609571905888793,-5.702521800994873,-0.32752174139022827,base,no
4548,0,0,0.0007096704955281954,-7.26748514175415,-0.017485277727246284,base,no
4549,0,0,0.02297737526238275,-4.080741882324219,-0.33074212074279785,base,no
4550,0,0,0.0015011825694379204,-6.823563575744629,-0.3235637843608856,base,no
4551,0,0,0.14804719051380197,-2.3715133666992188,-0.621513307094574,base,no
4552,0,0,0.005220126467357275,-5.371077060699463,-0.12107720971107483,base,no
4553,0,0,0.2689414330889798,-1.8162672519683838,-0.8162673115730286,base,no
4554,0,0,0.0019267344913958867,-6.46182107925415,-0.21182098984718323,base,no
4555,0,0,0.004609572042631499,-5.7357330322265625,-0.3607330024242401,base,no
4556,0,0,0.006692849933647288,-5.29607629776001,-0.2960761487483978,base,no
4557,0,0,0.0534033328129234,-3.468552350997925,-0.5935524106025696,base,no
4558,0,0,0.0019267344340853601,-6.734697341918945,-0.48469722270965576,base,no
4559,0,0,0.012431649755527152,-4.397522926330566,-0.022522836923599243,base,no
4560,0,0,0.0019267344627406228,-6.488182544708252,-0.2381824404001236,base,no
4561,0,0,0.0031726831252451896,-6.1878437995910645,-0.4378438889980316,base,no
4562,0,0,0.4073334000459302,-1.4317450523376465,-1.0567450523376465,base,no
4563,0,0,0.0013250226932681422,-6.918745040893555,-0.2937452495098114,base,no
4564,0,0,0.005220125074519377,-5.648344039916992,-0.39834392070770264,base,no
4565,0,0,0.000487857028323091,-7.755844593048096,-0.13084439933300018,base,no
4566,0,0,0.14804721306746543,-2.527907371520996,-0.7779074907302856,base,No
4567,0,0,0.00669285052802981,-5.3001837730407715,-0.3001837134361267,base,no
4568,0,0,0.00043055692741172794,-8.237918853759766,-0.487918496131897,base,no
4569,0,0,0.11920292202211755,-2.549689292907715,-0.5496892929077148,base,no
4570,0,0,0.18242552380635632,-2.2436273097991943,-0.7436273097991943,base,no
4571,0,0,0.0009110513842876005,-7.2937798500061035,-0.29378005862236023,base,no
4572,0,0,0.00048785729716848303,-8.211577415466309,-0.5865777730941772,base,no
4573,0,0,0.2689414213699951,-1.7651233673095703,-0.7651233673095703,base,no
4574,0,0,0.009708475729342973,-4.66190242767334,-0.036902349442243576,base,no
4575,0,0,0.0008040858398518034,-7.420184135437012,-0.29518401622772217,base,no
4576,0,0,0.0010322308830991924,-7.134123802185059,-0.25912365317344666,base,no
4577,0,0,0.001501182323744328,-6.738478660583496,-0.23847870528697968,base,no
4578,0,0,0.0010322308216369478,-7.197923183441162,-0.3229229748249054,base,no
4579,0,0,0.0035936020478559492,-5.950534820556641,-0.3255346715450287,base,no
4580,0,0,0.0006263342140729864,-7.661351203918457,-0.2863512933254242,base,no
4581,0,0,0.008577484399966718,-5.285038948059082,-0.5350388288497925,base,no
4582,0,0,0.0009110512757807642,-7.258177757263184,-0.25817784667015076,base,no
4583,0,0,0.0009110510960663448,-7.016003131866455,-0.016003023833036423,base,no
4584,0,0,0.0009110510045137297,-7.392764568328857,-0.3927643597126007,base,no
4585,0,0,0.0005527786698535617,-7.7858805656433105,-0.2858806252479553,base,no
4586,0,0,0.014063627043245474,-4.524633407592773,-0.27463340759277344,base,no
4587,0,0,0.0013250222594674832,-6.989322185516357,-0.36432206630706787,base,no
4588,0,0,0.00037998459399269806,-8.079825401306152,-0.20482560992240906,base,no
4589,0,0,0.002472623009619369,-6.169195175170898,-0.16919511556625366,base,no
4590,0,0,0.005220125074519377,-5.735027313232422,-0.4850271940231323,base,no
4591,0,0,0.001501182189729658,-6.7117228507995605,-0.21172280609607697,base,no
4592,0,0,0.0015011823684158874,-6.532939910888672,-0.032939985394477844,base,no
4593,0,0,0.0009110510858938316,-7.638213157653809,-0.638213038444519,base,no
4594,0,0,0.0009110512215273508,-7.288142681121826,-0.28814271092414856,base,no
4595,0,0,0.00017952795864799792,-9.153965950012207,-0.5289658904075623,base,no
4596,0,0,0.32082130082460697,-1.268137812614441,-0.5181378126144409,base,no
4597,0,0,0.34864513533394575,-1.4948116540908813,-0.8698116540908813,base,no
4598,0,0,0.00017952791050349827,-8.946569442749023,-0.3215691149234772,base,no
4599,0,0,0.0015011823460801075,-6.858321189880371,-0.35832124948501587,base,no
4600,0,0,0.008577486047302837,-4.965518951416016,-0.2155190259218216,base,no
4601,0,0,0.004070137353478592,-5.907602787017822,-0.4076026976108551,base,no
4602,0,0,0.0008040859116848763,-7.446365833282471,-0.3213658034801483,base,no
4603,0,0,1.892514937404277e-05,-11.037335395812988,-0.16233545541763306,base,no
4604,0,0,0.24508501313237172,-1.80678129196167,-0.6817812919616699,base,no
4605,0,0,0.0031726833137518703,-6.108491897583008,-0.35849204659461975,base,no
4606,0,0,0.014063628696182679,-4.904226779937744,-0.6542268991470337,base,no
4607,0,0,0.00857748566714832,-4.947994232177734,-0.19799426198005676,base,no
4608,0,0,0.0008040860792954051,-7.566293239593506,-0.4412934184074402,base,no
4609,0,0,0.00043055695306387187,-8.335770606994629,-0.585770308971405,base,no
4610,0,0,0.0007096702722916998,-7.6431779861450195,-0.3931778073310852,base,no
4611,0,0,0.00017952805493703588,-8.808595657348633,-0.18359613418579102,base,no
4612,0,0,0.0005527785381337246,-7.892587661743164,-0.39258748292922974,base,no
4613,0,0,0.0003353501904116503,-8.316998481750488,-0.3169986605644226,base,no
4614,0,0,0.00048785710098399316,-7.857698440551758,-0.23269839584827423,base,no
4615,0,0,0.0011695104043089619,-7.2376275062561035,-0.48762762546539307,base,no
4616,0,0,0.009708476481474066,-5.165285587310791,-0.540285587310791,base,no
4617,0,0,0.0024726230831270705,-6.323953628540039,-0.3239535987377167,base,no
4618,0,0,0.0008040859595735953,-7.412909507751465,-0.28790953755378723,base,no
4619,0,0,0.009708475013027696,-4.665918350219727,-0.040918197482824326,base,no
4620,0,0,0.2689414330889798,-1.9351978302001953,-0.9351978898048401,base,no
4621,0,0,0.009708476768000214,-4.994190692901611,-0.3691907227039337,base,no
4622,0,0,0.0003799846902137325,-8.082901000976562,-0.2079014629125595,base,no
4623,0,0,0.004070137715896127,-5.789111137390137,-0.2891111373901367,base,no
4624,0,0,0.001169510439122326,-6.9358415603637695,-0.18584170937538147,base,no
4625,0,0,0.010986941659076578,-4.865653038024902,-0.3656529486179352,base,no
4626,0,0,0.0024726229728655185,-6.238480091094971,-0.23848001658916473,base,no
4627,0,0,0.002182715990988994,-6.423770904541016,-0.2987706959247589,base,no
4628,0,0,0.00669285191492257,-5.3665571212768555,-0.3665572702884674,base,no
4629,0,0,0.0010322310982170768,-7.132360458374023,-0.2573605179786682,base,no
4630,0,0,0.00023050674946534992,-8.558972358703613,-0.18397247791290283,base,no
4631,0,0,7.889264263287065e-06,-11.75219440460205,-0.0021946171764284372,base,no
4632,0,0,0.0002959570606074883,-8.410396575927734,-0.28539639711380005,base,no
4633,0,0,0.4378234991142019,-1.3251787424087524,-1.0751787424087524,base,no
4634,0,0,0.00015843620966048786,-9.038941383361816,-0.28894132375717163,base,no
4635,0,0,0.005220125074519377,-5.493381977081299,-0.24338185787200928,base,no
4636,0,0,0.10669059394565118,-2.799143075942993,-0.6741430759429932,base,No
4637,0,0,0.04742587317756679,-3.6298956871032715,-0.6298956871032715,base,No
4638,0,0,0.18242552825126704,-1.7169979810714722,-0.21699801087379456,base,no
4639,0,0,0.017986212067650338,-4.313471794128418,-0.3134719133377075,base,no
4640,0,0,0.0004878571373144484,-7.809856414794922,-0.18485644459724426,base,no
4641,0,0,0.01243164938964095,-4.915855407714844,-0.5408552885055542,base,no
4642,0,0,0.001169510439122326,-7.068371295928955,-0.318371444940567,base,no
4643,0,0,0.0019267346633274755,-6.646154880523682,-0.39615488052368164,base,no
4644,0,0,0.002182716899701462,-6.218358039855957,-0.09335824847221375,base,no
4645,0,0,0.0031726822769652645,-6.0248188972473145,-0.2748187184333801,base,no
4646,0,0,0.00020342700836202424,-8.682842254638672,-0.1828424036502838,base,no
4647,0,0,0.0006263343073456077,-7.907649993896484,-0.5326502323150635,base,no
4648,0,0,0.005220125229279126,-5.527536392211914,-0.2775363028049469,base,no
4649,0,0,0.00029595710221552864,-8.1336030960083,-0.008603057824075222,base,no
4650,0,0,0.004609571632403393,-5.699130535125732,-0.32413041591644287,base,no
4651,0,0,0.00026119031131367456,-8.413639068603516,-0.16363903880119324,base,no
4652,0,0,0.0075772408196442265,-5.251009464263916,-0.37600940465927124,base,no
4653,0,0,0.01406362456384003,-4.804415702819824,-0.5544155240058899,base,no
4654,0,0,0.005220124764999895,-5.653774738311768,-0.40377455949783325,base,no
4655,0,0,0.008577483639657844,-5.0164408683776855,-0.26644065976142883,base,no
4656,0,0,0.004070137957507836,-6.0875349044799805,-0.5875349640846252,base,no
4657,0,0,0.0008040859356292355,-7.652080059051514,-0.5270800590515137,base,no
4658,0,0,0.10669059962643358,-2.7879891395568848,-0.6629891991615295,base,no
4659,0,0,0.00048785710825008404,-7.945781230926514,-0.3207812011241913,base,no
4660,0,0,0.0011695102302421558,-7.113155364990234,-0.363155335187912,base,no
4661,0,0,0.022977368321044828,-3.794764518737793,-0.0447644479572773,base,no
4662,0,0,0.3486451488696663,-1.516172170639038,-0.8911722302436829,base,no
4663,0,0,0.0013250223383403197,-6.989311695098877,-0.3643116354942322,base,no
4664,0,0,0.001501182502430573,-6.685802936553955,-0.1858031004667282,base,no
4665,0,0,0.00010889690678152709,-9.412328720092773,-0.28732869029045105,base,no
4666,0,0,0.004609572999830552,-5.812881946563721,-0.43788212537765503,base,no
4667,0,0,0.005911067805510302,-5.567666530609131,-0.44266635179519653,base,no
4668,0,0,0.002472622605327048,-6.150655746459961,-0.15065552294254303,base,no
4669,0,0,0.008577485793866491,-4.993766784667969,-0.24376682937145233,base,no
4670,0,0,0.0013250224960860068,-6.983906269073486,-0.3589063286781311,base,no
4671,0,0,0.00013982209231308982,-9.454937934875488,-0.5799380540847778,base,no
4672,0,0,0.0031726833137518703,-6.156591415405273,-0.4065915644168854,base,no
4673,0,0,0.0013250223974949503,-6.8568315505981445,-0.23183153569698334,base,no
4674,0,0,0.3775406828054583,-1.4841110706329346,-0.9841111302375793,base,no
4675,0,0,0.00037998444683116315,-8.310571670532227,-0.43557149171829224,base,no
4676,0,0,0.00407013783670198,-5.718247413635254,-0.2182474434375763,base,no
4677,0,0,0.0007096702564405903,-7.367308616638184,-0.11730841547250748,base,no
4678,0,0,0.0028009274249427897,-6.106677532196045,-0.23167769610881805,base,no
4679,0,0,0.0002959571399658749,-8.389190673828125,-0.26419076323509216,base,no
4680,0,0,0.0024726233404040437,-6.108933448791504,-0.10893352329730988,base,no
4681,0,0,0.18242551936144574,-1.7038824558258057,-0.20388242602348328,base,no
4682,0,0,0.0013250225552406444,-6.8378119468688965,-0.21281205117702484,base,no
4683,0,0,0.0015011819887076757,-6.819330215454102,-0.31933003664016724,base,no
4684,0,0,0.0850990357257195,-2.8485260009765625,-0.47352588176727295,base,no
4685,0,0,0.0021827168347934166,-6.424318313598633,-0.29931849241256714,base,no
4686,0,0,0.0017007227150309691,-6.632987022399902,-0.25798720121383667,base,no
4687,0,0,0.0005527786698535617,-7.855020046234131,-0.35502010583877563,base,no
4688,0,0,0.0005527785545987024,-7.78754186630249,-0.2875417172908783,base,no
4689,0,0,0.03308598029553404,-4.110016345977783,-0.735016405582428,base,no
4690,0,0,0.0009110513876784394,-7.050438404083252,-0.050438616424798965,base,no
4691,0,0,0.0005527788345034023,-8.141637802124023,-0.6416381597518921,base,no
4692,0,0,0.008577484906839334,-5.191928386688232,-0.44192832708358765,base,no
4693,0,0,0.003593602181246977,-5.643963813781738,-0.018963702023029327,base,no
4694,0,0,0.03732688600549891,-3.350325345993042,-0.10032530874013901,base,no
4695,0,1,0.5621765008857981,-1.02022123336792,-1.27022123336792,base,Yes
4696,0,0,0.002800926967120973,-6.233698844909668,-0.35869884490966797,base,no
4697,0,0,0.1066905825840872,-2.7751379013061523,-0.6501377820968628,base,no
4698,0,0,0.008577487187766488,-5.045362949371338,-0.2953631579875946,base,no
4699,0,0,5.829124655288968e-05,-9.982748031616211,-0.23274770379066467,base,no
4700,0,0,0.0005527785381337246,-7.901766300201416,-0.4017661213874817,base,no
4701,0,0,0.0035936020478559492,-5.888334274291992,-0.26333412528038025,base,no
4702,0,0,0.0015011824800947912,-6.789323806762695,-0.28932395577430725,base,no
4703,0,0,0.0009110513571608901,-7.257245063781738,-0.2572452425956726,base,no
4704,0,0,0.006692850924284856,-5.446328163146973,-0.44632816314697266,base,no
4705,0,0,0.0017007226644316852,-6.635539531707764,-0.2605396807193756,base,no
4706,0,0,0.005911068856243796,-5.447934627532959,-0.322934627532959,base,no
4707,0,0,0.2689414213699951,-1.902227759361267,-0.9022277593612671,base,No
4708,0,0,0.0019267345487064141,-6.833380699157715,-0.5833806395530701,base,no
4709,0,0,0.0011695102302421558,-7.112250328063965,-0.36225029826164246,base,no
4710,0,0,0.00218271670497733,-6.3913726806640625,-0.26637279987335205,base,no
4711,0,0,0.002472622936111669,-6.289516925811768,-0.2895168364048004,base,no
4712,0,0,0.0017007220572403947,-6.862981796264648,-0.4879815876483917,base,no
4713,0,0,0.0008040861032397692,-7.521134853363037,-0.3961350619792938,base,no
4714,0,0,0.0019267343194643127,-6.731642723083496,-0.48164254426956177,base,no
4715,0,0,0.020332352749027827,-4.193227291107178,-0.31822726130485535,base,no
4716,0,0,0.001700722284937103,-6.609663486480713,-0.23466341197490692,base,no
4717,0,0,0.033085978388704126,-4.054544448852539,-0.6795444488525391,base,no
4718,0,0,0.0010322308830991924,-7.229859352111816,-0.35485920310020447,base,no
4719,0,0,0.009708478773683474,-5.079066276550293,-0.45406651496887207,base,no
4720,0,0,0.001926734656163659,-6.271186351776123,-0.02118634805083275,base,no
4721,0,0,0.002182716185713063,-6.393800258636475,-0.26880013942718506,base,no
4722,0,0,0.001926734577361679,-6.399362564086914,-0.14936251938343048,base,no
4723,0,0,0.004070138078313694,-5.764147758483887,-0.2641478478908539,base,no
4724,0,0,0.004070137232672753,-5.946784019470215,-0.4467839002609253,base,no
4725,0,0,0.0675466911396291,-2.723850727081299,-0.09885072708129883,base,no
4726,0,0,0.01590639357784294,-4.624936580657959,-0.49993669986724854,base,no
4727,0,0,9.610241406757399e-05,-9.305627822875977,-0.05562780797481537,base,no
4728,0,0,0.00048785714458053967,-7.858342170715332,-0.2333422154188156,base,no
4729,0,0,0.0015011823684158874,-6.731722354888916,-0.23172242939472198,base,no
4730,0,0,0.002472623266896334,-6.1897172927856445,-0.1897173374891281,base,no
4731,0,0,0.0015011821324942296,-6.515406608581543,-0.015406525693833828,base,no
4732,0,0,0.022977367233847502,-4.405472278594971,-0.6554721593856812,base,No
4733,0,0,0.010986940970919038,-4.5389251708984375,-0.03892501816153526,base,no
4734,0,0,0.001501182301408549,-6.898685455322266,-0.398685485124588,base,no
4735,0,0,0.0013250225355224317,-7.062535762786865,-0.4375358521938324,base,no
4736,0,0,0.005911068505999277,-5.458737373352051,-0.333737313747406,base,no
4737,0,0,0.1480472055495773,-2.379366636276245,-0.6293666958808899,base,no
4738,0,0,0.004070138682343046,-6.042914390563965,-0.542914628982544,base,no
4739,0,0,0.08509904964767095,-2.9224488735198975,-0.5474489331245422,base,no
4740,0,0,0.0007096705470443199,-7.695001125335693,-0.4450013339519501,base,no
4741,0,0,0.22270013882530884,-1.8709577322006226,-0.6209577322006226,base,no
4742,0,0,0.20181324146316565,-2.037740707397461,-0.6627408266067505,base,no
4743,0,0,0.00522012445548043,-5.698637962341309,-0.4486377239227295,base,No
4744,0,0,0.00012339462194862976,-9.232141494750977,-0.2321418672800064,base,no
4745,0,1,0.8519527944504226,-0.7252574563026428,-2.475257396697998,base,Yes
4746,0,0,0.008577486174021013,-5.078719615936279,-0.32871970534324646,base,no
4747,0,0,0.00029595716641867513,-8.440385818481445,-0.31538599729537964,base,no
4748,0,0,8.48110455146083e-05,-9.477937698364258,-0.1029377430677414,base,no
4749,0,0,0.004609572726345088,-5.9610371589660645,-0.586037278175354,base,no
4750,0,0,0.025957357951306048,-3.836962938308716,-0.2119629681110382,base,no
4751,0,0,0.0013250225749588576,-6.793507099151611,-0.16850721836090088,base,no
4752,0,0,0.008577485920584663,-5.250339984893799,-0.5003400444984436,base,no
4753,0,0,0.0035936021545687705,-6.210775375366211,-0.5857752561569214,base,no
4754,0,0,0.000709670377965772,-7.367469787597656,-0.11746975779533386,base,no
4755,0,0,0.0004878572317736444,-7.855317115783691,-0.23031733930110931,base,no
4756,0,0,0.00026119031131367456,-8.480204582214355,-0.23020455241203308,base,no
4757,0,0,0.000804085887740518,-7.655826568603516,-0.5308265089988708,base,no
4758,0,0,0.00017952801481659712,-8.855884552001953,-0.23088480532169342,base,no
4759,0,0,0.3486451217982255,-1.5471324920654297,-0.9221324324607849,base,no
4760,0,0,0.0019267348925696179,-6.538300037384033,-0.28830015659332275,base,no
4761,0,0,0.02931223159932252,-3.937668561935425,-0.4376685917377472,base,No
4762,0,0,0.0031726820884586454,-6.301141738891602,-0.5511415004730225,base,no
4763,0,0,0.0015011819887076757,-6.820504188537598,-0.32050400972366333,base,no
4764,0,0,0.000552778571063681,-7.935218811035156,-0.4352186918258667,base,no
4765,0,1,0.5926665999540697,-0.9833031892776489,-1.358303189277649,base,Yes
4766,0,0,0.00013982212564461725,-9.466394424438477,-0.5913947820663452,base,no
4767,0,0,0.0010322310982170768,-7.356456279754639,-0.48145633935928345,base,no
4768,0,0,0.0019267347206380085,-6.54470682144165,-0.2947068512439728,base,no
4769,0,0,0.01243164938964095,-4.676847457885742,-0.30184733867645264,base,no
4770,0,0,0.1329642264548166,-2.428591728210449,-0.5535916090011597,base,no
4771,0,0,0.020332355717182622,-4.337059020996094,-0.4620591402053833,base,no
4772,0,0,0.1066905825840872,-2.759403705596924,-0.6344035863876343,base,No
4773,0,0,0.0028009268838806506,-6.229966640472412,-0.3549666106700897,base,no
4774,0,0,0.000379984373250417,-8.082985877990723,-0.2079855054616928,base,no
4775,0,0,0.002800926967120973,-6.198076248168945,-0.3230762481689453,base,no
4776,0,0,0.0019267342908090516,-6.480955123901367,-0.23095493018627167,base,no
4777,0,0,0.009708477054526368,-4.788753032684326,-0.16375309228897095,base,no
4778,0,0,0.009708477054526368,-4.689505100250244,-0.06450515985488892,base,no
4779,0,0,0.000804085815907447,-7.4488701820373535,-0.3238700330257416,base,no
4780,0,0,0.009708477341052534,-4.929993629455566,-0.30499371886253357,base,no
4781,0,0,0.0010322307909058268,-7.197552680969238,-0.3225524425506592,base,no
4782,0,0,0.015906394977364253,-4.54435396194458,-0.4193541705608368,base,no
4783,0,0,0.00033534997061273795,-8.258792877197266,-0.2587924003601074,base,no
4784,0,1,0.8807970779778823,-0.5992441177368164,-2.5992441177368164,base,Yes
4785,0,0,0.020332355123551627,-3.9585344791412354,-0.08353456854820251,base,no
4786,0,0,0.022977367902892003,-4.179201126098633,-0.42920103669166565,base,no
4787,0,0,0.002472622862603971,-6.438630104064941,-0.43862998485565186,base,no
4788,0,0,0.01590639357784294,-4.72055721282959,-0.5955573320388794,base,no
4789,0,0,0.3208213138121609,-1.564877986907959,-0.8148780465126038,base,no
4790,0,0,0.13296424706933604,-2.4711008071899414,-0.5961008667945862,base,No
4791,0,1,0.6513548782017746,-0.8214861750602722,-1.446486234664917,base,Yes
4792,0,0,0.2689414213699951,-1.860093593597412,-0.8600935935974121,base,no
4793,0,0,0.0019267343767748358,-6.539572238922119,-0.2895720899105072,base,no
4794,0,0,0.00015843616717132347,-8.979315757751465,-0.22931542992591858,base,no
4795,0,0,0.03308598029553404,-3.6643106937408447,-0.2893107533454895,base,no
4796,0,0,0.0001795279319010521,-8.75419807434082,-0.1291978657245636,base,no
4797,0,0,0.00017952804423825133,-8.855128288269043,-0.2301287055015564,base,no
4798,0,0,0.033085986016024416,-4.098478317260742,-0.7234785556793213,base,no
4799,0,0,0.01590639357784294,-4.8389692306518555,-0.713969349861145,base,no
4800,0,0,0.0009110511944006454,-7.3644022941589355,-0.36440229415893555,base,no
4801,0,0,0.0017007224296194026,-6.379306793212891,-0.004306803923100233,base,no
4802,0,1,0.6791786861878392,-0.8930407166481018,-1.643040657043457,base,Yes
4803,0,0,0.009708477054526368,-5.273085117340088,-0.6480851769447327,base,no
4804,0,0,0.00043055708132461493,-7.879668235778809,-0.1296682357788086,base,no
4805,0,0,0.02595736021183377,-4.18222713470459,-0.5572272539138794,base,no
4806,0,0,0.012431650487299585,-4.8664398193359375,-0.4914397895336151,base,no
4807,0,0,1.4738981699964048e-05,-11.13514518737793,-0.010145168751478195,base,no
4808,0,0,0.00029595716641867513,-8.446993827819824,-0.32199400663375854,base,no
4809,0,0,0.007577241940185738,-5.3599419593811035,-0.4849420487880707,base,no
4810,0,0,0.02595736021183377,-4.283025741577148,-0.658025860786438,base,No
4811,0,0,0.0007096705047746792,-7.684025287628174,-0.43402543663978577,base,no
4812,0,0,0.5,-1.1047786474227905,-1.1047786474227905,base,no
4813,0,0,0.002182716380437148,-6.483566761016846,-0.3585667312145233,base,no
4814,0,0,0.006692852113050128,-5.666654109954834,-0.6666542887687683,base,No
4815,0,0,0.0035936018344303144,-5.999365329742432,-0.3743651211261749,base,no
4816,0,0,0.0017007225126338423,-6.774612903594971,-0.3996129631996155,base,no
4817,0,0,0.34864513533394575,-1.4445189237594604,-0.8195189237594604,base,no
4818,0,0,0.00013982210064597092,-9.130820274353027,-0.25582045316696167,base,no
4819,0,0,0.0035936022612815957,-6.112677574157715,-0.4876774847507477,base,no
4820,0,0,0.0002611903424418554,-8.479506492614746,-0.22950658202171326,base,no
4821,0,0,0.002472623524173327,-6.288663864135742,-0.2886640131473541,base,no
4822,0,0,7.484623531709721e-05,-9.684843063354492,-0.18484316766262054,base,no
4823,0,0,0.0028009268838806506,-6.374270915985107,-0.49927088618278503,base,no
4824,0,0,0.015906394510857135,-4.490339279174805,-0.365339457988739,base,no
4825,0,0,0.0017007224620345643,-6.739519119262695,-0.3645191490650177,base,no
4826,0,0,0.08509904500702024,-2.983652353286743,-0.6086523532867432,base,No
4827,0,0,0.0007096704413702227,-7.610368251800537,-0.3603683114051819,base,no
4828,0,0,0.0010322310444376016,-6.992420673370361,-0.11742068082094193,base,no
4829,0,0,0.0019267344913958867,-6.543231010437012,-0.29323092103004456,base,no
4830,0,0,0.0021827164453451808,-6.417685031890869,-0.29268503189086914,base,no
4831,0,0,0.0019267347779485435,-6.578574180603027,-0.3285742402076721,base,no
4832,0,0,0.00033535027033856327,-8.47891902923584,-0.47891944646835327,base,no
4833,0,0,0.0004305571005637297,-7.981432914733887,-0.2314329594373703,base,no
4834,0,0,0.06754668738548215,-3.2121410369873047,-0.5871409773826599,base,no
4835,0,0,0.0015011824354232285,-6.98631477355957,-0.48631489276885986,base,no
4836,0,0,0.02931222905542399,-3.867748498916626,-0.3677484393119812,base,no
4837,0,0,0.0001795279693467774,-9.102876663208008,-0.4778766632080078,base,no
4838,0,0,0.005911067805510302,-5.52520227432251,-0.40020209550857544,base,no
4839,0,0,0.0004878570501213606,-7.833542346954346,-0.20854219794273376,base,no
4840,0,0,0.20181322226037882,-2.033588409423828,-0.6585884094238281,base,no
4841,0,0,0.0011695102650555148,-7.142953395843506,-0.39295339584350586,base,no
4842,0,0,0.006692850329902297,-5.332399845123291,-0.33239975571632385,base,no
4843,0,0,0.0017007225126338423,-7.0179243087768555,-0.6429243683815002,base,no
4844,0,0,0.0003799846279530604,-8.235114097595215,-0.3601143956184387,base,no
4845,0,0,0.2689414330889798,-1.7296125888824463,-0.7296126484870911,base,no
4846,0,0,0.0007096703039939198,-7.437424659729004,-0.18742452561855316,base,no
4847,0,0,0.007577242402409158,-4.89143180847168,-0.016431959345936775,base,no
4848,0,0,0.022977365895758564,-4.1663641929626465,-0.41636401414871216,base,no
4849,0,0,0.0534033328129234,-3.3399550914764404,-0.4649551510810852,base,no
4850,0,0,0.002472623303650189,-6.493020534515381,-0.49302059412002563,base,no
4851,0,0,0.08509904036636974,-2.8587286472320557,-0.4837285876274109,base,no
4852,0,0,0.0002305066601806787,-8.583074569702148,-0.20807430148124695,base,no
4853,0,0,0.009708476481474066,-5.284652233123779,-0.6596522331237793,base,no
4854,0,0,0.0028009266341596987,-6.274263858795166,-0.39926373958587646,base,no
4855,0,0,0.002182715990988994,-6.259585857391357,-0.1345856487751007,base,no
4856,0,0,0.002472623524173327,-6.260930061340332,-0.26093021035194397,base,no
4857,0,0,0.00033535001057616586,-8.204710960388184,-0.20471060276031494,base,no
4858,0,0,0.06008665522337757,-3.142064094543457,-0.3920641839504242,base,no
4859,0,0,0.13296425222296632,-2.0976641178131104,-0.2226642221212387,base,no
4860,0,0,0.025957358233872005,-3.674283027648926,-0.049283068627119064,base,no
4861,0,0,0.0007096702775754029,-7.260447978973389,-0.010447807610034943,base,no
4862,0,0,0.0031726824654718946,-6.248756408691406,-0.4987562894821167,base,no
4863,0,0,0.00026119033465980986,-8.89087200164795,-0.640872061252594,base,No
4864,0,0,0.0017007220279876948,-6.380581378936768,-0.005581153091043234,base,no
4865,0,0,0.014063626216776943,-4.794063568115234,-0.5440635085105896,base,no
4866,0,0,0.0009110514114143117,-7.362895965576172,-0.362896203994751,base,no
4867,0,0,0.0019267344913958867,-6.572112083435059,-0.32211199402809143,base,no
4868,0,0,0.02595735682104226,-3.6827192306518555,-0.057719215750694275,base,no
4869,0,0,0.0021827167698853724,-6.567735195159912,-0.44273534417152405,base,no
4870,0,0,0.009708475621895678,-4.963006973266602,-0.3380068838596344,base,no
4871,0,0,0.009708478773683474,-5.11598014831543,-0.4909803867340088,base,no
4872,0,0,0.00023050661210433164,-9.014001846313477,-0.6390013694763184,base,No
4873,0,0,0.000804086127184134,-7.657617568969727,-0.5326178073883057,base,no
4874,0,0,0.0021827160558970152,-6.714102268218994,-0.5891020894050598,base,No
4875,0,0,0.008577487441202876,-5.412672996520996,-0.6626732349395752,base,no
4876,0,0,0.005220125538798635,-5.649861812591553,-0.39986178278923035,base,no
4877,0,0,0.000804086031406679,-7.522526264190674,-0.3975263833999634,base,no
4878,0,0,0.0006263342886910823,-7.608465671539307,-0.23346588015556335,base,no
4879,0,0,0.00029595699006671806,-8.291085243225098,-0.16608482599258423,base,no
4880,0,0,0.0534033328129234,-3.279876232147217,-0.4048762917518616,base,No
4881,0,0,0.03308597743528921,-3.6905720233917236,-0.31557199358940125,base,no
4882,0,0,0.0004878572027092744,-7.854774475097656,-0.22977463901042938,base,no
4883,0,0,0.0007096704202354052,-7.4350905418396,-0.185090571641922,base,no
4884,0,0,0.0008040859356292355,-7.445642948150635,-0.32064294815063477,base,no
4885,0,0,0.0017007221078396608,-6.768237590789795,-0.3932374119758606,base,no
4886,0,0,0.03732688306051187,-3.662692070007324,-0.41269195079803467,base,no
4887,0,0,0.007577241716077422,-5.319597244262695,-0.4445973038673401,base,no
4888,0,0,0.000379984582672578,-8.456194877624512,-0.581195056438446,base,no
4889,0,0,0.007577242920659696,-4.893472671508789,-0.018472891300916672,base,no
4890,0,0,0.0031726833137518703,-5.926619529724121,-0.17661967873573303,base,no
4891,0,0,0.008577485413711986,-5.396868705749512,-0.6468687057495117,base,no
4892,0,0,0.00026119043582642,-8.607390403747559,-0.3573908507823944,base,no
4893,0,0,0.0006263341767639418,-7.539857387542725,-0.164857417345047,base,no
4894,0,0,0.007577242164294059,-5.237914085388184,-0.36291420459747314,base,no
4895,0,0,7.484620813380133e-05,-9.527337074279785,-0.027336815372109413,base,no
4896,0,0,0.012431651584958318,-4.746924877166748,-0.3719249367713928,base,no
4897,0,0,0.014063628696182679,-4.742223739624023,-0.492223858833313,base,no
4898,0,0,0.01406363034912007,-4.805437088012695,-0.5554373264312744,base,no
4899,0,0,0.0002305066807848305,-8.733983039855957,-0.3589828610420227,base,no
4900,0,0,0.00033535025035683324,-8.259777069091797,-0.2597774267196655,base,no
4901,0,0,0.16451645470385742,-2.3405263423919678,-0.715526282787323,base,no
4902,0,1,0.9149009596336303,-0.5915209650993347,-2.9665210247039795,base,Yes
4903,0,0,0.0002034269113802235,-8.945079803466797,-0.4450794756412506,base,no
4904,0,0,0.0007096704202354052,-7.691085338592529,-0.4410853683948517,base,No
4905,0,0,0.015906394160976806,-4.243279933929443,-0.1182800903916359,base,no
4906,0,0,0.00013982210064597092,-9.353939056396484,-0.4789392352104187,base,no
4907,0,0,0.0007096704175935529,-7.2728657722473145,-0.022865798324346542,base,no
4908,0,0,0.02595735569077852,-4.2891716957092285,-0.6641716361045837,base,No
4909,0,0,0.0002959570341546974,-8.292067527770996,-0.1670672595500946,base,no
4910,0,0,0.0009110510045137297,-7.255964279174805,-0.255964070558548,base,no
4911,0,0,0.0006263341581094201,-7.694462299346924,-0.31946229934692383,base,no
4912,0,0,0.0028009268838806506,-6.087337017059326,-0.21233698725700378,base,no
4913,0,0,0.0028009275498032983,-6.1647233963012695,-0.28972360491752625,base,no
4914,0,0,0.0006263341581094201,-7.809720993041992,-0.4347209930419922,base,no
4915,0,0,0.0035936024747072553,-5.916096210479736,-0.29109618067741394,base,no
4916,0,0,0.007577242528470096,-4.91638708114624,-0.041387248784303665,base,no
4917,0,0,0.002472623009619369,-6.356156349182129,-0.35615628957748413,base,no
4918,0,0,0.0024726235976810437,-6.290683269500732,-0.29068344831466675,base,no
4919,0,0,0.0004305571069767681,-8.070038795471191,-0.3200388550758362,base,no
4920,0,0,0.00037998437891047395,-8.234184265136719,-0.3591839075088501,base,no
4921,0,0,0.029312229903390143,-3.900245189666748,-0.40024515986442566,base,no
4922,0,0,0.060086648490884395,-3.211556911468506,-0.46155688166618347,base,no
4923,0,0,0.0015011825694379204,-6.940541744232178,-0.44054195284843445,base,no
4924,0,0,0.0017007221078396608,-6.911016464233398,-0.5360162854194641,base,no
4925,0,0,0.002182716185713063,-6.363127708435059,-0.23812758922576904,base,no
4926,0,0,0.012431653780276067,-4.822414398193359,-0.4474146366119385,base,no
4927,0,0,0.0013250224960860068,-6.916478633880615,-0.29147869348526,base,no
4928,0,0,0.0008040859116848763,-7.448003768920898,-0.32300373911857605,base,no
4929,0,0,0.0004878570791857214,-7.912411689758301,-0.2874116003513336,base,no
4930,0,0,0.0024726237446964848,-6.355568885803223,-0.35556912422180176,base,no
4931,0,0,0.0007096703356961413,-7.482900142669678,-0.23290005326271057,base,no
4932,0,0,0.00026119031131367456,-8.537153244018555,-0.2871532142162323,base,no
4933,0,0,0.004609572316116922,-5.588485240936279,-0.21348527073860168,base,no
4934,0,0,0.0006263342140729864,-7.610220432281494,-0.2352205216884613,base,no
4935,0,0,0.0011695103346822365,-7.036895751953125,-0.2868958115577698,base,no
4936,0,0,0.16451644651115205,-2.411149024963379,-0.7861489057540894,base,No
4937,0,0,0.00029595707824268345,-8.477643013000488,-0.35264289379119873,base,no
4938,0,0,0.033085978388704126,-3.601943016052246,-0.2269430160522461,base,No
4939,0,0,0.008577483893094128,-5.237411022186279,-0.48741084337234497,base,no
4940,0,0,0.002472623303650189,-6.44088888168335,-0.4408889412879944,base,no
4941,0,0,0.18242552380635632,-2.260876178741455,-0.7608761787414551,base,no
4942,0,0,0.0028009270503612984,-6.11008358001709,-0.23508360981941223,base,no
4943,0,0,0.00017952790515411027,-8.828763961791992,-0.20376360416412354,base,no
4944,0,0,0.01590639357784294,-4.8524250984191895,-0.727425217628479,base,no
4945,0,0,0.000911051248654057,-7.319703578948975,-0.3197036385536194,base,no
4946,0,0,0.11920291576401235,-2.208625078201294,-0.20862501859664917,base,no
4947,0,0,0.00017952788910594706,-8.852561950683594,-0.22756150364875793,base,no
4948,0,0,0.005911068155754778,-5.786779403686523,-0.6617792844772339,base,no
4949,0,0,0.05340333130637379,-3.352285385131836,-0.4772854149341583,base,no
4950,0,0,0.007577239699102878,-5.126156330108643,-0.25115612149238586,base,no
4951,0,0,0.015906389116869566,-4.141472816467285,-0.016472650691866875,base,no
4952,0,0,0.18242552380635632,-1.9971214532852173,-0.4971214532852173,base,no
4953,0,0,0.0007096703885331799,-7.254056930541992,-0.004056915640830994,base,no
4954,0,0,0.01590639171181471,-4.732468605041504,-0.6074686050415039,base,no
4955,0,0,0.007577239699102878,-5.083544731140137,-0.20854452252388,base,no
4956,0,0,0.0024726235976810437,-6.167637825012207,-0.16763800382614136,base,no
4957,0,0,0.2942149845400438,-1.7890875339508057,-0.9140875935554504,base,No
4958,0,0,0.0008040859356292355,-7.661252021789551,-0.5362520217895508,base,no
4959,0,0,0.00026119027240345376,-8.615620613098145,-0.3656204342842102,base,no
4960,0,1,0.7057850278370112,-0.8999859094619751,-1.774985909461975,base,yes
4961,0,0,0.46879062662624377,-1.186734676361084,-1.061734676361084,base,no
4962,0,1,0.6224593312018546,-0.9994497299194336,-1.4994497299194336,base,Yes
4963,0,0,0.004609571905888793,-5.700626850128174,-0.32562679052352905,base,no
4964,0,0,0.009708476481474066,-5.115330696105957,-0.49033069610595703,base,no
4965,0,0,0.037326887344129464,-3.7812111377716064,-0.5312111377716064,base,no
4966,0,0,0.0004305570043681645,-8.109709739685059,-0.35970956087112427,base,no
4967,0,0,0.2689414213699951,-1.8043235540390015,-0.8043235540390015,base,no
4968,0,0,0.00033535019540708184,-8.234073638916016,-0.23407383263111115,base,no
4969,0,0,0.0019267350071906994,-6.440784931182861,-0.19078510999679565,base,no
4970,0,0,0.11920292202211755,-2.688694477081299,-0.6886944770812988,base,no
4971,0,0,6.605214485464791e-05,-10.016247749328613,-0.3912477493286133,base,no
4972,0,0,0.0013250221805946513,-6.918758392333984,-0.29375821352005005,base,no
4973,0,0,0.0009110510316404296,-7.290234088897705,-0.29023391008377075,base,no
4974,0,0,0.0015011819663719016,-6.634455680847168,-0.13445548713207245,base,no
4975,0,0,0.0011695104043089619,-7.449488162994385,-0.6994882822036743,base,no
4976,0,0,0.025957354937269386,-3.892723321914673,-0.2677232325077057,base,no
4977,0,0,0.0002305068112778349,-8.692764282226562,-0.31776466965675354,base,no
4978,0,0,0.01590639171181471,-4.7316131591796875,-0.6066131591796875,base,no
4979,0,0,5.82912404729936e-05,-9.934672355651855,-0.18467192351818085,base,no
4980,0,0,0.09534947518185825,-2.9402480125427246,-0.6902481317520142,base,no
4981,0,0,0.009708477054526368,-5.275666236877441,-0.6506662964820862,base,no
4982,0,0,0.0015011820333792252,-6.735866546630859,-0.23586639761924744,base,no
4983,0,0,0.09534947004048376,-2.791492223739624,-0.5414922833442688,base,no
4984,0,0,0.0021827166400692896,-6.422796249389648,-0.2977963387966156,base,no
4985,0,0,0.005911069731855184,-5.319780349731445,-0.19478049874305725,base,no
4986,0,0,0.005911068505999277,-5.562142848968506,-0.4371427893638611,base,no
4987,0,0,0.000804085815907447,-7.524404525756836,-0.399404376745224,base,no
4988,0,0,0.0005527785875286599,-7.8968119621276855,-0.3968118727207184,base,no
4989,0,0,0.0009110513571608901,-7.536211967468262,-0.536212146282196,base,no
4990,0,0,0.002472623524173327,-6.189207553863525,-0.18920770287513733,base,no
4991,0,0,0.005220125074519377,-5.608325958251953,-0.3583258390426636,base,no
4992,0,0,0.0075772408196442265,-5.4638214111328125,-0.5888213515281677,base,No
4993,0,0,0.37754066879814546,-1.4253610372543335,-0.9253610372543335,base,no
4994,0,0,0.0011695102302421558,-7.146403789520264,-0.3964037597179413,base,no
4995,0,0,0.0024726230739386076,-6.01747465133667,-0.017474617809057236,base,no
4996,0,0,0.1066905854244781,-2.620180606842041,-0.49518051743507385,base,No
4997,0,0,0.004070138078313694,-5.859018325805664,-0.3590184152126312,base,no
4998,0,0,0.00026119025683936706,-8.568415641784668,-0.31841540336608887,base,no
4999,0,1,0.7057850278370112,-0.8148794174194336,-1.6898794174194336,base,yes
5000,0,0,0.0075772408196442265,-5.364594459533691,-0.48959439992904663,base,no
5001,0,0,0.009708477914104884,-5.057196617126465,-0.4321967661380768,base,no
5002,0,0,0.0066928502556044805,-5.032435894012451,-0.03243579342961311,base,no
5003,0,0,0.00043055709254743177,-7.765883445739746,-0.015883471816778183,base,no
5004,0,0,0.0006263342234002478,-7.608959674835205,-0.23395977914333344,base,no
5005,0,0,0.0004878572099753667,-7.910210609436035,-0.2852107882499695,base,no
5006,0,0,0.04742587587030561,-3.4546523094177246,-0.4546523690223694,base,no
5007,0,0,0.0021827163155291175,-6.449624061584473,-0.3246240019798279,base,no
5008,0,0,0.00857748414653042,-5.045900821685791,-0.2959006726741791,base,no
5009,0,0,0.0006263341767639418,-7.661700248718262,-0.2867002785205841,base,no
5010,0,1,0.5621765008857981,-1.0803022384643555,-1.3303022384643555,base,Yes
5011,0,0,0.037326884131416216,-3.3481156826019287,-0.09811559319496155,base,no
5012,0,0,0.0035936025814200896,-6.068972587585449,-0.4439725875854492,base,no
5013,0,0,0.029312227359491745,-4.109176158905029,-0.6091760396957397,base,no
5014,0,0,0.0035936034351228795,-5.983221054077148,-0.35822129249572754,base,no
5015,0,0,0.0021827163155291175,-6.659681797027588,-0.5346817374229431,base,no
5016,0,0,0.18242553269617778,-2.3105952739715576,-0.8105953335762024,base,no
5017,0,0,0.002182716339869629,-6.158720970153809,-0.033720921725034714,base,no
5018,0,0,0.00037998433929007746,-8.108224868774414,-0.23322440683841705,base,no
5019,0,0,0.0031726826539785367,-6.07416296005249,-0.32416290044784546,base,no
5020,0,0,0.010986940687560063,-4.821177005767822,-0.32117682695388794,base,no
5021,0,0,0.00048785716637881444,-7.8841872215271,-0.2591873109340668,base,no
5022,0,0,0.06754669489377622,-3.047030210494995,-0.4220302700996399,base,no
5023,0,0,0.0013250224172131609,-6.911795139312744,-0.28679513931274414,base,no
5024,0,0,0.007577240371427665,-5.596591949462891,-0.7215918302536011,base,no
5025,0,0,0.0003799846017752809,-7.902860164642334,-0.02786039374768734,base,no
5026,0,0,0.0015011820333792252,-6.933732032775879,-0.43373188376426697,base,no
5027,0,0,0.0002959570121107069,-8.182393074035645,-0.05739273130893707,base,no
5028,0,0,0.0031726821827119532,-6.233232021331787,-0.4832318127155304,base,no
5029,0,0,0.007577242164294059,-5.368068218231201,-0.4930683374404907,base,no
5030,0,0,0.0850990542883219,-2.782834529876709,-0.40783464908599854,base,no
5031,0,0,0.0019267348925696179,-6.78274393081665,-0.5327440500259399,base,no
5032,0,0,0.0001233946127561488,-9.43196964263916,-0.43196994066238403,base,no
5033,0,0,0.022977371582637088,-3.9840543270111084,-0.23405440151691437,base,no
5034,0,0,0.00012339455024729633,-9.14818286895752,-0.14818266034126282,base,no
5035,0,0,0.0008040857919630916,-7.605018138885498,-0.4800179600715637,base,no
5036,0,0,0.0011695099865486702,-6.940370559692383,-0.1903703212738037,base,no
5037,0,0,0.010986944573626636,-5.038586616516113,-0.5385867953300476,base,no
5038,0,0,0.0013250222200310669,-6.947627544403076,-0.32262739539146423,base,no
5039,0,0,0.03308598029553404,-3.812279462814331,-0.43727952241897583,base,no
5040,0,0,0.000552778571063681,-7.793715476989746,-0.29371535778045654,base,no
5041,0,0,0.0001398221423103839,-9.160226821899414,-0.28522729873657227,base,no
5042,0,0,0.005220125693558397,-5.540371417999268,-0.2903714179992676,base,no
5043,0,0,0.0008040861032397692,-7.411488056182861,-0.28648826479911804,base,no
5044,0,0,0.001700722411435288,-6.63531494140625,-0.26031494140625,base,no
5045,0,0,0.00037998443551104746,-8.080629348754883,-0.2056291401386261,base,no
5046,0,0,0.005911067805510302,-5.419036865234375,-0.2940366864204407,base,no
5047,0,0,0.007577241267860811,-5.415804386138916,-0.540804386138916,base,no
5048,0,0,0.02297737526238275,-4.10006046295166,-0.35006070137023926,base,no
5049,0,0,0.02297736991002561,-4.204906463623047,-0.4549064636230469,base,no
5050,0,0,0.002182715926080975,-6.6113080978393555,-0.48630785942077637,base,no
5051,0,0,0.033085978388704126,-3.905574321746826,-0.5305743217468262,base,no
5052,0,0,0.0017007220066411306,-6.961738586425781,-0.5867383480072021,base,no
5053,0,0,0.003593603008271459,-6.033965110778809,-0.40896522998809814,base,no
5054,0,0,0.020332355123551627,-3.9159493446350098,-0.04094943404197693,base,no
5055,0,0,0.0028009268838806506,-6.235447406768799,-0.36044737696647644,base,no
5056,0,0,0.000911051035031267,-7.025351047515869,-0.025350872427225113,base,no
5057,0,0,7.484619405425195e-05,-9.852612495422363,-0.35261204838752747,base,no
5058,0,0,0.000487857122782266,-8.168634414672852,-0.5436344146728516,base,no
5059,0,0,0.0019267348925696179,-6.957123279571533,-0.7071233987808228,base,no
5060,0,0,0.029312227359491745,-4.15864896774292,-0.6586488485336304,base,No
5061,0,0,0.0013250221805946513,-6.79103946685791,-0.16603928804397583,base,no
5062,0,0,0.005220126776876857,-5.6920576095581055,-0.4420578181743622,base,no
5063,0,0,0.00017952800144311956,-9.106268882751465,-0.48126906156539917,base,no
5064,0,0,0.006692851716795015,-5.401127815246582,-0.4011279344558716,base,no
5065,0,0,0.0006263341417867142,-7.409942150115967,-0.03494212403893471,base,no
5066,0,0,0.00013982201315074406,-9.198487281799316,-0.3234868347644806,base,no
5067,0,0,0.0013250226538317129,-7.017670631408691,-0.39267081022262573,base,no
5068,0,0,0.0017007221078396608,-6.605916976928711,-0.2309167981147766,base,no
5069,0,0,0.0008040860792954051,-7.448326110839844,-0.3233262896537781,base,no
5070,0,0,0.05340333431947304,-3.325876235961914,-0.4508763253688812,base,no
5071,0,0,0.009708475478632619,-4.667305946350098,-0.0423058420419693,base,no
5072,0,0,0.0017007226138324027,-6.674695014953613,-0.29969513416290283,base,no
5073,0,0,0.00669285052802981,-5.601597309112549,-0.601597249507904,base,no
5074,0,0,6.605212123412464e-05,-10.207658767700195,-0.5826584100723267,base,no
5075,0,0,0.03308598220236406,-3.846217155456543,-0.4712172746658325,base,no
5076,0,0,0.0019267345487064141,-6.833658695220947,-0.5836586356163025,base,No
5077,0,0,0.015906388912772775,-4.843465805053711,-0.7184656262397766,base,no
5078,0,0,0.0024726231566347748,-6.186896800994873,-0.18689680099487305,base,no
5079,0,0,0.0011695101954287976,-7.069178581237793,-0.3191785216331482,base,no
5080,0,0,0.000804086031406679,-7.447579860687256,-0.3225799798965454,base,no
5081,0,0,0.0013250222200310669,-7.104195594787598,-0.4791954457759857,base,no
5082,0,0,0.06754669395523943,-2.7139315605163574,-0.088931605219841,base,no
5083,0,0,0.0004878571954431821,-7.9100189208984375,-0.28501906991004944,base,no
5084,0,0,0.0009110511672739408,-7.23321008682251,-0.23321005702018738,base,no
5085,0,0,7.484624981485905e-05,-9.822219848632812,-0.3222201466560364,base,no
5086,0,0,0.0031726821827119532,-6.11379861831665,-0.3637984097003937,base,no
5087,0,0,0.005911069906977476,-5.723516464233398,-0.5985166430473328,base,no
5088,0,0,0.01406362570023414,-4.335660934448242,-0.08566083759069443,base,no
5089,0,0,0.0003353500705213166,-8.25499153137207,-0.254991352558136,base,no
5090,0,0,0.00026119021792915444,-8.5067720413208,-0.25677165389060974,base,no
5091,0,0,0.0035936024213508388,-5.8675642013549805,-0.2425641566514969,base,no
5092,0,0,0.0031726824654718946,-6.110313415527344,-0.3603132963180542,base,no
5093,0,0,0.0017007227150309691,-6.859147071838379,-0.48414725065231323,base,no
5094,0,0,0.0010322311904104695,-7.1372294425964355,-0.2622295916080475,base,no
5095,0,0,0.0002611902334932388,-8.480380058288574,-0.23037973046302795,base,no
5096,0,0,0.2689414213699951,-1.919638752937317,-0.9196387529373169,base,no
5097,0,0,0.0008040857620326481,-7.226695537567139,-0.10169532150030136,base,no
5098,0,0,0.005220125306659001,-5.4075798988342285,-0.15757982432842255,base,no
5099,0,0,0.014063626216776943,-4.962599277496338,-0.7125992178916931,base,no
5100,0,0,0.009708476768000214,-4.967881679534912,-0.3428817093372345,base,no
5101,0,0,0.0028009267174000135,-6.281525611877441,-0.40652552247047424,base,no
5102,0,0,0.004070138319925425,-5.7978668212890625,-0.29786697030067444,base,no
5103,0,0,0.00029595707824268345,-8.602161407470703,-0.4771612882614136,base,no
5104,0,0,0.005220126622117065,-5.647811412811279,-0.3978115916252136,base,no
5105,0,0,0.0031726835022585624,-6.073279857635498,-0.32328006625175476,base,no
5106,0,0,0.24508501313237172,-1.9801843166351318,-0.8551843166351318,base,No
5107,0,0,0.0004878572390397371,-8.058737754821777,-0.43373799324035645,base,no
5108,0,0,0.003172682371218578,-6.188741683959961,-0.438741534948349,base,no
5109,0,0,0.004609571905888793,-5.968321323394775,-0.5933212637901306,base,no
5110,0,0,0.06008665354025422,-3.39738130569458,-0.6473813652992249,base,no
5111,0,0,0.02033235156176603,-4.293652534484863,-0.4186524450778961,base,no
5112,0,0,0.00033535013046647816,-8.266011238098145,-0.26601123809814453,base,no
5113,0,0,0.02297737057907019,-4.125672340393066,-0.3756723701953888,base,no
5114,0,0,0.11920292202211755,-2.5013177394866943,-0.5013177394866943,base,no
5115,0,1,0.7310585786300049,-0.6788800954818726,-1.6788800954818726,base,Yes
5116,0,0,0.0017007227403306115,-6.42178201675415,-0.04678221046924591,base,no
5117,0,0,0.017986212067650338,-4.6678056716918945,-0.6678057909011841,base,No
5118,0,0,0.0017007225126338423,-6.729702949523926,-0.35470300912857056,base,no
5119,0,0,0.010986944573626636,-4.906100273132324,-0.40610045194625854,base,no
5120,0,0,0.46879062662624377,-1.2592992782592773,-1.1342992782592773,base,no
5121,0,0,0.020332352155396922,-4.255939960479736,-0.38093990087509155,base,No
5122,0,0,0.004070138017910765,-5.737955570220947,-0.23795564472675323,base,no
5123,0,0,0.0019267343194643127,-6.837742328643799,-0.5877421498298645,base,no
5124,0,0,0.001501182301408549,-6.760296821594238,-0.26029685139656067,base,no
5125,0,0,0.003172683240116447,-5.7604193687438965,-0.010419494472444057,base,no
5126,0,0,0.3208212878370535,-1.6579985618591309,-0.9079985022544861,base,no
5127,0,0,0.0009110513300341806,-7.357736110687256,-0.3577362596988678,base,no
5128,0,0,0.007577241940185738,-5.124419689178467,-0.24941977858543396,base,no
5129,0,0,0.007577241716077422,-5.320311069488525,-0.44531112909317017,base,no
5130,0,0,0.0003353501804207875,-8.164813995361328,-0.16481414437294006,base,no
5131,0,0,0.009708476051684862,-4.792771816253662,-0.16777177155017853,base,no
5132,0,0,0.002800927133601626,-6.232528209686279,-0.3575282692909241,base,no
5133,0,0,0.0008040859835179557,-7.559990406036377,-0.43499046564102173,base,no
5134,0,0,0.001501182323744328,-6.709743022918701,-0.20974306762218475,base,no
5135,0,0,0.0015011820333792252,-6.790140151977539,-0.2901400029659271,base,no
5136,0,0,0.00023050662240640515,-8.60542106628418,-0.23042063415050507,base,no
5137,0,0,0.007577240021258497,-4.8935956954956055,-0.018595529720187187,base,no
5138,0,0,0.014063626630011202,-4.746131420135498,-0.49613139033317566,base,no
5139,0,0,0.4378234991142019,-1.3015575408935547,-1.0515575408935547,base,no
5140,0,0,0.0004878571373144484,-7.83111047744751,-0.20611050724983215,base,no
5141,0,0,0.0019267343767748358,-6.605905532836914,-0.3559053838253021,base,no
5142,0,0,0.0005527786204586191,-7.8281755447387695,-0.32817551493644714,base,no
5143,0,0,0.00013982210064597092,-9.26720905303955,-0.3922092318534851,base,no
5144,0,0,0.0005527785052037703,-7.616033554077148,-0.11603331565856934,base,no
5145,0,0,0.0031726822769652645,-6.342418670654297,-0.5924184918403625,base,no
5146,0,0,0.010986941659076578,-4.945568084716797,-0.4455679953098297,base,no
5147,0,0,0.02595736021183377,-4.146397590637207,-0.5213977098464966,base,no
5148,0,0,0.010986943602109868,-4.8641204833984375,-0.36412057280540466,base,no
5149,0,0,0.00048785716637881444,-7.8299880027771,-0.20498809218406677,base,no
5150,0,0,0.0013250224172131609,-7.1132354736328125,-0.4882354736328125,base,no
5151,0,0,0.005220126312597491,-5.846766471862793,-0.5967665910720825,base,no
5152,0,0,0.1480472055495773,-1.9751935005187988,-0.2251935601234436,base,no
5153,0,0,0.000911051289344118,-7.148172378540039,-0.14817248284816742,base,no
5154,0,0,0.0013250221805946513,-7.157205104827881,-0.5322049260139465,base,no
5155,0,0,0.1329642333263228,-2.3715460300445557,-0.4965459704399109,base,no
5156,0,0,0.002182716185713063,-6.706343173980713,-0.5813430547714233,base,No
5157,0,0,0.00359360332841002,-5.919432163238525,-0.2944323718547821,base,no
5158,0,0,0.003593602688132928,-5.949692726135254,-0.3246927559375763,base,no
5159,0,0,0.005220124610240159,-5.687510967254639,-0.43751075863838196,base,no
5160,0,0,0.0007096703436216967,-7.258007526397705,-0.00800744816660881,base,no
5161,0,0,0.34864513533394575,-1.6496539115905762,-1.0246539115905762,base,No
5162,0,0,0.06754669489377622,-3.286928415298462,-0.6619284749031067,base,no
5163,0,0,0.0004878571191492204,-7.7288923263549805,-0.10389231890439987,base,no
5164,0,0,0.0009110510587671301,-7.2878265380859375,-0.28782638907432556,base,no
5165,0,0,0.00048785708645181187,-7.855891704559326,-0.2308916300535202,base,no
5166,0,0,0.29421497216298875,-1.822686791419983,-0.9476867914199829,base,no
5167,0,0,0.033085978388704126,-3.9511523246765137,-0.5761523246765137,base,No
5168,0,0,0.0008040860074623171,-7.443227767944336,-0.3182278573513031,base,no
5169,0,0,0.06754669864792355,-3.054729461669922,-0.4297295808792114,base,No
5170,0,0,0.002472622678834738,-6.0666375160217285,-0.066637322306633,base,no
5171,0,0,0.0007096704096679966,-7.454296588897705,-0.20429660379886627,base,no
5172,0,0,6.605214583883657e-05,-9.83546257019043,-0.21046258509159088,base,no
5173,0,0,0.00857748414653042,-5.129942893981934,-0.37994274497032166,base,no
5174,0,0,0.033085978388704126,-3.9079880714416504,-0.5329880714416504,base,no
5175,0,0,0.0004878570374057032,-7.656588077545166,-0.03158790245652199,base,no
5176,0,0,0.0006263343073456077,-8.037975311279297,-0.662975549697876,base,no
5177,0,0,0.003172682371218578,-6.074545383453369,-0.3245452344417572,base,no
5178,0,1,0.8670357460591569,-0.6481353044509888,-2.523135185241699,base,Yes
5179,0,0,0.005911070082099775,-5.395576000213623,-0.27057620882987976,base,no
5180,0,0,0.033085978388704126,-3.952461004257202,-0.5774610042572021,base,no
5181,0,0,0.0075772408196442265,-5.237973213195801,-0.362973153591156,base,no
5182,0,0,0.0059110693816106135,-5.56286096572876,-0.43786105513572693,base,no
5183,0,0,0.00020342688107342026,-9.082565307617188,-0.5825648307800293,base,no
5184,0,0,0.00522012654473717,-5.442390441894531,-0.19239060580730438,base,no
5185,0,0,0.003593602901558612,-5.914048194885254,-0.28904828429222107,base,no
5186,0,0,0.053403329799824234,-3.45782732963562,-0.5828273296356201,base,no
5187,0,0,0.009708478200631072,-5.284966468811035,-0.6599666476249695,base,No
5188,0,0,0.008577484019812273,-4.785046577453613,-0.03504641354084015,base,no
5189,0,0,0.005911067805510302,-5.451178073883057,-0.3261778950691223,base,no
5190,0,0,0.012431650487299585,-4.6760149002075195,-0.30101487040519714,base,no
5191,0,0,0.000911051248654057,-7.586461544036865,-0.58646160364151,base,no
5192,0,0,0.022977371248114782,-4.414869785308838,-0.6648698449134827,base,No
5193,0,0,0.0011695104043089619,-7.105942249298096,-0.35594236850738525,base,no
5194,0,0,0.001700722158438928,-6.740438461303711,-0.365438312292099,base,no
5195,0,0,0.00280092717522179,-6.087436199188232,-0.2124362736940384,base,no
5196,0,0,0.0028009273000822866,-6.463250160217285,-0.5882502794265747,base,no
5197,0,0,0.000804086031406679,-7.312910556793213,-0.18791067600250244,base,no
5198,0,0,0.07585818002124356,-2.943171739578247,-0.44317173957824707,base,no
5199,0,0,0.0010322312787624788,-6.916014194488525,-0.041014429181814194,base,no
5200,0,0,8.481100634066515e-05,-9.662418365478516,-0.2874179482460022,base,no
5201,0,0,0.006692851122412387,-5.361966609954834,-0.36196663975715637,base,no
5202,0,0,0.004070138199119559,-6.222321510314941,-0.722321629524231,base,no
5203,0,0,0.03732688306051187,-3.8630356788635254,-0.6130355596542358,base,No
5204,0,0,0.00029595716641867513,-8.608470916748047,-0.4834710955619812,base,no
5205,0,0,0.008577483893094128,-5.364620208740234,-0.6146200299263,base,no
5206,0,0,0.0031726826539785367,-6.399685859680176,-0.649685800075531,base,No
5207,0,0,0.0019267343194643127,-6.459747791290283,-0.20974761247634888,base,no
5208,0,1,0.8354835371034369,-0.6862010955810547,-2.3112010955810547,base,Yes
5209,0,0,0.001700722436734926,-6.582560062408447,-0.20756007730960846,base,no
5210,0,0,0.00013982212356139658,-9.079151153564453,-0.20415149629116058,base,no
5211,0,0,0.0028009266341596987,-6.275108814239502,-0.4001086950302124,base,no
5212,0,0,0.025957351923233056,-4.0976948738098145,-0.47269466519355774,base,No
5213,0,0,0.00026119021209262304,-8.30073356628418,-0.05073315650224686,base,no
5214,0,0,0.001032230913830316,-7.228308200836182,-0.3533080816268921,base,no
5215,0,0,0.29421497216298875,-1.688960075378418,-0.813960075378418,base,no
5216,0,0,0.007577241043752515,-5.244132995605469,-0.36913296580314636,base,no
5217,0,0,0.0028009268838806506,-6.272838115692139,-0.3978380858898163,base,no
5218,0,0,0.0006263340648368211,-7.769557952880859,-0.39455780386924744,base,no
5219,0,0,0.0031726830309918535,-6.2401018142700195,-0.4901018738746643,base,no
5220,0,0,0.0019267347206380085,-6.483519077301025,-0.23351910710334778,base,no
5221,0,0,0.004070138682343046,-6.0358686447143555,-0.5358688831329346,base,no
5222,0,0,0.0010322308523680697,-7.107929229736328,-0.2329290509223938,base,no
5223,0,0,0.005911067980632537,-5.489226818084717,-0.36422666907310486,base,no
5224,0,1,0.7057850278370112,-0.9455642700195312,-1.8205642700195312,base,Yes
5225,0,0,0.0021827163155291175,-6.386549472808838,-0.2615494132041931,base,no
5226,0,0,0.0059110692064883365,-5.564430236816406,-0.439430296421051,base,no
5227,0,0,0.0010322310982170768,-7.512957572937012,-0.6379576325416565,base,no
5228,0,0,0.00012339454289331573,-9.352155685424805,-0.3521554172039032,base,no
5229,0,0,0.0003353501904116503,-8.396711349487305,-0.396711528301239,base,no
5230,0,0,0.0953494648991095,-2.6900882720947266,-0.44008827209472656,base,no
5231,0,0,0.0013250221805946513,-7.219758987426758,-0.5947588086128235,base,No
5232,0,0,0.00029595721050668084,-8.287715911865234,-0.16271623969078064,base,no
5233,0,0,0.0006263340648368211,-7.635258674621582,-0.2602585256099701,base,no
5234,0,0,5.1442229072396976e-05,-10.131717681884766,-0.2567179799079895,base,no
5235,0,0,0.00669285052802981,-5.454468727111816,-0.45446866750717163,base,no
5236,0,0,0.015906388912772775,-4.79308557510376,-0.6680853962898254,base,no
5237,0,0,0.0005527786204586191,-7.938808917999268,-0.4388088881969452,base,no
5238,0,0,0.0004305571646941183,-7.938633441925049,-0.18863363564014435,base,no
5239,0,0,0.0003799844411711053,-8.080707550048828,-0.2057073563337326,base,no
5240,0,0,0.0040701384407312935,-6.142186164855957,-0.6421863436698914,base,no
5241,0,0,0.04208772791561884,-3.616550922393799,-0.49155092239379883,base,no
5242,0,0,0.0004878568902674067,-8.209171295166016,-0.5841708183288574,base,no
5243,0,0,0.010986940687560063,-4.997469425201416,-0.4974692463874817,base,no
5244,0,0,4.006367732357493e-05,-10.132681846618652,-0.007681474555283785,base,no
5245,0,0,0.004609572589602362,-5.742159366607666,-0.3671594560146332,base,no
5246,0,0,0.0015011822567369915,-6.830284118652344,-0.33028411865234375,base,no
5247,0,0,0.0008040860673232232,-7.358588695526123,-0.23358885943889618,base,no
5248,0,0,0.03308597552845946,-3.8175113201141357,-0.4425112307071686,base,no
5249,0,0,0.00033535017042992505,-8.530692100524902,-0.5306922197341919,base,no
5250,0,0,0.00020342692350294609,-8.788667678833008,-0.2886674106121063,base,no
5251,0,0,0.005220124610240159,-5.5753583908081055,-0.32535818219184875,base,no
5252,0,0,0.0005527786863185436,-7.756891250610352,-0.2568913400173187,base,no
5253,0,0,0.0028009266341596987,-6.466073513031006,-0.5910733938217163,base,No
5254,0,0,0.0009110514114143117,-7.645503997802734,-0.6455042362213135,base,no
5255,0,0,0.0003799845600323388,-8.312665939331055,-0.43766605854034424,base,no
5256,0,0,0.0003353502303751044,-8.14783763885498,-0.14783793687820435,base,no
5257,0,0,0.004070137957507836,-5.8331146240234375,-0.3331146836280823,base,no
5258,0,0,0.007577239923211134,-5.320120811462402,-0.445120632648468,base,no
5259,0,0,0.0021827161208050378,-6.417084693908691,-0.29208454489707947,base,no
5260,0,0,0.0019267344913958867,-6.483694553375244,-0.23369446396827698,base,no
5261,0,0,0.060086646807761206,-3.3000175952911377,-0.5500175356864929,base,no
5262,0,0,0.0008040860074623171,-7.4809956550598145,-0.3559957444667816,base,no
5263,0,1,0.5312093733737563,-1.0096454620361328,-1.1346454620361328,base,Yes
5264,0,0,0.0004305571198028453,-8.082389831542969,-0.3323899209499359,base,no
5265,0,0,0.0004305570300203132,-8.045086860656738,-0.29508674144744873,base,no
5266,0,0,0.0010322308523680697,-7.4042067527771,-0.5292065739631653,base,no
5267,0,0,0.00033535025098126224,-8.013579368591309,-0.013579728081822395,base,no
5268,0,0,0.16451647108926923,-2.4437501430511475,-0.8187502026557922,base,no
5269,0,0,0.007577240371427665,-5.527906894683838,-0.6529067754745483,base,no
5270,0,0,0.0028009264676790765,-6.461669445037842,-0.5866692662239075,base,no
5271,0,0,0.00015843624742864355,-8.987024307250977,-0.2370244860649109,base,no
5272,0,0,0.0021827163155291175,-6.447847843170166,-0.32284778356552124,base,no
5273,0,0,0.0005527785216687471,-7.937096118927002,-0.43709591031074524,base,no
5274,0,0,0.006692851320539924,-5.496518611907959,-0.49651867151260376,base,no
5275,0,0,0.03732688948593843,-3.9351446628570557,-0.6851447224617004,base,no
5276,0,0,0.2689414330889798,-1.8237173557281494,-0.8237174153327942,base,No
5277,0,0,0.0028009273833226214,-6.316463947296143,-0.4414640963077545,base,no
5278,0,0,0.0006263340834913398,-7.694215297698975,-0.31921517848968506,base,no
5279,0,0,0.0021827164128911643,-6.336435317993164,-0.21143530309200287,base,no
5280,0,0,0.009708476893355406,-4.650852680206299,-0.02585272304713726,base,no
5281,0,0,0.012431653711672382,-4.3909149169921875,-0.015915149822831154,base,no
5282,0,0,0.006692851246242097,-5.025253772735596,-0.025253821164369583,base,no
5283,0,0,0.0031726820884586454,-6.073394775390625,-0.3233945369720459,base,no
5284,0,0,0.0035936024747072553,-6.0221476554870605,-0.39714762568473816,base,no
5285,0,0,0.0028009274665629583,-6.276566505432129,-0.40156668424606323,base,no
5286,0,0,0.32082130082460697,-1.6277704238891602,-0.8777704238891602,base,No
5287,0,0,0.0010322310982170768,-7.406393527984619,-0.5313935875892639,base,no
5288,0,0,0.002182716510253215,-6.299322605133057,-0.17432263493537903,base,no
5289,0,0,0.0005527786204586191,-7.818347454071045,-0.31834742426872253,base,no
5290,0,0,0.007577241043752515,-5.241259574890137,-0.36625954508781433,base,no
5291,0,0,0.025957358704815272,-4.188992500305176,-0.5639925599098206,base,no
5292,0,0,0.004609572726345088,-5.906599044799805,-0.5315991640090942,base,no
5293,0,0,0.014063626836628337,-4.429316997528076,-0.17931698262691498,base,no
5294,0,0,0.22270013882530884,-2.1057939529418945,-0.8557939529418945,base,No
5295,0,0,0.004070137715896127,-5.860199451446533,-0.3601994514465332,base,no
5296,0,0,0.002800926800640331,-6.576258182525635,-0.70125812292099,base,no
5297,0,0,0.006692852113050128,-5.4478983879089355,-0.4478985667228699,base,no
5298,0,0,0.0009110510994571826,-7.211233615875244,-0.21123351156711578,base,no
5299,0,0,0.09534945718704857,-2.7345774173736572,-0.48457732796669006,base,no
5300,0,0,0.20181321265898594,-1.9727330207824707,-0.5977329611778259,base,no
5301,0,0,0.00359360311498431,-5.947225093841553,-0.3222252428531647,base,no
5302,0,0,0.002472622862603971,-6.640861988067627,-0.6408618688583374,base,no
5303,0,0,0.06008664344151498,-3.395254135131836,-0.6452540159225464,base,No
5304,0,0,0.00407013711186692,-5.769577980041504,-0.26957783102989197,base,no
5305,0,0,0.0008040861032397692,-7.489237308502197,-0.364237517118454,base,no
5306,0,0,0.00218271670497733,-6.358565807342529,-0.23356592655181885,base,no
5307,0,0,0.008577486680893736,-4.978291034698486,-0.22829118371009827,base,no
5308,0,0,0.004609572179374208,-6.020465850830078,-0.6454658508300781,base,no
5309,0,0,0.0019267344340853601,-6.784662246704102,-0.534662127494812,base,No
5310,0,0,0.0013250223383403197,-6.950550079345703,-0.32555001974105835,base,no
5311,0,0,0.001501181899364581,-7.139969825744629,-0.6399695873260498,base,no
5312,0,0,0.0009110514114143117,-7.209800720214844,-0.20980095863342285,base,no
5313,0,0,0.0008040859356292355,-7.6054229736328125,-0.4804229736328125,base,no
5314,0,1,0.7057850154599563,-0.8356667160987854,-1.7106666564941406,base,yes
5315,0,0,0.0011695100909887293,-6.983555793762207,-0.2335556447505951,base,no
5316,0,0,0.0005527786039936393,-7.9863691329956055,-0.4863690733909607,base,no
5317,0,0,0.0013250224960860068,-7.057882308959961,-0.4328823685646057,base,no
5318,0,0,0.001032231251872736,-7.2355122566223145,-0.36051246523857117,base,no
5319,0,0,0.007577241043752515,-5.142148494720459,-0.2671484649181366,base,no
5320,0,1,0.9324533088603709,-0.7611088752746582,-3.386108875274658,base,Yes
5321,0,0,0.06754669864792355,-3.2658605575561523,-0.6408606767654419,base,no
5322,0,0,0.02931223244728875,-4.008622646331787,-0.5086227059364319,base,no
5323,0,0,0.0006263340275277853,-7.660260200500488,-0.28525999188423157,base,no
5324,0,0,0.009708475908421797,-5.215136528015137,-0.5901364684104919,base,no
5325,0,0,0.004070136749449438,-5.983375549316406,-0.48337531089782715,base,no
5326,0,0,0.1329642333263228,-2.48793888092041,-0.6129388213157654,base,no
5327,0,0,0.0003799844921116293,-8.235183715820312,-0.3601836562156677,base,no
5328,0,0,0.00029595707824268345,-8.47914981842041,-0.3541496992111206,base,no
5329,0,0,0.0001233945410548207,-9.229827880859375,-0.22982759773731232,base,no
5330,0,0,0.001169510439122326,-7.037075042724609,-0.2870751917362213,base,no
5331,0,0,0.008577487441202876,-5.114816665649414,-0.36481690406799316,base,no
5332,0,0,0.00026119021014711256,-8.507734298706055,-0.25773388147354126,base,no
5333,0,0,0.000804086031406679,-7.410873889923096,-0.28587400913238525,base,no
5334,0,0,0.017986212067650338,-4.295105457305908,-0.29510557651519775,base,no
5335,0,0,0.0675466911396291,-3.1333465576171875,-0.5083465576171875,base,no
5336,0,0,0.5,-1.1660500764846802,-1.1660500764846802,base,no
5337,0,0,4.5397864643733076e-05,-10.320707321166992,-0.320707231760025,base,no
5338,0,0,0.004070138085864061,-5.527822971343994,-0.027823062613606453,base,no
5339,0,0,0.008577485920584663,-5.079967498779297,-0.32996755838394165,base,no
5340,0,0,0.22270013882530884,-2.120800018310547,-0.8708000183105469,base,no
5341,0,0,0.0007096704202354052,-7.682969093322754,-0.4329691231250763,base,no
5342,0,0,0.0009110510045137297,-7.438363552093506,-0.43836334347724915,base,no
5343,0,0,0.005220125538798635,-5.744024753570557,-0.49402472376823425,base,no
5344,0,0,0.0011695101432087622,-6.984508991241455,-0.23450888693332672,base,no
5345,0,0,0.0019267346633274755,-6.616910934448242,-0.3669109344482422,base,no
5346,0,0,0.002182715990988994,-6.489091873168945,-0.3640916645526886,base,no
5347,0,0,0.009708476481474066,-5.079673767089844,-0.45467376708984375,base,no
5348,0,0,0.005911069294049474,-5.36599588394165,-0.24099595844745636,base,no
5349,0,0,0.002472623629840671,-6.0196990966796875,-0.01969928853213787,base,no
5350,0,0,0.0009110512757807642,-7.235545635223389,-0.23554572463035583,base,no
5351,0,0,2.4300246536768374e-05,-10.910548210144043,-0.28554844856262207,base,no
5352,0,0,0.00013982209231308982,-9.079554557800293,-0.20455467700958252,base,no
5353,0,0,0.007577242836619065,-5.174384117126465,-0.29938432574272156,base,no
5354,0,0,0.009708477054526368,-5.216453552246094,-0.5914536118507385,base,no
5355,0,0,0.00029595699006671806,-8.479751586914062,-0.3547511696815491,base,no
5356,0,0,0.0017007224746843838,-6.416118621826172,-0.04111865907907486,base,no
5357,0,0,0.00359360194114313,-5.884815216064453,-0.2598150372505188,base,no
5358,0,0,0.0474258704848281,-3.5396063327789307,-0.5396062731742859,base,no
5359,0,0,0.0009110510316404296,-7.585660934448242,-0.5856607556343079,base,no
5360,0,0,0.004609571358918011,-5.737429141998291,-0.3624289631843567,base,no
5361,0,0,0.0031726830545551867,-5.781765460968018,-0.03176552802324295,base,no
5362,0,0,0.0004878570501213606,-7.946694850921631,-0.3216947019100189,base,no
5363,0,0,0.06008665017400762,-3.5095179080963135,-0.7595179080963135,base,no
5364,0,0,0.0008040858398518034,-7.334335803985596,-0.20933568477630615,base,no
5365,0,0,0.0009110511401472368,-7.320581436157227,-0.3205813765525818,base,no
5366,0,0,0.007577240595535943,-5.2804131507873535,-0.40541306138038635,base,No
5367,0,0,0.001700722436734926,-6.548069000244141,-0.17306901514530182,base,no
5368,0,0,0.0006263341208003788,-7.728646278381348,-0.3536462187767029,base,no
5369,0,0,0.00037998465059330366,-8.083789825439453,-0.20879018306732178,base,no
5370,0,0,0.0007096702828591064,-7.281624794006348,-0.031624630093574524,base,no
5371,0,0,0.0035936021545687705,-6.210052013397217,-0.5850518941879272,base,no
5372,0,0,0.04742587587030561,-3.4629297256469727,-0.46292978525161743,base,no
5373,0,0,0.0028009268838806506,-6.199296474456787,-0.3242964446544647,base,no
5374,0,0,0.0011695099865486702,-7.239620208740234,-0.4896199703216553,base,no
5375,0,0,9.610244127367672e-05,-9.395295143127441,-0.1452954113483429,base,no
5376,0,0,0.0003353502203842404,-8.259907722473145,-0.259907990694046,base,no
5377,0,0,0.0013250222594674832,-7.105683326721191,-0.48068320751190186,base,no
5378,0,0,0.0007096702934265129,-7.509548187255859,-0.25954803824424744,base,no
5379,0,0,9.61024355460755e-05,-9.685526847839355,-0.4355270564556122,base,no
5380,0,0,0.09534945461636171,-3.0668749809265137,-0.8168748617172241,base,no
5381,0,0,0.0005527786533885804,-7.822549819946289,-0.32254984974861145,base,no
5382,0,0,0.1329642333263228,-2.625095844268799,-0.750095784664154,base,no
5383,0,0,0.00017952789980472237,-8.914949417114258,-0.2899490296840668,base,no
5384,0,0,0.007577239474994629,-5.207639694213867,-0.3326394557952881,base,no
5385,0,0,0.0013250227327045727,-6.91175651550293,-0.2867567539215088,base,no
5386,0,0,0.00218271670497733,-6.712179183959961,-0.5871793031692505,base,no
5387,0,0,0.01098694214483487,-4.680884838104248,-0.18088479340076447,base,no
5388,0,0,0.005220125538798635,-5.488998889923096,-0.23899886012077332,base,no
5389,0,0,0.0008040860912675871,-7.2391157150268555,-0.11411590874195099,base,no
5390,0,0,0.002472622862603971,-6.32844877243042,-0.32844865322113037,base,no
5391,0,0,0.07585818211049715,-2.627729892730713,-0.12772992253303528,base,no
5392,0,0,0.001032230959927003,-6.96728515625,-0.09228508174419403,base,no
5393,0,0,0.007577240371427665,-5.464589595794678,-0.5895894765853882,base,no
5394,0,0,0.00407013711186692,-5.648782730102539,-0.14878258109092712,base,no
5395,0,0,0.004070138319925425,-5.760669231414795,-0.26066938042640686,base,no
5396,0,0,0.00026119040664374,-8.269218444824219,-0.01921878010034561,base,no
5397,0,0,0.003172682371218578,-6.195511341094971,-0.44551119208335876,base,no
5398,0,0,0.012431651219072064,-4.787309169769287,-0.4123091995716095,base,no
5399,0,0,0.022977369491872766,-3.8089752197265625,-0.05897520110011101,base,no
5400,0,0,0.5,-1.146984577178955,-1.146984577178955,base,no
5401,0,0,0.00010889688568885159,-9.288640975952148,-0.16364075243473053,base,no
5402,0,0,0.0008040860792954051,-7.477891445159912,-0.35289162397384644,base,no
5403,0,0,0.02033235156176603,-4.343148231506348,-0.4681481420993805,base,no
5404,0,0,0.00132502237777674,-7.01841926574707,-0.3934192359447479,base,no
5405,0,0,0.29421497216298875,-1.8384523391723633,-0.9634523391723633,base,no
5406,0,0,0.000804085887740518,-7.706089973449707,-0.5810899138450623,base,No
5407,0,0,9.610244700127829e-05,-9.45633316040039,-0.2063334882259369,base,no
5408,0,1,0.5926665999540697,-0.9509932994842529,-1.325993299484253,base,Yes
5409,0,0,0.0007096702485150357,-7.306483268737793,-0.056483056396245956,base,no
5410,0,0,0.0006263342105752634,-7.398468494415283,-0.02346857823431492,base,no
5411,0,0,0.007577242164294059,-5.144975185394287,-0.26997530460357666,base,no
5412,0,0,0.007577240371427665,-5.281070709228516,-0.4060705900192261,base,no
5413,0,0,0.0005527786533885804,-7.78537654876709,-0.28537657856941223,base,no
5414,0,0,0.0011695102345938256,-6.783441066741943,-0.03344104066491127,base,no
5415,0,0,0.0002034269780552065,-8.756804466247559,-0.2568044662475586,base,no
5416,0,0,0.005911067805510302,-5.393259048461914,-0.26825886964797974,base,no
5417,0,0,5.144222950355858e-05,-9.888574600219727,-0.013574906624853611,base,no
5418,0,0,0.0675466911396291,-3.322460412979126,-0.697460412979126,base,No
5419,0,0,0.000552778582383354,-7.521853923797607,-0.021853825077414513,base,no
5420,0,0,0.001700722234337832,-6.585899353027344,-0.2108992487192154,base,no
5421,0,0,0.0015011822567369915,-6.856986999511719,-0.35698699951171875,base,no
5422,0,0,0.00017952801214190153,-8.881258010864258,-0.2562582492828369,base,no
5423,0,0,0.015906393111335862,-4.589793682098389,-0.46479377150535583,base,no
5424,0,0,0.008577483893094128,-5.016573429107666,-0.2665732502937317,base,no
5425,0,0,0.0003353500305578816,-8.538847923278809,-0.5388476252555847,base,no
5426,0,0,0.0013250224172131609,-7.158061504364014,-0.5330615043640137,base,no
5427,0,0,0.0028009273833226214,-6.197628974914551,-0.3226291239261627,base,no
5428,0,0,0.18242551491653522,-2.116351842880249,-0.6163517832756042,base,no
5429,0,0,0.00017952802284068416,-9.154865264892578,-0.529865562915802,base,no
5430,0,0,0.00247262289935782,-6.235826015472412,-0.23582591116428375,base,no
5431,0,0,0.0009110513571608901,-7.447014331817627,-0.4470145106315613,base,no
5432,0,0,0.0007096705681791412,-7.459072113037109,-0.20907235145568848,base,no
5433,0,0,0.0005527786204586191,-7.741055011749268,-0.2410549819469452,base,no
5434,0,0,0.0013250222200310669,-7.059543609619141,-0.4345434606075287,base,no
5435,0,0,0.0019267344913958867,-6.737579345703125,-0.48757925629615784,base,no
5436,0,0,0.0010322310367548194,-7.462338447570801,-0.5873384475708008,base,no
5437,0,0,0.005220124474825396,-5.27828311920166,-0.028282884508371353,base,no
5438,0,0,0.0004878571518466312,-8.108366012573242,-0.48336607217788696,base,no
5439,0,0,0.29421497216298875,-1.8345601558685303,-0.9595601558685303,base,no
5440,0,0,0.0001584361624503059,-9.387986183166504,-0.6379858255386353,base,no
5441,0,0,0.03308598220236406,-3.594247817993164,-0.2192479372024536,base,no
5442,0,0,0.18242551491653522,-2.1361162662506104,-0.6361162066459656,base,no
5443,0,0,0.00015843614828725406,-9.068142890930176,-0.31814244389533997,base,no
5444,0,0,0.0001233946127561488,-9.256221771240234,-0.25622206926345825,base,no
5445,0,0,0.0015011824493830915,-6.50703239440918,-0.0070325229316949844,base,no
5446,0,0,0.00015843620611972372,-8.821372985839844,-0.07137290388345718,base,no
5447,0,0,0.0009110513029074721,-7.43342924118042,-0.4334293603897095,base,no
5448,0,0,0.001700722133139294,-6.610942363739014,-0.23594219982624054,base,no
5449,0,1,0.5312093733737563,-1.0679361820220947,-1.1929361820220947,base,Yes
5450,0,0,0.001169510276750628,-6.7525787353515625,-0.002578745363280177,base,no
5451,0,0,0.0015011819663719016,-6.7049880027771,-0.2049878090620041,base,no
5452,0,0,0.10669059394565118,-2.809795379638672,-0.6847953796386719,base,no
5453,0,0,0.0004878571300483571,-7.8678693771362305,-0.24286939203739166,base,no
5454,0,0,0.0001233946035636685,-9.102721214294434,-0.1027214378118515,base,no
5455,0,0,0.000911051248654057,-7.7021942138671875,-0.7021942734718323,base,no
5456,0,0,0.24508501313237172,-1.6553547382354736,-0.5303547382354736,base,no
5457,0,0,0.0013250223383403197,-6.944179534912109,-0.3191794753074646,base,no
5458,0,0,0.0006263342700365574,-7.734344005584717,-0.3593441843986511,base,no
5459,0,0,0.015906394510857135,-4.626218318939209,-0.5012184977531433,base,no
5460,0,0,0.005220125229279126,-5.691427230834961,-0.4414271414279938,base,no
5461,0,0,0.20181322226037882,-2.129699468612671,-0.7546994686126709,base,no
5462,0,0,0.037326888415033926,-3.586717128753662,-0.3367171585559845,base,no
5463,0,0,0.0009110512757807642,-7.287100791931152,-0.2871008813381195,base,no
5464,0,0,0.0013250224172131609,-7.155664920806885,-0.5306649208068848,base,no
5465,0,0,0.003593603221697163,-6.3256659507751465,-0.7006661295890808,base,no
5466,0,0,0.0008040859086918316,-7.146910190582275,-0.021910157054662704,base,no
5467,0,0,0.0008040857440743825,-7.521162033081055,-0.3961617946624756,base,no
5468,0,0,0.00012339458517871,-9.206335067749023,-0.2063351422548294,base,no
5469,0,0,0.00023050670482301,-8.607129096984863,-0.2321290224790573,base,no
5470,0,0,0.32082130082460697,-1.6545186042785645,-0.9045186042785645,base,no
5471,0,0,4.539787343758638e-05,-10.039250373840332,-0.03925047814846039,base,no
5472,0,0,0.0017007227656302545,-6.812502384185791,-0.43750259280204773,base,no
5473,0,0,0.0028009274353478324,-5.909303665161133,-0.03430383279919624,base,no
5474,0,0,0.0009110511944006454,-7.701649188995361,-0.7016491889953613,base,no
5475,0,0,0.0007096705364769095,-7.483513355255127,-0.23351354897022247,base,no
5476,0,0,0.00037998439023058795,-8.086740493774414,-0.2117401659488678,base,no
5477,0,0,0.060086656906500974,-3.4048848152160645,-0.654884934425354,base,no
5478,0,0,0.06754668550840877,-2.9843380451202393,-0.3593379557132721,base,no
5479,0,0,0.00013982202565005882,-9.404274940490723,-0.529274582862854,base,no
5480,0,0,0.0010322311904104695,-7.271265983581543,-0.3962661325931549,base,no
5481,0,0,9.610242811809319e-05,-9.261510848999023,-0.011510980315506458,base,no
5482,0,0,0.0011695103346822365,-6.9564313888549805,-0.20643144845962524,base,no
5483,0,0,0.0021827160558970152,-6.617199420928955,-0.49219924211502075,base,no
5484,0,0,0.002472623524173327,-6.401944160461426,-0.4019443094730377,base,no
5485,0,0,0.2942149597859341,-1.675569772720337,-0.8005697131156921,base,No
5486,0,0,0.46879062662624377,-1.252119779586792,-1.127119779586792,base,no
5487,0,0,0.000804085887740518,-7.611083507537842,-0.486083447933197,base,no
5488,0,0,0.20181321265898594,-2.0238547325134277,-0.648854672908783,base,No
5489,0,0,0.00020342691895692497,-8.528343200683594,-0.02834291011095047,base,no
5490,0,0,0.0011695104043089619,-7.392151832580566,-0.642151951789856,base,no
5491,0,0,0.005220124764999895,-5.785904884338379,-0.5359047055244446,base,no
5492,0,0,0.1480471829959148,-2.462437152862549,-0.7124370336532593,base,no
5493,0,0,0.0013250222200310669,-7.061182975769043,-0.43618282675743103,base,no
5494,0,0,0.020332349780873466,-4.380776882171631,-0.5057767033576965,base,no
5495,0,0,0.0009110512757807642,-7.436431407928467,-0.43643149733543396,base,no
5496,0,0,0.014063627043245474,-4.5047430992126465,-0.2547430992126465,base,no
5497,0,0,0.0005527786039936393,-7.785852909088135,-0.28585284948349,base,no
5498,0,0,0.002800926967120973,-6.406085968017578,-0.5310859680175781,base,no
5499,0,0,0.017986212067650338,-4.340516090393066,-0.34051620960235596,base,no
5500,0,0,0.1329642333263228,-2.352945327758789,-0.4779452681541443,base,no
5501,0,0,0.010986942306754304,-4.846907615661621,-0.3469075858592987,base,no
5502,0,0,0.008577483386221569,-5.059404373168945,-0.3094041347503662,base,no
5503,0,0,0.18242551491653522,-2.291898488998413,-0.7918984293937683,base,No
5504,0,0,0.0028009273000822866,-6.359230995178223,-0.4842311143875122,base,no
5505,0,0,0.0015011821227223277,-6.788714408874512,-0.28871431946754456,base,no
5506,0,0,0.00048785711551617493,-7.791598320007324,-0.16659830510616302,base,no
5507,0,0,0.0017007220319407623,-6.611013412475586,-0.23601318895816803,base,no
5508,0,0,0.00037998457701251805,-8.104328155517578,-0.22932831943035126,base,no
5509,0,0,0.022977371248114782,-4.046566963195801,-0.29656702280044556,base,no
5510,0,0,0.0015011821227223277,-6.85384464263916,-0.353844553232193,base,no
5511,0,0,0.10669059394565118,-2.5982415676116943,-0.47324156761169434,base,no
5512,0,0,0.001700722284937103,-6.545637130737305,-0.17063705623149872,base,no
5513,0,0,0.0009110510587671301,-7.392483234405518,-0.39248308539390564,base,no
5514,0,0,0.00020342702654611695,-9.085644721984863,-0.5856449604034424,base,no
5515,0,0,0.015906388912772775,-4.625679016113281,-0.5006788372993469,base,No
5516,0,0,0.0002034269053188625,-8.630568504333496,-0.13056814670562744,base,no
5517,0,0,0.00033535027033856327,-8.25555419921875,-0.2555546164512634,base,no
5518,0,0,3.120190360638656e-05,-10.396595001220703,-0.021594751626253128,base,no
5519,0,0,0.00015843625687068385,-9.391124725341797,-0.641124963760376,base,no
5520,0,0,0.001501182502430573,-6.688793182373047,-0.18879334628582,base,no
5521,0,0,0.0009110512215273508,-7.358370304107666,-0.3583703339099884,base,no
5522,0,0,0.09534947004048376,-2.745311737060547,-0.49531179666519165,base,no
5523,0,0,0.004070136870255261,-5.94302225112915,-0.4430220425128937,base,no
5524,0,0,0.004070137232672753,-5.794371128082275,-0.29437100887298584,base,no
5525,0,0,0.0015011821227223277,-6.792322635650635,-0.2923225462436676,base,no
5526,0,0,0.014063628102158346,-4.277034759521484,-0.027034835889935493,base,no
5527,0,0,0.007577241716077422,-5.419631481170654,-0.5446315407752991,base,no
5528,0,0,0.0004305570684985389,-8.142406463623047,-0.3924064338207245,base,no
5529,0,0,0.0006263340088732682,-7.506381034851074,-0.13138079643249512,base,no
5530,0,0,0.03308598029553404,-3.9433796405792236,-0.5683797001838684,base,no
5531,0,0,0.01798620838292263,-4.267779350280762,-0.26777926087379456,base,no
5532,0,0,0.009708476768000214,-4.992534637451172,-0.36753466725349426,base,no
5533,0,0,0.0028009270503612984,-6.114758491516113,-0.23975852131843567,base,no
5534,0,0,0.0007096702934265129,-7.465378761291504,-0.21537861227989197,base,no
5535,0,0,0.004609572999830552,-6.024039268493652,-0.6490394473075867,base,no
5536,0,0,0.002800927133601626,-6.317638874053955,-0.44263893365859985,base,no
5537,0,0,0.0002611903268777645,-8.479147911071777,-0.22914794087409973,base,no
5538,0,0,0.0009110512215273508,-7.082365036010742,-0.08236506581306458,base,no
5539,0,0,0.00020342691744158468,-8.935029029846191,-0.43502873182296753,base,no
5540,0,0,0.0006263342140729864,-7.864461898803711,-0.4894619882106781,base,no
5541,0,0,0.0017007224335724711,-6.404534339904785,-0.0295343529433012,base,no
5542,0,1,0.8519528170040853,-0.590408205986023,-2.3404083251953125,base,Yes
5543,0,0,0.005220126622117065,-5.463772773742676,-0.2137729525566101,base,no
5544,0,0,0.0017007226644316852,-6.858775615692139,-0.4837757647037506,base,no
5545,0,0,0.00048785691933175807,-8.058602333068848,-0.43360191583633423,base,no
5546,0,1,0.7549149868676283,-0.8058212995529175,-1.9308212995529175,base,Yes
5547,0,0,0.0006263341954184638,-7.856829643249512,-0.4818297028541565,base,no
5548,0,0,0.0031726822769652645,-6.289506912231445,-0.539506733417511,base,no
5549,0,0,0.0002034269053188625,-8.819579124450684,-0.31957876682281494,base,no
5550,0,0,0.0028009275498032983,-6.235241889953613,-0.36024209856987,base,no
5551,0,0,0.00013982211522851407,-9.058104515075684,-0.18310479819774628,base,no
5552,0,0,0.0013250221805946513,-6.983234882354736,-0.358234703540802,base,no
5553,0,0,0.11920291263495983,-2.428760051727295,-0.42875996232032776,base,no
5554,0,0,0.008577485413711986,-5.051137924194336,-0.30113792419433594,base,no
5555,0,0,0.00407013711186692,-5.862994194030762,-0.3629940450191498,base,no
5556,0,0,0.5,-1.185427188873291,-1.185427188873291,base,no
5557,0,0,0.0024726231566347748,-6.435283184051514,-0.43528318405151367,base,no
5558,0,0,0.4073334000459302,-1.3122756481170654,-0.9372756481170654,base,no
5559,0,0,0.00048785722087450544,-7.726480484008789,-0.10148068517446518,base,no
5560,0,0,0.02595736021183377,-3.9918570518493652,-0.3668571710586548,base,no
5561,0,0,0.004070138561537168,-5.986071586608887,-0.48607179522514343,base,no
5562,0,0,0.010986944249787705,-4.7608160972595215,-0.2608162462711334,base,no
5563,0,0,0.009708475335369565,-5.039632320404053,-0.4146322011947632,base,no
5564,0,0,0.0004878572099753667,-7.984788417816162,-0.35978859663009644,base,no
5565,0,0,0.00460957288872708,-5.3868937492370605,-0.011893903836607933,base,no
5566,0,0,0.0009110512418723805,-7.064110279083252,-0.06411033123731613,base,no
5567,0,0,0.010986941982915435,-5.045621871948242,-0.5456218123435974,base,no
5568,0,0,0.00026119025683936706,-8.569785118103027,-0.31978487968444824,base,no
5569,0,0,0.001700722411435288,-7.026533126831055,-0.6515331268310547,base,no
5570,0,1,0.679178699175393,-0.9068719148635864,-1.6568719148635864,base,Yes
5571,0,0,0.0009110512215273508,-7.356910228729248,-0.35691025853157043,base,no
5572,0,0,0.37754066879814546,-1.425761103630066,-0.9257611036300659,base,no
5573,0,0,0.0007096705259094992,-7.688661575317383,-0.43866175413131714,base,no
5574,0,0,0.0004878572099753667,-7.9445366859436035,-0.31953686475753784,base,no
5575,0,0,0.004609572179374208,-5.7770843505859375,-0.4020843505859375,base,no
5576,0,0,0.0005527786369235996,-7.9381327629089355,-0.43813276290893555,base,no
5577,0,0,0.0031726827600135274,-5.793452262878418,-0.04345223680138588,base,no
5578,0,0,0.033085970761385544,-4.0400390625,-0.6650388240814209,base,no
5579,0,0,0.0013250223974949503,-6.8556084632873535,-0.23060844838619232,base,no
5580,0,0,0.000911051248654057,-7.404757022857666,-0.4047570824623108,base,no
5581,0,0,0.0028009263011984638,-6.08299446105957,-0.2079942226409912,base,no
5582,0,0,0.00013982207200169422,-8.878423690795898,-0.0034236647188663483,base,no
5583,0,0,0.01798620785653302,-4.654820442199707,-0.6548203229904175,base,No
5584,0,0,0.004609572281931243,-5.4532904624938965,-0.07829048484563828,base,no
5585,0,0,0.00669285052802981,-5.2989020347595215,-0.2989019751548767,base,no
5586,0,0,0.0004878571518466312,-7.8813910484313965,-0.25639110803604126,base,no
5587,0,0,0.0005527787521784759,-7.856211185455322,-0.356211394071579,base,no
5588,0,0,0.006692850131774789,-5.653465270996094,-0.6534651517868042,base,no
5589,0,0,0.01590639357784294,-4.737548828125,-0.6125489473342896,base,no
5590,0,0,6.605216626075442e-05,-9.659881591796875,-0.034881915897130966,base,no
5591,0,0,0.0009110513029074721,-7.437646865844727,-0.4376469850540161,base,no
5592,0,0,0.006692849537392301,-5.175027370452881,-0.17502716183662415,base,no
5593,0,0,0.010986944249787705,-4.833913803100586,-0.3339139521121979,base,no
5594,0,0,0.0004305570300203132,-8.072457313537598,-0.3224571943283081,base,no
5595,0,0,0.0021827168347934166,-6.416162014007568,-0.2911621928215027,base,no
5596,0,0,0.006692851320539924,-5.145811080932617,-0.14581114053726196,base,no
5597,0,0,0.24508500210441886,-1.6900484561920166,-0.5650483965873718,base,no
5598,0,0,0.022977374593338037,-4.09572172164917,-0.34572193026542664,base,no
5599,0,0,0.4073334000459302,-1.3510687351226807,-0.9760687351226807,base,no
5600,0,0,0.0013250226538317129,-7.023014068603516,-0.39801424741744995,base,no
5601,0,0,0.0373268852023206,-3.6939589977264404,-0.44395893812179565,base,no
5602,0,0,0.0015011823460801075,-6.788106918334961,-0.2881069779396057,base,no
5603,0,0,0.007577242612510723,-5.415493488311768,-0.5404936671257019,base,no
5604,0,0,0.0006263340461823029,-7.511348247528076,-0.13634806871414185,base,no
5605,0,0,0.000709670377965772,-7.653426647186279,-0.4034266173839569,base,no
5606,0,0,0.0006263341581094201,-7.693078517913818,-0.31807851791381836,base,no
5607,0,0,0.001700722158438928,-6.569052696228027,-0.1940525472164154,base,no
5608,0,0,0.000335350100493896,-8.259617805480957,-0.25961771607398987,base,no
5609,0,0,0.02931222905542399,-3.776771068572998,-0.27677100896835327,base,no
5610,0,0,0.00026119033465980986,-8.779141426086426,-0.5291414856910706,base,no
5611,0,0,5.82912500271163e-05,-10.043335914611816,-0.2933356463909149,base,no
5612,0,0,0.0002959572369594874,-8.331720352172852,-0.206720769405365,base,no
5613,0,0,0.07585818002124356,-3.2531580924987793,-0.7531580924987793,base,no
5614,0,0,0.0011695101606154403,-6.897956371307373,-0.14795628190040588,base,no
5615,0,0,0.0002305068009757529,-8.539566993713379,-0.16456733644008636,base,no
5616,0,0,0.14804719051380197,-2.2618117332458496,-0.5118116736412048,base,no
5617,0,0,0.0011695103346822365,-7.043468952178955,-0.29346901178359985,base,no
5618,0,0,0.00043055704284638804,-8.044804573059082,-0.29480448365211487,base,no
5619,0,0,0.0007096705681791412,-7.567774772644043,-0.31777501106262207,base,no
5620,0,0,0.0003353500143227374,-8.049333572387695,-0.049333225935697556,base,no
5621,0,0,0.000709670377965772,-7.646578788757324,-0.39657875895500183,base,no
5622,0,0,0.03732688948593843,-3.7258787155151367,-0.4758787751197815,base,no
5623,0,0,0.10669060530721626,-2.8236613273620605,-0.6986614465713501,base,No
5624,0,0,0.1480471980316895,-2.2036800384521484,-0.45368003845214844,base,no
5625,0,0,0.029312230751356316,-4.106809616088867,-0.6068096160888672,base,no
5626,0,0,0.00033535025035683324,-8.486213684082031,-0.4862140417098999,base,no
5627,0,0,0.004609572726345088,-5.909879684448242,-0.5348798036575317,base,no
5628,0,0,0.0021827164453451808,-6.657209873199463,-0.5322098731994629,base,no
5629,0,0,0.005911067980632537,-5.391415596008301,-0.26641544699668884,base,no
5630,0,0,0.0031726830309918535,-6.114166736602783,-0.364166796207428,base,no
5631,0,0,0.0001584361860553951,-9.106189727783203,-0.3561895191669464,base,no
5632,0,0,0.00023050670138898422,-8.662894248962402,-0.2878941595554352,base,no
5633,0,0,0.29421497216298875,-1.5744150876998901,-0.6994150876998901,base,no
5634,0,0,0.0006263341581094201,-7.6322221755981445,-0.25722217559814453,base,no
5635,0,0,0.00043055726088971926,-8.454620361328125,-0.7046207785606384,base,no
5636,0,0,0.0011695102998688749,-7.070333003997803,-0.3203330338001251,base,no
5637,0,0,0.00669285052802981,-5.489953994750977,-0.4899539351463318,base,no
5638,0,0,0.0024726237446964848,-6.494384765625,-0.4943850040435791,base,no
5639,0,0,0.020332356904444657,-4.53393030166626,-0.6589304804801941,base,no
5640,0,0,0.0006263340275277853,-7.857723236083984,-0.48272302746772766,base,no
5641,0,0,0.008577486934330109,-5.026369094848633,-0.27636927366256714,base,no
5642,0,0,0.010986941982915435,-4.835115432739258,-0.33511537313461304,base,no
5643,0,0,0.06008665017400762,-3.103957176208496,-0.3539571762084961,base,no
5644,0,0,0.0017007222596374673,-6.585008144378662,-0.21000805497169495,base,no
5645,0,0,0.0046095724528596406,-5.775367259979248,-0.4003673195838928,base,no
5646,0,0,0.00048785729716848303,-8.158096313476562,-0.5330966711044312,base,no
5647,0,0,0.0010322310982170768,-7.40811014175415,-0.5331102013587952,base,no
5648,0,0,0.0031726832666251993,-5.90542459487915,-0.15542472898960114,base,no
5649,0,0,0.0006263342140729864,-7.733333587646484,-0.35833367705345154,base,no
5650,0,0,0.0035936025814200896,-6.159677982330322,-0.5346779823303223,base,no
5651,0,0,0.0013250224566495835,-6.912431240081787,-0.2874312698841095,base,no
5652,0,0,0.0293122256635596,-4.177919387817383,-0.6779192090034485,base,no
5653,0,0,0.00010889689704644557,-9.44493579864502,-0.31993567943573,base,no
5654,0,0,0.005911067805510302,-5.668766021728516,-0.5437658429145813,base,no
5655,0,0,0.0010322310367548194,-7.133747577667236,-0.25874757766723633,base,no
5656,0,0,0.01406362456384003,-4.6207990646362305,-0.37079888582229614,base,no
5657,0,0,0.01798621417320936,-4.285508155822754,-0.285508394241333,base,no
5658,0,0,0.0015011825471021377,-6.68952751159668,-0.1895277053117752,base,no
5659,0,0,0.0035936027948457686,-5.892600059509277,-0.2676001191139221,base,no
5660,0,0,0.03732689055684297,-3.7282447814941406,-0.4782448709011078,base,no
5661,0,0,0.0015011822567369915,-6.707121849060059,-0.2071218490600586,base,no
5662,0,0,0.0008040859535875052,-7.2072038650512695,-0.08220388740301132,base,no
5663,0,0,0.00017952801749129276,-8.881522178649902,-0.25652244687080383,base,no
5664,0,0,0.0031726825597252145,-5.940354347229004,-0.19035425782203674,base,no
5665,0,0,0.008577485413711986,-5.0579071044921875,-0.3079071044921875,base,no
5666,0,0,0.010986944573626636,-4.880490779876709,-0.3804909586906433,base,no
5667,0,0,0.01590639357784294,-4.81277322769165,-0.6877733469009399,base,No
5668,0,0,0.0005527785381337246,-8.137933731079102,-0.6379335522651672,base,no
5669,0,0,0.020332353342658753,-3.972804307937622,-0.09780430793762207,base,no
5670,0,0,0.03308598410919419,-4.000796318054199,-0.6257964968681335,base,no
5671,0,0,0.0019267342334985317,-6.361967086791992,-0.11196686327457428,base,no
5672,0,0,0.009708474762317362,-5.165334224700928,-0.5403340458869934,base,no
5673,0,0,0.0011695102998688749,-7.071291446685791,-0.3212914764881134,base,no
5674,0,0,0.0002959571256372757,-8.159528732299805,-0.03452877327799797,base,no
5675,0,0,0.022977367233847502,-4.220238208770752,-0.4702380895614624,base,no
5676,0,0,0.0009110511401472368,-7.6463093757629395,-0.6463093161582947,base,no
5677,0,0,0.002182715990988994,-6.490589618682861,-0.3655894100666046,base,no
5678,0,0,0.0003353501904116503,-8.706040382385254,-0.7060405611991882,base,no
5679,0,0,0.0474258704848281,-3.6236860752105713,-0.6236860156059265,base,no
5680,0,0,0.00017952799609372879,-8.9443359375,-0.31933608651161194,base,no
5681,0,0,0.009708478200631072,-4.847411632537842,-0.22241181135177612,base,no
5682,0,0,0.4378234991142019,-1.298791766166687,-1.048791766166687,base,no
5683,0,0,0.00037998440155070234,-8.133971214294434,-0.2589709162712097,base,no
5684,0,0,0.004609571222175325,-5.740961074829102,-0.36596086621284485,base,no
5685,0,0,0.0005527787521784759,-7.983944416046143,-0.4839446246623993,base,no
5686,0,0,0.008577484399966718,-5.350020408630371,-0.6000202894210815,base,no
5687,0,0,0.0031726825597252145,-6.15665340423584,-0.4066533148288727,base,no
5688,0,0,0.0009110510452037798,-7.230615615844727,-0.23061545193195343,base,no
5689,0,0,0.00857748478012118,-4.79577112197876,-0.045771047472953796,base,no
5690,0,0,0.0004878570937179025,-7.916922569274902,-0.29192250967025757,base,no
5691,0,0,0.0031726835022585624,-6.075812339782715,-0.32581254839897156,base,no
5692,0,0,0.010986944573626636,-5.0401787757873535,-0.5401789546012878,base,no
5693,0,0,0.000626334102145859,-7.730946063995361,-0.35594597458839417,base,no
5694,0,0,0.004070137353478592,-5.759993553161621,-0.25999346375465393,base,no
5695,0,0,0.16451645470385742,-2.3654348850250244,-0.7404348254203796,base,no
5696,0,0,0.0005527786863185436,-7.8964056968688965,-0.39640578627586365,base,no
5697,0,0,0.0019267342621537913,-6.513393402099609,-0.26339319348335266,base,no
5698,0,0,0.00029595715760107484,-8.27142333984375,-0.14642348885536194,base,no
5699,0,0,0.20181320305759334,-2.0240626335144043,-0.6490625143051147,base,no
5700,0,0,0.0017007221078396608,-6.816641807556152,-0.441641628742218,base,no
5701,0,0,0.015906393111335862,-4.513579368591309,-0.38857945799827576,base,no
5702,0,0,0.014063628282948357,-4.6170501708984375,-0.36705026030540466,base,no
5703,0,0,0.1329642333263228,-2.6124215126037598,-0.737421452999115,base,no
5704,0,0,0.010986941497157156,-4.57421350479126,-0.07421340048313141,base,no
5705,0,0,0.0010322310674859476,-7.23599910736084,-0.36099913716316223,base,no
5706,0,0,0.0007096705470443199,-7.509133815765381,-0.2591340243816376,base,no
5707,0,0,0.0031726821827119532,-6.077729225158691,-0.3277290165424347,base,no
5708,0,0,0.002472622678834738,-6.166349411010742,-0.16634921729564667,base,no
5709,0,0,0.0002611904280443717,-8.463496208190918,-0.2134966254234314,base,no
5710,0,0,0.03308598220236406,-3.7481160163879395,-0.373116135597229,base,no
5711,0,0,0.009708476481474066,-4.898192405700684,-0.2731924057006836,base,no
5712,0,0,0.0024726234506656126,-6.588552474975586,-0.5885525941848755,base,no
5713,0,0,0.11920291576401235,-2.4640262126922607,-0.46402615308761597,base,no
5714,0,0,0.001032231082851512,-7.0069403648376465,-0.13194040954113007,base,no
5715,0,0,0.002182716185713063,-6.415625095367432,-0.2906249761581421,base,no
5716,0,0,0.0010322310982170768,-7.408640384674072,-0.533640444278717,base,no
5717,0,0,0.5,-1.1126893758773804,-1.1126893758773804,base,no
5718,0,0,0.0013250226932681422,-7.020617485046387,-0.39561769366264343,base,no
5719,0,0,0.18242552380635632,-2.158701181411743,-0.6587011814117432,base,no
5720,0,0,0.0008040858398518034,-7.662644386291504,-0.5376442670822144,base,no
5721,0,0,0.002472623524173327,-6.296675682067871,-0.29667583107948303,base,no
5722,0,0,0.16451645470385742,-2.0800302028656006,-0.4550301432609558,base,no
5723,0,0,0.0035936024747072553,-5.952536106109619,-0.32753607630729675,base,no
5724,0,0,0.06008665354025422,-3.039194107055664,-0.28919416666030884,base,no
5725,0,0,0.0013250226143952844,-6.986118793487549,-0.36111894249916077,base,no
5726,0,0,0.00023050673229521818,-8.558067321777344,-0.18306736648082733,base,no
5727,0,0,0.0002959569988843134,-8.134753227233887,-0.009752839803695679,base,no
5728,0,0,0.029312234143221275,-4.008096218109131,-0.5080963373184204,base,no
5729,0,0,0.0008040858398518034,-7.517710208892822,-0.3927100896835327,base,no
5730,0,0,0.20181322226037882,-1.9483588933944702,-0.5733588933944702,base,no
5731,0,0,0.001700722360836013,-6.699893951416016,-0.32489392161369324,base,no
5732,0,0,0.004609572589602362,-5.41346549987793,-0.03846558928489685,base,no
5733,0,0,8.481104172358075e-05,-9.902612686157227,-0.5276126861572266,base,no
5734,0,0,0.0015011820780507757,-6.758359909057617,-0.25835978984832764,base,no
5735,0,0,0.00023050676663548297,-8.603827476501465,-0.22882767021656036,base,no
5736,0,0,0.04742587856304458,-3.36234712600708,-0.36234724521636963,base,no
5737,0,0,0.05340332678672523,-3.183805465698242,-0.3088054060935974,base,no
5738,0,0,0.009708477627578704,-5.121626377105713,-0.49662649631500244,base,no
5739,0,0,0.20181322226037882,-2.1019468307495117,-0.7269468307495117,base,no
5740,0,0,0.00013982203814937472,-9.227962493896484,-0.3529622256755829,base,no
5741,0,0,0.0003353500305578816,-8.354966163635254,-0.35496586561203003,base,no
5742,0,0,0.0015011824354232285,-6.649159908294678,-0.14916002750396729,base,no
5743,0,0,0.002800927133601626,-6.4130940437316895,-0.5380941033363342,base,no
5744,0,0,0.20181322226037882,-1.974966287612915,-0.599966287612915,base,no
5745,0,0,0.008577485920584663,-5.405669212341309,-0.6556692719459534,base,no
5746,0,1,0.679178699175393,-0.8241075277328491,-1.5741075277328491,base,Yes
5747,0,0,0.0019267347779485435,-6.576475620269775,-0.32647567987442017,base,no
5748,0,0,0.0021827168347934166,-6.5621795654296875,-0.4371797442436218,base,no
5749,0,0,0.3208212878370535,-1.4926085472106934,-0.7426084876060486,base,no
5750,0,0,0.014063627869714051,-4.962806224822998,-0.7128062844276428,base,no
5751,0,0,0.0035936018344303144,-5.9926605224609375,-0.3676603138446808,base,no
5752,0,0,6.605215272815755e-05,-9.830170631408691,-0.20517075061798096,base,no
5753,0,0,0.0007096704836398597,-7.642791748046875,-0.39279186725616455,base,no
5754,0,0,0.00218271670497733,-6.383935928344727,-0.2589360475540161,base,no
5755,0,0,0.00015843614828725406,-9.068214416503906,-0.31821396946907043,base,no
5756,0,0,0.0015011820333792252,-6.857030868530273,-0.3570307195186615,base,no
5757,0,0,0.029312230751356316,-3.921595573425293,-0.42159557342529297,base,no
5758,0,0,0.02297736991002561,-4.229616165161133,-0.4796161651611328,base,no
5759,0,0,0.0021827163155291175,-6.6109538078308105,-0.48595374822616577,base,no
5760,0,0,0.001700722310236739,-7.016962051391602,-0.6419619917869568,base,no
5761,0,0,0.022977367233847502,-4.414468765258789,-0.6644686460494995,base,no
5762,0,0,0.002182716185713063,-6.655557632446289,-0.5305575132369995,base,no
5763,0,0,0.003593602264616371,-5.639158248901367,-0.014158160425722599,base,no
5764,0,0,0.005911069644294039,-5.367982387542725,-0.24298252165317535,base,no
5765,0,0,0.033085978388704126,-4.125672817230225,-0.7506728172302246,base,no
5766,0,0,0.0005527785628311917,-7.687777042388916,-0.18777690827846527,base,no
5767,0,0,0.014063630245811478,-4.3003411293029785,-0.05034136027097702,base,no
5768,0,0,0.002182715990988994,-6.52411413192749,-0.3991139233112335,base,no
5769,0,0,0.009708477949920658,-4.654577255249023,-0.029577407985925674,base,no
5770,0,0,0.00037998439589064507,-8.082392692565918,-0.2073923796415329,base,no
5771,0,0,0.004609572726345088,-5.86850643157959,-0.4935065507888794,base,no
5772,0,0,0.005220126467357275,-5.501351356506348,-0.2513515055179596,base,no
5773,0,0,0.0031726824654718946,-6.285545825958252,-0.5355457067489624,base,no
5774,0,0,0.00015843628047578715,-8.955368041992188,-0.20536842942237854,base,no
5775,0,0,0.001700722411435288,-6.739980697631836,-0.36498069763183594,base,no
5776,0,0,0.0009110511401472368,-7.434824466705322,-0.4348244071006775,base,no
5777,0,0,0.0024726230463732192,-6.196343898773193,-0.19634385406970978,base,no
5778,0,0,0.0040701374742844335,-5.865428447723389,-0.3654283881187439,base,no
5779,0,0,0.007577241267860811,-5.478305816650391,-0.6033058166503906,base,no
5780,0,0,0.0006263340834913398,-7.735964775085449,-0.36096465587615967,base,no
5781,0,0,0.08509904732734556,-2.8287696838378906,-0.453769713640213,base,no
5782,0,0,0.06008665017400762,-3.306509494781494,-0.5565094947814941,base,no
5783,0,0,0.007577239923211134,-5.056995391845703,-0.1819952130317688,base,no
5784,0,0,0.11920290950590741,-2.749788284301758,-0.7497881650924683,base,No
5785,0,0,0.015906394977364253,-4.547355651855469,-0.42235586047172546,base,no
5786,0,0,0.0031726835022585624,-6.110389232635498,-0.36038944125175476,base,no
5787,0,0,0.07585818419975078,-3.0566163063049316,-0.5566163659095764,base,no
5788,0,0,0.18242551491653522,-2.233086109161377,-0.7330860495567322,base,no
5789,0,0,0.0011695099865486702,-7.142770767211914,-0.39277052879333496,base,no
5790,0,0,0.0005527787192485087,-7.7317914962768555,-0.2317916452884674,base,no
5791,0,0,0.00037998444683116315,-8.165919303894043,-0.29091912508010864,base,no
5792,0,0,0.002472623303650189,-6.643548488616943,-0.6435485482215881,base,no
5793,0,0,0.00026119028018549743,-8.684881210327148,-0.4348810613155365,base,no
5794,0,0,0.09534945461636171,-2.7638721466064453,-0.5138720273971558,base,no
5795,0,0,0.00026119027240345376,-8.737726211547852,-0.48772603273391724,base,no
5796,0,0,0.46879062662624377,-1.2354736328125,-1.1104736328125,base,no
5797,0,0,0.0006263341140964108,-7.377420425415039,-0.002420355100184679,base,no
5798,0,0,0.0003353501854162189,-8.204676628112793,-0.2046767920255661,base,no
5799,0,0,0.0031726826539785367,-6.335630416870117,-0.5856303572654724,base,No
5800,0,0,0.005911068856243796,-5.659667491912842,-0.5346674919128418,base,no
5801,0,0,0.0010322311414327286,-6.885318756103516,-0.010318857617676258,base,no
5802,0,0,0.002182716510253215,-6.4844465255737305,-0.35944655537605286,base,no
5803,0,0,0.004070138561537168,-5.6533942222595215,-0.1533944308757782,base,no
5804,0,0,0.0035936023679944244,-5.983441352844238,-0.3584412932395935,base,no
5805,0,0,0.0004878570065248225,-8.329301834106445,-0.7043015956878662,base,no
5806,0,0,0.0019267347206380085,-6.387557506561279,-0.13755753636360168,base,no
5807,0,0,0.004609572999830552,-5.551139831542969,-0.17614001035690308,base,no
5808,0,0,0.0006263341954184638,-7.960585594177246,-0.5855856537818909,base,no
5809,0,0,0.0015011824130874477,-6.708752632141113,-0.20875273644924164,base,no
5810,0,0,0.007577241730084191,-4.9054951667785645,-0.030495228245854378,base,no
5811,0,0,0.0007096705259094992,-7.507673263549805,-0.257673442363739,base,no
5812,0,0,0.009708474762317362,-5.161577224731445,-0.536577045917511,base,no
5813,0,0,0.0011695102998688749,-7.07253360748291,-0.32253363728523254,base,no
5814,0,0,0.00043055726088971926,-8.334413528442383,-0.5844139456748962,base,no
5815,0,0,0.00857748566714832,-5.191510200500488,-0.44151023030281067,base,no
5816,0,0,0.10669060530721626,-2.7516422271728516,-0.6266423463821411,base,no
5817,0,0,0.002182716461572189,-6.24771785736084,-0.12271786481142044,base,no
5818,0,0,0.00023050676320145628,-9.016483306884766,-0.6414834856987,base,no
5819,0,0,0.008577484399966718,-5.1152448654174805,-0.3652447462081909,base,no
5820,0,0,0.0017007222596374673,-6.73797607421875,-0.36297598481178284,base,no
5821,0,0,0.0013250221805946513,-7.103503227233887,-0.4785030484199524,base,no
5822,0,0,0.006692851518667466,-5.295090198516846,-0.29509028792381287,base,no
5823,0,0,0.07585818837825822,-3.1012954711914062,-0.6012955904006958,base,no
5824,0,1,0.6513548646660542,-0.9040851593017578,-1.5290851593017578,base,Yes
5825,0,0,0.04742587351415913,-3.079822301864624,-0.07982230931520462,base,no
5826,0,0,0.042087725512577126,-3.5684103965759277,-0.44341033697128296,base,no
5827,0,0,0.009708477914104884,-4.958424091339111,-0.33342424035072327,base,no
5828,0,0,0.0009110512757807642,-7.295677185058594,-0.2956772744655609,base,no
5829,0,0,0.02931222905542399,-3.8518314361572266,-0.3518313765525818,base,no
5830,0,0,0.008577483893094128,-5.113852500915527,-0.363852322101593,base,no
5831,0,0,0.003172683408005215,-5.990512371063232,-0.24051254987716675,base,no
5832,0,0,0.00359360311498431,-5.985243797302246,-0.36024394631385803,base,no
5833,0,0,0.006692850924284856,-5.451706886291504,-0.4517068862915039,base,no
5834,0,0,0.014063626630011202,-4.587201118469238,-0.3372010886669159,base,no
5835,0,0,0.0004878571954431821,-7.954726219177246,-0.32972636818885803,base,no
5836,0,0,0.0002959570606074883,-8.442392349243164,-0.31739217042922974,base,no
5837,0,0,0.002182716088351026,-6.359011173248291,-0.23401100933551788,base,no
5838,0,0,0.002182716380437148,-6.566211700439453,-0.44121167063713074,base,no
5839,0,0,0.06008664933244599,-2.8688440322875977,-0.11884401738643646,base,no
5840,0,0,0.02297737225168171,-3.9734911918640137,-0.22349129617214203,base,no
5841,0,0,0.01798621417320936,-4.294766426086426,-0.2947666645050049,base,no
5842,0,0,0.0008040860553510418,-7.335671424865723,-0.2106715738773346,base,no
5843,0,0,0.0013250221608764442,-6.759361267089844,-0.13436107337474823,base,no
5844,0,0,0.00020342691744158468,-8.817631721496582,-0.31763142347335815,base,no
5845,0,0,0.20181320305759334,-2.2088356018066406,-0.8338354825973511,base,no
5846,0,0,0.0059110692064883365,-5.526872634887695,-0.4018726944923401,base,no
5847,0,0,0.18242552380635632,-2.234619617462158,-0.7346196174621582,base,no
5848,0,0,0.02595735945832451,-4.043371677398682,-0.4183717668056488,base,No
5849,0,0,0.0019267348925696179,-6.833903789520264,-0.5839039087295532,base,no
5850,0,0,0.0019267350071906994,-6.784459590911865,-0.5344597697257996,base,no
5851,0,0,0.007577239923211134,-5.277916431427002,-0.4029162526130676,base,no
5852,0,0,0.005911069031366064,-5.400961875915527,-0.27596190571784973,base,no
5853,0,0,0.0021827160558970152,-6.4817352294921875,-0.3567350506782532,base,no
5854,0,0,0.005911068505999277,-5.666408538818359,-0.5414084792137146,base,no
5855,0,0,0.0011695100561753752,-7.455155849456787,-0.7051556706428528,base,no
5856,0,0,0.1824255415859996,-2.0141334533691406,-0.5141335725784302,base,no
5857,0,0,0.000804085857810071,-7.241250038146973,-0.1162499412894249,base,no
5858,0,0,0.008577487441202876,-5.345552444458008,-0.5955526828765869,base,No
5859,0,0,0.004070137232672753,-6.089235305786133,-0.5892351865768433,base,no
5860,0,0,0.001700722209038197,-6.704460620880127,-0.3294605016708374,base,no
5861,0,0,0.0003799846166329393,-8.10346794128418,-0.22846820950508118,base,no
5862,0,0,0.0007096703356961413,-7.60250186920166,-0.352501779794693,base,no
5863,0,0,0.005911067455265844,-5.716882705688477,-0.5918824672698975,base,No
5864,0,0,0.0002034269053188625,-8.758694648742676,-0.25869429111480713,base,no
5865,0,0,0.09534945590170514,-2.404513120651245,-0.15451301634311676,base,no
5866,0,0,0.0015011821003865517,-6.6648736000061035,-0.16487349569797516,base,no
5867,0,0,0.0010322310060236924,-7.133963584899902,-0.25896355509757996,base,no
5868,0,0,0.003172683572948575,-5.87489128112793,-0.12489151209592819,base,no
5869,0,0,0.0007096703145613268,-7.891084671020508,-0.6410845518112183,base,No
5870,0,0,0.00359360194114313,-6.216378688812256,-0.5913785099983215,base,no
5871,0,0,0.007577239923211134,-5.465267658233643,-0.5902674794197083,base,no
5872,0,0,0.006692850131774789,-5.542853355407715,-0.5428532361984253,base,no
5873,0,0,0.0040701374742844335,-6.036558151245117,-0.5365580916404724,base,no
5874,0,0,0.0009110512757807642,-7.258834362030029,-0.25883445143699646,base,no
5875,0,0,0.0031726822769652645,-6.1089677810668945,-0.3589676022529602,base,no
5876,0,0,0.0028009275550058203,-5.896170616149902,-0.021170826628804207,base,no
5877,0,0,0.0159063898457867,-4.541742324829102,-0.416742205619812,base,no
5878,0,0,0.1645164628965632,-2.171691656112671,-0.5466916561126709,base,no
5879,0,0,0.010986940039882433,-4.952844619750977,-0.45284438133239746,base,no
5880,0,0,0.0031726835493852378,-5.899656295776367,-0.1496565192937851,base,no
5881,0,0,0.00026119036578799344,-8.831646919250488,-0.5816470980644226,base,no
5882,0,0,0.009708476481474066,-5.232964515686035,-0.6079645156860352,base,no
5883,0,0,0.029312229903390143,-3.887875556945801,-0.3878755271434784,base,no
5884,0,0,0.0009110511130205339,-7.289363861083984,-0.2893637716770172,base,no
5885,0,0,0.001169510439122326,-6.9590654373168945,-0.20906558632850647,base,no
5886,0,0,0.008577483386221569,-5.243760108947754,-0.4937598705291748,base,no
5887,0,0,0.008577485920584663,-5.088592529296875,-0.3385925889015198,base,no
5888,0,0,0.00359360194114313,-5.8918328285217285,-0.2668326497077942,base,no
5889,0,0,0.0009110511944006454,-7.532140254974365,-0.5321402549743652,base,no
5890,0,0,0.0010322308216369478,-7.105429649353027,-0.23042944073677063,base,no
5891,0,0,0.0021827167698853724,-6.482855796813965,-0.3578559458255768,base,no
5892,0,0,0.01098694263059318,-4.781898021697998,-0.28189802169799805,base,no
5893,0,0,0.0002959572457770901,-8.204731941223145,-0.07973238825798035,base,no
5894,0,0,0.40733341443526055,-1.305751085281372,-0.9307511448860168,base,no
5895,0,0,0.02595735719779685,-3.948852777481079,-0.3238527774810791,base,no
5896,0,0,0.05340332641008787,-2.9742236137390137,-0.0992235466837883,base,no
5897,0,0,0.0021827163155291175,-6.417415142059326,-0.2924150824546814,base,no
5898,0,0,0.0019267350645012428,-6.403717517852783,-0.15371772646903992,base,no
5899,0,0,0.0002959572193242827,-8.446122169494629,-0.32112252712249756,base,no
5900,0,0,0.0011695100387686984,-6.919449329376221,-0.16944913566112518,base,no
5901,0,0,0.4073334000459302,-1.408442497253418,-1.033442497253418,base,no
5902,0,0,0.02595735719779685,-4.290167331695557,-0.6651673316955566,base,no
5903,0,0,0.0006263340461823029,-7.767080783843994,-0.3920806050300598,base,no
5904,0,0,0.0021827167698853724,-6.415153503417969,-0.2901536524295807,base,no
5905,0,0,0.0013250227080568034,-6.6476240158081055,-0.022624235600233078,base,no
5906,0,0,0.0004305571326289228,-8.27846622467041,-0.5284663438796997,base,no
5907,0,0,0.004609572726345088,-5.972627639770508,-0.5976277589797974,base,No
5908,0,0,7.484626152459181e-05,-9.604507446289062,-0.10450790077447891,base,no
5909,0,0,0.002472622936111669,-6.3238983154296875,-0.32389822602272034,base,no
5910,0,0,0.00020342705079157657,-8.785750389099121,-0.28575074672698975,base,no
5911,0,0,0.0028009274249427897,-6.107321739196777,-0.23232190310955048,base,no
5912,0,0,0.012431650853185818,-4.791633605957031,-0.41663360595703125,base,no
5913,0,0,0.037326884666868405,-3.357097625732422,-0.1070975512266159,base,no
5914,0,0,0.03308597266821503,-4.048405647277832,-0.6734054684638977,base,no
5915,0,0,0.012431650853185818,-4.793032646179199,-0.4180326461791992,base,no
5916,0,0,0.005220126776876857,-5.46182107925415,-0.2118212878704071,base,no
5917,0,0,0.0040701384407312935,-5.990387916564941,-0.49038809537887573,base,no
5918,0,0,0.05340333582602272,-3.340517997741699,-0.46551811695098877,base,no
5919,0,0,0.020332351116542875,-3.977318286895752,-0.102318175137043,base,no
5920,0,0,0.005220126622117065,-5.737341403961182,-0.48734158277511597,base,no
5921,0,0,0.002182716185713063,-6.662455081939697,-0.5374549627304077,base,No
5922,0,0,0.001032230913830316,-7.195684432983398,-0.3206843137741089,base,no
5923,0,0,0.0001795279238769691,-8.789302825927734,-0.16430257260799408,base,no
5924,0,0,0.025957354937269386,-3.919462203979492,-0.294462114572525,base,no
5925,0,0,0.005911068856243796,-5.773333549499512,-0.6483335494995117,base,No
5926,0,0,0.0031726820884586454,-6.239470481872559,-0.4894702434539795,base,no
5927,0,0,0.00012339453553933562,-9.287454605102539,-0.2874542772769928,base,no
5928,0,0,0.0006263341674366807,-7.460568904876709,-0.08556891977787018,base,no
5929,0,0,0.00037998453739210097,-8.309713363647461,-0.4347134232521057,base,no
5930,0,0,0.00669285191492257,-5.451594352722168,-0.4515945017337799,base,no
5931,0,0,0.00029595717303187557,-8.227848052978516,-0.10284825414419174,base,no
5932,0,0,6.605211434480694e-05,-9.810620307922363,-0.18561984598636627,base,no
5933,0,0,7.484620520637004e-05,-9.947369575500488,-0.4473692774772644,base,no
5934,0,0,0.005911068856243796,-5.6650166511535645,-0.5400166511535645,base,no
5935,0,0,0.037326887344129464,-3.618129253387451,-0.36812925338745117,base,no
5936,0,0,0.0003799846619134258,-8.268281936645508,-0.39328232407569885,base,no
5937,0,0,0.0011695103346822365,-7.196566104888916,-0.4465661644935608,base,no
5938,0,0,0.34864513533394575,-1.346166968345642,-0.7211669683456421,base,no
5939,0,0,0.0011695101954287976,-7.233051776885986,-0.48305171728134155,base,no
5940,0,0,0.0005527785957611495,-7.707961082458496,-0.20796100795269012,base,no
5941,0,0,0.0003353502303751044,-8.102355003356934,-0.10235530138015747,base,no
5942,0,0,0.02297737258620403,-4.360752105712891,-0.6107522249221802,base,no
5943,0,1,0.6224593312018546,-0.9600464105606079,-1.460046410560608,base,yes
5944,0,0,0.0010322308062713872,-7.02130126953125,-0.1463010460138321,base,no
5945,0,0,0.0024726227385597366,-6.028705596923828,-0.028705427423119545,base,no
5946,0,0,0.0017007222596374673,-6.8111090660095215,-0.4361089766025543,base,no
5947,0,0,0.0002611903074226522,-8.47916030883789,-0.22916026413440704,base,no
5948,0,0,0.06008665017400762,-3.3365530967712402,-0.5865530967712402,base,no
5949,0,0,0.003593602901558612,-5.919339656829834,-0.29433974623680115,base,no
5950,0,0,0.00043055714545500067,-8.03776741027832,-0.28776755928993225,base,no
5951,0,0,0.0007096703145613268,-7.48593807220459,-0.2359379529953003,base,no
5952,0,0,0.06008664344151498,-3.255103588104248,-0.5051034688949585,base,no
5953,0,0,0.033085978388704126,-3.7663369178771973,-0.39133691787719727,base,no
5954,0,0,0.0003799843506101903,-8.082208633422852,-0.20720820128917694,base,no
5955,0,0,0.010986941011398892,-4.8395586013793945,-0.3395584523677826,base,no
5956,0,0,0.01243164865786858,-4.979525566101074,-0.6045253872871399,base,no
5957,0,0,0.006692851716795015,-5.495379447937012,-0.49537956714630127,base,no
5958,0,0,0.00029595697684032553,-8.197230339050293,-0.07222987711429596,base,no
5959,0,0,0.014063623737371644,-4.697854042053223,-0.44785380363464355,base,no
5960,0,0,0.005911069731855184,-5.531844139099121,-0.40684428811073303,base,no
5961,0,0,0.012431650121413363,-4.709068775177002,-0.3340687155723572,base,no
5962,0,0,0.0017007220066411306,-6.9581403732299805,-0.5831401348114014,base,no
5963,0,0,0.00192673483525908,-6.614521026611328,-0.3645211160182953,base,no
5964,0,0,0.010986944573626636,-4.664340019226074,-0.16434019804000854,base,no
5965,0,1,0.7057850278370112,-0.6010024547576904,-1.4760024547576904,base,Yes
5966,0,0,0.002800926800640331,-6.137528419494629,-0.26252835988998413,base,no
5967,0,0,0.03308597648187432,-3.725078582763672,-0.3500785231590271,base,no
5968,0,0,0.0017007222596374673,-6.7817182540893555,-0.4067181646823883,base,no
5969,0,0,0.0031726822180569445,-5.785798072814941,-0.03579787537455559,base,no
5970,0,0,0.00017952795864799792,-9.153182983398438,-0.5281829237937927,base,no
5971,0,0,0.006692851122412387,-5.4475507736206055,-0.44755080342292786,base,no
5972,0,1,0.7057850154599563,-0.6523411870002747,-1.5273411273956299,base,Yes
5973,0,0,0.0005527784393438672,-8.143245697021484,-0.6432453393936157,base,no
5974,0,0,0.0019267345487064141,-6.893365383148193,-0.6433653235435486,base,no
5975,0,0,0.005911069644294039,-5.299543380737305,-0.17454351484775543,base,no
5976,0,0,0.002472622715588583,-6.480249404907227,-0.48024922609329224,base,no
5977,0,0,0.004070138078313694,-5.900000095367432,-0.4000001847743988,base,no
5978,0,0,0.0075772408196442265,-5.322750091552734,-0.4477500319480896,base,no
5979,0,0,0.0021827168347934166,-6.607569694519043,-0.4825698733329773,base,no
5980,0,0,0.0031726824654718946,-6.1551899909973145,-0.4051898717880249,base,no
5981,0,0,0.5,-1.1804120540618896,-1.1804120540618896,base,No
5982,0,0,0.01590639357784294,-4.678774833679199,-0.5537749528884888,base,no
5983,0,0,0.053403329799824234,-3.1891438961029053,-0.3141438961029053,base,no
5984,0,0,0.00010889693649381244,-9.14055347442627,-0.015553717501461506,base,no
5985,0,0,0.0031726825597252145,-6.075323581695557,-0.3253234922885895,base,no
5986,0,0,0.00017952798539494773,-9.06075668334961,-0.43575677275657654,base,no
5987,0,0,0.0008040860568475644,-7.147238254547119,-0.02223840542137623,base,no
5988,0,0,0.07585818837825822,-3.0636940002441406,-0.5636941194534302,base,no
5989,0,0,0.007577241716077422,-5.322999000549316,-0.4479990601539612,base,no
5990,0,0,0.0007096705470443199,-7.56781530380249,-0.31781551241874695,base,no
5991,0,0,0.00247262289935782,-6.235818386077881,-0.2358182817697525,base,no
5992,0,0,0.11920291576401235,-2.7263362407684326,-0.7263361811637878,base,No
5993,0,0,0.00013982210897885256,-9.401308059692383,-0.5263082981109619,base,no
5994,0,0,0.0008040859356292355,-7.412321090698242,-0.2873210906982422,base,no
5995,0,0,0.0019267350358459707,-6.286898136138916,-0.036898329854011536,base,no
5996,0,0,0.0017007227150309691,-7.07767915725708,-0.7026793360710144,base,no
5997,0,0,0.0007096703145613268,-7.838870048522949,-0.5888699293136597,base,no
5998,0,0,0.003172683408005215,-6.107864856719971,-0.35786503553390503,base,no
5999,0,0,0.0003353500205670236,-8.285293579101562,-0.28529325127601624,base,no
