idx,y_true,y_pred,p_yes,lp_yes,lp_no,mode,raw_text
0,1,0,0.017986212725637506,-4.065382957458496,-0.06538311392068863,assist,no
1,1,0,0.017986207330143424,-4.0977582931518555,-0.09775814414024353,assist,no
2,1,0,0.02033235497514388,-3.940965414047241,-0.06596549600362778,assist,no
3,1,0,0.13296422989056964,-2.210251808166504,-0.33525171875953674,assist,no
4,1,0,0.008577486997689203,-4.802830219268799,-0.05283040553331375,assist,no
5,1,0,0.0031726833373152056,-5.835983753204346,-0.08598390966653824,assist,no
6,1,0,0.03308597505175204,-3.500718355178833,-0.12571825087070465,assist,no
7,1,0,0.006692850280370419,-5.091396808624268,-0.09139671176671982,assist,no
8,1,1,0.6513548646660542,-0.5762044191360474,-1.2012044191360474,assist,yes
9,1,0,0.0024726227339655063,-6.105818748474121,-0.10581857711076736,assist,no
10,1,0,0.006692852261645802,-5.032172203063965,-0.03217240422964096,assist,no
11,1,0,0.004609571153803984,-5.591106414794922,-0.21610619127750397,assist,no
12,1,0,0.01406362446053148,-4.342683792114258,-0.09268360584974289,assist,no
13,1,0,0.006692851840624736,-5.036094665527344,-0.03609480336308479,assist,no
14,1,0,0.0850990542883219,-2.5171823501586914,-0.14218246936798096,assist,no
15,1,0,0.008577485421631871,-4.762279033660889,-0.012279034592211246,assist,no
16,1,0,0.11920291732853862,-2.129028081893921,-0.12902803719043732,assist,no
17,1,0,0.053403329046549465,-3.0219316482543945,-0.14693163335323334,assist,no
18,1,0,0.2689414213699951,-1.5575698614120483,-0.5575698614120483,assist,no
19,1,0,0.002800926592539542,-5.943446636199951,-0.06844650208950043,assist,no
20,1,0,0.0046095727605307705,-5.465173721313477,-0.09017384797334671,assist,no
21,1,0,0.01098694307587165,-4.545277118682861,-0.04527715966105461,assist,no
22,1,0,0.16451646904109268,-1.873458743095398,-0.24845878779888153,assist,no
23,1,0,0.001032230990658129,-6.947932243347168,-0.07293219864368439,assist,no
24,1,0,0.5,-1.0941683053970337,-1.0941683053970337,assist,no
25,1,0,0.2689414213699951,-1.511784553527832,-0.511784553527832,assist,no
26,1,0,0.0013250222594674832,-6.666826248168945,-0.04182612895965576,assist,no
27,1,0,0.0015011823404961625,-6.5462164878845215,-0.04621654376387596,assist,no
28,1,0,0.04742587452393617,-3.2508606910705566,-0.25086072087287903,assist,no
29,1,0,0.29421497216298875,-1.2638232707977295,-0.3888232707977295,assist,no
30,1,0,0.3486451285660856,-1.0679054260253906,-0.44290539622306824,assist,no
31,1,0,0.1329642333263228,-2.2648580074310303,-0.3898579478263855,assist,no
32,1,0,0.007577242724564895,-5.001605987548828,-0.12660618126392365,assist,no
33,1,0,0.2942149597859341,-1.547966718673706,-0.6729666590690613,assist,no
34,1,0,0.46879062662624377,-0.9191908240318298,-0.7941908240318298,assist,no
35,1,0,0.00857748414653042,-4.829476356506348,-0.07947620749473572,assist,no
36,1,0,0.0010322309368786592,-6.914881706237793,-0.03988160938024521,assist,no
37,1,1,0.679178699175393,-0.6996703147888184,-1.4496703147888184,assist,yes
38,1,0,0.009708476194947928,-4.784820556640625,-0.1598205268383026,assist,no
39,1,0,0.002472623322027116,-6.033783435821533,-0.033783502876758575,assist,no
40,1,0,0.02931223287127187,-3.5900630950927734,-0.0900631695985794,assist,no
41,1,0,0.0004305570941506913,-7.83047342300415,-0.08047345280647278,assist,no
42,1,0,0.004070136764550166,-5.532102108001709,-0.03210187330842018,assist,no
43,1,0,0.0017007225822078518,-6.398190021514893,-0.023190122097730637,assist,no
44,1,0,0.002182715966648487,-6.149173736572266,-0.024173516780138016,assist,no
45,1,1,0.679178699175393,-0.5897358655929565,-1.3397358655929565,assist,yes
46,1,0,0.00017952792120227488,-8.704696655273438,-0.07969638705253601,assist,no
47,1,0,0.008577487219446036,-4.784770488739014,-0.034770701080560684,assist,no
48,1,0,0.022977372000789975,-3.7856192588806152,-0.035619352012872696,assist,no
49,1,0,0.014063629419342763,-4.323336124420166,-0.07333629578351974,assist,no
50,1,1,0.754914997895581,-0.2942590117454529,-1.4192590713500977,assist,yes
51,1,1,0.5621765008857981,-0.7980417013168335,-1.0480417013168335,assist,yes
52,1,0,0.005911067586607513,-5.190849304199219,-0.06584908813238144,assist,no
53,1,0,0.06754669301670263,-2.703701972961426,-0.07870200276374817,assist,no
54,1,0,0.009708476982894829,-4.688877582550049,-0.063877634704113,assist,no
55,1,0,0.01590638961253321,-4.202149391174316,-0.07714925706386566,assist,no
56,1,0,0.0010322312144191669,-6.883254051208496,-0.008254223503172398,assist,no
57,1,0,0.0013250221978480829,-6.648130416870117,-0.023130251094698906,assist,no
58,1,0,0.00218271670497733,-6.199716091156006,-0.07471621036529541,assist,no
59,1,0,0.002182716494026206,-6.231345176696777,-0.10634519904851913,assist,no
60,1,0,0.009708478451341495,-4.6358795166015625,-0.010879721492528915,assist,no
61,1,0,0.0021827164777991977,-6.218961238861084,-0.09396125376224518,assist,no
62,1,0,0.0005527785895867823,-7.528273582458496,-0.02827349677681923,assist,no
63,1,0,0.0373268852023206,-3.3259148597717285,-0.07591480016708374,assist,no
64,1,0,0.005911068243315901,-5.27756929397583,-0.15256918966770172,assist,no
65,1,0,0.05340332829327471,-3.0686864852905273,-0.19368645548820496,assist,no
66,1,0,0.001926734992863064,-6.282894134521484,-0.032894305884838104,assist,no
67,1,0,0.0015011820780507757,-6.662985801696777,-0.1629856824874878,assist,no
68,1,0,0.03308597791199666,-3.4139275550842285,-0.03892754018306732,assist,no
69,1,0,0.002800926602944582,-5.909682750701904,-0.03468262031674385,assist,no
70,1,0,0.0009110512147456744,-7.102616310119629,-0.1026163324713707,assist,no
71,1,0,0.0008040859797766495,-7.1363725662231445,-0.011372621171176434,assist,no
72,1,1,0.7310585786300049,-0.5216301679611206,-1.5216301679611206,assist,yes
73,1,0,0.0005527787233647546,-7.614345550537109,-0.11434570699930191,assist,no
74,1,0,0.00037998460248278836,-7.965693950653076,-0.09069418162107468,assist,no
75,1,0,0.0017007221837385621,-6.416040420532227,-0.04104028642177582,assist,no
76,1,0,0.0015011819328682409,-6.564652442932129,-0.0646522268652916,assist,no
77,1,0,0.11920291419948606,-2.236616373062134,-0.23661629855632782,assist,no
78,1,0,0.010986942873472344,-4.617331504821777,-0.11733152717351913,assist,no
79,1,0,0.02931223265928031,-3.569308042526245,-0.06930810958147049,assist,no
80,1,0,0.014063626113468383,-4.336160182952881,-0.08616011589765549,assist,no
81,1,0,0.06008664512463808,-2.909059524536133,-0.15905943512916565,assist,no
82,1,0,0.025957359081569886,-3.77571964263916,-0.15071971714496613,assist,no
83,1,0,0.0008040859595735953,-7.197146892547607,-0.07214692234992981,assist,no
84,1,0,0.00037998450767679084,-7.9106125831604,-0.0356125645339489,assist,no
85,1,0,0.0011695104652323502,-6.822706699371338,-0.07270687073469162,assist,no
86,1,0,0.10669060246682488,-2.45772123336792,-0.3327213227748871,assist,no
87,1,0,0.00033535017167878284,-8.056156158447266,-0.056156281381845474,assist,no
88,1,0,0.02297737233531229,-3.794522762298584,-0.04452287033200264,assist,no
89,1,1,0.5926665999540697,-0.7079052925109863,-1.0829052925109863,assist,yes
90,1,0,0.09534946104307897,-2.452934980392456,-0.20293493568897247,assist,no
91,1,0,0.001926734656163659,-6.258174419403076,-0.008174415677785873,assist,no
92,1,0,0.022977369324611623,-3.7743935585021973,-0.024393532425165176,assist,no
93,1,0,0.0005527786780860526,-7.563543796539307,-0.06354387104511261,assist,no
94,1,0,0.01798621351522214,-4.074965000152588,-0.07496520131826401,assist,no
95,1,0,0.0066928508376040636,-5.008460998535156,-0.008460985496640205,assist,no
96,1,0,0.022977370495439617,-3.776309013366699,-0.026309039443731308,assist,no
97,1,0,0.11920292671569666,-2.133061170578003,-0.1330612152814865,assist,no
98,1,0,0.0024726235609271855,-6.105797290802002,-0.10579745471477509,assist,no
99,1,0,0.0059110695567328965,-5.189836025238037,-0.06483614444732666,assist,no
100,1,0,0.0011695102563521749,-6.8414530754089355,-0.09145306795835495,assist,no
101,1,0,0.0013250226735499273,-6.6987996101379395,-0.07379980385303497,assist,no
102,1,0,0.007577242724564895,-4.92445182800293,-0.04945202171802521,assist,no
103,1,0,0.009708478200631072,-4.757835388183594,-0.13283556699752808,assist,no
104,1,0,0.0024726227890962764,-6.006345748901367,-0.006345599889755249,assist,no
105,1,0,0.005220125519453666,-5.302371025085449,-0.05237099155783653,assist,no
106,1,0,0.002800927560208341,-5.909093379974365,-0.03409359231591225,assist,no
107,1,0,0.003172682748231862,-5.88296365737915,-0.132963627576828,assist,no
108,1,0,0.025957354937269386,-3.7186484336853027,-0.09364834427833557,assist,no
109,1,0,0.0028009265197042697,-5.913124084472656,-0.038123924285173416,assist,no
110,1,0,0.0008040857560465596,-7.156343460083008,-0.031343236565589905,assist,no
111,1,0,0.010986940606600357,-4.6131205558776855,-0.11312036961317062,assist,no
112,1,0,0.005220126622117065,-5.41888427734375,-0.16888445615768433,assist,no
113,1,0,0.005220126622117065,-5.4203925132751465,-0.1703926920890808,assist,no
114,1,0,0.0534033328129234,-3.0115346908569336,-0.13653475046157837,assist,no
115,1,0,0.010986944776025976,-4.535116195678711,-0.035116393119096756,assist,no
116,1,1,0.5926665999540697,-0.7211885452270508,-1.0961885452270508,assist,yes
117,1,0,0.24508502416032488,-1.6035206317901611,-0.4785206913948059,assist,no
118,1,0,0.005911068352767307,-5.134599208831787,-0.009599123150110245,assist,no
119,1,0,0.2942149783515162,-1.2990105152130127,-0.4240105450153351,assist,no
120,1,0,0.000230506648161591,-8.40189266204834,-0.026892341673374176,assist,no
121,1,0,0.001325022243446439,-6.638029098510742,-0.013028967194259167,assist,no
122,1,0,0.0003799845324395492,-7.896389007568359,-0.021389054134488106,assist,no
123,1,0,0.005911067980632537,-5.294924736022949,-0.16992458701133728,assist,no
124,1,0,0.004609572931459185,-5.453534126281738,-0.07853429019451141,assist,no
125,1,1,0.8807970889295664,-0.24719704687595367,-2.247197151184082,assist,yes
126,1,0,0.004070137232672753,-5.649849891662598,-0.1498497724533081,assist,no
127,1,0,0.00522012654473717,-5.419083118438721,-0.16908328235149384,assist,no
128,1,0,0.0013250224665086892,-6.676386833190918,-0.05138687044382095,assist,no
129,1,0,0.1329642384799526,-2.0218992233276367,-0.14689920842647552,assist,no
130,1,0,0.004070138387878727,-5.521852493286133,-0.021852659061551094,assist,no
131,1,0,0.2689414272294874,-1.4104560613632202,-0.4104560911655426,assist,no
132,1,0,0.02595735606753309,-3.6904919147491455,-0.06549187004566193,assist,no
133,1,0,0.0017007223355363758,-6.506191730499268,-0.131191685795784,assist,no
134,1,0,0.2942149845400438,-1.436246633529663,-0.5612466931343079,assist,no
135,1,0,0.1066905854244781,-2.283310890197754,-0.15831080079078674,assist,no
136,1,0,0.012431651219072064,-4.669913291931152,-0.29491332173347473,assist,no
137,1,0,0.1329642419157059,-2.027156352996826,-0.15215636789798737,assist,no
138,1,0,0.0011695102781105248,-6.776237964630127,-0.02623797580599785,assist,no
139,1,0,0.00017952800144311956,-8.715136528015137,-0.09013670682907104,assist,no
140,1,0,0.005220124939104602,-5.296381950378418,-0.04638180509209633,assist,no
141,1,0,0.1192029188930649,-2.2618000507354736,-0.26180002093315125,assist,no
142,1,0,0.3775406547908327,-1.0877304077148438,-0.587730348110199,assist,no
143,1,0,0.04208772521219692,-3.1898460388183594,-0.064845971763134,assist,no
144,1,0,0.012431648200510868,-4.412668704986572,-0.037668488919734955,assist,no
145,1,0,0.4378234991142019,-1.0065580606460571,-0.7565580606460571,assist,no
146,1,0,0.004070138561537168,-5.6351752281188965,-0.1351754367351532,assist,no
147,1,0,0.04742587620689797,-3.11550235748291,-0.11550242453813553,assist,no
148,1,0,0.004070137957507836,-5.60788631439209,-0.10788637399673462,assist,no
149,1,0,0.004070137051464004,-5.707765579223633,-0.20776541531085968,assist,no
150,1,0,0.0008040859191674887,-7.150732040405273,-0.025732019916176796,assist,no
151,1,0,8.481105214890691e-05,-9.418703079223633,-0.04370320215821266,assist,no
152,1,0,0.0024726228442270475,-6.084473133087158,-0.08447300642728806,assist,no
153,1,0,0.007577241716077422,-5.033483505249023,-0.1584835648536682,assist,no
154,1,1,0.6513548511303336,-0.6259799599647522,-1.2509799003601074,assist,yes
155,1,1,0.8670357563664174,-0.3529246151447296,-2.2279245853424072,assist,yes
156,1,0,0.012431650761714258,-4.496513843536377,-0.12151383608579636,assist,no
157,1,0,0.005220125267969063,-5.374493598937988,-0.12449351698160172,assist,no
158,1,0,0.37754066879814546,-1.056758999824524,-0.5567589998245239,assist,no
159,1,0,0.0019267349964449726,-6.276764392852783,-0.02676456607878208,assist,no
160,1,1,0.6513548646660542,-0.8448337316513062,-1.4698337316513062,assist,yes
161,1,0,0.22270014914315833,-1.726891040802002,-0.47689110040664673,assist,no
162,1,0,0.0017007226517818644,-6.41628885269165,-0.04128899425268173,assist,no
163,1,0,0.007577243004700326,-4.980169773101807,-0.10517000406980515,assist,no
164,1,0,0.004609571905888793,-5.510478496551514,-0.1354784369468689,assist,no
165,1,0,0.0013250222003128587,-6.707291126251221,-0.08229096233844757,assist,no
166,1,0,0.005911068834353513,-5.153087139129639,-0.028087135404348373,assist,no
167,1,0,0.0011695100648787136,-6.852649211883545,-0.10264904052019119,assist,no
168,1,0,0.003172683349096874,-5.788612365722656,-0.038612525910139084,assist,no
169,1,0,0.0675466845698721,-2.85829758644104,-0.23329748213291168,assist,no
170,1,0,0.042087729117139754,-3.269282341003418,-0.14428237080574036,assist,no
171,1,0,0.0005527785113781365,-7.55009126663208,-0.05009103938937187,assist,no
172,1,0,0.005220126583427116,-5.350940227508545,-0.10094039887189865,assist,no
173,1,0,0.004070138085864061,-5.519716262817383,-0.019716354086995125,assist,no
174,1,0,0.01590639474411069,-4.302894115447998,-0.17789430916309357,assist,no
175,1,0,0.004609571905888793,-5.463274002075195,-0.08827394247055054,assist,no
176,1,0,0.11920293140927592,-2.297440767288208,-0.29744085669517517,assist,no
177,1,1,0.9149009607937928,-0.18785159289836884,-2.562851667404175,assist,yes
178,1,0,0.017986207330143424,-4.111354827880859,-0.11135467886924744,assist,no
179,1,1,0.9324533144915912,-0.28855863213539124,-2.9135587215423584,assist,yes
180,1,0,0.04208772791561884,-3.246568202972412,-0.12156820297241211,assist,no
181,1,0,0.20181322226037882,-1.6060670614242554,-0.23106706142425537,assist,no
182,1,0,0.04742587317756679,-3.1351118087768555,-0.13511180877685547,assist,no
183,1,0,0.005220125190589188,-5.330118656158447,-0.0801185593008995,assist,no
184,1,0,0.0010322309215130968,-6.947350978851318,-0.0723508670926094,assist,no
185,1,0,0.008577485160275657,-4.92465877532959,-0.17465874552726746,assist,no
186,1,0,0.20181322226037882,-1.783383846282959,-0.408383846282959,assist,no
187,1,0,0.0010322312826038706,-6.926197052001953,-0.05119729042053223,assist,no
188,1,0,0.01798621331782598,-4.058743476867676,-0.058743666857481,assist,no
189,1,0,0.004070138553986801,-5.51629114151001,-0.01629134826362133,assist,no
190,1,0,0.004609571905888793,-5.48492956161499,-0.10992950201034546,assist,no
191,1,0,0.00012339460815990856,-9.079912185668945,-0.0799124464392662,assist,no
192,1,0,0.010986945140344795,-4.535021781921387,-0.03502201288938522,assist,no
193,1,0,0.004070138168918091,-5.5879716873168945,-0.08797179907560349,assist,no
194,1,0,0.014063623943988737,-4.3405232429504395,-0.09052301943302155,assist,no
195,1,0,0.0004305570059714238,-7.806574821472168,-0.05657464638352394,assist,no
196,1,1,0.6224593452091672,-0.7197884917259216,-1.2197885513305664,assist,yes
197,1,1,0.5621764862150634,-0.7732310891151428,-1.023231029510498,assist,yes
198,1,0,0.1645164628965632,-2.0946338176727295,-0.4696338176727295,assist,no
199,1,0,0.10669058826486906,-2.3804407119750977,-0.2554406523704529,assist,no
200,1,0,0.060086646807761206,-2.996255874633789,-0.2462558150291443,assist,no
201,1,0,0.0006263341347912691,-7.446502685546875,-0.07150264829397202,assist,no
202,1,0,0.002472623248519407,-6.0749688148498535,-0.0749688521027565,assist,no
203,1,0,0.014063625235345626,-4.310259819030762,-0.06025968864560127,assist,no
204,1,0,0.0024726231474463114,-6.031433582305908,-0.031433578580617905,assist,no
205,1,0,0.05340333205964859,-2.969107151031494,-0.09410719573497772,assist,no
206,1,0,0.025957354937269386,-3.844604015350342,-0.21960392594337463,assist,no
207,1,0,0.05340332753999997,-2.981922149658203,-0.10692210495471954,assist,no
208,1,0,0.14804719427274565,-1.9172395467758179,-0.16723951697349548,assist,no
209,1,0,0.0059110674990464,-5.23684024810791,-0.11184001713991165,assist,no
210,1,0,0.009708477994690374,-4.639779090881348,-0.014779248274862766,assist,no
211,1,0,0.4378234991142019,-1.0892150402069092,-0.8392150402069092,assist,no
212,1,0,0.014063625906851259,-4.30940055847168,-0.05940047651529312,assist,no
213,1,0,0.0004305570973572105,-7.799930095672607,-0.049930132925510406,assist,no
214,1,0,0.13296425222296632,-2.0618207454681396,-0.186820849776268,assist,no
215,1,0,0.010986942509153599,-4.532451152801514,-0.032451141625642776,assist,no
216,1,0,0.5,-0.761330246925354,-0.761330246925354,assist,no
217,1,1,0.7549149868676283,-0.8262966871261597,-1.9512966871261597,assist,yes
218,1,0,0.00023050682844797253,-8.537053108215332,-0.16205357015132904,assist,no
219,1,0,0.0015011824800947912,-6.565142631530762,-0.06514278054237366,assist,no
220,1,0,0.46879062662624377,-1.077826738357544,-0.952826738357544,assist,no
221,1,0,0.0002611903969161807,-8.294068336486816,-0.04406863451004028,assist,no
222,1,0,0.09534946361376598,-2.4579076766967773,-0.20790766179561615,assist,no
223,1,0,0.0066928515681993535,-5.0834221839904785,-0.08342228084802628,assist,no
224,1,0,0.002800926759020172,-5.929444789886475,-0.05444471538066864,assist,no
225,1,0,0.0009110513673334065,-7.057435989379883,-0.057436179369688034,assist,no
226,1,0,0.0011695105174523996,-6.8318681716918945,-0.08186838775873184,assist,no
227,1,0,0.22270013882530884,-1.7188304662704468,-0.4688304662704468,assist,no
228,1,0,0.08509904268669496,-2.5482842922210693,-0.17328426241874695,assist,no
229,1,0,0.10669060246682488,-2.3818016052246094,-0.25680169463157654,assist,no
230,1,0,0.11920293453832885,-2.3216781616210938,-0.3216782808303833,assist,no
231,1,0,0.005911068002522816,-5.176636219024658,-0.05163607373833656,assist,no
232,1,0,0.006692850466114961,-5.0177717208862305,-0.017771651968359947,assist,no
233,1,0,0.004070136900456717,-5.577858924865723,-0.07785872370004654,assist,no
234,1,0,0.005911069731855184,-5.296619892120361,-0.17162004113197327,assist,no
235,1,0,0.06008665438181589,-2.917980432510376,-0.16798050701618195,assist,no
236,1,0,0.22270014398423357,-1.722377896308899,-0.4723779261112213,assist,no
237,1,0,0.00037998455578729416,-7.924727916717529,-0.04972802475094795,assist,no
238,1,0,0.00048785705557092803,-7.669397354125977,-0.04439721629023552,assist,no
239,1,0,0.0007096702987102162,-7.306617259979248,-0.056617118418216705,assist,no
240,1,0,0.00150118227907277,-6.5650224685668945,-0.06502248346805573,assist,no
241,1,0,0.10669059820623795,-2.3430511951446533,-0.2180512398481369,assist,no
242,1,0,0.014063629057762712,-4.2956719398498535,-0.045672085136175156,assist,no
243,1,1,0.7772998560157665,-0.4300817549228668,-1.6800817251205444,assist,yes
244,1,0,0.0052201247263099606,-5.315703392028809,-0.06570320576429367,assist,no
245,1,0,0.0013250221805946513,-6.677151679992676,-0.052151501178741455,assist,no
246,1,0,0.0008040858488309371,-7.160483360290527,-0.03548325225710869,assist,no
247,1,0,0.00280092747176548,-5.895085334777832,-0.020085515454411507,assist,no
248,1,0,0.02033235408469743,-3.978853702545166,-0.103853739798069,assist,no
249,1,0,0.08509903804604459,-2.650981903076172,-0.2759818136692047,assist,no
250,1,0,0.0009110512537403145,-7.019765377044678,-0.019765442237257957,assist,no
251,1,0,0.004070136749449438,-5.652168273925781,-0.15216803550720215,assist,no
252,1,0,0.2018132174596823,-1.6712837219238281,-0.29628369212150574,assist,no
253,1,0,0.00010889686398773782,-9.155584335327148,-0.030583912506699562,assist,no
254,1,0,0.0059110674990464,-5.189620494842529,-0.06462026387453079,assist,no
255,1,0,0.0013250227179159113,-6.665914535522461,-0.040914762765169144,assist,no
256,1,0,0.08509904152653235,-2.5970563888549805,-0.2220563441514969,assist,no
257,1,0,0.014063626423394072,-4.419713497161865,-0.16971345245838165,assist,no
258,1,0,0.1329642436335826,-2.2469606399536133,-0.37196066975593567,assist,no
259,1,0,0.007577240721596851,-4.889148712158203,-0.014148639515042305,assist,no
260,1,0,0.46879062662624377,-1.1438603401184082,-1.0188603401184082,assist,no
261,1,0,0.0006263342513820332,-7.414919376373291,-0.039919525384902954,assist,no
262,1,0,0.009708476051684862,-4.694863796234131,-0.06986375153064728,assist,no
263,1,0,0.0035936022346033897,-5.73205041885376,-0.107050321996212,assist,no
264,1,1,0.5621765008857981,-0.6878483891487122,-0.9378483891487122,assist,yes
265,1,0,0.18242552825126704,-1.841047763824463,-0.3410477936267853,assist,no
266,1,0,0.0013250222003128587,-6.717178821563721,-0.09217865765094757,assist,no
267,1,0,0.0013250223974949503,-6.653502941131592,-0.028502926230430603,assist,no
268,1,0,0.04742586846527418,-3.1499743461608887,-0.14997424185276031,assist,no
269,1,0,0.46879062662624377,-1.1910356283187866,-1.0660356283187866,assist,no
270,1,0,0.0028009274613604376,-5.902586460113525,-0.027586637064814568,assist,no
271,1,0,0.4378234991142019,-0.9762012362480164,-0.7262012362480164,assist,no
272,1,0,0.000552778661621071,-7.539995193481445,-0.039995238184928894,assist,no
273,1,0,0.009708475621895678,-4.74674129486084,-0.12174120545387268,assist,no
274,1,0,0.0024726230831270705,-6.053167343139648,-0.05316731333732605,assist,no
275,1,0,0.0028009266757798557,-5.9181036949157715,-0.04310359060764313,assist,no
276,1,0,0.009708476517289835,-4.673050403594971,-0.048050407320261,assist,no
277,1,1,0.7549149868676283,-0.5855989456176758,-1.7105989456176758,assist,yes
278,1,0,0.0004878570791857214,-7.739126205444336,-0.11412611603736877,assist,no
279,1,1,0.7057850278370112,-0.441178560256958,-1.316178560256958,assist,yes
280,1,0,0.0017007226644316852,-6.521238803863525,-0.14623895287513733,assist,no
281,1,0,0.0013250221756650996,-6.650856971740723,-0.02585678920149803,assist,no
282,1,0,0.00017952791184084533,-8.704957008361816,-0.07995668798685074,assist,no
283,1,0,0.000804085750060471,-7.216043949127197,-0.09104371815919876,assist,no
284,1,1,0.904650527388829,-0.25335630774497986,-2.5033562183380127,assist,yes
285,1,0,0.004070137308176402,-5.55535364151001,-0.05535354092717171,assist,no
286,1,0,0.004070137761198322,-5.519302845001221,-0.0193028561770916,assist,no
287,1,0,0.0024726233771578993,-6.066524028778076,-0.06652411818504333,assist,no
288,1,0,0.00407013711186692,-5.621290683746338,-0.12129053473472595,assist,no
289,1,0,0.012431648383453951,-4.478631496429443,-0.10363129526376724,assist,no
290,1,0,0.2018132150593341,-1.6068540811538696,-0.23185403645038605,assist,no
291,1,0,0.004070137202471295,-5.598336696624756,-0.09833656996488571,assist,no
292,1,0,0.009708477896196999,-4.648137092590332,-0.02313723973929882,assist,no
293,1,0,0.007577239643075814,-4.960848808288574,-0.08584859222173691,assist,no
294,1,0,0.012431651539222537,-4.422142028808594,-0.04714208468794823,assist,no
295,1,0,0.0035936026781285993,-5.635058403015137,-0.010058430023491383,assist,no
296,1,0,0.0021827163439263808,-6.14900016784668,-0.024000121280550957,assist,no
297,1,0,0.00033535008675646344,-8.021507263183594,-0.021507132798433304,assist,no
298,1,0,0.10669060246682488,-2.3997247219085693,-0.2747248113155365,assist,no
299,1,0,0.002182716788140759,-6.13275146484375,-0.00775162223726511,assist,no
300,1,0,0.012431653231446594,-4.46787691116333,-0.0928771048784256,assist,no
301,1,0,0.006692849586924174,-5.033012390136719,-0.03301218897104263,assist,no
302,1,0,0.01798620759333822,-4.15947961807251,-0.15947948396205902,assist,no
303,1,0,0.0013250221707355476,-6.697708606719971,-0.07270842045545578,assist,no
304,1,0,0.04208772491181671,-3.328622579574585,-0.203622505068779,assist,no
305,1,0,0.010986944452187038,-4.521443843841553,-0.021444011479616165,assist,no
306,1,0,0.004609572692159406,-5.43168830871582,-0.056688420474529266,assist,no
307,1,0,0.017986212923033665,-4.020590782165527,-0.020590949803590775,assist,no
308,1,0,0.0013250226513669358,-6.6453423500061035,-0.020342526957392693,assist,no
309,1,1,0.6224593452091672,-0.8741864562034607,-1.3741865158081055,assist,yes
310,1,0,0.0013250222791856916,-6.690461158752441,-0.06546105444431305,assist,no
311,1,1,0.5312093733737563,-0.7299278378486633,-0.8549278378486633,assist,yes
312,1,0,0.004609571256360996,-5.397354602813721,-0.022354401648044586,assist,no
313,1,0,0.18242552825126704,-1.8710237741470337,-0.3710238039493561,assist,no
314,1,0,0.004609571905888793,-5.425506114959717,-0.05050605535507202,assist,no
315,1,0,0.08509905312815914,-2.561966896057129,-0.18696700036525726,assist,no
316,1,0,0.053403325280175794,-2.9925286769866943,-0.11752858757972717,assist,no
317,1,0,0.002472622926923207,-6.030673027038574,-0.030672933906316757,assist,no
318,1,0,0.10669060459711842,-2.2422406673431396,-0.1172407791018486,assist,no
319,1,0,0.0021827165589342425,-6.17227029800415,-0.04727035015821457,assist,no
320,1,0,0.001032230971451175,-6.900485515594482,-0.025485452264547348,assist,no
321,1,0,0.003172683078118521,-5.856410503387451,-0.10641057789325714,assist,no
322,1,0,0.00150118221764938,-6.558109283447266,-0.058109257370233536,assist,no
323,1,0,0.0017007221394642026,-6.404260635375977,-0.02926047518849373,assist,no
324,1,1,0.7310585786300049,-0.4197903871536255,-1.4197903871536255,assist,yes
325,1,1,0.8519527869325346,-0.6387454271316528,-2.3887453079223633,assist,yes
326,1,0,0.02033235363947422,-3.988969326019287,-0.1139693409204483,assist,no
327,1,0,0.0850990357257195,-2.5094361305236816,-0.1344360113143921,assist,no
328,1,0,0.003593602954915036,-5.773562908172607,-0.14856301248073578,assist,no
329,1,0,0.0019267343481195736,-6.315769672393799,-0.0657695084810257,assist,no
330,1,0,0.008577485191955198,-4.806167125701904,-0.05616709962487221,assist,no
331,1,0,0.0075772402873870645,-4.898512840270996,-0.023512709885835648,assist,no
332,1,0,0.09534946361376598,-2.4022297859191895,-0.15222977101802826,assist,no
333,1,0,0.0035936023279771133,-5.657107830047607,-0.03210775926709175,assist,no
334,1,0,0.0040701368098523495,-5.685484409332275,-0.18548418581485748,assist,no
335,1,0,0.0031726821591486257,-5.83760929107666,-0.08760907500982285,assist,no
336,1,0,0.003172682983865187,-5.883530139923096,-0.13353018462657928,assist,no
337,1,0,0.00043055711659632594,-7.840559959411621,-0.09056004136800766,assist,no
338,1,0,0.005220124997139505,-5.339170455932617,-0.08917032182216644,assist,no
339,1,0,0.009708474404159754,-4.665506839752197,-0.040506623685359955,assist,no
340,1,0,0.37754066879814546,-1.0428715944290161,-0.5428715944290161,assist,no
341,1,0,0.004070137655493202,-5.578613758087158,-0.07861374318599701,assist,no
342,1,0,0.0002611904222078356,-8.277057647705078,-0.027058042585849762,assist,no
343,1,0,0.0040701369910610885,-5.588117599487305,-0.08811742067337036,assist,no
344,1,0,0.0953494648991095,-2.5249557495117188,-0.27495574951171875,assist,no
345,1,0,0.0024726236252464386,-6.037374019622803,-0.037374209612607956,assist,no
346,1,0,0.029312232235297192,-3.567410945892334,-0.06741099804639816,assist,no
347,1,0,0.007577243004700326,-4.9812517166137695,-0.10625194758176804,assist,no
348,1,0,0.46879062662624377,-1.127851963043213,-1.002851963043213,assist,no
349,1,0,0.46879062662624377,-1.1044971942901611,-0.9794971942901611,assist,no
350,1,0,0.0013250222151015146,-6.676424503326416,-0.05142435058951378,assist,no
351,1,0,0.022977368906458788,-3.856562376022339,-0.10656233131885529,assist,no
352,1,0,0.0009110511198022095,-7.0645341873168945,-0.06453410536050797,assist,no
353,1,0,0.0006263340776618026,-7.397118091583252,-0.022117963060736656,assist,no
354,1,0,0.0007096704228772573,-7.281980037689209,-0.03198007121682167,assist,no
355,1,0,0.34864513533394575,-1.3891751766204834,-0.7641751766204834,assist,no
356,1,0,0.005220126854256756,-5.291635990142822,-0.04163621366024017,assist,no
357,1,0,0.0013250222101719629,-6.661502838134766,-0.03650268167257309,assist,no
358,1,0,0.006692851865390681,-5.065349578857422,-0.06534972041845322,assist,no
359,1,0,0.007577239699102878,-5.04764461517334,-0.17264440655708313,assist,no
360,1,1,0.5926665999540697,-0.9183989763259888,-1.2933989763259888,assist,yes
361,1,0,0.3486451217982255,-1.2537879943847656,-0.6287879347801208,assist,no
362,1,0,0.009708478451341495,-4.664340019226074,-0.039340224117040634,assist,no
363,1,0,0.0003353501204756171,-8.128486633300781,-0.12848660349845886,assist,no
364,1,0,0.00522012615783771,-5.321178436279297,-0.07117852568626404,assist,no
365,1,0,0.5,-1.0166096687316895,-1.0166096687316895,assist,no
366,1,0,0.02931222820745785,-3.711594581604004,-0.21159449219703674,assist,no
367,1,0,0.14804719427274565,-1.949948787689209,-0.1999487578868866,assist,no
368,1,0,0.005220126825239294,-5.265193462371826,-0.015193680301308632,assist,no
369,1,0,0.029312229903390143,-3.706392288208008,-0.20639225840568542,assist,no
370,1,0,0.00033535029032029444,-8.034830093383789,-0.034830570220947266,assist,no
371,1,0,0.0035936031950189497,-5.6794657707214355,-0.054465942084789276,assist,no
372,1,0,0.000804086049364951,-7.156733512878418,-0.03173365443944931,assist,no
373,1,0,0.04742587284097443,-3.124880790710449,-0.12488078325986862,assist,no
374,1,0,0.0019267347994399943,-6.291589260101318,-0.04158933088183403,assist,no
375,1,0,0.0031726821591486257,-5.7903218269348145,-0.04032161086797714,assist,no
376,1,0,0.07585818315512395,-2.735321283340454,-0.23532132804393768,assist,no
377,1,0,7.484619440275562e-05,-9.514537811279297,-0.014537368901073933,assist,no
378,1,0,0.004070138184018825,-5.556230545043945,-0.056230660527944565,assist,no
379,1,0,0.20181322226037882,-1.7278999090194702,-0.3528999090194702,assist,no
380,1,0,0.002472623542550256,-6.105489253997803,-0.10548941045999527,assist,no
381,1,0,0.017986210883273495,-4.122432231903076,-0.12243228405714035,assist,no
382,1,0,0.0015011822455691024,-6.573147296905518,-0.07314728945493698,assist,no
383,1,0,0.002182716842906922,-6.158616542816162,-0.033616725355386734,assist,no
384,1,0,0.0013250226735499273,-6.689870357513428,-0.06487055122852325,assist,no
385,1,0,0.00043055708132461493,-7.864209175109863,-0.11420917510986328,assist,no
386,1,0,0.0003353500205670236,-8.090474128723145,-0.09047380089759827,assist,no
387,1,0,0.18242553047372242,-1.7082253694534302,-0.20822541415691376,assist,no
388,1,0,0.015906390195666933,-4.184560298919678,-0.059560202062129974,assist,no
389,1,0,0.012431652865560293,-4.484205722808838,-0.10920588672161102,assist,no
390,1,0,0.01243165240820243,-4.476706504821777,-0.10170663148164749,assist,no
391,1,0,0.008577485413711986,-4.818800449371338,-0.06880044937133789,assist,no
392,1,0,0.4378234991142019,-0.99088054895401,-0.74088054895401,assist,no
393,1,1,0.6513548646660542,-0.4843803644180298,-1.1093803644180298,assist,yes
394,1,0,0.0015011824019195573,-6.565389156341553,-0.0653892531991005,assist,no
395,1,0,0.14804720179063335,-2.1430704593658447,-0.3930704891681671,assist,no
396,1,0,0.08509905138791504,-2.4664483070373535,-0.09144838899374008,assist,no
397,1,0,0.00591106819953534,-5.137181758880615,-0.01218164712190628,assist,no
398,1,0,0.0021827166887503197,-6.218264102935791,-0.09326421469449997,assist,no
399,1,0,0.014063627043245474,-4.405396461486816,-0.1553964614868164,assist,no
400,1,0,0.02033235319425102,-3.949371337890625,-0.0743713304400444,assist,no
401,1,0,0.008577486427457372,-4.827251434326172,-0.07725155353546143,assist,no
402,1,0,0.0006263341907548331,-7.446771144866943,-0.07177119702100754,assist,no
403,1,0,0.06008665354025422,-2.886667490005493,-0.13666754961013794,assist,no
404,1,0,0.002472622963677056,-6.038035869598389,-0.038035791367292404,assist,no
405,1,0,0.002182716112691535,-6.158385276794434,-0.03338512405753136,assist,no
406,1,0,0.0021827162911886066,-6.147104740142822,-0.022104669362306595,assist,no
407,1,1,0.880797068590724,-0.2595416009426117,-2.2595415115356445,assist,yes
408,1,0,0.002472622678834738,-6.164472579956055,-0.16447238624095917,assist,no
409,1,0,0.0035936020345168464,-5.656538963317871,-0.03153881058096886,assist,no
410,1,0,0.0028009265197042697,-5.9103922843933105,-0.03539212420582771,assist,no
411,1,0,0.017986209172507078,-4.148409843444824,-0.14840979874134064,assist,no
412,1,0,0.10669060530721626,-2.2617735862731934,-0.1367737054824829,assist,no
413,1,0,0.004609572281931243,-5.41637659072876,-0.041376613080501556,assist,no
414,1,0,0.009708475514448384,-4.668136119842529,-0.04313601925969124,assist,no
415,1,0,0.0420877273148584,-3.1986966133117676,-0.07369659841060638,assist,no
416,1,0,0.46879064146934857,-1.002279281616211,-0.8772793412208557,assist,no
417,1,0,0.0017007223228865573,-6.478977680206299,-0.10397762805223465,assist,no
418,1,0,0.04208773212094217,-3.209284782409668,-0.08428488671779633,assist,no
419,1,0,0.08509903862612588,-2.469304084777832,-0.09430400282144547,assist,no
420,1,0,0.025957359835079137,-3.7413110733032227,-0.11631117761135101,assist,no
421,1,0,0.002472622678834738,-6.059750080108643,-0.05974988639354706,assist,no
422,1,0,0.0015011825694379204,-6.541046142578125,-0.041046351194381714,assist,no
423,1,0,0.005911068637340969,-5.190028667449951,-0.06502863019704819,assist,no
424,1,0,0.0019267350071906994,-6.273689270019531,-0.023689448833465576,assist,no
425,1,0,0.002182716818566405,-6.208915710449219,-0.08391588181257248,assist,no
426,1,0,0.001501182558270029,-6.583030700683594,-0.08303090184926987,assist,no
427,1,0,0.2689414272294874,-1.4104560613632202,-0.4104560911655426,assist,no
428,1,0,0.0031726829603018532,-5.82539176940918,-0.07539180666208267,assist,no
429,1,0,0.017986206408961668,-4.075356960296631,-0.07535675913095474,assist,no
430,1,0,0.0031726828896118543,-5.826848030090332,-0.07684804499149323,assist,no
431,1,0,0.0046095719400744695,-5.484677791595459,-0.1096777394413948,assist,no
432,1,1,0.9740426405416754,-0.13870319724082947,-3.7637031078338623,assist,yes
433,1,0,0.0005527785957611495,-7.58037805557251,-0.0803779810667038,assist,no
434,1,0,0.006692851401029238,-5.007823467254639,-0.007823538966476917,assist,no
435,1,0,0.46879062662624377,-0.7660393714904785,-0.6410393714904785,assist,no
436,1,0,0.08509903688588204,-2.472659111022949,-0.09765900671482086,assist,no
437,1,0,0.20181321265898594,-1.7164130210876465,-0.3414129614830017,assist,no
438,1,0,0.007577242892646153,-4.948850631713867,-0.0738508477807045,assist,no
439,1,0,0.025957357386174145,-3.7356221675872803,-0.11062217503786087,assist,no
440,1,0,0.09534947518185825,-2.4399404525756836,-0.18994057178497314,assist,no
441,1,0,0.002472623285273262,-6.060394763946533,-0.06039481610059738,assist,no
442,1,0,0.0015011823572479975,-6.520463466644287,-0.02046353369951248,assist,no
443,1,0,0.09534947261117097,-2.4182426929473877,-0.16824278235435486,assist,no
444,1,0,0.00026119031131367456,-8.306222915649414,-0.056222885847091675,assist,no
445,1,0,0.13296423504419938,-2.0202136039733887,-0.1452135592699051,assist,no
446,1,0,0.008577485619629007,-4.777728080749512,-0.02772810496389866,assist,no
447,1,0,0.09534947261117097,-2.5344135761260986,-0.2844136655330658,assist,no
448,1,0,0.005220125074519377,-5.349461555480957,-0.09946143627166748,assist,no
449,1,0,0.01590639031229368,-4.282719612121582,-0.15771952271461487,assist,no
450,1,0,0.09534947261117097,-2.4274742603302,-0.17747434973716736,assist,no
451,1,0,0.00591106819406277,-5.131149768829346,-0.006149656139314175,assist,no
452,1,0,0.0015011825359342464,-6.573256015777588,-0.07325620204210281,assist,no
453,1,0,0.05340332377362639,-3.018834114074707,-0.14383399486541748,assist,no
454,1,0,0.13296425050508953,-2.1901674270629883,-0.31516751646995544,assist,no
455,1,0,0.03308597576681317,-3.497687578201294,-0.12268749624490738,assist,no
456,1,0,0.012431652957031865,-4.474617958068848,-0.09961812943220139,assist,no
457,1,0,0.0013250225552406444,-6.698015213012695,-0.07301531732082367,assist,no
458,1,0,0.00043055713583544226,-7.789365768432617,-0.039365895092487335,assist,no
459,1,1,0.7057850278370112,-0.5295454263687134,-1.4045454263687134,assist,yes
460,1,0,0.34864513533394575,-1.3082388639450073,-0.6832388639450073,assist,no
461,1,0,0.02595735682104226,-3.723156452178955,-0.09815643727779388,assist,no
462,1,0,0.0004305569819225358,-7.840544700622559,-0.09054446965456009,assist,no
463,1,0,0.1066905854244781,-2.376852035522461,-0.2518519461154938,assist,no
464,1,0,0.5,-0.8576508164405823,-0.8576508164405823,assist,no
465,1,0,0.025957357951306048,-3.831012010574341,-0.2060120403766632,assist,no
466,1,0,0.0001795279566419769,-8.674367904663086,-0.04936783388257027,assist,no
467,1,0,0.003593603415114218,-5.65084981918335,-0.025850052013993263,assist,no
468,1,0,0.0008040858488309371,-7.147063732147217,-0.02206362411379814,assist,no
469,1,0,0.001700722778280076,-6.4170684814453125,-0.04206869751214981,assist,no
470,1,0,0.0005527785813542928,-7.535158157348633,-0.035158056765794754,assist,no
471,1,0,0.00048785718454404407,-7.696906089782715,-0.07190621644258499,assist,no
472,1,0,0.020332351116542875,-3.9226393699645996,-0.047639258205890656,assist,no
473,1,0,0.04742587502882471,-3.0521228313446045,-0.052122872322797775,assist,no
474,1,1,0.7981867873410141,-0.3114609122276306,-1.6864609718322754,assist,yes
475,1,0,0.02297737258620403,-3.8809571266174316,-0.1309572458267212,assist,no
476,1,0,0.007577240623549478,-4.931710243225098,-0.05671015754342079,assist,no
477,1,0,0.16451645470385742,-2.001481056213379,-0.37648099660873413,assist,no
478,1,0,0.0021827161674576804,-6.13350248336792,-0.0085023557767272,assist,no
479,1,0,0.0035936023413162166,-5.70292329788208,-0.0779232308268547,assist,no
480,1,1,0.9902915250944195,-0.09866507351398468,-4.723665237426758,assist,yes
481,1,0,0.2689414272294874,-1.4104560613632202,-0.4104560911655426,assist,no
482,1,0,0.014063626526702639,-4.314144134521484,-0.06414409726858139,assist,no
483,1,0,0.0008040858937266077,-7.239773750305176,-0.1147736981511116,assist,no
484,1,0,0.015906392411575272,-4.257099151611328,-0.1320991963148117,assist,no
485,1,0,0.00015843628637706353,-8.850875854492188,-0.10087627917528152,assist,no
486,1,0,0.0019267343624472047,-6.3436479568481445,-0.093647800385952,assist,no
487,1,0,0.0007096703409798449,-7.306583404541016,-0.05658332258462906,assist,no
488,1,0,0.24508500210441886,-1.6349356174468994,-0.5099355578422546,assist,no
489,1,0,0.00591106763038807,-5.204754829406738,-0.07975462079048157,assist,no
490,1,0,0.0031726825597252145,-5.818858623504639,-0.06885853409767151,assist,no
491,1,0,0.0031726833962235465,-5.804676055908203,-0.05467623099684715,assist,no
492,1,0,0.01243164938964095,-4.488192558288574,-0.11319243907928467,assist,no
493,1,1,0.5926665999540697,-0.7508360147476196,-1.1258360147476196,assist,yes
494,1,0,0.13296425394084313,-2.13051700592041,-0.2555171251296997,assist,no
495,1,0,0.06754668832401889,-2.8278470039367676,-0.202846959233284,assist,no
496,1,0,0.003172682418345236,-5.869438648223877,-0.11943851411342621,assist,no
497,1,0,0.0031726821238036353,-5.810845851898193,-0.06084562465548515,assist,no
498,1,1,0.6513548511303336,-0.4452720284461975,-1.0702719688415527,assist,yes
499,1,0,0.0953494648991095,-2.51963472366333,-0.2696347236633301,assist,no
500,1,0,0.03732689082456911,-3.2951340675354004,-0.04513416439294815,assist,no
501,1,0,0.0021827160802375236,-6.149428367614746,-0.024428199976682663,assist,no
502,1,0,0.020332352749027827,-3.9818427562713623,-0.10684272646903992,assist,no
503,1,0,0.001325022629183945,-6.68270206451416,-0.05770222470164299,assist,no
504,1,0,0.07585817270885642,-2.6870429515838623,-0.18704284727573395,assist,no
505,1,0,0.22270012850745968,-1.685368537902832,-0.43536847829818726,assist,no
506,1,0,0.0028009265821345034,-5.935171604156494,-0.0601714663207531,assist,no
507,1,0,0.029312227783474795,-3.6374566555023193,-0.13745655119419098,assist,no
508,1,0,0.007577241211833736,-4.9507856369018555,-0.07578562945127487,assist,no
509,1,0,0.001501182491262682,-6.513286113739014,-0.013286270201206207,assist,no
510,1,0,0.010986944654586371,-4.542121887207031,-0.04212207347154617,assist,no
511,1,0,0.08509904036636974,-2.615931749343872,-0.2409316897392273,assist,no
512,1,0,0.00037998443551104746,-7.906162738800049,-0.031162530183792114,assist,no
513,1,0,0.0015011822567369915,-6.564889430999756,-0.06488943099975586,assist,no
514,1,0,0.0015011823377041901,-6.528869152069092,-0.028869206085801125,assist,no
515,1,0,0.06008664596619963,-2.8955018520355225,-0.1455017775297165,assist,no
516,1,0,0.00970847519210651,-4.840113639831543,-0.21511350572109222,assist,no
517,1,0,0.014063629832577114,-4.31172513961792,-0.06172534078359604,assist,no
518,1,0,0.003172683408005215,-5.804559230804443,-0.054559409618377686,assist,no
519,1,0,0.005911068177645059,-5.132862567901611,-0.007862452417612076,assist,no
520,1,0,0.0021827165427072332,-6.209103584289551,-0.08410362899303436,assist,no
521,1,0,0.0011695101432087622,-6.894851207733154,-0.14485110342502594,assist,no
522,1,0,0.037326883194374896,-3.292184591293335,-0.04218447580933571,assist,no
523,1,0,0.24508501864634827,-1.5043203830718994,-0.3793204128742218,assist,no
524,1,0,0.006692849871732445,-5.009594440460205,-0.009594282135367393,assist,no
525,1,0,0.007577241968199277,-4.9161200523376465,-0.041120145469903946,assist,no
526,1,0,0.4073334000459302,-0.9967303276062012,-0.6217303276062012,assist,no
527,1,0,0.03308597648187432,-3.4678430557250977,-0.09284299612045288,assist,no
528,1,1,0.8807970779778823,-0.1915736198425293,-2.1915736198425293,assist,yes
529,1,0,0.0019267342621537913,-6.291345596313477,-0.04134538769721985,assist,no
530,1,0,0.037326888415033926,-3.4957215785980225,-0.24572160840034485,assist,no
531,1,0,0.1192029188930649,-2.246868371963501,-0.2468683421611786,assist,no
532,1,0,0.015906391070367558,-4.185365676879883,-0.06036563590168953,assist,no
533,1,0,0.13296425050508953,-2.1739487648010254,-0.29894885420799255,assist,no
534,1,0,0.0075772399792382,-4.967731475830078,-0.0927313044667244,assist,no
535,1,0,0.2018132198600306,-1.6062055826187134,-0.23120556771755219,assist,no
536,1,0,0.00757724241641593,-4.916220664978027,-0.04122081771492958,assist,no
537,1,0,0.3486451217982255,-1.1535825729370117,-0.5285825133323669,assist,no
538,1,0,0.006692849958413225,-5.047691345214844,-0.04769119992852211,assist,no
539,1,0,0.0015011823907516671,-6.591791152954102,-0.09179124236106873,assist,no
540,1,0,0.0008040860583440871,-7.175273418426514,-0.05027357116341591,assist,no
541,1,0,0.0019267344484129915,-6.316605091094971,-0.06660497933626175,assist,no
542,1,0,0.007577240259373531,-4.958270072937012,-0.08326993882656097,assist,no
543,1,0,0.001032231213458819,-6.977935314178467,-0.10293548554182053,assist,no
544,1,0,0.05340332829327471,-3.0118658542633057,-0.13686582446098328,assist,no
545,1,0,0.14804719427274565,-1.9823869466781616,-0.23238691687583923,assist,no
546,1,0,0.18242552602881168,-1.7312599420547485,-0.23125995695590973,assist,no
547,1,0,0.4378234844434674,-1.1750049591064453,-0.9250048995018005,assist,no
548,1,0,0.13296423676207594,-2.1399402618408203,-0.2649402320384979,assist,no
549,1,0,0.0373268852023206,-3.455806016921997,-0.2058059573173523,assist,no
550,1,0,0.0002959571239839758,-8.144344329833984,-0.01934436522424221,assist,no
551,1,0,0.0024726230463732192,-6.084025859832764,-0.08402581512928009,assist,no
552,1,0,0.13296425394084313,-2.202828884124756,-0.3278290033340454,assist,no
553,1,0,0.0011695105348590836,-6.824613094329834,-0.07461332529783249,assist,no
554,1,0,0.3486451217982255,-1.2650487422943115,-0.6400486826896667,assist,no
555,1,0,0.03308597457504463,-3.602283477783203,-0.22728335857391357,assist,no
556,1,0,0.18242552825126704,-1.9003125429153442,-0.4003125727176666,assist,no
557,1,0,0.0040701368249530774,-5.544488430023193,-0.04448821023106575,assist,no
558,1,0,0.007577240623549478,-4.912919044494629,-0.03791895881295204,assist,no
559,1,0,0.0002959572457770901,-8.164202690124512,-0.039203137159347534,assist,no
560,1,0,0.02033235430730904,-3.920778512954712,-0.045778561383485794,assist,no
561,1,0,0.002472622926923207,-6.013179779052734,-0.013179685920476913,assist,no
562,1,0,0.0019267344340853601,-6.45478630065918,-0.20478618144989014,assist,no
563,1,0,0.09534947132582737,-2.411041259765625,-0.16104133427143097,assist,no
564,1,0,0.0024726228442270475,-6.084473133087158,-0.08447300642728806,assist,no
565,1,0,0.08509904268669496,-2.600886583328247,-0.22588655352592468,assist,no
566,1,0,0.012431652499674001,-4.527220726013184,-0.15222086012363434,assist,no
567,1,0,0.006692850713774359,-5.021131992340088,-0.021131960675120354,assist,no
568,1,0,0.14804719051380197,-2.011760711669922,-0.2617606520652771,assist,no
569,1,0,0.003172683349096874,-5.782096862792969,-0.032097022980451584,assist,no
570,1,0,0.0006263343026819763,-7.4567155838012695,-0.08171581476926804,assist,no
571,1,0,0.08509905080783367,-2.601116418838501,-0.22611649334430695,assist,no
572,1,0,0.015906388912772775,-4.188740253448486,-0.063740074634552,assist,no
573,1,0,0.03308597505175204,-3.4950568675994873,-0.12005676329135895,assist,no
574,1,0,0.02931222799546632,-3.586402654647827,-0.08640255779027939,assist,no
575,1,0,0.060086656906500974,-3.0148963928222656,-0.2648965120315552,assist,no
576,1,0,0.0017007226581067746,-6.4267473220825195,-0.05174746736884117,assist,no
577,1,0,0.0007096702458731843,-7.294983386993408,-0.04498317092657089,assist,no
578,1,0,0.000804085857810071,-7.165934085845947,-0.040933988988399506,assist,no
579,1,0,0.025957355314023947,-3.7261781692504883,-0.10117809474468231,assist,no
580,1,0,0.017986207922331722,-4.059055328369141,-0.05905521288514137,assist,no
581,1,0,0.4378234991142019,-0.992297351360321,-0.742297351360321,assist,no
582,1,0,0.1329642419157059,-2.1050362586975098,-0.23003627359867096,assist,no
583,1,0,0.0758581737534831,-2.797109842300415,-0.2971097528934479,assist,no
584,1,0,0.24508500761839525,-1.5216789245605469,-0.3966788947582245,assist,no
585,1,0,0.007577241379914961,-4.992876052856445,-0.1178760677576065,assist,no
586,1,0,0.5,-1.0307461023330688,-1.0307461023330688,assist,no
587,1,0,0.06754669864792355,-2.7993764877319336,-0.17437660694122314,assist,no
588,1,0,0.03732688573777281,-3.402479887008667,-0.1524798423051834,assist,no
589,1,0,0.006692852212113911,-5.0592241287231445,-0.05922432243824005,assist,no
590,1,0,0.0011695105435624257,-6.778506278991699,-0.02850651741027832,assist,no
591,1,0,0.0019267349964449726,-6.279477119445801,-0.02947729267179966,assist,no
592,1,1,0.7549149868676283,-0.5000194311141968,-1.6250194311141968,assist,yes
593,1,0,0.00020342705836828327,-8.571133613586426,-0.07113400846719742,assist,no
594,1,0,0.2018132270610754,-1.730496883392334,-0.35549691319465637,assist,no
595,1,0,0.0040701368325034406,-5.522170066833496,-0.022169848904013634,assist,no
596,1,0,0.0008040860613371324,-7.227245807647705,-0.10224596410989761,assist,no
597,1,0,0.03308597934211908,-3.464919328689575,-0.08991935849189758,assist,no
598,1,0,0.012431652659749253,-4.399683952331543,-0.024684099480509758,assist,no
599,1,0,0.004070138380328358,-5.536586761474609,-0.03658692538738251,assist,no
600,1,0,0.1480472055495773,-2.002441167831421,-0.2524412274360657,assist,no
601,1,0,0.06008665522337757,-3.115751266479492,-0.36575135588645935,assist,no
602,1,0,0.0005527786081098843,-7.535299777984619,-0.03529972583055496,assist,no
603,1,0,0.003593603248375377,-5.686575412750244,-0.061575599014759064,assist,no
604,1,0,0.005911069830361474,-5.142429351806641,-0.017429517582058907,assist,no
605,1,0,0.0021827165345937286,-6.15873908996582,-0.033739130944013596,assist,no
606,1,0,0.02033235482673614,-3.9482262134552,-0.07322628796100616,assist,no
607,1,0,0.006692851023348621,-5.065411567687988,-0.06541158258914948,assist,no
608,1,0,0.0024726232117655536,-6.08593225479126,-0.08593227714300156,assist,no
609,1,0,0.014063627456479755,-4.337819576263428,-0.08781960606575012,assist,no
610,1,0,0.29421496597446145,-1.293116807937622,-0.4181167781352997,assist,no
611,1,0,0.004070137142068378,-5.578481197357178,-0.07848105579614639,assist,no
612,1,0,0.006692850676625449,-5.065065860748291,-0.06506582349538803,assist,no
613,1,0,0.005220126506047222,-5.301609992980957,-0.05161014944314957,assist,no
614,1,0,0.004070138063212962,-5.521628379821777,-0.02162846550345421,assist,no
615,1,0,0.029312233295254994,-3.614931106567383,-0.11493119597434998,assist,no
616,1,0,0.0010322309330372686,-6.9205803871154785,-0.04558028653264046,assist,no
617,1,0,0.037326887344129464,-3.516214609146118,-0.26621460914611816,assist,no
618,1,0,0.0019267348782419833,-6.3163275718688965,-0.06632768362760544,assist,no
619,1,0,0.0021827164777991977,-6.218961238861084,-0.09396125376224518,assist,no
620,1,0,0.00033535016543449395,-8.202329635620117,-0.20232973992824554,assist,no
621,1,0,0.29421497216298875,-1.4851030111312866,-0.6101030111312866,assist,no
622,1,0,0.2942149845400438,-1.5544562339782715,-0.6794562935829163,assist,no
623,1,0,0.5,-1.093660831451416,-1.093660831451416,assist,no
624,1,0,0.0024726234506656126,-6.066677570343018,-0.06667768955230713,assist,no
625,1,0,0.03308597981882656,-3.5693986415863037,-0.1943986862897873,assist,no
626,1,0,0.0052201245328602945,-5.3083176612854,-0.05831743776798248,assist,no
627,1,0,0.01590639171181471,-4.221498012542725,-0.09649801254272461,assist,no
628,1,0,0.000804086085281496,-7.140940189361572,-0.01594037562608719,assist,no
629,1,0,0.004070138138716626,-5.60813045501709,-0.1081305593252182,assist,no
630,1,0,0.0052201259256980485,-5.301357269287109,-0.05135731399059296,assist,no
631,1,0,0.001032230829319728,-6.956993579864502,-0.08199337869882584,assist,no
632,1,0,0.0008040858398518034,-7.176138401031494,-0.05113828182220459,assist,no
633,1,0,0.18242552380635632,-1.773070216178894,-0.27307021617889404,assist,no
634,1,0,0.24508501313237172,-1.6972103118896484,-0.5722103118896484,assist,no
635,1,0,0.012431651859373016,-4.48691987991333,-0.11191996186971664,assist,no
636,1,0,0.06754669489377622,-2.724727153778076,-0.09972721338272095,assist,no
637,1,0,0.1066905911052601,-2.3819942474365234,-0.25699421763420105,assist,no
638,1,0,0.00970847469068584,-4.732802867889404,-0.10780268162488937,assist,no
639,1,0,0.04742587250438209,-3.1476123332977295,-0.1476123183965683,assist,no
640,1,0,0.2018132270610754,-1.7336591482162476,-0.35865917801856995,assist,no
641,1,0,0.0015011825359342464,-6.616817474365234,-0.1168176606297493,assist,no
642,1,0,0.02033235363947422,-3.9335827827453613,-0.05858279764652252,assist,no
643,1,0,0.037326890021390696,-3.373396396636963,-0.12339647114276886,assist,no
644,1,0,0.2689414096510108,-1.7215523719787598,-0.721552312374115,assist,no
645,1,0,0.0017007227656302545,-6.49372673034668,-0.1187269389629364,assist,no
646,1,0,0.37754066879814546,-1.3447502851486206,-0.8447502851486206,assist,no
647,1,0,0.01798620575097472,-4.090289115905762,-0.09028887748718262,assist,no
648,1,0,0.13296424019782924,-2.181675434112549,-0.30667543411254883,assist,no
649,1,0,0.06754669020109236,-2.8494770526885986,-0.22447703778743744,assist,no
650,1,0,0.00043055712942240344,-7.79401969909668,-0.04401981085538864,assist,no
651,1,0,0.13296425394084313,-2.143721103668213,-0.26872122287750244,assist,no
652,1,0,0.37754066879814546,-1.033864974975586,-0.5338649749755859,assist,no
653,1,0,0.06754669395523943,-2.8256783485412598,-0.20067839324474335,assist,no
654,1,0,0.02297737225168171,-3.8929083347320557,-0.14290843904018402,assist,no
655,1,0,0.0019267342908090516,-6.325891017913818,-0.07589082419872284,assist,no
656,1,0,0.46879062662624377,-0.9594986438751221,-0.8344986438751221,assist,no
657,1,0,0.004609573256223189,-5.408698558807373,-0.03369879350066185,assist,no
658,1,0,0.0021827163642101403,-6.201830863952637,-0.07683082669973373,assist,no
659,1,0,0.02595735757455145,-3.727950096130371,-0.10295011103153229,assist,no
660,1,1,0.5312093733737563,-0.6411735415458679,-0.7661735415458679,assist,yes
661,1,0,0.0040701380481122295,-5.549655914306641,-0.04965599626302719,assist,no
662,1,0,0.3775406828054583,-1.0468082427978516,-0.5468083024024963,assist,no
663,1,0,0.002800926800640331,-6.0078020095825195,-0.13280194997787476,assist,no
664,1,0,0.0003353499831013087,-8.071053504943848,-0.07105306535959244,assist,no
665,1,0,0.0024726234690425402,-6.043225288391113,-0.04322541505098343,assist,no
666,1,0,0.004070138561537168,-5.562784671783447,-0.06278488039970398,assist,no
667,1,0,0.0017007227150309691,-6.458076477050781,-0.08307665586471558,assist,no
668,1,0,0.042087728215999064,-3.233992099761963,-0.10899210721254349,assist,no
669,1,0,0.01798621364681958,-4.209118366241455,-0.2091185748577118,assist,no
670,1,0,0.01798621259404007,-4.191812515258789,-0.191812664270401,assist,no
671,1,0,0.37754066879814546,-0.9915146231651306,-0.4915146231651306,assist,no
672,1,0,0.0011695102291542382,-6.762614727020264,-0.01261469628661871,assist,no
673,1,0,0.0028009268266529306,-5.897002220153809,-0.022002169862389565,assist,no
674,1,0,0.014063625286999904,-4.327101707458496,-0.07710158079862595,assist,no
675,1,0,0.005220126622117065,-5.329608917236328,-0.07960909605026245,assist,no
676,1,0,0.24508501313237172,-1.5093847513198853,-0.38438475131988525,assist,no
677,1,0,0.00023050679754172573,-8.437870979309082,-0.0628713071346283,assist,no
678,1,0,0.0850990438468576,-2.4673991203308105,-0.09239910542964935,assist,no
679,1,0,0.002182716283075103,-6.185343265533447,-0.060343191027641296,assist,no
680,1,0,0.0028009270191461763,-5.919259548187256,-0.04425956681370735,assist,no
681,1,0,0.0019267346024350357,-6.279682636260986,-0.02968260459601879,assist,no
682,1,0,0.13296423504419938,-2.0780959129333496,-0.20309586822986603,assist,no
683,1,0,0.07585818837825822,-2.646486282348633,-0.14648640155792236,assist,no
684,1,0,0.002800926738210093,-5.913893222808838,-0.038893140852451324,assist,no
685,1,0,0.012431651950844584,-4.487123966217041,-0.11212405562400818,assist,no
686,1,0,0.02595735813968335,-3.7133657932281494,-0.0883658304810524,assist,no
687,1,0,0.18242551936144574,-1.8800292015075684,-0.38002917170524597,assist,no
688,1,0,0.00029595700108871225,-8.164051055908203,-0.03905067592859268,assist,no
689,1,0,0.0052201262739075445,-5.360507965087891,-0.11050807684659958,assist,no
690,1,0,0.06754668738548215,-2.9378039836883545,-0.3128039240837097,assist,no
691,1,0,0.4378234991142019,-1.0083450078964233,-0.7583450078964233,assist,no
692,1,0,0.2689414096510108,-1.6181349754333496,-0.6181349158287048,assist,no
693,1,0,0.0024726228442270475,-6.084473133087158,-0.08447300642728806,assist,no
694,1,0,0.0015011824019195573,-6.573308944702148,-0.0733090415596962,assist,no
695,1,0,0.00013982203085810698,-8.954426765441895,-0.07942644506692886,assist,no
696,1,0,0.04208772671409796,-3.4269630908966064,-0.30196306109428406,assist,no
697,1,0,0.009708476123316394,-4.720630645751953,-0.09563060849905014,assist,no
698,1,0,0.053403333566198224,-3.0943846702575684,-0.21938474476337433,assist,no
699,1,0,0.00023050667649229873,-8.409896850585938,-0.03489665314555168,assist,no
700,1,0,0.0031726825832885442,-5.845694065093994,-0.09569398313760757,assist,no
701,1,0,0.2689414213699951,-1.3994494676589966,-0.3994494676589966,assist,no
702,1,0,0.20181322226037882,-1.826096534729004,-0.4510965347290039,assist,no
703,1,0,0.017986211278065763,-4.231090068817139,-0.23109014332294464,assist,no
704,1,0,0.029312227783474795,-3.662205219268799,-0.16220511496067047,assist,no
705,1,0,0.002800926405248846,-5.893218994140625,-0.018218792974948883,assist,no
706,1,1,0.7549149868676283,-0.6498994827270508,-1.7748994827270508,assist,yes
707,1,0,0.22270013366638422,-1.6941558122634888,-0.4441557824611664,assist,no
708,1,0,0.002800926759020172,-6.023805141448975,-0.14880506694316864,assist,no
709,1,0,0.017986207461740823,-4.019577980041504,-0.019577838480472565,assist,no
710,1,0,0.001325022621789615,-6.654112815856934,-0.02911297045648098,assist,no
711,1,0,0.0758581784543034,-2.5846595764160156,-0.08465955406427383,assist,no
712,1,0,0.008577485033557495,-4.893873691558838,-0.1438736468553543,assist,no
713,1,0,0.01798621417320936,-4.162349700927734,-0.16234993934631348,assist,no
714,1,0,0.29421497216298875,-1.5238598585128784,-0.6488598585128784,assist,no
715,1,0,0.13296423676207594,-2.144552707672119,-0.26955267786979675,assist,no
716,1,0,0.004609572965644868,-5.455844879150391,-0.08084505051374435,assist,no
717,1,0,0.0035936033550882348,-5.720802307128906,-0.09580252319574356,assist,no
718,1,0,0.02931223202330563,-3.6343162059783936,-0.13431625068187714,assist,no
719,1,0,0.09534947261117097,-2.5215914249420166,-0.27159151434898376,assist,no
720,1,0,0.00757724079163069,-4.903652667999268,-0.028652604669332504,assist,no
721,1,0,0.0017007220698902112,-6.42673397064209,-0.05173376947641373,assist,no
722,1,0,0.0052201253453489395,-5.2915449142456055,-0.041544847190380096,assist,no
723,1,0,0.0005527786245748641,-7.544439315795898,-0.04443929344415665,assist,no
724,1,0,0.0017007227909298973,-6.448822498321533,-0.07382272183895111,assist,no
725,1,1,0.9579122690805788,-0.1828523427248001,-3.307852268218994,assist,yes
726,1,0,0.07585818315512395,-2.6961207389831543,-0.19612078368663788,assist,no
727,1,0,0.0953494648991095,-2.475996971130371,-0.2259969711303711,assist,no
728,1,0,0.05340333055309901,-3.061656951904297,-0.18665696680545807,assist,no
729,1,0,0.01798620785653302,-4.33615255355835,-0.33615243434906006,assist,no
730,1,0,0.002182716234394082,-6.162117958068848,-0.037117861211299896,assist,no
731,1,0,0.022977368906458788,-3.9042813777923584,-0.15428133308887482,assist,no
732,1,0,0.037326887611855576,-3.3343238830566406,-0.08432389050722122,assist,no
733,1,0,0.0009110512215273508,-7.050545692443848,-0.050545722246170044,assist,no
734,1,0,0.002182716591388261,-6.184431076049805,-0.05943114310503006,assist,no
735,1,0,0.014063627508134042,-4.29658842086792,-0.04658845439553261,assist,no
736,1,0,0.00970847504884346,-4.703704357147217,-0.07870420813560486,assist,no
737,1,0,0.0021827167374313507,-6.219178676605225,-0.09417881071567535,assist,no
738,1,0,0.0006263343026819763,-7.455709457397461,-0.08070968836545944,assist,no
739,1,0,0.00043055698833557247,-7.841674327850342,-0.09167411178350449,assist,no
740,1,0,0.006692851667263128,-5.05290412902832,-0.052904240787029266,assist,no
741,1,0,0.37754066879814546,-0.9925665855407715,-0.4925665855407715,assist,no
742,1,1,0.5312093733737563,-0.6846035122871399,-0.8096035122871399,assist,yes
743,1,0,0.0003353501398329106,-8.030745506286621,-0.030745534226298332,assist,no
744,1,0,0.042087729117139754,-3.16957688331604,-0.04457691311836243,assist,no
745,1,0,0.01590639544387138,-4.252455711364746,-0.1274559497833252,assist,no
746,1,1,0.5621765008857981,-1.0400055646896362,-1.2900055646896362,assist,yes
747,1,0,0.008577486237380102,-4.8455305099487305,-0.09553060680627823,assist,no
748,1,0,0.0011695105261557417,-6.831826210021973,-0.08182643353939056,assist,no
749,1,0,0.010986940414321057,-4.512740612030029,-0.012740408070385456,assist,no
750,1,0,0.002800926613349621,-5.902716636657715,-0.027716509997844696,assist,no
751,1,0,0.3208213138121609,-1.3541243076324463,-0.6041243672370911,assist,no
752,1,0,0.00033535008051217613,-8.101064682006836,-0.101064532995224,assist,no
753,1,0,0.2018132270610754,-1.6591274738311768,-0.28412750363349915,assist,no
754,1,0,0.014063625803542697,-4.461291313171387,-0.21129122376441956,assist,no
755,1,0,0.2018132270610754,-1.861564040184021,-0.4865640699863434,assist,no
756,1,0,0.005220125848318164,-5.313762187957764,-0.06376221776008606,assist,no
757,1,0,0.04208772986809033,-3.169863224029541,-0.044863272458314896,assist,no
758,1,0,0.26894141551050293,-1.3335018157958984,-0.33350178599357605,assist,no
759,1,0,0.000709670539118762,-7.274985313415527,-0.024985510855913162,assist,no
760,1,0,0.0017007227150309691,-6.458076477050781,-0.08307665586471558,assist,no
761,1,0,0.042087729117139754,-3.2400519847869873,-0.11505201458930969,assist,no
762,1,0,0.022977369575503337,-3.856383800506592,-0.1063837856054306,assist,no
763,1,0,0.08509904268669496,-2.6358320713043213,-0.2608320415019989,assist,no
764,1,0,0.004070138380328358,-5.545184135437012,-0.04518429934978485,assist,no
765,1,0,0.006692850825221093,-5.043306827545166,-0.04330681264400482,assist,no
766,1,0,0.02931223371923813,-3.598677396774292,-0.09867750108242035,assist,no
767,1,0,0.01590639235326189,-4.180718421936035,-0.05571846291422844,assist,no
768,1,0,0.18242552380635632,-1.7582837343215942,-0.25828373432159424,assist,no
769,1,0,0.4073334000459302,-1.0929031372070312,-0.7179031372070312,assist,no
770,1,0,0.03308597958047282,-3.495042562484741,-0.1200425997376442,assist,no
771,1,1,0.6513548646660542,-0.5817468166351318,-1.2067468166351318,assist,yes
772,1,0,0.009708477726072078,-4.639151096343994,-0.014151225797832012,assist,no
773,1,0,0.002472623432288684,-6.074665546417236,-0.07466565817594528,assist,no
774,1,0,0.24508502416032488,-1.478330135345459,-0.35333019495010376,assist,no
775,1,0,0.0007096703356961413,-7.331185817718506,-0.0811857283115387,assist,no
776,1,1,0.979667644579633,-0.22089014947414398,-4.095890045166016,assist,yes
777,1,0,0.00015843627575476622,-8.77677059173584,-0.026770949363708496,assist,no
778,1,0,0.04208772671409796,-3.2715961933135986,-0.14659616351127625,assist,no
779,1,0,0.2689414213699951,-1.3889168500900269,-0.38891685009002686,assist,no
780,1,0,0.029312233189259213,-3.537329912185669,-0.03732999786734581,assist,no
781,1,0,0.04208773212094217,-3.3563337326049805,-0.23133383691310883,assist,no
782,1,0,0.007577240035265265,-4.883366107940674,-0.008365944027900696,assist,no
783,1,0,0.0028009273000822866,-5.942471504211426,-0.06747162342071533,assist,no
784,1,0,0.0005527786863185436,-7.590285301208496,-0.09028539061546326,assist,no
785,1,0,0.0009110513435975354,-7.183659553527832,-0.18365971744060516,assist,no
786,1,0,0.014063626423394072,-4.377387046813965,-0.12738700211048126,assist,no
787,1,0,0.042087731520181665,-3.2782108783721924,-0.15321096777915955,assist,no
788,1,0,0.0011695101432087622,-6.85282039642334,-0.10282029211521149,assist,no
789,1,0,0.0005527787521784759,-7.525055408477783,-0.025055617094039917,assist,no
790,1,0,0.0006263340228641561,-7.425167560577393,-0.05016734451055527,assist,no
791,1,0,0.0758581737534831,-2.8358545303344727,-0.3358544409275055,assist,no
792,1,0,0.01243165222525929,-4.467189311981201,-0.09218942373991013,assist,no
793,1,0,0.014063626423394072,-4.377387046813965,-0.12738700211048126,assist,no
794,1,0,0.009708474207173075,-4.644667148590088,-0.01966691203415394,assist,no
795,1,0,0.46879062662624377,-0.787109375,-0.662109375,assist,no
796,1,0,0.002800927601828512,-5.897644519805908,-0.02264474704861641,assist,no
797,1,0,0.14804719427274565,-2.192584991455078,-0.44258496165275574,assist,no
798,1,0,0.2018132270610754,-1.7336591482162476,-0.35865917801856995,assist,no
799,1,0,0.002182716201940069,-6.199960231781006,-0.0749601200222969,assist,no
800,1,0,0.02595735719779685,-3.7615294456481934,-0.13652944564819336,assist,no
801,1,0,0.0010322308139541674,-6.900269031524658,-0.025268815457820892,assist,no
802,1,0,0.002472622688023199,-6.030821323394775,-0.03082113340497017,assist,no
803,1,0,0.025957357386174145,-3.699514627456665,-0.07451463490724564,assist,no
804,1,0,0.004070137413881512,-5.577273368835449,-0.07727329432964325,assist,no
805,1,0,0.00048785704285527056,-7.6561198234558105,-0.031119659543037415,assist,no
806,1,0,0.34864513533394575,-1.2300750017166138,-0.6050750017166138,assist,no
807,1,0,0.002472623266896334,-6.094817161560059,-0.09481720626354218,assist,no
808,1,0,0.09534946104307897,-2.452934980392456,-0.20293493568897247,assist,no
809,1,0,0.00048785712641531156,-7.715307712554932,-0.09030772000551224,assist,no
810,1,0,0.015906388679519302,-4.156659126281738,-0.03165893256664276,assist,no
811,1,0,0.00033535000058530843,-8.114017486572266,-0.11401709914207458,assist,no
812,1,0,0.005911068308986744,-5.184951305389404,-0.059951212257146835,assist,no
813,1,0,0.00591106782740058,-5.160392761230469,-0.03539258614182472,assist,no
814,1,0,0.0008040859116848763,-7.215817451477051,-0.0908174216747284,assist,no
815,1,0,0.02297736857193652,-3.885244131088257,-0.13524407148361206,assist,no
816,1,0,0.029312230433368995,-3.5317273139953613,-0.03172730281949043,assist,no
817,1,0,0.0097084747265016,-4.672677516937256,-0.047677334398031235,assist,no
818,1,0,0.0006263340934015531,-7.388931751251221,-0.01393164787441492,assist,no
819,1,0,0.00970847709034214,-4.668920040130615,-0.04392010346055031,assist,no
820,1,1,0.9046505325302034,-0.31470945477485657,-2.564709424972534,assist,yes
821,1,0,0.0031726823358735855,-5.781311511993408,-0.03131135180592537,assist,no
822,1,0,0.0005527786122261291,-7.590882778167725,-0.09088273346424103,assist,no
823,1,0,0.03308597898458846,-3.4100546836853027,-0.03505470231175423,assist,no
824,1,0,0.02297736756836975,-3.8598201274871826,-0.10982002317905426,assist,no
825,1,0,0.0017007220445905786,-6.416317462921143,-0.04131724685430527,assist,no
826,1,0,0.002472622646100844,-6.003336429595947,-0.0033362226095050573,assist,no
827,1,0,0.005220126119147766,-5.324213981628418,-0.07421406358480453,assist,no
828,1,0,0.002800926384438769,-5.943674564361572,-0.06867435574531555,assist,no
829,1,0,0.10669058400428263,-2.3208110332489014,-0.195810928940773,assist,no
830,1,1,0.7057850278370112,-0.4021409749984741,-1.2771409749984741,assist,yes
831,1,0,0.0011695100213620223,-6.823285102844238,-0.07328489422798157,assist,no
832,1,0,0.010986942387714022,-4.5733232498168945,-0.07332322746515274,assist,no
833,1,0,0.0015011820222113376,-6.573520660400391,-0.07352050393819809,assist,no
834,1,0,0.22270014914315833,-1.508448839187622,-0.25844889879226685,assist,no
835,1,0,0.0028009269255008114,-5.897139549255371,-0.0221395343542099,assist,no
836,1,0,0.0035936031416625223,-5.668656826019287,-0.043656982481479645,assist,no
837,1,0,0.001501181984519718,-6.506406784057617,-0.0064066024497151375,assist,no
838,1,0,0.0008040858982161747,-7.147114276885986,-0.022114230319857597,assist,no
839,1,0,0.0013250226341134984,-6.647864818572998,-0.02286498248577118,assist,no
840,1,0,0.32082130082460697,-1.2467989921569824,-0.4967989921569824,assist,no
841,1,0,0.0002959570071508093,-8.155489921569824,-0.030489562079310417,assist,no
842,1,0,0.009708475908421797,-4.704180717468262,-0.07918065786361694,assist,no
843,1,0,0.003593602434689943,-5.6738200187683105,-0.048819977790117264,assist,no
844,1,0,0.0021827166218139037,-6.1334075927734375,-0.008407673798501492,assist,no
845,1,0,0.003593603061627884,-5.6739044189453125,-0.048904553055763245,assist,no
846,1,0,0.00010889695667383341,-9.187373161315918,-0.06237358972430229,assist,no
847,1,0,0.0420877273148584,-3.293424129486084,-0.1684241145849228,assist,no
848,1,0,0.10669059962643358,-2.385460615158081,-0.26046067476272583,assist,no
849,1,0,0.0009110512045731597,-7.045475482940674,-0.045475494116544724,assist,no
850,1,0,0.000804086031406679,-7.269277095794678,-0.14427721500396729,assist,no
851,1,0,0.0028009273625125377,-5.959080696105957,-0.08408083766698837,assist,no
852,1,0,0.16451645880021026,-1.823676586151123,-0.19867655634880066,assist,no
853,1,0,0.0028009265092992313,-6.040616989135742,-0.16561682522296906,assist,no
854,1,0,0.022977372168051135,-3.7993831634521484,-0.049383264034986496,assist,no
855,1,0,0.40733341443526055,-1.057581901550293,-0.6825819611549377,assist,no
856,1,0,0.0004305570556724632,-7.813014984130859,-0.0630149245262146,assist,no
857,1,0,0.0019267346919827415,-6.3331170082092285,-0.08311702311038971,assist,no
858,1,0,0.015906392236635127,-4.142838954925537,-0.017838988453149796,assist,no
859,1,0,0.14804719051380197,-2.2074708938598633,-0.4574708342552185,assist,no
860,1,0,0.006692851865390681,-5.074529647827148,-0.07452978938817978,assist,no
861,1,0,0.015906392528202036,-4.1436662673950195,-0.01866631954908371,assist,no
862,1,1,0.6224593312018546,-0.7970499992370605,-1.2970499992370605,assist,yes
863,1,0,0.004070137564888817,-5.608596324920654,-0.10859628766775131,assist,no
864,1,0,0.00023050678037159035,-8.503320693969727,-0.12832094728946686,assist,no
865,1,1,0.6224593171945417,-0.7977450489997864,-1.2977449893951416,assist,yes
866,1,0,0.0600866476493228,-2.9460408687591553,-0.1960408240556717,assist,no
867,1,0,0.0046095731536661315,-5.4325785636901855,-0.05757877603173256,assist,no
868,1,0,0.010986941942435578,-4.559993267059326,-0.0599932037293911,assist,no
869,1,0,0.002182716169486056,-6.17728853225708,-0.05228840559720993,assist,no
870,1,0,0.11920292515117029,-2.1919748783111572,-0.19197490811347961,assist,no
871,1,0,0.18242551936144574,-1.7787688970565796,-0.2787688672542572,assist,no
872,1,0,0.0011695104434739968,-6.782023906707764,-0.03202405944466591,assist,no
873,1,0,0.0009110512622174105,-7.114659786224365,-0.1146598607301712,assist,no
874,1,0,0.005911068856243796,-5.22684907913208,-0.10184907913208008,assist,no
875,1,1,0.6791787121629466,-0.6627225279808044,-1.4127225875854492,assist,yes
876,1,0,0.005220125567816091,-5.274947166442871,-0.024947142228484154,assist,no
877,1,0,0.05340332791663734,-2.9475719928741455,-0.07257195562124252,assist,no
878,1,0,0.002472622688023199,-6.059338092803955,-0.05933790281414986,assist,no
879,1,0,0.04208772851637929,-3.2103002071380615,-0.08530022203922272,assist,no
880,1,0,0.014063629316034177,-4.376272678375244,-0.12627284228801727,assist,no
881,1,0,0.00857748367133738,-4.764707565307617,-0.014707360416650772,assist,no
882,1,0,0.37754066879814546,-1.1943323612213135,-0.6943323612213135,assist,no
883,1,0,0.012431653505861328,-4.458342552185059,-0.0833427682518959,assist,no
884,1,0,0.0013250222742561399,-6.676328659057617,-0.05132855102419853,assist,no
885,1,0,0.0013250222200310669,-6.787644863128662,-0.16264471411705017,assist,no
886,1,0,0.0021827162587345927,-6.162168025970459,-0.03716794028878212,assist,no
887,1,0,0.006692849809817602,-5.03584623336792,-0.03584606572985649,assist,no
888,1,0,0.1329642264548166,-2.0868091583251953,-0.21180903911590576,assist,no
889,1,0,0.07585817793199003,-2.6772704124450684,-0.17727038264274597,assist,no
890,1,0,0.007577242556483638,-4.950532913208008,-0.07553308457136154,assist,no
891,1,0,0.003172682112021972,-5.770011901855469,-0.020011670887470245,assist,no
892,1,0,0.0005527786513304577,-7.531655788421631,-0.03165581449866295,assist,no
893,1,0,0.32082130082460697,-1.309220314025879,-0.5592203140258789,assist,no
894,1,0,0.005220126312597491,-5.483638763427734,-0.23363888263702393,assist,no
895,1,0,0.0019267348782419833,-6.3163275718688965,-0.06632768362760544,assist,no
896,1,0,0.008577484407886601,-4.762612342834473,-0.01261222455650568,assist,no
897,1,0,0.006692852360709588,-5.09096622467041,-0.09096644073724747,assist,no
898,1,0,0.0019267348925696179,-6.354729175567627,-0.1047292947769165,assist,no
899,1,0,0.009708478630420372,-4.790215492248535,-0.16521571576595306,assist,no
900,1,0,0.009708476266579462,-4.6951446533203125,-0.07014463096857071,assist,no
901,1,0,0.06754669583231304,-2.762317657470703,-0.1373177319765091,assist,no
902,1,0,0.007577242108266978,-4.967599391937256,-0.09259950369596481,assist,no
903,1,1,0.7310585669110203,-0.33678942918777466,-1.3367893695831299,assist,yes
904,1,0,0.001501182066882888,-6.526198387145996,-0.026198260486125946,assist,no
905,1,0,0.02595735479598642,-3.6530611515045166,-0.02806105650961399,assist,no
906,1,1,0.8354835371034369,-0.40788745880126953,-2.0328874588012695,assist,yes
907,1,0,0.0010322308523680697,-7.037860870361328,-0.1628606915473938,assist,no
908,1,0,0.06754668973182397,-2.741279363632202,-0.11627934128046036,assist,no
909,1,0,0.37754066879814546,-1.1562610864639282,-0.6562610864639282,assist,no
910,1,0,0.014063628696182679,-4.300658702850342,-0.05065882205963135,assist,no
911,1,0,0.0059110695567328965,-5.224538803100586,-0.09953892230987549,assist,no
912,1,0,0.009708475335369565,-4.770351409912109,-0.14535129070281982,assist,no
913,1,0,0.029312230751356316,-3.752088785171509,-0.2520887851715088,assist,no
914,1,0,0.007577241884158658,-4.96931791305542,-0.09431799501180649,assist,no
915,1,0,0.005911068943804928,-5.2245683670043945,-0.09956838190555573,assist,no
916,1,0,0.0002034269674478214,-8.527329444885254,-0.027329392731189728,assist,no
917,1,0,0.10669059962643358,-2.448920249938965,-0.3239203095436096,assist,no
918,1,0,0.04208772941751998,-3.2111735343933105,-0.08617357164621353,assist,no
919,1,0,0.012431648840811669,-4.545609474182129,-0.17060931026935577,assist,no
920,1,0,0.2689414272294874,-1.4104560613632202,-0.4104560911655426,assist,no
921,1,0,0.0013250223876358448,-6.740756988525391,-0.11575696617364883,assist,no
922,1,0,0.005911068374657587,-5.1986165046691895,-0.07361642271280289,assist,no
923,1,0,0.0758581737534831,-2.8083956241607666,-0.30839553475379944,assist,no
924,1,0,0.06008665522337757,-3.1719419956207275,-0.4219420850276947,assist,no
925,1,0,0.0002305068112778349,-8.406432151794434,-0.031432539224624634,assist,no
926,1,0,0.13296424019782924,-2.303525924682617,-0.4285259246826172,assist,no
927,1,0,0.037326884666868405,-3.4523050785064697,-0.20230500400066376,assist,no
928,1,0,0.06754668550840877,-2.763962984085083,-0.13896289467811584,assist,no
929,1,0,0.13296425222296632,-2.048783540725708,-0.17378364503383636,assist,no
930,1,0,0.0015011824689269003,-6.582132816314697,-0.08213295787572861,assist,no
931,1,0,0.0010322309944995197,-6.890865325927734,-0.015865284949541092,assist,no
932,1,0,0.00857748452668487,-4.894450664520264,-0.14445056021213531,assist,no
933,1,0,0.03732688895048618,-3.363560438156128,-0.11356048285961151,assist,no
934,1,0,0.06754669395523943,-2.851048469543457,-0.2260485142469406,assist,no
935,1,0,0.001501182145058104,-6.630113124847412,-0.13011305034160614,assist,no
936,1,0,0.0600866476493228,-2.9096148014068604,-0.15961475670337677,assist,no
937,1,0,0.0021827162993021103,-6.20864725112915,-0.08364718407392502,assist,no
938,1,0,0.0004878570265065686,-7.669261932373047,-0.044261734932661057,assist,no
939,1,0,0.001032230798588607,-6.907327651977539,-0.03232742100954056,assist,no
940,1,0,0.0015011822993145697,-6.504075527191162,-0.004075555596500635,assist,no
941,1,0,0.00407013711186692,-5.569540023803711,-0.069539874792099,assist,no
942,1,0,0.042087729717900216,-3.2539632320404053,-0.12896327674388885,assist,no
943,1,0,0.00023050678466412405,-8.418755531311035,-0.043755803257226944,assist,no
944,1,0,0.06008665522337757,-3.032729148864746,-0.28272923827171326,assist,no
945,1,0,0.11920292202211755,-2.2285709381103516,-0.22857093811035156,assist,no
946,1,0,0.13296425050508953,-2.12601637840271,-0.2510164678096771,assist,no
947,1,0,0.005911068856243796,-5.183521747589111,-0.05852174758911133,assist,no
948,1,0,0.34864513533394575,-1.3423795700073242,-0.7173795700073242,assist,no
949,1,0,0.14804718675485834,-2.17663311958313,-0.4266330301761627,assist,no
950,1,0,0.37754066879814546,-1.2622984647750854,-0.7622984647750854,assist,no
951,1,0,0.01798621101487092,-4.069990634918213,-0.06999069452285767,assist,no
952,1,1,0.835483553488848,-0.4651278257369995,-2.090127944946289,assist,yes
953,1,0,0.37754066879814546,-1.0830549001693726,-0.5830549001693726,assist,no
954,1,0,0.017986206014169497,-4.213659763336182,-0.21365953981876373,assist,no
955,1,0,0.0015011821003865517,-6.630650997161865,-0.13065089285373688,assist,no
956,1,0,0.006692852509305267,-5.15521240234375,-0.1552126407623291,assist,no
957,1,0,0.0019267344054300975,-6.397082328796387,-0.14708219468593597,assist,no
958,1,0,0.029312231811314076,-3.6175341606140137,-0.11753419786691666,assist,no
959,1,0,0.037326888415033926,-3.345306158065796,-0.09530618786811829,assist,no
960,1,0,0.005911069075146632,-5.197779655456543,-0.07277969270944595,assist,no
961,1,0,0.5,-0.8250741958618164,-0.8250741958618164,assist,no
962,1,0,0.007577242486449785,-4.899240493774414,-0.024240655824542046,assist,no
963,1,0,0.002800927248057079,-5.8799309730529785,-0.004931073635816574,assist,no
964,1,0,0.0004305570556724632,-7.840033054351807,-0.09003299474716187,assist,no
965,1,0,0.4378234991142019,-0.8352341651916504,-0.5852341651916504,assist,no
966,1,0,0.14804719427274565,-2.0148608684539795,-0.2648608386516571,assist,no
967,1,0,0.02595735682104226,-3.6521856784820557,-0.02718566358089447,assist,no
968,1,0,0.0003353501204756171,-8.253355979919434,-0.2533559501171112,assist,no
969,1,0,0.006692851097646446,-5.027386665344238,-0.02738669142127037,assist,no
970,1,0,0.0024726234506656126,-6.117884635925293,-0.11788475513458252,assist,no
971,1,0,0.3775406828054583,-1.1447770595550537,-0.6447771191596985,assist,no
972,1,0,0.14804719427274565,-1.9154088497161865,-0.16540881991386414,assist,no
973,1,0,0.0006263340228641561,-7.466167449951172,-0.09116723388433456,assist,no
974,1,0,0.003593603275053591,-5.674868583679199,-0.04986877739429474,assist,no
975,1,0,0.03732688948593843,-3.3586182594299316,-0.10861831903457642,assist,no
976,1,0,0.0009110513537700514,-7.025383472442627,-0.02538364753127098,assist,no
977,1,0,0.06008665017400762,-2.9386391639709473,-0.18863916397094727,assist,no
978,1,0,0.025957357386174145,-3.695753335952759,-0.07075334340333939,assist,no
979,1,0,0.00359360194114313,-5.791481018066406,-0.16648083925247192,assist,no
980,1,0,0.029312231387330967,-3.5939865112304688,-0.09398653358221054,assist,no
981,1,0,0.014063626630011202,-4.309128284454346,-0.059128254652023315,assist,no
982,1,0,0.0003353502803294287,-8.034550666809082,-0.03455111384391785,assist,no
983,1,0,0.0028009270399562574,-5.922965049743652,-0.04796507582068443,assist,no
984,1,0,0.004609571581124883,-5.416408538818359,-0.04140840843319893,assist,no
985,1,0,0.0003353502678408469,-8.070971488952637,-0.07097189873456955,assist,no
986,1,0,0.13296424019782924,-2.1889564990997314,-0.31395649909973145,assist,no
987,1,0,0.16451645880021026,-2.055959939956665,-0.43095991015434265,assist,no
988,1,0,0.0017007223766482863,-6.393714427947998,-0.018714407458901405,assist,no
989,1,0,0.020332351227848662,-3.896440267562866,-0.021440161392092705,assist,no
990,1,0,0.0019267347492932755,-6.398306369781494,-0.14830641448497772,assist,no
991,1,0,0.4378234844434674,-1.0071508884429932,-0.7571508288383484,assist,no
992,1,0,0.04208772371029592,-3.2723631858825684,-0.14736308157444,assist,no
993,1,0,0.01798620575097472,-4.138797760009766,-0.13879752159118652,assist,no
994,1,0,0.0013250225404519845,-6.665421009063721,-0.040421102195978165,assist,no
995,1,0,0.006692850503263871,-5.043356418609619,-0.04335635527968407,assist,no
996,1,0,0.002472622605327048,-6.033712387084961,-0.03371216356754303,assist,no
997,1,0,0.01098694076851977,-4.521238803863525,-0.02123863250017166,assist,no
998,1,0,0.002800926553520646,-5.8799333572387695,-0.004933209158480167,assist,no
999,1,0,0.0035936021412296677,-5.687198638916016,-0.062198515981435776,assist,no
1000,1,0,0.0052201262352176,-5.373755931854248,-0.1237560361623764,assist,no
1001,1,0,0.32082130731838393,-1.1470712423324585,-0.3970712721347809,assist,no
1002,1,0,0.029312230221377453,-3.5604686737060547,-0.060468655079603195,assist,no
1003,1,0,0.009708474977211935,-4.731640815734863,-0.10664065927267075,assist,no
1004,1,1,0.8175744761936437,-0.35992658138275146,-1.8599265813827515,assist,yes
1005,1,0,0.0021827164453451808,-6.2110161781311035,-0.08601617813110352,assist,no
1006,1,0,0.20181323186177208,-1.6405889987945557,-0.26558905839920044,assist,no
1007,1,0,0.0011695103085722152,-6.841882228851318,-0.09188226610422134,assist,no
1008,1,0,0.029312231175339414,-3.649076223373413,-0.14907623827457428,assist,no
1009,1,1,0.7310585786300049,-0.42154741287231445,-1.4215474128723145,assist,yes
1010,1,0,0.009708477484315619,-4.745138168334961,-0.1201382726430893,assist,no
1011,1,0,0.022977367484739192,-3.800821304321289,-0.05082119628787041,assist,no
1012,1,1,0.880797081106935,-0.38698193430900574,-2.386981964111328,assist,yes
1013,1,0,0.01243164902375476,-4.496564865112305,-0.12156471610069275,assist,no
1014,1,0,0.025957355125646668,-3.7256922721862793,-0.10069219022989273,assist,no
1015,1,0,0.08509904500702024,-2.485844135284424,-0.11084413528442383,assist,no
1016,1,0,0.0031726827953585256,-5.793344497680664,-0.04334448277950287,assist,no
1017,1,0,0.07585818419975078,-2.8287105560302734,-0.3287106156349182,assist,no
1018,1,0,0.007577242864632608,-4.892365455627441,-0.01736566796898842,assist,no
1019,1,1,0.679178699175393,-0.5259379148483276,-1.2759379148483276,assist,yes
1020,1,0,0.010986940363721243,-4.571744441986084,-0.07174423336982727,assist,no
1021,1,1,0.6791787121629466,-0.40361708402633667,-1.1536171436309814,assist,yes
1022,1,0,0.34864513533394575,-1.1602697372436523,-0.5352697372436523,assist,no
1023,1,0,0.003593603088306097,-5.721289157867432,-0.09628929942846298,assist,no
1024,1,0,0.02931223287127187,-3.5935311317443848,-0.09353120625019073,assist,no
1025,1,0,0.14804720930852133,-2.0437252521514893,-0.2937253415584564,assist,no
1026,1,0,0.10669059962643358,-2.506059169769287,-0.3810592293739319,assist,no
1027,1,0,0.0009110510079045672,-7.050779819488525,-0.050779614597558975,assist,no
1028,1,0,0.022977369575503337,-3.950960636138916,-0.20096062123775482,assist,no
1029,1,0,0.000552778764527214,-7.550251007080078,-0.05025123804807663,assist,no
1030,1,0,0.003172682712886864,-5.81157922744751,-0.06157918646931648,assist,no
1031,1,0,0.0008040858847474732,-7.165079593658447,-0.04007953032851219,assist,no
1032,1,0,0.00048785719907622834,-7.7056565284729,-0.08065668493509293,assist,no
1033,1,0,0.0017007223165616484,-6.433495044708252,-0.058494988828897476,assist,no
1034,1,0,0.00669285248453932,-5.009390354156494,-0.009390588849782944,assist,no
1035,1,0,0.0015011825359342464,-6.6040143966674805,-0.10401458293199539,assist,no
1036,1,0,0.0031726828424851893,-5.883325099945068,-0.13332509994506836,assist,no
1037,1,1,0.8933094003735664,-0.40677863359451294,-2.531778573989868,assist,yes
1038,1,0,0.46879062662624377,-0.9135962128639221,-0.7885962128639221,assist,no
1039,1,0,0.4073333856566001,-1.1204652786254883,-0.7454652190208435,assist,no
1040,1,0,0.03732689109229525,-3.399409532546997,-0.14940963685512543,assist,no
1041,1,0,0.025957354701797785,-3.6527833938598633,-0.027783295139670372,assist,no
1042,1,0,0.009708476230763695,-4.669229030609131,-0.04422900453209877,assist,no
1043,1,1,0.7310585669110203,-0.551525890827179,-1.5515258312225342,assist,yes
1044,1,0,0.00317268272466853,-5.770341396331787,-0.020341359078884125,assist,no
1045,1,0,0.0008040860733093143,-7.24061918258667,-0.11561935395002365,assist,no
1046,1,0,0.0002959572116088811,-8.159844398498535,-0.03484473004937172,assist,no
1047,1,0,0.0015011822846567146,-6.5467634201049805,-0.04676343873143196,assist,no
1048,1,1,0.6791787121629466,-0.630673348903656,-1.3806734085083008,assist,yes
1049,1,0,0.003593602181246977,-5.680240631103516,-0.05524051934480667,assist,no
1050,1,0,0.00857748452668487,-4.827096939086914,-0.0770968347787857,assist,no
1051,1,0,0.005220126912291682,-5.296267986297607,-0.046268220990896225,assist,no
1052,1,0,0.0015011821227223277,-6.603492736816406,-0.10349264740943909,assist,no
1053,1,0,0.0006263342443865867,-7.420016765594482,-0.045016903430223465,assist,no
1054,1,0,0.37754066879814546,-1.2113174200057983,-0.7113174200057983,assist,no
1055,1,0,7.484622054053514e-05,-9.534119606018066,-0.034119512885808945,assist,no
1056,1,0,0.0009110510045137297,-7.071771621704102,-0.07177141308784485,assist,no
1057,1,0,0.022977370746331334,-3.8264377117156982,-0.07643774896860123,assist,no
1058,1,0,0.004070137202471295,-5.544585704803467,-0.04458557814359665,assist,no
1059,1,0,0.0013250223876358448,-6.657003879547119,-0.03200385719537735,assist,no
1060,1,0,0.010986944573626636,-4.590041637420654,-0.09004181623458862,assist,no
1061,1,0,0.05340332829327471,-3.119781255722046,-0.2447812259197235,assist,no
1062,1,0,0.0159063879797589,-4.2125444412231445,-0.08754420280456543,assist,no
1063,1,0,0.0017007227023811478,-6.441286563873291,-0.06628673523664474,assist,no
1064,1,0,0.015906392120008366,-4.180980205535889,-0.05598023161292076,assist,no
1065,1,0,0.0010322310444376016,-6.949347972869873,-0.07434798032045364,assist,no
1066,1,0,0.020332351858581475,-3.9698004722595215,-0.09480039775371552,assist,no
1067,1,0,0.0003799844411711053,-7.955747604370117,-0.08074741065502167,assist,no
1068,1,0,0.0013250226045361775,-6.698982238769531,-0.07398238033056259,assist,no
1069,1,0,0.005220126196527655,-5.362403869628906,-0.11240396648645401,assist,no
1070,1,0,0.0015011823656239148,-6.5286970138549805,-0.02869708649814129,assist,no
1071,1,0,0.01243165140201519,-4.618001461029053,-0.24300150573253632,assist,no
1072,1,0,0.007577240763617155,-4.9591851234436035,-0.08418505638837814,assist,no
1073,1,0,0.009708474475791274,-4.6828389167785645,-0.05783870816230774,assist,no
1074,1,0,0.20181323186177208,-1.6393201351165771,-0.2643201947212219,assist,no
1075,1,0,0.015906391945068224,-4.282401084899902,-0.15740109980106354,assist,no
1076,1,0,0.0019267351218117874,-6.478649139404297,-0.22864937782287598,assist,no
1077,1,1,0.6224593452091672,-0.6312112212181091,-1.131211280822754,assist,yes
1078,1,0,0.008577484875159797,-4.806715965270996,-0.05671590194106102,assist,no
1079,1,0,0.02595735460760914,-3.6519150733947754,-0.026914970949292183,assist,no
1080,1,0,0.004609572897273501,-5.463557720184326,-0.08855787664651871,assist,no
1081,1,0,0.0028009264780841153,-5.9002580642700195,-0.025257889181375504,assist,no
1082,1,0,0.0008040858039352692,-7.269811153411865,-0.1448109894990921,assist,no
1083,1,0,0.00043055716790063803,-7.806739807128906,-0.05674000829458237,assist,no
1084,1,0,0.022977370411809046,-3.8592607975006104,-0.10926081985235214,assist,no
1085,1,0,0.0015011822344012133,-6.582734107971191,-0.08273409307003021,assist,no
1086,1,0,0.00970847841552572,-4.704500675201416,-0.07950087636709213,assist,no
1087,1,0,0.012431652934163972,-4.396405220031738,-0.02140538953244686,assist,no
1088,1,0,0.005220124648930093,-5.313655376434326,-0.06365517526865005,assist,no
1089,1,0,0.0019267344197577288,-6.343245983123779,-0.09324585646390915,assist,no
1090,1,0,0.00359360194114313,-5.650513172149658,-0.025512993335723877,assist,no
1091,1,0,0.0019267347349656422,-6.324444770812988,-0.07444480806589127,assist,no
1092,1,0,0.22270013366638422,-1.5079231262207031,-0.25792309641838074,assist,no
1093,1,0,0.0015011824800947912,-6.523279190063477,-0.0232793390750885,assist,no
1094,1,0,0.004070138591738637,-5.597311019897461,-0.09731123596429825,assist,no
1095,1,0,0.0004878571028005159,-7.66471004486084,-0.03971000388264656,assist,no
1096,1,0,0.003172682748231862,-5.8256964683532715,-0.0756964385509491,assist,no
1097,1,0,0.0015011822120654355,-6.511869430541992,-0.0118694007396698,assist,no
1098,1,0,0.010986943683069595,-4.579793930053711,-0.0797940269112587,assist,no
1099,1,0,0.06754669207816587,-2.7869985103607178,-0.16199852526187897,assist,no
1100,1,0,0.06754668644694548,-2.8239564895629883,-0.1989564150571823,assist,no
1101,1,0,0.008577485540430151,-4.782461166381836,-0.03246118128299713,assist,no
1102,1,0,0.025957356255910384,-3.7355165481567383,-0.1105165109038353,assist,no
1103,1,0,0.32082129433083023,-1.2347002029418945,-0.48470017313957214,assist,no
1104,1,0,0.008577486142341469,-4.784578323364258,-0.03457840904593468,assist,no
1105,1,1,0.5312093733737563,-0.8838735818862915,-1.0088735818862915,assist,yes
1106,1,0,0.18242551936144574,-1.861489176750183,-0.3614891469478607,assist,no
1107,1,0,0.002182716932155486,-6.191729545593262,-0.06672976911067963,assist,no
1108,1,0,0.01243164989273448,-4.432178020477295,-0.057177942246198654,assist,no
1109,1,0,0.0004878572317736444,-7.688363075256348,-0.06336329877376556,assist,no
1110,1,0,0.00857748452668487,-4.9092116355896,-0.15921153128147125,assist,no
1111,1,1,0.7310585903489892,-0.41965240240097046,-1.4196524620056152,assist,yes
1112,1,0,0.0019267343194643127,-6.355239391326904,-0.10523921251296997,assist,no
1113,1,0,0.2942149783515162,-1.3746821880340576,-0.49968221783638,assist,no
1114,1,0,0.0035936026080982987,-5.693103790283203,-0.06810379773378372,assist,no
1115,1,0,0.0031726827953585256,-5.799144744873047,-0.04914472997188568,assist,no
1116,1,0,0.009708474225080954,-4.676489353179932,-0.05148911848664284,assist,no
1117,1,0,0.22270014398423357,-1.6105068922042847,-0.36050692200660706,assist,no
1118,1,0,0.13296424706933604,-2.271855354309082,-0.3968554139137268,assist,no
1119,1,0,0.01098694246867374,-4.647177696228027,-0.14717768132686615,assist,no
1120,1,0,0.11920293140927592,-2.1313180923461914,-0.13131818175315857,assist,no
1121,1,0,0.09534946232842245,-2.457458972930908,-0.20745894312858582,assist,no
1122,1,0,0.00970847598005333,-4.746395111083984,-0.1213950589299202,assist,no
1123,1,0,0.006692850428966053,-5.211654186248779,-0.21165411174297333,assist,no
1124,1,0,0.022977369240981062,-3.813741445541382,-0.06374141573905945,assist,no
1125,1,0,0.03732689109229525,-3.316452741622925,-0.06645284593105316,assist,no
1126,1,1,0.5926666143433998,-0.7028300166130066,-1.0778300762176514,assist,yes
1127,1,0,0.0009110512147456744,-7.103146553039551,-0.10314657539129257,assist,no
1128,1,0,0.012431652865560293,-4.5418291091918945,-0.16682927310466766,assist,no
1129,1,0,0.004070138274623224,-5.526456356048584,-0.026456493884325027,assist,no
1130,1,1,0.6513548646660542,-0.44297778606414795,-1.067977786064148,assist,yes
1131,1,0,0.006692851469135581,-5.091952323913574,-0.09195240586996078,assist,no
1132,1,0,0.0021827168266799106,-6.1838579177856445,-0.05885809287428856,assist,no
1133,1,0,0.0013250226143952844,-6.807307243347168,-0.1823073923587799,assist,no
1134,1,0,0.10669060246682488,-2.498847246170044,-0.3738473355770111,assist,no
1135,1,0,0.005220126119147766,-5.322088718414307,-0.0720888003706932,assist,no
1136,1,0,0.0015011825359342464,-6.574538230895996,-0.07453841716051102,assist,no
1137,1,0,0.005911070093044919,-5.151000499725342,-0.02600071020424366,assist,no
1138,1,0,0.34864513533394575,-1.1245378255844116,-0.4995378255844116,assist,no
1139,1,0,0.03732688560390976,-3.301701784133911,-0.05170173570513725,assist,no
1140,1,0,0.13296424878721277,-2.0347461700439453,-0.15974624454975128,assist,no
1141,1,0,0.004070138168918091,-5.586819171905518,-0.08681928366422653,assist,no
1142,1,0,0.0031726833373152056,-5.8692169189453125,-0.11921707540750504,assist,no
1143,1,0,0.009708477627578704,-4.696299076080322,-0.07129919528961182,assist,no
1144,1,0,0.2018132174596823,-1.7056232690811157,-0.33062323927879333,assist,no
1145,1,0,0.001926734274690468,-6.258946418762207,-0.00894621666520834,assist,no
1146,1,1,0.952574129515172,-0.4662162661552429,-3.4662163257598877,assist,yes
1147,1,0,0.0015011821673938809,-6.536637783050537,-0.036637723445892334,assist,no
1148,1,0,0.0024726229085462823,-6.015958309173584,-0.015958208590745926,assist,no
1149,1,0,0.0009110510858938316,-7.040685653686523,-0.04068553447723389,assist,no
1150,1,1,0.8519527982093668,-0.2647753059864044,-2.014775276184082,assist,yes
1151,1,0,0.001032230990658129,-6.920471668243408,-0.04547162353992462,assist,no
1152,1,0,0.007577242052239898,-5.015857219696045,-0.14085732400417328,assist,no
1153,1,1,0.8670357563664174,-0.2731380760669708,-2.1481380462646484,assist,yes
1154,1,0,0.001325022505945113,-6.689881324768066,-0.06488139182329178,assist,no
1155,1,0,0.14804719051380197,-2.2273643016815186,-0.4773642420768738,assist,no
1156,1,0,0.0085774847167621,-4.796121120452881,-0.04612103849649429,assist,no
1157,1,1,0.9399133498259924,-0.39851832389831543,-3.1485183238983154,assist,yes
1158,1,0,0.047425869811643456,-3.130047082901001,-0.130047008395195,assist,no
1159,1,0,0.008577485033557495,-4.926387310028076,-0.1763872653245926,assist,no
1160,1,0,0.002182716307415614,-6.146338939666748,-0.021338876336812973,assist,no
1161,1,0,0.0021827169159284736,-6.242420673370361,-0.11742088943719864,assist,no
1162,1,0,0.002182716899701462,-6.199416160583496,-0.07441636919975281,assist,no
1163,1,0,0.00048785706465354084,-7.696831226348877,-0.0718311071395874,assist,no
1164,1,0,0.0011695103694955987,-6.815283298492432,-0.0652833878993988,assist,no
1165,1,0,0.0035936018410998656,-5.653853893280029,-0.028853686526417732,assist,no
1166,1,0,0.042087729717900216,-3.2506227493286133,-0.12562279403209686,assist,no
1167,1,0,0.005911068692066676,-5.146920680999756,-0.02192065306007862,assist,no
1168,1,0,0.2018132270610754,-1.7406680583953857,-0.36566808819770813,assist,no
1169,1,0,0.017986206014169497,-4.136085510253906,-0.13608528673648834,assist,no
1170,1,0,0.0035936028482021903,-5.6859660148620605,-0.060966089367866516,assist,no
1171,1,0,0.04208772851637929,-3.283811092376709,-0.15881110727787018,assist,no
1172,1,0,0.022977369742764476,-3.8319966793060303,-0.08199667185544968,assist,no
1173,1,0,0.14804719427274565,-1.9753293991088867,-0.22532936930656433,assist,no
1174,1,0,0.02931223159932252,-3.677100896835327,-0.17710092663764954,assist,no
1175,1,0,0.017986206211565582,-4.059363842010498,-0.059363629668951035,assist,no
1176,1,0,0.0015011820110434502,-6.566197872161865,-0.0661977082490921,assist,no
1177,1,0,0.004609571700774742,-5.562414646148682,-0.18741454184055328,assist,no
1178,1,0,0.001169510421715644,-6.852375507354736,-0.10237564146518707,assist,no
1179,1,0,0.0010322309215130968,-6.925942420959473,-0.0509423092007637,assist,no
1180,1,1,0.9740426443092215,-0.25044721364974976,-3.8754472732543945,assist,yes
1181,1,0,0.02033235371367809,-3.932309865951538,-0.05730988457798958,assist,no
1182,1,0,0.009708478200631072,-4.7118682861328125,-0.08686846494674683,assist,no
1183,1,0,0.04208772671409796,-3.20513916015625,-0.08013913035392761,assist,no
1184,1,1,0.5926665999540697,-0.9997705221176147,-1.3747705221176147,assist,yes
1185,1,0,0.2018132198600306,-1.60271418094635,-0.2277141660451889,assist,no
1186,1,0,0.00043055704284638804,-7.893740653991699,-0.14374056458473206,assist,no
1187,1,0,0.00522012615783771,-5.4056501388549805,-0.15565022826194763,assist,no
1188,1,0,0.0024726235149848627,-6.042263984680176,-0.04226412996649742,assist,no
1189,1,0,0.2018132174596823,-1.6576982736587524,-0.28269824385643005,assist,no
1190,1,0,0.3208213138121609,-1.332404375076294,-0.5824044346809387,assist,no
1191,1,0,0.008577484970198416,-4.820344924926758,-0.07034487277269363,assist,no
1192,1,0,0.017986211212267053,-4.04762077331543,-0.04762084409594536,assist,no
1193,1,0,0.00970847719778945,-4.719795227050781,-0.09479530155658722,assist,no
1194,1,0,0.005220126486702248,-5.273060321807861,-0.023060474544763565,assist,no
1195,1,0,0.1329642436335826,-2.2008042335510254,-0.3258042633533478,assist,no
1196,1,0,0.007577242640524265,-4.920849323272705,-0.0458495058119297,assist,no
1197,1,0,0.008577485160275657,-4.878436088562012,-0.12843605875968933,assist,no
1198,1,1,0.9324533069832973,-0.29018619656562805,-2.9151861667633057,assist,yes
1199,1,0,0.0004305570556724632,-7.830327987670898,-0.08032792806625366,assist,no
1200,1,0,0.04742587317756679,-3.2059178352355957,-0.2059178352355957,assist,no
1201,1,0,0.06754669301670263,-2.6979784965515137,-0.07297852635383606,assist,no
1202,1,0,0.0330859768394049,-3.411796808242798,-0.03679675981402397,assist,no
1203,1,0,0.004070138561537168,-5.608489990234375,-0.10849019885063171,assist,no
1204,1,0,0.020332356904444657,-4.026851654052734,-0.1518518328666687,assist,no
1205,1,0,0.005911069294049474,-5.275125503540039,-0.15012557804584503,assist,no
1206,1,0,0.0011695100561753752,-6.822990894317627,-0.07299071550369263,assist,no
1207,1,0,0.18242552825126704,-1.761871099472046,-0.2618711292743683,assist,no
1208,1,0,0.01798620963309802,-4.0227437019348145,-0.02274368330836296,assist,no
1209,1,0,0.002182716802339394,-6.257218837738037,-0.13221900165081024,assist,no
1210,1,0,0.006692851048114562,-5.029198169708252,-0.029198188334703445,assist,no
1211,1,1,0.7057850340255386,-0.49556049704551697,-1.3705605268478394,assist,yes
1212,1,0,0.08509903804604459,-2.5295379161834717,-0.15453782677650452,assist,no
1213,1,0,0.24508500761839525,-1.4103703498840332,-0.2853703200817108,assist,no
1214,1,0,0.02033235319425102,-3.9691717624664307,-0.09417175501585007,assist,no
1215,1,0,0.005220125147063008,-5.2593255043029785,-0.009325399063527584,assist,no
1216,1,0,0.06754669207816587,-2.8001019954681396,-0.17510201036930084,assist,no
1217,1,0,0.2018132174596823,-1.734963297843933,-0.3599632680416107,assist,no
1218,1,0,0.002472623487419469,-6.0421037673950195,-0.042103901505470276,assist,no
1219,1,0,0.0021827167496016086,-6.139208793640137,-0.014208933338522911,assist,no
1220,1,0,0.017986209435701905,-4.090735912322998,-0.09073588252067566,assist,no
1221,1,0,0.020332353676576157,-3.898820161819458,-0.02382017858326435,assist,no
1222,1,0,0.02297737057907019,-3.951620578765869,-0.20162060856819153,assist,no
1223,1,0,0.0019267348818238922,-6.279411315917969,-0.029411429539322853,assist,no
1224,1,0,0.0009110513707242452,-7.056976318359375,-0.05697651207447052,assist,no
1225,1,0,0.16451645470385742,-1.8756449222564697,-0.25064486265182495,assist,no
1226,1,0,0.0004878570501213606,-7.6816582679748535,-0.05665811896324158,assist,no
1227,1,0,0.22270012850745968,-1.838242530822754,-0.5882424712181091,assist,no
1228,1,0,0.0017007227466555221,-6.4215497970581055,-0.04654999449849129,assist,no
1229,1,1,0.8519528132451416,-0.3660873472690582,-2.1160874366760254,assist,yes
1230,1,0,0.0017007226644316852,-6.4407243728637695,-0.06572452187538147,assist,no
1231,1,0,0.01098694214483487,-4.588763236999512,-0.08876319229602814,assist,no
1232,1,0,0.0758581868113179,-2.579522132873535,-0.07952222973108292,assist,no
1233,1,0,0.001926734204843272,-6.381092071533203,-0.13109183311462402,assist,no
1234,1,0,0.24508501313237172,-1.5792319774627686,-0.45423197746276855,assist,no
1235,1,0,0.46879062662624377,-1.084883451461792,-0.959883451461792,assist,no
1236,1,1,0.5926665999540697,-0.6158538460731506,-0.9908538460731506,assist,yes
1237,1,0,0.007577242332375306,-4.957458019256592,-0.08245816081762314,assist,no
1238,1,0,0.033085976958581766,-3.5782573223114014,-0.20325727760791779,assist,no
1239,1,0,0.11920291263495983,-2.235081911087036,-0.23508182168006897,assist,no
1240,1,0,0.0008040859655596853,-7.216764450073242,-0.09176448732614517,assist,no
1241,1,0,0.0011695102084838065,-6.796347141265869,-0.04634709283709526,assist,no
1242,1,0,0.008577483449580639,-4.829799652099609,-0.07979942113161087,assist,no
1243,1,0,0.24508501313237172,-1.4289788007736206,-0.3039788007736206,assist,no
1244,1,0,0.09534945461636171,-2.5279502868652344,-0.2779501676559448,assist,no
1245,1,0,0.01798621154126062,-4.113284111022949,-0.11328420042991638,assist,no
1246,1,0,0.022977372084420553,-3.861828088760376,-0.11182818561792374,assist,no
1247,1,0,0.04208773212094217,-3.26054048538208,-0.13554058969020844,assist,no
1248,1,0,0.0028009273833226214,-5.995553493499756,-0.1205536425113678,assist,no
1249,1,0,0.08509904964767095,-2.722860097885132,-0.3478601574897766,assist,no
1250,1,1,0.6224593312018546,-0.6940059661865234,-1.1940059661865234,assist,yes
1251,1,0,0.003593602408011736,-5.6799468994140625,-0.05494685098528862,assist,no
1252,1,0,0.2689414330889798,-1.5566036701202393,-0.556603729724884,assist,no
1253,1,0,0.0015011819663719016,-6.604146480560303,-0.10414628684520721,assist,no
1254,1,0,0.1329642384799526,-2.118870258331299,-0.24387024343013763,assist,no
1255,1,0,0.010986944391467237,-4.514090061187744,-0.014090223237872124,assist,no
1256,1,0,0.0019267349498801579,-6.3816704750061035,-0.13167062401771545,assist,no
1257,1,0,0.3775406828054583,-1.0519123077392578,-0.5519123673439026,assist,no
1258,1,0,0.0013250224517200307,-6.671658515930176,-0.04665854200720787,assist,no
1259,1,0,0.000552778571063681,-7.539291858673096,-0.03929173946380615,assist,no
1260,1,0,0.00026119030353162996,-8.321266174316406,-0.07126611471176147,assist,no
1261,1,0,0.002472623707942624,-6.042854309082031,-0.04285453259944916,assist,no
1262,1,0,0.0003353502753339959,-8.062823295593262,-0.06282372772693634,assist,no
1263,1,0,0.029312229267415526,-3.620779275894165,-0.12077922374010086,assist,no
1264,1,0,0.005911068856243796,-5.214443206787109,-0.08944320678710938,assist,no
1265,1,0,0.11920292202211755,-2.327125310897827,-0.32712531089782715,assist,no
1266,1,0,0.0003353502029002292,-8.031586647033691,-0.03158686310052872,assist,no
1267,1,0,0.015906393606999632,-4.149627685546875,-0.0246278066188097,assist,no
1268,1,0,0.1329642333263228,-2.3534257411956787,-0.47842568159103394,assist,no
1269,1,0,0.4073334000459302,-1.0628215074539185,-0.6878215074539185,assist,no
1270,1,0,0.029312227783474795,-3.6269145011901855,-0.1269143968820572,assist,no
1271,1,0,0.001325022196615695,-6.635804653167725,-0.010804486460983753,assist,no
1272,1,0,0.11920292515117029,-2.255052089691162,-0.2550521194934845,assist,no
1273,1,0,0.0009110511028480203,-7.040007591247559,-0.040007490664720535,assist,no
1274,1,0,0.00132502237777674,-6.7555999755859375,-0.1305999457836151,assist,no
1275,1,0,0.0002611903969161807,-8.305713653564453,-0.055713951587677,assist,no
1276,1,0,0.004609572739164718,-5.386272430419922,-0.01127255242317915,assist,no
1277,1,0,0.0007096705628954358,-7.352566719055176,-0.10256695002317429,assist,no
1278,1,0,0.2942149597859341,-1.3029766082763672,-0.4279765486717224,assist,no
1279,1,0,0.0021827161208050378,-6.289785385131836,-0.164785236120224,assist,no
1280,1,0,0.004070137074115097,-5.5237135887146,-0.023713430389761925,assist,no
1281,1,0,0.0004305570268137945,-7.8133158683776855,-0.0633157417178154,assist,no
1282,1,0,0.29421497216298875,-1.4728467464447021,-0.5978467464447021,assist,no
1283,1,0,0.002182716234394082,-6.163788318634033,-0.03878822177648544,assist,no
1284,1,0,0.020332354381512912,-3.948148012161255,-0.07314806431531906,assist,no
1285,1,0,0.0008040860972536781,-7.182193279266357,-0.05719348043203354,assist,no
1286,1,0,0.3486451488696663,-1.2473063468933105,-0.6223064064979553,assist,no
1287,1,0,0.24508500761839525,-1.416682243347168,-0.2916822135448456,assist,no
1288,1,0,0.06754669583231304,-2.8734750747680664,-0.24847514927387238,assist,no
1289,1,0,0.0008040858248865805,-7.1821770668029785,-0.05717692896723747,assist,no
1290,1,0,0.20181321265898594,-1.7689127922058105,-0.39391273260116577,assist,no
1291,1,0,0.24508501313237172,-1.5053728818893433,-0.38037288188934326,assist,no
1292,1,1,0.5926665999540697,-0.6675055027008057,-1.0425055027008057,assist,yes
1293,1,0,0.006692851017157136,-5.009929180145264,-0.009929194115102291,assist,no
1294,1,0,0.014063624770457132,-4.422589302062988,-0.17258913815021515,assist,no
1295,1,0,0.13296422989056964,-2.2023446559906006,-0.3273445665836334,assist,no
1296,1,0,0.02297736823741426,-3.8560333251953125,-0.10603325068950653,assist,no
1297,1,0,0.0007096704651468933,-7.294632911682129,-0.04463300481438637,assist,no
1298,1,0,0.0600866518571309,-3.0438857078552246,-0.293885737657547,assist,no
1299,1,0,0.005220126931636656,-5.331122398376465,-0.08112263679504395,assist,no
1300,1,0,0.015906389962413444,-4.142787456512451,-0.017787344753742218,assist,no
1301,1,0,0.005911067805510302,-5.148858070373535,-0.02385789155960083,assist,no
1302,1,0,0.24508500761839525,-1.623720407485962,-0.4987203776836395,assist,no
1303,1,0,0.0024726236160579735,-6.1056623458862305,-0.10566253215074539,assist,no
1304,1,0,0.020332352452212373,-3.988527536392212,-0.11352749168872833,assist,no
1305,1,0,0.0019267346633274755,-6.397322654724121,-0.1473226547241211,assist,no
1306,1,0,0.0007096702987102162,-7.306617259979248,-0.056617118418216705,assist,no
1307,1,0,0.16451646699291617,-2.0263314247131348,-0.40133145451545715,assist,no
1308,1,0,0.0046095728630878175,-5.445593357086182,-0.07059350609779358,assist,no
1309,1,0,0.060086648490884395,-2.9286773204803467,-0.1786772906780243,assist,no
1310,1,0,0.0015011820892186637,-6.541498184204102,-0.04149807244539261,assist,no
1311,1,0,0.003593602714811137,-5.721719741821289,-0.09671977907419205,assist,no
1312,1,0,0.0046095718375174415,-5.382144927978516,-0.007144853472709656,assist,no
1313,1,0,0.00591106953484261,-5.178055286407471,-0.053055401891469955,assist,no
1314,1,0,0.02033235423310517,-3.9802210330963135,-0.10522107779979706,assist,no
1315,1,0,0.00407013783670198,-5.668124675750732,-0.1681247055530548,assist,no
1316,1,1,0.6224593452091672,-0.6880177855491638,-1.1880178451538086,assist,yes
1317,1,0,0.1480471980316895,-1.9642876386642456,-0.2142876386642456,assist,no
1318,1,0,0.06008665354025422,-2.91064715385437,-0.1606472134590149,assist,no
1319,1,0,0.01406362890279984,-4.319419860839844,-0.0694199949502945,assist,no
1320,1,0,0.00020342691630507946,-8.518830299377441,-0.01882999576628208,assist,no
1321,1,0,0.03308597886541159,-3.565462827682495,-0.1904628425836563,assist,no
1322,1,0,0.003593601774404357,-5.643919944763184,-0.018919719383120537,assist,no
1323,1,0,0.0015011822344012133,-6.565288543701172,-0.06528852880001068,assist,no
1324,1,0,0.0850990357257195,-2.539740562438965,-0.1647404432296753,assist,no
1325,1,0,0.00013982204023259414,-8.954358100891113,-0.07935784757137299,assist,no
1326,1,0,0.0015011819775397888,-6.565011501312256,-0.06501131504774094,assist,no
1327,1,0,0.007577240539508873,-4.942121982574463,-0.06712188571691513,assist,no
1328,1,0,0.01798620693535124,-4.021054744720459,-0.021054573357105255,assist,no
1329,1,0,0.2942149845400438,-1.2357046604156494,-0.3607047200202942,assist,no
1330,1,0,0.0028009272688671624,-5.914546966552734,-0.03954707458615303,assist,no
1331,1,0,8.481108152937846e-05,-9.445780754089355,-0.07078122347593307,assist,no
1332,1,0,0.02931222863144092,-3.7182650566101074,-0.21826498210430145,assist,no
1333,1,0,0.001169510011570767,-6.764275550842285,-0.01427533384412527,assist,no
1334,1,0,0.1066905911052601,-2.475464105606079,-0.3504640758037567,assist,no
1335,1,0,0.0015011825415181918,-6.541111946105957,-0.04111213609576225,assist,no
1336,1,1,0.6224593312018546,-0.4781125783920288,-0.9781125783920288,assist,yes
1337,1,0,0.0013250225305928786,-6.653774261474609,-0.02877434715628624,assist,no
1338,1,0,0.0004305571839332368,-7.82196044921875,-0.0719606876373291,assist,no
1339,1,0,0.0159063953272446,-4.19912052154541,-0.07412075251340866,assist,no
1340,1,0,0.004070137957507836,-5.578291416168213,-0.07829147577285767,assist,no
1341,1,0,0.0006263342408888635,-7.397254943847656,-0.022255076095461845,assist,no
1342,1,0,0.004609572640880884,-5.4163689613342285,-0.041369061917066574,assist,no
1343,1,0,0.01098694263059318,-4.58808708190918,-0.08808708190917969,assist,no
1344,1,0,0.005911068790572947,-5.157073020935059,-0.0320730097591877,assist,no
1345,1,0,0.020332352452212373,-3.9800875186920166,-0.10508747398853302,assist,no
1346,1,0,0.18242551491653522,-1.894728183746338,-0.3947281241416931,assist,no
1347,1,0,0.015906389379279733,-4.202626705169678,-0.0776265561580658,assist,no
1348,1,0,0.03308598112977216,-3.4105141162872314,-0.03551420196890831,assist,no
1349,1,0,0.01098694163883665,-4.516141891479492,-0.016141800209879875,assist,no
1350,1,0,0.01243164989273448,-4.432529449462891,-0.05752937123179436,assist,no
1351,1,0,0.020332353268454884,-3.9291465282440186,-0.054146524518728256,assist,no
1352,1,0,0.010986941173318311,-4.567628860473633,-0.06762872636318207,assist,no
1353,1,0,0.0011695104043089619,-6.801265239715576,-0.05126535892486572,assist,no
1354,1,0,0.10669058400428263,-2.3223540782928467,-0.19735397398471832,assist,no
1355,1,0,0.00970847490558041,-4.689011096954346,-0.06401093304157257,assist,no
1356,1,0,0.37754066879814546,-1.366100549697876,-0.866100549697876,assist,no
1357,1,0,0.0005527785957611495,-7.5443196296691895,-0.044319555163383484,assist,no
1358,1,0,0.01798620759333822,-4.063614368438721,-0.06361423432826996,assist,no
1359,1,0,0.014063626320085508,-4.321732521057129,-0.07173246890306473,assist,no
1360,1,0,0.16451645880021026,-2.041079521179199,-0.41607949137687683,assist,no
1361,1,0,0.0035936027414893473,-5.733745098114014,-0.10874514281749725,assist,no
1362,1,0,0.06754668738548215,-2.6975295543670654,-0.07252949476242065,assist,no
1363,1,0,0.005220126892946706,-5.373952865600586,-0.12395309656858444,assist,no
1364,1,0,0.02595735945832451,-3.817939043045044,-0.1929391324520111,assist,no
1365,1,0,0.0003799845713524582,-7.931149482727051,-0.05614963173866272,assist,no
1366,1,0,0.015906390079040187,-4.355216026306152,-0.230215921998024,assist,no
1367,1,0,0.025957357762928745,-3.678905487060547,-0.053905509412288666,assist,no
1368,1,0,0.24508501313237172,-1.7071106433868408,-0.5821106433868408,assist,no
1369,1,1,0.5926665999540697,-0.5913652181625366,-0.9663652181625366,assist,yes
1370,1,1,0.8933094032139576,-0.3040311634540558,-2.4290311336517334,assist,yes
1371,1,0,0.0003799845405758844,-7.886970520019531,-0.011970588006079197,assist,no
1372,1,1,0.679178699175393,-0.6146789789199829,-1.364678978919983,assist,yes
1373,1,0,0.0019267344913958867,-6.366806507110596,-0.11680641770362854,assist,no
1374,1,0,0.08509904964767095,-2.5729455947875977,-0.19794565439224243,assist,no
1375,1,0,0.017986206145766886,-4.020534992218018,-0.020534776151180267,assist,no
1376,1,0,0.005220125693558397,-5.350681304931641,-0.10068130493164062,assist,no
1377,1,0,0.014063629057762712,-4.287136554718018,-0.03713670000433922,assist,no
1378,1,0,0.0031726825950702097,-5.812132835388184,-0.062132757157087326,assist,no
1379,1,0,0.02931222820745785,-3.712743043899536,-0.21274295449256897,assist,no
1380,1,0,0.002472623119880922,-6.08372163772583,-0.08372162282466888,assist,no
1381,1,0,0.012431648520661262,-4.426628112792969,-0.05162792280316353,assist,no
1382,1,0,0.0011695102520005048,-6.790397644042969,-0.040397632867097855,assist,no
1383,1,0,0.05340332829327471,-3.042930841445923,-0.16793081164360046,assist,no
1384,1,0,0.37754066879814546,-1.2057307958602905,-0.7057307958602905,assist,no
1385,1,0,0.005220124997139505,-5.275529861450195,-0.025529727339744568,assist,no
1386,1,0,0.37754066879814546,-1.366973638534546,-0.8669736385345459,assist,no
1387,1,0,0.005220125074519377,-5.51146125793457,-0.26146113872528076,assist,no
1388,1,0,0.00013982212460300687,-8.954672813415527,-0.0796731635928154,assist,no
1389,1,1,0.6224593312018546,-0.687065601348877,-1.187065601348877,assist,yes
1390,1,0,0.0009110510587671301,-7.057769775390625,-0.05776962637901306,assist,no
1391,1,0,0.005220126094966551,-5.261850357055664,-0.011850434355437756,assist,no
1392,1,1,0.679178699175393,-0.5486092567443848,-1.2986092567443848,assist,yes
1393,1,0,0.18242552380635632,-1.8598071336746216,-0.3598071336746216,assist,no
1394,1,0,0.0066928493887966865,-5.020345211029053,-0.02034498006105423,assist,no
1395,1,0,0.00033535003555331067,-8.049971580505371,-0.04997129738330841,assist,no
1396,1,0,0.0011695101018679027,-6.7784743309021,-0.028474191203713417,assist,no
1397,1,0,0.008577483449580639,-4.869496822357178,-0.11949659138917923,assist,no
1398,1,0,0.4073333856566001,-1.1551287174224854,-0.7801286578178406,assist,no
1399,1,0,0.025957357951306048,-3.6545417308807373,-0.029541760683059692,assist,no
1400,1,0,0.005220125693558397,-5.458194732666016,-0.20819473266601562,assist,no
1401,1,0,0.02595735606753309,-3.814872980117798,-0.18987293541431427,assist,no
1402,1,1,0.939913350667554,-0.2007875293493271,-2.9507875442504883,assist,yes
1403,1,1,0.5926665999540697,-0.9963173866271973,-1.3713173866271973,assist,yes
1404,1,0,0.2018132270610754,-1.7626816034317017,-0.38768163323402405,assist,no
1405,1,0,0.005220126873601731,-5.2919487953186035,-0.04194902256131172,assist,no
1406,1,0,0.4378234991142019,-0.9728661179542542,-0.7228661179542542,assist,no
1407,1,0,0.0009110510045137297,-7.115234851837158,-0.11523464322090149,assist,no
1408,1,0,0.002800926374033731,-5.91388463973999,-0.03888442739844322,assist,no
1409,1,0,0.0013250224230670047,-6.628617763519287,-0.003617767943069339,assist,no
1410,1,0,0.00669285191492257,-5.0826311111450195,-0.08263126015663147,assist,no
1411,1,0,0.0017007224620345643,-6.4789605140686035,-0.1039605438709259,assist,no
1412,1,0,0.06754669677084987,-2.844350576400757,-0.219350665807724,assist,no
1413,1,0,0.008577484399966718,-4.845362663269043,-0.09536254405975342,assist,no
1414,1,0,0.10669058968506456,-2.323749303817749,-0.19874925911426544,assist,no
1415,1,0,0.03308598220236406,-3.5420970916748047,-0.16709721088409424,assist,no
1416,1,0,0.2689414272294874,-1.446103572845459,-0.44610360264778137,assist,no
1417,1,0,0.017986213120429816,-4.123805046081543,-0.1238052248954773,assist,no
1418,1,1,0.9740426454394852,-0.1256648451089859,-3.7506649494171143,assist,yes
1419,1,0,0.007577241435942037,-4.950750350952148,-0.07575037330389023,assist,no
1420,1,0,0.017986210488481234,-4.132308483123779,-0.13230851292610168,assist,no
1421,1,0,0.24508501864634827,-1.5031050443649292,-0.3781050741672516,assist,no
1422,1,0,0.003172682712886864,-5.8044633865356445,-0.05446334555745125,assist,no
1423,1,0,0.001700722209038197,-6.448651313781738,-0.07365119457244873,assist,no
1424,1,0,0.2689414213699951,-1.5280925035476685,-0.5280925035476685,assist,no
1425,1,0,0.4378234991142019,-1.1499134302139282,-0.8999134302139282,assist,no
1426,1,0,0.003172682112021972,-5.861813068389893,-0.11181283742189407,assist,no
1427,1,0,0.001700722310236739,-6.505683898925781,-0.13068383932113647,assist,no
1428,1,0,0.03732688948593843,-3.457808256149292,-0.20780831575393677,assist,no
1429,1,0,0.00591106981941633,-5.27938985824585,-0.15439002215862274,assist,no
1430,1,0,0.24508501313237172,-1.4787406921386719,-0.3537406921386719,assist,no
1431,1,0,0.022977369115535207,-3.778520107269287,-0.028520071879029274,assist,no
1432,1,1,0.5926665999540697,-0.5881725549697876,-0.9631725549697876,assist,yes
1433,1,0,0.009708474189265195,-4.656418800354004,-0.031418561935424805,assist,no
1434,1,0,0.015906392061694984,-4.169341087341309,-0.044341109693050385,assist,no
1435,1,0,0.08509904732734556,-2.6088740825653076,-0.23387411236763,assist,no
1436,1,0,0.00669285137007181,-5.059384346008301,-0.059384413063526154,assist,no
1437,1,0,0.0009110511198022095,-7.081969738006592,-0.08196965605020523,assist,no
1438,1,0,0.012431649846998705,-4.485380172729492,-0.11038009077310562,assist,no
1439,1,0,0.0015011823460801075,-6.573502063751221,-0.07350212335586548,assist,no
1440,1,0,0.001700722689731327,-6.468516826629639,-0.0935169905424118,assist,no
1441,1,0,0.005911069231114906,-5.132546424865723,-0.007546488661319017,assist,no
1442,1,0,0.14804719427274565,-2.0355396270751953,-0.2855395972728729,assist,no
1443,1,0,0.010986943683069595,-4.608750820159912,-0.10875091701745987,assist,no
1444,1,0,0.0007096702617242935,-7.45276403427124,-0.20276384055614471,assist,no
1445,1,0,0.01098694190195572,-4.588027000427246,-0.08802693337202072,assist,no
1446,1,0,0.003593603288392698,-5.660272598266602,-0.03527279570698738,assist,no
1447,1,0,0.012431652911296078,-4.430111408233643,-0.05511157587170601,assist,no
1448,1,0,0.0001584361724824684,-8.794156074523926,-0.0441557802259922,assist,no
1449,1,1,0.7057850340255386,-0.43945571780204773,-1.3144557476043701,assist,yes
1450,1,0,0.000552778702783526,-7.556401252746582,-0.05640137195587158,assist,no
1451,1,0,0.06008664512463808,-2.965923309326172,-0.2159232199192047,assist,no
1452,1,0,0.11920293140927592,-2.3128998279571533,-0.3128999173641205,assist,no
1453,1,0,0.06754668738548215,-2.9525134563446045,-0.3275133967399597,assist,no
1454,1,0,0.08509904848750824,-2.5392394065856934,-0.16423945128917694,assist,no
1455,1,0,0.003172682536161884,-5.836111545562744,-0.08611144870519638,assist,no
1456,1,0,0.0031726826009610422,-5.768805503845215,-0.018805427476763725,assist,no
1457,1,0,0.1329642436335826,-2.119913339614868,-0.24491336941719055,assist,no
1458,1,0,0.0024726225869501255,-6.074711799621582,-0.07471156865358353,assist,no
1459,1,0,0.20181322226037882,-1.8014259338378906,-0.4264259338378906,assist,no
1460,1,0,0.0010322310521203835,-6.9148173332214355,-0.03981734812259674,assist,no
1461,1,0,0.0011695101432087622,-6.822780132293701,-0.07278002798557281,assist,no
1462,1,0,0.004070138380328358,-5.532517910003662,-0.03251807391643524,assist,no
1463,1,0,0.014063627146554044,-4.36460542678833,-0.11460543423891068,assist,no
1464,1,0,0.047425867792089564,-3.232132911682129,-0.23213279247283936,assist,no
1465,1,0,0.0021827169483824974,-6.198643207550049,-0.07364343851804733,assist,no
1466,1,0,0.001926734337373851,-6.273499488830566,-0.023499319329857826,assist,no
1467,1,0,0.003172683572948575,-5.836513519287109,-0.08651375025510788,assist,no
1468,1,0,0.010986942428193881,-4.560457229614258,-0.06045721098780632,assist,no
1469,1,0,0.09534947132582737,-2.424297332763672,-0.17429740726947784,assist,no
1470,1,0,0.06008664933244599,-2.87717604637146,-0.12717603147029877,assist,no
1471,1,0,0.3208213138121609,-1.3092010021209717,-0.5592010617256165,assist,no
1472,1,0,0.46879062662624377,-0.8549768924713135,-0.7299768924713135,assist,no
1473,1,0,0.020332356310813628,-4.040349960327148,-0.16535010933876038,assist,no
1474,1,0,0.0015011821562259924,-6.616341590881348,-0.11634152382612228,assist,no
1475,1,0,0.005220125867663134,-5.302358627319336,-0.052358660846948624,assist,no
1476,1,0,0.10669059678604234,-2.3849573135375977,-0.25995734333992004,assist,no
1477,1,0,0.017986208514520034,-4.081912517547607,-0.08191243559122086,assist,no
1478,1,1,0.5926665999540697,-0.8421002626419067,-1.2171002626419067,assist,yes
1479,1,0,0.46879062662624377,-0.9681252241134644,-0.8431252241134644,assist,no
1480,1,0,0.00020342688713478053,-8.570881843566895,-0.07088139653205872,assist,no
1481,1,0,0.004609573273316032,-5.412873268127441,-0.03787350654602051,assist,no
1482,1,0,0.0011695105348590836,-6.790475368499756,-0.040475599467754364,assist,no
1483,1,0,0.20181321265898594,-1.8536889553070068,-0.47868889570236206,assist,no
1484,1,0,0.1329642436335826,-2.292978286743164,-0.41797831654548645,assist,no
1485,1,0,0.025957354372137545,-3.7011871337890625,-0.07618702203035355,assist,no
1486,1,0,0.01590639474411069,-4.246502876281738,-0.1215030699968338,assist,no
1487,1,0,0.00048785718454404407,-7.652830123901367,-0.027830250561237335,assist,no
1488,1,0,0.0008040860433788604,-7.176126480102539,-0.05112661421298981,assist,no
1489,1,0,0.04208772671409796,-3.2152109146118164,-0.09021088480949402,assist,no
1490,1,0,0.004609571119618313,-5.397784233093262,-0.022784002125263214,assist,no
1491,1,0,0.0021827163439263808,-6.14900016784668,-0.024000121280550957,assist,no
1492,1,0,0.0066928517663269035,-5.114429473876953,-0.11442960053682327,assist,no
1493,1,0,0.00091105122322277,-7.02864933013916,-0.028649361804127693,assist,no
1494,1,0,0.04208772791561884,-3.518826961517334,-0.393826961517334,assist,no
1495,1,0,0.0013250221115809271,-6.707430839538574,-0.08243060857057571,assist,no
1496,1,0,0.0066928496488390145,-5.030026435852051,-0.03002624399960041,assist,no
1497,1,0,0.4378234991142019,-0.9989979863166809,-0.7489979863166809,assist,no
1498,1,0,0.002182716899701462,-6.271700859069824,-0.14670106768608093,assist,no
1499,1,0,0.010986942509153599,-4.55475378036499,-0.05475376918911934,assist,no
1500,1,0,0.0008040859610701178,-7.129491329193115,-0.004491360858082771,assist,no
1501,1,0,0.010986943480670275,-4.542348384857178,-0.042348463088274,assist,no
1502,1,0,0.005220126776876857,-5.32928991317749,-0.07929012179374695,assist,no
1503,1,0,0.04742587317756679,-3.1563005447387695,-0.15630054473876953,assist,no
1504,1,0,0.06754668926255561,-2.803199529647827,-0.17819949984550476,assist,no
1505,1,0,0.0008040859895040461,-7.205877304077148,-0.08087737113237381,assist,no
1506,1,0,0.02033235156176603,-3.9530441761016846,-0.07804408669471741,assist,no
1507,1,0,0.0015011822846567146,-6.5515947341918945,-0.051594752818346024,assist,no
1508,1,0,0.002472623533361791,-6.042272090911865,-0.04227224364876747,assist,no
1509,1,0,0.007577242724564895,-4.950385093688965,-0.07538528740406036,assist,no
1510,1,0,0.014063628076331205,-4.388784885406494,-0.1387849599123001,assist,no
1511,1,0,0.0019267349874902005,-6.265251159667969,-0.015251328237354755,assist,no
1512,1,0,0.0011695100213620223,-6.8229660987854,-0.07296589016914368,assist,no
1513,1,0,0.4378234991142019,-0.88760906457901,-0.63760906457901,assist,no
1514,1,0,0.0017007222975869212,-6.478762149810791,-0.10376208275556564,assist,no
1515,1,0,0.017986213778417023,-4.109299182891846,-0.10929939895868301,assist,no
1516,1,0,0.0010322308177955575,-6.933239936828613,-0.05823972448706627,assist,no
1517,1,0,0.0004878571736449062,-7.786545753479004,-0.16154585778713226,assist,no
1518,1,0,0.00033535013296419336,-8.090958595275879,-0.0909586027264595,assist,no
1519,1,0,0.0008040861152119515,-7.205991268157959,-0.08099149167537689,assist,no
1520,1,0,0.04208772371029592,-3.170313835144043,-0.04531373083591461,assist,no
1521,1,0,0.24508500210441886,-1.5333786010742188,-0.408378541469574,assist,no
1522,1,0,0.4378234991142019,-0.8323498368263245,-0.5823498368263245,assist,no
1523,1,1,0.8354835330070839,-0.2827834188938141,-1.9077833890914917,assist,yes
1524,1,0,0.0005527786266329867,-7.535199165344238,-0.03519914671778679,assist,no
1525,1,0,0.03308597648187432,-3.4521291255950928,-0.077129065990448,assist,no
1526,1,0,0.0031726833608785423,-5.7846808433532715,-0.03468100726604462,assist,no
1527,1,0,0.0010322311385516849,-6.891341209411621,-0.016341308131814003,assist,no
1528,1,0,0.1645164628965632,-1.9561342000961304,-0.33113420009613037,assist,no
1529,1,0,0.2018132270610754,-1.8382333517074585,-0.4632333815097809,assist,no
1530,1,0,0.10669058329418492,-2.2433440685272217,-0.11834395676851273,assist,no
1531,1,0,0.11920292984474948,-2.226116418838501,-0.22611649334430695,assist,no
1532,1,0,0.0021827167374313507,-6.199864864349365,-0.07486499845981598,assist,no
1533,1,0,0.2689414096510108,-1.4490013122558594,-0.4490012526512146,assist,no
1534,1,0,0.0017007227276807902,-6.44108772277832,-0.06608790904283524,assist,no
1535,1,0,0.03732688627322502,-3.5797119140625,-0.3297118842601776,assist,no
1536,1,0,0.06754669395523943,-2.851048469543457,-0.2260485142469406,assist,no
1537,1,0,0.0015011825861897578,-6.5262298583984375,-0.02623007819056511,assist,no
1538,1,0,0.017986206803753842,-4.166141033172607,-0.1661408543586731,assist,no
1539,1,0,0.029312233295254994,-3.610949993133545,-0.11095008254051208,assist,no
1540,1,0,0.010986942954432066,-4.580264091491699,-0.0802641212940216,assist,no
1541,1,0,0.002800927414537748,-5.917959213256836,-0.04295937344431877,assist,no
1542,1,0,0.005911069294049474,-5.205541133880615,-0.0805412083864212,assist,no
1543,1,0,0.11920292515117029,-2.394003391265869,-0.39400342106819153,assist,no
1544,1,0,0.07585818628900447,-2.6806752681732178,-0.18067535758018494,assist,no
1545,1,0,0.020332355123551627,-3.941754102706909,-0.06675419211387634,assist,no
1546,1,0,0.010986944735546109,-4.6824517250061035,-0.18245191872119904,assist,no
1547,1,0,0.004070138621940107,-5.650855541229248,-0.15085576474666595,assist,no
1548,1,0,0.0031726825950702097,-5.812132835388184,-0.062132757157087326,assist,no
1549,1,1,0.5621765008857981,-0.9214580059051514,-1.1714580059051514,assist,yes
1550,1,0,0.2942149597859341,-1.2905302047729492,-0.41553014516830444,assist,no
1551,1,0,0.0003799845932851906,-7.896420001983643,-0.021420208737254143,assist,no
1552,1,0,0.00023050664000578186,-8.396097183227539,-0.02109682746231556,assist,no
1553,1,0,0.5,-0.7694960236549377,-0.7694960236549377,assist,no
1554,1,0,0.0024726227707193528,-6.033413410186768,-0.03341325372457504,assist,no
1555,1,0,0.010986945221304533,-4.54128360748291,-0.04128384590148926,assist,no
1556,1,0,0.005911068900024362,-5.216937065124512,-0.09193707257509232,assist,no
1557,1,0,0.02033235319425102,-3.9571235179901123,-0.08212351053953171,assist,no
1558,1,0,0.0011695102563521749,-6.795257568359375,-0.0452575609087944,assist,no
1559,1,0,0.0013250222890447963,-6.690907001495361,-0.06590690463781357,assist,no
1560,1,1,0.9840936108539738,-0.1291378289461136,-4.254137992858887,assist,yes
1561,1,0,0.005911070114935207,-5.1465349197387695,-0.021535133942961693,assist,no
1562,1,0,0.07585818628900447,-2.7297987937927246,-0.22979888319969177,assist,no
1563,1,1,0.798186768138228,-0.5301797986030579,-1.905179738998413,assist,yes
1564,1,0,0.0017007221837385621,-6.557572841644287,-0.18257270753383636,assist,no
1565,1,0,0.009708478057367978,-4.7437214851379395,-0.11872164905071259,assist,no
1566,1,0,0.006692851469135581,-5.045074939727783,-0.04507502168416977,assist,no
1567,1,0,0.005911068943804928,-5.167459964752197,-0.04245997965335846,assist,no
1568,1,0,0.014063625028728518,-4.303269863128662,-0.05326971784234047,assist,no
1569,1,0,0.00048785711188312946,-7.656167984008789,-0.03116796165704727,assist,no
1570,1,0,0.00043055699314535,-7.789154052734375,-0.039153847843408585,assist,no
1571,1,0,0.37754066879814546,-1.0572324991226196,-0.5572324991226196,assist,no
1572,1,0,0.0021827167698853724,-6.208415985107422,-0.08341613411903381,assist,no
1573,1,0,0.02033235408469743,-3.969855546951294,-0.09485558420419693,assist,no
1574,1,0,0.037326888415033926,-3.356067419052124,-0.10606744885444641,assist,no
1575,1,0,0.03308598101059528,-3.477694034576416,-0.10269411653280258,assist,no
1576,1,0,0.0005527785957611495,-7.58037805557251,-0.0803779810667038,assist,no
1577,1,0,0.00317268272466853,-5.802634239196777,-0.05263420194387436,assist,no
1578,1,0,0.0021827168510204276,-6.230086326599121,-0.10508651286363602,assist,no
1579,1,0,0.0008040861211980428,-7.176615238189697,-0.05161546915769577,assist,no
1580,1,0,0.010986942387714022,-4.620725154876709,-0.1207251325249672,assist,no
1581,1,1,0.7310585786300049,-0.6074626445770264,-1.6074626445770264,assist,yes
1582,1,1,0.880797068590724,-0.3183964192867279,-2.3183963298797607,assist,yes
1583,1,0,0.029312231387330967,-3.615856647491455,-0.11585666984319687,assist,no
1584,1,0,0.009708475442816857,-4.643465042114258,-0.018464934080839157,assist,no
1585,1,0,0.01590639054554718,-4.321162700653076,-0.1961626261472702,assist,no
1586,1,0,0.09534946361376598,-2.4439077377319336,-0.1939077228307724,assist,no
1587,1,0,0.40733341443526055,-1.2676749229431152,-0.89267498254776,assist,no
1588,1,0,0.00037998467323354827,-8.05607795715332,-0.18107837438583374,assist,no
1589,1,0,0.07585818419975078,-2.7102479934692383,-0.21024805307388306,assist,no
1590,1,0,0.0019267347492932755,-6.292200088500977,-0.042200133204460144,assist,no
1591,1,1,0.8175744761936437,-0.5878660678863525,-2.0878660678863525,assist,yes
1592,1,0,0.009708475514448384,-4.6620707511901855,-0.03707065060734749,assist,no
1593,1,0,0.020332351858581475,-3.9848875999450684,-0.10988752543926239,assist,no
1594,1,0,0.00522012654473717,-5.306840419769287,-0.05684058368206024,assist,no
1595,1,0,0.010986943197311236,-4.541589736938477,-0.04158978909254074,assist,no
1596,1,0,0.009708475729342973,-4.672287940979004,-0.04728786274790764,assist,no
1597,1,0,0.0035936027681675578,-5.7331695556640625,-0.10816960781812668,assist,no
1598,1,0,0.0008040858009422248,-7.175554275512695,-0.05055410787463188,assist,no
1599,1,0,0.0006263340182005267,-7.503300189971924,-0.12829996645450592,assist,no
1600,1,0,0.0007096702405894811,-7.3138604164123535,-0.06386019289493561,assist,no
1601,1,0,0.002472623285273262,-6.047889232635498,-0.047889284789562225,assist,no
1602,1,0,0.004070138229321024,-5.580419540405273,-0.08041966706514359,assist,no
1603,1,0,0.010986941982915435,-4.530290603637695,-0.030290544033050537,assist,no
1604,1,0,0.0850990438468576,-2.5626654624938965,-0.1876654475927353,assist,no
1605,1,0,0.002182716461572189,-6.143265724182129,-0.018265731632709503,assist,no
1606,1,0,0.0002034270386688464,-8.589800834655762,-0.0898011326789856,assist,no
1607,1,0,0.0010322311481551635,-6.920342445373535,-0.04534255340695381,assist,no
1608,1,0,0.4378234991142019,-0.9318259358406067,-0.6818259358406067,assist,no
1609,1,0,0.008577487441202876,-4.9447832107543945,-0.19478344917297363,assist,no
1610,1,0,0.00460957192298163,-5.412271022796631,-0.03727096691727638,assist,no
1611,1,0,0.04208773031866069,-3.3107988834381104,-0.18579894304275513,assist,no
1612,1,0,0.11920292515117029,-2.3848419189453125,-0.3848419487476349,assist,no
1613,1,0,0.0010322309445614404,-6.932712554931641,-0.05771246552467346,assist,no
1614,1,0,0.0021827160802375236,-6.149428367614746,-0.024428199976682663,assist,no
1615,1,0,0.0259573558791558,-3.7203047275543213,-0.09530467540025711,assist,no
1616,1,0,0.5,-0.7526723146438599,-0.7526723146438599,assist,no
1617,1,0,0.00247262269721166,-6.061352252960205,-0.061352066695690155,assist,no
1618,1,0,0.04742586846527418,-3.1479079723358154,-0.14790786802768707,assist,no
1619,1,0,0.13296424019782924,-2.2668745517730713,-0.3918745517730713,assist,no
1620,1,0,0.010986943723549459,-4.546496868133545,-0.04649696871638298,assist,no
1621,1,0,0.0013250221066513758,-6.682769298553467,-0.057769063860177994,assist,no
1622,1,0,0.012431649664055602,-4.4639716148376465,-0.08897151798009872,assist,no
1623,1,0,0.014063624047297284,-4.368468284606934,-0.11846806854009628,assist,no
1624,1,0,0.037326884131416216,-3.4019908905029297,-0.15199080109596252,assist,no
1625,1,0,0.009708478021552206,-4.683803081512451,-0.058803241699934006,assist,no
1626,1,0,0.0008040859715457755,-7.1891770362854,-0.06417708098888397,assist,no
1627,1,0,0.0007096702987102162,-7.306617259979248,-0.056617118418216705,assist,no
1628,1,0,0.24508501313237172,-1.5648915767669678,-0.4398915767669678,assist,no
1629,1,0,0.4378234991142019,-0.8441342115402222,-0.5941342115402222,assist,no
1630,1,0,0.0075772422763482235,-4.941628932952881,-0.0666290670633316,assist,no
1631,1,0,0.0040701369910610885,-5.625744819641113,-0.12574464082717896,assist,no
1632,1,0,0.06008665522337757,-3.095980644226074,-0.3459807336330414,assist,no
1633,1,0,0.006692850181306666,-5.072246074676514,-0.07224596291780472,assist,no
1634,1,0,0.022977371248114782,-3.788069009780884,-0.038069069385528564,assist,no
1635,1,0,0.2689414213699951,-1.5389732122421265,-0.5389732122421265,assist,no
1636,1,0,0.004609573204944661,-5.401617050170898,-0.026617273688316345,assist,no
1637,1,0,0.14804718675485834,-2.1749486923217773,-0.4249486029148102,assist,no
1638,1,0,0.010986941982915435,-4.57254695892334,-0.07254689931869507,assist,no
1639,1,0,0.0019267344913958867,-6.324234962463379,-0.07423487305641174,assist,no
1640,1,0,0.0004305571614875987,-7.8401970863342285,-0.09019727259874344,assist,no
1641,1,0,0.16451646699291617,-1.92119562625885,-0.2961956560611725,assist,no
1642,1,0,0.0013250223679176346,-6.728029727935791,-0.10302969068288803,assist,no
1643,1,0,0.00017952799876842413,-8.67586612701416,-0.05086629092693329,assist,no
1644,1,0,0.004070137927306371,-5.561808109283447,-0.061808161437511444,assist,no
1645,1,0,0.0031726822769652645,-5.88341760635376,-0.13341742753982544,assist,no
1646,1,0,0.0011695103433855766,-6.790099620819092,-0.04009968787431717,assist,no
1647,1,0,0.01590639054554718,-4.213610649108887,-0.08861057460308075,assist,no
1648,1,0,0.008577486300739193,-4.820357322692871,-0.07035742700099945,assist,no
1649,1,0,0.03732688573777281,-3.2910125255584717,-0.0410124808549881,assist,no
1650,1,0,0.010986941142958418,-4.514589786529541,-0.014589649625122547,assist,no
1651,1,0,0.0953494674697966,-2.542689085006714,-0.29268911480903625,assist,no
1652,1,0,0.03732688680867724,-3.3787453174591064,-0.12874530255794525,assist,no
1653,1,0,0.020332352452212373,-3.948611259460449,-0.07361121475696564,assist,no
1654,1,0,0.34864513533394575,-1.1584231853485107,-0.5334231853485107,assist,no
1655,1,0,0.03732688895048618,-3.379586935043335,-0.12958697974681854,assist,no
1656,1,0,0.00460957164949623,-5.405612468719482,-0.03061235323548317,assist,no
1657,1,0,0.0015011823069924935,-6.5269317626953125,-0.026931796222925186,assist,no
1658,1,0,0.007577241716077422,-5.0476460456848145,-0.17264610528945923,assist,no
1659,1,0,0.022977371582637088,-3.875631332397461,-0.1256314069032669,assist,no
1660,1,0,0.005911069906977476,-5.248857498168945,-0.12385767698287964,assist,no
1661,1,1,0.5621765008857981,-1.116209864616394,-1.366209864616394,assist,Yes
1662,1,1,0.6224593312018546,-0.5472347736358643,-1.0472347736358643,assist,yes
1663,1,0,0.4378234844434674,-1.0071508884429932,-0.7571508288383484,assist,no
1664,1,0,0.002182716019386253,-6.140822887420654,-0.015822691842913628,assist,no
1665,1,0,0.01243165240820243,-4.442670822143555,-0.06767094880342484,assist,no
1666,1,0,0.08509903688588204,-2.5248446464538574,-0.14984454214572906,assist,no
1667,1,0,0.18242551936144574,-1.861489176750183,-0.3614891469478607,assist,no
1668,1,0,0.0015011821115544397,-6.583413600921631,-0.0834135040640831,assist,no
1669,1,0,0.047425871831197425,-3.1007862091064453,-0.10078617930412292,assist,no
1670,1,0,0.0031726833962235465,-5.793637752532959,-0.04363792762160301,assist,no
1671,1,0,0.0010322311904104695,-7.079141139984131,-0.2041412889957428,assist,no
1672,1,0,0.003593602528063672,-5.732360363006592,-0.1073603481054306,assist,no
1673,1,0,0.00048785715911272274,-7.696256160736084,-0.07125623524188995,assist,no
1674,1,0,0.4378234991142019,-1.0001165866851807,-0.7501165866851807,assist,no
1675,1,0,0.004609572230652725,-5.42903470993042,-0.05403472110629082,assist,no
1676,1,0,0.37754066879814546,-1.066951036453247,-0.5669510364532471,assist,no
1677,1,0,0.22270014398423357,-1.5129481554031372,-0.2629481852054596,assist,no
1678,1,0,0.02033235542036712,-4.001028537750244,-0.1260286420583725,assist,no
1679,1,0,0.005220125930534291,-5.261184215545654,-0.011184261180460453,assist,no
1680,1,0,0.0010322308734957164,-6.903176307678223,-0.02817614935338497,assist,no
1681,1,0,0.0007096703277705857,-7.263990879058838,-0.013990778475999832,assist,no
1682,1,0,0.05340332584513183,-2.9338977336883545,-0.058897655457258224,assist,no
1683,1,0,0.000804086031406679,-7.226883411407471,-0.10188353061676025,assist,no
1684,1,0,0.001700722724518335,-6.398287773132324,-0.023287957534193993,assist,no
1685,1,0,0.005220126148165224,-5.278957366943359,-0.02895745448768139,assist,no
1686,1,1,0.5621765008857981,-0.785804033279419,-1.035804033279419,assist,yes
1687,1,0,0.4378234991142019,-0.8297070264816284,-0.5797070264816284,assist,no
1688,1,1,0.8807970842359877,-0.29355567693710327,-2.293555736541748,assist,yes
1689,1,0,0.002472623524173327,-6.038097381591797,-0.038097530603408813,assist,no
1690,1,0,0.0035936023213075613,-5.644017696380615,-0.019017623737454414,assist,no
1691,1,0,0.009708474547422796,-4.67697811126709,-0.05197791010141373,assist,no
1692,1,0,0.4073334000459302,-1.001513123512268,-0.6265131235122681,assist,no
1693,1,0,0.0008040858518239816,-7.3281025886535645,-0.2031024843454361,assist,no
1694,1,0,0.0009110510994571826,-7.102874279022217,-0.10287417471408844,assist,no
1695,1,0,0.0004878571300483571,-7.739443302154541,-0.11444331705570221,assist,no
1696,1,0,0.014063629935885703,-4.352352619171143,-0.10235282778739929,assist,no
1697,1,0,0.46879062662624377,-0.9599151015281677,-0.8349151015281677,assist,no
1698,1,0,0.0013250222693265876,-6.648219585418701,-0.023219473659992218,assist,no
1699,1,0,0.01243164865786858,-4.5410051345825195,-0.1660049557685852,assist,no
1700,1,0,0.09534945975773548,-2.5782620906829834,-0.3282620310783386,assist,no
1701,1,0,0.00669285075092327,-5.025553226470947,-0.025553200393915176,assist,no
1702,1,0,0.02297736740110863,-3.7983617782592773,-0.04836166650056839,assist,no
1703,1,0,0.042087731520181665,-3.399808406829834,-0.27480849623680115,assist,no
1704,1,0,0.0059110692064883365,-5.316664695739746,-0.19166475534439087,assist,no
1705,1,0,0.07585818106587033,-2.701770067214966,-0.20177008211612701,assist,no
1706,1,0,0.022977369575503337,-3.847241163253784,-0.09724114835262299,assist,no
1707,1,0,0.06008664428307651,-2.8203210830688477,-0.0703209787607193,assist,no
1708,1,0,0.0009110510045137297,-7.091064929962158,-0.09106472134590149,assist,no
1709,1,0,0.004609572743437929,-5.430941104888916,-0.055941227823495865,assist,no
1710,1,0,0.00359360194114313,-5.731720447540283,-0.10672026872634888,assist,no
1711,1,0,0.09534947004048376,-2.7187726497650146,-0.4687727093696594,assist,no
1712,1,0,0.002472622660457815,-6.042809963226318,-0.04280976206064224,assist,no
1713,1,0,0.010986944978425318,-4.521408557891846,-0.021408773958683014,assist,no
1714,1,0,0.005911069151762624,-5.1419548988342285,-0.016954949125647545,assist,no
1715,1,0,0.00522012577093828,-5.2779059410095215,-0.027905955910682678,assist,no
1716,1,0,0.012431648795075896,-4.431541919708252,-0.05654175207018852,assist,no
1717,1,0,0.0004878571718283832,-7.6690993309021,-0.04409943148493767,assist,no
1718,1,0,0.010986941092358602,-4.567601680755615,-0.06760153919458389,assist,no
1719,1,0,0.07585817584273653,-2.7116966247558594,-0.2116965651512146,assist,no
1720,1,0,0.009708477699210249,-4.6882004737854,-0.06320060044527054,assist,no
1721,1,0,0.0035936023146380092,-5.693634033203125,-0.06863395869731903,assist,no
1722,1,0,0.05340333074141771,-2.9357199668884277,-0.06071998551487923,assist,no
1723,1,0,0.004609571820424604,-5.426307678222656,-0.05130759999155998,assist,no
1724,1,0,0.0009110510282495921,-7.022469520568848,-0.02246933802962303,assist,no
1725,1,1,0.7057850216484838,-0.4954970180988312,-1.3704969882965088,assist,yes
1726,1,0,0.0013250223580585298,-6.6764607429504395,-0.05146069824695587,assist,no
1727,1,0,0.010986944168827973,-4.623432159423828,-0.12343230098485947,assist,no
1728,1,0,0.0075772417721044994,-4.977354049682617,-0.10235411673784256,assist,no
1729,1,0,0.40733341443526055,-1.0984611511230469,-0.7234612107276917,assist,no
1730,1,0,0.22270013366638422,-1.5079231262207031,-0.25792309641838074,assist,no
1731,1,0,0.000552778700725403,-7.556924819946289,-0.056924935430288315,assist,no
1732,1,0,0.00017952792120227488,-8.704696655273438,-0.07969638705253601,assist,no
1733,1,0,0.08509905312815914,-2.518716812133789,-0.14371691644191742,assist,no
1734,1,0,0.0007096704572213362,-7.294695854187012,-0.044695936143398285,assist,no
1735,1,0,0.042087728816759526,-3.172943353652954,-0.04794337600469589,assist,no
1736,1,0,0.0013250226143952844,-6.689835548400879,-0.06483569741249084,assist,no
1737,1,0,0.0019267349964449726,-6.279632091522217,-0.029632264748215675,assist,no
1738,1,0,0.000804085857810071,-7.160746097564697,-0.035746000707149506,assist,no
1739,1,0,0.0024726229728655185,-6.04245662689209,-0.042456552386283875,assist,no
1740,1,0,0.0124316519051088,-4.404054641723633,-0.029054727405309677,assist,no
1741,1,0,0.0005527787315972462,-7.550078392028809,-0.05007856339216232,assist,no
1742,1,0,0.003593602554741881,-5.7336812019348145,-0.10868119448423386,assist,no
1743,1,0,0.005911069162707768,-5.1646928787231445,-0.03969293087720871,assist,no
1744,1,0,0.022977370746331334,-3.8147873878479004,-0.06478742510080338,assist,no
1745,1,1,0.679178699175393,-0.5293346643447876,-1.2793346643447876,assist,yes
1746,1,0,0.07585818419975078,-2.6520485877990723,-0.15204864740371704,assist,no
1747,1,0,0.009708478666236147,-4.682048797607422,-0.05704902485013008,assist,no
1748,1,0,0.09534946232842245,-2.4663913249969482,-0.21639129519462585,assist,no
1749,1,0,0.012431650853185818,-4.673569679260254,-0.2985696792602539,assist,no
1750,1,0,0.03732689028911683,-3.354691743850708,-0.10469182580709457,assist,no
1751,1,0,0.00359360332841002,-5.773748874664307,-0.14874908328056335,assist,no
1752,1,0,0.0019267344054300975,-6.343511581420898,-0.09351144731044769,assist,no
1753,1,0,0.0005527785751799256,-7.534914493560791,-0.03491438180208206,assist,no
1754,1,0,0.00043055707811809585,-7.794344425201416,-0.04434441775083542,assist,no
1755,1,0,0.007577243004700326,-4.929398536682129,-0.05439876765012741,assist,no
1756,1,1,0.679178699175393,-0.5925542116165161,-1.3425542116165161,assist,yes
1757,1,0,0.2942149845400438,-1.2356517314910889,-0.36065179109573364,assist,no
1758,1,0,0.0013250221411582371,-6.740641117095947,-0.11564090847969055,assist,no
1759,1,0,0.05340332678672523,-3.0036840438842773,-0.12868398427963257,assist,no
1760,1,0,0.004609571974260146,-5.438389301300049,-0.06338925659656525,assist,no
1761,1,0,0.09534945847239201,-2.449082612991333,-0.19908253848552704,assist,no
1762,1,0,0.006692849710753855,-5.059279441833496,-0.05927925929427147,assist,no
1763,1,1,0.5926665999540697,-0.7899014949798584,-1.1649014949798584,assist,yes
1764,1,0,0.0028009273208923708,-5.942478179931641,-0.06747830659151077,assist,no
1765,1,0,0.0010322309522442217,-6.968374729156494,-0.09337464720010757,assist,no
1766,1,0,0.0019267342693176065,-6.287409782409668,-0.03740957751870155,assist,no
1767,1,0,0.002472622605327048,-6.148456573486328,-0.14845634996891022,assist,no
1768,1,0,0.003593603008271459,-5.856504440307617,-0.23150455951690674,assist,no
1769,1,0,0.0013250226538317129,-6.698190212249756,-0.07319039106369019,assist,no
1770,1,0,0.029312230751356316,-3.6362006664276123,-0.1362006664276123,assist,no
1771,1,0,0.1480471980316895,-2.037907838821411,-0.28790783882141113,assist,no
1772,1,0,0.0013250226341134984,-6.770709991455078,-0.14571015536785126,assist,no
1773,1,1,0.7057850402140659,-0.5797190070152283,-1.454719066619873,assist,yes
1774,1,0,0.001501182186937686,-6.525787830352783,-0.025787783786654472,assist,no
1775,1,1,0.7310585903489892,-0.6002580523490906,-1.6002581119537354,assist,yes
1776,1,0,0.0052201249681220535,-5.2761359214782715,-0.026135781779885292,assist,no
1777,1,0,0.02595735682104226,-3.797788143157959,-0.1727881282567978,assist,no
1778,1,0,0.007577239839170537,-4.934115409851074,-0.059115219861269,assist,no
1779,1,0,0.4378234991142019,-0.9303306341171265,-0.6803306341171265,assist,no
1780,1,0,0.001501182558270029,-6.616168975830078,-0.11616917699575424,assist,no
1781,1,0,0.0011695104913423747,-6.814975261688232,-0.06497545540332794,assist,no
1782,1,0,0.004609571102525478,-5.426967620849609,-0.05196738615632057,assist,no
1783,1,0,0.017986212133449052,-4.038290977478027,-0.03829110041260719,assist,no
1784,1,0,0.009708475478632619,-4.757292747497559,-0.13229264318943024,assist,no
1785,1,0,0.1192029188930649,-2.439572811126709,-0.4395727813243866,assist,no
1786,1,1,0.5926665999540697,-0.7459367513656616,-1.1209367513656616,assist,yes
1787,1,0,0.0007096702775754029,-7.330707550048828,-0.0807073786854744,assist,no
1788,1,0,0.3486451217982255,-1.1089205741882324,-0.48392051458358765,assist,no
1789,1,0,0.4378235137849365,-1.0102686882019043,-0.7602687478065491,assist,no
1790,1,0,0.004070138561537168,-5.570228099822998,-0.07022830843925476,assist,no
1791,1,0,0.005220126931636656,-5.419623374938965,-0.16962361335754395,assist,no
1792,1,0,0.2689414096510108,-1.646470546722412,-0.6464704871177673,assist,no
1793,1,0,0.009708478469249384,-4.648831844329834,-0.02383205108344555,assist,no
1794,1,0,0.009708478164815298,-4.675161838531494,-0.05016201362013817,assist,no
1795,1,0,0.46879064146934857,-1.0737135410308838,-0.9487136006355286,assist,no
1796,1,0,0.020332352155396922,-3.9013078212738037,-0.026307761669158936,assist,no
1797,1,0,0.0019267345630340465,-6.324017524719238,-0.0740174725651741,assist,no
1798,1,0,0.002800927258462121,-5.9352827072143555,-0.060282811522483826,assist,no
1799,1,0,0.29421496597446145,-1.3690547943115234,-0.49405476450920105,assist,no
1800,1,0,0.04208772476162661,-3.1724157333374023,-0.047415655106306076,assist,no
1801,1,0,0.014063624176432966,-4.26689338684082,-0.016893180087208748,assist,no
1802,1,0,0.0010322311539172507,-6.87893533706665,-0.003935450688004494,assist,no
1803,1,0,0.047425869811643456,-3.1077473163604736,-0.10774724185466766,assist,no
1804,1,1,0.5926665999540697,-0.8917914628982544,-1.2667914628982544,assist,yes
1805,1,1,0.8670357460591569,-0.29023945331573486,-2.1652393341064453,assist,yes
1806,1,0,0.2689414096510108,-1.419642448425293,-0.4196423888206482,assist,no
1807,1,0,0.46879062662624377,-0.8623612523078918,-0.7373612523078918,assist,no
1808,1,0,0.00037998458550260797,-7.946065425872803,-0.07106561213731766,assist,no
1809,1,0,0.00043055708773765306,-7.830097198486328,-0.08009721338748932,assist,no
1810,1,0,0.10669060530721626,-2.2807836532592773,-0.1557837724685669,assist,no
1811,1,0,0.015906388679519302,-4.185816764831543,-0.06081657111644745,assist,no
1812,1,0,0.0004305569979551276,-7.864304542541504,-0.11430434882640839,assist,no
1813,1,0,0.03732688573777281,-3.402479887008667,-0.1524798423051834,assist,no
1814,1,0,0.0031726826480877037,-5.767058849334717,-0.017058787867426872,assist,no
1815,1,0,0.0003799844807915123,-7.946448802947998,-0.07144871354103088,assist,no
1816,1,0,0.0019267345200511502,-6.3434343338012695,-0.09343425929546356,assist,no
1817,1,0,0.0015011824996386002,-6.518817901611328,-0.018818063661456108,assist,no
1818,1,0,0.025957356868136584,-3.6541428565979004,-0.029142843559384346,assist,no
1819,1,0,0.03308598077224154,-3.5116844177246094,-0.13668449223041534,assist,no
1820,1,0,0.009708475693527207,-4.731821060180664,-0.1068209782242775,assist,no
1821,1,0,0.2689414213699951,-1.6159847974777222,-0.6159847974777222,assist,no
1822,1,0,0.029312233295254994,-3.7308945655822754,-0.23089465498924255,assist,no
1823,1,0,0.06754668832401889,-2.6967244148254395,-0.07172437012195587,assist,no
1824,1,0,0.060086648490884395,-2.8167662620544434,-0.06676623225212097,assist,no
1825,1,0,0.0002611904217214576,-8.273962020874023,-0.023962413892149925,assist,no
1826,1,1,0.5926666143433998,-0.706706702709198,-1.0817067623138428,assist,yes
1827,1,0,0.0021827163479831327,-6.230824947357178,-0.10582490265369415,assist,no
1828,1,0,0.0019267345200511502,-6.3031463623046875,-0.05314628779888153,assist,no
1829,1,0,0.3486451217982255,-1.3919625282287598,-0.766962468624115,assist,no
1830,1,0,0.0015011825526860833,-6.551555156707764,-0.05155535414814949,assist,no
1831,1,0,0.008577483386221569,-4.926682472229004,-0.1766822338104248,assist,no
1832,1,0,0.04742587536541707,-3.0503933429718018,-0.05039339140057564,assist,no
1833,1,0,0.002472622761530891,-6.052803993225098,-0.05280383303761482,assist,no
1834,1,0,0.009708478684144034,-4.648582458496094,-0.023582687601447105,assist,no
1835,1,0,0.001926734946298249,-6.279660701751709,-0.029660848900675774,assist,no
1836,1,0,0.004609571102525478,-5.412039756774902,-0.03703952208161354,assist,no
1837,1,0,0.11920292984474948,-2.228964328765869,-0.2289644032716751,assist,no
1838,1,0,0.0015011821841457139,-6.545750141143799,-0.04575009271502495,assist,no
1839,1,0,0.08509904152653235,-2.596975326538086,-0.22197528183460236,assist,no
1840,1,0,0.0004305570717050579,-7.831687927246094,-0.08168790489435196,assist,no
1841,1,0,0.014063627973022628,-4.319936275482178,-0.0699363425374031,assist,no
1842,1,0,0.06754669301670263,-2.8346035480499268,-0.20960357785224915,assist,no
1843,1,0,0.11920291107043361,-2.197492837905884,-0.19749273359775543,assist,no
1844,1,0,0.1645164628965632,-1.9166327714920044,-0.2916327714920044,assist,no
1845,1,0,0.0031726822769652645,-5.827425956726074,-0.07742577791213989,assist,no
1846,1,0,0.010986943359230686,-4.573791980743408,-0.07379204779863358,assist,no
1847,1,0,0.0004305570300203132,-7.851526260375977,-0.10152614116668701,assist,no
1848,1,0,0.008577485223634738,-4.785730838775635,-0.035730816423892975,assist,no
1849,1,0,0.007577242556483638,-4.9250969886779785,-0.050097160041332245,assist,no
1850,1,0,0.02931222757148327,-3.5977253913879395,-0.0977252796292305,assist,no
1851,1,0,0.5,-0.7667983770370483,-0.7667983770370483,assist,no
1852,1,0,0.002472622642080892,-6.0345258712768555,-0.034525662660598755,assist,no
1853,1,0,0.00218271607212402,-6.17219877243042,-0.04719860106706619,assist,no
1854,1,0,0.0009110511198022095,-7.081079959869385,-0.0810798779129982,assist,no
1855,1,0,0.00037998458691762305,-7.899341106414795,-0.024341296404600143,assist,no
1856,1,0,0.022977369659133905,-3.7740819454193115,-0.024081934243440628,assist,no
1857,1,0,0.020332357498075698,-4.130840301513672,-0.2558405101299286,assist,no
1858,1,0,0.020332354047595494,-3.89957857131958,-0.024578606709837914,assist,no
1859,1,0,0.02033235452992065,-3.9985289573669434,-0.12352901697158813,assist,no
1860,1,0,0.20181323186177208,-1.7069487571716309,-0.33194881677627563,assist,no
1861,1,0,0.001032231132789598,-6.9032464027404785,-0.028246495872735977,assist,no
1862,1,1,0.851952809486198,-0.4805755019187927,-2.2305755615234375,assist,yes
1863,1,0,0.004609572123822482,-5.383655071258545,-0.008655059151351452,assist,no
1864,1,0,0.06754669864792355,-2.8448309898376465,-0.21983110904693604,assist,no
1865,1,0,0.04742587637519415,-3.0547945499420166,-0.05479462072253227,assist,no
1866,1,0,0.0021827164210046685,-6.177983283996582,-0.052983272820711136,assist,no
1867,1,0,0.01798621114646834,-4.037236213684082,-0.037236280739307404,assist,no
1868,1,0,0.0010322312211416022,-6.9780659675598145,-0.10306614637374878,assist,no
1869,1,0,0.0953494648991095,-2.444387197494507,-0.19438719749450684,assist,no
1870,1,0,0.06754668597767712,-2.7032830715179443,-0.07828298956155777,assist,no
1871,1,0,0.0003353502590988399,-8.056801795959473,-0.0568021796643734,assist,no
1872,1,0,0.0017007227751176207,-6.391826152801514,-0.016826367005705833,assist,no
1873,1,0,0.0008040858757683391,-7.205959796905518,-0.08095972239971161,assist,no
1874,1,0,0.020332351116542875,-3.970709800720215,-0.09570968896150589,assist,no
1875,1,0,0.2689414213699951,-1.4378998279571533,-0.4378998279571533,assist,no
1876,1,0,0.020332356904444657,-4.052842140197754,-0.17784231901168823,assist,no
1877,1,0,0.0015011824521750645,-6.532616138458252,-0.0326162688434124,assist,no
1878,1,0,0.46879062662624377,-0.9152039885520935,-0.7902039885520935,assist,no
1879,1,0,0.02595735945832451,-3.7892558574676514,-0.16425594687461853,assist,no
1880,1,1,0.5312093733737563,-0.6462256908416748,-0.7712256908416748,assist,yes
1881,1,0,0.000911051184228131,-7.03999662399292,-0.039996612817049026,assist,no
1882,1,0,0.37754066879814546,-1.0818105936050415,-0.5818105936050415,assist,no
1883,1,0,0.05340332603345051,-3.091012716293335,-0.216012641787529,assist,no
1884,1,0,0.007577241716077422,-4.978801250457764,-0.10380131006240845,assist,no
1885,1,0,0.2018132150593341,-1.605798363685608,-0.23079831898212433,assist,no
1886,1,1,0.8354835289107309,-0.36118608713150024,-1.9861860275268555,assist,yes
1887,1,0,0.5,-0.7359729409217834,-0.7359729409217834,assist,no
1888,1,0,0.00037998450909180554,-7.945860862731934,-0.0708608478307724,assist,no
1889,1,0,0.11920293453832885,-2.222034454345703,-0.22203457355499268,assist,no
1890,1,0,0.022977372084420553,-3.812990427017212,-0.06299052387475967,assist,no
1891,1,0,0.00218271594230798,-6.193498611450195,-0.06849838048219681,assist,no
1892,1,0,0.18242552380635632,-1.838902235031128,-0.33890223503112793,assist,no
1893,1,0,0.010986943197311236,-4.587928295135498,-0.08792834728956223,assist,no
1894,1,0,0.46879062662624377,-0.9381198883056641,-0.8131198883056641,assist,no
1895,1,0,0.005911070257222078,-5.295644760131836,-0.17064499855041504,assist,no
1896,1,0,0.008577485920584663,-4.8188982009887695,-0.0688982605934143,assist,no
1897,1,0,0.001700722436734926,-6.411744117736816,-0.0367441326379776,assist,no
1898,1,0,0.0004305570396398693,-7.806524276733398,-0.05652417987585068,assist,no
1899,1,0,0.05340332377362639,-3.0289793014526367,-0.15397918224334717,assist,no
1900,1,0,0.010986942549633462,-4.575374126434326,-0.07537411898374557,assist,no
1901,1,0,0.0017007226201573129,-6.391817569732666,-0.016817692667245865,assist,no
1902,1,0,0.13296422989056964,-2.0975847244262695,-0.22258463501930237,assist,no
1903,1,0,0.002800926967120973,-5.971568584442139,-0.09656858444213867,assist,no
1904,1,0,0.004070137413881512,-5.564295768737793,-0.064295694231987,assist,no
1905,1,0,0.22270013366638422,-1.647331953048706,-0.39733192324638367,assist,no
1906,1,0,0.10669060388702058,-2.3667407035827637,-0.24174080789089203,assist,no
1907,1,0,0.2689414213699951,-1.4342223405838013,-0.43422234058380127,assist,no
1908,1,0,0.0028009273000822866,-5.994239807128906,-0.1192399263381958,assist,no
1909,1,0,0.06008665354025422,-2.9450478553771973,-0.19504791498184204,assist,no
1910,1,0,0.07585818367743737,-2.5833966732025146,-0.08339672535657883,assist,no
1911,1,0,0.014063626423394072,-4.377387046813965,-0.12738700211048126,assist,no
1912,1,0,0.010986940525640651,-4.549518585205078,-0.049518391489982605,assist,no
1913,1,0,0.003593603168340736,-5.732568740844727,-0.1075689047574997,assist,no
1914,1,0,0.03732688814730781,-3.296588659286499,-0.046588681638240814,assist,no
1915,1,0,0.0046095724528596406,-5.473083972930908,-0.09808403253555298,assist,no
1916,1,0,0.14804720930852133,-2.008307933807373,-0.2583080232143402,assist,no
1917,1,1,0.5926665999540697,-0.8337668180465698,-1.2087668180465698,assist,yes
1918,1,0,0.08509905312815914,-2.475921869277954,-0.10092197358608246,assist,no
1919,1,0,0.017986209172507078,-4.054265022277832,-0.05426497757434845,assist,no
1920,1,0,0.025957355125646668,-3.6914572715759277,-0.06645718961954117,assist,no
1921,1,0,0.4378234991142019,-1.1159430742263794,-0.8659430742263794,assist,no
1922,1,0,0.012431651859373016,-4.423523426055908,-0.04852350801229477,assist,no
1923,1,0,0.006692851419603695,-5.172451019287109,-0.17245109379291534,assist,no
1924,1,0,0.005911069512952324,-5.177323818206787,-0.05232392996549606,assist,no
1925,1,0,0.008577483576298776,-4.804026126861572,-0.054025910794734955,assist,no
1926,1,0,0.0021827160802375236,-6.149428367614746,-0.024428199976682663,assist,no
1927,1,0,0.0021827165751612514,-6.259304523468018,-0.13430458307266235,assist,no
1928,1,0,0.0013250224467904776,-6.741093158721924,-0.11609318107366562,assist,no
1929,1,0,0.11920291263495983,-2.201749801635742,-0.20174971222877502,assist,no
1930,1,0,0.006692850379434174,-5.102323532104492,-0.10232345014810562,assist,no
1931,1,0,0.09534947261117097,-2.61617374420166,-0.3661738336086273,assist,no
1932,1,0,0.005220124465152914,-5.269007682800293,-0.019007446244359016,assist,no
1933,1,1,0.8354835493924953,-0.40733376145362854,-2.0323338508605957,assist,yes
1934,1,0,0.02931222947940706,-3.590228796005249,-0.09022875130176544,assist,no
1935,1,0,0.0028009266341596987,-5.952016830444336,-0.07701671123504639,assist,no
1936,1,0,0.025957359269947192,-3.690279960632324,-0.06528004258871078,assist,no
1937,1,0,0.006692850973816738,-5.083510875701904,-0.0835108831524849,assist,no
1938,1,0,0.0021827167252610933,-6.151273727416992,-0.026273855939507484,assist,no
1939,1,0,0.3486451488696663,-1.17305588722229,-0.5480559468269348,assist,no
1940,1,0,0.022977368739197652,-3.795808792114258,-0.045808739960193634,assist,no
1941,1,0,0.24508502416032488,-1.465660810470581,-0.34066087007522583,assist,no
1942,1,0,0.0019267342406623464,-6.3029303550720215,-0.052930135279893875,assist,no
1943,1,0,0.0031726830074285195,-5.784839153289795,-0.0348392054438591,assist,no
1944,1,0,0.010986943359230686,-4.615410804748535,-0.11541087180376053,assist,no
1945,1,0,0.0059110689656952115,-5.179152488708496,-0.054152507334947586,assist,no
1946,1,0,0.009708475299553801,-4.665504455566406,-0.0405043326318264,assist,no
1947,1,0,0.00669285072615733,-5.178029537200928,-0.17802950739860535,assist,no
1948,1,0,0.002472622862603971,-6.027102947235107,-0.02710282802581787,assist,no
1949,1,0,0.020332355123551627,-3.96506929397583,-0.09006938338279724,assist,no
1950,1,1,0.7057850278370112,-0.6787914037704468,-1.5537914037704468,assist,yes
1951,1,0,0.002472623303650189,-6.05402946472168,-0.05402952432632446,assist,no
1952,1,1,0.5312093733737563,-0.9923223257064819,-1.117322325706482,assist,yes
1953,1,0,0.0011695104478256675,-6.865359306335449,-0.11535946279764175,assist,no
1954,1,0,0.03308598172565655,-3.5632741451263428,-0.18827424943447113,assist,no
1955,1,1,0.5312093733737563,-0.8336566090583801,-0.9586566090583801,assist,yes
1956,1,0,0.00048785718545230555,-7.646500587463379,-0.021500715985894203,assist,no
1957,1,0,0.007577242836619065,-4.990818023681641,-0.11581823229789734,assist,no
1958,1,0,0.010986941982915435,-4.609565734863281,-0.10956567525863647,assist,no
1959,1,0,0.004609572948552026,-5.425307750701904,-0.05030791833996773,assist,no
1960,1,0,0.005220124745654927,-5.280889511108398,-0.030889328569173813,assist,no
1961,1,0,0.02033235323135295,-3.899498701095581,-0.024498695507645607,assist,no
1962,1,1,0.7310585669110203,-0.6759122014045715,-1.6759121417999268,assist,yes
1963,1,0,0.029312230751356316,-3.752088785171509,-0.2520887851715088,assist,no
1964,1,0,0.00970847719778945,-4.820614814758301,-0.19561488926410675,assist,no
1965,1,0,0.012431648074737501,-4.390137195587158,-0.015136969275772572,assist,no
1966,1,0,0.0474258688018665,-3.055710554122925,-0.055710457265377045,assist,no
1967,1,0,0.004609572589602362,-5.464028358459473,-0.08902844786643982,assist,no
1968,1,0,0.025957358328060655,-3.7349398136138916,-0.10993985831737518,assist,no
1969,1,0,0.0046095723503026004,-5.416041851043701,-0.041041888296604156,assist,no
1970,1,0,0.002800927456157916,-5.913200855255127,-0.03820103034377098,assist,no
1971,1,0,0.0007096703383379931,-7.285889625549316,-0.03588953986763954,assist,no
1972,1,0,0.009708477627578704,-4.785062789916992,-0.16006290912628174,assist,no
1973,1,0,0.0021827169159284736,-6.218660831451416,-0.09366104751825333,assist,no
1974,1,0,0.0010322308216369478,-6.925614833831787,-0.050614625215530396,assist,no
1975,1,0,0.09534945654437685,-2.3561911582946777,-0.10619106143712997,assist,no
1976,1,0,0.02931223287127187,-3.616757869720459,-0.11675794422626495,assist,no
1977,1,0,0.1329642281726931,-2.068061113357544,-0.1930610090494156,assist,no
1978,1,0,0.0021827168347934166,-6.230547904968262,-0.10554808378219604,assist,no
1979,1,0,0.07585818002124356,-2.7579140663146973,-0.25791406631469727,assist,no
1980,1,1,0.7772998560157665,-0.3030010759830475,-1.553001046180725,assist,yes
1981,1,0,0.03732689162774753,-3.4149837493896484,-0.164983868598938,assist,no
1982,1,0,0.0028009265301093093,-5.998110294342041,-0.12311013787984848,assist,no
1983,1,0,0.10669059394565118,-2.526899576187134,-0.4018995761871338,assist,no
1984,1,0,0.0008040859595735953,-7.206180095672607,-0.08118012547492981,assist,no
1985,1,0,0.0005527787413733302,-7.5118608474731445,-0.011861036531627178,assist,no
1986,1,0,0.0011695100300653603,-6.822776794433594,-0.07277659326791763,assist,no
1987,1,0,0.0052201262352176,-5.30849027633667,-0.05849038064479828,assist,no
1988,1,0,0.0028009269567159326,-5.9227614402771,-0.04776143655180931,assist,no
1989,1,0,0.0035936023413162166,-5.711780548095703,-0.08678048104047775,assist,no
1990,1,0,0.02595735569077852,-3.787126302719116,-0.16212624311447144,assist,no
1991,1,0,0.0004305571069767681,-7.864022254943848,-0.11402231454849243,assist,no
1992,1,0,0.00669285241024148,-5.052809715270996,-0.052809938788414,assist,no
1993,1,0,0.009708477126157909,-4.695120334625244,-0.07012040168046951,assist,no
1994,1,0,0.24508501864634827,-1.4916353225708008,-0.36663535237312317,assist,no
1995,1,0,0.005220125654868455,-5.3390793800354,-0.0890793725848198,assist,no
1996,1,0,0.03308597886541159,-3.5004189014434814,-0.12541891634464264,assist,no
1997,1,0,0.0010322311980932527,-6.903306484222412,-0.028306640684604645,assist,no
1998,1,0,0.017986206277364275,-4.075826168060303,-0.07582595944404602,assist,no
1999,1,0,0.005220125326003969,-5.260426998138428,-0.010426927357912064,assist,no
2000,1,0,0.0021827162227309213,-6.12861442565918,-0.0036143234465271235,assist,no
2001,1,0,0.04208773212094217,-3.259730577468872,-0.13473068177700043,assist,no
2002,1,0,0.03732688332823794,-3.3722779750823975,-0.12227786332368851,assist,no
2003,1,0,0.46879062662624377,-0.8337821364402771,-0.7087821364402771,assist,no
2004,1,0,0.37754066879814546,-1.1764578819274902,-0.6764578819274902,assist,no
2005,1,0,0.003172682866048522,-5.8102498054504395,-0.06024981290102005,assist,no
2006,1,0,0.000911051035031267,-7.057315349578857,-0.057315174490213394,assist,no
2007,1,0,0.007577239902200985,-4.8830647468566895,-0.008064565248787403,assist,no
2008,1,1,0.754914975839675,-0.40232688188552856,-1.5273268222808838,assist,yes
2009,1,0,0.0015011824354232285,-6.630373001098633,-0.13037312030792236,assist,no
2010,1,0,0.000804085887740518,-7.227523326873779,-0.10252326726913452,assist,no
2011,1,0,0.009708474851856766,-4.650728702545166,-0.025728533044457436,assist,no
2012,1,0,0.004609571333278757,-5.392197132110596,-0.01719694770872593,assist,no
2013,1,0,0.0024726231750117,-6.0593366622924805,-0.059336669743061066,assist,no
2014,1,0,0.017986208119727825,-4.1074442863464355,-0.10744418203830719,assist,no
2015,1,0,0.0019267343481195736,-6.296774864196777,-0.04677470028400421,assist,no
2016,1,0,0.002472622936111669,-6.1177520751953125,-0.11775198578834534,assist,no
2017,1,0,0.3208213138121609,-1.3313076496124268,-0.5813077092170715,assist,no
2018,1,0,0.24508501313237172,-1.6036009788513184,-0.47860097885131836,assist,no
2019,1,0,0.010986944168827973,-4.525638580322266,-0.025638721883296967,assist,no
2020,1,0,0.20181322226037882,-1.7448558807373047,-0.3698558807373047,assist,no
2021,1,0,0.0017007226675941401,-6.392732620239258,-0.0177327711135149,assist,no
2022,1,0,0.08509904732734556,-2.5644969940185547,-0.18949702382087708,assist,no
2023,1,0,0.0007096705576117306,-7.412818431854248,-0.16281865537166595,assist,no
2024,1,0,0.0024726228442270475,-6.084473133087158,-0.08447300642728806,assist,no
2025,1,0,0.03308597969964969,-3.4177496433258057,-0.04274968430399895,assist,no
2026,1,0,0.40733341443526055,-1.067028522491455,-0.6920285820960999,assist,no
2027,1,0,0.0031726828424851893,-5.897946834564209,-0.14794683456420898,assist,no
2028,1,0,0.0006263342816956354,-7.431373119354248,-0.056373316794633865,assist,no
2029,1,0,0.08509904036636974,-2.6953532695770264,-0.3203532099723816,assist,no
2030,1,0,7.484625594852838e-05,-9.538558006286621,-0.03855838626623154,assist,no
2031,1,0,0.0005527786595629483,-7.54433012008667,-0.044330161064863205,assist,no
2032,1,1,0.7549149868676283,-0.6134095191955566,-1.7384095191955566,assist,yes
2033,1,0,0.020332351932785337,-3.932279109954834,-0.057279039174318314,assist,no
2034,1,0,0.11920291263495983,-2.2569656372070312,-0.2569655478000641,assist,no
2035,1,0,0.32082129433083023,-1.1859856843948364,-0.43598565459251404,assist,no
2036,1,0,0.006692850497072386,-5.014519691467285,-0.014519627206027508,assist,no
2037,1,0,0.0002611901965285399,-8.293913841247559,-0.04391337186098099,assist,no
2038,1,0,0.0006263340834913398,-7.657526969909668,-0.2825268507003784,assist,no
2039,1,0,0.006692851221476155,-5.101983070373535,-0.10198311507701874,assist,no
2040,1,0,0.005911069250268905,-5.172149181365967,-0.04714924842119217,assist,no
2041,1,0,0.13296422989056964,-2.1454617977142334,-0.27046170830726624,assist,no
2042,1,0,0.3208213138121609,-1.2260336875915527,-0.4760337471961975,assist,no
2043,1,0,0.0850990519679964,-2.4671685695648193,-0.0921686589717865,assist,no
2044,1,0,0.0021827166076152705,-6.231123447418213,-0.10612352192401886,assist,no
2045,1,1,0.6224593312018546,-0.718393087387085,-1.218393087387085,assist,yes
2046,1,0,0.004609572709252247,-5.427014350891113,-0.052014466375112534,assist,no
2047,1,0,0.0019267344627406228,-6.291514873504639,-0.041514769196510315,assist,no
2048,1,0,0.09534946618445303,-2.405721426010132,-0.15572144091129303,assist,no
2049,1,0,0.22270013882530884,-1.6183959245681763,-0.36839592456817627,assist,no
2050,1,0,0.00857748715608694,-4.785438060760498,-0.03543826565146446,assist,no
2051,1,0,9.610245344483044e-05,-9.293779373168945,-0.04377976804971695,assist,no
2052,1,0,0.0019267347206380085,-6.41436243057251,-0.16436246037483215,assist,no
2053,1,0,0.29421497216298875,-1.5428383350372314,-0.6678383350372314,assist,no
2054,1,0,0.0031726828778301875,-5.781793117523193,-0.031793128699064255,assist,no
2055,1,0,0.005911068079138798,-5.147256374359131,-0.022256242111325264,assist,no
2056,1,0,0.0021827160640105177,-6.172940254211426,-0.047940079122781754,assist,no
2057,1,0,0.09534945847239201,-2.3805174827575684,-0.1305174082517624,assist,no
2058,1,0,0.06008665017400762,-2.944180965423584,-0.19418096542358398,assist,no
2059,1,0,0.0035936022346033897,-5.680114269256592,-0.05511417239904404,assist,no
2060,1,0,0.001325022505945113,-6.689881324768066,-0.06488139182329178,assist,no
2061,1,0,0.3486451488696663,-1.2577321529388428,-0.6327322125434875,assist,no
2062,1,0,0.00048785722450755167,-7.656694412231445,-0.031694620847702026,assist,no
2063,1,0,0.0007096705153420891,-7.285050392150879,-0.03505055606365204,assist,no
2064,1,0,0.01798620861321809,-4.028185844421387,-0.0281857680529356,assist,no
2065,1,0,0.04208773197075204,-3.1772329807281494,-0.05223308131098747,assist,no
2066,1,0,0.18242553269617778,-1.8336186408996582,-0.333618700504303,assist,no
2067,1,0,0.001325022131299134,-6.698038578033447,-0.07303836196660995,assist,no
2068,1,0,0.0015011823516640525,-6.557826042175293,-0.05782610550522804,assist,no
2069,1,0,0.0005527787686434603,-7.583044052124023,-0.08304429054260254,assist,no
2070,1,0,0.003172683349096874,-5.782096862792969,-0.032097022980451584,assist,no
2071,1,0,0.00218271615325905,-6.163583755493164,-0.03858362138271332,assist,no
2072,1,1,0.5312093733737563,-0.8470205664634705,-0.9720205664634705,assist,yes
2073,1,1,0.8354835371034369,-0.4332878589630127,-2.0582878589630127,assist,yes
2074,1,0,0.005220126583427116,-5.329290390014648,-0.07929056137800217,assist,no
2075,1,0,0.004070138418080193,-5.521438121795654,-0.021438295021653175,assist,no
2076,1,0,0.004070138123615894,-5.532375335693359,-0.032375436276197433,assist,no
2077,1,0,0.34864513533394575,-1.1832221746444702,-0.5582221746444702,assist,no
2078,1,0,0.0015011819831237322,-6.523018836975098,-0.02301865443587303,assist,no
2079,1,0,0.08509903746596333,-2.498868942260742,-0.12386884540319443,assist,no
2080,1,0,0.0009110510079045672,-7.045272350311279,-0.04527214542031288,assist,no
2081,1,0,0.00591106783834572,-5.143773078918457,-0.018772905692458153,assist,no
2082,1,0,0.003172683078118521,-5.775572299957275,-0.02557237446308136,assist,no
2083,1,0,0.005220125538798635,-5.307743549346924,-0.05774351954460144,assist,no
2084,1,0,0.010986943440190413,-4.554454803466797,-0.054454877972602844,assist,no
2085,1,1,0.6224593171945417,-0.6228554844856262,-1.1228554248809814,assist,yes
2086,1,1,0.8807970904940926,-0.36167657375335693,-2.3616766929626465,assist,yes
2087,1,0,0.020332353342658753,-3.9945473670959473,-0.11954736709594727,assist,no
2088,1,0,0.005220124823034796,-5.2964301109313965,-0.046429943293333054,assist,no
2089,1,0,0.0019267346131807605,-6.286799430847168,-0.03679940477013588,assist,no
2090,1,0,0.13296424019782924,-2.258568048477173,-0.38356804847717285,assist,no
2091,1,0,0.29421497216298875,-1.319217324256897,-0.444217324256897,assist,no
2092,1,0,0.002472623505796398,-6.084187984466553,-0.08418812602758408,assist,no
2093,1,0,0.0010322312096174276,-6.895080089569092,-0.020080257207155228,assist,no
2094,1,0,0.1329642333263228,-2.1771299839019775,-0.30212992429733276,assist,no
2095,1,0,0.0010322308946233635,-6.920157432556152,-0.0451572947204113,assist,no
2096,1,0,0.025957357009419556,-3.7282795906066895,-0.10327958315610886,assist,no
2097,1,0,0.002472622743153968,-6.019669532775879,-0.019669365137815475,assist,no
2098,1,0,0.08509904964767095,-2.620697498321533,-0.24569755792617798,assist,no
2099,1,0,0.09534945718704857,-2.586857795715332,-0.33685770630836487,assist,no
2100,1,0,0.0534033328129234,-3.172426700592041,-0.2974267601966858,assist,no
2101,1,1,0.6224593171945417,-0.6228554844856262,-1.1228554248809814,assist,yes
2102,1,0,0.4073334000459302,-1.250741958618164,-0.8757419586181641,assist,no
2103,1,0,0.0009110512283090272,-7.07230281829834,-0.07230285555124283,assist,no
2104,1,0,0.0017007225885327618,-6.47821044921875,-0.10321055352687836,assist,no
2105,1,0,0.00043055710377024883,-7.794337749481201,-0.04433780163526535,assist,no
2106,1,0,0.001325022486226901,-6.728357791900635,-0.10335784405469894,assist,no
2107,1,0,0.20181321265898594,-1.712339162826538,-0.3373391032218933,assist,no
2108,1,0,0.010986940849479477,-4.663569450378418,-0.16356928646564484,assist,no
2109,1,0,0.04208772521219692,-3.169933319091797,-0.0449332520365715,assist,no
2110,1,1,0.6791786861878392,-0.45873910188674927,-1.2087390422821045,assist,yes
2111,1,0,0.022977370913592487,-3.8399102687835693,-0.08991031348705292,assist,no
2112,1,0,0.0017007226138324027,-6.433472156524658,-0.058472275733947754,assist,no
2113,1,0,0.0013250224689734657,-6.6539387702941895,-0.028938809409737587,assist,no
2114,1,0,0.0019267347098922832,-6.2769670486450195,-0.02696707285940647,assist,no
2115,1,1,0.7310585669110203,-0.5520833134651184,-1.5520832538604736,assist,yes
2116,1,0,0.001169510413012303,-6.802248001098633,-0.05224812775850296,assist,no
2117,1,0,0.0013250221362286856,-6.671081066131592,-0.046080853790044785,assist,no
2118,1,0,0.0009110511164113716,-7.045171737670898,-0.04517165198922157,assist,no
2119,1,0,0.02033235304584329,-3.899155378341675,-0.02415536344051361,assist,no
2120,1,0,0.06008665354025422,-2.914368152618408,-0.16436821222305298,assist,no
2121,1,0,0.11920292828022305,-2.143977642059326,-0.14397770166397095,assist,no
2122,1,0,0.0019267344340853601,-6.3342156410217285,-0.08421552181243896,assist,no
2123,1,0,0.020332351264950595,-4.108132362365723,-0.2331322580575943,assist,no
2124,1,0,0.1329642264548166,-2.1912670135498047,-0.31626689434051514,assist,no
2125,1,0,0.003172683219498529,-5.827413082122803,-0.07741320133209229,assist,no
2126,1,0,0.04742586947505113,-3.1249754428863525,-0.12497536092996597,assist,no
2127,1,0,0.0017007223861356504,-6.478750705718994,-0.10375069081783295,assist,no
2128,1,0,0.29421497216298875,-1.3482460975646973,-0.47324609756469727,assist,no
2129,1,0,0.34864513533394575,-1.2590981721878052,-0.6340981721878052,assist,no
2130,1,1,0.8670357666736773,-0.5820676684379578,-2.4570677280426025,assist,yes
2131,1,0,0.001325022476367795,-6.754309177398682,-0.12930922210216522,assist,no
2132,1,0,0.04742587452393617,-3.1153712272644043,-0.11537125706672668,assist,no
2133,1,0,0.02033235304584329,-3.930837869644165,-0.055837854743003845,assist,no
2134,1,0,0.09534947261117097,-2.4214508533477783,-0.17145094275474548,assist,no
2135,1,0,0.01798620772493562,-4.109455108642578,-0.10945498198270798,assist,no
2136,1,0,0.07585818628900447,-2.920793294906616,-0.4207933843135834,assist,no
2137,1,0,0.0953494732538428,-2.3542227745056152,-0.104222871363163,assist,no
2138,1,0,0.0009110513300341806,-7.115400314331055,-0.11540046334266663,assist,no
2139,1,1,0.7057850402140659,-0.40286773443222046,-1.2778677940368652,assist,yes
2140,1,0,0.0021827163439263808,-6.14900016784668,-0.024000121280550957,assist,no
2141,1,0,0.32082130731838393,-1.1978520154953003,-0.4478520452976227,assist,no
2142,1,0,0.01798620838292263,-4.1877617835998535,-0.18776169419288635,assist,no
2143,1,0,0.10669060246682488,-2.492949962615967,-0.36795005202293396,assist,no
2144,1,0,0.037326887344129464,-3.6122148036956787,-0.3622148036956787,assist,no
2145,1,0,0.01406362817963978,-4.363426208496094,-0.11342629045248032,assist,no
2146,1,0,0.02033234889042724,-4.041181564331055,-0.16618134081363678,assist,no
2147,1,0,0.16451645470385742,-1.8784584999084473,-0.2534584403038025,assist,no
2148,1,0,0.04208772401067611,-3.2492263317108154,-0.12422623485326767,assist,no
2149,1,0,0.00013982203606615533,-8.924339294433594,-0.04933901131153107,assist,no
2150,1,0,0.0028009275706133837,-5.992959022521973,-0.11795923858880997,assist,no
2151,1,0,0.02033235363947422,-4.052463054656982,-0.17746306955814362,assist,no
2152,1,0,0.014063629212725592,-4.334707260131836,-0.08470741659402847,assist,no
2153,1,0,0.0373268852023206,-3.3293511867523193,-0.07935112714767456,assist,no
2154,1,0,0.07585818837825822,-2.580178737640381,-0.08017885684967041,assist,no
2155,1,0,0.1480472055495773,-2.0002992153167725,-0.25029927492141724,assist,no
2156,1,0,0.02595736021183377,-3.8478546142578125,-0.22285473346710205,assist,no
2157,1,0,0.00048785712641531156,-7.73979377746582,-0.11479378491640091,assist,no
2158,1,0,0.003593602554741881,-5.746455669403076,-0.12145566195249557,assist,no
2159,1,0,0.2942149845400438,-1.2286770343780518,-0.35367709398269653,assist,no
2160,1,0,0.0015011821003865517,-6.573607444763184,-0.07360734045505524,assist,no
2161,1,0,0.020332353268454884,-3.9287054538726807,-0.053705450147390366,assist,no
2162,1,0,0.0011695100213620223,-6.816436767578125,-0.06643655896186829,assist,no
2163,1,1,0.8175744850834649,-0.5871285796165466,-2.0871286392211914,assist,yes
2164,1,0,0.18242551936144574,-1.8245282173156738,-0.32452818751335144,assist,no
2165,1,0,0.0010322308946233635,-6.920304298400879,-0.04530416056513786,assist,no
2166,1,0,0.006692851419603695,-5.113715648651123,-0.11371572315692902,assist,no
2167,1,0,0.0007096704809980072,-7.300599098205566,-0.05059921368956566,assist,no
2168,1,0,0.06754669020109236,-2.8053154945373535,-0.18031547963619232,assist,no
2169,1,0,0.015906394510857135,-4.241438865661621,-0.11643904447555542,assist,no
2170,1,0,0.46879062662624377,-0.8374618291854858,-0.7124618291854858,assist,no
2171,1,0,0.001032231140472381,-6.890661239624023,-0.015661340206861496,assist,no
2172,1,0,0.025957359835079137,-3.848845958709717,-0.22384606301784515,assist,no
2173,1,0,0.00037998445249122113,-7.938360214233398,-0.0633600503206253,assist,no
2174,1,0,0.005220125190589188,-5.308036804199219,-0.05803670734167099,assist,no
2175,1,0,0.0373268852023206,-3.3734257221221924,-0.12342566251754761,assist,no
2176,1,0,0.004070137293075673,-5.621089458465576,-0.12108935415744781,assist,no
2177,1,0,0.022977369575503337,-3.8892133235931396,-0.13921330869197845,assist,no
2178,1,0,0.007577242500456555,-5.018827438354492,-0.14382760226726532,assist,no
2179,1,0,0.001700722360836013,-6.416247844696045,-0.041247814893722534,assist,no
2180,1,0,0.20181322226037882,-1.7670292854309082,-0.3920292854309082,assist,no
2181,1,0,0.10669059820623795,-2.3430511951446533,-0.2180512398481369,assist,no
2182,1,0,0.003172682135585299,-5.870231628417969,-0.12023140490055084,assist,no
2183,1,0,0.047425868128681874,-3.090322971343994,-0.09032285958528519,assist,no
2184,1,0,0.005911069250268905,-5.185482501983643,-0.06048256903886795,assist,no
2185,1,0,0.0010322309368786592,-6.977350234985352,-0.1023501381278038,assist,no
2186,1,0,0.004609572384488282,-5.4731974601745605,-0.09819750487804413,assist,no
2187,1,0,0.001501182446591119,-6.54596471786499,-0.04596484452486038,assist,no
2188,1,0,0.0011695100387686984,-6.772885799407959,-0.022885605692863464,assist,no
2189,1,0,0.005220126041767878,-5.329164505004883,-0.07916457206010818,assist,no
2190,1,0,0.11920292671569666,-2.132392644882202,-0.13239268958568573,assist,no
2191,1,0,0.5,-1.1167747974395752,-1.1167747974395752,assist,no
2192,1,0,0.0006263340770788488,-7.3888654708862305,-0.013865341432392597,assist,no
2193,1,0,0.022977370913592487,-3.893500328063965,-0.14350037276744843,assist,no
2194,1,0,0.16451646904109268,-1.8737683296203613,-0.2487683743238449,assist,no
2195,1,0,0.005911069250268905,-5.159778118133545,-0.034778185188770294,assist,no
2196,1,0,0.004070137323277132,-5.620660781860352,-0.1206606850028038,assist,no
2197,1,0,0.46879062662624377,-1.149601697921753,-1.024601697921753,assist,no
2198,1,0,0.060086648490884395,-2.8926103115081787,-0.14261028170585632,assist,no
2199,1,0,0.46879062662624377,-0.9286748766899109,-0.8036748766899109,assist,no
2200,1,0,0.04208772371029592,-3.254579544067383,-0.12957943975925446,assist,no
2201,1,0,0.004070138652141575,-5.569277286529541,-0.06927751749753952,assist,no
2202,1,0,0.00043055712621588397,-7.813445091247559,-0.06344519555568695,assist,no
2203,1,0,0.0015011824019195573,-6.546144962310791,-0.046145059168338776,assist,no
2204,1,0,0.06008665606493926,-2.819761037826538,-0.06976114213466644,assist,no
2205,1,0,0.001325022531825267,-6.637614727020264,-0.012614813633263111,assist,no
2206,1,0,0.0075772427875953645,-4.885825157165527,-0.010825359262526035,assist,no
2207,1,0,0.14804718675485834,-2.0087435245513916,-0.25874343514442444,assist,no
2208,1,0,0.02931223053936477,-3.5917811393737793,-0.0917811319231987,assist,no
2209,1,0,0.009708477009756657,-4.636941909790039,-0.011941964738070965,assist,no
2210,1,0,0.2689414213699951,-1.6210283041000366,-0.6210283041000366,assist,no
2211,1,0,0.1192029188930649,-2.130908966064453,-0.13090893626213074,assist,no
2212,1,0,0.005220124745654927,-5.280889511108398,-0.030889328569173813,assist,no
2213,1,0,0.009708474654870078,-4.677760601043701,-0.05276041105389595,assist,no
2214,1,1,0.9770226294209299,-0.4501982033252716,-4.200198173522949,assist,yes
2215,1,0,0.0008040860613371324,-7.169641971588135,-0.0446421280503273,assist,no
2216,1,0,0.13296422989056964,-2.0714194774627686,-0.1964193880558014,assist,no
2217,1,0,0.00017952799141301198,-8.669312477111816,-0.044312600046396255,assist,no
2218,1,0,0.0031726827011051982,-5.845649719238281,-0.09564967453479767,assist,no
2219,1,0,0.11920291107043361,-2.13053822517395,-0.13053812086582184,assist,no
2220,1,0,0.0009110511062388583,-7.063898086547852,-0.0638979896903038,assist,no
2221,1,0,0.0015011819217003541,-6.604711055755615,-0.10471083223819733,assist,no
2222,1,0,0.03308597707775863,-3.43121075630188,-0.0562107153236866,assist,no
2223,1,0,0.025957356255910384,-3.7068979740142822,-0.08189793676137924,assist,no
2224,1,0,0.0021827160802375236,-6.149428367614746,-0.024428199976682663,assist,no
2225,1,0,0.0040701368098523495,-5.569042682647705,-0.06904245913028717,assist,no
2226,1,0,0.01098694392594878,-4.579958438873291,-0.07995855808258057,assist,no
2227,1,0,0.0059110689875854945,-5.193380355834961,-0.06838037818670273,assist,no
2228,1,0,0.0035936029749236947,-5.645747661590576,-0.020747771486639977,assist,no
2229,1,0,0.01098694246867374,-4.554513931274414,-0.05451391637325287,assist,no
2230,1,1,0.798186768138228,-0.7221470475196838,-2.097146987915039,assist,Yes
2231,1,0,0.14804720179063335,-1.911482334136963,-0.16148236393928528,assist,no
2232,1,0,0.0006263342234002478,-7.4390788078308105,-0.0640789121389389,assist,no
2233,1,0,0.020332353936289693,-4.058841228485107,-0.1838412582874298,assist,no
2234,1,0,0.0019267347349656422,-6.356276988983154,-0.10627702623605728,assist,no
2235,1,0,0.09534945718704857,-2.549307346343994,-0.299307256937027,assist,no
2236,1,0,0.010986941659076578,-4.549356460571289,-0.0493563711643219,assist,no
2237,1,0,0.10669060104662924,-2.3363051414489746,-0.21130521595478058,assist,no
2238,1,0,0.0002034269795705473,-8.613870620727539,-0.11387062817811966,assist,no
2239,1,0,0.3775406828054583,-1.2439947128295898,-0.7439947724342346,assist,no
2240,1,0,0.4073334000459302,-1.013463020324707,-0.638463020324707,assist,no
2241,1,0,0.1329642436335826,-2.126823663711548,-0.25182369351387024,assist,no
2242,1,1,0.8175744673038221,-0.34980589151382446,-1.8498058319091797,assist,yes
2243,1,0,0.0013250224172131609,-6.770691394805908,-0.1456913948059082,assist,no
2244,1,0,0.0024726230831270705,-6.027585506439209,-0.027585476636886597,assist,no
2245,1,0,0.010986941588236829,-4.514724254608154,-0.014724158681929111,assist,no
2246,1,0,0.01406362549361702,-4.267192840576172,-0.01719272881746292,assist,no
2247,1,0,0.00017952802685272784,-8.704604148864746,-0.07960446923971176,assist,no
2248,1,0,0.0024726225685732036,-6.119529724121094,-0.11952948570251465,assist,no
2249,1,0,0.003593603275053591,-5.664733409881592,-0.03973360359668732,assist,no
2250,1,0,0.01243165231673086,-4.443758487701416,-0.06875860691070557,assist,no
2251,1,0,0.02931223053936477,-3.584585189819336,-0.08458518236875534,assist,no
2252,1,0,0.04208772521219692,-3.240561008453369,-0.11556094139814377,assist,no
2253,1,0,0.004070137817826064,-5.509285926818848,-0.009285951964557171,assist,no
2254,1,0,0.3208213138121609,-1.2027885913848877,-0.45278865098953247,assist,no
2255,1,0,0.001501182558270029,-6.526745796203613,-0.026745997369289398,assist,no
2256,1,0,0.0040701385162349646,-5.5499267578125,-0.04992695525288582,assist,no
2257,1,0,0.003172683066336854,-5.777920722961426,-0.027920793741941452,assist,no
2258,1,0,0.001325022165805996,-6.641170024871826,-0.01616983488202095,assist,no
2259,1,0,0.0019267343696110198,-6.296514987945557,-0.046514835208654404,assist,no
2260,1,0,0.03732689069070603,-3.292198896408081,-0.042198989540338516,assist,no
2261,1,0,0.008577484590043946,-4.833947658538818,-0.0839475616812706,assist,no
2262,1,0,0.0040701374742844335,-5.56293249130249,-0.06293243169784546,assist,no
2263,1,0,0.0011695102345938256,-6.790574073791504,-0.04057404771447182,assist,no
2264,1,0,0.4378234991142019,-0.8374145030975342,-0.5874145030975342,assist,no
2265,1,0,0.08509904558710156,-2.4765093326568604,-0.10150934010744095,assist,no
2266,1,0,0.014063626423394072,-4.377387046813965,-0.12738700211048126,assist,no
2267,1,0,0.4378235137849365,-1.0028777122497559,-0.7528777718544006,assist,no
2268,1,0,0.0019267348997334354,-6.28019905090332,-0.030199173837900162,assist,no
2269,1,0,0.0008040859056987868,-7.19751501083374,-0.07251497358083725,assist,no
2270,1,0,0.0019267346095988521,-6.2639007568359375,-0.013900728896260262,assist,no
2271,1,0,0.0024726231382578485,-6.047824859619141,-0.04782485216856003,assist,no
2272,1,0,0.005220126486702248,-5.29789924621582,-0.04789939895272255,assist,no
2273,1,0,0.005220124484497879,-5.28059720993042,-0.030596977099776268,assist,no
2274,1,1,0.8933093961129795,-0.24762140214443207,-2.3726212978363037,assist,yes
2275,1,0,0.13296422989056964,-2.04025936126709,-0.16525927186012268,assist,no
2276,1,0,0.0040701377460975905,-5.577290058135986,-0.07729006558656693,assist,no
2277,1,0,0.004070138335026158,-5.523525714874268,-0.023525867611169815,assist,no
2278,1,0,0.00192673483525908,-6.316710948944092,-0.06671103835105896,assist,no
2279,1,1,0.5926665855647394,-0.7330601811408997,-1.1080601215362549,assist,yes
2280,1,0,0.010986941982915435,-4.598159313201904,-0.09815925359725952,assist,no
2281,1,0,0.0001233945272661085,-9.071219444274902,-0.0712190493941307,assist,no
2282,1,0,0.0019267346919827415,-6.334372520446777,-0.08437253534793854,assist,no
2283,1,0,0.0021827165589342425,-6.2421875,-0.11718755215406418,assist,no
2284,1,0,0.37754066879814546,-1.0536121129989624,-0.5536121129989624,assist,no
2285,1,0,0.060086648490884395,-3.0073747634887695,-0.25737473368644714,assist,no
2286,1,0,0.00460957288018066,-5.425893783569336,-0.050893936306238174,assist,no
2287,1,1,0.8175744673038221,-0.5194571614265442,-2.0194571018218994,assist,yes
2288,1,0,0.010986940839359511,-4.512117862701416,-0.012117697857320309,assist,no
2289,1,0,0.22270013366638422,-1.6790045499801636,-0.4290045201778412,assist,no
2290,1,1,0.679178699175393,-0.6660314798355103,-1.4160314798355103,assist,yes
2291,1,0,0.1645164628965632,-1.97056245803833,-0.3455624580383301,assist,no
2292,1,0,0.3208212878370535,-1.2862486839294434,-0.5362486243247986,assist,no
2293,1,1,0.5926665855647394,-0.9754770398139954,-1.3504769802093506,assist,yes
2294,1,0,0.0005527785988483331,-7.524882793426514,-0.02488272450864315,assist,no
2295,1,1,0.9399133481428692,-0.33466294407844543,-3.084662914276123,assist,yes
2296,1,0,0.0017007226707565954,-6.434046745300293,-0.059046898037195206,assist,no
2297,1,0,0.007577241435942037,-4.949548244476318,-0.07454826682806015,assist,no
2298,1,0,0.029312232977267646,-3.542367696762085,-0.04236777499318123,assist,no
2299,1,0,0.060086648911665194,-2.8170676231384277,-0.06706760078668594,assist,no
2300,1,0,0.004609571119618313,-5.4618377685546875,-0.086837537586689,assist,no
2301,1,0,0.006692851196710213,-5.052542209625244,-0.052542250603437424,assist,no
2302,1,0,0.014063627766405476,-4.335212707519531,-0.08521275967359543,assist,no
2303,1,0,0.001926734641836026,-6.287241458892822,-0.03724144771695137,assist,no
2304,1,0,0.0021827163236426213,-6.171782493591309,-0.04678243771195412,assist,no
2305,1,1,0.754914997895581,-0.458901584148407,-1.5839016437530518,assist,yes
2306,1,0,0.3486451488696663,-1.1954119205474854,-0.5704119801521301,assist,no
2307,1,0,0.00020342706670266098,-8.55565071105957,-0.05565114691853523,assist,no
2308,1,0,0.22270012850745968,-1.5424582958221436,-0.2924582362174988,assist,no
2309,1,0,0.0006263340741640804,-7.4312825202941895,-0.05628238618373871,assist,no
2310,1,0,0.20181322226037882,-1.6426639556884766,-0.26766395568847656,assist,no
2311,1,0,0.008577486617534644,-4.854982376098633,-0.10498251765966415,assist,no
2312,1,0,0.000804086085281496,-7.197598934173584,-0.07259912043809891,assist,no
2313,1,0,0.26894141551050293,-1.3205727338790894,-0.32057270407676697,assist,no
2314,1,0,0.0008040858069283137,-7.16104793548584,-0.03604777529835701,assist,no
2315,1,0,0.0005527786328073543,-7.571479797363281,-0.07147978991270065,assist,no
2316,1,0,0.02931223202330563,-3.6322021484375,-0.13220219314098358,assist,no
2317,1,0,0.005911069469171754,-5.190114974975586,-0.0651150792837143,assist,no
2318,1,0,0.004609571307639503,-5.408065319061279,-0.033065129071474075,assist,no
2319,1,0,0.0021827159585349845,-6.230197906494141,-0.10519768297672272,assist,no
2320,1,0,0.001325022165805996,-6.670870304107666,-0.045870114117860794,assist,no
2321,1,0,0.0600866518571309,-3.0102169513702393,-0.26021698117256165,assist,no
2322,1,0,0.2018132270610754,-1.7336591482162476,-0.35865917801856995,assist,no
2323,1,0,0.4378234991142019,-1.2476747035980225,-0.9976747035980225,assist,no
2324,1,0,0.04742587856304458,-3.1654138565063477,-0.1654139757156372,assist,no
2325,1,0,0.010986941659076578,-4.61101770401001,-0.1110176146030426,assist,no
2326,1,0,0.07585818576669104,-2.5845448970794678,-0.08454497903585434,assist,no
2327,1,0,0.002182716276989975,-6.140336990356445,-0.01533691305667162,assist,no
2328,1,0,0.0066928520635182375,-5.081414699554443,-0.08141487091779709,assist,no
2329,1,0,0.017986213910014467,-4.119655132293701,-0.11965535581111908,assist,no
2330,1,0,0.053403333566198224,-3.018390417098999,-0.143390491604805,assist,no
2331,1,0,0.014063623737371644,-4.322701454162598,-0.07270121574401855,assist,no
2332,1,1,0.8519527944504226,-0.34608227014541626,-2.0960822105407715,assist,yes
2333,1,0,0.09534947261117097,-2.5024771690368652,-0.2524772584438324,assist,no
2334,1,0,0.06754668410060376,-2.7037460803985596,-0.07874596863985062,assist,no
2335,1,0,0.00669285072615733,-5.018740177154541,-0.018740147352218628,assist,no
2336,1,0,0.001501182318160383,-6.546299934387207,-0.046299975365400314,assist,no
2337,1,0,0.0040701368098523495,-5.580214500427246,-0.08021427690982819,assist,no
2338,1,0,0.014063626242604085,-4.266271114349365,-0.016271056607365608,assist,no
2339,1,0,0.001032230948402831,-6.911055564880371,-0.03605547919869423,assist,no
2340,1,1,0.6791787121629466,-0.7403928637504578,-1.4903929233551025,assist,yes
2341,1,0,0.00591106953484261,-5.182989120483398,-0.05798923596739769,assist,no
2342,1,0,0.022977368070153135,-3.8360729217529297,-0.08607283979654312,assist,no
2343,1,0,0.3775406547908327,-1.172189474105835,-0.6721894145011902,assist,no
2344,1,0,0.017986206145766886,-4.110136032104492,-0.11013581603765488,assist,no
2345,1,1,0.7310585669110203,-0.6025314927101135,-1.6025314331054688,assist,yes
2346,1,0,0.00970847841552572,-4.733184814453125,-0.10818501561880112,assist,no
2347,1,0,0.24508501313237172,-1.5377717018127441,-0.41277170181274414,assist,no
2348,1,0,0.012431651859373016,-4.476479530334473,-0.10147961229085922,assist,no
2349,1,0,0.00037998449494165866,-7.938371181488037,-0.06337112933397293,assist,no
2350,1,0,0.0010322309195924017,-6.897377014160156,-0.022376900538802147,assist,no
2351,1,0,0.00012339454266350387,-9.018753051757812,-0.01875278167426586,assist,no
2352,1,0,0.34864513533394575,-1.1141149997711182,-0.48911499977111816,assist,no
2353,1,0,0.02931223276527609,-3.5430264472961426,-0.04302651807665825,assist,no
2354,1,0,0.00029595698124912297,-8.205265998840332,-0.08026555180549622,assist,no
2355,1,0,0.001325022505945113,-6.689881324768066,-0.06488139182329178,assist,no
2356,1,0,0.2689414272294874,-1.390842318534851,-0.39084234833717346,assist,no
2357,1,1,0.9465966747198243,-0.43385472893714905,-3.308854818344116,assist,yes
2358,1,0,0.006692851320539924,-5.053374767303467,-0.05337482690811157,assist,no
2359,1,0,0.1329642436335826,-2.1714773178100586,-0.296477347612381,assist,no
2360,1,0,0.009708476481474066,-4.677165985107422,-0.052165985107421875,assist,no
2361,1,0,0.32082130082460697,-1.326724648475647,-0.576724648475647,assist,no
2362,1,0,0.18242550602671442,-2.0418949127197266,-0.541894793510437,assist,no
2363,1,0,0.03732688573777281,-3.402479887008667,-0.1524798423051834,assist,no
2364,1,0,0.003593602568080985,-5.669598579406738,-0.04459857568144798,assist,no
2365,1,0,0.0675466845698721,-2.7692410945892334,-0.14424099028110504,assist,no
2366,1,0,0.0009110509824732867,-7.028203964233398,-0.028203731402754784,assist,no
2367,1,0,0.02931223191730985,-3.5312561988830566,-0.031256239861249924,assist,no
2368,1,0,0.0004878570464883156,-7.697340488433838,-0.07234033197164536,assist,no
2369,1,0,0.005220125306659001,-5.348829746246338,-0.09882967174053192,assist,no
2370,1,0,0.015906391128680933,-4.219671726226807,-0.09467168897390366,assist,no
2371,1,0,0.06754669677084987,-2.852998733520508,-0.22799882292747498,assist,no
2372,1,0,0.00023050674774833675,-8.413945198059082,-0.038945309817790985,assist,no
2373,1,0,0.10669058897496679,-2.24965238571167,-0.12465233355760574,assist,no
2374,1,0,0.5,-0.8604538440704346,-0.8604538440704346,assist,no
2375,1,0,0.025957357386174145,-3.695753335952759,-0.07075334340333939,assist,no
2376,1,0,0.012431648383453951,-4.478631496429443,-0.10363129526376724,assist,no
2377,1,1,0.5621765008857981,-0.9550063610076904,-1.2050063610076904,assist,yes
2378,1,0,0.13296425050508953,-2.0736660957336426,-0.19866618514060974,assist,no
2379,1,0,0.009708478236446848,-4.677814960479736,-0.05281514301896095,assist,no
2380,1,0,0.0017007221963883795,-6.411681175231934,-0.036681048572063446,assist,no
2381,1,0,0.007577242136280519,-4.934889793395996,-0.059889908879995346,assist,no
2382,1,0,0.0010322311904104695,-6.966458797454834,-0.09145894646644592,assist,no
2383,1,0,0.02297737057907019,-3.841559648513794,-0.09155967831611633,assist,no
2384,1,0,0.005220125161571734,-5.275639057159424,-0.02563895471394062,assist,no
2385,1,0,0.10669060104662924,-2.295942783355713,-0.17094285786151886,assist,no
2386,1,0,0.03308597958047282,-3.474848985671997,-0.09984902292490005,assist,no
2387,1,0,0.005911069294049474,-5.336064338684082,-0.211064413189888,assist,no
2388,1,0,0.004070138335026158,-5.545374870300293,-0.045375023037195206,assist,no
2389,1,0,0.04742587587030561,-3.066180467605591,-0.0661805272102356,assist,no
2390,1,0,0.3775406828054583,-1.1865057945251465,-0.6865058541297913,assist,no
2391,1,0,0.0011695104141002206,-6.7601189613342285,-0.010119088925421238,assist,no
2392,1,1,0.5312093733737563,-0.7203641533851624,-0.8453641533851624,assist,yes
2393,1,0,0.06754669254743426,-2.722334146499634,-0.09733416885137558,assist,no
2394,1,0,0.07585818211049715,-2.766826868057251,-0.26682689785957336,assist,no
2395,1,0,0.0052201245328602945,-5.439741134643555,-0.18974091112613678,assist,no
2396,1,0,0.022977371248114782,-3.907057046890259,-0.15705710649490356,assist,no
2397,1,0,0.005911067893071419,-5.337387561798096,-0.21238739788532257,assist,no
2398,1,0,0.16451646699291617,-1.851794958114624,-0.2267949879169464,assist,no
2399,1,0,0.2942149783515162,-1.347195029258728,-0.4721950590610504,assist,no
2400,1,0,0.0017007223228865573,-6.449178695678711,-0.07417864352464676,assist,no
2401,1,0,0.0011695102998688749,-6.8235602378845215,-0.07356026768684387,assist,no
2402,1,0,0.03308598077224154,-3.4528684616088867,-0.07786853611469269,assist,no
2403,1,0,0.4073334000459302,-1.0563870668411255,-0.6813870668411255,assist,no
2404,1,0,0.02033235141335831,-3.9833555221557617,-0.10835542529821396,assist,no
2405,1,0,0.0002611902938040745,-8.280646324157715,-0.030646227300167084,assist,no
2406,1,0,0.08509903688588204,-2.536036968231201,-0.16103686392307281,assist,no
2407,1,1,0.7549149868676283,-0.5159119367599487,-1.6409119367599487,assist,yes
2408,1,1,0.893309401793762,-0.21853308379650116,-2.3435330390930176,assist,yes
2409,1,0,0.13296424878721277,-2.1102654933929443,-0.2352655678987503,assist,no
2410,1,0,0.0017007221963883795,-6.468202114105225,-0.09320198744535446,assist,no
2411,1,0,0.003172683078118521,-5.898317337036133,-0.14831741154193878,assist,no
2412,1,0,0.001926734792276177,-6.367851734161377,-0.11785180121660233,assist,no
2413,1,0,0.22270014914315833,-1.6082844734191895,-0.35828453302383423,assist,no
2414,1,0,0.0021827164777991977,-6.218961238861084,-0.09396125376224518,assist,no
2415,1,0,0.005220125751593309,-5.302458763122559,-0.05245877429842949,assist,no
2416,1,0,0.017986206145766886,-4.070085048675537,-0.0700848326086998,assist,no
2417,1,0,0.10669059394565118,-2.2484896183013916,-0.1234896183013916,assist,no
2418,1,0,0.008577486047302837,-4.80064582824707,-0.05064590275287628,assist,no
2419,1,0,0.0021827165508207375,-6.158707618713379,-0.033707667142152786,assist,no
2420,1,0,0.0007096704149517007,-7.322721481323242,-0.07272150367498398,assist,no
2421,1,0,0.010986942954432066,-4.541067600250244,-0.04106763005256653,assist,no
2422,1,1,0.6224593312018546,-0.8686976432800293,-1.3686976432800293,assist,yes
2423,1,0,0.015906391945068224,-4.188167572021484,-0.06316758692264557,assist,no
2424,1,0,0.20181323186177208,-1.795860767364502,-0.42086082696914673,assist,no
2425,1,0,0.0330859819640103,-3.4559969902038574,-0.08099710196256638,assist,no
2426,1,0,0.1480471829959148,-2.123528003692627,-0.3735278844833374,assist,no
2427,1,0,0.1192029188930649,-2.1701221466064453,-0.17012211680412292,assist,no
2428,1,0,0.005220125654868455,-5.293036460876465,-0.04303645342588425,assist,no
2429,1,0,0.0013250224615791362,-6.6547160148620605,-0.029716048389673233,assist,no
2430,1,0,0.10669059820623795,-2.3430511951446533,-0.2180512398481369,assist,no
2431,1,0,0.010986945180824664,-4.542214870452881,-0.04221510514616966,assist,no
2432,1,0,0.2942149783515162,-1.276447057723999,-0.4014470875263214,assist,no
2433,1,0,0.46879062662624377,-0.9737494587898254,-0.8487494587898254,assist,no
2434,1,0,0.060086646807761206,-3.175827980041504,-0.42582792043685913,assist,no
2435,1,0,0.0021827161045780323,-6.210015296936035,-0.08501514047384262,assist,no
2436,1,0,0.0017007224873342032,-6.448427200317383,-0.0734272450208664,assist,no
2437,1,1,0.5926665999540697,-0.6945381164550781,-1.0695381164550781,assist,yes
2438,1,0,0.0010322311251068155,-6.915444374084473,-0.04044445976614952,assist,no
2439,1,0,0.006692849859349477,-5.039251327514648,-0.039251167327165604,assist,no
2440,1,0,0.010986942306754304,-4.563772201538086,-0.06377217173576355,assist,no
2441,1,0,0.32082130082460697,-1.266357421875,-0.516357421875,assist,no
2442,1,0,0.008577484209889493,-4.836441516876221,-0.08644137531518936,assist,no
2443,1,1,0.6224593312018546,-0.805322527885437,-1.305322527885437,assist,yes
2444,1,0,0.46879062662624377,-0.7904715538024902,-0.6654715538024902,assist,no
2445,1,0,0.29421497216298875,-1.3636455535888672,-0.4886455535888672,assist,no
2446,1,0,0.2689414213699951,-1.4794203042984009,-0.4794203042984009,assist,no
2447,1,0,0.025957359222852867,-3.6548051834106445,-0.029805263504385948,assist,no
2448,1,0,0.04208772386048602,-3.173016309738159,-0.04801620915532112,assist,no
2449,1,0,0.004070138380328358,-5.577293872833252,-0.07729403674602509,assist,no
2450,1,0,0.0015011825359342464,-6.551934719085693,-0.05193490535020828,assist,no
2451,1,0,0.008577487187766488,-4.855976104736328,-0.10597631335258484,assist,no
2452,1,0,0.007577241604023266,-4.9125590324401855,-0.03755907714366913,assist,no
2453,1,0,0.0021827164433168046,-6.1302995681762695,-0.005299567244946957,assist,no
2454,1,0,0.002472622660457815,-6.084987640380859,-0.08498743921518326,assist,no
2455,1,0,0.06754669583231304,-2.807654857635498,-0.18265493214130402,assist,no
2456,1,0,0.0021827168510204276,-6.241759777069092,-0.11675996333360672,assist,no
2457,1,1,0.6513548646660542,-0.7580877542495728,-1.3830877542495728,assist,yes
2458,1,0,0.5,-0.9928535223007202,-0.9928535223007202,assist,no
2459,1,0,0.03308598005718029,-3.4696526527404785,-0.0946527048945427,assist,no
2460,1,0,0.003593602554741881,-5.694207668304443,-0.06920766085386276,assist,no
2461,1,0,0.04742587587030561,-3.287153959274292,-0.28715401887893677,assist,no
2462,1,0,0.0010322311481551635,-6.915220737457275,-0.040220845490694046,assist,no
2463,1,0,0.16451646699291617,-1.9843558073043823,-0.3593558371067047,assist,no
2464,1,1,0.7310585669110203,-0.5237820744514465,-1.5237820148468018,assist,yes
2465,1,0,0.0024726232898674935,-6.011620044708252,-0.01162009872496128,assist,no
2466,1,0,0.005220126776876857,-5.320765018463135,-0.07076522707939148,assist,no
2467,1,0,0.005220126931636656,-5.314523696899414,-0.06452393531799316,assist,no
2468,1,0,0.07585818628900447,-2.6291048526763916,-0.12910494208335876,assist,no
2469,1,1,0.7772998714925403,-0.39398759603500366,-1.6439876556396484,assist,yes
2470,1,0,0.0006263341534457899,-7.414741516113281,-0.03974150866270065,assist,no
2471,1,0,0.22270012850745968,-1.6082613468170166,-0.3582612872123718,assist,no
2472,1,0,0.02033235371367809,-3.924212694168091,-0.04921271279454231,assist,no
2473,1,0,0.006692852113050128,-5.142213821411133,-0.14221400022506714,assist,no
2474,1,0,0.2689414213699951,-1.45973539352417,-0.4597353935241699,assist,no
2475,1,0,0.0004305571390419617,-7.789294242858887,-0.03929437696933746,assist,no
2476,1,0,0.012431648886547441,-4.421404838562012,-0.046404678374528885,assist,no
2477,1,0,0.012431648886547441,-4.402095794677734,-0.02709563449025154,assist,no
2478,1,0,0.0031726825950702097,-5.812132835388184,-0.062132757157087326,assist,no
2479,1,0,0.015906389962413444,-4.230939865112305,-0.10593975335359573,assist,no
2480,1,1,0.8354835330070839,-0.29874053597450256,-1.9237405061721802,assist,yes
2481,1,0,0.02595735682104226,-3.826582431793213,-0.2015824168920517,assist,no
2482,1,0,0.0007096702987102162,-7.330820560455322,-0.08082041889429092,assist,no
2483,1,0,0.000911051317318536,-7.0125732421875,-0.01257337722927332,assist,no
2484,1,0,0.015906388213012365,-4.176044940948486,-0.05104471743106842,assist,no
2485,1,0,0.0035936020478559492,-5.669740200042725,-0.04474005103111267,assist,no
2486,1,0,0.06754669395523943,-2.851048469543457,-0.2260485142469406,assist,no
2487,1,0,0.0028009275498032983,-5.962054252624512,-0.08705446124076843,assist,no
2488,1,0,0.0008040860912675871,-7.272862434387207,-0.14786262810230255,assist,no
2489,1,0,0.04742587721667508,-3.1315548419952393,-0.13155493140220642,assist,no
2490,1,0,0.02595735606753309,-3.7613887786865234,-0.13638873398303986,assist,no
2491,1,0,0.015906389495906472,-4.199405670166016,-0.07440552860498428,assist,no
2492,1,0,0.005911070103990062,-5.156516075134277,-0.031516287475824356,assist,no
2493,1,0,0.009708474332528234,-4.821828365325928,-0.19682814180850983,assist,no
2494,1,0,0.000911051079112156,-7.017634868621826,-0.017634741961956024,assist,no
2495,1,0,0.033085981248949035,-3.4874980449676514,-0.11249813437461853,assist,no
2496,1,0,0.020332352749027827,-4.154224872589111,-0.27922484278678894,assist,no
2497,1,0,0.010986944249787705,-4.580219745635986,-0.08021989464759827,assist,no
2498,1,0,0.06754669395523943,-2.851048469543457,-0.2260485142469406,assist,no
2499,1,0,0.3486451488696663,-1.2154755592346191,-0.5904756188392639,assist,no
2500,1,0,0.1329642419157059,-2.087440013885498,-0.21244002878665924,assist,no
2501,1,1,0.9149009526726544,-0.26195839047431946,-2.636958360671997,assist,yes
2502,1,1,0.7057850154599563,-0.6440301537513733,-1.5190300941467285,assist,yes
2503,1,0,0.025957358704815272,-3.6646337509155273,-0.03963381052017212,assist,no
2504,1,0,0.24508500210441886,-1.6901025772094727,-0.5651025176048279,assist,no
2505,1,0,0.009708477842473338,-4.695464611053467,-0.07046475261449814,assist,no
2506,1,0,0.014063627766405476,-4.346558570861816,-0.09655862301588058,assist,no
2507,1,0,0.02297737225168171,-3.8922932147979736,-0.142293319106102,assist,no
2508,1,0,0.02297737057907019,-4.00571870803833,-0.25571873784065247,assist,no
2509,1,0,0.006692850329902297,-5.0968337059021,-0.09683361649513245,assist,no
2510,1,0,0.004609572589602362,-5.586617946624756,-0.21161803603172302,assist,no
2511,1,0,0.01098694327827096,-4.562709808349609,-0.06270986795425415,assist,no
2512,1,0,0.006692851605348269,-5.0198588371276855,-0.019858939573168755,assist,no
2513,1,0,0.001700722360836013,-6.468029975891113,-0.0930299460887909,assist,no
2514,1,0,0.0019267348782419833,-6.3163275718688965,-0.06632768362760544,assist,no
2515,1,1,0.7772998508568416,-0.4270041584968567,-1.677004098892212,assist,yes
2516,1,0,0.0024726230463732192,-6.043996810913086,-0.043996766209602356,assist,no
2517,1,0,0.02033235360237229,-3.8978147506713867,-0.022814763709902763,assist,no
2518,1,0,0.014063629316034177,-4.449994087219238,-0.1999942511320114,assist,no
2519,1,0,0.004609571581124883,-5.426013469696045,-0.051013339310884476,assist,no
2520,1,0,0.020332349780873466,-4.118809223175049,-0.2438090443611145,assist,no
2521,1,0,0.0015011824130874477,-6.582097053527832,-0.08209715783596039,assist,no
2522,1,0,0.033085981248949035,-3.623175621032715,-0.248175710439682,assist,no
2523,1,0,0.0021827165751612514,-6.476690769195557,-0.3516908288002014,assist,no
2524,1,0,0.0004878570828187666,-7.706180095672607,-0.08118001371622086,assist,no
2525,1,0,0.012431650395828029,-4.436212062835693,-0.061212025582790375,assist,no
2526,1,0,0.1645164628965632,-2.05507493019104,-0.43007493019104004,assist,no
2527,1,0,0.003172682860157689,-5.772959232330322,-0.022959237918257713,assist,no
2528,1,0,0.32082130082460697,-1.3216251134872437,-0.5716251134872437,assist,no
2529,1,0,0.1645164608483867,-1.8058425188064575,-0.18084250390529633,assist,no
2530,1,0,0.010986944209307839,-4.559250354766846,-0.05925050005316734,assist,no
2531,1,0,0.00017952797335881986,-8.714814186096191,-0.0898142084479332,assist,no
2532,1,0,0.34864513533394575,-1.189929723739624,-0.564929723739624,assist,no
2533,1,0,0.004609571222175325,-5.526529788970947,-0.15152958035469055,assist,no
2534,1,0,0.002472623009619369,-6.147796154022217,-0.14779609441757202,assist,no
2535,1,0,0.02297736823741426,-3.8293874263763428,-0.0793873518705368,assist,no
2536,1,0,0.0015011820110434502,-6.5289459228515625,-0.028945758938789368,assist,no
2537,1,0,0.10669058755477132,-2.240536689758301,-0.11553662270307541,assist,no
2538,1,0,0.009708477054526368,-4.701704025268555,-0.07670408487319946,assist,no
2539,1,0,0.0015011822511530471,-6.5455474853515625,-0.0455474816262722,assist,no
2540,1,0,0.0017007223228865573,-6.467531204223633,-0.09253115206956863,assist,no
2541,1,0,0.002800927060766339,-5.913845062255859,-0.03884509578347206,assist,no
2542,1,0,0.09534945461636171,-2.5050244331359863,-0.2550243139266968,assist,no
2543,1,0,0.02931223371923813,-3.6364316940307617,-0.13643179833889008,assist,no
2544,1,0,0.06754668926255561,-2.797394037246704,-0.1723940074443817,assist,no
2545,1,0,0.004609571119618313,-5.438375949859619,-0.06337571889162064,assist,no
2546,1,0,0.003172683408005215,-5.835036754608154,-0.08503693342208862,assist,no
2547,1,0,0.014063627869714051,-4.5239033699035645,-0.27390342950820923,assist,no
2548,1,0,0.0021827164210046685,-6.172037124633789,-0.04703711345791817,assist,no
2549,1,1,0.679178699175393,-0.5891931056976318,-1.3391931056976318,assist,yes
2550,1,0,0.3486451488696663,-1.326643466949463,-0.7016435265541077,assist,no
2551,1,0,0.007577242052239898,-4.970028400421143,-0.09502850472927094,assist,no
2552,1,0,0.2018132174596823,-1.690309762954712,-0.3153097331523895,assist,no
2553,1,0,0.22270014398423357,-1.5972403287887573,-0.3472403585910797,assist,no
2554,1,0,0.025957354419231866,-3.6530909538269043,-0.028090843930840492,assist,no
2555,1,0,0.0009110512825624411,-7.081617832183838,-0.08161792904138565,assist,no
2556,1,0,0.0010322309368786592,-6.906991481781006,-0.0319913849234581,assist,no
2557,1,0,0.05340332471521977,-2.9352612495422363,-0.06026114895939827,assist,no
2558,1,0,0.020332355049347755,-3.899552583694458,-0.024552669376134872,assist,no
2559,1,0,0.10669059394565118,-2.3506417274475098,-0.22564172744750977,assist,no
2560,1,0,0.1480472055495773,-2.108217477798462,-0.3582175374031067,assist,no
2561,1,0,0.0035936023679944244,-5.73256778717041,-0.10756772756576538,assist,no
2562,1,0,0.003593602514724568,-5.664307117462158,-0.03930709883570671,assist,no
2563,1,0,0.008577484399966718,-4.85709285736084,-0.10709273815155029,assist,no
2564,1,0,0.009708474977211935,-4.731640815734863,-0.10664065927267075,assist,no
2565,1,0,0.001169510023537857,-6.768063068389893,-0.018062861636281013,assist,no
2566,1,0,0.029312231387330967,-3.600369930267334,-0.10036995261907578,assist,no
2567,1,0,0.0003353501829185032,-8.070855140686035,-0.07085529714822769,assist,no
2568,1,0,0.002800927029551217,-5.913342475891113,-0.03834249824285507,assist,no
2569,1,0,0.001700722133139294,-6.441152572631836,-0.0661524087190628,assist,no
2570,1,0,0.0031726830192101868,-5.784190654754639,-0.03419071063399315,assist,no
2571,1,0,0.014063628386256938,-4.34422492980957,-0.09422502666711807,assist,no
2572,1,0,0.00317268293673852,-5.811016082763672,-0.06101611256599426,assist,no
2573,1,0,0.001501182145058104,-6.592270374298096,-0.09227029979228973,assist,no
2574,1,0,0.1480471980316895,-1.912362813949585,-0.16236281394958496,assist,no
2575,1,0,0.015906389146026254,-4.2202653884887695,-0.0952652245759964,assist,no
2576,1,0,0.0031726831016818556,-5.826765060424805,-0.07676514238119125,assist,no
2577,1,0,0.18242552825126704,-1.718253254890442,-0.21825328469276428,assist,no
2578,1,0,0.08509904500702024,-2.6342592239379883,-0.2592592239379883,assist,no
2579,1,0,0.0005527786245748641,-7.544439315795898,-0.04443929344415665,assist,no
2580,1,0,0.0035936018877867223,-5.694065570831299,-0.06906537711620331,assist,no
2581,1,0,0.00407013711186692,-5.732232093811035,-0.23223194479942322,assist,no
2582,1,0,0.002800927258462121,-6.081423282623291,-0.20642338693141937,assist,no
2583,1,0,0.02931223287127187,-3.6944589614868164,-0.19445903599262238,assist,no
2584,1,0,0.0019267348782419833,-6.3163275718688965,-0.06632768362760544,assist,no
2585,1,0,0.07585818211049715,-2.836766242980957,-0.3367662727832794,assist,no
2586,1,1,0.5312093733737563,-0.7349830269813538,-0.8599830269813538,assist,yes
2587,1,0,0.001926734817349537,-6.274068355560303,-0.02406843565404415,assist,no
2588,1,0,0.07585818106587033,-2.6579344272613525,-0.15793444216251373,assist,no
2589,1,0,0.029312230751356316,-3.752088785171509,-0.2520887851715088,assist,no
2590,1,0,0.007577242388402388,-4.898390293121338,-0.02339044213294983,assist,no
2591,1,0,0.025957355314023947,-3.80106520652771,-0.176065132021904,assist,no
2592,1,0,0.0028009269176970312,-5.888925552368164,-0.013925534673035145,assist,no
2593,1,0,0.007577240763617155,-4.957834243774414,-0.08283417671918869,assist,no
2594,1,0,0.0021827163966641563,-6.209279537200928,-0.08427951484918594,assist,no
2595,1,0,0.1329642264548166,-2.19564151763916,-0.3206413984298706,assist,no
2596,1,0,0.010986944897465581,-4.622399806976318,-0.12240001559257507,assist,no
2597,1,0,0.08509903920620716,-2.529663324356079,-0.15466324985027313,assist,no
2598,1,0,0.0031726821827119532,-5.848418235778809,-0.09841802716255188,assist,no
2599,1,0,0.007577243004700326,-4.8830132484436035,-0.00801347941160202,assist,no
2600,1,0,0.0017007221837385621,-6.407942771911621,-0.03294263780117035,assist,no
2601,1,0,0.22270013882530884,-1.8215322494506836,-0.5715322494506836,assist,no
2602,1,0,0.006692850032711038,-5.044342041015625,-0.044341906905174255,assist,no
2603,1,0,0.0019267346095988521,-6.273362636566162,-0.02336260862648487,assist,no
2604,1,0,0.0021827159828754915,-6.163600921630859,-0.03860070928931236,assist,no
2605,1,0,0.0028009276122335546,-5.905604839324951,-0.030605070292949677,assist,no
2606,1,0,0.0028009264676790765,-5.950868129730225,-0.07586795091629028,assist,no
2607,1,0,0.4378234991142019,-0.8992415070533752,-0.6492415070533752,assist,no
2608,1,0,0.0028009265405143477,-5.935267925262451,-0.060267772525548935,assist,no
2609,1,1,0.914900950352329,-0.3612061142921448,-2.7362060546875,assist,yes
2610,1,0,0.0019267345343787824,-6.342920303344727,-0.09292023628950119,assist,no
2611,1,0,0.20181321265898594,-1.7164130210876465,-0.3414129614830017,assist,no
2612,1,0,0.04208772941751998,-3.240309715270996,-0.11530975252389908,assist,no
2613,1,0,0.29421496597446145,-1.3037365674972534,-0.42873653769493103,assist,no
2614,1,0,0.0031726826539785367,-5.857704162597656,-0.10770410299301147,assist,no
2615,1,0,0.0011695102868138649,-6.790607452392578,-0.04060747101902962,assist,no
2616,1,0,0.0006263342840274511,-7.4767746925354,-0.10177489370107651,assist,no
2617,1,0,0.0040701381085151605,-5.596753120422363,-0.09675321727991104,assist,no
2618,1,0,0.05340332452690107,-2.936478853225708,-0.06147874891757965,assist,no
2619,1,0,0.002800926821450411,-5.918691158294678,-0.043691106140613556,assist,no
2620,1,0,0.0008040859191674887,-7.153213024139404,-0.028213003650307655,assist,no
2621,1,0,0.0031726834904768943,-5.798700332641602,-0.04870053753256798,assist,no
2622,1,0,0.0031726826539785367,-5.819685935974121,-0.06968587636947632,assist,no
2623,1,0,0.025957358704815272,-3.7992191314697266,-0.17421919107437134,assist,no
2624,1,0,0.000379984523241953,-7.955295562744141,-0.08029558509588242,assist,no
2625,1,0,0.042087729117139754,-3.296107292175293,-0.17110732197761536,assist,no
2626,1,0,0.24508501313237172,-1.4131934642791748,-0.2881934642791748,assist,no
2627,1,0,0.006692851122412387,-5.043627738952637,-0.043627768754959106,assist,no
2628,1,0,0.022977370244547896,-3.8645012378692627,-0.11450125277042389,assist,no
2629,1,0,0.02033235452992065,-3.9071547985076904,-0.032154858112335205,assist,no
2630,1,0,0.004070138350126891,-5.621090888977051,-0.12109104543924332,assist,no
2631,1,0,0.020332355123551627,-4.0733561515808105,-0.1983562409877777,assist,no
2632,1,0,0.002800926613349621,-5.960876941680908,-0.08587681502103806,assist,no
2633,1,0,0.001325022252689349,-6.630117893218994,-0.0051177688874304295,assist,no
2634,1,0,0.1480472055495773,-2.1971771717071533,-0.4471772313117981,assist,no
2635,1,0,0.005911068418438151,-5.280372142791748,-0.15537206828594208,assist,no
2636,1,0,0.0066928523854755334,-5.043258190155029,-0.043258409947156906,assist,no
2637,1,0,0.0019267342908090516,-6.4142537117004395,-0.16425351798534393,assist,no
2638,1,0,0.0013250225650997508,-6.69002628326416,-0.06502639502286911,assist,no
2639,1,0,0.07585817688736327,-2.706188917160034,-0.2061888724565506,assist,no
2640,1,0,0.20181321265898594,-1.6080472469329834,-0.23304718732833862,assist,no
2641,1,0,0.00026119025683936706,-8.321521759033203,-0.07152152061462402,assist,no
2642,1,0,0.34864513533394575,-1.3033249378204346,-0.6783249378204346,assist,no
2643,1,0,0.08509904616718289,-2.527412176132202,-0.15241219103336334,assist,no
2644,1,0,0.2018132174596823,-1.7579210996627808,-0.3829210698604584,assist,no
2645,1,0,0.00280092632200854,-5.905535697937012,-0.030535466969013214,assist,no
2646,1,0,0.24508501313237172,-1.4985978603363037,-0.3735978603363037,assist,no
2647,1,0,0.0031726833255335384,-5.81121826171875,-0.06121841445565224,assist,no
2648,1,0,0.022977371582637088,-3.880451202392578,-0.1304512768983841,assist,no
2649,1,0,0.006692850676625449,-5.036073684692383,-0.03607364743947983,assist,no
2650,1,0,0.008577484922679107,-4.779782295227051,-0.029782237485051155,assist,no
2651,1,0,0.0035936017610652556,-5.654740810394287,-0.029740581288933754,assist,no
2652,1,0,0.0013250221140457034,-6.641605377197266,-0.01660514809191227,assist,no
2653,1,0,0.0007096703594728082,-7.2852067947387695,-0.035206738859415054,assist,no
2654,1,0,0.1645164628965632,-1.9641896486282349,-0.33918964862823486,assist,no
2655,1,0,0.01590639101205418,-4.300930023193359,-0.1759299784898758,assist,no
2656,1,0,0.020332355123551627,-4.027041912078857,-0.15204200148582458,assist,no
2657,1,0,0.002800926769425212,-5.906379699707031,-0.03137962892651558,assist,no
2658,1,0,0.5,-1.049057126045227,-1.049057126045227,assist,no
2659,1,0,0.022977370411809046,-3.806065082550049,-0.05606510490179062,assist,no
2660,1,0,0.0059110692064883365,-5.250429153442383,-0.1254292130470276,assist,no
2661,1,0,0.0028009266289571793,-5.897634029388428,-0.022633908316493034,assist,no
2662,1,0,0.08509904732734556,-2.569230318069458,-0.1942303478717804,assist,no
2663,1,0,0.05340333431947304,-2.9705519676208496,-0.09555205702781677,assist,no
2664,1,1,0.9579122732859019,-0.35133978724479675,-3.476339817047119,assist,yes
2665,1,0,0.04742586846527418,-3.125655174255371,-0.12565506994724274,assist,no
2666,1,0,0.004070138278398408,-5.512296676635742,-0.012296815402805805,assist,no
2667,1,0,0.37754066879814546,-1.2796014547348022,-0.7796014547348022,assist,no
2668,1,0,0.1480471980316895,-2.066432237625122,-0.31643223762512207,assist,no
2669,1,0,0.09534945718704857,-2.7140493392944336,-0.46404924988746643,assist,no
2670,1,0,0.01590639217832175,-4.373414039611816,-0.2484140694141388,assist,no
2671,1,0,0.005911068900024362,-5.2489800453186035,-0.12398005276918411,assist,no
2672,1,0,0.20181321265898594,-1.7250006198883057,-0.3500005602836609,assist,no
2673,1,0,0.002182716842906922,-6.171645164489746,-0.04664534702897072,assist,no
2674,1,0,0.009708475442816857,-4.673814296722412,-0.048814188688993454,assist,no
2675,1,0,0.0002611902242520636,-8.274086952209473,-0.024086588993668556,assist,no
2676,1,0,0.0009110510960663448,-7.019660472869873,-0.01966036483645439,assist,no
2677,1,0,0.00317268293673852,-5.794829845428467,-0.044829875230789185,assist,no
2678,1,0,0.005220124823034796,-5.2916259765625,-0.04162580892443657,assist,no
2679,1,0,0.014063624253914378,-4.364777088165283,-0.11477688699960709,assist,no
2680,1,0,0.0010322311827276865,-6.9773688316345215,-0.10236897319555283,assist,no
2681,1,0,0.014063625286999904,-4.309982776641846,-0.059982649981975555,assist,no
2682,1,0,0.07585817688736327,-2.6867659091949463,-0.1867658644914627,assist,no
2683,1,0,0.0021827164777991977,-6.218961238861084,-0.09396125376224518,assist,no
2684,1,0,0.0028009269775260137,-5.913397789001465,-0.03839779272675514,assist,no
2685,1,0,0.10669060530721626,-2.582676410675049,-0.4576765298843384,assist,no
2686,1,0,0.0046095715127535365,-5.405324459075928,-0.030324313789606094,assist,no
2687,1,0,0.0024726236895656934,-6.08476448059082,-0.08476469665765762,assist,no
2688,1,0,0.0028009265092992313,-5.928339958190918,-0.053339794278144836,assist,no
2689,1,0,0.002472623266896334,-6.075345993041992,-0.07534603774547577,assist,no
2690,1,0,0.11920292515117029,-2.1287622451782227,-0.12876227498054504,assist,no
2691,1,0,0.01798620877771485,-4.02487325668335,-0.024873189628124237,assist,no
2692,1,1,0.8807970873650403,-0.33679190278053284,-2.3367919921875,assist,yes
2693,1,0,0.004070137685694665,-5.577766418457031,-0.07776641100645065,assist,no
2694,1,0,0.0013250222126367386,-6.634457111358643,-0.009456956759095192,assist,no
2695,1,0,0.001700722525283662,-6.427035331726074,-0.05203539878129959,assist,no
2696,1,0,0.3208212878370535,-1.336702823638916,-0.5867027640342712,assist,no
2697,1,0,0.010986942873472344,-4.538968563079834,-0.038968585431575775,assist,no
2698,1,0,0.03308598089141842,-3.412942409515381,-0.03794248774647713,assist,no
2699,1,0,0.0017007222596374673,-6.521060943603516,-0.14606085419654846,assist,no
2700,1,0,0.0031726832077168614,-5.8103132247924805,-0.06031334027647972,assist,no
2701,1,0,0.14804719427274565,-2.0039331912994385,-0.2539331614971161,assist,no
2702,1,0,0.0040701379877092995,-5.587935924530029,-0.08793599158525467,assist,no
2703,1,0,0.0017007223355363758,-6.457690238952637,-0.08269019424915314,assist,no
2704,1,0,0.009708476338210996,-4.7234392166137695,-0.09843920171260834,assist,no
2705,1,0,0.0420877273148584,-3.2481091022491455,-0.12310908734798431,assist,no
2706,1,0,0.06754668832401889,-2.8052783012390137,-0.1802782565355301,assist,no
2707,1,0,0.00023050673315372472,-8.424428939819336,-0.04942898824810982,assist,no
2708,1,0,0.13296424019782924,-2.129021167755127,-0.25402116775512695,assist,no
2709,1,0,0.060086643862295744,-2.86116099357605,-0.11116088181734085,assist,no
2710,1,0,6.605215961747925e-05,-9.65923023223877,-0.03423045575618744,assist,no
2711,1,0,0.0035936030349496715,-5.701803207397461,-0.07680333405733109,assist,no
2712,1,0,0.0028009265301093093,-5.981931686401367,-0.10693152993917465,assist,no
2713,1,1,0.6513548511303336,-0.6760590672492981,-1.3010590076446533,assist,yes
2714,1,0,0.1329642333263228,-2.2112925052642822,-0.33629244565963745,assist,no
2715,1,0,0.0009110511401472368,-7.050556659698486,-0.05055660009384155,assist,no
2716,1,0,0.009708476481474066,-4.776721954345703,-0.15172195434570312,assist,no
2717,1,0,0.00591107012588035,-5.168858051300049,-0.04385826736688614,assist,no
2718,1,1,0.5926665855647394,-0.781304657459259,-1.1563045978546143,assist,yes
2719,1,0,0.06754669020109236,-2.755227565765381,-0.13022755086421967,assist,no
2720,1,0,0.0017007227150309691,-6.458076477050781,-0.08307665586471558,assist,no
2721,1,0,0.04208772340991573,-3.2228124141693115,-0.09781230241060257,assist,no
2722,1,0,0.0675466845698721,-2.849963426589966,-0.22496332228183746,assist,no
2723,1,0,0.007577241604023266,-4.9530863761901855,-0.07808642089366913,assist,no
2724,1,0,0.006692850478497932,-5.077059268951416,-0.07705920189619064,assist,no
2725,1,0,0.001501182502430573,-6.582565784454346,-0.08256594836711884,assist,no
2726,1,0,0.00669285072615733,-5.213034152984619,-0.21303412318229675,assist,no
2727,1,0,0.05340332753999997,-3.0100677013397217,-0.1350676566362381,assist,no
2728,1,0,0.4378234991142019,-0.9067246913909912,-0.6567246913909912,assist,no
2729,1,0,0.14804719427274565,-1.9532545804977417,-0.2032545506954193,assist,no
2730,1,0,0.01798620759333822,-4.080809116363525,-0.08080898225307465,assist,no
2731,1,0,0.01243165103612894,-4.418076515197754,-0.0430765300989151,assist,no
2732,1,0,0.0031726823476552492,-5.8467206954956055,-0.09672053903341293,assist,no
2733,1,0,0.0015011826029415949,-6.607455730438232,-0.10745596140623093,assist,no
2734,1,0,0.0953494738965146,-2.399629831314087,-0.14962993562221527,assist,no
2735,1,0,0.020332353342658753,-3.948045015335083,-0.07304501533508301,assist,no
2736,1,0,0.017986206803753842,-4.226703643798828,-0.2267034649848938,assist,no
2737,1,0,0.004070137776299053,-5.536137104034424,-0.03613711893558502,assist,no
2738,1,0,0.015906395210617815,-4.357252597808838,-0.2322528213262558,assist,no
2739,1,0,0.09534946554178125,-2.3536839485168457,-0.1036839559674263,assist,no
2740,1,0,0.02297737016091733,-3.8004562854766846,-0.050456296652555466,assist,no
2741,1,0,0.007577242220321141,-4.979972839355469,-0.1049729660153389,assist,no
2742,1,0,0.05340332603345051,-3.0513219833374023,-0.17632190883159637,assist,no
2743,1,0,0.02297736991002561,-3.8367600440979004,-0.08676004409790039,assist,no
2744,1,0,0.0009110513842876005,-7.06418514251709,-0.06418535113334656,assist,no
2745,1,0,0.001501182145058104,-6.575019359588623,-0.07501928508281708,assist,no
2746,1,0,0.4073333856566001,-1.0304265022277832,-0.6554264426231384,assist,no
2747,1,0,0.0015011825638539746,-6.525668144226074,-0.025668349117040634,assist,no
2748,1,0,0.004070137398780782,-5.535742282867432,-0.03574220463633537,assist,no
2749,1,0,0.46879062662624377,-0.9395138621330261,-0.8145138621330261,assist,no
2750,1,0,0.08509903804604459,-2.644345998764038,-0.2693459093570709,assist,no
2751,1,0,0.010986941497157156,-4.661925315856934,-0.16192521154880524,assist,no
2752,1,0,0.0007096704704305978,-7.269673824310303,-0.019673924893140793,assist,no
2753,1,0,0.029312229267415526,-3.615264654159546,-0.11526460200548172,assist,no
2754,1,0,0.00359360194114313,-5.665505886077881,-0.04050570726394653,assist,no
2755,1,0,0.0850990519679964,-2.7024497985839844,-0.32744988799095154,assist,no
2756,1,0,0.26894141551050293,-1.4016469717025757,-0.4016469419002533,assist,no
2757,1,0,0.008577485762186948,-4.80582857131958,-0.05582861229777336,assist,no
2758,1,0,0.14804720179063335,-2.031033992767334,-0.28103402256965637,assist,no
2759,1,0,0.07585817793199003,-2.783297300338745,-0.28329727053642273,assist,no
2760,1,0,0.0001795280134792493,-8.695808410644531,-0.07080865651369095,assist,no
2761,1,0,0.0004305569947486092,-7.840447425842285,-0.09044722467660904,assist,no
2762,1,0,0.0013250222496083792,-6.697909832000732,-0.07290970534086227,assist,no
2763,1,0,0.03732688948593843,-3.3619251251220703,-0.11192518472671509,assist,no
2764,1,0,0.010986944735546109,-4.574090003967285,-0.07409019768238068,assist,no
2765,1,0,0.004070136870255261,-5.569175720214844,-0.06917551159858704,assist,no
2766,1,0,0.009708475084659223,-4.662204265594482,-0.03720412030816078,assist,no
2767,1,0,0.005220125828973193,-5.26104736328125,-0.01104738935828209,assist,no
2768,1,0,0.00048785712641531156,-7.681577682495117,-0.056577689945697784,assist,no
2769,1,0,0.0015011820277952813,-6.557739734649658,-0.057739581912755966,assist,no
2770,1,0,0.0015011820780507757,-6.6296563148498535,-0.12965619564056396,assist,no
2771,1,0,0.1480472036701053,-1.9218509197235107,-0.17185096442699432,assist,no
2772,1,0,0.022977371624452375,-3.7745816707611084,-0.024581747129559517,assist,no
2773,1,0,0.0021827163439263808,-6.14900016784668,-0.024000121280550957,assist,no
2774,1,0,0.0010322309676097843,-6.907049179077148,-0.032049112021923065,assist,no
2775,1,0,0.015906390341450367,-4.145133972167969,-0.020133884623646736,assist,no
2776,1,0,0.0035936021012123592,-5.6644110679626465,-0.03941093385219574,assist,no
2777,1,0,0.029312231175339414,-3.638625144958496,-0.1386251598596573,assist,no
2778,1,0,0.006692850651859509,-5.052521705627441,-0.05252166464924812,assist,no
2779,1,0,0.04742587216778976,-3.11584734916687,-0.11584732681512833,assist,no
2780,1,0,0.0001584362491990261,-8.799552917480469,-0.04955310747027397,assist,no
2781,1,0,0.005911068440328432,-5.183487415313721,-0.05848734453320503,assist,no
2782,1,0,0.03732689028911683,-3.355753183364868,-0.10575326532125473,assist,no
2783,1,0,0.05340333205964859,-3.051607847213745,-0.1766078919172287,assist,no
2784,1,0,0.0010322308139541674,-6.911000728607178,-0.036000512540340424,assist,no
2785,1,0,0.00359360332841002,-5.653449535369873,-0.02844974398612976,assist,no
2786,1,0,0.0013250223481994247,-6.661474227905273,-0.03647417575120926,assist,no
2787,1,0,0.0066928502556044805,-5.060130596160889,-0.06013049557805061,assist,no
2788,1,0,0.04742587502882471,-3.058281183242798,-0.058281224220991135,assist,no
2789,1,0,0.02297737258620403,-3.875415325164795,-0.12541544437408447,assist,no
2790,1,0,0.00103223086005085,-6.921607971191406,-0.04660779982805252,assist,no
2791,1,0,0.3775406547908327,-1.123058795928955,-0.6230587363243103,assist,no
2792,1,0,0.0015011819663719016,-6.5655364990234375,-0.06553630530834198,assist,no
2793,1,0,0.4378234991142019,-0.9046157002449036,-0.6546157002449036,assist,no
2794,1,0,0.01590639077880068,-4.240068435668945,-0.11506837606430054,assist,no
2795,1,1,0.5621765008857981,-0.5906305313110352,-0.8406305313110352,assist,yes
2796,1,0,0.037326884131416216,-3.3412771224975586,-0.09127703309059143,assist,no
2797,1,0,0.0024726230911669756,-6.004608631134033,-0.004608604591339827,assist,no
2798,1,0,0.06754668738548215,-2.876100540161133,-0.25110048055648804,assist,no
2799,1,0,0.033085981248949035,-3.46631121635437,-0.09131130576133728,assist,no
2800,1,0,0.00017952800612383658,-8.663741111755371,-0.03874131664633751,assist,no
2801,1,0,0.07585818524437762,-2.685734510421753,-0.1857345849275589,assist,no
2802,1,0,0.004070136900456717,-5.555658340454102,-0.055658139288425446,assist,no
2803,1,0,0.009708477484315619,-4.668961524963379,-0.04396162927150726,assist,no
2804,1,0,0.0013250225650997508,-6.657331466674805,-0.03233157843351364,assist,no
2805,1,0,0.00023050673916327072,-8.438027381896973,-0.06302745640277863,assist,no
2806,1,1,0.9626731083722525,-0.1959916353225708,-3.4459915161132812,assist,yes
2807,1,0,0.0035936029415759296,-5.664618015289307,-0.0396181158721447,assist,no
2808,1,0,0.0009110511401472368,-7.024991035461426,-0.024990975856781006,assist,no
2809,1,0,0.012431648017567791,-4.464334964752197,-0.08933473378419876,assist,no
2810,1,0,0.00857748414653042,-4.89484167098999,-0.1448415219783783,assist,no
2811,1,0,0.03732688975366457,-3.3276946544647217,-0.07769472151994705,assist,no
2812,1,0,0.012431651950844584,-4.426681041717529,-0.05168113112449646,assist,no
2813,1,0,0.0007096704202354052,-7.322379112243652,-0.07237914204597473,assist,no
2814,1,0,0.015906388446265834,-4.213016986846924,-0.08801677823066711,assist,no
2815,1,0,0.4378234991142019,-1.2901346683502197,-1.0401346683502197,assist,no
2816,1,1,0.5312093733737563,-0.7875576019287109,-0.9125576019287109,assist,yes
2817,1,0,0.029312233295254994,-3.5331239700317383,-0.033124059438705444,assist,no
2818,1,0,0.003593602724815466,-5.63789701461792,-0.01289705466479063,assist,no
2819,1,0,0.01406362384068019,-4.2934651374816895,-0.04346490651369095,assist,no
2820,1,0,0.0008040860134484075,-7.175741672515869,-0.0507417693734169,assist,no
2821,1,0,0.34864513533394575,-1.3880748748779297,-0.7630748748779297,assist,no
2822,1,0,0.0006263340205323412,-7.3995795249938965,-0.024579305201768875,assist,no
2823,1,0,0.001700722095189844,-6.478918075561523,-0.10391788929700851,assist,no
2824,1,0,0.0006263341429526218,-7.406092643737793,-0.03109261952340603,assist,no
2825,1,0,0.004070138501134231,-5.668653964996338,-0.1686541587114334,assist,no
2826,1,0,0.0019267342191709017,-6.325794696807861,-0.07579446583986282,assist,no
2827,1,0,0.005220124997139505,-5.277894496917725,-0.027894362807273865,assist,no
2828,1,0,0.005220125364693909,-5.295994281768799,-0.045994218438863754,assist,no
2829,1,0,0.0028009263532236543,-5.9235992431640625,-0.04859902337193489,assist,no
2830,1,0,0.010986943116351513,-4.563272953033447,-0.06327299773693085,assist,no
2831,1,0,0.010986940363721243,-4.568788528442383,-0.0687883198261261,assist,no
2832,1,0,0.02931223053936477,-3.5748484134674072,-0.07484840601682663,assist,no
2833,1,0,0.02033235141335831,-3.898163080215454,-0.02316298335790634,assist,no
2834,1,0,0.11920292984474948,-2.1449508666992188,-0.14495094120502472,assist,no
2835,1,0,0.007577242948673238,-5.005187034606934,-0.1301872581243515,assist,no
2836,1,0,0.005911068571670123,-5.172003269195557,-0.04700322076678276,assist,no
2837,1,0,0.007577239559035221,-4.886775970458984,-0.011775743216276169,assist,no
2838,1,0,0.02033235319425102,-3.950782537460327,-0.07578253000974655,assist,no
2839,1,0,0.0019267349140610701,-6.28733491897583,-0.037335049360990524,assist,no
2840,1,0,0.0003353501151679723,-8.01224422454834,-0.012244178913533688,assist,no
2841,1,0,0.0015011821785617695,-6.582463264465332,-0.08246321231126785,assist,no
2842,1,0,0.004609571170896819,-5.40036678314209,-0.025366563349962234,assist,no
2843,1,0,0.0024726230739386076,-6.0375237464904785,-0.03752371296286583,assist,no
2844,1,0,0.008577483829735057,-4.764098167419434,-0.01409798115491867,assist,no
2845,1,0,0.1066905854244781,-2.3230934143066406,-0.19809332489967346,assist,no
2846,1,0,0.0006263341604412355,-7.43159818649292,-0.05659819021821022,assist,no
2847,1,0,0.007577242612510723,-5.030334949493408,-0.15533512830734253,assist,no
2848,1,0,0.009708474189265195,-4.679086685180664,-0.05408644676208496,assist,no
2849,1,0,0.06754669207816587,-2.8408846855163574,-0.21588470041751862,assist,no
2850,1,0,0.002182715966648487,-6.172113418579102,-0.04711319878697395,assist,no
2851,1,0,0.0007096703066357715,-7.285411357879639,-0.035411227494478226,assist,no
2852,1,0,0.004609572111002853,-5.524930953979492,-0.149930939078331,assist,no
2853,1,0,0.3208213138121609,-1.2676148414611816,-0.5176149010658264,assist,no
2854,1,0,0.017986211804455476,-4.0722270011901855,-0.0722271054983139,assist,no
2855,1,0,0.06008664933244599,-2.995786428451538,-0.2457864135503769,assist,no
2856,1,0,0.017986213252027258,-4.081739902496338,-0.08174008876085281,assist,no
2857,1,0,0.18242551936144574,-1.7068312168121338,-0.2068311870098114,assist,no
2858,1,0,0.005220125500108696,-5.314039707183838,-0.0640396699309349,assist,no
2859,1,0,0.00407013825952249,-5.598460674285889,-0.09846080839633942,assist,no
2860,1,0,0.0011695105261557417,-6.772587299346924,-0.022587522864341736,assist,no
2861,1,1,0.7981867777396212,-0.5635660886764526,-1.9385660886764526,assist,yes
2862,1,0,0.0953494738965146,-2.4080069065093994,-0.15800701081752777,assist,no
2863,1,0,0.1329642333263228,-2.2011377811431885,-0.3261377215385437,assist,no
2864,1,0,0.004609571358918011,-5.526542663574219,-0.15154248476028442,assist,no
2865,1,0,0.29421496597446145,-1.231795310974121,-0.3567952811717987,assist,no
2866,1,0,0.0006263342443865867,-7.431702136993408,-0.056702274829149246,assist,no
2867,1,0,0.0024726231382578485,-6.042126655578613,-0.042126648128032684,assist,no
2868,1,0,0.4378235137849365,-1.1160075664520264,-0.8660076260566711,assist,no
2869,1,0,0.0085774839564532,-4.834022045135498,-0.08402187377214432,assist,no
2870,1,1,0.8519527982093668,-0.2182723581790924,-1.96827232837677,assist,yes
2871,1,0,0.007577242304361764,-4.922280788421631,-0.0472809262573719,assist,no
2872,1,0,0.16451646699291617,-1.8907378911972046,-0.265737920999527,assist,no
2873,1,0,0.02033235319425102,-3.9079174995422363,-0.03291749209165573,assist,no
2874,1,0,0.006692851097646446,-5.027386665344238,-0.02738669142127037,assist,no
2875,1,0,0.00033535006802360177,-8.071114540100098,-0.07111435383558273,assist,no
2876,1,0,0.012431649755527152,-4.523460865020752,-0.1484607756137848,assist,no
2877,1,0,0.029312231387330967,-3.5899789333343506,-0.08997895568609238,assist,no
2878,1,0,0.13296423676207594,-2.124110698699951,-0.24911066889762878,assist,no
2879,1,0,0.0005527787357134919,-7.571314334869385,-0.07131451368331909,assist,no
2880,1,0,0.007577242892646153,-4.957545757293701,-0.08254597336053848,assist,no
2881,1,0,0.0953494674697966,-2.424755811691284,-0.17475584149360657,assist,no
2882,1,0,0.03308597481339833,-3.4646265506744385,-0.08962643891572952,assist,no
2883,1,0,0.04742587250438209,-3.0621187686920166,-0.06211875379085541,assist,no
2884,1,0,0.03732688359596404,-3.3887622356414795,-0.13876213133335114,assist,no
2885,1,0,0.5,-0.7208877205848694,-0.7208877205848694,assist,no
2886,1,0,0.00013982208241779416,-8.924219131469727,-0.04921917989850044,assist,no
2887,1,0,0.005911068374657587,-5.163069725036621,-0.03806964308023453,assist,no
2888,1,0,0.02595735757455145,-3.773944854736328,-0.14894486963748932,assist,no
2889,1,0,0.01590639171181471,-4.257699966430664,-0.13269996643066406,assist,no
2890,1,0,0.0028009265249067895,-5.902645587921143,-0.027645429596304893,assist,no
2891,1,1,0.8519527944504226,-0.34425169229507446,-2.0942516326904297,assist,yes
2892,1,0,0.008577485635468778,-4.811782360076904,-0.061782386153936386,assist,no
2893,1,0,0.009708478612512485,-4.639556884765625,-0.014557106420397758,assist,no
2894,1,0,0.0021827162749615994,-6.178516387939453,-0.05351630970835686,assist,no
2895,1,0,0.3775406828054583,-1.123211145401001,-0.6232112050056458,assist,no
2896,1,0,0.06754669348597103,-2.7484357357025146,-0.12343577295541763,assist,no
2897,1,0,0.0011695100431203676,-6.778289794921875,-0.02828960493206978,assist,no
2898,1,0,0.004070137776299053,-5.550850868225098,-0.05085088312625885,assist,no
2899,1,0,0.02931223371923813,-3.5905773639678955,-0.09057746827602386,assist,no
2900,1,0,0.24508500210441886,-1.7578256130218506,-0.6328255534172058,assist,no
2901,1,1,0.6513548782017746,-0.7597689032554626,-1.3847689628601074,assist,yes
2902,1,0,0.010986940687560063,-4.559871673583984,-0.05987149477005005,assist,no
2903,1,0,0.0006263342000820943,-7.384644985198975,-0.009645052254199982,assist,no
2904,1,0,0.2689414213699951,-1.4346566200256348,-0.43465662002563477,assist,no
2905,1,0,0.2689414096510108,-1.395672082901001,-0.3956720232963562,assist,no
2906,1,0,0.1192029188930649,-2.212977886199951,-0.21297785639762878,assist,no
2907,1,0,0.005220125732248338,-5.338711261749268,-0.08871126919984818,assist,no
2908,1,0,0.0293122296913986,-3.610247850418091,-0.11024781316518784,assist,no
2909,1,0,0.0017007220762151193,-6.4269914627075195,-0.05199126526713371,assist,no
2910,1,0,0.08509904268669496,-2.661132574081421,-0.2861325442790985,assist,no
2911,1,0,0.00591106981941633,-5.265500068664551,-0.1405002325773239,assist,no
2912,1,0,0.0003353502422392557,-8.030921936035156,-0.030922269448637962,assist,no
2913,1,0,0.00013982209127147974,-8.954882621765137,-0.07988273352384567,assist,no
2914,1,0,0.007577240903684833,-4.93300199508667,-0.05800194665789604,assist,no
2915,1,0,0.0009110512689990873,-7.019728660583496,-0.01972874253988266,assist,no
2916,1,0,0.3486451488696663,-1.28611159324646,-0.6611116528511047,assist,no
2917,1,0,0.005220125616178516,-5.330572128295898,-0.08057211339473724,assist,no
2918,1,0,0.002182716076180772,-6.148897171020508,-0.023897001519799232,assist,no
2919,1,0,0.00669285161773124,-5.12727689743042,-0.12727700173854828,assist,no
2920,1,0,0.022977371248114782,-3.8769052028656006,-0.12690526247024536,assist,no
2921,1,0,0.4073333856566001,-1.1587603092193604,-0.7837602496147156,assist,no
2922,1,0,0.02595736021183377,-3.7619848251342773,-0.1369849443435669,assist,no
2923,1,0,0.07585817270885642,-2.6810336112976074,-0.18103350698947906,assist,no
2924,1,0,0.0046095714956607,-5.437623023986816,-0.06262287497520447,assist,no
2925,1,1,0.8519528132451416,-0.25167909264564514,-2.0016791820526123,assist,yes
2926,1,0,0.0021827160508260755,-6.130220890045166,-0.005220708902925253,assist,no
2927,1,0,0.24508501864634827,-1.5411627292633057,-0.41616275906562805,assist,no
2928,1,0,0.22270014398423357,-1.593554139137268,-0.34355416893959045,assist,no
2929,1,0,0.4378234991142019,-1.0493093729019165,-0.7993093729019165,assist,no
2930,1,0,0.007577242444429472,-4.977677822113037,-0.10267797857522964,assist,no
2931,1,0,0.05340332603345051,-3.022847890853882,-0.14784781634807587,assist,no
2932,1,0,0.001325022505945113,-6.671787261962891,-0.046787329018116,assist,no
2933,1,0,0.017986211278065763,-4.099010467529297,-0.09901054203510284,assist,no
2934,1,0,0.0024726228809808957,-6.118005752563477,-0.11800564080476761,assist,no
2935,1,0,0.0021827163479831327,-6.244542121887207,-0.11954207718372345,assist,no
2936,1,0,0.0013250224073540558,-6.676306247711182,-0.051306240260601044,assist,no
2937,1,0,0.0024726236482176004,-6.019578456878662,-0.019578656181693077,assist,no
2938,1,0,0.003172683137026857,-5.805337429046631,-0.05533752217888832,assist,no
2939,1,0,0.060086648490884395,-2.9421987533569336,-0.1921987235546112,assist,no
2940,1,0,0.0024726229728655185,-6.094400405883789,-0.0944003313779831,assist,no
2941,1,0,0.0040701384407312935,-5.5975141525268555,-0.0975143313407898,assist,no
2942,1,0,0.00460957214518853,-5.420032978057861,-0.04503297060728073,assist,no
2943,1,0,0.02931222947940706,-3.585421323776245,-0.08542127907276154,assist,no
2944,1,1,0.5621765008857981,-0.6574087142944336,-0.9074087142944336,assist,yes
2945,1,0,0.07585818628900447,-2.634030342102051,-0.13403043150901794,assist,no
2946,1,0,0.012431651493486755,-4.468552112579346,-0.09355216473340988,assist,no
2947,1,0,0.005911067586607513,-5.225728511810303,-0.10072829574346542,assist,no
2948,1,0,0.29421496597446145,-1.2417620420455933,-0.3667620122432709,assist,no
2949,1,0,0.0017007222817746488,-6.387207984924316,-0.012207908555865288,assist,no
2950,1,0,0.005911068900024362,-5.159397125244141,-0.03439713269472122,assist,no
2951,1,0,0.005220126080457822,-5.403341293334961,-0.1533413678407669,assist,no
2952,1,0,0.022977369742764476,-3.8183369636535645,-0.06833695620298386,assist,no
2953,1,0,0.006692850503263871,-5.015504837036133,-0.015504773706197739,assist,no
2954,1,0,0.0021827166644098044,-6.155012607574463,-0.03001270815730095,assist,no
2955,1,0,0.005220126196527655,-5.330748081207275,-0.08074817806482315,assist,no
2956,1,1,0.880797081106935,-0.23378297686576843,-2.233783006668091,assist,yes
2957,1,0,0.004070136840053805,-5.562222480773926,-0.06222226470708847,assist,no
2958,1,0,0.0019267343194643127,-6.354073524475098,-0.10407334566116333,assist,no
2959,1,0,0.0008040858368587588,-7.1815595626831055,-0.05655943974852562,assist,no
2960,1,0,0.001700722436734926,-6.491982460021973,-0.11698247492313385,assist,no
2961,1,0,0.06754669020109236,-2.7009928226470947,-0.07599280774593353,assist,no
2962,1,0,0.0009110509909503801,-7.091197490692139,-0.09119726717472076,assist,no
2963,1,0,0.005220125074519377,-5.26737117767334,-0.017371058464050293,assist,no
2964,1,0,0.02931222820745785,-3.6645379066467285,-0.16453781723976135,assist,no
2965,1,0,0.022977370913592487,-3.7904367446899414,-0.04043678939342499,assist,no
2966,1,0,0.0046095725554166815,-5.397504806518555,-0.022504888474941254,assist,no
2967,1,1,0.5621765008857981,-0.6724929809570312,-0.9224929809570312,assist,yes
2968,1,0,0.03308598172565655,-3.5988636016845703,-0.22386370599269867,assist,no
2969,1,0,0.24508501864634827,-1.5675357580184937,-0.44253578782081604,assist,no
2970,1,0,0.0019267346919827415,-6.324472904205322,-0.07447291910648346,assist,no
2971,1,0,0.004070138380328358,-5.569013595581055,-0.06901375949382782,assist,no
2972,1,0,0.002472623707942624,-6.075145244598389,-0.07514546811580658,assist,no
2973,1,0,0.10669060246682488,-2.361941337585449,-0.23694142699241638,assist,no
2974,1,0,0.009708474977211935,-4.731640815734863,-0.10664065927267075,assist,no
2975,1,0,0.0011695100735820523,-6.822967052459717,-0.07296688854694366,assist,no
2976,1,0,0.0010322308715750212,-6.894741058349609,-0.01974089816212654,assist,no
2977,1,0,0.025957358610626615,-3.6563942432403564,-0.03139429911971092,assist,no
2978,1,0,0.0019267344484129915,-6.32459020614624,-0.07459009438753128,assist,no
2979,1,0,0.0028009269463108925,-5.943271160125732,-0.06827115267515182,assist,no
2980,1,0,0.22270013882530884,-1.6597787141799927,-0.4097787141799927,assist,no
2981,1,0,0.002472622945300131,-6.03395414352417,-0.03395405784249306,assist,no
2982,1,0,0.0008040859655596853,-7.160399913787842,-0.03539995104074478,assist,no
2983,1,0,0.002800926374033731,-5.8921918869018555,-0.017191674560308456,assist,no
2984,1,0,0.009708477681302362,-4.651993751525879,-0.026993876323103905,assist,no
2985,1,0,0.022977371582637088,-3.892972230911255,-0.14297230541706085,assist,no
2986,1,1,0.5312093733737563,-0.9478452205657959,-1.072845220565796,assist,yes
2987,1,0,0.01243164989273448,-4.4227094650268555,-0.0477093867957592,assist,no
2988,1,0,0.022977367902892003,-3.8409371376037598,-0.0909370481967926,assist,no
2989,1,0,0.014063628489565516,-4.3553900718688965,-0.10539017617702484,assist,no
2990,1,0,0.0028009272155413247,-5.881232261657715,-0.0062323505990207195,assist,no
2991,1,0,0.005911068834353513,-5.173173904418945,-0.048173900693655014,assist,no
2992,1,0,0.060086652698692546,-2.988490581512451,-0.23849062621593475,assist,no
2993,1,0,0.00970847798573643,-4.6741790771484375,-0.049179233610630035,assist,no
2994,1,0,0.22270013366638422,-1.5133602619171143,-0.26336023211479187,assist,no
2995,1,0,0.0009110512859532796,-7.05728816986084,-0.0572882704436779,assist,no
2996,1,0,0.0028009276226385973,-5.905497074127197,-0.03049730882048607,assist,no
2997,1,0,0.08509903688588204,-2.587383270263672,-0.21238316595554352,assist,no
2998,1,0,0.0009110511469289128,-7.091076850891113,-0.0910767987370491,assist,no
2999,1,0,0.020332352563518168,-3.896899700164795,-0.021899661049246788,assist,no
3000,0,0,0.00013982210009261552,-8.876984596252441,-0.0019847711082547903,assist,no
3001,0,0,0.000709670308121813,-7.252849102020264,-0.0028489737305790186,assist,no
3002,0,0,6.605211619015983e-05,-9.639365196228027,-0.014364762231707573,assist,no
3003,0,0,0.0006263340779532793,-7.377131938934326,-0.0021318108774721622,assist,no
3004,0,0,5.829125480417824e-05,-9.77348518371582,-0.02348499745130539,assist,no
3005,0,0,2.1444943867358563e-05,-10.770859718322754,-0.020859505981206894,assist,no
3006,0,0,8.481107213078565e-05,-9.379804611206055,-0.0048049697652459145,assist,no
3007,0,0,0.00029595720706230514,-8.130054473876953,-0.005054790060967207,assist,no
3008,0,0,0.00043055708212624464,-7.752535343170166,-0.002535345032811165,assist,no
3009,0,0,0.00012339454071010284,-9.003464698791504,-0.0034644128754734993,assist,no
3010,0,0,0.0001398220690070656,-8.889616012573242,-0.014615965075790882,assist,no
3011,0,0,0.0003353502709629923,-8.001335144042969,-0.001335563138127327,assist,no
3012,0,0,9.610243858886361e-05,-9.28019905090332,-0.030199291184544563,assist,no
3013,0,0,4.539785470837203e-05,-10.007750511169434,-0.007750202901661396,assist,no
3014,0,0,6.605217155077032e-05,-9.648704528808594,-0.023704933002591133,assist,no
3015,0,0,0.00012339453937432128,-9.000770568847656,-0.0007702721050009131,assist,no
3016,0,0,0.0003799845396915001,-7.878325939178467,-0.0033260048367083073,assist,no
3017,0,0,3.120191874567623e-05,-10.389334678649902,-0.014334914274513721,assist,no
3018,0,0,0.0001584362157461764,-8.753878593444824,-0.0038785722572356462,assist,no
3019,0,0,0.00023050678294711052,-8.383213996887207,-0.008214261382818222,assist,no
3020,0,0,0.00037998455083474206,-7.8801445960998535,-0.005144691094756126,assist,no
3021,0,0,0.00012339457587132575,-9.00786304473877,-0.007863043807446957,assist,no
3022,0,0,6.605216175501448e-05,-9.627666473388672,-0.0026667292695492506,assist,no
3023,0,0,0.004609572713525456,-5.385723114013672,-0.010723230428993702,assist,no
3024,0,0,7.48462283470204e-05,-9.555305480957031,-0.055305492132902145,assist,no
3025,0,0,0.00010889687514251538,-9.163917541503906,-0.03891722112894058,assist,no
3026,0,0,0.0003799845370383473,-7.883452415466309,-0.008452474139630795,assist,no
3027,0,0,0.006692851156465556,-5.007550239562988,-0.007550274487584829,assist,no
3028,0,0,0.0004305569790166286,-7.753086566925049,-0.0030863292049616575,assist,no
3029,0,0,0.0002034269079707079,-8.507906913757324,-0.007906569167971611,assist,no
3030,0,0,0.0011695101902611897,-6.752652645111084,-0.0026525810826569796,assist,no
3031,0,0,9.610237075261055e-05,-9.262908935546875,-0.012908469885587692,assist,no
3032,0,0,0.0008040858922300851,-7.137312412261963,-0.012312358245253563,assist,no
3033,0,0,9.61024238671397e-05,-9.2562894821167,-0.006289569195359945,assist,no
3034,0,0,4.222832988454741e-06,-12.395695686340332,-0.020695578306913376,assist,no
3035,0,0,0.00048785706011223443,-7.633544445037842,-0.0085443165153265,assist,no
3036,0,0,0.00015843617838374072,-8.753206253051758,-0.0032059960067272186,assist,no
3037,0,0,0.00020342701101387097,-8.509024620056152,-0.009024782106280327,assist,no
3038,0,0,1.3007130428891499e-05,-11.280061721801758,-0.0300618726760149,assist,no
3039,0,0,0.00010889690424634952,-9.132007598876953,-0.007007545791566372,assist,no
3040,0,0,0.000430557162890451,-7.756659030914307,-0.006659220438450575,assist,no
3041,0,0,0.003172682736450196,-5.754032135009766,-0.004032101482152939,assist,no
3042,0,0,0.0009110513757045398,-7.001781940460205,-0.001782139646820724,assist,no
3043,0,0,0.00017952796644222583,-8.626209259033203,-0.001209242851473391,assist,no
3044,0,0,4.539787741173218e-05,-10.023529052734375,-0.02352924458682537,assist,no
3045,0,0,0.00015843621733214376,-8.76009750366211,-0.01009749248623848,assist,no
3046,0,0,0.0003353501501359865,-8.007274627685547,-0.007274686358869076,assist,no
3047,0,0,0.00037998445461374285,-7.886729717254639,-0.011729558929800987,assist,no
3048,0,0,0.0002034270307133051,-8.514756202697754,-0.01475646160542965,assist,no
3049,0,0,5.829125871268376e-05,-9.773482322692871,-0.023482203483581543,assist,no
3050,0,0,8.481102008313506e-05,-9.393415451049805,-0.018415195867419243,assist,no
3051,0,0,0.007577242934666467,-4.8851447105407715,-0.010144932195544243,assist,no
3052,0,0,0.004070138340688933,-5.5062408447265625,-0.006240998860448599,assist,no
3053,0,0,5.1442234629591255e-05,-9.93725299835205,-0.062253404408693314,assist,no
3054,0,0,0.00020342691819925484,-8.555495262145996,-0.055494967848062515,assist,no
3055,0,0,6.605212984577278e-05,-9.632831573486328,-0.007831346243619919,assist,no
3056,0,0,0.0028009267609711173,-5.878506183624268,-0.00350610981695354,assist,no
3057,0,0,0.00013982207747014657,-8.895894050598145,-0.020894063636660576,assist,no
3058,0,0,0.0002305068036585867,-8.377583503723145,-0.0025838580913841724,assist,no
3059,0,0,0.0001233945988525226,-9.007854461669922,-0.007854647003114223,assist,no
3060,0,0,0.00043055702240483133,-7.753721237182617,-0.003721100278198719,assist,no
3061,0,0,0.0003353500692724592,-8.018980026245117,-0.018979843705892563,assist,no
3062,0,0,4.006369334852904e-05,-10.131978988647461,-0.006979016587138176,assist,no
3063,0,0,0.00017952804274418285,-8.625368118286133,-0.0003685271949507296,assist,no
3064,0,0,0.007577242542476868,-4.891271591186523,-0.016271760687232018,assist,no
3065,0,0,0.0001398220819620898,-8.881296157836914,-0.006296203006058931,assist,no
3066,0,0,7.484621252494845e-05,-9.508879661560059,-0.008879461325705051,assist,no
3067,0,0,0.18242552825126704,-1.7444502115249634,-0.24445024132728577,assist,no
3068,0,0,0.00020342691194847609,-8.507146835327148,-0.007146510295569897,assist,no
3069,0,0,0.015906392411575272,-4.145209312438965,-0.020209357142448425,assist,no
3070,0,0,0.0004878571361791216,-7.630041122436523,-0.005041149910539389,assist,no
3071,0,0,4.0063678498862386e-05,-10.173912048339844,-0.04891170561313629,assist,no
3072,0,0,4.0063680886748106e-05,-10.141270637512207,-0.016270354390144348,assist,no
3073,0,0,0.0010322308278792067,-6.877110958099365,-0.0021107555367052555,assist,no
3074,0,0,0.00012339456173789183,-9.016318321228027,-0.01631820574402809,assist,no
3075,0,0,0.00017952803086477157,-8.646102905273438,-0.02110324800014496,assist,no
3076,0,0,7.484619224203292e-05,-9.5186185836792,-0.018618112429976463,assist,no
3077,0,0,0.0013250222200310669,-6.628209590911865,-0.003209441900253296,assist,no
3078,0,0,8.481105104319045e-05,-9.389532089233398,-0.014532199129462242,assist,no
3079,0,0,0.0001398220722620967,-8.882941246032715,-0.007941221818327904,assist,no
3080,0,0,8.48110776988594e-05,-9.379293441772461,-0.004293865989893675,assist,no
3081,0,0,0.00010889691347439611,-9.141403198242188,-0.016403229907155037,assist,no
3082,0,0,0.010986941598356793,-4.512180328369141,-0.012180233374238014,assist,no
3083,0,0,0.0004878571557067423,-7.628252983093262,-0.0032530506141483784,assist,no
3084,0,0,0.00023050669301854655,-8.378935813903809,-0.003935688175261021,assist,no
3085,0,0,0.00029595708058485786,-8.12855052947998,-0.003550418186932802,assist,no
3086,0,0,0.0005527786838745228,-7.502857685089111,-0.002857770072296262,assist,no
3087,0,0,0.0010322311511562505,-6.876099109649658,-0.0010992205934599042,assist,no
3088,0,0,0.00170072209202739,-6.379185676574707,-0.004185488447546959,assist,no
3089,0,0,0.0004305569987567573,-7.767066478729248,-0.017066286876797676,assist,no
3090,0,0,0.00015843619837430244,-8.756342887878418,-0.006342757027596235,assist,no
3091,0,0,0.0002959570024664616,-8.13320541381836,-0.008205038495361805,assist,no
3092,0,0,0.029312230115381685,-3.55385684967041,-0.053856827318668365,assist,no
3093,0,0,0.0003799844701789029,-7.889972686767578,-0.014972569420933723,assist,no
3094,0,0,9.610245322109598e-05,-9.253832817077637,-0.003833209630101919,assist,no
3095,0,0,4.006369013980663e-05,-10.137635231018066,-0.012635178864002228,assist,no
3096,0,0,0.0004305570173946461,-7.757335662841797,-0.007335514295846224,assist,no
3097,0,0,0.0003799844991867027,-7.877457141876221,-0.00245710089802742,assist,no
3098,0,0,0.00043055713994379535,-7.7538065910339355,-0.0038067272398620844,assist,no
3099,0,0,0.00048785718908535167,-7.64199161529541,-0.01699175126850605,assist,no
3100,0,0,0.0035936025414027768,-5.6338582038879395,-0.008858192712068558,assist,no
3101,0,0,0.037326890021390696,-3.303156614303589,-0.053156688809394836,assist,no
3102,0,0,0.0007096703033334567,-7.257650852203369,-0.007650717161595821,assist,no
3103,0,0,0.000295957099735579,-8.141651153564453,-0.016651106998324394,assist,no
3104,0,0,9.61024450324152e-05,-9.253792762756348,-0.0037930700927972794,assist,no
3105,0,0,0.0001398220197910049,-8.887940406799316,-0.012940007261931896,assist,no
3106,0,0,0.00029595705289209073,-8.14171028137207,-0.016710076481103897,assist,no
3107,0,0,0.0002959570094585394,-8.126191139221191,-0.001190787530504167,assist,no
3108,0,0,0.0009110512800193122,-7.012434482574463,-0.012434576638042927,assist,no
3109,0,0,6.605213415159726e-05,-9.632853507995605,-0.007853345945477486,assist,no
3110,0,0,6.605215485031459e-05,-9.630513191223145,-0.005513342563062906,assist,no
3111,0,0,0.0019267349727148265,-6.252745628356934,-0.0027457892429083586,assist,no
3112,0,0,9.610242820758695e-05,-9.255495071411133,-0.005495203658938408,assist,no
3113,0,0,5.829124126012296e-05,-9.756141662597656,-0.00614124396815896,assist,no
3114,0,0,0.0001088968822410108,-9.141427993774414,-0.016427738592028618,assist,no
3115,0,0,0.0013250227265426304,-6.634440898895264,-0.0094411326572299,assist,no
3116,0,0,0.0002959571096553775,-8.14894962310791,-0.02394961006939411,assist,no
3117,0,0,0.00026119028419811384,-8.256436347961426,-0.006436214316636324,assist,no
3118,0,0,0.0007096703059753086,-7.257834434509277,-0.007834303192794323,assist,no
3119,0,0,1.670142951629359e-05,-11.012781143188477,-0.012781602330505848,assist,no
3120,0,0,9.610240583414967e-05,-9.273621559143066,-0.023621458560228348,assist,no
3121,0,0,0.00015843617425285008,-8.759203910827637,-0.009203627705574036,assist,no
3122,0,0,0.0004878571729637101,-7.629312992095947,-0.004313095007091761,assist,no
3123,0,0,8.481106826077716e-05,-9.391313552856445,-0.016313865780830383,assist,no
3124,0,0,0.00013982202695207084,-8.895990371704102,-0.020990023389458656,assist,no
3125,0,0,0.0001233945471448357,-9.004926681518555,-0.004926447756588459,assist,no
3126,0,0,0.00017952797954405214,-8.632076263427734,-0.0070763202384114265,assist,no
3127,0,0,0.00460957244431322,-5.382656574249268,-0.007656631991267204,assist,no
3128,0,0,0.00020342690356675035,-8.50390625,-0.0039058837573975325,assist,no
3129,0,0,0.007577241337894654,-4.885396480560303,-0.01039648987352848,assist,no
3130,0,0,0.00017952791769173875,-8.631311416625977,-0.006311128847301006,assist,no
3131,0,0,0.00048785723756381206,-7.626545429229736,-0.0015456646215170622,assist,no
3132,0,0,0.0010322312561943019,-6.879117488861084,-0.004117701668292284,assist,no
3133,0,0,0.00015843620582466005,-8.761457443237305,-0.011457359418272972,assist,no
3134,0,0,0.0004305570826272633,-7.752069473266602,-0.00206947629339993,assist,no
3135,0,0,0.002182716598487578,-6.127508163452148,-0.002508233767002821,assist,no
3136,0,0,0.0035936030066040714,-5.6295247077941895,-0.004524826537817717,assist,no
3137,0,0,0.0001398221178325398,-8.886371612548828,-0.0113719142973423,assist,no
3138,0,0,0.0002034270287717743,-8.501884460449219,-0.0018847098108381033,assist,no
3139,0,0,1.8925146730280157e-05,-10.884950637817383,-0.009950557723641396,assist,no
3140,0,0,0.0004878570100159514,-7.625837326049805,-0.0008370947907678783,assist,no
3141,0,0,0.00012339455857797796,-9.002725601196289,-0.0027254601009190083,assist,no
3142,0,0,0.0009110512478063475,-7.005355358123779,-0.005355416797101498,assist,no
3143,0,0,0.00013982204892352553,-8.87850570678711,-0.003505515633150935,assist,no
3144,0,0,0.0005527786430979673,-7.502007007598877,-0.0020070187747478485,assist,no
3145,0,0,0.00017952802676914358,-8.632172584533691,-0.007172904442995787,assist,no
3146,0,0,8.481106731301998e-05,-9.382869720458984,-0.00787002220749855,assist,no
3147,0,0,0.0004878571965785091,-7.628475666046143,-0.003475817386060953,assist,no
3148,0,0,5.8291288732186226e-05,-9.75998592376709,-0.009986319579184055,assist,no
3149,0,0,0.00017952793457574653,-8.64608383178711,-0.021083638072013855,assist,no
3150,0,0,3.535623783439785e-05,-10.283817291259766,-0.033816926181316376,assist,no
3151,0,0,0.00033535025347897847,-8.01480484008789,-0.014805207028985023,assist,no
3152,0,0,0.010986943025271824,-4.511280059814453,-0.011280096136033535,assist,no
3153,0,0,0.0021827165508207375,-6.127743244171143,-0.002743292599916458,assist,no
3154,0,0,0.0002305066569344518,-8.376494407653809,-0.0014941253466531634,assist,no
3155,0,0,0.0005527786706253578,-7.506749153137207,-0.0067492141388356686,assist,no
3156,0,0,0.0008040858304985391,-7.131342887878418,-0.006342757027596235,assist,no
3157,0,0,0.0035936027598306173,-5.630060195922852,-0.005060245748609304,assist,no
3158,0,0,0.0013250221115809271,-6.6307501792907715,-0.00574994832277298,assist,no
3159,0,0,6.605214959105594e-05,-9.639493942260742,-0.014494013972580433,assist,no
3160,0,0,0.00043055708212624464,-7.761756420135498,-0.011756421998143196,assist,no
3161,0,0,0.002182716090379402,-6.130941867828369,-0.005941704846918583,assist,no
3162,0,0,0.00033535015224343394,-8.003361701965332,-0.0033617669250816107,assist,no
3163,0,0,0.00017952804906524197,-8.62640380859375,-0.0014042527182027698,assist,no
3164,0,0,2.7535680805735754e-05,-10.526577949523926,-0.026577575132250786,assist,no
3165,0,0,3.1201914067315296e-05,-10.38936996459961,-0.01437005028128624,assist,no
3166,0,0,0.00013982212199898104,-8.891377449035645,-0.016377780586481094,assist,no
3167,0,0,7.484621810100867e-05,-9.504831314086914,-0.004831188358366489,assist,no
3168,0,0,0.0001233946026444205,-9.016599655151367,-0.0165998712182045,assist,no
3169,0,0,0.000179527891864225,-8.63133430480957,-0.006333873141556978,assist,no
3170,0,0,0.00023050678960053793,-8.386507034301758,-0.011507327668368816,assist,no
3171,0,0,0.0007096705059304896,-7.253114700317383,-0.0031148509588092566,assist,no
3172,0,0,5.144222538357007e-05,-9.884979248046875,-0.009979474358260632,assist,no
3173,0,0,0.00029595722235533354,-8.135327339172363,-0.010327707044780254,assist,no
3174,0,0,0.00017952797728727817,-8.628952980041504,-0.0039530242793262005,assist,no
3175,0,0,0.00037998446168881553,-7.891741752624512,-0.016741612926125526,assist,no
3176,0,0,0.00010889695251614035,-9.134998321533203,-0.009998711757361889,assist,no
3177,0,0,0.001032230876376759,-6.879837512969971,-0.004837357439100742,assist,no
3178,0,0,0.00043055706784721475,-7.751008033752441,-0.0010080024367198348,assist,no
3179,0,0,0.0011695105253398035,-6.752542018890381,-0.002542241709306836,assist,no
3180,0,0,0.00037998452642573627,-7.886774063110352,-0.011774093843996525,assist,no
3181,0,0,0.0011695104225315821,-6.753838062286377,-0.0038381970953196287,assist,no
3182,0,0,7.484625566972521e-05,-9.533940315246582,-0.033940691500902176,assist,no
3183,0,0,0.0010322312383078214,-6.87632417678833,-0.0013243722496554255,assist,no
3184,0,0,0.00020342694957153744,-8.501771926879883,-0.0017717868322506547,assist,no
3185,0,0,5.144221585010955e-05,-9.88489055633545,-0.009890597313642502,assist,no
3186,0,0,0.00043055709795843285,-7.756717205047607,-0.006717243697494268,assist,no
3187,0,0,0.0013250224683572715,-6.62982177734375,-0.0048218159936368465,assist,no
3188,0,0,3.1201921360909356e-05,-10.389394760131836,-0.01439507957547903,assist,no
3189,0,0,0.0008040858203970137,-7.130734920501709,-0.005734777078032494,assist,no
3190,0,0,0.0001233945862128638,-9.007912635803223,-0.007912718690931797,assist,no
3191,0,0,0.0004305571133898066,-7.76331901550293,-0.013319090008735657,assist,no
3192,0,0,0.00033535027580231777,-8.006604194641113,-0.006604628171771765,assist,no
3193,0,0,0.001926734761829955,-6.252103328704834,-0.0021033799275755882,assist,no
3194,0,0,8.481100823617811e-05,-9.3960542678833,-0.021053873002529144,assist,no
3195,0,0,0.000804086127184134,-7.138761520385742,-0.013761758804321289,assist,no
3196,0,0,0.00010889693294456291,-9.141521453857422,-0.016521664336323738,assist,no
3197,0,0,0.00020342703587493605,-8.501989364624023,-0.001989648910239339,assist,no
3198,0,0,0.0002959571117220022,-8.130047798156738,-0.005047792103141546,assist,no
3199,0,0,0.004070138520010149,-5.509934425354004,-0.0099346237257123,assist,no
3200,0,0,4.0063689542835054e-05,-10.15149974822998,-0.026499681174755096,assist,no
3201,0,0,0.008577485477071068,-4.759041786193848,-0.009041793644428253,assist,no
3202,0,0,9.61023984956634e-05,-9.253888130187988,-0.0038879532366991043,assist,no
3203,0,0,0.00010889688629729411,-9.148987770080566,-0.023987552151083946,assist,no
3204,0,0,0.00013982207148088922,-8.878018379211426,-0.0030183494091033936,assist,no
3205,0,0,0.00015843624816630294,-8.755614280700684,-0.005614464171230793,assist,no
3206,0,0,9.610245868021688e-05,-9.256269454956055,-0.0062699043191969395,assist,no
3207,0,0,0.0006263341892974486,-7.382734775543213,-0.0077348253689706326,assist,no
3208,0,0,0.00020342691119080595,-8.514699935913086,-0.014699607156217098,assist,no
3209,0,1,0.7981867849406659,-0.23874087631702423,-1.6137409210205078,assist,yes
3210,0,0,0.00015843621519293197,-8.753910064697266,-0.003910040017217398,assist,no
3211,0,0,0.0002959570132129064,-8.136592864990234,-0.011592525988817215,assist,no
3212,0,0,3.535623656671229e-05,-10.255396842956543,-0.005396442022174597,assist,no
3213,0,0,0.00015843629316353162,-8.753995895385742,-0.0039963629096746445,assist,no
3214,0,0,0.002182716738445539,-6.129165172576904,-0.004165307153016329,assist,no
3215,0,0,0.0004305570029653127,-7.754323959350586,-0.0043237772770226,assist,no
3216,0,0,0.003172682827758107,-5.755000114440918,-0.005000109784305096,assist,no
3217,0,0,0.0002305066539565082,-8.378143310546875,-0.003143015317618847,assist,no
3218,0,0,0.0003353501925971516,-8.007322311401367,-0.007322496734559536,assist,no
3219,0,0,0.0002611902927097245,-8.256449699401855,-0.006449598353356123,assist,no
3220,0,0,0.0004305571248130318,-7.755212306976318,-0.005212408024817705,assist,no
3221,0,0,0.00012339452439346033,-9.008079528808594,-0.008079110644757748,assist,no
3222,0,0,8.481101802966242e-05,-9.375747680664062,-0.0007474012672901154,assist,no
3223,0,0,0.02931222799546632,-3.5356509685516357,-0.03565087169408798,assist,no
3224,0,0,0.00013982213501911075,-8.901715278625488,-0.026715703308582306,assist,no
3225,0,0,0.00017952801849430364,-8.652009963989258,-0.02701023779809475,assist,no
3226,0,0,0.00023050670138898422,-8.383068084716797,-0.008067995309829712,assist,no
3227,0,0,0.00017952796633774557,-8.636441230773926,-0.011441214010119438,assist,no
3228,0,0,5.1442198124584636e-05,-9.895699501037598,-0.02069919742643833,assist,no
3229,0,0,1.8925142852762337e-05,-10.879347801208496,-0.004347516223788261,assist,no
3230,0,0,0.0010322311920910785,-6.876599311828613,-0.0015994624700397253,assist,no
3231,0,0,0.00010889694075291205,-9.132962226867676,-0.00796250905841589,assist,no
3232,0,0,0.0003799845426984066,-7.880217552185059,-0.005217625759541988,assist,no
3233,0,0,2.4300244794195434e-05,-10.637655258178711,-0.012655424885451794,assist,no
3234,0,0,0.00023050668657974854,-8.378973007202148,-0.003972853533923626,assist,no
3235,0,0,0.00029595699006671806,-8.141680717468262,-0.01668030023574829,assist,no
3236,0,0,0.0005527785273928995,-7.500934600830078,-0.0009344025747850537,assist,no
3237,0,0,0.00043055707010179837,-7.758363723754883,-0.008363697677850723,assist,no
3238,0,0,0.0010322312045756008,-6.877372741699219,-0.002372904447838664,assist,no
3239,0,0,5.8291260510867796e-05,-9.751672744750977,-0.0016726563917472959,assist,no
3240,0,0,0.0003353501018988607,-8.004132270812988,-0.004132185596972704,assist,no
3241,0,0,0.0005527785643747834,-7.504527568817139,-0.004527437500655651,assist,no
3242,0,0,0.00012339460000158255,-9.00795841217041,-0.007958606816828251,assist,no
3243,0,0,0.0015011825851427676,-6.503386497497559,-0.003386716591194272,assist,no
3244,0,0,0.00033535012359776114,-8.013236999511719,-0.013236979022622108,assist,no
3245,0,0,0.00017952798940699057,-8.636502265930176,-0.011502377688884735,assist,no
3246,0,0,0.00012339453800981325,-9.004989624023438,-0.00498931622132659,assist,no
3247,0,0,2.1444946184079603e-05,-10.779886245727539,-0.029886141419410706,assist,no
3248,0,0,9.610238793540363e-05,-9.257959365844727,-0.007959078997373581,assist,no
3249,0,0,0.0002611904172224611,-8.254048347473145,-0.004048723261803389,assist,no
3250,0,0,0.18242551713899047,-1.7443149089813232,-0.24431486427783966,assist,no
3251,0,0,0.0006263340587158072,-7.381799221038818,-0.0067990622483193874,assist,no
3252,0,0,0.00043055703082194285,-7.757411956787109,-0.0074118394404649734,assist,no
3253,0,0,0.00029595718680937695,-8.146268844604492,-0.021269092336297035,assist,no
3254,0,0,0.00013982208280839792,-8.880036354064941,-0.00503640528768301,assist,no
3255,0,0,0.0002959572182220825,-8.159529685974121,-0.03453003987669945,assist,no
3256,0,0,0.00970847572038903,-4.639851093292236,-0.014851014129817486,assist,no
3257,0,0,0.00026119020750243435,-8.250373840332031,-0.0003734129713848233,assist,no
3258,0,0,0.00017952798735917702,-8.627767562866211,-0.0027676632162183523,assist,no
3259,0,0,0.00020342705079157657,-8.5072660446167,-0.007266402244567871,assist,no
3260,0,0,0.0002611903277289257,-8.25721263885498,-0.007212671916931868,assist,no
3261,0,0,0.0001795278901089572,-8.628440856933594,-0.0034404154866933823,assist,no
3262,0,0,0.00020342694159232246,-8.507143020629883,-0.007142841350287199,assist,no
3263,0,0,0.00015843614666440444,-8.761714935302734,-0.011714478023350239,assist,no
3264,0,0,0.00012339458219115448,-9.016430854797363,-0.01643090508878231,assist,no
3265,0,0,0.0002959571683475253,-8.132306098937988,-0.00730628427118063,assist,no
3266,0,0,0.00010889690404353531,-9.137803077697754,-0.012803022749722004,assist,no
3267,0,0,0.0002034268836305566,-8.501611709594727,-0.0016112453304231167,assist,no
3268,0,0,0.00013982202968629615,-8.883947372436523,-0.008947043679654598,assist,no
3269,0,0,0.0002305067586942963,-8.382128715515137,-0.007128874771296978,assist,no
3270,0,0,8.481106889261526e-05,-9.385123252868652,-0.010123573243618011,assist,no
3271,0,0,0.0001233946116070887,-9.009023666381836,-0.009023955091834068,assist,no
3272,0,0,0.0006263341831764336,-7.3846354484558105,-0.009635488502681255,assist,no
3273,0,0,2.7535688524549224e-05,-10.51431655883789,-0.014316464774310589,assist,no
3274,0,0,0.00037998455048098825,-7.879117488861084,-0.0041175829246640205,assist,no
3275,0,0,0.00017952788760143182,-8.630019187927246,-0.005018732510507107,assist,no
3276,0,0,0.0015011820710708458,-6.507250785827637,-0.007250661961734295,assist,no
3277,0,0,0.001169510333594319,-6.753363609313965,-0.0033636679872870445,assist,no
3278,0,0,0.0017007224707313148,-6.37722110748291,-0.0022211424075067043,assist,no
3279,0,0,6.605216733721111e-05,-9.63201904296875,-0.007019383367151022,assist,no
3280,0,0,0.0003353502625331998,-8.011913299560547,-0.011913693509995937,assist,no
3281,0,0,9.610241093529294e-05,-9.257944107055664,-0.007944059558212757,assist,no
3282,0,0,0.0011695100926206055,-6.752084732055664,-0.002084584441035986,assist,no
3283,0,0,0.0031726828027220664,-5.755996227264404,-0.0059962146915495396,assist,no
3284,0,0,0.00048785716694647776,-7.6273016929626465,-0.0023017835337668657,assist,no
3285,0,0,7.484625427570941e-05,-9.523636817932129,-0.02363717555999756,assist,no
3286,0,0,5.8291260775506205e-05,-9.754273414611816,-0.004273330792784691,assist,no
3287,0,0,0.002472623194537185,-6.0042500495910645,-0.004250064957886934,assist,no
3288,0,0,0.005911069644294039,-5.134489059448242,-0.009489193558692932,assist,no
3289,0,0,0.0040701371496187425,-5.521968841552734,-0.021968701854348183,assist,no
3290,0,0,0.002472622725925602,-6.0050811767578125,-0.00508100213482976,assist,no
3291,0,0,0.0003799844746008234,-7.8809919357299805,-0.00599183002486825,assist,no
3292,0,0,0.00023050682567123923,-8.375876426696777,-0.0008768765837885439,assist,no
3293,0,0,0.00013982204797956664,-8.879300117492676,-0.0042999195866286755,assist,no
3294,0,0,5.829127630096181e-05,-9.754210472106934,-0.004210654646158218,assist,no
3295,0,0,0.0013250226045361775,-6.635564804077148,-0.010564945638179779,assist,no
3296,0,0,0.0008040860980019395,-7.128529071807861,-0.0035292739048600197,assist,no
3297,0,0,4.006370273217803e-05,-10.131049156188965,-0.006049418356269598,assist,no
3298,0,0,9.610241375434588e-05,-9.254313468933105,-0.004313450772315264,assist,no
3299,0,0,0.0024726229659741716,-6.006699085235596,-0.00669900793582201,assist,no
3300,0,0,8.481106543725064e-05,-9.37889289855957,-0.003893178189173341,assist,no
3301,0,0,0.00012339462821100782,-9.001500129699707,-0.001500552985817194,assist,no
3302,0,0,0.002800926520354585,-5.878175735473633,-0.0031755755189806223,assist,no
3303,0,0,8.481106379842062e-05,-9.379303932189941,-0.004304192494601011,assist,no
3304,0,0,0.000487857045012391,-7.6269731521606445,-0.0019729926716536283,assist,no
3305,0,0,0.00010889694845985457,-9.132878303527832,-0.00787865649908781,assist,no
3306,0,0,0.00017952795177319662,-8.626678466796875,-0.0016783688915893435,assist,no
3307,0,0,7.484626047907991e-05,-9.51013469696045,-0.010135137476027012,assist,no
3308,0,0,0.0006263342298127402,-7.378620147705078,-0.0036202622577548027,assist,no
3309,0,0,0.0002305067739327899,-8.391563415527344,-0.016563640907406807,assist,no
3310,0,0,2.753568690898344e-05,-10.51270866394043,-0.01270851120352745,assist,no
3311,0,0,0.0028009273130885897,-5.884602069854736,-0.009602193720638752,assist,no
3312,0,0,0.0003353501623123495,-8.006637573242188,-0.006637668237090111,assist,no
3313,0,0,0.0004305571390419617,-7.759286880493164,-0.009287014603614807,assist,no
3314,0,0,0.0013250226911114625,-6.628724575042725,-0.0037247820291668177,assist,no
3315,0,0,0.00037998446504947504,-7.878384590148926,-0.0033844592981040478,assist,no
3316,0,0,7.484625880626085e-05,-9.502947807312012,-0.002948225475847721,assist,no
3317,0,0,0.001032231082851512,-6.8778300285339355,-0.0028300732374191284,assist,no
3318,0,0,0.00043055712942240344,-7.759289264678955,-0.009289376437664032,assist,no
3319,0,0,0.000379984522622884,-7.878444671630859,-0.00344469235278666,assist,no
3320,0,0,0.00037998449522908353,-7.875584125518799,-0.0005840741214342415,assist,no
3321,0,0,0.0002305068297357329,-8.378995895385742,-0.0039963629096746445,assist,no
3322,0,0,4.0063698460098995e-05,-10.137740135192871,-0.012740290723741055,assist,no
3323,0,0,7.484621939047265e-05,-9.506913185119629,-0.0069130766205489635,assist,no
3324,0,0,0.000804086127184134,-7.149751663208008,-0.024751901626586914,assist,no
3325,0,0,0.00010889688406633827,-9.132878303527832,-0.00787806510925293,assist,no
3326,0,0,0.00010889687387492697,-9.132081031799316,-0.007080699782818556,assist,no
3327,0,0,0.0002611903831760038,-8.256487846374512,-0.00648809177801013,assist,no
3328,0,0,5.8291274129569164e-05,-9.758867263793945,-0.008867409080266953,assist,no
3329,0,0,0.00033535028719814883,-8.005793571472168,-0.005794038996100426,assist,no
3330,0,0,0.001032230858130155,-6.885183811187744,-0.010183637961745262,assist,no
3331,0,0,4.0063703273183706e-05,-10.148425102233887,-0.023425377905368805,assist,no
3332,0,0,0.0001584361921041998,-8.761465072631836,-0.011464902199804783,assist,no
3333,0,0,0.00023050682039947037,-8.380263328552246,-0.005263755563646555,assist,no
3334,0,0,0.00012339453370084066,-9.01138687133789,-0.011386528611183167,assist,no
3335,0,0,0.00010889688771699331,-9.137879371643066,-0.01287916675209999,assist,no
3336,0,0,0.00020342702768262283,-8.503517150878906,-0.0035173948854207993,assist,no
3337,0,0,0.0003799845570254321,-7.882476806640625,-0.0074769179336726665,assist,no
3338,0,0,0.00029595705716311437,-8.132341384887695,-0.007341194432228804,assist,no
3339,0,0,0.00048785704047108483,-7.627821445465088,-0.0028212766628712416,assist,no
3340,0,0,0.00023050680108306623,-8.381342887878418,-0.0063432310707867146,assist,no
3341,0,0,0.0002611903077874355,-8.252861022949219,-0.0028609796427190304,assist,no
3342,0,0,0.0002034269044664836,-8.504928588867188,-0.004928227048367262,assist,no
3343,0,0,0.00020342701877999384,-8.510309219360352,-0.010309419594705105,assist,no
3344,0,0,0.00023050666232694446,-8.383089065551758,-0.00808880664408207,assist,no
3345,0,0,0.00012339452281350387,-9.00192928314209,-0.0019288521725684404,assist,no
3346,0,0,0.0021827161410887955,-6.129449844360352,-0.00444970466196537,assist,no
3347,0,0,6.605216859820325e-05,-9.641411781311035,-0.016412140801548958,assist,no
3348,0,0,0.0011695103444734943,-6.754429817199707,-0.004429885186254978,assist,no
3349,0,0,0.0003799845466339166,-7.876123428344727,-0.0011235122801735997,assist,no
3350,0,0,0.0005527786990531783,-7.50223970413208,-0.002239816589280963,assist,no
3351,0,0,1.8925157085019145e-05,-10.882649421691895,-0.007649888750165701,assist,no
3352,0,0,0.00026119037904179146,-8.255752563476562,-0.005752793047577143,assist,no
3353,0,0,7.484625357870153e-05,-9.516267776489258,-0.01626812480390072,assist,no
3354,0,0,0.0005527786975739026,-7.501765251159668,-0.0017653609393164515,assist,no
3355,0,0,0.00043055700717386825,-7.757403373718262,-0.007403201423585415,assist,no
3356,0,0,6.605217035128994e-05,-9.629798889160156,-0.004799275193363428,assist,no
3357,0,0,0.0004878571395851019,-7.630948543548584,-0.005948578007519245,assist,no
3358,0,0,0.00020342696441714,-8.505036354064941,-0.005036287009716034,assist,no
3359,0,0,0.0006263340654197747,-7.381213188171387,-0.006213040091097355,assist,no
3360,0,0,0.003593603341749127,-5.635490417480469,-0.010490629822015762,assist,no
3361,0,0,0.00043055701478934974,-7.7633185386657715,-0.013318384066224098,assist,no
3362,0,0,0.00020342700779377135,-8.505704879760742,-0.005705025978386402,assist,no
3363,0,0,0.0006263340656383824,-7.375878810882568,-0.000878663151524961,assist,no
3364,0,0,0.0008040860418823376,-7.1315598487854,-0.006559981033205986,assist,no
3365,0,0,0.0009110513639425678,-7.007108211517334,-0.0071083977818489075,assist,no
3366,0,0,0.00017952791902908584,-8.63003158569336,-0.005031305365264416,assist,no
3367,0,0,0.0001795279023122479,-8.635191917419434,-0.010191543959081173,assist,no
3368,0,0,9.610242453834288e-05,-9.258015632629395,-0.008015726692974567,assist,no
3369,0,0,0.002472622667349161,-6.0047221183776855,-0.004721920005977154,assist,no
3370,0,0,0.00132502241105122,-6.631285190582275,-0.0062851859256625175,assist,no
3371,0,0,0.00015843621991395112,-8.7570161819458,-0.007016187068074942,assist,no
3372,0,0,4.539784759507764e-05,-10.003713607788086,-0.0037131428252905607,assist,no
3373,0,0,0.00010889692381792179,-9.146018028259277,-0.02101815491914749,assist,no
3374,0,0,0.00013982207460571912,-8.881285667419434,-0.006285659968852997,assist,no
3375,0,0,0.0005527786883766663,-7.5445780754089355,-0.04457816854119301,assist,no
3376,0,0,0.00012339453709056577,-9.002423286437988,-0.002422971185296774,assist,no
3377,0,0,0.0004878572149708053,-7.6281023025512695,-0.003102491609752178,assist,no
3378,0,0,0.0420877310696113,-3.170698881149292,-0.04569895938038826,assist,no
3379,0,0,1.1478773461547862e-05,-11.383695602416992,-0.00869606714695692,assist,no
3380,0,0,0.0002305066705900677,-8.378680229187012,-0.0036800061352550983,assist,no
3381,0,0,0.00015843617218740477,-8.754866600036621,-0.004866303876042366,assist,no
3382,0,0,0.001501182463168457,-6.501607418060303,-0.0016075557796284556,assist,no
3383,0,0,2.144494171041161e-05,-10.820145606994629,-0.07014529407024384,assist,no
3384,0,0,0.0004878570464883156,-7.631657600402832,-0.006657443940639496,assist,no
3385,0,0,0.0001233945282428089,-9.0062894821167,-0.006289095152169466,assist,no
3386,0,0,5.829127505241104e-05,-9.761384010314941,-0.011384171433746815,assist,no
3387,0,0,0.0002611904214782686,-8.258111000061035,-0.00811139214783907,assist,no
3388,0,0,0.00026119025829850017,-8.255022048950195,-0.005021816119551659,assist,no
3389,0,0,8.481105009543348e-05,-9.391341209411621,-0.016341308131814003,assist,no
3390,0,0,0.0004878570632911488,-7.630322456359863,-0.005322334356606007,assist,no
3391,0,0,9.610242221150526e-05,-9.258902549743652,-0.00890261959284544,assist,no
3392,0,0,0.0011695100643347549,-6.756120681762695,-0.006120509933680296,assist,no
3393,0,0,0.004609571611037346,-5.38007116317749,-0.0050710393115878105,assist,no
3394,0,0,0.0002034269295643076,-8.51324462890625,-0.013244390487670898,assist,no
3395,0,0,0.0002611903293096536,-8.255640029907227,-0.005640069022774696,assist,no
3396,0,0,0.0006263340607561451,-7.379837512969971,-0.004837357439100742,assist,no
3397,0,0,0.0002034269778657889,-8.503125190734863,-0.0031251898035407066,assist,no
3398,0,0,0.00013982211210368327,-8.891425132751465,-0.016425393521785736,assist,no
3399,0,0,0.001926734212007087,-6.25402307510376,-0.0040228404104709625,assist,no
3400,0,0,0.006692849809817602,-5.011308670043945,-0.011308502405881882,assist,no
3401,0,0,0.0017007227351916213,-6.378696918487549,-0.0036971091758459806,assist,no
3402,0,0,0.0019267342446919924,-6.253613471984863,-0.003613254288211465,assist,no
3403,0,0,0.00033535007473621043,-8.0033597946167,-0.00335962837561965,assist,no
3404,0,0,0.00043055698167202656,-7.751286506652832,-0.0012862751027569175,assist,no
3405,0,0,0.0005527787141032016,-7.5106987953186035,-0.010698935016989708,assist,no
3406,0,0,0.0021827168702900036,-6.129481315612793,-0.004481510724872351,assist,no
3407,0,0,0.00015843628021760633,-8.750426292419434,-0.0004266782198101282,assist,no
3408,0,0,5.14421957292439e-05,-9.891419410705566,-0.01641906052827835,assist,no
3409,0,0,8.48110066763289e-05,-9.378826141357422,-0.0038257280830293894,assist,no
3410,0,0,0.00026119035435811307,-8.255066871643066,-0.0050670066848397255,assist,no
3411,0,0,0.0003799846014215271,-7.888387203216553,-0.013387431390583515,assist,no
3412,0,0,9.610244753824095e-05,-9.260098457336426,-0.010098790749907494,assist,no
3413,0,0,0.0002611903040180077,-8.263023376464844,-0.013023318722844124,assist,no
3414,0,0,0.00010889689806051652,-9.145916938781738,-0.020916828885674477,assist,no
3415,0,0,0.0010322308475663319,-6.881044387817383,-0.006044204346835613,assist,no
3416,0,0,0.0006263340350333138,-7.376931190490723,-0.0019309938652440906,assist,no
3417,0,0,8.481106652322237e-05,-9.395767211914062,-0.02076750434935093,assist,no
3418,0,0,0.00037998444506239496,-7.878068923950195,-0.0030687404796481133,assist,no
3419,0,0,0.00037998453586653814,-7.875604629516602,-0.0006046851049177349,assist,no
3420,0,0,0.00048785706987604317,-7.630992412567139,-0.005992304068058729,assist,no
3421,0,0,0.0109869404851608,-4.511621475219727,-0.011621277779340744,assist,no
3422,0,0,4.539784891626894e-05,-10.023470878601074,-0.0234704427421093,assist,no
3423,0,0,0.0015011819143714287,-6.501885414123535,-0.0018851857166737318,assist,no
3424,0,0,0.00010889687047779009,-9.136378288269043,-0.011377925053238869,assist,no
3425,0,0,0.0003353499927799513,-8.008338928222656,-0.008338517509400845,assist,no
3426,0,0,6.605216804459695e-05,-9.637752532958984,-0.012752884067595005,assist,no
3427,0,0,0.00010889693172767739,-9.155009269714355,-0.030009469017386436,assist,no
3428,0,0,0.000123394545449973,-9.001696586608887,-0.0016963391099125147,assist,no
3429,0,0,0.0001088968700721618,-9.139467239379883,-0.014466872438788414,assist,no
3430,0,0,3.120191790299005e-05,-10.391218185424805,-0.0162183940410614,assist,no
3431,0,0,0.0005527787403442687,-7.508507251739502,-0.00850743893533945,assist,no
3432,0,0,0.0010322311836880344,-6.879047393798828,-0.004047536291182041,assist,no
3433,0,0,0.00029595717027637537,-8.136699676513672,-0.011699868366122246,assist,no
3434,0,0,0.00020342690849160612,-8.503582000732422,-0.0035816587042063475,assist,no
3435,0,0,0.00017952803470964692,-8.63514232635498,-0.010142690502107143,assist,no
3436,0,0,0.0007096703271101228,-7.25709867477417,-0.007098573260009289,assist,no
3437,0,0,7.484622611659597e-05,-9.509956359863281,-0.009956341236829758,assist,no
3438,0,0,0.025957355172740986,-3.6555075645446777,-0.030507484450936317,assist,no
3439,0,0,0.00043055717110715777,-7.758321285247803,-0.008321493864059448,assist,no
3440,0,0,0.029312231334333076,-3.53005051612854,-0.03005053661763668,assist,no
3441,0,0,0.0006263340625050063,-7.394548416137695,-0.019548263400793076,assist,no
3442,0,0,0.0009110512480182749,-7.002988815307617,-0.002988874213770032,assist,no
3443,0,0,8.481106494362713e-05,-9.39608383178711,-0.021084105595946312,assist,no
3444,0,0,0.001700722816229541,-6.385013580322266,-0.010013818740844727,assist,no
3445,0,0,0.0010322308169552535,-6.876877307891846,-0.001877094735391438,assist,no
3446,0,0,0.0007096703482449376,-7.258716583251953,-0.00871651154011488,assist,no
3447,0,0,0.0007096704142912377,-7.25874662399292,-0.008746645413339138,assist,no
3448,0,0,0.00015843623887179498,-8.754901885986328,-0.0049020107835531235,assist,no
3449,0,0,0.0006263343051595303,-7.376954078674316,-0.001954313600435853,assist,no
3450,0,0,3.53562359904916e-05,-10.283815383911133,-0.033814966678619385,assist,no
3451,0,0,7.484623726871884e-05,-9.50551700592041,-0.005517136305570602,assist,no
3452,0,0,0.00013982201640577385,-8.88288688659668,-0.007886462844908237,assist,no
3453,0,0,0.001700722542677164,-6.381157398223877,-0.006157475523650646,assist,no
3454,0,0,0.00013982206282250678,-8.881996154785156,-0.00699606304988265,assist,no
3455,0,0,0.00029595722814188495,-8.136743545532227,-0.011743932962417603,assist,no
3456,0,0,0.0004305570849319489,-7.759325981140137,-0.00932598952203989,assist,no
3457,0,0,0.0001398220822875929,-8.880596160888672,-0.00559620838612318,assist,no
3458,0,0,0.0001584361617126469,-8.759082794189453,-0.0090824319049716,assist,no
3459,0,0,0.0003799845067924067,-7.880877494812012,-0.00587747385725379,assist,no
3460,0,0,0.00010889689724925978,-9.14140510559082,-0.01640498824417591,assist,no
3461,0,0,0.005911069753745469,-5.142273426055908,-0.01727357879281044,assist,no
3462,0,0,0.0011695101258020842,-6.7752604484558105,-0.025260329246520996,assist,no
3463,0,0,0.0002959572264885845,-8.1381254196167,-0.013125801458954811,assist,no
3464,0,0,0.0011695102802863598,-6.767971992492676,-0.017972005531191826,assist,no
3465,0,0,0.00026119027070113177,-8.260289192199707,-0.010289006866514683,assist,no
3466,0,0,0.00012339463045167525,-9.006987571716309,-0.0069880131632089615,assist,no
3467,0,0,2.1444948321055265e-05,-10.757772445678711,-0.007772441022098064,assist,no
3468,0,0,0.00043055718300635213,-7.750693321228027,-0.0006935574929229915,assist,no
3469,0,0,0.00026119037247568957,-8.254610061645508,-0.004610266070812941,assist,no
3470,0,0,5.82912437029383e-05,-9.752635955810547,-0.002635579090565443,assist,no
3471,0,0,0.00017952802635122234,-8.636617660522461,-0.011617978103458881,assist,no
3472,0,0,5.829124807286381e-05,-9.76004409790039,-0.01004379615187645,assist,no
3473,0,0,0.0005527786245748641,-7.509617328643799,-0.009617306292057037,assist,no
3474,0,0,0.08509904268669496,-2.4789350032806396,-0.10393497347831726,assist,no
3475,0,0,5.8291259038392564e-05,-9.76623821258545,-0.016238098964095116,assist,no
3476,0,0,0.0021827169088291564,-6.128625869750977,-0.003626082558184862,assist,no
3477,0,0,9.61024561520174e-05,-9.252363204956055,-0.0023636280093342066,assist,no
3478,0,0,0.0004878571701821593,-7.6261115074157715,-0.0011116046225652099,assist,no
3479,0,0,0.00015843628726225502,-8.75795841217041,-0.007958842441439629,assist,no
3480,0,0,0.0004878571927183976,-7.6463236808776855,-0.021323824301362038,assist,no
3481,0,0,8.48110622978052e-05,-9.378778457641602,-0.00377870025113225,assist,no
3482,0,0,0.0001088968649004014,-9.126920700073242,-0.0019202856346964836,assist,no
3483,0,0,0.0001584362620342999,-8.764715194702148,-0.01471546571701765,assist,no
3484,0,0,0.0006263341624815735,-7.379389762878418,-0.004389769863337278,assist,no
3485,0,0,0.0015011820012715488,-6.502863883972168,-0.002863713540136814,assist,no
3486,0,0,0.000108896920116562,-9.129287719726562,-0.004287812393158674,assist,no
3487,0,0,8.481103919622915e-05,-9.437532424926758,-0.06253239512443542,assist,no
3488,0,0,0.003172683070754979,-5.754587173461914,-0.004587245639413595,assist,no
3489,0,0,0.00023050661328477751,-8.381488800048828,-0.006488328333944082,assist,no
3490,0,0,0.0003353500589693857,-8.004623413085938,-0.004623199813067913,assist,no
3491,0,0,0.01098694354139007,-4.531224727630615,-0.03122481144964695,assist,no
3492,0,0,0.0002611903297960315,-8.260290145874023,-0.01029018685221672,assist,no
3493,0,0,0.0002305068181458898,-8.385356903076172,-0.010357320308685303,assist,no
3494,0,0,0.006692850639476539,-5.0129218101501465,-0.012921767309308052,assist,no
3495,0,0,0.000552778554084172,-7.502856731414795,-0.0028565814718604088,assist,no
3496,0,0,0.00017952789428816627,-8.637996673583984,-0.012996255420148373,assist,no
3497,0,0,0.00020342704586671735,-8.512910842895508,-0.012911176308989525,assist,no
3498,0,0,0.00012339453117291013,-9.026837348937988,-0.02683698572218418,assist,no
3499,0,0,0.00010889686520462258,-9.13402271270752,-0.009022301062941551,assist,no
3500,0,0,0.0002611902091743573,-8.254512786865234,-0.004512365907430649,assist,no
3501,0,0,0.00037998448017244346,-7.8787407875061035,-0.003740696469321847,assist,no
3502,0,0,0.00017952794544169292,-8.626959800720215,-0.0019596675410866737,assist,no
3503,0,0,0.0005527786143807262,-7.500747203826904,-0.0007471630233339965,assist,no
3504,0,0,0.0003799844317081961,-7.8787431716918945,-0.0037429530639201403,assist,no
3505,0,0,0.033085976958581766,-3.4211909770965576,-0.046190932393074036,assist,no
3506,0,0,0.0001233945626571395,-9.018586158752441,-0.01858605071902275,assist,no
3507,0,0,0.0002611902635270605,-8.25711441040039,-0.007114197593182325,assist,no
3508,0,0,0.003593603408444664,-5.644106864929199,-0.019107095897197723,assist,no
3509,0,0,7.484622618629672e-05,-9.50696849822998,-0.006968480534851551,assist,no
3510,0,0,9.610242221150526e-05,-9.258862495422363,-0.008862565271556377,assist,no
3511,0,0,9.610239994993655e-05,-9.252408981323242,-0.002408819505944848,assist,no
3512,0,0,0.00020342692620214608,-8.503242492675781,-0.003242237726226449,assist,no
3513,0,0,0.003172682104658432,-5.756810188293457,-0.00680995499715209,assist,no
3514,0,0,0.0004305571067763606,-7.754767894744873,-0.004767953883856535,assist,no
3515,0,0,0.00023050663474743132,-8.38138198852539,-0.006381609942764044,assist,no
3516,0,0,0.00020342698934923103,-8.501795768737793,-0.0017958242679014802,assist,no
3517,0,0,7.484619726048575e-05,-9.514445304870605,-0.014444900676608086,assist,no
3518,0,0,0.0002959571953514282,-8.130764961242676,-0.005765237845480442,assist,no
3519,0,0,0.0005527785308016642,-7.503639221191406,-0.0036390291061252356,assist,no
3520,0,0,0.00012339461809927828,-9.005521774291992,-0.005522115621715784,assist,no
3521,0,0,0.0007096705498100093,-7.250875473022461,-0.0008756855386309326,assist,no
3522,0,0,0.002182716378408772,-6.1389689445495605,-0.013968913815915585,assist,no
3523,0,0,0.0002959571537433747,-8.129547119140625,-0.004547255113720894,assist,no
3524,0,0,0.00013982201946550191,-8.882006645202637,-0.007006243336945772,assist,no
3525,0,0,0.0001795279008077326,-8.637929916381836,-0.012929534539580345,assist,no
3526,0,0,0.00026119026860362785,-8.251514434814453,-0.0015142414486035705,assist,no
3527,0,0,0.00029595699061781775,-8.130197525024414,-0.005197109654545784,assist,no
3528,0,0,0.01798621308753046,-4.020761489868164,-0.02076166681945324,assist,no
3529,0,0,0.0002611904367991761,-8.268752098083496,-0.018752548843622208,assist,no
3530,0,0,0.0002034270223789289,-8.511554718017578,-0.011554935947060585,assist,no
3531,0,0,0.002800927032152477,-5.880065441131592,-0.005065464414656162,assist,no
3532,0,0,4.006369310600932e-05,-10.131876945495605,-0.006876967381685972,assist,no
3533,0,0,0.00010889686611728616,-9.133929252624512,-0.00892884936183691,assist,no
3534,0,0,0.00010889695874000412,-9.126219749450684,-0.0012201968347653747,assist,no
3535,0,0,0.003593602664789494,-5.633498668670654,-0.008498691953718662,assist,no
3536,0,0,0.00017952798965774322,-8.628486633300781,-0.0034867464564740658,assist,no
3537,0,0,0.00017952798439193704,-8.628973007202148,-0.003973091021180153,assist,no
3538,0,0,0.00012339454886842492,-9.016497611999512,-0.01649739220738411,assist,no
3539,0,0,8.481106178443676e-05,-9.393516540527344,-0.018516777083277702,assist,no
3540,0,0,0.010986943419950481,-4.524929046630859,-0.024929119274020195,assist,no
3541,0,0,0.00013982204075339903,-8.889670372009277,-0.014670122414827347,assist,no
3542,0,0,0.00048785711577162353,-7.625710964202881,-0.0007109498255886137,assist,no
3543,0,0,8.481102257099626e-05,-9.38040828704834,-0.0054080612026154995,assist,no
3544,0,0,0.00017952802656018296,-8.627551078796387,-0.002551397541537881,assist,no
3545,0,0,0.0008040859658402835,-7.1269330978393555,-0.0019331354415044188,assist,no
3546,0,0,0.00043055718147824506,-7.750852108001709,-0.0008523407159373164,assist,no
3547,0,0,0.0009110512399650339,-7.003031253814697,-0.003031303873285651,assist,no
3548,0,0,4.539787419859299e-05,-10.004779815673828,-0.004779936745762825,assist,no
3549,0,0,2.144495305435727e-05,-10.793139457702637,-0.04313967376947403,assist,no
3550,0,0,0.00017952801214190153,-8.633027076721191,-0.008027315139770508,assist,no
3551,0,0,0.00015843615802435207,-8.757122039794922,-0.007121654227375984,assist,no
3552,0,0,9.610242534238834e-05,-9.25018310546875,-0.00018320789968129247,assist,no
3553,0,0,5.144221278407237e-05,-9.895759582519531,-0.020759563893079758,assist,no
3554,0,0,0.00033535028079775044,-8.005236625671387,-0.005237074103206396,assist,no
3555,0,0,4.53978807939842e-05,-10.023615837097168,-0.02361610345542431,assist,no
3556,0,0,0.0011695100624308998,-6.752313137054443,-0.0023129635956138372,assist,no
3557,0,0,0.00013982207760034784,-8.889554977416992,-0.014554991386830807,assist,no
3558,0,0,9.610239661629505e-05,-9.257903099060059,-0.00790290255099535,assist,no
3559,0,0,0.00048785721587906686,-7.626852035522461,-0.0018522264435887337,assist,no
3560,0,0,0.012431650818883986,-4.388675689697266,-0.013675686903297901,assist,no
3561,0,0,0.00015843628888510608,-8.758927345275879,-0.0089277857914567,assist,no
3562,0,0,0.0024726235810269516,-6.003571033477783,-0.0035712055396288633,assist,no
3563,0,0,0.0009110510922516524,-7.003045558929443,-0.003045446705073118,assist,no
3564,0,0,0.000123394633669044,-9.012900352478027,-0.0129008200019598,assist,no
3565,0,0,0.008577485619629007,-4.777960300445557,-0.02796032465994358,assist,no
3566,0,0,0.0008040860568475644,-7.137362957000732,-0.01236310787498951,assist,no
3567,0,0,0.000203427030808014,-8.503958702087402,-0.003958961460739374,assist,no
3568,0,0,5.8291242644384973e-05,-9.761223793029785,-0.01122339814901352,assist,no
3569,0,0,0.000295957125189507,-8.126932144165039,-0.0019321836298331618,assist,no
3570,0,0,0.00013982205989297898,-8.877715110778809,-0.0027149980887770653,assist,no
3571,0,0,0.0006263342085349248,-7.379426956176758,-0.004427036736160517,assist,no
3572,0,0,0.00015843615212308046,-8.773764610290527,-0.02376418747007847,assist,no
3573,0,0,0.00043055704204475833,-7.758328914642334,-0.008328823372721672,assist,no
3574,0,0,0.0003353502316239624,-8.009268760681152,-0.00926906242966652,assist,no
3575,0,0,4.5397872845692356e-05,-10.013120651245117,-0.0131207425147295,assist,no
3576,0,0,0.0004305569987567573,-7.7593092918396,-0.009309099987149239,assist,no
3577,0,0,0.0019267348983902195,-6.253199100494385,-0.003199222730472684,assist,no
3578,0,0,6.605217179681759e-05,-9.655017852783203,-0.030018260702490807,assist,no
3579,0,0,0.0002034270269249523,-8.512954711914062,-0.01295495219528675,assist,no
3580,0,0,0.00026119033076878715,-8.25584602355957,-0.005846068263053894,assist,no
3581,0,0,0.0003799845418140224,-7.880861759185791,-0.005861830431967974,assist,no
3582,0,0,0.03732689082456911,-3.3144400119781494,-0.06444010883569717,assist,no
3583,0,0,0.0005527786978954842,-7.505477428436279,-0.005477538798004389,assist,no
3584,0,0,0.00015843627059114972,-8.756194114685059,-0.0061944397166371346,assist,no
3585,0,0,9.610239795870101e-05,-9.25782585144043,-0.007825668901205063,assist,no
3586,0,0,0.01590639016651025,-4.152749538421631,-0.02774943970143795,assist,no
3587,0,0,0.0002611902227929307,-8.305580139160156,-0.0555797703564167,assist,no
3588,0,0,0.0008040859062599825,-7.127503395080566,-0.0025033585261553526,assist,no
3589,0,0,0.0004305571522688548,-7.76497745513916,-0.014977619983255863,assist,no
3590,0,0,0.0019267347609344778,-6.253294467926025,-0.003294518683105707,assist,no
3591,0,0,9.61024497308385e-05,-9.255454063415527,-0.005454419646412134,assist,no
3592,0,0,0.001032230888381104,-6.879477500915527,-0.004477357026189566,assist,no
3593,0,0,0.0011695102505046185,-6.7514729499816895,-0.0014729375252500176,assist,no
3594,0,0,0.00017952796968111423,-8.648771286010742,-0.023771287873387337,assist,no
3595,0,0,0.00020342705770532143,-8.507079124450684,-0.0070795160718262196,assist,no
3596,0,0,0.0004878570682865859,-7.6959710121154785,-0.07097090035676956,assist,no
3597,0,0,0.00017952799408770727,-8.63216495513916,-0.007165092974901199,assist,no
3598,0,0,0.0008040860935123712,-7.132106781005859,-0.007106977514922619,assist,no
3599,0,0,7.484621472052212e-05,-9.504791259765625,-0.004791088867932558,assist,no
3600,0,0,0.0005527785460446319,-7.501132488250732,-0.0011323237558826804,assist,no
3601,0,0,0.0005527786454133551,-7.504875659942627,-0.004875675309449434,assist,no
3602,0,0,0.0010322309932990852,-6.876410961151123,-0.0014109190087765455,assist,no
3603,0,0,4.5397873469294987e-05,-10.000862121582031,-0.0008622265886515379,assist,no
3604,0,0,0.13296424019782924,-2.039548635482788,-0.16454863548278809,assist,no
3605,0,0,0.0001795278949568397,-8.626981735229492,-0.0019813207909464836,assist,no
3606,0,0,0.0010322311260671634,-6.887614727020264,-0.012614813633263111,assist,no
3607,0,0,5.144220990966269e-05,-9.945184707641602,-0.0701846331357956,assist,no
3608,0,0,0.02297736915735049,-3.7948312759399414,-0.04483124241232872,assist,no
3609,0,0,0.00015843627014855402,-8.77124309539795,-0.021243417635560036,assist,no
3610,0,0,0.0004305571775201972,-7.766888618469238,-0.01688884198665619,assist,no
3611,0,0,0.002472623060155913,-6.0273332595825195,-0.027333220466971397,assist,no
3612,0,0,4.5397875868579784e-05,-10.007766723632812,-0.007766881491988897,assist,no
3613,0,0,0.00037998445036869935,-7.886831283569336,-0.011831114068627357,assist,no
3614,0,0,6.605216380028206e-05,-9.645886421203613,-0.020886708050966263,assist,no
3615,0,0,0.0007096704060354499,-7.254997253417969,-0.0049972631968557835,assist,no
3616,0,0,0.00043055706193519545,-7.750752925872803,-0.0007528808200731874,assist,no
3617,0,0,0.0003353499868478799,-8.010335922241211,-0.010335493832826614,assist,no
3618,0,0,0.0017007220611934624,-6.378371715545654,-0.0033715092577040195,assist,no
3619,0,0,3.120190110738744e-05,-10.391193389892578,-0.01619306020438671,assist,no
3620,0,0,0.0010322308562094598,-6.890829086303711,-0.01582891121506691,assist,no
3621,0,0,0.0004305571658965632,-7.758294105529785,-0.0082943020388484,assist,no
3622,0,0,0.0007096703948075785,-7.256228446960449,-0.006228440906852484,assist,no
3623,0,0,5.829126400545205e-05,-9.754884719848633,-0.004884691443294287,assist,no
3624,0,0,0.00010889693101782748,-9.136391639709473,-0.011391832493245602,assist,no
3625,0,0,0.00048785708327289733,-7.6272196769714355,-0.0022195959463715553,assist,no
3626,0,0,5.1442197909003963e-05,-9.882781028747559,-0.007780720945447683,assist,no
3627,0,0,0.014063629935885703,-4.265387535095215,-0.015387743711471558,assist,no
3628,0,0,0.00010889691935600862,-9.143473625183105,-0.018473710864782333,assist,no
3629,0,0,0.00029595711385751447,-8.127340316772461,-0.0023403179366141558,assist,no
3630,0,0,0.0001584362061566067,-8.750800132751465,-0.0008000510279089212,assist,no
3631,0,0,0.0008040858512627859,-7.127923488616943,-0.0029233836103230715,assist,no
3632,0,0,0.00012339457587132575,-9.011398315429688,-0.011398314498364925,assist,no
3633,0,0,0.02297737233531229,-3.7744603157043457,-0.02446042373776436,assist,no
3634,0,0,0.00048785708894953054,-7.628108978271484,-0.003108908887952566,assist,no
3635,0,0,0.0005527787165472225,-7.503897190093994,-0.0038973342161625624,assist,no
3636,0,0,5.1442222413346e-05,-9.885008811950684,-0.0100089805200696,assist,no
3637,0,0,5.8291292260700194e-05,-9.762818336486816,-0.012818792834877968,assist,no
3638,0,0,1.670141458430805e-05,-11.014472007751465,-0.014471572823822498,assist,no
3639,0,0,6.605211512908191e-05,-9.62738037109375,-0.002379921032115817,assist,no
3640,0,0,0.00037998445138574105,-7.8759002685546875,-0.000900101731531322,assist,no
3641,0,0,0.004070136987285907,-5.504323482513428,-0.004323302768170834,assist,no
3642,0,0,9.610239885363833e-05,-9.251501083374023,-0.001500910148024559,assist,no
3643,0,0,0.00010889693466848411,-9.133977890014648,-0.008978116326034069,assist,no
3644,0,0,0.00013982213423790292,-8.885171890258789,-0.01017230935394764,assist,no
3645,0,0,0.00012339453783745437,-9.010021209716797,-0.010020900517702103,assist,no
3646,0,0,0.0008040857991651046,-7.1261372566223145,-0.0011370867723599076,assist,no
3647,0,0,0.06008665311947337,-2.828442096710205,-0.07844214886426926,assist,no
3648,0,0,0.00015843625790340707,-8.757049560546875,-0.007049805484712124,assist,no
3649,0,0,0.0005527786865114927,-7.501636981964111,-0.0016370717203244567,assist,no
3650,0,0,0.00015843620316908702,-8.757905960083008,-0.007905859500169754,assist,no
3651,0,0,0.0002034270440672496,-8.505694389343262,-0.005694713909178972,assist,no
3652,0,0,8.481100855209694e-05,-9.389403343200684,-0.014402952045202255,assist,no
3653,0,0,0.0007096704142912377,-7.2541351318359375,-0.004135153256356716,assist,no
3654,0,0,0.00043055711158613945,-7.754639148712158,-0.004639219027012587,assist,no
3655,0,0,4.539788514863404e-05,-10.006844520568848,-0.006844882853329182,assist,no
3656,0,0,0.001032231139271946,-6.878206253051758,-0.0032063524704426527,assist,no
3657,0,0,0.0035936019995017033,-5.631495952606201,-0.0064957900904119015,assist,no
3658,0,0,0.0003799844324599225,-7.875819683074951,-0.000819466426037252,assist,no
3659,0,0,9.610243903633246e-05,-9.258829116821289,-0.008829361759126186,assist,no
3660,0,0,0.0001795279616570296,-8.627408981323242,-0.002408938482403755,assist,no
3661,0,0,0.00026119030055256603,-8.251154899597168,-0.0011548285838216543,assist,no
3662,0,0,9.610240126996914e-05,-9.256918907165527,-0.00691875908523798,assist,no
3663,0,0,6.605212806193128e-05,-9.63939380645752,-0.014393552206456661,assist,no
3664,0,0,6.605214682302524e-05,-9.648510932922363,-0.02351096272468567,assist,no
3665,0,0,0.00015843622605035413,-8.750388145446777,-0.00038818930624984205,assist,no
3666,0,0,2.430025133450231e-05,-10.668207168579102,-0.04320760443806648,assist,no
3667,0,0,0.0001795279576449874,-8.639503479003906,-0.014503413811326027,assist,no
3668,0,0,0.0002611902776928116,-8.252901077270508,-0.002900918712839484,assist,no
3669,0,0,0.00023050682265305094,-8.380006790161133,-0.005007226951420307,assist,no
3670,0,0,0.0001795280036163096,-8.636412620544434,-0.01141281146556139,assist,no
3671,0,0,5.829125971695257e-05,-9.753376007080078,-0.0033759051002562046,assist,no
3672,0,0,0.0004878571395851019,-7.6318230628967285,-0.006823097355663776,assist,no
3673,0,0,0.00029595709166713207,-8.125384330749512,-0.00038425691309385,assist,no
3674,0,0,0.0006263341951269868,-7.376655578613281,-0.001655637752264738,assist,no
3675,0,0,0.000230506808595001,-8.378989219665527,-0.003989595454186201,assist,no
3676,0,0,0.00023050672440768933,-8.377532005310059,-0.002532015787437558,assist,no
3677,0,0,0.00010889687387492697,-9.128000259399414,-0.002999927382916212,assist,no
3678,0,0,8.481100823617811e-05,-9.383848190307617,-0.00884779542684555,assist,no
3679,0,0,0.0009110510871653957,-7.004023551940918,-0.00402343412861228,assist,no
3680,0,0,0.00033535011891454514,-8.004558563232422,-0.004558528773486614,assist,no
3681,0,0,0.00037998443533417066,-7.882376194000244,-0.0073759849183261395,assist,no
3682,0,0,0.00015843621253735875,-8.756234169006348,-0.006234127562493086,assist,no
3683,0,0,0.0003353499743593091,-8.016733169555664,-0.016732703894376755,assist,no
3684,0,0,9.610240905592433e-05,-9.2662935256958,-0.01629345864057541,assist,no
3685,0,0,0.025957359269947192,-3.6878511905670166,-0.06285127252340317,assist,no
3686,0,0,5.8291279558050925e-05,-9.76124095916748,-0.01124119758605957,assist,no
3687,0,0,0.000123394574837172,-9.016347885131836,-0.01634787581861019,assist,no
3688,0,0,0.0007096702670079966,-7.269670486450195,-0.01967030018568039,assist,no
3689,0,0,0.0024726234208031035,-6.006380081176758,-0.006380188278853893,assist,no
3690,0,0,0.00015843618966992473,-8.751986503601074,-0.001986317802220583,assist,no
3691,0,0,0.00026119030900338,-8.252089500427246,-0.002089461777359247,assist,no
3692,0,0,0.0006263340123709902,-7.377486705780029,-0.002486472949385643,assist,no
3693,0,0,0.0031726823793184725,-5.753691673278809,-0.0036915268283337355,assist,no
3694,0,0,0.0004878571449211377,-7.626590728759766,-0.0015907741617411375,assist,no
3695,0,0,0.00020342690915456745,-8.503581047058105,-0.0035807082895189524,assist,no
3696,0,0,9.610244879115383e-05,-9.259121894836426,-0.009122241288423538,assist,no
3697,0,0,3.120190370082549e-05,-10.377971649169922,-0.0029714026022702456,assist,no
3698,0,0,0.0003799845306707806,-7.8802008628845215,-0.005200904794037342,assist,no
3699,0,0,0.005220124743236806,-5.257734298706055,-0.0077341157011687756,assist,no
3700,0,0,6.962254123366597e-06,-11.886162757873535,-0.011162452399730682,assist,no
3701,0,0,0.0010322308649726316,-6.876134395599365,-0.0011342290090397,assist,no
3702,0,0,0.025957358422249308,-3.6602303981781006,-0.035230446606874466,assist,no
3703,0,0,0.0010322311606396854,-6.880518913269043,-0.005519033409655094,assist,no
3704,0,0,0.00015843615544254572,-8.755570411682129,-0.00557000981643796,assist,no
3705,0,0,0.0002959570980822793,-8.143829345703125,-0.01882929354906082,assist,no
3706,0,0,0.0003799846035440497,-7.884339809417725,-0.009340043179690838,assist,no
3707,0,0,0.00015843620752127618,-8.755107879638672,-0.005107806529849768,assist,no
3708,0,0,0.0017007223861356504,-6.387290000915527,-0.01228998601436615,assist,no
3709,0,0,0.00010889689761686049,-9.12637710571289,-0.0013769917422905564,assist,no
3710,0,0,9.610243210056557e-05,-9.256975173950195,-0.006975346710532904,assist,no
3711,0,0,0.03732688988752763,-3.2935519218444824,-0.04355199262499809,assist,no
3712,0,0,0.00013982204674265505,-8.893566131591797,-0.01856592483818531,assist,no
3713,0,0,0.00043055701619220164,-7.752857208251953,-0.00285705691203475,assist,no
3714,0,0,0.0003353502417709339,-8.004633903503418,-0.004634235519915819,assist,no
3715,0,0,0.00029595705874752633,-8.126585960388184,-0.001585775287821889,assist,no
3716,0,0,0.00023050666356104723,-8.376898765563965,-0.0018985120113939047,assist,no
3717,0,0,0.0002305066685511152,-8.377124786376953,-0.0021245544776320457,assist,no
3718,0,0,6.605215146716571e-05,-9.628351211547852,-0.0033513116650283337,assist,no
3719,0,0,4.539788924961534e-05,-10.030168533325195,-0.030168985947966576,assist,no
3720,0,0,0.0006263340368550441,-7.387120246887207,-0.012120053172111511,assist,no
3721,0,0,0.0001233946099984046,-9.043496131896973,-0.04349640756845474,assist,no
3722,0,0,9.610239766784637e-05,-9.253365516662598,-0.003365331096574664,assist,no
3723,0,0,0.0008040860617112631,-7.130702972412109,-0.005703129339963198,assist,no
3724,0,0,0.00043055710577432336,-7.758466720581055,-0.008466777391731739,assist,no
3725,0,0,0.00020342690889411837,-8.500824928283691,-0.0008245882345363498,assist,no
3726,0,0,0.00023050662412341742,-8.389690399169922,-0.01468997448682785,assist,no
3727,0,0,0.00010889694643171175,-9.127725601196289,-0.0027259355410933495,assist,no
3728,0,0,6.605214699218266e-05,-9.627615928649902,-0.0026159610133618116,assist,no
3729,0,0,5.8291242644384973e-05,-9.79335880279541,-0.04335840791463852,assist,no
3730,0,0,0.0007096704895840275,-7.25383996963501,-0.003840097226202488,assist,no
3731,0,0,0.0003799845297863963,-7.87962007522583,-0.004620114807039499,assist,no
3732,0,0,5.144221005338316e-05,-9.887748718261719,-0.012748646549880505,assist,no
3733,0,0,0.0004305570291184798,-7.7531256675720215,-0.0031255462672561407,assist,no
3734,0,0,0.00013982204374802701,-8.887972831726074,-0.012972603552043438,assist,no
3735,0,0,0.00023050668808213476,-8.39601993560791,-0.021019788458943367,assist,no
3736,0,0,0.00043055700857672004,-7.752779006958008,-0.00277883792296052,assist,no
3737,0,0,8.481104077582389e-05,-9.387743949890137,-0.012743938714265823,assist,no
3738,0,0,9.610245586116262e-05,-9.254294395446777,-0.004294815473258495,assist,no
3739,0,0,0.002182716631955785,-6.132942199707031,-0.007942285388708115,assist,no
3740,0,0,0.00012339453283904617,-9.006226539611816,-0.006226189900189638,assist,no
3741,0,0,7.484625594852838e-05,-9.523510932922363,-0.023511312901973724,assist,no
3742,0,0,0.005220125209934157,-5.256068706512451,-0.00606861338019371,assist,no
3743,0,0,9.610242686518057e-05,-9.256208419799805,-0.006208538077771664,assist,no
3744,0,0,0.0008040857523052542,-7.130624294281006,-0.005624066106975079,assist,no
3745,0,0,0.0015011821701858533,-6.502209186553955,-0.002209128811955452,assist,no
3746,0,0,2.430023481400736e-05,-10.637771606445312,-0.01277136243879795,assist,no
3747,0,0,0.0021827163971712507,-6.128754138946533,-0.003754116827622056,assist,no
3748,0,0,0.00026119023726266563,-8.251867294311523,-0.0018669809214770794,assist,no
3749,0,0,3.120190203724755e-05,-10.391191482543945,-0.016191182658076286,assist,no
3750,0,0,0.00023050673540730445,-8.381424903869629,-0.00642496207728982,assist,no
3751,0,0,0.0006263340977737061,-7.381108283996582,-0.0061081876046955585,assist,no
3752,0,0,6.605217487240843e-05,-9.659041404724121,-0.034041859209537506,assist,no
3753,0,0,9.61024525946395e-05,-9.253372192382812,-0.003372578416019678,assist,no
3754,0,0,0.00013982207187149295,-8.882956504821777,-0.00795647781342268,assist,no
3755,0,0,0.002472623032016246,-6.0026021003723145,-0.0026020498480647802,assist,no
3756,0,0,0.00029595708988466835,-8.1261625289917,-0.0011624491307884455,assist,no
3757,0,0,0.000335350055886269,-8.001944541931152,-0.0019443194614723325,assist,no
3758,0,0,9.610239697426997e-05,-9.264569282531738,-0.014569089747965336,assist,no
3759,0,0,4.5397859443522554e-05,-10.006840705871582,-0.0068405019119381905,assist,no
3760,0,0,0.06754668644694548,-2.7064852714538574,-0.08148519694805145,assist,no
3761,0,0,0.00043055715637720804,-7.75278377532959,-0.0027839497197419405,assist,no
3762,0,0,8.481103350968831e-05,-9.464194297790527,-0.08919420093297958,assist,no
3763,0,0,3.1201918498682e-05,-10.381093978881836,-0.006094206590205431,assist,no
3764,0,0,0.0008040858278796249,-7.135943412780762,-0.010943278670310974,assist,no
3765,0,0,0.00020342696972083246,-8.538750648498535,-0.03875060752034187,assist,no
3766,0,0,0.0005527785144653197,-7.504899978637695,-0.004899756982922554,assist,no
3767,0,0,0.0003799846021290346,-7.881706237792969,-0.00670646782964468,assist,no
3768,0,0,0.00013982210233858745,-8.8753080368042,-0.0003082277253270149,assist,no
3769,0,0,0.0005527787344271653,-7.504240036010742,-0.004240212496370077,assist,no
3770,0,0,9.610237245299098e-05,-9.264431953430176,-0.014431505464017391,assist,no
3771,0,0,0.00015843629463885083,-8.77375602722168,-0.02375650405883789,assist,no
3772,0,0,0.0006263342312701249,-7.380497932434082,-0.0054980493150651455,assist,no
3773,0,0,0.0002611903862158659,-8.254624366760254,-0.0046246238052845,assist,no
3774,0,0,0.00033535012839805764,-8.000500679016113,-0.0005006728461012244,assist,no
3775,0,0,0.00043055713964318415,-7.754305362701416,-0.004305498208850622,assist,no
3776,0,0,0.0004878570408116828,-7.629375457763672,-0.004375289659947157,assist,no
3777,0,0,0.0007096705080769947,-7.2516703605651855,-0.0016705142334103584,assist,no
3778,0,0,4.539786635599765e-05,-10.006990432739258,-0.006990381050854921,assist,no
3779,0,0,0.00012339458655758175,-9.03416919708252,-0.034169282764196396,assist,no
3780,0,0,0.00012339456667884822,-9.005722999572754,-0.005722924135625362,assist,no
3781,0,0,3.120192178225249e-05,-10.381814002990723,-0.006814335938543081,assist,no
3782,0,0,0.0004878570946261638,-7.641870498657227,-0.016870440915226936,assist,no
3783,0,0,0.00029595717082747544,-8.128213882446289,-0.0032140761613845825,assist,no
3784,0,0,0.00023050668765288156,-8.396025657653809,-0.021025508642196655,assist,no
3785,0,0,0.03732688587163585,-3.3050436973571777,-0.05504365637898445,assist,no
3786,0,0,0.0001584362733942558,-8.760062217712402,-0.010062560439109802,assist,no
3787,0,0,0.00048785706669712863,-7.630431652069092,-0.005431537050753832,assist,no
3788,0,0,0.0003799845890843647,-7.875568866729736,-0.0005690624238923192,assist,no
3789,0,0,0.0005527785259136241,-7.502375602722168,-0.0023754017893224955,assist,no
3790,0,0,0.0008040857910277653,-7.126794338226318,-0.001794158248230815,assist,no
3791,0,0,0.000123394623384955,-9.001998901367188,-0.001999285537749529,assist,no
3792,0,0,0.00017952795296949562,-8.62542724609375,-0.00042715485324151814,assist,no
3793,0,0,0.001700722348186194,-6.383236408233643,-0.008236370980739594,assist,no
3794,0,0,0.002800926818849151,-5.881887912750244,-0.0068878596648573875,assist,no
3795,0,0,0.00023050662680624916,-8.380843162536621,-0.005842749495059252,assist,no
3796,0,0,0.00020342697379331068,-8.50571346282959,-0.005713441874831915,assist,no
3797,0,0,0.00015843616466328285,-8.754415512084961,-0.004415168426930904,assist,no
3798,0,0,9.610242301694903e-05,-9.258901596069336,-0.008901674300432205,assist,no
3799,0,0,0.0001584362224957585,-8.757047653198242,-0.007047674618661404,assist,no
3800,0,0,0.060086653961035054,-2.8196609020233154,-0.0696609690785408,assist,no
3801,0,0,0.00017952800846419514,-8.635284423828125,-0.01028464175760746,assist,no
3802,0,0,0.0004305570248097203,-7.759429454803467,-0.009429323486983776,assist,no
3803,0,0,7.484622792881582e-05,-9.514416694641113,-0.014416700229048729,assist,no
3804,0,0,0.0006263340344503602,-7.376259803771973,-0.001259606215171516,assist,no
3805,0,0,0.00017952791016916155,-8.638026237487793,-0.013025907799601555,assist,no
3806,0,0,0.0015011824720678698,-6.503511905670166,-0.00351204932667315,assist,no
3807,0,0,0.00015843624521566543,-8.76294231414795,-0.012942478992044926,assist,no
3808,0,0,0.2689414096510108,-1.3882882595062256,-0.3882881999015808,assist,no
3809,0,0,9.610244310829906e-05,-9.254868507385254,-0.004868794698268175,assist,no
3810,0,0,2.430023685078011e-05,-10.634862899780273,-0.009862739592790604,assist,no
3811,0,0,0.005911069398028327,-5.133670330047607,-0.008670422248542309,assist,no
3812,0,0,0.0004305570268137945,-7.758318901062012,-0.008318774402141571,assist,no
3813,0,0,0.0007096702699800797,-7.254068851470947,-0.004068669397383928,assist,no
3814,0,0,0.00020342692975372514,-8.5115327835083,-0.011532546021044254,assist,no
3815,0,0,0.0024726227374111793,-6.00669527053833,-0.006695100571960211,assist,no
3816,0,0,0.0004305571382403318,-7.758541584014893,-0.008541716262698174,assist,no
3817,0,0,0.0009110513457168095,-7.003921985626221,-0.003922151867300272,assist,no
3818,0,0,0.00012339458908551342,-9.007954597473145,-0.007954703643918037,assist,no
3819,0,0,0.003593602030348377,-5.628851413726807,-0.0038512598257511854,assist,no
3820,0,0,0.0005527786827168287,-7.510748386383057,-0.010748469270765781,assist,no
3821,0,0,8.48110218206889e-05,-9.382817268371582,-0.007817033678293228,assist,no
3822,0,0,0.0011695101247141669,-6.752628803253174,-0.0026286831125617027,assist,no
3823,0,0,0.00037998451616687924,-7.884275436401367,-0.009275440126657486,assist,no
3824,0,0,2.7535680780091855e-05,-10.505392074584961,-0.0053916992619633675,assist,no
3825,0,0,0.0024726229309431588,-6.003896713256836,-0.0038966217543929815,assist,no
3826,0,0,0.0003353501001816817,-8.013251304626465,-0.013251214288175106,assist,no
3827,0,0,0.00023050677908383025,-8.383201599121094,-0.008201846852898598,assist,no
3828,0,0,0.0009110511507436054,-7.003946304321289,-0.00394625635817647,assist,no
3829,0,0,3.53562391185469e-05,-10.264341354370117,-0.014341025613248348,assist,no
3830,0,0,0.00020342688637711048,-8.511571884155273,-0.011571433395147324,assist,no
3831,0,0,0.0013250222662456175,-6.631283760070801,-0.006283645983785391,assist,no
3832,0,0,2.4300245699428113e-05,-10.631780624389648,-0.006780828349292278,assist,no
3833,0,0,0.000261190340496344,-8.25101375579834,-0.00101383775472641,assist,no
3834,0,0,0.00012339453404555846,-9.008988380432129,-0.008988040499389172,assist,no
3835,0,0,0.0015011824528730576,-6.507394313812256,-0.007394444663077593,assist,no
3836,0,0,0.00012339454185916225,-9.010135650634766,-0.010135374031960964,assist,no
3837,0,0,5.8291273966714727e-05,-9.752920150756836,-0.0029202932491898537,assist,no
3838,0,0,0.00017952801765846123,-8.632062911987305,-0.007063181139528751,assist,no
3839,0,0,0.00017952805071603096,-8.628093719482422,-0.003094172803685069,assist,no
3840,0,0,0.002472622825850124,-6.034339904785156,-0.034339770674705505,assist,no
3841,0,0,0.00033535007153601327,-8.003362655639648,-0.003362479852512479,assist,no
3842,0,0,0.0002959570504121416,-8.12870979309082,-0.0037095798179507256,assist,no
3843,0,0,0.00023050663013296057,-8.383003234863281,-0.008002836257219315,assist,no
3844,0,0,0.0011695104347706556,-6.760245323181152,-0.010245468467473984,assist,no
3845,0,0,0.00029595718129837634,-8.131563186645508,-0.006563415750861168,assist,no
3846,0,0,0.0003799844958260428,-7.879180908203125,-0.004180858377367258,assist,no
3847,0,0,0.00043055710096454454,-7.75942325592041,-0.009423301555216312,assist,no
3848,0,0,2.144494774187493e-05,-10.776653289794922,-0.026653258129954338,assist,no
3849,0,0,0.0002959570015020371,-8.132302284240723,-0.007301905658096075,assist,no
3850,0,0,0.00010889695596398334,-9.136329650878906,-0.01133007276803255,assist,no
3851,0,0,0.00010889688092271877,-9.131194114685059,-0.006193847395479679,assist,no
3852,0,0,0.0011695100580792306,-6.752041339874268,-0.0020411626901477575,assist,no
3853,0,0,0.00048785704103874815,-7.63576078414917,-0.010760616511106491,assist,no
3854,0,0,6.605215134414212e-05,-9.632002830505371,-0.007002928759902716,assist,no
3855,0,0,0.0002305066618976913,-8.383045196533203,-0.008044935762882233,assist,no
3856,0,0,0.0019267344824411166,-6.25252628326416,-0.00252618920058012,assist,no
3857,0,0,0.00048785710370877726,-7.635559558868408,-0.01055951975286007,assist,no
3858,0,0,0.0001584362168157823,-8.75272274017334,-0.002722725737839937,assist,no
3859,0,0,0.0001795280043685677,-8.630696296691895,-0.005696491803973913,assist,no
3860,0,0,0.0007096703908448003,-7.254579544067383,-0.00457953242585063,assist,no
3861,0,0,8.48110399860265e-05,-9.382835388183594,-0.007835367694497108,assist,no
3862,0,0,0.0003353500467149729,-8.0030517578125,-0.0030515079852193594,assist,no
3863,0,0,0.0004878570156074342,-7.6522321701049805,-0.02723195031285286,assist,no
3864,0,0,0.037326887076403345,-3.297858953475952,-0.04785894602537155,assist,no
3865,0,0,0.00033535028438821783,-8.00521183013916,-0.005212289281189442,assist,no
3866,0,0,0.002800926939807742,-5.8781280517578125,-0.0031280419789254665,assist,no
3867,0,0,0.0009110513883142217,-7.002082824707031,-0.0020830377470701933,assist,no
3868,0,0,0.0003353501148557579,-8.018810272216797,-0.018810225650668144,assist,no
3869,0,0,0.00017952791451553943,-8.646072387695312,-0.021072082221508026,assist,no
3870,0,0,9.610237164754761e-05,-9.257830619812012,-0.007830163463950157,assist,no
3871,0,0,0.000335350193533795,-8.00816535949707,-0.008165547624230385,assist,no
3872,0,0,0.004070138225545841,-5.513726711273193,-0.013726837001740932,assist,no
3873,0,0,0.0010322309594468291,-6.881143569946289,-0.006143494974821806,assist,no
3874,0,0,0.0001584362902128933,-8.77377700805664,-0.02377745695412159,assist,no
3875,0,0,5.829127858092417e-05,-9.776519775390625,-0.02651999704539776,assist,no
3876,0,0,0.00012339462453401517,-9.002521514892578,-0.0025219083763659,assist,no
3877,0,0,0.0007096703224043242,-7.251372814178467,-0.0013727060286328197,assist,no
3878,0,0,0.0052201258724993765,-5.257375240325928,-0.007375274784862995,assist,no
3879,0,0,0.0007096703145613268,-7.259749889373779,-0.009749770164489746,assist,no
3880,0,0,0.00029595717578737577,-8.141980171203613,-0.016980381682515144,assist,no
3881,0,0,0.0006263341170111795,-7.379617214202881,-0.004617148544639349,assist,no
3882,0,0,0.0021827165498065496,-6.131162166595459,-0.006162214558571577,assist,no
3883,0,0,3.53562391514738e-05,-10.262741088867188,-0.012740761041641235,assist,no
3884,0,0,0.0002305066162895489,-8.3782320022583,-0.003231543581932783,assist,no
3885,0,0,0.0001795278850939065,-8.655508995056152,-0.030508525669574738,assist,no
3886,0,0,0.00023050676566966296,-8.380697250366211,-0.005697439890354872,assist,no
3887,0,0,0.00026119024930051297,-8.253246307373047,-0.0032460400834679604,assist,no
3888,0,0,0.007577241498972498,-4.883455753326416,-0.008455784060060978,assist,no
3889,0,0,5.144222538357007e-05,-9.878719329833984,-0.0037195561453700066,assist,no
3890,0,0,0.1329642333263228,-2.05714750289917,-0.18214744329452515,assist,no
3891,0,0,0.00020342697625573935,-8.504420280456543,-0.00442027160897851,assist,no
3892,0,0,0.025957355031458025,-3.6775667667388916,-0.05256668105721474,assist,no
3893,0,0,0.00012339454059519692,-9.004375457763672,-0.004375170916318893,assist,no
3894,0,0,0.0007096705468792041,-7.252500534057617,-0.0025007424410432577,assist,no
3895,0,0,5.8291280426608036e-05,-9.756912231445312,-0.006912484765052795,assist,no
3896,0,0,5.829128867790141e-05,-9.7542724609375,-0.004272855818271637,assist,no
3897,0,0,0.0002959570526165408,-8.139763832092285,-0.014763626269996166,assist,no
3898,0,0,0.00013982202161382166,-8.889566421508789,-0.014566035009920597,assist,no
3899,0,0,0.00023050679968799267,-8.396186828613281,-0.02118716575205326,assist,no
3900,0,0,0.00010889689238171935,-9.143448829650879,-0.018448667600750923,assist,no
3901,0,0,0.003593602631441732,-5.630495071411133,-0.005495085380971432,assist,no
3902,0,0,0.004070137595090279,-5.509654998779297,-0.009654968976974487,assist,no
3903,0,0,5.829129052358559e-05,-9.75788402557373,-0.007884452119469643,assist,no
3904,0,0,6.605214088713755e-05,-9.63200855255127,-0.0070084924809634686,assist,no
3905,0,0,5.144219019600723e-05,-9.880407333374023,-0.005406875628978014,assist,no
3906,0,0,0.00010889687144115724,-9.131131172180176,-0.00613081781193614,assist,no
3907,0,0,0.0008040858403194665,-7.126291275024414,-0.0012911563972011209,assist,no
3908,0,0,0.00029595700163981205,-8.135758399963379,-0.010758021846413612,assist,no
3909,0,0,0.0028009265795332435,-5.8838324546813965,-0.008832315914332867,assist,no
3910,0,0,0.0002305066712876041,-8.378581047058105,-0.003580827033147216,assist,no
3911,0,0,9.610243751493838e-05,-9.26130485534668,-0.011305084452033043,assist,no
3912,0,0,2.1444948181253114e-05,-10.761199951171875,-0.011199939996004105,assist,no
3913,0,0,0.00010889692402073602,-9.143439292907715,-0.01843942143023014,assist,no
3914,0,0,0.00043055713483340494,-7.7575225830078125,-0.007522707339376211,assist,no
3915,0,0,9.610239249958357e-05,-9.254281997680664,-0.004281758330762386,assist,no
3916,0,0,0.0007096705515850042,-7.251309394836426,-0.0013096098555251956,assist,no
3917,0,0,0.014063626113468383,-4.270156383514404,-0.020156316459178925,assist,no
3918,0,0,0.0010322311212654243,-6.910573482513428,-0.0355735644698143,assist,no
3919,0,0,0.00015843618738318148,-8.762869834899902,-0.012869634665548801,assist,no
3920,0,0,0.0015011825764178525,-6.502976894378662,-0.0029771076515316963,assist,no
3921,0,0,5.1442217239407717e-05,-9.889354705810547,-0.014354773797094822,assist,no
3922,0,0,0.00012339457592877874,-9.005475997924805,-0.0054759974591434,assist,no
3923,0,0,0.00010889689045498465,-9.135090827941895,-0.01009064819663763,assist,no
3924,0,0,0.00013982208213704768,-8.875381469726562,-0.0003815161471720785,assist,no
3925,0,0,0.0001398220839802092,-8.87932300567627,-0.004323065280914307,assist,no
3926,0,0,0.00043055716068596874,-7.756062030792236,-0.006062215194106102,assist,no
3927,0,0,0.00015843617528557273,-8.750276565551758,-0.0002762889489531517,assist,no
3928,0,0,4.0063674320062705e-05,-10.145769119262695,-0.020768672227859497,assist,no
3929,0,0,0.0007096703741681096,-7.252816200256348,-0.0028161650989204645,assist,no
3930,0,0,0.0008040859696751223,-7.127701759338379,-0.0027018017135560513,assist,no
3931,0,0,0.0021827162932169827,-6.12948751449585,-0.004487444646656513,assist,no
3932,0,0,0.0009110511397233821,-7.004842281341553,-0.004842221271246672,assist,no
3933,0,0,0.0001088969554569476,-9.195547103881836,-0.07054752111434937,assist,no
3934,0,0,0.02033235363947422,-3.909698724746704,-0.034698739647865295,assist,no
3935,0,0,5.8291240255854465e-05,-9.761332511901855,-0.011332076042890549,assist,no
3936,0,0,6.605213525880932e-05,-9.643403053283691,-0.018402907997369766,assist,no
3937,0,0,0.0004878570829322993,-7.627110004425049,-0.0021099227014929056,assist,no
3938,0,0,0.0013250226698527622,-6.626976490020752,-0.0019766809418797493,assist,no
3939,0,0,0.00037998447548520756,-7.888216495513916,-0.013216392137110233,assist,no
3940,0,0,9.610237220688327e-05,-9.252960205078125,-0.0029597545508295298,assist,no
3941,0,0,0.0017007226245056885,-6.377758502960205,-0.0027586284559220076,assist,no
3942,0,0,0.0005527786524238354,-7.500648498535156,-0.0006485265912488103,assist,no
3943,0,0,9.610239326028024e-05,-9.251190185546875,-0.001189954113215208,assist,no
3944,0,0,0.00017952801916297755,-8.639569282531738,-0.014569560065865517,assist,no
3945,0,0,0.0010322311049395115,-6.878762245178223,-0.003762311302125454,assist,no
3946,0,0,0.00012339460241460852,-9.010027885437012,-0.01002809964120388,assist,no
3947,0,0,0.00033535027970499955,-8.008206367492676,-0.008206812664866447,assist,no
3948,0,0,0.0007096705151769733,-7.251514434814453,-0.0015145984943956137,assist,no
3949,0,0,0.00015843617543310454,-8.839410781860352,-0.08941050618886948,assist,no
3950,0,0,0.0007096704983351637,-7.251748085021973,-0.0017482249531894922,assist,no
3951,0,0,0.00043055710236739676,-7.755865573883057,-0.005865622777491808,assist,no
3952,0,0,0.0004305570009612387,-7.756680011749268,-0.006679825019091368,assist,no
3953,0,0,8.481102715182019e-05,-9.379840850830078,-0.0048406790010631084,assist,no
3954,0,0,0.0004305570414435361,-7.750948905944824,-0.0009488132782280445,assist,no
3955,0,0,3.5356266019833974e-05,-10.258848190307617,-0.008848622441291809,assist,no
3956,0,0,0.0006263341461588677,-7.379955291748047,-0.004955272655934095,assist,no
3957,0,0,1.3007128999477737e-05,-11.2626371383667,-0.012637179344892502,assist,no
3958,0,0,8.481101956976691e-05,-9.381866455078125,-0.00686619384214282,assist,no
3959,0,0,0.0021827161415958894,-6.127245903015137,-0.00224576354958117,assist,no
3960,0,0,0.0019267346548204431,-6.253749370574951,-0.0037493661511689425,assist,no
3961,0,0,0.03732688881662312,-3.3110878467559814,-0.06108788773417473,assist,no
3962,0,0,5.144222753937797e-05,-9.887786865234375,-0.01278713345527649,assist,no
3963,0,0,0.00015843626055898105,-8.755578994750977,-0.0055792564526200294,assist,no
3964,0,0,0.00033535000870288004,-8.001468658447266,-0.001468295231461525,assist,no
3965,0,0,7.484621907681925e-05,-9.5087890625,-0.008788949809968472,assist,no
3966,0,0,0.00012339452830026189,-9.0130033493042,-0.013002962805330753,assist,no
3967,0,0,0.000911051310748786,-7.002579212188721,-0.002579340012744069,assist,no
3968,0,0,0.16451645880021026,-1.8151434659957886,-0.1901434361934662,assist,no
3969,0,0,0.0002959571526411747,-8.133113861083984,-0.00811399333178997,assist,no
3970,0,0,0.00010889695870197643,-9.146125793457031,-0.021126240491867065,assist,no
3971,0,0,0.00033535009487403717,-8.01482105255127,-0.014820946380496025,assist,no
3972,0,0,0.00017952795321502424,-8.629969596862793,-0.004969506990164518,assist,no
3973,0,0,0.0002959571205396012,-8.129047393798828,-0.004047417547553778,assist,no
3974,0,0,8.481102908682348e-05,-9.401618003845215,-0.026617854833602905,assist,no
3975,0,0,0.0040701379084304564,-5.512139320373535,-0.012139367870986462,assist,no
3976,0,0,0.00010889692184048299,-9.132035255432129,-0.007035363931208849,assist,no
3977,0,0,0.0002611903983753146,-8.261629104614258,-0.011629408225417137,assist,no
3978,0,0,0.000261190372840473,-8.255694389343262,-0.005694595165550709,assist,no
3979,0,0,0.00015843628357395726,-8.758152961730957,-0.008153368718922138,assist,no
3980,0,0,0.0002959572077511803,-8.155540466308594,-0.03054078482091427,assist,no
3981,0,0,0.00013982206028358268,-8.889473915100098,-0.014473805204033852,assist,no
3982,0,0,3.1201899480132306e-05,-10.382760047912598,-0.007759666070342064,assist,no
3983,0,0,0.02033235363947422,-3.908320426940918,-0.03332044184207916,assist,no
3984,0,0,0.0002959570661184867,-8.13138484954834,-0.00638468936085701,assist,no
3985,0,0,0.0024726226110698356,-6.006167411804199,-0.006167190615087748,assist,no
3986,0,0,9.610239885363833e-05,-9.264388084411621,-0.014387911185622215,assist,no
3987,0,0,0.00033535025098126224,-8.014837265014648,-0.014837624505162239,assist,no
3988,0,0,0.0004878571700118603,-7.64197301864624,-0.016973115503787994,assist,no
3989,0,0,0.0004305570244089055,-7.76888370513916,-0.01888357289135456,assist,no
3990,0,0,0.0005527786924929119,-7.5040283203125,-0.0040284208953380585,assist,no
3991,0,0,0.020332351710173755,-3.9025917053222656,-0.02759162336587906,assist,no
3992,0,0,0.00037998443551104746,-7.879622459411621,-0.00462225079536438,assist,no
3993,0,0,0.0011695104434739968,-6.765949726104736,-0.015949878841638565,assist,no
3994,0,0,9.610238074793934e-05,-9.250850677490234,-0.0008503158460371196,assist,no
3995,0,0,7.484624044010409e-05,-9.506975173950195,-0.006975346710532904,assist,no
3996,0,0,0.000295957018448354,-8.135302543640137,-0.010302222333848476,assist,no
3997,0,0,5.82912739124299e-05,-9.770842552185059,-0.020842693746089935,assist,no
3998,0,0,3.535624478197407e-05,-10.257732391357422,-0.00773222278803587,assist,no
3999,0,0,0.00010889690120413654,-9.137777328491211,-0.012777247466146946,assist,no
4000,0,0,4.539788392256754e-05,-10.020736694335938,-0.02073702961206436,assist,no
4001,0,0,5.144220837664425e-05,-9.884941101074219,-0.009940996766090393,assist,no
4002,0,0,0.0003799845653386448,-7.886815547943115,-0.011815681122243404,assist,no
4003,0,0,0.00015843616097498792,-8.768631935119629,-0.018631568178534508,assist,no
4004,0,0,0.0002611903959434248,-8.276908874511719,-0.02690916880965233,assist,no
4005,0,0,0.00023050683016498637,-8.396080017089844,-0.021080486476421356,assist,no
4006,0,0,0.0002034269161156619,-8.509089469909668,-0.00908916536718607,assist,no
4007,0,0,0.00010889689826333072,-9.14883041381836,-0.02383030578494072,assist,no
4008,0,0,0.00037998459680061857,-7.8757219314575195,-0.0007221474661491811,assist,no
4009,0,0,0.01406362936768847,-4.280251979827881,-0.03025214746594429,assist,no
4010,0,0,0.029312234037225486,-3.5373446941375732,-0.037344809621572495,assist,no
4011,0,0,0.00043055714866152025,-7.8514251708984375,-0.10142532736063004,assist,no
4012,0,0,6.605213236775566e-05,-9.62979507446289,-0.004794885404407978,assist,no
4013,0,0,0.0001398220169265786,-8.883891105651855,-0.008890685625374317,assist,no
4014,0,0,0.00010889692838124225,-9.137831687927246,-0.0128318564966321,assist,no
4015,0,0,0.0008040859341327131,-7.128519535064697,-0.0035195332020521164,assist,no
4016,0,0,0.0003353500835172394,-8.001901626586914,-0.0019014865392819047,assist,no
4017,0,0,4.006370342242665e-05,-10.141301155090332,-0.016301434487104416,assist,no
4018,0,0,0.004070137989596892,-5.505549907684326,-0.0055499752052128315,assist,no
4019,0,0,0.0008040858548170264,-7.137392997741699,-0.01239289715886116,assist,no
4020,0,0,9.610245185351913e-05,-9.250443458557129,-0.00044383687782101333,assist,no
4021,0,0,0.007577241358904808,-4.884158611297607,-0.009158623404800892,assist,no
4022,0,0,0.00010889687777909936,-9.13525390625,-0.010253610089421272,assist,no
4023,0,0,0.00017952790950048804,-8.646000862121582,-0.02100052870810032,assist,no
4024,0,0,0.0003353501726154262,-8.010476112365723,-0.01047623809427023,assist,no
4025,0,0,5.829126500972096e-05,-9.762743949890137,-0.012743938714265823,assist,no
4026,0,0,8.481106162647726e-05,-9.382938385009766,-0.007938619703054428,assist,no
4027,0,0,0.0010322309162311848,-6.87949800491333,-0.004497888032346964,assist,no
4028,0,0,0.00020342697237267867,-8.507071495056152,-0.007071467116475105,assist,no
4029,0,0,0.00013982204713325873,-8.88785171508789,-0.012851511128246784,assist,no
4030,0,0,0.0008040858993385666,-7.127645492553711,-0.0026454473845660686,assist,no
4031,0,0,4.006367659601605e-05,-10.13487434387207,-0.009873953647911549,assist,no
4032,0,0,0.00029595703635909663,-8.14172077178955,-0.01672051101922989,assist,no
4033,0,0,0.0001233945361138653,-9.010279655456543,-0.010279332287609577,assist,no
4034,0,0,0.0001584361692367687,-8.766460418701172,-0.016460103914141655,assist,no
4035,0,0,0.0013250225490787028,-6.636868476867676,-0.011868576519191265,assist,no
4036,0,0,0.00017952789474787927,-8.627907752990723,-0.002907337388023734,assist,no
4037,0,0,0.00010889688964372793,-9.133971214294434,-0.008971027098596096,assist,no
4038,0,0,0.00020342690285643462,-8.510398864746094,-0.010398495011031628,assist,no
4039,0,0,0.00037998454658969737,-7.8900065422058105,-0.015006626024842262,assist,no
4040,0,0,2.4300230423631145e-05,-10.643289566040039,-0.018289141356945038,assist,no
4041,0,0,0.00015843616304043307,-8.755069732666016,-0.005069378763437271,assist,no
4042,0,0,5.144219295064879e-05,-9.889445304870605,-0.014444900676608086,assist,no
4043,0,0,0.0001088968672327639,-9.151636123657227,-0.026635730639100075,assist,no
4044,0,0,0.0001233946217188177,-9.004851341247559,-0.004851711913943291,assist,no
4045,0,0,0.000158436172777532,-8.757989883422852,-0.007989590987563133,assist,no
4046,0,0,0.00029595718350277657,-8.133173942565918,-0.008174179121851921,assist,no
4047,0,0,0.00017952800879853209,-8.668628692626953,-0.043628912419080734,assist,no
4048,0,0,0.00017952796015251375,-8.633004188537598,-0.008004137314856052,assist,no
4049,0,0,0.0008040860560993031,-7.134915351867676,-0.009915501810610294,assist,no
4050,0,0,0.0046095728481315825,-5.379897594451904,-0.004897740203887224,assist,no
4051,0,0,0.00013982209179228477,-8.878994941711426,-0.003995057195425034,assist,no
4052,0,0,0.00013982211633522499,-8.881975173950195,-0.00697546498849988,assist,no
4053,0,0,0.0011695101026838405,-6.752680778503418,-0.0026806395035237074,assist,no
4054,0,0,8.481106269270399e-05,-9.381110191345215,-0.006110438611358404,assist,no
4055,0,0,0.0035936030582931077,-5.633258819580078,-0.008258952759206295,assist,no
4056,0,0,0.0011695100637907963,-6.753947734832764,-0.003947562538087368,assist,no
4057,0,0,0.00015843625458393968,-8.753907203674316,-0.003907427657395601,assist,no
4058,0,0,0.0001584361574342249,-8.776995658874512,-0.02699526958167553,assist,no
4059,0,0,0.0005527786429693346,-7.500965118408203,-0.0009651293512433767,assist,no
4060,0,0,9.610240444699676e-05,-9.25693130493164,-0.00693118991330266,assist,no
4061,0,0,0.004070137719671311,-5.504111289978027,-0.004111290909349918,assist,no
4062,0,0,0.0001795279298950313,-8.63958740234375,-0.01458718255162239,assist,no
4063,0,0,0.0006263341295446852,-7.3872151374816895,-0.012215091846883297,assist,no
4064,0,0,0.00020342693505741668,-8.514699935913086,-0.0146997245028615,assist,no
4065,0,0,0.00013982202752170112,-8.876371383666992,-0.0013710394268855453,assist,no
4066,0,0,0.0011695104695840209,-6.766066551208496,-0.01606672629714012,assist,no
4067,0,0,9.610242359865845e-05,-9.252355575561523,-0.00235565984621644,assist,no
4068,0,0,0.000179527981382905,-8.646183013916016,-0.021183080971240997,assist,no
4069,0,0,8.481104030194545e-05,-9.398752212524414,-0.02375219576060772,assist,no
4070,0,0,0.0035936021345601165,-5.631759166717529,-0.006759041920304298,assist,no
4071,0,0,0.00037998444506239496,-7.880175590515137,-0.0051754070445895195,assist,no
4072,0,0,0.000430557016392609,-7.758336067199707,-0.008335916325449944,assist,no
4073,0,0,6.605213030711111e-05,-9.631186485290527,-0.006186265032738447,assist,no
4074,0,0,0.00029595714582131223,-8.127586364746094,-0.0025864739436656237,assist,no
4075,0,0,0.0002611903774610632,-8.259200096130371,-0.009200319647789001,assist,no
4076,0,0,0.004609571867429908,-5.382931709289551,-0.007931641303002834,assist,no
4077,0,0,0.00048785702764189514,-7.6293816566467285,-0.004381461534649134,assist,no
4078,0,0,0.00020342705931537163,-8.501991271972656,-0.00199167151004076,assist,no
4079,0,0,0.00043055717596703926,-7.75130558013916,-0.0013058000477030873,assist,no
4080,0,0,0.0002034268911125483,-8.507292747497559,-0.007292320020496845,assist,no
4081,0,0,0.0013250223438860662,-6.627039909362793,-0.002039853949099779,assist,no
4082,0,0,0.0004305570324252022,-7.761796474456787,-0.011796360835433006,assist,no
4083,0,0,4.539788874227743e-05,-10.01846694946289,-0.018467390909790993,assist,no
4084,0,0,0.00010889688457337367,-9.139588356018066,-0.014588122256100178,assist,no
4085,0,0,8.481100539290868e-05,-9.383865356445312,-0.008864928036928177,assist,no
4086,0,0,0.00015843627459295251,-8.751623153686523,-0.0016235039802268147,assist,no
4087,0,0,0.0006263341336253615,-7.388547897338867,-0.013547858223319054,assist,no
4088,0,0,0.00012339460591924152,-9.006226539611816,-0.006226782221347094,assist,no
4089,0,0,0.24508500761839525,-1.4403241872787476,-0.31532415747642517,assist,no
4090,0,0,0.0024726229981337907,-6.01492166519165,-0.014921600930392742,assist,no
4091,0,0,0.000552778509866703,-7.500967979431152,-0.0009677494526840746,assist,no
4092,0,0,9.61023912466714e-05,-9.258938789367676,-0.00893853697925806,assist,no
4093,0,0,0.00023050671947127686,-8.378622055053711,-0.0036220441106706858,assist,no
4094,0,0,0.00037998459699960506,-7.880167007446289,-0.005167223978787661,assist,no
4095,0,0,6.60521542044407e-05,-9.645848274230957,-0.020848415791988373,assist,no
4096,0,0,2.4300237167611438e-05,-10.645691871643066,-0.020691724494099617,assist,no
4097,0,0,0.00026119021136305657,-8.258367538452148,-0.008367125876247883,assist,no
4098,0,0,0.0004878571563879383,-7.63346529006958,-0.0084653589874506,assist,no
4099,0,0,0.0066928520635182375,-5.017597675323486,-0.017597846686840057,assist,no
4100,0,0,0.0001795279994788901,-8.627516746520996,-0.002516914391890168,assist,no
4101,0,0,0.001169510039856616,-6.753332138061523,-0.003331945277750492,assist,no
4102,0,0,0.00015843623518349833,-8.757120132446289,-0.007120233960449696,assist,no
4103,0,0,0.0002959571917692776,-8.130134582519531,-0.005134847015142441,assist,no
4104,0,0,0.0005527785684910281,-7.510679244995117,-0.010679121129214764,assist,no
4105,0,0,8.481105120114994e-05,-9.401674270629883,-0.026674382388591766,assist,no
4106,0,0,9.61024094138993e-05,-9.268449783325195,-0.01844971999526024,assist,no
4107,0,0,9.610243823088853e-05,-9.268535614013672,-0.018535850569605827,assist,no
4108,0,0,0.0005527785314448275,-7.513637542724609,-0.013637351803481579,assist,no
4109,0,0,5.829126316403757e-05,-9.75782299041748,-0.007822947576642036,assist,no
4110,0,0,8.481105128012969e-05,-9.383028030395508,-0.008028143085539341,assist,no
4111,0,0,0.0006263341691855422,-7.3770623207092285,-0.0020623384043574333,assist,no
4112,0,0,0.00048785711699209967,-7.62776517868042,-0.0027651668060570955,assist,no
4113,0,0,0.00043055702140279434,-7.756528854370117,-0.0065287151373922825,assist,no
4114,0,0,0.00013982211028086534,-8.905400276184082,-0.03040052391588688,assist,no
4115,0,0,9.610239321553339e-05,-9.261324882507324,-0.01132465060800314,assist,no
4116,0,0,0.0009110511183187181,-7.001669883728027,-0.001669800141826272,assist,no
4117,0,0,6.605211391422461e-05,-9.636345863342285,-0.011345394887030125,assist,no
4118,0,0,0.03732688306051187,-3.320357322692871,-0.07035720348358154,assist,no
4119,0,0,0.0008040857629679745,-7.128579616546631,-0.003579401643946767,assist,no
4120,0,0,4.539785272130008e-05,-10.007771492004395,-0.007771139964461327,assist,no
4121,0,0,0.00013982203554535047,-8.89864444732666,-0.023644160479307175,assist,no
4122,0,0,8.481104361909451e-05,-9.39130973815918,-0.01630976051092148,assist,no
4123,0,0,0.0003799845720599657,-7.878864765167236,-0.003864916041493416,assist,no
4124,0,0,0.0009110512244943343,-7.004045009613037,-0.004045042674988508,assist,no
4125,0,0,0.0009110510800658294,-7.001893997192383,-0.0018938715802505612,assist,no
4126,0,0,0.0001088969075927839,-9.127725601196289,-0.0027255788445472717,assist,no
4127,0,0,3.5356262858849363e-05,-10.283896446228027,-0.0338967889547348,assist,no
4128,0,0,0.0009110512842578604,-7.008176326751709,-0.008176425471901894,assist,no
4129,0,0,7.484619363604755e-05,-9.505450248718262,-0.005449796095490456,assist,no
4130,0,0,0.0005527786595629483,-7.509610652923584,-0.009610693901777267,assist,no
4131,0,0,0.0004305570703022058,-7.75537109375,-0.005371068138629198,assist,no
4132,0,0,0.03308597493257518,-3.4117889404296875,-0.036788832396268845,assist,no
4133,0,0,0.00023050672650029897,-8.38097095489502,-0.005970974452793598,assist,no
4134,0,0,9.6102400643513e-05,-9.260076522827148,-0.010076368227601051,assist,no
4135,0,0,0.0004305571638924884,-7.759470462799072,-0.009470654651522636,assist,no
4136,0,0,0.0008040858537881673,-7.125824928283691,-0.0008248264202848077,assist,no
4137,0,0,8.481101787170298e-05,-9.379838943481445,-0.004838662222027779,assist,no
4138,0,0,0.002182716145145547,-6.140638828277588,-0.015638690441846848,assist,no
4139,0,0,0.002800926431261442,-5.883878707885742,-0.008878516033291817,assist,no
4140,0,0,0.0003799845529572644,-7.891839981079102,-0.01684008166193962,assist,no
4141,0,0,0.0013250223161573342,-6.638303756713867,-0.013303680345416069,assist,no
4142,0,0,0.000230506623157598,-8.37940788269043,-0.004407453816384077,assist,no
4143,0,0,0.0013250221630331232,-6.628830432891846,-0.0038302408065646887,assist,no
4144,0,0,0.0002959571801961762,-8.146358489990234,-0.021358715370297432,assist,no
4145,0,0,0.00026119038037933075,-8.254024505615234,-0.004024740308523178,assist,no
4146,0,0,0.0006263342848290128,-7.3757405281066895,-0.0007407305529341102,assist,no
4147,0,0,0.0024726237372308564,-6.003842830657959,-0.0038430660497397184,assist,no
4148,0,0,0.00023050661467984994,-8.389749526977539,-0.014749061316251755,assist,no
4149,0,0,4.006370342242665e-05,-10.133838653564453,-0.00883893296122551,assist,no
4150,0,0,0.00012339455116654391,-9.005534172058105,-0.005533970892429352,assist,no
4151,0,0,0.00048785710825008404,-7.627814292907715,-0.002814263105392456,assist,no
4152,0,0,0.00015843620789010576,-8.761445999145508,-0.011445928364992142,assist,no
4153,0,0,7.48462233285655e-05,-9.505398750305176,-0.005398694425821304,assist,no
4154,0,0,0.00013982204791446605,-8.885473251342773,-0.010473052971065044,assist,no
4155,0,0,0.0003799844627500764,-7.884277820587158,-0.009277683682739735,assist,no
4156,0,0,0.00043055713663707213,-7.7568440437316895,-0.00684417225420475,assist,no
4157,0,0,0.0002034270266881802,-8.502927780151367,-0.00292801926843822,assist,no
4158,0,0,5.829124937569879e-05,-9.758808135986328,-0.00880785658955574,assist,no
4159,0,0,0.0003799845745362419,-7.880887508392334,-0.005887665785849094,assist,no
4160,0,0,7.484623726871884e-05,-9.5062255859375,-0.006225716322660446,assist,no
4161,0,0,0.0001233946184439963,-9.006967544555664,-0.006967888679355383,assist,no
4162,0,0,6.605217622566844e-05,-9.636282920837402,-0.011283395811915398,assist,no
4163,0,0,8.481102079395254e-05,-9.380390167236328,-0.005389920435845852,assist,no
4164,0,0,0.0004305571612871912,-7.754181385040283,-0.004181570839136839,assist,no
4165,0,0,8.481107825171782e-05,-9.381903648376465,-0.006904079113155603,assist,no
4166,0,0,0.0008040858637961602,-7.138998508453369,-0.013998419046401978,assist,no
4167,0,0,0.0004878570687407166,-7.628122329711914,-0.0031222188845276833,assist,no
4168,0,0,0.000804085971171645,-7.12803316116333,-0.0030332054011523724,assist,no
4169,0,0,0.0004305571564774118,-7.754212379455566,-0.004212554078549147,assist,no
4170,0,0,0.0007096705577768463,-7.251768112182617,-0.0017683359328657389,assist,no
4171,0,0,0.003172682736450196,-5.76080322265625,-0.010803189128637314,assist,no
4172,0,0,0.00015843616466328285,-8.752756118774414,-0.0027557751163840294,assist,no
4173,0,0,0.0028009269963851498,-5.878233909606934,-0.003233920084312558,assist,no
4174,0,0,0.0011695099963399253,-6.75957727432251,-0.009577044285833836,assist,no
4175,0,0,0.00037998445655938783,-7.879762649536133,-0.004762496333569288,assist,no
4176,0,0,0.004070138217995474,-5.512239933013916,-0.01224005687981844,assist,no
4177,0,0,0.0010322308000291283,-6.8815789222717285,-0.006578692700713873,assist,no
4178,0,0,0.0017007227533757396,-6.378661632537842,-0.0036618339363485575,assist,no
4179,0,0,0.0019267349668942247,-6.252955436706543,-0.002955594565719366,assist,no
4180,0,0,8.48110085126071e-05,-9.381937026977539,-0.006936635356396437,assist,no
4181,0,0,0.0006263342382655712,-7.377532482147217,-0.0025326102040708065,assist,no
4182,0,0,0.00017952801281057544,-8.6320161819458,-0.007016424089670181,assist,no
4183,0,0,0.0007096703134055165,-7.253048419952393,-0.0030482991132885218,assist,no
4184,0,0,0.0017007227877674422,-6.3791728019714355,-0.004173023626208305,assist,no
4185,0,0,0.0002959572128488563,-8.132186889648438,-0.007187225390225649,assist,no
4186,0,0,8.481102340028334e-05,-9.401779174804688,-0.02677895873785019,assist,no
4187,0,0,0.00010889690931670469,-9.137799263000488,-0.012799256481230259,assist,no
4188,0,0,0.0019267346678048607,-6.256488800048828,-0.0064888023771345615,assist,no
4189,0,0,0.0002611902829821695,-8.25259017944336,-0.0025900411419570446,assist,no
4190,0,0,0.0010322311817673388,-6.884118556976318,-0.009118697606027126,assist,no
4191,0,0,0.037326884131416216,-3.299589157104492,-0.049589067697525024,assist,no
4192,0,0,4.006368389026082e-05,-10.127571105957031,-0.0025708978064358234,assist,no
4193,0,0,0.00010889690627449156,-9.132957458496094,-0.00795742403715849,assist,no
4194,0,0,1.3007129580934163e-05,-11.25978946685791,-0.009789552539587021,assist,no
4195,0,0,0.0002034269784340417,-8.527124404907227,-0.02712440676987171,assist,no
4196,0,0,8.481106652322237e-05,-9.381141662597656,-0.006141955032944679,assist,no
4197,0,0,0.00026119028091506406,-8.262993812561035,-0.012993666343390942,assist,no
4198,0,0,0.000230506648161591,-8.3800630569458,-0.0050627365708351135,assist,no
4199,0,0,0.0006263341339168385,-7.378629684448242,-0.003629645798355341,assist,no
4200,0,0,0.00015843627560723433,-8.757997512817383,-0.00799786951392889,assist,no
4201,0,0,0.0006263341764724648,-7.375810146331787,-0.0008101756684482098,assist,no
4202,0,0,0.0002305066652244032,-8.379977226257324,-0.004976979922503233,assist,no
4203,0,0,0.00012339454817898924,-9.012816429138184,-0.012816203758120537,assist,no
4204,0,0,7.484621294315296e-05,-9.507887840270996,-0.007887645624577999,assist,no
4205,0,0,0.0004305570512634999,-7.75448751449585,-0.004487444646656513,assist,no
4206,0,0,9.610241012984925e-05,-9.266509056091309,-0.016509000211954117,assist,no
4207,0,0,5.829128276085539e-05,-9.762710571289062,-0.012710864655673504,assist,no
4208,0,0,5.829125295849516e-05,-9.753774642944336,-0.0037744250148534775,assist,no
4209,0,0,0.00013982209413590751,-8.883010864257812,-0.008010996505618095,assist,no
4210,0,0,0.00043055718032590203,-7.7509846687316895,-0.0009848987683653831,assist,no
4211,0,0,0.0007096703251287339,-7.262122631072998,-0.01212252676486969,assist,no
4212,0,0,0.010986944583746605,-4.515211582183838,-0.015211761929094791,assist,no
4213,0,0,0.00020342701139270623,-8.509011268615723,-0.009011432528495789,assist,no
4214,0,0,8.481105751952999e-05,-9.386298179626465,-0.011298365890979767,assist,no
4215,0,0,0.0006263340462551722,-7.376035690307617,-0.0010355116100981832,assist,no
4216,0,0,5.829127076391073e-05,-9.754261016845703,-0.004261104390025139,assist,no
4217,0,0,0.00043055710377024883,-7.751586437225342,-0.0015864893794059753,assist,no
4218,0,0,0.0021827166887503197,-6.131190299987793,-0.006190411746501923,assist,no
4219,0,0,0.0009110511303985777,-7.004380226135254,-0.004380155820399523,assist,no
4220,0,0,0.00017952796332871385,-8.6294527053833,-0.004452671855688095,assist,no
4221,0,0,4.006367342460569e-05,-10.158906936645508,-0.033906467258930206,assist,no
4222,0,0,0.00026119042743639917,-8.255823135375977,-0.005823550280183554,assist,no
4223,0,0,0.0002611902151324831,-8.253759384155273,-0.0037589860148727894,assist,no
4224,0,0,0.00023050676663548297,-8.378213882446289,-0.0032140761613845825,assist,no
4225,0,0,8.481101810864213e-05,-9.383821487426758,-0.008821208961308002,assist,no
4226,0,0,0.000261190221090609,-8.254528999328613,-0.004528624005615711,assist,no
4227,0,0,8.48110660493438e-05,-9.384984970092773,-0.009985256940126419,assist,no
4228,0,0,0.0005527786834886249,-7.505980014801025,-0.005980099085718393,assist,no
4229,0,0,9.610243572506304e-05,-9.280250549316406,-0.030250759795308113,assist,no
4230,0,0,0.0021827166055868943,-6.134594917297363,-0.009594990871846676,assist,no
4231,0,0,5.1442228123242626e-05,-9.875394821166992,-0.0003951007383875549,assist,no
4232,0,0,6.605214854535544e-05,-9.651583671569824,-0.026583727449178696,assist,no
4233,0,0,0.000430557108830537,-7.751723289489746,-0.0017233534017577767,assist,no
4234,0,0,8.481101115842733e-05,-9.38632583618164,-0.011325475759804249,assist,no
4235,0,0,0.0007096705083246683,-7.251739978790283,-0.0017401328077539802,assist,no
4236,0,0,0.0006263341678738962,-7.3766093254089355,-0.0016093410085886717,assist,no
4237,0,0,0.00020342706802858472,-8.50900650024414,-0.009006942622363567,assist,no
4238,0,0,2.430024599362874e-05,-10.641268730163574,-0.01626894623041153,assist,no
4239,0,0,0.0003799844797302514,-7.883243083953857,-0.008242991752922535,assist,no
4240,0,0,0.00026119036700393816,-8.258092880249023,-0.008093063719570637,assist,no
4241,0,0,0.0013250222311225587,-6.62670373916626,-0.0017035985365509987,assist,no
4242,0,0,0.0028009265444162374,-5.881420612335205,-0.006420460995286703,assist,no
4243,0,0,0.02595735484308074,-3.6563429832458496,-0.03134289011359215,assist,no
4244,0,0,0.0006263341196344713,-7.379485607147217,-0.004485545679926872,assist,no
4245,0,0,0.0008040861129671673,-7.128168106079102,-0.0031683268025517464,assist,no
4246,0,0,0.0001584362589361303,-8.757048606872559,-0.00704885832965374,assist,no
4247,0,0,6.60521667836048e-05,-9.631900787353516,-0.006901119370013475,assist,no
4248,0,0,0.0001233945820762485,-9.013294219970703,-0.01329426933079958,assist,no
4249,0,0,0.00023050681911171002,-8.380698204040527,-0.005698625463992357,assist,no
4250,0,0,0.0011695105408426312,-6.756265640258789,-0.0062658763490617275,assist,no
4251,0,0,0.0002034270506968677,-8.505646705627441,-0.005647062789648771,assist,no
4252,0,0,0.0002611903704085835,-8.2581205368042,-0.008120733313262463,assist,no
4253,0,0,0.0009110513603398016,-7.002414226531982,-0.002414408838376403,assist,no
4254,0,0,0.0008040859464790235,-7.129250526428223,-0.004250539932399988,assist,no
4255,0,0,0.0003353502231941709,-8.002995491027832,-0.002995767630636692,assist,no
4256,0,0,1.300713224594312e-05,-11.268269538879395,-0.01826982945203781,assist,no
4257,0,0,0.015906388358795782,-4.149660587310791,-0.024660373106598854,assist,no
4258,0,0,9.610238954629065e-05,-9.270986557006836,-0.0209862869232893,assist,no
4259,0,0,0.0007096702491754986,-7.25279426574707,-0.002794054336845875,assist,no
4260,0,0,0.0019267344269215444,-6.258261203765869,-0.008261080831289291,assist,no
4261,0,0,0.0046095717819657185,-5.382752418518066,-0.007752331905066967,assist,no
4262,0,0,0.00020342693818280636,-8.50357437133789,-0.0035741752944886684,assist,no
4263,0,0,7.48462300198388e-05,-9.516366958618164,-0.01636699214577675,assist,no
4264,0,0,0.0006263340479311639,-7.3888773918151855,-0.013877215795218945,assist,no
4265,0,0,0.0002034269053188625,-8.521175384521484,-0.021175026893615723,assist,no
4266,0,0,0.000123394606809763,-9.003900527954102,-0.003900777781382203,assist,no
4267,0,0,0.00026119023385802204,-8.257180213928223,-0.0071798874996602535,assist,no
4268,0,0,5.144220646037127e-05,-9.891276359558105,-0.016276217997074127,assist,no
4269,0,0,0.00013982207512652412,-8.909271240234375,-0.0342712365090847,assist,no
4270,0,0,0.000626334226897971,-7.384566307067871,-0.009566416963934898,assist,no
4271,0,0,0.0005527785566568249,-7.507138252258301,-0.007138106971979141,assist,no
4272,0,0,8.481105688769196e-05,-9.445274353027344,-0.07027453184127808,assist,no
4273,0,0,0.002182715992003182,-6.131753921508789,-0.006753713358193636,assist,no
4274,0,0,0.00010889692072500468,-9.125997543334961,-0.0009976415894925594,assist,no
4275,0,0,0.004070138133053851,-5.505712509155273,-0.0057126120664179325,assist,no
4276,0,0,0.0001088968613511542,-9.13948917388916,-0.01448872685432434,assist,no
4277,0,0,6.605212412517783e-05,-9.628368377685547,-0.0033680638298392296,assist,no
4278,0,0,2.7535701013132427e-05,-10.520695686340332,-0.020696045830845833,assist,no
4279,0,0,0.00013982202854703562,-8.878868103027344,-0.003867766121402383,assist,no
4280,0,0,0.0005527785427644997,-7.509779453277588,-0.009779282845556736,assist,no
4281,0,0,5.829127130675885e-05,-9.798993110656738,-0.04899320751428604,assist,no
4282,0,0,0.0011695103499130821,-6.753854274749756,-0.0038543473929166794,assist,no
4283,0,0,0.00017952791953059098,-8.651785850524902,-0.02678557299077511,assist,no
4284,0,0,0.00012339453507971185,-9.016382217407227,-0.01638188585639,assist,no
4285,0,0,0.0003353500692724592,-8.010357856750488,-0.010357674211263657,assist,no
4286,0,0,0.0017007220177097195,-6.386293411254883,-0.011293179355561733,assist,no
4287,0,0,0.0850990357257195,-2.477334976196289,-0.10233485698699951,assist,no
4288,0,0,0.00020342693382620255,-8.50716495513916,-0.0071647376753389835,assist,no
4289,0,0,0.0009110511609161195,-7.00208854675293,-0.00208850996568799,assist,no
4290,0,0,5.144220444828472e-05,-9.89139461517334,-0.01639443449676037,assist,no
4291,0,0,0.00013982205012788684,-8.88209342956543,-0.007093247026205063,assist,no
4292,0,0,0.0005527785437935607,-7.504348278045654,-0.0043481094762682915,assist,no
4293,0,0,0.0002611902587848779,-8.258158683776855,-0.008158452808856964,assist,no
4294,0,0,0.0006263341649591272,-7.377964973449707,-0.002964984392747283,assist,no
4295,0,0,4.539788692431663e-05,-10.009949684143066,-0.009950085543096066,assist,no
4296,0,0,0.0004305569833253875,-7.754251480102539,-0.004251252394169569,assist,no
4297,0,0,0.00017952803278720923,-8.629024505615234,-0.004024859052151442,assist,no
4298,0,0,0.0010322312648374332,-6.8823981285095215,-0.0073983496986329556,assist,no
4299,0,0,0.00017952789729719685,-8.629374504089355,-0.0043741026893258095,assist,no
4300,0,0,0.0003799845154593719,-7.883360385894775,-0.00836038775742054,assist,no
4301,0,0,0.00015843617189234115,-8.771010398864746,-0.021010100841522217,assist,no
4302,0,0,0.0005527786186577619,-7.503355503082275,-0.0033554700203239918,assist,no
4303,0,0,0.16451646699291617,-1.8054436445236206,-0.180443674325943,assist,no
4304,0,0,6.605214331685317e-05,-9.633859634399414,-0.008859611116349697,assist,no
4305,0,0,0.017986206211565582,-4.029000282287598,-0.029000069946050644,assist,no
4306,0,0,0.0009110513715719549,-7.007272243499756,-0.007272438146173954,assist,no
4307,0,0,0.00033535026780182005,-8.001250267028809,-0.0012506766943261027,assist,no
4308,0,0,0.0028009273729175796,-5.891446590423584,-0.016446735709905624,assist,no
4309,0,0,6.605217524147932e-05,-9.632819175720215,-0.007819635793566704,assist,no
4310,0,0,0.0008040859049505255,-7.1338210105896,-0.00882097240537405,assist,no
4311,0,0,0.00037998448928160003,-7.879668712615967,-0.0046686455607414246,assist,no
4312,0,0,0.0003799844825602806,-7.889978408813477,-0.014978324063122272,assist,no
4313,0,0,0.0002305067818739771,-8.382081031799316,-0.007081291638314724,assist,no
4314,0,0,8.481103672811241e-05,-9.378857612609863,-0.003857553703710437,assist,no
4315,0,0,6.605214934500876e-05,-9.636277198791504,-0.011277266778051853,assist,no
4316,0,0,0.00020342696659544226,-8.505081176757812,-0.005081120412796736,assist,no
4317,0,0,7.484624005674982e-05,-9.520959854125977,-0.020960021764039993,assist,no
4318,0,0,0.0019267342084251793,-6.279419422149658,-0.02941918559372425,assist,no
4319,0,0,0.017986208481620684,-4.020740032196045,-0.020739948377013206,assist,no
4320,0,0,0.0001584361967998612,-8.750207901000977,-0.00020776021119672805,assist,no
4321,0,0,8.481105657177294e-05,-9.401556968688965,-0.02655714377760887,assist,no
4322,0,0,0.0003353500172887733,-8.005768775939941,-0.005768438335508108,assist,no
4323,0,0,0.0006263340572584229,-7.383575916290283,-0.008575755171477795,assist,no
4324,0,0,0.0015011823293282728,-6.5072760581970215,-0.007276106625795364,assist,no
4325,0,0,0.0009110512124144731,-7.003118515014648,-0.003118534805253148,assist,no
4326,0,0,0.014063624615494307,-4.270965099334717,-0.02096492424607277,assist,no
4327,0,0,8.939692283503128e-06,-11.639242172241211,-0.014241722412407398,assist,no
4328,0,0,0.0002611904223294302,-8.252995491027832,-0.0029958863742649555,assist,no
4329,0,0,0.00023050666114649826,-8.380609512329102,-0.005609248299151659,assist,no
4330,0,0,0.00037998451811252455,-7.880275249481201,-0.005275258328765631,assist,no
4331,0,0,0.00013982213814394206,-8.901692390441895,-0.026692837476730347,assist,no
4332,0,0,0.000709670551667562,-7.25509786605835,-0.0050980811938643456,assist,no
4333,0,0,0.00023050669816958508,-8.38537311553955,-0.010373012162744999,assist,no
4334,0,0,0.00020342705050745006,-8.506378173828125,-0.00637853005900979,assist,no
4335,0,0,0.0003799844898122306,-7.877102375030518,-0.0021023093722760677,assist,no
4336,0,0,0.0006263341214926364,-7.375912189483643,-0.0009121309849433601,assist,no
4337,0,0,5.829129291211817e-05,-9.759943008422852,-0.00994347594678402,assist,no
4338,0,0,0.012431653505861328,-4.39561128616333,-0.02061150223016739,assist,no
4339,0,0,0.0005527786836172575,-7.502899169921875,-0.0028992544393986464,assist,no
4340,0,0,0.00020342696422772245,-8.5071439743042,-0.007143906317651272,assist,no
4341,0,0,0.0003799846007140196,-7.876472473144531,-0.0014726994559168816,assist,no
4342,0,0,0.00029595701149071974,-8.127121925354004,-0.002121580531820655,assist,no
4343,0,0,0.00669285077568921,-5.011158466339111,-0.011158443987369537,assist,no
4344,0,0,0.0013250225754210033,-6.626952171325684,-0.00195229088421911,assist,no
4345,0,0,0.0008040860583440871,-7.128189563751221,-0.00318971648812294,assist,no
4346,0,0,0.00015843615064776263,-8.768780708312988,-0.01878027617931366,assist,no
4347,0,0,0.0002611903159342636,-8.258146286010742,-0.008146273903548717,assist,no
4348,0,0,0.015906390837114055,-4.176791667938232,-0.051791612058877945,assist,no
4349,0,0,4.539787304651354e-05,-10.002976417541504,-0.002976513234898448,assist,no
4350,0,0,0.0021827164636005654,-6.128870964050293,-0.0038709724321961403,assist,no
4351,0,0,0.005220125978896719,-5.260494232177734,-0.010494287125766277,assist,no
4352,0,0,0.00026119019798767265,-8.252006530761719,-0.0020060669630765915,assist,no
4353,0,0,0.00017952805192800268,-8.655230522155762,-0.03023098222911358,assist,no
4354,0,0,0.0004305569999592017,-7.756572723388672,-0.006572534330189228,assist,no
4355,0,0,0.00043055704665412905,-7.751055717468262,-0.0010556369088590145,assist,no
4356,0,0,0.00012339456104845604,-9.004337310791016,-0.004337189719080925,assist,no
4357,0,0,6.605215242059856e-05,-9.639409065246582,-0.014409179799258709,assist,no
4358,0,0,0.0003353502632356825,-8.002374649047852,-0.0023750450927764177,assist,no
4359,0,0,0.004609573085294762,-5.38754940032959,-0.012549597769975662,assist,no
4360,0,0,0.00013982208632383185,-8.889558792114258,-0.014558868482708931,assist,no
4361,0,0,0.0024726233932377117,-6.005734443664551,-0.005734539590775967,assist,no
4362,0,0,0.00015843621489786827,-8.75121784210205,-0.0012178155593574047,assist,no
4363,0,0,0.00012339457225178765,-9.004836082458496,-0.004836052190512419,assist,no
4364,0,0,6.962255549859786e-06,-11.901385307312012,-0.02638520672917366,assist,no
4365,0,0,7.484621914652e-05,-9.521029472351074,-0.021029360592365265,assist,no
4366,0,0,8.481105183298792e-05,-9.454269409179688,-0.07926952838897705,assist,no
4367,0,0,0.0002959571700008254,-8.131441116333008,-0.006441307254135609,assist,no
4368,0,0,0.0005527786184004967,-7.507575035095215,-0.007575001567602158,assist,no
4369,0,0,0.00017952798606362153,-8.63536548614502,-0.010365579277276993,assist,no
4370,0,0,0.0008040860512356044,-7.128927707672119,-0.003927851561456919,assist,no
4371,0,0,0.0001088968779819135,-9.132824897766113,-0.007824603468179703,assist,no
4372,0,0,8.481104999794285e-05,-9.375207901000977,-0.0002079985715681687,assist,no
4373,0,0,0.00012339461505426897,-9.043363571166992,-0.04336388781666756,assist,no
4374,0,0,3.535624718563819e-05,-10.266281127929688,-0.01628102734684944,assist,no
4375,0,0,0.0005527785412209079,-7.504766941070557,-0.004766767844557762,assist,no
4376,0,0,0.0052201266027720895,-5.26695442199707,-0.01695459708571434,assist,no
4377,0,0,0.00033535010361603984,-8.011682510375977,-0.011682430282235146,assist,no
4378,0,0,0.00010889693345159855,-9.132019996643066,-0.007020211778581142,assist,no
4379,0,0,0.00037998455118849576,-7.8808979988098145,-0.0058980947360396385,assist,no
4380,0,0,0.00017952788459240146,-8.63412094116211,-0.009120468981564045,assist,no
4381,0,0,0.0005527786470212636,-7.5014519691467285,-0.0014519874239340425,assist,no
4382,0,0,0.00023050674714469922,-8.375508308410645,-0.000508417550008744,assist,no
4383,0,0,0.0021827160477835123,-6.129378795623779,-0.004378613084554672,assist,no
4384,0,0,3.1201908023222715e-05,-10.38936710357666,-0.0143669955432415,assist,no
4385,0,0,0.0002959570235460268,-8.129539489746094,-0.004539185669273138,assist,no
4386,0,0,9.610241263567407e-05,-9.256251335144043,-0.006251305341720581,assist,no
4387,0,0,0.0021827163418980046,-6.131310939788818,-0.006310892291367054,assist,no
4388,0,0,0.00029595719259592777,-8.133170127868652,-0.008170395158231258,assist,no
4389,0,0,3.120191014446661e-05,-10.383888244628906,-0.008888204582035542,assist,no
4390,0,0,0.0006263341199259483,-7.378602981567383,-0.003602920565754175,assist,no
4391,0,0,0.00026119037478598465,-8.25641918182373,-0.006419395096600056,assist,no
4392,0,0,0.0002959571585654999,-8.13022518157959,-0.005225333850830793,assist,no
4393,0,0,0.0003799844921116293,-7.905740737915039,-0.030740678310394287,assist,no
4394,0,0,0.00010889690789700522,-9.139565467834473,-0.01456544827669859,assist,no
4395,0,0,0.0002959570258882008,-8.143697738647461,-0.01869744248688221,assist,no
4396,0,0,0.005220124595731435,-5.257660865783691,-0.0076606543734669685,assist,no
4397,0,0,0.0007096705047746792,-7.254075050354004,-0.004075199365615845,assist,no
4398,0,0,0.001032230993539172,-6.884034156799316,-0.009034114889800549,assist,no
4399,0,0,0.0010322309767330873,-6.876243591308594,-0.0012435331009328365,assist,no
4400,0,0,0.0024726228597325766,-6.002717971801758,-0.0027178514283150434,assist,no
4401,0,0,0.00029595700907965837,-8.12712574005127,-0.002125387080013752,assist,no
4402,0,0,0.00010889692503480721,-9.145933151245117,-0.02093328908085823,assist,no
4403,0,0,0.0003353501042404686,-8.005108833312988,-0.0051087550818920135,assist,no
4404,0,0,0.00010889694229937087,-9.12765121459961,-0.0026515109930187464,assist,no
4405,0,0,0.00013982212688152954,-8.879334449768066,-0.0043348162434995174,assist,no
4406,0,0,0.000626334289565513,-7.38195276260376,-0.006952972617000341,assist,no
4407,0,0,6.605214866837904e-05,-9.630443572998047,-0.005443630740046501,assist,no
4408,0,0,0.00012339451899288193,-9.026647567749023,-0.026647105813026428,assist,no
4409,0,0,0.002182716052854451,-6.129183769226074,-0.004183589015156031,assist,no
4410,0,0,5.144220545432799e-05,-9.88000774383545,-0.00500758271664381,assist,no
4411,0,0,0.0002611902091743573,-8.266645431518555,-0.01664501056075096,assist,no
4412,0,0,0.0028009272610633813,-5.885295391082764,-0.010295496322214603,assist,no
4413,0,0,0.00029595704743275815,-8.12582778930664,-0.0008275659638457,assist,no
4414,0,0,9.610240028553806e-05,-9.268397331237793,-0.018397172912955284,assist,no
4415,0,0,0.0004878572241669536,-7.628246307373047,-0.003246515290811658,assist,no
4416,0,0,0.0003353500030830228,-8.01880931854248,-0.018808938562870026,assist,no
4417,0,0,0.0008040860804177971,-7.130197048187256,-0.0051972283981740475,assist,no
4418,0,0,2.144493963335179e-05,-10.812403678894043,-0.06240326911211014,assist,no
4419,0,0,0.0002611903960650193,-8.254068374633789,-0.004068669397383928,assist,no
4420,0,0,0.0011695101773421706,-6.751514911651611,-0.0015148365637287498,assist,no
4421,0,0,0.0004878571863605671,-7.634451866149902,-0.00945199653506279,assist,no
4422,0,0,0.00020342695399917318,-8.504471778869629,-0.00447166059166193,assist,no
4423,0,0,0.0001233946203255823,-9.0018892288208,-0.001889588194899261,assist,no
4424,0,0,5.8291292572837974e-05,-9.753751754760742,-0.003752216463908553,assist,no
4425,0,0,0.0001795279964280657,-8.633052825927734,-0.008052976801991463,assist,no
4426,0,0,0.00017952790339884232,-8.632052421569824,-0.007052054163068533,assist,no
4427,0,0,4.539785754100666e-05,-10.004732131958008,-0.004731886088848114,assist,no
4428,0,0,0.00020342702654611695,-8.526985168457031,-0.02698540687561035,assist,no
4429,0,0,0.0002611902575689337,-8.252439498901367,-0.00243926327675581,assist,no
4430,0,0,0.0003799844968873038,-7.878024101257324,-0.0030240542255342007,assist,no
4431,0,0,7.48462370596165e-05,-9.509929656982422,-0.009929784573614597,assist,no
4432,0,0,0.00029595702395935166,-8.134154319763184,-0.009154017083346844,assist,no
4433,0,0,0.0021827163560966365,-6.1277756690979,-0.0027756281197071075,assist,no
4434,0,0,0.00015843616975312998,-8.757078170776367,-0.007077859248965979,assist,no
4435,0,0,0.00023050664000578186,-8.381340980529785,-0.006340624764561653,assist,no
4436,0,0,0.00043055702841705374,-7.7848005294799805,-0.03480040654540062,assist,no
4437,0,0,0.00043055700056042386,-7.750612735748291,-0.0006125480867922306,assist,no
4438,0,0,0.00048785717682382133,-7.6293110847473145,-0.004311195574700832,assist,no
4439,0,0,0.00010889687057919715,-9.135038375854492,-0.010038013570010662,assist,no
4440,0,0,4.539785652633155e-05,-10.020737648010254,-0.020737379789352417,assist,no
4441,0,0,7.484625079067005e-05,-9.507853507995605,-0.00785381905734539,assist,no
4442,0,0,3.120190133985247e-05,-10.38379955291748,-0.008799230679869652,assist,no
4443,0,0,0.00010889689816192363,-9.132816314697266,-0.007816205732524395,assist,no
4444,0,0,0.0006263340498257635,-7.376332759857178,-0.0013325868640094995,assist,no
4445,0,0,0.0017007225260742757,-6.377206325531006,-0.002206393051892519,assist,no
4446,0,0,0.0013250221245210006,-6.6268815994262695,-0.00188137823715806,assist,no
4447,0,0,0.00023050671169106175,-8.383193969726562,-0.008193925023078918,assist,no
4448,0,0,0.00017952801414792324,-8.63306999206543,-0.008070241659879684,assist,no
4449,0,0,0.08509904848750824,-2.472119092941284,-0.09711913764476776,assist,no
4450,0,0,8.481101992517564e-05,-9.382820129394531,-0.007819872349500656,assist,no
4451,0,0,0.0002959571498856747,-8.143807411193848,-0.018807534128427505,assist,no
4452,0,0,0.00017952799575939187,-8.637907028198242,-0.012907175347208977,assist,no
4453,0,0,7.484625697661504e-05,-9.503801345825195,-0.003801739541813731,assist,no
4454,0,0,0.0006263342369539249,-7.37608528137207,-0.0010854073334485292,assist,no
4455,0,0,0.0010322310553615571,-6.876180648803711,-0.0011806668480858207,assist,no
4456,0,0,9.610237665919533e-05,-9.270852088928223,-0.020851684734225273,assist,no
4457,0,0,0.0007096705133606997,-7.257872581481934,-0.007872742600739002,assist,no
4458,0,0,0.00023050662734281553,-8.379457473754883,-0.004457063041627407,assist,no
4459,0,0,0.00013982213111307168,-8.901729583740234,-0.02672998048365116,assist,no
4460,0,0,0.0011695101530000188,-6.756088733673096,-0.006088637746870518,assist,no
4461,0,0,0.020332353342658753,-3.911820888519287,-0.03682088851928711,assist,no
4462,0,0,3.1201911975129266e-05,-10.3985013961792,-0.02350141480565071,assist,no
4463,0,0,4.53978881503832e-05,-10.026520729064941,-0.02652115747332573,assist,no
4464,0,0,0.0008040858450896314,-7.137393951416016,-0.012393838725984097,assist,no
4465,0,0,0.00017952793929825391,-8.628140449523926,-0.003140282118692994,assist,no
4466,0,0,0.0002305067820886038,-8.383127212524414,-0.008127473294734955,assist,no
4467,0,0,0.008577485556269923,-4.762112617492676,-0.012112634256482124,assist,no
4468,0,0,0.00048785703195613594,-7.635640621185303,-0.010640434920787811,assist,no
4469,0,0,0.00012339456903442053,-9.000335693359375,-0.00033563701435923576,assist,no
4470,0,0,0.0019267345675114318,-6.2551727294921875,-0.005172679666429758,assist,no
4471,0,0,0.00023050670031585116,-8.37752628326416,-0.00252618920058012,assist,no
4472,0,0,0.00010889690188863445,-9.127106666564941,-0.0021065918263047934,assist,no
4473,0,0,0.00015843615772928848,-8.762939453125,-0.01293906569480896,assist,no
4474,0,0,6.605214694604882e-05,-9.643386840820312,-0.018386872485280037,assist,no
4475,0,0,6.605212836949015e-05,-9.6377534866333,-0.012753237038850784,assist,no
4476,0,0,9.610245845648242e-05,-9.268902778625488,-0.018903225660324097,assist,no
4477,0,0,1.4738977801626048e-05,-11.14570426940918,-0.020703986287117004,assist,no
4478,0,0,0.03308597624352061,-3.4592244625091553,-0.0842243954539299,assist,no
4479,0,0,5.8291261589778255e-05,-9.756958961486816,-0.00695889163762331,assist,no
4480,0,0,0.000108896883102971,-9.129283905029297,-0.004283657763153315,assist,no
4481,0,0,0.00029595708099818284,-8.148943901062012,-0.023943791165947914,assist,no
4482,0,0,0.0013250226056145174,-6.626363754272461,-0.0013638966483995318,assist,no
4483,0,0,0.00026119037104695446,-8.251568794250488,-0.0015689932042732835,assist,no
4484,0,0,0.0007096704928863431,-7.277617931365967,-0.027618063613772392,assist,no
4485,0,0,8.481102908682348e-05,-9.46485424041748,-0.08985409140586853,assist,no
4486,0,0,0.00020342706973334386,-8.521036148071289,-0.021036598831415176,assist,no
4487,0,0,0.00043055699514942404,-7.759310245513916,-0.009310045279562473,assist,no
4488,0,0,0.0008040860643301779,-7.127872943878174,-0.002873104065656662,assist,no
4489,0,0,0.00029595720582232995,-8.134305953979492,-0.009306265972554684,assist,no
4490,0,0,0.10669059394565118,-2.274329662322998,-0.14932966232299805,assist,no
4491,0,0,0.00017952801289415965,-8.62812328338623,-0.003123525995761156,assist,no
4492,0,0,0.0004305569985563498,-7.752321243286133,-0.0023210509680211544,assist,no
4493,0,0,0.0002959569880689816,-8.127910614013672,-0.0029101900290697813,assist,no
4494,0,0,0.0010322309481627441,-6.878371238708496,-0.0033711527939885855,assist,no
4495,0,0,0.00029595704627889295,-8.134119987487793,-0.009119760245084763,assist,no
4496,0,0,0.00012339460069101855,-9.01455020904541,-0.014550409279763699,assist,no
4497,0,0,2.4300251243979015e-05,-10.64348030090332,-0.018480733036994934,assist,no
4498,0,0,0.0013250227022029582,-6.626397132873535,-0.001397348241880536,assist,no
4499,0,0,0.00010889687960442673,-9.148524284362793,-0.023524004966020584,assist,no
4500,0,0,0.000487857028323091,-7.630511283874512,-0.005511090159416199,assist,no
4501,0,0,0.0001233945688369259,-9.000340461730957,-0.0003404037852305919,assist,no
4502,0,0,0.0007096702917753556,-7.253660678863525,-0.0036605275236070156,assist,no
4503,0,0,5.8291251167096956e-05,-9.75698471069336,-0.006984462030231953,assist,no
4504,0,0,4.539787145051362e-05,-10.007824897766113,-0.007824958302080631,assist,no
4505,0,0,0.000487857153322556,-7.628142833709717,-0.0031428963411599398,assist,no
4506,0,0,0.00055277867988691,-7.503175735473633,-0.003175813239067793,assist,no
4507,0,0,4.0063708347444176e-05,-10.14857006072998,-0.023570463061332703,assist,no
4508,0,0,2.4300231917264196e-05,-10.641239166259766,-0.016238803043961525,assist,no
4509,0,0,0.00048785717205544857,-7.625524044036865,-0.0005241450853645802,assist,no
4510,0,0,0.0005527787565519873,-7.504834175109863,-0.004834391642361879,assist,no
4511,0,0,9.610237513780223e-05,-9.261414527893066,-0.011414107866585255,assist,no
4512,0,0,0.11920291419948606,-2.139378070831299,-0.13937799632549286,assist,no
4513,0,0,0.0002959571818494764,-8.135363578796387,-0.010363809764385223,assist,no
4514,0,0,0.00015843618930109514,-8.753108978271484,-0.0031087901443243027,assist,no
4515,0,0,0.0010322311207852503,-6.879033088684082,-0.00403317017480731,assist,no
4516,0,0,0.00013982212772783794,-8.883025169372559,-0.00802554190158844,assist,no
4517,0,0,0.00029595722393974637,-8.126453399658203,-0.0014537728857249022,assist,no
4518,0,0,0.000709670273942857,-7.255657196044922,-0.005657019559293985,assist,no
4519,0,0,0.0013250225814288963,-6.62723445892334,-0.0022345830220729113,assist,no
4520,0,0,0.0003799845145749877,-7.880208969116211,-0.00520896865054965,assist,no
4521,0,0,0.00033535003633384657,-8.00732135772705,-0.007321076933294535,assist,no
4522,0,0,0.00010889692077570827,-9.141341209411621,-0.016341308131814003,assist,no
4523,0,0,0.00010889686094552597,-9.134000778198242,-0.009000327438116074,assist,no
4524,0,0,0.0007096704942072693,-7.257723808288574,-0.007723942399024963,assist,no
4525,0,0,0.0013250226612260432,-6.629840850830078,-0.004841035231947899,assist,no
4526,0,0,9.610245058102943e-05,-9.26137638092041,-0.011376745998859406,assist,no
4527,0,0,2.43002447489338e-05,-10.636310577392578,-0.011310742236673832,assist,no
4528,0,0,0.00017952796299437702,-8.652130126953125,-0.027130091562867165,assist,no
4529,0,0,0.00017952794728054547,-8.668642044067383,-0.04364192113280296,assist,no
4530,0,0,0.0003799845805500555,-7.888320446014404,-0.013320619240403175,assist,no
4531,0,0,0.0003353502788854364,-8.00122356414795,-0.0012240068754181266,assist,no
4532,0,0,0.0008040858450896314,-7.1347856521606445,-0.009785539470613003,assist,no
4533,0,0,7.484625546062284e-05,-9.50892162322998,-0.00892199669033289,assist,no
4534,0,0,0.0002611903426850443,-8.2604341506958,-0.010434241034090519,assist,no
4535,0,0,0.0002034269233135285,-8.512866020202637,-0.012865751050412655,assist,no
4536,0,0,0.0004305571703055278,-7.754711627960205,-0.004711834713816643,assist,no
4537,0,0,0.0002611902935608856,-8.261643409729004,-0.011643311940133572,assist,no
4538,0,0,0.08509905254807776,-2.476778030395508,-0.10177812725305557,assist,no
4539,0,0,0.0002959569998487379,-8.12908935546875,-0.004088971298187971,assist,no
4540,0,0,0.0005527786261827725,-7.501394748687744,-0.0013947292463853955,assist,no
4541,0,0,0.047425874019047645,-3.049818515777588,-0.04981853440403938,assist,no
4542,0,0,0.00460957157044186,-5.379758358001709,-0.004758225288242102,assist,no
4543,0,0,0.0006263341726832649,-7.387267589569092,-0.012267612852156162,assist,no
4544,0,0,0.00023050678487875076,-8.377833366394043,-0.002833639271557331,assist,no
4545,0,0,0.01590639037060706,-4.149143695831299,-0.024143610149621964,assist,no
4546,0,0,0.001501182404013537,-6.504116535186768,-0.0041166334412992,assist,no
4547,0,0,0.00043055705642399116,-7.751143455505371,-0.0011433976469561458,assist,no
4548,0,0,0.0011695104948781074,-6.7527756690979,-0.002775865839794278,assist,no
4549,0,0,0.0019267345997486048,-6.252979755401611,-0.0029797223396599293,assist,no
4550,0,0,0.00029595704242119434,-8.129024505615234,-0.004024265334010124,assist,no
4551,0,0,0.001032230848766766,-6.87741756439209,-0.0024173820856958628,assist,no
4552,0,0,0.0011695100841892458,-6.752305030822754,-0.0023048759903758764,assist,no
4553,0,0,0.006692850521838325,-5.010695457458496,-0.010695396922528744,assist,no
4554,0,0,0.0006263342570658336,-7.378769397735596,-0.003769555827602744,assist,no
4555,0,0,0.0005527785571713552,-7.504424095153809,-0.004423950798809528,assist,no
4556,0,0,0.00029595697932027396,-8.139708518981934,-0.014708065427839756,assist,no
4557,0,0,0.001032230906147535,-6.889376640319824,-0.014376513659954071,assist,no
4558,0,0,0.0002611904173440556,-8.255788803100586,-0.005789179354906082,assist,no
4559,0,0,0.005911067644069494,-5.132503509521484,-0.007503303233534098,assist,no
4560,0,0,0.00012339455248796234,-9.004434585571289,-0.004434395115822554,assist,no
4561,0,0,0.00010889687326648454,-9.127710342407227,-0.0027100048027932644,assist,no
4562,0,0,0.003593603024945342,-5.632585525512695,-0.007585649378597736,assist,no
4563,0,0,0.00020342703506991103,-8.502270698547363,-0.0022709788754582405,assist,no
4564,0,0,0.00015843619298939072,-8.764583587646484,-0.014583422802388668,assist,no
4565,0,0,8.481101210618387e-05,-9.380431175231934,-0.005430825985968113,assist,no
4566,0,0,0.0021827163611675762,-6.131252765655518,-0.006252727005630732,assist,no
4567,0,0,0.0009110511032718752,-7.0064311027526855,-0.006431002635508776,assist,no
4568,0,0,4.539784936018922e-05,-10.007796287536621,-0.007795861456543207,assist,no
4569,0,0,0.0031726824684173115,-5.755853652954102,-0.005853534676134586,assist,no
4570,0,0,0.00460957306820192,-5.395692348480225,-0.02069254219532013,assist,no
4571,0,0,0.00015843624457021347,-8.75186824798584,-0.0018684087553992867,assist,no
4572,0,0,0.00023050663206459948,-8.38010025024414,-0.005099860019981861,assist,no
4573,0,0,0.004609573119480448,-5.393853187561035,-0.01885339245200157,assist,no
4574,0,0,0.0015011823760938115,-6.502941608428955,-0.0029416880570352077,assist,no
4575,0,0,0.0001398220397768899,-8.877021789550781,-0.0020215329714119434,assist,no
4576,0,0,0.00020342694850606364,-8.511504173278809,-0.011504027992486954,assist,no
4577,0,0,0.0003353500841026413,-8.001770973205566,-0.0017708349041640759,assist,no
4578,0,0,0.00029595707741603367,-8.129054069519043,-0.004053947515785694,assist,no
4579,0,0,0.0001795280171569558,-8.648660659790039,-0.023660926148295403,assist,no
4580,0,0,0.0004305571734118438,-7.753457546234131,-0.0034577602054923773,assist,no
4581,0,0,0.00010889695444287613,-9.143424034118652,-0.018424442037940025,assist,no
4582,0,0,0.0004305571005637297,-7.754745960235596,-0.004746004939079285,assist,no
4583,0,0,0.0006263341860183334,-7.375791072845459,-0.0007911174325272441,assist,no
4584,0,0,0.00012339459391156493,-9.030139923095703,-0.030140068382024765,assist,no
4585,0,0,4.539787576288442e-05,-10.008771896362305,-0.008772051893174648,assist,no
4586,0,0,0.0004305571254142542,-7.754657745361328,-0.004657847806811333,assist,no
4587,0,0,0.0005527785346606434,-7.502213001251221,-0.0022128161508589983,assist,no
4588,0,0,0.00012339461689276512,-9.062426567077637,-0.06242689862847328,assist,no
4589,0,0,0.0003353501804207875,-8.003264427185059,-0.0032645761966705322,assist,no
4590,0,0,0.00048785714594293175,-7.638444900512695,-0.013444948010146618,assist,no
4591,0,0,0.0009110510627937499,-7.002854824066162,-0.0028546794783324003,assist,no
4592,0,0,0.0010322309278753999,-6.876184463500977,-0.0011843579122796655,assist,no
4593,0,0,5.144223386308167e-05,-9.904924392700195,-0.02992478385567665,assist,no
4594,0,0,9.610242516479917e-05,-9.261274337768555,-0.011274438351392746,assist,no
4595,0,0,0.00010889688568885159,-9.159071922302246,-0.034071698784828186,assist,no
4596,0,0,0.11920291419948606,-2.1293654441833496,-0.12936536967754364,assist,no
4597,0,0,0.01590639200338161,-4.150514602661133,-0.025514621287584305,assist,no
4598,0,0,0.0008040860370186391,-7.129251956939697,-0.004252083133906126,assist,no
4599,0,0,0.00012339452393383661,-9.003890037536621,-0.003889615647494793,assist,no
4600,0,0,0.0003799845172281403,-7.889893054962158,-0.014893061481416225,assist,no
4601,0,0,0.0004878571309566185,-7.630407333374023,-0.005407350137829781,assist,no
4602,0,0,0.00010889695880338357,-9.137809753417969,-0.01281020138412714,assist,no
4603,0,0,5.422216690028548e-06,-12.130965232849121,-0.005964812356978655,assist,no
4604,0,0,0.0035936018127542746,-5.630849838256836,-0.005849623586982489,assist,no
4605,0,0,8.481102395314138e-05,-9.383934020996094,-0.008933811448514462,assist,no
4606,0,0,0.00029595703635909663,-8.14172077178955,-0.01672051101922989,assist,no
4607,0,0,0.00026119023787063764,-8.26156997680664,-0.011569665744900703,assist,no
4608,0,0,0.0004878570509160891,-7.626966953277588,-0.0019668058957904577,assist,no
4609,0,0,1.8925149559106164e-05,-10.879740715026855,-0.004740784410387278,assist,no
4610,0,0,3.1201914067315296e-05,-10.391247749328613,-0.016247835010290146,assist,no
4611,0,0,4.539788392256754e-05,-10.004759788513184,-0.004760123789310455,assist,no
4612,0,0,5.144219232786025e-05,-9.88499641418457,-0.00999599788337946,assist,no
4613,0,0,4.006369013980663e-05,-10.145721435546875,-0.02072138339281082,assist,no
4614,0,0,7.484621600998606e-05,-9.511422157287598,-0.011422003619372845,assist,no
4615,0,0,9.610239330502708e-05,-9.257877349853516,-0.00787711888551712,assist,no
4616,0,0,0.0008040859513427216,-7.1360907554626465,-0.011090775020420551,assist,no
4617,0,0,0.0006263342210684325,-7.37713623046875,-0.0021363310515880585,assist,no
4618,0,0,5.829126175263266e-05,-9.759984970092773,-0.009984903037548065,assist,no
4619,0,0,0.0011695102042681266,-6.751331329345703,-0.0013312773080542684,assist,no
4620,0,0,0.008577486158181243,-4.769015312194824,-0.019015399739146233,assist,no
4621,0,0,0.00023050680870231435,-8.396251678466797,-0.02125205472111702,assist,no
4622,0,0,0.00013982212115267267,-8.881251335144043,-0.006251660641282797,assist,no
4623,0,0,0.00017952805293101377,-8.65934944152832,-0.03434990718960762,assist,no
4624,0,0,5.829129150071255e-05,-9.755372047424316,-0.005372490733861923,assist,no
4625,0,0,0.00026119019531259597,-8.256340980529785,-0.006340506486594677,assist,no
4626,0,0,4.539786577467326e-05,-10.002317428588867,-0.0023173640947788954,assist,no
4627,0,0,9.610240690807456e-05,-9.276796340942383,-0.02679625153541565,assist,no
4628,0,0,0.0005527786256039254,-7.5310282707214355,-0.031028250232338905,assist,no
4629,0,0,0.00017952797703652551,-8.629966735839844,-0.004966778680682182,assist,no
4630,0,0,0.0006263342923345441,-7.377449989318848,-0.0024502037558704615,assist,no
4631,0,0,4.539788261590834e-05,-10.000319480895996,-0.0003197873884346336,assist,no
4632,0,0,3.120191325368739e-05,-10.38786792755127,-0.012867987155914307,assist,no
4633,0,0,0.022977370829961912,-3.7796168327331543,-0.02961687371134758,assist,no
4634,0,0,0.00033535005428617055,-8.0045747756958,-0.004574548453092575,assist,no
4635,0,0,0.00023050662197715208,-8.393912315368652,-0.018911881372332573,assist,no
4636,0,0,0.0008040859588253341,-7.131317615509033,-0.006317644380033016,assist,no
4637,0,0,0.0019267349659987474,-6.260359287261963,-0.010359444655478,assist,no
4638,0,0,0.015906388679519302,-4.142375469207764,-0.017375275492668152,assist,no
4639,0,0,0.0019267348280952628,-6.273548603057861,-0.023548688739538193,assist,no
4640,0,0,0.00029595700659970956,-8.13313102722168,-0.008130665868520737,assist,no
4641,0,0,6.605211594411277e-05,-9.634025573730469,-0.00902513600885868,assist,no
4642,0,0,0.00013982208267819668,-8.882976531982422,-0.007976582273840904,assist,no
4643,0,0,0.00010889687412844465,-9.14871597290039,-0.02371564321219921,assist,no
4644,0,0,0.00015843615581137517,-8.752408981323242,-0.0024085817858576775,assist,no
4645,0,0,0.00037998457365185756,-7.881047248840332,-0.006047403905540705,assist,no
4646,0,0,5.8291262784043937e-05,-9.757762908935547,-0.00776285957545042,assist,no
4647,0,0,0.00017952803621416337,-8.636417388916016,-0.011417761445045471,assist,no
4648,0,0,0.0010322308917423207,-6.87917423248291,-0.004174091853201389,assist,no
4649,0,0,0.0002959571598399186,-8.125404357910156,-0.00040451448876410723,assist,no
4650,0,0,0.0003353501056454334,-8.0072603225708,-0.007260248530656099,assist,no
4651,0,0,0.00023050670439375676,-8.377270698547363,-0.0022706221789121628,assist,no
4652,0,0,0.0003353501435794836,-8.00648307800293,-0.006483117118477821,assist,no
4653,0,0,0.00015843624097412412,-8.753868103027344,-0.0038682410959154367,assist,no
4654,0,0,0.0005527785158802787,-7.502383232116699,-0.0023830130230635405,assist,no
4655,0,0,9.610240583414967e-05,-9.26009464263916,-0.010094542056322098,assist,no
4656,0,0,0.0003353500155715947,-8.00721549987793,-0.007215157151222229,assist,no
4657,0,0,0.00020342699434512047,-8.50905990600586,-0.009059986099600792,assist,no
4658,0,0,0.0004878570632911488,-7.630300045013428,-0.00529992301017046,assist,no
4659,0,0,3.120190696260082e-05,-10.38188362121582,-0.006883479189127684,assist,no
4660,0,0,0.00043055713282933025,-7.755276679992676,-0.005276799667626619,assist,no
4661,0,0,0.0008040858907335628,-7.126334190368652,-0.0013341344892978668,assist,no
4662,0,0,0.003593603285057921,-5.63379430770874,-0.008794504217803478,assist,no
4663,0,0,0.00015843619542366588,-8.753134727478027,-0.003134578000754118,assist,no
4664,0,0,3.535625140028252e-05,-10.25472640991211,-0.004726428538560867,assist,no
4665,0,0,0.000487857124144658,-7.629804611206055,-0.004804614000022411,assist,no
4666,0,0,8.481105807238827e-05,-9.384922981262207,-0.009923174045979977,assist,no
4667,0,0,0.00020342701991649966,-8.512929916381836,-0.012930122204124928,assist,no
4668,0,0,0.0001795280143150917,-8.634054183959961,-0.009054434485733509,assist,no
4669,0,0,0.00037998460425155725,-7.8867363929748535,-0.011736628599464893,assist,no
4670,0,0,8.481103546443668e-05,-9.378332138061523,-0.0033320642542093992,assist,no
4671,0,0,5.8291276518101075e-05,-9.820331573486328,-0.07033175975084305,assist,no
4672,0,0,0.0009110511240407569,-7.006591796875,-0.006591719575226307,assist,no
4673,0,0,3.120191119055955e-05,-10.387687683105469,-0.012687676586210728,assist,no
4674,0,0,0.0019267344627406228,-6.257785320281982,-0.007785215973854065,assist,no
4675,0,0,5.82912673982525e-05,-9.780014991760254,-0.030015021562576294,assist,no
4676,0,0,0.00026119025258356237,-8.2573823928833,-0.007382138166576624,assist,no
4677,0,0,0.0003353499793547374,-8.005158424377441,-0.005157973617315292,assist,no
4678,0,0,9.610239129141828e-05,-9.254340171813965,-0.00433991989120841,assist,no
4679,0,0,6.605215452737765e-05,-9.625947952270508,-0.0009480987209826708,assist,no
4680,0,0,6.605217095103012e-05,-9.627052307128906,-0.0020527022425085306,assist,no
4681,0,0,0.029312234143221275,-3.529815673828125,-0.02981579303741455,assist,no
4682,0,0,0.0010322310739682952,-6.877956390380859,-0.0029564264696091413,assist,no
4683,0,0,9.610245671135357e-05,-9.251852035522461,-0.001852464396506548,assist,no
4684,0,0,0.001169510027073588,-6.753609657287598,-0.003609453560784459,assist,no
4685,0,0,0.0003353501726154262,-8.003840446472168,-0.003840572200715542,assist,no
4686,0,0,0.00013982212772783794,-8.88393497467041,-0.008935347199440002,assist,no
4687,0,0,0.00033535027588037133,-8.003663063049316,-0.0036634968128055334,assist,no
4688,0,0,0.00010889688913669249,-9.133905410766602,-0.008905218914151192,assist,no
4689,0,0,0.0002959570189994538,-8.131446838378906,-0.006446518935263157,assist,no
4690,0,0,0.000911051067668079,-7.001771450042725,-0.0017713108099997044,assist,no
4691,0,0,0.00033535001869373774,-8.008156776428223,-0.008156443014740944,assist,no
4692,0,0,0.00013982205611714324,-8.887837409973145,-0.012837270274758339,assist,no
4693,0,0,0.001032231250672301,-6.878627300262451,-0.0036275077145546675,assist,no
4694,0,0,0.004070137874453809,-5.504645824432373,-0.004645863547921181,assist,no
4695,0,0,0.029312228737436687,-3.5429863929748535,-0.042986322194337845,assist,no
4696,0,0,8.481103035049913e-05,-9.37980842590332,-0.004808291792869568,assist,no
4697,0,0,0.009708476964986943,-4.63645601272583,-0.011456063017249107,assist,no
4698,0,0,0.0002034270000276489,-8.555431365966797,-0.05543147400021553,assist,no
4699,0,0,2.144494083165551e-05,-10.758749008178711,-0.008748654276132584,assist,no
4700,0,0,0.0006263342607821646,-7.37692928314209,-0.001929447171278298,assist,no
4701,0,0,0.00015843623208532923,-8.759099006652832,-0.009099088609218597,assist,no
4702,0,0,0.00012339456403601107,-9.018534660339355,-0.01853456348180771,assist,no
4703,0,0,0.00015843623946192246,-8.754973411560059,-0.004973540082573891,assist,no
4704,0,0,0.00033534997248602354,-8.027194023132324,-0.027193551883101463,assist,no
4705,0,0,5.8291254342757455e-05,-9.756908416748047,-0.006908222567290068,assist,no
4706,0,0,0.00017952799082792239,-8.628872871398926,-0.0038729910738766193,assist,no
4707,0,0,0.002182715994031557,-6.130134105682373,-0.005133898463100195,assist,no
4708,0,0,4.006369357239341e-05,-10.151619911193848,-0.026619944721460342,assist,no
4709,0,0,0.00033535009518625156,-8.00413703918457,-0.004136933945119381,assist,no
4710,0,0,0.0005527785117640344,-7.503196716308594,-0.003196489764377475,assist,no
4711,0,0,0.0008040859070082439,-7.1270880699157715,-0.0020880342926830053,assist,no
4712,0,0,9.610243760443215e-05,-9.2589111328125,-0.00891136284917593,assist,no
4713,0,0,8.481103943316836e-05,-9.389427185058594,-0.014427158050239086,assist,no
4714,0,0,0.00048785701197438954,-7.633444309234619,-0.008444081991910934,assist,no
4715,0,0,0.0015011821858906963,-6.503760814666748,-0.003760767402127385,assist,no
4716,0,0,5.1442193908785025e-05,-9.881884574890137,-0.006884189322590828,assist,no
4717,0,0,0.0002305068062341072,-8.38219928741455,-0.007199652958661318,assist,no
4718,0,0,4.006369334852904e-05,-10.145689010620117,-0.020689038559794426,assist,no
4719,0,0,6.60521259090192e-05,-9.639404296875,-0.014404010027647018,assist,no
4720,0,0,0.0011695101010519644,-6.751213550567627,-0.0012134101707488298,assist,no
4721,0,0,0.0005527787219497951,-7.503299236297607,-0.003299390198662877,assist,no
4722,0,0,8.481105925708459e-05,-9.3894681930542,-0.014468399807810783,assist,no
4723,0,0,0.002182716959031475,-6.128416538238525,-0.003416774095967412,assist,no
4724,0,0,0.00037998457966567113,-7.882516384124756,-0.007516555022448301,assist,no
4725,0,0,0.02931222799546632,-3.532406806945801,-0.03240671008825302,assist,no
4726,0,0,0.0002959571975558285,-8.13654899597168,-0.011549280025064945,assist,no
4727,0,0,0.00012339452799145219,-9.000250816345215,-0.00025042734341695905,assist,no
4728,0,0,0.00026119042658523763,-8.259243965148926,-0.009244376793503761,assist,no
4729,0,0,9.610240789250571e-05,-9.261425971984863,-0.011425892822444439,assist,no
4730,0,0,0.0004305569822231469,-7.751189231872559,-0.00118900160305202,assist,no
4731,0,0,0.0013250221961535497,-6.626574516296387,-0.001574349240399897,assist,no
4732,0,0,0.00023050671877374032,-8.385168075561523,-0.010168061591684818,assist,no
4733,0,0,0.004070137002386635,-5.50521993637085,-0.005219760350883007,assist,no
4734,0,0,0.0003353502315459088,-8.003326416015625,-0.0033267175313085318,assist,no
4735,0,0,7.484626277920616e-05,-9.516419410705566,-0.01641988195478916,assist,no
4736,0,0,0.0006263340502629788,-7.38046407699585,-0.0054639047011733055,assist,no
4737,0,0,0.0011695101475604319,-6.755043029785156,-0.0050429292023181915,assist,no
4738,0,0,7.48462409628599e-05,-9.510043144226074,-0.01004332397133112,assist,no
4739,0,0,0.00033535024661025895,-8.01895809173584,-0.0189584381878376,assist,no
4740,0,0,0.000335350167619995,-8.00249195098877,-0.0024920618161559105,assist,no
4741,0,0,0.00043055712341017957,-7.752725124359131,-0.002725222148001194,assist,no
4742,0,0,0.0009110514097188921,-7.028436183929443,-0.02843642048537731,assist,no
4743,0,0,2.4300242893206915e-05,-10.634909629821777,-0.009909718297421932,assist,no
4744,0,0,0.0002305067971124723,-8.380756378173828,-0.00575670413672924,assist,no
4745,0,0,0.1480472036701053,-1.9396202564239502,-0.18962030112743378,assist,no
4746,0,0,0.00029595717578737577,-8.139751434326172,-0.014751644805073738,assist,no
4747,0,0,3.120190720959496e-05,-10.382697105407715,-0.007696971297264099,assist,no
4748,0,0,4.5397866377136725e-05,-10.011235237121582,-0.011235185898840427,assist,no
4749,0,0,4.53978851909122e-05,-10.012751579284668,-0.012751942500472069,assist,no
4750,0,0,0.0008040858175910347,-7.1274518966674805,-0.002451749751344323,assist,no
4751,0,0,0.00043055712401140193,-7.752543926239014,-0.0025440254248678684,assist,no
4752,0,0,9.610241746833643e-05,-9.268534660339355,-0.01853468082845211,assist,no
4753,0,0,0.00015843623562609394,-8.75556468963623,-0.005564793944358826,assist,no
4754,0,0,5.144219445971335e-05,-9.879201889038086,-0.004201514180749655,assist,no
4755,0,0,0.0007096704040540607,-7.256168842315674,-0.006168849300593138,assist,no
4756,0,0,1.8925152669934003e-05,-10.886188507080078,-0.011188740842044353,assist,no
4757,0,0,9.610237889653814e-05,-9.257896423339844,-0.007896042428910732,assist,no
4758,0,0,0.00010889689907458747,-9.135059356689453,-0.010059256106615067,assist,no
4759,0,0,0.005220125006811988,-5.266355514526367,-0.016355382278561592,assist,no
4760,0,0,8.481100685403324e-05,-9.380398750305176,-0.0053983391262590885,assist,no
4761,0,0,0.00048785702469004625,-7.633580684661865,-0.008580483496189117,assist,no
4762,0,0,0.0006263340327743684,-7.379044055938721,-0.004043855704367161,assist,no
4763,0,0,4.539787648161292e-05,-10.038280487060547,-0.038280658423900604,assist,no
4764,0,0,0.00010889687335521571,-9.126450538635254,-0.001450201845727861,assist,no
4765,0,0,0.0373268852023206,-3.296206474304199,-0.04620641469955444,assist,no
4766,0,0,6.6052148975938e-05,-9.639559745788574,-0.014559808187186718,assist,no
4767,0,0,0.00017952800319838842,-8.630549430847168,-0.005549619439989328,assist,no
4768,0,0,0.0005527787029121587,-7.5032734870910645,-0.0032736065331846476,assist,no
4769,0,0,0.000179527922539622,-8.646142959594727,-0.02114269882440567,assist,no
4770,0,0,0.004609572087500199,-5.381917476654053,-0.00691745663061738,assist,no
4771,0,0,0.0028009268448617513,-5.879093170166016,-0.004093126393854618,assist,no
4772,0,0,0.0007096703545193358,-7.256369590759277,-0.006369527895003557,assist,no
4773,0,0,0.0002959571603565749,-8.14384937286377,-0.018849531188607216,assist,no
4774,0,0,8.481102861294513e-05,-9.381919860839844,-0.006919706240296364,assist,no
4775,0,0,0.00012339452996639784,-9.005500793457031,-0.0055004204623401165,assist,no
4776,0,0,0.00026119043558323106,-8.2550048828125,-0.005005328916013241,assist,no
4777,0,0,0.001169510457344947,-6.752269268035889,-0.002269432647153735,assist,no
4778,0,0,0.0009110513661678057,-7.001236438751221,-0.0012366274604573846,assist,no
4779,0,0,0.0001795279668392509,-8.637873649597168,-0.01287363562732935,assist,no
4780,0,0,0.00037998446451884465,-7.889870643615723,-0.01487051136791706,assist,no
4781,0,0,0.0003353500079223443,-8.003348350524902,-0.003347984980791807,assist,no
4782,0,0,0.00037998450060171735,-7.924915313720703,-0.04991527646780014,assist,no
4783,0,0,6.605213550485645e-05,-9.62925910949707,-0.004258967936038971,assist,no
4784,0,0,0.18242552158390105,-1.718544602394104,-0.2185445874929428,assist,no
4785,0,0,0.001032231078770034,-6.8763508796691895,-0.0013509204145520926,assist,no
4786,0,0,0.00023050680548291372,-8.377533912658691,-0.0025342749431729317,assist,no
4787,0,0,0.00023050676427458964,-8.37897777557373,-0.003977959044277668,assist,no
4788,0,0,0.000261190348095998,-8.253165245056152,-0.0031653561163693666,assist,no
4789,0,0,0.005220126065949093,-5.2613606452941895,-0.011360717006027699,assist,no
4790,0,0,0.006692852280220262,-5.01105260848999,-0.011052812449634075,assist,no
4791,0,0,0.03732688680867724,-3.3021528720855713,-0.052152857184410095,assist,no
4792,0,0,0.0021827168489920515,-6.130056858062744,-0.005057043395936489,assist,no
4793,0,0,0.0002305066651170899,-8.380024909973145,-0.005024663172662258,assist,no
4794,0,0,0.000123394579318505,-9.010093688964844,-0.010093715973198414,assist,no
4795,0,0,0.0008040860295360258,-7.1281633377075195,-0.0031634545885026455,assist,no
4796,0,0,3.5356262397872465e-05,-10.260051727294922,-0.010052056983113289,assist,no
4797,0,0,6.605211723585982e-05,-9.639405250549316,-0.014404832385480404,assist,no
4798,0,0,0.0006263340158687121,-7.399531841278076,-0.024531614035367966,assist,no
4799,0,0,0.0002611902251032245,-8.254472732543945,-0.004472372587770224,assist,no
4800,0,0,2.753568880022118e-05,-10.50291633605957,-0.0029162520077079535,assist,no
4801,0,0,0.0002959570012953747,-8.128559112548828,-0.003558733267709613,assist,no
4802,0,0,0.01590639503567764,-4.147950172424316,-0.02295038476586342,assist,no
4803,0,0,3.1201899422016054e-05,-10.38624382019043,-0.011243436485528946,assist,no
4804,0,0,0.00043055712260854965,-7.759530544281006,-0.009530640207231045,assist,no
4805,0,0,0.00033535008191714076,-8.005817413330078,-0.005817268509417772,assist,no
4806,0,0,0.0002959569907555927,-8.131387710571289,-0.006387295667082071,assist,no
4807,0,0,0.0001795279962556732,-8.625420570373535,-0.0004207202873658389,assist,no
4808,0,0,0.00010889686571165791,-9.128360748291016,-0.003360341303050518,assist,no
4809,0,0,0.0001795279528806874,-8.629873275756836,-0.004873184021562338,assist,no
4810,0,0,0.00037998455490290985,-7.8801655769348145,-0.005165682639926672,assist,no
4811,0,0,5.829125849554456e-05,-9.759966850280762,-0.00996672734618187,assist,no
4812,0,0,0.005220125906353078,-5.26017427444458,-0.010174315422773361,assist,no
4813,0,0,0.00015843619453847493,-8.757039070129395,-0.007038915064185858,assist,no
4814,0,0,0.00017952790339884232,-8.632251739501953,-0.007251372095197439,assist,no
4815,0,0,0.0002305066683364886,-8.384068489074707,-0.009068256244063377,assist,no
4816,0,0,9.610237621172677e-05,-9.253793716430664,-0.0037933075800538063,assist,no
4817,0,0,0.004609572038358289,-5.3845438957214355,-0.009543864987790585,assist,no
4818,0,0,7.484624646922146e-05,-9.548832893371582,-0.04883314669132233,assist,no
4819,0,0,0.00012339462378712604,-9.007062911987305,-0.0070632994174957275,assist,no
4820,0,0,5.144223486912552e-05,-9.88626766204834,-0.01126807276159525,assist,no
4821,0,0,0.0001398220589815704,-8.893580436706543,-0.018580317497253418,assist,no
4822,0,0,1.1478772702535299e-05,-11.389323234558105,-0.014323633164167404,assist,no
4823,0,0,0.0008040857787749898,-7.126867771148682,-0.0018675759201869369,assist,no
4824,0,0,0.0002959571241217508,-8.132245063781738,-0.007245099637657404,assist,no
4825,0,0,5.8291256649861365e-05,-9.76831340789795,-0.018313253298401833,assist,no
4826,0,0,0.0013250225207337722,-6.645131587982178,-0.020131666213274002,assist,no
4827,0,0,0.00020342702427310528,-8.508347511291504,-0.008347738534212112,assist,no
4828,0,0,0.0002034269568404368,-8.526814460754395,-0.026814356446266174,assist,no
4829,0,0,0.00023050677328890988,-8.380025863647461,-0.005026086233556271,assist,no
4830,0,0,0.00020342706689207863,-8.504480361938477,-0.004480798728764057,assist,no
4831,0,0,0.0001795279604450585,-8.627037048339844,-0.0020369987469166517,assist,no
4832,0,0,0.00015843619903819567,-8.76146125793457,-0.011461131274700165,assist,no
4833,0,0,0.0001233945555904231,-9.00432014465332,-0.004319979343563318,assist,no
4834,0,0,0.0001584361928418589,-8.757944107055664,-0.007943941280245781,assist,no
4835,0,0,7.484622311946322e-05,-9.510007858276367,-0.010007799603044987,assist,no
4836,0,0,0.0007096705607489305,-7.251550197601318,-0.0015504255425184965,assist,no
4837,0,0,5.829125431561507e-05,-9.753296852111816,-0.0032966574653983116,assist,no
4838,0,0,6.605216896727413e-05,-9.64354133605957,-0.018541701138019562,assist,no
4839,0,0,0.00012339452157826517,-9.002704620361328,-0.0027041793800890446,assist,no
4840,0,0,0.004609571875976327,-5.389013767242432,-0.014013701118528843,assist,no
4841,0,0,8.48110696824129e-05,-9.386483192443848,-0.01148352213203907,assist,no
4842,0,0,0.00017952798940699057,-8.636655807495117,-0.011655919253826141,assist,no
4843,0,0,4.539784952930171e-05,-10.005378723144531,-0.005378300789743662,assist,no
4844,0,0,0.00037998453633083986,-7.877825736999512,-0.0028257938101887703,assist,no
4845,0,0,0.001169510466320268,-6.764281272888184,-0.014281445182859898,assist,no
4846,0,0,0.00012339459080910322,-9.008896827697754,-0.008896947838366032,assist,no
4847,0,0,0.0015011825003365935,-6.503110885620117,-0.003111048135906458,assist,no
4848,0,0,0.00026119025683936706,-8.288843154907227,-0.03884291648864746,assist,no
4849,0,0,0.0006263341429526218,-7.383724689483643,-0.008724665269255638,assist,no
4850,0,0,0.0002611904241533476,-8.261802673339844,-0.011803075671195984,assist,no
4851,0,0,0.00010889687544673661,-9.134998321533203,-0.009998003952205181,assist,no
4852,0,0,0.00017952799910276104,-8.632991790771484,-0.007991956546902657,assist,no
4853,0,0,4.539788561369376e-05,-10.009976387023926,-0.009976759552955627,assist,no
4854,0,0,0.00029595712494840076,-8.130224227905273,-0.005224266555160284,assist,no
4855,0,0,0.0006263340295681231,-7.378335952758789,-0.00333574740216136,assist,no
4856,0,0,5.1442236545865286e-05,-9.889361381530762,-0.014361824840307236,assist,no
4857,0,0,5.829125968981017e-05,-9.754776954650879,-0.0047768522053956985,assist,no
4858,0,0,0.00218271660254433,-6.130330562591553,-0.005330634769052267,assist,no
4859,0,0,0.06754669489377622,-2.6957151889801025,-0.07071524858474731,assist,no
4860,0,0,0.001501182505397044,-6.501589775085449,-0.0015899409772828221,assist,no
4861,0,0,0.0003353502544156221,-8.000672340393066,-0.0006727101281285286,assist,no
4862,0,0,0.00012339453197725167,-9.0101318359375,-0.010131479240953922,assist,no
4863,0,0,5.8291260042661376e-05,-9.753742218017578,-0.0037421216256916523,assist,no
4864,0,0,0.0004305570211021832,-7.751110553741455,-0.0011104138102382421,assist,no
4865,0,0,0.00012339454076755582,-9.00627326965332,-0.006272984202951193,assist,no
4866,0,0,0.00029595697766697504,-8.131486892700195,-0.006486433558166027,assist,no
4867,0,0,9.610245639812532e-05,-9.262774467468262,-0.012774893082678318,assist,no
4868,0,0,0.005911069693547183,-5.13273811340332,-0.007738255895674229,assist,no
4869,0,0,0.0010322308888612779,-6.87842321395874,-0.0034230705350637436,assist,no
4870,0,0,0.00033535003524109633,-8.011710166931152,-0.011709882877767086,assist,no
4871,0,0,0.00010889695383443324,-9.158977508544922,-0.03397791087627411,assist,no
4872,0,0,0.0004305571061751382,-7.752560138702393,-0.0025601964443922043,assist,no
4873,0,0,0.0001398220311185094,-8.87994384765625,-0.0049435291439294815,assist,no
4874,0,0,5.144223338401319e-05,-9.896011352539062,-0.021011734381318092,assist,no
4875,0,0,0.00023050674350946036,-8.37820816040039,-0.00320825376547873,assist,no
4876,0,0,0.0004305571298232183,-7.759365558624268,-0.009365671314299107,assist,no
4877,0,0,4.539785466609391e-05,-10.020756721496582,-0.02075641229748726,assist,no
4878,0,0,0.00020342690690523427,-8.501822471618652,-0.0018221217906102538,assist,no
4879,0,0,0.00020342700144828103,-8.504446029663086,-0.0044461446814239025,assist,no
4880,0,0,0.0006263340455993493,-7.3885931968688965,-0.013593017123639584,assist,no
4881,0,0,0.0024726226323181517,-6.003866672515869,-0.0038664599414914846,assist,no
4882,0,0,0.000552778560708753,-7.501555919647217,-0.001555781695060432,assist,no
4883,0,0,0.0003799845230650762,-7.882312297821045,-0.007312319707125425,assist,no
4884,0,0,0.00013982207926041377,-8.878408432006836,-0.003408457851037383,assist,no
4885,0,0,0.0001233945497876725,-9.01004695892334,-0.010046746581792831,assist,no
4886,0,0,0.001032230990658129,-6.877943515777588,-0.002943471074104309,assist,no
4887,0,0,0.0010322309863365644,-6.8779449462890625,-0.0029448973946273327,assist,no
4888,0,0,0.00020342706897567313,-8.627510070800781,-0.12751051783561707,assist,no
4889,0,0,0.0021827168053819585,-6.130638599395752,-0.005638764705508947,assist,no
4890,0,0,0.0002959571831583391,-8.127629280090332,-0.0026295154821127653,assist,no
4891,0,0,0.00010889687919879841,-9.130462646484375,-0.005462363362312317,assist,no
4892,0,0,8.93969671067542e-06,-11.628704071044922,-0.0037041164468973875,assist,no
4893,0,0,5.829125035282506e-05,-9.75684928894043,-0.006849026307463646,assist,no
4894,0,0,6.605214965256773e-05,-9.643352508544922,-0.018352581188082695,assist,no
4895,0,0,0.0006263340937658991,-7.376681327819824,-0.0016812250250950456,assist,no
4896,0,0,0.00033535015723886493,-8.003321647644043,-0.003321727504953742,assist,no
4897,0,0,0.00013982213046206523,-8.886425971984863,-0.011426364071667194,assist,no
4898,0,0,0.0017007220706808245,-6.378641605377197,-0.003641404677182436,assist,no
4899,0,0,0.00023050661773827804,-8.377381324768066,-0.0023808723781257868,assist,no
4900,0,0,0.0005527786995677091,-7.502930164337158,-0.0029302777256816626,assist,no
4901,0,0,0.0008040859056987868,-7.160365581512451,-0.03536554425954819,assist,no
4902,0,0,0.18242552158390105,-1.7279354333877563,-0.22793541848659515,assist,no
4903,0,0,0.00010889687585236493,-9.12651538848877,-0.0015150746330618858,assist,no
4904,0,0,4.539785766784106e-05,-10.008844375610352,-0.008844132535159588,assist,no
4905,0,0,0.0021827168733325685,-6.127505302429199,-0.0025054989382624626,assist,no
4906,0,0,3.120190953424575e-05,-10.391263961791992,-0.016263902187347412,assist,no
4907,0,0,0.0008040859835179557,-7.126144886016846,-0.0011449456214904785,assist,no
4908,0,0,0.0001795279838904317,-8.635111808776855,-0.01011188980191946,assist,no
4909,0,0,0.0017007225794407035,-6.378169059753418,-0.0031691587064415216,assist,no
4910,0,0,0.00013982212551441595,-8.886345863342285,-0.011346220038831234,assist,no
4911,0,0,9.610240869794937e-05,-9.257902145385742,-0.007902074605226517,assist,no
4912,0,0,0.00029595700604860976,-8.12905502319336,-0.004054659977555275,assist,no
4913,0,0,0.00023050674517281688,-8.383073806762695,-0.008073907345533371,assist,no
4914,0,0,5.829124910427483e-05,-9.764534950256348,-0.014534666202962399,assist,no
4915,0,0,0.000123394533126311,-9.00698184967041,-0.006981502287089825,assist,no
4916,0,0,0.0031726825582525063,-5.755157470703125,-0.00515738083049655,assist,no
4917,0,0,0.0001398220399070911,-8.8790283203125,-0.004028064664453268,assist,no
4918,0,0,0.0002034270521175002,-8.51014232635498,-0.010142690502107143,assist,no
4919,0,0,0.000295957084304782,-8.128375053405762,-0.0033749546855688095,assist,no
4920,0,0,0.000108896913372989,-9.130535125732422,-0.005535156466066837,assist,no
4921,0,0,0.0008040859625666403,-7.13381290435791,-0.008812937885522842,assist,no
4922,0,0,0.0002305066910869072,-8.386503219604492,-0.011503085494041443,assist,no
4923,0,0,4.5397868533321834e-05,-10.01845932006836,-0.018459316343069077,assist,no
4924,0,0,6.605216595319538e-05,-9.639582633972168,-0.014582953415811062,assist,no
4925,0,0,0.0040701373610289564,-5.507455825805664,-0.007455738261342049,assist,no
4926,0,0,0.00033535024411254284,-8.027129173278809,-0.027129512280225754,assist,no
4927,0,0,0.00017952789667031546,-8.627735137939453,-0.002734733046963811,assist,no
4928,0,0,0.00017952800372078988,-8.626786231994629,-0.0017864234978333116,assist,no
4929,0,0,4.006367405888774e-05,-10.134952545166016,-0.009952091611921787,assist,no
4930,0,0,0.00017952791159009276,-8.628113746643066,-0.0031134248711168766,assist,no
4931,0,0,5.829127539169112e-05,-9.753798484802246,-0.0037986517418175936,assist,no
4932,0,0,3.120191290498971e-05,-10.381958961486816,-0.006959009915590286,assist,no
4933,0,0,0.00013982203619635654,-8.882868766784668,-0.00786848459392786,assist,no
4934,0,0,0.0002959571218140198,-8.126172065734863,-0.0011720937909558415,assist,no
4935,0,0,8.481103453642481e-05,-9.387786865234375,-0.01278678048402071,assist,no
4936,0,0,0.002800927417139008,-5.8857741355896,-0.010774296708405018,assist,no
4937,0,0,5.14422212635819e-05,-9.889480590820312,-0.014480737037956715,assist,no
4938,0,0,0.00033535021226666366,-8.027111053466797,-0.027111297473311424,assist,no
4939,0,0,0.00010889691246032501,-9.137815475463867,-0.012815497815608978,assist,no
4940,0,0,0.0003799844631922685,-7.878014087677002,-0.003013951936736703,assist,no
4941,0,0,0.0017007220639606098,-6.378895282745361,-0.0038950780872255564,assist,no
4942,0,0,0.0008040857857899375,-7.126925945281982,-0.0019257587846368551,assist,no
4943,0,0,3.120192284287489e-05,-10.386250495910645,-0.01125086285173893,assist,no
4944,0,0,0.00013982202512925404,-8.893644332885742,-0.018643971532583237,assist,no
4945,0,0,3.120192435389864e-05,-10.381082534790039,-0.006082950159907341,assist,no
4946,0,0,0.004070137814050883,-5.5046234130859375,-0.00462343730032444,assist,no
4947,0,0,5.144221465243876e-05,-9.887685775756836,-0.012685793451964855,assist,no
4948,0,0,0.0007096704228772573,-7.2590651512146,-0.009065184742212296,assist,no
4949,0,0,0.0009110509954008541,-7.003080368041992,-0.0030801494140177965,assist,no
4950,0,0,0.00037998445894722483,-7.877249240875244,-0.002249093959107995,assist,no
4951,0,0,0.0009110512460049647,-7.000916481018066,-0.000916537712328136,assist,no
4952,0,0,0.0011695104162760559,-6.754600524902344,-0.0046006543561816216,assist,no
4953,0,0,0.0004305571789731515,-7.751832485198975,-0.00183271209243685,assist,no
4954,0,0,0.0003799845044930078,-7.885725498199463,-0.010725471191108227,assist,no
4955,0,0,0.0006263342397229559,-7.377713203430176,-0.0027133338153362274,assist,no
4956,0,0,0.0003799844797302514,-7.879622936248779,-0.00462284404784441,assist,no
4957,0,0,0.0040701383161502415,-5.515017986297607,-0.015018134377896786,assist,no
4958,0,0,0.00023050669022840075,-8.39179801940918,-0.016797881573438644,assist,no
4959,0,0,0.00023050682179454401,-8.3803071975708,-0.0053076306357979774,assist,no
4960,0,0,0.13296424878721277,-2.043229103088379,-0.16822917759418488,assist,no
4961,0,0,0.03732688814730781,-3.350024938583374,-0.10002496093511581,assist,no
4962,0,0,0.01798621407451128,-4.025054454803467,-0.02505468763411045,assist,no
4963,0,0,7.484620792469909e-05,-9.504231452941895,-0.004231191240251064,assist,no
4964,0,0,0.00020342700343716603,-8.516505241394043,-0.016505366191267967,assist,no
4965,0,0,0.00043055701839668313,-7.755918979644775,-0.005918833427131176,assist,no
4966,0,0,0.00023050683123812006,-8.380093574523926,-0.0050940485671162605,assist,no
4967,0,0,0.0021827159382512284,-6.142479419708252,-0.0174791868776083,assist,no
4968,0,0,0.0003799845678591401,-7.876530170440674,-0.0015303102554753423,assist,no
4969,0,0,0.0004305571795242721,-7.760522842407227,-0.010523070581257343,assist,no
4970,0,0,0.0002959570396656954,-8.134174346923828,-0.009174097329378128,assist,no
4971,0,0,4.006368058826239e-05,-10.158849716186523,-0.03384942561388016,assist,no
4972,0,0,4.539786506651445e-05,-10.00499153137207,-0.004991451278328896,assist,no
4973,0,0,0.00017952803696642158,-8.629413604736328,-0.004413981456309557,assist,no
4974,0,0,0.00017952803696642158,-8.627002716064453,-0.002003092784434557,assist,no
4975,0,0,0.0003353502753339959,-8.202128410339355,-0.2021288424730301,assist,no
4976,0,0,0.00017952804407108284,-8.639592170715332,-0.014592587016522884,assist,no
4977,0,0,6.605215377385812e-05,-9.629801750183105,-0.004801885224878788,assist,no
4978,0,0,0.0002959571846049767,-8.130139350891113,-0.005139591172337532,assist,no
4979,0,0,4.006368146040036e-05,-10.126402854919434,-0.0014025861164554954,assist,no
4980,0,0,0.0011695102683192673,-6.753963470458984,-0.003963473252952099,assist,no
4981,0,0,5.144220895152616e-05,-9.891251564025879,-0.016251470893621445,assist,no
4982,0,0,0.00029595702464822634,-8.129097938537598,-0.004097638186067343,assist,no
4983,0,0,0.0007096704175935529,-7.257859706878662,-0.007859732955694199,assist,no
4984,0,0,0.0001398220388980317,-8.878458023071289,-0.0034577602054923773,assist,no
4985,0,0,0.0004305570749115768,-7.774393081665039,-0.02439306676387787,assist,no
4986,0,0,0.00026119026766127103,-8.257162094116211,-0.007161897141486406,assist,no
4987,0,0,9.610237795685415e-05,-9.254837036132812,-0.004836645442992449,assist,no
4988,0,0,0.0003353499896187817,-8.00124740600586,-0.0012469858629629016,assist,no
4989,0,0,0.00012339458345512024,-9.003918647766113,-0.003918708302080631,assist,no
4990,0,0,0.00020342690645536765,-8.50393295288086,-0.00393260084092617,assist,no
4991,0,0,0.00048785713549792545,-7.652365207672119,-0.02736523374915123,assist,no
4992,0,0,0.0001088969169222379,-9.141314506530762,-0.016314569860696793,assist,no
4993,0,0,0.008577485492910838,-4.761198043823242,-0.011198053136467934,assist,no
4994,0,0,5.8291275812398455e-05,-9.755487442016602,-0.005487616173923016,assist,no
4995,0,0,0.0011695104747516298,-6.751503944396973,-0.0015041239093989134,assist,no
4996,0,0,0.0031726824890352242,-5.765591621398926,-0.015591509640216827,assist,no
4997,0,0,0.0002034270261672817,-8.507134437561035,-0.007134674116969109,assist,no
4998,0,0,0.0008040858551911569,-7.129701137542725,-0.004701037425547838,assist,no
4999,0,0,0.06754669301670263,-2.6977181434631348,-0.07271817326545715,assist,no
5000,0,0,0.0009110510723304808,-7.017662048339844,-0.017661914229393005,assist,no
5001,0,0,0.0024726226076241626,-6.005748748779297,-0.005748526193201542,assist,no
5002,0,0,0.002472623633860624,-6.003100872039795,-0.0031010655220597982,assist,no
5003,0,0,0.0007096704297295614,-7.2515153884887695,-0.001515431678853929,assist,no
5004,0,0,0.00020342688789245055,-8.5211181640625,-0.021117720752954483,assist,no
5005,0,0,8.481107023527126e-05,-9.386284828186035,-0.011285164393484592,assist,no
5006,0,0,0.0005527787575810488,-7.506114959716797,-0.006115178111940622,assist,no
5007,0,0,5.14421929985556e-05,-9.88775634765625,-0.012755944393575191,assist,no
5008,0,0,0.0002959571571188623,-8.128676414489746,-0.0036765618715435266,assist,no
5009,0,0,0.0001398220660775377,-8.879406929016113,-0.004406860563904047,assist,no
5010,0,0,0.005220125446910029,-5.257716655731201,-0.0077166082337498665,assist,no
5011,0,0,0.005911069504743467,-5.131563186645508,-0.0065632970072329044,assist,no
5012,0,0,8.481102600661419e-05,-9.38780403137207,-0.012803846038877964,assist,no
5013,0,0,0.00017952790172715862,-8.632019996643066,-0.007019619923084974,assist,no
5014,0,0,7.48462325290664e-05,-9.506139755249023,-0.00613982230424881,assist,no
5015,0,0,7.484625493786693e-05,-9.504334449768066,-0.0043348162434995174,assist,no
5016,0,0,0.00043055700166266456,-7.753108024597168,-0.003107839496806264,assist,no
5017,0,0,0.0004878572223504305,-7.625738143920898,-0.0007383481133729219,assist,no
5018,0,0,0.00017952792312471137,-8.629368782043457,-0.00436852453276515,assist,no
5019,0,0,0.0007096705016374793,-7.253337860107422,-0.003338004695251584,assist,no
5020,0,0,0.00033535011571434755,-8.002202987670898,-0.002202943665906787,assist,no
5021,0,0,0.00013982212102247137,-8.878459930419922,-0.0034602549858391285,assist,no
5022,0,0,0.0010322310722876867,-6.877569198608398,-0.0025692330673336983,assist,no
5023,0,0,0.0002305066391472756,-8.380647659301758,-0.005647299811244011,assist,no
5024,0,0,0.00026119028942667464,-8.258374214172363,-0.008374100551009178,assist,no
5025,0,0,0.0010322311481551635,-6.877076148986816,-0.0020762570202350616,assist,no
5026,0,0,0.00010889690191398621,-9.155112266540527,-0.030112192034721375,assist,no
5027,0,0,0.00026119031532629146,-8.255670547485352,-0.005670533049851656,assist,no
5028,0,0,0.00029595717275632553,-8.136678695678711,-0.01167889591306448,assist,no
5029,0,0,0.00012339463056658132,-9.007866859436035,-0.007867301814258099,assist,no
5030,0,0,0.0011695100746699693,-6.7530622482299805,-0.003062085248529911,assist,no
5031,0,0,8.481101771374356e-05,-9.401578903198242,-0.026578620076179504,assist,no
5032,0,0,4.53978881503832e-05,-10.012690544128418,-0.012690972536802292,assist,no
5033,0,0,0.0011695101638791925,-6.762916088104248,-0.012916001491248608,assist,no
5034,0,0,7.484623364427871e-05,-9.51843547821045,-0.018435560166835785,assist,no
5035,0,0,9.610242614923051e-05,-9.264474868774414,-0.014474979601800442,assist,no
5036,0,0,0.0002611903949706689,-8.251151084899902,-0.0011513754725456238,assist,no
5037,0,0,0.00029595710745097776,-8.136667251586914,-0.011667231097817421,assist,no
5038,0,0,0.0001233945815017186,-9.048901557922363,-0.04890160262584686,assist,no
5039,0,0,0.000911051051985455,-7.01752233505249,-0.0175221785902977,assist,no
5040,0,0,0.00029595715219340595,-8.126946449279785,-0.001946580014191568,assist,no
5041,0,0,8.481104812093983e-05,-9.382838249206543,-0.007838324643671513,assist,no
5042,0,0,9.610243500911293e-05,-9.273538589477539,-0.02353879250586033,assist,no
5043,0,0,0.00020342699964881364,-8.51017951965332,-0.010179625824093819,assist,no
5044,0,0,6.60521722889121e-05,-9.632840156555176,-0.00784057192504406,assist,no
5045,0,0,0.0002305068260870785,-8.38305950164795,-0.008059953339397907,assist,no
5046,0,0,0.000295957137210375,-8.13808536529541,-0.013085445389151573,assist,no
5047,0,0,7.48461932875439e-05,-9.506895065307617,-0.006894608028233051,assist,no
5048,0,0,0.0015011819000625738,-6.506452560424805,-0.006452322471886873,assist,no
5049,0,0,0.00023050662498192356,-8.386487007141113,-0.011486586183309555,assist,no
5050,0,0,0.00012339456101972954,-9.00244140625,-0.0024412849452346563,assist,no
5051,0,0,0.0017007224043197645,-6.378620147705078,-0.0036201435141265392,assist,no
5052,0,0,8.481101463353467e-05,-9.386457443237305,-0.011457123793661594,assist,no
5053,0,0,0.000626334079119187,-7.38113260269165,-0.00613247649744153,assist,no
5054,0,0,0.0011695100926206055,-6.751842021942139,-0.0018418743275105953,assist,no
5055,0,0,0.00010889695064010815,-9.130558967590332,-0.005559340585023165,assist,no
5056,0,0,0.0006263340866975853,-7.37619161605835,-0.001191501971334219,assist,no
5057,0,0,2.7535699436031774e-05,-10.5068359375,-0.006836239714175463,assist,no
5058,0,0,0.0004305570917458019,-7.7521162033081055,-0.0021162275224924088,assist,no
5059,0,0,0.0003353501620001351,-8.008320808410645,-0.008320902474224567,assist,no
5060,0,0,0.0002611902782399865,-8.27716064453125,-0.027160488069057465,assist,no
5061,0,0,0.00015843624639592043,-8.761383056640625,-0.011383228935301304,assist,no
5062,0,0,9.610242713366186e-05,-9.276634216308594,-0.02663433738052845,assist,no
5063,0,0,5.144220722688045e-05,-9.891195297241211,-0.01619517058134079,assist,no
5064,0,0,0.00013982210611442446,-8.89351749420166,-0.018517712131142616,assist,no
5065,0,0,0.00029595719803804106,-8.125617980957031,-0.0006182666402310133,assist,no
5066,0,0,0.001032230973491914,-6.876656532287598,-0.0016564709367230535,assist,no
5067,0,0,9.610245845648242e-05,-9.266363143920898,-0.016363590955734253,assist,no
5068,0,0,0.0003353501963437253,-8.014856338500977,-0.014856535010039806,assist,no
5069,0,0,0.0003353500241574881,-8.003369331359863,-0.0033690142445266247,assist,no
5070,0,0,0.0003799845936389443,-7.883349895477295,-0.008350103162229061,assist,no
5071,0,0,0.0017007220963757644,-6.376862525939941,-0.0018623403739184141,assist,no
5072,0,0,0.00012339460293168549,-9.001556396484375,-0.0015566148795187473,assist,no
5073,0,0,0.00026119024857094644,-8.259215354919434,-0.009215084835886955,assist,no
5074,0,0,3.120190343203778e-05,-10.384980201721191,-0.009979946538805962,assist,no
5075,0,0,0.0005527785479098052,-7.503974914550781,-0.0039747534319758415,assist,no
5076,0,0,4.006368760267747e-05,-10.187263488769531,-0.062263373285532,assist,no
5077,0,0,0.00029595709946002904,-8.130922317504883,-0.005922270007431507,assist,no
5078,0,0,0.00012339453519461782,-9.004358291625977,-0.004357961006462574,assist,no
5079,0,0,8.481101147434618e-05,-9.385025978088379,-0.010025621391832829,assist,no
5080,0,0,5.144220104690049e-05,-9.889483451843262,-0.014483205042779446,assist,no
5081,0,0,0.0001233946217188177,-9.007845878601074,-0.007846249267458916,assist,no
5082,0,0,0.003593602247942493,-5.629017353057861,-0.004017259925603867,assist,no
5083,0,0,6.60521479917493e-05,-9.631976127624512,-0.006976175121963024,assist,no
5084,0,0,0.000804085761284387,-7.130685329437256,-0.005685112439095974,assist,no
5085,0,0,0.0002034268834174619,-8.50182056427002,-0.001820098957978189,assist,no
5086,0,0,0.0003353501465455206,-8.00655460357666,-0.006554651539772749,assist,no
5087,0,0,0.000626334155777605,-7.3859639167785645,-0.010963913053274155,assist,no
5088,0,0,0.0015011820016205455,-6.501650333404541,-0.0016501632053405046,assist,no
5089,0,0,1.6701415190919702e-05,-11.020675659179688,-0.020675260573625565,assist,no
5090,0,0,7.484621419776648e-05,-9.511309623718262,-0.011309445835649967,assist,no
5091,0,0,0.00013982201588496907,-8.882917404174805,-0.007916976697742939,assist,no
5092,0,0,0.0002959569837290715,-8.134284973144531,-0.009284534491598606,assist,no
5093,0,0,8.481105909912506e-05,-9.386369705200195,-0.011369910091161728,assist,no
5094,0,0,0.00033534997451541626,-8.005229949951172,-0.005229484755545855,assist,no
5095,0,0,0.00033535012617352995,-8.002188682556152,-0.002188669750466943,assist,no
5096,0,0,0.0024726228683467602,-6.006669521331787,-0.006669404450803995,assist,no
5097,0,0,0.00043055709926108116,-7.7519917488098145,-0.001991790486499667,assist,no
5098,0,0,9.610237334792806e-05,-9.260046005249023,-0.010045566596090794,assist,no
5099,0,0,0.0006263342507990794,-7.387160301208496,-0.012160449288785458,assist,no
5100,0,0,0.0002611902971479217,-8.253576278686523,-0.0035761946346610785,assist,no
5101,0,0,9.61023832817302e-05,-9.273711204528809,-0.023710869252681732,assist,no
5102,0,0,8.481100499801014e-05,-9.38120174407959,-0.0062013110145926476,assist,no
5103,0,0,3.535625877591133e-05,-10.283830642700195,-0.03383086994290352,assist,no
5104,0,0,0.0002305066988134649,-8.386541366577148,-0.011541265994310379,assist,no
5105,0,0,0.00026119035861391955,-8.257163047790527,-0.007163199130445719,assist,no
5106,0,0,0.0019267344197577288,-6.261241912841797,-0.011241786181926727,assist,no
5107,0,0,5.829125111281215e-05,-9.754905700683594,-0.004905451089143753,assist,no
5108,0,0,7.484624688742615e-05,-9.526611328125,-0.026611587032675743,assist,no
5109,0,0,0.0004305571144920476,-7.753462791442871,-0.003462868509814143,assist,no
5110,0,0,0.00037998444913056167,-7.878361701965332,-0.00336152920499444,assist,no
5111,0,0,0.0007096703832494759,-7.257925987243652,-0.007925964891910553,assist,no
5112,0,0,0.00017952790373317908,-8.630024909973145,-0.005024544429033995,assist,no
5113,0,0,0.000552778651587723,-7.502058029174805,-0.002058055717498064,assist,no
5114,0,0,0.00048785704682891354,-7.627774238586426,-0.002774082822725177,assist,no
5115,0,0,0.025957359175758542,-3.6640031337738037,-0.03900321200489998,assist,no
5116,0,0,0.0015011822605759534,-6.501617431640625,-0.0016174342017620802,assist,no
5117,0,0,0.00043055699394697964,-7.761943817138672,-0.011943614110350609,assist,no
5118,0,0,9.61023735604756e-05,-9.251932144165039,-0.0019317077239975333,assist,no
5119,0,0,0.00020342692321881977,-8.505546569824219,-0.005546300206333399,assist,no
5120,0,0,0.007577240175332931,-4.8905558586120605,-0.015555713325738907,assist,no
5121,0,0,0.0002959571906670774,-8.164046287536621,-0.039046548306941986,assist,no
5122,0,0,0.0004878571000757319,-7.62932014465332,-0.004320098087191582,assist,no
5123,0,0,2.1444940472164386e-05,-10.76282787322998,-0.012827502563595772,assist,no
5124,0,0,0.0002611903335654597,-8.2556791305542,-0.005679185967892408,assist,no
5125,0,0,0.001325022244062633,-6.627018451690674,-0.0020183208398520947,assist,no
5126,0,0,0.012431649503980388,-4.399469375610352,-0.024469265714287758,assist,no
5127,0,0,2.753567839520972e-05,-10.5184907913208,-0.018490329384803772,assist,no
5128,0,0,0.0001795280392231963,-8.63650894165039,-0.011509330943226814,assist,no
5129,0,0,0.00017952795313144003,-8.639537811279297,-0.014537720941007137,assist,no
5130,0,0,0.0001233945684024377,-9.030228614807129,-0.03022855333983898,assist,no
5131,0,0,0.0005527786024500475,-7.50953483581543,-0.009534773416817188,assist,no
5132,0,0,9.610245058102943e-05,-9.26137638092041,-0.011376745998859406,assist,no
5133,0,0,0.00013982201549436548,-8.886404991149902,-0.011404560878872871,assist,no
5134,0,0,9.610243572506304e-05,-9.266507148742676,-0.016507359221577644,assist,no
5135,0,0,8.481101629210865e-05,-9.39589786529541,-0.02089756540954113,assist,no
5136,0,0,3.120190093303868e-05,-10.408854484558105,-0.03385414928197861,assist,no
5137,0,0,0.001032231178646208,-6.877621173858643,-0.0026213114615529776,assist,no
5138,0,0,0.00033535025191790585,-8.011674880981445,-0.011675243265926838,assist,no
5139,0,0,0.053403325280175794,-2.952157735824585,-0.0771576464176178,assist,no
5140,0,0,6.605215272815755e-05,-9.63774299621582,-0.012743115425109863,assist,no
5141,0,0,0.00023050682801871905,-8.391549110412598,-0.016549570485949516,assist,no
5142,0,0,0.0011695101947488491,-6.751922130584717,-0.0019220703979954123,assist,no
5143,0,0,9.610241012984925e-05,-9.256159782409668,-0.006159726530313492,assist,no
5144,0,0,0.00017952801481659712,-8.636427879333496,-0.01142813265323639,assist,no
5145,0,0,0.00029595717303187557,-8.133149147033691,-0.008149348199367523,assist,no
5146,0,0,0.00029595721767098243,-8.136573791503906,-0.011574143543839455,assist,no
5147,0,0,0.00048785712732357287,-7.6297783851623535,-0.004778394475579262,assist,no
5148,0,0,0.00026119043534004197,-8.266507148742676,-0.016507593914866447,assist,no
5149,0,0,0.0002611902227929307,-8.266585350036621,-0.016584981232881546,assist,no
5150,0,0,0.0002034269408820066,-8.50353717803955,-0.003536995267495513,assist,no
5151,0,0,0.0002959569787691744,-8.13662338256836,-0.011622927151620388,assist,no
5152,0,0,0.022977372293497,-3.773885488510132,-0.023885594680905342,assist,no
5153,0,0,7.484621332650709e-05,-9.507796287536621,-0.0077960980124771595,assist,no
5154,0,0,9.610242838657447e-05,-9.268718719482422,-0.01871885359287262,assist,no
5155,0,0,0.0011695102609758244,-6.753417015075684,-0.003417011583223939,assist,no
5156,0,0,6.605211483690104e-05,-9.655062675476074,-0.030062220990657806,assist,no
5157,0,0,0.0008040858789484491,-7.127104759216309,-0.0021046886686235666,assist,no
5158,0,0,0.00029595719411145294,-8.131574630737305,-0.0065749031491577625,assist,no
5159,0,0,0.00020342704880269108,-8.503966331481934,-0.003966679330915213,assist,no
5160,0,0,0.00029595722077092065,-8.12547779083252,-0.0004781533498317003,assist,no
5161,0,0,0.002472623119306643,-6.0037522315979,-0.003752216463908553,assist,no
5162,0,0,0.000709670409998228,-7.256963729858398,-0.006963745225220919,assist,no
5163,0,0,5.8291246620745664e-05,-9.753740310668945,-0.003739984007552266,assist,no
5164,0,0,8.481107094608914e-05,-9.383977890014648,-0.008978234604001045,assist,no
5165,0,0,0.0002034269754033602,-8.521114349365234,-0.02111433632671833,assist,no
5166,0,0,0.004609571145257565,-5.3941802978515625,-0.019180072471499443,assist,no
5167,0,0,0.0007096703419705394,-7.2550859451293945,-0.005085864569991827,assist,no
5168,0,0,0.00012339458345512024,-9.007915496826172,-0.007915557362139225,assist,no
5169,0,0,0.001501181951016057,-6.505988597869873,-0.005988393910229206,assist,no
5170,0,0,0.00043055711343990854,-7.751020908355713,-0.0010209829779341817,assist,no
5171,0,0,3.535626717227635e-05,-10.258695602416992,-0.00869606714695692,assist,no
5172,0,0,0.00017952790807955683,-8.62788200378418,-0.002881662454456091,assist,no
5173,0,0,0.0015011824528730576,-6.504050254821777,-0.004050385672599077,assist,no
5174,0,0,0.0007096702759242457,-7.255593299865723,-0.0055931261740624905,assist,no
5175,0,0,0.00015843617729799885,-8.750226020812988,-0.00022575691400561482,assist,no
5176,0,0,4.5397848493487716e-05,-10.004897117614746,-0.0048966724425554276,assist,no
5177,0,0,0.0002611903204332584,-8.252580642700195,-0.002580647822469473,assist,no
5178,0,0,0.37754066879814546,-1.0028430223464966,-0.5028430223464966,assist,no
5179,0,0,0.00010889691002655443,-9.145939826965332,-0.02093982696533203,assist,no
5180,0,0,0.001032230929676052,-6.881011486053467,-0.006011382210999727,assist,no
5181,0,0,0.0002305067546163897,-8.380663871765137,-0.00566401332616806,assist,no
5182,0,0,0.00013982213456340618,-8.879376411437988,-0.004376832861453295,assist,no
5183,0,0,4.0063673835023484e-05,-10.12922191619873,-0.004221457056701183,assist,no
5184,0,0,0.00010889687859035595,-9.134048461914062,-0.00904817320406437,assist,no
5185,0,0,0.00010889694359231185,-9.139510154724121,-0.014510462991893291,assist,no
5186,0,0,0.0004305571015657669,-7.7538299560546875,-0.003830003086477518,assist,no
5187,0,0,0.0001233946329221548,-9.00619125366211,-0.006191715132445097,assist,no
5188,0,0,0.0031726822195296527,-5.756007194519043,-0.006006997544318438,assist,no
5189,0,0,0.00043055711419143645,-7.771459102630615,-0.021459178999066353,assist,no
5190,0,0,0.0004305570895413201,-7.752710342407227,-0.002710361499339342,assist,no
5191,0,0,7.48462415901669e-05,-9.514599800109863,-0.014599988237023354,assist,no
5192,0,0,0.0004878570782774601,-7.6309895515441895,-0.005989460274577141,assist,no
5193,0,0,8.481100326045668e-05,-9.384952545166016,-0.009952091611921787,assist,no
5194,0,0,0.0001795280469965317,-8.628138542175293,-0.0031389747746288776,assist,no
5195,0,0,0.0028009276317430103,-5.878684043884277,-0.003684281837195158,assist,no
5196,0,0,7.484619976971227e-05,-9.507864952087402,-0.007864581421017647,assist,no
5197,0,0,0.0007096705074165317,-7.251872539520264,-0.0018726922571659088,assist,no
5198,0,0,0.00048785702162466464,-7.627792835235596,-0.0027926277834922075,assist,no
5199,0,0,0.0004305571231346193,-7.750871181488037,-0.000871278636623174,assist,no
5200,0,0,6.605211446783048e-05,-9.63784408569336,-0.012843625620007515,assist,no
5201,0,0,0.0006263342490502177,-7.37907600402832,-0.0040761493146419525,assist,no
5202,0,0,9.61023700366609e-05,-9.254902839660645,-0.004902366548776627,assist,no
5203,0,0,0.0004305571775201972,-7.769070148468018,-0.019070371985435486,assist,no
5204,0,0,8.481100399101894e-05,-9.378803253173828,-0.0038028082344681025,assist,no
5205,0,0,0.0007096702643661451,-7.262381076812744,-0.012380886822938919,assist,no
5206,0,0,6.605211972708634e-05,-9.630436897277832,-0.005436516832560301,assist,no
5207,0,0,0.00012339457564151382,-9.012789726257324,-0.012789723463356495,assist,no
5208,0,0,0.09534946297109421,-2.3739378452301025,-0.12393782287836075,assist,no
5209,0,0,0.00010889693182908451,-9.139647483825684,-0.014647684060037136,assist,no
5210,0,0,0.00023050672864656534,-8.389602661132812,-0.014602690003812313,assist,no
5211,0,0,0.0001233946164331411,-9.005502700805664,-0.005503028631210327,assist,no
5212,0,0,0.0035936030699648255,-5.632296562194824,-0.0072966986335814,assist,no
5213,0,0,0.0005527787198273558,-7.500944137573242,-0.0009442876325920224,assist,no
5214,0,0,0.0002305067810154704,-8.386530876159668,-0.011531132273375988,assist,no
5215,0,0,0.0015011821283062719,-6.504621505737305,-0.004621420055627823,assist,no
5216,0,0,0.0004305571817287544,-7.7567057609558105,-0.006705994252115488,assist,no
5217,0,0,8.481102150477004e-05,-9.382878303527832,-0.00787806510925293,assist,no
5218,0,0,0.0005527785854705374,-7.515260696411133,-0.015260603278875351,assist,no
5219,0,0,0.0003799844567362646,-7.886809825897217,-0.01180967316031456,assist,no
5220,0,0,0.0008040860441271215,-7.136015892028809,-0.011016027070581913,assist,no
5221,0,0,0.00020342697104675555,-8.506327629089355,-0.006327594630420208,assist,no
5222,0,0,0.0004305570771160587,-7.753418922424316,-0.003418912645429373,assist,no
5223,0,0,0.00029595705151434115,-8.13411808013916,-0.009117870591580868,assist,no
5224,0,0,0.012431653448691592,-4.39013147354126,-0.015131684951484203,assist,no
5225,0,0,0.0003353501309347997,-8.004253387451172,-0.004253388848155737,assist,no
5226,0,0,0.000295957019757216,-8.12826156616211,-0.003261249279603362,assist,no
5227,0,0,7.484625553032363e-05,-9.523566246032715,-0.02356662042438984,assist,no
5228,0,0,0.00010889693892758361,-9.131961822509766,-0.00696208793669939,assist,no
5229,0,0,0.0001584361804491861,-8.75903034210205,-0.009030098095536232,assist,no
5230,0,0,0.00020342707323757099,-8.507184982299805,-0.007185450289398432,assist,no
5231,0,0,0.00015843623260169073,-8.75653076171875,-0.006530846934765577,assist,no
5232,0,0,0.0002034269613864587,-8.510174751281738,-0.010174669325351715,assist,no
5233,0,0,0.00033535014795048557,-8.001986503601074,-0.001986555755138397,assist,no
5234,0,0,4.00637014822684e-05,-10.14345932006836,-0.01845955103635788,assist,no
5235,0,0,0.0009110512236466246,-7.005868434906006,-0.005868467036634684,assist,no
5236,0,0,0.0003799845589710776,-7.879629135131836,-0.0046292515471577644,assist,no
5237,0,0,0.00020342690891779556,-8.505727767944336,-0.005727428011596203,assist,no
5238,0,0,0.00033535027767560505,-8.002144813537598,-0.0021452526561915874,assist,no
5239,0,0,0.00012339463381267653,-9.00341796875,-0.0034184374380856752,assist,no
5240,0,0,2.1444938794539225e-05,-10.770774841308594,-0.020774392411112785,assist,no
5241,0,0,0.0009110510850461221,-7.007908344268799,-0.007908224128186703,assist,no
5242,0,0,4.006369756464144e-05,-10.13776969909668,-0.012769832275807858,assist,no
5243,0,0,0.0004305570799217628,-7.757476329803467,-0.007476326543837786,assist,no
5244,0,0,0.00023050676147102873,-8.3753662109375,-0.00036638224264606833,assist,no
5245,0,0,0.0007096702993706792,-7.253387451171875,-0.003387310542166233,assist,no
5246,0,0,0.00048785703649744197,-7.627824306488037,-0.0028241295367479324,assist,no
5247,0,0,0.0004878571062064959,-7.628494739532471,-0.0034947055391967297,assist,no
5248,0,0,0.00013982204999768563,-8.889698028564453,-0.014697845093905926,assist,no
5249,0,0,3.5356259368595854e-05,-10.266230583190918,-0.016230827197432518,assist,no
5250,0,0,1.892515415044148e-05,-10.879838943481445,-0.004839255474507809,assist,no
5251,0,0,0.00017952802434520053,-8.637866973876953,-0.012867280282080173,assist,no
5252,0,0,0.00010889692118133672,-9.136430740356445,-0.01143084280192852,assist,no
5253,0,0,5.1442206508278095e-05,-9.887744903564453,-0.012744762934744358,assist,no
5254,0,0,9.610243165309675e-05,-9.256314277648926,-0.006314445752650499,assist,no
5255,0,0,0.0001233945826507784,-9.023704528808594,-0.023704582825303078,assist,no
5256,0,0,0.0006263340931100761,-7.377963542938232,-0.0029634390957653522,assist,no
5257,0,0,0.00043055700056042386,-7.752785682678223,-0.0027854950167238712,assist,no
5258,0,0,0.00017952799141301198,-8.638091087341309,-0.013091210275888443,assist,no
5259,0,0,0.00033535023349724947,-8.014824867248535,-0.01482517458498478,assist,no
5260,0,0,0.00023050667906781782,-8.378538131713867,-0.0035379454493522644,assist,no
5261,0,0,0.0008040859842662172,-7.131443023681641,-0.006443084217607975,assist,no
5262,0,0,1.3007127497382085e-05,-11.268263816833496,-0.018263742327690125,assist,no
5263,0,0,0.010986942104355009,-4.551146030426025,-0.05114598199725151,assist,no
5264,0,0,0.0001584361669684672,-8.751172065734863,-0.0011717366287484765,assist,no
5265,0,0,0.00010889693497270548,-9.131171226501465,-0.006171455606818199,assist,no
5266,0,0,0.0001233945788588811,-9.007965087890625,-0.007965111173689365,assist,no
5267,0,0,0.0005527786322928238,-7.500855445861816,-0.0008554374799132347,assist,no
5268,0,0,0.0005527785113781365,-7.515176296234131,-0.015176068991422653,assist,no
5269,0,0,0.0003799844715939174,-7.886866569519043,-0.011866455897688866,assist,no
5270,0,0,5.829128140373482e-05,-9.761238098144531,-0.011238368228077888,assist,no
5271,0,0,0.0008040859418023907,-7.127285957336426,-0.002285965019837022,assist,no
5272,0,0,5.829127868949381e-05,-9.776802062988281,-0.026802286505699158,assist,no
5273,0,0,0.000179527899637554,-8.628911972045898,-0.003911583684384823,assist,no
5274,0,0,0.00048785714775945475,-7.628921031951904,-0.003921083174645901,assist,no
5275,0,0,0.0004305571169971409,-7.765100955963135,-0.015101038850843906,assist,no
5276,0,0,0.001325022380241516,-6.645473957061768,-0.02047392912209034,assist,no
5277,0,0,0.00013982202480375102,-8.879904747009277,-0.004904383327811956,assist,no
5278,0,0,8.481103264091127e-05,-9.381206512451172,-0.006206405349075794,assist,no
5279,0,0,0.00020342694282353665,-8.510218620300293,-0.01021844707429409,assist,no
5280,0,0,0.0007096705459710673,-7.250881671905518,-0.0008818790083751082,assist,no
5281,0,0,0.0015011821159168959,-6.501527309417725,-0.001527215470559895,assist,no
5282,0,0,0.0009110511106893328,-7.0016021728515625,-0.0016020808834582567,assist,no
5283,0,0,0.00013982213553991596,-8.887857437133789,-0.012857865542173386,assist,no
5284,0,0,0.00020342707086984995,-8.507086753845215,-0.007087210193276405,assist,no
5285,0,0,1.3007129411342703e-05,-11.26616096496582,-0.016161037608981133,assist,no
5286,0,0,0.005220125006811988,-5.258233547210693,-0.008233414962887764,assist,no
5287,0,0,0.00026119038755340523,-8.257311820983887,-0.007312083151191473,assist,no
5288,0,0,0.0002034270049998614,-8.502230644226074,-0.002230776706710458,assist,no
5289,0,0,0.00026119024480151945,-8.25260066986084,-0.0026003853417932987,assist,no
5290,0,0,0.0007096704182540161,-7.259903907775879,-0.00990393478423357,assist,no
5291,0,0,0.0006263342869422206,-7.383560657501221,-0.008560863323509693,assist,no
5292,0,0,0.0005527786693390311,-7.508452415466309,-0.008452474139630795,assist,no
5293,0,0,0.0007096703077915816,-7.252676963806152,-0.002676835050806403,assist,no
5294,0,0,0.0003353501616879206,-8.011616706848145,-0.011616799980401993,assist,no
5295,0,0,0.0002959572402660884,-8.136638641357422,-0.011639069765806198,assist,no
5296,0,0,3.535626490031856e-05,-10.261279106140137,-0.011279506608843803,assist,no
5297,0,0,4.5397883626620454e-05,-10.01117992401123,-0.011180252768099308,assist,no
5298,0,0,0.00020342692681775315,-8.502243041992188,-0.0022427900694310665,assist,no
5299,0,0,0.0008040861084775989,-7.127681732177734,-0.002681947313249111,assist,no
5300,0,0,0.010986943480670275,-4.516407489776611,-0.016407568007707596,assist,no
5301,0,0,8.481104476430074e-05,-9.379217147827148,-0.00421718368306756,assist,no
5302,0,0,5.14422281142601e-05,-9.893482208251953,-0.01848248764872551,assist,no
5303,0,0,0.0004878571827275211,-7.634427547454834,-0.009427670389413834,assist,no
5304,0,0,0.00043055707912013306,-7.754756450653076,-0.0047564455308020115,assist,no
5305,0,0,0.00026119023318925275,-8.252328872680664,-0.0023285436909645796,assist,no
5306,0,0,8.481104808144998e-05,-9.38188648223877,-0.006886557210236788,assist,no
5307,0,0,0.00020342706821800243,-8.507122039794922,-0.007122483104467392,assist,no
5308,0,0,5.144219017205382e-05,-9.880385398864746,-0.005384940654039383,assist,no
5309,0,0,3.5356238427082024e-05,-10.270758628845215,-0.020758280530571938,assist,no
5310,0,0,0.0003799845149287413,-7.878345489501953,-0.0033454899676144123,assist,no
5311,0,0,0.0001398220808553791,-8.893533706665039,-0.018533743917942047,assist,no
5312,0,0,0.0004305570027649053,-7.761772155761719,-0.011771973222494125,assist,no
5313,0,0,4.5397870647228906e-05,-10.02098274230957,-0.020982785150408745,assist,no
5314,0,0,0.14804720179063335,-1.9296890497207642,-0.17968907952308655,assist,no
5315,0,0,0.00010889695768790491,-9.132822036743164,-0.007822474464774132,assist,no
5316,0,0,0.0002034270229471818,-8.503168106079102,-0.0031683268025517464,assist,no
5317,0,0,0.0001233945419740682,-9.070344924926758,-0.07034464925527573,assist,no
5318,0,0,0.00020342694206586638,-8.514705657958984,-0.014705481007695198,assist,no
5319,0,0,0.0003353500783266756,-8.011759757995605,-0.011759602464735508,assist,no
5320,0,0,0.24508500210441886,-1.434875726699829,-0.3098756670951843,assist,no
5321,0,0,0.000552778600006027,-7.503183841705322,-0.003183774882927537,assist,no
5322,0,0,0.0003799845340314408,-7.878829002380371,-0.0038290531374514103,assist,no
5323,0,0,0.00043055702200401653,-7.75830602645874,-0.008305888622999191,assist,no
5324,0,0,0.00020342698260122886,-8.54349136352539,-0.043491385877132416,assist,no
5325,0,0,0.00015843618280969514,-8.757922172546387,-0.007921943441033363,assist,no
5326,0,0,0.0009110513260075599,-7.00283670425415,-0.0028368488419800997,assist,no
5327,0,0,7.48462113400357e-05,-9.530264854431152,-0.030264638364315033,assist,no
5328,0,0,6.605213507427397e-05,-9.631936073303223,-0.006935925222933292,assist,no
5329,0,0,1.892515508457126e-05,-10.9088716506958,-0.03387201204895973,assist,no
5330,0,0,6.60521220952894e-05,-9.643401145935059,-0.018400801345705986,assist,no
5331,0,0,0.0001398220509090942,-8.887895584106445,-0.012895407155156136,assist,no
5332,0,0,6.60521313835672e-05,-9.63772201538086,-0.012721811421215534,assist,no
5333,0,0,7.484623824452966e-05,-9.51129150390625,-0.01129164732992649,assist,no
5334,0,0,0.001501182064788909,-6.503782272338867,-0.003782144282013178,assist,no
5335,0,0,0.0011695104733917328,-6.755529880523682,-0.0055300588719546795,assist,no
5336,0,0,0.02931222746548751,-3.552945852279663,-0.052945736795663834,assist,no
5337,0,0,0.00033535014514055576,-8.004215240478516,-0.004215284250676632,assist,no
5338,0,0,0.0017007226250986488,-6.37688684463501,-0.0018869704799726605,assist,no
5339,0,0,0.00017952790197791116,-8.63305950164795,-0.008059126324951649,assist,no
5340,0,0,0.000804085973042298,-7.133743762969971,-0.008743809536099434,assist,no
5341,0,0,0.0001233946112623707,-9.008971214294434,-0.008971500210464,assist,no
5342,0,0,0.00015843628313136148,-8.758971214294434,-0.008971618488430977,assist,no
5343,0,0,0.00017952791434837104,-8.633984565734863,-0.008984259329736233,assist,no
5344,0,0,0.00020342701281333845,-8.505012512207031,-0.005012683104723692,assist,no
5345,0,0,0.00026119034377939445,-8.252592086791992,-0.002592181321233511,assist,no
5346,0,0,0.00020342688637711048,-8.50464916229248,-0.004648711532354355,assist,no
5347,0,0,0.00023050669044302738,-8.387956619262695,-0.012956482358276844,assist,no
5348,0,0,0.0010322310319530808,-6.879024982452393,-0.004024977795779705,assist,no
5349,0,0,0.0010322311246266417,-6.876908302307129,-0.0019083875231444836,assist,no
5350,0,0,6.605211683603334e-05,-9.629352569580078,-0.004352145362645388,assist,no
5351,0,0,6.60521425479558e-05,-9.629205703735352,-0.004205668810755014,assist,no
5352,0,0,0.00023050669731107862,-8.383099555969238,-0.0080994488671422,assist,no
5353,0,0,0.0002034270243204597,-8.503089904785156,-0.0030901322606951,assist,no
5354,0,0,8.4811020951912e-05,-9.383817672729492,-0.008817427791655064,assist,no
5355,0,0,0.0005527786919783813,-7.501306533813477,-0.0013066334649920464,assist,no
5356,0,0,0.0007096704413702227,-7.25124454498291,-0.0012446045875549316,assist,no
5357,0,0,9.610237970198156e-05,-9.266326904296875,-0.016326531767845154,assist,no
5358,0,0,0.00026119038366238177,-8.25657844543457,-0.006578692700713873,assist,no
5359,0,0,8.481103891980007e-05,-9.38050365447998,-0.00550362141802907,assist,no
5360,0,0,0.0003799845202350467,-7.88029670715332,-0.005296721588820219,assist,no
5361,0,0,0.0017007221746465062,-6.378816604614258,-0.003816465148702264,assist,no
5362,0,0,6.605215823346367e-05,-9.632776260375977,-0.007776462938636541,assist,no
5363,0,0,9.61024100403555e-05,-9.258903503417969,-0.008903446607291698,assist,no
5364,0,0,0.00010889688994794919,-9.137831687927246,-0.01283150352537632,assist,no
5365,0,0,0.00029595703704797137,-8.131510734558105,-0.006510476116091013,assist,no
5366,0,0,0.0002611902644998159,-8.256355285644531,-0.006355076562613249,assist,no
5367,0,0,0.0006263342847561435,-7.378284454345703,-0.00328465667553246,assist,no
5368,0,0,0.00017952803320513046,-8.63793659210205,-0.012936947867274284,assist,no
5369,0,0,0.0006263342066403251,-7.376410484313965,-0.0014105618465691805,assist,no
5370,0,0,0.00015843628657991992,-8.75031852722168,-0.00031895318534225225,assist,no
5371,0,0,0.0002305067457093835,-8.380712509155273,-0.0057126120664179325,assist,no
5372,0,0,0.0013250222027776349,-6.629936218261719,-0.004936056211590767,assist,no
5373,0,0,8.481103982806704e-05,-9.384110450744629,-0.009110428392887115,assist,no
5374,0,0,3.535625811737298e-05,-10.2686767578125,-0.018676966428756714,assist,no
5375,0,0,4.006369474768134e-05,-10.131062507629395,-0.006062570493668318,assist,no
5376,0,0,0.0004305570490590181,-7.75424337387085,-0.004243298899382353,assist,no
5377,0,0,0.0004305570660936497,-7.76194953918457,-0.011949503794312477,assist,no
5378,0,0,0.0008040861215721734,-7.13016414642334,-0.005164377856999636,assist,no
5379,0,0,0.00012339452042920597,-9.00307846069336,-0.0030780103988945484,assist,no
5380,0,0,0.0006263340709578349,-7.379581451416016,-0.00458131218329072,assist,no
5381,0,0,0.0002959571700008254,-8.135355949401855,-0.010356140322983265,assist,no
5382,0,0,0.000804085750060471,-7.135973930358887,-0.010973699390888214,assist,no
5383,0,0,5.144221541894806e-05,-9.884963035583496,-0.009963068179786205,assist,no
5384,0,0,0.00013982204127420387,-8.89366340637207,-0.018663160502910614,assist,no
5385,0,0,0.0005527786530026824,-7.502877235412598,-0.002877264516428113,assist,no
5386,0,0,7.48462233285655e-05,-9.53835678100586,-0.0383567251265049,assist,no
5387,0,0,0.00037998453190891853,-7.877048969268799,-0.002049014437943697,assist,no
5388,0,0,0.004070136964634814,-5.505289554595947,-0.005289369262754917,assist,no
5389,0,0,0.00037998444652162874,-7.876036643981934,-0.0010364643530920148,assist,no
5390,0,0,0.0009110511301866506,-7.003767013549805,-0.0037669430021196604,assist,no
5391,0,0,0.004609572006309217,-5.3797383308410645,-0.004738293122500181,assist,no
5392,0,0,5.144220584357092e-05,-9.875262260437012,-0.000262106885202229,assist,no
5393,0,0,0.00012339460172517254,-9.007020950317383,-0.007021158933639526,assist,no
5394,0,0,0.0002034269947239557,-8.503098487854004,-0.0030985698103904724,assist,no
5395,0,0,0.0001398220194004013,-8.898714065551758,-0.02371366322040558,assist,no
5396,0,0,0.0003353500636916277,-8.000935554504395,-0.0009353553177788854,assist,no
5397,0,0,0.001032231102058468,-6.8790669441223145,-0.004067007452249527,assist,no
5398,0,0,9.610240462598423e-05,-9.254853248596191,-0.0048531354404985905,assist,no
5399,0,0,0.003593602313804316,-5.628892421722412,-0.0038923469837754965,assist,no
5400,0,0,0.02297736777744616,-3.7779436111450195,-0.02794351615011692,assist,no
5401,0,0,0.00017952801949731452,-8.627519607543945,-0.002519886940717697,assist,no
5402,0,0,8.481103331223899e-05,-9.378339767456055,-0.003339668270200491,assist,no
5403,0,0,0.00026119025610980053,-8.260363578796387,-0.010363337583839893,assist,no
5404,0,0,4.53978851909122e-05,-10.029995918273926,-0.02999628148972988,assist,no
5405,0,0,0.0028009273924270335,-5.880640983581543,-0.005641135852783918,assist,no
5406,0,0,0.000487857213608413,-7.6356611251831055,-0.010661311447620392,assist,no
5407,0,0,0.000911051001546747,-7.006612300872803,-0.006612088996917009,assist,no
5408,0,0,0.04742587351415913,-3.0625040531158447,-0.06250406056642532,assist,no
5409,0,0,0.0006263341452844369,-7.377022743225098,-0.0020227227360010147,assist,no
5410,0,0,0.00043055711612035826,-7.750743865966797,-0.0007439468172378838,assist,no
5411,0,0,8.481106976139267e-05,-9.383859634399414,-0.008859965018928051,assist,no
5412,0,0,0.0002959570187239039,-8.13222885131836,-0.007228530943393707,assist,no
5413,0,0,0.0001233945555904231,-9.004292488098145,-0.004292322788387537,assist,no
5414,0,0,0.0003353499706907915,-8.001619338989258,-0.001618862384930253,assist,no
5415,0,0,2.144494648365562e-05,-10.762694358825684,-0.012694268487393856,assist,no
5416,0,0,0.00023050662047476633,-8.384130477905273,-0.009130037389695644,assist,no
5417,0,0,0.000123394525269618,-9.001855850219727,-0.0018554391572251916,assist,no
5418,0,0,0.00033535022725295934,-8.023917198181152,-0.023917486891150475,assist,no
5419,0,0,0.0001398221021758359,-8.877361297607422,-0.002361487364396453,assist,no
5420,0,0,0.0004305569991074702,-7.751800537109375,-0.001800346071831882,assist,no
5421,0,0,0.00010889690069710105,-9.143736839294434,-0.01873675361275673,assist,no
5422,0,0,0.00026119032882327586,-8.266667366027832,-0.016667403280735016,assist,no
5423,0,0,0.00033535024067818316,-8.002352714538574,-0.002353043295443058,assist,no
5424,0,0,9.610241728934892e-05,-9.258868217468262,-0.008868236094713211,assist,no
5425,0,0,0.0006263341245895783,-7.377737045288086,-0.002736991737037897,assist,no
5426,0,0,8.481101534435209e-05,-9.395864486694336,-0.020864175632596016,assist,no
5427,0,0,0.0010322310410763843,-6.87905216217041,-0.004052166361361742,assist,no
5428,0,0,0.0031726832077168614,-5.761776924133301,-0.011777039617300034,assist,no
5429,0,0,0.00010889689238171935,-9.139688491821289,-0.01468832977116108,assist,no
5430,0,0,0.00017952800746118432,-8.631269454956055,-0.0062696672976017,assist,no
5431,0,0,0.00020342700916704915,-8.503151893615723,-0.003152046585455537,assist,no
5432,0,0,9.610241639441143e-05,-9.264490127563477,-0.014490136876702309,assist,no
5433,0,0,0.0021827168520346155,-6.1289167404174805,-0.003916927147656679,assist,no
5434,0,0,0.00015843626970595836,-8.762939453125,-0.012939772568643093,assist,no
5435,0,0,0.00037998446593385913,-7.878813743591309,-0.003813615068793297,assist,no
5436,0,0,6.605217216588846e-05,-9.658973693847656,-0.03397410735487938,assist,no
5437,0,0,0.0007096705174060363,-7.251254081726074,-0.0012542485492303967,assist,no
5438,0,0,0.00017952789169705662,-8.629942893981934,-0.004942461382597685,assist,no
5439,0,0,0.0040701381085151605,-5.518137454986572,-0.018137551844120026,assist,no
5440,0,0,0.0002959571743751819,-8.126222610473633,-0.0012228161795064807,assist,no
5441,0,0,0.0021827163358128765,-6.142643928527832,-0.017643878236413002,assist,no
5442,0,0,0.006692851481518552,-5.010704040527344,-0.010704124346375465,assist,no
5443,0,0,3.535626075152645e-05,-10.293191909790039,-0.043192192912101746,assist,no
5444,0,0,6.605213833439846e-05,-9.648481369018555,-0.023481270298361778,assist,no
5445,0,0,0.00043055717025542595,-7.75054931640625,-0.0005495230434462428,assist,no
5446,0,0,4.5397879567917814e-05,-10.00876235961914,-0.008762598969042301,assist,no
5447,0,0,0.00023050676770861636,-8.385205268859863,-0.010205467231571674,assist,no
5448,0,0,0.004070137070339915,-5.509369373321533,-0.009369214065372944,assist,no
5449,0,0,0.01798621265983879,-4.042815208435059,-0.04281536117196083,assist,no
5450,0,0,0.0008040858789484491,-7.126345157623291,-0.0013450870756059885,assist,no
5451,0,0,8.481102434804e-05,-9.380426406860352,-0.005426201969385147,assist,no
5452,0,0,0.0013250226439726056,-6.641249656677246,-0.016249828040599823,assist,no
5453,0,0,0.0002305068214189473,-8.376021385192871,-0.0010218166280537844,assist,no
5454,0,0,7.48462264302494e-05,-9.504340171813965,-0.004340157378464937,assist,no
5455,0,0,0.0001088968722777656,-9.127178192138672,-0.0021778454538434744,assist,no
5456,0,0,0.025957358469343637,-3.654975175857544,-0.029975226148962975,assist,no
5457,0,0,5.8291259255531764e-05,-9.77347183227539,-0.02347172237932682,assist,no
5458,0,0,0.0002305066423666739,-8.378549575805664,-0.00354923028498888,assist,no
5459,0,0,0.0002611903966729917,-8.261537551879883,-0.011537848971784115,assist,no
5460,0,0,0.0002611902733762092,-8.2887601852417,-0.03876001015305519,assist,no
5461,0,0,0.0019267350501736068,-6.259253978729248,-0.009254179894924164,assist,no
5462,0,0,0.0013250223660690526,-6.6293182373046875,-0.0043181986548006535,assist,no
5463,0,0,5.82912644668729e-05,-9.757835388183594,-0.007835367694497108,assist,no
5464,0,0,7.484623245936563e-05,-9.50423812866211,-0.004238194786012173,assist,no
5465,0,0,0.00010889691246032501,-9.14130973815918,-0.01630976051092148,assist,no
5466,0,0,0.0005527786239960173,-7.501397609710693,-0.0013975863112136722,assist,no
5467,0,0,0.00012339455610749987,-9.014510154724121,-0.014509993605315685,assist,no
5468,0,0,7.484621329165671e-05,-9.510056495666504,-0.010056305676698685,assist,no
5469,0,0,0.00017952796535563106,-8.626632690429688,-0.001632668194361031,assist,no
5470,0,0,0.002472622860306856,-6.0056891441345215,-0.005689023993909359,assist,no
5471,0,0,6.605216790811761e-05,-9.625130653381348,-0.00013100242358632386,assist,no
5472,0,0,9.61023886513534e-05,-9.284001350402832,-0.03400107100605965,assist,no
5473,0,0,0.0013250222354359168,-6.62865686416626,-0.00365672679618001,assist,no
5474,0,0,8.481101840481607e-05,-9.377981185913086,-0.0029809109400957823,assist,no
5475,0,0,0.0005527787186053453,-7.501810550689697,-0.0018106985371559858,assist,no
5476,0,0,0.0003353502439564355,-8.0074462890625,-0.007446627598255873,assist,no
5477,0,0,0.001169510454081194,-6.753296852111816,-0.0032970139291137457,assist,no
5478,0,0,0.0021827164017350965,-6.129173755645752,-0.004173735622316599,assist,no
5479,0,0,0.00020342689764745275,-8.504507064819336,-0.004506669472903013,assist,no
5480,0,0,0.000295957137210375,-8.144021987915039,-0.01902206800878048,assist,no
5481,0,0,6.605214340143188e-05,-9.62520980834961,-0.0002097863471135497,assist,no
5482,0,0,0.00017952792864126837,-8.6284818649292,-0.0034816381521523,assist,no
5483,0,0,0.0001398221179627411,-8.888185501098633,-0.013185803778469563,assist,no
5484,0,0,0.0001584361513854215,-8.756277084350586,-0.006276656873524189,assist,no
5485,0,0,0.0052201262400538425,-5.263227462768555,-0.013227568008005619,assist,no
5486,0,0,0.015906391157837624,-4.146381855010986,-0.021381819620728493,assist,no
5487,0,0,8.481100254963933e-05,-9.39134693145752,-0.016346469521522522,assist,no
5488,0,0,0.005911069387083185,-5.136473178863525,-0.011473269201815128,assist,no
5489,0,0,0.00023050674621912182,-8.375710487365723,-0.000710592488758266,assist,no
5490,0,0,0.0001233946133306788,-9.011454582214355,-0.011454884894192219,assist,no
5491,0,0,0.00012339456185279777,-9.00393295288086,-0.003932838328182697,assist,no
5492,0,0,0.0010322311505560333,-6.8809356689453125,-0.005935779307037592,assist,no
5493,0,0,6.60521159594907e-05,-9.62710952758789,-0.0021090900991111994,assist,no
5494,0,0,0.0001795279170230652,-8.634061813354492,-0.009061521850526333,assist,no
5495,0,0,4.5397859612635094e-05,-10.011259078979492,-0.011258878745138645,assist,no
5496,0,0,0.001032231057402296,-6.877382755279541,-0.00238277530297637,assist,no
5497,0,0,0.00010889686500180846,-9.129841804504395,-0.004841390997171402,assist,no
5498,0,0,9.610242006365517e-05,-9.25623893737793,-0.006238984875380993,assist,no
5499,0,0,0.00037998447760772945,-7.8898444175720215,-0.01484431978315115,assist,no
5500,0,0,0.0005527785929312312,-7.507565498352051,-0.007565418723970652,assist,no
5501,0,0,0.0013250223549775592,-6.628063201904297,-0.003063154872506857,assist,no
5502,0,0,0.002472622642080892,-6.0038347244262695,-0.0038345158100128174,assist,no
5503,0,0,0.00048785715196016387,-7.628501892089844,-0.003501951927319169,assist,no
5504,0,0,0.00037998456852242834,-7.896340370178223,-0.021340511739253998,assist,no
5505,0,0,2.753570032074676e-05,-10.514369010925293,-0.014369345270097256,assist,no
5506,0,0,0.00023050676239660627,-8.378182411193848,-0.0031825865153223276,assist,no
5507,0,0,0.0001795279690124405,-8.62816333770752,-0.003163335844874382,assist,no
5508,0,0,3.5356256734442494e-05,-10.255356788635254,-0.005356958135962486,assist,no
5509,0,0,0.0010322308110731248,-6.883039951324463,-0.008039732463657856,assist,no
5510,0,0,0.00010889690333368561,-9.129817962646484,-0.00481790117919445,assist,no
5511,0,0,0.0013250221645736081,-6.631925106048584,-0.006924915127456188,assist,no
5512,0,0,0.0002959572454670963,-8.126007080078125,-0.001007526065222919,assist,no
5513,0,0,2.7535689396441917e-05,-10.514330863952637,-0.01433080155402422,assist,no
5514,0,0,4.539786861787812e-05,-10.012752532958984,-0.012752531096339226,assist,no
5515,0,0,0.00020342699586046138,-8.509111404418945,-0.009111491963267326,assist,no
5516,0,0,6.60521450084274e-05,-9.627967834472656,-0.0029678368009626865,assist,no
5517,0,0,0.00023050668915526774,-8.38522720336914,-0.010227060876786709,assist,no
5518,0,0,0.00013982208689346232,-8.876490592956543,-0.0014906733995303512,assist,no
5519,0,0,8.481102999509035e-05,-9.382002830505371,-0.007002692203968763,assist,no
5520,0,0,7.484622618629672e-05,-9.502679824829102,-0.002679807133972645,assist,no
5521,0,0,0.0008040857960785275,-7.126980304718018,-0.0019801310263574123,assist,no
5522,0,0,0.0004878571356114582,-7.626602649688721,-0.001602675998583436,assist,no
5523,0,0,0.0002611903096417509,-8.251012802124023,-0.0010127659188583493,assist,no
5524,0,0,0.0004878570210570014,-7.6494059562683105,-0.024405747652053833,assist,no
5525,0,0,0.0002959572235953088,-8.127667427062988,-0.00266779912635684,assist,no
5526,0,0,0.002182716065024705,-6.127865314483643,-0.0028651398606598377,assist,no
5527,0,0,9.610240001705684e-05,-9.254887580871582,-0.004887419752776623,assist,no
5528,0,0,0.00012339457713529147,-9.030152320861816,-0.030152330175042152,assist,no
5529,0,0,0.0006263340713950502,-7.377724647521973,-0.002724508987739682,assist,no
5530,0,0,0.00048785710893128,-7.629288196563721,-0.004288168158382177,assist,no
5531,0,0,0.001032230827399033,-6.8875908851623535,-0.01259068213403225,assist,no
5532,0,0,0.00015843614585297962,-8.75551700592041,-0.00551654351875186,assist,no
5533,0,0,0.00023050676990853976,-8.377856254577637,-0.0028564624954015017,assist,no
5534,0,0,0.00026119040402945834,-8.25131607055664,-0.0013163958210498095,assist,no
5535,0,0,0.00015843618509643828,-8.75504207611084,-0.005041861440986395,assist,no
5536,0,0,0.0008040860280395031,-7.129282474517822,-0.004282589536160231,assist,no
5537,0,0,0.00017952798990849593,-8.633145332336426,-0.008145446889102459,assist,no
5538,0,0,0.00012339456567342103,-9.001058578491211,-0.0010584949050098658,assist,no
5539,0,0,4.539785804834423e-05,-10.014425277709961,-0.014425043016672134,assist,no
5540,0,0,8.481104843685882e-05,-9.386443138122559,-0.011443217284977436,assist,no
5541,0,0,0.0007096704336510607,-7.250785827636719,-0.0007858763565309346,assist,no
5542,0,0,0.11920293140927592,-2.1657092571258545,-0.16570934653282166,assist,no
5543,0,0,0.00020342697369860185,-8.510133743286133,-0.010133721865713596,assist,no
5544,0,0,0.0002611902432815892,-8.252556800842285,-0.00255651050247252,assist,no
5545,0,0,0.00010889686155396833,-9.148740768432617,-0.02374032326042652,assist,no
5546,0,0,0.06754669630158146,-2.700362205505371,-0.07536228746175766,assist,no
5547,0,0,9.610245818800104e-05,-9.262819290161133,-0.012819734402000904,assist,no
5548,0,0,9.61024489701414e-05,-9.262762069702148,-0.012762418016791344,assist,no
5549,0,0,0.00012339463033676925,-9.007004737854004,-0.007005178369581699,assist,no
5550,0,0,0.00033535007957553306,-8.006585121154785,-0.006584969349205494,assist,no
5551,0,0,0.00023050678552263083,-8.378575325012207,-0.0035756006836891174,assist,no
5552,0,0,0.00023050667627767216,-8.380640029907227,-0.005639831535518169,assist,no
5553,0,0,0.0004305571691030829,-7.761899471282959,-0.011899675242602825,assist,no
5554,0,0,0.00033535018088910924,-8.007294654846191,-0.007294805254787207,assist,no
5555,0,0,9.610238005995642e-05,-9.276705741882324,-0.02670537307858467,assist,no
5556,0,0,0.009708475021981636,-4.637939453125,-0.012939301319420338,assist,no
5557,0,0,0.00033535008051217613,-8.016749382019043,-0.01674923300743103,assist,no
5558,0,0,0.01590638827132573,-4.145046710968018,-0.02004649117588997,assist,no
5559,0,0,0.0001398220686815625,-8.87531566619873,-0.0003156163729727268,assist,no
5560,0,0,0.00048785720588818976,-7.627159118652344,-0.0021592890843749046,assist,no
5561,0,0,0.0003799844950300971,-7.876978874206543,-0.001978822285309434,assist,no
5562,0,0,0.000626334301078853,-7.3777642250061035,-0.00276445341296494,assist,no
5563,0,0,0.0005527785407063774,-7.512089252471924,-0.012089078314602375,assist,no
5564,0,0,0.00043055704925942556,-7.755335807800293,-0.0053357332944869995,assist,no
5565,0,0,0.0007096703398240347,-7.252110958099365,-0.0021108745131641626,assist,no
5566,0,0,0.0004305571739128625,-7.753015995025635,-0.003016210161149502,assist,no
5567,0,0,0.00026119038493912383,-8.253680229187012,-0.003680481342598796,assist,no
5568,0,0,9.610244610634052e-05,-9.262810707092285,-0.012811025604605675,assist,no
5569,0,0,0.00012339457966322294,-9.004438400268555,-0.004438430070877075,assist,no
5570,0,0,0.09534946361376598,-2.3657472133636475,-0.11574719846248627,assist,no
5571,0,0,9.610245756154453e-05,-9.280366897583008,-0.030367335304617882,assist,no
5572,0,0,0.033085978269527264,-3.4162302017211914,-0.04123019799590111,assist,no
5573,0,0,0.00043055702571155363,-7.753453731536865,-0.0034536023158580065,assist,no
5574,0,0,9.610242337492406e-05,-9.293511390686035,-0.04351147264242172,assist,no
5575,0,0,0.000335350109392006,-8.002989768981934,-0.002989706117659807,assist,no
5576,0,0,7.484622012233061e-05,-9.512852668762207,-0.012852570042014122,assist,no
5577,0,0,0.00037998448872886,-7.875783443450928,-0.0007833749405108392,assist,no
5578,0,0,0.00010889687311437391,-9.143503189086914,-0.018502850085496902,assist,no
5579,0,0,0.00026119025744733923,-8.256378173828125,-0.006377937737852335,assist,no
5580,0,0,0.0002611902940472634,-8.259196281433105,-0.009196185506880283,assist,no
5581,0,0,0.00010889695302317609,-9.15909481048584,-0.03409520536661148,assist,no
5582,0,0,0.00037998447579474197,-7.876944065093994,-0.001943962532095611,assist,no
5583,0,0,0.00033534997997916594,-8.021263122558594,-0.021262673661112785,assist,no
5584,0,0,0.001926735091813299,-6.253590106964111,-0.003590329783037305,assist,no
5585,0,0,0.00023050668679437515,-8.405413627624512,-0.030413474887609482,assist,no
5586,0,0,0.00017952796366305071,-8.648688316345215,-0.023688284680247307,assist,no
5587,0,0,0.00020342704473021137,-8.555473327636719,-0.055473655462265015,assist,no
5588,0,0,9.610244995457297e-05,-9.257892608642578,-0.007892967201769352,assist,no
5589,0,0,0.0002611904122370867,-8.25577163696289,-0.005771993659436703,assist,no
5590,0,0,0.00013982205033132624,-8.875351905822754,-0.00035172473872080445,assist,no
5591,0,0,0.00017952789537476065,-8.629510879516602,-0.004510467406362295,assist,no
5592,0,0,0.0006263342002278328,-7.378824710845947,-0.0038247781340032816,assist,no
5593,0,0,0.00013982201308564344,-8.879302978515625,-0.004302531015127897,assist,no
5594,0,0,0.00017952796880347995,-8.627290725708008,-0.002290722681209445,assist,no
5595,0,0,0.0004878570265065686,-7.644277095794678,-0.019276898354291916,assist,no
5596,0,0,0.0005527786864471763,-7.501562595367432,-0.0015626850072294474,assist,no
5597,0,0,0.007577242920659696,-4.887679100036621,-0.012679319828748703,assist,no
5598,0,0,0.0002611902305749729,-8.280577659606934,-0.030577320605516434,assist,no
5599,0,0,0.004609572294750873,-5.386333465576172,-0.01133349072188139,assist,no
5600,0,0,3.535625268443207e-05,-10.262757301330566,-0.012757356278598309,assist,no
5601,0,0,0.0007096704255191095,-7.253674030303955,-0.0036740675568580627,assist,no
5602,0,0,8.481103603703975e-05,-9.389487266540527,-0.014487199485301971,assist,no
5603,0,0,0.00037998455419540234,-7.881527900695801,-0.006528004538267851,assist,no
5604,0,0,0.0004878571207386778,-7.627129554748535,-0.0021295505575835705,assist,no
5605,0,0,0.000379984491404122,-7.885651111602783,-0.010651050135493279,assist,no
5606,0,0,2.4300251017670796e-05,-10.651432037353516,-0.0264324601739645,assist,no
5607,0,0,0.000626334225294848,-7.377493381500244,-0.002493488835170865,assist,no
5608,0,0,0.00012339453444772924,-9.004850387573242,-0.004850050900131464,assist,no
5609,0,0,0.0007096703563356089,-7.25260591506958,-0.0026058547664433718,assist,no
5610,0,0,0.00010889694389653326,-9.131972312927246,-0.006972623988986015,assist,no
5611,0,0,2.753570116699591e-05,-10.514383316040039,-0.014383681118488312,assist,no
5612,0,0,0.0001398221399993107,-8.877397537231445,-0.002397997537627816,assist,no
5613,0,0,0.0007096704156121637,-7.256261825561523,-0.006261848844587803,assist,no
5614,0,0,0.00029595720616676754,-8.127861022949219,-0.0028613361064344645,assist,no
5615,0,0,0.0006263340763501568,-7.377493381500244,-0.002493250882253051,assist,no
5616,0,0,0.002182716802339394,-6.135551452636719,-0.010551616549491882,assist,no
5617,0,0,8.481106415382955e-05,-9.398635864257812,-0.02363612875342369,assist,no
5618,0,0,0.0008040857678316715,-7.127328395843506,-0.002328186994418502,assist,no
5619,0,0,0.00010889689623518883,-9.151920318603516,-0.026920191943645477,assist,no
5620,0,0,0.00023050680580485378,-8.379925727844238,-0.004926091525703669,assist,no
5621,0,0,7.484623099564952e-05,-9.507811546325684,-0.0078115928918123245,assist,no
5622,0,0,0.0010322309690503058,-6.882356643676758,-0.007356578018516302,assist,no
5623,0,0,0.0007096705358164463,-7.257123947143555,-0.007124139927327633,assist,no
5624,0,0,0.0017007220299642286,-6.378412246704102,-0.0034120220225304365,assist,no
5625,0,0,0.00017952792830693156,-8.629362106323242,-0.004361877683550119,assist,no
5626,0,0,4.539786219160122e-05,-10.016449928283691,-0.016449784860014915,assist,no
5627,0,0,0.0006263341050606276,-7.377791404724121,-0.0027913199737668037,assist,no
5628,0,0,0.00013982213593051988,-8.888012886047363,-0.013013317249715328,assist,no
5629,0,0,0.0003353501644978506,-8.003242492675781,-0.003242594189941883,assist,no
5630,0,0,0.0013250221577954745,-6.629541873931885,-0.004541677888482809,assist,no
5631,0,0,5.144222419787577e-05,-9.877355575561523,-0.0023557788226753473,assist,no
5632,0,0,0.00033535021195444916,-8.008259773254395,-0.008260016329586506,assist,no
5633,0,0,0.005220124881069698,-5.2665581703186035,-0.01655801385641098,assist,no
5634,0,0,8.481102308436444e-05,-9.393458366394043,-0.01845814660191536,assist,no
5635,0,0,0.00023050669602331904,-8.380624771118164,-0.005624658428132534,assist,no
5636,0,0,6.60521336364361e-05,-9.62602710723877,-0.0010269373888149858,assist,no
5637,0,0,0.00017952795045674534,-8.631376266479492,-0.006376161240041256,assist,no
5638,0,0,0.00013982203222521965,-8.877829551696777,-0.0028292411006987095,assist,no
5639,0,0,0.0001398220647104247,-8.884051322937012,-0.009051244705915451,assist,no
5640,0,0,0.00033535011220193556,-8.003253936767578,-0.00325388228520751,assist,no
5641,0,0,0.0005527787287673273,-7.504514217376709,-0.004514383617788553,assist,no
5642,0,0,0.0013250222714832666,-6.627066612243652,-0.0020665021147578955,assist,no
5643,0,0,0.0010322309565657863,-6.881144046783447,-0.006143969018012285,assist,no
5644,0,0,0.0002611902064992805,-8.255084991455078,-0.005084560252726078,assist,no
5645,0,0,0.00033535007582896067,-8.010367393493652,-0.010367230512201786,assist,no
5646,0,0,5.8291273803860276e-05,-9.766396522521973,-0.01639666222035885,assist,no
5647,0,0,2.1444955770514158e-05,-10.780047416687012,-0.030047759413719177,assist,no
5648,0,0,6.605217576432979e-05,-9.629806518554688,-0.004806986544281244,assist,no
5649,0,0,0.00029595724281492665,-8.128060340881348,-0.0030607779044657946,assist,no
5650,0,0,0.00026119040275271617,-8.266650199890137,-0.016650520265102386,assist,no
5651,0,0,0.0003799844804377587,-7.884298324584961,-0.0092982342466712,assist,no
5652,0,0,0.00037998445620563424,-7.877730369567871,-0.002730215433984995,assist,no
5653,0,0,4.006370723744964e-05,-10.127922058105469,-0.002922432729974389,assist,no
5654,0,0,0.000379984557202309,-7.879199028015137,-0.004199139773845673,assist,no
5655,0,0,0.0001233945892004194,-9.01147174835205,-0.011471855454146862,assist,no
5656,0,0,0.00037998449494165866,-7.883324146270752,-0.008324094116687775,assist,no
5657,0,0,0.0006263342009565251,-7.382655143737793,-0.007655212190002203,assist,no
5658,0,0,0.0001584362026342841,-8.751279830932617,-0.001279726973734796,assist,no
5659,0,0,0.00013982202538965642,-8.893606185913086,-0.018605826422572136,assist,no
5660,0,0,0.00013982214126877343,-8.891512870788574,-0.016513340175151825,assist,no
5661,0,0,0.00020342705836828327,-8.5079927444458,-0.007993139326572418,assist,no
5662,0,0,0.0004305569917424982,-7.755226135253906,-0.0052259271033108234,assist,no
5663,0,0,4.006370388881085e-05,-10.131975173950195,-0.00697546498849988,assist,no
5664,0,0,2.1444950158455076e-05,-10.754149436950684,-0.004149517975747585,assist,no
5665,0,0,0.000295957003568661,-8.136554718017578,-0.011554346419870853,assist,no
5666,0,0,0.0002611902772672311,-8.25638484954834,-0.00638468936085701,assist,no
5667,0,0,0.0006263342889825592,-7.381969928741455,-0.006970137823373079,assist,no
5668,0,0,4.539787774995737e-05,-10.020743370056152,-0.02074356935918331,assist,no
5669,0,0,0.0031726832548435316,-5.754166126251221,-0.004166256636381149,assist,no
5670,0,0,0.0010322310194685604,-6.8805437088012695,-0.005543692037463188,assist,no
5671,0,0,0.0011695101007799854,-6.755566120147705,-0.005565979517996311,assist,no
5672,0,0,0.0001233945589801488,-9.043495178222656,-0.04349504038691521,assist,no
5673,0,0,0.0003353501523214875,-8.00415325164795,-0.004153316840529442,assist,no
5674,0,0,0.0009110511504257144,-7.001328468322754,-0.001328420010395348,assist,no
5675,0,0,0.0004305570268137945,-7.784689426422119,-0.03468929976224899,assist,no
5676,0,0,5.8291271713894956e-05,-9.754881858825684,-0.004881962668150663,assist,no
5677,0,0,0.00010889686986934768,-9.168621063232422,-0.04362069442868233,assist,no
5678,0,0,0.00010889693253893441,-9.135273933410645,-0.010274140164256096,assist,no
5679,0,0,0.00023050669280391995,-8.383304595947266,-0.008304469287395477,assist,no
5680,0,0,1.4738984555085488e-05,-11.148534774780273,-0.023534949868917465,assist,no
5681,0,0,8.481100326045668e-05,-9.379800796508789,-0.004800342954695225,assist,no
5682,0,0,0.02033235482673614,-3.908928632736206,-0.033928707242012024,assist,no
5683,0,0,6.605217099716399e-05,-9.633811950683594,-0.008812346495687962,assist,no
5684,0,0,0.000335350083009891,-8.014751434326172,-0.014751292765140533,assist,no
5685,0,0,6.60521655226127e-05,-9.658987045288086,-0.03398735821247101,assist,no
5686,0,0,0.00026119043023307276,-8.259203910827637,-0.009204336442053318,assist,no
5687,0,0,0.0010322308670133703,-6.8770928382873535,-0.0020926736760884523,assist,no
5688,0,0,0.00010889693963743356,-9.173901557922363,-0.04890182986855507,assist,no
5689,0,0,0.0017007224094587534,-6.3771281242370605,-0.0021281230729073286,assist,no
5690,0,0,0.00015843623016741502,-8.757988929748535,-0.007988999597728252,assist,no
5691,0,0,0.0015011821687898668,-6.502738952636719,-0.0027388939633965492,assist,no
5692,0,0,0.00017952804089488132,-8.674131393432617,-0.04913179203867912,assist,no
5693,0,0,4.00636767452589e-05,-10.136201858520508,-0.011201472021639347,assist,no
5694,0,0,0.00013982209569832272,-8.89583683013916,-0.020836973562836647,assist,no
5695,0,0,0.001501182410295475,-6.509751319885254,-0.009751422330737114,assist,no
5696,0,0,0.00017952804373674584,-8.62940502166748,-0.004405436106026173,assist,no
5697,0,0,9.610242731264936e-05,-9.2684907913208,-0.01849091425538063,assist,no
5698,0,0,5.14422237547375e-05,-9.889362335205078,-0.01436252985149622,assist,no
5699,0,0,0.010986940970919038,-4.521926403045654,-0.02192625030875206,assist,no
5700,0,0,0.00010889690657871287,-9.13401985168457,-0.009019820019602776,assist,no
5701,0,0,0.0011695101255301049,-6.752536296844482,-0.0025361774023622274,assist,no
5702,0,0,0.0002959572443993397,-8.139727592468262,-0.014728034846484661,assist,no
5703,0,0,0.00048785712641531156,-7.634364128112793,-0.009364135563373566,assist,no
5704,0,0,0.0017007225367475611,-6.3769755363464355,-0.001975610153749585,assist,no
5705,0,0,4.0063698795895585e-05,-10.145830154418945,-0.020830318331718445,assist,no
5706,0,0,0.0011695103020447101,-6.753114700317383,-0.0031147319823503494,assist,no
5707,0,0,0.00012339452450836627,-9.007946014404297,-0.007945597171783447,assist,no
5708,0,0,9.610243500911293e-05,-9.270828247070312,-0.020828450098633766,assist,no
5709,0,0,0.0003353502544156221,-8.002668380737305,-0.00266875047236681,assist,no
5710,0,0,0.00012339458770664158,-9.018638610839844,-0.01863870583474636,assist,no
5711,0,0,0.00023050670654002294,-8.413702964782715,-0.03870289772748947,assist,no
5712,0,0,0.0001584362267741823,-8.757946968078613,-0.007947016507387161,assist,no
5713,0,0,0.000487857199530359,-7.635529518127441,-0.010529675520956516,assist,no
5714,0,0,0.00012339462321259595,-9.004873275756836,-0.0048736585304141045,assist,no
5715,0,0,0.0009110512810789491,-7.002769470214844,-0.0027695654425770044,assist,no
5716,0,0,7.484623984764749e-05,-9.511279106140137,-0.011279270984232426,assist,no
5717,0,0,0.04742587721667508,-3.069094657897949,-0.06909474730491638,assist,no
5718,0,0,4.006368129716598e-05,-10.132852554321289,-0.0078522814437747,assist,no
5719,0,0,0.0019267347242199167,-6.255827903747559,-0.005827935412526131,assist,no
5720,0,0,0.001169510123082291,-6.757617950439453,-0.007617828901857138,assist,no
5721,0,0,0.0010322310189883864,-6.879528522491455,-0.004528505261987448,assist,no
5722,0,0,0.010986940475040834,-4.513079643249512,-0.013079444877803326,assist,no
5723,0,0,0.00012339461539898698,-9.011411666870117,-0.01141198631376028,assist,no
5724,0,0,0.0007096704757143025,-7.254026412963867,-0.004026520997285843,assist,no
5725,0,0,8.481105230686642e-05,-9.382862091064453,-0.007862215861678123,assist,no
5726,0,0,6.605215980201466e-05,-9.634979248046875,-0.009979474358260632,assist,no
5727,0,0,0.0006263341844880796,-7.375932216644287,-0.0009322587866336107,assist,no
5728,0,0,0.00043055712701751383,-7.754228591918945,-0.004228698089718819,assist,no
5729,0,0,0.0011695104032210444,-6.756150722503662,-0.0061508407816290855,assist,no
5730,0,0,0.003593601754395705,-5.644333839416504,-0.0193336084485054,assist,no
5731,0,0,9.610244995457297e-05,-9.259002685546875,-0.009003044106066227,assist,no
5732,0,0,0.0008040859934324179,-7.126496315002441,-0.0014963869471102953,assist,no
5733,0,0,0.00010889687321578098,-9.137834548950195,-0.012834210880100727,assist,no
5734,0,0,0.0003353501186803843,-8.003628730773926,-0.0036286956164985895,assist,no
5735,0,0,0.0001233945778247273,-9.021051406860352,-0.021051421761512756,assist,no
5736,0,0,0.0007096702950776703,-7.254147052764893,-0.004146906081587076,assist,no
5737,0,0,0.0006263342059116326,-7.379427909851074,-0.004427986219525337,assist,no
5738,0,0,0.00023050677071338976,-8.379030227661133,-0.00403043907135725,assist,no
5739,0,0,0.00280092661855214,-5.895176887512207,-0.020176762714982033,assist,no
5740,0,0,8.481103461540456e-05,-9.391366958618164,-0.016366874799132347,assist,no
5741,0,0,0.00010889686434266254,-9.127989768981934,-0.0029893494211137295,assist,no
5742,0,0,0.00010889693411074489,-9.12842082977295,-0.00342105096206069,assist,no
5743,0,0,0.00013982211125737493,-8.881243705749512,-0.006243960466235876,assist,no
5744,0,0,0.0013250223432698723,-6.634496688842773,-0.00949663296341896,assist,no
5745,0,0,0.00026119032177079736,-8.26313591003418,-0.013135920278728008,assist,no
5746,0,0,0.06754669348597103,-2.7046265602111816,-0.07962659746408463,assist,no
5747,0,0,7.484623294727105e-05,-9.518531799316406,-0.01853187195956707,assist,no
5748,0,0,0.00026119024176165904,-8.255058288574219,-0.005057992413640022,assist,no
5749,0,0,0.0035936026214374037,-5.631632328033447,-0.006632339209318161,assist,no
5750,0,0,0.00029595712288177595,-8.143799781799316,-0.018799813464283943,assist,no
5751,0,0,0.0013250221171266729,-6.627284526824951,-0.002284300047904253,assist,no
5752,0,0,1.670142604771659e-05,-11.004727363586426,-0.004727615043520927,assist,no
5753,0,0,5.8291243512941556e-05,-9.776556015014648,-0.026555635035037994,assist,no
5754,0,0,4.0063706687116234e-05,-10.127885818481445,-0.002886179368942976,assist,no
5755,0,0,9.610245903819204e-05,-9.256306648254395,-0.006307101342827082,assist,no
5756,0,0,0.000295957106073228,-8.133162498474121,-0.008162473328411579,assist,no
5757,0,0,0.0003353502253796724,-8.011590003967285,-0.01159028708934784,assist,no
5758,0,0,0.002472623641326252,-6.003357887268066,-0.00335808377712965,assist,no
5759,0,0,0.00015843620154623684,-8.754925727844238,-0.004925617016851902,assist,no
5760,0,0,0.00010889688071990461,-9.134969711303711,-0.009969442151486874,assist,no
5761,0,0,0.0005527787403442687,-7.50846529006958,-0.008465477265417576,assist,no
5762,0,0,0.00010889696174419102,-9.136335372924805,-0.011335847899317741,assist,no
5763,0,0,0.0013250222106341084,-6.626712799072266,-0.001712642959319055,assist,no
5764,0,0,0.0021827162475785253,-6.130361080169678,-0.005360989365726709,assist,no
5765,0,0,0.0006263342811126815,-7.384668350219727,-0.009668546728789806,assist,no
5766,0,0,0.00023050679351747512,-8.376023292541504,-0.0010236029047518969,assist,no
5767,0,0,0.0010322312500720837,-6.876315593719482,-0.0013158005895093083,assist,no
5768,0,0,0.00020342693572037815,-8.507180213928223,-0.00718000577762723,assist,no
5769,0,0,0.004070138208557516,-5.505139350891113,-0.005139472428709269,assist,no
5770,0,0,7.484623894153741e-05,-9.50883960723877,-0.008839759975671768,assist,no
5771,0,0,0.00012339462930261501,-9.01133918762207,-0.011339619755744934,assist,no
5772,0,0,0.000911050996460491,-7.0039591789245605,-0.003958961460739374,assist,no
5773,0,0,7.48462046487641e-05,-9.526721000671387,-0.026720695197582245,assist,no
5774,0,0,3.1201911742664163e-05,-10.393317222595215,-0.01831723377108574,assist,no
5775,0,0,0.00037998456732850946,-7.876880168914795,-0.001880307332612574,assist,no
5776,0,0,8.48110424343984e-05,-9.385001182556152,-0.010001190938055515,assist,no
5777,0,0,0.0001795280378858483,-8.643635749816895,-0.018636131659150124,assist,no
5778,0,0,0.00033535002181588085,-8.003335952758789,-0.0033356286585330963,assist,no
5779,0,0,0.000335349999024237,-8.008193016052246,-0.00819262396544218,assist,no
5780,0,0,0.00012339459575006078,-9.007887840270996,-0.007888000458478928,assist,no
5781,0,0,0.0004305571642933034,-7.7592549324035645,-0.009255125187337399,assist,no
5782,0,0,0.0006263342084620557,-7.37664270401001,-0.001642784452997148,assist,no
5783,0,0,0.002800927327395522,-5.879279136657715,-0.004279265645891428,assist,no
5784,0,0,0.0019267346507907963,-6.260061740875244,-0.010061734355986118,assist,no
5785,0,0,0.00015843624344528295,-8.757933616638184,-0.007933770306408405,assist,no
5786,0,0,0.00020342694026639956,-8.503951072692871,-0.003950886894017458,assist,no
5787,0,0,0.0002611902575689337,-8.255069732666016,-0.005069497041404247,assist,no
5788,0,0,0.0015011825198804026,-6.5049638748168945,-0.004964050371199846,assist,no
5789,0,0,0.00015843627162387302,-8.766427993774414,-0.016428325325250626,assist,no
5790,0,0,0.0001233946341286681,-9.004903793334961,-0.004904264584183693,assist,no
5791,0,0,0.00010889689015076337,-9.139503479003906,-0.014503296464681625,assist,no
5792,0,0,2.4300232539611337e-05,-10.6327543258667,-0.007753988262265921,assist,no
5793,0,0,6.60521187121422e-05,-9.638175964355469,-0.013175568543374538,assist,no
5794,0,0,0.0007096702504964244,-7.25974702835083,-0.00974681880325079,assist,no
5795,0,0,0.00010889687651151091,-9.130596160888672,-0.005595853086560965,assist,no
5796,0,0,0.00669284961169011,-5.040586948394775,-0.04058675095438957,assist,no
5797,0,0,0.00037998447466715225,-7.875670433044434,-0.0006703275139443576,assist,no
5798,0,0,6.605212667791636e-05,-9.631098747253418,-0.00609847204759717,assist,no
5799,0,0,0.0002959571801961762,-8.143864631652832,-0.018864857032895088,assist,no
5800,0,0,0.00033535014545277016,-8.038928985595703,-0.03892903029918671,assist,no
5801,0,0,0.00029595724513988047,-8.12554931640625,-0.0005497612874023616,assist,no
5802,0,0,0.00029595722097758314,-8.136945724487305,-0.011946087703108788,assist,no
5803,0,0,0.00023050668808213476,-8.385146141052246,-0.010145993903279305,assist,no
5804,0,0,0.0007096702372871668,-7.257846832275391,-0.007846604101359844,assist,no
5805,0,0,0.00013982204283661845,-8.89876651763916,-0.023766282945871353,assist,no
5806,0,0,0.0007096702420755226,-7.253268718719482,-0.003268497297540307,assist,no
5807,0,0,0.0004878570585227772,-7.626389980316162,-0.0013898485340178013,assist,no
5808,0,0,4.5397851378969615e-05,-10.00372314453125,-0.0037227629218250513,assist,no
5809,0,0,5.144219242367387e-05,-9.886320114135742,-0.011319699697196484,assist,no
5810,0,0,0.003172682922011437,-5.757180690765381,-0.007180715911090374,assist,no
5811,0,0,0.00015843626690285233,-8.753917694091797,-0.00391799584031105,assist,no
5812,0,0,0.00043055698953801686,-7.755227088928223,-0.005226875655353069,assist,no
5813,0,0,3.5356242444163905e-05,-10.25774097442627,-0.007740739732980728,assist,no
5814,0,0,0.00017952798338892638,-8.631328582763672,-0.006328660994768143,assist,no
5815,0,0,0.00048785718000273664,-7.641922950744629,-0.016923068091273308,assist,no
5816,0,0,0.0006263341161367489,-7.384572505950928,-0.009572438895702362,assist,no
5817,0,0,0.0005527786541603763,-7.504302024841309,-0.004302056040614843,assist,no
5818,0,0,5.144220444828472e-05,-9.895954132080078,-0.02095395140349865,assist,no
5819,0,0,0.00015843617897386798,-8.768670082092285,-0.01866982877254486,assist,no
5820,0,0,0.00023050680891694109,-8.38809871673584,-0.013099093921482563,assist,no
5821,0,0,6.605215887933761e-05,-9.655067443847656,-0.030067656189203262,assist,no
5822,0,0,0.000261190240302526,-8.259180068969727,-0.009179767221212387,assist,no
5823,0,0,0.0010322312173002106,-6.884114742279053,-0.009114917367696762,assist,no
5824,0,0,0.020332353862085824,-3.9049642086029053,-0.029964234679937363,assist,no
5825,0,0,0.007577241982206047,-4.884149551391602,-0.009149646386504173,assist,no
5826,0,0,0.0005527785985910679,-7.506838321685791,-0.006838252302259207,assist,no
5827,0,0,0.00012339456104845604,-9.004830360412598,-0.004830239340662956,assist,no
5828,0,0,0.00013982211861374752,-8.88520622253418,-0.01020652987062931,assist,no
5829,0,0,0.0002959570859580817,-8.14377498626709,-0.018774893134832382,assist,no
5830,0,0,0.00012339459850780463,-9.018455505371094,-0.018455687910318375,assist,no
5831,0,0,0.00015843622869209643,-8.764673233032227,-0.014673293568193913,assist,no
5832,0,0,0.00017952789746436524,-8.641572952270508,-0.016572551801800728,assist,no
5833,0,0,0.00017952798689946378,-8.630629539489746,-0.005629637278616428,assist,no
5834,0,0,0.000335350154819203,-8.004638671875,-0.00463874451816082,assist,no
5835,0,0,9.610238428853453e-05,-9.251935958862305,-0.0019356340635567904,assist,no
5836,0,0,8.481100507698985e-05,-9.518031120300293,-0.14303068816661835,assist,no
5837,0,0,0.0007096703967889676,-7.256247043609619,-0.0062470403499901295,assist,no
5838,0,0,0.00037998443108912727,-7.881523132324219,-0.0065229120664298534,assist,no
5839,0,0,0.0046095731536661315,-5.379785537719727,-0.004785750061273575,assist,no
5840,0,0,0.0009110512482302023,-7.0064616203308105,-0.006461679469794035,assist,no
5841,0,0,0.0008040857957043971,-7.13015079498291,-0.005150620825588703,assist,no
5842,0,0,0.0001584361624503059,-8.764596939086914,-0.01459658145904541,assist,no
5843,0,0,0.00010889693735577307,-9.130495071411133,-0.005495322402566671,assist,no
5844,0,0,4.539784908538142e-05,-10.018302917480469,-0.01830248534679413,assist,no
5845,0,0,0.004070137629066923,-5.51203727722168,-0.012037255801260471,assist,no
5846,0,0,0.00012339453260923428,-9.006169319152832,-0.006168967578560114,assist,no
5847,0,0,0.0007096705531536042,-7.253753662109375,-0.003753879340365529,assist,no
5848,0,0,0.00023050669087228056,-8.380607604980469,-0.005607469938695431,assist,no
5849,0,0,0.00012339457311358242,-9.012984275817871,-0.012984252534806728,assist,no
5850,0,0,0.00017952800512082578,-8.629426956176758,-0.00442715547978878,assist,no
5851,0,0,0.0002305067603039963,-8.380596160888672,-0.005596327129751444,assist,no
5852,0,0,0.00017952791719023358,-8.646288871765137,-0.02128858119249344,assist,no
5853,0,0,0.0007096703822587814,-7.2551445960998535,-0.005144572351127863,assist,no
5854,0,0,0.00043055714866152025,-7.774381160736084,-0.02438131719827652,assist,no
5855,0,0,9.610245689034115e-05,-9.256176948547363,-0.006177379284054041,assist,no
5856,0,0,0.0028009275732146445,-5.881900310516357,-0.006900527514517307,assist,no
5857,0,0,0.00026119020479695897,-8.264747619628906,-0.01474718190729618,assist,no
5858,0,0,0.00013982203746581837,-8.878059387207031,-0.003059114096686244,assist,no
5859,0,0,0.0005527785273285831,-7.51519775390625,-0.015197555534541607,assist,no
5860,0,0,0.00037998449812544165,-7.883265972137451,-0.008265928365290165,assist,no
5861,0,0,0.0002305066225137184,-8.378110885620117,-0.0031104539521038532,assist,no
5862,0,0,8.4811022926405e-05,-9.389424324035645,-0.014424102380871773,assist,no
5863,0,0,0.0001584361842850133,-8.76868724822998,-0.01868702843785286,assist,no
5864,0,0,5.8291252225650435e-05,-9.753378868103027,-0.0033786376006901264,assist,no
5865,0,0,0.01798620706694863,-4.019866466522217,-0.019866302609443665,assist,no
5866,0,0,0.000430557039038647,-7.754675388336182,-0.004675290081650019,assist,no
5867,0,0,0.00043055713172708923,-7.753416538238525,-0.0034166553523391485,assist,no
5868,0,0,0.00048785702321412183,-7.626265048980713,-0.0012648447882384062,assist,no
5869,0,0,3.120190906931558e-05,-10.395750999450684,-0.020750924944877625,assist,no
5870,0,0,0.00010889694937251885,-9.135177612304688,-0.01017797365784645,assist,no
5871,0,0,0.0001398220464822526,-8.882874488830566,-0.007874280214309692,assist,no
5872,0,0,0.00020342697047850278,-8.505778312683105,-0.005778275430202484,assist,no
5873,0,0,0.0003799844747777002,-7.888544082641602,-0.013543977402150631,assist,no
5874,0,0,0.00037998442445624726,-7.876826286315918,-0.0018260485958307981,assist,no
5875,0,0,0.0003353500514762415,-8.014893531799316,-0.014893296174705029,assist,no
5876,0,0,0.004609571269180623,-5.37982177734375,-0.004821578972041607,assist,no
5877,0,0,0.0003799844447970798,-7.8784003257751465,-0.003400141606107354,assist,no
5878,0,0,0.0007096705245885729,-7.271889686584473,-0.021889863535761833,assist,no
5879,0,0,0.0005527787588673756,-7.506847858428955,-0.006848079152405262,assist,no
5880,0,0,0.00029595702533710103,-8.129511833190918,-0.004511535167694092,assist,no
5881,0,0,6.605215811044006e-05,-9.629234313964844,-0.00423451466485858,assist,no
5882,0,0,0.0007096704212260997,-7.255662441253662,-0.005662472452968359,assist,no
5883,0,0,0.0006263341441185294,-7.382667064666748,-0.007667042315006256,assist,no
5884,0,0,5.14422244733401e-05,-9.889484405517578,-0.014484614133834839,assist,no
5885,0,0,0.00033535020664680296,-8.011887550354004,-0.011887777596712112,assist,no
5886,0,0,0.0001584362869671912,-8.788738250732422,-0.0387386791408062,assist,no
5887,0,0,0.0002959571766829134,-8.128690719604492,-0.003690933110192418,assist,no
5888,0,0,0.000261190203581015,-8.262998580932617,-0.012998138554394245,assist,no
5889,0,0,0.00013982201210913453,-8.89605712890625,-0.021056674420833588,assist,no
5890,0,0,0.0001584362090703605,-8.784204483032227,-0.03420441970229149,assist,no
5891,0,0,9.610240270186889e-05,-9.254881858825684,-0.004881725646555424,assist,no
5892,0,0,0.0008040859333844517,-7.129654884338379,-0.004654881544411182,assist,no
5893,0,0,0.00020342698659083712,-8.500794410705566,-0.0007944526732899249,assist,no
5894,0,0,0.02595735456051482,-3.658996105194092,-0.03399600088596344,assist,no
5895,0,0,0.00043055708092380003,-7.764956951141357,-0.014956950210034847,assist,no
5896,0,0,0.0024726236487918798,-6.003789901733398,-0.003790101269260049,assist,no
5897,0,0,0.00015843625273979117,-8.761728286743164,-0.011728499084711075,assist,no
5898,0,0,0.00012339462298278388,-9.010175704956055,-0.010176085866987705,assist,no
5899,0,0,0.0002611902443455404,-8.251134872436523,-0.001134586171247065,assist,no
5900,0,0,0.00043055711238776937,-7.753464221954346,-0.003464294131845236,assist,no
5901,0,0,0.0140636255452713,-4.271307945251465,-0.02130783721804619,assist,no
5902,0,0,0.0013250225219661605,-6.638460159301758,-0.013460238464176655,assist,no
5903,0,0,9.610236976817978e-05,-9.264474868774414,-0.014474392868578434,assist,no
5904,0,0,0.00023050676491846958,-8.3896484375,-0.014648623764514923,assist,no
5905,0,0,0.00037998459500974014,-7.875540733337402,-0.0005409446312114596,assist,no
5906,0,0,0.00010889690901248336,-9.143465995788574,-0.018465986475348473,assist,no
5907,0,0,0.00023050664215204733,-8.383085250854492,-0.00808490440249443,assist,no
5908,0,0,6.605216135518774e-05,-9.626611709594727,-0.001611959422007203,assist,no
5909,0,0,0.0002611904149121656,-8.268718719482422,-0.018719086423516273,assist,no
5910,0,0,0.00017952805117574434,-8.629979133605957,-0.0049795894883573055,assist,no
5911,0,0,0.0001088968914944073,-9.127311706542969,-0.002311536343768239,assist,no
5912,0,0,0.0013250221919942403,-6.628252983093262,-0.0032528128940612078,assist,no
5913,0,0,0.0024726230842756283,-6.002938270568848,-0.002938241232186556,assist,no
5914,0,0,0.00029595713858812493,-8.138130187988281,-0.01313027273863554,assist,no
5915,0,0,0.0003353502409903977,-8.004117965698242,-0.004118295386433601,assist,no
5916,0,0,0.00012339453691820687,-9.014594078063965,-0.014593761414289474,assist,no
5917,0,0,0.00012339458650012877,-9.004958152770996,-0.004958237987011671,assist,no
5918,0,0,0.0007096703522077153,-7.256906986236572,-0.006906920112669468,assist,no
5919,0,0,0.0013250227071325122,-6.626555919647217,-0.0015561387408524752,assist,no
5920,0,0,0.00013982209999496457,-8.889761924743652,-0.014762098900973797,assist,no
5921,0,0,0.00023050661210433164,-8.385225296020508,-0.01022481918334961,assist,no
5922,0,0,0.00037998456109359995,-7.881597518920898,-0.006597640924155712,assist,no
5923,0,0,0.00012339456748318995,-9.014471054077148,-0.014470985159277916,assist,no
5924,0,0,0.00026119024103209246,-8.257176399230957,-0.00717610027641058,assist,no
5925,0,0,0.00020342691829396362,-8.504510879516602,-0.004510585684329271,assist,no
5926,0,0,0.0002959570556475898,-8.12673568725586,-0.0017354916781187057,assist,no
5927,0,0,0.00029595705137656626,-8.131629943847656,-0.006629733834415674,assist,no
5928,0,0,0.002472623212339833,-6.0037102699279785,-0.00371029251255095,assist,no
5929,0,0,8.481105554503618e-05,-9.383892059326172,-0.008892222307622433,assist,no
5930,0,0,0.0001398220934849012,-8.884119987487793,-0.009120115078985691,assist,no
5931,0,0,8.481107600079432e-05,-9.381890296936035,-0.006890701130032539,assist,no
5932,0,0,1.6701422555809084e-05,-11.005424499511719,-0.005424541886895895,assist,no
5933,0,0,9.610241860938173e-05,-9.252055168151855,-0.0020552005153149366,assist,no
5934,0,0,0.0009110510545285831,-7.012387752532959,-0.012387598864734173,assist,no
5935,0,0,0.001169510481279136,-6.753600597381592,-0.0036007824819535017,assist,no
5936,0,0,0.0005527785078407392,-7.501950263977051,-0.0019500303314998746,assist,no
5937,0,0,0.0004305571250134392,-7.760512351989746,-0.010512453503906727,assist,no
5938,0,0,0.006692852088284183,-5.010184288024902,-0.010184463113546371,assist,no
5939,0,0,0.0006263340380209514,-7.380489349365234,-0.005489157512784004,assist,no
5940,0,0,0.004070137338377862,-5.505361557006836,-0.005361463874578476,assist,no
5941,0,0,7.484625141797712e-05,-9.511191368103027,-0.011191687546670437,assist,no
5942,0,0,0.00029595718129837634,-8.139862060546875,-0.014862289652228355,assist,no
5943,0,0,0.047425872336085924,-3.0595784187316895,-0.05957840010523796,assist,no
5944,0,0,0.00023050672376380942,-8.377285957336426,-0.002285965019837022,assist,no
5945,0,0,0.00048785702531447574,-7.626352787017822,-0.0013525871327146888,assist,no
5946,0,0,0.00017952797837387304,-8.629406929016113,-0.0044069793075323105,assist,no
5947,0,0,0.0004878571482135854,-7.655961513519287,-0.030961565673351288,assist,no
5948,0,0,0.0003353499743593091,-8.023934364318848,-0.02393389865756035,assist,no
5949,0,0,0.0006263341231321938,-7.382593631744385,-0.007593575865030289,assist,no
5950,0,0,0.00017952804340240884,-8.631294250488281,-0.006294663064181805,assist,no
5951,0,0,0.0004305571529702809,-7.752786636352539,-0.002786802826449275,assist,no
5952,0,0,0.0002034270383847199,-8.50443172454834,-0.004432021174579859,assist,no
5953,0,0,0.0005527785934457618,-7.5039238929748535,-0.003923814278095961,assist,no
5954,0,0,2.4300249153456873e-05,-10.626766204833984,-0.0017665509367361665,assist,no
5955,0,0,0.0015011822631934273,-6.501950263977051,-0.0019502682844176888,assist,no
5956,0,0,9.610239974857565e-05,-9.259060859680176,-0.009060695767402649,assist,no
5957,0,0,0.00023050679239068497,-8.386547088623047,-0.011547394096851349,assist,no
5958,0,0,0.0003799844840637336,-7.877424716949463,-0.0024246361572295427,assist,no
5959,0,0,0.00033535012859319164,-8.011655807495117,-0.01165580190718174,assist,no
5960,0,0,0.00010889695677524056,-9.133003234863281,-0.008003664202988148,assist,no
5961,0,0,0.00015843625023174922,-8.760193824768066,-0.01019402127712965,assist,no
5962,0,0,7.484625675008747e-05,-9.506221771240234,-0.006222161930054426,assist,no
5963,0,0,0.00012339451945250562,-9.01296329498291,-0.012962836772203445,assist,no
5964,0,0,0.00023050661789924789,-8.384105682373047,-0.009105230681598186,assist,no
5965,0,0,0.03308597898458846,-3.4371237754821777,-0.06212379410862923,assist,no
5966,0,0,7.484624089315913e-05,-9.512775421142578,-0.012775599956512451,assist,no
5967,0,0,0.0013250223737714783,-6.628247261047363,-0.003247228218242526,assist,no
5968,0,0,8.481103058743832e-05,-9.383028984069824,-0.008028852753341198,assist,no
5969,0,0,0.0017007226094840268,-6.376827716827393,-0.0018278334755450487,assist,no
5970,0,0,5.82912394822963e-05,-9.753741264343262,-0.0037408152129501104,assist,no
5971,0,0,0.00013982211236408584,-8.879358291625977,-0.004358554258942604,assist,no
5972,0,0,0.029312227783474795,-3.5742459297180176,-0.07424582540988922,assist,no
5973,0,0,9.610243268227503e-05,-9.262959480285645,-0.012959659099578857,assist,no
5974,0,0,9.610240547617473e-05,-9.312257766723633,-0.062257662415504456,assist,no
5975,0,0,7.48462097369185e-05,-9.508803367614746,-0.008803130127489567,assist,no
5976,0,0,4.539784764792529e-05,-10.020747184753418,-0.02074672095477581,assist,no
5977,0,0,0.000158436229134692,-8.771032333374023,-0.02103239670395851,assist,no
5978,0,0,0.0002034269724200331,-8.50184154510498,-0.001841517398133874,assist,no
5979,0,0,8.481107627722352e-05,-9.38046646118164,-0.005466868635267019,assist,no
5980,0,0,0.000335350150448201,-8.016912460327148,-0.016912519931793213,assist,no
5981,0,0,0.001325022174432712,-6.639495372772217,-0.014495189301669598,assist,no
5982,0,0,0.00023050677232308987,-8.380002975463867,-0.005003193859010935,assist,no
5983,0,0,0.0009110512825624411,-7.008000373840332,-0.008000470697879791,assist,no
5984,0,0,0.00029595700458475116,-8.125858306884766,-0.0008579387213103473,assist,no
5985,0,0,6.60521456235453e-05,-9.63040828704834,-0.0054082986898720264,assist,no
5986,0,0,4.0063673872334194e-05,-10.137779235839844,-0.01277877762913704,assist,no
5987,0,0,0.0004878572018861625,-7.625792980194092,-0.0007931424188427627,assist,no
5988,0,0,0.0002305067516116165,-8.377924919128418,-0.0029250476509332657,assist,no
5989,0,0,8.481104045990494e-05,-9.391355514526367,-0.016355499625205994,assist,no
5990,0,0,0.0002959572259374844,-8.195695877075195,-0.07069625705480576,assist,no
5991,0,0,0.00020342691005430073,-8.50572681427002,-0.005726479925215244,assist,no
5992,0,0,0.0007096704218865627,-7.255040168762207,-0.0050402008928358555,assist,no
5993,0,0,8.481105909912506e-05,-9.430548667907715,-0.05554887279868126,assist,no
5994,0,0,6.605216072469173e-05,-9.6276273727417,-0.0026276130229234695,assist,no
5995,0,0,0.0006263342232545094,-7.377189636230469,-0.0021897403057664633,assist,no
5996,0,0,4.539788117448757e-05,-10.014381408691406,-0.014381683431565762,assist,no
5997,0,0,9.610238985951867e-05,-9.257122039794922,-0.007121772971004248,assist,no
5998,0,0,0.00062633427265985,-7.3776936531066895,-0.002693836111575365,assist,no
5999,0,0,0.0002305067389486441,-8.387958526611328,-0.01295860018581152,assist,no
