idx,y_true,y_pred,p_yes,lp_yes,lp_no,mode,raw_text
0,1,0,0.2942149845400438,-1.6499543190002441,-0.7749543786048889,assist,no
1,1,0,0.4073334000459302,-1.405658483505249,-1.030658483505249,assist,No
2,1,0,0.2942149845400438,-1.6374952793121338,-0.7624953389167786,assist,No
3,1,1,0.8519527869325346,-0.3889809846878052,-2.1389808654785156,assist,Yes
4,1,0,0.015906393111335862,-4.615175247192383,-0.49017533659935,assist,no
5,1,0,0.05340332678672523,-3.3076255321502686,-0.4326254725456238,assist,No
6,1,0,0.22270012850745968,-1.7569248676300049,-0.5069248080253601,assist,no
7,1,0,0.10669060530721626,-2.8376822471618652,-0.7126823663711548,assist,no
8,1,1,0.9875683518680928,-0.021302001550793648,-4.396302223205566,assist,Yes
9,1,0,0.009708476194947928,-4.706132888793945,-0.08113285899162292,assist,No
10,1,0,0.02931223244728875,-4.216592311859131,-0.7165923714637756,assist,no
11,1,0,0.05340333431947304,-3.310164451599121,-0.43516454100608826,assist,No
12,1,0,0.18242552380635632,-2.1411635875701904,-0.6411635875701904,assist,No
13,1,0,0.1480471829959148,-2.444763660430908,-0.6947635412216187,assist,No
14,1,1,0.7981867777396212,-0.5793596506118774,-1.9543596506118774,assist,Yes
15,1,0,0.00857748566714832,-5.187637805938721,-0.4376378357410431,assist,no
16,1,0,0.1645164628965632,-1.8854960203170776,-0.26049602031707764,assist,no
17,1,1,0.754914975839675,-0.6846864819526672,-1.8096864223480225,assist,Yes
18,1,1,0.880797068590724,-0.27123984694480896,-2.271239757537842,assist,Yes
19,1,0,0.18242551491653522,-2.2258832454681396,-0.7258831858634949,assist,No
20,1,0,0.02931222820745785,-3.781205892562866,-0.28120580315589905,assist,No
21,1,0,0.22270014914315833,-1.9931232929229736,-0.7431233525276184,assist,no
22,1,1,0.5926665999540697,-1.0011529922485352,-1.3761529922485352,assist,Yes
23,1,0,0.007577241491969114,-5.27119255065918,-0.3961925804615021,assist,No
24,1,1,0.9770226290864076,-0.06420759856700897,-3.8142075538635254,assist,Yes
25,1,1,0.8933094046341532,-0.14133073389530182,-2.2663307189941406,assist,Yes
26,1,0,0.07585817166422973,-3.193228244781494,-0.6932281255722046,assist,no
27,1,0,0.015906388912772775,-4.572527885437012,-0.4475277066230774,assist,no
28,1,0,0.4073334000459302,-1.406043529510498,-1.031043529510498,assist,No
29,1,1,0.8175744673038221,-0.5765026211738586,-2.076502561569214,assist,Yes
30,1,1,0.7981867873410141,-0.6928338408470154,-2.06783390045166,assist,Yes
31,1,1,0.5926665999540697,-0.8122372627258301,-1.18723726272583,assist,Yes
32,1,0,0.06754669301670263,-2.9383370876312256,-0.313337117433548,assist,No
33,1,1,0.8933094145755219,-0.12833991646766663,-2.253340005874634,assist,Yes
34,1,1,0.9149009491921662,-0.19428236782550812,-2.569282293319702,assist,Yes
35,1,0,0.03308597743528921,-3.7226786613464355,-0.34767863154411316,assist,No
36,1,0,0.007577241379914961,-5.062627792358398,-0.18762780725955963,assist,No
37,1,1,0.9706877725345124,-0.0364919938147068,-3.536492109298706,assist,Yes
38,1,0,0.06754668644694548,-2.793564796447754,-0.16856472194194794,assist,No
39,1,0,0.0017007225632331216,-6.728733062744141,-0.3537331521511078,assist,No
40,1,0,0.20181322226037882,-1.8519177436828613,-0.47691774368286133,assist,No
41,1,0,0.005220124764999895,-5.685141563415527,-0.435141384601593,assist,No
42,1,0,0.009708475335369565,-5.326335430145264,-0.7013353109359741,assist,no
43,1,0,0.0021827163155291175,-6.517491340637207,-0.39249128103256226,assist,No
44,1,0,0.0017007225632331216,-6.768576145172119,-0.3935762345790863,assist,No
45,1,1,0.9770226320971079,-0.03961983323097229,-3.7896199226379395,assist,Yes
46,1,0,0.000552778702783526,-7.816843032836914,-0.3168431520462036,assist,No
47,1,0,0.1329642264548166,-2.386417865753174,-0.5114177465438843,assist,no
48,1,0,0.02033235660762914,-4.049373149871826,-0.1743733137845993,assist,no
49,1,0,0.1645164628965632,-2.445434808731079,-0.8204348087310791,assist,no
50,1,1,0.9465966664338019,-0.24395664036273956,-3.1189565658569336,assist,Yes
51,1,1,0.9399133540338004,-0.09108702838420868,-2.8410871028900146,assist,Yes
52,1,0,0.0850990542883219,-3.13285493850708,-0.7578550577163696,assist,no
53,1,0,0.2689414213699951,-1.833225131034851,-0.8332251310348511,assist,no
54,1,0,0.11920290950590741,-2.627350330352783,-0.6273502111434937,assist,No
55,1,0,0.03308598077224154,-3.5351791381835938,-0.16017921268939972,assist,No
56,1,0,0.0009110510858938316,-7.47819709777832,-0.47819697856903076,assist,no
57,1,0,0.002800926967120973,-6.355470180511475,-0.4804701805114746,assist,no
58,1,0,0.004070138561537168,-5.66602897644043,-0.1660291850566864,assist,No
59,1,0,0.04742587587030561,-3.3600053787231445,-0.3600054383277893,assist,No
60,1,0,0.006692851518667466,-5.434051990509033,-0.43405207991600037,assist,No
61,1,0,0.033085978388704126,-3.8816630840301514,-0.5066630840301514,assist,no
62,1,0,0.02297736857193652,-4.156769275665283,-0.4067692160606384,assist,No
63,1,0,0.5,-0.9130698442459106,-0.9130698442459106,assist,No
64,1,0,0.06008665522337757,-3.227823495864868,-0.4778235852718353,assist,No
65,1,0,0.3486451217982255,-1.3759655952453613,-0.7509655356407166,assist,No
66,1,0,0.008577486427457372,-5.392152786254883,-0.6421529054641724,assist,no
67,1,0,0.029312231175339414,-3.7082343101501465,-0.20823432505130768,assist,No
68,1,0,0.029312230327373224,-3.6107089519500732,-0.11070893704891205,assist,no
69,1,0,0.0046095714956607,-5.730310916900635,-0.3553107678890228,assist,no
70,1,0,0.0028009270919814614,-5.968233108520508,-0.0932331532239914,assist,No
71,1,0,0.0046095724528596406,-5.768978595733643,-0.39397865533828735,assist,no
72,1,1,0.9902915226052239,-0.02701244316995144,-4.652012348175049,assist,Yes
73,1,0,0.02033235423310517,-4.024110794067383,-0.1491108387708664,assist,No
74,1,0,0.00970847504884346,-4.888920783996582,-0.2639206349849701,assist,No
75,1,0,0.008577483893094128,-5.451048374176025,-0.7010481953620911,assist,no
76,1,0,0.0006263341184685638,-7.424976348876953,-0.04997628554701805,assist,No
77,1,1,0.7981867777396212,-0.5511952638626099,-1.9261952638626099,assist,Yes
78,1,0,0.18242551491653522,-2.247880458831787,-0.7478803992271423,assist,no
79,1,0,0.11920290950590741,-2.5366334915161133,-0.5366333723068237,assist,no
80,1,0,0.16451645470385742,-2.287733554840088,-0.6627334952354431,assist,No
81,1,1,0.5621765008857981,-1.102380633354187,-1.352380633354187,assist,Yes
82,1,0,0.3486451217982255,-1.5678610801696777,-0.942861020565033,assist,No
83,1,0,0.0028009275914234687,-6.022675037384033,-0.1476752609014511,assist,No
84,1,0,0.0013250224172131609,-7.154796600341797,-0.5297966003417969,assist,No
85,1,0,0.0010322311596793377,-7.510714054107666,-0.6357141733169556,assist,no
86,1,1,0.8354835330070839,-0.47681310772895813,-2.1018130779266357,assist,Yes
87,1,0,0.002472622678834738,-6.104236602783203,-0.1042364090681076,assist,No
88,1,0,0.20181322226037882,-2.0780398845672607,-0.7030398845672607,assist,no
89,1,1,0.9770226312608022,-0.03985709697008133,-3.7898571491241455,assist,Yes
90,1,1,0.5621764862150634,-0.9916296601295471,-1.2416296005249023,assist,Yes
91,1,0,0.0024726231566347748,-6.254306316375732,-0.2543063163757324,assist,No
92,1,0,0.015906388446265834,-4.457266330718994,-0.3322661221027374,assist,no
93,1,0,0.0009110510994571826,-7.206433296203613,-0.20643319189548492,assist,No
94,1,0,0.18242552825126704,-1.9996486902236938,-0.49964872002601624,assist,no
95,1,0,0.01243165304850344,-4.960108757019043,-0.5851089358329773,assist,No
96,1,0,0.01798620890931226,-4.366940975189209,-0.3669409155845642,assist,no
97,1,0,0.29421497216298875,-1.7216264009475708,-0.8466264009475708,assist,no
98,1,0,0.017986210751676075,-4.098892688751221,-0.09889273345470428,assist,No
99,1,0,0.022977371917159397,-4.121480464935303,-0.3714805543422699,assist,No
100,1,0,0.0015011821227223277,-6.932842254638672,-0.4328421652317047,assist,No
101,1,0,0.007577239699102878,-5.085766315460205,-0.21076610684394836,assist,No
102,1,0,0.10669058826486906,-2.5339083671569824,-0.40890830755233765,assist,No
103,1,0,0.025957356444287677,-3.9969992637634277,-0.37199923396110535,assist,No
104,1,0,0.00218271670497733,-6.3524298667907715,-0.22742998600006104,assist,No
105,1,0,0.0850990357257195,-2.821969985961914,-0.4469698667526245,assist,no
106,1,0,0.0046095727947164525,-5.542067527770996,-0.16706766188144684,assist,No
107,1,0,0.0010322310521203835,-6.991057395935059,-0.11605741083621979,assist,No
108,1,0,0.22270013882530884,-1.882190465927124,-0.632190465927124,assist,No
109,1,0,0.002800927133601626,-6.307311058044434,-0.43231111764907837,assist,No
110,1,0,0.0040701374742844335,-5.8532938957214355,-0.35329383611679077,assist,No
111,1,0,0.20181323186177208,-2.0818979740142822,-0.706898033618927,assist,no
112,1,0,0.007577241604023266,-4.962164878845215,-0.08716492354869843,assist,No
113,1,0,0.042087725512577126,-3.4437921047210693,-0.31879204511642456,assist,No
114,1,1,0.5621765008857981,-1.0303515195846558,-1.2803515195846558,assist,Yes
115,1,0,0.1645164628965632,-2.2094380855560303,-0.5844380855560303,assist,no
116,1,1,0.9820137887877329,-0.034021925181150436,-4.034021854400635,assist,Yes
117,1,1,0.7772998663336157,-0.30647048354148865,-1.556470513343811,assist,Yes
118,1,0,0.042087723109535534,-3.6876721382141113,-0.5626720190048218,assist,no
119,1,1,0.8175744673038221,-0.3543887734413147,-1.85438871383667,assist,Yes
120,1,0,0.0010322312211416022,-7.5718793869018555,-0.6968795657157898,assist,no
121,1,0,0.0004878572390397371,-8.150887489318848,-0.5258877277374268,assist,No
122,1,0,0.0031726828424851893,-6.332476615905762,-0.5824766159057617,assist,No
123,1,0,0.020332349780873466,-4.075815200805664,-0.20081502199172974,assist,No
124,1,0,0.01590639031229368,-4.256202220916748,-0.13120213150978088,assist,No
125,1,1,0.9859363699866328,-0.025223946198821068,-4.275223731994629,assist,Yes
126,1,0,0.012431653414389749,-4.700698375701904,-0.325698584318161,assist,No
127,1,0,0.09534945975773548,-2.9050681591033936,-0.6550680994987488,assist,no
128,1,0,0.005220126312597491,-5.780879497528076,-0.5308796167373657,assist,No
129,1,0,0.22270013366638422,-1.645819067955017,-0.3958190381526947,assist,no
130,1,0,0.01098694327827096,-5.034121036529541,-0.5341210961341858,assist,no
131,1,1,0.7772998714925403,-0.44539088010787964,-1.6953909397125244,assist,Yes
132,1,0,0.32082130082460697,-1.726821780204773,-0.976821780204773,assist,no
133,1,0,0.009708477054526368,-4.985864162445068,-0.36086422204971313,assist,no
134,1,1,0.8175744761936437,-0.24557149410247803,-1.745571494102478,assist,Yes
135,1,0,0.34864513533394575,-1.4732426404953003,-0.8482426404953003,assist,no
136,1,0,0.10669059394565118,-2.4755566120147705,-0.3505566120147705,assist,No
137,1,0,0.4378235137849365,-1.1627922058105469,-0.9127922654151917,assist,No
138,1,0,0.01590639031229368,-4.570692539215088,-0.4456924498081207,assist,No
139,1,0,0.0005527787686434603,-7.7851457595825195,-0.28514599800109863,assist,No
140,1,0,0.04742587452393617,-3.403954029083252,-0.40395405888557434,assist,no
141,1,1,0.6224593312018546,-0.8487639427185059,-1.3487639427185059,assist,Yes
142,1,1,0.9399133531922388,-0.19663113355636597,-2.9466311931610107,assist,Yes
143,1,0,0.4073334000459302,-1.3683744668960571,-0.9933744668960571,assist,no
144,1,0,0.1480472055495773,-2.458932399749756,-0.7089324593544006,assist,no
145,1,1,0.8807970889295664,-0.21621288359165192,-2.2162129878997803,assist,Yes
146,1,0,0.01590638961253321,-4.323288917541504,-0.19828878343105316,assist,No
147,1,0,0.18242553269617778,-2.178431987762451,-0.678432047367096,assist,no
148,1,0,0.04208773031866069,-3.391864538192749,-0.2668645977973938,assist,No
149,1,0,0.017986213120429816,-4.118860244750977,-0.11886042356491089,assist,No
150,1,0,0.02595735569077852,-3.9997355937957764,-0.3747355341911316,assist,No
151,1,0,0.0024726225685732036,-6.69844913482666,-0.698448896408081,assist,no
152,1,0,0.01243164865786858,-4.672183513641357,-0.2971833348274231,assist,No
153,1,0,0.18242551936144574,-1.8382017612457275,-0.33820173144340515,assist,No
154,1,1,0.9626731169394882,-0.18965137004852295,-3.4396514892578125,assist,Yes
155,1,1,0.9324533130837861,-0.09724872559309006,-2.7222487926483154,assist,Yes
156,1,0,0.2942149597859341,-1.4604566097259521,-0.5854565501213074,assist,No
157,1,0,0.11920293453832885,-2.723766326904297,-0.7237664461135864,assist,No
158,1,1,0.8933094046341532,-0.2192104011774063,-2.344210386276245,assist,Yes
159,1,0,0.033085978388704126,-3.976593255996704,-0.6015932559967041,assist,No
160,1,1,0.9465966728366375,-0.0694391205906868,-2.944439172744751,assist,Yes
161,1,1,0.8354835452961425,-0.23046749830245972,-1.8554675579071045,assist,Yes
162,1,0,0.007577241267860811,-5.4056243896484375,-0.5306243896484375,assist,No
163,1,0,0.08509903804604459,-2.8015549182891846,-0.4265548288822174,assist,No
164,1,0,0.04208773272170267,-3.325892925262451,-0.20089304447174072,assist,No
165,1,0,0.010986940363721243,-4.861077785491943,-0.36107757687568665,assist,No
166,1,0,0.020332353787881955,-3.9447803497314453,-0.0697803720831871,assist,No
167,1,0,0.006692851023348621,-5.1867475509643555,-0.18674756586551666,assist,No
168,1,0,0.004609571632403393,-5.8556060791015625,-0.48060595989227295,assist,No
169,1,1,0.5621765008857981,-1.0342342853546143,-1.2842342853546143,assist,Yes
170,1,0,0.5,-1.2034189701080322,-1.2034189701080322,assist,no
171,1,0,0.0017007225885327618,-6.559579849243164,-0.18457995355129242,assist,No
172,1,0,0.002472623009619369,-6.480727195739746,-0.4807271361351013,assist,No
173,1,0,0.04742587317756679,-3.669689416885376,-0.669689416885376,assist,no
174,1,1,0.5926665999540697,-0.8890398740768433,-1.2640398740768433,assist,Yes
175,1,0,0.02297737057907019,-4.120683670043945,-0.3706836998462677,assist,No
176,1,1,0.7772998714925403,-0.6966890692710876,-1.9466891288757324,assist,Yes
177,1,1,0.9940889315268361,-0.029365474358201027,-5.154365539550781,assist,Yes
178,1,0,0.34864513533394575,-1.3068734407424927,-0.6818734407424927,assist,No
179,1,1,0.9914225125904766,-0.02047848328948021,-4.770478248596191,assist,Yes
180,1,0,0.46879062662624377,-1.2703702449798584,-1.1453702449798584,assist,no
181,1,1,0.6224593312018546,-0.740647554397583,-1.240647554397583,assist,yes
182,1,0,0.20181321265898594,-2.0280611515045166,-0.6530610918998718,assist,No
183,1,0,0.0534033328129234,-3.3918776512145996,-0.5168777108192444,assist,No
184,1,0,0.0009110513029074721,-7.203803539276123,-0.2038036584854126,assist,No
185,1,0,0.025957357951306048,-3.9618139266967773,-0.33681395649909973,assist,No
186,1,1,0.8354835289107309,-0.33205848932266235,-1.9570584297180176,assist,Yes
187,1,0,0.005220125538798635,-5.686988353729248,-0.43698832392692566,assist,No
188,1,0,0.20181321265898594,-1.858901023864746,-0.4839009642601013,assist,No
189,1,0,0.02595736021183377,-4.33846378326416,-0.7134639024734497,assist,no
190,1,0,0.05340333431947304,-3.0316975116729736,-0.1566976010799408,assist,No
191,1,0,0.0004878571554796769,-7.716586589813232,-0.0915866568684578,assist,No
192,1,0,0.0373268852023206,-3.913566827774048,-0.6635667681694031,assist,no
193,1,0,0.07585818002124356,-3.2438883781433105,-0.7438883781433105,assist,no
194,1,0,0.0953494738965146,-2.4117345809936523,-0.1617346853017807,assist,No
195,1,0,0.0019267344340853601,-6.64227819442749,-0.3922780752182007,assist,No
196,1,1,0.9525741315347259,-0.2131267935037613,-3.2131268978118896,assist,Yes
197,1,1,0.8933093996634686,-0.11927897483110428,-2.244278907775879,assist,Yes
198,1,1,0.7310585903489892,-0.7689518332481384,-1.7689518928527832,assist,Yes
199,1,1,0.5312093733737563,-0.7854523658752441,-0.9104523658752441,assist,Yes
200,1,0,0.20181324146316565,-2.0241408348083496,-0.6491409540176392,assist,no
201,1,0,0.0006263341394548992,-7.603524208068848,-0.22852417826652527,assist,No
202,1,0,0.1066905825840872,-2.6985697746276855,-0.573569655418396,assist,no
203,1,0,0.1824255415859996,-2.1497864723205566,-0.6497865915298462,assist,no
204,1,0,0.053403329799824234,-3.351930618286133,-0.4769306182861328,assist,No
205,1,0,0.5,-1.1782395839691162,-1.1782395839691162,assist,no
206,1,0,0.24508502416032488,-1.9222989082336426,-0.7972989678382874,assist,no
207,1,1,0.679178699175393,-0.6450636386871338,-1.3950636386871338,assist,Yes
208,1,0,0.5,-1.1545830965042114,-1.1545830965042114,assist,no
209,1,0,0.20181322226037882,-2.1189162731170654,-0.7439162731170654,assist,No
210,1,0,0.005911068505999277,-5.517904758453369,-0.39290469884872437,assist,no
211,1,1,0.9149009555730611,-0.11499952524900436,-2.489999532699585,assist,Yes
212,1,0,0.05340332377362639,-3.177705764770508,-0.30270564556121826,assist,No
213,1,0,0.005220126003077935,-5.646100997924805,-0.39610105752944946,assist,No
214,1,1,0.731058584489497,-0.48568400740623474,-1.4856840372085571,assist,Yes
215,1,0,0.09534947518185825,-2.958768367767334,-0.7087684869766235,assist,no
216,1,1,0.867035763237924,-0.3232731521129608,-2.198273181915283,assist,Yes
217,1,1,0.9525741274956179,-0.07133649289608002,-3.071336507797241,assist,Yes
218,1,0,0.000552778661621071,-7.727663993835449,-0.2276640385389328,assist,No
219,1,0,0.003172682371218578,-5.91702938079834,-0.1670292317867279,assist,No
220,1,1,0.9399133515091156,-0.15780779719352722,-2.9078078269958496,assist,Yes
221,1,0,0.0015011820780507757,-6.817513942718506,-0.3175138235092163,assist,No
222,1,1,0.6513548646660542,-0.6587997674942017,-1.2837997674942017,assist,Yes
223,1,0,0.18242553269617778,-2.2048587799072266,-0.7048588395118713,assist,no
224,1,0,0.01798621101487092,-4.407886505126953,-0.4078865647315979,assist,No
225,1,0,0.0035936025814200896,-5.8117499351501465,-0.18674993515014648,assist,No
226,1,0,0.010986940687560063,-5.085853099822998,-0.5858529210090637,assist,No
227,1,1,0.9046505286741726,-0.18733151257038116,-2.437331438064575,assist,Yes
228,1,0,0.46879062662624377,-1.2831995487213135,-1.1581995487213135,assist,no
229,1,1,0.6513548646660542,-0.8929520845413208,-1.5179520845413208,assist,Yes
230,1,1,0.6224593312018546,-0.6781069040298462,-1.1781069040298462,assist,Yes
231,1,0,0.017986210751676075,-4.2432098388671875,-0.24320988357067108,assist,No
232,1,0,0.006692851716795015,-5.357684135437012,-0.35768425464630127,assist,no
233,1,0,0.033085978388704126,-3.7208664417266846,-0.34586644172668457,assist,No
234,1,0,0.022977370244547896,-3.9163355827331543,-0.1663355976343155,assist,No
235,1,0,0.3208213138121609,-1.381582260131836,-0.6315823197364807,assist,No
236,1,1,0.7772998611746911,-0.6070113182067871,-1.857011318206787,assist,Yes
237,1,0,0.003172682983865187,-5.914756774902344,-0.16475681960582733,assist,No
238,1,0,0.0011695102998688749,-6.91434907913208,-0.16434910893440247,assist,No
239,1,0,0.01098694263059318,-5.085284233093262,-0.5852842330932617,assist,No
240,1,0,0.01406362952265135,-4.894403457641602,-0.6444036364555359,assist,no
241,1,1,0.8354835452961425,-0.38506168127059937,-2.010061740875244,assist,Yes
242,1,0,0.06754668738548215,-3.25028920173645,-0.6252891421318054,assist,No
243,1,1,0.9933071500292038,-0.028871869668364525,-5.028872013092041,assist,Yes
244,1,0,0.05340333130637379,-3.2706637382507324,-0.3956637680530548,assist,No
245,1,0,0.020332353342658753,-4.32408332824707,-0.4490833282470703,assist,No
246,1,0,0.006692850131774789,-5.640443325042725,-0.6404432058334351,assist,No
247,1,0,0.00857748414653042,-5.150783061981201,-0.40078291296958923,assist,no
248,1,0,0.10669059394565118,-2.662550210952759,-0.5375502109527588,assist,no
249,1,1,0.679178699175393,-0.7087100744247437,-1.4587100744247437,assist,Yes
250,1,0,0.004070136749449438,-6.030673980712891,-0.5306737422943115,assist,no
251,1,0,0.02931223244728875,-3.7829742431640625,-0.2829743027687073,assist,No
252,1,1,0.7549149868676283,-0.6298177242279053,-1.7548177242279053,assist,Yes
253,1,0,0.0010322308830991924,-7.132501125335693,-0.2575009763240814,assist,No
254,1,0,0.0675466911396291,-2.8352584838867188,-0.21025848388671875,assist,No
255,1,0,0.003593603221697163,-6.323930263519287,-0.6989304423332214,assist,no
256,1,1,0.9046505286741726,-0.21492727100849152,-2.4649271965026855,assist,Yes
257,1,0,0.2018132270610754,-1.7697317600250244,-0.3947317898273468,assist,No
258,1,1,0.5621764862150634,-0.8004856705665588,-1.050485610961914,assist,Yes
259,1,0,0.037326884131416216,-3.5367424488067627,-0.28674235939979553,assist,No
260,1,1,0.8670357546485407,-0.16675834357738495,-2.0417582988739014,assist,Yes
261,1,0,0.002472622862603971,-6.636813640594482,-0.6368135213851929,assist,no
262,1,0,0.06754668738548215,-2.9812638759613037,-0.35626381635665894,assist,no
263,1,0,0.025957357951306048,-3.729649066925049,-0.10464909672737122,assist,No
264,1,1,0.8807970842359877,-0.5432657599449158,-2.5432658195495605,assist,Yes
265,1,1,0.7057850278370112,-0.8481497764587402,-1.7231497764587402,assist,Yes
266,1,0,0.008577486110661925,-4.838476181030273,-0.08847626298666,assist,No
267,1,0,0.012431650853185818,-4.56657075881958,-0.19157075881958008,assist,No
268,1,0,0.37754066879814546,-1.4938329458236694,-0.9938329458236694,assist,no
269,1,1,0.8670357477770336,-0.2201915830373764,-2.095191478729248,assist,Yes
270,1,0,0.002800926967120973,-6.130537986755371,-0.2555379867553711,assist,No
271,1,1,0.9046505325302034,-0.1824188530445099,-2.4324188232421875,assist,Yes
272,1,0,0.002472623303650189,-6.530783176422119,-0.5307832360267639,assist,No
273,1,0,0.18242550602671442,-2.090238571166992,-0.5902384519577026,assist,No
274,1,0,0.009708476481474066,-4.984954357147217,-0.3599543571472168,assist,No
275,1,0,0.00591106763038807,-5.608847618103027,-0.48384740948677063,assist,no
276,1,0,0.18242551491653522,-2.295851230621338,-0.7958511710166931,assist,no
277,1,1,0.9740426405416754,-0.07351884245872498,-3.698518753051758,assist,Yes
278,1,0,0.0011695103346822365,-7.101836681365967,-0.3518367409706116,assist,No
279,1,1,0.9902915253451299,-0.042177964001894,-4.667178153991699,assist,Yes
280,1,0,0.02297736857193652,-4.345000743865967,-0.595000684261322,assist,no
281,1,0,0.01406363034912007,-4.954660415649414,-0.7046606540679932,assist,no
282,1,0,0.0006263341767639418,-7.540796279907227,-0.16579630970954895,assist,No
283,1,0,0.001700722360836013,-6.806426525115967,-0.4314264953136444,assist,No
284,1,1,0.9959298613270949,-0.007664439734071493,-5.507664203643799,assist,Yes
285,1,0,0.006692849735519792,-5.481466770172119,-0.4814665913581848,assist,No
286,1,0,0.0040701384407312935,-6.137935161590576,-0.6379353404045105,assist,No
287,1,0,0.037326887344129464,-3.535879373550415,-0.28587937355041504,assist,No
288,1,0,0.033085978388704126,-3.610651969909668,-0.23565196990966797,assist,No
289,1,0,0.22270011818961086,-2.076188087463379,-0.8261879682540894,assist,no
290,1,0,0.46879062662624377,-1.1895778179168701,-1.0645778179168701,assist,no
291,1,0,0.037326890021390696,-3.469609022140503,-0.2196090966463089,assist,No
292,1,0,0.0035936025814200896,-6.060240745544434,-0.4352407455444336,assist,no
293,1,0,0.1329642333263228,-2.5103366374969482,-0.6353365778923035,assist,No
294,1,0,0.1480471829959148,-2.077918529510498,-0.3279184103012085,assist,no
295,1,0,0.0028009273000822866,-6.4532647132873535,-0.5782648324966431,assist,no
296,1,0,0.004070138078313694,-5.788949012756348,-0.2889491021633148,assist,No
297,1,0,0.0021827164453451808,-6.6055426597595215,-0.4805426597595215,assist,No
298,1,1,0.6791786926816161,-0.4918026030063629,-1.2418025732040405,assist,Yes
299,1,0,0.022977367233847502,-4.292119026184082,-0.5421189069747925,assist,no
300,1,0,0.2689414330889798,-1.685868263244629,-0.6858683228492737,assist,No
301,1,0,0.24508501313237172,-1.781416893005371,-0.6564168930053711,assist,No
302,1,0,0.37754066879814546,-1.2264933586120605,-0.7264933586120605,assist,No
303,1,0,0.0031726823476552492,-5.816094875335693,-0.06609471887350082,assist,No
304,1,0,0.34864513533394575,-1.5195454359054565,-0.8945454359054565,assist,no
305,1,0,0.06008664344151498,-3.2827601432800293,-0.5327600240707397,assist,no
306,1,0,0.015906388679519302,-4.319949150085449,-0.1949489563703537,assist,No
307,1,0,0.04208773031866069,-3.732682466506958,-0.6076825261116028,assist,No
308,1,0,0.0011695100213620223,-7.0062432289123535,-0.2562430202960968,assist,No
309,1,1,0.8807970795424088,-0.1913606971502304,-2.1913607120513916,assist,Yes
310,1,0,0.04742587317756679,-3.4027419090270996,-0.4027419090270996,assist,no
311,1,1,0.9241418126663687,-0.09121380746364594,-2.5912137031555176,assist,Yes
312,1,0,0.0850990357257195,-2.9695396423339844,-0.5945395231246948,assist,no
313,1,1,0.8933094145755219,-0.2606481611728668,-2.385648250579834,assist,Yes
314,1,0,0.01798621417320936,-4.706491470336914,-0.7064917087554932,assist,no
315,1,1,0.7057850278370112,-0.6758722066879272,-1.5508722066879272,assist,Yes
316,1,0,0.32082130082460697,-1.405530333518982,-0.6555303335189819,assist,No
317,1,0,0.07585818837825822,-2.964341640472412,-0.46434175968170166,assist,No
318,1,0,0.32082130082460697,-1.453795313835144,-0.703795313835144,assist,no
319,1,0,0.006692852509305267,-5.5314178466796875,-0.5314180850982666,assist,no
320,1,0,0.005220125538798635,-5.731443405151367,-0.4814433753490448,assist,No
321,1,0,0.01406362952265135,-4.653220176696777,-0.40322035551071167,assist,No
322,1,0,0.006692849735519792,-5.583266735076904,-0.58326655626297,assist,No
323,1,0,0.004609573136573289,-5.632599353790283,-0.2575995624065399,assist,No
324,1,1,0.979667648438234,-0.09512487053871155,-3.9701249599456787,assist,Yes
325,1,1,0.9933071479426732,-0.011299780569970608,-5.0112996101379395,assist,Yes
326,1,0,0.1645164792819756,-2.2752223014831543,-0.6502224206924438,assist,no
327,1,0,0.2689414213699951,-1.6485241651535034,-0.6485241651535034,assist,no
328,1,0,0.02297736857193652,-4.242442607879639,-0.4924425482749939,assist,No
329,1,0,0.005911070169660925,-5.357560634613037,-0.23256085813045502,assist,No
330,1,0,0.09534946232842245,-2.5230460166931152,-0.27304598689079285,assist,No
331,1,0,0.06754669864792355,-3.1237587928771973,-0.4987589120864868,assist,no
332,1,1,0.7772998611746911,-0.7535238265991211,-2.003523826599121,assist,Yes
333,1,0,0.02931222820745785,-3.850558280944824,-0.35055819153785706,assist,no
334,1,0,0.03732688627322502,-3.376161813735962,-0.12616178393363953,assist,No
335,1,0,0.06754668550840877,-3.035808563232422,-0.4108084738254547,assist,No
336,1,0,0.0075772430607274135,-5.234551429748535,-0.35955166816711426,assist,No
337,1,0,0.0009110511944006454,-7.391343116760254,-0.3913431167602539,assist,No
338,1,0,0.0534033328129234,-3.108572006225586,-0.2335720658302307,assist,No
339,1,0,0.46879062662624377,-1.2378497123718262,-1.1128497123718262,assist,no
340,1,1,0.9399133552961428,-0.0966118797659874,-2.846611976623535,assist,Yes
341,1,0,0.029312229903390143,-3.823009729385376,-0.3230096995830536,assist,no
342,1,0,0.0006263341954184638,-7.521377086639404,-0.14637714624404907,assist,No
343,1,0,0.18242552380635632,-2.181455135345459,-0.681455135345459,assist,No
344,1,1,0.5621765008857981,-0.946561336517334,-1.196561336517334,assist,Yes
345,1,0,0.01243164810903933,-4.612534999847412,-0.2375347763299942,assist,No
346,1,0,0.46879062662624377,-1.2091078758239746,-1.0841078758239746,assist,no
347,1,0,0.04742587856304458,-3.355891227722168,-0.3558913469314575,assist,No
348,1,1,0.9149009631141181,-0.11050070822238922,-2.4855008125305176,assist,Yes
349,1,1,0.9149009607937928,-0.21425502002239227,-2.5892550945281982,assist,Yes
350,1,0,0.007577241940185738,-5.311372756958008,-0.436372846364975,assist,No
351,1,0,0.29421497216298875,-1.7458832263946533,-0.8708832263946533,assist,no
352,1,0,0.014063627043245474,-4.490904808044434,-0.2409048080444336,assist,No
353,1,0,0.0046095724528596406,-6.073607444763184,-0.6986075043678284,assist,no
354,1,0,0.005220126931636656,-5.889621734619141,-0.6396219730377197,assist,No
355,1,1,0.8175744850834649,-0.2484244704246521,-1.7484245300292969,assist,Yes
356,1,0,0.06008664933244599,-2.99021315574646,-0.24021314084529877,assist,No
357,1,0,0.0031726828424851893,-6.278255462646484,-0.5282554626464844,assist,No
358,1,0,0.002800926967120973,-6.079971790313721,-0.2049717903137207,assist,No
359,1,0,0.047425871831197425,-3.3564350605010986,-0.35643503069877625,assist,No
360,1,1,0.9324533022906132,-0.10431395471096039,-2.729313850402832,assist,Yes
361,1,1,0.8175744850834649,-0.3765818476676941,-1.8765819072723389,assist,Yes
362,1,0,0.017986209435701905,-4.404068946838379,-0.4040689170360565,assist,No
363,1,0,0.00026119021014711256,-8.681940078735352,-0.43193966150283813,assist,No
364,1,0,0.18242553269617778,-2.053595781326294,-0.5535958409309387,assist,No
365,1,1,0.9149009596336303,-0.13617485761642456,-2.5111749172210693,assist,Yes
366,1,0,0.34864513533394575,-1.4366846084594727,-0.8116846084594727,assist,No
367,1,1,0.8670357701094303,-0.38824453949928284,-2.26324462890625,assist,Yes
368,1,0,0.047425871831197425,-3.4794437885284424,-0.47944375872612,assist,no
369,1,1,0.5926665855647394,-0.6988218426704407,-1.073821783065796,assist,Yes
370,1,0,0.0009110513300341806,-7.206745147705078,-0.20674529671669006,assist,No
371,1,0,0.060086646807761206,-3.0842835903167725,-0.3342835307121277,assist,No
372,1,0,0.0019267346633274755,-6.569793701171875,-0.319793701171875,assist,no
373,1,0,0.3208212878370535,-1.6931016445159912,-0.9431015849113464,assist,no
374,1,0,0.07585818837825822,-3.0927929878234863,-0.5927931070327759,assist,no
375,1,0,0.1480471980316895,-2.4568932056427,-0.7068932056427002,assist,no
376,1,1,0.731058584489497,-0.44630739092826843,-1.4463074207305908,assist,Yes
377,1,0,0.0011695103520889172,-6.879223346710205,-0.12922342121601105,assist,No
378,1,0,0.06754668738548215,-3.1228959560394287,-0.49789589643478394,assist,no
379,1,1,0.867035752930664,-0.32151657342910767,-2.196516513824463,assist,Yes
380,1,0,0.025957352676742106,-4.224940776824951,-0.5999405980110168,assist,No
381,1,0,0.24508501313237172,-1.8027423620224,-0.6777423620223999,assist,no
382,1,0,0.017986213120429816,-4.272449493408203,-0.27244967222213745,assist,No
383,1,0,0.003593603221697163,-5.942174911499023,-0.31717509031295776,assist,No
384,1,0,0.012431650853185818,-4.51747465133667,-0.14247465133666992,assist,No
385,1,0,0.0005527786945510347,-7.703802108764648,-0.2038022130727768,assist,No
386,1,0,0.000709670377965772,-7.413497447967529,-0.1634974181652069,assist,No
387,1,1,0.5926665999540697,-0.9508084058761597,-1.3258084058761597,assist,yes
388,1,0,0.16451645470385742,-2.195079803466797,-0.5700797438621521,assist,No
389,1,0,0.40733341443526055,-1.2111496925354004,-0.8361497521400452,assist,No
390,1,0,0.20181321265898594,-2.179104804992676,-0.804104745388031,assist,no
391,1,0,0.1066905854244781,-2.45291805267334,-0.3279179632663727,assist,No
392,1,1,0.9241418231126367,-0.17205281555652618,-2.6720528602600098,assist,Yes
393,1,1,0.9669140204195272,-0.08182433992624283,-3.45682430267334,assist,Yes
394,1,0,0.0017007227150309691,-6.557590007781982,-0.18259018659591675,assist,No
395,1,1,0.6224593312018546,-0.8397983312606812,-1.3397983312606812,assist,Yes
396,1,0,0.11920292202211755,-2.295231580734253,-0.29523158073425293,assist,no
397,1,0,0.004609572179374208,-6.018186569213867,-0.6431865692138672,assist,no
398,1,0,0.02297737057907019,-3.9525983333587646,-0.20259836316108704,assist,No
399,1,0,0.18242552380635632,-2.3370258808135986,-0.8370258808135986,assist,no
400,1,0,0.3208213138121609,-1.5483317375183105,-0.7983317971229553,assist,no
401,1,0,0.037326884131416216,-3.7131948471069336,-0.46319475769996643,assist,No
402,1,0,0.014063625183691352,-4.4078288078308105,-0.1578286737203598,assist,No
403,1,0,0.3486451217982255,-1.589662790298462,-0.9646627306938171,assist,no
404,1,0,0.0159063898457867,-4.615355491638184,-0.49035537242889404,assist,no
405,1,0,0.00857748566714832,-5.041818141937256,-0.29181817173957825,assist,No
406,1,0,0.06754669677084987,-2.8724536895751953,-0.24745377898216248,assist,No
407,1,1,0.9875683515250744,-0.03085927665233612,-4.405859470367432,assist,Yes
408,1,0,0.01590639217832175,-4.301774501800537,-0.1767745316028595,assist,No
409,1,0,0.0293122256635596,-4.098628997802734,-0.5986288189888,assist,No
410,1,0,0.033085986016024416,-4.093441009521484,-0.7184412479400635,assist,no
411,1,0,0.1329642333263228,-2.6102921962738037,-0.7352921366691589,assist,No
412,1,0,0.32082130082460697,-1.5142768621444702,-0.7642768621444702,assist,no
413,1,0,0.0373268852023206,-3.856663465499878,-0.6066634058952332,assist,no
414,1,0,0.24508502416032488,-1.8484137058258057,-0.7234137654304504,assist,no
415,1,1,0.5926665999540697,-0.8581762313842773,-1.2331762313842773,assist,Yes
416,1,1,0.9324533051062237,-0.28083139657974243,-2.9058313369750977,assist,Yes
417,1,0,0.017986211278065763,-4.178595066070557,-0.1785951405763626,assist,No
418,1,0,0.3208213138121609,-1.5905497074127197,-0.8405497670173645,assist,no
419,1,0,0.22270013366638422,-1.707764744758606,-0.45776471495628357,assist,no
420,1,0,0.46879062662624377,-1.2468063831329346,-1.1218063831329346,assist,No
421,1,0,0.0031726827011051982,-5.980775833129883,-0.23077578842639923,assist,No
422,1,0,0.0021827167698853724,-6.355535984039307,-0.23053613305091858,assist,No
423,1,0,0.02595735719779685,-3.962468147277832,-0.33746814727783203,assist,No
424,1,0,0.0031726824654718946,-6.387028694152832,-0.6370285749435425,assist,No
425,1,0,0.24508501313237172,-1.9043570756912231,-0.7793570756912231,assist,No
426,1,0,0.04208773031866069,-3.5533220767974854,-0.4283221364021301,assist,No
427,1,1,0.7772998714925403,-0.44539088010787964,-1.6953909397125244,assist,Yes
428,1,0,0.004070138561537168,-5.665299892425537,-0.16530010104179382,assist,No
429,1,0,0.1329642333263228,-2.188170909881592,-0.313170850276947,assist,No
430,1,0,0.08509904964767095,-3.0739049911499023,-0.6989050507545471,assist,no
431,1,0,0.02931223159932252,-3.8411829471588135,-0.34118297696113586,assist,No
432,1,1,0.9982992773636351,-0.002964152256026864,-6.377964019775391,assist,Yes
433,1,0,0.0059110695567328965,-5.384058952331543,-0.2590590715408325,assist,No
434,1,0,0.007577242892646153,-4.919162750244141,-0.044162966310977936,assist,no
435,1,1,0.8354835371034369,-0.6570439338684082,-2.282043933868408,assist,yes
436,1,0,0.1480471980316895,-2.2085769176483154,-0.45857691764831543,assist,no
437,1,1,0.8175744939732856,-0.5587996244430542,-2.0587997436523438,assist,Yes
438,1,0,0.10669059678604234,-2.5663301944732666,-0.441330224275589,assist,No
439,1,0,0.22270013882530884,-2.057917356491089,-0.8079173564910889,assist,No
440,1,1,0.5312093733737563,-0.6832717061042786,-0.8082717061042786,assist,Yes
441,1,0,0.02297736857193652,-4.294185638427734,-0.5441855788230896,assist,No
442,1,0,0.0040701384407312935,-6.029261589050293,-0.5292617678642273,assist,no
443,1,1,0.6224593452091672,-0.8268555998802185,-1.3268556594848633,assist,Yes
444,1,0,0.005220126622117065,-5.833371639251709,-0.5833718180656433,assist,No
445,1,0,0.37754066879814546,-1.1829172372817993,-0.6829172372817993,assist,no
446,1,0,0.0373268852023206,-3.913466691970825,-0.6634666323661804,assist,No
447,1,0,0.5,-1.1434268951416016,-1.1434268951416016,assist,No
448,1,0,0.060086646807761206,-3.3717451095581055,-0.6217450499534607,assist,No
449,1,0,0.4378234991142019,-0.9113337397575378,-0.6613337397575378,assist,No
450,1,1,0.5312093733737563,-1.146274209022522,-1.271274209022522,assist,Yes
451,1,0,0.002472623459854076,-6.021074295043945,-0.021074417978525162,assist,no
452,1,0,0.009708476194947928,-4.864475250244141,-0.23947522044181824,assist,No
453,1,0,0.20181322226037882,-2.2321949005126953,-0.8571949005126953,assist,no
454,1,1,0.8175744806385543,-0.3651444613933563,-1.8651444911956787,assist,Yes
455,1,1,0.5312093733737563,-1.1091911792755127,-1.2341911792755127,assist,Yes
456,1,0,0.2689414213699951,-1.6174715757369995,-0.6174715757369995,assist,No
457,1,0,0.01798621364681958,-4.364734172821045,-0.36473438143730164,assist,No
458,1,0,0.001501182323744328,-6.664808750152588,-0.16480879485607147,assist,No
459,1,1,0.9820137899721098,-0.04085445776581764,-4.040854454040527,assist,Yes
460,1,1,0.817574471748733,-0.35302236676216125,-1.8530223369598389,assist,Yes
461,1,0,0.4378234991142019,-1.3139228820800781,-1.0639228820800781,assist,no
462,1,0,0.0028009266341596987,-6.512419700622559,-0.637419581413269,assist,no
463,1,1,0.6224593312018546,-0.8453176021575928,-1.3453176021575928,assist,Yes
464,1,1,0.9149009596336303,-0.09910792112350464,-2.4741079807281494,assist,Yes
465,1,0,0.2689414213699951,-1.7286348342895508,-0.7286348342895508,assist,No
466,1,0,0.002800926800640331,-6.310366153717041,-0.43536609411239624,assist,No
467,1,0,0.020332353342658753,-4.280770301818848,-0.40577030181884766,assist,No
468,1,0,0.0008040860553510418,-7.380821704864502,-0.2558218538761139,assist,No
469,1,0,0.009708477627578704,-5.15963077545166,-0.5346308946609497,assist,no
470,1,0,0.0011695102650555148,-7.183030128479004,-0.4330301284790039,assist,No
471,1,0,0.0008040859476014153,-7.354055404663086,-0.22905541956424713,assist,No
472,1,0,0.18242551491653522,-2.2844762802124023,-0.7844762206077576,assist,No
473,1,0,0.34864513533394575,-1.5786011219024658,-0.9536011219024658,assist,no
474,1,1,0.9820137899063109,-0.05219031125307083,-4.05219030380249,assist,Yes
475,1,0,0.22270013882530884,-2.024744987487793,-0.774744987487793,assist,no
476,1,0,0.14804719051380197,-2.460364818572998,-0.7103647589683533,assist,no
477,1,1,0.6791787121629466,-0.7745265364646912,-1.524526596069336,assist,Yes
478,1,0,0.005911067805510302,-5.6036057472229,-0.47860556840896606,assist,No
479,1,0,0.20181322226037882,-2.170095443725586,-0.7950954437255859,assist,No
480,1,1,0.9996646497402376,-0.0016016048612073064,-8.001601219177246,assist,Yes
481,1,1,0.7772998714925403,-0.44539088010787964,-1.6953909397125244,assist,Yes
482,1,0,0.09534946232842245,-2.655557632446289,-0.4055576026439667,assist,No
483,1,0,0.0015011823349122177,-6.615817546844482,-0.1158175989985466,assist,No
484,1,0,0.22270014914315833,-1.875131368637085,-0.6251314282417297,assist,no
485,1,0,0.00048785710825008404,-7.852678298950195,-0.22767826914787292,assist,No
486,1,0,0.010986942954432066,-4.823638439178467,-0.3236384689807892,assist,No
487,1,0,0.008577486680893736,-5.073893070220947,-0.3238932192325592,assist,No
488,1,1,0.8354835493924953,-0.3825806677341461,-2.0075807571411133,assist,Yes
489,1,0,0.05340333130637379,-3.0073859691619873,-0.1323859989643097,assist,No
490,1,0,0.015906394977364253,-4.325446128845215,-0.20044633746147156,assist,No
491,1,0,0.004070136749449438,-5.8936767578125,-0.3936765193939209,assist,No
492,1,0,0.037326887344129464,-3.807141065597534,-0.5571410655975342,assist,no
493,1,1,0.9149009468718409,-0.1356128305196762,-2.510612726211548,assist,Yes
494,1,1,0.7310585903489892,-0.5358325839042664,-1.5358326435089111,assist,Yes
495,1,1,0.5926665999540697,-0.5692362189292908,-0.9442362189292908,assist,Yes
496,1,0,0.020332356904444657,-4.208034515380859,-0.3330346941947937,assist,No
497,1,0,0.02297736756836975,-3.9154458045959473,-0.1654457002878189,assist,No
498,1,1,0.9740426412951848,-0.6016784310340881,-4.226678371429443,assist,Yes
499,1,1,0.6513548646660542,-0.8705582618713379,-1.495558261871338,assist,Yes
500,1,0,0.2018132174596823,-1.7405112981796265,-0.3655112683773041,assist,no
501,1,0,0.008577485920584663,-5.3961501121521,-0.6461501717567444,assist,No
502,1,0,0.22270014914315833,-1.8583900928497314,-0.6083901524543762,assist,No
503,1,0,0.006692852113050128,-5.641022205352783,-0.6410223841667175,assist,No
504,1,1,0.6791786861878392,-0.6024726033210754,-1.3524725437164307,assist,Yes
505,1,1,0.7772998714925403,-0.43436187505722046,-1.6843619346618652,assist,Yes
506,1,0,0.010986944897465581,-4.9859209060668945,-0.48592111468315125,assist,no
507,1,0,0.2689414096510108,-1.745847463607788,-0.7458474040031433,assist,no
508,1,0,0.13296422989056964,-2.28776216506958,-0.4127620756626129,assist,no
509,1,0,0.02931223159932252,-3.7800629138946533,-0.2800629436969757,assist,No
510,1,0,0.06754669489377622,-2.9577760696411133,-0.33277612924575806,assist,no
511,1,0,0.5,-1.1821024417877197,-1.1821024417877197,assist,no
512,1,0,0.0011695099865486702,-7.103486061096191,-0.3534858226776123,assist,No
513,1,0,0.00970847504884346,-4.887055397033691,-0.26205524802207947,assist,No
514,1,0,0.009708478200631072,-5.267117500305176,-0.6421176791191101,assist,no
515,1,1,0.5621765008857981,-0.9269834756851196,-1.1769834756851196,assist,Yes
516,1,0,0.24508501313237172,-1.9654643535614014,-0.8404643535614014,assist,no
517,1,0,0.5,-1.1471275091171265,-1.1471275091171265,assist,no
518,1,0,0.01098694263059318,-5.089877605438232,-0.5898776054382324,assist,no
519,1,0,0.001926735093156515,-6.454783916473389,-0.20478413999080658,assist,no
520,1,0,0.05340332377362639,-3.441561222076416,-0.5665611028671265,assist,No
521,1,0,0.008577483766375987,-4.959986209869385,-0.20998601615428925,assist,No
522,1,0,0.18242551491653522,-1.9142811298370361,-0.41428107023239136,assist,no
523,1,1,0.8175744850834649,-0.5997354388237,-2.0997354984283447,assist,Yes
524,1,0,0.0019267344340853601,-6.680596828460693,-0.4305967092514038,assist,no
525,1,0,0.18242553269617778,-2.1961700916290283,-0.6961701512336731,assist,no
526,1,1,0.9399133523506772,-0.07961173355579376,-2.8296117782592773,assist,Yes
527,1,1,0.5926665999540697,-0.9503313302993774,-1.3253313302993774,assist,Yes
528,1,1,0.9947798745966161,-0.04023069515824318,-5.290230751037598,assist,Yes
529,1,0,0.004070136749449438,-5.935635566711426,-0.4356353282928467,assist,no
530,1,0,0.24508501313237172,-2.0236003398895264,-0.8986003398895264,assist,no
531,1,1,0.5621764862150634,-0.8461149334907532,-1.0961148738861084,assist,Yes
532,1,0,0.4073334000459302,-1.4058747291564941,-1.0308747291564941,assist,no
533,1,1,0.5621765155565327,-0.8674284815788269,-1.1174285411834717,assist,Yes
534,1,0,0.008577486744252828,-4.871651649475098,-0.12165180593729019,assist,No
535,1,1,0.8354835371034369,-0.6820201873779297,-2.3070201873779297,assist,Yes
536,1,0,0.042087731520181665,-3.5996062755584717,-0.47460636496543884,assist,no
537,1,1,0.9241418283357702,-0.1821984052658081,-2.6821985244750977,assist,Yes
538,1,0,0.1329642264548166,-2.4183297157287598,-0.5433295965194702,assist,No
539,1,0,0.007577240147319397,-4.995889663696289,-0.12088951468467712,assist,No
540,1,0,0.00407013783670198,-5.756653308868408,-0.2566533386707306,assist,No
541,1,0,0.009708477627578704,-4.862517356872559,-0.23751747608184814,assist,No
542,1,0,0.07585817793199003,-2.7752599716186523,-0.27525994181632996,assist,No
543,1,0,0.0059110695567328965,-5.708756446838379,-0.5837565660476685,assist,No
544,1,0,0.20181322226037882,-2.0095012187957764,-0.6345012187957764,assist,no
545,1,1,0.7772998508568416,-0.5014882683753967,-1.751488208770752,assist,Yes
546,1,1,0.6513548782017746,-0.7930051684379578,-1.4180052280426025,assist,Yes
547,1,1,0.8519527906914787,-0.37159451842308044,-2.1215944290161133,assist,Yes
548,1,0,0.46879062662624377,-0.8058283925056458,-0.6808283925056458,assist,No
549,1,0,0.5,-1.1974982023239136,-1.1974982023239136,assist,no
550,1,0,0.0003799846279530604,-8.353357315063477,-0.47835761308670044,assist,No
551,1,0,0.025957356444287677,-3.961768865585327,-0.33676883578300476,assist,No
552,1,0,0.5,-0.831814169883728,-0.831814169883728,assist,No
553,1,0,0.0013250222200310669,-7.015684604644775,-0.39068445563316345,assist,No
554,1,1,0.8354835207180245,-0.3856769800186157,-2.010676860809326,assist,Yes
555,1,0,0.4073333856566001,-1.2114288806915283,-0.8364288210868835,assist,No
556,1,1,0.8807970779778823,-0.43137049674987793,-2.431370496749878,assist,Yes
557,1,0,0.009708478200631072,-4.887700080871582,-0.26270025968551636,assist,No
558,1,0,0.22270013882530884,-1.9917628765106201,-0.7417628765106201,assist,no
559,1,0,0.0015011825247663551,-7.136704444885254,-0.6367046236991882,assist,No
560,1,0,0.09534945718704857,-2.6663641929626465,-0.4163641035556793,assist,no
561,1,0,0.01406362497707424,-4.652381420135498,-0.4023812711238861,assist,no
562,1,0,0.008577483512939705,-4.830251693725586,-0.08025147020816803,assist,No
563,1,1,0.7981867873410141,-0.33615463972091675,-1.7111546993255615,assist,Yes
564,1,0,0.0159063898457867,-4.424836158752441,-0.29983603954315186,assist,No
565,1,1,0.8175744761936437,-0.4465799331665039,-1.946579933166504,assist,Yes
566,1,0,0.03308597743528921,-3.732543706893921,-0.3575436770915985,assist,no
567,1,0,0.01243164865786858,-5.019451141357422,-0.6444509625434875,assist,no
568,1,1,0.6513548646660542,-0.6564942598342896,-1.2814942598342896,assist,Yes
569,1,0,0.09534945461636171,-2.7610630989074707,-0.5110629796981812,assist,No
570,1,0,0.0019267349212248879,-6.3830084800720215,-0.13300861418247223,assist,No
571,1,1,0.679178699175393,-0.6726342439651489,-1.422634243965149,assist,Yes
572,1,0,0.24508501313237172,-1.9667481184005737,-0.8417481184005737,assist,no
573,1,0,0.32082130082460697,-1.677452564239502,-0.927452564239502,assist,No
574,1,1,0.5621765155565327,-0.9843661189079285,-1.2343661785125732,assist,Yes
575,1,0,0.22270014914315833,-1.9685587882995605,-0.7185588479042053,assist,no
576,1,0,0.002800926384438769,-6.307692050933838,-0.4326918423175812,assist,no
577,1,0,0.0009110510248587547,-7.115553379058838,-0.11555319279432297,assist,No
578,1,0,0.042087729717900216,-3.3281748294830322,-0.2031748741865158,assist,No
579,1,0,0.09534946232842245,-2.592392921447754,-0.3423928916454315,assist,No
580,1,0,0.24508501313237172,-2.016611337661743,-0.8916113376617432,assist,no
581,1,1,0.9399133552961428,-0.09450163692235947,-2.8445017337799072,assist,Yes
582,1,0,0.32082130082460697,-1.3180816173553467,-0.5680816173553467,assist,No
583,1,1,0.7310585786300049,-0.6565743684768677,-1.6565743684768677,assist,Yes
584,1,1,0.754914997895581,-0.5115401148796082,-1.636540174484253,assist,Yes
585,1,0,0.06008665354025422,-3.3217740058898926,-0.5717740654945374,assist,No
586,1,1,0.9399133515091156,-0.10591551661491394,-2.8559155464172363,assist,Yes
587,1,1,0.6513548782017746,-0.8478237986564636,-1.4728238582611084,assist,Yes
588,1,0,0.34864513533394575,-1.5349199771881104,-0.9099199771881104,assist,No
589,1,0,0.037326887344129464,-3.8557727336883545,-0.6057727336883545,assist,no
590,1,0,0.014063629935885703,-4.653310775756836,-0.40331098437309265,assist,No
591,1,0,0.004609572316116922,-5.730669975280762,-0.3556700050830841,assist,No
592,1,1,0.9525741224467326,-0.10773525387048721,-3.1077351570129395,assist,Yes
593,1,0,0.0008040859835179557,-7.515377998352051,-0.39037805795669556,assist,No
594,1,1,0.7981867873410141,-0.4437176585197449,-1.8187177181243896,assist,Yes
595,1,0,0.0040701384407312935,-6.029397964477539,-0.5293981432914734,assist,no
596,1,0,0.0003353502316239624,-8.019207954406738,-0.019208256155252457,assist,No
597,1,0,0.13296424019782924,-2.4127650260925293,-0.5377650260925293,assist,no
598,1,0,0.025957363225871038,-4.121631622314453,-0.4966318607330322,assist,No
599,1,0,0.01098694246867374,-4.691192150115967,-0.1911921352148056,assist,No
600,1,1,0.8175744761936437,-0.25935184955596924,-1.7593518495559692,assist,Yes
601,1,0,0.29421497216298875,-1.5930225849151611,-0.7180225849151611,assist,No
602,1,0,0.0035936023679944244,-6.153005599975586,-0.5280055403709412,assist,no
603,1,0,0.006692849537392301,-5.436877727508545,-0.4368775188922882,assist,No
604,1,0,0.02297736991002561,-4.16420316696167,-0.4142031669616699,assist,no
605,1,0,0.01243165231673086,-4.8607330322265625,-0.48573315143585205,assist,No
606,1,0,0.3486451488696663,-1.2248609066009521,-0.5998609662055969,assist,No
607,1,0,0.0675466911396291,-3.208970308303833,-0.583970308303833,assist,no
608,1,0,0.008577484906839334,-5.282720565795898,-0.5327205061912537,assist,no
609,1,0,0.3208212878370535,-1.3068108558654785,-0.5568107962608337,assist,No
610,1,1,0.8354835371034369,-0.307000994682312,-1.932000994682312,assist,Yes
611,1,0,0.06754669489377622,-3.251516580581665,-0.6265166401863098,assist,No
612,1,0,0.029312227359491745,-3.95467472076416,-0.4546746015548706,assist,No
613,1,0,0.00669285052802981,-5.583158493041992,-0.5831584334373474,assist,no
614,1,0,0.0019267349498801579,-6.728615760803223,-0.4786159098148346,assist,No
615,1,0,0.1480471980316895,-2.4479050636291504,-0.6979050636291504,assist,No
616,1,0,0.005220125074519377,-5.400466442108154,-0.15046632289886475,assist,No
617,1,0,0.1824255415859996,-2.1385498046875,-0.6385499238967896,assist,No
618,1,0,0.14804719051380197,-2.4123857021331787,-0.6623856425285339,assist,no
619,1,0,0.033085978388704126,-3.8816630840301514,-0.5066630840301514,assist,no
620,1,0,0.00132502237777674,-6.665311336517334,-0.0403113067150116,assist,No
621,1,1,0.8175744695262777,-0.21989493072032928,-1.7198948860168457,assist,Yes
622,1,1,0.9465966750964616,-0.10874428600072861,-2.9837443828582764,assist,Yes
623,1,1,0.9149009468718409,-0.1254645437002182,-2.50046443939209,assist,Yes
624,1,0,0.04208772431105632,-3.415217161178589,-0.2902170717716217,assist,No
625,1,0,0.46879062662624377,-1.0478661060333252,-0.9228661060333252,assist,No
626,1,0,0.017986208119727825,-4.179694652557373,-0.1796945482492447,assist,No
627,1,0,0.5,-1.1488455533981323,-1.1488455533981323,assist,no
628,1,0,0.003593603008271459,-6.2079572677612305,-0.58295738697052,assist,No
629,1,0,0.04742587317756679,-3.29681396484375,-0.29681396484375,assist,No
630,1,0,0.042087725512577126,-3.7903048992156982,-0.6653048396110535,assist,no
631,1,0,0.00192673483525908,-6.567643642425537,-0.3176437318325043,assist,No
632,1,0,0.020332350374504305,-4.147249698638916,-0.2722495496273041,assist,No
633,1,0,0.4378234991142019,-1.3427619934082031,-1.0927619934082031,assist,no
634,1,1,0.731058584489497,-0.38068291544914246,-1.3806829452514648,assist,Yes
635,1,0,0.02595736021183377,-3.931905746459961,-0.3069058656692505,assist,No
636,1,0,0.3208213138121609,-1.5140995979309082,-0.764099657535553,assist,no
637,1,0,0.32082130082460697,-1.6601603031158447,-0.9101603031158447,assist,no
638,1,0,0.18242552380635632,-2.220705986022949,-0.7207059860229492,assist,No
639,1,1,0.5926665999540697,-1.0124177932739258,-1.3874177932739258,assist,Yes
640,1,1,0.8175744806385543,-0.32637497782707214,-1.8263750076293945,assist,Yes
641,1,0,0.009708477914104884,-5.064340591430664,-0.439340740442276,assist,no
642,1,0,0.18242551491653522,-2.084899663925171,-0.5848996043205261,assist,no
643,1,0,0.37754066879814546,-1.487807035446167,-0.987807035446167,assist,no
644,1,1,0.7981867777396212,-0.4569892883300781,-1.8319892883300781,assist,Yes
645,1,0,0.037326887344129464,-3.7540416717529297,-0.5040416717529297,assist,No
646,1,1,0.8670357666736773,-0.19872921705245972,-2.0737292766571045,assist,Yes
647,1,0,0.11920291419948606,-2.2243735790252686,-0.22437350451946259,assist,No
648,1,1,0.6224593452091672,-0.943746030330658,-1.4437460899353027,assist,Yes
649,1,0,0.5,-0.975102961063385,-0.975102961063385,assist,No
650,1,0,0.0046095727605307705,-5.45939826965332,-0.08439839631319046,assist,No
651,1,1,0.7057850278370112,-0.527071475982666,-1.402071475982666,assist,Yes
652,1,1,0.7549149868676283,-0.4704505205154419,-1.595450520515442,assist,Yes
653,1,0,0.37754066879814546,-1.450571894645691,-0.9505718946456909,assist,no
654,1,0,0.10669058826486906,-2.6409895420074463,-0.5159894824028015,assist,no
655,1,0,0.015906392644828796,-4.771879196166992,-0.646879255771637,assist,No
656,1,1,0.8519528000888387,-0.1823188215494156,-1.9323188066482544,assist,Yes
657,1,0,0.03732688306051187,-3.7111868858337402,-0.4611867666244507,assist,No
658,1,0,0.020332356310813628,-4.07518196105957,-0.20018211007118225,assist,No
659,1,0,0.37754066879814546,-1.5334304571151733,-1.0334304571151733,assist,no
660,1,1,0.9241418158002492,-0.2734554409980774,-2.7734553813934326,assist,Yes
661,1,0,0.03308598410919419,-4.030284404754639,-0.655284583568573,assist,No
662,1,1,0.9399133515091156,-0.1680755317211151,-2.9180755615234375,assist,Yes
663,1,0,0.1645164792819756,-2.160822868347168,-0.5358229875564575,assist,No
664,1,0,0.0015011822567369915,-7.027415752410889,-0.5274157524108887,assist,No
665,1,0,0.025957352676742106,-4.338345050811768,-0.7133448719978333,assist,no
666,1,0,0.017986210751676075,-4.161747932434082,-0.1617479771375656,assist,No
667,1,0,0.033085981248949035,-3.686758518218994,-0.3117586076259613,assist,No
668,1,0,0.4378234844434674,-1.2418158054351807,-0.9918157458305359,assist,no
669,1,0,0.4073334000459302,-0.9584846496582031,-0.5834846496582031,assist,No
670,1,0,0.14804719051380197,-2.3531010150909424,-0.6031009554862976,assist,No
671,1,1,0.867035752930664,-0.6244392991065979,-2.499439239501953,assist,Yes
672,1,0,0.0009110514114143117,-7.577550888061523,-0.5775511264801025,assist,no
673,1,0,0.0046095724528596406,-5.9551286697387695,-0.5801287293434143,assist,No
674,1,0,0.29421497216298875,-1.6693735122680664,-0.7943735122680664,assist,no
675,1,0,0.0373268852023206,-3.7577600479125977,-0.5077599883079529,assist,No
676,1,1,0.7549149868676283,-0.4688906669616699,-1.59389066696167,assist,Yes
677,1,0,0.00280092763304364,-6.104393005371094,-0.22939324378967285,assist,No
678,1,0,0.3775406547908327,-1.066885232925415,-0.5668851733207703,assist,no
679,1,0,0.0159063898457867,-4.773431777954102,-0.648431658744812,assist,No
680,1,0,0.053403329799824234,-3.492065906524658,-0.6170659065246582,assist,No
681,1,0,0.0019267343194643127,-6.887153148651123,-0.6371529698371887,assist,No
682,1,1,0.8175744850834649,-0.34251612424850464,-1.8425161838531494,assist,Yes
683,1,0,0.37754066879814546,-1.4074925184249878,-0.9074925184249878,assist,No
684,1,0,0.008577483893094128,-5.337400913238525,-0.5874007344245911,assist,No
685,1,0,0.2689414213699951,-1.768807053565979,-0.768807053565979,assist,no
686,1,0,0.4378234991142019,-1.2837233543395996,-1.0337233543395996,assist,no
687,1,1,0.7772998508568416,-0.43900662660598755,-1.6890065670013428,assist,Yes
688,1,0,0.006692849537392301,-5.395519733428955,-0.39551952481269836,assist,No
689,1,0,0.14804720930852133,-2.097288131713867,-0.34728822112083435,assist,No
690,1,1,0.5312093733737563,-0.8650734424591064,-0.9900734424591064,assist,Yes
691,1,1,0.974042642048694,-0.09327724575996399,-3.7182772159576416,assist,Yes
692,1,1,0.9241418126663687,-0.12133108079433441,-2.621330976486206,assist,Yes
693,1,0,0.01243164865786858,-4.672183513641357,-0.2971833348274231,assist,No
694,1,0,0.0028009264676790765,-6.455630302429199,-0.5806301236152649,assist,No
695,1,0,0.001501181899364581,-6.6463165283203125,-0.1463162899017334,assist,No
696,1,0,0.46879062662624377,-1.0397852659225464,-0.9147852659225464,assist,No
697,1,0,0.13296424019782924,-2.3836071491241455,-0.5086071491241455,assist,No
698,1,0,0.4073333856566001,-1.369046688079834,-0.9940466284751892,assist,no
699,1,0,0.0019267346633274755,-6.887646675109863,-0.6376466751098633,assist,No
700,1,0,0.012431652865560293,-4.612929821014404,-0.23792998492717743,assist,No
701,1,1,0.7310585903489892,-0.5376498103141785,-1.5376498699188232,assist,Yes
702,1,1,0.7772998611746911,-0.3797703981399536,-1.6297703981399536,assist,Yes
703,1,0,0.09534947004048376,-2.8510117530822754,-0.6010118126869202,assist,No
704,1,0,0.46879062662624377,-1.243066668510437,-1.118066668510437,assist,No
705,1,0,0.0059110695567328965,-5.708690643310547,-0.5836907625198364,assist,no
706,1,1,0.9914225152198789,-0.02034895122051239,-4.770349025726318,assist,Yes
707,1,1,0.7057850278370112,-0.4789144992828369,-1.353914499282837,assist,Yes
708,1,0,0.0159063898457867,-4.567707061767578,-0.4427069425582886,assist,No
709,1,0,0.14804720179063335,-1.9500356912612915,-0.2000357210636139,assist,no
710,1,0,0.007577240371427665,-5.5152106285095215,-0.6402105093002319,assist,No
711,1,0,0.24508502416032488,-1.931565761566162,-0.8065658211708069,assist,no
712,1,0,0.2942149845400438,-1.4114611148834229,-0.5364611744880676,assist,No
713,1,0,0.18242551936144574,-1.9094053506851196,-0.40940532088279724,assist,No
714,1,1,0.8175744850834649,-0.2499515414237976,-1.7499516010284424,assist,Yes
715,1,1,0.7981867777396212,-0.4225691556930542,-1.7975691556930542,assist,Yes
716,1,0,0.07585818002124356,-3.0384726524353027,-0.5384726524353027,assist,No
717,1,0,0.010986942954432066,-4.861253261566162,-0.3612532913684845,assist,No
718,1,0,0.32082130082460697,-1.5735502243041992,-0.8235502243041992,assist,No
719,1,1,0.5621765008857981,-0.9222735166549683,-1.1722735166549683,assist,Yes
720,1,0,0.007577241043752515,-5.043522357940674,-0.16852232813835144,assist,No
721,1,0,0.02297736991002561,-4.4591064453125,-0.7091064453125,assist,no
722,1,0,0.006692850131774789,-5.210781574249268,-0.21078145503997803,assist,No
723,1,0,0.004609573136573289,-5.7677226066589355,-0.39272281527519226,assist,No
724,1,0,0.0675466911396291,-3.2025866508483887,-0.5775866508483887,assist,No
725,1,1,0.994088930519883,-0.01987658627331257,-5.144876480102539,assist,Yes
726,1,1,0.5621765008857981,-0.6366207003593445,-0.8866207003593445,assist,Yes
727,1,0,0.46879062662624377,-1.2350841760635376,-1.1100841760635376,assist,no
728,1,0,0.5,-1.2513498067855835,-1.2513498067855835,assist,no
729,1,0,0.04208772791561884,-3.7892472743988037,-0.6642472743988037,assist,No
730,1,0,0.0024726237446964848,-6.529001235961914,-0.5290014743804932,assist,No
731,1,0,0.1329642333263228,-2.613053798675537,-0.7380537390708923,assist,no
732,1,0,0.11920291263495983,-2.487600564956665,-0.4876004755496979,assist,no
733,1,0,0.020332355123551627,-4.074874401092529,-0.19987449049949646,assist,No
734,1,0,0.009708478200631072,-5.21103572845459,-0.5860359072685242,assist,no
735,1,0,0.06008664344151498,-3.490050792694092,-0.7400506734848022,assist,no
736,1,0,0.3775406547908327,-1.136685848236084,-0.6366857886314392,assist,No
737,1,0,0.005220124997139505,-5.383203983306885,-0.13320384919643402,assist,No
738,1,0,0.001032231251872736,-7.056933879852295,-0.18193408846855164,assist,No
739,1,0,0.002800927216841955,-6.229362487792969,-0.3543625771999359,assist,no
740,1,0,0.05340333130637379,-3.0901877880096436,-0.21518781781196594,assist,No
741,1,1,0.798186768138228,-0.4058387875556946,-1.7808387279510498,assist,Yes
742,1,1,0.8807970748488297,-0.1374233067035675,-2.137423276901245,assist,Yes
743,1,0,0.0010322312211416022,-7.454596042633057,-0.579596221446991,assist,No
744,1,0,0.1066905825840872,-2.5552287101745605,-0.430228590965271,assist,no
745,1,0,0.03732688359596404,-3.3893256187438965,-0.13932551443576813,assist,No
746,1,1,0.9399133540338004,-0.16865174472332,-2.918651819229126,assist,Yes
747,1,0,0.10669060530721626,-2.685551166534424,-0.5605512857437134,assist,No
748,1,0,0.006692849735519792,-5.320964813232422,-0.32096463441848755,assist,No
749,1,0,0.03308597648187432,-3.566775321960449,-0.19177526235580444,assist,no
750,1,0,0.005911068681121534,-5.561316013336182,-0.43631598353385925,assist,no
751,1,1,0.8807970779778823,-0.22641682624816895,-2.226416826248169,assist,Yes
752,1,0,0.0008040860553510418,-7.330001354217529,-0.20500150322914124,assist,No
753,1,1,0.8175744739711884,-0.21488524973392487,-1.7148852348327637,assist,Yes
754,1,0,0.1329642264548166,-2.6100454330444336,-0.735045313835144,assist,No
755,1,1,0.7549149868676283,-0.43229973316192627,-1.5572997331619263,assist,Yes
756,1,0,0.02931223159932252,-3.9130022525787354,-0.41300228238105774,assist,No
757,1,0,0.04208773272170267,-3.4148144721984863,-0.2898145914077759,assist,no
758,1,1,0.7310585727705126,-0.4660772383213043,-1.466077208518982,assist,Yes
759,1,0,0.004609572179374208,-5.854842662811279,-0.4798426628112793,assist,No
760,1,0,0.033085981248949035,-3.686758518218994,-0.3117586076259613,assist,No
761,1,0,0.3775406547908327,-1.4507651329040527,-0.950765073299408,assist,no
762,1,1,0.5312093733737563,-1.093436360359192,-1.218436360359192,assist,Yes
763,1,1,0.8175744761936437,-0.3337191343307495,-1.8337191343307495,assist,Yes
764,1,0,0.029312234143221275,-4.15703010559082,-0.6570302248001099,assist,No
765,1,0,0.020332355717182622,-4.468295097351074,-0.5932952165603638,assist,No
766,1,0,0.2689414213699951,-1.7246922254562378,-0.7246922254562378,assist,No
767,1,0,0.11920292202211755,-2.6322224140167236,-0.6322224140167236,assist,no
768,1,1,0.6224593312018546,-1.0393887758255005,-1.5393887758255005,assist,Yes
769,1,1,0.9465966664338019,-0.13213618099689484,-3.007136106491089,assist,Yes
770,1,0,0.2942149597859341,-1.657914161682129,-0.7829141020774841,assist,no
771,1,1,0.9525741244662869,-0.0646553561091423,-3.064655303955078,assist,Yes
772,1,0,0.01590639031229368,-4.452084064483643,-0.3270839750766754,assist,No
773,1,0,0.008577483639657844,-5.009805679321289,-0.25980547070503235,assist,No
774,1,1,0.7981867729389246,-0.37366095185279846,-1.748660922050476,assist,Yes
775,1,0,0.00857748414653042,-4.940210819244385,-0.19021067023277283,assist,No
776,1,1,0.9986749774077878,-0.025473250076174736,-6.650473117828369,assist,Yes
777,1,0,0.0001088969197616371,-9.409168243408203,-0.2841683328151703,assist,No
778,1,0,0.4073334000459302,-1.0827265977859497,-0.7077265977859497,assist,No
779,1,1,0.8933093989533708,-0.19337280094623566,-2.3183727264404297,assist,Yes
780,1,0,0.07585818002124356,-3.053452968597412,-0.5534529685974121,assist,no
781,1,0,0.24508500761839525,-1.5100905895233154,-0.38509055972099304,assist,No
782,1,0,0.0028009276122335546,-5.958603858947754,-0.08360408991575241,assist,no
783,1,0,0.08509904964767095,-3.0719716548919678,-0.6969717144966125,assist,no
784,1,0,0.0006263342513820332,-7.51992654800415,-0.14492669701576233,assist,No
785,1,0,0.01590639171181471,-4.422807693481445,-0.2978076934814453,assist,No
786,1,0,0.37754066879814546,-1.463263988494873,-0.963263988494873,assist,no
787,1,0,0.18242552825126704,-1.7684509754180908,-0.2684510052204132,assist,No
788,1,0,0.001700722411435288,-6.6916022300720215,-0.3166022300720215,assist,No
789,1,0,0.0031726828424851893,-6.282299041748047,-0.5322990417480469,assist,No
790,1,0,0.0021827164453451808,-6.651300430297852,-0.5263004302978516,assist,No
791,1,1,0.5926665999540697,-1.0116256475448608,-1.3866256475448608,assist,Yes
792,1,0,0.07585818419975078,-2.85247540473938,-0.35247546434402466,assist,No
793,1,0,0.37754066879814546,-1.463263988494873,-0.963263988494873,assist,no
794,1,0,0.006692851320539924,-5.586426258087158,-0.586426317691803,assist,no
795,1,1,0.6791786861878392,-0.5899057984352112,-1.3399057388305664,assist,Yes
796,1,0,0.0019267346633274755,-6.568077564239502,-0.31807756423950195,assist,No
797,1,1,0.754914997895581,-0.5239850878715515,-1.6489851474761963,assist,Yes
798,1,1,0.8175744806385543,-0.32637497782707214,-1.8263750076293945,assist,Yes
799,1,0,0.004609573204944661,-5.526552200317383,-0.15155242383480072,assist,No
800,1,0,0.29421497216298875,-1.558685541152954,-0.6836855411529541,assist,No
801,1,0,0.0019267344340853601,-6.508855819702148,-0.2588557004928589,assist,No
802,1,0,0.01590639077880068,-4.422160625457764,-0.2971605658531189,assist,No
803,1,0,0.24508501313237172,-1.7531262636184692,-0.6281262636184692,assist,No
804,1,0,0.014063628282948357,-4.4245405197143555,-0.17454060912132263,assist,No
805,1,0,0.0010322312211416022,-7.227174758911133,-0.35217493772506714,assist,No
806,1,1,0.8354835330070839,-0.34091201424598694,-1.9659119844436646,assist,Yes
807,1,0,0.010986941659076578,-4.897726058959961,-0.3977259695529938,assist,No
808,1,1,0.5621764862150634,-0.9916296601295471,-1.2416296005249023,assist,Yes
809,1,0,0.0021827160558970152,-6.255697727203369,-0.13069754838943481,assist,No
810,1,0,0.053403329799824234,-3.322082996368408,-0.4470829963684082,assist,no
811,1,0,0.0006263341394548992,-7.579806804656982,-0.20480677485466003,assist,No
812,1,0,0.09534947004048376,-2.6834850311279297,-0.43348509073257446,assist,no
813,1,0,0.03308598029553404,-3.8817672729492188,-0.5067673325538635,assist,no
814,1,0,0.0015011824689269003,-6.550777435302734,-0.05077757686376572,assist,No
815,1,0,0.46879062662624377,-1.2823688983917236,-1.1573688983917236,assist,no
816,1,0,0.01243164938964095,-5.016339302062988,-0.6413391828536987,assist,no
817,1,0,0.060086656906500974,-3.484147071838379,-0.7341471910476685,assist,no
818,1,0,0.005220126312597491,-5.890076637268066,-0.640076756477356,assist,No
819,1,0,0.05340332678672523,-3.606874704360962,-0.7318746447563171,assist,no
820,1,1,0.989013056175251,-0.021698107942938805,-4.521697998046875,assist,Yes
821,1,0,0.010986944573626636,-5.204267978668213,-0.7042681574821472,assist,no
822,1,0,0.0021827163155291175,-6.356059551239014,-0.2310594916343689,assist,No
823,1,0,0.005911068287096462,-5.2120041847229,-0.08700408786535263,assist,no
824,1,0,0.3208213138121609,-1.649637222290039,-0.8996372818946838,assist,no
825,1,0,0.015906394044350028,-4.6122002601623535,-0.48720040917396545,assist,No
826,1,0,0.0010322310367548194,-7.399125576019287,-0.5241255760192871,assist,no
827,1,0,0.07585817897661679,-2.705273389816284,-0.20527337491512299,assist,No
828,1,0,0.010986944573626636,-4.860215663909912,-0.36021584272384644,assist,No
829,1,1,0.5621764862150634,-0.8249498009681702,-1.0749497413635254,assist,Yes
830,1,1,0.9399133481428692,-0.18009188771247864,-2.9300918579101562,assist,Yes
831,1,0,0.0031726830309918535,-5.957324504852295,-0.2073245644569397,assist,No
832,1,0,0.3208212878370535,-1.5729620456695557,-0.8229619860649109,assist,no
833,1,0,0.014063627043245474,-4.739343166351318,-0.48934316635131836,assist,no
834,1,0,0.3775406828054583,-1.2394919395446777,-0.7394919991493225,assist,no
835,1,0,0.005220125693558397,-5.781631946563721,-0.5316319465637207,assist,No
836,1,0,0.04742587317756679,-3.5132973194122314,-0.5132973194122314,assist,No
837,1,0,0.0010322307909058268,-7.019839286804199,-0.14483904838562012,assist,no
838,1,0,0.0019267348925696179,-6.777770519256592,-0.5277706384658813,assist,No
839,1,0,0.006692852509305267,-5.482782363891602,-0.48278260231018066,assist,No
840,1,1,0.8933094003735664,-0.2209356427192688,-2.345935583114624,assist,Yes
841,1,0,0.00037998459965275826,-8.10368537902832,-0.22868560254573822,assist,No
842,1,0,0.18242552380635632,-2.2445554733276367,-0.7445554733276367,assist,no
843,1,0,0.029312234143221275,-4.216518878936768,-0.7165189981460571,assist,no
844,1,0,0.01098694263059318,-4.697558879852295,-0.19755887985229492,assist,no
845,1,0,0.01243164865786858,-4.613004684448242,-0.23800450563430786,assist,No
846,1,0,7.484625218468578e-05,-9.509032249450684,-0.009032579138875008,assist,No
847,1,1,0.5312093733737563,-1.0856170654296875,-1.2106170654296875,assist,Yes
848,1,1,0.679178699175393,-0.5539283752441406,-1.3039283752441406,assist,Yes
849,1,0,0.009708478200631072,-4.91859245300293,-0.293592631816864,assist,No
850,1,0,0.0159063879797589,-4.712458610534668,-0.5874583721160889,assist,No
851,1,0,0.042087723109535534,-3.73207426071167,-0.6070741415023804,assist,No
852,1,1,0.6513548646660542,-0.8595428466796875,-1.4845428466796875,assist,Yes
853,1,0,0.014063625183691352,-4.489659786224365,-0.2396596521139145,assist,No
854,1,0,0.22270012850745968,-1.970597743988037,-0.7205976843833923,assist,no
855,1,1,0.9149009561531425,-0.14206860959529877,-2.51706862449646,assist,Yes
856,1,0,0.007577242836619065,-4.9955315589904785,-0.12053176760673523,assist,No
857,1,0,0.020332355123551627,-4.121068954467773,-0.2460690438747406,assist,No
858,1,0,0.0028009275914234687,-5.992204189300537,-0.11720441281795502,assist,no
859,1,1,0.8519528057272543,-0.3053428828716278,-2.05534291267395,assist,Yes
860,1,0,0.14804719051380197,-2.354125738143921,-0.6041256785392761,assist,No
861,1,0,0.0474258704848281,-3.5212221145629883,-0.5212220549583435,assist,no
862,1,1,0.9324533126145177,-0.12892073392868042,-2.753920793533325,assist,Yes
863,1,0,0.05340333130637379,-3.3089656829833984,-0.4339657127857208,assist,No
864,1,0,0.010986941335237732,-4.601490497589111,-0.10149037837982178,assist,No
865,1,1,0.9890130594338795,-0.04238491132855415,-4.542385101318359,assist,Yes
866,1,0,0.3208212878370535,-1.5959930419921875,-0.8459929823875427,assist,No
867,1,0,0.047425871831197425,-3.428452253341675,-0.4284522235393524,assist,No
868,1,0,0.11920292202211755,-2.4965903759002686,-0.49659037590026855,assist,no
869,1,0,0.010986940201801838,-4.712498188018799,-0.21249796450138092,assist,No
870,1,1,0.679178699175393,-0.5605549812316895,-1.3105549812316895,assist,Yes
871,1,1,0.7981867873410141,-0.2597808241844177,-1.6347808837890625,assist,Yes
872,1,0,0.004070137715896127,-6.081402778625488,-0.5814027786254883,assist,No
873,1,0,0.002800927258462121,-6.021338939666748,-0.1463390439748764,assist,No
874,1,0,0.11920290950590741,-2.282195568084717,-0.28219544887542725,assist,No
875,1,1,0.9465966664338019,-0.08299930393695831,-2.9579992294311523,assist,Yes
876,1,0,0.0850990357257195,-3.01542329788208,-0.6404231786727905,assist,No
877,1,0,0.2018132174596823,-1.71703040599823,-0.3420303761959076,assist,no
878,1,0,0.012431647926096252,-4.640003204345703,-0.265002965927124,assist,No
879,1,0,0.34864513533394575,-1.6014227867126465,-0.9764227867126465,assist,no
880,1,0,0.20181322226037882,-2.1321463584899902,-0.7571463584899902,assist,no
881,1,0,0.007577242388402388,-5.3554301261901855,-0.4804302752017975,assist,No
882,1,1,0.8670357546485407,-0.18097691237926483,-2.0559768676757812,assist,Yes
883,1,0,0.14804720930852133,-2.1736223697662354,-0.4236224591732025,assist,No
884,1,0,0.009708474332528234,-4.836491584777832,-0.21149136126041412,assist,No
885,1,0,0.005911068943804928,-5.294369220733643,-0.16936923563480377,assist,No
886,1,0,0.02595736171885236,-4.171130180358887,-0.546130359172821,assist,No
887,1,0,0.05340333582602272,-3.444141387939453,-0.5691415071487427,assist,no
888,1,0,0.5,-0.8615834712982178,-0.8615834712982178,assist,No
889,1,0,0.34864513533394575,-1.1332640647888184,-0.5082640647888184,assist,No
890,1,0,0.20181324146316565,-2.1692070960998535,-0.7942072153091431,assist,no
891,1,0,0.10669059962643358,-2.452796459197998,-0.3277965188026428,assist,No
892,1,0,0.00048785710825008404,-7.727850437164307,-0.10285040736198425,assist,No
893,1,1,0.904650527388829,-0.4034806191921234,-2.6534805297851562,assist,Yes
894,1,0,0.1480471980316895,-2.3029944896698,-0.5529944896697998,assist,No
895,1,0,0.20181321265898594,-2.22719407081604,-0.8521940112113953,assist,no
896,1,0,0.02595735682104226,-3.843864917755127,-0.21886490285396576,assist,no
897,1,0,0.004070138561537168,-5.81818151473999,-0.31818172335624695,assist,No
898,1,0,0.005220125693558397,-5.7803826332092285,-0.5303826332092285,assist,No
899,1,0,0.20181322226037882,-1.9534026384353638,-0.5784026384353638,assist,No
900,1,0,0.2689414330889798,-1.61582612991333,-0.6158261895179749,assist,No
901,1,0,0.3775406828054583,-1.4053289890289307,-0.9053290486335754,assist,no
902,1,0,0.07585818002124356,-2.820962905883789,-0.32096290588378906,assist,No
903,1,1,0.8933094145755219,-0.21585789322853088,-2.340857982635498,assist,Yes
904,1,0,0.0031726826539785367,-6.144877910614014,-0.3948778510093689,assist,no
905,1,0,0.020332355123551627,-4.367434501647949,-0.4924345910549164,assist,no
906,1,1,0.9840936078216783,-0.09891465306282043,-4.223914623260498,assist,Yes
907,1,0,0.004609572572509522,-5.436676502227783,-0.06167658790946007,assist,No
908,1,1,0.7772998508568416,-0.7398775219917297,-1.989877462387085,assist,Yes
909,1,1,0.7549149868676283,-0.48262548446655273,-1.6076254844665527,assist,Yes
910,1,0,0.2689414096510108,-1.649956464767456,-0.6499564051628113,assist,no
911,1,0,0.11920292202211755,-2.26480770111084,-0.26480770111083984,assist,No
912,1,0,0.18242552380635632,-1.95801842212677,-0.45801842212677,assist,No
913,1,0,0.29421497216298875,-1.68422532081604,-0.80922532081604,assist,no
914,1,0,0.18242552380635632,-2.055117130279541,-0.555117130279541,assist,No
915,1,0,0.07585817584273653,-3.034970760345459,-0.5349707007408142,assist,No
916,1,0,0.0009110511944006454,-7.635697364807129,-0.6356973648071289,assist,no
917,1,0,0.22270014914315833,-1.7160439491271973,-0.46604400873184204,assist,No
918,1,0,0.34864513533394575,-1.47929048538208,-0.8542904853820801,assist,No
919,1,0,0.18242553269617778,-2.204007148742676,-0.7040072083473206,assist,no
920,1,1,0.7772998714925403,-0.44539088010787964,-1.6953909397125244,assist,Yes
921,1,0,0.0002959570429722942,-8.410134315490723,-0.28513407707214355,assist,No
922,1,0,0.053403329799824234,-3.444981336593628,-0.5699813365936279,assist,No
923,1,0,0.3486451488696663,-1.2666409015655518,-0.6416409611701965,assist,No
924,1,0,0.24508501313237172,-1.9286084175109863,-0.8036084175109863,assist,No
925,1,0,0.0021827162100535725,-6.185431957244873,-0.06043184921145439,assist,No
926,1,0,0.34864513533394575,-1.229292869567871,-0.6042928695678711,assist,No
927,1,0,0.3775406828054583,-1.1869900226593018,-0.6869900822639465,assist,No
928,1,1,0.7057850278370112,-0.8295907974243164,-1.7045907974243164,assist,Yes
929,1,0,0.18242552380635632,-1.9142152070999146,-0.41421520709991455,assist,no
930,1,0,0.0011695101954287976,-6.831057071685791,-0.08105701208114624,assist,No
931,1,0,0.001700722209038197,-6.90355110168457,-0.5285509824752808,assist,no
932,1,0,0.060086646807761206,-3.2415030002593994,-0.49150294065475464,assist,no
933,1,0,0.22270014914315833,-1.9331035614013672,-0.683103621006012,assist,no
934,1,1,0.5926665999540697,-0.9216339588165283,-1.2966339588165283,assist,Yes
935,1,0,0.01098694263059318,-4.713247776031494,-0.21324777603149414,assist,No
936,1,0,0.24508502416032488,-1.9288909435272217,-0.8038910031318665,assist,no
937,1,0,0.00522012445548043,-5.644397735595703,-0.394397497177124,assist,No
938,1,0,0.0010322310367548194,-7.30928897857666,-0.43428897857666016,assist,No
939,1,0,0.00132502237777674,-6.883534908294678,-0.25853487849235535,assist,No
940,1,0,0.00013982210064597092,-9.188698768615723,-0.313698947429657,assist,no
941,1,0,0.02595735719779685,-3.9967739582061768,-0.37177395820617676,assist,No
942,1,1,0.5312093733737563,-0.9260808229446411,-1.0510808229446411,assist,Yes
943,1,0,0.0007096705259094992,-7.478174686431885,-0.2281748652458191,assist,No
944,1,0,0.46879062662624377,-0.8876465559005737,-0.7626465559005737,assist,No
945,1,1,0.7772998611746911,-0.6271886825561523,-1.8771886825561523,assist,Yes
946,1,1,0.5621765008857981,-0.8109805583953857,-1.0609805583953857,assist,Yes
947,1,0,0.0474258704848281,-3.613506555557251,-0.6135064959526062,assist,No
948,1,1,0.8807970842359877,-0.2710523009300232,-2.271052360534668,assist,Yes
949,1,1,0.7549149868676283,-0.3578566312789917,-1.4828566312789917,assist,Yes
950,1,1,0.8175744806385543,-0.24079105257987976,-1.7407910823822021,assist,Yes
951,1,0,0.18242552380635632,-2.2374892234802246,-0.7374892234802246,assist,no
952,1,1,0.9796676468799528,-0.02574538066983223,-3.900745391845703,assist,Yes
953,1,1,0.880797068590724,-0.3696070611476898,-2.3696069717407227,assist,Yes
954,1,0,0.037326884131416216,-3.4911863803863525,-0.24118629097938538,assist,No
955,1,0,0.017986209172507078,-4.1988067626953125,-0.19880671799182892,assist,No
956,1,0,0.22270013882530884,-1.9268745183944702,-0.6768745183944702,assist,No
957,1,0,0.01098694327827096,-4.825881481170654,-0.3258815407752991,assist,No
958,1,0,0.32082130082460697,-1.6368141174316406,-0.8868141174316406,assist,no
959,1,0,0.13296425050508953,-2.2467339038848877,-0.37173399329185486,assist,no
960,1,0,0.05340332678672523,-3.5469372272491455,-0.6719371676445007,assist,no
961,1,1,0.7772998611746911,-0.26211321353912354,-1.5121132135391235,assist,Yes
962,1,0,0.053403325280175794,-3.290381908416748,-0.4153818190097809,assist,no
963,1,0,0.02595735719779685,-4.219990253448486,-0.5949902534484863,assist,no
964,1,0,0.001926734606016944,-6.534030437469482,-0.28403040766716003,assist,No
965,1,1,0.8175744673038221,-0.39327603578567505,-1.8932759761810303,assist,Yes
966,1,1,0.6513548782017746,-0.8073322176933289,-1.4323322772979736,assist,Yes
967,1,0,0.08509905080783367,-2.608487129211426,-0.23348720371723175,assist,no
968,1,0,0.001700722803579719,-6.4903459548950195,-0.11534618586301804,assist,No
969,1,0,0.007577241716077422,-5.1668620109558105,-0.2918620705604553,assist,no
970,1,0,0.01798620890931226,-4.243799209594727,-0.2437991499900818,assist,No
971,1,1,0.8354835493924953,-0.4540204107761383,-2.0790205001831055,assist,Yes
972,1,0,0.4378234991142019,-1.2403135299682617,-0.9903135299682617,assist,no
973,1,0,0.00192673483525908,-6.506799221038818,-0.2567993104457855,assist,No
974,1,0,0.11920292202211755,-2.7837612628936768,-0.7837612628936768,assist,no
975,1,0,0.22270013882530884,-1.8976482152938843,-0.6476482152938843,assist,no
976,1,0,0.000911051248654057,-7.698693752288818,-0.6986938118934631,assist,no
977,1,0,0.4378234991142019,-1.3185113668441772,-1.0685113668441772,assist,no
978,1,0,0.13296424706933604,-2.5520541667938232,-0.677054226398468,assist,No
979,1,0,0.05340332377362639,-3.2830862998962402,-0.4080861806869507,assist,no
980,1,1,0.6224593312018546,-0.8661024570465088,-1.3661024570465088,assist,Yes
981,1,0,0.20181322226037882,-2.1882517337799072,-0.8132517337799072,assist,no
982,1,0,0.007577241491969114,-5.271062850952148,-0.3960628807544708,assist,No
983,1,0,0.03308598029553404,-3.9773788452148438,-0.6023789048194885,assist,no
984,1,0,0.047425867792089564,-3.567883014678955,-0.5678828954696655,assist,no
985,1,0,0.0031726832666251993,-5.934311866760254,-0.18431200087070465,assist,No
986,1,1,0.7981867777396212,-0.4576876163482666,-1.8326876163482666,assist,Yes
987,1,1,0.5621765008857981,-0.6948373317718506,-0.9448373317718506,assist,Yes
988,1,0,0.005220125384038879,-5.684840202331543,-0.4348401427268982,assist,No
989,1,0,0.0028009263428186164,-5.916775703430176,-0.041775479912757874,assist,no
990,1,0,0.00591106981941633,-5.276219367980957,-0.15121953189373016,assist,No
991,1,1,0.7772998663336157,-0.32271596789360046,-1.5727159976959229,assist,Yes
992,1,0,0.5,-1.1557908058166504,-1.1557908058166504,assist,No
993,1,0,0.18242553269617778,-2.1333200931549072,-0.633320152759552,assist,no
994,1,0,0.009708474762317362,-4.98289680480957,-0.357896625995636,assist,No
995,1,0,0.01590639217832175,-4.526468753814697,-0.40146878361701965,assist,No
996,1,0,0.005220125074519377,-5.780682563781738,-0.5306824445724487,assist,No
997,1,0,0.0373268852023206,-3.9115676879882812,-0.6615676283836365,assist,no
998,1,0,0.002472622605327048,-6.205008029937744,-0.20500780642032623,assist,no
999,1,0,0.042087723109535534,-3.7889366149902344,-0.6639364957809448,assist,No
1000,1,0,0.037326884131416216,-3.6347858905792236,-0.38478580117225647,assist,No
1001,1,1,0.7772998611746911,-0.6884607076644897,-1.9384607076644897,assist,Yes
1002,1,0,0.4378234991142019,-1.3361940383911133,-1.0861940383911133,assist,No
1003,1,0,0.042087723109535534,-3.6800718307495117,-0.5550717115402222,assist,No
1004,1,1,0.9971990734607862,-0.003320063930004835,-5.878320217132568,assist,Yes
1005,1,0,0.010986940363721243,-4.827667713165283,-0.3276675045490265,assist,No
1006,1,1,0.5621765008857981,-0.7034521102905273,-0.9534521102905273,assist,Yes
1007,1,0,0.00043055714545500067,-7.911648750305176,-0.16164889931678772,assist,No
1008,1,0,0.20181322226037882,-2.1069509983062744,-0.7319509983062744,assist,no
1009,1,1,0.9669140185126972,-0.07448110729455948,-3.4494810104370117,assist,Yes
1010,1,0,0.2689414213699951,-1.6473103761672974,-0.6473103761672974,assist,No
1011,1,0,0.0953494648991095,-2.9064595699310303,-0.6564595699310303,assist,no
1012,1,1,0.992422758052811,-0.011606783606112003,-4.886606693267822,assist,Yes
1013,1,0,0.14804719051380197,-2.3059780597686768,-0.555978000164032,assist,No
1014,1,0,0.5,-1.051969051361084,-1.051969051361084,assist,No
1015,1,0,0.5,-1.1800490617752075,-1.1800490617752075,assist,no
1016,1,0,0.02595735569077852,-4.0753045082092285,-0.45030444860458374,assist,No
1017,1,0,0.2689414213699951,-1.6942188739776611,-0.6942188739776611,assist,No
1018,1,0,0.02931222905542399,-4.045017242431641,-0.5450171828269958,assist,No
1019,1,1,0.9669140199428197,-0.06440310925245285,-3.4394030570983887,assist,Yes
1020,1,0,0.2689414213699951,-1.5325021743774414,-0.5325021743774414,assist,No
1021,1,1,0.9241418236349501,-0.1166192963719368,-2.616619348526001,assist,Yes
1022,1,1,0.8354835330070839,-0.30518069863319397,-1.9301806688308716,assist,Yes
1023,1,0,0.10669060530721626,-2.6426658630371094,-0.5176659822463989,assist,No
1024,1,0,0.37754066879814546,-1.5350499153137207,-1.0350499153137207,assist,no
1025,1,1,0.798186768138228,-0.47341591119766235,-1.8484158515930176,assist,Yes
1026,1,0,0.32082130082460697,-1.383954644203186,-0.633954644203186,assist,No
1027,1,0,0.009708477341052534,-5.064489364624023,-0.4394894540309906,assist,No
1028,1,0,0.20181322226037882,-2.0294740200042725,-0.6544740200042725,assist,No
1029,1,0,0.007577240371427665,-5.459587097167969,-0.5845869779586792,assist,No
1030,1,0,0.006692849339264817,-5.5309038162231445,-0.5309035778045654,assist,No
1031,1,0,0.0010322312211416022,-7.162276744842529,-0.2872769236564636,assist,No
1032,1,0,0.0024726231566347748,-6.434573650360107,-0.4345736503601074,assist,No
1033,1,0,0.005220124997139505,-5.436245441436768,-0.18624530732631683,assist,No
1034,1,0,0.0330859781503504,-3.443129301071167,-0.0681292936205864,assist,no
1035,1,0,0.042087723109535534,-3.6815743446350098,-0.5565742254257202,assist,No
1036,1,0,0.010986941982915435,-4.824882507324219,-0.324882447719574,assist,No
1037,1,1,0.9740426443092215,-0.10768526792526245,-3.7326853275299072,assist,Yes
1038,1,1,0.9399133523506772,-0.17620797455310822,-2.926208019256592,assist,Yes
1039,1,1,0.880797081106935,-0.26425430178642273,-2.264254331588745,assist,Yes
1040,1,0,0.5,-0.9626010060310364,-0.9626010060310364,assist,No
1041,1,0,0.08509904848750824,-2.582181215286255,-0.20718125998973846,assist,no
1042,1,0,0.02297736857193652,-4.343919277191162,-0.5939192175865173,assist,No
1043,1,1,0.952574123793102,-0.084293432533741,-3.0842933654785156,assist,Yes
1044,1,0,0.04208773272170267,-3.740683078765869,-0.6156831979751587,assist,no
1045,1,0,0.0017007227403306115,-6.449316024780273,-0.07431621849536896,assist,No
1046,1,0,0.0010322308830991924,-7.0577168464660645,-0.18271669745445251,assist,No
1047,1,0,0.0040701374742844335,-5.9353742599487305,-0.4353742003440857,assist,No
1048,1,1,0.9770226285846242,-0.07599026709794998,-3.8259902000427246,assist,Yes
1049,1,0,0.022977371248114782,-4.1575398445129395,-0.40753990411758423,assist,No
1050,1,0,0.029312233295254994,-3.88338565826416,-0.3833857476711273,assist,no
1051,1,0,0.05340332753999997,-3.0081229209899902,-0.13312287628650665,assist,No
1052,1,0,0.0015011824354232285,-6.854307174682617,-0.35430729389190674,assist,No
1053,1,0,0.0009110512215273508,-7.354127407073975,-0.354127436876297,assist,No
1054,1,1,0.8933094145755219,-0.14099088311195374,-2.265990972518921,assist,Yes
1055,1,0,0.00043055695306387187,-8.066462516784668,-0.3164622187614441,assist,No
1056,1,0,0.00280092763304364,-5.958831787109375,-0.0838320255279541,assist,No
1057,1,0,0.1645164628965632,-2.1686229705810547,-0.5436229705810547,assist,no
1058,1,0,0.002800926384438769,-6.309149742126465,-0.43414953351020813,assist,No
1059,1,0,0.0035936023679944244,-6.154122352600098,-0.5291222929954529,assist,no
1060,1,0,0.05340333582602272,-3.36253023147583,-0.48753035068511963,assist,no
1061,1,0,0.5,-1.057471513748169,-1.057471513748169,assist,No
1062,1,0,0.16451644651115205,-2.440617561340332,-0.8156174421310425,assist,no
1063,1,0,0.005911067717949184,-5.359366416931152,-0.23436622321605682,assist,No
1064,1,0,0.16451644651115205,-2.177279472351074,-0.5522793531417847,assist,no
1065,1,0,0.01590639077880068,-4.7158613204956055,-0.5908612608909607,assist,No
1066,1,0,0.20181323186177208,-2.093502998352051,-0.7185030579566956,assist,no
1067,1,0,0.000804086031406679,-7.228556156158447,-0.10355627536773682,assist,No
1068,1,0,0.004070137595090279,-5.853781223297119,-0.35378119349479675,assist,No
1069,1,0,0.16451644651115205,-2.162661075592041,-0.5376609563827515,assist,No
1070,1,0,0.007577239923211134,-5.085177898406982,-0.2101777195930481,assist,No
1071,1,0,0.01590639060386055,-4.1842169761657715,-0.059216905385255814,assist,No
1072,1,0,0.02297737526238275,-4.400651931762695,-0.6506521701812744,assist,No
1073,1,0,0.02931222820745785,-3.656095266342163,-0.15609517693519592,assist,No
1074,1,1,0.5926665999540697,-0.6697372198104858,-1.0447372198104858,assist,Yes
1075,1,0,0.2942149845400438,-1.7261955738067627,-0.8511956334114075,assist,no
1076,1,0,0.01590639427760358,-4.2546186447143555,-0.1296188086271286,assist,No
1077,1,1,0.9525741216052517,-0.05818259343504906,-3.05818247795105,assist,Yes
1078,1,0,0.08509904500702024,-3.072726011276245,-0.6977260112762451,assist,no
1079,1,0,0.0420877273148584,-3.2822628021240234,-0.15726278722286224,assist,no
1080,1,0,0.006692850924284856,-5.585543155670166,-0.585543155670166,assist,No
1081,1,0,0.02931222905542399,-3.960580348968506,-0.4605802893638611,assist,no
1082,1,0,0.0006263342747001887,-7.477972507476807,-0.10297269374132156,assist,No
1083,1,0,0.0046095724528596406,-5.957700252532959,-0.5827003121376038,assist,no
1084,1,0,0.24508501313237172,-2.0184271335601807,-0.8934271335601807,assist,no
1085,1,0,0.004070138078313694,-5.6059250831604,-0.10592517256736755,assist,No
1086,1,0,0.08509904500702024,-2.9216222763061523,-0.5466222763061523,assist,No
1087,1,0,0.005911067674168627,-5.2121076583862305,-0.08710745722055435,assist,no
1088,1,0,0.16451645470385742,-2.3372621536254883,-0.7122620940208435,assist,no
1089,1,0,0.008577486174021013,-5.187305927276611,-0.4373060166835785,assist,No
1090,1,0,0.006692850924284856,-5.356127738952637,-0.3561277389526367,assist,No
1091,1,0,0.0159063898457867,-4.241776943206787,-0.11677682399749756,assist,No
1092,1,0,0.5,-1.229435682296753,-1.229435682296753,assist,no
1093,1,0,0.0046095710854326425,-5.693534851074219,-0.31853461265563965,assist,No
1094,1,0,0.0675466911396291,-3.153658628463745,-0.5286586284637451,assist,No
1095,1,0,0.001700722209038197,-6.692937850952148,-0.3179377317428589,assist,No
1096,1,0,0.020332350374504305,-4.055840969085693,-0.18084082007408142,assist,No
1097,1,0,0.007577239923211134,-5.514768123626709,-0.6397679448127747,assist,no
1098,1,0,0.0474258704848281,-3.6154425144195557,-0.6154424548149109,assist,no
1099,1,1,0.7057850278370112,-0.7106684446334839,-1.5856684446334839,assist,Yes
1100,1,0,0.5,-1.0928821563720703,-1.0928821563720703,assist,No
1101,1,0,0.0474258704848281,-3.7309226989746094,-0.7309226393699646,assist,no
1102,1,0,0.4378234991142019,-1.2760822772979736,-1.0260822772979736,assist,no
1103,1,1,0.8519527982093668,-0.30162861943244934,-2.051628589630127,assist,Yes
1104,1,0,0.03732688948593843,-3.632103443145752,-0.38210350275039673,assist,No
1105,1,1,0.9626731158685837,-0.0858856737613678,-3.335885763168335,assist,Yes
1106,1,1,0.8519528132451416,-0.30580034852027893,-2.055800437927246,assist,Yes
1107,1,0,0.0474258704848281,-3.427945375442505,-0.4279453158378601,assist,No
1108,1,0,0.13296425394084313,-2.346160888671875,-0.47116100788116455,assist,No
1109,1,0,0.00280092763304364,-6.106045722961426,-0.23104596138000488,assist,No
1110,1,0,0.20181323186177208,-2.1152400970458984,-0.7402401566505432,assist,No
1111,1,1,0.9740426405416754,-0.1424764096736908,-3.7674763202667236,assist,Yes
1112,1,0,0.0019267342621537913,-6.644664764404297,-0.39466455578804016,assist,No
1113,1,1,0.7772998714925403,-0.33872002363204956,-1.5887200832366943,assist,Yes
1114,1,0,0.003172682665760202,-5.780298233032227,-0.030298177152872086,assist,No
1115,1,0,0.03732688948593843,-3.860259532928467,-0.6102595925331116,assist,No
1116,1,0,0.14804721306746543,-2.412726879119873,-0.6627269983291626,assist,no
1117,1,1,0.6224593171945417,-0.9419141411781311,-1.4419140815734863,assist,Yes
1118,1,1,0.9149009642742806,-0.2399204969406128,-2.6149206161499023,assist,Yes
1119,1,0,0.10669059394565118,-2.78619384765625,-0.66119384765625,assist,No
1120,1,0,0.4073334000459302,-1.384283185005188,-1.009283185005188,assist,no
1121,1,1,0.5926665999540697,-0.8329513072967529,-1.207951307296753,assist,Yes
1122,1,0,0.29421497216298875,-1.7053189277648926,-0.8303189277648926,assist,no
1123,1,0,0.16451645470385742,-2.2948479652404785,-0.6698479056358337,assist,no
1124,1,0,0.2689414213699951,-1.8076120615005493,-0.8076120615005493,assist,No
1125,1,0,0.4073334000459302,-1.457673192024231,-1.082673192024231,assist,no
1126,1,1,0.9770226284173629,-0.07519777119159698,-3.825197696685791,assist,Yes
1127,1,0,0.000804085857810071,-7.230395317077637,-0.10539522022008896,assist,No
1128,1,0,0.08509904500702024,-2.9157350063323975,-0.5407350063323975,assist,No
1129,1,0,0.0293122256635596,-4.155198097229004,-0.6551979184150696,assist,No
1130,1,1,0.9046505351008906,-0.17637157440185547,-2.4263715744018555,assist,Yes
1131,1,0,0.02033235452992065,-4.469542980194092,-0.5945430397987366,assist,no
1132,1,0,0.00669285072615733,-5.320635795593262,-0.32063576579093933,assist,No
1133,1,0,0.010986944897465581,-4.763271808624268,-0.2632720172405243,assist,No
1134,1,1,0.7549149813536518,-0.3561669886112213,-1.481166958808899,assist,Yes
1135,1,0,0.010986944249787705,-4.938627243041992,-0.4386273920536041,assist,No
1136,1,0,0.02033235452992065,-4.468091011047363,-0.5930910706520081,assist,No
1137,1,0,0.0007096704625050409,-7.505952835083008,-0.255952924489975,assist,No
1138,1,1,0.7310585786300049,-0.3603171110153198,-1.3603171110153198,assist,Yes
1139,1,0,0.14804719051380197,-2.1103110313415527,-0.36031097173690796,assist,no
1140,1,0,0.22270013882530884,-1.718637228012085,-0.46863722801208496,assist,no
1141,1,0,0.015906392644828796,-4.771790027618408,-0.646790087223053,assist,no
1142,1,0,0.042087725512577126,-3.3905420303344727,-0.2655419707298279,assist,No
1143,1,0,0.2689414096510108,-1.7646923065185547,-0.7646922469139099,assist,No
1144,1,1,0.7057850278370112,-0.44156956672668457,-1.3165695667266846,assist,Yes
1145,1,0,0.0008040859356292355,-7.407641887664795,-0.2826418876647949,assist,no
1146,1,1,0.9964063977187096,-0.014843380078673363,-5.639843463897705,assist,Yes
1147,1,0,0.006692851320539924,-5.584944725036621,-0.5849447846412659,assist,no
1148,1,0,0.16451647108926923,-2.2876625061035156,-0.6626625657081604,assist,No
1149,1,0,0.0075772430607274135,-5.462120056152344,-0.5871202945709229,assist,No
1150,1,1,0.9875683507018305,-0.09499012678861618,-4.469990253448486,assist,Yes
1151,1,0,0.006692850924284856,-5.437042236328125,-0.437042236328125,assist,No
1152,1,0,0.04742587721667508,-3.3557655811309814,-0.3557656705379486,assist,No
1153,1,1,0.9924227596845995,-0.05848824232816696,-4.933488368988037,assist,Yes
1154,1,0,0.01098694327827096,-5.141393661499023,-0.6413937211036682,assist,No
1155,1,0,0.46879062662624377,-1.1471590995788574,-1.0221590995788574,assist,No
1156,1,0,0.09534945847239201,-2.446784257888794,-0.19678418338298798,assist,No
1157,1,1,0.996827316444724,-0.0173103678971529,-5.76731014251709,assist,Yes
1158,1,0,0.4073334000459302,-1.3064603805541992,-0.9314603805541992,assist,No
1159,1,0,0.03732688627322502,-3.5991110801696777,-0.34911105036735535,assist,No
1160,1,0,0.014063628696182679,-4.545065879821777,-0.2950659990310669,assist,No
1161,1,0,0.007577242556483638,-4.99631929397583,-0.12131946533918381,assist,No
1162,1,0,0.01243165231673086,-4.908673286437988,-0.5336734056472778,assist,No
1163,1,0,0.00407013711186692,-5.787170886993408,-0.28717073798179626,assist,No
1164,1,0,0.004609573136573289,-5.810128688812256,-0.4351288974285126,assist,No
1165,1,0,0.01798621101487092,-4.401745796203613,-0.40174585580825806,assist,No
1166,1,1,0.5621765008857981,-1.0071778297424316,-1.2571778297424316,assist,Yes
1167,1,0,0.00218271696460951,-6.705574989318848,-0.5805752277374268,assist,no
1168,1,1,0.9046505402422645,-0.19743412733078003,-2.447434186935425,assist,Yes
1169,1,0,0.08509903804604459,-2.7994613647460938,-0.4244612753391266,assist,No
1170,1,0,0.025957359835079137,-3.8749172687530518,-0.24991737306118011,assist,No
1171,1,1,0.6513548782017746,-0.7696732878684998,-1.3946733474731445,assist,Yes
1172,1,0,0.2942149783515162,-1.3340803384780884,-0.45908036828041077,assist,No
1173,1,1,0.5312093733737563,-1.0801724195480347,-1.2051724195480347,assist,Yes
1174,1,0,0.4378234991142019,-1.223158836364746,-0.9731588363647461,assist,No
1175,1,0,0.08509904964767095,-2.772550582885742,-0.39755064249038696,assist,no
1176,1,0,0.007577242164294059,-5.5159220695495605,-0.6409221887588501,assist,no
1177,1,0,0.08509904500702024,-2.7336034774780273,-0.35860347747802734,assist,No
1178,1,0,0.0031726830309918535,-6.140736103057861,-0.3907361626625061,assist,No
1179,1,0,0.0024726233771578993,-6.28666877746582,-0.2866688668727875,assist,No
1180,1,1,0.9988304897284169,-0.02025795541703701,-6.770257949829102,assist,Yes
1181,1,0,0.2942149845400438,-1.5877685546875,-0.7127686142921448,assist,No
1182,1,0,0.06008665017400762,-3.3226053714752197,-0.5726053714752197,assist,No
1183,1,1,0.5312093733737563,-1.1120154857635498,-1.2370154857635498,assist,Yes
1184,1,1,0.851952809486198,-0.18457192182540894,-1.9345719814300537,assist,Yes
1185,1,0,0.4073334000459302,-0.9098825454711914,-0.5348825454711914,assist,no
1186,1,0,0.0019267343767748358,-6.535581588745117,-0.28558143973350525,assist,No
1187,1,0,0.060086656906500974,-3.373823642730713,-0.6238237619400024,assist,No
1188,1,0,0.017986209962091555,-4.591473579406738,-0.5914735794067383,assist,no
1189,1,1,0.679178699175393,-0.840775728225708,-1.590775728225708,assist,Yes
1190,1,1,0.8354835371034369,-0.46962404251098633,-2.0946240425109863,assist,Yes
1191,1,0,0.24508501313237172,-1.7899725437164307,-0.6649725437164307,assist,No
1192,1,0,0.18242550602671442,-2.3371262550354004,-0.8371261358261108,assist,no
1193,1,0,0.10669059394565118,-2.4511241912841797,-0.3261241912841797,assist,No
1194,1,0,0.005220125074519377,-5.781984806060791,-0.5319846868515015,assist,No
1195,1,1,0.679178699175393,-0.5248907804489136,-1.2748907804489136,assist,Yes
1196,1,0,0.13296424019782924,-2.6658828258514404,-0.7908828258514404,assist,no
1197,1,0,0.2689414096510108,-1.7178013324737549,-0.7178012728691101,assist,No
1198,1,1,0.9902915255242087,-0.033974915742874146,-4.658975124359131,assist,Yes
1199,1,0,0.0031726826539785367,-6.229835510253906,-0.4798354506492615,assist,No
1200,1,1,0.5621765008857981,-0.7303850650787354,-0.9803850650787354,assist,Yes
1201,1,0,0.1645164628965632,-1.843708872795105,-0.21870887279510498,assist,no
1202,1,0,0.025957355314023947,-3.86468243598938,-0.2396823614835739,assist,no
1203,1,0,0.04742587721667508,-3.4681785106658936,-0.4681786000728607,assist,No
1204,1,0,0.14804720930852133,-2.09920597076416,-0.3492060601711273,assist,No
1205,1,0,0.24508501313237172,-1.7480934858322144,-0.6230934858322144,assist,No
1206,1,0,0.0006263341208003788,-7.490106582641602,-0.11510652303695679,assist,No
1207,1,1,0.7772998611746911,-0.5198473930358887,-1.7698473930358887,assist,Yes
1208,1,0,0.0850990519679964,-2.7994446754455566,-0.4244447648525238,assist,no
1209,1,0,0.009708475908421797,-5.064868450164795,-0.43986839056015015,assist,No
1210,1,0,0.053403329799824234,-3.6061813831329346,-0.7311813831329346,assist,no
1211,1,1,0.9465966717067252,-0.07165524363517761,-2.9466552734375,assist,Yes
1212,1,1,0.5312093733737563,-1.1097667217254639,-1.2347667217254639,assist,Yes
1213,1,1,0.9046505299595163,-0.497031033039093,-2.7470309734344482,assist,Yes
1214,1,0,0.14804719051380197,-2.4523262977600098,-0.702326238155365,assist,no
1215,1,0,0.006692851023348621,-5.153832912445068,-0.15383292734622955,assist,no
1216,1,1,0.7057850278370112,-0.8248529434204102,-1.6998529434204102,assist,Yes
1217,1,1,0.7549149868676283,-0.37147676944732666,-1.4964767694473267,assist,Yes
1218,1,0,0.004609572726345088,-5.6634626388549805,-0.28846275806427,assist,no
1219,1,0,0.0031726830309918535,-6.142230033874512,-0.3922300934791565,assist,No
1220,1,0,0.14804719051380197,-2.3081886768341064,-0.5581886172294617,assist,No
1221,1,0,0.06008665354025422,-2.9095962047576904,-0.1595962643623352,assist,no
1222,1,0,0.07585817166422973,-2.8813939094543457,-0.38139379024505615,assist,No
1223,1,0,0.06754669677084987,-2.891824722290039,-0.2668248116970062,assist,No
1224,1,0,0.0010322308523680697,-7.401431083679199,-0.5264309048652649,assist,No
1225,1,1,0.6513548646660542,-0.9131183624267578,-1.5381183624267578,assist,Yes
1226,1,0,0.01243165304850344,-5.020432949066162,-0.6454331278800964,assist,No
1227,1,1,0.5312093733737563,-0.6655171513557434,-0.7905171513557434,assist,Yes
1228,1,0,0.010986941497157156,-4.738126754760742,-0.23812665045261383,assist,No
1229,1,1,0.989013055547813,-0.030870605260133743,-4.53087043762207,assist,Yes
1230,1,0,0.005220124764999895,-5.730087757110596,-0.4800875782966614,assist,No
1231,1,0,0.11920291576401235,-2.3929548263549805,-0.3929547667503357,assist,No
1232,1,0,0.18242552158390105,-1.7119828462600708,-0.2119828313589096,assist,no
1233,1,0,0.003593602954915036,-5.772672176361084,-0.14767228066921234,assist,No
1234,1,1,0.7310585786300049,-0.39914655685424805,-1.399146556854248,assist,Yes
1235,1,1,0.8933094003735664,-0.17259365320205688,-2.297593593597412,assist,Yes
1236,1,1,0.9324533032291502,-0.22451075911521912,-2.849510669708252,assist,Yes
1237,1,0,0.02595735569077852,-3.706343173980713,-0.08134311437606812,assist,No
1238,1,0,0.34864513533394575,-1.5506864786148071,-0.9256864786148071,assist,No
1239,1,1,0.5621765008857981,-1.0033466815948486,-1.2533466815948486,assist,Yes
1240,1,0,0.02595736021183377,-4.278727054595947,-0.6537271738052368,assist,No
1241,1,0,0.020332349780873466,-4.178050994873047,-0.30305081605911255,assist,No
1242,1,0,0.06008665354025422,-3.273145914077759,-0.5231459736824036,assist,No
1243,1,1,0.6791786861878392,-0.7557819485664368,-1.505781888961792,assist,Yes
1244,1,1,0.7310585669110203,-0.3782549500465393,-1.3782548904418945,assist,Yes
1245,1,0,0.2942149597859341,-1.6838278770446777,-0.808827817440033,assist,no
1246,1,1,0.5312093733737563,-1.0020742416381836,-1.1270742416381836,assist,Yes
1247,1,0,0.37754066879814546,-1.4661403894424438,-0.9661403894424438,assist,no
1248,1,0,0.1066905911052601,-2.5059802532196045,-0.3809802234172821,assist,No
1249,1,1,0.5621765008857981,-0.6967230439186096,-0.9467230439186096,assist,Yes
1250,1,1,0.9525741264858409,-0.06269408017396927,-3.0626940727233887,assist,Yes
1251,1,0,0.00669285191492257,-5.3567585945129395,-0.3567587435245514,assist,No
1252,1,1,0.851952809486198,-0.32931607961654663,-2.0793161392211914,assist,Yes
1253,1,0,0.047425869811643456,-3.1292712688446045,-0.12927119433879852,assist,No
1254,1,1,0.6513548646660542,-0.5287894010543823,-1.1537894010543823,assist,Yes
1255,1,0,0.010986941982915435,-4.827376842498779,-0.3273767828941345,assist,no
1256,1,0,0.009708476194947928,-4.9475860595703125,-0.3225860297679901,assist,No
1257,1,1,0.9149009468718409,-0.10817752778530121,-2.483177423477173,assist,Yes
1258,1,0,0.06754668550840877,-2.944059133529663,-0.3190590441226959,assist,No
1259,1,0,0.0007096703145613268,-7.682185173034668,-0.4321850538253784,assist,No
1260,1,0,0.00020342706139896602,-8.6019926071167,-0.10199301689863205,assist,No
1261,1,0,0.04208773031866069,-3.7380948066711426,-0.6130948662757874,assist,no
1262,1,0,0.0028009273000822866,-6.353487968444824,-0.47848808765411377,assist,No
1263,1,1,0.6224593452091672,-0.8411375880241394,-1.3411376476287842,assist,Yes
1264,1,0,0.2689414096510108,-1.612475872039795,-0.6124758124351501,assist,No
1265,1,1,0.6224593312018546,-0.807059645652771,-1.307059645652771,assist,Yes
1266,1,0,0.005220126622117065,-5.7795729637146,-0.5295731425285339,assist,no
1267,1,0,0.03308598220236406,-3.9756388664245605,-0.6006389856338501,assist,no
1268,1,0,0.5,-1.042540431022644,-1.042540431022644,assist,No
1269,1,1,0.9324533107374443,-0.33269235491752625,-2.9576923847198486,assist,Yes
1270,1,0,0.11920292828022305,-2.3628616333007812,-0.362861692905426,assist,No
1271,1,0,0.00669285191492257,-5.397313117980957,-0.39731326699256897,assist,No
1272,1,1,0.6224593312018546,-0.9416178464889526,-1.4416178464889526,assist,Yes
1273,1,0,0.014063627456479755,-4.391361236572266,-0.141361266374588,assist,No
1274,1,0,0.007577240371427665,-5.459166049957275,-0.5841659307479858,assist,No
1275,1,0,0.0013250222200310669,-7.014997482299805,-0.38999733328819275,assist,No
1276,1,0,0.047425869811643456,-3.2378368377685547,-0.23783676326274872,assist,no
1277,1,0,0.004070138199119559,-5.58519983291626,-0.08519995212554932,assist,No
1278,1,1,0.8670357666736773,-0.38290637731552124,-2.257906436920166,assist,Yes
1279,1,0,0.012431650853185818,-4.644782543182373,-0.26978254318237305,assist,No
1280,1,0,0.02931223244728875,-3.8739585876464844,-0.37395864725112915,assist,No
1281,1,0,0.0011695100213620223,-7.034819602966309,-0.2848193943500519,assist,No
1282,1,1,0.7057850278370112,-0.5171713829040527,-1.3921713829040527,assist,Yes
1283,1,0,0.008577485160275657,-5.234153747558594,-0.48415371775627136,assist,No
1284,1,0,0.10669058968506456,-2.3348190784454346,-0.209819033741951,assist,No
1285,1,0,0.01243164865786858,-4.962518692016602,-0.5875185132026672,assist,no
1286,1,1,0.5621765008857981,-0.9993934631347656,-1.2493934631347656,assist,Yes
1287,1,0,0.46879062662624377,-1.2385231256484985,-1.1135231256484985,assist,no
1288,1,1,0.6513548646660542,-0.8947999477386475,-1.5197999477386475,assist,Yes
1289,1,0,0.02595736021183377,-4.168534278869629,-0.5435343980789185,assist,No
1290,1,1,0.754914975839675,-0.6293304562568665,-1.7543303966522217,assist,Yes
1291,1,1,0.8519528057272543,-0.37726590037345886,-2.1272659301757812,assist,Yes
1292,1,1,0.9465966709534505,-0.05979345738887787,-2.934793472290039,assist,Yes
1293,1,0,0.014063625183691352,-4.472513198852539,-0.22251306474208832,assist,no
1294,1,0,0.03308598220236406,-3.5703091621398926,-0.19530928134918213,assist,No
1295,1,1,0.8519528132451416,-0.28523293137550354,-2.0352330207824707,assist,Yes
1296,1,0,0.37754066879814546,-1.127754807472229,-0.627754807472229,assist,No
1297,1,0,0.014063626836628337,-4.376951694488525,-0.1269516795873642,assist,No
1298,1,0,0.5,-1.166894555091858,-1.166894555091858,assist,no
1299,1,0,0.029312230751356316,-3.8766872882843018,-0.37668728828430176,assist,No
1300,1,0,0.007577242500456555,-4.985515594482422,-0.11051575839519501,assist,no
1301,1,0,0.04742587856304458,-3.5626816749572754,-0.5626817941665649,assist,No
1302,1,1,0.7057850340255386,-0.4210830628871918,-1.2960830926895142,assist,Yes
1303,1,0,0.020332352155396922,-4.415751934051514,-0.5407518744468689,assist,No
1304,1,0,0.20181324146316565,-2.137146472930908,-0.7621465921401978,assist,no
1305,1,0,0.010986941659076578,-4.65498161315918,-0.15498152375221252,assist,No
1306,1,0,0.01098694263059318,-5.085284233093262,-0.5852842330932617,assist,No
1307,1,1,0.6224593171945417,-0.6589639782905579,-1.158963918685913,assist,Yes
1308,1,0,0.06754668738548215,-3.3649203777313232,-0.7399203181266785,assist,no
1309,1,1,0.5312093733737563,-0.9434359073638916,-1.0684359073638916,assist,Yes
1310,1,0,0.008577486934330109,-4.9881391525268555,-0.2381393313407898,assist,No
1311,1,0,0.04742587317756679,-3.29681396484375,-0.29681396484375,assist,No
1312,1,0,0.020332350374504305,-4.127147674560547,-0.25214752554893494,assist,no
1313,1,0,0.1480471980316895,-2.4431042671203613,-0.6931042671203613,assist,No
1314,1,0,0.11920292202211755,-2.5657761096954346,-0.5657761096954346,assist,no
1315,1,0,0.042087723109535534,-3.733541965484619,-0.6085418462753296,assist,No
1316,1,1,0.9706877673407197,-0.11291200667619705,-3.6129119396209717,assist,Yes
1317,1,1,0.7057850402140659,-0.8645216822624207,-1.7395217418670654,assist,Yes
1318,1,1,0.679178699175393,-0.6268942356109619,-1.376894235610962,assist,Yes
1319,1,0,0.0953494648991095,-2.723375082015991,-0.4733750820159912,assist,No
1320,1,0,0.00048785729716848303,-8.057647705078125,-0.43264806270599365,assist,No
1321,1,1,0.7057850278370112,-0.4704500436782837,-1.3454500436782837,assist,Yes
1322,1,0,0.017986206803753842,-4.646657466888428,-0.6466572880744934,assist,No
1323,1,0,0.017986206803753842,-4.366440773010254,-0.3664405941963196,assist,No
1324,1,0,0.46879062662624377,-0.8483923673629761,-0.7233923673629761,assist,No
1325,1,0,0.0019267345487064141,-6.433018684387207,-0.18301862478256226,assist,No
1326,1,0,0.0024726234506656126,-6.316837310791016,-0.3168374300003052,assist,No
1327,1,0,0.04208773272170267,-3.7380433082580566,-0.6130434274673462,assist,no
1328,1,0,0.1066905911052601,-2.3899245262145996,-0.2649244964122772,assist,no
1329,1,1,0.7057850154599563,-0.7784052491188049,-1.6534051895141602,assist,Yes
1330,1,0,0.042087723109535534,-3.4938669204711914,-0.36886680126190186,assist,no
1331,1,0,0.00026119022571119644,-8.306829452514648,-0.056829094886779785,assist,No
1332,1,0,0.34864513533394575,-1.4179627895355225,-0.7929627895355225,assist,No
1333,1,0,0.0013250222594674832,-7.102583885192871,-0.47758376598358154,assist,No
1334,1,1,0.7057850340255386,-0.4371114671230316,-1.312111496925354,assist,Yes
1335,1,0,0.006692851122412387,-5.3574395179748535,-0.3574395477771759,assist,No
1336,1,1,0.754914975839675,-0.41681915521621704,-1.5418190956115723,assist,yes
1337,1,0,0.017986211804455476,-4.218936920166016,-0.21893702447414398,assist,No
1338,1,0,0.006692850230838542,-5.1213226318359375,-0.12132252752780914,assist,No
1339,1,0,0.2689414213699951,-1.4725210666656494,-0.4725210666656494,assist,No
1340,1,0,0.11920292202211755,-2.5868067741394043,-0.5868067741394043,assist,no
1341,1,0,0.002800926967120973,-6.5162882804870605,-0.6412882804870605,assist,No
1342,1,0,0.010986944573626636,-4.942361831665039,-0.4423620104789734,assist,no
1343,1,0,0.24508501313237172,-1.5633624792099,-0.4383624792098999,assist,No
1344,1,0,0.042087725512577126,-3.731964111328125,-0.6069640517234802,assist,No
1345,1,0,0.2942149597859341,-1.7099354267120361,-0.8349353671073914,assist,No
1346,1,1,0.7310585786300049,-0.5622663497924805,-1.5622663497924805,assist,Yes
1347,1,0,0.22270013882530884,-1.7503286600112915,-0.5003286600112915,assist,No
1348,1,0,0.06754669301670263,-3.004396915435791,-0.3793969452381134,assist,no
1349,1,0,0.006692849735519792,-5.260084629058838,-0.26008445024490356,assist,no
1350,1,0,0.11920292202211755,-2.7282121181488037,-0.7282121181488037,assist,no
1351,1,0,0.07585818002124356,-3.007699489593506,-0.5076994895935059,assist,no
1352,1,0,0.11920292202211755,-2.595306634902954,-0.5953066349029541,assist,no
1353,1,0,0.0015011825471021377,-6.6450653076171875,-0.14506550133228302,assist,No
1354,1,1,0.7057850278370112,-0.7512439489364624,-1.6262439489364624,assist,Yes
1355,1,0,0.047425875197120895,-3.2081212997436523,-0.20812134444713593,assist,No
1356,1,1,0.9241418116217418,-0.29562103748321533,-2.795620918273926,assist,Yes
1357,1,0,0.0021827161208050378,-6.5162434577941895,-0.3912433087825775,assist,No
1358,1,0,0.06754669489377622,-3.2535300254821777,-0.6285300850868225,assist,No
1359,1,0,0.46879062662624377,-1.2246516942977905,-1.0996516942977905,assist,No
1360,1,1,0.8354835452961425,-0.3870534300804138,-2.0120534896850586,assist,Yes
1361,1,0,0.0373268852023206,-3.712247371673584,-0.4622473120689392,assist,No
1362,1,0,0.2689414213699951,-1.818626880645752,-0.818626880645752,assist,No
1363,1,0,0.0953494648991095,-2.9017205238342285,-0.6517205238342285,assist,No
1364,1,0,0.29421497216298875,-1.5841286182403564,-0.7091286182403564,assist,No
1365,1,0,0.006692850131774789,-5.260024547576904,-0.26002442836761475,assist,No
1366,1,0,0.18242551491653522,-2.2831547260284424,-0.7831546664237976,assist,no
1367,1,0,0.22270013882530884,-1.8934534788131714,-0.6434534788131714,assist,no
1368,1,1,0.8807970701552504,-0.2035854607820511,-2.203585386276245,assist,Yes
1369,1,1,0.9770226315953247,-0.11764591187238693,-3.8676459789276123,assist,Yes
1370,1,1,0.9968273164638692,-0.007153730373829603,-5.757153511047363,assist,Yes
1371,1,0,0.002800927133601626,-6.402154445648193,-0.5271545052528381,assist,no
1372,1,1,0.9579122720843811,-0.14179325103759766,-3.2667932510375977,assist,Yes
1373,1,0,0.04742587115801275,-3.173013210296631,-0.17301316559314728,assist,No
1374,1,1,0.6513548646660542,-0.4784388542175293,-1.1034388542175293,assist,Yes
1375,1,0,0.05340332377362639,-3.206676483154297,-0.3316763639450073,assist,no
1376,1,0,0.07585818002124356,-2.7748188972473145,-0.27481889724731445,assist,No
1377,1,1,0.5312093733737563,-1.0861175060272217,-1.2111175060272217,assist,Yes
1378,1,0,0.03308597934211908,-3.6343276500701904,-0.2593276798725128,assist,No
1379,1,0,0.20181322226037882,-1.8817040920257568,-0.5067040920257568,assist,No
1380,1,0,0.04742587856304458,-3.666759490966797,-0.6667596101760864,assist,No
1381,1,0,0.06754668738548215,-3.253239154815674,-0.628239095211029,assist,No
1382,1,0,0.00359360194114313,-6.104847431182861,-0.479847252368927,assist,No
1383,1,1,0.7057850278370112,-0.5966330766677856,-1.4716330766677856,assist,Yes
1384,1,1,0.939913354875362,-0.14795032143592834,-2.8979504108428955,assist,Yes
1385,1,0,0.14804721306746543,-2.4560818672180176,-0.7060819864273071,assist,no
1386,1,1,0.904650536386234,-0.20003221929073334,-2.4500322341918945,assist,Yes
1387,1,0,0.01590639077880068,-4.455816268920898,-0.33081620931625366,assist,No
1388,1,0,0.005911068768682665,-5.333723545074463,-0.2087235301733017,assist,No
1389,1,1,0.9525741214369554,-0.33430254459381104,-3.3343024253845215,assist,Yes
1390,1,0,0.003172683219498529,-6.069982051849365,-0.3199821710586548,assist,No
1391,1,0,0.03308598410919419,-4.0339436531066895,-0.6589438319206238,assist,no
1392,1,1,0.952574129515172,-0.1536661982536316,-3.1536662578582764,assist,Yes
1393,1,1,0.8354835493924953,-0.428509384393692,-2.053509473800659,assist,Yes
1394,1,0,0.014063625390308462,-4.952451705932617,-0.7024515867233276,assist,no
1395,1,0,0.0019267344340853601,-6.642746925354004,-0.39274680614471436,assist,No
1396,1,0,0.0031726824654718946,-6.388361930847168,-0.6383618116378784,assist,no
1397,1,0,0.3486451217982255,-1.52601957321167,-0.9010195136070251,assist,No
1398,1,1,0.8933094159957173,-0.20201624929904938,-2.3270163536071777,assist,Yes
1399,1,0,0.06754668926255561,-3.0658233165740967,-0.4408232867717743,assist,no
1400,1,0,0.037326884934594504,-3.357393503189087,-0.10739343613386154,assist,No
1401,1,0,0.1329642264548166,-2.4824538230895996,-0.6074537038803101,assist,no
1402,1,1,0.9947798753220525,-0.024873537942767143,-5.274873733520508,assist,Yes
1403,1,1,0.9465966717067252,-0.08478233218193054,-2.959782361984253,assist,Yes
1404,1,1,0.7772998611746911,-0.5126407146453857,-1.7626407146453857,assist,Yes
1405,1,0,0.04742587856304458,-3.478637218475342,-0.47863733768463135,assist,no
1406,1,1,0.9324533022906132,-0.20483551919460297,-2.8298354148864746,assist,Yes
1407,1,0,0.0031726834551318883,-5.979640007019043,-0.2296402007341385,assist,No
1408,1,0,0.09534945461636171,-2.7610630989074707,-0.5110629796981812,assist,No
1409,1,0,0.0059110692064883365,-5.6044135093688965,-0.47941356897354126,assist,no
1410,1,0,0.09534945975773548,-3.0110318660736084,-0.7610318064689636,assist,no
1411,1,0,0.02033235482673614,-3.985198736190796,-0.11019881069660187,assist,No
1412,1,1,0.6224593452091672,-0.6647328734397888,-1.1647329330444336,assist,Yes
1413,1,0,0.2689414096510108,-1.8374855518341064,-0.8374854922294617,assist,no
1414,1,1,0.7549149868676283,-0.6100289821624756,-1.7350289821624756,assist,Yes
1415,1,0,0.3208212878370535,-1.585695505142212,-0.8356954455375671,assist,No
1416,1,1,0.7772998714925403,-0.2619566321372986,-1.5119566917419434,assist,Yes
1417,1,0,0.2227001594610082,-2.0873303413391113,-0.8373304605484009,assist,no
1418,1,1,0.9980732654414433,-0.0037626675330102444,-6.253762722015381,assist,Yes
1419,1,0,0.32082130082460697,-1.6010392904281616,-0.8510392904281616,assist,no
1420,1,0,0.0850990519679964,-2.8616418838500977,-0.4866419732570648,assist,no
1421,1,1,0.7772998611746911,-0.7571303844451904,-2.0071303844451904,assist,Yes
1422,1,0,0.008577486934330109,-5.235393047332764,-0.485393226146698,assist,No
1423,1,0,0.006692851716795015,-5.321758270263672,-0.3217583894729614,assist,No
1424,1,1,0.7057850402140659,-0.48840492963790894,-1.3634049892425537,assist,Yes
1425,1,1,0.924141819456443,-0.11750484257936478,-2.617504835128784,assist,Yes
1426,1,0,0.06008665522337757,-3.0867443084716797,-0.33674439787864685,assist,No
1427,1,0,0.00857748566714832,-5.2320380210876465,-0.48203805088996887,assist,No
1428,1,1,0.6224593171945417,-0.925934374332428,-1.4259343147277832,assist,Yes
1429,1,0,0.037326884131416216,-3.4661526679992676,-0.21615257859230042,assist,No
1430,1,1,0.798186768138228,-0.5782569050788879,-1.9532568454742432,assist,Yes
1431,1,0,0.13296425394084313,-2.2800331115722656,-0.4050332307815552,assist,No
1432,1,1,0.9465966671870767,-0.13215309381484985,-3.007153034210205,assist,Yes
1433,1,0,0.01590639544387138,-4.571892738342285,-0.44689297676086426,assist,no
1434,1,0,0.04742587452393617,-3.4773643016815186,-0.47736433148384094,assist,no
1435,1,0,0.37754066879814546,-1.261023759841919,-0.761023759841919,assist,No
1436,1,0,0.04742587721667508,-3.4287490844726562,-0.4287491738796234,assist,No
1437,1,0,0.01798620575097472,-4.489453315734863,-0.4894530773162842,assist,No
1438,1,0,0.24508501313237172,-1.7109252214431763,-0.5859252214431763,assist,No
1439,1,0,0.003172683219498529,-6.140988349914551,-0.39098846912384033,assist,No
1440,1,0,0.0007096704360865182,-7.331220626831055,-0.08122067898511887,assist,No
1441,1,0,0.005911067805510302,-5.384564399719238,-0.25956422090530396,assist,no
1442,1,1,0.6513548511303336,-0.6889856457710266,-1.3139855861663818,assist,Yes
1443,1,0,0.08509904964767095,-2.7995035648345947,-0.4245036244392395,assist,No
1444,1,0,0.0028009263428186164,-6.104659557342529,-0.2296593338251114,assist,No
1445,1,0,0.06754668832401889,-2.835266351699829,-0.21026630699634552,assist,No
1446,1,0,0.003593601914464926,-5.647306442260742,-0.022306255996227264,assist,No
1447,1,0,0.037326888415033926,-3.7193241119384766,-0.46932414174079895,assist,no
1448,1,0,0.004070137353478592,-5.7877583503723145,-0.2877582609653473,assist,No
1449,1,1,0.9324533013520764,-0.24302637577056885,-2.8680262565612793,assist,Yes
1450,1,0,0.0031726824654718946,-6.144482135772705,-0.3944820165634155,assist,No
1451,1,0,0.46879062662624377,-0.8835600018501282,-0.7585600018501282,assist,No
1452,1,1,0.6224593312018546,-0.6208846569061279,-1.120884656906128,assist,Yes
1453,1,0,0.4378234991142019,-1.3123412132263184,-1.0623412132263184,assist,no
1454,1,1,0.5926666143433998,-0.7395569682121277,-1.1145570278167725,assist,Yes
1455,1,0,0.04742587317756679,-3.5598325729370117,-0.5598325729370117,assist,No
1456,1,0,0.008577483639657844,-5.0430908203125,-0.2930906116962433,assist,No
1457,1,1,0.94659667246,-0.1540495902299881,-3.0290496349334717,assist,Yes
1458,1,0,0.010986941497157156,-4.7366790771484375,-0.23667897284030914,assist,No
1459,1,1,0.754914997895581,-0.41493862867355347,-1.5399386882781982,assist,Yes
1460,1,0,0.0024726231382578485,-6.092830181121826,-0.09283017367124557,assist,No
1461,1,0,0.005911068155754778,-5.656808376312256,-0.5318082571029663,assist,No
1462,1,0,0.012431650853185818,-5.018553733825684,-0.6435537338256836,assist,no
1463,1,0,0.2942149845400438,-1.5555295944213867,-0.6805296540260315,assist,No
1464,1,1,0.6791787121629466,-0.8221725821495056,-1.5721726417541504,assist,Yes
1465,1,0,0.022977371248114782,-4.083352088928223,-0.33335214853286743,assist,No
1466,1,0,0.005220125384038879,-5.509766101837158,-0.2597660422325134,assist,No
1467,1,0,0.02595736021183377,-4.338359355926514,-0.7133594751358032,assist,no
1468,1,0,0.32082130082460697,-1.615840196609497,-0.8658401966094971,assist,No
1469,1,1,0.5926665855647394,-0.9499364495277405,-1.3249363899230957,assist,Yes
1470,1,1,0.8670357598021706,-0.5614936351776123,-2.4364936351776123,assist,Yes
1471,1,1,0.7549149813536518,-0.36362388730049133,-1.488623857498169,assist,Yes
1472,1,1,0.8933094159957173,-0.1998208910226822,-2.3248209953308105,assist,Yes
1473,1,0,0.18242550602671442,-2.070514678955078,-0.5705145597457886,assist,no
1474,1,0,0.01243165231673086,-4.7003889083862305,-0.32538902759552,assist,No
1475,1,0,0.09534947004048376,-2.902492046356201,-0.652492105960846,assist,No
1476,1,1,0.5621765008857981,-1.0749151706695557,-1.3249151706695557,assist,Yes
1477,1,0,0.03732688306051187,-3.5647783279418945,-0.314778208732605,assist,No
1478,1,1,0.9399133464597458,-0.09807592630386353,-2.8480758666992188,assist,Yes
1479,1,1,0.9770226304244968,-0.0612625926733017,-3.811262607574463,assist,Yes
1480,1,0,0.00023050681063395474,-8.390298843383789,-0.015299228020012379,assist,No
1481,1,0,0.022977366564803023,-4.085238456726074,-0.3352383077144623,assist,No
1482,1,0,0.0031726821827119532,-6.067312240600586,-0.3173120319843292,assist,No
1483,1,1,0.5926665999540697,-0.6265277862548828,-1.0015277862548828,assist,Yes
1484,1,1,0.679178699175393,-0.4698512554168701,-1.2198512554168701,assist,Yes
1485,1,0,0.18242553269617778,-2.203795909881592,-0.7037959694862366,assist,no
1486,1,0,0.46879062662624377,-1.2440674304962158,-1.1190674304962158,assist,no
1487,1,0,0.0003353502203842404,-8.350790977478027,-0.35079124569892883,assist,No
1488,1,0,0.012431650853185818,-5.078981876373291,-0.703981876373291,assist,no
1489,1,0,0.3208212878370535,-1.5869193077087402,-0.8369192481040955,assist,no
1490,1,0,0.01590639544387138,-4.772308349609375,-0.6473085880279541,assist,No
1491,1,0,0.004070138078313694,-5.788949012756348,-0.2889491021633148,assist,No
1492,1,0,0.08509904500702024,-3.0778963565826416,-0.7028963565826416,assist,No
1493,1,0,0.0028009266341596987,-6.457779407501221,-0.5827792882919312,assist,No
1494,1,0,0.10669058826486906,-2.3246989250183105,-0.19969886541366577,assist,No
1495,1,0,0.02931223244728875,-4.103109836578369,-0.6031098961830139,assist,no
1496,1,0,0.0953494648991095,-2.7859649658203125,-0.5359649658203125,assist,no
1497,1,1,0.893309411735131,-0.2695698142051697,-2.3945698738098145,assist,Yes
1498,1,0,0.04742587317756679,-3.469874382019043,-0.46987438201904297,assist,No
1499,1,0,0.0953494648991095,-2.81598162651062,-0.5659816265106201,assist,no
1500,1,0,0.00218271670497733,-6.5558977127075195,-0.4308978319168091,assist,no
1501,1,0,0.1824255415859996,-2.125863552093506,-0.6258636713027954,assist,no
1502,1,0,0.020332357498075698,-4.2806172370910645,-0.40561744570732117,assist,No
1503,1,0,0.46879062662624377,-0.9654446244239807,-0.8404446244239807,assist,No
1504,1,0,0.46879062662624377,-1.2357109785079956,-1.1107109785079956,assist,No
1505,1,0,0.0024726225685732036,-6.529043197631836,-0.5290429592132568,assist,no
1506,1,0,0.10669059678604234,-2.5642099380493164,-0.4392099678516388,assist,no
1507,1,0,0.017986206803753842,-4.706920623779297,-0.7069204449653625,assist,no
1508,1,0,0.014063628696182679,-4.895267009735107,-0.645267128944397,assist,No
1509,1,0,0.02931223159932252,-3.6091346740722656,-0.10913470387458801,assist,No
1510,1,0,0.1480471980316895,-2.2098591327667236,-0.45985913276672363,assist,no
1511,1,0,0.005220126003077935,-5.688128471374512,-0.4381285309791565,assist,no
1512,1,0,0.14804721306746543,-2.547910690307617,-0.7979108095169067,assist,no
1513,1,1,0.8519528019683106,-0.20776772499084473,-1.9577677249908447,assist,Yes
1514,1,0,0.010986941982915435,-4.824399471282959,-0.3243994116783142,assist,No
1515,1,0,0.20181321265898594,-2.1435766220092773,-0.7685765624046326,assist,no
1516,1,0,0.0035936021545687705,-5.945419788360596,-0.32041966915130615,assist,No
1517,1,0,0.020332355717182622,-4.095731258392334,-0.22073137760162354,assist,No
1518,1,0,0.010986941982915435,-4.766268730163574,-0.26626867055892944,assist,No
1519,1,0,0.01590639124530769,-4.366357803344727,-0.24135777354240417,assist,No
1520,1,0,0.06008665438181589,-2.8845860958099365,-0.1345861703157425,assist,no
1521,1,1,0.6513548646660542,-0.5953100919723511,-1.220310091972351,assist,Yes
1522,1,1,0.8354835411997897,-0.24063166975975037,-1.8656316995620728,assist,Yes
1523,1,1,0.9579122720843811,-0.07944703102111816,-3.204447031021118,assist,Yes
1524,1,0,0.00218271670497733,-6.604475975036621,-0.47947609424591064,assist,No
1525,1,0,0.18242551491653522,-1.907400369644165,-0.40740031003952026,assist,No
1526,1,0,0.01590639124530769,-4.42175817489624,-0.29675814509391785,assist,No
1527,1,0,0.0011695101258020842,-7.388405799865723,-0.6384056806564331,assist,No
1528,1,1,0.6224593312018546,-0.600080132484436,-1.100080132484436,assist,Yes
1529,1,1,0.8354835371034369,-0.3146641254425049,-1.9396641254425049,assist,Yes
1530,1,0,0.24508501864634827,-1.5521154403686523,-0.42711547017097473,assist,no
1531,1,1,0.7981867777396212,-0.5002907514572144,-1.8752907514572144,assist,Yes
1532,1,0,0.09534947004048376,-2.8968911170959473,-0.646891176700592,assist,No
1533,1,1,0.754914997895581,-0.4306792616844177,-1.5556793212890625,assist,Yes
1534,1,0,0.1066905825840872,-2.784593105316162,-0.6595929861068726,assist,No
1535,1,0,0.32082130082460697,-1.718411922454834,-0.968411922454834,assist,no
1536,1,1,0.5926665999540697,-0.9216339588165283,-1.2966339588165283,assist,Yes
1537,1,0,0.01243164938964095,-5.079811096191406,-0.7048109769821167,assist,no
1538,1,0,0.13296424019782924,-2.4879891872406006,-0.6129891872406006,assist,no
1539,1,0,0.4073333856566001,-1.3397350311279297,-0.9647349715232849,assist,No
1540,1,0,0.022977364557669702,-4.0226030349731445,-0.27260279655456543,assist,No
1541,1,0,0.002472623009619369,-6.6963210105896,-0.6963209509849548,assist,no
1542,1,0,0.02595736171885236,-4.221183776855469,-0.5961839556694031,assist,No
1543,1,1,0.6224593171945417,-0.6545725464820862,-1.1545724868774414,assist,Yes
1544,1,1,0.6513548646660542,-0.9691644906997681,-1.594164490699768,assist,Yes
1545,1,0,0.1192029188930649,-2.4240951538085938,-0.42409512400627136,assist,no
1546,1,0,0.03732688627322502,-3.632143974304199,-0.38214394450187683,assist,No
1547,1,0,0.03732688948593843,-3.5993130207061768,-0.34931308031082153,assist,No
1548,1,0,0.03308597934211908,-3.6343276500701904,-0.2593276798725128,assist,No
1549,1,1,0.754914997895581,-0.31768935918807983,-1.4426894187927246,assist,Yes
1550,1,1,0.7772998611746911,-0.5334218740463257,-1.7834218740463257,assist,Yes
1551,1,0,0.0007096705681791412,-7.777004241943359,-0.5270044803619385,assist,No
1552,1,0,0.0008040859116848763,-7.556610107421875,-0.4316100776195526,assist,No
1553,1,1,0.8354835452961425,-0.30310267210006714,-1.928102731704712,assist,Yes
1554,1,0,0.007577242164294059,-5.405789375305176,-0.5307894945144653,assist,No
1555,1,0,0.06754668738548215,-3.2002921104431152,-0.5752920508384705,assist,No
1556,1,0,0.029312233295254994,-3.8408210277557373,-0.34082111716270447,assist,No
1557,1,0,0.46879062662624377,-1.2598636150360107,-1.1348636150360107,assist,no
1558,1,0,0.03308598220236406,-3.8299546241760254,-0.45495474338531494,assist,No
1559,1,0,0.0021827168347934166,-6.243109703063965,-0.11810988187789917,assist,No
1560,1,1,0.9971990731083157,-0.015471908263862133,-5.890471935272217,assist,Yes
1561,1,0,0.014063626630011202,-4.73804235458374,-0.48804232478141785,assist,no
1562,1,1,0.6513548782017746,-0.7883180975914001,-1.413318157196045,assist,Yes
1563,1,1,0.9914225138418188,-0.018714992329478264,-4.768714904785156,assist,Yes
1564,1,0,0.009708475407001092,-4.7363433837890625,-0.11134327203035355,assist,No
1565,1,0,0.18242552380635632,-1.7883896827697754,-0.2883896827697754,assist,No
1566,1,0,0.008577484906839334,-5.334319114685059,-0.5843190550804138,assist,No
1567,1,0,0.07585818419975078,-3.1357481479644775,-0.6357482075691223,assist,No
1568,1,0,0.0850990542883219,-2.8752975463867188,-0.5002976655960083,assist,No
1569,1,0,0.004609572999830552,-5.731745719909668,-0.3567458987236023,assist,No
1570,1,0,0.0019267351218117874,-6.454206466674805,-0.2042067050933838,assist,No
1571,1,1,0.9399133439350607,-0.11013303697109222,-2.860132932662964,assist,Yes
1572,1,0,0.0028009273000822866,-6.307331562042236,-0.4323316812515259,assist,No
1573,1,0,0.2689414096510108,-1.613898515701294,-0.6138984560966492,assist,No
1574,1,0,0.29421497216298875,-1.616978406906128,-0.7419784069061279,assist,no
1575,1,0,0.4073333856566001,-1.1470730304718018,-0.772072970867157,assist,No
1576,1,0,0.0019267344340853601,-6.56695032119751,-0.3169502019882202,assist,No
1577,1,0,0.01243164829198241,-4.5692644119262695,-0.19426420331001282,assist,No
1578,1,0,0.037326887344129464,-3.4664666652679443,-0.21646666526794434,assist,No
1579,1,0,0.16451645470385742,-2.395740509033203,-0.7707404494285583,assist,No
1580,1,0,0.0850990357257195,-2.9212093353271484,-0.5462092161178589,assist,No
1581,1,1,0.9820137896431163,-0.0404834970831871,-4.040483474731445,assist,Yes
1582,1,1,0.984093604906009,-0.042370058596134186,-4.167369842529297,assist,Yes
1583,1,0,0.11920292202211755,-2.5292999744415283,-0.5292999744415283,assist,no
1584,1,0,0.009708475335369565,-5.10919189453125,-0.48419177532196045,assist,No
1585,1,0,0.11920292828022305,-2.4806442260742188,-0.4806442856788635,assist,no
1586,1,1,0.6791787121629466,-0.6392139792442322,-1.389214038848877,assist,Yes
1587,1,1,0.9324533163686646,-0.10310733318328857,-2.728107452392578,assist,Yes
1588,1,0,0.0013250225650997508,-6.717065811157227,-0.09206592291593552,assist,No
1589,1,0,0.5,-1.1844884157180786,-1.1844884157180786,assist,No
1590,1,0,0.01406362456384003,-4.837770462036133,-0.5877702832221985,assist,No
1591,1,1,0.9971990724436935,-0.007188054267317057,-5.882187843322754,assist,Yes
1592,1,0,0.06008665017400762,-3.086116313934326,-0.33611631393432617,assist,No
1593,1,0,0.2689414213699951,-1.8551552295684814,-0.8551552295684814,assist,no
1594,1,0,0.009708477627578704,-5.32682991027832,-0.7018300294876099,assist,no
1595,1,0,0.01406362456384003,-4.6509690284729,-0.40096884965896606,assist,No
1596,1,0,0.03308597743528921,-3.6325736045837402,-0.25757357478141785,assist,No
1597,1,0,0.007577240147319397,-5.233175277709961,-0.358175128698349,assist,No
1598,1,0,0.004609572999830552,-5.8556694984436035,-0.48066967725753784,assist,No
1599,1,0,0.00043055704284638804,-7.912811756134033,-0.16281166672706604,assist,No
1600,1,0,0.0024726234139117557,-6.184739112854004,-0.18473921716213226,assist,No
1601,1,0,0.014063627869714051,-4.9545087814331055,-0.7045088410377502,assist,no
1602,1,0,0.1329642333263228,-2.619083881378174,-0.744083821773529,assist,no
1603,1,0,0.006692849735519792,-5.394881725311279,-0.39488154649734497,assist,no
1604,1,0,0.4378234991142019,-1.0712164640426636,-0.8212164640426636,assist,No
1605,1,0,0.08509904964767095,-2.664843797683716,-0.2898438572883606,assist,No
1606,1,0,0.0011695099952520082,-6.821781635284424,-0.07178140431642532,assist,No
1607,1,0,0.014063628696182679,-4.691028118133545,-0.4410282373428345,assist,No
1608,1,1,0.880797068590724,-0.1694689691066742,-2.169468879699707,assist,Yes
1609,1,0,0.07585818419975078,-2.7973692417144775,-0.2973693013191223,assist,No
1610,1,0,0.01243164865786858,-5.078571319580078,-0.7035711407661438,assist,no
1611,1,0,0.46879062662624377,-1.197568416595459,-1.072568416595459,assist,No
1612,1,0,0.37754066879814546,-1.2450296878814697,-0.7450296878814697,assist,No
1613,1,0,0.00669285052802981,-5.531200885772705,-0.5312008261680603,assist,no
1614,1,0,0.008577485920584663,-5.3961501121521,-0.6461501717567444,assist,No
1615,1,0,0.24508501313237172,-1.837316870689392,-0.7123168706893921,assist,no
1616,1,1,0.8354835411997897,-0.21583291888237,-1.8408329486846924,assist,Yes
1617,1,0,0.006692850230838542,-5.235062599182129,-0.23506249487400055,assist,No
1618,1,1,0.5621764862150634,-0.8985207676887512,-1.1485207080841064,assist,Yes
1619,1,1,0.7057850278370112,-0.5859540700912476,-1.4609540700912476,assist,Yes
1620,1,0,0.08509904500702024,-2.8403143882751465,-0.4653143882751465,assist,No
1621,1,0,0.0008040859655596853,-7.197643756866455,-0.07264379411935806,assist,No
1622,1,0,0.07585818002124356,-2.9899957180023193,-0.48999571800231934,assist,No
1623,1,0,0.4073334000459302,-1.359493613243103,-0.984493613243103,assist,No
1624,1,0,0.46879061178313897,-1.1201560497283936,-0.9951559901237488,assist,No
1625,1,0,0.18242552380635632,-2.2785630226135254,-0.7785630226135254,assist,no
1626,1,0,0.0019267344627406228,-6.415396690368652,-0.165396586060524,assist,No
1627,1,0,0.009708476481474066,-5.157240390777588,-0.5322403907775879,assist,No
1628,1,1,0.8175744806385543,-0.2968892753124237,-1.796889305114746,assist,Yes
1629,1,1,0.6513548646660542,-0.9444559812545776,-1.5694559812545776,assist,Yes
1630,1,0,0.13296424019782924,-2.5600223541259766,-0.6850223541259766,assist,No
1631,1,0,0.04742587317756679,-3.6713523864746094,-0.6713523864746094,assist,No
1632,1,0,0.34864513533394575,-1.4586689472198486,-0.8336689472198486,assist,No
1633,1,0,0.020332353936289693,-3.995805501937866,-0.1208055317401886,assist,No
1634,1,0,0.0675466911396291,-3.308163642883301,-0.6831636428833008,assist,No
1635,1,1,0.8807970779778823,-0.21419787406921387,-2.214197874069214,assist,Yes
1636,1,0,0.02931222820745785,-3.9630515575408936,-0.4630514681339264,assist,no
1637,1,0,0.5,-1.232811450958252,-1.232811450958252,assist,no
1638,1,0,0.0953494674697966,-2.4741179943084717,-0.22411802411079407,assist,No
1639,1,0,0.006692851518667466,-5.260430335998535,-0.2604304254055023,assist,No
1640,1,0,0.0019267344340853601,-6.641586780548096,-0.39158666133880615,assist,No
1641,1,1,0.6791786861878392,-0.5869165062904358,-1.336916446685791,assist,Yes
1642,1,0,0.003593602501385464,-5.718997955322266,-0.09399793297052383,assist,No
1643,1,0,0.0013250224172131609,-7.322452545166016,-0.6974525451660156,assist,no
1644,1,0,0.020332352749027827,-3.9747872352600098,-0.09978720545768738,assist,No
1645,1,0,0.03732688306051187,-3.6689391136169434,-0.4189389944076538,assist,No
1646,1,0,0.007577240259373531,-5.1089558601379395,-0.2339557260274887,assist,No
1647,1,0,0.0953494674697966,-2.7140986919403076,-0.46409872174263,assist,no
1648,1,0,0.0675466911396291,-3.035323143005371,-0.4103231430053711,assist,No
1649,1,0,0.18242552380635632,-1.8808999061584473,-0.38089990615844727,assist,no
1650,1,0,0.04208772671409796,-3.3888673782348633,-0.2638673484325409,assist,no
1651,1,1,0.5621765008857981,-0.7435741424560547,-0.9935741424560547,assist,Yes
1652,1,0,0.4073334000459302,-1.406571865081787,-1.031571865081787,assist,no
1653,1,0,0.29421497216298875,-1.7965954542160034,-0.9215954542160034,assist,no
1654,1,1,0.8519527906914787,-0.2862027585506439,-2.0362026691436768,assist,Yes
1655,1,0,0.29421497216298875,-1.6880899667739868,-0.8130899667739868,assist,no
1656,1,0,0.0021827165751612514,-6.653478622436523,-0.5284786820411682,assist,No
1657,1,0,0.010986944897465581,-4.828250408172607,-0.32825061678886414,assist,no
1658,1,0,0.14804719427274565,-2.0596790313720703,-0.3096790015697479,assist,No
1659,1,0,0.46879062662624377,-1.186631679534912,-1.061631679534912,assist,No
1660,1,0,0.02595735569077852,-3.9033076763153076,-0.27830761671066284,assist,No
1661,1,1,0.9924227581158414,-0.036254964768886566,-4.9112548828125,assist,Yes
1662,1,1,0.8519528057272543,-0.23703190684318542,-1.9870319366455078,assist,Yes
1663,1,1,0.7772998714925403,-0.342951238155365,-1.5929512977600098,assist,Yes
1664,1,0,0.0015011824354232285,-7.0797929763793945,-0.5797930955886841,assist,No
1665,1,0,0.37754066879814546,-1.5051687955856323,-1.0051687955856323,assist,no
1666,1,0,0.18242550602671442,-2.099452018737793,-0.5994518995285034,assist,no
1667,1,1,0.8519528132451416,-0.30580034852027893,-2.055800437927246,assist,Yes
1668,1,0,0.0011695103520889172,-6.93342399597168,-0.18342407047748566,assist,No
1669,1,0,0.40733341443526055,-1.3566150665283203,-0.9816151261329651,assist,no
1670,1,0,0.002800926384438769,-6.269510269165039,-0.39451006054878235,assist,no
1671,1,0,0.004609571905888793,-5.611021995544434,-0.23602193593978882,assist,No
1672,1,0,0.0758581737534831,-2.7531182765960693,-0.2531181871891022,assist,No
1673,1,0,0.006692851221476155,-5.233011722564697,-0.23301176726818085,assist,No
1674,1,1,0.8175744761936437,-0.26717913150787354,-1.7671791315078735,assist,Yes
1675,1,0,0.1329642264548166,-2.6148486137390137,-0.7398484945297241,assist,no
1676,1,1,0.9525741281688026,-0.23708626627922058,-3.237086296081543,assist,Yes
1677,1,0,0.3775406828054583,-1.2267143726348877,-0.7267144322395325,assist,no
1678,1,0,0.24508501313237172,-1.8053829669952393,-0.6803829669952393,assist,no
1679,1,0,0.042087723109535534,-3.556763172149658,-0.43176305294036865,assist,no
1680,1,0,0.020332350374504305,-4.14545202255249,-0.2704518735408783,assist,No
1681,1,0,0.0011695104739356916,-7.387335300445557,-0.637335479259491,assist,No
1682,1,0,0.20181323186177208,-1.6690142154693604,-0.2940142750740051,assist,no
1683,1,0,0.0013250222397492748,-6.771529674530029,-0.14652954041957855,assist,No
1684,1,0,0.009708474762317362,-5.265951633453369,-0.6409514546394348,assist,no
1685,1,0,0.18242553269617778,-2.170975923538208,-0.6709759831428528,assist,no
1686,1,1,0.9324533032291502,-0.1903744637966156,-2.8153743743896484,assist,Yes
1687,1,1,0.5926665999540697,-1.0793057680130005,-1.4543057680130005,assist,Yes
1688,1,1,0.9914225161069058,-0.010425865650177002,-4.760426044464111,assist,Yes
1689,1,0,0.004070137957507836,-6.137847900390625,-0.6378479599952698,assist,No
1690,1,0,0.04742586913845881,-3.257097005844116,-0.25709691643714905,assist,no
1691,1,0,0.24508500210441886,-1.9130027294158936,-0.7880026698112488,assist,no
1692,1,1,0.7310585727705126,-0.3556784689426422,-1.3556784391403198,assist,Yes
1693,1,0,0.0024726233771578993,-6.25499153137207,-0.2549916207790375,assist,No
1694,1,0,0.005220126003077935,-5.949863910675049,-0.6998639702796936,assist,no
1695,1,0,0.004609572179374208,-5.731180191040039,-0.35618019104003906,assist,No
1696,1,0,0.1645164628965632,-2.265009880065918,-0.640009880065918,assist,no
1697,1,1,0.9525741227833249,-0.13273462653160095,-3.132734537124634,assist,Yes
1698,1,0,0.025957354183760273,-4.035584449768066,-0.41058433055877686,assist,No
1699,1,0,0.16451646699291617,-2.066683292388916,-0.4416833221912384,assist,No
1700,1,0,0.46879062662624377,-0.9688526391983032,-0.8438526391983032,assist,No
1701,1,0,0.0850990357257195,-3.12673282623291,-0.7517327070236206,assist,no
1702,1,0,0.1645164628965632,-2.3501055240631104,-0.7251055240631104,assist,no
1703,1,0,0.32082130082460697,-1.5370347499847412,-0.7870347499847412,assist,No
1704,1,0,0.01590639031229368,-4.257050514221191,-0.13205042481422424,assist,No
1705,1,0,0.46879062662624377,-1.2370527982711792,-1.1120527982711792,assist,no
1706,1,0,0.3208213138121609,-1.6388359069824219,-0.8888359665870667,assist,no
1707,1,0,0.09534945718704857,-2.6113760471343994,-0.36137595772743225,assist,no
1708,1,0,0.0008040859835179557,-7.5559306144714355,-0.4309306740760803,assist,No
1709,1,0,0.0293122256635596,-4.154253005981445,-0.654252827167511,assist,No
1710,1,0,0.047425867792089564,-3.352902889251709,-0.35290277004241943,assist,No
1711,1,0,0.4073334000459302,-1.0922636985778809,-0.7172636985778809,assist,No
1712,1,0,0.008577485413711986,-5.2390522956848145,-0.48905229568481445,assist,no
1713,1,0,0.03308598029553404,-3.8366916179656982,-0.461691677570343,assist,no
1714,1,0,0.04208773031866069,-3.5113630294799805,-0.38636308908462524,assist,No
1715,1,0,0.029312234143221275,-4.1551337242126465,-0.655133843421936,assist,No
1716,1,1,0.6224593312018546,-0.9057855606079102,-1.4057855606079102,assist,Yes
1717,1,0,0.0031726821238036353,-5.802199363708496,-0.05219913646578789,assist,No
1718,1,0,0.18242553269617778,-2.2152626514434814,-0.7152627110481262,assist,no
1719,1,0,0.46879062662624377,-1.3138988018035889,-1.1888988018035889,assist,no
1720,1,0,0.0953494648991095,-2.955193042755127,-0.705193042755127,assist,no
1721,1,0,0.047425867792089564,-3.5105538368225098,-0.5105537176132202,assist,No
1722,1,0,0.08509903804604459,-2.725416898727417,-0.35041680932044983,assist,no
1723,1,0,0.06008665017400762,-3.274794578552246,-0.5247945785522461,assist,No
1724,1,0,0.0003799846392731819,-8.22688102722168,-0.35188135504722595,assist,No
1725,1,1,0.9706877696726267,-0.05612562596797943,-3.5561256408691406,assist,Yes
1726,1,0,0.0031726820884586454,-6.330874443054199,-0.5808742046356201,assist,No
1727,1,0,0.24508501313237172,-1.9618008136749268,-0.8368008136749268,assist,No
1728,1,0,0.02595736021183377,-4.075545787811279,-0.45054590702056885,assist,No
1729,1,1,0.9525741258126562,-0.07564880698919296,-3.075648784637451,assist,Yes
1730,1,0,0.5,-1.2294201850891113,-1.2294201850891113,assist,no
1731,1,0,0.006692851320539924,-5.322415351867676,-0.32241541147232056,assist,No
1732,1,0,0.000552778702783526,-7.816843032836914,-0.3168431520462036,assist,No
1733,1,0,0.2689414330889798,-1.867215871810913,-0.8672159314155579,assist,No
1734,1,0,0.0031726822534019366,-5.855453014373779,-0.10545282810926437,assist,No
1735,1,0,0.04208772671409796,-3.5595126152038574,-0.43451258540153503,assist,no
1736,1,0,0.0013250226735499273,-6.830179691314697,-0.20517988502979279,assist,No
1737,1,0,0.006692851320539924,-5.701558589935303,-0.7015586495399475,assist,no
1738,1,0,0.0007096702300220753,-7.681313514709473,-0.43131327629089355,assist,No
1739,1,0,0.07585818419975078,-3.082066774368286,-0.5820668339729309,assist,No
1740,1,0,0.025957357951306048,-3.875187397003174,-0.2501874268054962,assist,No
1741,1,0,0.0015011819663719016,-6.704840183258057,-0.20483998954296112,assist,No
1742,1,0,0.0293122256635596,-4.215106964111328,-0.7151067852973938,assist,no
1743,1,0,0.1645164792819756,-2.163672924041748,-0.5386730432510376,assist,No
1744,1,1,0.5621765008857981,-1.0675662755966187,-1.3175662755966187,assist,Yes
1745,1,1,0.9525741288419872,-0.1375379115343094,-3.137537956237793,assist,Yes
1746,1,0,0.3486451488696663,-1.2955865859985352,-0.6705866456031799,assist,No
1747,1,0,0.029312227359491745,-4.047491550445557,-0.5474914312362671,assist,no
1748,1,1,0.7310585903489892,-0.493541419506073,-1.4935414791107178,assist,Yes
1749,1,0,0.07585817793199003,-2.8817269802093506,-0.3817269504070282,assist,No
1750,1,1,0.6224593171945417,-0.5913453698158264,-1.0913453102111816,assist,Yes
1751,1,0,0.015906389729159958,-4.221714496612549,-0.09671436995267868,assist,No
1752,1,0,0.00857748452668487,-4.9863386154174805,-0.2363385111093521,assist,No
1753,1,0,0.001700722816229541,-6.852248191833496,-0.4772484302520752,assist,No
1754,1,0,0.0011695100213620223,-7.104146480560303,-0.354146271944046,assist,No
1755,1,0,0.10669059394565118,-2.4332778453826904,-0.30827784538269043,assist,No
1756,1,1,0.952574129515172,-0.11334007978439331,-3.113340139389038,assist,Yes
1757,1,1,0.7310585903489892,-0.7125865817070007,-1.7125866413116455,assist,Yes
1758,1,0,0.0013250226834090346,-6.727624416351318,-0.10262461751699448,assist,No
1759,1,1,0.7310585786300049,-0.37412357330322266,-1.3741235733032227,assist,Yes
1760,1,0,0.18242552380635632,-2.286856174468994,-0.7868561744689941,assist,no
1761,1,1,0.7549149923816048,-0.47743067145347595,-1.6024307012557983,assist,Yes
1762,1,0,0.13296424706933604,-2.3640778064727783,-0.4890778660774231,assist,no
1763,1,1,0.9740426407300528,-0.06904491037130356,-3.694044828414917,assist,Yes
1764,1,0,0.04742587317756679,-3.2968757152557373,-0.2968757152557373,assist,No
1765,1,0,0.009708478773683474,-5.1587066650390625,-0.5337069034576416,assist,No
1766,1,0,0.033085978388704126,-3.8784024715423584,-0.5034024715423584,assist,No
1767,1,0,0.033085978388704126,-3.929088830947876,-0.554088830947876,assist,no
1768,1,0,0.010986940039882433,-4.57456111907959,-0.07456088066101074,assist,No
1769,1,0,0.017986209962091555,-4.592344760894775,-0.5923447608947754,assist,No
1770,1,0,0.29421497216298875,-1.68422532081604,-0.80922532081604,assist,no
1771,1,1,0.6513548782017746,-0.6294025778770447,-1.2544026374816895,assist,Yes
1772,1,0,0.0046095714956607,-5.541736602783203,-0.1667364537715912,assist,No
1773,1,1,0.9399133435142799,-0.07042919844388962,-2.8204290866851807,assist,Yes
1774,1,0,0.0035936022612815957,-5.944089889526367,-0.3190898001194,assist,No
1775,1,1,0.9890130562359708,-0.03852902352809906,-4.538528919219971,assist,Yes
1776,1,0,0.05340333582602272,-3.496138572692871,-0.6211386919021606,assist,No
1777,1,0,0.22270013882530884,-1.934102177619934,-0.6841021776199341,assist,no
1778,1,0,0.10669060388702058,-2.334334135055542,-0.20933423936367035,assist,No
1779,1,1,0.8354835330070839,-0.2123744785785675,-1.8373744487762451,assist,Yes
1780,1,0,0.007577240707590084,-4.983814716339111,-0.10881464183330536,assist,No
1781,1,0,0.0031726824654718946,-6.278437614440918,-0.5284374952316284,assist,No
1782,1,0,0.01798621154126062,-4.330509662628174,-0.330509752035141,assist,No
1783,1,0,0.2689414330889798,-1.6302006244659424,-0.6302006840705872,assist,no
1784,1,0,0.1480471980316895,-2.4513471126556396,-0.7013471126556396,assist,no
1785,1,1,0.7772998611746911,-0.4358564615249634,-1.6858564615249634,assist,Yes
1786,1,1,0.970687768188686,-0.06678251177072525,-3.5667824745178223,assist,Yes
1787,1,0,0.022977369240981062,-4.023991107940674,-0.27399107813835144,assist,No
1788,1,1,0.8175744673038221,-0.36799055337905884,-1.867990493774414,assist,Yes
1789,1,1,0.9241418241572634,-0.18362540006637573,-2.6836254596710205,assist,Yes
1790,1,0,0.01590639077880068,-4.713314533233643,-0.5883144736289978,assist,No
1791,1,0,0.22270014914315833,-2.061511516571045,-0.8115115761756897,assist,No
1792,1,1,0.6224593312018546,-0.7139952182769775,-1.2139952182769775,assist,Yes
1793,1,0,0.009708475908421797,-5.265897750854492,-0.6408976912498474,assist,no
1794,1,0,0.4073334000459302,-1.4454941749572754,-1.0704941749572754,assist,no
1795,1,1,0.924141817889503,-0.13856247067451477,-2.6385624408721924,assist,Yes
1796,1,0,0.0474258704848281,-3.6665332317352295,-0.6665331721305847,assist,no
1797,1,0,0.010986941335237732,-5.202823638916016,-0.7028235197067261,assist,no
1798,1,0,0.009708478200631072,-5.1098408699035645,-0.4848410487174988,assist,no
1799,1,1,0.867035752930664,-0.23320609331130981,-2.108206033706665,assist,Yes
1800,1,0,0.0534033328129234,-3.3904778957366943,-0.5154779553413391,assist,No
1801,1,0,0.014063628076331205,-4.497770309448242,-0.24777038395404816,assist,no
1802,1,0,0.00010889688568885159,-9.268142700195312,-0.1431424766778946,assist,no
1803,1,1,0.7772998663336157,-0.3593951165676117,-1.609395146369934,assist,Yes
1804,1,1,0.914900948612085,-0.10649117082357407,-2.4814910888671875,assist,Yes
1805,1,1,0.9796676476961953,-0.06123489886522293,-3.936234951019287,assist,Yes
1806,1,1,0.8519527963298947,-0.23703031241893768,-1.987030267715454,assist,Yes
1807,1,1,0.7772998611746911,-0.5962268114089966,-1.8462268114089966,assist,Yes
1808,1,0,0.003172683408005215,-5.979249954223633,-0.22925013303756714,assist,No
1809,1,0,0.0010322309445614404,-7.159512519836426,-0.2845124304294586,assist,No
1810,1,1,0.851952809486198,-0.26328080892562866,-2.0132808685302734,assist,Yes
1811,1,0,0.16451647108926923,-2.2168896198272705,-0.5918896794319153,assist,no
1812,1,0,0.009708475335369565,-4.888315200805664,-0.2633150815963745,assist,No
1813,1,0,0.34864513533394575,-1.5349199771881104,-0.9099199771881104,assist,No
1814,1,0,0.005911068155754778,-5.706627368927002,-0.5816272497177124,assist,no
1815,1,0,0.0019267346633274755,-6.481310844421387,-0.23131084442138672,assist,No
1816,1,0,0.06754669677084987,-2.9677700996398926,-0.34277018904685974,assist,No
1817,1,0,0.020332349780873466,-4.587744235992432,-0.7127440571784973,assist,no
1818,1,0,0.01590639066217393,-4.247603416442871,-0.12260334938764572,assist,no
1819,1,0,0.46879062662624377,-1.1191892623901367,-0.9941892623901367,assist,No
1820,1,0,0.0953494648991095,-2.5932726860046387,-0.34327268600463867,assist,No
1821,1,1,0.7310585786300049,-0.5104914903640747,-1.5104914903640747,assist,Yes
1822,1,0,0.10669059252545564,-2.352614402770996,-0.2276143878698349,assist,No
1823,1,0,0.0953494674697966,-2.3815078735351562,-0.13150790333747864,assist,no
1824,1,0,0.3775406547908327,-1.1409542560577393,-0.6409541964530945,assist,no
1825,1,0,0.0002034270704910146,-8.614309310913086,-0.11430976539850235,assist,No
1826,1,1,0.893309401793762,-0.22023825347423553,-2.345238208770752,assist,Yes
1827,1,0,0.04742586913845881,-3.39030385017395,-0.39030376076698303,assist,No
1828,1,0,0.004609571632403393,-5.906671524047852,-0.531671404838562,assist,No
1829,1,1,0.9149009607937928,-0.1774868220090866,-2.5524868965148926,assist,Yes
1830,1,0,0.00280092763304364,-6.228394508361816,-0.3533947467803955,assist,No
1831,1,0,0.1480471980316895,-2.456402063369751,-0.706402063369751,assist,no
1832,1,0,0.18242552825126704,-1.827799677848816,-0.3277997076511383,assist,no
1833,1,0,0.009708474762317362,-4.887481212615967,-0.26248103380203247,assist,No
1834,1,0,0.09534947004048376,-2.656280279159546,-0.4062803387641907,assist,no
1835,1,0,0.0009110511130205339,-7.432779788970947,-0.4327796995639801,assist,No
1836,1,0,0.0013250222003128587,-6.75596284866333,-0.13096268475055695,assist,No
1837,1,1,0.6224593171945417,-0.5872092843055725,-1.0872092247009277,assist,Yes
1838,1,0,0.0059110692064883365,-5.356689929962158,-0.23168998956680298,assist,No
1839,1,1,0.6791786861878392,-0.9186175465583801,-1.6686174869537354,assist,Yes
1840,1,0,0.0015011824800947912,-6.977354049682617,-0.4773541986942291,assist,No
1841,1,1,0.5621765008857981,-1.0280506610870361,-1.2780506610870361,assist,Yes
1842,1,1,0.5926665999540697,-0.6239827275276184,-0.9989827275276184,assist,Yes
1843,1,1,0.7057850402140659,-0.5126942992210388,-1.3876943588256836,assist,Yes
1844,1,0,0.4073334000459302,-1.3248305320739746,-0.9498305320739746,assist,No
1845,1,0,0.02595735719779685,-3.9998559951782227,-0.37485599517822266,assist,No
1846,1,0,0.1480471980316895,-2.287790536880493,-0.5377905368804932,assist,no
1847,1,0,0.00359360311498431,-5.7575836181640625,-0.13258376717567444,assist,No
1848,1,0,0.06754668363133542,-3.0628676414489746,-0.43786752223968506,assist,no
1849,1,0,0.017986210356883813,-4.119306564331055,-0.11930658668279648,assist,No
1850,1,0,0.4378234991142019,-1.309752106666565,-1.059752106666565,assist,no
1851,1,1,0.893309401793762,-0.13596396148204803,-2.2609639167785645,assist,Yes
1852,1,0,0.029312230751356316,-4.1014723777771,-0.6014723777770996,assist,No
1853,1,0,0.002800926800640331,-6.354860305786133,-0.47986024618148804,assist,No
1854,1,0,0.0021827168347934166,-6.478028297424316,-0.35302847623825073,assist,No
1855,1,0,0.0009110513029074721,-7.393399715423584,-0.39339983463287354,assist,No
1856,1,0,0.025957357762928745,-3.71799635887146,-0.09299638122320175,assist,no
1857,1,0,0.22270013882530884,-2.00958251953125,-0.75958251953125,assist,No
1858,1,0,0.08509904964767095,-2.817270517349243,-0.44227057695388794,assist,no
1859,1,0,0.32082130082460697,-1.6360591650009155,-0.8860591650009155,assist,No
1860,1,1,0.8933093975331751,-0.38462862372398376,-2.5096285343170166,assist,Yes
1861,1,0,0.008577483829735057,-4.872347354888916,-0.12234716862440109,assist,No
1862,1,1,0.9820137914854798,-0.07622281461954117,-4.076222896575928,assist,Yes
1863,1,0,0.053403325280175794,-3.3569347858428955,-0.48193469643592834,assist,no
1864,1,1,0.7057850278370112,-0.5405374765396118,-1.4155374765396118,assist,Yes
1865,1,0,0.1645164792819756,-2.1794261932373047,-0.5544263124465942,assist,no
1866,1,0,0.07585818002124356,-3.08320951461792,-0.5832095146179199,assist,No
1867,1,0,0.14804721306746543,-2.345719337463379,-0.5957194566726685,assist,No
1868,1,0,0.004070136870255261,-5.853216171264648,-0.3532159626483917,assist,No
1869,1,0,0.46879062662624377,-0.9562652707099915,-0.8312652707099915,assist,No
1870,1,0,0.0850990357257195,-2.874565601348877,-0.4995654821395874,assist,no
1871,1,0,0.1329642264548166,-2.614565849304199,-0.7395657300949097,assist,no
1872,1,0,0.008577485413711986,-5.337378978729248,-0.587378978729248,assist,no
1873,1,0,0.0075772430607274135,-5.063899993896484,-0.18890023231506348,assist,No
1874,1,0,0.1645164792819756,-2.2687296867370605,-0.6437298059463501,assist,no
1875,1,1,0.8519528132451416,-0.4027639925479889,-2.152764081954956,assist,Yes
1876,1,0,0.10669059252545564,-2.3476264476776123,-0.2226264327764511,assist,No
1877,1,0,0.008577484399966718,-5.281294345855713,-0.5312942266464233,assist,No
1878,1,1,0.9149009526726544,-0.09814217686653137,-2.473142147064209,assist,Yes
1879,1,0,0.1645164628965632,-2.338468551635742,-0.7134685516357422,assist,No
1880,1,1,0.7981867825403176,-0.43819305300712585,-1.8131930828094482,assist,Yes
1881,1,0,0.002472623009619369,-6.257810592651367,-0.2578105330467224,assist,No
1882,1,1,0.8354835452961425,-0.36571115255355835,-1.9907112121582031,assist,Yes
1883,1,1,0.6791787121629466,-0.8186182379722595,-1.5686182975769043,assist,Yes
1884,1,0,0.07585817688736327,-2.7365224361419678,-0.2365223914384842,assist,No
1885,1,0,0.5,-0.9769984483718872,-0.9769984483718872,assist,no
1886,1,1,0.9840936063638437,-0.03587401285767555,-4.160873889923096,assist,Yes
1887,1,1,0.7549149868676283,-0.4406334161758423,-1.5656334161758423,assist,Yes
1888,1,0,0.0021827160234430044,-6.30836820602417,-0.1833680123090744,assist,No
1889,1,1,0.7981867969424066,-0.6495441198348999,-2.0245442390441895,assist,Yes
1890,1,0,0.13296424706933604,-2.6147820949554443,-0.7397821545600891,assist,no
1891,1,0,0.014063629935885703,-4.739543914794922,-0.4895441234111786,assist,no
1892,1,1,0.5312093733737563,-0.7052749991416931,-0.8302749991416931,assist,Yes
1893,1,0,0.0474258704848281,-3.269117832183838,-0.2691177725791931,assist,No
1894,1,1,0.8354835391516132,-0.24161086976528168,-1.8666108846664429,assist,Yes
1895,1,0,0.014063626216776943,-4.334439754486084,-0.08443969488143921,assist,No
1896,1,0,0.11920293453832885,-2.5314135551452637,-0.5314136743545532,assist,no
1897,1,0,0.0009110510452037798,-7.115958213806152,-0.11595804989337921,assist,No
1898,1,0,0.008577483893094128,-5.235640525817871,-0.48564034700393677,assist,No
1899,1,1,0.679178699175393,-0.5683070421218872,-1.3183070421218872,assist,Yes
1900,1,0,0.24508501313237172,-1.5677411556243896,-0.44274115562438965,assist,No
1901,1,0,0.0024726235976810437,-6.641378879547119,-0.6413790583610535,assist,No
1902,1,1,0.754914975839675,-0.6526582837104797,-1.777658224105835,assist,Yes
1903,1,0,0.20181321265898594,-2.1815598011016846,-0.8065597414970398,assist,no
1904,1,0,0.2689414213699951,-1.8812901973724365,-0.8812901973724365,assist,no
1905,1,1,0.851952809486198,-0.28143805265426636,-2.031438112258911,assist,Yes
1906,1,1,0.7310585727705126,-0.3831799328327179,-1.3831799030303955,assist,Yes
1907,1,1,0.8670357598021706,-0.3739776611328125,-2.2489776611328125,assist,Yes
1908,1,0,0.0850990542883219,-2.921173572540283,-0.5461736917495728,assist,No
1909,1,0,0.5,-1.1480069160461426,-1.1480069160461426,assist,no
1910,1,0,0.5,-1.0166256427764893,-1.0166256427764893,assist,no
1911,1,0,0.37754066879814546,-1.463263988494873,-0.963263988494873,assist,no
1912,1,0,0.20181322226037882,-2.2311878204345703,-0.8561878204345703,assist,no
1913,1,0,0.09534947004048376,-2.621917963027954,-0.3719180226325989,assist,No
1914,1,0,0.24508501864634827,-1.5850082635879517,-0.46000829339027405,assist,no
1915,1,0,0.02931222905542399,-3.6713204383850098,-0.171320378780365,assist,No
1916,1,1,0.6791787121629466,-0.49443119764328003,-1.2444312572479248,assist,Yes
1917,1,1,0.9525741274956179,-0.07498334348201752,-3.0749833583831787,assist,Yes
1918,1,0,0.2689414213699951,-1.6662737131118774,-0.6662737131118774,assist,no
1919,1,0,0.1645164628965632,-2.277398109436035,-0.6523981094360352,assist,No
1920,1,0,0.37754066879814546,-1.5015438795089722,-1.0015438795089722,assist,no
1921,1,1,0.914900950352329,-0.3480406403541565,-2.7230405807495117,assist,Yes
1922,1,1,0.5312093733737563,-0.964632511138916,-1.089632511138916,assist,Yes
1923,1,0,0.06008665017400762,-3.320542335510254,-0.5705423355102539,assist,No
1924,1,0,0.037326890021390696,-3.414853096008301,-0.16485317051410675,assist,No
1925,1,0,0.010986940849479477,-4.656009674072266,-0.1560095101594925,assist,No
1926,1,0,0.008577485920584663,-5.3961501121521,-0.6461501717567444,assist,No
1927,1,0,0.029312227359491745,-3.7563705444335938,-0.2563704252243042,assist,No
1928,1,0,0.04742587587030561,-3.6701207160949707,-0.6701207756996155,assist,No
1929,1,1,0.6224593312018546,-0.9313260316848755,-1.4313260316848755,assist,Yes
1930,1,0,0.0953494648991095,-2.7599990367889404,-0.5099990367889404,assist,No
1931,1,1,0.6513548714339145,-0.49337002635002136,-1.1183700561523438,assist,Yes
1932,1,0,0.0017007225126338423,-6.8097243309021,-0.4347243905067444,assist,no
1933,1,1,0.9890130559728515,-0.02505410648882389,-4.525053977966309,assist,Yes
1934,1,0,0.3486451217982255,-1.5246472358703613,-0.8996471762657166,assist,No
1935,1,0,0.020332349780873466,-4.525676727294922,-0.6506765484809875,assist,no
1936,1,0,0.24508501313237172,-1.806583046913147,-0.681583046913147,assist,no
1937,1,0,0.10669059962643358,-2.782966375350952,-0.6579664349555969,assist,No
1938,1,0,0.008577486934330109,-5.186398029327393,-0.4363982081413269,assist,No
1939,1,1,0.8670357494949105,-0.26024970412254333,-2.135249614715576,assist,Yes
1940,1,0,0.11920292828022305,-2.7833433151245117,-0.7833433747291565,assist,no
1941,1,1,0.817574471748733,-0.39005544781684875,-1.8900554180145264,assist,Yes
1942,1,0,0.06008664344151498,-3.3772387504577637,-0.6272386312484741,assist,no
1943,1,0,0.012431652682617146,-4.77589750289917,-0.40089765191078186,assist,No
1944,1,0,0.16451647108926923,-2.2455527782440186,-0.6205528378486633,assist,No
1945,1,0,0.11920293140927592,-2.367382049560547,-0.36738213896751404,assist,No
1946,1,0,0.08509904500702024,-3.0273265838623047,-0.6523265838623047,assist,no
1947,1,0,0.060086656906500974,-3.2723236083984375,-0.522323727607727,assist,No
1948,1,0,0.01098694263059318,-4.986363410949707,-0.48636341094970703,assist,no
1949,1,0,0.20181321265898594,-1.7652063369750977,-0.3902062773704529,assist,No
1950,1,1,0.9914225147763652,-0.06282708793878555,-4.812827110290527,assist,Yes
1951,1,0,0.005911068681121534,-5.4800896644592285,-0.35508963465690613,assist,No
1952,1,1,0.939913356558485,-0.19351279735565186,-2.9435129165649414,assist,Yes
1953,1,0,0.01798621154126062,-4.089105129241943,-0.08910521864891052,assist,No
1954,1,0,0.34864513533394575,-1.6343225240707397,-1.0093225240707397,assist,no
1955,1,1,0.9324533116759811,-0.1917988806962967,-2.8167989253997803,assist,Yes
1956,1,0,0.005220125384038879,-5.570345401763916,-0.32034534215927124,assist,No
1957,1,0,0.0293122256635596,-4.0461320877075195,-0.5461319088935852,assist,No
1958,1,0,0.07585817584273653,-3.136941432952881,-0.6369413733482361,assist,no
1959,1,0,0.047425871831197425,-3.469161033630371,-0.4691610038280487,assist,No
1960,1,0,0.01798620785653302,-4.593804359436035,-0.5938042402267456,assist,no
1961,1,0,0.05340332866991209,-2.9789860248565674,-0.10398600250482559,assist,no
1962,1,1,0.9770226295881911,-0.0697193369269371,-3.8197193145751953,assist,Yes
1963,1,0,0.29421497216298875,-1.68422532081604,-0.80922532081604,assist,no
1964,1,0,0.0420877273148584,-3.3464834690093994,-0.22148345410823822,assist,No
1965,1,0,0.042087725512577126,-3.376699447631836,-0.25169938802719116,assist,no
1966,1,0,0.1066905854244781,-2.444660186767578,-0.31966009736061096,assist,no
1967,1,0,0.037326887344129464,-3.9694225788116455,-0.7194225788116455,assist,no
1968,1,0,0.10669059962643358,-2.605980396270752,-0.48098045587539673,assist,No
1969,1,0,0.04742587587030561,-3.6682584285736084,-0.6682584881782532,assist,No
1970,1,0,0.06754669489377622,-3.3663339614868164,-0.7413340210914612,assist,no
1971,1,0,0.003593603221697163,-5.884316921234131,-0.2593171000480652,assist,No
1972,1,0,0.0330859819640103,-3.458132266998291,-0.08313237875699997,assist,No
1973,1,0,0.007577240371427665,-5.405457019805908,-0.5304569005966187,assist,no
1974,1,0,0.0011695102258904857,-6.7815165519714355,-0.03151651844382286,assist,No
1975,1,0,0.29421497216298875,-1.3627383708953857,-0.48773837089538574,assist,no
1976,1,0,0.4073334000459302,-1.3390926122665405,-0.9640926122665405,assist,no
1977,1,1,0.6791787121629466,-0.5797612071037292,-1.329761266708374,assist,Yes
1978,1,0,0.005911067980632537,-5.294700622558594,-0.1697004735469818,assist,No
1979,1,1,0.6224593312018546,-0.8404644727706909,-1.340464472770691,assist,Yes
1980,1,1,0.9399133456181842,-0.0842648297548294,-2.8342647552490234,assist,Yes
1981,1,0,0.2689414330889798,-1.8557217121124268,-0.8557217717170715,assist,no
1982,1,0,0.11920293140927592,-2.2690489292144775,-0.2690490186214447,assist,No
1983,1,1,0.7772998611746911,-0.3675508499145508,-1.6175508499145508,assist,Yes
1984,1,0,0.00669285191492257,-5.435492038726807,-0.4354921877384186,assist,No
1985,1,0,0.005220126312597491,-5.886792182922363,-0.6367923021316528,assist,no
1986,1,0,0.017986206803753842,-4.590365886688232,-0.5903657078742981,assist,No
1987,1,0,0.07585817584273653,-3.0390939712524414,-0.5390939116477966,assist,No
1988,1,0,0.0040701374742844335,-5.7081146240234375,-0.20811456441879272,assist,No
1989,1,0,0.09534945975773548,-2.902696132659912,-0.6526960730552673,assist,no
1990,1,0,0.24508499107646636,-2.018080234527588,-0.8930801153182983,assist,no
1991,1,0,0.0007096705153420891,-7.454381465911865,-0.20438162982463837,assist,No
1992,1,0,0.033085981248949035,-3.5207948684692383,-0.14579495787620544,assist,No
1993,1,0,0.04208772851637929,-3.326758861541748,-0.20175887644290924,assist,No
1994,1,1,0.798186768138228,-0.32934457063674927,-1.7043445110321045,assist,Yes
1995,1,0,0.012431647926096252,-5.020722389221191,-0.6457221508026123,assist,no
1996,1,0,0.34864513533394575,-1.459869384765625,-0.834869384765625,assist,No
1997,1,0,0.0035936021545687705,-6.154366493225098,-0.5293663740158081,assist,no
1998,1,0,0.11920292202211755,-2.5707688331604004,-0.5707688331604004,assist,no
1999,1,0,0.0031726833608785423,-5.955722332000732,-0.20572249591350555,assist,no
2000,1,0,0.0028009264676790765,-6.509970664978027,-0.634970486164093,assist,no
2001,1,0,0.32082130082460697,-1.630401372909546,-0.8804013729095459,assist,No
2002,1,0,0.3208213138121609,-1.6915569305419922,-0.941556990146637,assist,no
2003,1,1,0.9046505428129514,-0.2548481523990631,-2.5048482418060303,assist,Yes
2004,1,1,0.8354835391516132,-0.22418032586574554,-1.8491803407669067,assist,Yes
2005,1,0,0.022977371248114782,-4.025843143463135,-0.27584320306777954,assist,No
2006,1,0,0.008577483893094128,-5.109216213226318,-0.35921603441238403,assist,No
2007,1,0,0.047425867792089564,-3.142249584197998,-0.1422494649887085,assist,no
2008,1,1,0.952574129515172,-0.1344570517539978,-3.1344571113586426,assist,Yes
2009,1,0,0.017986210488481234,-4.14833927154541,-0.14833930134773254,assist,No
2010,1,0,0.0021827160558970152,-6.33184814453125,-0.20684796571731567,assist,No
2011,1,0,0.009708475621895678,-4.865489482879639,-0.2404893934726715,assist,no
2012,1,0,0.1480471980316895,-2.244929313659668,-0.49492931365966797,assist,no
2013,1,0,0.002472623266896334,-6.229691505432129,-0.2296915501356125,assist,No
2014,1,0,0.1480472055495773,-2.3425240516662598,-0.5925241112709045,assist,no
2015,1,0,0.0017007227023811478,-6.479028701782227,-0.10402887314558029,assist,No
2016,1,0,0.010986940687560063,-4.692708492279053,-0.1927083134651184,assist,No
2017,1,1,0.9324533116759811,-0.12164135277271271,-2.7466413974761963,assist,Yes
2018,1,1,0.9399133519298963,-0.07287856191396713,-2.82287859916687,assist,Yes
2019,1,0,0.015906389379279733,-4.398197174072266,-0.2731970250606537,assist,no
2020,1,1,0.8807970858005139,-0.24887387454509735,-2.2488739490509033,assist,Yes
2021,1,0,0.007577242164294059,-5.460721969604492,-0.5857220888137817,assist,no
2022,1,0,0.4073334000459302,-1.3711750507354736,-0.9961750507354736,assist,no
2023,1,0,0.004070137202471295,-5.618064880371094,-0.1180647537112236,assist,No
2024,1,0,0.01243164865786858,-4.672183513641357,-0.2971833348274231,assist,No
2025,1,0,0.2689414213699951,-1.4921200275421143,-0.49212002754211426,assist,No
2026,1,1,0.9465966717067252,-0.1014237105846405,-2.976423740386963,assist,Yes
2027,1,0,0.004070136870255261,-5.575386047363281,-0.07538583874702454,assist,No
2028,1,0,0.002182716380437148,-6.478172302246094,-0.35317227244377136,assist,No
2029,1,0,0.40733341443526055,-1.2574107646942139,-0.8824108242988586,assist,No
2030,1,0,0.00017952801749129276,-8.879372596740723,-0.25437286496162415,assist,No
2031,1,0,0.0013250227327045727,-7.203993797302246,-0.5789940357208252,assist,No
2032,1,1,0.9902915220679872,-0.016323717311024666,-4.641323566436768,assist,Yes
2033,1,0,0.32082130082460697,-1.4642705917358398,-0.7142705917358398,assist,No
2034,1,1,0.7310585669110203,-0.5824609398841858,-1.582460880279541,assist,Yes
2035,1,1,0.9046505402422645,-0.11584466695785522,-2.3658447265625,assist,Yes
2036,1,0,0.007577239923211134,-5.407156944274902,-0.532156765460968,assist,no
2037,1,0,0.00026119028018549743,-8.534128189086914,-0.2841280400753021,assist,No
2038,1,0,0.0015011819440361278,-6.629508018493652,-0.12950780987739563,assist,No
2039,1,0,0.042087725512577126,-3.327075242996216,-0.20207518339157104,assist,No
2040,1,0,0.06754668550840877,-3.108870506286621,-0.48387041687965393,assist,No
2041,1,0,0.5,-1.1716763973236084,-1.1716763973236084,assist,No
2042,1,1,0.8519528057272543,-0.28899070620536804,-2.0389907360076904,assist,Yes
2043,1,0,0.04742586913845881,-3.192262649536133,-0.19226256012916565,assist,no
2044,1,0,0.03308598220236406,-3.928861141204834,-0.5538612604141235,assist,No
2045,1,1,0.9525741271590255,-0.07406806200742722,-3.074068069458008,assist,Yes
2046,1,0,0.04742587317756679,-3.568286180496216,-0.5682861804962158,assist,no
2047,1,0,0.00522012445548043,-5.570948600769043,-0.32094836235046387,assist,No
2048,1,1,0.7310585786300049,-0.44353795051574707,-1.443537950515747,assist,Yes
2049,1,1,0.7310585903489892,-0.40707820653915405,-1.4070782661437988,assist,Yes
2050,1,0,0.07585818419975078,-3.2509407997131348,-0.7509408593177795,assist,no
2051,1,0,0.00023050663957652873,-8.630182266235352,-0.2551819086074829,assist,No
2052,1,0,0.03732688948593843,-3.511854648590088,-0.26185470819473267,assist,No
2053,1,1,0.754914997895581,-0.3096858859062195,-1.4346859455108643,assist,Yes
2054,1,0,0.002800926967120973,-6.267106533050537,-0.3921065330505371,assist,No
2055,1,0,0.1480472055495773,-2.31585431098938,-0.5658543705940247,assist,no
2056,1,0,0.0019267348925696179,-6.731900691986084,-0.48190081119537354,assist,No
2057,1,1,0.679178699175393,-0.7377145290374756,-1.4877145290374756,assist,Yes
2058,1,1,0.5926665999540697,-0.5987969636917114,-0.9737969636917114,assist,Yes
2059,1,0,0.13296422989056964,-2.282287836074829,-0.40728774666786194,assist,No
2060,1,0,0.01098694327827096,-5.141393661499023,-0.6413937211036682,assist,No
2061,1,1,0.9149009596336303,-0.13460367918014526,-2.50960373878479,assist,Yes
2062,1,0,0.00017952790515411027,-8.944089889526367,-0.31908953189849854,assist,No
2063,1,0,0.0021827163155291175,-6.381065845489502,-0.2560657858848572,assist,No
2064,1,0,0.06008665017400762,-3.2820684909820557,-0.5320684909820557,assist,no
2065,1,0,0.13296424019782924,-2.4246675968170166,-0.5496675968170166,assist,no
2066,1,1,0.7772998663336157,-0.4367642104625702,-1.6867642402648926,assist,Yes
2067,1,0,0.005911069731855184,-5.44662618637085,-0.32162633538246155,assist,No
2068,1,0,0.0059110693816106135,-5.2116193771362305,-0.08661946654319763,assist,No
2069,1,0,0.005911069031366064,-5.278575897216797,-0.15357592701911926,assist,No
2070,1,0,0.09534945461636171,-2.7610630989074707,-0.5110629796981812,assist,No
2071,1,0,0.007577241267860811,-5.198800086975098,-0.32380008697509766,assist,No
2072,1,1,0.939913354875362,-0.06776252388954163,-2.817762613296509,assist,Yes
2073,1,1,0.9933071498434592,-0.03250491991639137,-5.032505035400391,assist,Yes
2074,1,0,0.014063625390308462,-4.895430088043213,-0.6454299688339233,assist,No
2075,1,0,0.025957363225871038,-4.223456382751465,-0.598456621170044,assist,No
2076,1,0,0.012431651584958318,-4.908686637878418,-0.5336866974830627,assist,No
2077,1,1,0.939913350667554,-0.09583209455013275,-2.845832109451294,assist,Yes
2078,1,0,0.000804086031406679,-7.409046173095703,-0.2840462923049927,assist,no
2079,1,1,0.867035752930664,-0.5692005753517151,-2.4442005157470703,assist,Yes
2080,1,0,0.002472622642080892,-6.391596794128418,-0.39159658551216125,assist,No
2081,1,0,0.00857748414653042,-5.146130084991455,-0.39612993597984314,assist,No
2082,1,0,0.06008665017400762,-3.2059240341186523,-0.45592403411865234,assist,no
2083,1,0,0.08509904036636974,-2.967458963394165,-0.5924589037895203,assist,No
2084,1,0,0.32082130082460697,-1.7230503559112549,-0.9730503559112549,assist,no
2085,1,1,0.9324533088603709,-0.16358113288879395,-2.788581132888794,assist,Yes
2086,1,1,0.9914225133903853,-0.009183547459542751,-4.759183406829834,assist,Yes
2087,1,0,0.34864513533394575,-1.389163851737976,-0.7641638517379761,assist,No
2088,1,0,0.22270014914315833,-1.953575611114502,-0.7035756707191467,assist,no
2089,1,0,0.0024726235976810437,-6.47825813293457,-0.47825831174850464,assist,no
2090,1,1,0.5621765008857981,-0.960265040397644,-1.210265040397644,assist,Yes
2091,1,1,0.8519528019683106,-0.3831791877746582,-2.133179187774658,assist,Yes
2092,1,0,0.05340332678672523,-3.5507140159606934,-0.6757139563560486,assist,no
2093,1,0,0.0007096702934265129,-7.534621715545654,-0.28462156653404236,assist,No
2094,1,1,0.7772998611746911,-0.39588749408721924,-1.6458874940872192,assist,Yes
2095,1,0,0.0024726233771578993,-6.433509349822998,-0.4335094392299652,assist,No
2096,1,0,0.18242551491653522,-2.2140557765960693,-0.7140557169914246,assist,no
2097,1,0,0.020332356904444657,-4.469809055328369,-0.5948092341423035,assist,no
2098,1,1,0.5312093585306514,-0.9167042374610901,-1.0417041778564453,assist,Yes
2099,1,1,0.8354835289107309,-0.30917078256607056,-1.9341707229614258,assist,Yes
2100,1,1,0.5621765008857981,-0.9333673715591431,-1.183367371559143,assist,Yes
2101,1,1,0.9324533088603709,-0.16358113288879395,-2.788581132888794,assist,Yes
2102,1,1,0.8807970858005139,-0.23842422664165497,-2.238424301147461,assist,Yes
2103,1,0,0.0013250223186221102,-6.809825897216797,-0.1848258227109909,assist,No
2104,1,0,0.022977371248114782,-4.084250450134277,-0.3342505097389221,assist,No
2105,1,0,0.0003353502253796724,-8.128815650939941,-0.1288159340620041,assist,No
2106,1,0,0.005911070082099775,-5.413257598876953,-0.28825780749320984,assist,No
2107,1,1,0.754914975839675,-0.6941938996315002,-1.8191938400268555,assist,Yes
2108,1,0,0.5,-1.0739269256591797,-1.0739269256591797,assist,No
2109,1,0,0.06754669677084987,-2.7864696979522705,-0.16146978735923767,assist,no
2110,1,1,0.9669140192277585,-0.09968502819538116,-3.474684953689575,assist,Yes
2111,1,0,0.2689414213699951,-1.656379222869873,-0.656379222869873,assist,No
2112,1,0,0.0019267343481195736,-6.4562296867370605,-0.20622952282428741,assist,No
2113,1,0,0.022977373924293353,-4.4007487297058105,-0.6507489085197449,assist,No
2114,1,0,0.012431651584958318,-4.963731288909912,-0.5887313485145569,assist,no
2115,1,1,0.9579122735862822,-0.05007573217153549,-3.1750757694244385,assist,Yes
2116,1,0,0.014063627043245474,-4.738110065460205,-0.4881100654602051,assist,No
2117,1,0,0.0059110692064883365,-5.562384605407715,-0.4373846650123596,assist,no
2118,1,0,0.001032231251872736,-7.227261066436768,-0.3522612750530243,assist,no
2119,1,0,0.012431651219072064,-4.77351188659668,-0.3985119163990021,assist,no
2120,1,0,0.34864513533394575,-1.5720763206481934,-0.9470763206481934,assist,no
2121,1,1,0.5312093733737563,-1.000159740447998,-1.125159740447998,assist,Yes
2122,1,0,0.09534947518185825,-2.650672435760498,-0.4006725549697876,assist,No
2123,1,0,0.22270013882530884,-1.9907863140106201,-0.7407863140106201,assist,no
2124,1,1,0.7549149923816048,-0.4300348460674286,-1.555034875869751,assist,Yes
2125,1,0,0.015906388912772775,-4.45511531829834,-0.3301151394844055,assist,No
2126,1,0,0.37754066879814546,-1.4452837705612183,-0.9452837705612183,assist,no
2127,1,0,0.014063629935885703,-4.611591339111328,-0.36159154772758484,assist,No
2128,1,1,0.7772998508568416,-0.37617307901382446,-1.6261730194091797,assist,Yes
2129,1,1,0.8933094053442511,-0.12375045567750931,-2.2487504482269287,assist,Yes
2130,1,1,0.9770226325988914,-0.03473604470491409,-3.784736156463623,assist,Yes
2131,1,0,0.0035936028482021903,-5.756573677062988,-0.13157375156879425,assist,No
2132,1,0,0.24508501313237172,-1.9260714054107666,-0.8010714054107666,assist,no
2133,1,1,0.5926665855647394,-0.763846218585968,-1.1388461589813232,assist,Yes
2134,1,0,0.34864513533394575,-1.4748682975769043,-0.8498682975769043,assist,no
2135,1,0,0.46879062662624377,-1.2437758445739746,-1.1187758445739746,assist,no
2136,1,1,0.5312093733737563,-1.0259685516357422,-1.1509685516357422,assist,Yes
2137,1,0,0.2689414096510108,-1.4550423622131348,-0.45504230260849,assist,no
2138,1,0,0.001169510421715644,-6.866570472717285,-0.1165706068277359,assist,No
2139,1,1,0.9579122687801985,-0.05613430589437485,-3.1811342239379883,assist,Yes
2140,1,0,0.004070138078313694,-5.788949012756348,-0.2889491021633148,assist,No
2141,1,1,0.8933094074745443,-0.15023349225521088,-2.275233507156372,assist,Yes
2142,1,0,0.10669059394565118,-2.314030885696411,-0.18903088569641113,assist,No
2143,1,0,0.46879062662624377,-0.825080156326294,-0.700080156326294,assist,No
2144,1,0,0.2689414213699951,-1.5347563028335571,-0.5347563028335571,assist,No
2145,1,0,0.24508502416032488,-1.8715505599975586,-0.7465506196022034,assist,No
2146,1,0,0.22270011818961086,-2.01206636428833,-0.7620662450790405,assist,No
2147,1,1,0.754914975839675,-0.8008049130439758,-1.925804853439331,assist,yes
2148,1,0,0.46879062662624377,-1.2848204374313354,-1.1598204374313354,assist,no
2149,1,0,0.0006263344192727715,-8.073802947998047,-0.6988033652305603,assist,no
2150,1,0,0.012431649206697853,-4.5497918128967285,-0.17479167878627777,assist,No
2151,1,1,0.5621765008857981,-0.9866992235183716,-1.2366992235183716,assist,Yes
2152,1,0,0.16451645470385742,-2.2615506649017334,-0.6365506052970886,assist,no
2153,1,0,0.46879062662624377,-1.2093005180358887,-1.0843005180358887,assist,No
2154,1,0,0.07585818733363135,-2.610874652862549,-0.11087475717067719,assist,no
2155,1,1,0.754914997895581,-0.6571897864341736,-1.7821898460388184,assist,Yes
2156,1,0,0.16451646699291617,-1.9388294219970703,-0.3138294517993927,assist,No
2157,1,0,0.00033535006802360177,-8.115436553955078,-0.1154363676905632,assist,No
2158,1,0,0.06754668738548215,-3.3675057888031006,-0.7425057291984558,assist,no
2159,1,0,0.46879062662624377,-0.9216112494468689,-0.7966112494468689,assist,no
2160,1,0,0.010986944897465581,-4.900306701660156,-0.40030691027641296,assist,No
2161,1,0,0.37754066879814546,-1.5426985025405884,-1.0426985025405884,assist,no
2162,1,0,0.014063627043245474,-4.896088123321533,-0.6460881233215332,assist,No
2163,1,1,0.9706877713685592,-0.0563616007566452,-3.556361675262451,assist,Yes
2164,1,1,0.8175744584140004,-0.7005573511123657,-2.200557231903076,assist,Yes
2165,1,0,0.03732688306051187,-3.755443572998047,-0.5054434537887573,assist,No
2166,1,0,0.060086646807761206,-3.1900382041931152,-0.44003814458847046,assist,No
2167,1,0,0.0028009266341596987,-6.3537139892578125,-0.47871387004852295,assist,No
2168,1,1,0.8175744761936437,-0.6319525241851807,-2.1319525241851807,assist,Yes
2169,1,0,0.10669059394565118,-2.664574384689331,-0.539574384689331,assist,no
2170,1,1,0.8807970873650403,-0.3949367105960846,-2.3949368000030518,assist,Yes
2171,1,0,0.000487857180910998,-8.10195541381836,-0.4769555330276489,assist,No
2172,1,0,0.1329642264548166,-2.3476672172546387,-0.4726670980453491,assist,No
2173,1,0,0.0008040858637961602,-7.229056358337402,-0.10405626893043518,assist,No
2174,1,0,0.033085978388704126,-3.926072120666504,-0.5510721206665039,assist,No
2175,1,0,0.4073334000459302,-1.4576071500778198,-1.0826071500778198,assist,no
2176,1,0,0.00970847719778945,-4.837717533111572,-0.21271760761737823,assist,No
2177,1,0,0.37754066879814546,-1.5439034700393677,-1.0439034700393677,assist,no
2178,1,0,0.08509904500702024,-2.840880870819092,-0.4658808708190918,assist,No
2179,1,0,0.005911069906977476,-5.4452033042907715,-0.3202034831047058,assist,No
2180,1,1,0.8519528057272543,-0.24698922038078308,-1.9969892501831055,assist,Yes
2181,1,1,0.8354835452961425,-0.38506168127059937,-2.010061740875244,assist,Yes
2182,1,0,0.03308597648187432,-3.930081367492676,-0.555081307888031,assist,No
2183,1,0,0.29421497216298875,-1.6478257179260254,-0.7728257179260254,assist,no
2184,1,0,0.13296424019782924,-2.526615619659424,-0.6516156196594238,assist,no
2185,1,0,0.0028009266341596987,-6.570589065551758,-0.6955889463424683,assist,no
2186,1,0,0.01590639217832175,-4.5280938148498535,-0.4030938446521759,assist,No
2187,1,0,0.01243164865786858,-4.777372360229492,-0.40237218141555786,assist,no
2188,1,0,0.0046095728630878175,-5.69551944732666,-0.3205195963382721,assist,No
2189,1,0,0.005911067980632537,-5.480159759521484,-0.35515961050987244,assist,No
2190,1,0,0.18242551491653522,-1.952498435974121,-0.4524983763694763,assist,no
2191,1,1,0.9706877690366521,-0.08164692670106888,-3.5816469192504883,assist,Yes
2192,1,0,0.0015011822567369915,-7.081502914428711,-0.5815029144287109,assist,No
2193,1,0,0.2942149845400438,-1.6766846179962158,-0.8016846776008606,assist,no
2194,1,1,0.6224593312018546,-0.7686140537261963,-1.2686140537261963,assist,Yes
2195,1,0,0.09534947518185825,-2.716714859008789,-0.4667149782180786,assist,No
2196,1,0,0.007577240371427665,-5.197873115539551,-0.32287299633026123,assist,no
2197,1,1,0.8354835432479661,-0.20273824036121368,-1.8277382850646973,assist,Yes
2198,1,0,0.46879062662624377,-1.1975475549697876,-1.0725475549697876,assist,No
2199,1,1,0.8354835452961425,-0.27807897329330444,-1.9030790328979492,assist,Yes
2200,1,1,0.5621765008857981,-0.7394123077392578,-0.9894123077392578,assist,Yes
2201,1,0,0.022977366564803023,-4.157907485961914,-0.4079073369503021,assist,No
2202,1,0,0.004609571820424604,-5.428791046142578,-0.05379096791148186,assist,No
2203,1,0,0.029312227359491745,-4.09850549697876,-0.5985053777694702,assist,No
2204,1,0,0.16451647108926923,-1.919424057006836,-0.2944241166114807,assist,no
2205,1,0,0.0001795279319010521,-8.826780319213867,-0.20178011059761047,assist,no
2206,1,0,0.033085981248949035,-3.8394949436187744,-0.4644950330257416,assist,no
2207,1,1,0.679178699175393,-0.6567952632904053,-1.4067952632904053,assist,Yes
2208,1,0,0.3208213138121609,-1.4100069999694824,-0.6600070595741272,assist,No
2209,1,0,0.022977371917159397,-4.160547733306885,-0.41054782271385193,assist,no
2210,1,1,0.7057850278370112,-0.4067826271057129,-1.281782627105713,assist,Yes
2211,1,1,0.6791787121629466,-0.6636123061180115,-1.4136123657226562,assist,yes
2212,1,0,0.01798620785653302,-4.593804359436035,-0.5938042402267456,assist,no
2213,1,0,0.04208773031866069,-3.63940691947937,-0.5144069790840149,assist,no
2214,1,1,0.9982992776502326,-0.011494600214064121,-6.3864946365356445,assist,Yes
2215,1,0,0.0028009263011984638,-6.268489837646484,-0.3934895992279053,assist,No
2216,1,1,0.9241418137109955,-0.23669204115867615,-2.736691951751709,assist,Yes
2217,1,0,0.00218271670497733,-6.31016206741333,-0.18516218662261963,assist,No
2218,1,0,0.006692851122412387,-5.394604682922363,-0.39460471272468567,assist,No
2219,1,0,0.3775406828054583,-1.4136030673980713,-0.9136031270027161,assist,No
2220,1,0,0.009708474762317362,-5.210672855377197,-0.5856726765632629,assist,no
2221,1,0,0.025957357951306048,-3.880758762359619,-0.25575879216194153,assist,No
2222,1,0,0.29421497216298875,-1.5357555150985718,-0.6607555150985718,assist,no
2223,1,0,0.29421497216298875,-1.780295491218567,-0.9052954912185669,assist,no
2224,1,0,0.008577485920584663,-5.3961501121521,-0.6461501717567444,assist,No
2225,1,0,0.02297736857193652,-3.9002044200897217,-0.1502043604850769,assist,No
2226,1,0,0.14804721306746543,-2.414867877960205,-0.6648679971694946,assist,no
2227,1,0,0.07585817584273653,-3.1430442333221436,-0.6430441737174988,assist,no
2228,1,0,0.0028009266341596987,-6.4023756980896,-0.5273755788803101,assist,no
2229,1,0,0.2689414213699951,-1.5846989154815674,-0.5846989154815674,assist,No
2230,1,1,0.9890130583004435,-0.041458044201135635,-4.5414581298828125,assist,Yes
2231,1,1,0.6513548511303336,-0.873798668384552,-1.4987986087799072,assist,Yes
2232,1,0,0.005911068681121534,-5.361963748931885,-0.23696371912956238,assist,No
2233,1,0,0.2689414096510108,-1.7636618614196777,-0.763661801815033,assist,No
2234,1,0,0.06754668550840877,-2.8379154205322266,-0.2129153311252594,assist,No
2235,1,1,0.7057850402140659,-0.6452447772026062,-1.520244836807251,assist,Yes
2236,1,0,0.025957357951306048,-4.078103542327881,-0.45310357213020325,assist,no
2237,1,1,0.5312093733737563,-0.8038958311080933,-0.9288958311080933,assist,Yes
2238,1,0,0.0011695102998688749,-7.181601524353027,-0.43160155415534973,assist,No
2239,1,1,0.7981867729389246,-0.26652494072914124,-1.6415249109268188,assist,Yes
2240,1,1,0.7772998663336157,-0.3229796588420868,-1.5729796886444092,assist,Yes
2241,1,1,0.7057850402140659,-0.6802207827568054,-1.5552208423614502,assist,Yes
2242,1,1,0.9875683467685533,-0.029528334736824036,-4.4045281410217285,assist,Yes
2243,1,0,0.0006263342280638786,-7.490213394165039,-0.11521350592374802,assist,No
2244,1,0,0.2689414096510108,-1.7741968631744385,-0.7741968035697937,assist,No
2245,1,0,0.02297737258620403,-4.201297283172607,-0.451297402381897,assist,no
2246,1,0,0.017986212067650338,-4.125498294830322,-0.12549841403961182,assist,no
2247,1,0,0.0008040861032397692,-7.409049034118652,-0.28404924273490906,assist,No
2248,1,0,0.01243164829198241,-4.701372146606445,-0.3263719379901886,assist,No
2249,1,0,0.0373268852023206,-3.908381223678589,-0.6583811640739441,assist,no
2250,1,0,0.3775406547908327,-1.4368517398834229,-0.9368516802787781,assist,No
2251,1,0,0.2018132270610754,-1.8543699979782104,-0.47937002778053284,assist,No
2252,1,1,0.7310585903489892,-0.47603315114974976,-1.4760332107543945,assist,Yes
2253,1,0,0.02931223159932252,-3.7517623901367188,-0.25176241993904114,assist,No
2254,1,1,0.8670357580842941,-0.19761444628238678,-2.0726144313812256,assist,Yes
2255,1,0,0.0011695104739356916,-7.068662643432617,-0.3186628222465515,assist,No
2256,1,0,0.05340333582602272,-3.5491080284118652,-0.6741081476211548,assist,no
2257,1,0,0.06754669489377622,-3.309901475906372,-0.6849015355110168,assist,No
2258,1,0,0.0040701369910610885,-5.8213629722595215,-0.32136279344558716,assist,no
2259,1,0,0.020332348593611837,-4.205718040466309,-0.3307178020477295,assist,No
2260,1,0,0.3208212878370535,-1.3110671043395996,-0.5610670447349548,assist,no
2261,1,0,0.0850990542883219,-2.933056354522705,-0.5580564737319946,assist,no
2262,1,0,0.11920293140927592,-2.4572529792785645,-0.4572530686855316,assist,No
2263,1,0,0.0024726237446964848,-6.637983322143555,-0.6379835605621338,assist,No
2264,1,1,0.9399133481428692,-0.4306779205799103,-3.180677890777588,assist,Yes
2265,1,0,0.20181321265898594,-1.9447994232177734,-0.5697993636131287,assist,no
2266,1,0,0.37754066879814546,-1.463263988494873,-0.963263988494873,assist,no
2267,1,1,0.9399133531922388,-0.11485117673873901,-2.864851236343384,assist,Yes
2268,1,0,0.0046095710854326425,-5.769333839416504,-0.3943336009979248,assist,No
2269,1,0,0.008577486300739193,-4.921767234802246,-0.17176733911037445,assist,No
2270,1,0,0.0534033328129234,-3.494917631149292,-0.6199176907539368,assist,no
2271,1,0,0.005911069906977476,-5.655435085296631,-0.5304352641105652,assist,No
2272,1,0,0.08509904036636974,-3.0712077617645264,-0.6962077021598816,assist,No
2273,1,0,0.0035936023679944244,-6.326929092407227,-0.7019290328025818,assist,no
2274,1,1,0.9796676486608455,-0.042056698352098465,-3.9170567989349365,assist,Yes
2275,1,1,0.7981867969424066,-0.6445931196212769,-2.0195932388305664,assist,Yes
2276,1,0,0.03308597648187432,-4.090578556060791,-0.7155784964561462,assist,no
2277,1,0,0.0028009268838806506,-6.308619499206543,-0.4336194694042206,assist,no
2278,1,0,0.022977374593338037,-4.025415897369385,-0.2754161059856415,assist,No
2279,1,1,0.9669140244715405,-0.225504070520401,-3.600504159927368,assist,Yes
2280,1,0,0.05340333130637379,-3.107074737548828,-0.2320747673511505,assist,No
2281,1,0,0.00012339459758855666,-9.03156566619873,-0.031565841287374496,assist,No
2282,1,0,0.03732688627322502,-3.672870635986328,-0.42287060618400574,assist,No
2283,1,0,0.03308597934211908,-3.657252073287964,-0.28225210309028625,assist,No
2284,1,1,0.8519528057272543,-0.2972380816936493,-2.0472381114959717,assist,Yes
2285,1,0,0.5,-1.0831087827682495,-1.0831087827682495,assist,No
2286,1,0,0.047425869811643456,-3.223098039627075,-0.22309796512126923,assist,no
2287,1,1,0.9669140208962347,-0.06566145271062851,-3.4406614303588867,assist,Yes
2288,1,0,0.029312227359491745,-4.096264362335205,-0.5962642431259155,assist,No
2289,1,1,0.7981867729389246,-0.2921047508716583,-1.667104721069336,assist,Yes
2290,1,1,0.9770226323479997,-0.04629792645573616,-3.796298027038574,assist,Yes
2291,1,1,0.8354835330070839,-0.2880655825138092,-1.9130655527114868,assist,Yes
2292,1,1,0.8807970904940926,-0.147147536277771,-2.1471476554870605,assist,Yes
2293,1,1,0.924141817889503,-0.14607909321784973,-2.6460790634155273,assist,Yes
2294,1,0,0.002182716380437148,-6.605533599853516,-0.48053357005119324,assist,No
2295,1,1,0.998073265358164,-0.02508305385708809,-6.275083065032959,assist,Yes
2296,1,0,0.01590639031229368,-4.613793849945068,-0.4887937605381012,assist,No
2297,1,0,0.07585818002124356,-3.0898046493530273,-0.5898046493530273,assist,no
2298,1,0,0.06008665354025422,-2.9408984184265137,-0.19089847803115845,assist,no
2299,1,0,0.18242551491653522,-1.9022877216339111,-0.40228766202926636,assist,no
2300,1,0,0.029312234143221275,-4.046892166137695,-0.5468922853469849,assist,No
2301,1,0,0.0534033328129234,-3.4911980628967285,-0.6161981225013733,assist,No
2302,1,0,0.11920291576401235,-2.494673490524292,-0.4946734309196472,assist,No
2303,1,0,0.005911070257222078,-5.333463668823242,-0.2084639072418213,assist,No
2304,1,0,0.017986209172507078,-4.147433280944824,-0.14743323624134064,assist,No
2305,1,1,0.9241418210233833,-0.13733623921871185,-2.637336254119873,assist,Yes
2306,1,1,0.7981867729389246,-0.3025098145008087,-1.6775097846984863,assist,Yes
2307,1,0,0.0008040859086918316,-7.181588649749756,-0.05658861622214317,assist,No
2308,1,1,0.7549149868676283,-0.5404924154281616,-1.6654924154281616,assist,Yes
2309,1,0,0.017986209435701905,-4.329626083374023,-0.32962605357170105,assist,No
2310,1,1,0.8354835289107309,-0.4085994362831116,-2.033599376678467,assist,Yes
2311,1,0,0.0373268852023206,-3.908928871154785,-0.6589288115501404,assist,No
2312,1,0,0.09534947518185825,-3.0098209381103516,-0.7598210573196411,assist,no
2313,1,1,0.7981867825403176,-0.28051599860191345,-1.6555160284042358,assist,Yes
2314,1,0,0.0008040857919630916,-7.764744281768799,-0.6397441029548645,assist,No
2315,1,0,0.0159063879797589,-4.423338890075684,-0.2983386516571045,assist,No
2316,1,0,0.5,-1.2328771352767944,-1.2328771352767944,assist,no
2317,1,0,0.09534947261117097,-2.590918779373169,-0.3409188687801361,assist,No
2318,1,0,0.08509904964767095,-2.9310264587402344,-0.5560265183448792,assist,no
2319,1,0,0.01243165213378772,-4.477934837341309,-0.10293494164943695,assist,No
2320,1,0,0.004609572179374208,-5.811758518218994,-0.43675851821899414,assist,No
2321,1,0,0.22270013882530884,-1.8811320066452026,-0.6311320066452026,assist,No
2322,1,1,0.8175744806385543,-0.32637497782707214,-1.8263750076293945,assist,Yes
2323,1,1,0.7549149868676283,-0.30684709548950195,-1.431847095489502,assist,Yes
2324,1,0,0.24508501313237172,-1.8097351789474487,-0.6847351789474487,assist,no
2325,1,0,0.09534947004048376,-2.8020334243774414,-0.5520334839820862,assist,No
2326,1,0,0.10669059962643358,-2.6068227291107178,-0.48182278871536255,assist,no
2327,1,0,0.0002959570870602814,-8.40922737121582,-0.28422728180885315,assist,no
2328,1,0,0.06754669677084987,-2.967589855194092,-0.34258994460105896,assist,No
2329,1,0,0.4073334000459302,-1.4079794883728027,-1.0329794883728027,assist,no
2330,1,1,0.5621765008857981,-0.8474653959274292,-1.0974653959274292,assist,Yes
2331,1,0,0.20181324146316565,-2.168063163757324,-0.7930632829666138,assist,No
2332,1,1,0.9964063976720229,-0.028910089284181595,-5.653910160064697,assist,Yes
2333,1,1,0.6791787121629466,-0.5238158106803894,-1.2738158702850342,assist,Yes
2334,1,0,0.18242553269617778,-1.861933708190918,-0.36193376779556274,assist,no
2335,1,0,0.0015011820780507757,-7.024499893188477,-0.524499773979187,assist,no
2336,1,0,0.0010322308830991924,-7.307637691497803,-0.4326375424861908,assist,no
2337,1,0,0.16451645470385742,-2.336928129196167,-0.7119280695915222,assist,No
2338,1,0,0.010986943764029325,-4.661828994750977,-0.16182909905910492,assist,no
2339,1,0,0.00522012445548043,-5.68740177154541,-0.43740153312683105,assist,no
2340,1,1,0.9324533093296393,-0.10787438601255417,-2.7328743934631348,assist,Yes
2341,1,0,0.033085981248949035,-3.790041446685791,-0.4150415360927582,assist,No
2342,1,0,0.24508501313237172,-2.027777671813965,-0.9027776718139648,assist,no
2343,1,1,0.9465966645506146,-0.07478391379117966,-2.9497838020324707,assist,Yes
2344,1,0,0.29421497216298875,-1.4131265878677368,-0.5381265878677368,assist,No
2345,1,1,0.966914020538704,-0.03778604045510292,-3.4127860069274902,assist,Yes
2346,1,0,0.16451647108926923,-2.299654722213745,-0.6746547818183899,assist,no
2347,1,1,0.9324533032291502,-0.2049294412136078,-2.8299293518066406,assist,Yes
2348,1,0,0.46879062662624377,-1.2835867404937744,-1.1585867404937744,assist,no
2349,1,0,0.022977367902892003,-4.0518364906311035,-0.30183640122413635,assist,No
2350,1,0,0.001700722209038197,-6.95491361618042,-0.5799134969711304,assist,No
2351,1,0,0.0003353500505395985,-8.527989387512207,-0.5279891490936279,assist,No
2352,1,1,0.8670357666736773,-0.25302618741989136,-2.128026247024536,assist,Yes
2353,1,0,0.042087725512577126,-3.5965769290924072,-0.47157686948776245,assist,no
2354,1,0,0.009708477627578704,-5.3279547691345215,-0.702954888343811,assist,no
2355,1,0,0.01098694327827096,-5.141393661499023,-0.6413937211036682,assist,No
2356,1,1,0.7057850154599563,-0.6296911835670471,-1.5046911239624023,assist,Yes
2357,1,1,0.9890130592719601,-0.04388553276658058,-4.543885707855225,assist,Yes
2358,1,0,0.10669058826486906,-2.40995717048645,-0.2849571108818054,assist,No
2359,1,1,0.7772998714925403,-0.4515499472618103,-1.701550006866455,assist,Yes
2360,1,0,0.16451644651115205,-2.344653606414795,-0.7196534872055054,assist,no
2361,1,1,0.932453315430128,-0.12626422941684723,-2.7512643337249756,assist,Yes
2362,1,1,0.679178699175393,-0.5684912204742432,-1.3184912204742432,assist,Yes
2363,1,0,0.34864513533394575,-1.5349199771881104,-0.9099199771881104,assist,No
2364,1,0,0.022977365895758564,-4.06132698059082,-0.311326801776886,assist,no
2365,1,0,0.4378234991142019,-1.2536156177520752,-1.0036156177520752,assist,no
2366,1,0,0.01243164938964095,-4.819486141204834,-0.44448602199554443,assist,no
2367,1,0,0.022977371248114782,-4.458077907562256,-0.7080779671669006,assist,no
2368,1,0,0.0019267342621537913,-6.397052764892578,-0.1470525562763214,assist,No
2369,1,0,0.04208772791561884,-3.5903232097625732,-0.46532320976257324,assist,No
2370,1,0,0.4378234844434674,-1.0650482177734375,-0.8150481581687927,assist,No
2371,1,0,0.4073334000459302,-1.4557580947875977,-1.0807580947875977,assist,no
2372,1,0,0.0007096705153420891,-7.479541301727295,-0.22954146564006805,assist,No
2373,1,0,0.2689414213699951,-1.6678494215011597,-0.6678494215011597,assist,no
2374,1,1,0.9241418262465169,-0.13747349381446838,-2.6374735832214355,assist,Yes
2375,1,0,0.13296424706933604,-2.5520541667938232,-0.677054226398468,assist,No
2376,1,0,0.22270011818961086,-2.076188087463379,-0.8261879682540894,assist,no
2377,1,1,0.9241418231126367,-0.09413714706897736,-2.594137191772461,assist,Yes
2378,1,1,0.798186768138228,-0.46914488077163696,-1.8441448211669922,assist,Yes
2379,1,0,0.06008664344151498,-2.9698448181152344,-0.21984469890594482,assist,No
2380,1,0,0.010986940748279841,-4.530115604400635,-0.030115431174635887,assist,No
2381,1,0,0.10669060530721626,-2.89662504196167,-0.7716251611709595,assist,no
2382,1,0,0.005911067980632537,-5.314201831817627,-0.18920168280601501,assist,No
2383,1,0,0.11920292202211755,-2.572282552719116,-0.5722825527191162,assist,No
2384,1,0,0.01798620785653302,-4.593804359436035,-0.5938042402267456,assist,no
2385,1,1,0.5312093733737563,-1.1449377536773682,-1.2699377536773682,assist,Yes
2386,1,0,0.46879062662624377,-1.142588496208191,-1.017588496208191,assist,No
2387,1,0,0.07585818419975078,-2.850041151046753,-0.3500412106513977,assist,No
2388,1,0,0.09534945461636171,-2.7610630989074707,-0.5110629796981812,assist,No
2389,1,0,0.4378234991142019,-1.2995730638504028,-1.0495730638504028,assist,no
2390,1,1,0.817574478416099,-0.21255801618099213,-1.7125580310821533,assist,Yes
2391,1,0,0.0028009264676790765,-6.401344299316406,-0.5263441205024719,assist,No
2392,1,1,0.9241418199787566,-0.15216517448425293,-2.652165174484253,assist,Yes
2393,1,1,0.679178699175393,-0.8718010187149048,-1.6218010187149048,assist,Yes
2394,1,0,0.4378234991142019,-1.352720856666565,-1.102720856666565,assist,no
2395,1,0,0.025957355125646668,-3.6955478191375732,-0.07054773718118668,assist,No
2396,1,0,0.24508501313237172,-2.023967981338501,-0.898967981338501,assist,no
2397,1,0,0.06754668832401889,-2.8709285259246826,-0.24592848122119904,assist,No
2398,1,1,0.8354835452961425,-0.5736276507377625,-2.1986277103424072,assist,Yes
2399,1,1,0.8933093946927838,-0.18275701999664307,-2.3077569007873535,assist,Yes
2400,1,0,0.01243164902375476,-4.774881362915039,-0.3998812139034271,assist,No
2401,1,0,0.020332356904444657,-4.525516510009766,-0.6505166888237,assist,no
2402,1,0,0.22270013882530884,-1.854583978652954,-0.6045839786529541,assist,no
2403,1,1,0.7981867777396212,-0.31473052501678467,-1.6897305250167847,assist,Yes
2404,1,1,0.6224593171945417,-0.829433023929596,-1.3294329643249512,assist,Yes
2405,1,0,0.006692850131774789,-5.483016490936279,-0.48301637172698975,assist,No
2406,1,1,0.6791787121629466,-0.47404640913009644,-1.2240464687347412,assist,Yes
2407,1,1,0.9465966686936261,-0.17537334561347961,-3.0503733158111572,assist,Yes
2408,1,1,0.9890130552644538,-0.012765124440193176,-4.512764930725098,assist,Yes
2409,1,0,0.37754066879814546,-1.46919846534729,-0.96919846534729,assist,no
2410,1,0,0.006692851518667466,-5.322885513305664,-0.3228856027126312,assist,No
2411,1,0,0.020332352749027827,-4.120372772216797,-0.2453727424144745,assist,No
2412,1,0,0.02595735569077852,-4.172420024871826,-0.5474199652671814,assist,No
2413,1,1,0.7057850154599563,-0.7917860150337219,-1.6667859554290771,assist,Yes
2414,1,0,0.033085978388704126,-3.8816630840301514,-0.5066630840301514,assist,no
2415,1,0,0.1645164792819756,-2.3886141777038574,-0.763614296913147,assist,No
2416,1,0,0.13296425394084313,-2.4165964126586914,-0.541596531867981,assist,No
2417,1,1,0.5312093733737563,-1.0835400819778442,-1.2085400819778442,assist,Yes
2418,1,0,0.08509904732734556,-2.6375176906585693,-0.2625177204608917,assist,No
2419,1,0,0.01798621101487092,-4.489881992340088,-0.48988205194473267,assist,No
2420,1,0,0.007577240147319397,-5.198812484741211,-0.323812335729599,assist,No
2421,1,0,0.16451644651115205,-2.1326050758361816,-0.5076049566268921,assist,no
2422,1,1,0.9465966690702636,-0.10221841186285019,-2.9772183895111084,assist,Yes
2423,1,0,0.13296425394084313,-2.4862895011901855,-0.6112896203994751,assist,no
2424,1,1,0.6791787121629466,-0.817180335521698,-1.5671803951263428,assist,Yes
2425,1,0,0.07585818211049715,-2.867624282836914,-0.36762431263923645,assist,no
2426,1,1,0.7310585786300049,-0.49951064586639404,-1.499510645866394,assist,Yes
2427,1,1,0.8175744584140004,-0.550233006477356,-2.0502328872680664,assist,Yes
2428,1,0,0.0850990542883219,-2.973818302154541,-0.5988184213638306,assist,No
2429,1,0,0.006692849537392301,-5.396788597106934,-0.3967883884906769,assist,No
2430,1,1,0.8354835452961425,-0.38506168127059937,-2.010061740875244,assist,Yes
2431,1,0,0.16451644651115205,-2.2468152046203613,-0.6218150854110718,assist,no
2432,1,1,0.8354835391516132,-0.22135065495967865,-1.8463506698608398,assist,Yes
2433,1,1,0.932453315430128,-0.10853661596775055,-2.733536720275879,assist,Yes
2434,1,0,0.3486451488696663,-1.4016354084014893,-0.776635468006134,assist,No
2435,1,0,0.06008664344151498,-3.3221912384033203,-0.5721911191940308,assist,No
2436,1,0,0.0373268852023206,-3.3759357929229736,-0.12593573331832886,assist,No
2437,1,1,0.9525741298517642,-0.0973769947886467,-3.097377061843872,assist,Yes
2438,1,0,0.025957358704815272,-4.277789115905762,-0.6527891755104065,assist,No
2439,1,0,0.017986210488481234,-4.44329309463501,-0.44329312443733215,assist,No
2440,1,0,0.08509904500702024,-2.938783884048462,-0.5637838840484619,assist,no
2441,1,1,0.8933093946927838,-0.16566288471221924,-2.2906627655029297,assist,Yes
2442,1,0,0.047425871831197425,-3.2992398738861084,-0.299239844083786,assist,No
2443,1,1,0.9525741221101401,-0.05436478555202484,-3.0543646812438965,assist,Yes
2444,1,1,0.8175744673038221,-0.4604719281196594,-1.9604718685150146,assist,Yes
2445,1,1,0.9149009515124917,-0.16625170409679413,-2.5412516593933105,assist,Yes
2446,1,1,0.867035763237924,-0.24405881762504578,-2.119058847427368,assist,Yes
2447,1,0,0.022977371917159397,-4.126358509063721,-0.37635859847068787,assist,no
2448,1,0,0.07585817166422973,-2.946928024291992,-0.44692790508270264,assist,no
2449,1,0,0.00407013783670198,-5.633930206298828,-0.1339302361011505,assist,No
2450,1,0,0.005911069294049474,-5.312544822692871,-0.18754489719867706,assist,No
2451,1,0,0.2689414096510108,-1.8572063446044922,-0.8572062849998474,assist,No
2452,1,0,0.014063627869714051,-4.8406901359558105,-0.5906901955604553,assist,no
2453,1,0,0.0010322308370025084,-7.037282943725586,-0.16228275001049042,assist,no
2454,1,0,0.02595736021183377,-4.170586585998535,-0.5455867052078247,assist,No
2455,1,1,0.6224593312018546,-0.941797137260437,-1.441797137260437,assist,Yes
2456,1,0,0.01098694327827096,-5.141393661499023,-0.6413937211036682,assist,No
2457,1,1,0.9626731089077046,-0.1876290887594223,-3.437628984451294,assist,Yes
2458,1,1,0.8519528132451416,-0.34951892495155334,-2.0995190143585205,assist,Yes
2459,1,0,0.1480472055495773,-2.498912811279297,-0.7489128708839417,assist,no
2460,1,0,0.11920292828022305,-2.7218616008758545,-0.7218616604804993,assist,No
2461,1,0,0.34864513533394575,-1.27009916305542,-0.6450991630554199,assist,No
2462,1,0,0.006692850924284856,-5.530828952789307,-0.5308289527893066,assist,No
2463,1,1,0.7310585786300049,-0.40857994556427,-1.40857994556427,assist,Yes
2464,1,1,0.957912274787803,-0.10049717873334885,-3.225497245788574,assist,Yes
2465,1,0,0.008577487441202876,-5.334341049194336,-0.584341287612915,assist,no
2466,1,0,0.24508503518827837,-2.0143556594848633,-0.8893557786941528,assist,no
2467,1,0,0.05340332678672523,-3.494023561477661,-0.6190235018730164,assist,No
2468,1,0,0.3775406547908327,-1.435239315032959,-0.9352392554283142,assist,no
2469,1,1,0.867035752930664,-0.2762830853462219,-2.151283025741577,assist,Yes
2470,1,0,0.008577486934330109,-5.393279552459717,-0.6432797312736511,assist,No
2471,1,1,0.867035763237924,-0.37532588839530945,-2.250325918197632,assist,Yes
2472,1,0,0.060086646807761206,-3.1686623096466064,-0.41866225004196167,assist,no
2473,1,0,0.16451647108926923,-2.238529682159424,-0.6135297417640686,assist,No
2474,1,1,0.8175744806385543,-0.44501110911369324,-1.9450111389160156,assist,Yes
2475,1,0,0.0003799843449501338,-8.003134727478027,-0.12813428044319153,assist,No
2476,1,0,0.10669060530721626,-2.894026279449463,-0.7690263986587524,assist,no
2477,1,0,0.022977367233847502,-4.010614395141602,-0.260614275932312,assist,no
2478,1,0,0.03308597934211908,-3.6343276500701904,-0.2593276798725128,assist,No
2479,1,0,0.2689414330889798,-1.6769933700561523,-0.6769934296607971,assist,No
2480,1,1,0.9914225131131892,-0.016701871529221535,-4.766701698303223,assist,Yes
2481,1,0,0.10669058684467357,-2.29988694190979,-0.17488686740398407,assist,No
2482,1,0,0.004070138199119559,-5.758198261260986,-0.2581983804702759,assist,No
2483,1,0,0.004609571905888793,-5.9054436683654785,-0.5304436087608337,assist,No
2484,1,0,0.4073334000459302,-1.4046130180358887,-1.0296130180358887,assist,no
2485,1,0,0.022977371248114782,-4.401120662689209,-0.6511207222938538,assist,No
2486,1,0,0.5,-1.0427676439285278,-1.0427676439285278,assist,No
2487,1,0,0.029312234143221275,-4.157581806182861,-0.6575819253921509,assist,no
2488,1,0,0.00407013711186692,-5.820302486419678,-0.3203023374080658,assist,No
2489,1,1,0.8175744584140004,-0.6168385744094849,-2.1168384552001953,assist,Yes
2490,1,0,0.37754066879814546,-1.536396861076355,-1.036396861076355,assist,no
2491,1,0,0.5,-0.9470961093902588,-0.9470961093902588,assist,No
2492,1,0,0.01798620890931226,-4.541868209838867,-0.5418681502342224,assist,no
2493,1,0,0.0953494648991095,-2.649069309234619,-0.39906930923461914,assist,No
2494,1,0,0.0013250221805946513,-7.321540832519531,-0.6965406537055969,assist,no
2495,1,0,0.24508501313237172,-1.8630789518356323,-0.7380789518356323,assist,no
2496,1,0,0.05340332377362639,-2.9658260345458984,-0.09082591533660889,assist,No
2497,1,0,0.4073334000459302,-1.3941360712051392,-1.0191360712051392,assist,no
2498,1,1,0.5926665999540697,-0.9216339588165283,-1.2966339588165283,assist,Yes
2499,1,1,0.9241418278134569,-0.09963787347078323,-2.599637985229492,assist,Yes
2500,1,1,0.6224593312018546,-0.7701636552810669,-1.270163655281067,assist,Yes
2501,1,1,0.9940889298029763,-0.010953654535114765,-5.135953426361084,assist,Yes
2502,1,1,0.9924227600487753,-0.0215037502348423,-4.896503925323486,assist,Yes
2503,1,1,0.5621765155565327,-0.9356419444084167,-1.1856420040130615,assist,yes
2504,1,1,0.8354835411997897,-0.46770593523979187,-2.0927059650421143,assist,Yes
2505,1,0,0.06754669864792355,-3.1995291709899902,-0.5745292901992798,assist,No
2506,1,0,0.06754668738548215,-3.3678152561187744,-0.7428151965141296,assist,no
2507,1,0,0.24508501313237172,-1.6079773902893066,-0.48297739028930664,assist,No
2508,1,0,0.22270013882530884,-1.605999231338501,-0.355999231338501,assist,No
2509,1,0,0.06008665522337757,-3.060868740081787,-0.3108688294887543,assist,No
2510,1,0,0.07585818419975078,-3.050116777420044,-0.5501168370246887,assist,no
2511,1,0,0.05340332678672523,-3.5509085655212402,-0.6759085059165955,assist,No
2512,1,0,0.009708475908421797,-4.924004077911377,-0.2990040183067322,assist,no
2513,1,0,0.020332356904444657,-4.52414083480835,-0.6491410136222839,assist,No
2514,1,0,0.14804719051380197,-2.4123857021331787,-0.6623856425285339,assist,no
2515,1,1,0.9740426428022031,-0.06800055503845215,-3.693000555038452,assist,Yes
2516,1,0,0.037326888415033926,-3.5402984619140625,-0.2902984917163849,assist,No
2517,1,0,0.07585817584273653,-3.082984447479248,-0.5829843878746033,assist,No
2518,1,0,0.029312233083263427,-3.608473539352417,-0.10847362130880356,assist,No
2519,1,0,0.0373268852023206,-3.856210947036743,-0.6062108874320984,assist,No
2520,1,0,0.46879061178313897,-1.0933737754821777,-0.968373715877533,assist,No
2521,1,0,0.009708478200631072,-5.329988956451416,-0.7049891352653503,assist,no
2522,1,0,0.2689414096510108,-1.582576036453247,-0.5825759768486023,assist,No
2523,1,0,0.0031726830074285195,-5.792956352233887,-0.0429564043879509,assist,No
2524,1,0,0.0005527786286911093,-7.645343780517578,-0.14534376561641693,assist,No
2525,1,0,0.06008664344151498,-3.42714786529541,-0.6771477460861206,assist,no
2526,1,1,0.5621765008857981,-0.6190741062164307,-0.8690741062164307,assist,Yes
2527,1,0,0.02297736522671412,-4.12064266204834,-0.37064245343208313,assist,No
2528,1,1,0.893309401793762,-0.16398148238658905,-2.2889814376831055,assist,Yes
2529,1,0,0.24508502416032488,-1.5324909687042236,-0.4074910283088684,assist,no
2530,1,0,0.08509904036636974,-2.7327468395233154,-0.35774677991867065,assist,No
2531,1,0,0.002472622936111669,-6.432807922363281,-0.4328078329563141,assist,No
2532,1,1,0.9465966656805269,-0.069143146276474,-2.944143056869507,assist,Yes
2533,1,0,0.13296424706933604,-2.345076084136963,-0.47007614374160767,assist,No
2534,1,0,0.017986212067650338,-4.5382399559021,-0.5382400751113892,assist,No
2535,1,0,0.07585818837825822,-2.9796791076660156,-0.4796792268753052,assist,no
2536,1,0,0.0007096704836398597,-7.333736419677734,-0.08373653888702393,assist,No
2537,1,0,0.2689414213699951,-1.5078668594360352,-0.5078668594360352,assist,no
2538,1,0,0.0850990357257195,-2.9660377502441406,-0.5910376310348511,assist,No
2539,1,0,0.009708477269420993,-4.673128604888916,-0.04812868684530258,assist,No
2540,1,0,0.01243165231673086,-4.699895858764648,-0.324895977973938,assist,No
2541,1,0,0.010986941335237732,-5.143859386444092,-0.6438592672348022,assist,No
2542,1,1,0.7772998663336157,-0.4803294837474823,-1.7303295135498047,assist,Yes
2543,1,0,0.46879062662624377,-1.2465401887893677,-1.1215401887893677,assist,No
2544,1,1,0.5621765008857981,-1.1027133464813232,-1.3527133464813232,assist,Yes
2545,1,0,0.01798621101487092,-4.540055751800537,-0.5400558114051819,assist,no
2546,1,0,0.009708474654870078,-4.673243045806885,-0.048242855817079544,assist,No
2547,1,0,0.1480471980316895,-2.2692935466766357,-0.5192935466766357,assist,No
2548,1,0,0.020332349187242645,-4.212860584259033,-0.3378603756427765,assist,no
2549,1,1,0.9525741283370988,-0.0574016235768795,-3.057401657104492,assist,Yes
2550,1,1,0.9046505351008906,-0.2755558490753174,-2.5255558490753174,assist,Yes
2551,1,0,0.20181323186177208,-2.2273895740509033,-0.8523896336555481,assist,no
2552,1,1,0.798186768138228,-0.49172717332839966,-1.8667271137237549,assist,Yes
2553,1,1,0.8354835248143776,-0.41239461302757263,-2.0373945236206055,assist,Yes
2554,1,0,0.13296425050508953,-2.256448984146118,-0.3814490735530853,assist,no
2555,1,0,0.00857748528699382,-4.985826015472412,-0.23582600057125092,assist,No
2556,1,0,0.033085986016024416,-4.032079696655273,-0.6570799350738525,assist,No
2557,1,0,0.10669059962643358,-2.718153238296509,-0.5931532979011536,assist,no
2558,1,0,0.08509904268669496,-2.7555243968963623,-0.3805243670940399,assist,no
2559,1,1,0.6513548646660542,-0.9278604984283447,-1.5528604984283447,assist,Yes
2560,1,1,0.6513548646660542,-0.9127025604248047,-1.5377025604248047,assist,Yes
2561,1,0,0.01590639054554718,-4.3429059982299805,-0.2179059237241745,assist,No
2562,1,0,0.012431652499674001,-4.614933490753174,-0.23993362486362457,assist,No
2563,1,0,0.10669060530721626,-2.8959741592407227,-0.7709742784500122,assist,no
2564,1,0,0.042087723109535534,-3.6800718307495117,-0.5550717115402222,assist,No
2565,1,0,0.009708476481474066,-4.8635735511779785,-0.23857355117797852,assist,No
2566,1,1,0.5621765008857981,-1.031417727470398,-1.281417727470398,assist,Yes
2567,1,0,0.0028009275081831283,-6.08168888092041,-0.20668907463550568,assist,No
2568,1,0,0.022977369240981062,-3.853001117706299,-0.10300108790397644,assist,No
2569,1,0,0.0035936019011258242,-5.673447608947754,-0.048447418957948685,assist,No
2570,1,0,0.02595736247236169,-4.124044895172119,-0.49904510378837585,assist,no
2571,1,0,0.04742587721667508,-3.3241219520568848,-0.32412204146385193,assist,No
2572,1,0,0.015906394977364253,-4.302220344543457,-0.17722055315971375,assist,No
2573,1,0,0.006692849834583539,-5.151369094848633,-0.15136893093585968,assist,No
2574,1,0,0.29421497216298875,-1.3319785594940186,-0.45697855949401855,assist,no
2575,1,0,0.37754066879814546,-1.1242234706878662,-0.6242234706878662,assist,No
2576,1,0,0.03732689162774753,-3.7588930130004883,-0.5088931322097778,assist,no
2577,1,1,0.6224593312018546,-0.9324846267700195,-1.4324846267700195,assist,Yes
2578,1,1,0.5621765008857981,-0.7999227046966553,-1.0499227046966553,assist,Yes
2579,1,0,0.004609573136573289,-5.7677226066589355,-0.39272281527519226,assist,No
2580,1,0,0.012431651584958318,-5.080000877380371,-0.7050009369850159,assist,no
2581,1,0,0.015906394510857135,-4.831261157989502,-0.7062613368034363,assist,no
2582,1,0,0.012431653780276067,-4.504047393798828,-0.12904763221740723,assist,No
2583,1,0,0.18242551936144574,-1.9420913457870483,-0.44209131598472595,assist,No
2584,1,0,0.14804719051380197,-2.4123857021331787,-0.6623856425285339,assist,no
2585,1,0,0.24508501864634827,-1.5547394752502441,-0.42973950505256653,assist,No
2586,1,1,0.9465966717067252,-0.22958657145500183,-3.104586601257324,assist,Yes
2587,1,0,0.01590639031229368,-4.492328643798828,-0.36732855439186096,assist,No
2588,1,1,0.6224593312018546,-0.609196662902832,-1.109196662902832,assist,Yes
2589,1,0,0.29421497216298875,-1.68422532081604,-0.80922532081604,assist,no
2590,1,0,0.05340333582602272,-3.4990921020507812,-0.6240922212600708,assist,no
2591,1,0,0.46879062662624377,-1.284606695175171,-1.159606695175171,assist,no
2592,1,0,0.05340332678672523,-3.606034517288208,-0.7310344576835632,assist,no
2593,1,0,0.04208773272170267,-3.5113000869750977,-0.3863002061843872,assist,No
2594,1,0,0.033085970761385544,-4.03275203704834,-0.6577517986297607,assist,No
2595,1,1,0.679178699175393,-0.687079906463623,-1.437079906463623,assist,Yes
2596,1,0,0.14804719427274565,-2.0784668922424316,-0.32846686244010925,assist,No
2597,1,1,0.6224593312018546,-0.9172518253326416,-1.4172518253326416,assist,Yes
2598,1,0,0.07585818002124356,-3.008281946182251,-0.508281946182251,assist,no
2599,1,0,0.00669285191492257,-5.153998851776123,-0.15399900078773499,assist,no
2600,1,0,0.017986209962091555,-4.591089248657227,-0.5910892486572266,assist,no
2601,1,1,0.9149009584734678,-0.1255931407213211,-2.5005931854248047,assist,Yes
2602,1,0,0.020332353936289693,-4.244635105133057,-0.36963513493537903,assist,No
2603,1,0,0.01098694392594878,-5.085394859313965,-0.5853949785232544,assist,No
2604,1,0,0.060086656906500974,-3.3744096755981445,-0.6244097948074341,assist,No
2605,1,0,0.033085978388704126,-3.7987005710601807,-0.42370057106018066,assist,no
2606,1,0,0.010986943116351513,-4.714603424072266,-0.2146034687757492,assist,No
2607,1,1,0.8933094032139576,-0.2521868050098419,-2.3771867752075195,assist,Yes
2608,1,0,0.009708476481474066,-5.211813449859619,-0.5868134498596191,assist,No
2609,1,1,0.9980732653724915,-0.011347752064466476,-6.261347770690918,assist,Yes
2610,1,0,0.008577486174021013,-5.188137531280518,-0.43813762068748474,assist,No
2611,1,1,0.8175744939732856,-0.5587996244430542,-2.0587997436523438,assist,Yes
2612,1,0,0.22270014398423357,-1.6339484453201294,-0.3839484751224518,assist,No
2613,1,1,0.8807970654616711,-0.31921064853668213,-2.3192105293273926,assist,Yes
2614,1,0,0.0075772408196442265,-5.357964038848877,-0.4829639792442322,assist,No
2615,1,0,0.0035936018344303144,-6.018692493438721,-0.393692284822464,assist,No
2616,1,0,0.0015011824354232285,-6.978426456451416,-0.47842657566070557,assist,No
2617,1,0,0.1329642333263228,-2.433570623397827,-0.5585705637931824,assist,No
2618,1,0,0.2018132174596823,-1.7862590551376343,-0.4112590253353119,assist,no
2619,1,0,0.0015011819887076757,-6.787133693695068,-0.28713351488113403,assist,No
2620,1,0,0.00359360194114313,-6.2646050453186035,-0.6396048665046692,assist,no
2621,1,0,0.004609572999830552,-5.770031929016113,-0.3950321078300476,assist,no
2622,1,0,0.03308597648187432,-3.978292226791382,-0.6032921671867371,assist,No
2623,1,0,0.22270012850745968,-1.8832683563232422,-0.6332682967185974,assist,No
2624,1,0,0.001169510439122326,-6.895967483520508,-0.14596763253211975,assist,No
2625,1,0,0.2689414096510108,-1.7750539779663086,-0.7750539183616638,assist,No
2626,1,0,0.4073334000459302,-1.1872870922088623,-0.8122870922088623,assist,no
2627,1,0,0.04208772671409796,-3.2795639038085938,-0.15456387400627136,assist,No
2628,1,0,0.22270012850745968,-1.702786922454834,-0.4527868628501892,assist,No
2629,1,0,0.11920293140927592,-2.2805538177490234,-0.2805539071559906,assist,No
2630,1,0,0.20181324146316565,-2.0265560150146484,-0.651556134223938,assist,No
2631,1,0,0.4378235137849365,-1.0946495532989502,-0.844649612903595,assist,No
2632,1,0,0.047425867792089564,-3.480769157409668,-0.4807690382003784,assist,no
2633,1,0,0.02931223159932252,-3.9555444717407227,-0.45554450154304504,assist,no
2634,1,1,0.7772998560157665,-0.37937131524086,-1.6293712854385376,assist,Yes
2635,1,0,0.06008665017400762,-3.0371434688568115,-0.2871434688568115,assist,No
2636,1,0,0.16451644651115205,-2.278273105621338,-0.6532729864120483,assist,No
2637,1,0,0.01243165231673086,-4.908605098724365,-0.5336052179336548,assist,No
2638,1,0,0.0011695099865486702,-7.036586761474609,-0.2865865230560303,assist,No
2639,1,0,0.3208212878370535,-1.454146146774292,-0.7041460871696472,assist,No
2640,1,1,0.6224593171945417,-0.7713111042976379,-1.2713110446929932,assist,yes
2641,1,0,0.0031726828896118543,-5.881370544433594,-0.13137055933475494,assist,No
2642,1,1,0.867035752930664,-0.25448304414749146,-2.1294829845428467,assist,Yes
2643,1,1,0.7310585786300049,-0.4854031801223755,-1.4854031801223755,assist,Yes
2644,1,1,0.731058584489497,-0.38906607031822205,-1.3890661001205444,assist,Yes
2645,1,0,0.010986942792512623,-4.699521541595459,-0.19952155649662018,assist,no
2646,1,1,0.8519528019683106,-0.259629487991333,-2.009629487991333,assist,Yes
2647,1,0,0.006692852311177695,-5.289866924285889,-0.2898671329021454,assist,No
2648,1,0,0.24508500210441886,-1.4884052276611328,-0.36340516805648804,assist,No
2649,1,0,0.00970847848715727,-4.915432453155518,-0.2904326617717743,assist,No
2650,1,0,0.025957358704815272,-3.849123954772949,-0.224124014377594,assist,no
2651,1,0,0.32082130082460697,-1.556105613708496,-0.8061056137084961,assist,no
2652,1,0,0.0035936021545687705,-6.154456615447998,-0.5294564962387085,assist,No
2653,1,0,0.0009110511944006454,-7.527590751647949,-0.5275907516479492,assist,No
2654,1,1,0.6224593312018546,-0.5691577196121216,-1.0691577196121216,assist,Yes
2655,1,0,0.37754066879814546,-1.4909427165985107,-0.9909427165985107,assist,No
2656,1,0,0.06008665354025422,-3.4851531982421875,-0.7351532578468323,assist,no
2657,1,0,0.01590639171181471,-4.830901622772217,-0.7059016227722168,assist,no
2658,1,1,0.9046505376715775,-0.2724582850933075,-2.52245831489563,assist,Yes
2659,1,0,0.06754669677084987,-3.060624599456787,-0.4356246888637543,assist,no
2660,1,0,0.11920293453832885,-2.668059825897217,-0.6680599451065063,assist,No
2661,1,0,0.0011695103694955987,-7.141781806945801,-0.39178189635276794,assist,no
2662,1,1,0.5621765008857981,-0.9170719385147095,-1.1670719385147095,assist,Yes
2663,1,0,0.16451647108926923,-2.247377634048462,-0.6223776936531067,assist,no
2664,1,1,0.9980732649462445,-0.01677771843969822,-6.266777515411377,assist,Yes
2665,1,0,0.20181322226037882,-2.0004987716674805,-0.6254987716674805,assist,no
2666,1,0,0.002472623524173327,-6.255244731903076,-0.2552448809146881,assist,no
2667,1,1,0.7772998611746911,-0.45872318744659424,-1.7087231874465942,assist,Yes
2668,1,1,0.5312093733737563,-0.8248007893562317,-0.9498007893562317,assist,Yes
2669,1,0,0.29421497216298875,-1.7222199440002441,-0.8472199440002441,assist,no
2670,1,0,0.09534947004048376,-2.4725964069366455,-0.22259646654129028,assist,No
2671,1,0,0.16451645470385742,-2.333749771118164,-0.7087497115135193,assist,No
2672,1,1,0.817574471748733,-0.2719806730747223,-1.7719806432724,assist,Yes
2673,1,0,0.00669285191492257,-5.0693864822387695,-0.06938663125038147,assist,No
2674,1,0,0.08509904964767095,-2.9782567024230957,-0.6032567620277405,assist,no
2675,1,0,0.0009110513571608901,-7.579535007476807,-0.579535186290741,assist,no
2676,1,0,0.0035936021545687705,-6.32326078414917,-0.6982606649398804,assist,no
2677,1,0,0.01098694263059318,-4.985806941986084,-0.485806941986084,assist,no
2678,1,0,0.06008665354025422,-3.375255823135376,-0.6252558827400208,assist,no
2679,1,0,0.2018132174596823,-1.8522931337356567,-0.47729310393333435,assist,No
2680,1,0,0.0011695100735820523,-6.913580894470215,-0.1635807305574417,assist,No
2681,1,0,0.08509904964767095,-2.9378092288970947,-0.5628092885017395,assist,no
2682,1,1,0.5621765008857981,-1.075787901878357,-1.325787901878357,assist,Yes
2683,1,0,0.033085978388704126,-3.8816630840301514,-0.5066630840301514,assist,no
2684,1,0,0.001700722360836013,-6.729435443878174,-0.35443541407585144,assist,No
2685,1,1,0.5621765008857981,-0.6907049417495728,-0.9407049417495728,assist,Yes
2686,1,0,0.017986209962091555,-4.493101119995117,-0.4931011199951172,assist,no
2687,1,0,0.020332356904444657,-4.17574405670166,-0.3007442355155945,assist,No
2688,1,0,0.004070138138716626,-5.648554801940918,-0.14855490624904633,assist,No
2689,1,0,0.0031726826539785367,-6.280094146728516,-0.5300940871238708,assist,No
2690,1,0,0.4073334000459302,-1.3845458030700684,-1.0095458030700684,assist,no
2691,1,0,0.037326887344129464,-3.708911180496216,-0.4589111804962158,assist,No
2692,1,1,0.9820137908274928,-0.09146590530872345,-4.091465950012207,assist,Yes
2693,1,0,0.07585817793199003,-2.9928572177886963,-0.4928571879863739,assist,No
2694,1,0,0.0017007227150309691,-6.9024271965026855,-0.5274273753166199,assist,no
2695,1,0,0.0021827163155291175,-6.5586652755737305,-0.4336652159690857,assist,No
2696,1,1,0.7310585903489892,-0.4334866404533386,-1.4334867000579834,assist,Yes
2697,1,0,0.10669058826486906,-2.789503812789917,-0.6645037531852722,assist,No
2698,1,0,0.07585818837825822,-3.0473690032958984,-0.547369122505188,assist,no
2699,1,0,0.001169510325978896,-6.8222198486328125,-0.07221990078687668,assist,No
2700,1,0,0.03308597648187432,-4.03141450881958,-0.6564144492149353,assist,No
2701,1,1,0.6791786861878392,-0.8641777634620667,-1.6141777038574219,assist,Yes
2702,1,0,0.04742587856304458,-3.427489757537842,-0.42748987674713135,assist,No
2703,1,0,0.004609573170758976,-5.495604991912842,-0.12060520797967911,assist,No
2704,1,0,0.13296425394084313,-2.6655898094177246,-0.7905899286270142,assist,no
2705,1,0,0.2227001594610082,-2.0749802589416504,-0.8249803781509399,assist,no
2706,1,0,0.32082130082460697,-1.5294816493988037,-0.7794816493988037,assist,no
2707,1,0,0.0003799845628623686,-7.96609354019165,-0.09109366685152054,assist,No
2708,1,1,0.7057850278370112,-0.7522492408752441,-1.6272492408752441,assist,Yes
2709,1,0,0.4073334000459302,-1.3446506261825562,-0.9696506261825562,assist,no
2710,1,0,0.000552778571063681,-8.135374069213867,-0.6353739500045776,assist,No
2711,1,0,0.01098694327827096,-4.940483093261719,-0.4404831528663635,assist,No
2712,1,0,0.06008665354025422,-3.0613813400268555,-0.31138139963150024,assist,No
2713,1,1,0.966914024948248,-0.20189370214939117,-3.5768938064575195,assist,Yes
2714,1,1,0.6513548511303336,-0.46662312746047974,-1.091623067855835,assist,Yes
2715,1,0,0.009708477699210249,-4.698719501495361,-0.07371962815523148,assist,No
2716,1,0,0.022977371248114782,-3.9530625343322754,-0.20306259393692017,assist,No
2717,1,0,0.01406362415060583,-4.651951313018799,-0.4019511044025421,assist,No
2718,1,1,0.9579122741870427,-0.07093114405870438,-3.1959311962127686,assist,Yes
2719,1,0,0.29421497216298875,-1.4728384017944336,-0.5978384017944336,assist,no
2720,1,0,0.033085981248949035,-3.686758518218994,-0.3117586076259613,assist,No
2721,1,0,0.34864513533394575,-1.5152645111083984,-0.8902645111083984,assist,no
2722,1,1,0.5926666143433998,-0.7267886996269226,-1.1017887592315674,assist,Yes
2723,1,0,0.18242553269617778,-2.181562662124634,-0.6815627217292786,assist,No
2724,1,0,0.0534033328129234,-3.354853630065918,-0.47985368967056274,assist,No
2725,1,0,0.009708476481474066,-4.950185298919678,-0.32518529891967773,assist,No
2726,1,0,0.017986206277364275,-4.161856174468994,-0.16185596585273743,assist,No
2727,1,1,0.5621765008857981,-1.0341708660125732,-1.2841708660125732,assist,Yes
2728,1,1,0.9399133531922388,-0.15465182065963745,-2.9046518802642822,assist,Yes
2729,1,1,0.8354835371034369,-0.26459646224975586,-1.8895964622497559,assist,Yes
2730,1,0,0.2942149597859341,-1.4352505207061768,-0.560250461101532,assist,No
2731,1,0,0.08509904964767095,-2.8361976146698,-0.4611976742744446,assist,No
2732,1,0,0.03308598029553404,-3.75437068939209,-0.3793707489967346,assist,No
2733,1,0,0.014063628076331205,-4.491864204406738,-0.24186427891254425,assist,No
2734,1,0,0.46879062662624377,-1.214943766593933,-1.089943766593933,assist,no
2735,1,0,0.24508501313237172,-1.6289862394332886,-0.5039862394332886,assist,No
2736,1,0,0.4073334000459302,-1.3973612785339355,-1.0223612785339355,assist,No
2737,1,0,0.0675466911396291,-3.1109273433685303,-0.4859273433685303,assist,No
2738,1,0,0.11920292202211755,-2.4602386951446533,-0.4602386951446533,assist,No
2739,1,0,0.18242553269617778,-2.1154587268829346,-0.6154587864875793,assist,no
2740,1,0,0.09534945718704857,-2.7210752964019775,-0.4710752069950104,assist,No
2741,1,0,0.1480472055495773,-2.14495849609375,-0.3949585556983948,assist,No
2742,1,0,0.5,-1.1983619928359985,-1.1983619928359985,assist,no
2743,1,0,0.13296424706933604,-2.393125534057617,-0.518125593662262,assist,no
2744,1,0,0.00132502237777674,-7.1020050048828125,-0.4770049750804901,assist,No
2745,1,0,0.09534945461636171,-2.7217764854431152,-0.4717763662338257,assist,No
2746,1,1,0.880797071719777,-0.21978384256362915,-2.2197837829589844,assist,Yes
2747,1,0,0.004609571358918011,-5.634787559509277,-0.259787380695343,assist,No
2748,1,0,0.0159063879797589,-4.829647064208984,-0.7046468257904053,assist,no
2749,1,1,0.8175744584140004,-0.5211974382400513,-2.0211973190307617,assist,Yes
2750,1,1,0.754914975839675,-0.4361019730567932,-1.5611019134521484,assist,Yes
2751,1,0,0.24508501313237172,-1.9585316181182861,-0.8335316181182861,assist,No
2752,1,0,0.002472623524173327,-6.391714572906494,-0.3917147219181061,assist,No
2753,1,0,0.24508500210441886,-1.7186775207519531,-0.5936774611473083,assist,No
2754,1,0,0.01098694263059318,-4.985753536224365,-0.48575353622436523,assist,No
2755,1,1,0.5312093733737563,-1.0401474237442017,-1.1651474237442017,assist,Yes
2756,1,1,0.880797068590724,-0.33160218596458435,-2.331602096557617,assist,Yes
2757,1,0,0.10669059394565118,-2.6985089778900146,-0.5735089778900146,assist,no
2758,1,1,0.5926665999540697,-0.7069188356399536,-1.0819188356399536,assist,Yes
2759,1,1,0.5621764862150634,-0.7984231114387512,-1.0484230518341064,assist,Yes
2760,1,0,0.0021827169483824974,-6.2416534423828125,-0.116653673350811,assist,No
2761,1,0,0.004609571632403393,-5.695093154907227,-0.320093035697937,assist,No
2762,1,0,0.014063628282948357,-4.692233085632324,-0.4422331750392914,assist,no
2763,1,0,0.22270014914315833,-1.8848459720611572,-0.634846031665802,assist,no
2764,1,0,0.2942149845400438,-1.8085262775421143,-0.933526337146759,assist,no
2765,1,0,0.03732688948593843,-3.912416458129883,-0.6624165177345276,assist,no
2766,1,0,0.09534946232842245,-2.634591817855835,-0.3845917880535126,assist,no
2767,1,0,0.042087725512577126,-3.408992052078247,-0.2839919924736023,assist,no
2768,1,0,0.0035936021545687705,-5.911558628082275,-0.28655850887298584,assist,No
2769,1,0,0.001700722133139294,-6.557875633239746,-0.18287546932697296,assist,No
2770,1,0,0.015906392411575272,-4.253918170928955,-0.12891821563243866,assist,No
2771,1,0,0.2689414213699951,-1.666284203529358,-0.6662842035293579,assist,no
2772,1,0,0.020332356310813628,-4.183413505554199,-0.30841365456581116,assist,no
2773,1,0,0.004070138078313694,-5.788949012756348,-0.2889491021633148,assist,No
2774,1,0,0.0028009264676790765,-6.268171787261963,-0.39317160844802856,assist,No
2775,1,0,0.029312233295254994,-3.793184757232666,-0.2931848466396332,assist,no
2776,1,0,0.006692851122412387,-5.48344087600708,-0.48344090580940247,assist,No
2777,1,0,0.22270013882530884,-1.6865485906600952,-0.4365485906600952,assist,No
2778,1,0,0.13296424019782924,-2.6080613136291504,-0.7330613136291504,assist,No
2779,1,1,0.5312093733737563,-0.7022321224212646,-0.8272321224212646,assist,Yes
2780,1,0,0.0021827168347934166,-6.413147449493408,-0.28814762830734253,assist,No
2781,1,0,0.047425867792089564,-3.561330795288086,-0.5613306760787964,assist,No
2782,1,0,0.3775406547908327,-1.4663090705871582,-0.9663090109825134,assist,no
2783,1,1,0.7057850154599563,-0.8171287178993225,-1.6921286582946777,assist,Yes
2784,1,0,0.009708475335369565,-5.065633773803711,-0.4406336545944214,assist,No
2785,1,0,0.006692852113050128,-5.583731651306152,-0.5837318301200867,assist,no
2786,1,0,0.00317268293673852,-5.958424091339111,-0.20842412114143372,assist,No
2787,1,0,0.11920292828022305,-2.5899996757507324,-0.5899997353553772,assist,no
2788,1,0,0.03308597934211908,-3.727998971939087,-0.3529990017414093,assist,no
2789,1,0,0.37754066879814546,-1.4507687091827393,-0.9507687091827393,assist,No
2790,1,0,0.005911068856243796,-5.657242774963379,-0.5322427749633789,assist,no
2791,1,1,0.880797068590724,-0.3227404057979584,-2.322740316390991,assist,Yes
2792,1,0,0.005220126467357275,-5.608159065246582,-0.35815921425819397,assist,No
2793,1,1,0.9046505325302034,-0.27050116658210754,-2.520501136779785,assist,Yes
2794,1,0,0.09534945461636171,-2.8026137351989746,-0.5526136159896851,assist,No
2795,1,1,0.8519527944504226,-0.6903732419013977,-2.440373182296753,assist,yes
2796,1,1,0.5621765008857981,-1.0630214214324951,-1.3130214214324951,assist,Yes
2797,1,0,0.0006263341301276389,-7.503013610839844,-0.12801356613636017,assist,no
2798,1,1,0.5621765008857981,-0.6578198075294495,-0.9078198075294495,assist,Yes
2799,1,0,0.11920292515117029,-2.468425750732422,-0.46842578053474426,assist,no
2800,1,0,0.0005527787192485087,-7.705837249755859,-0.2058373987674713,assist,No
2801,1,0,0.4378234991142019,-1.313347578048706,-1.063347578048706,assist,No
2802,1,0,0.09534945975773548,-2.609961748123169,-0.35996168851852417,assist,no
2803,1,0,0.20181322226037882,-2.033869981765747,-0.6588699817657471,assist,no
2804,1,0,0.005220126622117065,-5.888912677764893,-0.6389128565788269,assist,no
2805,1,0,0.020332357498075698,-4.279314041137695,-0.404314249753952,assist,No
2806,1,1,0.998674977834194,-0.019513893872499466,-6.644514083862305,assist,Yes
2807,1,0,0.10669059962643358,-2.5931754112243652,-0.46817547082901,assist,no
2808,1,0,0.012431651584958318,-4.774141311645508,-0.3991413712501526,assist,No
2809,1,0,0.10669058826486906,-2.5165908336639404,-0.39159077405929565,assist,no
2810,1,0,0.1645164792819756,-2.2858810424804688,-0.6608811616897583,assist,No
2811,1,0,0.5,-0.8105305433273315,-0.8105305433273315,assist,No
2812,1,0,0.09534947518185825,-2.8645687103271484,-0.614568829536438,assist,no
2813,1,0,0.0035936021545687705,-6.207398891448975,-0.5823987722396851,assist,No
2814,1,0,0.017986212330845203,-4.245344161987305,-0.24534429609775543,assist,No
2815,1,1,0.867035752930664,-0.4368487000465393,-2.3118486404418945,assist,Yes
2816,1,1,0.904650538956921,-0.19640155136585236,-2.446401596069336,assist,Yes
2817,1,0,0.07585818002124356,-3.195207357406616,-0.6952073574066162,assist,no
2818,1,0,0.003593603248375377,-5.673116683959961,-0.04811687022447586,assist,no
2819,1,0,0.0534033328129234,-3.4416160583496094,-0.5666161179542542,assist,No
2820,1,0,0.008577485920584663,-5.391486644744873,-0.6414867043495178,assist,no
2821,1,1,0.914900945711678,-0.35969460010528564,-2.734694480895996,assist,Yes
2822,1,0,0.004070138199119559,-5.980506896972656,-0.4805070161819458,assist,no
2823,1,0,0.01243165304850344,-4.859833240509033,-0.48483341932296753,assist,No
2824,1,0,0.008577484653403024,-5.189213275909424,-0.43921318650245667,assist,No
2825,1,0,0.029312234143221275,-4.100637435913086,-0.6006375551223755,assist,No
2826,1,0,0.06008665017400762,-3.2758007049560547,-0.5258007049560547,assist,No
2827,1,0,0.006692851518667466,-5.396783828735352,-0.3967839181423187,assist,No
2828,1,0,0.042087723109535534,-3.445535182952881,-0.3205350637435913,assist,no
2829,1,0,0.07585817584273653,-3.034696102142334,-0.5346960425376892,assist,No
2830,1,0,0.37754066879814546,-1.4362424612045288,-0.9362424612045288,assist,No
2831,1,0,0.0675466911396291,-3.2582461833953857,-0.6332461833953857,assist,no
2832,1,0,0.11920292202211755,-2.5021040439605713,-0.5021040439605713,assist,no
2833,1,0,0.10669058400428263,-2.344805955886841,-0.21980585157871246,assist,no
2834,1,0,0.2942149845400438,-1.4945504665374756,-0.6195505261421204,assist,no
2835,1,0,0.1329642333263228,-2.421464681625366,-0.5464646220207214,assist,No
2836,1,0,0.05340332377362639,-3.4398579597473145,-0.5648578405380249,assist,No
2837,1,0,0.00407013783670198,-5.933026313781738,-0.43302634358406067,assist,no
2838,1,0,0.1645164792819756,-2.3321714401245117,-0.7071715593338013,assist,No
2839,1,0,0.005911069031366064,-5.450692176818848,-0.32569220662117004,assist,No
2840,1,0,0.004609572726345088,-5.8560872077941895,-0.481087327003479,assist,No
2841,1,0,0.015906388446265834,-4.52795934677124,-0.4029591381549835,assist,No
2842,1,0,0.06008665354025422,-3.1456258296966553,-0.39562588930130005,assist,no
2843,1,0,0.02297737258620403,-4.291312217712402,-0.5413123369216919,assist,No
2844,1,0,0.02595735719779685,-4.275745868682861,-0.6507458686828613,assist,no
2845,1,1,0.7310585786300049,-0.7081505060195923,-1.7081505060195923,assist,Yes
2846,1,0,0.0008040859356292355,-7.352323532104492,-0.2273235321044922,assist,No
2847,1,0,0.02297736756836975,-3.93204927444458,-0.18204917013645172,assist,No
2848,1,0,0.1645164792819756,-2.238438129425049,-0.6134382486343384,assist,No
2849,1,1,0.6224593171945417,-0.8817768692970276,-1.3817768096923828,assist,Yes
2850,1,0,0.012431650121413363,-4.910701274871826,-0.5357012152671814,assist,no
2851,1,0,0.007577242164294059,-5.198806285858154,-0.32380640506744385,assist,No
2852,1,0,0.0035936017810739075,-5.757347583770752,-0.13234736025333405,assist,No
2853,1,1,0.8519527963298947,-0.23844902217388153,-1.988448977470398,assist,Yes
2854,1,1,0.7057850402140659,-0.7487322688102722,-1.623732328414917,assist,Yes
2855,1,0,0.29421497216298875,-1.6007853746414185,-0.7257853746414185,assist,no
2856,1,0,0.14804719427274565,-2.1223220825195312,-0.37232205271720886,assist,No
2857,1,1,0.7310585786300049,-0.6836202144622803,-1.6836202144622803,assist,Yes
2858,1,0,0.0675466911396291,-2.9385457038879395,-0.31354570388793945,assist,No
2859,1,0,0.06008665354025422,-3.4338221549987793,-0.6838222146034241,assist,no
2860,1,0,0.0011695104043089619,-7.447018623352051,-0.6970187425613403,assist,no
2861,1,1,0.9740426447801647,-0.048512380570173264,-3.6735124588012695,assist,Yes
2862,1,1,0.5926665999540697,-0.7061583995819092,-1.0811583995819092,assist,Yes
2863,1,0,0.46879062662624377,-0.9404075145721436,-0.8154075145721436,assist,No
2864,1,0,0.06008664933244599,-2.883219003677368,-0.13321898877620697,assist,No
2865,1,1,0.5926666143433998,-0.963570773601532,-1.3385708332061768,assist,Yes
2866,1,0,0.002182716185713063,-6.558145523071289,-0.4331454038619995,assist,No
2867,1,0,0.0758581737534831,-2.966097831726074,-0.46609774231910706,assist,no
2868,1,1,0.9149009607937928,-0.19032685458660126,-2.5653269290924072,assist,Yes
2869,1,0,0.060086656906500974,-3.086822509765625,-0.33682262897491455,assist,No
2870,1,1,0.9840936075009546,-0.02344994805753231,-4.148449897766113,assist,Yes
2871,1,0,0.014063627456479755,-4.616722583770752,-0.36672261357307434,assist,no
2872,1,1,0.7057850154599563,-0.729736864566803,-1.6047368049621582,assist,Yes
2873,1,0,0.09534945461636171,-2.913515090942383,-0.6635149717330933,assist,no
2874,1,0,0.007577241716077422,-5.1668620109558105,-0.2918620705604553,assist,no
2875,1,0,0.0002611904241533476,-8.364293098449707,-0.11429350078105927,assist,No
2876,1,0,0.0675466911396291,-3.258582353591919,-0.633582353591919,assist,no
2877,1,0,0.2018132174596823,-1.654407262802124,-0.27940723299980164,assist,No
2878,1,1,0.7549149923816048,-0.47298404574394226,-1.5979840755462646,assist,Yes
2879,1,0,0.004609572316116922,-5.523233413696289,-0.14823344349861145,assist,No
2880,1,0,0.04208772671409796,-3.445150136947632,-0.32015010714530945,assist,No
2881,1,0,0.4378234991142019,-1.324470043182373,-1.074470043182373,assist,No
2882,1,1,0.5926665999540697,-0.9948922395706177,-1.3698922395706177,assist,Yes
2883,1,0,0.32082130082460697,-1.682907223701477,-0.932907223701477,assist,no
2884,1,0,0.32082130082460697,-1.5616346597671509,-0.8116346597671509,assist,No
2885,1,1,0.7057850278370112,-0.45391833782196045,-1.3289183378219604,assist,Yes
2886,1,0,0.000335350100493896,-8.163108825683594,-0.1631087362766266,assist,No
2887,1,0,0.008577483893094128,-5.390158176422119,-0.6401579976081848,assist,No
2888,1,0,0.37754066879814546,-1.492553472518921,-0.9925534725189209,assist,no
2889,1,0,0.13296424019782924,-2.1914405822753906,-0.3164405822753906,assist,No
2890,1,0,0.0159063879797589,-4.770851135253906,-0.6458508968353271,assist,no
2891,1,1,0.9968273164859597,-0.02515861764550209,-5.775158405303955,assist,Yes
2892,1,0,0.1824255415859996,-2.0530099868774414,-0.553010106086731,assist,No
2893,1,0,0.06008664512463808,-3.0461597442626953,-0.29615965485572815,assist,no
2894,1,0,0.029312227359491745,-3.842966079711914,-0.3429659605026245,assist,No
2895,1,1,0.8807970654616711,-0.47706806659698486,-2.4770679473876953,assist,Yes
2896,1,1,0.7057850278370112,-0.7934645414352417,-1.6684645414352417,assist,Yes
2897,1,0,0.0373268852023206,-3.80348801612854,-0.5534879565238953,assist,No
2898,1,0,0.060086656906500974,-3.2056078910827637,-0.4556080102920532,assist,no
2899,1,0,0.09534945975773548,-2.9586734771728516,-0.7086734175682068,assist,no
2900,1,1,0.9046505402422645,-0.17867439985275269,-2.4286744594573975,assist,Yes
2901,1,1,0.9241418205010697,-0.09256266802549362,-2.592562675476074,assist,Yes
2902,1,0,0.20181322226037882,-1.9516314268112183,-0.5766314268112183,assist,No
2903,1,0,0.022977373924293353,-4.242865085601807,-0.49286526441574097,assist,No
2904,1,1,0.7772998611746911,-0.5967879295349121,-1.846787929534912,assist,Yes
2905,1,1,0.817574471748733,-0.2970910370349884,-1.797091007232666,assist,Yes
2906,1,1,0.7057850278370112,-0.5434305667877197,-1.4184305667877197,assist,Yes
2907,1,0,0.0474258704848281,-3.7283010482788086,-0.7283009886741638,assist,no
2908,1,0,0.4073334000459302,-1.3880194425582886,-1.0130194425582886,assist,no
2909,1,0,0.007577239699102878,-5.109375476837158,-0.2343752682209015,assist,No
2910,1,0,0.29421497216298875,-1.6221193075180054,-0.7471193075180054,assist,no
2911,1,0,0.060086646807761206,-3.119398593902588,-0.3693985342979431,assist,No
2912,1,0,0.0019267344340853601,-6.833154201507568,-0.5831540822982788,assist,No
2913,1,0,0.0007096705470443199,-7.6037917137146,-0.3537919223308563,assist,No
2914,1,0,0.24508501313237172,-1.8048897981643677,-0.6798897981643677,assist,no
2915,1,0,0.020332356904444657,-4.36644983291626,-0.4914500117301941,assist,No
2916,1,1,0.8807970748488297,-0.3392973244190216,-2.339297294616699,assist,Yes
2917,1,0,0.18242550602671442,-2.287034511566162,-0.7870343923568726,assist,no
2918,1,0,0.004609571905888793,-6.073416709899902,-0.6984166502952576,assist,no
2919,1,0,0.0534033328129234,-3.2387819290161133,-0.36378198862075806,assist,No
2920,1,0,0.29421497216298875,-1.6762118339538574,-0.8012118339538574,assist,no
2921,1,1,0.9324533097989077,-0.14136146008968353,-2.7663614749908447,assist,Yes
2922,1,0,0.3486451217982255,-1.578270673751831,-0.9532706141471863,assist,no
2923,1,1,0.5621765008857981,-0.9731694459915161,-1.2231694459915161,assist,Yes
2924,1,0,0.020332355717182622,-4.584970951080322,-0.7099710702896118,assist,no
2925,1,1,0.9953904281966682,-0.06497422605752945,-5.439974308013916,assist,Yes
2926,1,0,0.002472622715588583,-6.254351615905762,-0.2543514370918274,assist,No
2927,1,1,0.7549149868676283,-0.4403107166290283,-1.5653107166290283,assist,Yes
2928,1,1,0.6224593312018546,-0.898285984992981,-1.398285984992981,assist,Yes
2929,1,1,0.9046505286741726,-0.23017604649066925,-2.4801759719848633,assist,Yes
2930,1,0,0.03308597648187432,-3.6885857582092285,-0.31358569860458374,assist,No
2931,1,0,0.20181322226037882,-2.1439719200134277,-0.7689719200134277,assist,no
2932,1,0,0.06008665017400762,-3.2305965423583984,-0.48059654235839844,assist,No
2933,1,0,0.03732689055684297,-3.5653600692749023,-0.3153601586818695,assist,No
2934,1,0,0.005911068155754778,-5.654984951019287,-0.5299848318099976,assist,No
2935,1,0,0.004609571153803984,-5.5833420753479,-0.20834185183048248,assist,No
2936,1,0,0.002800926800640331,-6.353942394256592,-0.478942334651947,assist,No
2937,1,0,0.002472623524173327,-6.3178534507751465,-0.3178535997867584,assist,No
2938,1,0,0.07585818002124356,-3.0050535202026367,-0.5050535202026367,assist,no
2939,1,0,0.32082130082460697,-1.4349125623703003,-0.6849125623703003,assist,No
2940,1,0,0.012431651219072064,-4.549525260925293,-0.17452529072761536,assist,No
2941,1,0,0.00970847519210651,-4.779506206512451,-0.15450607240200043,assist,No
2942,1,0,0.04742587385075148,-3.2253310680389404,-0.22533108294010162,assist,No
2943,1,0,0.2689414330889798,-1.8788087368011475,-0.8788087964057922,assist,no
2944,1,1,0.8519528038477825,-0.19907246530056,-1.9490724802017212,assist,Yes
2945,1,0,0.4378234991142019,-0.9067628383636475,-0.6567628383636475,assist,No
2946,1,0,0.20181322226037882,-2.179356098175049,-0.8043560981750488,assist,no
2947,1,0,0.10669060530721626,-2.6422176361083984,-0.517217755317688,assist,No
2948,1,1,0.7549149868676283,-0.8456226587295532,-1.9706226587295532,assist,yes
2949,1,0,0.00043055695306387187,-8.328568458557129,-0.578568160533905,assist,no
2950,1,0,0.0675466911396291,-3.305368185043335,-0.680368185043335,assist,No
2951,1,0,0.1480471980316895,-2.493952989578247,-0.7439529895782471,assist,No
2952,1,1,0.5926665999540697,-0.805327296257019,-1.180327296257019,assist,Yes
2953,1,0,0.025957363225871038,-4.221911430358887,-0.5969116687774658,assist,no
2954,1,0,0.00026119027240345376,-8.828025817871094,-0.5780256390571594,assist,No
2955,1,0,0.13296424706933604,-2.606879949569702,-0.7318800091743469,assist,No
2956,1,1,0.9890130585230829,-0.018439186736941338,-4.518439292907715,assist,Yes
2957,1,0,0.0075772408196442265,-5.312248706817627,-0.4372486472129822,assist,No
2958,1,0,0.0017007221078396608,-6.660186767578125,-0.2851865887641907,assist,No
2959,1,0,0.005911068681121534,-5.518997669219971,-0.3939976394176483,assist,No
2960,1,0,0.005220124997139505,-5.2995924949646,-0.049592360854148865,assist,No
2961,1,0,0.07585818002124356,-2.767155408859253,-0.26715540885925293,assist,no
2962,1,0,0.005220125848318164,-5.510931015014648,-0.2609310448169708,assist,No
2963,1,0,0.009708474189265195,-5.0640716552734375,-0.4390714168548584,assist,no
2964,1,1,0.6224593312018546,-0.8369598388671875,-1.3369598388671875,assist,Yes
2965,1,0,0.5,-0.9777030944824219,-0.9777030944824219,assist,no
2966,1,0,0.017986209962091555,-4.540528297424316,-0.5405282974243164,assist,no
2967,1,1,0.9324533079218341,-0.15376688539981842,-2.7787668704986572,assist,Yes
2968,1,0,0.08509904964767095,-2.7672605514526367,-0.3922606110572815,assist,No
2969,1,1,0.8807970889295664,-0.20898355543613434,-2.2089836597442627,assist,Yes
2970,1,0,0.008577484653403024,-5.234443187713623,-0.4844430983066559,assist,no
2971,1,0,0.020332357498075698,-4.280598163604736,-0.40559837222099304,assist,No
2972,1,0,0.014063627456479755,-4.445157051086426,-0.19515708088874817,assist,No
2973,1,1,0.7772998714925403,-0.34291332960128784,-1.5929133892059326,assist,Yes
2974,1,0,0.042087723109535534,-3.6800718307495117,-0.5550717115402222,assist,No
2975,1,0,0.005220124997139505,-5.417872905731201,-0.16787277162075043,assist,No
2976,1,0,0.007577239699102878,-5.233426094055176,-0.35842588543891907,assist,No
2977,1,0,0.22270014914315833,-1.910400152206421,-0.6604002118110657,assist,no
2978,1,0,0.05340332678672523,-3.5462586879730225,-0.6712586283683777,assist,No
2979,1,0,0.017986209040909668,-4.092793941497803,-0.09279388934373856,assist,No
2980,1,1,0.8354835432479661,-0.21980364620685577,-1.8448036909103394,assist,Yes
2981,1,0,0.010986944573626636,-4.901157379150391,-0.40115755796432495,assist,no
2982,1,0,0.004070137595090279,-5.936718940734863,-0.4367189109325409,assist,no
2983,1,0,0.014063626216776943,-4.740564346313477,-0.4905642867088318,assist,no
2984,1,0,0.04742586913845881,-3.277341842651367,-0.2773417532444,assist,no
2985,1,0,0.2689414330889798,-1.8093349933624268,-0.8093350529670715,assist,No
2986,1,1,0.880797081106935,-0.17732688784599304,-2.1773269176483154,assist,Yes
2987,1,0,0.022977367233847502,-4.0541815757751465,-0.30418145656585693,assist,No
2988,1,0,0.4378234991142019,-1.277745246887207,-1.027745246887207,assist,No
2989,1,0,0.4073334000459302,-1.4126598834991455,-1.0376598834991455,assist,No
2990,1,0,0.0009110510316404296,-7.42966365814209,-0.4296634793281555,assist,No
2991,1,0,0.11920291576401235,-2.558980703353882,-0.5589806437492371,assist,no
2992,1,0,0.37754066879814546,-1.4349524974822998,-0.9349524974822998,assist,no
2993,1,0,0.2942149597859341,-1.7584104537963867,-0.8834103941917419,assist,No
2994,1,1,0.679178699175393,-0.654726505279541,-1.404726505279541,assist,Yes
2995,1,0,0.0013250226341134984,-6.7880377769470215,-0.16303794085979462,assist,No
2996,1,0,0.006692851320539924,-5.584773540496826,-0.584773600101471,assist,No
2997,1,1,0.6513548646660542,-0.8682903051376343,-1.4932903051376343,assist,Yes
2998,1,0,0.007577241267860811,-5.231165885925293,-0.35616588592529297,assist,No
2999,1,0,0.015906389379279733,-4.426871299743652,-0.3018711507320404,assist,no
3000,0,0,3.1201926039271376e-05,-10.48799991607666,-0.11300038546323776,assist,No
3001,0,0,0.004070137595090279,-5.818146705627441,-0.318146675825119,assist,no
3002,0,0,0.0028009274249427897,-6.005025386810303,-0.13002555072307587,assist,No
3003,0,0,0.0006263343073456077,-7.9517107009887695,-0.5767109394073486,assist,no
3004,0,0,0.0013250224172131609,-7.149855136871338,-0.5248551368713379,assist,no
3005,0,0,0.0007096705470443199,-7.599918365478516,-0.34991857409477234,assist,No
3006,0,0,0.0011695100561753752,-7.2743635177612305,-0.5243633389472961,assist,no
3007,0,0,0.0006263341581094201,-7.628089427947998,-0.25308942794799805,assist,No
3008,0,0,0.00013982207773054908,-8.964546203613281,-0.08954621851444244,assist,no
3009,0,0,0.0011695101954287976,-7.274452209472656,-0.5244521498680115,assist,No
3010,0,0,0.0046095728630878175,-5.633141040802002,-0.2581411898136139,assist,no
3011,0,0,0.00023050671512508765,-8.577001571655273,-0.20200154185295105,assist,No
3012,0,0,0.0013250224172131609,-7.101221084594727,-0.47622108459472656,assist,no
3013,0,0,0.0006263340834913398,-7.804645538330078,-0.4296454191207886,assist,No
3014,0,0,0.0007096704413702227,-7.532564640045166,-0.2825646996498108,assist,no
3015,0,0,7.48462620124974e-05,-9.507803916931152,-0.007804377935826778,assist,no
3016,0,0,0.000804085887740518,-7.649356842041016,-0.5243567824363708,assist,No
3017,0,0,0.0007096705153420891,-7.476662635803223,-0.2266627997159958,assist,no
3018,0,0,0.0007096705470443199,-7.564603328704834,-0.3146035373210907,assist,no
3019,0,0,0.0005527785216687471,-7.9295806884765625,-0.4295804798603058,assist,No
3020,0,0,0.0002959572523902923,-8.195780754089355,-0.07078122347593307,assist,no
3021,0,0,0.0031726835965119127,-6.276102066040039,-0.5261023044586182,assist,No
3022,0,0,0.00013982201315074406,-9.156949996948242,-0.28194954991340637,assist,no
3023,0,0,0.04208772671409796,-3.492137908935547,-0.3671378791332245,assist,no
3024,0,0,0.0008040857680187367,-7.513257026672363,-0.38825681805610657,assist,No
3025,0,0,0.0017007220066411306,-6.764331817626953,-0.389331579208374,assist,No
3026,0,0,0.0004305570364333505,-7.95257568359375,-0.20257557928562164,assist,no
3027,0,0,0.001501182410295475,-6.5225090980529785,-0.022509200498461723,assist,no
3028,0,0,0.0013250227327045727,-7.202463150024414,-0.5774633884429932,assist,No
3029,0,0,0.0015011819887076757,-6.888530254364014,-0.38853007555007935,assist,No
3030,0,0,0.00218271696460951,-6.702930450439453,-0.5779306888580322,assist,no
3031,0,0,0.0003353500705213166,-8.524229049682617,-0.5242288708686829,assist,No
3032,0,0,0.006692852509305267,-5.322021484375,-0.3220217227935791,assist,no
3033,0,0,0.0013250226143952844,-6.878992080688477,-0.2539922297000885,assist,no
3034,0,0,0.0004305570300203132,-8.274038314819336,-0.5240381956100464,assist,No
3035,0,0,0.002182715926080975,-6.352640151977539,-0.22763991355895996,assist,No
3036,0,0,0.002472622862603971,-6.431492328643799,-0.4314922094345093,assist,no
3037,0,0,0.0008040859116848763,-7.513309478759766,-0.38830944895744324,assist,no
3038,0,0,0.0005527785381337246,-8.024767875671387,-0.5247676968574524,assist,no
3039,0,0,0.0015011819887076757,-7.194642066955566,-0.6946418881416321,assist,no
3040,0,0,0.001700722158438928,-6.6902642250061035,-0.3152640759944916,assist,No
3041,0,0,0.0021827167100482705,-6.130953788757324,-0.005953910294920206,assist,no
3042,0,0,8.481104488277038e-05,-9.391192436218262,-0.016192473471164703,assist,no
3043,0,0,0.0006263340461823029,-7.55635929107666,-0.18135911226272583,assist,no
3044,0,0,0.0005527786204586191,-7.814259052276611,-0.31425902247428894,assist,no
3045,0,0,0.0009110511944006454,-7.181468486785889,-0.18146848678588867,assist,no
3046,0,0,0.004609571290546667,-5.6047844886779785,-0.229784294962883,assist,No
3047,0,0,0.0015011821673938809,-7.134120941162109,-0.6341208815574646,assist,no
3048,0,0,0.0005527786533885804,-7.66197395324707,-0.1619739830493927,assist,No
3049,0,0,0.000804085887740518,-7.758798599243164,-0.6337985396385193,assist,No
3050,0,0,0.0011695100213620223,-7.225754261016846,-0.475754052400589,assist,No
3051,0,0,0.010986942387714022,-4.577602863311768,-0.07760284096002579,assist,no
3052,0,0,0.08509905312815914,-2.5924084186553955,-0.21740852296352386,assist,no
3053,0,0,0.0011695101606154403,-7.099934101104736,-0.34993401169776917,assist,no
3054,0,0,0.0046095728630878175,-5.692300796508789,-0.317300945520401,assist,No
3055,0,0,0.0007096702617242935,-7.47657585144043,-0.22657565772533417,assist,No
3056,0,0,0.0008040857762496086,-7.134586334228516,-0.009586135856807232,assist,no
3057,0,0,0.0035936023679944244,-5.909623622894287,-0.28462356328964233,assist,No
3058,0,0,0.00015843615772928848,-8.911171913146973,-0.16117152571678162,assist,no
3059,0,0,0.0003353502803294287,-8.101061820983887,-0.10106226801872253,assist,no
3060,0,0,0.0011695100213620223,-6.879239559173584,-0.12923935055732727,assist,no
3061,0,0,0.004070138561537168,-5.978064060211182,-0.47806426882743835,assist,no
3062,0,0,0.00017952788910594706,-8.938979148864746,-0.3139787018299103,assist,No
3063,0,0,6.1441749011982835e-06,-12.002828598022461,-0.002828646684065461,assist,no
3064,0,0,0.09534946232842245,-2.5231292247772217,-0.2731291949748993,assist,no
3065,0,0,0.003172682135585299,-5.913655757904053,-0.16365553438663483,assist,No
3066,0,0,0.0006263340834913398,-8.008609771728516,-0.6336096525192261,assist,no
3067,0,1,0.7310585786300049,-0.3810065984725952,-1.3810065984725952,assist,Yes
3068,0,0,0.0013250222594674832,-7.2598090171813965,-0.6348088979721069,assist,No
3069,0,0,0.029312233295254994,-3.629434823989868,-0.12943491339683533,assist,no
3070,0,0,0.004070137353478592,-5.932560443878174,-0.43256035447120667,assist,no
3071,0,0,0.0001795279319010521,-9.099924087524414,-0.47492387890815735,assist,No
3072,0,0,0.00033534999059445133,-8.429576873779297,-0.42957645654678345,assist,no
3073,0,0,0.0006263342327275096,-7.804371356964111,-0.4293714761734009,assist,No
3074,0,0,0.0008040859595735953,-7.407675743103027,-0.28267577290534973,assist,no
3075,0,0,0.002182716899701462,-6.440690040588379,-0.3156902492046356,assist,No
3076,0,0,0.000709670377965772,-7.431285858154297,-0.1812858283519745,assist,No
3077,0,0,0.0040701384407312935,-5.93272066116333,-0.4327208399772644,assist,no
3078,0,0,0.0006263340461823029,-7.628599166870117,-0.25359898805618286,assist,no
3079,0,0,0.0013250224960860068,-7.203200817108154,-0.5782008767127991,assist,No
3080,0,0,0.00048785704285527056,-7.739006519317627,-0.11400635540485382,assist,No
3081,0,0,0.0011695102998688749,-7.100080490112305,-0.3500805199146271,assist,No
3082,0,0,0.24508502416032488,-1.7321550846099854,-0.6071551442146301,assist,no
3083,0,0,0.0010322310982170768,-7.399540424346924,-0.5245404839515686,assist,No
3084,0,0,0.0007096703356961413,-7.599523544311523,-0.3495234549045563,assist,no
3085,0,0,0.0001795279319010521,-9.054737091064453,-0.4297368824481964,assist,no
3086,0,0,0.0008040857680187367,-7.600289821624756,-0.47528961300849915,assist,No
3087,0,0,0.00037998447256674,-7.877337455749512,-0.002337344689294696,assist,no
3088,0,0,0.000552778702783526,-7.814015865325928,-0.3140159845352173,assist,no
3089,0,0,0.007577242836619065,-5.231151580810547,-0.3561517894268036,assist,no
3090,0,0,0.00026119041248027575,-8.827073097229004,-0.5770734548568726,assist,no
3091,0,0,0.0006263341581094201,-7.850192546844482,-0.4751925468444824,assist,no
3092,0,0,0.4073334000459302,-1.2706760168075562,-0.8956760168075562,assist,No
3093,0,0,0.00033535021039337676,-8.282133102416992,-0.2821333408355713,assist,no
3094,0,0,0.0010322308523680697,-7.400238513946533,-0.5252383351325989,assist,no
3095,0,0,0.00029595720168907913,-8.474209785461426,-0.34921008348464966,assist,No
3096,0,0,0.0006263340834913398,-7.805099010467529,-0.43009889125823975,assist,no
3097,0,0,0.002472622862603971,-6.5255889892578125,-0.525588870048523,assist,no
3098,0,0,0.0021827165751612514,-6.702824592590332,-0.5778246521949768,assist,No
3099,0,0,0.005911069906977476,-5.4126667976379395,-0.2876669764518738,assist,no
3100,0,0,0.16451647108926923,-2.1581060886383057,-0.5331061482429504,assist,No
3101,0,0,0.24508501313237172,-1.8166272640228271,-0.6916272640228271,assist,no
3102,0,0,0.00037998460531281857,-8.18940544128418,-0.3144056797027588,assist,no
3103,0,0,0.002800926384438769,-6.191147804260254,-0.3161475956439972,assist,No
3104,0,0,0.000709670377965772,-7.5322160720825195,-0.28221604228019714,assist,no
3105,0,0,0.0019267350071906994,-6.827578544616699,-0.5775787234306335,assist,no
3106,0,0,0.0003353501854162189,-8.180685043334961,-0.18068520724773407,assist,No
3107,0,0,0.0010322309445614404,-7.304940700531006,-0.4299406111240387,assist,No
3108,0,0,0.03308598220236406,-3.6676712036132812,-0.2926713228225708,assist,no
3109,0,0,0.00020342693562566932,-8.75262451171875,-0.2526243031024933,assist,no
3110,0,0,0.0002305067219931397,-8.95171070098877,-0.5767107009887695,assist,No
3111,0,0,0.005220126244890085,-5.26698637008667,-0.016986476257443428,assist,no
3112,0,0,0.0011695102650555148,-7.003546237945557,-0.25354623794555664,assist,No
3113,0,0,0.0008040860792954051,-7.600602149963379,-0.47560232877731323,assist,No
3114,0,0,0.0006263342513820332,-7.8499650955200195,-0.47496524453163147,assist,No
3115,0,0,0.006692851122412387,-5.260061264038086,-0.2600612938404083,assist,no
3116,0,0,0.001926734204843272,-6.365041732788086,-0.11504149436950684,assist,No
3117,0,0,0.0013250223186221102,-6.827998638153076,-0.2029985636472702,assist,No
3118,0,0,0.0021827160558970152,-6.380587100982666,-0.2555869221687317,assist,no
3119,0,0,0.0009110512825624411,-7.071079730987549,-0.07107982784509659,assist,No
3120,0,0,0.00037998467323354827,-8.262978553771973,-0.3879789710044861,assist,no
3121,0,0,0.0002959572193242827,-8.47400188446045,-0.34900224208831787,assist,no
3122,0,0,0.000911051207963998,-7.114623069763184,-0.11462308466434479,assist,no
3123,0,0,0.0031726830309918535,-6.034157752990723,-0.28415781259536743,assist,No
3124,0,0,0.0008040859236570559,-7.286791801452637,-0.16179178655147552,assist,No
3125,0,0,0.00012339455392428676,-9.25261116027832,-0.252610981464386,assist,no
3126,0,0,0.0002611903813520866,-8.827075004577637,-0.5770752429962158,assist,no
3127,0,0,0.022977373924293353,-4.458599090576172,-0.7085992693901062,assist,no
3128,0,0,0.004070137338377862,-5.552701473236084,-0.05270138010382652,assist,No
3129,0,0,0.09534945975773548,-2.436034679412842,-0.18603461980819702,assist,no
3130,0,0,0.00015843625687068385,-8.976046562194824,-0.22604680061340332,assist,no
3131,0,0,0.0006263342700365574,-7.898964881896973,-0.523965060710907,assist,no
3132,0,0,0.0006263342140729864,-7.476572036743164,-0.10157212615013123,assist,no
3133,0,0,0.0009110510316404296,-7.5242695808410645,-0.5242694020271301,assist,No
3134,0,0,0.002800927133601626,-6.2259521484375,-0.3509522080421448,assist,No
3135,0,0,0.000911051206268579,-7.0056023597717285,-0.00560237281024456,assist,no
3136,0,0,0.0021827160558970152,-6.601010799407959,-0.47601062059402466,assist,no
3137,0,0,0.0007096705364769095,-7.452925682067871,-0.2029258757829666,assist,no
3138,0,0,0.0002611904436084686,-8.532135009765625,-0.2821354866027832,assist,no
3139,0,0,0.00037998468455367106,-8.263091087341309,-0.3880915343761444,assist,No
3140,0,0,0.00023050674959949161,-8.37675952911377,-0.0017596489051356912,assist,no
3141,0,0,0.000295957007701909,-8.701739311218262,-0.5767389535903931,assist,no
3142,0,0,0.0010322310521203835,-7.102541923522949,-0.2275419384241104,assist,no
3143,0,0,0.00015843623798660378,-9.27395248413086,-0.5239526033401489,assist,no
3144,0,0,0.00033535003555331067,-8.180713653564453,-0.18071337044239044,assist,No
3145,0,0,0.0017007221078396608,-6.952659606933594,-0.5776594281196594,assist,No
3146,0,0,0.0006263340799936175,-7.396523475646973,-0.021523350849747658,assist,No
3147,0,0,0.0013250226538317129,-7.259265899658203,-0.6342660784721375,assist,no
3148,0,0,0.00017952789980472237,-9.012584686279297,-0.38758429884910583,assist,no
3149,0,0,0.0004305570556724632,-8.224846839904785,-0.4748467803001404,assist,No
3150,0,0,0.0007096705470443199,-7.340155124664307,-0.09015533328056335,assist,No
3151,0,0,0.0007096702564405903,-7.3208441734313965,-0.07084397226572037,assist,No
3152,0,0,0.014063628205466925,-4.266890048980713,-0.016890132799744606,assist,no
3153,0,0,8.481104290827684e-05,-9.379727363586426,-0.0047273775562644005,assist,no
3154,0,0,0.002472622936111669,-6.431240558624268,-0.4312404692173004,assist,No
3155,0,0,0.0003799846336131211,-8.003070831298828,-0.1280711442232132,assist,no
3156,0,0,0.008577486427457372,-5.231706619262695,-0.48170673847198486,assist,no
3157,0,0,0.003593602514724568,-5.67861270904541,-0.053612690418958664,assist,no
3158,0,0,0.000335350100493896,-8.429356575012207,-0.42935648560523987,assist,no
3159,0,0,5.82912500271163e-05,-9.8631591796875,-0.11315891146659851,assist,No
3160,0,0,0.0002959570958778797,-8.305608749389648,-0.18060868978500366,assist,No
3161,0,0,0.0008040860074623171,-7.555026054382324,-0.4300261437892914,assist,no
3162,0,0,0.00015843625451017376,-8.863410949707031,-0.11341117322444916,assist,no
3163,0,0,0.0002611903190957194,-8.826567649841309,-0.5765676498413086,assist,no
3164,0,0,0.00037998440155070234,-8.128180503845215,-0.25318020582199097,assist,No
3165,0,0,0.00037998440155070234,-8.45172119140625,-0.5767208933830261,assist,No
3166,0,0,0.0008040858398518034,-7.702057361602783,-0.5770572423934937,assist,no
3167,0,0,0.0011695102650555148,-7.27457332611084,-0.5245733261108398,assist,no
3168,0,0,0.0001233946127561488,-9.429682731628418,-0.42968302965164185,assist,No
3169,0,0,0.0017007227150309691,-6.952986240386963,-0.5779864192008972,assist,no
3170,0,0,0.005220126312597491,-5.602840900421143,-0.35284101963043213,assist,No
3171,0,0,9.610240404427493e-05,-9.563873291015625,-0.31387317180633545,assist,no
3172,0,0,0.0010322312211416022,-7.509078025817871,-0.6340782046318054,assist,No
3173,0,0,0.0009110511944006454,-7.181066036224365,-0.18106603622436523,assist,No
3174,0,0,0.0008040858398518034,-7.702057361602783,-0.5770572423934937,assist,No
3175,0,0,0.000804085887740518,-7.702125072479248,-0.5771250128746033,assist,No
3176,0,0,0.0024726233128386523,-6.036310195922852,-0.036310259252786636,assist,No
3177,0,0,0.0019267348280952628,-6.286448001861572,-0.03644808754324913,assist,no
3178,0,0,0.0003799844703557797,-7.882184028625488,-0.007183911744505167,assist,no
3179,0,0,0.00037998462229299983,-8.018697738647461,-0.14369802176952362,assist,no
3180,0,0,0.0011695102302421558,-7.1383376121521,-0.3883375823497772,assist,No
3181,0,0,0.0005527785052037703,-8.076940536499023,-0.5769402980804443,assist,no
3182,0,0,0.0013250223383403197,-6.753689289093018,-0.1286892294883728,assist,No
3183,0,0,0.0001795279797112206,-8.6328706741333,-0.007870731875300407,assist,no
3184,0,0,0.0004305571839332368,-8.274415969848633,-0.5244162082672119,assist,no
3185,0,0,0.0024726235976810437,-6.350637435913086,-0.35063761472702026,assist,No
3186,0,0,0.00669285052802981,-5.4339470863342285,-0.43394702672958374,assist,No
3187,0,0,0.001700722689731327,-6.520848274230957,-0.14584843814373016,assist,no
3188,0,0,0.00037998445249122113,-7.9884562492370605,-0.11345608532428741,assist,No
3189,0,0,0.0009110510587671301,-7.350244045257568,-0.3502438962459564,assist,No
3190,0,0,0.0019267347779485435,-6.726380348205566,-0.4763804078102112,assist,no
3191,0,0,0.002800926384438769,-6.03955602645874,-0.16455581784248352,assist,no
3192,0,0,0.0008040860074623171,-7.37853479385376,-0.25353488326072693,assist,no
3193,0,0,0.0006263340404985045,-7.3776092529296875,-0.0026090650353580713,assist,no
3194,0,0,0.00037998467323354827,-8.304632186889648,-0.42963260412216187,assist,no
3195,0,0,0.00669285052802981,-5.190116882324219,-0.19011682271957397,assist,no
3196,0,0,0.00043055702360727583,-7.864187717437744,-0.1141875833272934,assist,No
3197,0,0,0.00037998453739210097,-8.224342346191406,-0.349342405796051,assist,no
3198,0,0,0.0004305570364333505,-7.952500820159912,-0.20250071585178375,assist,no
3199,0,0,0.014063628282948357,-4.647885799407959,-0.39788588881492615,assist,No
3200,0,0,0.0005527785216687471,-7.78255033493042,-0.2825501263141632,assist,no
3201,0,0,0.02595736021183377,-3.658618450164795,-0.03361856937408447,assist,no
3202,0,0,0.0006263341208003788,-7.657349586486816,-0.28234952688217163,assist,no
3203,0,0,0.0005527786533885804,-7.680951118469238,-0.18095114827156067,assist,No
3204,0,0,0.0013250223383403197,-7.259220600128174,-0.634220540523529,assist,No
3205,0,0,0.0002611903190957194,-8.883159637451172,-0.6331596374511719,assist,no
3206,0,0,0.0003799845600323388,-8.451855659484863,-0.5768557786941528,assist,no
3207,0,0,0.0019267347779485435,-6.4789509773254395,-0.22895103693008423,assist,no
3208,0,0,0.0004878570065248225,-8.099902153015137,-0.4749019145965576,assist,no
3209,0,1,0.9796676485866417,-0.07599534839391708,-3.950995445251465,assist,Yes
3210,0,0,0.0013250223383403197,-7.258876800537109,-0.6338767409324646,assist,No
3211,0,0,0.00037998453314705655,-7.909197807312012,-0.0341978557407856,assist,No
3212,0,0,0.00012339455576278202,-9.202260971069336,-0.2022608071565628,assist,no
3213,0,0,0.0004878571954431821,-8.054617881774902,-0.4296180307865143,assist,no
3214,0,0,0.0021827165751612514,-6.255419731140137,-0.1304197907447815,assist,no
3215,0,0,0.0010322312211416022,-7.305428504943848,-0.430428683757782,assist,No
3216,0,0,0.0031726825597252145,-6.006779670715332,-0.25677958130836487,assist,no
3217,0,0,0.0002959570341546974,-8.327455520629883,-0.20245525240898132,assist,no
3218,0,0,0.0008040858637961602,-7.600347518920898,-0.4753474295139313,assist,no
3219,0,0,0.0013250225749588576,-7.15010929107666,-0.5251094102859497,assist,no
3220,0,0,0.0017007221078396608,-6.725589275360107,-0.3505890965461731,assist,no
3221,0,0,0.0010322308523680697,-7.452224254608154,-0.57722407579422,assist,no
3222,0,0,4.006368028977666e-05,-10.158794403076172,-0.033794105052948,assist,no
3223,0,0,0.3486451488696663,-1.146728277206421,-0.5217283368110657,assist,no
3224,0,0,0.0006263342886910823,-7.536419868469238,-0.161420077085495,assist,no
3225,0,0,0.00023050675289937645,-8.502830505371094,-0.1278306394815445,assist,No
3226,0,0,0.0008040860792954051,-7.758620262145996,-0.6336204409599304,assist,no
3227,0,0,0.0007096702300220753,-7.826938629150391,-0.5769383907318115,assist,no
3228,0,0,0.0004878571954431821,-7.714901447296143,-0.08990159630775452,assist,No
3229,0,0,0.0005527784064139189,-8.13398265838623,-0.633982241153717,assist,no
3230,0,0,0.00023050670482301,-8.518128395080566,-0.14312832057476044,assist,No
3231,0,0,0.0009110511401472368,-7.577675819396973,-0.5776757597923279,assist,No
3232,0,0,0.0017007225126338423,-6.725520610809326,-0.35052067041397095,assist,No
3233,0,0,0.0017007221078396608,-6.628792762756348,-0.25379258394241333,assist,No
3234,0,0,0.0007096703145613268,-7.503274440765381,-0.2532743215560913,assist,no
3235,0,0,0.0004305571646941183,-7.8934783935546875,-0.14347858726978302,assist,No
3236,0,0,0.0017007221679262907,-6.377450466156006,-0.0024503227323293686,assist,no
3237,0,0,0.0008040858398518034,-7.649085998535156,-0.5240858793258667,assist,No
3238,0,0,0.009708474475791274,-5.06119441986084,-0.43619421124458313,assist,No
3239,0,0,0.0015011823684158874,-6.581103324890137,-0.08110339939594269,assist,No
3240,0,0,9.61024083399744e-05,-9.4305419921875,-0.18054191768169403,assist,no
3241,0,0,0.0006263338969461776,-8.008255958557129,-0.6332555413246155,assist,no
3242,0,0,6.605213206019676e-05,-9.82688045501709,-0.20188026130199432,assist,No
3243,0,0,0.008577484399966718,-5.041615009307861,-0.2916148900985718,assist,no
3244,0,0,0.00020342700533134222,-8.701972961425781,-0.201973095536232,assist,no
3245,0,0,0.0024726237446964848,-6.635071754455566,-0.6350719928741455,assist,no
3246,0,0,0.00048785721724145916,-7.8515424728393555,-0.226542666554451,assist,no
3247,0,0,0.002800926967120973,-6.351516246795654,-0.4765162467956543,assist,No
3248,0,0,0.0004305570043681645,-7.911308765411377,-0.16130858659744263,assist,no
3249,0,0,0.0006263341208003788,-7.763176918029785,-0.3881768584251404,assist,no
3250,0,1,0.798186768138228,-0.37383323907852173,-1.748833179473877,assist,Yes
3251,0,0,0.04208772791561884,-3.4143898487091064,-0.28938984870910645,assist,No
3252,0,0,0.00029595715760107484,-8.600357055664062,-0.47535720467567444,assist,no
3253,0,0,0.003172683219498529,-6.328416347503662,-0.5784164667129517,assist,No
3254,0,0,0.000203427035638164,-8.627655982971191,-0.1276562660932541,assist,no
3255,0,0,0.015906391478561197,-4.219400882720947,-0.09440086781978607,assist,No
3256,0,0,0.18242552380635632,-2.1168887615203857,-0.6168887615203857,assist,no
3257,0,0,8.481107817273806e-05,-9.381060600280762,-0.006061030086129904,assist,no
3258,0,0,0.00017952797737086235,-8.827160835266113,-0.20216087996959686,assist,no
3259,0,0,0.0011695102650555148,-7.22599983215332,-0.4759998321533203,assist,no
3260,0,0,0.0011695101258020842,-7.444458961486816,-0.6944588422775269,assist,no
3261,0,0,0.0017007225632331216,-6.602502822875977,-0.22750291228294373,assist,No
3262,0,0,0.00043055708132461493,-8.179701805114746,-0.4297018051147461,assist,no
3263,0,0,0.0004305571005637297,-7.893714904785156,-0.14371494948863983,assist,no
3264,0,0,0.0015011823460801075,-6.930367469787598,-0.43036752939224243,assist,no
3265,0,0,0.0013250225749588576,-7.014043807983398,-0.389043927192688,assist,no
3266,0,0,0.0003799845968227282,-7.988802433013916,-0.11380264908075333,assist,no
3267,0,0,0.004609571974260146,-5.604918479919434,-0.22991843521595,assist,No
3268,0,0,0.0024726232301424803,-6.205197811126709,-0.20519784092903137,assist,no
3269,0,0,0.000295957009906308,-8.238780975341797,-0.11378062516450882,assist,no
3270,0,0,0.00033535021039337676,-8.576586723327637,-0.5765869617462158,assist,No
3271,0,0,0.00048785706465354084,-8.14900016784668,-0.5240000486373901,assist,no
3272,0,0,0.00037998442419093204,-8.189286231994629,-0.3142859935760498,assist,no
3273,0,0,0.0010322309752925658,-7.569313049316406,-0.6943129897117615,assist,no
3274,0,0,0.0035936021545687705,-6.203968524932861,-0.5789684057235718,assist,no
3275,0,0,0.0019267346633274755,-6.726191997528076,-0.47619199752807617,assist,no
3276,0,0,0.00043055708132461493,-8.22497272491455,-0.4749727249145508,assist,no
3277,0,0,0.0013250224566495835,-6.878880500793457,-0.2538805305957794,assist,no
3278,0,0,0.002182716185713063,-6.307859897613525,-0.18285977840423584,assist,no
3279,0,0,0.0002959570958778797,-8.407273292541504,-0.28227323293685913,assist,no
3280,0,0,0.002472622715588583,-6.182730674743652,-0.18273049592971802,assist,No
3281,0,0,0.0004878570937179025,-8.100357055664062,-0.4753569960594177,assist,no
3282,0,0,9.610240189642527e-05,-9.273427963256836,-0.023427821695804596,assist,no
3283,0,0,0.004609571769146091,-5.561709880828857,-0.18670979142189026,assist,no
3284,0,0,0.00037998435627024685,-8.262582778930664,-0.38758236169815063,assist,no
3285,0,0,0.0002034269053188625,-8.782066345214844,-0.2820659875869751,assist,no
3286,0,0,0.0007096704836398597,-7.679449558258057,-0.4294496774673462,assist,No
3287,0,0,0.03732689162774753,-3.756969451904297,-0.5069695711135864,assist,no
3288,0,0,0.020332356310813628,-4.019287586212158,-0.14428773522377014,assist,no
3289,0,0,0.033085978388704126,-3.9768035411834717,-0.6018035411834717,assist,no
3290,0,0,0.004070137413881512,-5.619467258453369,-0.11946718394756317,assist,no
3291,0,0,0.012431650121413363,-5.075990676879883,-0.700990617275238,assist,no
3292,0,0,0.00013982208918825954,-8.975543975830078,-0.10054407268762589,assist,no
3293,0,0,0.0006263340555095619,-7.518737316131592,-0.14373715221881866,assist,No
3294,0,0,0.0004305572352375569,-8.27366828918457,-0.523668646812439,assist,no
3295,0,0,0.0031726820884586454,-6.006269454956055,-0.2562692165374756,assist,no
3296,0,0,0.0013250226538317129,-7.25972843170166,-0.6347286105155945,assist,No
3297,0,0,0.00015843626159170427,-9.002442359924316,-0.2524426281452179,assist,No
3298,0,0,0.000487857180910998,-7.9390549659729,-0.31405508518218994,assist,no
3299,0,0,0.008577487441202876,-5.072323799133301,-0.3223240375518799,assist,no
3300,0,0,0.0003799843449501338,-8.12857723236084,-0.25357678532600403,assist,no
3301,0,0,0.0009110511944006454,-7.57715368270874,-0.5771536827087402,assist,no
3302,0,0,0.012431649183829966,-4.393530368804932,-0.018530232831835747,assist,no
3303,0,0,0.0028009274041327055,-5.990712642669678,-0.11571279913187027,assist,No
3304,0,0,0.00020342706897567313,-8.97496509552002,-0.47496554255485535,assist,no
3305,0,0,0.00013982213814394206,-9.304059028625488,-0.4290594756603241,assist,no
3306,0,0,6.605213156810253e-05,-9.738105773925781,-0.11310557276010513,assist,no
3307,0,0,0.00023050663270847912,-8.628120422363281,-0.2531200349330902,assist,no
3308,0,0,0.001700722209038197,-6.899885177612305,-0.5248850584030151,assist,no
3309,0,0,0.0019267345200511502,-6.41258430480957,-0.16258423030376434,assist,No
3310,0,0,0.0007096705259094992,-7.7253522872924805,-0.4753524661064148,assist,No
3311,0,0,0.0021827167698853724,-6.409878253936768,-0.2848784029483795,assist,no
3312,0,0,0.0015011819887076757,-6.9760541915893555,-0.47605401277542114,assist,no
3313,0,0,0.01098694392594878,-4.895695686340332,-0.3956958055496216,assist,No
3314,0,0,0.00037998445956629375,-7.924416542053223,-0.049416396766901016,assist,no
3315,0,0,0.003593603221697163,-5.855147838592529,-0.23014801740646362,assist,no
3316,0,0,0.0028009273000822866,-6.3514723777771,-0.47647249698638916,assist,No
3317,0,0,0.00010889688457337367,-9.139334678649902,-0.014334444887936115,assist,no
3318,0,0,0.001700722310236739,-6.95262336730957,-0.5776233077049255,assist,No
3319,0,0,0.0006263341394548992,-7.50312614440918,-0.1281261146068573,assist,no
3320,0,0,2.1444948281111797e-05,-10.761093139648438,-0.011093133129179478,assist,no
3321,0,0,0.001169510439122326,-7.225978851318359,-0.4759790003299713,assist,no
3322,0,0,0.0013250226538317129,-7.319463729858398,-0.6944639086723328,assist,no
3323,0,0,0.0013250226143952844,-7.101084232330322,-0.4760843813419342,assist,No
3324,0,0,0.006692851716795015,-5.289762020111084,-0.28976213932037354,assist,no
3325,0,0,0.0005527784393438672,-8.024380683898926,-0.5243803262710571,assist,no
3326,0,0,0.0002305067597674296,-8.535938262939453,-0.16093842685222626,assist,No
3327,0,0,0.0006263341767639418,-7.601481914520264,-0.22648194432258606,assist,No
3328,0,0,0.00020342691744158468,-9.13326358795166,-0.6332632899284363,assist,no
3329,0,0,0.0007096704202354052,-7.725061893463135,-0.47506192326545715,assist,no
3330,0,0,0.004070137715896127,-6.079341411590576,-0.5793414115905762,assist,no
3331,0,0,0.0002305066670487291,-8.488259315490723,-0.11325907707214355,assist,No
3332,0,0,0.0013250225749588576,-7.055469036102295,-0.4304691553115845,assist,no
3333,0,0,0.0003799846449332427,-8.055737495422363,-0.18073783814907074,assist,no
3334,0,0,0.002472623119880922,-6.228661060333252,-0.22866104543209076,assist,no
3335,0,0,0.0006263341954184638,-7.536336421966553,-0.1613364815711975,assist,No
3336,0,0,0.0004305570588789821,-7.850848197937012,-0.10084814578294754,assist,No
3337,0,0,0.0010322309522442217,-6.95524263381958,-0.08024255186319351,assist,No
3338,0,0,7.484624089315913e-05,-10.133066177368164,-0.6330663561820984,assist,No
3339,0,0,0.0002959570165195049,-8.305326461791992,-0.18032613396644592,assist,no
3340,0,0,0.00037998459965275826,-8.055366516113281,-0.18036673963069916,assist,No
3341,0,0,0.0004878572390397371,-8.099902153015137,-0.4749023914337158,assist,no
3342,0,0,0.0002305066464445785,-8.849781036376953,-0.47478070855140686,assist,No
3343,0,0,0.0035936034351228795,-6.260955810546875,-0.6359560489654541,assist,no
3344,0,0,0.00015843621438150682,-9.032024383544922,-0.2820243537425995,assist,no
3345,0,0,0.00020342692350294609,-8.660881042480469,-0.16088077425956726,assist,No
3346,0,0,0.0013250224172131609,-7.01398229598999,-0.38898229598999023,assist,no
3347,0,0,0.0010322309445614404,-7.3050971031188965,-0.4300970137119293,assist,no
3348,0,0,0.008577486427457372,-5.280458450317383,-0.5304585695266724,assist,no
3349,0,0,7.484624646922146e-05,-9.643148422241211,-0.14314867556095123,assist,No
3350,0,0,0.0002959571046954782,-8.226097106933594,-0.10109707713127136,assist,no
3351,0,0,0.00020342691744158468,-9.133164405822754,-0.63316410779953,assist,no
3352,0,0,0.0007096703991005882,-7.8846893310546875,-0.6346893310546875,assist,no
3353,0,0,0.001700722411435288,-7.069526195526123,-0.694526195526123,assist,no
3354,0,0,0.00029595698786231923,-8.204570770263672,-0.07957034558057785,assist,no
3355,0,0,0.0017007220066411306,-6.899868011474609,-0.5248677730560303,assist,No
3356,0,0,0.0021827162506210893,-6.475992679595947,-0.3509925901889801,assist,No
3357,0,0,0.0010322308677336307,-6.990069389343262,-0.11506922543048859,assist,no
3358,0,0,0.0002305066464445785,-8.689122200012207,-0.31412187218666077,assist,no
3359,0,0,0.0005527786533885804,-7.814359188079834,-0.31435921788215637,assist,no
3360,0,0,0.04742587452393617,-3.4360768795013428,-0.43607690930366516,assist,no
3361,0,0,0.005220126312597491,-5.88625431060791,-0.6362544298171997,assist,no
3362,0,0,0.0007096702300220753,-7.826790809631348,-0.5767905712127686,assist,no
3363,0,0,3.1201904594363013e-05,-10.393219947814941,-0.018219729885458946,assist,no
3364,0,0,0.007577241267860811,-5.196865081787109,-0.3218650817871094,assist,no
3365,0,0,0.006692850131774789,-5.528310775756836,-0.5283106565475464,assist,No
3366,0,0,0.001700722209038197,-7.069769382476807,-0.6947692632675171,assist,no
3367,0,0,0.0010322310982170768,-7.350486755371094,-0.4754868149757385,assist,No
3368,0,0,0.0007096704625050409,-7.6797308921813965,-0.42973098158836365,assist,No
3369,0,0,0.0019267351218117874,-6.413691520690918,-0.16369175910949707,assist,no
3370,0,0,0.001700722209038197,-6.478446006774902,-0.10344588756561279,assist,no
3371,0,0,0.000158436181334377,-9.179718971252441,-0.4297187328338623,assist,no
3372,0,0,0.0004878571300483571,-7.75267219543457,-0.1276722103357315,assist,No
3373,0,0,0.0007096703991005882,-7.599512100219727,-0.34951210021972656,assist,No
3374,0,0,0.000911051248654057,-7.253411769866943,-0.25341182947158813,assist,no
3375,0,0,0.01243164938964095,-4.7717976570129395,-0.3967975378036499,assist,No
3376,0,0,0.0008040859835179557,-7.8193817138671875,-0.6943817734718323,assist,no
3377,0,0,0.00043055702360727583,-7.9523091316223145,-0.2023089975118637,assist,no
3378,0,0,0.13296423504419938,-2.032811403274536,-0.15781135857105255,assist,no
3379,0,0,0.00013982212564461725,-9.262721061706543,-0.3877214193344116,assist,No
3380,0,0,0.00033534999059445133,-8.523744583129883,-0.5237441658973694,assist,No
3381,0,0,0.0010322310982170768,-7.452194690704346,-0.5771947503089905,assist,No
3382,0,0,0.0003353500602182431,-8.010175704956055,-0.010175495408475399,assist,no
3383,0,0,0.00026119033076878715,-8.430364608764648,-0.18036465346813202,assist,No
3384,0,0,0.0031726822769652645,-6.227012634277344,-0.4770124554634094,assist,no
3385,0,0,0.00043055708132461493,-8.383622169494629,-0.6336221694946289,assist,no
3386,0,0,0.0031726826539785367,-6.275833606719971,-0.5258335471153259,assist,No
3387,0,0,0.0004878571482135854,-7.726266384124756,-0.10126643627882004,assist,no
3388,0,0,0.00033535017042992505,-8.47481632232666,-0.4748164415359497,assist,No
3389,0,0,0.0017007221078396608,-7.07002067565918,-0.6950204968452454,assist,no
3390,0,0,0.00048785710098399316,-7.827377796173096,-0.20237775146961212,assist,no
3391,0,0,0.0007096702828591064,-7.411094665527344,-0.16109450161457062,assist,No
3392,0,0,0.0028009275498032983,-6.30635929107666,-0.43135949969291687,assist,No
3393,0,0,0.00012339456955149736,-9.026516914367676,-0.026516862213611603,assist,no
3394,0,0,0.0035936017277175022,-6.20390510559082,-0.5789048671722412,assist,No
3395,0,0,0.001501181899364581,-6.682060241699219,-0.18206000328063965,assist,no
3396,0,0,5.144220377758922e-05,-9.893296241760254,-0.018296048045158386,assist,no
3397,0,0,0.000295957007701909,-8.474380493164062,-0.34938013553619385,assist,no
3398,0,0,0.0008040859356292355,-7.407503128051758,-0.2825031280517578,assist,No
3399,0,0,0.0007096704129703116,-7.253989219665527,-0.003989239223301411,assist,no
3400,0,0,0.05340333431947304,-3.3151984214782715,-0.44019851088523865,assist,no
3401,0,0,0.033085976958581766,-3.6076934337615967,-0.2326933890581131,assist,no
3402,0,0,0.009708478200631072,-4.890200138092041,-0.26520031690597534,assist,no
3403,0,0,0.0010322308830991924,-7.350492000579834,-0.47549185156822205,assist,no
3404,0,0,0.00048785716637881444,-7.655551910400391,-0.030551999807357788,assist,no
3405,0,0,0.0004878570210570014,-7.7688517570495605,-0.14385154843330383,assist,no
3406,0,0,0.029312230327373224,-3.7431373596191406,-0.24313734471797943,assist,no
3407,0,0,7.484624026585214e-05,-9.504213333129883,-0.004213503561913967,assist,no
3408,0,0,0.0003353500505395985,-8.576706886291504,-0.5767066478729248,assist,No
3409,0,0,0.00029595699447551566,-8.327240943908691,-0.20224054157733917,assist,no
3410,0,0,0.00017952798004555745,-8.827019691467285,-0.20201975107192993,assist,no
3411,0,0,0.020332355717182622,-4.416130542755127,-0.5411306619644165,assist,no
3412,0,0,0.0004878569629282883,-8.013041496276855,-0.3880411684513092,assist,No
3413,0,0,0.0031726822769652645,-6.3856024742126465,-0.6356022953987122,assist,No
3414,0,0,0.0017007226138324027,-6.805833339691162,-0.43083345890045166,assist,no
3415,0,0,0.00359360194114313,-6.151764392852783,-0.5267642140388489,assist,no
3416,0,0,0.00026119035022390116,-8.502766609191895,-0.2527667284011841,assist,no
3417,0,0,0.0010322308523680697,-7.452206134796143,-0.5772059559822083,assist,No
3418,0,0,0.00029595702533710103,-8.474743843078613,-0.3497435450553894,assist,no
3419,0,0,3.120189961089388e-05,-10.38176155090332,-0.006761173252016306,assist,no
3420,0,0,0.00037998440155070234,-8.189376831054688,-0.3143765330314636,assist,no
3421,0,0,0.015906393461216167,-4.171551704406738,-0.046551816165447235,assist,no
3422,0,0,0.00026119033465980986,-8.599663734436035,-0.34966379404067993,assist,no
3423,0,0,0.0002611903813520866,-8.679213523864746,-0.4292137622833252,assist,no
3424,0,0,0.0004878572390397371,-8.099766731262207,-0.47476696968078613,assist,No
3425,0,0,0.0010322308523680697,-7.399665832519531,-0.5246656537055969,assist,No
3426,0,0,0.0021827160558970152,-6.556234359741211,-0.4312341809272766,assist,no
3427,0,0,0.00020342688940779068,-8.518540382385254,-0.018539946526288986,assist,No
3428,0,0,0.0009110513029074721,-7.576878547668457,-0.5768786668777466,assist,No
3429,0,0,0.0005527787357134919,-7.753057956695557,-0.25305813550949097,assist,no
3430,0,0,0.0006263340648368211,-7.762692451477051,-0.38769230246543884,assist,No
3431,0,0,0.010986943602109868,-4.983122825622559,-0.48312291502952576,assist,no
3432,0,0,0.01590639544387138,-4.6141510009765625,-0.4891512393951416,assist,no
3433,0,0,0.0024726227890962764,-6.254783630371094,-0.2547834813594818,assist,No
3434,0,0,0.0011695102302421558,-7.180412292480469,-0.43041226267814636,assist,No
3435,0,0,0.0007096703991005882,-7.680016994476318,-0.43001699447631836,assist,no
3436,0,0,0.0013250225749588576,-7.259083271026611,-0.6340833902359009,assist,no
3437,0,0,0.000804086019434498,-7.204836845397949,-0.07983694970607758,assist,No
3438,0,0,0.14804719051380197,-2.1448655128479004,-0.3948654532432556,assist,no
3439,0,0,0.0015011824354232285,-7.134640693664551,-0.6346408128738403,assist,no
3440,0,0,0.2689414213699951,-1.327539324760437,-0.327539324760437,assist,no
3441,0,0,0.0031726824654718946,-6.066969871520996,-0.31696975231170654,assist,no
3442,0,0,0.0006263340088732682,-7.951831817626953,-0.576831579208374,assist,no
3443,0,0,0.0005527785216687471,-7.8496222496032715,-0.34962204098701477,assist,no
3444,0,0,0.003172682748231862,-5.9563751220703125,-0.2063750922679901,assist,no
3445,0,0,0.0006263340648368211,-7.804682731628418,-0.42968258261680603,assist,No
3446,0,0,0.005220125384038879,-5.946746826171875,-0.6967467665672302,assist,no
3447,0,0,0.0013250224960860068,-7.149786472320557,-0.5247865319252014,assist,no
3448,0,0,0.00026119026851243203,-8.452080726623535,-0.20208053290843964,assist,no
3449,0,0,0.0003353500954984659,-8.180578231811523,-0.18057812750339508,assist,no
3450,0,0,0.00026119041248027575,-8.826690673828125,-0.5766910314559937,assist,No
3451,0,0,0.0013250224960860068,-7.1498703956604,-0.5248704552650452,assist,no
3452,0,0,0.000626334102145859,-7.556198596954346,-0.18119850754737854,assist,no
3453,0,0,0.0031726826539785367,-6.181397438049316,-0.43139737844467163,assist,No
3454,0,0,0.004609571905888793,-6.010931015014648,-0.6359309554100037,assist,no
3455,0,0,0.0009110513571608901,-7.6338067054748535,-0.6338068842887878,assist,No
3456,0,0,0.0028009265301093093,-5.907843589782715,-0.03284343332052231,assist,No
3457,0,0,0.000379984667573487,-8.101702690124512,-0.22670309245586395,assist,no
3458,0,0,0.00020342701442338832,-8.7818021774292,-0.28180235624313354,assist,no
3459,0,0,0.00029595713555707507,-8.327079772949219,-0.20207984745502472,assist,no
3460,0,0,0.0015011822567369915,-7.024781703948975,-0.5247817039489746,assist,no
3461,0,0,0.1480471829959148,-2.3723621368408203,-0.6223620176315308,assist,no
3462,0,0,0.07585817584273653,-3.0862085819244385,-0.5862085223197937,assist,no
3463,0,0,0.0017007225126338423,-7.069803237915039,-0.6948032975196838,assist,no
3464,0,0,0.03308597552845946,-3.6994099617004395,-0.3244098722934723,assist,no
3465,0,0,0.0035936025814200896,-6.320873737335205,-0.6958737373352051,assist,no
3466,0,0,0.0003799845289020121,-7.965283393859863,-0.09028343111276627,assist,no
3467,0,0,0.0005527787068997715,-7.570871829986572,-0.07087195664644241,assist,No
3468,0,0,0.0002034269098648832,-8.526678085327148,-0.026677750051021576,assist,no
3469,0,0,0.000487857180910998,-8.2587308883667,-0.6337310075759888,assist,No
3470,0,0,0.0001795279265516634,-9.148929595947266,-0.5239293575286865,assist,No
3471,0,0,0.004609571358918011,-5.808491230010986,-0.433491051197052,assist,no
3472,0,0,0.0009110511672739408,-7.282590866088867,-0.2825908362865448,assist,no
3473,0,0,0.0017007226138324027,-6.89984655380249,-0.5248466730117798,assist,No
3474,0,1,0.6224593171945417,-0.9039013981819153,-1.4039013385772705,assist,Yes
3475,0,0,0.0008040859356292355,-7.513171195983887,-0.3881711959838867,assist,No
3476,0,0,0.0019267344340853601,-6.775869369506836,-0.5258692502975464,assist,no
3477,0,0,0.0009110509773870306,-7.694353103637695,-0.6943528652191162,assist,no
3478,0,0,9.610237254248469e-05,-9.363283157348633,-0.113282710313797,assist,no
3479,0,0,0.0005527786204586191,-7.7266621589660645,-0.22666212916374207,assist,no
3480,0,0,0.0013250221115809271,-6.740535259246826,-0.11553502827882767,assist,no
3481,0,0,0.0009110510316404296,-7.143804550170898,-0.1438043713569641,assist,No
3482,0,0,0.0006263340088732682,-8.068872451782227,-0.6938722133636475,assist,no
3483,0,0,0.0007096703568309563,-7.638284206390381,-0.3882841467857361,assist,no
3484,0,0,0.00012339457598623172,-9.429044723510742,-0.4290447235107422,assist,no
3485,0,0,0.0021827167698853724,-6.1459550857543945,-0.02095523476600647,assist,no
3486,0,0,0.00033535020040251337,-8.18075942993164,-0.18075963854789734,assist,no
3487,0,0,0.00013982201315074406,-9.127429008483887,-0.2524285614490509,assist,No
3488,0,0,0.004070138350126891,-5.508398532867432,-0.008398689329624176,assist,no
3489,0,0,9.610242981847464e-05,-9.502676010131836,-0.2526761591434479,assist,no
3490,0,0,0.0004305571839332368,-7.893964767456055,-0.1439650058746338,assist,no
3491,0,0,0.06008665017400762,-3.2365214824676514,-0.48652148246765137,assist,no
3492,0,0,0.0005527785113781365,-7.549401760101318,-0.04940153285861015,assist,No
3493,0,0,0.0002034269659324807,-8.849271774291992,-0.3492717146873474,assist,No
3494,0,0,0.020332352749027827,-3.9500982761383057,-0.07509824633598328,assist,no
3495,0,0,0.00012339457414773617,-9.079333305358887,-0.07933329045772552,assist,no
3496,0,0,0.00033535029032029444,-8.38770866394043,-0.3877091407775879,assist,no
3497,0,0,0.0007096705681791412,-7.532506942749023,-0.28250718116760254,assist,no
3498,0,0,0.0005527786698535617,-7.814224720001221,-0.3142247796058655,assist,no
3499,0,0,0.0006263340461823029,-7.899372100830078,-0.5243719220161438,assist,no
3500,0,0,0.0019267345487064141,-6.884670734405518,-0.6346706748008728,assist,No
3501,0,0,0.0010322308830991924,-7.305385589599609,-0.43038544058799744,assist,No
3502,0,0,8.481103035049913e-05,-9.502297401428223,-0.1272972673177719,assist,no
3503,0,0,5.8291251004242566e-05,-9.761168479919434,-0.011168228462338448,assist,no
3504,0,0,0.00017952799074433818,-8.695605278015137,-0.07060539722442627,assist,no
3505,0,0,0.22270011818961086,-2.0627284049987793,-0.8127282857894897,assist,No
3506,0,0,0.0005527785381337246,-7.849445819854736,-0.349445641040802,assist,No
3507,0,0,0.00218271670497733,-6.5559539794921875,-0.43095409870147705,assist,No
3508,0,0,0.02931222947940706,-3.740939140319824,-0.24093909561634064,assist,no
3509,0,0,0.0004878570937179025,-8.201997756958008,-0.576997697353363,assist,no
3510,0,0,0.0010322309445614404,-7.003352165222168,-0.1283520758152008,assist,No
3511,0,0,0.0006263341208003788,-7.850069999694824,-0.47506994009017944,assist,no
3512,0,0,0.00012339452450836627,-9.252568244934082,-0.2525678277015686,assist,no
3513,0,0,0.002182716214110324,-6.145899772644043,-0.020899666473269463,assist,no
3514,0,0,0.002800927133601626,-6.351901531219482,-0.4769015908241272,assist,no
3515,0,0,0.0015011823907516671,-6.815104007720947,-0.31510409712791443,assist,no
3516,0,0,0.001700722310236739,-6.725496292114258,-0.35049623250961304,assist,no
3517,0,0,0.0002305067219931397,-8.724386215209961,-0.34938621520996094,assist,no
3518,0,0,0.0028009275914234687,-6.103493690490723,-0.22849391400814056,assist,No
3519,0,0,0.0021827165751612514,-6.513986587524414,-0.38898664712905884,assist,No
3520,0,0,0.00037998467323354827,-8.26273250579834,-0.38773292303085327,assist,No
3521,0,0,0.00017952791551854977,-8.63502025604248,-0.010019956156611443,assist,no
3522,0,0,0.0024726235976810437,-6.131546497344971,-0.13154667615890503,assist,no
3523,0,0,0.0007096703991005882,-7.4310383796691895,-0.18103837966918945,assist,no
3524,0,0,0.0019267344985597022,-6.300754547119141,-0.05075446143746376,assist,No
3525,0,0,0.001032230913830316,-7.157546043395996,-0.28254592418670654,assist,no
3526,0,0,0.0002611902334932388,-8.502820014953613,-0.252819687128067,assist,no
3527,0,0,0.0017007220066411306,-6.9533843994140625,-0.5783841609954834,assist,no
3528,0,0,0.012431651950844584,-4.672946453094482,-0.2979465425014496,assist,no
3529,0,0,0.0004305571198028453,-8.03208065032959,-0.282080739736557,assist,no
3530,0,0,0.001501181899364581,-6.816100120544434,-0.3160998821258545,assist,no
3531,0,0,0.07585818628900447,-2.8606975078582764,-0.36069759726524353,assist,no
3532,0,0,0.00029595718846267717,-8.25263786315918,-0.12763811647891998,assist,No
3533,0,0,0.0017007227656302545,-6.851251602172852,-0.4762518107891083,assist,no
3534,0,0,9.610239258907726e-05,-9.826310157775879,-0.5763099193572998,assist,No
3535,0,0,0.053403329799824234,-3.5462958812713623,-0.6712958812713623,assist,no
3536,0,0,0.0003799844581512792,-8.189004898071289,-0.3140047490596771,assist,No
3537,0,0,0.000552778702783526,-7.643919467926025,-0.14391958713531494,assist,no
3538,0,0,0.0024726231566347748,-6.52569055557251,-0.5256905555725098,assist,no
3539,0,0,0.0009110510587671301,-7.202591896057129,-0.20259174704551697,assist,No
3540,0,0,0.1066905854244781,-2.468881845474243,-0.343881756067276,assist,no
3541,0,0,0.00037998433363002117,-8.452388763427734,-0.5773882865905762,assist,no
3542,0,0,3.535624125056371e-05,-10.253660202026367,-0.0036599335726350546,assist,no
3543,0,0,0.0019267343194643127,-6.725841045379639,-0.47584086656570435,assist,no
3544,0,0,0.00013982203398293596,-9.262309074401855,-0.3873087763786316,assist,no
3545,0,0,0.002472623524173327,-6.351332187652588,-0.35133233666419983,assist,no
3546,0,0,8.481106470668787e-05,-9.381857872009277,-0.006858143024146557,assist,no
3547,0,0,0.0040701368098523495,-5.650078296661377,-0.15007807314395905,assist,no
3548,0,0,0.00023050663957652873,-8.68891716003418,-0.31391680240631104,assist,no
3549,0,0,0.000552778702783526,-7.782070636749268,-0.28207075595855713,assist,No
3550,0,0,0.0008040861032397692,-7.51344108581543,-0.3884412944316864,assist,no
3551,0,0,0.0003799844694713956,-8.568840980529785,-0.6938408613204956,assist,no
3552,0,0,3.120190199366037e-05,-10.378256797790527,-0.0032564965076744556,assist,no
3553,0,0,0.00029595714657907474,-8.163846015930176,-0.038846127688884735,assist,No
3554,0,0,0.000709670377965772,-7.638525485992432,-0.38852545619010925,assist,no
3555,0,0,0.0006263341581094201,-8.008684158325195,-0.6336841583251953,assist,No
3556,0,0,7.484620381235518e-05,-9.548890113830566,-0.04888979718089104,assist,no
3557,0,0,0.0004878570355891808,-7.93914270401001,-0.31414252519607544,assist,no
3558,0,0,0.00020342701442338832,-8.887763977050781,-0.3877641558647156,assist,no
3559,0,0,0.00020342699065147707,-8.506957054138184,-0.006957116071134806,assist,no
3560,0,0,0.037326883194374896,-3.294175624847412,-0.04417550936341286,assist,no
3561,0,0,0.0007096703568309563,-7.679859638214111,-0.42985957860946655,assist,No
3562,0,0,0.0001398220329413263,-8.954399108886719,-0.07939880341291428,assist,no
3563,0,0,0.00020342704473021137,-8.5797119140625,-0.07971224188804626,assist,no
3564,0,0,0.000552778571063681,-7.753424167633057,-0.2534240484237671,assist,no
3565,0,0,0.07585818419975078,-2.9667654037475586,-0.46676546335220337,assist,no
3566,0,0,0.01098694392594878,-5.084161281585693,-0.5841614007949829,assist,No
3567,0,0,0.00033535006053045743,-8.202495574951172,-0.20249536633491516,assist,No
3568,0,0,0.0019267343194643127,-6.565542697906494,-0.3155425190925598,assist,no
3569,0,0,0.0011695105261557417,-6.9320831298828125,-0.1820833534002304,assist,no
3570,0,0,0.001032230913830316,-7.452095031738281,-0.5770949125289917,assist,No
3571,0,0,0.0002959570429722942,-8.599893569946289,-0.47489333152770996,assist,no
3572,0,0,0.002800927133601626,-6.401106357574463,-0.5261064171791077,assist,no
3573,0,0,0.015906392644828796,-4.390843868255615,-0.26584392786026,assist,No
3574,0,0,0.001700722310236739,-6.658755302429199,-0.28375524282455444,assist,no
3575,0,0,0.0002305067838056173,-8.804152488708496,-0.4291527569293976,assist,No
3576,0,0,0.0011695100735820523,-6.864164352416992,-0.11416418850421906,assist,No
3577,0,0,0.004070137172269837,-5.649782180786133,-0.14978204667568207,assist,no
3578,0,0,0.0013250226932681422,-6.878319263458252,-0.25331947207450867,assist,No
3579,0,0,0.009708478200631072,-4.839951038360596,-0.21495121717453003,assist,no
3580,0,0,0.001501182301408549,-6.850505352020264,-0.35050538182258606,assist,no
3581,0,0,0.00359360332841002,-6.0156707763671875,-0.3906709849834442,assist,no
3582,0,0,0.4073334000459302,-1.3220399618148804,-0.9470399618148804,assist,no
3583,0,0,0.0006263342607092953,-7.577800750732422,-0.202800914645195,assist,no
3584,0,0,0.0015011822567369915,-7.194524765014648,-0.6945247650146484,assist,no
3585,0,0,0.0005527786286911093,-7.702430248260498,-0.20243023335933685,assist,no
3586,0,0,0.1480471980316895,-2.2319915294647217,-0.4819915294647217,assist,no
3587,0,0,0.0009110514114143117,-7.430157661437988,-0.4301578998565674,assist,No
3588,0,0,0.0004878572681041092,-8.099811553955078,-0.474811851978302,assist,No
3589,0,0,0.0011695102998688749,-7.003721714019775,-0.2537217438220978,assist,no
3590,0,0,0.0013250223062982293,-6.635221481323242,-0.010221397504210472,assist,no
3591,0,0,0.0013250222594674832,-7.10084867477417,-0.47584855556488037,assist,No
3592,0,0,0.025957357951306048,-3.8673300743103027,-0.24233010411262512,assist,no
3593,0,0,1.8925147259032648e-05,-10.937484741210938,-0.06248468905687332,assist,no
3594,0,0,0.0010322311596793377,-7.452395915985107,-0.577396035194397,assist,no
3595,0,0,0.0009110511401472368,-7.282562255859375,-0.2825621962547302,assist,No
3596,0,0,0.0010322310060236924,-7.305218696594238,-0.4302186667919159,assist,no
3597,0,0,0.0006263342513820332,-7.850576400756836,-0.4755765497684479,assist,no
3598,0,0,0.012431652682617146,-4.637679100036621,-0.26267924904823303,assist,No
3599,0,0,0.00037998437891047395,-8.349716186523438,-0.47471582889556885,assist,no
3600,0,0,9.610238686147898e-05,-9.502301216125488,-0.2523009181022644,assist,no
3601,0,0,0.0010322308216369478,-7.225018501281738,-0.35001829266548157,assist,no
3602,0,0,4.006368178220529e-05,-10.187215805053711,-0.062215544283390045,assist,no
3603,0,0,2.753569521760851e-05,-10.660550117492676,-0.16055026650428772,assist,no
3604,0,1,0.6224593312018546,-0.8956844806671143,-1.3956844806671143,assist,Yes
3605,0,0,0.005220125693558397,-5.830402851104736,-0.5804028511047363,assist,No
3606,0,0,0.014063627869714051,-4.836217880249023,-0.5862179398536682,assist,no
3607,0,0,0.000379984582672578,-8.304427146911621,-0.4294273257255554,assist,no
3608,0,0,0.24508502416032488,-1.8438220024108887,-0.7188220620155334,assist,no
3609,0,0,0.0003353499806035945,-8.429420471191406,-0.42942002415657043,assist,no
3610,0,0,0.0028009264676790765,-6.45357084274292,-0.5785706639289856,assist,No
3611,0,0,0.01590639357784294,-4.827921390533447,-0.7029215097427368,assist,no
3612,0,0,0.0007096703991005882,-7.679804801940918,-0.42980480194091797,assist,No
3613,0,0,0.0009110509773870306,-7.577363014221191,-0.5773627758026123,assist,No
3614,0,0,0.0003799845600323388,-8.452126502990723,-0.5771266222000122,assist,No
3615,0,0,0.0046095714956607,-5.8527750968933105,-0.4777749478816986,assist,No
3616,0,0,0.0010322309474424833,-6.880724906921387,-0.0057248203083872795,assist,no
3617,0,0,0.00037998456569239845,-7.954807758331299,-0.07980789244174957,assist,no
3618,0,0,0.0011695105435624257,-7.327197074890137,-0.5771973133087158,assist,No
3619,0,0,0.0007096703991005882,-7.88342809677124,-0.6334280967712402,assist,no
3620,0,0,0.00020342697199384353,-8.726661682128906,-0.22666165232658386,assist,no
3621,0,0,0.0009110511401472368,-7.2827935218811035,-0.28279346227645874,assist,no
3622,0,0,0.0010322312211416022,-7.452214241027832,-0.5772144198417664,assist,No
3623,0,0,0.0013250223383403197,-7.259209632873535,-0.6342095732688904,assist,no
3624,0,0,0.0013250221805946513,-7.149697303771973,-0.5246971249580383,assist,No
3625,0,0,0.00043055708773765306,-7.930764198303223,-0.18076421320438385,assist,No
3626,0,0,0.0002611903813520866,-8.53177547454834,-0.28177571296691895,assist,no
3627,0,0,0.0015011820445471127,-6.615599632263184,-0.11559949070215225,assist,no
3628,0,0,0.005220125693558397,-5.946990013122559,-0.6969900131225586,assist,no
3629,0,0,0.00010889687757628518,-9.599531173706055,-0.4745308756828308,assist,No
3630,0,0,6.605217019751039e-05,-9.680155754089355,-0.05515613779425621,assist,no
3631,0,0,0.0011695104739356916,-7.180128574371338,-0.4301287531852722,assist,no
3632,0,0,0.00020342706897567313,-8.84895133972168,-0.3489517867565155,assist,no
3633,0,0,0.16451646904109268,-1.8102914094924927,-0.18529145419597626,assist,no
3634,0,0,0.000709670377965772,-7.6377763748168945,-0.38777634501457214,assist,no
3635,0,0,0.0007096704519376317,-7.431158065795898,-0.1811581403017044,assist,no
3636,0,0,0.00013982210897885256,-9.39870548248291,-0.5237057209014893,assist,No
3637,0,0,0.00048785722450755167,-7.974600315093994,-0.34960052371025085,assist,No
3638,0,0,0.0009110512011823215,-7.080600261688232,-0.08060026913881302,assist,No
3639,0,0,0.0004878570937179025,-8.319388389587402,-0.6943883299827576,assist,no
3640,0,0,1.6701419981597115e-05,-11.112967491149902,-0.11296737939119339,assist,no
3641,0,0,0.0031726825449981334,-5.760349273681641,-0.010349179618060589,assist,no
3642,0,0,0.0001233946127561488,-9.28187084197998,-0.28187114000320435,assist,no
3643,0,0,0.00033535006552588696,-8.18093204498291,-0.18093185126781464,assist,no
3644,0,0,0.0006263341114731189,-7.577902793884277,-0.20290271937847137,assist,no
3645,0,0,0.0002611904046982281,-8.377543449401855,-0.12754377722740173,assist,no
3646,0,0,0.0002611903886477556,-8.262879371643066,-0.012879638001322746,assist,no
3647,0,0,0.4073334000459302,-1.3110947608947754,-0.9360947608947754,assist,no
3648,0,0,0.0019267349498801579,-6.3311052322387695,-0.08110538125038147,assist,No
3649,0,0,7.48462551121189e-05,-9.523426055908203,-0.023426424711942673,assist,no
3650,0,0,0.0007096703568309563,-7.827202320098877,-0.5772022604942322,assist,no
3651,0,0,8.481107078812962e-05,-9.51835823059082,-0.14335857331752777,assist,no
3652,0,0,0.0009110510723304808,-7.2027201652526855,-0.2027200311422348,assist,No
3653,0,0,0.0017007220572403947,-6.805944442749023,-0.4309442341327667,assist,no
3654,0,0,0.002800926967120973,-6.1585693359375,-0.2835693359375,assist,No
3655,0,0,0.0008040858398518034,-7.702225685119629,-0.5772255659103394,assist,No
3656,0,0,0.00023050682501394492,-8.724087715148926,-0.3490881621837616,assist,no
3657,0,0,0.002182716380437148,-6.2717976570129395,-0.14679762721061707,assist,no
3658,0,0,0.0002611902154972663,-8.26291275024414,-0.012912353500723839,assist,no
3659,0,0,0.0008040859835179557,-7.7018866539001465,-0.5768867135047913,assist,no
3660,0,0,0.0003799846392731819,-8.077159881591797,-0.20216020941734314,assist,No
3661,0,0,4.539784840893147e-05,-10.11309814453125,-0.11309769749641418,assist,no
3662,0,0,0.004070137897104907,-5.705187797546387,-0.2051878422498703,assist,No
3663,0,0,0.0011695103346822365,-6.976923942565918,-0.22692400217056274,assist,No
3664,0,0,0.0013250225749588576,-7.149555683135986,-0.5245558023452759,assist,no
3665,0,0,2.144494126104769e-05,-10.755317687988281,-0.00531735410913825,assist,no
3666,0,0,0.0001795280522623397,-8.680391311645508,-0.05539177358150482,assist,No
3667,0,0,0.005220124610240159,-5.6414313316345215,-0.39143112301826477,assist,No
3668,0,0,0.002472623671188763,-6.431212902069092,-0.4312131106853485,assist,No
3669,0,0,0.0009110512757807642,-7.283024787902832,-0.2830248773097992,assist,no
3670,0,0,0.0003799843449501338,-8.224350929260254,-0.3493504822254181,assist,no
3671,0,0,0.0002959572369594874,-8.70180892944336,-0.5768093466758728,assist,no
3672,0,0,0.0017007220066411306,-6.953064918518066,-0.5780646800994873,assist,no
3673,0,0,2.1444956609327386e-05,-10.77340030670166,-0.02340068854391575,assist,no
3674,0,0,0.0003353501404573394,-8.1612548828125,-0.1612549126148224,assist,no
3675,0,0,0.0015011819887076757,-7.024476528167725,-0.5244763493537903,assist,No
3676,0,0,0.000804086031406679,-7.649451732635498,-0.5244518518447876,assist,No
3677,0,0,0.00033535008051217613,-8.252829551696777,-0.2528294026851654,assist,No
3678,0,0,0.002182715990988994,-6.475999355316162,-0.3509991466999054,assist,No
3679,0,0,0.003593603221697163,-6.151596546173096,-0.52659672498703,assist,no
3680,0,0,0.00023050679239068497,-8.437674522399902,-0.06267482787370682,assist,no
3681,0,0,0.0021827165751612514,-6.820178031921387,-0.6951780915260315,assist,no
3682,0,0,0.0007096704413702227,-7.944068908691406,-0.694068968296051,assist,no
3683,0,0,0.0035936025814200896,-5.977284908294678,-0.35228490829467773,assist,no
3684,0,0,0.003593603008271459,-5.9417829513549805,-0.31678307056427,assist,No
3685,0,0,0.18242550602671442,-2.2407398223876953,-0.7407397031784058,assist,no
3686,0,0,0.0003353501054893262,-8.180829048156738,-0.1808289736509323,assist,no
3687,0,0,0.0006263342234002478,-7.556156635284424,-0.18115673959255219,assist,no
3688,0,0,0.0013250224566495835,-6.852473258972168,-0.22747328877449036,assist,no
3689,0,0,0.03308597981882656,-3.611051559448242,-0.23605160415172577,assist,no
3690,0,0,0.00029595716641867513,-8.55482006072998,-0.4298202395439148,assist,no
3691,0,0,0.0001584362663127248,-9.225042343139648,-0.4750426411628723,assist,No
3692,0,0,0.0002959571091042776,-8.252760887145996,-0.1277608722448349,assist,no
3693,0,0,7.484619628467544e-05,-9.88735580444336,-0.38735538721084595,assist,no
3694,0,0,0.00023050670138898422,-8.437618255615234,-0.06261816620826721,assist,no
3695,0,0,0.000911051248654057,-7.524247169494629,-0.5242472290992737,assist,No
3696,0,0,0.00017952804423825133,-9.258061408996582,-0.6330618262290955,assist,no
3697,0,0,0.0004305570107812016,-7.976273536682129,-0.22627337276935577,assist,No
3698,0,0,0.0017007227150309691,-6.456830978393555,-0.08183115720748901,assist,no
3699,0,0,0.002800926967120973,-5.968954086303711,-0.09395408630371094,assist,no
3700,0,0,0.00132502237777674,-7.055358409881592,-0.4303583800792694,assist,No
3701,0,0,0.000379984493526644,-7.885253429412842,-0.01025337353348732,assist,no
3702,0,0,0.09534947261117097,-2.6762304306030273,-0.4262305200099945,assist,no
3703,0,0,0.0024726234139117557,-6.1643571853637695,-0.1643572896718979,assist,no
3704,0,0,0.00020342704776089398,-8.627521514892578,-0.12752185761928558,assist,no
3705,0,0,0.006692850032711038,-5.149108409881592,-0.14910827577114105,assist,No
3706,0,0,0.0003799845487122197,-8.03621768951416,-0.16121777892112732,assist,no
3707,0,0,0.0028009264676790765,-6.453484058380127,-0.5784838795661926,assist,no
3708,0,0,0.008577486680893736,-5.073870658874512,-0.32387080788612366,assist,no
3709,0,0,0.00023050680440978017,-8.898699760437012,-0.5237001180648804,assist,no
3710,0,0,0.00015843625687068385,-9.099339485168457,-0.34933972358703613,assist,No
3711,0,0,0.24508502416032488,-1.835730791091919,-0.7107308506965637,assist,no
3712,0,0,0.0011695100561753752,-7.2745842933654785,-0.5245841145515442,assist,no
3713,0,0,0.002800927133601626,-6.570397853851318,-0.6953979134559631,assist,no
3714,0,0,0.0007096704836398597,-7.884098529815674,-0.6340986490249634,assist,No
3715,0,0,0.00048785706465354084,-7.938931465148926,-0.31393134593963623,assist,No
3716,0,0,0.0002305067906736714,-8.76258659362793,-0.38758689165115356,assist,no
3717,0,0,0.0007096703145613268,-7.88357400894165,-0.6335738897323608,assist,no
3718,0,0,0.00020342704473021137,-8.887633323669434,-0.38763365149497986,assist,no
3719,0,0,0.0009110511672739408,-7.429999351501465,-0.42999932169914246,assist,no
3720,0,0,0.001501181899364581,-6.930688858032227,-0.43068861961364746,assist,no
3721,0,0,0.002182716185713063,-6.820337772369385,-0.6953376531600952,assist,no
3722,0,0,0.00010889692949672061,-9.377384185791016,-0.25238436460494995,assist,no
3723,0,0,0.009708477627578704,-5.208121299743652,-0.5831214189529419,assist,No
3724,0,0,0.001501182301408549,-6.753711700439453,-0.2537117302417755,assist,No
3725,0,0,0.00026119036578799344,-8.476224899291992,-0.2262250781059265,assist,no
3726,0,0,0.0009110513842876005,-7.475307941436768,-0.4753081500530243,assist,No
3727,0,0,0.0005527784064139189,-8.133654594421387,-0.6336541771888733,assist,No
3728,0,0,0.0002034269113802235,-8.813848495483398,-0.3138481676578522,assist,no
3729,0,0,0.0019267342621537913,-6.565924644470215,-0.31592443585395813,assist,no
3730,0,0,0.00033535006053045743,-8.2021484375,-0.2021482288837433,assist,no
3731,0,0,0.00010889687919879841,-9.285664558410645,-0.16066427528858185,assist,no
3732,0,0,0.0002305068112778349,-8.657317161560059,-0.28231754899024963,assist,no
3733,0,0,0.0015011825247663551,-7.025020599365234,-0.5250207781791687,assist,no
3734,0,0,0.0008040859296431455,-7.195998668670654,-0.0709986612200737,assist,No
3735,0,0,0.005220125229279126,-5.683795928955078,-0.43379583954811096,assist,no
3736,0,0,0.00029595722373308383,-8.180493354797363,-0.05549372732639313,assist,No
3737,0,0,0.0008040857799909139,-7.253096103668213,-0.12809590995311737,assist,No
3738,0,0,0.0005527786369235996,-7.643765449523926,-0.14376544952392578,assist,no
3739,0,0,0.014063626630011202,-4.613649845123291,-0.36364981532096863,assist,no
3740,0,0,0.0007096703145613268,-7.944448471069336,-0.6944483518600464,assist,no
3741,0,0,0.0009110510723304808,-7.226900577545166,-0.22690044343471527,assist,No
3742,0,0,0.0028009273833226214,-5.90841817855835,-0.03341832756996155,assist,no
3743,0,0,0.0013250226143952844,-6.878968238830566,-0.25396838784217834,assist,No
3744,0,0,0.0009110513571608901,-7.181484222412109,-0.1814844012260437,assist,no
3745,0,0,0.000203427075037039,-8.887727737426758,-0.387728214263916,assist,no
3746,0,0,0.00017952792120227488,-8.906600952148438,-0.281600683927536,assist,No
3747,0,0,0.008577483639657844,-4.889357566833496,-0.13935735821723938,assist,no
3748,0,0,0.00017952803353946743,-9.201305389404297,-0.5763057470321655,assist,no
3749,0,0,0.00026119036578799344,-8.774184226989746,-0.5241844058036804,assist,no
3750,0,0,0.00029595699006671806,-8.649057388305664,-0.5240569710731506,assist,no
3751,0,0,0.004609571290546667,-5.60506534576416,-0.23006515204906464,assist,No
3752,0,0,8.481104930563602e-05,-9.502339363098145,-0.1273394525051117,assist,No
3753,0,0,0.0031726826539785367,-6.385194778442383,-0.635194718837738,assist,No
3754,0,0,0.0009110511944006454,-7.52426290512085,-0.5242629051208496,assist,No
3755,0,0,0.005220124685201905,-5.256908416748047,-0.006908222567290068,assist,no
3756,0,0,0.00012339459161344514,-9.089390754699707,-0.08939088135957718,assist,no
3757,0,0,0.0004305568889335148,-8.099628448486328,-0.3496280014514923,assist,no
3758,0,0,0.0011695100561753752,-7.033209800720215,-0.2832096219062805,assist,no
3759,0,0,0.0006263340275277853,-7.763558387756348,-0.38855817914009094,assist,no
3760,0,1,0.7981867873410141,-0.6293818354606628,-2.0043818950653076,assist,Yes
3761,0,0,0.0028009265509193865,-6.2268967628479,-0.35189661383628845,assist,no
3762,0,0,0.0003353502303751044,-8.633356094360352,-0.6333563923835754,assist,No
3763,0,0,0.0003353501904116503,-8.429479598999023,-0.42947977781295776,assist,no
3764,0,0,0.0075772430607274135,-5.456451416015625,-0.5814516544342041,assist,no
3765,0,0,0.0009110510858938316,-7.282347679138184,-0.28234755992889404,assist,No
3766,0,0,0.0009110512757807642,-7.475401878356934,-0.47540196776390076,assist,no
3767,0,0,0.0059110695567328965,-5.705752849578857,-0.580752968788147,assist,no
3768,0,0,2.43002514250256e-05,-10.641181945800781,-0.01618238538503647,assist,no
3769,0,0,0.005220125074519377,-5.886395454406738,-0.6363953351974487,assist,No
3770,0,0,0.0002305067219931397,-8.62800407409668,-0.2530040740966797,assist,no
3771,0,0,0.0011695101606154403,-6.840795516967773,-0.09079542756080627,assist,No
3772,0,0,0.004609571102525478,-5.398138523101807,-0.023138288408517838,assist,No
3773,0,0,0.0013250222200310669,-7.1009016036987305,-0.47590145468711853,assist,No
3774,0,0,6.605215485031459e-05,-9.631840705871582,-0.006840857211500406,assist,no
3775,0,0,0.00015843624742864355,-8.829298973083496,-0.07929915189743042,assist,no
3776,0,0,0.0006263341208003788,-7.657689571380615,-0.28268951177597046,assist,no
3777,0,0,0.00033534997810588034,-8.030311584472656,-0.030311129987239838,assist,no
3778,0,0,0.00017952799074433818,-9.258471488952637,-0.6334716081619263,assist,no
3779,0,0,0.002472622862603971,-6.578283786773682,-0.5782836675643921,assist,No
3780,0,0,0.0011695104043089619,-6.952817440032959,-0.20281755924224854,assist,No
3781,0,0,0.0010322310674859476,-7.189661979675293,-0.31466200947761536,assist,No
3782,0,0,0.010986941335237732,-4.599729061126709,-0.09972894191741943,assist,No
3783,0,0,0.001501181899364581,-7.194972038269043,-0.6949717998504639,assist,no
3784,0,0,0.0006263341301276389,-7.476202487945557,-0.10120244324207306,assist,No
3785,0,0,0.29421497216298875,-1.622883677482605,-0.747883677482605,assist,no
3786,0,0,0.005220126312597491,-5.829736709594727,-0.5797368288040161,assist,No
3787,0,0,0.0019267349498801579,-6.600622177124023,-0.3506223261356354,assist,no
3788,0,0,0.00010889689806051652,-9.14847183227539,-0.02347172237932682,assist,no
3789,0,0,0.00026119022571119644,-8.531865119934082,-0.2818647623062134,assist,no
3790,0,0,0.00010889693456707697,-9.137836456298828,-0.012836681678891182,assist,no
3791,0,0,0.00010889685810612829,-9.268304824829102,-0.14330434799194336,assist,no
3792,0,0,6.605216338507736e-05,-9.628296852111816,-0.003297132672742009,assist,no
3793,0,0,0.005911069994538625,-5.276788234710693,-0.15178842842578888,assist,no
3794,0,0,0.005911067455265844,-5.518056869506836,-0.39305663108825684,assist,no
3795,0,0,0.0011695104739356916,-7.444204807281494,-0.6942049860954285,assist,no
3796,0,0,0.0002611902840765194,-8.430802345275879,-0.18080221116542816,assist,no
3797,0,0,0.005911069906977476,-5.60469388961792,-0.47969406843185425,assist,No
3798,0,0,0.0010322310367548194,-7.019649982452393,-0.14464998245239258,assist,no
3799,0,0,0.000335350090503036,-8.524199485778809,-0.524199366569519,assist,No
3800,0,0,0.34864513533394575,-1.4993574619293213,-0.8743574619293213,assist,no
3801,0,0,0.001501182066882888,-6.60315465927124,-0.10315453261137009,assist,no
3802,0,0,0.0019267347779485435,-6.775023460388184,-0.5250235199928284,assist,No
3803,0,0,0.00048785729716848303,-8.201611518859863,-0.5766118764877319,assist,No
3804,0,0,0.000203426893196141,-8.627501487731934,-0.12750107049942017,assist,no
3805,0,0,0.00020342699017793307,-8.643718719482422,-0.14371877908706665,assist,no
3806,0,0,0.00015843627398438344,-8.7885103225708,-0.03851066902279854,assist,No
3807,0,0,0.0013250226932681422,-7.055401802062988,-0.430402010679245,assist,no
3808,0,1,0.8175744761936437,-0.581841230392456,-2.081841230392456,assist,Yes
3809,0,0,0.000804086031406679,-7.351568222045898,-0.226568341255188,assist,No
3810,0,0,0.0001398220798137691,-9.188909530639648,-0.3139095604419708,assist,no
3811,0,0,0.009708474332528234,-4.768315315246582,-0.14331509172916412,assist,no
3812,0,0,0.0002611904046982281,-8.503096580505371,-0.25309690833091736,assist,no
3813,0,0,0.0015011821673938809,-6.754278182983398,-0.25427812337875366,assist,no
3814,0,0,0.0004878570355891808,-7.939356327056885,-0.31435614824295044,assist,no
3815,0,0,0.06754669489377622,-2.8502209186553955,-0.22522097826004028,assist,no
3816,0,0,0.0009110514114143117,-7.2032880783081055,-0.20328831672668457,assist,No
3817,0,0,0.0019267350071906994,-6.504411697387695,-0.25441187620162964,assist,no
3818,0,0,0.0002959571928714778,-8.406732559204102,-0.28173282742500305,assist,No
3819,0,0,0.0017007223450237396,-6.386739730834961,-0.011739691719412804,assist,no
3820,0,0,0.0007096704202354052,-7.299525737762451,-0.04952576756477356,assist,No
3821,0,0,0.0007096703462635487,-7.30582857131958,-0.05582849681377411,assist,No
3822,0,0,0.000804086127184134,-7.327610969543457,-0.20261120796203613,assist,no
3823,0,0,0.005911067455265844,-5.6536359786987305,-0.5286357402801514,assist,no
3824,0,0,0.00023050674946534992,-8.898828506469727,-0.5238286256790161,assist,No
3825,0,0,0.0031726822298386082,-5.935092449188232,-0.1850922554731369,assist,no
3826,0,0,0.005911068462218714,-5.2346296310424805,-0.1096295639872551,assist,no
3827,0,0,0.0013250226538317129,-7.20238733291626,-0.5773875117301941,assist,No
3828,0,0,0.0013250226932681422,-6.828609943389893,-0.2036101520061493,assist,no
3829,0,0,0.0009110511944006454,-7.524416446685791,-0.524416446685791,assist,no
3830,0,0,0.0019267348925696179,-6.828169822692871,-0.5781699419021606,assist,no
3831,0,0,0.005911067805510302,-5.444091796875,-0.3190916180610657,assist,No
3832,0,0,0.0017007226138324027,-7.008901596069336,-0.6339017152786255,assist,no
3833,0,0,4.006368924434926e-05,-10.195073127746582,-0.07007305324077606,assist,no
3834,0,0,0.001700722816229541,-6.900362968444824,-0.5253632068634033,assist,no
3835,0,0,0.005911068155754778,-5.7055134773254395,-0.5805133581161499,assist,no
3836,0,0,0.001169510439122326,-7.138503551483154,-0.38850370049476624,assist,no
3837,0,0,0.0017007221078396608,-7.009537696838379,-0.6345375180244446,assist,no
3838,0,0,0.0013250223383403197,-6.975167274475098,-0.3501672148704529,assist,no
3839,0,0,0.00020342706897567313,-8.813984870910645,-0.31398531794548035,assist,no
3840,0,0,0.042087725512577126,-3.7299866676330566,-0.6049866080284119,assist,No
3841,0,0,0.0017007225379334816,-6.602983474731445,-0.22798354923725128,assist,no
3842,0,0,0.0013250221411582371,-7.055548191070557,-0.4305479824542999,assist,no
3843,0,0,0.000709670377965772,-7.564489364624023,-0.31448933482170105,assist,no
3844,0,0,0.004070137232672753,-6.079337120056152,-0.5793370008468628,assist,no
3845,0,0,0.0011695100300653603,-6.813997268676758,-0.0639970675110817,assist,no
3846,0,0,0.0011695101954287976,-7.18030309677124,-0.43030303716659546,assist,no
3847,0,0,0.0006263340461823029,-7.601757526397705,-0.22675734758377075,assist,no
3848,0,0,0.00037998439023058795,-8.157156944274902,-0.2821566164493561,assist,No
3849,0,0,0.0005527786863185436,-7.974775791168213,-0.47477588057518005,assist,No
3850,0,0,0.0007096705364769095,-7.476486682891846,-0.22648687660694122,assist,No
3851,0,0,0.001700722310236739,-7.070005893707275,-0.6950058341026306,assist,no
3852,0,0,4.5397872761136066e-05,-10.18019962310791,-0.18019971251487732,assist,no
3853,0,0,0.0013250221805946513,-7.258911609649658,-0.6339114308357239,assist,No
3854,0,0,0.0031726831252451896,-6.066511631011963,-0.31651172041893005,assist,No
3855,0,0,0.0007096702722916998,-7.725162029266357,-0.4751618504524231,assist,no
3856,0,0,0.01798621022528639,-4.0267791748046875,-0.026779189705848694,assist,no
3857,0,0,0.005911069906977476,-5.604382038116455,-0.4793822169303894,assist,no
3858,0,0,0.0015011820780507757,-7.024767875671387,-0.5247677564620972,assist,No
3859,0,0,0.0011695099865486702,-7.444695472717285,-0.694695234298706,assist,no
3860,0,0,0.002182715990988994,-6.556098937988281,-0.43109872937202454,assist,no
3861,0,0,0.0013250226538317129,-7.3196635246276855,-0.6946637034416199,assist,no
3862,0,0,0.00015843620021845033,-9.32659912109375,-0.5765990018844604,assist,No
3863,0,0,0.00247262289935782,-6.228573322296143,-0.22857321798801422,assist,no
3864,0,0,0.3486451217982255,-1.514232873916626,-0.8892328143119812,assist,no
3865,0,0,0.001926734606016944,-6.504953861236572,-0.2549538314342499,assist,no
3866,0,0,0.00460957224133575,-5.382631301879883,-0.007631315384060144,assist,no
3867,0,0,0.0019267351218117874,-6.8846845626831055,-0.6346848011016846,assist,No
3868,0,0,0.002182716185713063,-6.514530181884766,-0.3895300626754761,assist,no
3869,0,0,0.0008040857680187367,-7.474789142608643,-0.34978893399238586,assist,No
3870,0,0,0.00026119022765670703,-8.351065635681152,-0.10106528550386429,assist,no
3871,0,0,0.0015011825247663551,-6.815481662750244,-0.31548184156417847,assist,no
3872,0,0,0.13296425394084313,-2.4322752952575684,-0.5572754144668579,assist,no
3873,0,0,0.0017007227150309691,-6.602841854095459,-0.2278420329093933,assist,no
3874,0,0,0.003593603008271459,-6.321493148803711,-0.6964932680130005,assist,no
3875,0,0,0.0011695104739356916,-7.444585800170898,-0.6945859789848328,assist,no
3876,0,0,0.0004305571198028453,-8.224952697753906,-0.4749527871608734,assist,no
3877,0,0,0.00029595711998850124,-8.131356239318848,-0.00635626120492816,assist,no
3878,0,0,0.10669060388702058,-2.3106017112731934,-0.18560181558132172,assist,no
3879,0,0,0.007577240147319397,-5.231258869171143,-0.35625872015953064,assist,no
3880,0,0,0.001501181899364581,-6.888675689697266,-0.3886754512786865,assist,no
3881,0,0,0.00017952798539494773,-8.73855209350586,-0.11355218291282654,assist,no
3882,0,0,0.01406362456384003,-4.652477741241455,-0.40247756242752075,assist,no
3883,0,0,0.00013982208814664943,-9.002240180969238,-0.12724027037620544,assist,No
3884,0,0,0.0008040859835179557,-7.5547709465026855,-0.4297710061073303,assist,no
3885,0,0,0.004070138682343046,-5.817174911499023,-0.31717514991760254,assist,No
3886,0,0,8.48110530966639e-05,-9.518082618713379,-0.14308275282382965,assist,no
3887,0,0,0.000487857180910998,-7.696061611175537,-0.07106173038482666,assist,no
3888,0,0,0.029312230327373224,-3.539588451385498,-0.03958843648433685,assist,no
3889,0,0,0.0001088969035364998,-9.51257038116455,-0.387570321559906,assist,no
3890,0,1,0.6224593171945417,-0.8232188820838928,-1.323218822479248,assist,Yes
3891,0,0,0.0005527787357134919,-7.849352836608887,-0.34935301542282104,assist,no
3892,0,0,0.1329642333263228,-2.2063827514648438,-0.331382691860199,assist,no
3893,0,0,0.0007096703991005882,-7.5650715827941895,-0.31507158279418945,assist,no
3894,0,0,0.002800927133601626,-6.453145503997803,-0.5781455636024475,assist,No
3895,0,0,0.0007096703568309563,-7.7745208740234375,-0.5245208144187927,assist,no
3896,0,0,0.0011695100909887293,-7.1802520751953125,-0.43025192618370056,assist,No
3897,0,0,0.0028009264676790765,-6.400383949279785,-0.5253837704658508,assist,No
3898,0,0,0.0013250226538317129,-7.319725513458252,-0.6947256922721863,assist,no
3899,0,0,0.0019267350071906994,-6.8848371505737305,-0.6348373293876648,assist,No
3900,0,0,0.0003353500155715947,-8.202401161193848,-0.2024008184671402,assist,No
3901,0,0,0.0005527785792961704,-7.726602077484131,-0.2266019731760025,assist,no
3902,0,0,0.3208212878370535,-1.545668363571167,-0.7956683039665222,assist,no
3903,0,0,0.00037998467323354827,-8.349754333496094,-0.4747547507286072,assist,no
3904,0,0,0.0002305068215799173,-8.555932998657227,-0.18093343079090118,assist,no
3905,0,0,0.00048785706465354084,-7.9744954109191895,-0.3494952917098999,assist,no
3906,0,0,0.0009110511401472368,-7.633650779724121,-0.6336507201194763,assist,No
3907,0,0,0.0040701373610289564,-5.52813196182251,-0.028131874278187752,assist,no
3908,0,0,0.0019267348925696179,-6.945380687713623,-0.6953808069229126,assist,no
3909,0,0,0.010986943440190413,-4.6986260414123535,-0.19862611591815948,assist,no
3910,0,0,0.000379984582672578,-8.399140357971191,-0.5241405367851257,assist,no
3911,0,0,0.0006263341767639418,-7.689436912536621,-0.3144369423389435,assist,no
3912,0,0,0.00013982211314529357,-9.188962936401367,-0.3139632046222687,assist,no
3913,0,0,0.0004878569338639344,-8.099998474121094,-0.4749980866909027,assist,no
3914,0,0,0.0008040857440743825,-7.51336669921875,-0.3883664608001709,assist,No
3915,0,0,0.0009110510045137297,-7.388501167297363,-0.38850095868110657,assist,No
3916,0,0,0.0002305067971124723,-8.395890235900879,-0.02089056186378002,assist,no
3917,0,0,0.09534947261117097,-2.5519776344299316,-0.3019777238368988,assist,no
3918,0,0,0.01098694263059318,-4.7944416999816895,-0.29444169998168945,assist,no
3919,0,0,0.0011695100909887293,-7.0334248542785645,-0.2834247052669525,assist,no
3920,0,0,0.0031726826539785367,-6.102161407470703,-0.35216134786605835,assist,no
3921,0,0,0.0011695104043089619,-7.274326801300049,-0.5243269205093384,assist,No
3922,0,0,0.003172682748231862,-6.227286338806152,-0.47728630900382996,assist,no
3923,0,0,0.0003353500055807371,-8.143569946289062,-0.14356957376003265,assist,no
3924,0,0,3.120191868755994e-05,-10.380322456359863,-0.00532269012182951,assist,no
3925,0,0,0.0011695100213620223,-7.226154804229736,-0.4761545956134796,assist,No
3926,0,0,0.0004305571198028453,-8.099693298339844,-0.3496933877468109,assist,no
3927,0,0,5.8291291175003564e-05,-9.768274307250977,-0.018274744972586632,assist,no
3928,0,0,0.0004305572352375569,-8.274200439453125,-0.5242007970809937,assist,no
3929,0,0,0.0002034269250182864,-8.61369800567627,-0.11369774490594864,assist,no
3930,0,0,0.0028009274249427897,-6.022665023803711,-0.14766518771648407,assist,no
3931,0,0,0.03308597552845946,-3.4997191429138184,-0.1247190535068512,assist,no
3932,0,0,0.0009110513842876005,-7.282795429229736,-0.28279563784599304,assist,no
3933,0,0,0.0013250226538317129,-7.150087356567383,-0.5250875353813171,assist,no
3934,0,0,0.14804721306746543,-2.189216136932373,-0.4392162561416626,assist,no
3935,0,0,0.0008040859835179557,-7.600281715393066,-0.4752817749977112,assist,No
3936,0,0,0.0002305068181458898,-8.724390983581543,-0.3493914008140564,assist,no
3937,0,0,0.0007096704519376317,-7.394594192504883,-0.14459426701068878,assist,no
3938,0,0,0.00023050674946534992,-8.804574012756348,-0.4295741319656372,assist,no
3939,0,0,0.014063628696182679,-4.8356614112854,-0.5856615304946899,assist,No
3940,0,0,0.0031726828424851893,-6.101142883300781,-0.35114288330078125,assist,No
3941,0,0,0.005220124610240159,-5.728163719177246,-0.4781635105609894,assist,No
3942,0,0,1.6701416007512345e-05,-11.004652976989746,-0.004652627278119326,assist,no
3943,0,0,9.610242444884912e-05,-9.268370628356934,-0.018370721489191055,assist,no
3944,0,0,0.0011695101954287976,-7.033238887786865,-0.28323882818222046,assist,no
3945,0,0,0.001032231113582642,-6.989908695220947,-0.11490876972675323,assist,no
3946,0,0,0.0024726234506656126,-6.578279495239258,-0.5782796144485474,assist,No
3947,0,0,0.001032231113582642,-7.07813024520874,-0.2031303197145462,assist,no
3948,0,0,0.0009110512757807642,-7.253793239593506,-0.253793329000473,assist,no
3949,0,0,0.00026119021014711256,-8.637524604797363,-0.38752418756484985,assist,No
3950,0,0,0.00048785715911272274,-7.805834770202637,-0.1808348447084427,assist,no
3951,0,0,0.00048785716637881444,-7.851255416870117,-0.22625550627708435,assist,no
3952,0,0,0.0007096703145613268,-7.82703971862793,-0.5770395994186401,assist,no
3953,0,0,0.00020342702048475257,-8.781856536865234,-0.2818567454814911,assist,no
3954,0,0,0.00012339454622558812,-9.005411148071289,-0.005410906858742237,assist,no
3955,0,0,0.0008040859356292355,-7.3786301612854,-0.2536301612854004,assist,No
3956,0,0,0.002472622825850124,-6.163232803344727,-0.16323266923427582,assist,No
3957,0,0,0.0004305570043681645,-8.099303245544434,-0.34930306673049927,assist,No
3958,0,0,0.0011695101258020842,-7.327094078063965,-0.5770939588546753,assist,no
3959,0,0,1.1478764620658165e-05,-11.401424407958984,-0.0264241024851799,assist,no
3960,0,0,0.0013250224172131609,-7.013180732727051,-0.3881807327270508,assist,No
3961,0,0,0.5,-1.06696617603302,-1.06696617603302,assist,no
3962,0,0,0.0006263342700365574,-7.628314018249512,-0.25331419706344604,assist,no
3963,0,0,0.000295957113513077,-8.407119750976562,-0.2821197509765625,assist,no
3964,0,0,0.00023050674259729705,-8.724214553833008,-0.349214643239975,assist,no
3965,0,0,0.0011695100561753752,-7.064695358276367,-0.31469517946243286,assist,No
3966,0,0,0.0017007227150309691,-6.690341472625732,-0.31534165143966675,assist,No
3967,0,0,0.0010322312211416022,-7.508563041687012,-0.633563220500946,assist,No
3968,0,1,0.679178699175393,-0.7256482839584351,-1.475648283958435,assist,yes
3969,0,0,0.0019267350071906994,-6.681097984313965,-0.43109816312789917,assist,no
3970,0,0,0.0013250223383403197,-7.149651050567627,-0.5246509909629822,assist,No
3971,0,0,0.0028009266341596987,-6.104124546051025,-0.22912442684173584,assist,no
3972,0,0,0.0006263342327275096,-7.762966156005859,-0.3879662752151489,assist,no
3973,0,0,0.00026119036189697025,-8.36367130279541,-0.11367146670818329,assist,no
3974,0,0,0.0008040858361104976,-7.132833480834961,-0.007833356969058514,assist,No
3975,0,0,0.04742587856304458,-3.466125965118408,-0.46612608432769775,assist,No
3976,0,0,0.0008040860553510418,-7.513119697570801,-0.3881198465824127,assist,No
3977,0,0,0.0015011825471021377,-6.7275004386901855,-0.22750063240528107,assist,No
3978,0,0,0.0006263342234002478,-7.4891204833984375,-0.11412058770656586,assist,no
3979,0,0,0.0009110514114143117,-7.634036064147949,-0.6340363025665283,assist,no
3980,0,0,0.0008040859685527304,-7.175076484680176,-0.050076525658369064,assist,no
3981,0,0,0.0011695101954287976,-7.274383068084717,-0.524383008480072,assist,no
3982,0,0,0.00020342702048475257,-8.813850402832031,-0.31385061144828796,assist,No
3983,0,0,0.0373268852023206,-3.4284567832946777,-0.17845672369003296,assist,no
3984,0,0,0.0019267347779485435,-6.828147888183594,-0.5781479477882385,assist,No
3985,0,0,0.05340333582602272,-3.6043291091918945,-0.7293292284011841,assist,no
3986,0,0,0.00013982203814937472,-9.26244831085205,-0.3874480426311493,assist,No
3987,0,0,0.0010322310982170768,-7.452341556549072,-0.577341616153717,assist,no
3988,0,0,0.004070138138716626,-5.593283653259277,-0.0932837575674057,assist,No
3989,0,0,0.0011695103694955987,-6.878534317016602,-0.12853440642356873,assist,No
3990,0,0,0.0010322310367548194,-7.452962398529053,-0.5779623985290527,assist,no
3991,0,0,0.16451647108926923,-2.1105051040649414,-0.4855051636695862,assist,no
3992,0,0,0.0010322308331611183,-6.9249348640441895,-0.049934666603803635,assist,No
3993,0,0,0.02931223583915389,-4.15249490737915,-0.6524950861930847,assist,no
3994,0,0,0.0007096705681791412,-7.883551597595215,-0.633551836013794,assist,No
3995,0,0,0.0002959572545946931,-8.758230209350586,-0.6332306861877441,assist,no
3996,0,0,0.0021827167698853724,-6.440938949584961,-0.3159390985965729,assist,no
3997,0,0,0.0008040860433788604,-7.305916786193848,-0.1809169203042984,assist,No
3998,0,0,0.0035936023679944244,-6.102346420288086,-0.47734636068344116,assist,No
3999,0,0,0.0008040860792954051,-7.701987266540527,-0.5769874453544617,assist,no
4000,0,0,0.0021827162506210893,-6.216224670410156,-0.09122458100318909,assist,No
4001,0,0,0.001700722816229541,-6.952425956726074,-0.5774261951446533,assist,No
4002,0,0,0.0003353499806035945,-8.314300537109375,-0.3143000900745392,assist,no
4003,0,0,0.0011695101954287976,-7.383965969085693,-0.6339659094810486,assist,no
4004,0,0,0.000911051248654057,-7.633827209472656,-0.633827269077301,assist,no
4005,0,0,0.004070137715896127,-5.890609264373779,-0.3906092643737793,assist,No
4006,0,0,0.0007096702511568873,-7.638108730316162,-0.3881085216999054,assist,No
4007,0,0,0.0013250225749588576,-7.2023444175720215,-0.577344536781311,assist,no
4008,0,0,0.00017952802016598846,-8.634973526000977,-0.009973809123039246,assist,no
4009,0,0,0.10669059962643358,-2.7869162559509277,-0.6619163155555725,assist,no
4010,0,0,0.4378234991142019,-1.2477658987045288,-0.9977658987045288,assist,no
4011,0,0,0.0015011821227223277,-6.976011753082275,-0.4760116636753082,assist,no
4012,0,0,0.0019267342621537913,-6.5661702156066895,-0.31617000699043274,assist,no
4013,0,0,0.0015011825247663551,-6.782703876495361,-0.28270405530929565,assist,No
4014,0,0,0.0006263341674366807,-7.518629550933838,-0.14362956583499908,assist,No
4015,0,0,0.0004878572390397371,-8.149311065673828,-0.5243113040924072,assist,No
4016,0,0,0.00010889692990234912,-9.133782386779785,-0.008782569319009781,assist,no
4017,0,0,0.0007096705681791412,-7.774157524108887,-0.5241577625274658,assist,No
4018,0,0,0.0015011821673938809,-6.754056930541992,-0.2540568709373474,assist,no
4019,0,0,0.008577484653403024,-4.9648261070251465,-0.21482601761817932,assist,no
4020,0,0,4.539786126148227e-05,-10.143061637878418,-0.14306147396564484,assist,no
4021,0,0,0.020332352452212373,-4.0688605308532715,-0.1938604861497879,assist,no
4022,0,0,0.002182716185713063,-6.759967803955078,-0.6349676847457886,assist,no
4023,0,0,0.0013250222200310669,-7.014487266540527,-0.3894871175289154,assist,no
4024,0,0,0.0008040857680187367,-7.378451347351074,-0.2534511387348175,assist,no
4025,0,0,0.0002959570958778797,-8.599943161010742,-0.4749431014060974,assist,no
4026,0,0,0.0004878570355891808,-7.907373428344727,-0.28237324953079224,assist,no
4027,0,0,0.005911067455265844,-5.65346622467041,-0.528465986251831,assist,no
4028,0,0,0.0003799844694713956,-8.50825023651123,-0.6332501173019409,assist,no
4029,0,0,0.0009110510316404296,-7.524225234985352,-0.5242250561714172,assist,no
4030,0,0,0.001032230990658129,-7.101773738861084,-0.2267736941576004,assist,no
4031,0,0,0.0008040858398518034,-7.6492815017700195,-0.52428138256073,assist,no
4032,0,0,0.0017007226644316852,-6.725684642791748,-0.35068479180336,assist,no
4033,0,0,0.0008040860074623171,-7.600390911102295,-0.4753910005092621,assist,No
4034,0,0,0.0015011821562259924,-6.563658714294434,-0.06365864723920822,assist,No
4035,0,0,0.007577239923211134,-5.456252574920654,-0.58125239610672,assist,No
4036,0,0,8.481103414152617e-05,-9.657049179077148,-0.2820490896701813,assist,no
4037,0,0,0.0009110511944006454,-7.524186134338379,-0.5241861343383789,assist,No
4038,0,0,0.00026119038524311,-8.47632122039795,-0.22632147371768951,assist,no
4039,0,0,0.004070137232672753,-6.026318550109863,-0.5263184309005737,assist,No
4040,0,0,0.0004305569658899445,-8.179655075073242,-0.4296548068523407,assist,No
4041,0,0,0.00020342699017793307,-8.88797664642334,-0.3879767060279846,assist,no
4042,0,0,0.00020342704776089398,-8.58953857421875,-0.08953891694545746,assist,No
4043,0,0,0.0004878570573874506,-7.8273091316223145,-0.2023089975118637,assist,no
4044,0,0,0.00023050672027612667,-8.445706367492676,-0.07070636004209518,assist,no
4045,0,0,0.00023050674946534992,-9.008554458618164,-0.6335545778274536,assist,no
4046,0,0,0.001700722360836013,-6.602509021759033,-0.22750899195671082,assist,No
4047,0,0,0.0009110513029074721,-7.282589912414551,-0.28259003162384033,assist,no
4048,0,0,0.001926734792276177,-6.366479396820068,-0.11647946387529373,assist,no
4049,0,0,0.000709670377965772,-7.564358711242676,-0.3143586814403534,assist,no
4050,0,0,0.009708478308078396,-4.647225856781006,-0.02222604677081108,assist,no
4051,0,0,0.0010322308523680697,-7.509170055389404,-0.63416987657547,assist,No
4052,0,0,0.0019267344340853601,-6.827807426452637,-0.5778073072433472,assist,no
4053,0,0,0.002182716283075103,-6.306955337524414,-0.1819552630186081,assist,No
4054,0,0,0.00017952790515411027,-8.938937187194824,-0.31393682956695557,assist,no
4055,0,0,0.020332348593611837,-4.0686235427856445,-0.19362330436706543,assist,no
4056,0,0,0.0010322308830991924,-7.224990367889404,-0.34999021887779236,assist,no
4057,0,0,0.0008040858398518034,-7.600134372711182,-0.4751342535018921,assist,no
4058,0,0,0.0015011824354232285,-6.9303998947143555,-0.430400013923645,assist,no
4059,0,0,0.000230506621547899,-8.398591041564941,-0.023590605705976486,assist,no
4060,0,0,0.0004878570791857214,-8.01328182220459,-0.3882817327976227,assist,No
4061,0,0,0.00218271685254171,-6.128360748291016,-0.003360935254022479,assist,no
4062,0,0,0.0024726231566347748,-6.476947784423828,-0.4769477844238281,assist,no
4063,0,0,0.0021827163155291175,-6.601433753967285,-0.4764336943626404,assist,No
4064,0,0,0.004070136749449438,-6.079541206359863,-0.5795409679412842,assist,No
4065,0,0,0.0011695103346822365,-7.383876800537109,-0.6338768601417542,assist,No
4066,0,0,0.002800927133601626,-6.400662422180176,-0.5256624817848206,assist,no
4067,0,0,0.0015011820780507757,-6.75346040725708,-0.2534602880477905,assist,No
4068,0,0,0.001325022476367795,-6.786937236785889,-0.16193728148937225,assist,No
4069,0,0,0.00043055699154209085,-7.930710792541504,-0.1807105839252472,assist,No
4070,0,0,0.0019267342621537913,-6.565374374389648,-0.3153741657733917,assist,no
4071,0,0,0.0015011824354232285,-6.682147026062012,-0.18214714527130127,assist,no
4072,0,0,0.03732688627322502,-3.629117965698242,-0.3791179358959198,assist,No
4073,0,0,0.00013982204439903312,-9.00253677368164,-0.12753655016422272,assist,no
4074,0,0,0.0028009263428186164,-6.103064060211182,-0.22806383669376373,assist,No
4075,0,0,0.0008040859835179557,-7.75895357131958,-0.6339536309242249,assist,no
4076,0,0,0.1329642333263228,-2.551825761795044,-0.6768257021903992,assist,No
4077,0,0,0.0006263340834913398,-7.850255489349365,-0.4752553701400757,assist,no
4078,0,0,9.610241263567407e-05,-9.679205894470215,-0.42920586466789246,assist,No
4079,0,0,0.0002959570429722942,-8.648859977722168,-0.5238597393035889,assist,no
4080,0,0,0.00037998446381133736,-8.077471733093262,-0.20247159898281097,assist,no
4081,0,0,0.008577484819720604,-4.761435508728027,-0.011435438878834248,assist,no
4082,0,0,0.0003353502853248615,-8.18065071105957,-0.18065117299556732,assist,no
4083,0,0,0.0009110511401472368,-7.524535179138184,-0.5245351195335388,assist,no
4084,0,0,0.00026119036578799344,-8.883225440979004,-0.6332256197929382,assist,No
4085,0,0,0.0019267343767748358,-6.314223289489746,-0.06422314047813416,assist,No
4086,0,0,0.00033535023537053653,-8.113760948181152,-0.11376126110553741,assist,no
4087,0,0,0.07585818419975078,-2.9861972332000732,-0.486197292804718,assist,No
4088,0,0,0.0024726227890962764,-6.28409481048584,-0.2840946614742279,assist,No
4089,0,1,0.7549149923816048,-0.3149270713329315,-1.439927101135254,assist,Yes
4090,0,0,0.033085970761385544,-4.0298919677734375,-0.6548917293548584,assist,No
4091,0,0,0.00020342698638958092,-8.534008979797363,-0.034009020775556564,assist,no
4092,0,0,0.00010889693274174866,-9.47396469116211,-0.3489648997783661,assist,no
4093,0,0,0.0008040859595735953,-7.554848670959473,-0.42984870076179504,assist,No
4094,0,0,0.004609572179374208,-6.010977268218994,-0.6359772682189941,assist,No
4095,0,0,0.0006263340461823029,-7.657533168792725,-0.2825329899787903,assist,No
4096,0,0,0.0007096703991005882,-7.944093227386475,-0.6940932273864746,assist,no
4097,0,0,0.008577485920584663,-5.332307815551758,-0.5823078751564026,assist,no
4098,0,0,0.0006263341581094201,-7.89948844909668,-0.5244884490966797,assist,No
4099,0,0,0.037326884131416216,-3.6083903312683105,-0.3583902418613434,assist,no
4100,0,0,0.0008040858278796249,-7.253023147583008,-0.12802301347255707,assist,No
4101,0,0,0.0021827161208050378,-6.329748153686523,-0.2047480046749115,assist,no
4102,0,0,0.0008040858637961602,-7.47508430480957,-0.35008421540260315,assist,No
4103,0,0,0.0007096704519376317,-7.377913951873779,-0.12791402637958527,assist,No
4104,0,0,0.005911068681121534,-5.411351680755615,-0.28635165095329285,assist,No
4105,0,0,0.0004878570937179025,-7.939233303070068,-0.3142332434654236,assist,No
4106,0,0,0.0035936027948457686,-6.057281017303467,-0.4322810769081116,assist,No
4107,0,0,0.0011695102650555148,-7.327402591705322,-0.5774025917053223,assist,no
4108,0,0,0.0021827168347934166,-6.441145420074463,-0.3161455988883972,assist,no
4109,0,0,0.0005527788674333762,-8.133783340454102,-0.633783757686615,assist,No
4110,0,0,0.0017007220066411306,-7.009197235107422,-0.6341969966888428,assist,no
4111,0,0,0.00037998460531281857,-8.127857208251953,-0.2528574466705322,assist,no
4112,0,0,3.120189747512163e-05,-10.387600898742676,-0.01260045263916254,assist,no
4113,0,0,0.01098694392594878,-5.032063007354736,-0.5320631265640259,assist,no
4114,0,0,0.000911051248654057,-7.3883466720581055,-0.38834673166275024,assist,No
4115,0,0,0.0019267347779485435,-6.533802032470703,-0.2838020920753479,assist,no
4116,0,0,8.48110674709795e-05,-9.38271713256836,-0.0077174361795187,assist,no
4117,0,0,0.0015011823460801075,-6.815194606781006,-0.31519466638565063,assist,No
4118,0,0,0.46879062662624377,-1.1278595924377441,-1.0028595924377441,assist,No
4119,0,0,0.00048785722450755167,-7.851339340209961,-0.22633954882621765,assist,no
4120,0,0,0.0013250222200310669,-7.055220603942871,-0.43022045493125916,assist,No
4121,0,0,0.0006263341954184638,-7.3833818435668945,-0.008381903171539307,assist,No
4122,0,0,0.0011695103346822365,-7.225454807281494,-0.4754548668861389,assist,No
4123,0,0,0.0011695099865486702,-7.384493827819824,-0.6344935894012451,assist,No
4124,0,0,0.0004878570065248225,-7.939184188842773,-0.31418395042419434,assist,no
4125,0,0,4.539785274243915e-05,-10.005298614501953,-0.005298262927681208,assist,no
4126,0,0,0.001700722158438928,-6.6587018966674805,-0.28370174765586853,assist,no
4127,0,0,0.0008040858398518034,-7.3276262283325195,-0.20262610912322998,assist,No
4128,0,0,0.0059110693816106135,-5.445526599884033,-0.32052668929100037,assist,no
4129,0,0,0.000804086031406679,-7.7020955085754395,-0.577095627784729,assist,No
4130,0,0,0.0003799846902137325,-8.055940628051758,-0.18094108998775482,assist,no
4131,0,0,0.0019267346633274755,-6.885136127471924,-0.6351361274719238,assist,no
4132,0,0,0.3208212878370535,-1.4291203022003174,-0.6791202425956726,assist,no
4133,0,0,0.0010322311596793377,-7.4535651206970215,-0.578565239906311,assist,No
4134,0,0,0.0004305571326289228,-8.27396297454834,-0.5239630937576294,assist,No
4135,0,0,0.000552778702783526,-8.133942604064941,-0.633942723274231,assist,No
4136,0,0,0.0008040858490180022,-7.127007007598877,-0.0020068997982889414,assist,no
4137,0,0,0.002472623303650189,-6.578399181365967,-0.5783992409706116,assist,no
4138,0,0,0.03308597648187432,-3.6557722091674805,-0.2807721495628357,assist,No
4139,0,0,0.0474258704848281,-3.5584635734558105,-0.5584635138511658,assist,No
4140,0,0,0.004070137715896127,-6.079672336578369,-0.5796723365783691,assist,no
4141,0,0,0.004609571700774742,-5.606896877288818,-0.23189677298069,assist,no
4142,0,0,0.0013250226143952844,-6.9752984046936035,-0.35029855370521545,assist,no
4143,0,0,0.005911069118927199,-5.278308391571045,-0.1533084362745285,assist,no
4144,0,0,0.0013250222200310669,-6.85219669342041,-0.22719654440879822,assist,no
4145,0,0,0.0015011825247663551,-6.682403564453125,-0.18240374326705933,assist,no
4146,0,0,0.0001088969123589179,-9.136207580566406,-0.011207601986825466,assist,no
4147,0,0,0.0004305572095853961,-8.099356651306152,-0.3493569493293762,assist,no
4148,0,0,0.00218271670497733,-6.288785457611084,-0.16378557682037354,assist,no
4149,0,0,0.000487857180910998,-7.851511478424072,-0.22651159763336182,assist,No
4150,0,0,0.0005527787192485087,-7.661501884460449,-0.16150203347206116,assist,No
4151,0,0,0.0003353500205670236,-8.282341957092285,-0.2823416292667389,assist,no
4152,0,0,0.0002611903190957194,-8.599111557006836,-0.34911155700683594,assist,no
4153,0,0,0.0010322310982170768,-7.399322032928467,-0.5243220925331116,assist,No
4154,0,0,0.0024726231566347748,-6.6353373527526855,-0.6353373527526855,assist,No
4155,0,0,0.00033535000058530843,-8.226283073425293,-0.22628268599510193,assist,no
4156,0,0,0.0015011824800947912,-6.815621852874756,-0.3156220018863678,assist,no
4157,0,0,0.0005527785052037703,-8.02392292022705,-0.5239226818084717,assist,no
4158,0,0,0.0008040860792954051,-7.649191856384277,-0.5241920351982117,assist,no
4159,0,0,0.0015011822120654355,-6.930511951446533,-0.4305119216442108,assist,no
4160,0,0,0.0010322310674859476,-7.128530502319336,-0.2535305321216583,assist,No
4161,0,0,0.0008040860673232232,-7.3059773445129395,-0.18097750842571259,assist,No
4162,0,0,0.0008040857440743825,-7.649872779846191,-0.5248725414276123,assist,no
4163,0,0,0.0019267346633274755,-6.827812671661377,-0.577812671661377,assist,No
4164,0,0,0.00023050674259729705,-8.627767562866211,-0.2527676522731781,assist,no
4165,0,0,0.0007096705259094992,-7.77397346496582,-0.5239736437797546,assist,No
4166,0,0,0.017986212067650338,-4.5888543128967285,-0.5888544321060181,assist,no
4167,0,0,0.0015011823907516671,-6.850273609161377,-0.3502736985683441,assist,no
4168,0,0,0.0015011825471021377,-6.727389812469482,-0.22739000618457794,assist,no
4169,0,0,0.00023050661897238054,-8.627677917480469,-0.25267747044563293,assist,no
4170,0,0,0.0006263342327275096,-7.8990678787231445,-0.5240679979324341,assist,no
4171,0,0,0.0028009265509193865,-5.979918479919434,-0.10491833090782166,assist,no
4172,0,0,0.0004878570355891808,-8.149240493774414,-0.5242403149604797,assist,no
4173,0,0,0.000552778571063681,-7.75294828414917,-0.25294816493988037,assist,no
4174,0,0,0.029312230963347865,-3.6200661659240723,-0.12006617337465286,assist,no
4175,0,0,0.0006263342234002478,-7.53676176071167,-0.16176186501979828,assist,no
4176,0,0,0.004609572264838404,-5.414219856262207,-0.039219874888658524,assist,no
4177,0,0,0.0013250222890447963,-6.727767467498779,-0.10276737064123154,assist,no
4178,0,0,0.005220124958449569,-5.371673583984375,-0.12167344242334366,assist,no
4179,0,0,0.0019267351074841515,-6.296109199523926,-0.046109430491924286,assist,no
4180,0,0,0.00407013711186692,-5.7294697761535645,-0.22946962714195251,assist,No
4181,0,0,0.00020342693865635028,-8.62759780883789,-0.1275976151227951,assist,no
4182,0,0,0.0013250222594674832,-7.149689197540283,-0.5246890783309937,assist,no
4183,0,0,0.017986209698896728,-4.217954158782959,-0.2179541438817978,assist,No
4184,0,0,0.0021827160558970152,-6.441067218780518,-0.31606703996658325,assist,no
4185,0,0,0.0007096703489054005,-7.289272785186768,-0.03927271440625191,assist,no
4186,0,0,0.0007096705047746792,-7.431197166442871,-0.18119731545448303,assist,no
4187,0,0,0.0006263341954184638,-7.804718971252441,-0.4297190308570862,assist,No
4188,0,0,0.053403329799824234,-3.285924196243286,-0.41092419624328613,assist,no
4189,0,0,0.0015011821673938809,-6.975518226623535,-0.4755181670188904,assist,no
4190,0,0,0.020332353342658753,-4.4143171310424805,-0.5393171310424805,assist,no
4191,0,0,0.46879062662624377,-0.9039179682731628,-0.7789179682731628,assist,No
4192,0,0,0.000487857180910998,-8.054423332214355,-0.429423451423645,assist,no
4193,0,0,0.00017952796399738758,-8.938840866088867,-0.3138408362865448,assist,no
4194,0,0,0.0015011822567369915,-7.077394485473633,-0.5773944854736328,assist,No
4195,0,0,0.0007096704625050409,-7.45245885848999,-0.2024589478969574,assist,No
4196,0,0,0.0005527787686434603,-8.194148063659668,-0.6941483020782471,assist,no
4197,0,0,0.0059110692064883365,-5.705476760864258,-0.5804768204689026,assist,no
4198,0,0,0.0004878569483961112,-8.012916564941406,-0.3879162073135376,assist,no
4199,0,0,0.004070137353478592,-5.731427192687988,-0.23142710328102112,assist,no
4200,0,0,0.0002034270326074816,-8.849100112915039,-0.34910038113594055,assist,no
4201,0,0,0.00043055703823701726,-7.755727291107178,-0.005727190990000963,assist,no
4202,0,0,0.001700722310236739,-6.725459098815918,-0.3504590392112732,assist,no
4203,0,0,0.000552778702783526,-7.8879570960998535,-0.38795721530914307,assist,no
4204,0,0,0.0004878569483961112,-8.20213794708252,-0.5771375894546509,assist,No
4205,0,0,0.00026119041248027575,-8.39358139038086,-0.14358174800872803,assist,No
4206,0,0,0.0013250223383403197,-7.100703716278076,-0.4757036566734314,assist,No
4207,0,0,0.0007096703568309563,-7.883610725402832,-0.6336106657981873,assist,no
4208,0,0,0.000379984582672578,-8.399242401123047,-0.5242425799369812,assist,no
4209,0,0,0.0019267348925696179,-6.828734397888184,-0.5787345170974731,assist,no
4210,0,0,0.0003799846166329393,-8.101099967956543,-0.22610023617744446,assist,No
4211,0,0,0.002472623285273262,-6.104761123657227,-0.10476117581129074,assist,no
4212,0,0,0.06754669677084987,-2.902172803878784,-0.27717289328575134,assist,no
4213,0,0,0.002800926800640331,-6.453432559967041,-0.5784325003623962,assist,no
4214,0,0,0.0007096704836398597,-7.679732799530029,-0.42973291873931885,assist,No
4215,0,0,1.3007130089708556e-05,-11.266077041625977,-0.01607716642320156,assist,no
4216,0,0,0.007577241716077422,-5.404507160186768,-0.5295072197914124,assist,no
4217,0,0,0.00023050664301055358,-8.409116744995117,-0.03411640226840973,assist,no
4218,0,0,0.0010322311289482067,-7.0781989097595215,-0.20319899916648865,assist,no
4219,0,0,0.0006263340461823029,-7.51915168762207,-0.144151508808136,assist,no
4220,0,0,0.00037998467323354827,-8.349590301513672,-0.4745907187461853,assist,no
4221,0,0,0.0015011819887076757,-7.025132656097412,-0.5251324772834778,assist,No
4222,0,0,0.00015843627103374547,-9.031693458557129,-0.28169378638267517,assist,no
4223,0,0,0.0005527787357134919,-7.849522590637207,-0.34952276945114136,assist,no
4224,0,0,0.00010889689704644557,-9.18748950958252,-0.06248939037322998,assist,no
4225,0,0,0.0003353500405487399,-8.143586158752441,-0.14358589053153992,assist,no
4226,0,0,5.144221450871827e-05,-10.055320739746094,-0.18032075464725494,assist,no
4227,0,0,0.0013250225749588576,-7.149600028991699,-0.5246001482009888,assist,No
4228,0,0,0.0006263342467184023,-7.418894290924072,-0.04389443248510361,assist,No
4229,0,0,0.0008040859116848763,-7.439505577087402,-0.31450554728507996,assist,No
4230,0,0,0.03308597552845946,-3.6314022541046143,-0.2564021646976471,assist,no
4231,0,0,1.300712732779065e-05,-11.270671844482422,-0.02067175693809986,assist,no
4232,0,0,0.0010322310213892558,-7.036888122558594,-0.16188810765743256,assist,No
4233,0,0,0.0005527786369235996,-8.13381576538086,-0.6338157653808594,assist,no
4234,0,0,0.00043055699154209085,-8.179521560668945,-0.4295213520526886,assist,No
4235,0,0,0.0011695104739356916,-7.099727153778076,-0.3497273325920105,assist,No
4236,0,0,0.00023050676084056292,-8.377742767333984,-0.0027429359033703804,assist,no
4237,0,0,0.0013250224566495835,-6.769935131072998,-0.14493516087532043,assist,no
4238,0,0,0.0008040860074623171,-7.286638259887695,-0.16163834929466248,assist,No
4239,0,0,0.0002611904008072044,-8.476593971252441,-0.22659428417682648,assist,no
4240,0,0,0.0005527787686434603,-7.887767791748047,-0.387768030166626,assist,no
4241,0,0,0.0019267343767748358,-6.600776195526123,-0.3507760465145111,assist,no
4242,0,0,0.004609571222175325,-5.63339376449585,-0.2583935558795929,assist,no
4243,0,0,0.2942149845400438,-1.620126724243164,-0.7451267838478088,assist,no
4244,0,0,0.00026119043582642,-8.393586158752441,-0.14358660578727722,assist,no
4245,0,0,0.0013250221017218242,-6.852807998657227,-0.22780776023864746,assist,no
4246,0,0,0.0004878570065248225,-8.148996353149414,-0.523996114730835,assist,no
4247,0,0,0.0011695100909887293,-7.225335121154785,-0.4753349721431732,assist,No
4248,0,0,0.0002305067906736714,-8.762407302856445,-0.3874076008796692,assist,no
4249,0,0,0.001700722411435288,-6.6908955574035645,-0.31589555740356445,assist,no
4250,0,0,0.005911070082099775,-5.518424987792969,-0.39342519640922546,assist,no
4251,0,0,0.001700722158438928,-6.851478576660156,-0.4764784276485443,assist,No
4252,0,0,0.007577240371427665,-5.40355110168457,-0.5285509824752808,assist,No
4253,0,0,0.00029595716641867513,-8.64874267578125,-0.5237428545951843,assist,no
4254,0,0,0.00015843628991782946,-9.002995491027832,-0.25299593806266785,assist,no
4255,0,0,0.0002959570032931112,-8.252765655517578,-0.12776528298854828,assist,no
4256,0,0,0.00020342706291430742,-8.81423568725586,-0.3142361044883728,assist,no
4257,0,0,0.05340332603345051,-3.054668426513672,-0.1796683520078659,assist,no
4258,0,0,0.0007096704836398597,-7.452788829803467,-0.20278894901275635,assist,no
4259,0,0,0.0009110512757807642,-7.31437349319458,-0.31437358260154724,assist,No
4260,0,0,0.0021827167698853724,-6.514444828033447,-0.3894449770450592,assist,no
4261,0,0,0.06754669301670263,-3.020672559738159,-0.39567258954048157,assist,no
4262,0,0,0.0001233946164331411,-9.474395751953125,-0.47439607977867126,assist,No
4263,0,0,0.000626334102145859,-7.7628865242004395,-0.3878864347934723,assist,No
4264,0,0,0.010986944573626636,-5.2006144523620605,-0.7006146311759949,assist,no
4265,0,0,0.0017007227656302545,-6.725715637207031,-0.35071584582328796,assist,no
4266,0,0,0.0035936033817664495,-5.788972854614258,-0.16397307813167572,assist,No
4267,0,0,0.0024726235976810437,-6.389277935028076,-0.3892781138420105,assist,No
4268,0,0,0.00037998453739210097,-8.224159240722656,-0.349159300327301,assist,No
4269,0,0,0.003593603008271459,-6.204851150512695,-0.5798512697219849,assist,no
4270,0,0,0.0015011825247663551,-6.754396438598633,-0.25439661741256714,assist,no
4271,0,0,0.006692849735519792,-5.637671947479248,-0.6376717686653137,assist,No
4272,0,0,0.001501182145058104,-6.703108310699463,-0.20310823619365692,assist,No
4273,0,0,0.009708477627578704,-4.79474401473999,-0.16974413394927979,assist,No
4274,0,0,2.144494842091395e-05,-10.812191009521484,-0.062191009521484375,assist,no
4275,0,0,0.0008040858267572334,-7.132681846618652,-0.007681711111217737,assist,no
4276,0,0,0.0011695101258020842,-7.383854389190674,-0.6338542699813843,assist,no
4277,0,0,0.0040701384407312935,-6.135618209838867,-0.6356183886528015,assist,No
4278,0,0,0.0004305571326289228,-8.137482643127441,-0.38748276233673096,assist,No
4279,0,0,0.0021827164453451808,-6.60113000869751,-0.47613000869750977,assist,No
4280,0,0,0.004609571769146091,-5.7276387214660645,-0.3526386320590973,assist,No
4281,0,0,0.001169510508749058,-7.0324530601501465,-0.2824532687664032,assist,No
4282,0,0,0.015906392644828796,-4.332101345062256,-0.20710140466690063,assist,no
4283,0,0,0.0019267347779485435,-6.565286636352539,-0.31528669595718384,assist,no
4284,0,0,0.004070137232672753,-6.196037769317627,-0.6960376501083374,assist,no
4285,0,0,0.005220124610240159,-5.538079738616943,-0.28807953000068665,assist,no
4286,0,0,0.00280092763304364,-6.570441246032715,-0.695441484451294,assist,no
4287,0,0,0.4073334000459302,-1.2793893814086914,-0.9043893814086914,assist,no
4288,0,0,0.0005527785052037703,-7.887881278991699,-0.3878810405731201,assist,no
4289,0,0,0.0007096705259094992,-7.599639415740967,-0.3496395945549011,assist,no
4290,0,0,0.0015011825247663551,-6.81511116027832,-0.31511133909225464,assist,No
4291,0,0,0.000139822054815131,-8.964677810668945,-0.08967766165733337,assist,no
4292,0,0,0.0002611903813520866,-8.476143836975098,-0.22614407539367676,assist,No
4293,0,0,0.0007096705681791412,-7.826938629150391,-0.5769388675689697,assist,no
4294,0,0,0.0013250224960860068,-7.259479522705078,-0.6344795823097229,assist,no
4295,0,0,0.00020342699926997844,-8.66084098815918,-0.16084109246730804,assist,No
4296,0,0,0.001700722209038197,-6.851014614105225,-0.47601449489593506,assist,no
4297,0,0,0.0002959571487834747,-8.599852561950684,-0.47485268115997314,assist,no
4298,0,0,0.0007096703568309563,-7.599465847015381,-0.3494657874107361,assist,no
4299,0,0,0.00015843619077641338,-8.877798080444336,-0.1277979016304016,assist,no
4300,0,0,0.002472622862603971,-6.525271892547607,-0.5252717733383179,assist,No
4301,0,0,0.005220126776876857,-5.535770416259766,-0.28577062487602234,assist,No
4302,0,0,0.0028009273000822866,-6.45349645614624,-0.5784965753555298,assist,no
4303,0,0,0.3208212878370535,-1.2570855617523193,-0.5070855021476746,assist,no
4304,0,0,0.0003799844694713956,-8.189595222473145,-0.314595103263855,assist,No
4305,0,0,0.07585818211049715,-2.826117992401123,-0.32611802220344543,assist,no
4306,0,0,0.00017952790515411027,-8.906908988952637,-0.28190863132476807,assist,no
4307,0,0,0.00033535013046647816,-8.387718200683594,-0.38771820068359375,assist,no
4308,0,0,0.10669059394565118,-2.6419119834899902,-0.5169119834899902,assist,No
4309,0,0,0.0009110511672739408,-7.475496768951416,-0.47549673914909363,assist,no
4310,0,0,0.012431651950844584,-4.637495994567871,-0.26249608397483826,assist,No
4311,0,0,0.004609571222175325,-5.853708744049072,-0.47870853543281555,assist,no
4312,0,0,0.00407013783670198,-5.853253364562988,-0.35325339436531067,assist,no
4313,0,0,0.00048785706465354084,-7.726015090942383,-0.10101497173309326,assist,No
4314,0,0,0.0004305571069767681,-8.443883895874023,-0.6938839554786682,assist,no
4315,0,0,0.0009110513029074721,-7.6942644119262695,-0.6942645311355591,assist,no
4316,0,0,7.484625427570941e-05,-9.9746675491333,-0.47466790676116943,assist,no
4317,0,0,0.001700722411435288,-7.010007858276367,-0.6350078582763672,assist,no
4318,0,0,0.02931223583915389,-4.047933101654053,-0.5479332804679871,assist,no
4319,0,0,0.022977370244547896,-3.817005157470703,-0.06700517237186432,assist,no
4320,0,0,3.726638168359778e-06,-12.505266189575195,-0.005265890154987574,assist,no
4321,0,0,0.0035936023679944244,-5.910187721252441,-0.28518766164779663,assist,No
4322,0,0,0.0004878573407650471,-8.100120544433594,-0.47512099146842957,assist,No
4323,0,0,0.0006263341954184638,-7.849922180175781,-0.474922239780426,assist,no
4324,0,0,0.00037998460531281857,-8.225057601928711,-0.35005784034729004,assist,no
4325,0,0,0.003172682748231862,-6.067649841308594,-0.31764981150627136,assist,no
4326,0,0,0.1066905911052601,-2.4775922298431396,-0.35259220004081726,assist,no
4327,0,0,0.0004305571398435916,-7.776927947998047,-0.02692808397114277,assist,No
4328,0,0,0.001700722816229541,-6.850881576538086,-0.47588181495666504,assist,No
4329,0,0,0.0005527787192485087,-7.702178955078125,-0.20217910408973694,assist,No
4330,0,0,0.002182715990988994,-6.440654277801514,-0.31565406918525696,assist,No
4331,0,0,0.0017007227150309691,-6.953221321105957,-0.5782214999198914,assist,no
4332,0,0,0.0010322310674859476,-7.305747032165527,-0.43074706196784973,assist,no
4333,0,0,0.0019267346633274755,-6.884296417236328,-0.6342964172363281,assist,no
4334,0,0,0.0003799845600323388,-8.508599281311035,-0.6335994005203247,assist,No
4335,0,0,0.0021827166076152705,-6.25432014465332,-0.12932021915912628,assist,No
4336,0,0,0.0002305066755264791,-8.381240844726562,-0.006240643095225096,assist,no
4337,0,0,0.0015011824354232285,-7.077716827392578,-0.5777169466018677,assist,no
4338,0,0,0.03308597624352061,-3.4789516925811768,-0.10395162552595139,assist,no
4339,0,0,0.0019267348925696179,-6.6811065673828125,-0.43110668659210205,assist,no
4340,0,0,0.0004305570300203132,-7.9307451248168945,-0.18074500560760498,assist,No
4341,0,0,6.605213119903186e-05,-9.651420593261719,-0.026420386508107185,assist,no
4342,0,0,0.00010889689704644557,-9.59950065612793,-0.47450053691864014,assist,No
4343,0,0,0.047425875197120895,-3.1264357566833496,-0.1264358013868332,assist,no
4344,0,0,0.00037998450608489934,-7.880051136016846,-0.005051113199442625,assist,no
4345,0,0,0.0011695100561753752,-7.180617809295654,-0.43061763048171997,assist,No
4346,0,0,0.00037998450343174674,-8.12793254852295,-0.25293251872062683,assist,no
4347,0,0,0.0046095710854326425,-5.692622184753418,-0.31762194633483887,assist,No
4348,0,0,0.24508500210441886,-1.7141287326812744,-0.5891286730766296,assist,no
4349,0,0,0.00015843614356623705,-9.063909530639648,-0.31390905380249023,assist,no
4350,0,0,0.000626334155777605,-7.414071083068848,-0.03907107934355736,assist,no
4351,0,0,0.022977371917159397,-4.0315327644348145,-0.2815328538417816,assist,no
4352,0,0,0.000804086031406679,-7.649543285369873,-0.5245434045791626,assist,No
4353,0,0,0.0011695104043089619,-7.003932476043701,-0.2539325952529907,assist,no
4354,0,0,0.003172682748231862,-6.139646530151367,-0.3896465003490448,assist,No
4355,0,0,1.3007129193296543e-05,-11.276361465454102,-0.02636152133345604,assist,no
4356,0,0,0.0005527787357134919,-7.590453147888184,-0.09045332670211792,assist,no
4357,0,0,0.0015011819887076757,-7.077796459197998,-0.5777962803840637,assist,No
4358,0,0,0.0004305571326289228,-8.224809646606445,-0.47480976581573486,assist,no
4359,0,0,0.04742587452393617,-3.272167444229126,-0.27216747403144836,assist,no
4360,0,0,0.0005527787686434603,-8.193825721740723,-0.6938259601593018,assist,no
4361,0,0,0.012431650853185818,-4.859964370727539,-0.48496437072753906,assist,no
4362,0,0,1.8925141196004967e-05,-10.913352966308594,-0.038352593779563904,assist,no
4363,0,0,0.0005527786863185436,-7.88771390914917,-0.3877139985561371,assist,No
4364,0,0,0.00015843618841590424,-8.877424240112305,-0.12742404639720917,assist,No
4365,0,0,0.00029595714437467477,-8.28607177734375,-0.16107188165187836,assist,no
4366,0,0,0.0008040860792954051,-7.75877571105957,-0.6337758898735046,assist,no
4367,0,0,0.00043055704925942556,-7.893712043762207,-0.14371196925640106,assist,no
4368,0,0,0.0024726236344349032,-6.147382736206055,-0.1473829299211502,assist,no
4369,0,0,0.000804085887740518,-7.649264812469482,-0.5242647528648376,assist,No
4370,0,0,0.0005527786780860526,-7.5897297859191895,-0.08972986042499542,assist,No
4371,0,0,0.0006263340834913398,-7.8497724533081055,-0.4747723340988159,assist,No
4372,0,0,7.889260411417782e-06,-11.759886741638184,-0.009886465966701508,assist,no
4373,0,0,0.002182716899701462,-6.601339340209961,-0.47633954882621765,assist,No
4374,0,0,0.0005527788345034023,-8.134385108947754,-0.6343854665756226,assist,No
4375,0,0,7.484623838393121e-05,-9.543249130249023,-0.04324927553534508,assist,no
4376,0,0,0.04208773031866069,-3.6790761947631836,-0.5540762543678284,assist,No
4377,0,0,0.00013982203919098442,-8.988570213317871,-0.1135699525475502,assist,no
4378,0,0,0.0007096705259094992,-7.774555683135986,-0.5245558619499207,assist,No
4379,0,0,0.0013250222791856916,-6.769803047180176,-0.14480294287204742,assist,No
4380,0,0,0.0019267346633274755,-6.7750115394592285,-0.5250115394592285,assist,no
4381,0,0,0.00015843618369488602,-8.780105590820312,-0.030105367302894592,assist,no
4382,0,0,3.5356242114894876e-05,-10.27985954284668,-0.029859298840165138,assist,no
4383,0,0,0.002800926967120973,-6.131052494049072,-0.25605249404907227,assist,no
4384,0,0,0.001032231251872736,-7.305097579956055,-0.4300977885723114,assist,No
4385,0,0,0.0005527785052037703,-8.076958656311035,-0.576958417892456,assist,no
4386,0,0,0.0008040859595735953,-7.554993629455566,-0.4299936592578888,assist,no
4387,0,0,0.18242552380635632,-2.1234469413757324,-0.6234469413757324,assist,no
4388,0,0,0.001169510508749058,-7.100432872772217,-0.3504330813884735,assist,no
4389,0,0,0.006692851320539924,-5.697495937347412,-0.6974959969520569,assist,no
4390,0,0,0.00359360332841002,-5.910702705383301,-0.2857029139995575,assist,no
4391,0,0,0.001700722310236739,-6.6023383140563965,-0.2273382544517517,assist,No
4392,0,0,0.0015011822567369915,-6.850254058837891,-0.3502540588378906,assist,No
4393,0,0,0.003593603221697163,-6.150805473327637,-0.525805652141571,assist,No
4394,0,0,0.0015011826141094868,-7.134804725646973,-0.6348049640655518,assist,no
4395,0,0,0.003593603221697163,-6.260557174682617,-0.6355573534965515,assist,No
4396,0,0,0.014063627559788329,-4.3715291023254395,-0.12152913957834244,assist,no
4397,0,0,0.00020342696290179938,-8.627574920654297,-0.1275748461484909,assist,no
4398,0,0,0.008577483639657844,-5.105761528015137,-0.35576131939888,assist,No
4399,0,0,0.0006263343070541307,-7.378933906555176,-0.0039341445080935955,assist,no
4400,0,0,0.0075772399722348165,-4.885379791259766,-0.010379618965089321,assist,no
4401,0,0,0.0002305066601806787,-8.804393768310547,-0.4293935000896454,assist,no
4402,0,0,0.0024726233404040437,-6.072749137878418,-0.07274921238422394,assist,No
4403,0,0,0.0017007222596374673,-6.556581020355225,-0.18158093094825745,assist,No
4404,0,0,0.0005527785792961704,-7.643991947174072,-0.1439918428659439,assist,no
4405,0,0,0.001700722310236739,-6.850985527038574,-0.47598546743392944,assist,no
4406,0,0,0.0015011820780507757,-6.931180953979492,-0.43118083477020264,assist,no
4407,0,0,0.0005527785545987024,-7.929728031158447,-0.4297278821468353,assist,no
4408,0,0,0.002800927133601626,-6.038375377655029,-0.16337543725967407,assist,No
4409,0,0,0.0010322307909058268,-7.3504438400268555,-0.47544360160827637,assist,No
4410,0,0,0.0006263342700365574,-7.601493835449219,-0.22649401426315308,assist,No
4411,0,0,0.0052201254614187564,-5.456242084503174,-0.20624203979969025,assist,No
4412,0,0,0.004070138561537168,-5.620493412017822,-0.12049362063407898,assist,no
4413,0,0,0.0002959571096553775,-8.139556884765625,-0.014556871727108955,assist,no
4414,0,0,0.0017007221078396608,-6.89984655380249,-0.5248463749885559,assist,No
4415,0,0,0.00012339451715438724,-9.576316833496094,-0.5763163566589355,assist,No
4416,0,0,0.02595735945832451,-3.850112199783325,-0.22511228919029236,assist,No
4417,0,0,0.0019267348925696179,-6.6805315017700195,-0.4305316209793091,assist,No
4418,0,0,0.0001584361954974318,-8.87745189666748,-0.12745174765586853,assist,No
4419,0,0,0.00048785691933175807,-8.149592399597168,-0.5245919823646545,assist,no
4420,0,0,0.00017952794962090328,-8.648591995239258,-0.023591885343194008,assist,no
4421,0,0,0.0009110510858938316,-7.388431549072266,-0.3884314298629761,assist,no
4422,0,0,0.0003353502203842404,-8.180717468261719,-0.18071773648262024,assist,no
4423,0,0,6.605212713925466e-05,-9.93851375579834,-0.31351348757743835,assist,No
4424,0,0,0.0003799844694713956,-8.508539199829102,-0.633539080619812,assist,No
4425,0,0,0.0004305571646941183,-7.976571559906006,-0.22657175362110138,assist,no
4426,0,0,0.0007096702300220753,-7.944149971008301,-0.6941497325897217,assist,no
4427,0,0,0.0013250224960860068,-6.939845561981201,-0.31484562158584595,assist,No
4428,0,0,0.0002959572457770901,-8.47435188293457,-0.34935232996940613,assist,no
4429,0,0,0.0010322310367548194,-7.569340705871582,-0.694340705871582,assist,no
4430,0,0,0.00037998459965275826,-7.988422870635986,-0.11342309415340424,assist,No
4431,0,0,0.005911070082099775,-5.411245346069336,-0.28624555468559265,assist,No
4432,0,0,0.001700722310236739,-6.520440101623535,-0.14544004201889038,assist,no
4433,0,0,0.00012339463251998371,-9.003752708435059,-0.0037531666457653046,assist,no
4434,0,0,0.00048785716637881444,-7.939712047576904,-0.31471213698387146,assist,no
4435,0,0,0.0013250222594674832,-6.908504009246826,-0.2835038900375366,assist,no
4436,0,0,0.0028009266341596987,-6.3528594970703125,-0.47785937786102295,assist,no
4437,0,0,0.00017952801214190153,-8.633870124816895,-0.008870363235473633,assist,no
4438,0,0,0.00012339458701720568,-9.252710342407227,-0.2527104318141937,assist,no
4439,0,0,0.0004878570501213606,-7.939522743225098,-0.3145225942134857,assist,No
4440,0,0,0.00043055694023779974,-8.179950714111328,-0.42995038628578186,assist,no
4441,0,0,0.0003353500505395985,-8.282658576965332,-0.28265833854675293,assist,no
4442,0,0,0.00037998465059330366,-8.350088119506836,-0.4750884771347046,assist,no
4443,0,0,0.008577485033557495,-4.900723457336426,-0.1507234126329422,assist,No
4444,0,0,0.00023050677006950976,-8.657064437866211,-0.28206464648246765,assist,no
4445,0,0,0.0009110509943412175,-7.03495454788208,-0.03495432808995247,assist,no
4446,0,0,0.00015843625687068385,-9.443963050842285,-0.6939632892608643,assist,no
4447,0,0,0.0006263341114731189,-7.577358245849609,-0.2023581713438034,assist,No
4448,0,0,0.00043055704284638804,-8.179510116577148,-0.4295100271701813,assist,no
4449,0,0,0.24508501313237172,-1.538885235786438,-0.413885235786438,assist,no
4450,0,0,0.0006263341208003788,-7.80463981628418,-0.4296397566795349,assist,No
4451,0,0,0.0010322307909058268,-7.399714469909668,-0.5247142314910889,assist,no
4452,0,0,0.0019267349785354285,-6.477982997894287,-0.22798316180706024,assist,no
4453,0,0,5.8291244815776444e-05,-10.273725509643555,-0.523725152015686,assist,No
4454,0,0,3.535626312226474e-05,-10.293130874633789,-0.04313122481107712,assist,no
4455,0,0,0.00010889693654451601,-9.131844520568848,-0.006844764109700918,assist,no
4456,0,0,0.00033535016543449395,-8.226058006286621,-0.22605811059474945,assist,no
4457,0,0,0.0013250225355224317,-6.807296276092529,-0.18229636549949646,assist,no
4458,0,0,0.0005527787357134919,-7.590212345123291,-0.09021252393722534,assist,no
4459,0,0,0.0001584361553687798,-8.805313110351562,-0.055312708020210266,assist,No
4460,0,0,0.0004878571518466312,-7.939077854156494,-0.3140779137611389,assist,no
4461,0,0,0.20181323186177208,-2.075319290161133,-0.7003193497657776,assist,no
4462,0,0,0.00029595707824268345,-8.2258882522583,-0.10088813304901123,assist,No
4463,0,0,0.0015011820780507757,-7.133898735046387,-0.6338986158370972,assist,no
4464,0,0,0.00043055699154209085,-8.13810920715332,-0.3881089985370636,assist,no
4465,0,0,0.0006263343073456077,-8.00869083404541,-0.6336910724639893,assist,No
4466,0,0,0.0010322311904104695,-7.158090114593506,-0.2830902636051178,assist,no
4467,0,0,0.16451645470385742,-1.987048864364624,-0.36204880475997925,assist,no
4468,0,0,0.0031726822769652645,-6.139845371246338,-0.38984519243240356,assist,No
4469,0,0,2.1444957767688564e-05,-10.75987434387207,-0.009874779731035233,assist,no
4470,0,0,0.0003799846392731819,-8.224355697631836,-0.3493560254573822,assist,no
4471,0,0,0.00010889695454428329,-9.136236190795898,-0.011236599646508694,assist,no
4472,0,0,0.001032230913830316,-7.508619785308838,-0.6336196660995483,assist,No
4473,0,0,0.00020342700836202424,-8.88734245300293,-0.3873426020145416,assist,no
4474,0,0,0.0004305571005637297,-7.877674579620361,-0.1276746243238449,assist,No
4475,0,0,0.0004305572352375569,-8.09933853149414,-0.3493388891220093,assist,No
4476,0,0,0.0008040858518239816,-7.286978244781494,-0.16197814047336578,assist,no
4477,0,0,0.0008040858518239816,-7.252874374389648,-0.12787427008152008,assist,No
4478,0,0,0.46879061178313897,-1.1053166389465332,-0.9803165793418884,assist,No
4479,0,0,0.00043055708132461493,-8.273842811584473,-0.5238428115844727,assist,No
4480,0,0,0.00218271670497733,-6.650058269500732,-0.525058388710022,assist,no
4481,0,0,0.0031726822769652645,-6.226933479309082,-0.4769333004951477,assist,No
4482,0,0,0.0017007226094840268,-6.377674102783203,-0.0026742194313555956,assist,no
4483,0,0,0.00020342706897567313,-8.781947135925293,-0.2819475829601288,assist,no
4484,0,0,0.025957354937269386,-3.9946746826171875,-0.36967459321022034,assist,No
4485,0,0,0.0010322310060236924,-7.30526065826416,-0.43026062846183777,assist,No
4486,0,0,0.0017007223861356504,-6.43884801864624,-0.06384800374507904,assist,No
4487,0,0,0.000626334102145859,-7.536693096160889,-0.1616930067539215,assist,no
4488,0,0,0.0002305067340122313,-8.454670906066895,-0.07967095822095871,assist,no
4489,0,0,0.0009110513300341806,-7.34949254989624,-0.3494926989078522,assist,No
4490,0,1,0.8175744939732856,-0.5964525938034058,-2.0964527130126953,assist,Yes
4491,0,0,0.0015011820780507757,-7.133866786956787,-0.6338666677474976,assist,No
4492,0,0,0.0013250224566495835,-6.787318706512451,-0.16231873631477356,assist,no
4493,0,0,0.00048785729716848303,-8.258529663085938,-0.6335300207138062,assist,no
4494,0,0,0.009708475335369565,-4.94636869430542,-0.32136857509613037,assist,No
4495,0,0,0.008577486427457372,-5.332088947296143,-0.5820890665054321,assist,no
4496,0,0,0.001700722411435288,-6.805448532104492,-0.4304485321044922,assist,No
4497,0,0,0.001032230913830316,-7.3997483253479,-0.5247482061386108,assist,no
4498,0,0,5.829123828803109e-05,-9.752009391784668,-0.002008922165259719,assist,no
4499,0,0,0.0024726233771578993,-6.43185567855835,-0.4318557679653168,assist,No
4500,0,0,0.0009110510858938316,-7.388159275054932,-0.3881591558456421,assist,no
4501,0,0,6.1441736265842395e-06,-12.007669448852539,-0.0076692900620400906,assist,no
4502,0,0,0.0006263341674366807,-7.465517997741699,-0.09051801264286041,assist,no
4503,0,0,0.000335350100493896,-8.314239501953125,-0.31423941254615784,assist,no
4504,0,0,0.00013982210064597092,-9.055349349975586,-0.18034952878952026,assist,No
4505,0,0,0.0015011820780507757,-7.077216625213623,-0.5772165060043335,assist,No
4506,0,0,0.0004305571326289228,-8.137724876403809,-0.38772499561309814,assist,no
4507,0,0,0.00015843620966048786,-9.002784729003906,-0.2527846693992615,assist,no
4508,0,0,0.00023050663957652873,-8.656843185424805,-0.28184282779693604,assist,No
4509,0,0,0.0005527786177573332,-7.501908779144287,-0.001908744452521205,assist,no
4510,0,0,0.000230506805268287,-8.418563842773438,-0.04356420412659645,assist,No
4511,0,0,0.0013250222594674832,-7.013854026794434,-0.38885390758514404,assist,no
4512,0,1,0.6224593312018546,-0.9359053373336792,-1.4359053373336792,assist,Yes
4513,0,0,0.000158436181334377,-9.44382381439209,-0.6938235759735107,assist,no
4514,0,0,0.00013982207148088922,-9.127413749694824,-0.25241371989250183,assist,no
4515,0,0,4.0063692154585795e-05,-10.148391723632812,-0.02339172177016735,assist,no
4516,0,0,7.484619182382853e-05,-9.600709915161133,-0.10070943832397461,assist,no
4517,0,0,0.0028009268838806506,-6.264565944671631,-0.38956591486930847,assist,No
4518,0,0,0.007577241716077422,-5.165480136871338,-0.29048019647598267,assist,no
4519,0,0,0.0002611903098545412,-8.261422157287598,-0.01142212189733982,assist,no
4520,0,0,0.0017007221078396608,-6.851324558258057,-0.4763243794441223,assist,no
4521,0,0,0.006692851716795015,-5.637104034423828,-0.6371041536331177,assist,No
4522,0,0,0.0031726828424851893,-6.385117053985596,-0.6351170539855957,assist,No
4523,0,0,0.0007096705681791412,-7.7747344970703125,-0.5247347354888916,assist,no
4524,0,0,0.000911051248654057,-7.253849029541016,-0.2538490891456604,assist,no
4525,0,0,0.0024726227339655063,-6.092868804931641,-0.0928686335682869,assist,no
4526,0,0,0.0005527787686434603,-8.076799392700195,-0.5767996311187744,assist,No
4527,0,0,0.0011695105435624257,-7.327274322509766,-0.5772745609283447,assist,No
4528,0,0,0.0003353499806035945,-8.429652214050293,-0.42965176701545715,assist,no
4529,0,0,0.0019267344340853601,-6.639650821685791,-0.38965070247650146,assist,no
4530,0,0,0.0007096703356961413,-7.726007461547852,-0.4760073721408844,assist,No
4531,0,0,0.00012339458058247078,-9.100689888000488,-0.10068992525339127,assist,no
4532,0,0,0.00407013711186692,-5.853398323059082,-0.3533981740474701,assist,no
4533,0,0,0.0009110511130205339,-7.475351810455322,-0.4753517210483551,assist,no
4534,0,0,0.000379984582672578,-8.39910888671875,-0.5241090655326843,assist,No
4535,0,0,0.0004305571518680399,-7.952486038208008,-0.20248620212078094,assist,no
4536,0,0,0.0004878570937179025,-7.806066989898682,-0.18106693029403687,assist,no
4537,0,0,0.0005527787521784759,-7.7824249267578125,-0.2824251353740692,assist,no
4538,0,0,0.5,-1.1334400177001953,-1.1334400177001953,assist,no
4539,0,0,0.00043055714545500067,-7.893359661102295,-0.14335981011390686,assist,No
4540,0,0,8.48110701562915e-05,-9.393305778503418,-0.01830611377954483,assist,no
4541,0,0,0.18242551936144574,-1.7754653692245483,-0.27546533942222595,assist,no
4542,0,0,0.0011695102590719686,-6.755935192108154,-0.0059351869858801365,assist,no
4543,0,0,0.00023050667735080512,-8.518668174743652,-0.14366798102855682,assist,no
4544,0,0,0.000911051248654057,-7.694091320037842,-0.6940913796424866,assist,no
4545,0,0,0.1645164792819756,-2.3881092071533203,-0.7631093263626099,assist,no
4546,0,0,0.0004305571326289228,-8.137998580932617,-0.38799870014190674,assist,no
4547,0,0,0.0005527787357134919,-7.929541110992432,-0.42954128980636597,assist,No
4548,0,0,0.0001233946164331411,-9.127490043640137,-0.12749037146568298,assist,no
4549,0,0,0.0004878572099753667,-8.054342269897461,-0.42934244871139526,assist,no
4550,0,0,0.0003799844581512792,-8.077601432800293,-0.20260128378868103,assist,no
4551,0,0,0.022977370411809046,-3.853278160095215,-0.10327818244695663,assist,no
4552,0,0,0.00043055713022403325,-7.7804741859436035,-0.03047429956495762,assist,no
4553,0,0,0.02595735945832451,-3.887932777404785,-0.2629328668117523,assist,no
4554,0,0,5.8291238735880546e-05,-9.893065452575684,-0.14306499063968658,assist,no
4555,0,0,0.0009110511944006454,-7.577452659606934,-0.5774526596069336,assist,no
4556,0,0,0.00669285241024148,-5.167214393615723,-0.16721461713314056,assist,No
4557,0,0,0.014063623737371644,-4.7365922927856445,-0.48659205436706543,assist,no
4558,0,0,0.0006263341954184638,-7.804963111877441,-0.4299631714820862,assist,no
4559,0,0,0.005220126622117065,-5.509887218475342,-0.2598873972892761,assist,no
4560,0,0,0.0005527785545987024,-7.702610969543457,-0.2026108205318451,assist,No
4561,0,0,0.001032230913830316,-7.452022075653076,-0.5770219564437866,assist,no
4562,0,0,0.04742587250438209,-3.2101306915283203,-0.21013067662715912,assist,no
4563,0,0,0.0005527786039936393,-8.024267196655273,-0.5242671370506287,assist,no
4564,0,0,0.001700722411435288,-6.89979362487793,-0.5247936248779297,assist,No
4565,0,0,0.0011695101954287976,-7.3843536376953125,-0.6343535780906677,assist,no
4566,0,0,0.014063626216776943,-4.474854946136475,-0.22485488653182983,assist,no
4567,0,0,0.00023050677522055,-8.46462631225586,-0.08962654322385788,assist,no
4568,0,0,0.0006263341767639418,-7.689373016357422,-0.31437304615974426,assist,No
4569,0,0,0.033085978388704126,-3.8384742736816406,-0.4634742736816406,assist,no
4570,0,0,0.029312230751356316,-3.838296413421631,-0.33829641342163086,assist,No
4571,0,0,0.0005527786369235996,-8.133560180664062,-0.6335601806640625,assist,No
4572,0,0,0.00017952790782880425,-8.827424049377441,-0.20242370665073395,assist,no
4573,0,0,0.02931223244728875,-3.9518492221832275,-0.4518492817878723,assist,No
4574,0,0,0.0013250226168600612,-6.64077091217041,-0.015771063044667244,assist,no
4575,0,0,0.00012339462011013352,-9.429667472839355,-0.4296678304672241,assist,no
4576,0,0,0.00026119024516630264,-8.377923965454102,-0.12792368233203888,assist,no
4577,0,0,0.0010322311596793377,-7.569223403930664,-0.6942235231399536,assist,no
4578,0,0,0.0006263341208003788,-8.008522033691406,-0.6335219740867615,assist,No
4579,0,0,0.0011695100561753752,-7.09985876083374,-0.3498585820198059,assist,No
4580,0,0,0.00013982210377080147,-8.988238334655762,-0.11323853582143784,assist,No
4581,0,0,0.0017007220066411306,-7.0089006423950195,-0.6339004039764404,assist,no
4582,0,0,0.0003799843675903602,-8.156970977783203,-0.2819705903530121,assist,no
4583,0,0,0.00017952789529117644,-8.631974220275879,-0.006973807699978352,assist,no
4584,0,0,0.0010322309752925658,-7.101779460906982,-0.22677940130233765,assist,No
4585,0,0,0.0015011825917737032,-6.727174758911133,-0.22717498242855072,assist,No
4586,0,0,0.0011695104043089619,-7.138164043426514,-0.3881641626358032,assist,no
4587,0,0,0.000552778702783526,-7.849678039550781,-0.3496781587600708,assist,No
4588,0,0,0.0006263342513820332,-7.72452449798584,-0.3495246469974518,assist,no
4589,0,0,0.0004305570684985389,-8.0993070602417,-0.34930703043937683,assist,No
4590,0,0,0.0017007225126338423,-6.805746078491211,-0.4307461380958557,assist,no
4591,0,0,0.0004305570300203132,-8.031972885131836,-0.2819727659225464,assist,No
4592,0,0,0.00015843621755344154,-8.756916046142578,-0.0069160363636910915,assist,no
4593,0,0,0.0010322310982170768,-7.451939105987549,-0.5769391655921936,assist,no
4594,0,0,0.0002959572193242827,-8.439455032348633,-0.31445538997650146,assist,no
4595,0,0,0.0015011819440361278,-6.8154425621032715,-0.31544235348701477,assist,no
4596,0,0,0.13296424878721277,-2.0314598083496094,-0.15645988285541534,assist,no
4597,0,0,0.10669058826486906,-2.5481860637664795,-0.4231860041618347,assist,no
4598,0,0,0.0002959570517898911,-8.26880168914795,-0.1438014805316925,assist,no
4599,0,0,0.0010322311596793377,-7.399862289428711,-0.5248624086380005,assist,No
4600,0,0,0.008577484653403024,-5.186236381530762,-0.43623629212379456,assist,no
4601,0,0,0.0006263340741640804,-7.577401638031006,-0.20240150392055511,assist,no
4602,0,0,0.0013250221017218242,-7.20259952545166,-0.577599287033081,assist,no
4603,0,0,0.00012339455392428676,-9.576292037963867,-0.5762918591499329,assist,No
4604,0,0,0.022977370077286757,-3.85502028465271,-0.10502029210329056,assist,no
4605,0,0,0.0017007226138324027,-6.900136470794678,-0.5251365900039673,assist,No
4606,0,0,0.0017007220572403947,-6.850894927978516,-0.4758947193622589,assist,No
4607,0,0,0.0017007221837385621,-6.537195205688477,-0.16219507157802582,assist,No
4608,0,0,0.0001398220298164973,-9.156861305236816,-0.28186097741127014,assist,no
4609,0,0,0.0003799844072107596,-8.101312637329102,-0.22631235420703888,assist,No
4610,0,0,0.0005527786204586191,-7.9297003746032715,-0.4297003448009491,assist,no
4611,0,0,0.0005527786204586191,-7.627692699432373,-0.12769266963005066,assist,No
4612,0,0,0.00013982212147817588,-9.156786918640137,-0.281787246465683,assist,No
4613,0,0,0.0017007223228865573,-6.438960552215576,-0.063960500061512,assist,No
4614,0,0,0.0006263342513820332,-7.577559471130371,-0.20255962014198303,assist,No
4615,0,0,0.0013250224172131609,-7.100803375244141,-0.4758033752441406,assist,no
4616,0,0,0.001032231251872736,-7.350427627563477,-0.4754278361797333,assist,no
4617,0,0,0.0001233945677130019,-9.0895357131958,-0.08953564614057541,assist,no
4618,0,0,9.610238542957944e-05,-9.411076545715332,-0.16107623279094696,assist,no
4619,0,0,0.0007096705549698777,-7.269132137298584,-0.019132357090711594,assist,no
4620,0,0,0.20181322226037882,-2.1726365089416504,-0.7976365089416504,assist,no
4621,0,0,0.0008040860074623171,-7.269198894500732,-0.14419898390769958,assist,no
4622,0,0,0.0001398220589815704,-9.07696533203125,-0.20196521282196045,assist,No
4623,0,0,0.0019267349498801579,-6.681007385253906,-0.4310075342655182,assist,No
4624,0,0,0.0008040858637961602,-7.174532890319824,-0.049532800912857056,assist,No
4625,0,0,0.008577487187766488,-5.144080638885498,-0.39408084750175476,assist,No
4626,0,0,0.00048785691933175807,-8.201616287231445,-0.5766158699989319,assist,no
4627,0,0,0.0028009264676790765,-6.2265472412109375,-0.3515470623970032,assist,No
4628,0,0,0.002472622862603971,-6.634661674499512,-0.6346615552902222,assist,no
4629,0,0,0.0008040859835179557,-7.226461887359619,-0.10146194696426392,assist,No
4630,0,0,0.00017952791050349827,-8.827001571655273,-0.20200124382972717,assist,no
4631,0,0,3.726638506752002e-06,-12.538177490234375,-0.038177281618118286,assist,no
4632,0,0,0.00043055717110715777,-8.22494888305664,-0.47494909167289734,assist,No
4633,0,0,0.34864513533394575,-1.5511232614517212,-0.9261232614517212,assist,No
4634,0,0,0.0002611902879675414,-8.679733276367188,-0.42973315715789795,assist,No
4635,0,0,0.00218271670497733,-6.703365802764893,-0.5783659219741821,assist,no
4636,0,0,0.005220125229279126,-5.641739368438721,-0.39173927903175354,assist,no
4637,0,0,0.009708475908421797,-5.108354091644287,-0.48335403203964233,assist,no
4638,0,0,0.05340332603345051,-3.1135075092315674,-0.2385074347257614,assist,no
4639,0,0,0.007577239923211134,-5.456331729888916,-0.5813315510749817,assist,No
4640,0,0,0.0009110509773870306,-7.577539443969727,-0.5775392055511475,assist,no
4641,0,0,0.0005527787357134919,-7.975142478942871,-0.4751426577568054,assist,no
4642,0,0,0.0008040859835179557,-7.758610248565674,-0.6336103081703186,assist,no
4643,0,0,0.0010322307909058268,-7.569125175476074,-0.6941249370574951,assist,no
4644,0,0,0.00013982213606072118,-8.909004211425781,-0.03400464355945587,assist,no
4645,0,0,0.00020342694774839332,-8.66103458404541,-0.16103443503379822,assist,no
4646,0,0,0.00043055705246594444,-7.793648719787598,-0.043648652732372284,assist,No
4647,0,0,0.00048785714458053967,-7.768819808959961,-0.14381985366344452,assist,no
4648,0,0,0.0004305571005637297,-7.976416110992432,-0.22641615569591522,assist,no
4649,0,0,0.00013982201271131505,-8.876675605773926,-0.0016751555958762765,assist,no
4650,0,0,0.0013250222594674832,-7.259513854980469,-0.6345137357711792,assist,no
4651,0,0,0.0002959570606074883,-8.473933219909668,-0.34893304109573364,assist,No
4652,0,0,0.0005527786657373164,-7.6017584800720215,-0.10175853222608566,assist,no
4653,0,0,0.0004878571954431821,-7.877939701080322,-0.2529398500919342,assist,no
4654,0,0,0.0013250226143952844,-6.878652572631836,-0.2536527216434479,assist,no
4655,0,0,0.0013250224172131609,-7.259396553039551,-0.6343965530395508,assist,no
4656,0,0,0.002800926800640331,-5.9784650802612305,-0.1034650206565857,assist,No
4657,0,0,0.0006263341627730506,-7.465282440185547,-0.09028244763612747,assist,No
4658,0,0,0.004070136870255261,-5.932541847229004,-0.4325416386127472,assist,no
4659,0,0,0.0004878572681041092,-8.258692741394043,-0.6336930394172668,assist,No
4660,0,0,0.00048785721724145916,-7.768781661987305,-0.1437818557024002,assist,no
4661,0,0,0.001926734527214966,-6.259781360626221,-0.009781289845705032,assist,no
4662,0,0,0.09534947261117097,-2.483649730682373,-0.2336498200893402,assist,no
4663,0,0,0.00029595715319227474,-8.252788543701172,-0.12778867781162262,assist,no
4664,0,0,0.00037998445532125014,-7.988633632659912,-0.11363347619771957,assist,No
4665,0,0,0.00012339463114111144,-9.314203262329102,-0.3142037093639374,assist,no
4666,0,0,0.0013250222003128587,-6.851961135864258,-0.22696097195148468,assist,No
4667,0,0,0.0015011823907516671,-6.783541679382324,-0.2835417687892914,assist,no
4668,0,0,0.0024726233404040437,-6.204624652862549,-0.2046247273683548,assist,No
4669,0,0,0.0013250223383403197,-6.907761096954346,-0.2827610373497009,assist,No
4670,0,0,0.0002611903813520866,-8.774142265319824,-0.5241425037384033,assist,No
4671,0,0,0.0002611902879675414,-8.883416175842285,-0.6334160566329956,assist,no
4672,0,0,0.00023050661382134383,-8.476154327392578,-0.10115385800600052,assist,no
4673,0,0,0.002800926800640331,-6.400459289550781,-0.5254592299461365,assist,No
4674,0,0,0.010986940687560063,-4.767624378204346,-0.2676241993904114,assist,no
4675,0,0,0.004609571632403393,-6.0118255615234375,-0.636825442314148,assist,No
4676,0,0,0.0019267344340853601,-6.827827453613281,-0.5778273344039917,assist,No
4677,0,0,0.0002034270568529419,-8.929444313049316,-0.42944470047950745,assist,no
4678,0,0,0.00407013783670198,-5.816891670227051,-0.31689170002937317,assist,No
4679,0,0,0.0001398220839802092,-9.452099800109863,-0.5770998597145081,assist,no
4680,0,0,0.0004305571326289228,-8.326634407043457,-0.5766345262527466,assist,no
4681,0,0,0.06008665606493926,-2.81221342086792,-0.06221352517604828,assist,no
4682,0,0,0.0008040859835179557,-7.702056407928467,-0.5770564675331116,assist,no
4683,0,0,0.0002959572193242827,-8.758121490478516,-0.6331218481063843,assist,No
4684,0,0,0.0021827161208050378,-6.35375452041626,-0.22875437140464783,assist,no
4685,0,0,0.001700722411435288,-6.628756523132324,-0.2537565231323242,assist,No
4686,0,0,0.0005527786863185436,-7.84930944442749,-0.3493095338344574,assist,No
4687,0,0,0.0011695102650555148,-7.274596214294434,-0.5245962142944336,assist,no
4688,0,0,0.00023050682844797253,-8.518467903137207,-0.14346836507320404,assist,no
4689,0,0,0.0005527787274810003,-7.702486038208008,-0.20248620212078094,assist,no
4690,0,0,0.00010889695079221888,-9.141273498535156,-0.016273872926831245,assist,no
4691,0,0,0.0009110511672739408,-7.253398895263672,-0.2533988654613495,assist,No
4692,0,0,0.0013250224566495835,-7.055232524871826,-0.43023255467414856,assist,No
4693,0,0,0.0035936020478559492,-5.942404270172119,-0.3174041211605072,assist,no
4694,0,0,0.00522012591118932,-5.265596866607666,-0.015596908517181873,assist,no
4695,0,0,0.34864513533394575,-1.1942957639694214,-0.5692957639694214,assist,No
4696,0,0,0.0015011824354232285,-7.077511787414551,-0.5775119066238403,assist,no
4697,0,0,0.0035936027948457686,-5.882163047790527,-0.2571631073951721,assist,no
4698,0,0,0.0003799844609813083,-7.909306049346924,-0.03430590778589249,assist,No
4699,0,0,0.0005527786904347891,-7.601529598236084,-0.10152969509363174,assist,No
4700,0,0,0.00029595707824268345,-8.474721908569336,-0.3497217893600464,assist,No
4701,0,0,0.0011695102128354764,-6.8215012550354,-0.07150121033191681,assist,No
4702,0,0,0.0004878570501213606,-7.878171920776367,-0.25317177176475525,assist,No
4703,0,0,0.0007096702934265129,-7.6795196533203125,-0.42951950430870056,assist,No
4704,0,0,0.0015011824130874477,-6.681576251983643,-0.18157635629177094,assist,No
4705,0,0,0.0001795279158528865,-8.768136978149414,-0.14313668012619019,assist,no
4706,0,0,0.0019267348925696179,-6.774828910827637,-0.5248290300369263,assist,no
4707,0,0,0.014063628696182679,-4.783935070037842,-0.5339351892471313,assist,No
4708,0,0,0.0024726230831270705,-6.389901161193848,-0.38990113139152527,assist,No
4709,0,0,0.0002959570980822793,-8.238776206970215,-0.11377615481615067,assist,no
4710,0,0,0.00026119031131367456,-8.724808692932129,-0.4748086631298065,assist,no
4711,0,0,0.00017952804423825133,-9.148943901062012,-0.5239443182945251,assist,no
4712,0,0,0.0013250224960860068,-6.908188819885254,-0.2831888794898987,assist,No
4713,0,0,0.00048785725357192297,-8.013401985168457,-0.3884022533893585,assist,no
4714,0,0,0.0017007226138324027,-6.900116920471191,-0.525117039680481,assist,No
4715,0,0,0.0017007226138324027,-6.629569053649902,-0.2545691728591919,assist,no
4716,0,0,0.0004878571373144484,-8.013298988342285,-0.38829901814460754,assist,no
4717,0,0,0.0035936021545687705,-6.260981559753418,-0.6359814405441284,assist,No
4718,0,0,0.0013250226538317129,-7.319887161254883,-0.6948873400688171,assist,no
4719,0,0,0.0004305571005637297,-7.930891513824463,-0.18089155852794647,assist,no
4720,0,0,0.00012339455424027813,-9.001335144042969,-0.001334967790171504,assist,no
4721,0,0,0.0009110513571608901,-7.634288311004639,-0.634288489818573,assist,No
4722,0,0,0.0011695104043089619,-7.274353981018066,-0.524354100227356,assist,No
4723,0,0,0.0004305570300203132,-8.383187294006348,-0.6331871747970581,assist,No
4724,0,0,0.0013250224172131609,-7.259042263031006,-0.6340422630310059,assist,no
4725,0,0,0.03732688332823794,-3.2999191284179688,-0.049919016659259796,assist,no
4726,0,0,0.005220126312597491,-5.641493320465088,-0.39149343967437744,assist,No
4727,0,0,1.0129990565769407e-05,-11.548765182495117,-0.048765141516923904,assist,no
4728,0,0,0.00033535000058530843,-8.161176681518555,-0.16117629408836365,assist,no
4729,0,0,0.0010322310674859476,-7.128761291503906,-0.25376132130622864,assist,No
4730,0,0,0.0004878570937179025,-7.974102020263672,-0.3491019606590271,assist,no
4731,0,0,0.00020342705780003025,-8.507858276367188,-0.007858668453991413,assist,no
4732,0,0,0.002472622715588583,-6.577969074249268,-0.5779688954353333,assist,No
4733,0,0,0.001926735028682153,-6.254888534545898,-0.004888724535703659,assist,no
4734,0,0,0.0007096704413702227,-7.679873943328857,-0.4298740029335022,assist,no
4735,0,0,0.0003353501904116503,-8.34926700592041,-0.3492671847343445,assist,No
4736,0,0,0.0013250226932681422,-7.0550408363342285,-0.43004104495048523,assist,No
4737,0,0,0.007577241379914961,-4.9033613204956055,-0.028361335396766663,assist,No
4738,0,0,0.0002034270326074816,-8.781981468200684,-0.2819817364215851,assist,no
4739,0,0,0.004609572179374208,-5.6623687744140625,-0.2873687744140625,assist,no
4740,0,0,0.00015843623798660378,-8.976181030273438,-0.22618114948272705,assist,no
4741,0,0,0.01590639217832175,-4.613617420196533,-0.4886174499988556,assist,no
4742,0,0,0.025957354937269386,-3.9289133548736572,-0.30391326546669006,assist,No
4743,0,0,0.0021827163155291175,-6.380116939544678,-0.25511687994003296,assist,no
4744,0,0,0.0002305066807848305,-8.628204345703125,-0.2532041668891907,assist,no
4745,0,1,0.7057850154599563,-0.596163809299469,-1.4711637496948242,assist,Yes
4746,0,0,0.0005527786533885804,-7.752861499786377,-0.25286152958869934,assist,no
4747,0,0,0.0005527786369235996,-7.974803447723389,-0.47480344772338867,assist,no
4748,0,0,0.00033535003555331067,-8.180350303649902,-0.18035002052783966,assist,No
4749,0,0,0.0019267345487064141,-6.639391899108887,-0.38939183950424194,assist,No
4750,0,0,0.005220126931636656,-5.729000091552734,-0.4790003299713135,assist,no
4751,0,0,0.0004878570065248225,-8.25905990600586,-0.6340596675872803,assist,no
4752,0,0,0.0008040857919630916,-7.649162292480469,-0.5241621136665344,assist,No
4753,0,0,0.00017952790515411027,-9.012456893920898,-0.3874565362930298,assist,no
4754,0,0,0.0015011820780507757,-7.077228546142578,-0.5772284269332886,assist,no
4755,0,0,0.0003353502153888086,-8.161299705505371,-0.1612999588251114,assist,no
4756,0,0,0.0005527787562947218,-7.555623531341553,-0.055623747408390045,assist,No
4757,0,0,0.00033534999059445133,-8.633326530456543,-0.6333261132240295,assist,No
4758,0,0,0.0005527787686434603,-8.133801460266113,-0.6338016986846924,assist,no
4759,0,0,0.13296424706933604,-2.563991069793701,-0.688991129398346,assist,no
4760,0,0,0.0003353499980875941,-8.089577674865723,-0.08957727998495102,assist,No
4761,0,0,0.003172683408005215,-5.979656219482422,-0.2296563982963562,assist,No
4762,0,0,0.0011695102476488354,-6.978097915649414,-0.22809790074825287,assist,no
4763,0,0,0.0009110510316404296,-7.634086608886719,-0.6340864300727844,assist,no
4764,0,0,0.0005527787686434603,-7.9758806228637695,-0.47588086128234863,assist,No
4765,0,0,0.5,-0.947365403175354,-0.947365403175354,assist,no
4766,0,0,0.000804086031406679,-7.649514198303223,-0.5245143175125122,assist,No
4767,0,0,0.0008040858278796249,-7.2868332862854,-0.16183315217494965,assist,no
4768,0,0,0.0003353500954984659,-8.161160469055176,-0.16116036474704742,assist,no
4769,0,0,0.0024726225685732036,-6.525561332702637,-0.5255610942840576,assist,no
4770,0,0,0.029312229903390143,-3.655829906463623,-0.15582987666130066,assist,no
4771,0,0,0.004609572999830552,-6.010958671569824,-0.6359588503837585,assist,no
4772,0,0,0.003593603061627884,-5.832099914550781,-0.207100048661232,assist,no
4773,0,0,0.0015011819887076757,-6.930542945861816,-0.4305427670478821,assist,no
4774,0,0,0.00013982212147817588,-8.954350471496582,-0.0793507993221283,assist,no
4775,0,0,0.0021827163155291175,-6.759395599365234,-0.6343955397605896,assist,no
4776,0,0,0.005220125074519377,-5.728487491607666,-0.47848737239837646,assist,No
4777,0,0,0.00043055715828107903,-7.911602973937988,-0.1616031527519226,assist,no
4778,0,0,0.000804085771011781,-7.142032623291016,-0.01703241840004921,assist,no
4779,0,0,0.0008040857440743825,-7.758969306945801,-0.6339690685272217,assist,no
4780,0,0,0.004070137715896127,-6.078975200653076,-0.5789752006530762,assist,No
4781,0,0,0.0009110513571608901,-7.57722806930542,-0.5772282481193542,assist,no
4782,0,0,0.0031726820884586454,-6.102191925048828,-0.352191686630249,assist,no
4783,0,0,0.0009110511944006454,-7.430542945861816,-0.4305429458618164,assist,no
4784,0,0,0.4378234991142019,-1.255312442779541,-1.005312442779541,assist,no
4785,0,0,0.005220125432401301,-5.266757488250732,-0.016757437959313393,assist,no
4786,0,0,0.010986940363721243,-4.937523365020752,-0.43752315640449524,assist,No
4787,0,0,0.00048785712096574324,-7.680619239807129,-0.05561923608183861,assist,No
4788,0,0,0.0013250221805946513,-6.975285053253174,-0.3502848744392395,assist,no
4789,0,0,0.08509904500702024,-2.881601572036743,-0.5066015720367432,assist,no
4790,0,0,0.03732688948593843,-3.6388988494873047,-0.38889890909194946,assist,no
4791,0,0,0.18242552380635632,-2.0348803997039795,-0.5348803997039795,assist,no
4792,0,0,0.008577486680893736,-4.966213226318359,-0.2162133753299713,assist,no
4793,0,0,0.0011695104043089619,-7.327533721923828,-0.5775338411331177,assist,no
4794,0,0,0.0003799846166329393,-8.055367469787598,-0.18036773800849915,assist,No
4795,0,0,0.004070137353478592,-5.891387939453125,-0.39138785004615784,assist,no
4796,0,0,0.0001795279693467774,-9.149123191833496,-0.5241231918334961,assist,no
4797,0,0,0.0019267351218117874,-6.726572036743164,-0.47657227516174316,assist,No
4798,0,0,0.0008040859954901364,-7.3057427406311035,-0.18074281513690948,assist,No
4799,0,0,0.000804085899712697,-7.306143760681152,-0.18114371597766876,assist,no
4800,0,0,0.0003799845147518645,-8.349783897399902,-0.47478389739990234,assist,no
4801,0,0,0.0019267350071906994,-6.726075172424316,-0.47607535123825073,assist,no
4802,0,0,0.14804719051380197,-2.1721322536468506,-0.4221321940422058,assist,no
4803,0,0,0.0008040859835179557,-7.758602619171143,-0.6336026787757874,assist,No
4804,0,0,0.0004878570065248225,-8.319108009338379,-0.6941077709197998,assist,no
4805,0,0,0.0015011820780507757,-6.645246982574463,-0.14524686336517334,assist,no
4806,0,0,0.004070137081665462,-5.616901397705078,-0.11690124124288559,assist,No
4807,0,0,7.484624423879647e-05,-9.66067886352539,-0.16067908704280853,assist,no
4808,0,0,0.001169510439122326,-7.1000590324401855,-0.3500591814517975,assist,No
4809,0,0,0.0006263340928185994,-7.577519416809082,-0.20251931250095367,assist,no
4810,0,0,0.0006263343073456077,-7.724641799926758,-0.3496420383453369,assist,no
4811,0,0,0.0009110511401472368,-7.5772318840026855,-0.5772318243980408,assist,No
4812,0,0,0.020332355123551627,-4.032710075378418,-0.15771016478538513,assist,no
4813,0,0,0.0024726231566347748,-6.578454494476318,-0.5784544944763184,assist,no
4814,0,0,0.0007096704625050409,-7.5647101402282715,-0.31471022963523865,assist,no
4815,0,0,0.0006263340275277853,-7.578568458557129,-0.2035682499408722,assist,no
4816,0,0,0.00023050673229521818,-8.518349647521973,-0.14334969222545624,assist,no
4817,0,0,0.16451647108926923,-2.0870096683502197,-0.4620097279548645,assist,no
4818,0,0,9.610237827008215e-05,-9.531868934631348,-0.2818685472011566,assist,no
4819,0,0,0.0019267344340853601,-6.565476894378662,-0.31547677516937256,assist,no
4820,0,0,0.0008040859595735953,-7.5131964683532715,-0.38819649815559387,assist,no
4821,0,0,0.00218271670497733,-6.475800514221191,-0.35080063343048096,assist,No
4822,0,0,0.0006263341767639418,-7.488755702972412,-0.1137557327747345,assist,No
4823,0,0,0.0001795279238769691,-8.805376052856445,-0.18037579953670502,assist,no
4824,0,0,0.006692851716795015,-5.320876121520996,-0.32087624073028564,assist,no
4825,0,0,0.0007096704519376317,-7.4528961181640625,-0.20289619266986847,assist,no
4826,0,0,0.004609572999830552,-5.954977512359619,-0.5799776911735535,assist,no
4827,0,0,0.0009110513029074721,-7.3883280754089355,-0.3883281946182251,assist,no
4828,0,0,0.0010322311596793377,-7.508603572845459,-0.6336036920547485,assist,no
4829,0,0,0.0006263341394548992,-7.657392978668213,-0.2823929488658905,assist,no
4830,0,0,0.0019267349498801579,-6.681118011474609,-0.4311181604862213,assist,No
4831,0,0,0.00043055708132461493,-8.326835632324219,-0.5768356323242188,assist,No
4832,0,0,0.0004305571069767681,-8.064690589904785,-0.31469064950942993,assist,No
4833,0,0,0.00012339456955149736,-9.07923412322998,-0.07923407107591629,assist,No
4834,0,0,0.0031726833137518703,-6.181746006011963,-0.43174615502357483,assist,no
4835,0,0,0.0003353502753339959,-8.202110290527344,-0.20211072266101837,assist,No
4836,0,0,0.000911051248654057,-7.34992790222168,-0.34992796182632446,assist,no
4837,0,0,0.0003353501204756171,-8.349267959594727,-0.3492679297924042,assist,no
4838,0,0,0.0009110511401472368,-7.227105617523193,-0.22710555791854858,assist,No
4839,0,0,0.0009110510316404296,-7.576995849609375,-0.5769956707954407,assist,no
4840,0,0,0.06008665017400762,-3.2369000911712646,-0.48690009117126465,assist,no
4841,0,0,0.0006263341954184638,-7.952054023742676,-0.5770540833473206,assist,No
4842,0,0,0.0003799845147518645,-8.127849578857422,-0.2528495788574219,assist,no
4843,0,0,0.0002305066807848305,-8.898722648620605,-0.5237224698066711,assist,no
4844,0,0,0.000552778702783526,-8.133541107177734,-0.6335412263870239,assist,no
4845,0,0,0.06754669489377622,-3.1191301345825195,-0.4941301941871643,assist,no
4846,0,0,0.00037998443551104746,-8.157386779785156,-0.28238657116889954,assist,no
4847,0,0,0.0010322311289482067,-7.15764045715332,-0.2826405465602875,assist,no
4848,0,0,0.004609571358918011,-5.853029251098633,-0.4780290722846985,assist,No
4849,0,0,0.0035936017277175022,-5.942710876464844,-0.31771063804626465,assist,no
4850,0,0,0.0013250225749588576,-7.319900989532471,-0.6949011087417603,assist,no
4851,0,0,0.006692851122412387,-5.393671989440918,-0.39367201924324036,assist,no
4852,0,0,0.00048785725357192297,-8.054771423339844,-0.42977169156074524,assist,no
4853,0,0,0.0007096704413702227,-7.774137020111084,-0.5241370797157288,assist,No
4854,0,0,0.0002959570429722942,-8.51280403137207,-0.3878037929534912,assist,no
4855,0,0,0.00012339463114111144,-9.429227828979492,-0.429228276014328,assist,no
4856,0,0,0.000379984412870817,-8.01855754852295,-0.14355728030204773,assist,no
4857,0,0,0.00013982212356139658,-8.918397903442383,-0.04339824616909027,assist,No
4858,0,0,0.008577486680893736,-5.145142555236816,-0.39514270424842834,assist,no
4859,0,0,0.03732688426527926,-3.3015878200531006,-0.05158773437142372,assist,no
4860,0,0,0.0024726232875703774,-6.007916450500488,-0.007916503585875034,assist,no
4861,0,0,0.00013982202617086363,-8.879829406738281,-0.004829052835702896,assist,no
4862,0,0,0.0002611903891341335,-8.476099967956543,-0.22610023617744446,assist,no
4863,0,0,0.0002611904397174443,-8.393267631530762,-0.14326809346675873,assist,No
4864,0,0,9.610237397438402e-05,-9.451688766479492,-0.20168833434581757,assist,no
4865,0,0,0.0015011819887076757,-7.194793224334717,-0.6947930455207825,assist,no
4866,0,0,0.0001795279385877882,-8.72580337524414,-0.1008032038807869,assist,no
4867,0,0,0.0008040857680187367,-7.4745564460754395,-0.34955623745918274,assist,no
4868,0,0,0.006692849735519792,-5.291711330413818,-0.29171115159988403,assist,no
4869,0,0,0.00029595722373308383,-8.252699851989746,-0.12770022451877594,assist,no
4870,0,0,0.0021827165751612514,-6.75962495803833,-0.6346250176429749,assist,no
4871,0,0,0.0011695101258020842,-7.327219486236572,-0.5772193670272827,assist,No
4872,0,0,0.0002305066670487291,-8.627453804016113,-0.2524535655975342,assist,no
4873,0,0,0.0010322310060236924,-7.304996490478516,-0.42999646067619324,assist,no
4874,0,0,0.00015843619077641338,-9.224713325500488,-0.47471314668655396,assist,no
4875,0,0,0.00043055715828107903,-7.976195335388184,-0.22619551420211792,assist,no
4876,0,0,0.002800927216841955,-6.13015604019165,-0.25515612959861755,assist,No
4877,0,0,0.0002034269538097556,-8.680500030517578,-0.18049991130828857,assist,No
4878,0,0,0.0008040857919630916,-7.554725646972656,-0.4297254681587219,assist,no
4879,0,0,0.0005527786204586191,-7.661282539367676,-0.1612825095653534,assist,no
4880,0,0,0.02595736171885236,-4.334547519683838,-0.7095476984977722,assist,no
4881,0,0,0.0031726835965119127,-6.227126121520996,-0.4771263599395752,assist,no
4882,0,0,0.0009110512757807642,-7.202891826629639,-0.20289191603660583,assist,no
4883,0,0,0.00026119025683936706,-8.411101341247559,-0.1611011028289795,assist,no
4884,0,0,0.0003799844581512792,-8.349943161010742,-0.47494301199913025,assist,no
4885,0,0,0.00017952791919625423,-8.680421829223633,-0.05542154982686043,assist,No
4886,0,0,0.008577483893094128,-4.963704586029053,-0.2137044072151184,assist,no
4887,0,0,0.000295957007701909,-8.758235931396484,-0.6332355737686157,assist,No
4888,0,0,0.0013250222989039011,-6.9400715827941895,-0.3150714933872223,assist,No
4889,0,0,0.0013250224172131609,-7.149455547332764,-0.5244555473327637,assist,no
4890,0,0,0.0002305067941076985,-8.502875328063965,-0.12787564098834991,assist,no
4891,0,0,0.0004305569851290541,-7.930582046508789,-0.18058182299137115,assist,no
4892,0,0,0.0009110513029074721,-7.525036334991455,-0.5250364542007446,assist,No
4893,0,0,0.0003799846166329393,-8.189040184020996,-0.3140404522418976,assist,no
4894,0,0,0.0006263340648368211,-7.518555164337158,-0.14355501532554626,assist,No
4895,0,0,3.288748060837266e-06,-12.648303985595703,-0.02330368012189865,assist,no
4896,0,0,0.0035936023146380092,-5.808359146118164,-0.1833590716123581,assist,No
4897,0,0,0.0009110512757807642,-7.282739639282227,-0.2827397286891937,assist,no
4898,0,0,0.0040701374742844335,-5.730778694152832,-0.23077863454818726,assist,no
4899,0,0,0.0006263341394548992,-7.804839134216309,-0.4298391044139862,assist,no
4900,0,0,0.0006263341208003788,-7.763275146484375,-0.3882750868797302,assist,No
4901,0,0,0.008577484653403024,-5.145190238952637,-0.39519014954566956,assist,no
4902,0,1,0.7057850278370112,-0.7917165756225586,-1.6667165756225586,assist,Yes
4903,0,0,0.00020342706291430742,-8.813937187194824,-0.31393760442733765,assist,no
4904,0,0,0.0007096705681791412,-7.503252983093262,-0.2532532215118408,assist,no
4905,0,0,0.0035936021412296677,-5.659526824951172,-0.034526702016592026,assist,no
4906,0,0,0.0004878571373144484,-7.906979560852051,-0.28197959065437317,assist,No
4907,0,0,0.00010889691195328948,-9.133828163146973,-0.008828180842101574,assist,no
4908,0,0,0.004070136749449438,-6.07916259765625,-0.5791623592376709,assist,No
4909,0,0,5.144220339433465e-05,-9.964557647705078,-0.08955744653940201,assist,no
4910,0,0,0.0005527786636791937,-7.544074058532715,-0.044074106961488724,assist,No
4911,0,0,0.0011695102650555148,-7.327160358428955,-0.5771603584289551,assist,No
4912,0,0,0.0004305571646941183,-7.893500804901123,-0.14350099861621857,assist,no
4913,0,0,0.0007096705259094992,-7.7252421379089355,-0.4752423167228699,assist,no
4914,0,0,0.0011695101258020842,-7.4446258544921875,-0.694625735282898,assist,no
4915,0,0,0.0015011824800947912,-6.753625392913818,-0.2536255419254303,assist,No
4916,0,0,0.00029595714492577474,-8.151780128479004,-0.026780234649777412,assist,no
4917,0,0,0.0015011826141094868,-6.889040946960449,-0.3890411853790283,assist,no
4918,0,0,0.0003353500305578816,-8.226550102233887,-0.22654980421066284,assist,no
4919,0,0,9.610244556937784e-05,-9.475918769836426,-0.22591908276081085,assist,no
4920,0,0,0.0008040858398518034,-7.758645057678223,-0.6336449384689331,assist,No
4921,0,0,0.0021827161208050378,-6.409414291381836,-0.284414142370224,assist,no
4922,0,0,0.0017007225126338423,-6.629528999328613,-0.25452905893325806,assist,no
4923,0,0,0.0005527787686434603,-8.07674789428711,-0.5767481327056885,assist,No
4924,0,0,0.000626334102145859,-7.7628173828125,-0.38781729340553284,assist,no
4925,0,0,0.00017952791050349827,-9.01261043548584,-0.3876101076602936,assist,no
4926,0,0,0.005220126312597491,-5.8864359855651855,-0.6364361047744751,assist,no
4927,0,0,0.0002959570121107069,-8.286012649536133,-0.16101230680942535,assist,No
4928,0,0,0.0003799845147518645,-8.508395195007324,-0.6333951950073242,assist,No
4929,0,0,0.0006263340834913398,-7.850237846374512,-0.47523772716522217,assist,no
4930,0,0,0.00023050670138898422,-8.68925666809082,-0.31425657868385315,assist,no
4931,0,0,0.0003799843675903602,-8.224346160888672,-0.34934577345848083,assist,No
4932,0,0,0.0002959571311482753,-8.758391380310059,-0.6333914399147034,assist,No
4933,0,0,0.0019267344340853601,-6.884498596191406,-0.6344984769821167,assist,no
4934,0,0,0.00033535006053045743,-8.3490571975708,-0.34905698895454407,assist,no
4935,0,0,0.0013250225158042191,-6.7537384033203125,-0.12873847782611847,assist,No
4936,0,0,0.010986940687560063,-4.7943034172058105,-0.2943032383918762,assist,no
4937,0,0,0.001700722436734926,-6.602388381958008,-0.227388396859169,assist,No
4938,0,0,0.007577241267860811,-5.456571102142334,-0.581571102142334,assist,no
4939,0,0,0.002800926800640331,-6.401156425476074,-0.5261563658714294,assist,no
4940,0,0,0.002472622936111669,-6.431206226348877,-0.4312061369419098,assist,No
4941,0,0,0.005911069863196903,-5.188047885894775,-0.06304805725812912,assist,no
4942,0,0,0.0003353500505395985,-8.387490272521973,-0.38749003410339355,assist,no
4943,0,0,0.00015843627103374547,-9.179224014282227,-0.4292243421077728,assist,No
4944,0,0,0.0009110511944006454,-7.253233432769775,-0.2532334327697754,assist,No
4945,0,0,0.0011695104913423747,-6.91170072555542,-0.16170091927051544,assist,No
4946,0,0,0.009708475836790268,-4.659993648529053,-0.03499358147382736,assist,no
4947,0,0,0.0015011819887076757,-7.1343159675598145,-0.6343157887458801,assist,no
4948,0,0,0.0010322310060236924,-7.225030899047852,-0.3500308692455292,assist,no
4949,0,0,0.004609573204944661,-5.495428085327148,-0.12042830884456635,assist,no
4950,0,0,0.0019267347206380085,-6.432930946350098,-0.18293097615242004,assist,no
4951,0,0,0.0002959570928468303,-8.125373840332031,-0.00037377048283815384,assist,no
4952,0,0,0.18242552380635632,-2.2164433002471924,-0.7164433002471924,assist,No
4953,0,0,0.0008040860792954051,-7.306204795837402,-0.18120497465133667,assist,no
4954,0,0,0.0019267345487064141,-6.8843183517456055,-0.6343182921409607,assist,No
4955,0,0,0.0011695102998688749,-7.003932476043701,-0.25393250584602356,assist,no
4956,0,0,0.0005527786863185436,-7.782120227813721,-0.28212031722068787,assist,no
4957,0,0,0.029312230751356316,-3.8485515117645264,-0.34855151176452637,assist,no
4958,0,0,0.0006263341674366807,-7.577764987945557,-0.20276500284671783,assist,no
4959,0,0,0.00013982210897885256,-9.451644897460938,-0.5766451358795166,assist,no
4960,0,0,0.37754066879814546,-1.1758977174758911,-0.6758977174758911,assist,no
4961,0,0,0.1480472055495773,-2.2525339126586914,-0.5025339722633362,assist,no
4962,0,0,0.2689414096510108,-1.546684980392456,-0.5466849207878113,assist,no
4963,0,0,0.0011695102128354764,-6.931239128112793,-0.1812390834093094,assist,No
4964,0,0,0.0019267346633274755,-6.828030586242676,-0.5780305862426758,assist,no
4965,0,0,0.0009110510316404296,-7.162158966064453,-0.1621587872505188,assist,no
4966,0,0,0.0005527785545987024,-7.888143539428711,-0.388143390417099,assist,no
4967,0,0,0.16451647108926923,-2.1209936141967773,-0.4959936738014221,assist,no
4968,0,0,5.144219534598939e-05,-10.03555965423584,-0.1605592966079712,assist,No
4969,0,0,0.0015011822120654355,-6.930469036102295,-0.43046900629997253,assist,no
4970,0,0,0.006692852187347965,-5.040536880493164,-0.040537070482969284,assist,No
4971,0,0,8.481103161417479e-05,-9.898746490478516,-0.5237463712692261,assist,no
4972,0,0,0.0006263342327275096,-7.899497032165527,-0.5244971513748169,assist,No
4973,0,0,0.00012339462286787789,-9.113302230834961,-0.11330261081457138,assist,no
4974,0,0,0.0006263342607092953,-7.57775354385376,-0.2027537077665329,assist,no
4975,0,0,0.002472622936111669,-6.317045211791992,-0.317045122385025,assist,No
4976,0,0,0.005911067455265844,-5.653185844421387,-0.5281856060028076,assist,no
4977,0,0,0.0009110513300341806,-7.35004997253418,-0.3500501215457916,assist,no
4978,0,0,0.000709670377965772,-7.476926326751709,-0.2269262969493866,assist,no
4979,0,0,0.00033535025035683324,-8.523815155029297,-0.5238155126571655,assist,No
4980,0,0,0.007577241491969114,-5.067842960357666,-0.1928429901599884,assist,no
4981,0,0,0.0031726826539785367,-6.275928020477295,-0.5259279608726501,assist,no
4982,0,0,0.0004305571646941183,-7.976373672485352,-0.22637386620044708,assist,no
4983,0,0,0.01406362456384003,-4.73704195022583,-0.48704177141189575,assist,no
4984,0,0,0.0010322310060236924,-7.305508613586426,-0.4305085837841034,assist,no
4985,0,0,0.0059110692064883365,-5.604254722595215,-0.4792547821998596,assist,no
4986,0,0,0.003593602688132928,-5.941418647766113,-0.31641867756843567,assist,No
4987,0,0,0.0004878569483961112,-8.09989070892334,-0.4748903512954712,assist,No
4988,0,0,0.0011695102650555148,-7.384404182434082,-0.634404182434082,assist,no
4989,0,0,0.000487857180910998,-8.149099349975586,-0.5240994691848755,assist,no
4990,0,0,0.0002959570429722942,-8.32712459564209,-0.20212435722351074,assist,no
4991,0,0,0.0006263340648368211,-7.762904644012451,-0.38790449500083923,assist,no
4992,0,0,0.002800926800640331,-6.509954452514648,-0.6349543929100037,assist,No
4993,0,0,0.0534033328129234,-3.0149242877960205,-0.13992434740066528,assist,no
4994,0,0,0.00012339461091765268,-9.226065635681152,-0.22606591880321503,assist,no
4995,0,0,0.00017952795731065056,-8.65912914276123,-0.034129075706005096,assist,no
4996,0,0,0.01798621101487092,-4.645218849182129,-0.6452189087867737,assist,no
4997,0,0,0.0002611904397174443,-8.39344310760498,-0.14344356954097748,assist,no
4998,0,0,0.00012339454289331573,-9.252274513244629,-0.2522742450237274,assist,No
4999,0,0,0.32082130082460697,-1.3240610361099243,-0.5740610361099243,assist,no
5000,0,0,0.00048785711551617493,-7.681020259857178,-0.05602024495601654,assist,no
5001,0,0,0.00026119027240345376,-8.502649307250977,-0.25264912843704224,assist,no
5002,0,0,0.0021827168814460745,-6.133279323577881,-0.008279523812234402,assist,no
5003,0,0,0.00010889688903528541,-9.128767967224121,-0.0037677744403481483,assist,no
5004,0,0,0.0015011823460801075,-6.976617813110352,-0.47661787271499634,assist,no
5005,0,0,0.0013250224960860068,-7.100826740264893,-0.47582679986953735,assist,no
5006,0,0,0.009708476911263291,-4.840232849121094,-0.21523289382457733,assist,no
5007,0,0,0.0013250227327045727,-7.149828910827637,-0.5248291492462158,assist,No
5008,0,0,0.0015011820333792252,-6.783215522766113,-0.28321537375450134,assist,No
5009,0,0,0.0008040860074623171,-7.55480432510376,-0.42980441451072693,assist,No
5010,0,0,0.32082130082460697,-1.4982928037643433,-0.7482928037643433,assist,no
5011,0,0,0.02595735456051482,-3.658989191055298,-0.033989086747169495,assist,no
5012,0,0,0.00037998465059330366,-8.1890230178833,-0.31402337551116943,assist,no
5013,0,0,0.0013250224960860068,-7.2020487785339355,-0.5770488381385803,assist,No
5014,0,0,0.0005527785669474363,-7.55565071105957,-0.055650584399700165,assist,No
5015,0,0,0.0019267346633274755,-6.775425910949707,-0.525425910949707,assist,No
5016,0,0,0.025957356444287677,-3.9681382179260254,-0.343138188123703,assist,no
5017,0,0,5.8291274563847686e-05,-9.779916763305664,-0.0299169160425663,assist,no
5018,0,0,0.00012339459437118888,-9.180191993713379,-0.18019214272499084,assist,no
5019,0,0,0.0003353502328728204,-8.113812446594238,-0.11381275206804276,assist,no
5020,0,0,0.0006263342886910823,-7.657329559326172,-0.2823297679424286,assist,no
5021,0,0,0.0004878570355891808,-8.2586088180542,-0.6336086392402649,assist,No
5022,0,0,0.005911068681121534,-5.203047752380371,-0.0780477225780487,assist,no
5023,0,0,0.0009110511401472368,-7.14383602142334,-0.14383596181869507,assist,No
5024,0,0,0.0007096703568309563,-7.773984432220459,-0.5239843726158142,assist,no
5025,0,0,0.00017952799308469653,-8.636292457580566,-0.011292589828372002,assist,no
5026,0,0,0.0015011822120654355,-6.563772201538086,-0.06377217173576355,assist,No
5027,0,0,0.0006263342840274511,-7.405766487121582,-0.030766688287258148,assist,No
5028,0,0,0.0003799845147518645,-8.350212097167969,-0.47521209716796875,assist,no
5029,0,0,0.003172683408005215,-6.1813273429870605,-0.4313275218009949,assist,No
5030,0,0,0.0013250226538317129,-6.829051494598389,-0.204051673412323,assist,no
5031,0,0,0.001501181899364581,-7.134160995483398,-0.6341607570648193,assist,no
5032,0,0,0.00026119024127528134,-8.452071189880371,-0.20207089185714722,assist,no
5033,0,0,0.008577486554175553,-4.858528137207031,-0.108528271317482,assist,No
5034,0,0,0.0010322309752925658,-7.189681053161621,-0.3146809935569763,assist,No
5035,0,0,0.00020342701442338832,-8.701848030090332,-0.20184820890426636,assist,No
5036,0,0,0.00029595720168907913,-8.599586486816406,-0.4745867848396301,assist,no
5037,0,0,0.0011695102650555148,-7.274477005004883,-0.5244770050048828,assist,no
5038,0,0,0.0024726234506656126,-6.476704120635986,-0.4767042398452759,assist,no
5039,0,0,0.0019267344913958867,-6.432964324951172,-0.1829642355442047,assist,no
5040,0,0,7.484623085624799e-05,-9.579312324523926,-0.07931236922740936,assist,no
5041,0,0,0.00029595716641867513,-8.70187759399414,-0.576877772808075,assist,No
5042,0,0,0.0010322311904104695,-6.919227600097656,-0.04422774910926819,assist,No
5043,0,0,0.001700722411435288,-7.009220600128174,-0.6342206001281738,assist,No
5044,0,0,0.0017007227150309691,-6.9527082443237305,-0.5777084231376648,assist,no
5045,0,0,0.0005527786698535617,-7.849521636962891,-0.3495216965675354,assist,no
5046,0,0,0.001032231236507169,-7.037026405334473,-0.16202659904956818,assist,no
5047,0,0,0.0015011821227223277,-6.58069372177124,-0.08069363236427307,assist,No
5048,0,0,0.01098694263059318,-5.03228235244751,-0.5322823524475098,assist,no
5049,0,0,0.01798620575097472,-4.588759422302246,-0.588759183883667,assist,no
5050,0,0,0.00015843621438150682,-8.976412773132324,-0.22641274333000183,assist,no
5051,0,0,0.005220126467357275,-5.642544746398926,-0.3925448954105377,assist,no
5052,0,0,0.0024726225685732036,-6.635246276855469,-0.6352460384368896,assist,no
5053,0,0,0.0008040860792954051,-7.474512100219727,-0.3495122790336609,assist,no
5054,0,0,0.0009110513012120527,-7.0056471824646,-0.005647299811244011,assist,no
5055,0,0,0.0007096702511568873,-7.638066291809082,-0.3880660831928253,assist,No
5056,0,0,1.892513999749972e-05,-10.898294448852539,-0.023294012993574142,assist,no
5057,0,0,0.0006263340834913398,-7.952076435089111,-0.5770763158798218,assist,No
5058,0,0,0.00033535021039337676,-8.57685375213623,-0.5768539905548096,assist,no
5059,0,0,0.000804085887740518,-7.819554328918457,-0.6945542693138123,assist,no
5060,0,0,0.003593603008271459,-6.260566711425781,-0.6355668306350708,assist,No
5061,0,0,0.0013250223186221102,-6.851959705352783,-0.22695963084697723,assist,No
5062,0,0,0.0017007227656302545,-6.690707683563232,-0.31570789217948914,assist,No
5063,0,0,0.000804086031406679,-7.75864839553833,-0.6336485147476196,assist,no
5064,0,0,0.0009110511401472368,-7.524190425872803,-0.524190366268158,assist,no
5065,0,0,0.0001233945769054795,-9.055179595947266,-0.05517960339784622,assist,no
5066,0,0,0.00017952802819007574,-8.906944274902344,-0.28194460272789,assist,No
5067,0,0,0.0017007227150309691,-7.070013999938965,-0.6950141787528992,assist,no
5068,0,0,0.0017007226644316852,-6.851024627685547,-0.4760247766971588,assist,No
5069,0,0,8.481107963386386e-05,-9.502488136291504,-0.12748858332633972,assist,no
5070,0,0,0.0019267346633274755,-6.639066696166992,-0.3890666961669922,assist,no
5071,0,0,0.0028009264065494755,-5.882782459259033,-0.0077822585590183735,assist,no
5072,0,0,0.001700722816229541,-6.850864410400391,-0.4758646488189697,assist,No
5073,0,0,0.0007096704413702227,-7.774419784545898,-0.5244198441505432,assist,no
5074,0,0,5.1442216808246215e-05,-10.224064826965332,-0.3490648865699768,assist,no
5075,0,0,0.0075772408196442265,-5.573205947875977,-0.6982058882713318,assist,no
5076,0,0,0.002800927133601626,-6.038147449493408,-0.16314750909805298,assist,No
5077,0,0,0.0007096704413702227,-7.394055366516113,-0.14405542612075806,assist,no
5078,0,0,0.0019267349642077933,-6.3649725914001465,-0.11497274786233902,assist,No
5079,0,0,0.0017007224620345643,-6.763791084289551,-0.38879111409187317,assist,No
5080,0,0,0.0013250226143952844,-6.939938068389893,-0.3149382174015045,assist,No
5081,0,0,0.0004878570065248225,-8.100125312805176,-0.4751250743865967,assist,no
5082,0,0,0.01406363034912007,-4.2664337158203125,-0.0164339542388916,assist,no
5083,0,0,0.0005527787439459839,-7.72625207901001,-0.22625227272510529,assist,No
5084,0,0,0.00037998442419093204,-8.018730163574219,-0.14372992515563965,assist,no
5085,0,0,8.481100886801578e-05,-9.723892211914062,-0.34889182448387146,assist,no
5086,0,0,0.000911051207963998,-7.181670188903809,-0.1816702038049698,assist,no
5087,0,0,0.0028009264676790765,-6.3073954582214355,-0.4323952794075012,assist,no
5088,0,0,0.004609572860951212,-5.38062047958374,-0.0056206281296908855,assist,no
5089,0,0,0.0003799845600323388,-8.451728820800781,-0.5767289400100708,assist,No
5090,0,0,0.0007096703145613268,-7.826760768890381,-0.5767606496810913,assist,no
5091,0,0,0.002472622862603971,-6.6352458000183105,-0.635245680809021,assist,no
5092,0,0,0.0010322310060236924,-7.158410549163818,-0.28341051936149597,assist,No
5093,0,0,0.0007096704836398597,-7.827375888824463,-0.5773760080337524,assist,no
5094,0,0,0.00013982205064869173,-9.223936080932617,-0.34893590211868286,assist,no
5095,0,0,0.0001233946164331411,-9.282048225402832,-0.2820485532283783,assist,no
5096,0,0,0.05340332678672523,-3.4882235527038574,-0.6132234930992126,assist,No
5097,0,0,0.00013982204661245384,-8.88194465637207,-0.006944448687136173,assist,no
5098,0,0,0.00020342700836202424,-8.660789489746094,-0.1607896387577057,assist,no
5099,0,0,0.0010322311904104695,-7.225265979766846,-0.35026612877845764,assist,no
5100,0,0,0.00048785706465354084,-7.7864274978637695,-0.16142737865447998,assist,no
5101,0,0,0.0005527786698535617,-7.702733993530273,-0.2027340531349182,assist,no
5102,0,0,0.00023050676663548297,-8.57750129699707,-0.20250149071216583,assist,no
5103,0,0,0.0005527784064139189,-8.133580207824707,-0.6335797905921936,assist,no
5104,0,0,0.0013250226538317129,-6.787006855010986,-0.16200703382492065,assist,No
5105,0,0,0.0005527785875286599,-7.849450588226318,-0.3494504988193512,assist,No
5106,0,0,0.00970847848715727,-5.019896030426025,-0.3948962390422821,assist,No
5107,0,0,0.00033535000058530843,-8.101275444030762,-0.10127505660057068,assist,No
5108,0,0,0.0015011823460801075,-7.025009632110596,-0.5250096917152405,assist,No
5109,0,0,0.0008040857919630916,-7.701985836029053,-0.5769856572151184,assist,no
5110,0,0,0.010986941659076578,-4.735321998596191,-0.23532190918922424,assist,No
5111,0,0,0.0031726833608785423,-5.95624303817749,-0.20624320209026337,assist,no
5112,0,0,0.00037998465059330366,-8.157367706298828,-0.2823680639266968,assist,no
5113,0,0,0.0007096705259094992,-7.43103551864624,-0.18103569746017456,assist,no
5114,0,0,0.010986941659076578,-4.697326183319092,-0.19732609391212463,assist,no
5115,0,1,0.5621765008857981,-0.9218735694885254,-1.1718735694885254,assist,Yes
5116,0,0,0.00017952790649145727,-8.648627281188965,-0.02362693101167679,assist,no
5117,0,0,0.0024726231566347748,-6.389492034912109,-0.3894920349121094,assist,no
5118,0,0,0.0008040858697822497,-7.181035995483398,-0.05603591352701187,assist,No
5119,0,0,0.001032230959927003,-7.05630350112915,-0.18130342662334442,assist,No
5120,0,0,0.042087731520181665,-3.491457462310791,-0.3664575517177582,assist,no
5121,0,0,0.0031726820884586454,-5.954717636108398,-0.20471739768981934,assist,No
5122,0,0,0.0007096703145613268,-7.679758071899414,-0.4297579526901245,assist,no
5123,0,0,0.0007096704202354052,-7.599584102630615,-0.3495841324329376,assist,No
5124,0,0,0.001926734606016944,-6.681087970733643,-0.4310879409313202,assist,No
5125,0,0,0.0017007224620345643,-6.726038455963135,-0.35103848576545715,assist,no
5126,0,0,0.11920293453832885,-2.6728744506835938,-0.6728745698928833,assist,no
5127,0,0,0.00020342697199384353,-8.814291954040527,-0.31429192423820496,assist,no
5128,0,0,0.0007096703885331799,-7.394205093383789,-0.14420507848262787,assist,no
5129,0,0,0.002182716510253215,-6.601437091827393,-0.47643712162971497,assist,no
5130,0,0,0.00043055702360727583,-7.97684907913208,-0.22684894502162933,assist,no
5131,0,0,0.00043055714545500067,-7.878117561340332,-0.12811771035194397,assist,no
5132,0,0,0.001700722209038197,-6.8999738693237305,-0.5249737501144409,assist,no
5133,0,0,0.0009110511130205339,-7.349737167358398,-0.3497370779514313,assist,No
5134,0,0,0.00048785732623285867,-8.201783180236816,-0.5767835974693298,assist,no
5135,0,0,0.000295957007701909,-8.599992752075195,-0.47499239444732666,assist,no
5136,0,0,0.000804086019434498,-7.286614418029785,-0.1616145223379135,assist,No
5137,0,0,0.0021827166400692896,-6.514371871948242,-0.38937196135520935,assist,no
5138,0,0,0.0017007225632331216,-6.658862590789795,-0.2838626801967621,assist,no
5139,0,0,0.5,-1.0687212944030762,-1.0687212944030762,assist,No
5140,0,0,0.0005527785381337246,-7.887995719909668,-0.38799554109573364,assist,no
5141,0,0,0.001700722816229541,-6.657963752746582,-0.28296399116516113,assist,No
5142,0,0,0.0005527785957611495,-7.7265119552612305,-0.2265118807554245,assist,no
5143,0,0,0.0009110510180770795,-7.202641487121582,-0.2026412934064865,assist,No
5144,0,0,0.0017007221078396608,-7.009670734405518,-0.6346705555915833,assist,No
5145,0,0,0.0011695101780221189,-6.977540016174316,-0.22753994166851044,assist,no
5146,0,0,0.0035936034351228795,-6.260761260986328,-0.6357614994049072,assist,No
5147,0,0,0.0007096704466539272,-7.330373287200928,-0.0803733542561531,assist,no
5148,0,0,0.005220126622117065,-5.64126443862915,-0.3912646174430847,assist,No
5149,0,0,0.0005527787192485087,-7.753265857696533,-0.25326600670814514,assist,no
5150,0,0,0.00037998465059330366,-8.128205299377441,-0.25320565700531006,assist,no
5151,0,0,0.005220125538798635,-5.536399841308594,-0.28639981150627136,assist,No
5152,0,0,0.03732688975366457,-3.2967474460601807,-0.046747513115406036,assist,no
5153,0,0,0.001501182502430573,-6.681519031524658,-0.18151919543743134,assist,No
5154,0,0,0.0028009274665629583,-6.453608512878418,-0.5786086916923523,assist,no
5155,0,0,0.005911068068193657,-5.277289390563965,-0.1522892564535141,assist,no
5156,0,0,0.0005527785545987024,-7.8879008293151855,-0.3879006803035736,assist,no
5157,0,0,4.006368028977666e-05,-10.473703384399414,-0.3487030863761902,assist,no
5158,0,0,0.0015011823460801075,-6.850379467010498,-0.3503795266151428,assist,no
5159,0,0,0.0002959570297458992,-8.32726001739502,-0.20225973427295685,assist,No
5160,0,0,0.00012339461614587608,-9.005393981933594,-0.005394307430833578,assist,no
5161,0,0,0.014063627869714051,-4.522274017333984,-0.27227407693862915,assist,no
5162,0,0,0.0031726826304152057,-5.816559314727783,-0.06655924767255783,assist,no
5163,0,0,0.0004878570355891808,-7.974247932434082,-0.3492477536201477,assist,No
5164,0,0,0.0019267348925696179,-6.565727233886719,-0.3157273530960083,assist,No
5165,0,0,0.0009110510316404296,-7.314694404602051,-0.31469422578811646,assist,No
5166,0,0,0.047425867792089564,-3.4384055137634277,-0.4384053945541382,assist,no
5167,0,0,0.0021827168347934166,-6.601253032684326,-0.4762532114982605,assist,No
5168,0,0,0.0003353500305578816,-8.349076271057129,-0.34907597303390503,assist,No
5169,0,0,0.03732688948593843,-3.910186767578125,-0.6601868271827698,assist,no
5170,0,0,0.0002305066561027739,-8.387821197509766,-0.012820911593735218,assist,no
5171,0,0,0.002472623303650189,-6.634408473968506,-0.6344085335731506,assist,no
5172,0,0,9.610242695467433e-05,-9.77372932434082,-0.5237294435501099,assist,No
5173,0,0,0.0008040859835179557,-7.378340244293213,-0.25334030389785767,assist,no
5174,0,0,0.0019267344913958867,-6.5051445960998535,-0.25514450669288635,assist,no
5175,0,0,3.5356263654240325e-05,-10.250472068786621,-0.0004724340105894953,assist,no
5176,0,0,0.00010889688731136496,-9.286346435546875,-0.1613462269306183,assist,No
5177,0,0,0.00048785706465354084,-8.201719284057617,-0.5767191648483276,assist,No
5178,0,1,0.7772998560157665,-0.3540227711200714,-1.604022741317749,assist,Yes
5179,0,0,0.0008040859835179557,-7.407268047332764,-0.28226810693740845,assist,No
5180,0,0,0.005220126003077935,-5.683116436004639,-0.43311649560928345,assist,No
5181,0,0,0.00218271670497733,-6.601293087005615,-0.4762932062149048,assist,no
5182,0,0,0.00048785725357192297,-8.054390907287598,-0.42939117550849915,assist,no
5183,0,0,0.0002959570606074883,-8.599786758422852,-0.47478657960891724,assist,no
5184,0,0,0.0006263340461823029,-7.850157260894775,-0.47515708208084106,assist,no
5185,0,0,0.0015011820780507757,-6.783014297485352,-0.283014178276062,assist,No
5186,0,0,0.006692849339264817,-5.637213706970215,-0.6372134685516357,assist,no
5187,0,0,0.0008040859356292355,-7.439403533935547,-0.3144035339355469,assist,no
5188,0,0,0.0007096703039939198,-7.321207523345947,-0.07120738923549652,assist,no
5189,0,0,0.0013250221411582371,-7.055362701416016,-0.4303624927997589,assist,No
5190,0,0,0.0013250226143952844,-6.907707691192627,-0.2827078402042389,assist,No
5191,0,0,0.001501182502430573,-6.629029750823975,-0.12902991473674774,assist,No
5192,0,0,0.0013250226143952844,-6.940065860748291,-0.31506600975990295,assist,no
5193,0,0,0.000911051248654057,-7.524654865264893,-0.5246549248695374,assist,No
5194,0,0,0.0009110510045137297,-7.350490570068359,-0.35049036145210266,assist,no
5195,0,0,0.00017952789846737544,-8.714949607849121,-0.08994921296834946,assist,no
5196,0,0,0.0011695104043089619,-7.327484130859375,-0.5774842500686646,assist,no
5197,0,0,0.00017952789980472237,-9.099584579467773,-0.4745841920375824,assist,no
5198,0,0,0.0031726826539785367,-6.328271865844727,-0.5782718062400818,assist,No
5199,0,0,0.0001088969029280572,-9.139446258544922,-0.014446193352341652,assist,no
5200,0,0,0.00012339454657030597,-9.252520561218262,-0.2525203227996826,assist,No
5201,0,0,0.0011695101954287976,-6.977384567260742,-0.2273845076560974,assist,no
5202,0,0,0.0003799844921116293,-8.304801940917969,-0.429801881313324,assist,no
5203,0,0,0.01406362497707424,-4.650567054748535,-0.4005669057369232,assist,no
5204,0,0,0.0001233946054021645,-9.576469421386719,-0.5764696598052979,assist,no
5205,0,0,0.0006263342886910823,-7.519251823425293,-0.14425203204154968,assist,no
5206,0,0,0.0015011825247663551,-7.194746017456055,-0.694746196269989,assist,no
5207,0,0,0.001501181899364581,-6.815386772155762,-0.3153865337371826,assist,no
5208,0,0,0.37754066879814546,-1.1829530000686646,-0.6829530000686646,assist,no
5209,0,0,6.605217536450297e-05,-9.850899696350098,-0.22590015828609467,assist,no
5210,0,0,0.0007096703991005882,-7.679506778717041,-0.429506778717041,assist,No
5211,0,0,0.0010322311904104695,-7.22520637512207,-0.35020652413368225,assist,no
5212,0,0,0.01590639217832175,-4.4868903160095215,-0.36189034581184387,assist,No
5213,0,0,4.006368256573035e-05,-10.139244079589844,-0.014243838377296925,assist,no
5214,0,0,0.000804085815907447,-7.512923240661621,-0.38792309165000916,assist,no
5215,0,0,0.042087730919421175,-3.327127695083618,-0.20212776958942413,assist,no
5216,0,0,0.0019267350071906994,-6.413540363311768,-0.1635405421257019,assist,no
5217,0,0,0.0015011822567369915,-6.930635929107666,-0.430635929107666,assist,no
5218,0,0,0.00048785722450755167,-8.100069046020508,-0.4750692546367645,assist,No
5219,0,0,0.0031726822769652645,-6.446509838104248,-0.6965096592903137,assist,no
5220,0,0,0.00037998453739210097,-8.5687894821167,-0.693789541721344,assist,no
5221,0,0,0.0009110513029074721,-7.388192176818848,-0.3881922960281372,assist,no
5222,0,0,0.00023050677350353656,-8.502533912658691,-0.12753413617610931,assist,no
5223,0,0,0.0006263341767639418,-7.65717887878418,-0.2821789085865021,assist,no
5224,0,0,0.4378234991142019,-1.1823679208755493,-0.9323679208755493,assist,no
5225,0,0,0.0006263340461823029,-7.763749599456787,-0.3887494206428528,assist,no
5226,0,0,0.0017007227909298973,-6.520728588104248,-0.14572881162166595,assist,no
5227,0,0,0.00043055708132461493,-8.22493839263916,-0.47493839263916016,assist,no
5228,0,0,0.00033535014545277016,-8.225982666015625,-0.22598271071910858,assist,No
5229,0,0,0.0008040859356292355,-7.759040832519531,-0.6340408325195312,assist,No
5230,0,0,0.0024726232301424803,-6.351116180419922,-0.35111621022224426,assist,no
5231,0,0,0.00033535027033856327,-8.07069206237793,-0.07069247961044312,assist,No
5232,0,0,0.0009110512215273508,-7.226564407348633,-0.2265644371509552,assist,No
5233,0,0,0.0005527786863185436,-7.680853366851807,-0.1808534562587738,assist,no
5234,0,0,0.00033535021039337676,-8.577105522155762,-0.5771057605743408,assist,No
5235,0,0,0.00043055715828107903,-7.91113805770874,-0.16113823652267456,assist,no
5236,0,0,0.0024726234506656126,-6.316892623901367,-0.31689274311065674,assist,no
5237,0,0,0.0007096703145613268,-7.532263278961182,-0.2822631597518921,assist,No
5238,0,0,0.0001795280522623397,-8.805351257324219,-0.18035171926021576,assist,no
5239,0,0,0.000804086031406679,-7.649147987365723,-0.5241481065750122,assist,No
5240,0,0,0.0015011825247663551,-6.975409507751465,-0.47540968656539917,assist,No
5241,0,0,0.0013250221411582371,-6.787531852722168,-0.16253164410591125,assist,no
5242,0,0,0.001700722411435288,-6.658106803894043,-0.28310680389404297,assist,No
5243,0,0,0.002182716510253215,-6.476386070251465,-0.35138610005378723,assist,no
5244,0,0,5.422218000453215e-06,-12.163146018981934,-0.03814584016799927,assist,no
5245,0,0,0.000552778571063681,-7.726552963256836,-0.2265528440475464,assist,no
5246,0,0,0.0008040860553510418,-7.439690589904785,-0.3146907389163971,assist,no
5247,0,0,0.00037998435627024685,-8.15726375579834,-0.2822633385658264,assist,no
5248,0,0,0.0019267347779485435,-6.9449310302734375,-0.6949310898780823,assist,no
5249,0,0,0.0008040857440743825,-7.215398788452148,-0.09039855003356934,assist,No
5250,0,0,0.0002959572369594874,-8.600412368774414,-0.4754127860069275,assist,no
5251,0,0,0.002182716899701462,-6.601137638092041,-0.47613784670829773,assist,No
5252,0,0,0.0004878572390397371,-8.258691787719727,-0.6336920261383057,assist,No
5253,0,0,0.0008040859356292355,-7.701991558074951,-0.5769915580749512,assist,no
5254,0,0,0.00013982213397750035,-9.508334159851074,-0.6333345770835876,assist,no
5255,0,0,8.481106699710094e-05,-9.535694122314453,-0.160694420337677,assist,no
5256,0,0,0.0004305571326289228,-8.327012062072754,-0.5770121812820435,assist,no
5257,0,0,0.00023050677006950976,-8.47623348236084,-0.10123369097709656,assist,no
5258,0,0,0.0021827165751612514,-6.650473594665527,-0.5254736542701721,assist,no
5259,0,0,0.0003799844694713956,-8.127805709838867,-0.25280559062957764,assist,no
5260,0,0,8.481107710651112e-05,-9.849684715270996,-0.4746851325035095,assist,No
5261,0,0,0.0035936027948457686,-5.910364627838135,-0.28536468744277954,assist,no
5262,0,0,0.0019267345487064141,-6.5656938552856445,-0.31569379568099976,assist,No
5263,0,0,0.16451645470385742,-2.227363109588623,-0.6023630499839783,assist,no
5264,0,0,0.0002611903268777645,-8.599318504333496,-0.3493185341358185,assist,No
5265,0,0,0.0004878569483961112,-8.149001121520996,-0.5240007638931274,assist,No
5266,0,0,0.0017007221078396608,-6.763587951660156,-0.3885877728462219,assist,No
5267,0,0,2.14449417703268e-05,-10.75764274597168,-0.0076424358412623405,assist,no
5268,0,0,0.006692851122412387,-5.188564300537109,-0.18856433033943176,assist,no
5269,0,0,0.0046095714956607,-5.69342041015625,-0.31842026114463806,assist,no
5270,0,0,0.0006263340088732682,-7.804831504821777,-0.42983126640319824,assist,No
5271,0,0,0.0002959571487834747,-8.701547622680664,-0.5765477418899536,assist,no
5272,0,0,0.00043055717110715777,-8.03217887878418,-0.2821790874004364,assist,no
5273,0,0,0.00015843624270762358,-9.031818389892578,-0.28181853890419006,assist,no
5274,0,0,0.0035936025814200896,-6.2607421875,-0.6357421875,assist,no
5275,0,0,0.0028009270503612984,-6.159108638763428,-0.2841086685657501,assist,No
5276,0,0,0.037326887344129464,-3.96747088432312,-0.7174708843231201,assist,no
5277,0,0,0.0007096703145613268,-7.5997514724731445,-0.349751353263855,assist,no
5278,0,0,0.0009110510858938316,-7.633882522583008,-0.6338824033737183,assist,no
5279,0,0,0.000911051248654057,-7.314413547515869,-0.3144136071205139,assist,No
5280,0,0,0.00012339462413184408,-9.004822731018066,-0.00482312124222517,assist,no
5281,0,0,0.0003353500172887733,-8.001679420471191,-0.0016790828667581081,assist,no
5282,0,0,0.00029595722814188495,-8.134038925170898,-0.009039312601089478,assist,no
5283,0,0,0.0007096704202354052,-7.532435894012451,-0.28243592381477356,assist,no
5284,0,0,0.0007096702987102162,-7.3215813636779785,-0.07158122211694717,assist,no
5285,0,0,0.0007096702300220753,-7.883586883544922,-0.6335866451263428,assist,no
5286,0,0,0.04742587452393617,-3.294135332107544,-0.29413536190986633,assist,no
5287,0,0,0.0011695104043089619,-7.0648956298828125,-0.31489574909210205,assist,no
5288,0,0,0.00023050682844797253,-8.555852890014648,-0.18085335195064545,assist,no
5289,0,0,2.144494330815007e-05,-11.002485275268555,-0.2524850368499756,assist,no
5290,0,0,0.00359360332841002,-5.977614879608154,-0.352615088224411,assist,no
5291,0,0,0.0006263341581094201,-7.577873229980469,-0.20287322998046875,assist,no
5292,0,0,0.001700722209038197,-6.850995063781738,-0.47599494457244873,assist,no
5293,0,0,0.001700722158438928,-6.4787750244140625,-0.10377487540245056,assist,no
5294,0,0,0.02033235452992065,-4.466780185699463,-0.5917802453041077,assist,no
5295,0,0,0.00037998450626177614,-7.988614559173584,-0.1136145368218422,assist,No
5296,0,0,0.0006263338969461776,-8.008365631103516,-0.6333652138710022,assist,No
5297,0,0,0.0019267347206380085,-6.600839138031006,-0.35083916783332825,assist,no
5298,0,0,0.0001795280469129474,-8.805307388305664,-0.18030782043933868,assist,no
5299,0,0,0.009708474475791274,-5.021408557891846,-0.396408349275589,assist,no
5300,0,0,0.02595735719779685,-3.9143972396850586,-0.2893972396850586,assist,no
5301,0,0,0.00017952794259982994,-8.906649589538574,-0.2816494405269623,assist,no
5302,0,0,0.000487857122782266,-8.100011825561523,-0.47501182556152344,assist,No
5303,0,0,0.0017007227656302545,-6.764044761657715,-0.38904497027397156,assist,no
5304,0,0,0.0013250224960860068,-7.055720329284668,-0.43072038888931274,assist,no
5305,0,0,0.00043055699154209085,-8.064553260803223,-0.31455305218696594,assist,no
5306,0,0,0.0011695101258020842,-7.274435043334961,-0.5244349241256714,assist,No
5307,0,0,0.00048785706465354084,-7.907151699066162,-0.28215157985687256,assist,no
5308,0,0,0.0017007221078396608,-7.0092291831970215,-0.6342290043830872,assist,no
5309,0,0,0.0008040859835179557,-7.758869171142578,-0.6338692307472229,assist,no
5310,0,0,0.00015843625923119402,-8.893111228942871,-0.1431114822626114,assist,no
5311,0,0,0.0011695100909887293,-7.099941730499268,-0.34994158148765564,assist,No
5312,0,0,0.0010322311596793377,-7.452145099639893,-0.5771452188491821,assist,No
5313,0,0,0.000911051248654057,-7.161767482757568,-0.16176754236221313,assist,No
5314,0,1,0.7057850278370112,-0.47986435890197754,-1.3548643589019775,assist,Yes
5315,0,0,0.0040701374742844335,-6.026700973510742,-0.5267009139060974,assist,No
5316,0,0,0.00026119024127528134,-8.944169044494629,-0.694168746471405,assist,no
5317,0,0,0.0024726233771578993,-6.43139123916626,-0.43139132857322693,assist,No
5318,0,0,0.0004878570210570014,-8.05468463897705,-0.42968443036079407,assist,no
5319,0,0,0.0031726828424851893,-6.276094913482666,-0.526094913482666,assist,no
5320,0,1,0.5926665999540697,-1.0287261009216309,-1.4037261009216309,assist,yes
5321,0,0,0.000626334102145859,-7.577543258666992,-0.20254316926002502,assist,no
5322,0,0,0.0021827165751612514,-6.40908670425415,-0.28408676385879517,assist,no
5323,0,0,0.0002611904241533476,-8.430468559265137,-0.18046896159648895,assist,no
5324,0,0,0.004070137595090279,-5.852245807647705,-0.3522457778453827,assist,No
5325,0,0,0.007577242612510723,-5.512622833251953,-0.6376230120658875,assist,No
5326,0,0,0.00970847848715727,-4.98309850692749,-0.35809871554374695,assist,no
5327,0,0,0.00048785716637881444,-7.907371997833252,-0.2823720872402191,assist,no
5328,0,0,0.0005527785875286599,-7.888031959533691,-0.38803187012672424,assist,No
5329,0,0,0.000430557048056981,-7.764739036560059,-0.0147389592602849,assist,No
5330,0,0,0.00026119033076878715,-8.430398941040039,-0.18039898574352264,assist,no
5331,0,0,0.0010322309752925658,-7.508951663970947,-0.6339516043663025,assist,No
5332,0,0,0.00280092763304364,-6.453362464904785,-0.5783627033233643,assist,no
5333,0,0,9.610237182653504e-05,-9.32043743133545,-0.0704369768500328,assist,no
5334,0,0,0.0010322310751687297,-6.966308116912842,-0.09130815416574478,assist,no
5335,0,0,0.0021827168347934166,-6.601073265075684,-0.4760734438896179,assist,no
5336,0,0,0.20181322226037882,-1.9492982625961304,-0.5742982625961304,assist,no
5337,0,0,0.00010889693598677678,-9.75850772857666,-0.6335079669952393,assist,no
5338,0,0,0.0013250221584116685,-6.630038261413574,-0.0050380658358335495,assist,no
5339,0,0,0.001032231251872736,-7.2637739181518555,-0.3887741267681122,assist,no
5340,0,0,0.01590639031229368,-4.568508148193359,-0.4435080587863922,assist,no
5341,0,0,0.0007096703991005882,-7.351425647735596,-0.1014256477355957,assist,No
5342,0,0,0.00029595702533710103,-8.75837230682373,-0.6333720088005066,assist,no
5343,0,0,0.0003353500705213166,-8.281988143920898,-0.2819879651069641,assist,no
5344,0,0,0.0003353500954984659,-8.180658340454102,-0.1806582361459732,assist,no
5345,0,0,0.0009110510045137297,-7.43054723739624,-0.4305470287799835,assist,no
5346,0,0,0.0003799844581512792,-8.128103256225586,-0.253103107213974,assist,no
5347,0,0,0.0021827165751612514,-6.475686073303223,-0.35068613290786743,assist,No
5348,0,0,0.0009110510858938316,-7.282733917236328,-0.2827337980270386,assist,no
5349,0,0,0.0002305068091315678,-8.389521598815918,-0.014521976932883263,assist,no
5350,0,0,0.0004878570355891808,-7.97477388381958,-0.34977370500564575,assist,no
5351,0,0,0.00015843615831941565,-8.799019813537598,-0.049019429832696915,assist,No
5352,0,0,0.0007096704413702227,-7.827030181884766,-0.5770302414894104,assist,No
5353,0,0,0.0004878571518466312,-8.25830364227295,-0.633303701877594,assist,No
5354,0,0,0.0011695101258020842,-7.327208995819092,-0.5772088766098022,assist,no
5355,0,0,7.484623643230956e-05,-10.023480415344238,-0.5234805345535278,assist,no
5356,0,0,0.0006263342356422789,-7.3856000900268555,-0.010600213892757893,assist,no
5357,0,0,0.0040701374742844335,-5.890417098999023,-0.39041703939437866,assist,No
5358,0,0,0.0007096705470443199,-7.59956693649292,-0.34956714510917664,assist,no
5359,0,0,0.00029595717082747544,-8.351248741149902,-0.22624893486499786,assist,No
5360,0,0,0.000626334204745725,-7.601894855499268,-0.22689493000507355,assist,no
5361,0,0,0.0003353499887211656,-8.016524314880371,-0.01652389205992222,assist,no
5362,0,0,0.0009110512757807642,-7.350034236907959,-0.35003432631492615,assist,no
5363,0,0,0.008577486427457372,-5.279652118682861,-0.5296522378921509,assist,No
5364,0,0,0.0003353501804207875,-8.18062973022461,-0.1806298792362213,assist,no
5365,0,0,0.0004305571390419617,-7.977128028869629,-0.22712816298007965,assist,No
5366,0,0,0.0008040860074623171,-7.554542541503906,-0.4295426309108734,assist,No
5367,0,0,0.0002959570165195049,-8.286153793334961,-0.16115346550941467,assist,no
5368,0,0,0.0006263342886910823,-7.689359188079834,-0.3143593966960907,assist,No
5369,0,0,0.0007096702934265129,-7.679997444152832,-0.4299972951412201,assist,No
5370,0,0,6.60521543274643e-05,-9.643290519714355,-0.01829066313803196,assist,no
5371,0,0,0.0031726828424851893,-6.328453540802002,-0.578453540802002,assist,No
5372,0,0,0.0675466911396291,-3.252547264099121,-0.6275472640991211,assist,no
5373,0,0,0.0002959571840538766,-8.305551528930664,-0.18055176734924316,assist,no
5374,0,0,0.000911051248654057,-7.577832221984863,-0.5778322815895081,assist,No
5375,0,0,0.00043055692741172794,-8.443687438964844,-0.6936870813369751,assist,no
5376,0,0,5.1442189980426586e-05,-10.101090431213379,-0.2260899692773819,assist,no
5377,0,0,0.0002959572193242827,-8.701691627502441,-0.5766919851303101,assist,no
5378,0,0,0.00037998460531281857,-8.508270263671875,-0.6332705020904541,assist,no
5379,0,0,0.0007096705259094992,-7.883701324462891,-0.633701503276825,assist,No
5380,0,0,0.012431651584958318,-4.81594181060791,-0.44094187021255493,assist,no
5381,0,0,0.00020342705079157657,-8.974580764770508,-0.47458112239837646,assist,no
5382,0,0,0.033085978388704126,-3.829015016555786,-0.45401501655578613,assist,No
5383,0,0,0.000430557273715801,-8.138091087341309,-0.3880915343761444,assist,No
5384,0,0,0.003593603008271459,-6.015476703643799,-0.3904768228530884,assist,no
5385,0,0,0.00043055708132461493,-8.326949119567871,-0.5769491195678711,assist,no
5386,0,0,0.00033535015544363186,-8.180768013000488,-0.18076808750629425,assist,no
5387,0,0,0.005911067805510302,-5.705313205718994,-0.5803130269050598,assist,No
5388,0,0,0.00026119021014711256,-8.476107597351074,-0.2261071801185608,assist,no
5389,0,0,0.00010889689643800302,-9.148497581481934,-0.023497456684708595,assist,no
5390,0,0,0.0009110513571608901,-7.2032318115234375,-0.20323199033737183,assist,no
5391,0,0,0.029312233825233916,-3.5371973514556885,-0.03719745948910713,assist,no
5392,0,0,5.144221949102895e-05,-9.975507736206055,-0.10050784796476364,assist,no
5393,0,0,0.0005527786533885804,-7.929570198059082,-0.4295702278614044,assist,no
5394,0,0,2.753568929386631e-05,-10.51423168182373,-0.014231615699827671,assist,no
5395,0,0,0.0005527786533885804,-7.8142781257629395,-0.31427815556526184,assist,No
5396,0,0,2.7535684011222815e-05,-10.511200904846191,-0.011200646869838238,assist,no
5397,0,0,0.0006263341767639418,-7.446411609649658,-0.07141163945198059,assist,no
5398,0,0,0.004609571632403393,-6.0110015869140625,-0.636001467704773,assist,No
5399,0,0,0.009708474225080954,-4.642330169677734,-0.017329934984445572,assist,no
5400,0,0,0.2942149845400438,-1.6820783615112305,-0.8070784211158752,assist,no
5401,0,0,0.0009110510316404296,-7.63360071182251,-0.6336005330085754,assist,No
5402,0,0,0.0006263340461823029,-7.849870681762695,-0.474870502948761,assist,No
5403,0,0,0.00407013783670198,-5.817978382110596,-0.3179784119129181,assist,no
5404,0,0,0.0002959571399658749,-8.204437255859375,-0.07943734526634216,assist,No
5405,0,0,0.010986944249787705,-4.660372734069824,-0.16037288308143616,assist,no
5406,0,0,0.002182716185713063,-6.650216102600098,-0.5252159833908081,assist,No
5407,0,0,0.000552778702783526,-7.849828720092773,-0.349828839302063,assist,no
5408,0,0,0.24508500210441886,-1.8157432079315186,-0.6907431483268738,assist,no
5409,0,0,8.481107979182342e-05,-9.391210556030273,-0.016211004927754402,assist,no
5410,0,0,0.00020342688471970726,-8.503899574279785,-0.0038991153705865145,assist,no
5411,0,0,0.0015011820780507757,-7.133965492248535,-0.6339653730392456,assist,no
5412,0,0,0.0006263341581094201,-8.068833351135254,-0.6938333511352539,assist,no
5413,0,0,0.0004305571839332368,-8.099231719970703,-0.3492319583892822,assist,No
5414,0,0,0.000626334188423018,-7.399152755737305,-0.024152804166078568,assist,no
5415,0,0,0.0015011820333792252,-6.556643962860107,-0.05664381384849548,assist,No
5416,0,0,0.0024726235976810437,-6.476192474365234,-0.4761926531791687,assist,No
5417,0,0,1.892515163005382e-05,-10.908845901489258,-0.03384608030319214,assist,no
5418,0,0,0.005220126003077935,-5.946516513824463,-0.6965165734291077,assist,no
5419,0,0,5.829128607222969e-05,-9.829280853271484,-0.07928120344877243,assist,no
5420,0,0,0.0010322310367548194,-7.304866313934326,-0.42986631393432617,assist,no
5421,0,0,0.0009110509773870306,-7.633734703063965,-0.6337344646453857,assist,no
5422,0,0,0.0013250224172131609,-7.101294994354248,-0.47629499435424805,assist,no
5423,0,0,0.0010322310213892558,-7.0039801597595215,-0.1289801448583603,assist,no
5424,0,0,0.0009110509773870306,-7.577038764953613,-0.5770385265350342,assist,no
5425,0,0,0.0007096703991005882,-7.944523334503174,-0.6945233345031738,assist,no
5426,0,0,0.000804085887740518,-7.702462673187256,-0.5774626135826111,assist,no
5427,0,0,0.00043055692741172794,-8.326763153076172,-0.5767627954483032,assist,no
5428,0,0,0.03732688680867724,-3.4934043884277344,-0.24340437352657318,assist,no
5429,0,0,0.0006263342327275096,-7.850428581237793,-0.4754287004470825,assist,no
5430,0,0,0.00037998439023058795,-8.30440902709961,-0.4294086992740631,assist,no
5431,0,0,0.0002959571487834747,-8.758301734924316,-0.633301854133606,assist,No
5432,0,0,0.0011695102302421558,-7.10032320022583,-0.3503231704235077,assist,no
5433,0,0,0.0007096702511568873,-7.532872200012207,-0.2828719913959503,assist,no
5434,0,0,0.0006263340834913398,-7.689586162567139,-0.3145860433578491,assist,no
5435,0,0,0.0009110511401472368,-7.63365364074707,-0.6336535811424255,assist,no
5436,0,0,0.00037998437891047395,-8.157209396362305,-0.28220903873443604,assist,no
5437,0,0,0.0015011821136484186,-6.507598876953125,-0.007598781492561102,assist,no
5438,0,0,0.00017952788643125331,-8.851024627685547,-0.22602416574954987,assist,no
5439,0,0,0.02297736857193652,-3.9117159843444824,-0.16171592473983765,assist,no
5440,0,0,0.0001795279693467774,-9.201659202575684,-0.5766592025756836,assist,no
5441,0,0,0.04208772791561884,-3.635578155517578,-0.5105781555175781,assist,no
5442,0,0,0.01243165304850344,-4.555811882019043,-0.1808120608329773,assist,no
5443,0,0,0.0003353502753339959,-8.226299285888672,-0.2262997180223465,assist,No
5444,0,0,0.0005527785545987024,-7.849445343017578,-0.3494451940059662,assist,No
5445,0,0,3.535625390272785e-05,-10.270634651184082,-0.020634740591049194,assist,no
5446,0,0,0.00026119031131367456,-8.531821250915527,-0.28182122111320496,assist,no
5447,0,0,0.0002959572457770901,-8.599839210510254,-0.4748396575450897,assist,no
5448,0,0,0.0002305067769375634,-8.601296424865723,-0.22629666328430176,assist,no
5449,0,0,0.24508501313237172,-1.7496421337127686,-0.6246421337127686,assist,no
5450,0,0,0.0008040860912675871,-7.306031227111816,-0.18103142082691193,assist,no
5451,0,0,0.0002611903891341335,-8.637517929077148,-0.3875181972980499,assist,no
5452,0,0,0.007577242612510723,-5.066460132598877,-0.19146031141281128,assist,no
5453,0,0,0.00010889691327158189,-9.406608581542969,-0.28160861134529114,assist,no
5454,0,0,7.484625873656006e-05,-9.929183006286621,-0.4291834235191345,assist,No
5455,0,0,0.0009110511401472368,-7.633971691131592,-0.633971631526947,assist,No
5456,0,0,0.014063624512185754,-4.284886360168457,-0.03488617762923241,assist,no
5457,0,0,0.0019267350071906994,-6.774985313415527,-0.5249854922294617,assist,No
5458,0,0,0.0005527785216687471,-7.782434940338135,-0.28243473172187805,assist,no
5459,0,0,0.00218271670497733,-6.601750373840332,-0.4767504930496216,assist,no
5460,0,0,0.0040701374742844335,-5.890485763549805,-0.3904857039451599,assist,No
5461,0,0,0.00669285072615733,-5.355280876159668,-0.3552808463573456,assist,no
5462,0,0,0.00150118227907277,-6.662684917449951,-0.16268493235111237,assist,no
5463,0,0,0.0002034269538097556,-9.076882362365723,-0.5768822431564331,assist,no
5464,0,0,0.0028009266341596987,-6.509736061096191,-0.6347359418869019,assist,no
5465,0,0,0.002800927341702454,-6.10368537902832,-0.22868551313877106,assist,No
5466,0,0,0.00013982206236680245,-8.884940147399902,-0.009940052404999733,assist,no
5467,0,0,0.0007096705259094992,-7.826964855194092,-0.5769650340080261,assist,no
5468,0,0,0.00043055728654188313,-8.064329147338867,-0.3143296241760254,assist,No
5469,0,0,0.0017007227150309691,-6.851003170013428,-0.47600334882736206,assist,no
5470,0,0,0.02931222820745785,-3.765810489654541,-0.26581040024757385,assist,no
5471,0,0,1.6701418986131564e-05,-11.062158584594727,-0.06215841323137283,assist,no
5472,0,0,0.001700722209038197,-6.658299922943115,-0.2832998037338257,assist,No
5473,0,0,6.605214510069507e-05,-9.631810188293457,-0.00681019201874733,assist,no
5474,0,0,0.00010889696194700532,-9.238618850708008,-0.11361932754516602,assist,no
5475,0,0,0.00037998450343174674,-8.157689094543457,-0.28268906474113464,assist,no
5476,0,0,0.0004305572095853961,-8.384326934814453,-0.634327232837677,assist,no
5477,0,0,0.0035936027948457686,-6.321050643920898,-0.6960507035255432,assist,no
5478,0,0,0.0015011825247663551,-6.602882385253906,-0.10288256406784058,assist,no
5479,0,0,6.605213501276218e-05,-10.012321472167969,-0.3873213231563568,assist,no
5480,0,0,0.001926734204843272,-6.775271415710449,-0.5252711772918701,assist,No
5481,0,0,1.670142359016023e-05,-11.201700210571289,-0.20170031487941742,assist,no
5482,0,0,0.0006263340834913398,-7.805034637451172,-0.4300345182418823,assist,no
5483,0,0,0.0010322311596793377,-7.351017475128174,-0.4760175943374634,assist,No
5484,0,0,0.0009110512215273508,-7.128767490386963,-0.12876752018928528,assist,no
5485,0,0,0.008577485920584663,-5.231768608093262,-0.4817686676979065,assist,no
5486,0,0,0.02931222820745785,-3.70809006690979,-0.20808997750282288,assist,no
5487,0,0,0.0004305571326289228,-8.032052040100098,-0.2820521593093872,assist,no
5488,0,0,0.025957354937269386,-3.89009690284729,-0.2650968134403229,assist,no
5489,0,0,0.00020342688145225525,-8.507938385009766,-0.007937910035252571,assist,no
5490,0,0,0.0007096704625050409,-7.564774036407471,-0.31477412581443787,assist,no
5491,0,0,0.0008040857919630916,-7.600157260894775,-0.47515708208084106,assist,No
5492,0,0,0.03308598220236406,-3.923725128173828,-0.5487252473831177,assist,no
5493,0,0,0.00020342696290179938,-8.600790023803711,-0.10078994929790497,assist,no
5494,0,0,0.0028009273000822866,-6.510013103485107,-0.635013222694397,assist,No
5495,0,0,0.0006263338969461776,-8.06906509399414,-0.6940646767616272,assist,no
5496,0,0,0.001032230913830316,-7.304719924926758,-0.42971980571746826,assist,no
5497,0,0,0.0008040858398518034,-7.702085494995117,-0.5770853757858276,assist,No
5498,0,0,0.00010889689055639171,-9.40650463104248,-0.28150445222854614,assist,no
5499,0,0,0.0031726825597252145,-6.139881134033203,-0.38988104462623596,assist,no
5500,0,0,0.004609571769146091,-5.543652534484863,-0.16865244507789612,assist,no
5501,0,0,0.000804085815907447,-7.513195037841797,-0.38819488883018494,assist,no
5502,0,0,0.0005527785628311917,-7.628272533416748,-0.1282723993062973,assist,no
5503,0,0,0.000804086031406679,-7.378128528594971,-0.25312864780426025,assist,no
5504,0,0,0.0011695104739356916,-7.274606227874756,-0.5246064066886902,assist,no
5505,0,0,0.0009110512757807642,-7.349694728851318,-0.3496948182582855,assist,No
5506,0,0,0.00012339453921632562,-9.42955207824707,-0.42955178022384644,assist,no
5507,0,0,0.0004878571518466312,-7.9072113037109375,-0.2822113633155823,assist,no
5508,0,0,0.00037998442419093204,-8.055685043334961,-0.18068480491638184,assist,no
5509,0,0,0.0013250221805946513,-7.1007561683654785,-0.4757559895515442,assist,no
5510,0,0,0.0013250226143952844,-6.975203514099121,-0.35020366311073303,assist,No
5511,0,0,0.005220125693558397,-5.728830814361572,-0.47883081436157227,assist,no
5512,0,0,0.00029595717523627575,-8.377578735351562,-0.2525789439678192,assist,no
5513,0,0,0.000626334102145859,-7.689404487609863,-0.3144043982028961,assist,No
5514,0,0,0.0002959572193242827,-8.701943397521973,-0.5769437551498413,assist,no
5515,0,0,0.004609571427289355,-5.5809478759765625,-0.20594771206378937,assist,No
5516,0,0,0.0011695104913423747,-6.931552410125732,-0.18155260384082794,assist,No
5517,0,0,0.0006263340834913398,-7.898998737335205,-0.5239986181259155,assist,no
5518,0,0,3.53562370441523e-05,-10.564251899719238,-0.31425151228904724,assist,no
5519,0,0,6.60521389495163e-05,-9.974181175231934,-0.34918108582496643,assist,no
5520,0,0,0.000335350150448201,-8.388087272644043,-0.38808733224868774,assist,no
5521,0,0,0.00017952795062391375,-8.738506317138672,-0.11350621283054352,assist,no
5522,0,0,0.004070138289723957,-5.554474830627441,-0.05447497218847275,assist,no
5523,0,0,0.0013250225355224317,-7.0132927894592285,-0.3882928788661957,assist,no
5524,0,0,0.0035936025814200896,-6.204136848449707,-0.579136848449707,assist,No
5525,0,0,0.0011695099865486702,-7.327694892883301,-0.5776946544647217,assist,No
5526,0,0,0.001325022510258472,-6.629639148712158,-0.004639219027012587,assist,no
5527,0,0,0.0007096705047746792,-7.680252552032471,-0.43025270104408264,assist,no
5528,0,0,0.0009110510858938316,-7.475549697875977,-0.475549578666687,assist,no
5529,0,0,0.00033535000058530843,-8.180484771728516,-0.18048438429832458,assist,no
5530,0,0,0.004070137957507836,-5.932534694671631,-0.43253475427627563,assist,No
5531,0,0,0.0011695100213620223,-6.931994915008545,-0.1819947063922882,assist,no
5532,0,0,0.0002611903268777645,-8.411130905151367,-0.16113093495368958,assist,no
5533,0,0,0.0002611902140381334,-8.430658340454102,-0.18065793812274933,assist,no
5534,0,0,0.0002959572193242827,-8.268471717834473,-0.1434720754623413,assist,no
5535,0,0,0.00026119035022390116,-8.679618835449219,-0.4296189546585083,assist,No
5536,0,0,0.000552778702783526,-7.975511074066162,-0.47551119327545166,assist,no
5537,0,0,0.00017952801214190153,-9.012853622436523,-0.38785386085510254,assist,no
5538,0,0,0.0004878572390397371,-8.20146369934082,-0.5764639377593994,assist,no
5539,0,0,0.00013982211731173463,-9.127415657043457,-0.2524159550666809,assist,no
5540,0,0,0.0002305067546163897,-8.445713996887207,-0.07071413844823837,assist,no
5541,0,0,0.00043055703633314686,-7.753647804260254,-0.0036476997192949057,assist,no
5542,0,1,0.679178699175393,-0.6262212991714478,-1.3762212991714478,assist,Yes
5543,0,0,0.0013250221411582371,-7.055453777313232,-0.4304535686969757,assist,no
5544,0,0,0.0010322311596793377,-7.399313449859619,-0.5243135690689087,assist,No
5545,0,0,0.0021827166725233095,-6.287653923034668,-0.16265402734279633,assist,No
5546,0,0,0.4378234991142019,-1.2809691429138184,-1.0309691429138184,assist,no
5547,0,0,0.0007096704836398597,-7.299895763397217,-0.04989588260650635,assist,No
5548,0,0,0.0010322312211416022,-7.452253341674805,-0.577253520488739,assist,no
5549,0,0,0.0002959569988843134,-8.37773323059082,-0.2527328431606293,assist,no
5550,0,0,0.0005527787192485087,-7.726470470428467,-0.22647061944007874,assist,no
5551,0,0,7.484621022482374e-05,-9.54324722290039,-0.04324699193239212,assist,No
5552,0,0,0.0005527786204586191,-7.930161476135254,-0.4301614463329315,assist,no
5553,0,0,0.005911068856243796,-5.705881595611572,-0.5808815956115723,assist,No
5554,0,0,0.0019267346633274755,-6.827597618103027,-0.5775976181030273,assist,No
5555,0,0,0.0011695104043089619,-7.274490833282471,-0.5244909524917603,assist,No
5556,0,0,0.04742587452393617,-3.096614122390747,-0.09661415219306946,assist,no
5557,0,0,0.0017007226138324027,-7.009222507476807,-0.6342226266860962,assist,No
5558,0,0,0.46879062662624377,-1.163538932800293,-1.038538932800293,assist,no
5559,0,0,0.0002611903083954078,-8.293543815612793,-0.043543774634599686,assist,no
5560,0,0,0.0035936021545687705,-5.942256450653076,-0.3172563314437866,assist,no
5561,0,0,0.0019267346633274755,-6.884655475616455,-0.6346554756164551,assist,no
5562,0,0,0.0006263340088732682,-7.762864112854004,-0.3878638744354248,assist,no
5563,0,0,0.0006263340368550441,-7.6019182205200195,-0.226918026804924,assist,no
5564,0,0,0.00013982203710776503,-8.975872993469238,-0.1008727177977562,assist,no
5565,0,0,0.0028009270503612984,-6.3519463539123535,-0.4769463837146759,assist,no
5566,0,0,0.0007096704413702227,-7.943938255310059,-0.6939383149147034,assist,no
5567,0,0,0.0035936021545687705,-6.102912425994873,-0.4779123067855835,assist,no
5568,0,0,0.0003799844694713956,-8.508488655090332,-0.6334885358810425,assist,no
5569,0,0,0.0006263340834913398,-7.8992133140563965,-0.5242131948471069,assist,no
5570,0,0,0.5,-1.1944290399551392,-1.1944290399551392,assist,no
5571,0,0,0.0015011825247663551,-7.0782880783081055,-0.5782882571220398,assist,no
5572,0,0,0.24508501313237172,-1.6567974090576172,-0.5317974090576172,assist,no
5573,0,0,0.0002959572193242827,-8.252902030944824,-0.12790238857269287,assist,no
5574,0,0,0.001700722284937103,-6.6025614738464355,-0.22756139934062958,assist,No
5575,0,0,0.0017007221078396608,-6.899815082550049,-0.5248149037361145,assist,no
5576,0,0,0.00023050673572924443,-8.724151611328125,-0.3491516709327698,assist,No
5577,0,0,0.00029595706722068633,-8.141508102416992,-0.016507945954799652,assist,no
5578,0,0,0.0010322311596793377,-7.304941654205322,-0.4299417734146118,assist,no
5579,0,0,0.000804086031406679,-7.327465057373047,-0.20246517658233643,assist,No
5580,0,0,0.000487856991992644,-8.100461959838867,-0.4754616916179657,assist,No
5581,0,0,0.0008040857440743825,-7.758739471435547,-0.6337392330169678,assist,no
5582,0,0,6.605212910763146e-05,-10.012124061584473,-0.38712382316589355,assist,no
5583,0,0,0.004070137232672753,-6.0795488357543945,-0.579548716545105,assist,no
5584,0,0,0.001325022195383307,-6.6567840576171875,-0.03178388997912407,assist,no
5585,0,0,0.0009110511808372929,-7.181313991546631,-0.18131397664546967,assist,no
5586,0,0,0.0019267348639143487,-6.43196439743042,-0.18196450173854828,assist,No
5587,0,0,0.0008040860792954051,-7.649458408355713,-0.5244585871696472,assist,No
5588,0,0,0.0019267347206380085,-6.639111518859863,-0.38911154866218567,assist,No
5589,0,0,0.0019267342621537913,-6.601247310638428,-0.351247102022171,assist,no
5590,0,0,5.422218762974071e-06,-12.13754940032959,-0.012549362145364285,assist,no
5591,0,0,0.0010322311596793377,-7.508874893188477,-0.6338750123977661,assist,no
5592,0,0,0.0017007226138324027,-6.6579270362854,-0.28292715549468994,assist,No
5593,0,0,0.0015011826141094868,-6.814855575561523,-0.31485581398010254,assist,No
5594,0,0,5.8291244815776444e-05,-9.930241584777832,-0.18024122714996338,assist,no
5595,0,0,0.00017952788910594706,-8.752440452575684,-0.12744000554084778,assist,no
5596,0,0,0.00015843628047578715,-8.975961685180664,-0.2259620726108551,assist,no
5597,0,0,0.22270013882530884,-1.6416170597076416,-0.3916170597076416,assist,no
5598,0,0,0.0035936027948457686,-5.941545009613037,-0.3165450692176819,assist,No
5599,0,0,0.2942149597859341,-1.5475571155548096,-0.6725570559501648,assist,no
5600,0,0,0.00013982206314800983,-9.156591415405273,-0.2815913259983063,assist,No
5601,0,0,0.0007096703356961413,-7.452826499938965,-0.20282641053199768,assist,no
5602,0,0,0.001501182145058104,-6.681898593902588,-0.18189851939678192,assist,no
5603,0,0,0.0004305571198028453,-7.9765472412109375,-0.22654733061790466,assist,no
5604,0,0,0.00015843620021845033,-9.179222106933594,-0.4292219877243042,assist,no
5605,0,0,0.0003799845317320417,-8.03636646270752,-0.1613665074110031,assist,no
5606,0,0,0.0009110510994571826,-7.1284637451171875,-0.12846364080905914,assist,No
5607,0,0,0.0003353502803294287,-8.252631187438965,-0.25263163447380066,assist,no
5608,0,0,0.0005527786698535617,-8.076796531677246,-0.5767965912818909,assist,No
5609,0,0,0.0015011819217003541,-6.591690540313721,-0.0916903167963028,assist,no
5610,0,0,0.0004305570043681645,-8.064237594604492,-0.31423741579055786,assist,no
5611,0,0,0.00023050670825703587,-9.069040298461914,-0.6940402388572693,assist,no
5612,0,0,0.0002034270326074816,-8.627604484558105,-0.12760475277900696,assist,no
5613,0,0,0.007577240371427665,-5.512802600860596,-0.6378024816513062,assist,No
5614,0,0,0.0009110513029074721,-7.314381122589111,-0.3143812417984009,assist,no
5615,0,0,0.00037998440155070234,-8.451717376708984,-0.5767170786857605,assist,no
5616,0,0,0.009708476768000214,-4.820585250854492,-0.19558528065681458,assist,no
5617,0,0,0.0006263343446546602,-8.008927345275879,-0.6339276432991028,assist,no
5618,0,0,0.0002611903891341335,-8.599063873291016,-0.3490641415119171,assist,No
5619,0,0,0.0008040857440743825,-7.759312629699707,-0.6343123912811279,assist,No
5620,0,0,4.0063685662519986e-05,-10.252018928527832,-0.1270187646150589,assist,no
5621,0,0,0.0011695102650555148,-7.327726364135742,-0.5777263641357422,assist,No
5622,0,0,0.00522012654473717,-5.458863735198975,-0.20886389911174774,assist,no
5623,0,0,0.0059110695567328965,-5.705761432647705,-0.5807615518569946,assist,no
5624,0,0,0.009708477735026021,-4.670603275299072,-0.04560340568423271,assist,no
5625,0,0,0.002800926384438769,-6.190765380859375,-0.3157651722431183,assist,No
5626,0,0,0.00023050674259729705,-8.724100112915039,-0.3491002023220062,assist,No
5627,0,0,0.0005527787274810003,-7.681153297424316,-0.18115346133708954,assist,no
5628,0,0,0.005911068155754778,-5.8221940994262695,-0.69719398021698,assist,no
5629,0,0,0.000804085815907447,-7.378200054168701,-0.25319990515708923,assist,no
5630,0,0,0.000487857180910998,-7.97465705871582,-0.34965717792510986,assist,no
5631,0,0,0.00013982205064869173,-9.349591255187988,-0.47459107637405396,assist,no
5632,0,0,0.001032230913830316,-7.509411334991455,-0.6344112157821655,assist,No
5633,0,0,0.09534947004048376,-2.853355884552002,-0.6033559441566467,assist,no
5634,0,0,9.610242981847464e-05,-9.39309024810791,-0.1430903971195221,assist,no
5635,0,0,0.0003353501104847565,-8.52432632446289,-0.5243262648582458,assist,No
5636,0,0,0.00013982207564732912,-9.39852237701416,-0.5235223770141602,assist,no
5637,0,0,0.0007096704202354052,-7.430725574493408,-0.1807256042957306,assist,No
5638,0,0,0.0004878570501213606,-8.100363731384277,-0.4753635823726654,assist,no
5639,0,0,0.0021827167698853724,-6.514315605163574,-0.38931575417518616,assist,no
5640,0,0,0.0005527787357134919,-7.782573699951172,-0.2825738787651062,assist,no
5641,0,0,0.0010322308830991924,-7.019471645355225,-0.14447149634361267,assist,no
5642,0,0,0.0011695102128354764,-6.931725025177002,-0.18172498047351837,assist,no
5643,0,0,0.03308598029553404,-3.7596004009246826,-0.3846004605293274,assist,no
5644,0,0,0.00010889695302317609,-9.23849868774414,-0.11349908262491226,assist,No
5645,0,0,0.0011695101258020842,-7.180465221405029,-0.43046510219573975,assist,no
5646,0,0,0.0007096702934265129,-7.679927825927734,-0.42992767691612244,assist,No
5647,0,0,0.0002959571311482753,-8.599881172180176,-0.47488123178482056,assist,no
5648,0,0,0.0019267345487064141,-6.50408411026001,-0.254084050655365,assist,No
5649,0,0,0.00029595707824268345,-8.439374923706055,-0.31437480449676514,assist,no
5650,0,0,0.0021827160558970152,-6.65075159072876,-0.5257514119148254,assist,No
5651,0,0,9.610236967868607e-05,-9.393255233764648,-0.14325475692749023,assist,no
5652,0,0,0.0009110509909503801,-7.144492149353027,-0.14449192583560944,assist,no
5653,0,0,0.00026119035022390116,-8.773858070373535,-0.5238581895828247,assist,No
5654,0,0,0.0006263340834913398,-7.850643634796143,-0.475643515586853,assist,no
5655,0,0,0.0002305067185591137,-8.50253677368164,-0.12753675878047943,assist,no
5656,0,0,0.001700722209038197,-6.851492404937744,-0.4764922857284546,assist,no
5657,0,0,0.00218271696460951,-6.556351661682129,-0.431351900100708,assist,no
5658,0,0,0.00037998446381133736,-8.055577278137207,-0.1805771440267563,assist,no
5659,0,0,0.0002959572193242827,-8.351410865783691,-0.22641122341156006,assist,no
5660,0,0,0.0028009264676790765,-6.351468086242676,-0.47646790742874146,assist,No
5661,0,0,0.00043055726088971926,-8.17983341217041,-0.4298338294029236,assist,no
5662,0,0,0.001032230929195878,-7.018795490264893,-0.14379538595676422,assist,No
5663,0,0,0.0004305568889335148,-8.224943161010742,-0.47494271397590637,assist,No
5664,0,0,0.0007096705417606146,-7.277285575866699,-0.027285777032375336,assist,No
5665,0,0,0.0008040858518239816,-7.269220352172852,-0.1442202478647232,assist,no
5666,0,0,0.004609573136573289,-5.7287068367004395,-0.35370704531669617,assist,no
5667,0,0,0.0011695101954287976,-7.03306770324707,-0.28306764364242554,assist,no
5668,0,0,0.0004878570210570014,-7.753253936767578,-0.1282537281513214,assist,No
5669,0,0,0.004070137323277132,-5.560201644897461,-0.06020154803991318,assist,no
5670,0,0,0.017986213120429816,-4.489710807800293,-0.4897109866142273,assist,no
5671,0,0,0.0004305569851290541,-7.830225944519043,-0.08022572100162506,assist,no
5672,0,0,0.0005527786698535617,-7.975210189819336,-0.4752102494239807,assist,no
5673,0,0,0.0003353500505395985,-8.387763023376465,-0.38776278495788574,assist,no
5674,0,0,1.1478769244218131e-05,-11.37862491607666,-0.0036250133998692036,assist,no
5675,0,0,0.006692852113050128,-5.435616493225098,-0.435616672039032,assist,no
5676,0,0,0.0004305570684985389,-8.179839134216309,-0.4298391044139862,assist,no
5677,0,0,0.0035936025814200896,-6.320999622344971,-0.6959996223449707,assist,no
5678,0,0,0.0007096705259094992,-7.827006816864014,-0.577006995677948,assist,No
5679,0,0,0.004070137293075673,-5.631117343902588,-0.13111723959445953,assist,No
5680,0,0,0.000709670377965772,-7.6798906326293945,-0.42989060282707214,assist,No
5681,0,0,0.0011695101258020842,-7.444455146789551,-0.6944550275802612,assist,no
5682,0,0,0.37754066879814546,-1.4892616271972656,-0.9892616271972656,assist,no
5683,0,0,0.00012339459620968476,-9.20217514038086,-0.2021753042936325,assist,No
5684,0,0,0.0005527787192485087,-7.680965423583984,-0.1809655725955963,assist,no
5685,0,0,0.000804085887740518,-7.649418354034424,-0.524418294429779,assist,No
5686,0,0,0.0017007225126338423,-6.80562162399292,-0.4306216835975647,assist,No
5687,0,0,0.0008040860074623171,-7.439751148223877,-0.3147512376308441,assist,no
5688,0,0,0.0006263341394548992,-7.502861499786377,-0.12786146998405457,assist,No
5689,0,0,0.0008040861122189059,-7.18113374710083,-0.05613396689295769,assist,no
5690,0,0,0.0004878569483961112,-8.148765563964844,-0.5237652063369751,assist,no
5691,0,0,0.0005527788674333762,-8.133386611938477,-0.63338702917099,assist,no
5692,0,0,0.005220125074519377,-5.38212251663208,-0.13212239742279053,assist,No
5693,0,0,0.00043055714545500067,-8.064233779907227,-0.3142339289188385,assist,No
5694,0,0,0.0006263340461823029,-7.689409255981445,-0.314409077167511,assist,no
5695,0,0,0.04742587587030561,-3.6650073528289795,-0.6650074124336243,assist,No
5696,0,0,0.0002034269295643076,-9.076536178588867,-0.5765359401702881,assist,no
5697,0,0,0.0005527786780860526,-7.681158065795898,-0.1811581403017044,assist,no
5698,0,0,0.0006263340275277853,-7.76304817199707,-0.3880479633808136,assist,No
5699,0,0,0.03732688948593843,-3.638507843017578,-0.3885079026222229,assist,no
5700,0,0,0.000709670367398364,-7.431016445159912,-0.18101640045642853,assist,No
5701,0,0,0.00029595705619868965,-8.286219596862793,-0.16121940314769745,assist,no
5702,0,0,0.0028009265509193865,-6.080523490905762,-0.20552334189414978,assist,no
5703,0,0,0.008577483639657844,-5.145614147186279,-0.3956139385700226,assist,no
5704,0,0,0.001700722436734926,-6.379305839538574,-0.004305854439735413,assist,no
5705,0,0,0.0005527787192485087,-7.930293560028076,-0.4302937090396881,assist,no
5706,0,0,0.00015843615300827117,-9.099288940429688,-0.3492885231971741,assist,no
5707,0,0,0.0019267344340853601,-6.8277153968811035,-0.577715277671814,assist,No
5708,0,0,0.0008040859595735953,-7.252980709075928,-0.12798073887825012,assist,No
5709,0,0,0.00010889694572186178,-9.512772560119629,-0.38777288794517517,assist,no
5710,0,0,0.006692850924284856,-5.479996204376221,-0.4799962043762207,assist,no
5711,0,0,0.004609572726345088,-5.955038070678711,-0.5800381898880005,assist,no
5712,0,0,0.000335350100493896,-8.113687515258789,-0.1136874258518219,assist,no
5713,0,0,0.037326887344129464,-3.751314640045166,-0.501314640045166,assist,No
5714,0,0,0.0011695101954287976,-7.225165843963623,-0.47516578435897827,assist,No
5715,0,0,0.00023050670997404877,-8.437658309936523,-0.06265825778245926,assist,no
5716,0,0,0.0011695100561753752,-7.06484842300415,-0.31484824419021606,assist,no
5717,0,0,0.5,-1.1337852478027344,-1.1337852478027344,assist,no
5718,0,0,0.0002611903969161807,-8.88388729095459,-0.6338875889778137,assist,no
5719,0,0,0.060086655644158424,-2.8626930713653564,-0.1126931682229042,assist,no
5720,0,0,0.0005527786698535617,-7.782654762268066,-0.2826548218727112,assist,No
5721,0,0,0.00048785732623285867,-8.25871467590332,-0.6337150931358337,assist,no
5722,0,0,0.01406362890279984,-4.451142311096191,-0.20114244520664215,assist,no
5723,0,0,0.002800926967120973,-6.570550441741943,-0.6955504417419434,assist,no
5724,0,0,0.00359360194114313,-6.203682899475098,-0.5786827206611633,assist,no
5725,0,0,0.0007096702934265129,-7.725970268249512,-0.4759701192378998,assist,no
5726,0,0,9.61024498650792e-05,-9.773541450500488,-0.5235418081283569,assist,no
5727,0,0,4.006369222920725e-05,-10.133694648742676,-0.008694648742675781,assist,no
5728,0,0,0.0011695100039553462,-6.93160343170166,-0.18160320818424225,assist,no
5729,0,0,0.0021827168347934166,-6.703369617462158,-0.5783697962760925,assist,no
5730,0,0,0.09534945975773548,-2.7379744052886963,-0.4879743456840515,assist,no
5731,0,0,0.00010889693193049163,-9.225568771362305,-0.1005689725279808,assist,no
5732,0,0,0.00026119037928498044,-8.256266593933105,-0.006266824435442686,assist,no
5733,0,0,9.610239258907726e-05,-9.724516868591309,-0.4745166301727295,assist,no
5734,0,0,0.0001795279479492191,-9.054069519042969,-0.4290693998336792,assist,No
5735,0,0,0.0013250226538317129,-6.975405693054199,-0.35040587186813354,assist,no
5736,0,0,0.000804086019434498,-7.3065361976623535,-0.18153630197048187,assist,no
5737,0,0,0.0009110510994571826,-7.114457130432129,-0.11445702612400055,assist,no
5738,0,0,0.0046095710854326425,-5.95468807220459,-0.5796878337860107,assist,No
5739,0,0,0.07585817584273653,-2.86022686958313,-0.3602268099784851,assist,no
5740,0,0,0.0010322309445614404,-7.190048694610596,-0.31504860520362854,assist,No
5741,0,0,0.00055277874806223,-7.613629341125488,-0.1136295422911644,assist,No
5742,0,0,0.0002611901965285399,-8.312583923339844,-0.06258345395326614,assist,No
5743,0,0,0.00033535026284541437,-8.089842796325684,-0.08984319120645523,assist,no
5744,0,0,0.06754669864792355,-3.3047103881835938,-0.6797105073928833,assist,No
5745,0,0,0.0015011824354232285,-6.930793285369873,-0.4307934045791626,assist,no
5746,0,0,0.22270013882530884,-1.8366342782974243,-0.5866342782974243,assist,no
5747,0,0,0.002472622862603971,-6.35115909576416,-0.3511589765548706,assist,No
5748,0,0,0.0011695100561753752,-7.327476501464844,-0.5774763226509094,assist,no
5749,0,0,0.18242550602671442,-2.0218405723571777,-0.5218404531478882,assist,no
5750,0,0,0.005220125074519377,-5.947023868560791,-0.6970237493515015,assist,no
5751,0,0,0.0006263342327275096,-7.628201007843018,-0.25320112705230713,assist,no
5752,0,0,0.0002305066292744544,-8.555596351623535,-0.18059594929218292,assist,No
5753,0,0,0.0007096702722916998,-7.564515113830566,-0.3145149350166321,assist,No
5754,0,0,0.0004305571326289228,-8.326809883117676,-0.5768100023269653,assist,no
5755,0,0,0.00017952804958764354,-8.87778091430664,-0.25278136134147644,assist,no
5756,0,0,0.0006263341581094201,-7.601710796356201,-0.22671079635620117,assist,no
5757,0,0,0.010986944897465581,-4.983092784881592,-0.4830929934978485,assist,no
5758,0,0,0.0021827161208050378,-6.440881729125977,-0.3158815801143646,assist,no
5759,0,0,0.0001795280388888593,-8.973956108093262,-0.34895649552345276,assist,no
5760,0,0,0.0003799846958737941,-8.451690673828125,-0.5766911506652832,assist,no
5761,0,0,0.005911067805510302,-5.762011528015137,-0.6370113492012024,assist,no
5762,0,0,0.0015011821227223277,-6.930351734161377,-0.4303516447544098,assist,no
5763,0,0,0.0004305571061751382,-7.76663064956665,-0.016630707308650017,assist,no
5764,0,0,0.0015011821227223277,-6.645648002624512,-0.14564791321754456,assist,no
5765,0,0,0.00048785731170067066,-8.054405212402344,-0.4294055998325348,assist,no
5766,0,0,0.0007096702934265129,-7.638180732727051,-0.38818058371543884,assist,no
5767,0,0,0.009708477448499847,-4.637604236602783,-0.012604337185621262,assist,no
5768,0,0,0.0005527786533885804,-7.753159999847412,-0.2531600296497345,assist,no
5769,0,0,0.0035936029815932477,-5.643343925476074,-0.018344037234783173,assist,no
5770,0,0,0.0006263341954184638,-7.689577102661133,-0.3145771622657776,assist,no
5771,0,0,0.0015011822567369915,-7.134279251098633,-0.6342792510986328,assist,no
5772,0,0,0.0009110512215273508,-7.080790042877197,-0.08079007267951965,assist,no
5773,0,0,0.0017007225379334816,-6.504098892211914,-0.12909896671772003,assist,No
5774,0,0,0.0004305570195991276,-7.780363082885742,-0.030362939462065697,assist,No
5775,0,0,0.0006263342327275096,-7.899145603179932,-0.5241457223892212,assist,No
5776,0,0,0.0007096704413702227,-7.476469039916992,-0.22646909952163696,assist,No
5777,0,0,0.0011695102998688749,-7.064671039581299,-0.3146710693836212,assist,No
5778,0,0,0.0017007225126338423,-7.009387016296387,-0.6343870759010315,assist,No
5779,0,0,0.002800926800640331,-6.5705246925354,-0.6955246329307556,assist,no
5780,0,0,0.00043055708132461493,-8.274571418762207,-0.524571418762207,assist,no
5781,0,0,0.00669285191492257,-5.190087795257568,-0.1900879442691803,assist,no
5782,0,0,0.02033235096813516,-4.466566562652588,-0.5915664434432983,assist,no
5783,0,0,0.0011695102476488354,-6.912747859954834,-0.1627478450536728,assist,no
5784,0,0,0.02931223287127187,-3.6630780696868896,-0.16307814419269562,assist,no
5785,0,0,0.004070137715896127,-6.079689979553223,-0.5796899795532227,assist,No
5786,0,0,0.0009110510316404296,-7.633721828460693,-0.633721649646759,assist,no
5787,0,0,0.006692852113050128,-5.637102127075195,-0.6371023058891296,assist,No
5788,0,0,0.04742587317756679,-3.2558939456939697,-0.2558939456939697,assist,no
5789,0,0,0.00043055708132461493,-8.383478164672852,-0.6334781646728516,assist,no
5790,0,0,0.0019267345487064141,-6.827695369720459,-0.5776953101158142,assist,No
5791,0,0,0.0019267350071906994,-6.8845295906066895,-0.6345297694206238,assist,No
5792,0,0,0.00037998442419093204,-8.12764835357666,-0.25264811515808105,assist,No
5793,0,0,0.0008040857620326481,-7.188090801239014,-0.06309058517217636,assist,No
5794,0,0,0.020332352749027827,-4.246344089508057,-0.37134405970573425,assist,no
5795,0,0,0.00023050674946534992,-8.627762794494629,-0.25276291370391846,assist,no
5796,0,0,0.1480472055495773,-2.3281466960906982,-0.578146755695343,assist,no
5797,0,0,5.829125263278639e-05,-9.770684242248535,-0.02068401873111725,assist,no
5798,0,0,0.0028009264676790765,-6.570401668548584,-0.6954014897346497,assist,no
5799,0,0,0.00048785725357192297,-8.012761116027832,-0.3877613842487335,assist,no
5800,0,0,0.0007096704202354052,-7.599698066711426,-0.34969809651374817,assist,No
5801,0,0,0.0004305571166965297,-7.752199649810791,-0.0021997320000082254,assist,no
5802,0,0,0.00033535025035683324,-8.429422378540039,-0.4294227361679077,assist,no
5803,0,0,0.00043055691458565646,-8.099414825439453,-0.3494144380092621,assist,no
5804,0,0,0.0010322310367548194,-7.452071666717529,-0.5770716667175293,assist,No
5805,0,0,0.0007096705047746792,-7.638351917266846,-0.38835206627845764,assist,no
5806,0,0,0.0011695101954287976,-7.138772010803223,-0.3887719511985779,assist,no
5807,0,0,0.0007096703991005882,-7.532381534576416,-0.282381534576416,assist,no
5808,0,0,0.0009110511944006454,-7.633928298950195,-0.6339282989501953,assist,no
5809,0,0,0.0004305571518680399,-7.893507957458496,-0.14350812137126923,assist,no
5810,0,0,0.01243164865786858,-4.733691692352295,-0.3586915135383606,assist,No
5811,0,0,0.000379984582672578,-8.262642860412598,-0.387643039226532,assist,no
5812,0,0,0.0011695102302421558,-7.099849700927734,-0.349849671125412,assist,no
5813,0,0,0.0009110513300341806,-7.161924362182617,-0.16192451119422913,assist,No
5814,0,0,0.0009110511944006454,-7.3883442878723145,-0.38834428787231445,assist,No
5815,0,0,0.0035936021545687705,-5.942456245422363,-0.31745612621307373,assist,no
5816,0,0,0.03308598029553404,-3.8784477710723877,-0.5034478306770325,assist,no
5817,0,0,0.00033535002930902433,-8.055845260620117,-0.05584495887160301,assist,no
5818,0,0,0.0008040860792954051,-7.758870601654053,-0.6338707804679871,assist,no
5819,0,0,0.008577485920584663,-5.33275032043457,-0.5827503800392151,assist,no
5820,0,0,0.00029595722814188495,-8.438968658447266,-0.31396904587745667,assist,no
5821,0,0,0.0006263341954184638,-7.47624397277832,-0.10124403238296509,assist,No
5822,0,0,0.0021827163155291175,-6.759533405303955,-0.6345333456993103,assist,no
5823,0,0,0.004070137595090279,-5.786150932312012,-0.28615090250968933,assist,no
5824,0,0,0.46879062662624377,-0.982626736164093,-0.857626736164093,assist,No
5825,0,0,0.02297737003547147,-3.774061679840088,-0.02406168542802334,assist,no
5826,0,0,0.01798620890931226,-4.53843879699707,-0.5384387373924255,assist,no
5827,0,0,0.0008040861032397692,-7.351938247680664,-0.22693845629692078,assist,no
5828,0,0,5.144223520447346e-05,-10.188896179199219,-0.3138965964317322,assist,no
5829,0,0,0.002182716185713063,-6.650407314300537,-0.5254071950912476,assist,no
5830,0,0,0.0024726234506656126,-6.577872276306152,-0.5778723955154419,assist,No
5831,0,0,0.0024726235976810437,-6.6348185539245605,-0.6348187327384949,assist,No
5832,0,0,0.0010322311904104695,-7.225022315979004,-0.35002246499061584,assist,no
5833,0,0,0.0009110511944006454,-7.1022186279296875,-0.1022186279296875,assist,no
5834,0,0,0.0015011825247663551,-6.814874172210693,-0.3148743510246277,assist,no
5835,0,0,0.00017952801749129276,-9.054404258728027,-0.42940452694892883,assist,no
5836,0,0,0.0008040860074623171,-7.555181980133057,-0.4301820695400238,assist,No
5837,0,0,0.0010322310060236924,-7.036508560180664,-0.16150853037834167,assist,No
5838,0,0,0.0002034269538097556,-8.929486274719238,-0.42948615550994873,assist,no
5839,0,0,0.02931223128133519,-3.5432467460632324,-0.043246764689683914,assist,no
5840,0,0,0.0031726820884586454,-6.139512062072754,-0.3895118236541748,assist,No
5841,0,0,0.0019267350645012428,-6.5660529136657715,-0.3160531222820282,assist,no
5842,0,0,0.0009110511944006454,-7.253478527069092,-0.2534785270690918,assist,No
5843,0,0,0.0013250222594674832,-7.20219087600708,-0.5771907567977905,assist,no
5844,0,0,0.0008040857680187367,-7.377885341644287,-0.2528851330280304,assist,No
5845,0,0,0.015906393111335862,-4.425299644470215,-0.300299733877182,assist,no
5846,0,0,0.0015011822120654355,-6.850114822387695,-0.3501147925853729,assist,No
5847,0,0,0.00857748566714832,-5.1437883377075195,-0.3937883675098419,assist,No
5848,0,0,0.0021827164453451808,-6.2700934410095215,-0.14509344100952148,assist,No
5849,0,0,0.0011695099865486702,-7.327641487121582,-0.5776412487030029,assist,no
5850,0,0,0.0001398220839802092,-9.508079528808594,-0.6330795884132385,assist,no
5851,0,0,0.0004878572317736444,-7.8513007164001465,-0.2263009399175644,assist,no
5852,0,0,0.0031726824654718946,-6.1825151443481445,-0.432515025138855,assist,no
5853,0,0,0.0005527785381337246,-7.628276348114014,-0.12827616930007935,assist,no
5854,0,0,0.0015011820780507757,-6.888706207275391,-0.3887060880661011,assist,No
5855,0,0,0.000804086031406679,-7.5135908126831055,-0.388590931892395,assist,No
5856,0,0,0.02931222863144092,-3.710819959640503,-0.21081988513469696,assist,no
5857,0,0,0.0009110513571608901,-7.694054126739502,-0.6940543055534363,assist,no
5858,0,0,0.0004305571069767681,-8.03199291229248,-0.28199297189712524,assist,no
5859,0,0,0.0006263342513820332,-7.724432468414307,-0.3494326174259186,assist,no
5860,0,0,0.0005527785792961704,-7.6815643310546875,-0.18156422674655914,assist,no
5861,0,0,0.0004305570300203132,-8.099051475524902,-0.3490513563156128,assist,no
5862,0,0,0.0013250222594674832,-7.202478885650635,-0.5774787664413452,assist,no
5863,0,0,0.00037998454022213063,-7.988832473754883,-0.11383254081010818,assist,no
5864,0,0,0.00037998460531281857,-8.188973426818848,-0.31397366523742676,assist,No
5865,0,0,0.053403325280175794,-2.9855027198791504,-0.11050263047218323,assist,no
5866,0,0,0.0009110510197724983,-7.030844211578369,-0.03084401972591877,assist,No
5867,0,0,0.000804085857810071,-7.205120086669922,-0.08011998981237411,assist,No
5868,0,0,0.00037998468455367106,-8.304287910461426,-0.4292883574962616,assist,No
5869,0,0,0.001700722411435288,-6.850863456726074,-0.4758634567260742,assist,No
5870,0,0,0.0011695100213620223,-7.032606601715088,-0.2826063930988312,assist,No
5871,0,0,0.002800926800640331,-6.129622936248779,-0.2546228766441345,assist,No
5872,0,0,0.0015011821673938809,-7.134411811828613,-0.6344117522239685,assist,no
5873,0,0,0.004609571632403393,-5.9549336433410645,-0.5799335241317749,assist,no
5874,0,0,0.0004878571518466312,-8.25838565826416,-0.6333857178688049,assist,No
5875,0,0,0.00037998446522635184,-7.9243879318237305,-0.04938780143857002,assist,no
5876,0,0,0.00043055717691897473,-7.755188941955566,-0.005189164076000452,assist,no
5877,0,0,0.000487857213608413,-7.739171981811523,-0.11417216807603836,assist,no
5878,0,0,0.014063628696182679,-4.65042781829834,-0.4004279375076294,assist,no
5879,0,0,0.0019267342621537913,-6.681365966796875,-0.4313657581806183,assist,no
5880,0,0,0.001169510508749058,-7.225561141967773,-0.47556135058403015,assist,no
5881,0,0,0.00012339456127826798,-9.576493263244629,-0.5764931440353394,assist,no
5882,0,0,0.0007096704730724502,-7.394162654876709,-0.14416275918483734,assist,no
5883,0,0,0.003172682371218578,-6.006450176239014,-0.25645002722740173,assist,no
5884,0,0,0.0002611904202623236,-8.564228057861328,-0.31422844529151917,assist,no
5885,0,0,0.00048785706465354084,-7.907032489776611,-0.2820323705673218,assist,No
5886,0,0,0.00037998460531281857,-8.157333374023438,-0.2823336124420166,assist,No
5887,0,0,0.001501181899364581,-7.077512741088867,-0.5775125026702881,assist,no
5888,0,0,0.004609571905888793,-5.766424179077148,-0.39142411947250366,assist,no
5889,0,0,0.0008040859835179557,-7.513138294219971,-0.3881383538246155,assist,No
5890,0,0,0.0015011820333792252,-6.753653049468994,-0.2536529004573822,assist,No
5891,0,0,0.0015011821673938809,-6.702979564666748,-0.20297950506210327,assist,No
5892,0,0,0.0006263342607092953,-7.518977642059326,-0.1439778059720993,assist,no
5893,0,0,4.222831667033111e-06,-12.393192291259766,-0.0181918703019619,assist,no
5894,0,0,0.14804719427274565,-2.1071155071258545,-0.3571154773235321,assist,no
5895,0,0,0.0024726233404040437,-6.14659309387207,-0.14659316837787628,assist,no
5896,0,0,0.005220124600567678,-5.261642932891846,-0.01164272241294384,assist,no
5897,0,0,0.0024726231566347748,-6.431919097900391,-0.4319190979003906,assist,no
5898,0,0,0.0010322310674859476,-7.128387928009033,-0.2533879578113556,assist,No
5899,0,0,0.00013982210897885256,-9.262506484985352,-0.38750672340393066,assist,no
5900,0,0,0.0019267350071906994,-6.884603977203369,-0.6346041560173035,assist,no
5901,0,0,0.10669058826486906,-2.7864997386932373,-0.6614996790885925,assist,no
5902,0,0,0.003172683219498529,-6.276381969451904,-0.5263820886611938,assist,No
5903,0,0,0.000335350085507606,-8.226078033447266,-0.22607789933681488,assist,no
5904,0,0,0.0011695101258020842,-7.274332523345947,-0.5243324041366577,assist,No
5905,0,0,9.610245845648242e-05,-9.410603523254395,-0.16060397028923035,assist,no
5906,0,0,0.00017952790247941633,-8.785724639892578,-0.16072426736354828,assist,no
5907,0,0,0.0004305568889335148,-8.180220603942871,-0.4302201569080353,assist,no
5908,0,0,0.0002611903910796453,-8.363423347473145,-0.11342362314462662,assist,No
5909,0,0,0.0017007225632331216,-6.6293182373046875,-0.25431832671165466,assist,No
5910,0,0,7.48461996303108e-05,-9.643226623535156,-0.1432262510061264,assist,no
5911,0,0,0.0011695102650555148,-7.032602787017822,-0.28260278701782227,assist,No
5912,0,0,0.0024726235976810437,-6.284811496734619,-0.28481167554855347,assist,no
5913,0,0,0.008577485160275657,-4.76924991607666,-0.01924988627433777,assist,no
5914,0,0,0.0021827166400692896,-6.440634250640869,-0.3156343400478363,assist,No
5915,0,0,0.00043055704284638804,-7.911338806152344,-0.1613387167453766,assist,no
5916,0,0,0.0013250225749588576,-7.258955001831055,-0.6339551210403442,assist,no
5917,0,0,0.0005527785381337246,-7.975082874298096,-0.4750826954841614,assist,no
5918,0,0,0.00522012445548043,-5.459078788757324,-0.20907855033874512,assist,no
5919,0,0,0.002800927209038174,-5.882683753967285,-0.0076838405802845955,assist,no
5920,0,0,0.0002611903268777645,-8.452205657958984,-0.20220568776130676,assist,No
5921,0,0,0.0010322310598031657,-6.965757846832275,-0.09075786918401718,assist,No
5922,0,0,0.00017952792922635774,-8.75267505645752,-0.12767483294010162,assist,no
5923,0,0,0.0002959570385634958,-8.268500328063965,-0.14350007474422455,assist,no
5924,0,0,0.0008040860912675871,-7.2871551513671875,-0.16215534508228302,assist,no
5925,0,0,0.000552778571063681,-7.929596900939941,-0.42959678173065186,assist,no
5926,0,0,0.000487857122782266,-8.258543968200684,-0.6335439682006836,assist,No
5927,0,0,0.0001795279265516634,-8.851235389709473,-0.22623515129089355,assist,no
5928,0,0,0.0008040858637961602,-7.378204822540283,-0.25320473313331604,assist,No
5929,0,0,0.0015011824354232285,-7.024912357330322,-0.5249124765396118,assist,No
5930,0,0,0.0011695103346822365,-7.327358722686768,-0.5773587822914124,assist,no
5931,0,0,0.0006263341394548992,-7.6569504737854,-0.281950443983078,assist,No
5932,0,0,6.605216060166811e-05,-9.973902702331543,-0.34890294075012207,assist,no
5933,0,0,9.610241549947395e-05,-9.679766654968262,-0.4297666549682617,assist,No
5934,0,0,0.0008040859356292355,-7.702162742614746,-0.5771627426147461,assist,no
5935,0,0,0.0028009275914234687,-6.080440998077393,-0.20544122159481049,assist,no
5936,0,0,0.00013982205064869173,-9.304793357849121,-0.42979317903518677,assist,no
5937,0,0,0.00037998465059330366,-8.5693359375,-0.6943362951278687,assist,no
5938,0,0,0.20181322226037882,-2.0222954750061035,-0.6472954750061035,assist,No
5939,0,0,0.0019267346633274755,-6.828174591064453,-0.5781745910644531,assist,No
5940,0,0,0.00017952800411781498,-8.695625305175781,-0.07062549889087677,assist,no
5941,0,0,0.00043055717110715777,-8.179399490356445,-0.429399698972702,assist,No
5942,0,0,0.0009110512215273508,-7.388238430023193,-0.38823845982551575,assist,no
5943,0,0,0.10669060530721626,-2.4687962532043457,-0.34379637241363525,assist,no
5944,0,0,0.0002959571046954782,-8.55430793762207,-0.4293079078197479,assist,no
5945,0,0,0.00013982211132247557,-8.884952545166016,-0.00995280034840107,assist,no
5946,0,0,0.0005527785545987024,-7.726801872253418,-0.22680172324180603,assist,no
5947,0,0,0.0021827168347934166,-6.759552001953125,-0.6345521807670593,assist,No
5948,0,0,0.0075772408196442265,-5.194947242736816,-0.31994718313217163,assist,No
5949,0,0,0.00023050678552263083,-8.475785255432129,-0.10078553110361099,assist,no
5950,0,0,0.0005527785875286599,-7.887681484222412,-0.38768139481544495,assist,no
5951,0,0,0.0004305570941506913,-8.137585639953613,-0.38758566975593567,assist,no
5952,0,0,0.0015011820110434502,-6.703566074371338,-0.20356591045856476,assist,no
5953,0,0,0.012431650853185818,-4.860083103179932,-0.48508310317993164,assist,no
5954,0,0,0.000379984588332638,-8.077057838439941,-0.20205803215503693,assist,No
5955,0,0,0.00020342704776089398,-8.725906372070312,-0.22590671479701996,assist,no
5956,0,0,0.0011695104043089619,-7.225498199462891,-0.4754983186721802,assist,no
5957,0,0,0.000804085815907447,-7.407882213592529,-0.28288206458091736,assist,no
5958,0,0,0.0007096703039939198,-7.411245822906494,-0.1612456887960434,assist,No
5959,0,0,0.002182716185713063,-6.241672039031982,-0.11667191982269287,assist,no
5960,0,0,0.0011695104043089619,-7.274806022644043,-0.5248061418533325,assist,no
5961,0,0,0.0031726830309918535,-6.385512828826904,-0.6355128884315491,assist,No
5962,0,0,0.0008040858398518034,-7.702213287353516,-0.5772131681442261,assist,No
5963,0,0,0.0006263341954184638,-7.899185657501221,-0.5241857171058655,assist,No
5964,0,0,0.009708477627578704,-5.208052635192871,-0.5830527544021606,assist,no
5965,0,0,0.24508501313237172,-1.6305477619171143,-0.5055477619171143,assist,no
5966,0,0,0.00013982213189427952,-9.018310546875,-0.14331094920635223,assist,no
5967,0,0,0.007577242948673238,-5.110836982727051,-0.2358372062444687,assist,no
5968,0,0,0.0011695101258020842,-7.2749738693237305,-0.5249737501144409,assist,no
5969,0,0,0.0001398220290352901,-8.89125919342041,-0.016258860006928444,assist,no
5970,0,0,0.0002305066533126285,-9.008127212524414,-0.6331269145011902,assist,No
5971,0,0,0.0005527786863185436,-7.887777328491211,-0.3877774178981781,assist,No
5972,0,0,0.20181323186177208,-1.9884674549102783,-0.6134675145149231,assist,no
5973,0,0,0.0007096703356961413,-7.564448356628418,-0.3144482672214508,assist,no
5974,0,0,0.0005527786410398447,-7.601003646850586,-0.10100365430116653,assist,No
5975,0,0,0.0013250221411582371,-6.806177139282227,-0.18117693066596985,assist,No
5976,0,0,0.0007096705364769095,-7.339970588684082,-0.08997078239917755,assist,No
5977,0,0,0.00218271696460951,-6.650609970092773,-0.5256102085113525,assist,no
5978,0,0,0.0009110513029074721,-7.6942548751831055,-0.694254994392395,assist,no
5979,0,0,0.0007096705047746792,-7.5027618408203125,-0.25276198983192444,assist,No
5980,0,0,0.0007096703568309563,-7.725100517272949,-0.47510045766830444,assist,no
5981,0,0,0.11920293140927592,-2.4440081119537354,-0.4440082013607025,assist,no
5982,0,0,0.0009110510316404296,-7.577093124389648,-0.5770929455757141,assist,No
5983,0,0,0.0021827168347934166,-6.409127235412598,-0.284127414226532,assist,no
5984,0,0,6.60521466846237e-05,-9.628708839416504,-0.003708867123350501,assist,no
5985,0,0,0.0005527786863185436,-7.929410934448242,-0.42941102385520935,assist,No
5986,0,0,0.00026119029574958553,-8.503108024597168,-0.2531079351902008,assist,No
5987,0,0,0.0002305066601806787,-8.386390686035156,-0.01139041781425476,assist,no
5988,0,0,0.0011695104043089619,-7.032754898071289,-0.2827550172805786,assist,no
5989,0,0,0.000804086031406679,-7.649589538574219,-0.5245896577835083,assist,no
5990,0,0,0.0011695102650555148,-7.064958572387695,-0.3149585723876953,assist,No
5991,0,0,0.0010322310367548194,-7.452475547790527,-0.5774755477905273,assist,no
5992,0,0,0.005911069731855184,-5.5172810554504395,-0.3922812044620514,assist,no
5993,0,0,9.610244700127829e-05,-9.679130554199219,-0.429130882024765,assist,no
5994,0,0,0.00026119021257900064,-8.268640518188477,-0.01864011026918888,assist,No
5995,0,0,0.00023050666533171648,-8.475817680358887,-0.10081743448972702,assist,no
5996,0,0,0.0015011823460801075,-7.077634334564209,-0.5776343941688538,assist,no
5997,0,0,0.0007096703145613268,-7.503747463226318,-0.2537473440170288,assist,no
5998,0,0,0.00013982202565005882,-9.101151466369629,-0.22615110874176025,assist,no
5999,0,0,0.0001233945971289327,-9.11318588256836,-0.1131860539317131,assist,no
