idx,y_true,y_pred,p_yes,lp_yes,lp_no,mode,raw_text
0,1,0,0.002472623542550256,-6.010221004486084,-0.01022116094827652,base,no
1,1,0,0.02033235423310517,-3.90543794631958,-0.03043799102306366,base,no
2,1,0,0.02297737016091733,-3.7972564697265625,-0.047256480902433395,base,no
3,1,0,0.09534946361376598,-2.4329614639282227,-0.18296144902706146,base,no
4,1,0,0.004609573183578607,-5.385943412780762,-0.010943631641566753,base,no
5,1,0,0.00048785723540669074,-7.6315083503723145,-0.006508581340312958,base,no
6,1,0,0.009708474654870078,-4.661526203155518,-0.03652601316571236,base,no
7,1,0,0.0010322309003854494,-6.895159721374512,-0.020159589126706123,base,no
8,1,0,0.24508501864634827,-1.5731236934661865,-0.4481237232685089,base,no
9,1,0,0.0006263341312935465,-7.396093368530273,-0.021093325689435005,base,no
10,1,0,0.001032230974332218,-6.878255844116211,-0.0032557835802435875,base,no
11,1,0,0.0015011824633429554,-6.562263011932373,-0.06226314976811409,base,no
12,1,0,0.00460957214518853,-5.429954528808594,-0.05495452135801315,base,no
13,1,0,0.0015011821234203208,-6.504384517669678,-0.004384428728371859,base,no
14,1,0,0.06008665648572012,-2.828979969024658,-0.07898008078336716,base,no
15,1,0,0.0002959571545700247,-8.134066581726074,-0.009066720493137836,base,no
16,1,0,0.015906395268931204,-4.16278076171875,-0.037780988961458206,base,no
17,1,0,0.09534945847239201,-2.3861563205718994,-0.13615624606609344,base,no
18,1,0,0.3208213138121609,-1.2002596855163574,-0.4502597451210022,base,no
19,1,0,0.008577484162370188,-4.7675957679748535,-0.017595620825886726,base,no
20,1,0,0.0013250226624584313,-6.636485576629639,-0.01148576196283102,base,no
21,1,0,0.004609572474225689,-5.38350772857666,-0.008507792837917805,base,no
22,1,0,0.08509904616718289,-2.5050179958343506,-0.13001801073551178,base,no
23,1,0,0.0002959572129866314,-8.129632949829102,-0.004633286036550999,base,no
24,1,0,0.46879062662624377,-0.9197226762771606,-0.7947226762771606,base,no
25,1,0,0.14804719051380197,-2.002178430557251,-0.2521783709526062,base,no
26,1,0,0.0017007220928180037,-6.379070281982422,-0.00407009432092309,base,no
27,1,0,0.0010322308302800757,-6.880598068237305,-0.005597868002951145,base,no
28,1,0,0.06008665522337757,-2.908888101577759,-0.15888819098472595,base,no
29,1,0,0.34864513533394575,-1.0719622373580933,-0.44696223735809326,base,no
30,1,0,0.18242552380635632,-1.7642056941986084,-0.2642056941986084,base,no
31,1,0,0.08509904732734556,-2.5727479457855225,-0.19774797558784485,base,no
32,1,0,0.0003353501668394589,-8.007680892944336,-0.00768100144341588,base,no
33,1,0,0.18242552380635632,-1.8568930625915527,-0.35689306259155273,base,no
34,1,0,0.4378234991142019,-0.9334489107131958,-0.6834489107131958,base,no
35,1,0,0.0015011823474760937,-6.512598037719727,-0.012598098255693913,base,no
36,1,0,0.00015843622515133188,-8.753924369812012,-0.003924407996237278,base,no
37,1,0,0.4378234844434674,-1.1013007164001465,-0.8513006567955017,base,no
38,1,0,0.002472623726319554,-6.066053867340088,-0.0660540983080864,base,no
39,1,0,0.00026119023276367233,-8.257535934448242,-0.007535603828728199,base,no
40,1,0,0.006692849983179163,-5.075537204742432,-0.0755370631814003,base,no
41,1,0,3.5356263883699815e-05,-10.25168228149414,-0.0016826532082632184,base,no
42,1,0,0.00029595719108040254,-8.131049156188965,-0.006049418356269598,base,no
43,1,0,2.43002352326773e-05,-10.627964973449707,-0.0029647466726601124,base,no
44,1,0,5.144222301218149e-05,-9.882041931152344,-0.007042111363261938,base,no
45,1,1,0.6224593171945417,-0.825052797794342,-1.3250527381896973,base,yes
46,1,0,1.892515540182289e-05,-10.881185531616211,-0.006185909733176231,base,no
47,1,0,0.0019267348692872117,-6.259491920471191,-0.009492027573287487,base,no
48,1,0,0.0021827167272894694,-6.131632328033447,-0.006632457487285137,base,no
49,1,0,0.005911067586607513,-5.156652450561523,-0.03165223449468613,base,no
50,1,0,0.5,-1.118367075920105,-1.118367075920105,base,no
51,1,0,0.46879062662624377,-0.8486540913581848,-0.7236540913581848,base,no
52,1,0,0.004070138561537168,-5.509788990020752,-0.009789198637008667,base,no
53,1,0,0.0011695103781989395,-6.795767307281494,-0.0457674041390419,base,no
54,1,0,0.010986942266274445,-4.519262313842773,-0.01926228031516075,base,no
55,1,0,0.007577239559035221,-4.9022626876831055,-0.027262460440397263,base,no
56,1,0,0.00017952796163613353,-8.626019477844238,-0.0010194348869845271,base,no
57,1,0,0.00010889693653817809,-9.125682830810547,-0.000683074293192476,base,no
58,1,0,0.00010889691342369257,-9.132375717163086,-0.007375748362392187,base,no
59,1,0,0.0013250222298901706,-6.648792266845703,-0.023792125284671783,base,no
60,1,0,8.481101763476385e-05,-9.379292488098145,-0.0042922040447592735,base,no
61,1,0,0.0024726235379560232,-6.011046409606934,-0.01104656420648098,base,no
62,1,0,0.00023050672295895952,-8.378483772277832,-0.003483776468783617,base,no
63,1,0,0.017986206968250585,-4.031240463256836,-0.031240293756127357,base,no
64,1,0,0.001926734430503452,-6.269798755645752,-0.019798634573817253,base,no
65,1,0,0.012431649115226305,-4.454092025756836,-0.0790918841958046,base,no
66,1,0,0.0006263340744555572,-7.380096435546875,-0.005096301902085543,base,no
67,1,0,0.00020342705959949814,-8.502049446105957,-0.002049847040325403,base,no
68,1,0,0.004609572905819922,-5.382612228393555,-0.007612386718392372,base,no
69,1,0,0.00026119026851243203,-8.255154609680176,-0.005154415965080261,base,no
70,1,0,0.00015843618812084057,-8.76551342010498,-0.0155132245272398,base,no
71,1,0,0.00033535012414413637,-8.002348899841309,-0.002348880982026458,base,no
72,1,1,0.5926665855647394,-0.673931896686554,-1.0489318370819092,base,yes
73,1,0,0.0005527785709350483,-7.503811359405518,-0.0038112399633973837,base,no
74,1,0,0.0002959570366690902,-8.125870704650879,-0.0008704449282959104,base,no
75,1,0,0.0002611903814736811,-8.253236770629883,-0.0032370095141232014,base,no
76,1,0,0.00013982205995807963,-8.8800687789917,-0.005068666767328978,base,no
77,1,0,0.025957357480362795,-3.673352003097534,-0.048352014273405075,base,no
78,1,0,0.01590639273229887,-4.149730205535889,-0.024730270728468895,base,no
79,1,0,0.0024726230957612073,-6.006269454956055,-0.00626943027600646,base,no
80,1,0,0.0019267344949777945,-6.2673420906066895,-0.01734200306236744,base,no
81,1,0,0.02595735719779685,-3.6603612899780273,-0.035361289978027344,base,no
82,1,0,0.0028009273469049756,-5.899545669555664,-0.024545805528759956,base,no
83,1,0,0.00033535016387342166,-8.004057884216309,-0.004057983867824078,base,no
84,1,0,0.0001795280350439839,-8.632362365722656,-0.007362731732428074,base,no
85,1,0,0.00026119028596123317,-8.251548767089844,-0.0015486401971429586,base,no
86,1,0,0.07585818054355695,-2.6126868724823,-0.1126868799328804,base,no
87,1,0,7.484623110020067e-05,-9.503952026367188,-0.003952074330300093,base,no
88,1,0,0.006692851927305543,-5.0126471519470215,-0.012647302821278572,base,no
89,1,0,0.24508500210441886,-1.452068567276001,-0.3270685076713562,base,no
90,1,0,0.02595735569077852,-3.6816484928131104,-0.056648433208465576,base,no
91,1,0,2.1444942279605925e-05,-10.755331039428711,-0.005330753047019243,base,no
92,1,0,0.0008040860497390817,-7.131485462188721,-0.006485604215413332,base,no
93,1,0,1.8925146342528342e-05,-10.885059356689453,-0.010059256106615067,base,no
94,1,0,0.007577240567522407,-4.8897480964660645,-0.014748003333806992,base,no
95,1,0,0.00029595702723150656,-8.126239776611328,-0.0012394849909469485,base,no
96,1,0,0.0021827169240419796,-6.129632472991943,-0.004632692784070969,base,no
97,1,0,0.025957357762928745,-3.686095714569092,-0.06109573692083359,base,no
98,1,0,0.0004878570678324552,-7.632585525512695,-0.007585412822663784,base,no
99,1,0,0.0011695099887245048,-6.757282733917236,-0.007282497361302376,base,no
100,1,0,0.0004305571478598904,-7.756805419921875,-0.006805574521422386,base,no
101,1,0,4.5397877327175886e-05,-10.00567626953125,-0.0056764595210552216,base,no
102,1,0,0.0004878571136996522,-7.6409382820129395,-0.01593826338648796,base,no
103,1,0,0.000804085760536126,-7.146051406860352,-0.021051188930869102,base,no
104,1,0,3.120191017352475e-05,-10.380329132080078,-0.005329092964529991,base,no
105,1,0,0.0035936029515802595,-5.635191440582275,-0.010191543959081173,base,no
106,1,0,0.00029595706205412536,-8.127364158630371,-0.0023639847058802843,base,no
107,1,0,0.00020342692445003376,-8.513686180114746,-0.013685916550457478,base,no
108,1,0,0.004070137972608567,-5.518436431884766,-0.0184364952147007,base,no
109,1,0,0.00015843618214580197,-8.753449440002441,-0.003449206706136465,base,no
110,1,0,8.481104156562126e-05,-9.384652137756348,-0.009652135893702507,base,no
111,1,0,0.0059110678602359995,-5.148033618927002,-0.023033449426293373,base,no
112,1,0,0.0002611902597576333,-8.270052909851074,-0.020052682608366013,base,no
113,1,0,0.0007096705377978357,-7.258193492889404,-0.008193688467144966,base,no
114,1,0,0.04742587418734382,-3.061033248901367,-0.06103327125310898,base,no
115,1,0,0.012431647994699906,-4.395558834075928,-0.02055860124528408,base,no
116,1,1,0.5926665999540697,-0.6240732669830322,-0.9990732669830322,base,yes
117,1,0,0.1329642333263228,-2.104877471923828,-0.22987741231918335,base,no
118,1,0,0.0003353501579413474,-8.001226425170898,-0.0012265071272850037,base,no
119,1,0,0.10669058826486906,-2.270827054977417,-0.14582699537277222,base,no
120,1,0,3.120192516026231e-05,-10.377087593078613,-0.0020880342926830053,base,no
121,1,0,7.889264889652253e-06,-11.752561569213867,-0.0025618611834943295,base,no
122,1,0,4.006370474695781e-05,-10.13061237335205,-0.005612685810774565,base,no
123,1,0,0.0019267345881074033,-6.267589569091797,-0.01758952997624874,base,no
124,1,0,0.0003799844411711053,-7.879215240478516,-0.004215046763420105,base,no
125,1,1,0.6513548511303336,-0.5298550724983215,-1.1548550128936768,base,yes
126,1,0,0.0003799845947002056,-7.8829264640808105,-0.00792667455971241,base,no
127,1,0,0.002182716789154947,-6.132406711578369,-0.007406869437545538,base,no
128,1,0,5.14422106402418e-05,-9.87765121459961,-0.0026511542964726686,base,no
129,1,0,0.042087729717900216,-3.1839466094970703,-0.058946654200553894,base,no
130,1,0,0.0010322312204213413,-6.8772101402282715,-0.0022103183437138796,base,no
131,1,0,0.16451645470385742,-1.8901281356811523,-0.26512807607650757,base,no
132,1,0,0.007577242045236512,-4.887753486633301,-0.012753590010106564,base,no
133,1,0,0.00010889686064130477,-9.136489868164062,-0.011489414609968662,base,no
134,1,0,0.08509904964767095,-2.5551207065582275,-0.18012076616287231,base,no
135,1,0,0.07585818628900447,-2.5961575508117676,-0.09615764021873474,base,no
136,1,0,0.0007096705523280251,-7.265953063964844,-0.01595328003168106,base,no
137,1,0,0.025957357951306048,-3.6862845420837402,-0.06128457188606262,base,no
138,1,0,0.000804085905324656,-7.127503871917725,-0.0025038341991603374,base,no
139,1,0,2.561282846460879e-06,-12.876082420349121,-0.0010826685465872288,base,no
140,1,0,0.00048785721724145916,-7.630239963531494,-0.005240157246589661,base,no
141,1,0,0.02033235430730904,-3.929961919784546,-0.05496196821331978,base,no
142,1,0,0.2942149783515162,-1.2732597589492798,-0.3982597887516022,base,no
143,1,0,0.029312232235297192,-3.545222759246826,-0.04522281140089035,base,no
144,1,0,0.0013250225922122943,-6.636531352996826,-0.011531485244631767,base,no
145,1,0,0.4378235137849365,-1.078462839126587,-0.8284628987312317,base,no
146,1,0,0.0002959571917692776,-8.14261245727539,-0.017612721771001816,base,no
147,1,0,0.03308597791199666,-3.424807548522949,-0.049807533621788025,base,no
148,1,0,0.0009110512647605393,-7.010159015655518,-0.010159092955291271,base,no
149,1,0,0.00023050670825703587,-8.408064842224121,-0.03306478261947632,base,no
150,1,0,0.0004878570462612502,-7.629788398742676,-0.0047882418148219585,base,no
151,1,0,1.892515409315994e-05,-10.8783597946167,-0.0033601035829633474,base,no
152,1,0,0.00029595719197594015,-8.127999305725098,-0.002999570919200778,base,no
153,1,0,0.007577240399441201,-4.899936676025391,-0.024936560541391373,base,no
154,1,1,0.6224593452091672,-0.6458730101585388,-1.1458730697631836,base,yes
155,1,1,0.7772998611746911,-0.6753722429275513,-1.9253722429275513,base,yes
156,1,0,0.005911069064201489,-5.149299144744873,-0.024299180135130882,base,no
157,1,0,0.001032230839883551,-6.886579990386963,-0.011579799465835094,base,no
158,1,0,0.18242552825126704,-1.7428832054138184,-0.24288323521614075,base,no
159,1,0,0.0005527786382099261,-7.506092071533203,-0.0060920738615095615,base,no
160,1,0,0.4073334000459302,-0.9795026183128357,-0.6045026183128357,base,no
161,1,0,0.09534945590170514,-2.4022209644317627,-0.15222086012363434,base,no
162,1,0,0.0001795279022286637,-8.630120277404785,-0.005119903478771448,base,no
163,1,0,0.0013250222650132294,-6.632133960723877,-0.007133845705538988,base,no
164,1,0,0.0013250221436230131,-6.638428688049316,-0.013428481295704842,base,no
165,1,0,4.539786692675253e-05,-10.012792587280273,-0.012792548164725304,base,no
166,1,0,0.0005527786050227005,-7.529841423034668,-0.029841365292668343,base,no
167,1,0,7.484620297594631e-05,-9.510175704956055,-0.010175377130508423,base,no
168,1,0,0.0002611903654840072,-8.252315521240234,-0.002315698890015483,base,no
169,1,0,0.02931223350724656,-3.58445405960083,-0.08445415645837784,base,no
170,1,0,0.029312228843432455,-3.5923972129821777,-0.09239714592695236,base,no
171,1,0,0.00023050669774033185,-8.381468772888184,-0.006468667648732662,base,no
172,1,0,0.0002305066779946849,-8.389248847961426,-0.014248657040297985,base,no
173,1,0,0.0007096704268400355,-7.255178451538086,-0.005178490653634071,base,no
174,1,0,0.025957360023456458,-3.673057794570923,-0.048057906329631805,base,no
175,1,0,0.0010322308927026682,-6.886748313903809,-0.011748174205422401,base,no
176,1,0,0.03732688948593843,-3.3100836277008057,-0.06008368730545044,base,no
177,1,1,0.679178699175393,-0.5378584861755371,-1.287858486175537,base,yes
178,1,0,0.020332351784377613,-3.9353222846984863,-0.06032220646739006,base,no
179,1,1,0.7310585786300049,-0.877772331237793,-1.877772331237793,base,yes
180,1,0,0.04742587351415913,-3.071763753890991,-0.07176376134157181,base,no
181,1,0,0.06008664344151498,-2.817051887512207,-0.06705176830291748,base,no
182,1,0,0.00857748525531428,-4.7935004234313965,-0.04350040480494499,base,no
183,1,0,0.0011695100126586841,-6.763604640960693,-0.013604424893856049,base,no
184,1,0,1.6701419289437468e-05,-11.004119873046875,-0.004119719844311476,base,no
185,1,0,0.0006263342018309558,-7.384178161621094,-0.009178231470286846,base,no
186,1,0,0.1329642384799526,-2.0739290714263916,-0.1989290565252304,base,no
187,1,0,3.120190589471443e-05,-10.37704086303711,-0.002040686784312129,base,no
188,1,0,0.004609572709252247,-5.419567108154297,-0.04456722363829613,base,no
189,1,0,0.000911051014686242,-7.00227165222168,-0.002271454781293869,base,no
190,1,0,0.0021827164331749247,-6.155462741851807,-0.030462736263871193,base,no
191,1,0,0.00010889694587397249,-9.127727508544922,-0.0027278377674520016,base,no
192,1,0,0.0035936020945428076,-5.634763717651367,-0.009763581678271294,base,no
193,1,0,0.0011695101649671098,-6.770654678344727,-0.020654592663049698,base,no
194,1,0,0.0019267343767748358,-6.321814060211182,-0.0718139111995697,base,no
195,1,0,6.605214282475887e-05,-9.629398345947266,-0.004398315213620663,base,no
196,1,0,0.3486451217982255,-1.1745102405548096,-0.5495101809501648,base,no
197,1,0,0.20181322226037882,-1.8855407238006592,-0.5105407238006592,base,no
198,1,0,0.09534947261117097,-2.4931697845458984,-0.2431698739528656,base,no
199,1,0,0.10669058968506456,-2.296523094177246,-0.1715230494737625,base,no
200,1,0,0.04742587486052853,-3.1047515869140625,-0.10475162416696548,base,no
201,1,0,4.785092671090269e-06,-12.252592086791992,-0.002591705648228526,base,no
202,1,0,0.000709670361454197,-7.258876323699951,-0.008876270614564419,base,no
203,1,0,0.02033235490094001,-3.901118516921997,-0.026118595153093338,base,no
204,1,0,0.004609572183647418,-5.386135101318359,-0.01113510224968195,base,no
205,1,0,0.03308597660105118,-3.422508478164673,-0.047508422285318375,base,no
206,1,0,0.007577242206314371,-4.897037029266357,-0.02203715406358242,base,no
207,1,0,0.053403334696110465,-2.948740243911743,-0.07374034076929092,base,no
208,1,0,0.24508501313237172,-1.4400320053100586,-0.3150320053100586,base,no
209,1,0,0.0028009267252037937,-5.889316082000732,-0.014315995387732983,base,no
210,1,0,0.00013982202936079312,-8.8804931640625,-0.005492832977324724,base,no
211,1,0,0.4073334000459302,-0.9465184211730957,-0.5715184211730957,base,no
212,1,0,0.0031726830309918535,-5.775448322296143,-0.025448381900787354,base,no
213,1,0,3.1201904899473395e-05,-10.376443862915039,-0.001443654764443636,base,no
214,1,0,0.02931223053936477,-3.616271495819092,-0.1162714883685112,base,no
215,1,0,0.00103223109245499,-6.879940509796143,-0.004940563812851906,base,no
216,1,0,0.29421497216298875,-1.298734426498413,-0.4237344264984131,base,no
217,1,1,0.5621765008857981,-1.0408871173858643,-1.2908871173858643,base,Yes
218,1,0,4.006370825416733e-05,-10.127656936645508,-0.00265733664855361,base,no
219,1,0,7.484624395999336e-05,-9.504554748535156,-0.004554968327283859,base,no
220,1,0,0.46879062662624377,-0.8882248997688293,-0.7632248997688293,base,no
221,1,0,0.00017952791000199316,-8.628116607666016,-0.0031162770465016365,base,no
222,1,0,0.06754669536304464,-2.7047066688537598,-0.07970673590898514,base,no
223,1,0,0.008577484605883715,-4.769856929779053,-0.019856834784150124,base,no
224,1,0,0.00013982210438925752,-8.875736236572266,-0.0007364421617239714,base,no
225,1,0,7.484620625188121e-05,-9.508121490478516,-0.008121206425130367,base,no
226,1,0,0.00023050671491046105,-8.38065242767334,-0.0056523969396948814,base,no
227,1,0,0.11920293140927592,-2.1843369007110596,-0.18433699011802673,base,no
228,1,0,0.03308598184483342,-3.417518138885498,-0.0425182469189167,base,no
229,1,0,0.06008664596619963,-2.84480881690979,-0.09480874240398407,base,no
230,1,0,0.0953494674697966,-2.384899616241455,-0.13489964604377747,base,no
231,1,0,0.000709670425849341,-7.257195472717285,-0.007195510435849428,base,no
232,1,0,0.0004878570670377267,-7.626540660858154,-0.0015405465383082628,base,no
233,1,0,0.0006263342420547713,-7.41800594329834,-0.04300607740879059,base,no
234,1,0,0.00359360194114313,-5.7162556648254395,-0.09125548601150513,base,no
235,1,0,0.02931222841944938,-3.5679171085357666,-0.06791702657938004,base,no
236,1,0,0.13296423160844623,-2.084972858428955,-0.2099727839231491,base,no
237,1,0,0.00023050665481501447,-8.379124641418457,-0.004124349914491177,base,no
238,1,0,6.605212135714818e-05,-9.62944507598877,-0.004444720223546028,base,no
239,1,0,0.0001088969479021153,-9.128966331481934,-0.003966679330915213,base,no
240,1,0,0.0004878572372232139,-7.633012771606445,-0.008013006299734116,base,no
241,1,0,0.03308597672022805,-3.4540908336639404,-0.07909078150987625,base,no
242,1,0,0.00037998458930546075,-7.878022193908691,-0.0030223901849240065,base,no
243,1,1,0.7549149813536518,-0.4358825981616974,-1.560882568359375,base,yes
244,1,0,0.0075772397971502385,-4.8993377685546875,-0.02433757297694683,base,no
245,1,0,0.000626334079119187,-7.382267475128174,-0.007267348933964968,base,no
246,1,0,0.0002611903823248424,-8.251616477966309,-0.0016167201101779938,base,no
247,1,0,0.0011695102291542382,-6.754371166229248,-0.0043711354956030846,base,no
248,1,0,0.020332353120047154,-3.9107534885406494,-0.03575347736477852,base,no
249,1,0,0.10669060246682488,-2.281886339187622,-0.15688642859458923,base,no
250,1,0,0.000430557097156803,-7.752790451049805,-0.002790487837046385,base,no
251,1,0,0.0009110513635187129,-7.006730556488037,-0.006730742286890745,base,no
252,1,0,0.10669059962643358,-2.278904914855957,-0.1539049744606018,base,no
253,1,0,6.605213347496767e-05,-9.627737045288086,-0.0027368729934096336,base,no
254,1,0,0.0013250223235516626,-6.654205322265625,-0.02920525148510933,base,no
255,1,0,0.00015843622529886374,-8.752955436706543,-0.0029554758220911026,base,no
256,1,0,0.06008664512463808,-2.844775438308716,-0.09477534890174866,base,no
257,1,0,0.01406362415060583,-4.27142858505249,-0.02142837643623352,base,no
258,1,0,0.060086652698692546,-2.9001271724700928,-0.15012721717357635,base,no
259,1,0,0.0008040857689540631,-7.126809597015381,-0.0018093895632773638,base,no
260,1,0,0.2689414330889798,-1.5487592220306396,-0.5487592816352844,base,no
261,1,0,0.0007096705070863001,-7.25522518157959,-0.005225333850830793,base,no
262,1,0,0.0046095723503026004,-5.390321731567383,-0.015321768820285797,base,no
263,1,0,0.0007096704215563311,-7.2695207595825195,-0.019520791247487068,base,no
264,1,1,0.5621765008857981,-0.7188730239868164,-0.9688730239868164,base,yes
265,1,0,0.07585818158818373,-2.6060259342193604,-0.10602595657110214,base,no
266,1,0,0.0005527787429169225,-7.517636775970459,-0.017636967822909355,base,no
267,1,0,0.0007096704238679518,-7.257534503936768,-0.007534538861364126,base,no
268,1,0,0.037326887076403345,-3.307917356491089,-0.05791734904050827,base,no
269,1,0,0.2689414096510108,-1.5802581310272217,-0.5802580714225769,base,no
270,1,0,0.0002305067170567273,-8.380997657775879,-0.00599763635545969,base,no
271,1,0,0.10669059678604234,-2.33306884765625,-0.2080688774585724,base,no
272,1,0,0.0004305570414435361,-7.755064964294434,-0.0050648716278374195,base,no
273,1,0,0.0035936023146380092,-5.639265537261963,-0.014265462756156921,base,no
274,1,0,7.484619823629604e-05,-9.506214141845703,-0.0062137506902217865,base,no
275,1,0,0.00048785711926275317,-7.628202438354492,-0.0032024311367422342,base,no
276,1,0,0.0035936017443913794,-5.6404547691345215,-0.015454535372555256,base,no
277,1,1,0.6224593312018546,-0.6922169923782349,-1.1922169923782349,base,yes
278,1,0,5.144221929341325e-05,-9.876697540283203,-0.0016976482002064586,base,no
279,1,0,0.5,-0.7670165300369263,-0.7670165300369263,base,no
280,1,0,0.0009110510880131052,-7.007679462432861,-0.007679345551878214,base,no
281,1,0,8.481100611359849e-05,-9.376923561096191,-0.0019231411861255765,base,no
282,1,0,6.962257008773578e-06,-11.878128051757812,-0.00312816072255373,base,no
283,1,0,0.0004305570901425424,-7.752480506896973,-0.002480527386069298,base,no
284,1,1,0.7310585786300049,-0.7635210752487183,-1.7635210752487183,base,yes
285,1,0,0.00013982208788624695,-8.88220500946045,-0.007205097004771233,base,no
286,1,0,0.0006263341690398038,-7.377621650695801,-0.0026216681580990553,base,no
287,1,0,0.0002959570318814109,-8.127687454223633,-0.0026871783193200827,base,no
288,1,0,0.00037998456303924553,-7.880452632904053,-0.005452760029584169,base,no
289,1,0,0.002800927248057079,-5.910065650939941,-0.035065751522779465,base,no
290,1,0,0.22270013882530884,-1.5294467210769653,-0.27944672107696533,base,no
291,1,0,0.0015011824661349277,-6.521707534790039,-0.021707674488425255,base,no
292,1,0,0.00020342688152328683,-8.501090049743652,-0.0010895751183852553,base,no
293,1,0,0.002472623301353073,-6.014164447784424,-0.014164506457746029,base,no
294,1,0,0.0024726235930868116,-6.022516250610352,-0.02251642756164074,base,no
295,1,0,1.3007122567117742e-05,-11.252226829528809,-0.002226375974714756,base,no
296,1,0,0.0013250224646601068,-6.6305341720581055,-0.0055342079140245914,base,no
297,1,0,1.3007123065292399e-05,-11.251654624938965,-0.001654209685511887,base,no
298,1,0,0.14804719239327382,-1.9421740770339966,-0.192174032330513,base,no
299,1,0,0.0004878570190134137,-7.627878665924072,-0.002878453116863966,base,no
300,1,0,0.020332352526416235,-3.9075675010681152,-0.03256746008992195,base,no
301,1,0,0.00460957242294717,-5.389511585235596,-0.014511638320982456,base,no
302,1,0,0.009708477341052534,-4.644936561584473,-0.01993665099143982,base,no
303,1,0,0.00020342689404851983,-8.505265235900879,-0.005264822859317064,base,no
304,1,0,0.037326887344129464,-3.3107526302337646,-0.06075263023376465,base,no
305,1,0,0.004609571102525478,-5.39276123046875,-0.017760995775461197,base,no
306,1,0,0.0004305570851323563,-7.75570821762085,-0.005708226468414068,base,no
307,1,0,0.0010322311078205548,-6.890798568725586,-0.01579863764345646,base,no
308,1,0,0.0001088969221954079,-9.128520965576172,-0.003521077334880829,base,no
309,1,0,0.3208212878370535,-1.2575523853302002,-0.5075523257255554,base,no
310,1,0,0.0003353501337447295,-8.00603199005127,-0.006031999830156565,base,no
311,1,0,0.2018132270610754,-1.6787816286087036,-0.303781658411026,base,no
312,1,0,0.008577485532510266,-4.763162612915039,-0.013162626884877682,base,no
313,1,0,0.11920291419948606,-2.1668241024017334,-0.16682402789592743,base,no
314,1,0,0.00017952796027789007,-8.628533363342285,-0.0035333128180354834,base,no
315,1,0,0.01798620772493562,-4.042331218719482,-0.042331092059612274,base,no
316,1,0,0.020332353787881955,-3.9176106452941895,-0.042610667645931244,base,no
317,1,0,0.0004878571025734506,-7.62900447845459,-0.004004437010735273,base,no
318,1,0,0.009708476463566184,-4.644088268280029,-0.019088266417384148,base,no
319,1,0,0.00037998453526957876,-7.882810592651367,-0.007810646668076515,base,no
320,1,0,0.00013982212535166433,-8.877013206481934,-0.002013562014326453,base,no
321,1,0,0.0007096702504964244,-7.254384994506836,-0.004384784959256649,base,no
322,1,0,7.484624660862303e-05,-9.507312774658203,-0.00731302984058857,base,no
323,1,0,0.00048785716910359876,-7.628940105438232,-0.003940200433135033,base,no
324,1,1,0.8354835411997897,-0.2986701428890228,-1.9236701726913452,base,yes
325,1,1,0.5926665855647394,-0.7089312672615051,-1.0839312076568604,base,yes
326,1,0,0.0675466911396291,-2.7271687984466553,-0.10216879844665527,base,no
327,1,0,0.09534947453918644,-2.362618923187256,-0.11261903494596481,base,no
328,1,0,0.0003799844876897086,-7.881025791168213,-0.0060257199220359325,base,no
329,1,0,0.0004305571701051203,-7.755858898162842,-0.005859104450792074,base,no
330,1,0,0.005220126148165224,-5.269194602966309,-0.019194690510630608,base,no
331,1,0,0.004609572871634238,-5.3843994140625,-0.009399564936757088,base,no
332,1,0,0.09534947261117097,-2.3860666751861572,-0.1360667645931244,base,no
333,1,0,0.0009110510074807124,-7.003076076507568,-0.0030758711509406567,base,no
334,1,0,0.000261190320311664,-8.262044906616211,-0.01204491127282381,base,no
335,1,0,0.0010322308696543258,-6.891636848449707,-0.016636686399579048,base,no
336,1,0,0.00023050661221164486,-8.380914688110352,-0.005914211738854647,base,no
337,1,0,5.144220302305679e-05,-9.877706527709961,-0.0027063193265348673,base,no
338,1,0,0.0015011820878226777,-6.508056163787842,-0.008056051097810268,base,no
339,1,0,0.029312229585402833,-3.5443294048309326,-0.044329363852739334,base,no
340,1,0,0.3208212878370535,-1.1936850547790527,-0.44368499517440796,base,no
341,1,0,0.0028009271179940637,-5.882143497467041,-0.007143551483750343,base,no
342,1,0,2.4300249125168344e-05,-10.625988960266113,-0.0009893052047118545,base,no
343,1,0,0.0031726826363060387,-5.760403633117676,-0.010403567925095558,base,no
344,1,0,0.033085978269527264,-3.4336798191070557,-0.058679815381765366,base,no
345,1,0,9.61023900385061e-05,-9.253971099853516,-0.003970834892243147,base,no
346,1,0,0.020332354752532263,-3.923731803894043,-0.04873187467455864,base,no
347,1,0,0.0010322312513925621,-6.880776882171631,-0.005777090322226286,base,no
348,1,0,0.4073334000459302,-1.0503681898117065,-0.6753681898117065,base,no
349,1,0,0.2942149597859341,-1.3383970260620117,-0.46339696645736694,base,no
350,1,0,0.0006263341939610792,-7.379915714263916,-0.0049157715402543545,base,no
351,1,0,0.025957354937269386,-3.6660563945770264,-0.041056305170059204,base,no
352,1,0,0.00033535016808831664,-8.001830101013184,-0.001830213237553835,base,no
353,1,0,0.0004878570296854829,-7.635009288787842,-0.010009097866714,base,no
354,1,0,0.0005527786140269863,-7.507022857666016,-0.007022816222161055,base,no
355,1,0,0.2942149845400438,-1.3812241554260254,-0.5062242150306702,base,no
356,1,0,0.00043055700547040525,-7.752947807312012,-0.0029476310592144728,base,no
357,1,0,8.481104093378335e-05,-9.378050804138184,-0.0030507948249578476,base,no
358,1,0,0.00043055708533276373,-7.758625030517578,-0.008625039830803871,base,no
359,1,0,0.0021827169078149676,-6.149604797363281,-0.024605009704828262,base,no
360,1,0,0.3486451217982255,-1.330620288848877,-0.7056202292442322,base,no
361,1,0,0.5,-0.7506623864173889,-0.7506623864173889,base,no
362,1,0,0.0007096702940869759,-7.258820056915283,-0.00881990883499384,base,no
363,1,0,4.539787089032822e-05,-10.003767013549805,-0.003767061745747924,base,no
364,1,0,0.007577242906652923,-4.891811847686768,-0.016812065616250038,base,no
365,1,0,0.4073334000459302,-1.0041030645370483,-0.6291030645370483,base,no
366,1,0,0.020332351487562173,-3.930265426635742,-0.055265333503484726,base,no
367,1,0,0.04742587587030561,-3.078279733657837,-0.07827979326248169,base,no
368,1,0,0.0005527786495296005,-7.506185531616211,-0.006185554433614016,base,no
369,1,0,0.0021827167293178456,-6.186103343963623,-0.06110347434878349,base,no
370,1,0,2.4300240652756347e-05,-10.631897926330566,-0.006897922605276108,base,no
371,1,0,0.0024726230923155334,-6.0131025314331055,-0.01310250535607338,base,no
372,1,0,0.00026119042239022735,-8.252955436706543,-0.0029558322858065367,base,no
373,1,0,0.06754669067036073,-2.7427704334259033,-0.11777042597532272,base,no
374,1,0,0.0008040860366445083,-7.135013103485107,-0.010013229213654995,base,no
375,1,0,0.002472623333512696,-6.006955623626709,-0.00695569533854723,base,no
376,1,0,0.01406362686245548,-4.279391765594482,-0.029391752555966377,base,no
377,1,0,1.3007124517418643e-05,-11.25060749053955,-0.0006071869283914566,base,no
378,1,0,0.0019267351146479695,-6.25781774520874,-0.007817979902029037,base,no
379,1,0,0.0758581737534831,-2.6213178634643555,-0.1213177740573883,base,no
380,1,0,0.0017007226233197678,-6.382786273956299,-0.007786398753523827,base,no
381,1,0,0.04208772401067611,-3.1974856853485107,-0.07248558849096298,base,no
382,1,0,0.0004305570761140214,-7.754284381866455,-0.004284369759261608,base,no
383,1,0,4.539787360669896e-05,-10.004026412963867,-0.004026520997285843,base,no
384,1,0,0.00020342689992046298,-8.505797386169434,-0.005797001998871565,base,no
385,1,0,0.00012339458463290654,-9.002862930297852,-0.0028630003798753023,base,no
386,1,0,5.8291255007746224e-05,-9.752367973327637,-0.0023677905555814505,base,no
387,1,0,0.1329642436335826,-2.029492139816284,-0.15449216961860657,base,no
388,1,0,0.0031726829661926866,-5.762786388397217,-0.01278642751276493,base,no
389,1,0,0.007577239727116409,-4.9126715660095215,-0.03767136111855507,base,no
390,1,0,0.008577485176115427,-4.769182205200195,-0.019182177260518074,base,no
391,1,0,0.001325022722845465,-6.647466659545898,-0.022466890513896942,base,no
392,1,0,0.11920291732853862,-2.2376506328582764,-0.23765058815479279,base,no
393,1,1,0.7057850278370112,-0.4218250513076782,-1.2968250513076782,base,yes
394,1,0,0.0005527787355848593,-7.503857612609863,-0.0038577911909669638,base,no
395,1,0,0.053403329046549465,-2.957587480545044,-0.08258746564388275,base,no
396,1,0,0.000911051314775407,-7.025394439697266,-0.02539457194507122,base,no
397,1,0,0.0001233945480353568,-9.000673294067383,-0.0006730675231665373,base,no
398,1,0,0.00033535028165634055,-8.003754615783691,-0.003755066776648164,base,no
399,1,0,0.008577487314484681,-4.776568412780762,-0.026568636298179626,base,no
400,1,0,0.025957355973344448,-3.6631884574890137,-0.03818840906023979,base,no
401,1,0,0.0019267348280952628,-6.2627177238464355,-0.012717809528112411,base,no
402,1,0,0.00013982213488890945,-8.879429817199707,-0.004430240951478481,base,no
403,1,0,0.012431648086171445,-4.397492408752441,-0.02249218337237835,base,no
404,1,0,0.0007096703112590121,-7.255476951599121,-0.00547682773321867,base,no
405,1,0,0.0001233945425485979,-9.00918960571289,-0.009189334698021412,base,no
406,1,0,0.001926734289018098,-6.252994060516357,-0.0029938658699393272,base,no
407,1,1,0.7772998560157665,-0.410817414522171,-1.6608173847198486,base,yes
408,1,0,0.00015843621010308337,-8.76358413696289,-0.013584080152213573,base,no
409,1,0,0.0009110512609458462,-7.005396842956543,-0.005396916065365076,base,no
410,1,0,0.00033534998107191585,-8.007519721984863,-0.007519276347011328,base,no
411,1,0,0.008577484795960948,-4.767218112945557,-0.01721804030239582,base,no
412,1,0,0.04208772701447818,-3.183011531829834,-0.058011509478092194,base,no
413,1,0,0.0006263341487821595,-7.384641170501709,-0.00964115560054779,base,no
414,1,0,0.012431649481112502,-4.4059858322143555,-0.030985720455646515,base,no
415,1,0,0.014063625080382796,-4.278798580169678,-0.028798438608646393,base,no
416,1,0,0.4073334000459302,-0.9919251799583435,-0.6169251799583435,base,no
417,1,0,0.0005527785787816398,-7.507936477661133,-0.007936372421681881,base,no
418,1,0,0.004070137428982242,-5.5250244140625,-0.02502434328198433,base,no
419,1,0,0.03732688386369013,-3.3222124576568604,-0.07221236079931259,base,no
420,1,0,0.004070137421431877,-5.519676685333252,-0.019676612690091133,base,no
421,1,0,3.1201907645466966e-05,-10.38859748840332,-0.013597368262708187,base,no
422,1,0,0.00013982211132247557,-8.880043029785156,-0.005043284967541695,base,no
423,1,0,0.00029595724357268943,-8.144782066345215,-0.019782505929470062,base,no
424,1,0,0.0002611902778752032,-8.253321647644043,-0.0033214897848665714,base,no
425,1,0,0.0019267350501736068,-6.280766487121582,-0.030766688287258148,base,no
426,1,0,0.0006263342647899725,-7.387447357177734,-0.01244752760976553,base,no
427,1,0,0.16451645470385742,-1.8901281356811523,-0.26512807607650757,base,no
428,1,0,0.0004305571598843388,-7.75899600982666,-0.008996192365884781,base,no
429,1,0,0.0035936022346033897,-5.6657280921936035,-0.040727995336055756,base,no
430,1,0,0.0021827167080198944,-6.129417896270752,-0.004418016877025366,base,no
431,1,0,0.0003353502110178057,-8.017261505126953,-0.017261745408177376,base,no
432,1,1,0.7981867777396212,-0.5058810710906982,-1.8808810710906982,base,yes
433,1,0,0.00012339462344240797,-9.006539344787598,-0.0065397294238209724,base,no
434,1,0,0.0006263342356422789,-7.376087188720703,-0.0010873125866055489,base,no
435,1,0,0.34864513533394575,-1.143943190574646,-0.518943190574646,base,no
436,1,0,0.00857748664921419,-4.784358978271484,-0.034359123557806015,base,no
437,1,0,0.03308597648187432,-3.437991142272949,-0.06299108266830444,base,no
438,1,0,0.0004305571574794491,-7.763610363006592,-0.013610539957880974,base,no
439,1,0,0.0010322309387993545,-6.895620822906494,-0.02062072791159153,base,no
440,1,0,0.04208772701447818,-3.2275781631469727,-0.10257814079523087,base,no
441,1,0,0.0002959570873358314,-8.133636474609375,-0.008636386133730412,base,no
442,1,0,0.00015843626308546465,-8.751437187194824,-0.001437464845366776,base,no
443,1,0,0.0675466911396291,-2.7194910049438477,-0.09449100494384766,base,no
444,1,0,0.000123394582047522,-9.00314712524414,-0.003147174371406436,base,no
445,1,0,0.04742587334586296,-3.056657552719116,-0.05665755644440651,base,no
446,1,0,0.003172683246007281,-5.759223461151123,-0.00922358874231577,base,no
447,1,0,0.012431648817943782,-4.401396751403809,-0.026396585628390312,base,no
448,1,0,0.0017007221299768398,-6.394573211669922,-0.019573045894503593,base,no
449,1,0,0.0011695101954287976,-6.7958292961120605,-0.04582923650741577,base,no
450,1,0,0.05340332565681314,-2.9700865745544434,-0.0950864925980568,base,no
451,1,0,0.0005527786328073543,-7.5013861656188965,-0.0013861581683158875,base,no
452,1,0,0.00013982202512925404,-8.890600204467773,-0.015599843114614487,base,no
453,1,0,0.022977370913592487,-3.794532060623169,-0.04453210532665253,base,no
454,1,0,0.06754668832401889,-2.751995086669922,-0.1269950419664383,base,no
455,1,0,0.014063629470997055,-4.269501209259033,-0.01950138434767723,base,no
456,1,0,0.0024726235884925795,-6.041372776031494,-0.04137295112013817,base,no
457,1,0,0.00033535000823455864,-8.004227638244629,-0.004227273631840944,base,no
458,1,0,4.5397849206931025e-05,-10.001663208007812,-0.0016627785516902804,base,no
459,1,0,0.5,-0.9346280097961426,-0.9346280097961426,base,no
460,1,0,0.22270014398423357,-1.5748769044876099,-0.32487693428993225,base,no
461,1,0,0.009708476123316394,-4.645862579345703,-0.02086254209280014,base,no
462,1,0,0.00010889687542138483,-9.127164840698242,-0.0021645228844136,base,no
463,1,0,0.05340332603345051,-3.001473903656006,-0.1264738291501999,base,no
464,1,0,0.1066905854244781,-2.378976345062256,-0.2539762556552887,base,no
465,1,0,0.0031726822357294403,-5.7789387702941895,-0.028938578441739082,base,no
466,1,0,1.1478764051399176e-05,-11.37619400024414,-0.0011936451774090528,base,no
467,1,0,0.0007096704152819324,-7.253579616546631,-0.0035796393640339375,base,no
468,1,0,2.7535678837566877e-05,-10.502476692199707,-0.002476246329024434,base,no
469,1,0,0.00043055702631277594,-7.753312587738037,-0.0033124599140137434,base,no
470,1,0,4.5397884070541084e-05,-10.004554748535156,-0.004555087070912123,base,no
471,1,0,6.605216227017585e-05,-9.626876831054688,-0.001877094735391438,base,no
472,1,0,0.007577240490485188,-4.889058589935303,-0.014058486558496952,base,no
473,1,0,0.001700722418550811,-6.378932952880859,-0.003932957071810961,base,no
474,1,1,0.7310585903489892,-0.3986949324607849,-1.3986949920654297,base,yes
475,1,0,0.00591106953484261,-5.160351276397705,-0.03535139188170433,base,no
476,1,0,0.0059110693487751855,-5.14124059677124,-0.01624068059027195,base,no
477,1,0,0.053403334696110465,-2.949707269668579,-0.07470736652612686,base,no
478,1,0,0.00012339454104045745,-9.001717567443848,-0.0017172842053696513,base,no
479,1,0,0.003593602813187038,-5.631368160247803,-0.00636822497472167,base,no
480,1,1,0.9465966671870767,-0.6856821179389954,-3.5606820583343506,base,yes
481,1,0,0.16451645470385742,-1.8901281356811523,-0.26512807607650757,base,no
482,1,0,0.0019267344913958867,-6.267531871795654,-0.017531782388687134,base,no
483,1,0,0.0004878572163331976,-7.632023334503174,-0.007023526355624199,base,no
484,1,0,0.07585818785594478,-2.612501859664917,-0.11250197142362595,base,no
485,1,0,1.8925156723704753e-05,-10.880480766296387,-0.005481214262545109,base,no
486,1,0,0.0002611902232793083,-8.254199981689453,-0.0041996147483587265,base,no
487,1,0,6.605215738767639e-05,-9.627361297607422,-0.002361487364396453,base,no
488,1,0,0.06754669583231304,-2.7655117511749268,-0.14051182568073273,base,no
489,1,0,0.002472623285273262,-6.068357944488525,-0.06835799664258957,base,no
490,1,0,0.0005527787063852409,-7.506542682647705,-0.006542808376252651,base,no
491,1,0,0.00020342698073073012,-8.501883506774902,-0.0018835199298337102,base,no
492,1,0,0.006692851778709875,-5.028817653656006,-0.028817782178521156,base,no
493,1,0,0.24508501313237172,-1.4922343492507935,-0.36723434925079346,base,no
494,1,0,0.1645164628965632,-1.8680939674377441,-0.24309396743774414,base,no
495,1,0,0.02595735757455145,-3.754711151123047,-0.12971116602420807,base,no
496,1,0,0.0008040858465861536,-7.127965927124023,-0.0029658162966370583,base,no
497,1,0,0.001926734706310375,-6.26564359664917,-0.015643619000911713,base,no
498,1,0,0.46879062662624377,-0.8347411751747131,-0.7097411751747131,base,no
499,1,0,0.08509904152653235,-2.5395169258117676,-0.164516881108284,base,no
500,1,0,0.03308597719693549,-3.4116435050964355,-0.03664346784353256,base,no
501,1,0,0.00037998457984254804,-7.883904457092285,-0.008904628455638885,base,no
502,1,0,0.006692849871732445,-5.027585983276367,-0.027585824951529503,base,no
503,1,0,0.00033535015934631234,-8.006097793579102,-0.006097879726439714,base,no
504,1,0,0.08509904732734556,-2.4788951873779297,-0.10389521718025208,base,no
505,1,0,0.29421496597446145,-1.276937484741211,-0.40193745493888855,base,no
506,1,0,0.0003799845642773836,-7.8858208656311035,-0.010820996016263962,base,no
507,1,0,0.025957354466326184,-3.661651849746704,-0.036651741713285446,base,no
508,1,0,0.005911070114935207,-5.137698173522949,-0.01269838772714138,base,no
509,1,0,0.00029595720044910394,-8.127211570739746,-0.002211864572018385,base,no
510,1,0,0.004070138671017493,-5.513932704925537,-0.013932940550148487,base,no
511,1,0,0.00970847719778945,-4.664535999298096,-0.03953607380390167,base,no
512,1,0,3.120189860112399e-05,-10.377693176269531,-0.0026927662547677755,base,no
513,1,0,6.605213023022138e-05,-9.628081321716309,-0.003081100294366479,base,no
514,1,0,0.00023050665953679899,-8.389959335327148,-0.014959064312279224,base,no
515,1,0,0.022977371080853633,-3.803572416305542,-0.05357246845960617,base,no
516,1,0,0.001926734212007087,-6.280047416687012,-0.030047181993722916,base,no
517,1,0,0.00857748566714832,-4.803220748901367,-0.053220778703689575,base,no
518,1,0,0.00026119032645218393,-8.252114295959473,-0.0021143241319805384,base,no
519,1,0,0.0005527785923523843,-7.501805305480957,-0.0018052248051390052,base,no
520,1,0,0.0004305570717050579,-7.7596049308776855,-0.009604908525943756,base,no
521,1,0,7.484619614527397e-05,-9.510323524475098,-0.01032310537993908,base,no
522,1,0,0.005911070032846627,-5.135400772094727,-0.010400972329080105,base,no
523,1,0,0.18242552158390105,-1.7468427419662476,-0.24684272706508636,base,no
524,1,0,0.0001088968617821342,-9.128335952758789,-0.003335509682074189,base,no
525,1,0,0.0040701385313356995,-5.517406940460205,-0.017407141625881195,base,no
526,1,0,0.1192029188930649,-2.2959508895874023,-0.29595085978507996,base,no
527,1,0,0.005220126351287435,-5.275537967681885,-0.025538094341754913,base,no
528,1,1,0.5926665999540697,-0.614753782749176,-0.989753782749176,base,yes
529,1,0,0.00020342704529846436,-8.501115798950195,-0.001116129569709301,base,no
530,1,0,0.0373268852023206,-3.32334566116333,-0.0733456015586853,base,no
531,1,0,0.0850990438468576,-2.5544214248657227,-0.17942140996456146,base,no
532,1,0,0.0028009269385071123,-5.888155460357666,-0.013155450113117695,base,no
533,1,0,0.08509903804604459,-2.5226166248321533,-0.14761653542518616,base,no
534,1,0,0.0007096702960683646,-7.268189907073975,-0.01818976178765297,base,no
535,1,0,0.11920292984474948,-2.160339593887329,-0.16033966839313507,base,no
536,1,0,0.0002959572387505629,-8.12966537475586,-0.004665798041969538,base,no
537,1,0,0.16451647108926923,-1.897395133972168,-0.27239519357681274,base,no
538,1,0,0.006692849605498626,-5.011206150054932,-0.011205951683223248,base,no
539,1,0,0.0001584362129061884,-8.76131820678711,-0.011318167671561241,base,no
540,1,0,0.00029595697615145085,-8.127435684204102,-0.0024352199397981167,base,no
541,1,0,0.001032231111661946,-6.879638671875,-0.00463874451816082,base,no
542,1,0,0.004070138365227625,-5.511952877044678,-0.011953037232160568,base,no
543,1,0,0.0002611902967831383,-8.253263473510742,-0.0032633880618959665,base,no
544,1,0,0.01406362559692558,-4.2840752601623535,-0.03407515585422516,base,no
545,1,0,0.06754668644694548,-2.72707200050354,-0.10207192599773407,base,no
546,1,0,0.1480471961522176,-1.9355462789535522,-0.18554626405239105,base,no
547,1,0,0.46879062662624377,-0.8771917223930359,-0.7521917223930359,base,no
548,1,0,0.08509904848750824,-2.5652756690979004,-0.19027571380138397,base,no
549,1,0,0.029312232235297192,-3.5607707500457764,-0.060770802199840546,base,no
550,1,0,4.006367516888135e-05,-10.1273193359375,-0.002318910090252757,base,no
551,1,0,6.605213384403838e-05,-9.640480995178223,-0.0154808284714818,base,no
552,1,0,0.01406362890279984,-4.410734176635742,-0.16073431074619293,base,no
553,1,0,0.00012339452209534184,-9.002324104309082,-0.0023236675187945366,base,no
554,1,0,0.2018132174596823,-1.6451023817062378,-0.2701023519039154,base,no
555,1,0,0.0373268852023206,-3.3365895748138428,-0.086589515209198,base,no
556,1,0,0.06008665227791171,-2.842742681503296,-0.09274271875619888,base,no
557,1,0,0.0002611902428560087,-8.255173683166504,-0.005173391196876764,base,no
558,1,0,0.003593602978258471,-5.638606548309326,-0.013606659136712551,base,no
559,1,0,8.481104985849424e-05,-9.377193450927734,-0.0021935468539595604,base,no
560,1,0,0.012431648589264923,-4.391765594482422,-0.0167654100805521,base,no
561,1,0,0.000709670481823586,-7.253842830657959,-0.003842947306111455,base,no
562,1,0,0.00043055710161586875,-7.751865386962891,-0.001865434111095965,base,no
563,1,0,0.0179862133836247,-4.060844421386719,-0.06084461510181427,base,no
564,1,0,0.0003799846040746803,-7.878485679626465,-0.003485914785414934,base,no
565,1,0,0.03308597624352061,-3.4377856254577637,-0.0627855584025383,base,no
566,1,0,0.0017007221489515653,-6.381919860839844,-0.006919706240296364,base,no
567,1,0,0.00029595708013708925,-8.126949310302734,-0.0019491974962875247,base,no
568,1,0,0.04742587738497127,-3.059192657470703,-0.05919275060296059,base,no
569,1,0,0.002800927097183982,-5.884585380554199,-0.00958542712032795,base,no
570,1,0,0.00015843623407700938,-8.754608154296875,-0.0046082488261163235,base,no
571,1,0,0.03308597648187432,-3.525526285171509,-0.150526225566864,base,no
572,1,0,0.01243165204231615,-4.400741100311279,-0.025741197168827057,base,no
573,1,0,0.033085976958581766,-3.419800281524658,-0.04480023682117462,base,no
574,1,0,0.004070137293075673,-5.50902795791626,-0.009027853608131409,base,no
575,1,0,0.03732688814730781,-3.3084144592285156,-0.058414481580257416,base,no
576,1,0,3.535623457463508e-05,-10.252922058105469,-0.002921600826084614,base,no
577,1,0,2.1444943467923927e-05,-10.753962516784668,-0.003962285816669464,base,no
578,1,0,0.000911051252892605,-7.007108688354492,-0.007108752615749836,base,no
579,1,0,0.0035936022212642864,-5.675873756408691,-0.05087365582585335,base,no
580,1,0,0.012431648840811669,-4.397410869598389,-0.02241070568561554,base,no
581,1,0,0.2942149783515162,-1.2966893911361694,-0.4216894209384918,base,no
582,1,0,0.09534946875514017,-2.396054744720459,-0.14605478942394257,base,no
583,1,0,0.03308597672022805,-3.429380416870117,-0.05438036471605301,base,no
584,1,0,0.16451646699291617,-1.831507921218872,-0.20650795102119446,base,no
585,1,0,0.0010322308101127773,-6.891569137573242,-0.016568917781114578,base,no
586,1,1,0.5312093733737563,-0.7282949090003967,-0.8532949090003967,base,yes
587,1,0,0.017986210093688976,-4.034742832183838,-0.03474283963441849,base,no
588,1,0,0.014063626165122665,-4.273293495178223,-0.023293431848287582,base,no
589,1,0,0.0007096704790166178,-7.258042812347412,-0.008042925037443638,base,no
590,1,0,0.0007096704208958682,-7.257113456726074,-0.007113487459719181,base,no
591,1,0,4.539784754222999e-05,-10.001187324523926,-0.0011868583969771862,base,no
592,1,0,0.5,-0.8456342220306396,-0.8456342220306396,base,no
593,1,0,1.0129993529285819e-05,-11.501184463500977,-0.0011847150744870305,base,no
594,1,0,0.10669059536584675,-2.2613189220428467,-0.13631893694400787,base,no
595,1,0,0.0015011825394242123,-6.503430366516113,-0.003430555108934641,base,no
596,1,0,9.610237263197838e-05,-9.25564193725586,-0.005641491152346134,base,no
597,1,0,0.009708475245830156,-4.641441822052002,-0.016441693529486656,base,no
598,1,0,0.0015011821652999018,-6.504295825958252,-0.004295764956623316,base,no
599,1,0,9.6102379880969e-05,-9.277928352355957,-0.027927981689572334,base,no
600,1,0,0.09534946875514017,-2.3931925296783447,-0.1431925743818283,base,no
601,1,0,0.09534946554178125,-2.374495506286621,-0.12449551373720169,base,no
602,1,0,0.0001233946221209888,-9.003581047058105,-0.003581420984119177,base,no
603,1,0,0.00048785701651569546,-7.64292573928833,-0.017925521358847618,base,no
604,1,0,0.0009110510023944564,-7.0038042068481445,-0.003803995903581381,base,no
605,1,0,0.00013982209693523477,-8.879410743713379,-0.004410895984619856,base,no
606,1,0,0.006692850676625449,-5.090386390686035,-0.09038635343313217,base,no
607,1,0,0.0015011819370561986,-6.510852813720703,-0.010852600447833538,base,no
608,1,0,0.0005527785494533968,-7.50700569152832,-0.007005533203482628,base,no
609,1,0,0.01590639077880068,-4.182248592376709,-0.05724853277206421,base,no
610,1,0,0.2018132270610754,-1.657665491104126,-0.28266552090644836,base,no
611,1,0,0.000911051319861665,-7.014955520629883,-0.014955658465623856,base,no
612,1,0,0.0010322310285918637,-6.882429122924805,-0.007429115008562803,base,no
613,1,0,0.000261190200237169,-8.252060890197754,-0.002060435013845563,base,no
614,1,0,0.00012339459460100085,-9.005133628845215,-0.0051337797194719315,base,no
615,1,0,0.01798621140966319,-4.029666900634766,-0.02966698259115219,base,no
616,1,0,0.00010889693104951724,-9.125897407531738,-0.0008976006065495312,base,no
617,1,0,0.012431649252433627,-4.401937961578369,-0.026937831193208694,base,no
618,1,0,0.003593602901558612,-5.6416215896606445,-0.016621679067611694,base,no
619,1,0,0.0024726235379560232,-6.011046409606934,-0.01104656420648098,base,no
620,1,0,3.726640752288872e-06,-12.503863334655762,-0.003863728605210781,base,no
621,1,0,0.1480471961522176,-1.9673535823822021,-0.21735356748104095,base,no
622,1,0,0.16451645675203383,-1.8628993034362793,-0.23789925873279572,base,no
623,1,0,0.22270013366638422,-1.6192907094955444,-0.36929067969322205,base,no
624,1,0,0.0008040858368587588,-7.143162727355957,-0.018162604421377182,base,no
625,1,0,0.015906388737832667,-4.165612697601318,-0.04061250761151314,base,no
626,1,0,0.002472623501202166,-6.008039474487305,-0.00803961418569088,base,no
627,1,0,0.0035936030449540014,-5.630851745605469,-0.0058518750593066216,base,no
628,1,0,1.8925154635131454e-05,-10.876770973205566,-0.0017713108099997044,base,no
629,1,0,0.0008040857538017764,-7.133988857269287,-0.008988630957901478,base,no
630,1,0,0.0019267343302100354,-6.257075309753418,-0.00707513652741909,base,no
631,1,0,4.0063697508675336e-05,-10.129548072814941,-0.004548204597085714,base,no
632,1,0,0.00017952796332871385,-8.634085655212402,-0.009085621684789658,base,no
633,1,0,0.03732688881662312,-3.296555757522583,-0.04655579850077629,base,no
634,1,0,0.10669060104662924,-2.303736448287964,-0.17873652279376984,base,no
635,1,0,0.0010322310079443878,-6.895963668823242,-0.02096364088356495,base,no
636,1,0,0.017986212791436227,-4.027782440185547,-0.02778260037302971,base,no
637,1,0,0.03308597898458846,-3.4239282608032227,-0.04892827942967415,base,no
638,1,0,0.0024726226512693534,-6.0544281005859375,-0.054427895694971085,base,no
639,1,0,0.04208772686428807,-3.186260938644409,-0.06126091256737709,base,no
640,1,0,0.2018132174596823,-1.6676900386810303,-0.2926900088787079,base,no
641,1,0,0.0004878572199662439,-7.6342926025390625,-0.009292801842093468,base,no
642,1,0,0.01798621358102086,-4.034155368804932,-0.034155573695898056,base,no
643,1,0,0.017986210060789622,-4.0257720947265625,-0.025772100314497948,base,no
644,1,0,0.13296425394084313,-2.1314425468444824,-0.256442666053772,base,no
645,1,0,0.0005527785167807072,-7.5065226554870605,-0.006522438023239374,base,no
646,1,0,0.29421497216298875,-1.284908413887024,-0.4099084138870239,base,no
647,1,0,0.009708477358960417,-4.641931533813477,-0.016931625083088875,base,no
648,1,0,0.10669059252545564,-2.2967565059661865,-0.17175649106502533,base,no
649,1,0,0.0420877273148584,-3.1879353523254395,-0.06293533742427826,base,no
650,1,0,0.00015843628807368055,-8.754507064819336,-0.00450750021263957,base,no
651,1,0,0.04208773212094217,-3.2221078872680664,-0.09710799157619476,base,no
652,1,0,0.13296424878721277,-2.038105010986328,-0.1631050854921341,base,no
653,1,0,0.033085976362697465,-3.4275994300842285,-0.05259936675429344,base,no
654,1,0,0.009708477627578704,-4.658510208129883,-0.03351032733917236,base,no
655,1,0,0.0004878572003250879,-7.627218723297119,-0.0022188823204487562,base,no
656,1,0,0.16451646699291617,-1.8602818250656128,-0.23528185486793518,base,no
657,1,0,0.001501182521276389,-6.505678653717041,-0.005678830202668905,base,no
658,1,0,0.00013982202088143992,-8.876640319824219,-0.0016399280866608024,base,no
659,1,0,0.00669285076330624,-5.01617431640625,-0.01617429219186306,base,no
660,1,0,0.5,-0.8154572248458862,-0.8154572248458862,base,no
661,1,0,0.0015011823921476538,-6.51120138168335,-0.011201472021639347,base,no
662,1,0,0.2018132198600306,-1.6221189498901367,-0.24711893498897552,base,no
663,1,0,0.0028009266445647384,-5.894485950469971,-0.01948583498597145,base,no
664,1,0,8.481101001322155e-05,-9.377974510192871,-0.0029741362668573856,base,no
665,1,0,0.0007096703132404009,-7.254226207733154,-0.004226086661219597,base,no
666,1,0,0.0021827165143099674,-6.155241012573242,-0.030241044238209724,base,no
667,1,0,0.00015843629316353162,-8.752763748168945,-0.0027642156928777695,base,no
668,1,0,0.008577483877254361,-4.77779483795166,-0.02779465727508068,base,no
669,1,0,0.007577242192307601,-4.897959232330322,-0.022959355264902115,base,no
670,1,0,0.01590639474411069,-4.184596061706543,-0.05959625542163849,base,no
671,1,0,0.29421496597446145,-1.2578357458114624,-0.38283571600914,base,no
672,1,0,1.3709568688246509e-06,-13.501956939697266,-0.0019566931296139956,base,no
673,1,0,0.0004305569995583868,-7.751864910125732,-0.0018647201359272003,base,no
674,1,0,0.007577241099779587,-4.899571418762207,-0.02457139641046524,base,no
675,1,0,0.0028009265327105684,-5.882089614868164,-0.007089459337294102,base,no
676,1,0,0.053403333566198224,-2.9980108737945557,-0.12301094830036163,base,no
677,1,0,5.144223520447346e-05,-9.880572319030762,-0.0055727362632751465,base,no
678,1,0,0.014063628541219805,-4.268110752105713,-0.018110860139131546,base,no
679,1,0,0.0004878570089090081,-7.628584861755371,-0.003584628226235509,base,no
680,1,0,0.0017007223972042415,-6.38909387588501,-0.014093867503106594,base,no
681,1,0,7.484624141591495e-05,-9.502412796020508,-0.0024129818193614483,base,no
682,1,0,0.18242552825126704,-1.755417823791504,-0.2554178535938263,base,no
683,1,0,0.025957355125646668,-3.674474000930786,-0.04947391897439957,base,no
684,1,0,0.00033535011532407954,-8.007497787475586,-0.007497742306441069,base,no
685,1,0,0.0203323520069892,-3.905649185180664,-0.03064911812543869,base,no
686,1,0,0.010986940687560063,-4.522364139556885,-0.02236396074295044,base,no
687,1,0,0.14804720179063335,-2.0520927906036377,-0.3020928204059601,base,no
688,1,0,5.144222765914508e-05,-9.880156517028809,-0.0051567875780165195,base,no
689,1,0,0.017986208251325228,-4.026602745056152,-0.026602648198604584,base,no
690,1,0,0.029312230963347865,-3.5798137187957764,-0.07981372624635696,base,no
691,1,0,0.2018132270610754,-1.7031298875808716,-0.32812991738319397,base,no
692,1,0,0.18242552825126704,-1.777174949645996,-0.2771749794483185,base,no
693,1,0,0.00029595719197594015,-8.127999305725098,-0.002999570919200778,base,no
694,1,0,0.00037998445072245294,-7.881061553955078,-0.00606138538569212,base,no
695,1,0,2.4300243003532137e-05,-10.626840591430664,-0.0018406844465062022,base,no
696,1,0,0.08509904152653235,-2.516225814819336,-0.14122577011585236,base,no
697,1,0,0.015906390953740808,-4.155957221984863,-0.0309571735560894,base,no
698,1,0,0.02033235371367809,-3.906432867050171,-0.03143288567662239,base,no
699,1,0,9.610244869047335e-05,-9.251102447509766,-0.0011027929140254855,base,no
700,1,0,0.0004305570292186835,-7.762192249298096,-0.012192128226161003,base,no
701,1,0,0.24508501864634827,-1.4336435794830322,-0.3086436092853546,base,no
702,1,0,0.09534946232842245,-2.4643681049346924,-0.21436807513237,base,no
703,1,0,0.005220125519453666,-5.2824554443359375,-0.032455410808324814,base,no
704,1,0,0.04208772521219692,-3.1981465816497803,-0.0731465145945549,base,no
705,1,0,5.144219627418392e-05,-9.876452445983887,-0.0014521064003929496,base,no
706,1,1,0.7057850278370112,-0.7937303781509399,-1.66873037815094,base,yes
707,1,0,0.2689414096510108,-1.4290547370910645,-0.4290546774864197,base,no
708,1,0,0.00033535014701384234,-8.003921508789062,-0.003921558149158955,base,no
709,1,0,0.00023050662669893592,-8.410293579101562,-0.03529316559433937,base,no
710,1,0,9.61024457483654e-05,-9.267243385314941,-0.017243700101971626,base,no
711,1,0,0.012431650258620695,-4.414559841156006,-0.03955979272723198,base,no
712,1,0,0.002472623009619369,-6.0407185554504395,-0.04071849584579468,base,no
713,1,0,0.0040701384407312935,-5.5382161140441895,-0.03821629285812378,base,no
714,1,0,0.22270013366638422,-1.6095972061157227,-0.35959717631340027,base,no
715,1,0,0.06008665522337757,-2.850172519683838,-0.10017260909080505,base,no
716,1,0,0.00359360311498431,-5.643559455871582,-0.01855960488319397,base,no
717,1,0,0.00033534999761927276,-8.006622314453125,-0.006621918175369501,base,no
718,1,0,0.010986941456677298,-4.519768238067627,-0.019768130034208298,base,no
719,1,0,0.04742587452393617,-3.070640802383423,-0.07064083218574524,base,no
720,1,0,0.00015843625631743933,-8.753748893737793,-0.0037491286639124155,base,no
721,1,0,0.00026119030818261757,-8.251849174499512,-0.0018491327064111829,base,no
722,1,0,0.0002611902456526804,-8.272552490234375,-0.022552208974957466,base,no
723,1,0,0.0001233946341286681,-9.004364967346191,-0.004365438595414162,base,no
724,1,0,0.0003799844539062356,-7.8966779708862305,-0.021677810698747635,base,no
725,1,1,0.7772998714925403,-0.3782891631126404,-1.6282892227172852,base,yes
726,1,0,0.09534945718704857,-2.61393404006958,-0.3639339506626129,base,no
727,1,0,0.029312228101462088,-3.5539679527282715,-0.05396785959601402,base,no
728,1,0,0.029312229267415526,-3.565190076828003,-0.06519002467393875,base,no
729,1,0,0.0015011820145334148,-6.507433891296387,-0.007433729711920023,base,no
730,1,0,0.0005527787524357413,-7.50437068939209,-0.004370898474007845,base,no
731,1,0,0.007577240399441201,-4.903233051300049,-0.028232935816049576,base,no
732,1,0,0.014063623789025917,-4.279202938079834,-0.02920270338654518,base,no
733,1,0,4.539786041591961e-05,-10.005059242248535,-0.005059059709310532,base,no
734,1,0,0.000804085838355281,-7.1299519538879395,-0.004951832816004753,base,no
735,1,0,0.00218271640477766,-6.145867347717285,-0.020867329090833664,base,no
736,1,0,0.017986213186228537,-4.027756214141846,-0.027756396681070328,base,no
737,1,0,0.0019267347779485435,-6.312342166900635,-0.06234222650527954,base,no
738,1,0,4.7850967064015595e-06,-12.253419876098633,-0.0034203382674604654,base,no
739,1,0,0.0002959570716294852,-8.132589340209961,-0.007589198648929596,base,no
740,1,0,0.002800927258462121,-5.898052215576172,-0.023052319884300232,base,no
741,1,0,0.22270013366638422,-1.603838562965393,-0.3538385331630707,base,no
742,1,0,0.40733341443526055,-1.2382090091705322,-0.863209068775177,base,no
743,1,0,3.7266403822263854e-06,-12.501038551330566,-0.0010388459777459502,base,no
744,1,0,0.00591107012588035,-5.149909019470215,-0.024909235537052155,base,no
745,1,0,0.006692849487860429,-5.120415210723877,-0.12041499465703964,base,no
746,1,1,0.5312093733737563,-0.8469878435134888,-0.9719878435134888,base,yes
747,1,0,0.005911068484108996,-5.15073823928833,-0.025738175958395004,base,no
748,1,0,0.00010889692944601707,-9.132323265075684,-0.007323443423956633,base,no
749,1,0,0.0010322311596793377,-6.88152551651001,-0.006525635719299316,base,no
750,1,0,0.000487857170976888,-7.626901149749756,-0.0019012485863640904,base,no
751,1,0,0.24508502416032488,-1.487743616104126,-0.36274367570877075,base,no
752,1,0,1.3007133978199238e-05,-11.25058650970459,-0.0005869334563612938,base,no
753,1,0,0.10669060388702058,-2.3647708892822266,-0.23977099359035492,base,no
754,1,0,0.0028009275159869102,-5.888031005859375,-0.013031202368438244,base,no
755,1,0,0.06754669348597103,-2.7183477878570557,-0.09334782510995865,base,no
756,1,0,0.002182716857105557,-6.138696193695068,-0.013696382753551006,base,no
757,1,0,0.0028009268344567104,-5.880352973937988,-0.005352926440536976,base,no
758,1,0,0.18242552602881168,-1.7130399942398071,-0.21304000914096832,base,no
759,1,0,0.0002305066654390298,-8.380955696105957,-0.00595545070245862,base,no
760,1,0,0.00015843629316353162,-8.752763748168945,-0.0027642156928777695,base,no
761,1,0,0.01406362399564301,-4.282214641571045,-0.03221442177891731,base,no
762,1,0,0.022977368404675395,-3.7919559478759766,-0.04195588082075119,base,no
763,1,0,0.025957358893192575,-3.7335267066955566,-0.10852677375078201,base,no
764,1,0,0.0004305570067730534,-7.756178855895996,-0.006178682669997215,base,no
765,1,0,0.0002034270065625568,-8.50424861907959,-0.004248759243637323,base,no
766,1,0,0.007577240469475037,-4.89875602722168,-0.02375592105090618,base,no
767,1,0,0.01098694303539179,-4.517156600952148,-0.017156638205051422,base,no
768,1,0,0.03732688881662312,-3.3028550148010254,-0.052855055779218674,base,no
769,1,0,0.18242551713899047,-1.7266135215759277,-0.22661347687244415,base,no
770,1,0,0.008577485936424434,-4.770278453826904,-0.02027851529419422,base,no
771,1,0,0.37754066879814546,-1.126704454421997,-0.6267044544219971,base,no
772,1,0,0.0003353502704946705,-8.002650260925293,-0.002650678623467684,base,no
773,1,0,0.0002959572143643816,-8.136533737182617,-0.011534078046679497,base,no
774,1,0,0.11920292358664389,-2.234722137451172,-0.23472215235233307,base,no
775,1,0,3.535623927494968e-05,-10.252427101135254,-0.0024267768021672964,base,no
776,1,1,0.9046505376715775,-0.27044960856437683,-2.520449638366699,base,yes
777,1,0,1.8925147696355037e-05,-10.875879287719727,-0.0008792586741037667,base,no
778,1,0,0.02297737032817847,-3.8018014430999756,-0.05180146172642708,base,no
779,1,0,0.18242552380635632,-1.7505403757095337,-0.2505403757095337,base,no
780,1,0,0.0021827166218139037,-6.129149436950684,-0.004149517975747585,base,no
781,1,0,0.010986941982915435,-4.595909595489502,-0.09590953588485718,base,no
782,1,0,0.001926734931970614,-6.252280235290527,-0.002280374988913536,base,no
783,1,0,0.0002611904418453482,-8.252847671508789,-0.0028481415938585997,base,no
784,1,0,3.120190076595444e-05,-10.377433776855469,-0.0024334362242370844,base,no
785,1,0,0.00026119019896042784,-8.252667427062988,-0.002666966989636421,base,no
786,1,0,0.0066928515310504385,-5.025713920593262,-0.02571401186287403,base,no
787,1,0,0.015906395210617815,-4.269491195678711,-0.14449141919612885,base,no
788,1,0,1.670142044822161e-05,-11.004273414611816,-0.004273330792784691,base,no
789,1,0,0.0001795279601316177,-8.626137733459473,-0.0011376821203157306,base,no
790,1,0,0.0001398220781211528,-8.883054733276367,-0.008054750971496105,base,no
791,1,0,0.03308597743528921,-3.4443094730377197,-0.06930944323539734,base,no
792,1,0,0.002800927414537748,-5.9325432777404785,-0.05754343792796135,base,no
793,1,0,0.007577243046720642,-4.900598049163818,-0.02559828571975231,base,no
794,1,0,5.144220968210526e-05,-9.878034591674805,-0.003034512745216489,base,no
795,1,1,0.5312093733737563,-0.754069447517395,-0.879069447517395,base,yes
796,1,0,4.0063675882448695e-05,-10.12641716003418,-0.001416751998476684,base,no
797,1,0,0.11920291576401235,-2.2741096019744873,-0.27410954236984253,base,no
798,1,0,0.2018132174596823,-1.6676900386810303,-0.2926900088787079,base,no
799,1,0,0.00029595703635909663,-8.138459205627441,-0.013458944857120514,base,no
800,1,0,0.01406362549361702,-4.300994873046875,-0.050994761288166046,base,no
801,1,0,8.481105755901986e-05,-9.379639625549316,-0.004639812279492617,base,no
802,1,0,0.0011695100137466014,-6.753478527069092,-0.0034783119335770607,base,no
803,1,0,0.00317268334320604,-5.77334451675415,-0.023344675078988075,base,no
804,1,0,0.00026119019993318303,-8.261865615844727,-0.011865159496665001,base,no
805,1,0,8.481107570462018e-05,-9.377518653869629,-0.0025190545711666346,base,no
806,1,0,0.2689414213699951,-1.3541513681411743,-0.3541513681411743,base,no
807,1,0,0.0008040858391035421,-7.127237319946289,-0.002237199805676937,base,no
808,1,0,0.02595735569077852,-3.6816484928131104,-0.056648433208465576,base,no
809,1,0,1.3007131797737032e-05,-11.256050109863281,-0.006050365976989269,base,no
810,1,0,0.001501182189729658,-6.511659145355225,-0.011659100651741028,base,no
811,1,0,6.605216220097506e-05,-9.630949974060059,-0.005950236693024635,base,no
812,1,0,0.009708475335369565,-4.641484260559082,-0.01648414134979248,base,no
813,1,0,0.0017007222533125584,-6.383650779724121,-0.008650686591863632,base,no
814,1,0,7.484621161883871e-05,-9.50232982635498,-0.0023296140134334564,base,no
815,1,0,0.022977368739197652,-3.8127171993255615,-0.06271714717149734,base,no
816,1,0,0.00033535009659121625,-8.005136489868164,-0.005136388819664717,base,no
817,1,0,0.0013250224344665954,-6.636240005493164,-0.011240018531680107,base,no
818,1,0,4.539786154685967e-05,-10.001490592956543,-0.001490435330197215,base,no
819,1,0,0.00037998443975609074,-7.881908893585205,-0.00690869614481926,base,no
820,1,1,0.5621765008857981,-0.8402516841888428,-1.0902516841888428,base,yes
821,1,0,0.001325022202161441,-6.62917947769165,-0.00417931517586112,base,no
822,1,0,4.006369590431394e-05,-10.130714416503906,-0.00571450823917985,base,no
823,1,0,0.001032230829319728,-6.885022163391113,-0.010021962225437164,base,no
824,1,0,0.005220125819300707,-5.268348693847656,-0.01834871806204319,base,no
825,1,0,0.0007096704407097595,-7.257900714874268,-0.007900773547589779,base,no
826,1,0,4.5397888573164795e-05,-10.00989818572998,-0.009898623451590538,base,no
827,1,0,0.0019267345558702305,-6.259307384490967,-0.00930732861161232,base,no
828,1,0,0.0013250226390430521,-6.661573886871338,-0.03657405450940132,base,no
829,1,0,0.04208773242132242,-3.204864025115967,-0.07986413687467575,base,no
830,1,0,0.46879062662624377,-0.8004564046859741,-0.6754564046859741,base,no
831,1,0,0.0003353502316239624,-8.009947776794434,-0.00994807854294777,base,no
832,1,0,0.025957355031458025,-3.660201072692871,-0.03520098701119423,base,no
833,1,0,0.000430557059279797,-7.7562737464904785,-0.006273695267736912,base,no
834,1,0,0.07585818576669104,-2.5890514850616455,-0.08905156701803207,base,no
835,1,0,0.00012339456978130932,-9.002205848693848,-0.002205798402428627,base,no
836,1,0,0.0010322312432296044,-6.883477687835693,-0.008477888070046902,base,no
837,1,0,0.00012339456552978859,-9.002748489379883,-0.0027484046295285225,base,no
838,1,0,9.610243773867282e-05,-9.253049850463867,-0.0030500818975269794,base,no
839,1,0,0.0002959571072787591,-8.126901626586914,-0.0019016055157408118,base,no
840,1,0,0.2018132270610754,-1.6718080043792725,-0.29680803418159485,base,no
841,1,0,5.1442189414527425e-05,-9.875480651855469,-0.0004801789182238281,base,no
842,1,0,0.0009110512329714298,-7.007358074188232,-0.007358116563409567,base,no
843,1,0,0.001501181973351831,-6.506572723388672,-0.006572534330189228,base,no
844,1,0,9.610239241008984e-05,-9.25218391418457,-0.0021836739033460617,base,no
845,1,0,0.00013982207069968176,-8.888166427612305,-0.013166392222046852,base,no
846,1,0,6.962258015424273e-06,-11.877482414245605,-0.002482667798176408,base,no
847,1,0,0.012431649526848275,-4.401247024536133,-0.026246916502714157,base,no
848,1,0,0.047425867792089564,-3.078813076019287,-0.07881295680999756,base,no
849,1,0,0.00037998446646448963,-7.880975723266602,-0.0059755961410701275,base,no
850,1,0,1.67014156186587e-05,-11.00490665435791,-0.004906281363219023,base,no
851,1,0,0.004609571683681904,-5.407013893127441,-0.03201378509402275,base,no
852,1,0,0.14804719991116141,-1.9422237873077393,-0.19222380220890045,base,no
853,1,0,0.0001584361901862861,-8.760380744934082,-0.010380562394857407,base,no
854,1,0,0.008577485801786376,-4.7651190757751465,-0.01511912140995264,base,no
855,1,0,0.0953494738965146,-2.4386885166168213,-0.18868862092494965,base,no
856,1,0,6.962257336218716e-06,-11.880785942077637,-0.005786098074167967,base,no
857,1,0,0.0004305570396398693,-7.754994869232178,-0.004994772374629974,base,no
858,1,0,0.0007096704011645351,-7.251462459564209,-0.00146246247459203,base,no
859,1,0,0.0850990438468576,-2.4986419677734375,-0.1236419528722763,base,no
860,1,0,0.0015011820263992953,-6.513755798339844,-0.013755644671618938,base,no
861,1,0,0.00043055710306882277,-7.753470420837402,-0.0034704713616520166,base,no
862,1,0,0.24508502416032488,-1.5013799667358398,-0.3763800263404846,base,no
863,1,0,0.0004878570735090883,-7.630537509918213,-0.005537408869713545,base,no
864,1,0,0.00013982204270641726,-8.890059471130371,-0.015059235505759716,base,no
865,1,0,0.34864513533394575,-1.2616177797317505,-0.6366177797317505,base,no
866,1,0,0.014063625028728518,-4.281337261199951,-0.03133711591362953,base,no
867,1,0,0.0015011822762807977,-6.506929874420166,-0.00692988745868206,base,no
868,1,0,0.005220124764999895,-5.269165515899658,-0.019165337085723877,base,no
869,1,0,0.00037998454716454727,-7.876317501068115,-0.0013175864005461335,base,no
870,1,0,0.047425875197120895,-3.1079251766204834,-0.10792522132396698,base,no
871,1,0,0.08509904268669496,-2.5026979446411133,-0.1276979148387909,base,no
872,1,0,3.120192566151542e-05,-10.377297401428223,-0.0022978587076067924,base,no
873,1,0,0.00010889693426285558,-9.126834869384766,-0.001835091970860958,base,no
874,1,0,0.001926734645417934,-6.275106430053711,-0.02510642074048519,base,no
875,1,0,0.29421497216298875,-1.5100644826889038,-0.6350644826889038,base,no
876,1,0,0.0035936021212210133,-5.6411662101745605,-0.01616608165204525,base,no
877,1,0,0.025957354466326184,-3.662048816680908,-0.03704870864748955,base,no
878,1,0,0.0017007223892981048,-6.386646270751953,-0.01164625771343708,base,no
879,1,0,0.020332353268454884,-3.91233229637146,-0.03733229264616966,base,no
880,1,0,0.02033235556877487,-3.9129414558410645,-0.03794156759977341,base,no
881,1,0,0.00026119032748573684,-8.254517555236816,-0.0045175873674452305,base,no
882,1,0,0.1480471829959148,-2.04447078704834,-0.2944706678390503,base,no
883,1,0,0.006692851394837752,-5.032077789306641,-0.032077860087156296,base,no
884,1,0,0.00033535021226666366,-8.003414154052734,-0.0034143980592489243,base,no
885,1,0,0.00012339460339130947,-9.005096435546875,-0.005096657667309046,base,no
886,1,0,0.00037998447796148304,-7.878079414367676,-0.0030793175101280212,base,no
887,1,0,0.00043055702781583154,-7.754392623901367,-0.004392499569803476,base,no
888,1,0,0.03308597803117354,-3.428940534591675,-0.05394052341580391,base,no
889,1,0,0.015906392761455564,-4.203497409820557,-0.07849747687578201,base,no
890,1,0,0.0052201268349117815,-5.281351566314697,-0.031351786106824875,base,no
891,1,0,0.0002959571498856747,-8.140246391296387,-0.015246514230966568,base,no
892,1,0,0.00015843626675532047,-8.757624626159668,-0.0076249269768595695,base,no
893,1,0,0.32082130082460697,-1.2724778652191162,-0.5224778652191162,base,no
894,1,0,0.001501182424255338,-6.56759786605835,-0.06759797781705856,base,no
895,1,0,0.003593602901558612,-5.6416215896606445,-0.016621679067611694,base,no
896,1,0,0.00043055701118201634,-7.755941867828369,-0.005941704846918583,base,no
897,1,0,0.0001233945799504879,-9.002705574035645,-0.0027056061662733555,base,no
898,1,0,0.0009110510697873525,-7.009277820587158,-0.009277683682739735,base,no
899,1,0,0.0035936022879598023,-5.648475646972656,-0.023475565016269684,base,no
900,1,0,0.006692851320539924,-5.076648712158203,-0.0766487717628479,base,no
901,1,0,0.025957356632664963,-3.67264723777771,-0.04764721542596817,base,no
902,1,0,0.0008040859236570559,-7.151815414428711,-0.026815399527549744,base,no
903,1,1,0.7772998611746911,-0.7028744220733643,-1.9528744220733643,base,yes
904,1,0,0.0001233945441860076,-9.002496719360352,-0.0024964616168290377,base,no
905,1,0,0.0006263342473013561,-7.3803839683532715,-0.0053841108456254005,base,no
906,1,1,0.7310585903489892,-0.4467269778251648,-1.4467270374298096,base,yes
907,1,0,4.0063675882448695e-05,-10.12602710723877,-0.0010266992030665278,base,no
908,1,0,0.033085976362697465,-3.42549467086792,-0.05049460753798485,base,no
909,1,0,0.24508500761839525,-1.4628041982650757,-0.3378041684627533,base,no
910,1,0,0.017986208251325228,-4.036195278167725,-0.03619518131017685,base,no
911,1,0,0.004609571863156699,-5.389649868011475,-0.014649799093604088,base,no
912,1,0,0.000626334125464009,-7.416251182556152,-0.041251130402088165,base,no
913,1,0,0.02297736798652257,-3.7891807556152344,-0.03918066993355751,base,no
914,1,0,0.003593603415114218,-5.64284086227417,-0.017841095104813576,base,no
915,1,0,0.0011695102204508985,-6.763094425201416,-0.013094387017190456,base,no
916,1,0,0.00010889694578524122,-9.126562118530273,-0.0015624469378963113,base,no
917,1,0,0.04742586846527418,-3.077608346939087,-0.07760824263095856,base,no
918,1,0,0.012431651447750972,-4.401791095733643,-0.026791144162416458,base,no
919,1,0,0.007577240875671297,-4.908672332763672,-0.0336722806096077,base,no
920,1,0,0.16451645470385742,-1.8901281356811523,-0.26512807607650757,base,no
921,1,0,2.561282065549045e-06,-12.876032829284668,-0.001032772590406239,base,no
922,1,0,0.004070138017910765,-5.513850688934326,-0.013850763440132141,base,no
923,1,0,0.01798621364681958,-4.14198637008667,-0.14198657870292664,base,no
924,1,0,0.012431653505861328,-4.404855728149414,-0.029855944216251373,base,no
925,1,0,0.00017952793766836197,-8.631570816040039,-0.006570639554411173,base,no
926,1,0,0.11920293297380237,-2.1672563552856445,-0.1672564595937729,base,no
927,1,0,0.02931223212930141,-3.5441243648529053,-0.04412441328167915,base,no
928,1,0,0.10669060104662924,-2.260890007019043,-0.13589008152484894,base,no
929,1,0,0.037326887344129464,-3.3225224018096924,-0.07252240180969238,base,no
930,1,0,0.00017952791217518209,-8.6446533203125,-0.01965300180017948,base,no
931,1,0,0.0002611904175264474,-8.252118110656738,-0.002118487609550357,base,no
932,1,0,0.003172682318201089,-5.763791084289551,-0.0137909185141325,base,no
933,1,0,0.033085975409282604,-3.4231226444244385,-0.048122551292181015,base,no
934,1,0,0.04208772521219692,-3.2095494270324707,-0.08454935997724533,base,no
935,1,0,7.4846208290628e-05,-9.501477241516113,-0.001476984703913331,base,no
936,1,0,0.014063628567046951,-4.2733869552612305,-0.023387065157294273,base,no
937,1,0,4.539785624095419e-05,-10.002144813537598,-0.0021445390302687883,base,no
938,1,0,4.006367606433841e-05,-10.125303268432617,-0.00030286493711173534,base,no
939,1,0,7.484620081522336e-05,-9.502760887145996,-0.002760530449450016,base,no
940,1,0,8.939695320289153e-06,-11.626083374023438,-0.0010832638945430517,base,no
941,1,0,0.002472623707942624,-6.0112738609313965,-0.011274084448814392,base,no
942,1,0,0.022977369993656186,-3.8016557693481445,-0.05165577307343483,base,no
943,1,0,4.539786567954745e-05,-10.001151084899902,-0.0011510183103382587,base,no
944,1,0,0.004070136779650893,-5.574650287628174,-0.07465005666017532,base,no
945,1,0,0.033085974694221476,-3.4228198528289795,-0.04781973734498024,base,no
946,1,0,0.029312230751356316,-3.580777645111084,-0.08077764511108398,base,no
947,1,0,0.006692850589944659,-5.015450477600098,-0.015450427308678627,base,no
948,1,0,0.2942149783515162,-1.317445158958435,-0.44244518876075745,base,no
949,1,0,0.10669060246682488,-2.3112051486968994,-0.18620523810386658,base,no
950,1,0,0.46879062662624377,-0.8255476355552673,-0.7005476355552673,base,no
951,1,0,0.0019267345487064141,-6.257702827453613,-0.007702767848968506,base,no
952,1,0,0.4073334000459302,-1.1977609395980835,-0.8227609395980835,base,no
953,1,0,0.2689414213699951,-1.4322880506515503,-0.4322880506515503,base,no
954,1,0,0.0019267345881074033,-6.281093120574951,-0.031093081459403038,base,no
955,1,0,0.00012339453166126035,-9.003684997558594,-0.003684638300910592,base,no
956,1,0,0.0006263340123709902,-7.386251449584961,-0.011251216754317284,base,no
957,1,0,0.00029595699847098856,-8.130736351013184,-0.005735962186008692,base,no
958,1,0,0.004070136870255261,-5.5107645988464355,-0.010764390230178833,base,no
959,1,0,0.01590639188675485,-4.149440288543701,-0.024440299719572067,base,no
960,1,0,0.0008040857489380794,-7.132298469543457,-0.007298237178474665,base,no
961,1,0,0.2689414213699951,-1.72395920753479,-0.72395920753479,base,no
962,1,0,0.004609572576782731,-5.388228893280029,-0.013228979893028736,base,no
963,1,0,1.6701417399608466e-05,-11.010004997253418,-0.010004730895161629,base,no
964,1,0,3.12019006424574e-05,-10.387024879455566,-0.012024534866213799,base,no
965,1,0,0.3486451217982255,-1.145815134048462,-0.5208150744438171,base,no
966,1,0,0.11920292671569666,-2.1472854614257812,-0.14728550612926483,base,no
967,1,0,0.006692850704487133,-5.007559299468994,-0.007559266407042742,base,no
968,1,0,8.48110713014981e-05,-9.381266593933105,-0.006266942713409662,base,no
969,1,0,0.0009110510922516524,-7.0074591636657715,-0.007459051441401243,base,no
970,1,0,0.001501182565249961,-6.504786968231201,-0.004787174053490162,base,no
971,1,0,0.22270012850745968,-1.6249418258666992,-0.37494176626205444,base,no
972,1,0,0.09534945975773548,-2.3960676193237305,-0.1460675597190857,base,no
973,1,0,0.000139822125319114,-8.879498481750488,-0.004498837050050497,base,no
974,1,0,0.0010322309791339567,-6.8857502937316895,-0.010750237852334976,base,no
975,1,0,0.025957358704815272,-3.6631641387939453,-0.03816419839859009,base,no
976,1,0,1.4738982312940042e-05,-11.125438690185547,-0.00043871314846910536,base,no
977,1,0,0.033085982083187186,-3.429753541946411,-0.054753657430410385,base,no
978,1,0,0.00132502216334122,-6.639048099517822,-0.014047907665371895,base,no
979,1,0,0.0028009268838806506,-5.8853888511657715,-0.010388821363449097,base,no
980,1,0,0.002472622648972238,-6.01125955581665,-0.0112593499943614,base,no
981,1,0,0.003172682718777697,-5.7607927322387695,-0.010792693123221397,base,no
982,1,0,0.0002959569795958239,-8.137161254882812,-0.012160802260041237,base,no
983,1,0,0.0009110511681216504,-7.011327743530273,-0.011327714659273624,base,no
984,1,0,0.0035936031199864747,-5.632294654846191,-0.007294805254787207,base,no
985,1,0,6.605214304005013e-05,-9.62696647644043,-0.0019664489664137363,base,no
986,1,0,0.033085978269527264,-3.4199059009552,-0.0449058972299099,base,no
987,1,0,0.22270013366638422,-1.57904851436615,-0.3290484845638275,base,no
988,1,0,0.0004878570745308823,-7.628513336181641,-0.003513237228617072,base,no
989,1,0,0.005220125986151084,-5.255904674530029,-0.005904730875045061,base,no
990,1,0,0.0001398220195957031,-8.881568908691406,-0.006568507757037878,base,no
991,1,0,0.2018132270610754,-1.664658784866333,-0.2896588146686554,base,no
992,1,0,0.01798621351522214,-4.047419548034668,-0.047419749200344086,base,no
993,1,0,0.008577485762186948,-4.77886962890625,-0.028869669884443283,base,no
994,1,0,0.00015843624152736866,-8.751176834106445,-0.001176975667476654,base,no
995,1,0,0.0007096702341499683,-7.253902435302734,-0.003902202704921365,base,no
996,1,0,0.00010889688132834708,-9.137993812561035,-0.01299354899674654,base,no
997,1,0,0.0005527786091389454,-7.519699573516846,-0.019699523225426674,base,no
998,1,0,2.144495169627895e-05,-10.756857872009277,-0.006858024746179581,base,no
999,1,0,0.00017952801393896262,-8.62864875793457,-0.003649006364867091,base,no
1000,1,0,0.002472623303650189,-6.020481109619141,-0.0204811692237854,base,no
1001,1,0,0.07585818002124356,-2.586146116256714,-0.08614611625671387,base,no
1002,1,0,0.020332353936289693,-3.904940605163574,-0.029940634965896606,base,no
1003,1,0,0.000335350164810065,-8.010735511779785,-0.010735614225268364,base,no
1004,1,1,0.7772998508568416,-0.4742200970649719,-1.7242200374603271,base,yes
1005,1,0,0.001169510376023104,-6.76328182220459,-0.013281917199492455,base,no
1006,1,0,0.13296425394084313,-2.069629192352295,-0.19462931156158447,base,no
1007,1,0,4.539787785565274e-05,-10.006383895874023,-0.006384097505360842,base,no
1008,1,0,0.00669285154343341,-5.04052209854126,-0.04052219167351723,base,no
1009,1,1,0.6224593312018546,-0.5087505578994751,-1.008750557899475,base,yes
1010,1,0,0.0021827165467639856,-6.1358723640441895,-0.010872410610318184,base,no
1011,1,0,0.0035936019844952124,-5.631551265716553,-0.006551099009811878,base,no
1012,1,1,0.5926666143433998,-0.7604500651359558,-1.1354501247406006,base,yes
1013,1,0,0.002182716552849114,-6.138087749481201,-0.013087798841297626,base,no
1014,1,0,0.03732688654095113,-3.361328363418579,-0.11132834106683731,base,no
1015,1,0,0.01590639168265802,-4.153266429901123,-0.028266428038477898,base,no
1016,1,0,0.0004878572045257975,-7.633688926696777,-0.008689094334840775,base,no
1017,1,0,0.042087730919421175,-3.215184450149536,-0.0901845246553421,base,no
1018,1,0,0.0015011821324942296,-6.508594512939453,-0.008594430051743984,base,no
1019,1,0,0.1645164628965632,-1.8813161849975586,-0.2563161849975586,base,no
1020,1,0,0.004070137791399785,-5.538688659667969,-0.03868867829442024,base,no
1021,1,0,0.4378234991142019,-0.8591521978378296,-0.6091521978378296,base,no
1022,1,0,0.18242551713899047,-1.7393497228622437,-0.23934967815876007,base,no
1023,1,0,0.0009110511486243318,-7.015873432159424,-0.0158733818680048,base,no
1024,1,0,0.020332355642978747,-3.9191782474517822,-0.04417836293578148,base,no
1025,1,0,0.13296425394084313,-2.0584936141967773,-0.1834937334060669,base,no
1026,1,0,0.04742587452393617,-3.173398494720459,-0.17339852452278137,base,no
1027,1,0,0.0007096705382931831,-7.252090930938721,-0.0020911272149533033,base,no
1028,1,0,0.007577239783143473,-4.91253137588501,-0.03753117844462395,base,no
1029,1,0,0.0003799845122755887,-7.880793571472168,-0.0057935649529099464,base,no
1030,1,0,0.0013250224172131609,-6.631705284118652,-0.006705284118652344,base,no
1031,1,0,0.00013982204960708193,-8.877910614013672,-0.002910427749156952,base,no
1032,1,0,7.484623552619952e-05,-9.50647258758545,-0.0064726946875452995,base,no
1033,1,0,0.0008040860433788604,-7.199042797088623,-0.07404293119907379,base,no
1034,1,0,0.0013250222878124082,-6.6354522705078125,-0.010452172718942165,base,no
1035,1,0,0.00043055708172542984,-7.755833148956299,-0.005833149887621403,base,no
1036,1,0,0.00015843616127005154,-8.755773544311523,-0.005773179233074188,base,no
1037,1,1,0.8354835371034369,-0.30814898014068604,-1.933148980140686,base,yes
1038,1,0,0.4378234991142019,-0.987226665019989,-0.737226665019989,base,no
1039,1,0,0.2689414330889798,-1.5017950534820557,-0.5017951130867004,base,no
1040,1,0,0.008577484906839334,-4.817673683166504,-0.06767362356185913,base,no
1041,1,0,0.003172682132639883,-5.761102199554443,-0.011101975105702877,base,no
1042,1,0,0.0031726828616303973,-5.756947994232178,-0.006948000285774469,base,no
1043,1,1,0.5621764862150634,-0.8964765667915344,-1.1464765071868896,base,yes
1044,1,0,0.005220125069683134,-5.264235496520996,-0.014235376380383968,base,no
1045,1,0,3.535623661610263e-05,-10.265054702758789,-0.015054303221404552,base,no
1046,1,0,6.605215950983359e-05,-9.627766609191895,-0.0027668310794979334,base,no
1047,1,0,0.00017952791882012533,-8.627506256103516,-0.0025059746112674475,base,no
1048,1,0,0.3775406828054583,-1.0864722728729248,-0.5864723324775696,base,no
1049,1,0,0.003172682633360622,-5.763285160064697,-0.013285093940794468,base,no
1050,1,0,0.004070137647942838,-5.5160417556762695,-0.016041738912463188,base,no
1051,1,0,0.0011695103825506096,-6.762319087982178,-0.012319188565015793,base,no
1052,1,0,4.539785076065205e-05,-10.001847267150879,-0.0018468719208613038,base,no
1053,1,0,0.000487857026733634,-7.630723476409912,-0.005723279435187578,base,no
1054,1,0,0.20181322226037882,-1.7032413482666016,-0.32824134826660156,base,no
1055,1,0,4.006370629535346e-05,-10.130626678466797,-0.005627029575407505,base,no
1056,1,0,6.144171769739562e-06,-12.003960609436035,-0.003960148431360722,base,no
1057,1,0,0.015906393490372858,-4.148321151733398,-0.02332126535475254,base,no
1058,1,0,4.006370021370344e-05,-10.132205963134766,-0.007206162437796593,base,no
1059,1,0,0.0003799844581512792,-7.8778977394104,-0.002897590398788452,base,no
1060,1,0,0.0031726832784068674,-5.7650580406188965,-0.015058178454637527,base,no
1061,1,0,0.11920293297380237,-2.171658992767334,-0.17165909707546234,base,no
1062,1,0,0.00591106822142562,-5.146374225616455,-0.021374117583036423,base,no
1063,1,0,0.0001584362491990261,-8.754094123840332,-0.004094313830137253,base,no
1064,1,0,0.014063624641321444,-4.276213645935059,-0.026213472709059715,base,no
1065,1,0,0.0011695102182750635,-6.758308410644531,-0.008308370597660542,base,no
1066,1,0,0.008577486870971015,-4.780786514282227,-0.030786685645580292,base,no
1067,1,0,7.484621154913797e-05,-9.508329391479492,-0.0083291782066226,base,no
1068,1,0,0.00037998455348789493,-7.879201412200928,-0.004201514180749655,base,no
1069,1,0,0.012431651493486755,-4.3984246253967285,-0.023424677550792694,base,no
1070,1,0,0.00020342697218326113,-8.509981155395508,-0.009981126524508,base,no
1071,1,0,0.0009110512215273508,-7.074423313140869,-0.07442334294319153,base,no
1072,1,0,9.610242892353704e-05,-9.252921104431152,-0.002921244129538536,base,no
1073,1,0,0.0002305068071999274,-8.383801460266113,-0.008801830001175404,base,no
1074,1,0,0.18242552825126704,-1.7327754497528076,-0.23277547955513,base,no
1075,1,0,0.005911068692066676,-5.140684604644775,-0.015684576705098152,base,no
1076,1,0,0.00029595700907965837,-8.13168716430664,-0.006686811335384846,base,no
1077,1,0,0.2018132270610754,-1.721848726272583,-0.3468487560749054,base,no
1078,1,0,0.0003799844774308526,-7.881262302398682,-0.006262204144150019,base,no
1079,1,0,0.0005527785187101966,-7.503836154937744,-0.0038359409663826227,base,no
1080,1,0,4.006367859213916e-05,-10.130789756774902,-0.005789416376501322,base,no
1081,1,0,0.0009110513351204387,-7.0049920082092285,-0.004992162808775902,base,no
1082,1,0,1.6701421642002676e-05,-11.003349304199219,-0.0033492918591946363,base,no
1083,1,0,4.006369987790683e-05,-10.13537883758545,-0.010379028506577015,base,no
1084,1,0,0.008577486142341469,-4.768345355987549,-0.018345441669225693,base,no
1085,1,0,0.0004878570573874506,-7.690443992614746,-0.06544385850429535,base,no
1086,1,0,0.002800926753817652,-5.89888334274292,-0.023883266374468803,base,no
1087,1,0,0.000335350019005952,-8.003266334533691,-0.0032660020515322685,base,no
1088,1,0,0.0017007226122511749,-6.387602806091309,-0.01260292436927557,base,no
1089,1,0,0.0004878572235992902,-7.631475448608398,-0.006475655362010002,base,no
1090,1,0,0.0003799845389839927,-7.881818771362305,-0.006818835157901049,base,no
1091,1,0,0.0005527785700346197,-7.509871006011963,-0.00987088494002819,base,no
1092,1,0,0.0675466911396291,-2.7577452659606934,-0.13274526596069336,base,no
1093,1,0,4.006368096136954e-05,-10.130738258361816,-0.005737977102398872,base,no
1094,1,0,0.0006263341694770191,-7.37967586517334,-0.004675883334130049,base,no
1095,1,0,2.7535699980964915e-05,-10.50298023223877,-0.0029805542435497046,base,no
1096,1,0,0.001700722292052626,-6.381295680999756,-0.006295610684901476,base,no
1097,1,0,0.0002305066816433369,-8.386821746826172,-0.011821571737527847,base,no
1098,1,0,0.00033535026955802693,-8.007562637329102,-0.007563052233308554,base,no
1099,1,0,0.06754669677084987,-2.7112271785736084,-0.08622726798057556,base,no
1100,1,0,0.04742586846527418,-3.069892644882202,-0.06989254057407379,base,no
1101,1,0,0.0009110511015764563,-7.006738185882568,-0.006738083902746439,base,no
1102,1,0,0.012431650212884917,-4.4058966636657715,-0.030896611511707306,base,no
1103,1,0,0.18242551936144574,-1.7561118602752686,-0.25611183047294617,base,no
1104,1,0,0.0009110513520746322,-7.023207187652588,-0.02320736087858677,base,no
1105,1,1,0.5926665855647394,-0.6896722912788391,-1.0646722316741943,base,yes
1106,1,0,0.18242551936144574,-1.7775250673294067,-0.27752503752708435,base,no
1107,1,0,0.0015011820305872532,-6.519871711730957,-0.019871560856699944,base,no
1108,1,0,0.0007096703343752153,-7.274410724639893,-0.024410633370280266,base,no
1109,1,0,4.006369740607083e-05,-10.128377914428711,-0.0033780436497181654,base,no
1110,1,0,0.0031726824507448143,-5.764726161956787,-0.014726038090884686,base,no
1111,1,1,0.6224593452091672,-0.6683382391929626,-1.1683382987976074,base,yes
1112,1,0,3.535625535151205e-05,-10.25399112701416,-0.003991257399320602,base,no
1113,1,0,0.10669058684467357,-2.3047502040863037,-0.17975012958049774,base,no
1114,1,0,4.00636962960766e-05,-10.13334846496582,-0.008348566479980946,base,no
1115,1,0,0.0005527787225929584,-7.5048956871032715,-0.004895842168480158,base,no
1116,1,0,0.001926735028682153,-6.271601676940918,-0.02160186693072319,base,no
1117,1,0,0.11920291732853862,-2.2319765090942383,-0.2319764643907547,base,no
1118,1,0,0.2689414096510108,-1.4071362018585205,-0.40713614225387573,base,no
1119,1,0,0.006692849859349477,-5.024509906768799,-0.024509746581315994,base,no
1120,1,0,0.025957357480362795,-3.6649930477142334,-0.039993058890104294,base,no
1121,1,0,0.017986212396643917,-4.039031505584717,-0.03903164342045784,base,no
1122,1,0,0.01243164957258405,-4.4111857414245605,-0.03618563711643219,base,no
1123,1,0,0.0015011823572479975,-6.5271782875061035,-0.027178354561328888,base,no
1124,1,0,0.007577240259373531,-4.958094120025635,-0.08309398591518402,base,no
1125,1,0,0.008577486775932374,-4.769319534301758,-0.019319694489240646,base,no
1126,1,0,0.46879062662624377,-0.8824802041053772,-0.7574802041053772,base,no
1127,1,0,9.610243279414224e-05,-9.253143310546875,-0.0031434905249625444,base,no
1128,1,0,0.0024726227523424295,-6.021727085113525,-0.02172692120075226,base,no
1129,1,0,0.001700722188482244,-6.38635778427124,-0.011357652954757214,base,no
1130,1,0,0.4378234991142019,-0.9024455547332764,-0.6524455547332764,base,no
1131,1,0,0.0008040857919630916,-7.136087417602539,-0.011087238788604736,base,no
1132,1,0,0.00010889695363161897,-9.131482124328613,-0.006482524797320366,base,no
1133,1,0,0.0001795279556389663,-8.633197784423828,-0.008197708055377007,base,no
1134,1,0,0.05340333431947304,-3.010205030441284,-0.13520511984825134,base,no
1135,1,0,0.00043055707551279917,-7.755478382110596,-0.005478368606418371,base,no
1136,1,0,0.0010322311808069907,-6.885292053222656,-0.010292192921042442,base,no
1137,1,0,0.00020342701110857977,-8.503437995910645,-0.0034381584264338017,base,no
1138,1,0,0.07585817218654307,-2.6249945163726807,-0.12499440461397171,base,no
1139,1,0,0.03308597898458846,-3.424330711364746,-0.049330729991197586,base,no
1140,1,0,0.11920292202211755,-2.1476099491119385,-0.14760994911193848,base,no
1141,1,0,0.0010322310333936025,-6.882617950439453,-0.007617947179824114,base,no
1142,1,0,0.002800927331297412,-5.907130718231201,-0.03213084861636162,base,no
1143,1,0,0.007577241940185738,-4.892501354217529,-0.01750144362449646,base,no
1144,1,0,0.1480472055495773,-1.9536070823669434,-0.20360714197158813,base,no
1145,1,0,4.006370192066953e-05,-10.12792682647705,-0.0029270683880895376,base,no
1146,1,1,0.9046505402422645,-0.6512295603752136,-2.9012296199798584,base,yes
1147,1,0,8.481100738714626e-05,-9.377735137939453,-0.002734733046963811,base,no
1148,1,0,0.0013250226408916346,-6.631855487823486,-0.006855656858533621,base,no
1149,1,0,3.535623396548751e-05,-10.25444507598877,-0.004444601479917765,base,no
1150,1,1,0.7310585669110203,-0.48307305574417114,-1.4830729961395264,base,yes
1151,1,0,0.0001088968855874445,-9.127483367919922,-0.0024831434711813927,base,no
1152,1,0,0.0002959569806980233,-8.15358829498291,-0.02858784608542919,base,no
1153,1,0,0.5,-0.8289123773574829,-0.8289123773574829,base,no
1154,1,0,5.829125882125336e-05,-9.75912094116211,-0.009120823815464973,base,no
1155,1,0,0.04208772671409796,-3.2504799365997314,-0.12547990679740906,base,no
1156,1,0,0.0004305571406452214,-7.764955520629883,-0.014955658465623856,base,no
1157,1,1,0.8933093946927838,-0.7778750658035278,-2.9028749465942383,base,Yes
1158,1,0,0.025957359646701823,-3.6783370971679688,-0.05333719402551651,base,no
1159,1,0,0.0009110514071757629,-7.013474941253662,-0.013475175015628338,base,no
1160,1,0,0.0005527785669474363,-7.505606174468994,-0.005606047809123993,base,no
1161,1,0,0.0006263341779298492,-7.3842339515686035,-0.009233983233571053,base,no
1162,1,0,0.0008040859939936138,-7.135217666625977,-0.010217739269137383,base,no
1163,1,0,6.605216373877025e-05,-9.634089469909668,-0.009089755825698376,base,no
1164,1,0,0.00033535020976894776,-8.003008842468262,-0.003009079024195671,base,no
1165,1,0,0.0007096703697099843,-7.2549357414245605,-0.0049356999807059765,base,no
1166,1,0,0.004070137723446493,-5.515293121337891,-0.015293123200535774,base,no
1167,1,0,0.00037998454884487736,-7.876905918121338,-0.0019060078775510192,base,no
1168,1,0,0.2942149783515162,-1.261647343635559,-0.38664737343788147,base,no
1169,1,0,0.006692849438328558,-5.041817665100098,-0.04181744158267975,base,no
1170,1,0,0.0007096703951378101,-7.267069339752197,-0.017069334164261818,base,no
1171,1,0,0.029312230327373224,-3.5443735122680664,-0.04437349736690521,base,no
1172,1,0,0.0019267350071906994,-6.335817337036133,-0.08581751585006714,base,no
1173,1,0,0.02931222852544515,-3.5535359382629395,-0.053535860031843185,base,no
1174,1,0,0.009708475407001092,-4.694029331207275,-0.06902921944856644,base,no
1175,1,0,0.008577486300739193,-4.783451080322266,-0.03345118463039398,base,no
1176,1,0,0.0003799844952954123,-7.88071870803833,-0.005718656815588474,base,no
1177,1,0,0.0008040860553510418,-7.143322467803955,-0.018322616815567017,base,no
1178,1,0,0.00010889687523124659,-9.126738548278809,-0.0017382287187501788,base,no
1179,1,0,4.006368184983096e-05,-10.125720024108887,-0.0007197650265879929,base,no
1180,1,1,0.939913354875362,-0.37016406655311584,-3.120164155960083,base,yes
1181,1,0,0.014063628308775503,-4.280405521392822,-0.030405612662434578,base,no
1182,1,0,0.0024726234575569604,-6.008388519287109,-0.00838864129036665,base,no
1183,1,0,0.00970847752013139,-4.63950777053833,-0.014507878571748734,base,no
1184,1,0,0.4378234991142019,-0.993991494178772,-0.743991494178772,base,no
1185,1,0,0.09534945718704857,-2.36008358001709,-0.11008349061012268,base,no
1186,1,0,8.481106454872834e-05,-9.379570007324219,-0.004570276476442814,base,no
1187,1,0,0.001325022388868233,-6.634666442871094,-0.009666421450674534,base,no
1188,1,0,0.0009110513698765356,-7.010147571563721,-0.010147764347493649,base,no
1189,1,0,0.047425871326308926,-3.057823896408081,-0.05782385542988777,base,no
1190,1,0,0.10669059820623795,-2.2850358486175537,-0.1600358933210373,base,no
1191,1,0,0.014063626733319769,-4.296667098999023,-0.04666707664728165,base,no
1192,1,0,0.0011695101584396057,-6.767885684967041,-0.017885593697428703,base,no
1193,1,0,0.0024726233679694355,-6.0257415771484375,-0.025741662830114365,base,no
1194,1,0,0.00023050668545295894,-8.377901077270508,-0.002900918712839484,base,no
1195,1,0,0.0850990542883219,-2.5335545539855957,-0.15855467319488525,base,no
1196,1,0,0.004070138097189611,-5.508724689483643,-0.008724783547222614,base,no
1197,1,0,0.0007096703185241044,-7.2801642417907715,-0.03016412816941738,base,no
1198,1,1,0.835483553488848,-0.7848423719406128,-2.4098424911499023,base,Yes
1199,1,0,0.00017952794916119012,-8.626286506652832,-0.0012863941956311464,base,no
1200,1,0,0.025957355314023947,-3.6698009967803955,-0.04480092227458954,base,no
1201,1,0,0.0066928514939015235,-5.008940696716309,-0.008940782397985458,base,no
1202,1,0,0.0017007224193414246,-6.387201309204102,-0.012201313860714436,base,no
1203,1,0,0.001169510297149081,-6.755704879760742,-0.005704907234758139,base,no
1204,1,0,0.01098694352115014,-4.558220863342285,-0.05822094529867172,base,no
1205,1,0,0.001501182383771736,-6.5147600173950195,-0.014760102145373821,base,no
1206,1,0,5.14421988671403e-05,-9.881783485412598,-0.006783196236938238,base,no
1207,1,0,0.20181321265898594,-1.6297178268432617,-0.25471776723861694,base,no
1208,1,0,0.0019267347206380085,-6.253510475158691,-0.003510504961013794,base,no
1209,1,0,0.0010322308427645937,-6.8960723876953125,-0.021072199568152428,base,no
1210,1,0,0.0019267348782419833,-6.25813102722168,-0.008131138980388641,base,no
1211,1,0,0.4073334000459302,-0.9823450446128845,-0.6073450446128845,base,no
1212,1,0,0.0850990519679964,-2.4934513568878174,-0.11845144629478455,base,no
1213,1,0,0.26894141551050293,-1.3402502536773682,-0.3402502238750458,base,no
1214,1,0,0.004609572256291984,-5.388769149780273,-0.01376916654407978,base,no
1215,1,0,4.006368985997621e-05,-10.131121635437012,-0.006121576298028231,base,no
1216,1,0,0.09534946618445303,-2.3751590251922607,-0.12515904009342194,base,no
1217,1,0,0.14804720179063335,-2.040823459625244,-0.29082348942756653,base,no
1218,1,0,0.0007096704593678412,-7.252641201019287,-0.002641286002472043,base,no
1219,1,0,1.3007124505304974e-05,-11.254744529724121,-0.0047442251816391945,base,no
1220,1,0,0.004609572948552026,-5.390963554382324,-0.01596372202038765,base,no
1221,1,0,0.0003799844319735113,-7.884350299835205,-0.009350081905722618,base,no
1222,1,0,0.004609572683612986,-5.388571739196777,-0.013571849092841148,base,no
1223,1,0,0.001700722278612194,-6.399226188659668,-0.0242261104285717,base,no
1224,1,0,2.144493936373346e-05,-10.75299072265625,-0.002990300301462412,base,no
1225,1,0,0.09534947261117097,-2.424999952316284,-0.17500004172325134,base,no
1226,1,0,0.0002959572240086339,-8.127333641052246,-0.0023340145125985146,base,no
1227,1,0,0.13296424706933604,-2.130840539932251,-0.25584059953689575,base,no
1228,1,0,0.00020342689177550962,-8.504617691040039,-0.004617266822606325,base,no
1229,1,1,0.5621765008857981,-0.868610143661499,-1.118610143661499,base,yes
1230,1,0,0.00010889689968303007,-9.133987426757812,-0.00898733176290989,base,no
1231,1,0,0.0031726832842977003,-5.76777982711792,-0.017779966816306114,base,no
1232,1,0,0.010986941820996006,-4.607072353363037,-0.10707227885723114,base,no
1233,1,0,0.0004878570346809195,-7.641044616699219,-0.016044436022639275,base,no
1234,1,0,0.18242551491653522,-1.7511882781982422,-0.2511882185935974,base,no
1235,1,0,0.3208212878370535,-1.2582764625549316,-0.5082764029502869,base,no
1236,1,0,0.4073334000459302,-0.9553793668746948,-0.5803793668746948,base,no
1237,1,0,0.0011695104848148687,-6.764246940612793,-0.014247128739953041,base,no
1238,1,0,0.005220125688722156,-5.264042854309082,-0.014042853377759457,base,no
1239,1,0,0.029312229161419755,-3.5529534816741943,-0.05295342579483986,base,no
1240,1,0,0.0010322311044593374,-6.8819050788879395,-0.0069051445461809635,base,no
1241,1,0,0.00023050664086428802,-8.387517929077148,-0.012517577037215233,base,no
1242,1,0,0.0028009270477600376,-5.89022159576416,-0.01522162463515997,base,no
1243,1,0,0.2689414330889798,-1.3678009510040283,-0.3678010106086731,base,no
1244,1,0,0.06008664428307651,-2.8726329803466797,-0.12263287603855133,base,no
1245,1,0,0.009708477054526368,-4.6491522789001465,-0.02415233850479126,base,no
1246,1,0,0.004070138267072857,-5.51875638961792,-0.018756525591015816,base,no
1247,1,0,0.02033235542036712,-3.9176251888275146,-0.042625293135643005,base,no
1248,1,0,0.000911051035031267,-7.029939651489258,-0.029939476400613785,base,no
1249,1,0,0.10669060530721626,-2.2771549224853516,-0.1521550416946411,base,no
1250,1,0,0.3208212878370535,-1.374391794204712,-0.6243917346000671,base,no
1251,1,0,0.0005527785232123387,-7.506978511810303,-0.006978305988013744,base,no
1252,1,0,0.24508501313237172,-1.4998685121536255,-0.3748685121536255,base,no
1253,1,0,0.0011695104782873623,-6.754865646362305,-0.004865828901529312,base,no
1254,1,0,0.04742587620689797,-3.0838611125946045,-0.08386117964982986,base,no
1255,1,0,0.00012339456998239476,-9.002094268798828,-0.0020942201372236013,base,no
1256,1,0,0.00043055712341017957,-7.760932922363281,-0.010933020152151585,base,no
1257,1,0,0.11920291107043361,-2.170069932937622,-0.1700698286294937,base,no
1258,1,0,0.004609571619583765,-5.386966705322266,-0.01196658331900835,base,no
1259,1,0,0.00015843622518821484,-8.753188133239746,-0.0031881716568022966,base,no
1260,1,0,3.1201899883313815e-05,-10.376896858215332,-0.0018964892951771617,base,no
1261,1,0,0.0005527786394962527,-7.508829593658447,-0.008829598315060139,base,no
1262,1,0,0.0002959570189994538,-8.131446838378906,-0.006446518935263157,base,no
1263,1,0,0.02595735945832451,-3.666484832763672,-0.04148492217063904,base,no
1264,1,0,0.0015011819105324674,-6.5106892585754395,-0.010689027607440948,base,no
1265,1,0,0.06008665438181589,-2.844587564468384,-0.09458763897418976,base,no
1266,1,0,9.610241523099272e-05,-9.252761840820312,-0.002761838026344776,base,no
1267,1,0,0.0007096704674585139,-7.255074501037598,-0.005074597429484129,base,no
1268,1,0,0.060086648490884395,-2.973021984100342,-0.2230219542980194,base,no
1269,1,0,0.4073334000459302,-0.949235200881958,-0.574235200881958,base,no
1270,1,0,0.002800926738210093,-5.946080684661865,-0.07108060270547867,base,no
1271,1,0,8.481105298313052e-05,-9.375962257385254,-0.0009623901569284499,base,no
1272,1,0,0.11920291107043361,-2.1539382934570312,-0.1539381891489029,base,no
1273,1,0,0.0002959569933733163,-8.153803825378418,-0.028803419321775436,base,no
1274,1,0,6.60521437474357e-05,-9.633044242858887,-0.008044226095080376,base,no
1275,1,0,7.484625519053229e-05,-9.50083065032959,-0.0008310201810672879,base,no
1276,1,0,0.00017952800014756393,-8.627784729003906,-0.002784900600090623,base,no
1277,1,0,0.00017952788592974825,-8.633302688598633,-0.00830222386866808,base,no
1278,1,0,0.2942149845400438,-1.265077829360962,-0.3900778889656067,base,no
1279,1,0,0.0015011823069924935,-6.527283191680908,-0.02728322520852089,base,no
1280,1,0,0.0031726829529383116,-5.7546467781066895,-0.004646813031286001,base,no
1281,1,0,0.00015843627265659633,-8.756381034851074,-0.006381372921168804,base,no
1282,1,0,0.11920292515117029,-2.2622857093811035,-0.2622857391834259,base,no
1283,1,0,0.00023050677296696984,-8.381813049316406,-0.006813270505517721,base,no
1284,1,0,0.007577239643075814,-4.93166971206665,-0.05666949599981308,base,no
1285,1,0,0.000261190292831319,-8.260632514953613,-0.010632414370775223,base,no
1286,1,0,0.18242552825126704,-1.9831260442733765,-0.48312607407569885,base,no
1287,1,0,0.06754668926255561,-2.774919271469116,-0.14991924166679382,base,no
1288,1,0,0.042087727615238615,-3.204249382019043,-0.07924937456846237,base,no
1289,1,0,2.4300250248222844e-05,-10.629273414611816,-0.004273805767297745,base,no
1290,1,0,0.13296425050508953,-2.0639851093292236,-0.1889851987361908,base,no
1291,1,0,0.1480472055495773,-1.949568748474121,-0.19956880807876587,base,no
1292,1,0,0.3208212878370535,-1.396848440170288,-0.6468483805656433,base,no
1293,1,0,0.0004878571018922546,-7.6344828605651855,-0.009482817724347115,base,no
1294,1,0,0.0035936020478559492,-5.670732021331787,-0.04573187232017517,base,no
1295,1,0,0.09534947261117097,-2.4151360988616943,-0.1651361882686615,base,no
1296,1,0,0.017986209896292852,-4.034877777099609,-0.03487777337431908,base,no
1297,1,0,9.610239536338284e-05,-9.258567810058594,-0.008567600511014462,base,no
1298,1,0,0.022977367652000317,-3.8030309677124023,-0.053030867129564285,base,no
1299,1,0,0.00033534997748145177,-8.009650230407715,-0.009649774059653282,base,no
1300,1,0,0.0013250223044496475,-6.630086898803711,-0.00508681358769536,base,no
1301,1,0,0.0024726236999027167,-6.0061726570129395,-0.00617287727072835,base,no
1302,1,0,0.20181322226037882,-1.7821376323699951,-0.4071376323699951,base,no
1303,1,0,0.00026119033137675943,-8.2553129196167,-0.005312966648489237,base,no
1304,1,0,0.0013250225872827408,-6.643037796020508,-0.01803792454302311,base,no
1305,1,0,0.0003353500417975972,-8.020709037780762,-0.020708773285150528,base,no
1306,1,0,0.0001088969479021153,-9.128966331481934,-0.003966679330915213,base,no
1307,1,0,0.07585818002124356,-2.774846076965332,-0.27484607696533203,base,no
1308,1,0,0.0003799845320857955,-7.883523941040039,-0.008523986674845219,base,no
1309,1,0,0.010986944047388376,-4.548928260803223,-0.0489283911883831,base,no
1310,1,0,0.0002959571796450762,-8.133460998535156,-0.008461222052574158,base,no
1311,1,0,0.0008040857538017764,-7.133988857269287,-0.008988630957901478,base,no
1312,1,0,5.829124468006447e-05,-9.75568962097168,-0.005689261015504599,base,no
1313,1,0,0.002800926405248846,-5.893843650817871,-0.018843449652194977,base,no
1314,1,0,0.004070137576214366,-5.5154876708984375,-0.01548763643950224,base,no
1315,1,0,0.0006263341071009659,-7.380314826965332,-0.005314745474606752,base,no
1316,1,0,0.4378234991142019,-1.0689430236816406,-0.8189430236816406,base,no
1317,1,0,0.13296424878721277,-2.031578779220581,-0.15657885372638702,base,no
1318,1,0,0.03308597934211908,-3.4252874851226807,-0.05028751492500305,base,no
1319,1,0,0.0015011824437991465,-6.516281604766846,-0.0162817295640707,base,no
1320,1,0,1.8925147891332524e-05,-10.876394271850586,-0.0013942531077191234,base,no
1321,1,0,0.03732689136002139,-3.338593006134033,-0.08859311789274216,base,no
1322,1,0,0.00048785721724145916,-7.626975059509277,-0.0019752532243728638,base,no
1323,1,0,0.0010322311990536008,-6.879542350769043,-0.004542508162558079,base,no
1324,1,0,0.00970847504884346,-4.760409355163574,-0.13540920615196228,base,no
1325,1,0,5.144222294032123e-05,-9.891350746154785,-0.016350924968719482,base,no
1326,1,0,3.535625763993268e-05,-10.255483627319336,-0.0054838224314153194,base,no
1327,1,0,0.002800926662773557,-5.8846755027771,-0.00967539381235838,base,no
1328,1,0,0.00037998454756252016,-7.877197742462158,-0.0021978288423269987,base,no
1329,1,0,0.16451646699291617,-1.8479772806167603,-0.22297731041908264,base,no
1330,1,0,0.002472622685726084,-6.006426811218262,-0.006426620297133923,base,no
1331,1,0,2.9023132106752873e-06,-12.750329971313477,-0.0003303935518488288,base,no
1332,1,0,0.0031726828365943563,-5.7782206535339355,-0.028220651671290398,base,no
1333,1,0,3.120189955277762e-05,-10.376704216003418,-0.001703836489468813,base,no
1334,1,0,0.06008664596619963,-2.8744962215423584,-0.12449614703655243,base,no
1335,1,0,0.0008040858752071432,-7.1284379959106445,-0.003437920706346631,base,no
1336,1,0,0.4073334000459302,-0.9222754240036011,-0.5472754240036011,base,no
1337,1,0,0.00037998451749345557,-7.87700891494751,-0.002008922165259719,base,no
1338,1,0,0.0008040859539616359,-7.130684852600098,-0.005684875417500734,base,no
1339,1,0,0.02033235542036712,-3.906545639038086,-0.031545743346214294,base,no
1340,1,0,0.0011695102791984423,-6.757678031921387,-0.007678044028580189,base,no
1341,1,0,7.889262558692319e-06,-11.752238273620605,-0.002238270128145814,base,no
1342,1,0,0.0002959571165441266,-8.132378578186035,-0.007378588430583477,base,no
1343,1,0,0.002472623524173327,-6.093870162963867,-0.09387031197547913,base,no
1344,1,0,0.0005527785795534356,-7.504305839538574,-0.004305735696107149,base,no
1345,1,0,0.0035936020812037056,-5.643428325653076,-0.01842818595468998,base,no
1346,1,0,0.2018132174596823,-1.7014626264572144,-0.32646259665489197,base,no
1347,1,0,0.002472622862603971,-6.052099227905273,-0.05209910869598389,base,no
1348,1,0,0.0008040858069283137,-7.142630100250244,-0.017629940062761307,base,no
1349,1,0,0.000179528035420113,-8.627713203430176,-0.002713571535423398,base,no
1350,1,0,0.001032230981054652,-6.899868011474609,-0.024867957457900047,base,no
1351,1,0,0.005220125147063008,-5.2644572257995605,-0.014457120560109615,base,no
1352,1,0,0.003593603275053591,-5.648327827453613,-0.0233280211687088,base,no
1353,1,0,6.605214177905847e-05,-9.62948226928711,-0.004482222720980644,base,no
1354,1,0,0.06754669020109236,-2.720555543899536,-0.09555552899837494,base,no
1355,1,0,0.0017007222627999218,-6.398750305175781,-0.023750217631459236,base,no
1356,1,0,0.16451645880021026,-1.963223934173584,-0.3382239043712616,base,no
1357,1,0,5.1442198759349955e-05,-9.877737045288086,-0.0027367540169507265,base,no
1358,1,0,0.0035936020945428076,-5.638502597808838,-0.013502461835741997,base,no
1359,1,0,0.012431653277182382,-4.433688163757324,-0.05868836119771004,base,no
1360,1,0,0.18242551936144574,-1.7775250673294067,-0.27752503752708435,base,no
1361,1,0,0.0010322309224734445,-6.88047456741333,-0.005474456585943699,base,no
1362,1,0,0.0031726825597252145,-5.772803783416748,-0.022803694009780884,base,no
1363,1,0,0.0004878571541172847,-7.63523006439209,-0.010230128653347492,base,no
1364,1,0,0.008577487314484681,-4.813826084136963,-0.0638263076543808,base,no
1365,1,0,0.00015843628652459547,-8.760310173034668,-0.010310598649084568,base,no
1366,1,0,0.0109869436223498,-4.528556823730469,-0.028556915000081062,base,no
1367,1,0,0.006692850131774789,-5.015877723693848,-0.015877604484558105,base,no
1368,1,0,0.06008664596619963,-2.833075523376465,-0.08307544887065887,base,no
1369,1,0,0.4378234991142019,-0.9241166114807129,-0.6741166114807129,base,no
1370,1,1,0.7310585786300049,-0.835883378982544,-1.835883378982544,base,yes
1371,1,0,0.00020342690290378902,-8.503589630126953,-0.0035892606247216463,base,no
1372,1,1,0.6224593452091672,-0.5501722693443298,-1.0501723289489746,base,yes
1373,1,0,0.00020342706973334386,-8.528523445129395,-0.028523895889520645,base,no
1374,1,0,0.037326887879581695,-3.4093165397644043,-0.1593165546655655,base,no
1375,1,0,0.0019267344358763143,-6.2654242515563965,-0.015424133278429508,base,no
1376,1,0,0.0010322311904104695,-6.8969340324401855,-0.021934181451797485,base,no
1377,1,0,0.009708477430591961,-4.643338203430176,-0.01833830215036869,base,no
1378,1,0,0.0019267349140610701,-6.260776996612549,-0.010777126997709274,base,no
1379,1,0,0.007577242500456555,-4.954668045043945,-0.07966820895671844,base,no
1380,1,0,0.0004878571918101361,-7.630471706390381,-0.005471847951412201,base,no
1381,1,0,0.0002611904217214576,-8.256646156311035,-0.006646549329161644,base,no
1382,1,0,0.00043055707110383563,-7.756307125091553,-0.006307101342827082,base,no
1383,1,0,0.042087725812957326,-3.240962028503418,-0.11596197634935379,base,no
1384,1,0,0.3486451217982255,-1.1140172481536865,-0.48901718854904175,base,no
1385,1,0,0.003593603054958331,-5.636281967163086,-0.011282099410891533,base,no
1386,1,0,0.4073334000459302,-0.963039755821228,-0.588039755821228,base,no
1387,1,0,0.0005527786888911971,-7.514451503753662,-0.014451597817242146,base,no
1388,1,0,5.829127488955658e-05,-9.759245872497559,-0.009246030822396278,base,no
1389,1,1,0.5621765008857981,-0.7377031445503235,-0.9877031445503235,base,yes
1390,1,0,0.00013982209130403001,-8.877930641174316,-0.0029307531658560038,base,no
1391,1,0,0.0021827160487977,-6.130082607269287,-0.005082425195723772,base,no
1392,1,1,0.5312093733737563,-0.8334217667579651,-0.9584217667579651,base,yes
1393,1,0,0.1329642419157059,-2.035154104232788,-0.16015411913394928,base,no
1394,1,0,0.00033535028485653966,-8.00289249420166,-0.0028929547406733036,base,no
1395,1,0,7.484621696837142e-05,-9.503093719482422,-0.0030935786198824644,base,no
1396,1,0,8.481102521681695e-05,-9.380597114562988,-0.005596919916570187,base,no
1397,1,0,0.001325022206474799,-6.638790607452393,-0.013790448196232319,base,no
1398,1,0,0.5,-0.8496421575546265,-0.8496421575546265,base,no
1399,1,0,0.0008040860052175333,-7.129289150238037,-0.004289236851036549,base,no
1400,1,0,5.144218959717212e-05,-9.8871431350708,-0.012142665684223175,base,no
1401,1,0,0.0031726833137518703,-5.776787281036377,-0.02678743004798889,base,no
1402,1,1,0.8354835371034369,-0.36381232738494873,-1.9888123273849487,base,yes
1403,1,0,0.4073333856566001,-1.0225708484649658,-0.647570788860321,base,no
1404,1,0,0.0953494674697966,-2.3922321796417236,-0.14223220944404602,base,no
1405,1,0,0.0021827163905790282,-6.137463092803955,-0.012463067658245564,base,no
1406,1,0,0.3486451217982255,-1.137451410293579,-0.5124513506889343,base,no
1407,1,0,0.00023050670890091568,-8.387701034545898,-0.012700977735221386,base,no
1408,1,0,0.002800927097183982,-5.884585380554199,-0.00958542712032795,base,no
1409,1,0,1.9947299830030097e-06,-13.127006530761719,-0.002006661845371127,base,no
1410,1,0,0.0009110511685455049,-7.006656169891357,-0.006656141486018896,base,no
1411,1,0,0.0010322309042268395,-6.894407749176025,-0.019407620653510094,base,no
1412,1,0,0.053403334696110465,-2.966081380844116,-0.09108147770166397,base,no
1413,1,0,0.0006263341971673253,-7.3892059326171875,-0.0142059950158,base,no
1414,1,0,0.047425868128681874,-3.086379051208496,-0.08637893944978714,base,no
1415,1,0,0.022977371080853633,-3.8140580654144287,-0.06405811756849289,base,no
1416,1,0,0.13296423676207594,-2.2075021266937256,-0.3325020968914032,base,no
1417,1,0,0.009708475854698152,-4.654365539550781,-0.029365474358201027,base,no
1418,1,1,0.7981867873410141,-0.7954451441764832,-2.170445203781128,base,yes
1419,1,0,0.022977368990089356,-3.7925655841827393,-0.042565543204545975,base,no
1420,1,0,0.0008040859999797041,-7.140692710876465,-0.01569279097020626,base,no
1421,1,0,0.2689414213699951,-1.3393316268920898,-0.33933162689208984,base,no
1422,1,0,0.0002959570094929831,-8.128809928894043,-0.0038095773197710514,base,no
1423,1,0,0.00017952794811638753,-8.629975318908691,-0.00497520063072443,base,no
1424,1,0,0.13296425050508953,-2.1524972915649414,-0.27749738097190857,base,no
1425,1,0,0.3486451217982255,-1.1251397132873535,-0.5001396536827087,base,no
1426,1,0,0.0004305570604822416,-7.7569899559021,-0.006989907473325729,base,no
1427,1,0,0.0017007223442331262,-6.381937503814697,-0.0069374642334878445,base,no
1428,1,0,0.05340332641008787,-2.959420919418335,-0.08442085236310959,base,no
1429,1,0,0.0010322311193447285,-6.898743152618408,-0.02374323271214962,base,no
1430,1,0,0.13296423160844623,-2.0683059692382812,-0.19330589473247528,base,no
1431,1,0,0.0021827159585349845,-6.134274482727051,-0.009274259209632874,base,no
1432,1,0,0.3486451421018059,-1.1162792444229126,-0.491279274225235,base,no
1433,1,0,0.0009110510922516524,-7.0074591636657715,-0.007459051441401243,base,no
1434,1,0,0.0046095724784989,-5.385979175567627,-0.010979240760207176,base,no
1435,1,0,0.02297736823741426,-3.881971836090088,-0.13197176158428192,base,no
1436,1,0,0.004070137066564733,-5.5522780418396,-0.052277881652116776,base,no
1437,1,0,0.0002034269047506099,-8.504551887512207,-0.004551527090370655,base,no
1438,1,0,0.01590639270314218,-4.17216157913208,-0.04716164246201515,base,no
1439,1,0,5.144219492680478e-05,-9.8770751953125,-0.0020748295355588198,base,no
1440,1,0,0.00010889687818472764,-9.129640579223633,-0.004640286788344383,base,no
1441,1,0,0.00017952798923982207,-8.631171226501465,-0.006171337328851223,base,no
1442,1,0,0.06754668926255561,-2.7332193851470947,-0.10821935534477234,base,no
1443,1,0,0.003593603048288778,-5.658425807952881,-0.033425938338041306,base,no
1444,1,0,4.539787026672561e-05,-10.00883960723877,-0.008839641697704792,base,no
1445,1,0,0.0003353501009622176,-8.004274368286133,-0.004274280276149511,base,no
1446,1,0,0.0006263341901718794,-7.384913444519043,-0.009913495741784573,base,no
1447,1,0,0.0021827159433221673,-6.132632255554199,-0.007632025051862001,base,no
1448,1,0,0.0002611902738625869,-8.252413749694824,-0.0024135764688253403,base,no
1449,1,1,0.6513548714339145,-0.47879287600517273,-1.1037929058074951,base,yes
1450,1,0,1.3007124126752758e-05,-11.253338813781738,-0.0033384801354259253,base,no
1451,1,0,0.11920292984474948,-2.168818235397339,-0.16881830990314484,base,no
1452,1,0,0.05340332565681314,-2.9789257049560547,-0.10392562299966812,base,no
1453,1,0,0.0850990519679964,-2.5333311557769775,-0.1583312451839447,base,no
1454,1,0,0.08509903688588204,-2.490946054458618,-0.11594595015048981,base,no
1455,1,0,0.00033535000870288004,-8.00411319732666,-0.004112834110856056,base,no
1456,1,0,0.0001795279823441236,-8.627093315124512,-0.002093387534841895,base,no
1457,1,0,0.1645164628965632,-1.8440660238265991,-0.21906602382659912,base,no
1458,1,0,0.00012339452106118853,-9.004491806030273,-0.004491360858082771,base,no
1459,1,0,0.1480472055495773,-1.9839110374450684,-0.23391109704971313,base,no
1460,1,0,0.00015843615640150234,-8.760726928710938,-0.010726532898843288,base,no
1461,1,0,0.00023050661360671728,-8.382538795471191,-0.007538325153291225,base,no
1462,1,0,0.0001584361906657645,-8.753144264221191,-0.003144084708765149,base,no
1463,1,0,0.017986208053929125,-4.0389299392700195,-0.038929831236600876,base,no
1464,1,0,0.05340332866991209,-2.9513213634490967,-0.07632134109735489,base,no
1465,1,0,0.00033535003118231025,-8.02779483795166,-0.02779454179108143,base,no
1466,1,0,3.535624041504359e-05,-10.251578330993652,-0.00157803890760988,base,no
1467,1,0,0.00037998452996327323,-7.884245872497559,-0.009245912544429302,base,no
1468,1,0,0.003593601991164763,-5.635042190551758,-0.010042025707662106,base,no
1469,1,0,0.06008665017400762,-2.8458058834075928,-0.09580588340759277,base,no
1470,1,0,0.009708476463566184,-4.64099645614624,-0.015996454283595085,base,no
1471,1,0,0.13296424878721277,-2.1119191646575928,-0.23691923916339874,base,no
1472,1,0,0.4073334000459302,-0.947497546672821,-0.572497546672821,base,no
1473,1,0,0.0066928515681993535,-5.019601821899414,-0.019601918756961823,base,no
1474,1,0,9.610239715325742e-05,-9.26169204711914,-0.011691856198012829,base,no
1475,1,0,0.0019267348460048055,-6.267419815063477,-0.017419910058379173,base,no
1476,1,0,0.09534946232842245,-2.387648582458496,-0.1376485526561737,base,no
1477,1,0,0.0015011820836347196,-6.51470947265625,-0.014709357172250748,base,no
1478,1,0,0.3208212878370535,-1.4299921989440918,-0.679992139339447,base,no
1479,1,0,0.26894141551050293,-1.3813296556472778,-0.38132962584495544,base,no
1480,1,0,4.006368958014578e-05,-10.127784729003906,-0.0027846628800034523,base,no
1481,1,0,0.0002305067267149256,-8.379776000976562,-0.0047760214656591415,base,no
1482,1,0,0.00012339453272414022,-9.004998207092285,-0.0049978564493358135,base,no
1483,1,0,0.16451645880021026,-1.9065802097320557,-0.2815801799297333,base,no
1484,1,0,0.07585818524437762,-2.602544069290161,-0.1025441437959671,base,no
1485,1,0,0.022977370495439617,-3.785987377166748,-0.035987403243780136,base,no
1486,1,0,0.01098694214483487,-4.5717644691467285,-0.07176442444324493,base,no
1487,1,0,4.539788297130907e-05,-10.002776145935059,-0.0027764602564275265,base,no
1488,1,0,0.000261190320311664,-8.258374214172363,-0.008374218828976154,base,no
1489,1,0,0.017986210817474785,-4.037230491638184,-0.037230540066957474,base,no
1490,1,0,0.0007096703782960033,-7.252593994140625,-0.0025939648039638996,base,no
1491,1,0,0.0013250224646601068,-6.6305341720581055,-0.0055342079140245914,base,no
1492,1,0,0.002472623579304115,-6.017155647277832,-0.01715581864118576,base,no
1493,1,0,0.0001584362178485052,-8.752763748168945,-0.0027637402527034283,base,no
1494,1,0,0.012431649618319825,-4.417484760284424,-0.04248465970158577,base,no
1495,1,0,0.0010322307957075644,-6.881302833557129,-0.006302599795162678,base,no
1496,1,0,0.001169509988180546,-6.756897449493408,-0.0068972124718129635,base,no
1497,1,0,0.18242552380635632,-1.9275479316711426,-0.4275479316711426,base,no
1498,1,0,0.0005527785113781365,-7.517840385437012,-0.017840158194303513,base,no
1499,1,0,0.0009110511537105887,-7.016855716705322,-0.016855672001838684,base,no
1500,1,0,4.006368999989142e-05,-10.126031875610352,-0.0010318199638277292,base,no
1501,1,0,0.005220126370632409,-5.266887187957764,-0.016887318342924118,base,no
1502,1,0,0.0006263341901718794,-7.381572246551514,-0.006572297774255276,base,no
1503,1,0,0.0028009269567159326,-5.9005937576293945,-0.025593753904104233,base,no
1504,1,0,0.025957356632664963,-3.700235605239868,-0.07523558288812637,base,no
1505,1,0,1.4738982369133086e-05,-11.128772735595703,-0.003772762371227145,base,no
1506,1,0,0.005220125722575853,-5.264416694641113,-0.014416700229048729,base,no
1507,1,0,0.0011695100480159956,-6.755945682525635,-0.00594549672678113,base,no
1508,1,0,0.0003353501173534731,-8.003321647644043,-0.003321608528494835,base,no
1509,1,0,0.0006263341581094201,-7.38522481918335,-0.01022481918334961,base,no
1510,1,0,0.00043055712260854965,-7.765371799468994,-0.015371895395219326,base,no
1511,1,0,0.00037998455587573253,-7.878384113311768,-0.003384221578016877,base,no
1512,1,0,0.0009110510278257372,-7.005573749542236,-0.005573566537350416,base,no
1513,1,0,0.2689414330889798,-1.3747451305389404,-0.3747451901435852,base,no
1514,1,0,0.0005527785983338025,-7.509180545806885,-0.00918047595769167,base,no
1515,1,0,0.014063626578356922,-4.2856950759887695,-0.035695042461156845,base,no
1516,1,0,0.00013982208245034446,-8.877469062805176,-0.002469111466780305,base,no
1517,1,0,0.00015843616270848655,-8.752236366271973,-0.0022360102739185095,base,no
1518,1,0,0.0002959571490590247,-8.136906623840332,-0.011906743980944157,base,no
1519,1,0,0.00020342706689207863,-8.505716323852539,-0.005716760642826557,base,no
1520,1,0,0.007577242360388847,-4.884624481201172,-0.009624626487493515,base,no
1521,1,0,0.07585818263281055,-2.624030351638794,-0.12403038889169693,base,no
1522,1,0,0.3486451488696663,-1.1046161651611328,-0.4796162247657776,base,no
1523,1,0,0.4073334000459302,-1.030522346496582,-0.655522346496582,base,no
1524,1,0,9.610240326120474e-05,-9.252394676208496,-0.002394548850134015,base,no
1525,1,0,0.0035936029815932477,-5.686917304992676,-0.061917416751384735,base,no
1526,1,0,0.00023050674882146995,-8.379780769348145,-0.004780885763466358,base,no
1527,1,0,4.0063703767550956e-05,-10.125614166259766,-0.0006144542712718248,base,no
1528,1,0,0.06008665017400762,-2.8448715209960938,-0.09487152099609375,base,no
1529,1,0,0.22270012850745968,-1.5621166229248047,-0.3121165633201599,base,no
1530,1,0,0.025957359269947192,-3.667229652404785,-0.04222973436117172,base,no
1531,1,0,0.07585817584273653,-2.690328598022461,-0.19032853841781616,base,no
1532,1,0,0.00023050670975942214,-8.380943298339844,-0.005943245254456997,base,no
1533,1,0,0.20181322226037882,-1.6422032117843628,-0.2672032117843628,base,no
1534,1,0,0.00033535013920848176,-8.009324073791504,-0.009324099868535995,base,no
1535,1,0,0.001926734430503452,-6.260294437408447,-0.010294316336512566,base,no
1536,1,0,0.04208772521219692,-3.2095494270324707,-0.08454935997724533,base,no
1537,1,0,0.0007096703977796621,-7.261335849761963,-0.011335847899317741,base,no
1538,1,0,0.004070138055662596,-5.516812801361084,-0.0168128851801157,base,no
1539,1,0,0.04742587856304458,-3.0738534927368164,-0.07385361194610596,base,no
1540,1,0,0.0004878572127001514,-7.640678405761719,-0.015678590163588524,base,no
1541,1,0,0.00013982201119772624,-8.878480911254883,-0.003480450250208378,base,no
1542,1,0,0.0015011819454321135,-6.510325908660889,-0.010325700975954533,base,no
1543,1,0,0.11920293140927592,-2.2315800189971924,-0.23158010840415955,base,no
1544,1,0,0.042087731520181665,-3.193357467651367,-0.06835755705833435,base,no
1545,1,0,0.0028009264000463264,-5.897720813751221,-0.022720610722899437,base,no
1546,1,0,0.001926734530796874,-6.267265796661377,-0.01726572774350643,base,no
1547,1,0,0.0015011824884707094,-6.526227951049805,-0.026228105649352074,base,no
1548,1,0,0.0019267349140610701,-6.260776996612549,-0.010777126997709274,base,no
1549,1,0,0.22270014914315833,-1.7062156200408936,-0.45621567964553833,base,no
1550,1,0,0.2942149783515162,-1.2569923400878906,-0.381992369890213,base,no
1551,1,0,6.605213651980085e-05,-9.62808895111084,-0.0030888249166309834,base,no
1552,1,0,4.5397886649508594e-05,-10.00340461730957,-0.0034050126560032368,base,no
1553,1,0,0.29421496597446145,-1.2429449558258057,-0.3679449260234833,base,no
1554,1,0,0.00012339462571180188,-9.00350570678711,-0.00350610981695354,base,no
1555,1,0,0.0021827168205947813,-6.131044387817383,-0.006044560112059116,base,no
1556,1,0,0.0021827165386504805,-6.1357741355896,-0.010774178430438042,base,no
1557,1,0,0.01406362443470434,-4.28093147277832,-0.03093128465116024,base,no
1558,1,0,0.0006263341301276389,-7.396552562713623,-0.021552518010139465,base,no
1559,1,0,0.0001795278932851561,-8.635472297668457,-0.010471873916685581,base,no
1560,1,1,0.914900957313305,-0.36188527941703796,-2.7368853092193604,base,yes
1561,1,0,9.610239424471124e-05,-9.252333641052246,-0.0023334198631346226,base,no
1562,1,0,0.2018132174596823,-1.665234923362732,-0.29023489356040955,base,no
1563,1,1,0.7057850278370112,-0.5308476686477661,-1.4058476686477661,base,yes
1564,1,0,3.5356242806359835e-05,-10.260071754455566,-0.010071530006825924,base,no
1565,1,0,0.012431652591145573,-4.409026622772217,-0.03402676433324814,base,no
1566,1,0,0.0005527786479860085,-7.506997108459473,-0.0069971284829080105,base,no
1567,1,0,0.0021827165244518477,-6.136046409606934,-0.011046445928514004,base,no
1568,1,0,0.00247262324162806,-6.010034084320068,-0.01003411877900362,base,no
1569,1,0,5.144222583868507e-05,-9.879337310791016,-0.004337545949965715,base,no
1570,1,0,4.0063684841684155e-05,-10.128503799438477,-0.0035036150366067886,base,no
1571,1,0,0.2018132174596823,-1.667905569076538,-0.2929055392742157,base,no
1572,1,0,8.481102055701339e-05,-9.396671295166016,-0.021671045571565628,base,no
1573,1,0,0.0009110511418426559,-7.014412879943848,-0.01441282220184803,base,no
1574,1,0,0.017986206211565582,-4.028866291046143,-0.028866078704595566,base,no
1575,1,0,0.0031726821238036353,-5.770524024963379,-0.0205237977206707,base,no
1576,1,0,5.829125084138819e-05,-9.754475593566895,-0.004475339315831661,base,no
1577,1,0,0.00048785717455316767,-7.633390426635742,-0.008390532806515694,base,no
1578,1,0,0.0009110513512269224,-7.0085368156433105,-0.00853698793798685,base,no
1579,1,0,0.0040701383274757905,-5.520505428314209,-0.020505579188466072,base,no
1580,1,0,0.0013250222557703191,-6.6359639167785645,-0.010963794775307178,base,no
1581,1,1,0.6513548782017746,-0.6136969923973083,-1.2386970520019531,base,yes
1582,1,1,0.6513548646660542,-0.5656290054321289,-1.190629005432129,base,yes
1583,1,0,0.029312230963347865,-3.5574493408203125,-0.0574493482708931,base,no
1584,1,0,0.0006263340439962267,-7.378364562988281,-0.003364380681887269,base,no
1585,1,0,0.006692850218455573,-5.019546031951904,-0.01954592578113079,base,no
1586,1,0,0.025957354372137545,-3.7025153636932373,-0.07751525193452835,base,no
1587,1,0,0.46879062662624377,-0.8332279324531555,-0.7082279324531555,base,no
1588,1,0,4.539788271764014e-05,-10.007190704345703,-0.00719101307913661,base,no
1589,1,0,0.03732688306051187,-3.3280768394470215,-0.07807672023773193,base,no
1590,1,0,0.000709670363435586,-7.260390758514404,-0.010390708222985268,base,no
1591,1,1,0.7310585669110203,-0.8070212006568909,-1.807021141052246,base,Yes
1592,1,0,0.0019267344663225308,-6.26278829574585,-0.012788193300366402,base,no
1593,1,0,0.0259573547488921,-3.65938663482666,-0.034386537969112396,base,no
1594,1,0,0.0024726233748607837,-6.009124279022217,-0.009124367497861385,base,no
1595,1,0,0.0009110513105368587,-7.008070468902588,-0.008070596493780613,base,no
1596,1,0,0.003172682444853982,-5.762075424194336,-0.012075298465788364,base,no
1597,1,0,0.00048785719635144375,-7.643264293670654,-0.018264444544911385,base,no
1598,1,0,7.484621458112062e-05,-9.506423950195312,-0.006423777434974909,base,no
1599,1,0,7.889262336433764e-06,-11.75804615020752,-0.008046118542551994,base,no
1600,1,0,0.0001398220404929966,-8.87939453125,-0.004394279792904854,base,no
1601,1,0,0.001169510360248299,-6.755980491638184,-0.005980573128908873,base,no
1602,1,0,0.002800927133601626,-5.89146614074707,-0.016466200351715088,base,no
1603,1,0,0.0005527785863709661,-7.501674652099609,-0.001674560597166419,base,no
1604,1,0,0.06754668363133542,-2.745208263397217,-0.12020814418792725,base,no
1605,1,0,0.00033535003805102527,-8.009318351745605,-0.009318076074123383,base,no
1606,1,0,5.144220377758922e-05,-9.88873291015625,-0.01373271644115448,base,no
1607,1,0,0.00029595702079052795,-8.129746437072754,-0.004746123682707548,base,no
1608,1,0,0.29421497216298875,-1.477067470550537,-0.6020674705505371,base,no
1609,1,0,0.0011695101170987455,-6.806764125823975,-0.05676399916410446,base,no
1610,1,0,0.00033535022725295934,-8.002654075622559,-0.0026543643325567245,base,no
1611,1,0,0.037326887344129464,-3.341686725616455,-0.09168672561645508,base,no
1612,1,0,0.022977368906458788,-3.79736590385437,-0.047365859150886536,base,no
1613,1,0,0.00023050661489447646,-8.378377914428711,-0.0033774496987462044,base,no
1614,1,0,0.00037998457984254804,-7.883904457092285,-0.008904628455638885,base,no
1615,1,0,0.02931222757148327,-3.5683486461639404,-0.06834853440523148,base,no
1616,1,0,0.13296424706933604,-2.122795820236206,-0.24779587984085083,base,no
1617,1,0,0.00033534997513984477,-8.007801055908203,-0.007800592575222254,base,no
1618,1,0,0.01243165277408872,-4.413847923278809,-0.03884807974100113,base,no
1619,1,0,0.11920292045759123,-2.2381045818328857,-0.23810456693172455,base,no
1620,1,0,0.0059110674716835515,-5.138701438903809,-0.013701203279197216,base,no
1621,1,0,2.430023187200259e-05,-10.63336181640625,-0.00836145132780075,base,no
1622,1,0,0.0015011823963356125,-6.531039714813232,-0.031039807945489883,base,no
1623,1,0,0.012431653757408172,-4.399310111999512,-0.02431034855544567,base,no
1624,1,0,0.012431653505861328,-4.402961730957031,-0.02796194702386856,base,no
1625,1,0,0.0017007224873342032,-6.391008377075195,-0.016008421778678894,base,no
1626,1,0,0.00010889695565976192,-9.13812255859375,-0.013122977688908577,base,no
1627,1,0,0.0001088969479021153,-9.128966331481934,-0.003966679330915213,base,no
1628,1,0,0.18242551713899047,-1.7278918027877808,-0.22789175808429718,base,no
1629,1,0,0.3775406547908327,-1.055058479309082,-0.5550584197044373,base,no
1630,1,0,0.002472622743153968,-6.013230323791504,-0.013230156153440475,base,no
1631,1,0,0.0028009269046907316,-5.885110378265381,-0.010110355913639069,base,no
1632,1,0,0.006692851853007708,-5.02159309387207,-0.021593233570456505,base,no
1633,1,0,0.00037998453314705655,-7.897548198699951,-0.022548247128725052,base,no
1634,1,0,0.015906390137353562,-4.15561580657959,-0.030615705996751785,base,no
1635,1,0,0.20181321265898594,-1.7496283054351807,-0.3746282458305359,base,no
1636,1,0,0.001501181962183944,-6.505867004394531,-0.005866807885468006,base,no
1637,1,0,0.047425875197120895,-3.064746379852295,-0.0647464245557785,base,no
1638,1,0,0.004609573042562657,-5.393138885498047,-0.018139073625206947,base,no
1639,1,0,0.0005527787233647546,-7.512674808502197,-0.012674964964389801,base,no
1640,1,0,4.0063678573483806e-05,-10.1262788772583,-0.001278536394238472,base,no
1641,1,0,0.053403329423186846,-2.9734091758728027,-0.09840916842222214,base,no
1642,1,0,0.0003799844463005327,-7.879768371582031,-0.004768191371113062,base,no
1643,1,0,0.0001398220169265786,-8.88151741027832,-0.006516990251839161,base,no
1644,1,0,0.0004305571580806715,-7.754295349121094,-0.004295527469366789,base,no
1645,1,0,0.00043055705687490786,-7.76118278503418,-0.011182728223502636,base,no
1646,1,0,8.48110193723176e-05,-9.377450942993164,-0.0024506794288754463,base,no
1647,1,0,0.005911068549779841,-5.148738861083984,-0.023738808929920197,base,no
1648,1,0,0.0006263340764958952,-7.406948566436768,-0.03194843605160713,base,no
1649,1,0,0.02595735719779685,-3.658639430999756,-0.03363943099975586,base,no
1650,1,0,0.0009110511655785217,-7.010181427001953,-0.010181395336985588,base,no
1651,1,0,0.03308598053388778,-3.462998151779175,-0.08799821883440018,base,no
1652,1,0,0.00407013783670198,-5.542291641235352,-0.04229167103767395,base,no
1653,1,0,0.009708477914104884,-4.6429314613342285,-0.017931610345840454,base,no
1654,1,0,0.2689414272294874,-1.3455828428268433,-0.34558287262916565,base,no
1655,1,0,0.033085981248949035,-3.429283857345581,-0.05428394675254822,base,no
1656,1,0,0.00037998449830231856,-7.8816046714782715,-0.006604628171771765,base,no
1657,1,0,0.00043055707891972566,-7.753486633300781,-0.0034866277128458023,base,no
1658,1,0,0.00669285241024148,-5.146446228027344,-0.14644645154476166,base,no
1659,1,0,0.003172682418345236,-5.771605968475342,-0.021605834364891052,base,no
1660,1,0,0.0001398221043241569,-8.877815246582031,-0.002815451705828309,base,no
1661,1,1,0.6791786861878392,-0.6448684334754944,-1.3948683738708496,base,yes
1662,1,0,0.46879062662624377,-0.7970248460769653,-0.6720248460769653,base,no
1663,1,0,0.2018132270610754,-1.664658784866333,-0.2896588146686554,base,no
1664,1,0,2.7535696573530203e-05,-10.500283241271973,-0.0002834395272657275,base,no
1665,1,0,0.0028009275550058203,-5.88539981842041,-0.01040002889931202,base,no
1666,1,0,0.02931222799546632,-3.544780731201172,-0.044780634343624115,base,no
1667,1,0,0.18242551936144574,-1.7775250673294067,-0.27752503752708435,base,no
1668,1,0,8.48110111386824e-05,-9.378201484680176,-0.0032011240255087614,base,no
1669,1,0,0.014063627818059764,-4.27924108505249,-0.02924114093184471,base,no
1670,1,0,0.00012339458394347065,-9.002864837646484,-0.002864902140572667,base,no
1671,1,0,0.0001584362729885431,-8.753557205200195,-0.003557545365765691,base,no
1672,1,0,0.0007096705642163622,-7.2633514404296875,-0.013351673260331154,base,no
1673,1,0,5.829126815823983e-05,-9.75578498840332,-0.005785031244158745,base,no
1674,1,0,0.3486451217982255,-1.157067060470581,-0.5320670008659363,base,no
1675,1,0,0.0019267350394278795,-6.261021137237549,-0.011021332815289497,base,no
1676,1,0,0.3208213138121609,-1.1957621574401855,-0.4457622170448303,base,no
1677,1,0,0.1329642333263228,-2.0394062995910645,-0.16440623998641968,base,no
1678,1,0,0.00218271639463578,-6.133872985839844,-0.008872962556779385,base,no
1679,1,0,8.48110214257903e-05,-9.37619686126709,-0.0011966219171881676,base,no
1680,1,0,0.00026119030790903004,-8.26716136932373,-0.017161326482892036,base,no
1681,1,0,0.0001088969537076743,-9.126348495483398,-0.0013488966505974531,base,no
1682,1,0,0.0035936018944562735,-5.641445636749268,-0.016445444896817207,base,no
1683,1,0,5.42221856729404e-06,-12.127269744873047,-0.0022696706000715494,base,no
1684,1,0,0.0002959569767025506,-8.128412246704102,-0.003411784302443266,base,no
1685,1,0,0.0031726830457189372,-5.7555718421936035,-0.005571906454861164,base,no
1686,1,0,0.46879062662624377,-0.9791484475135803,-0.8541484475135803,base,no
1687,1,1,0.5926665999540697,-0.5589801669120789,-0.9339801669120789,base,yes
1688,1,1,0.6791786861878392,-0.800645649433136,-1.5506455898284912,base,yes
1689,1,0,0.00020342688647181925,-8.504105567932129,-0.00410511763766408,base,no
1690,1,0,0.0007096703472542431,-7.255107879638672,-0.005107806529849768,base,no
1691,1,0,0.00669285077568921,-5.016064167022705,-0.016064144670963287,base,no
1692,1,0,0.22270013882530884,-1.6411073207855225,-0.39110732078552246,base,no
1693,1,0,5.144223522842689e-05,-9.88241958618164,-0.00742000387981534,base,no
1694,1,0,7.484619665060431e-05,-9.503026962280273,-0.0030265499372035265,base,no
1695,1,0,0.0001795280448233411,-8.627557754516602,-0.0025581750087440014,base,no
1696,1,0,0.0013250222286577827,-6.633832931518555,-0.008832789026200771,base,no
1697,1,0,0.4378234991142019,-0.920138955116272,-0.670138955116272,base,no
1698,1,0,0.001032231111661946,-6.877777576446533,-0.002777649089694023,base,no
1699,1,0,0.006692851394837752,-5.034306526184082,-0.0343065969645977,base,no
1700,1,0,0.06008665143635008,-2.864351749420166,-0.1143517717719078,base,no
1701,1,0,0.00023050663260116582,-8.38218879699707,-0.007188409101217985,base,no
1702,1,0,0.004609571965713727,-5.390969753265381,-0.01596970669925213,base,no
1703,1,0,0.053403333942835626,-2.9831619262695312,-0.10816200822591782,base,no
1704,1,0,0.0005527786605920097,-7.517725467681885,-0.017725510522723198,base,no
1705,1,0,0.06754668879328725,-2.717790126800537,-0.09279008954763412,base,no
1706,1,0,0.04208772671409796,-3.1823086738586426,-0.05730864405632019,base,no
1707,1,0,0.005220124852052247,-5.271431922912598,-0.021431760862469673,base,no
1708,1,0,1.670141904834816e-05,-11.003792762756348,-0.0037925951182842255,base,no
1709,1,0,0.0015011825373302328,-6.513337135314941,-0.013337322510778904,base,no
1710,1,0,0.0002611902551370452,-8.25658130645752,-0.006581061519682407,base,no
1711,1,0,0.11920292984474948,-2.168253183364868,-0.16825325787067413,base,no
1712,1,0,0.00015843617425285008,-8.751572608947754,-0.0015723258256912231,base,no
1713,1,0,0.00037998458329164706,-7.87866735458374,-0.003667535027489066,base,no
1714,1,0,0.00026119026681011,-8.255826950073242,-0.005826749838888645,base,no
1715,1,0,0.00037998443736825385,-7.878802299499512,-0.0038020957726985216,base,no
1716,1,0,0.0031726832018260276,-5.761135578155518,-0.011135691776871681,base,no
1717,1,0,3.535625951676698e-05,-10.254522323608398,-0.0045225718058645725,base,no
1718,1,0,0.0052201260514403635,-5.267414569854736,-0.01741463877260685,base,no
1719,1,0,0.04742587620689797,-3.0670318603515625,-0.06703192740678787,base,no
1720,1,0,0.0003799845159900024,-7.881757736206055,-0.006757739465683699,base,no
1721,1,0,0.0010322309584864815,-6.879966735839844,-0.004966659937053919,base,no
1722,1,0,0.01590638894192946,-4.151632308959961,-0.02663213200867176,base,no
1723,1,0,0.003172683268097908,-5.756946563720703,-0.006946698296815157,base,no
1724,1,0,7.484622637797382e-05,-9.500991821289062,-0.0009918061550706625,base,no
1725,1,1,0.6513548646660542,-0.5406395196914673,-1.1656395196914673,base,yes
1726,1,0,5.8291262865471145e-05,-9.75197696685791,-0.0019769188947975636,base,no
1727,1,0,0.0066928505156468405,-5.018436908721924,-0.018436847254633904,base,no
1728,1,0,0.0003799844634575837,-7.882650852203369,-0.007650717161595821,base,no
1729,1,0,0.3775406547908327,-1.146695852279663,-0.6466957926750183,base,no
1730,1,0,0.0675466911396291,-2.7577452659606934,-0.13274526596069336,base,no
1731,1,0,0.0003353500246258096,-8.003473281860352,-0.003472966141998768,base,no
1732,1,0,1.892515540182289e-05,-10.881185531616211,-0.006185909733176231,base,no
1733,1,0,0.01798621344942342,-4.040496349334717,-0.040496546775102615,base,no
1734,1,0,0.00023050665824903956,-8.387048721313477,-0.012048444710671902,base,no
1735,1,0,0.00669285174156096,-5.021713733673096,-0.021713856607675552,base,no
1736,1,0,0.00010889689101272364,-9.129666328430176,-0.004666153807193041,base,no
1737,1,0,0.000158436175451546,-8.751407623291016,-0.0014073477359488606,base,no
1738,1,0,5.829126901322558e-05,-9.75103759765625,-0.0010376551654189825,base,no
1739,1,0,0.0017007220327313758,-6.3815598487854,-0.00655962573364377,base,no
1740,1,0,0.0010322310271513421,-6.893529891967773,-0.01852988265454769,base,no
1741,1,0,6.962257307040437e-06,-11.885563850402832,-0.010564002208411694,base,no
1742,1,0,0.0006263340613390989,-7.387921333312988,-0.012921178713440895,base,no
1743,1,0,0.0024726229728655185,-6.009486198425293,-0.009486123919487,base,no
1744,1,0,0.020332352378008508,-3.9106035232543945,-0.03560347482562065,base,no
1745,1,0,0.2689414213699951,-1.352076530456543,-0.35207653045654297,base,no
1746,1,0,0.005911067652278348,-5.168710708618164,-0.04371050372719765,base,no
1747,1,0,0.004609572828902135,-5.384975910186768,-0.00997605174779892,base,no
1748,1,0,0.11920292828022305,-2.1562225818634033,-0.1562226414680481,base,no
1749,1,0,0.0006263342333104634,-7.389367580413818,-0.014367700554430485,base,no
1750,1,0,0.08509905080783367,-2.531245708465576,-0.15624578297138214,base,no
1751,1,0,0.00026119039120123976,-8.25265884399414,-0.0026591201312839985,base,no
1752,1,0,0.00012339456909187348,-9.008281707763672,-0.008281651884317398,base,no
1753,1,0,7.484621736915075e-05,-9.507285118103027,-0.007284982595592737,base,no
1754,1,0,3.535624645301451e-05,-10.253381729125977,-0.003381607821211219,base,no
1755,1,0,0.0008040859446083704,-7.146329879760742,-0.021329890936613083,base,no
1756,1,1,0.5926665999540697,-0.6990389823913574,-1.0740389823913574,base,yes
1757,1,0,0.14804719991116141,-1.9678109884262085,-0.2178110033273697,base,no
1758,1,0,5.8291242644384973e-05,-9.767849922180176,-0.017849527299404144,base,no
1759,1,0,0.09534945590170514,-2.4105682373046875,-0.16056813299655914,base,no
1760,1,0,0.00970847571143509,-4.653898239135742,-0.02889815904200077,base,no
1761,1,0,0.11920293140927592,-2.1999454498291016,-0.19994553923606873,base,no
1762,1,0,0.014063625751888418,-4.26960563659668,-0.019605543464422226,base,no
1763,1,1,0.5621765008857981,-0.977808952331543,-1.227808952331543,base,yes
1764,1,0,0.0005527785304157664,-7.50622034072876,-0.00622014794498682,base,no
1765,1,0,0.0005527787264519389,-7.507992267608643,-0.007992429658770561,base,no
1766,1,0,0.0010322312725202169,-6.881015300750732,-0.00601552939042449,base,no
1767,1,0,0.0024726225846530107,-6.009262561798096,-0.009262329898774624,base,no
1768,1,0,0.00020342699226152673,-8.508479118347168,-0.008479188196361065,base,no
1769,1,0,0.00033535025035683324,-8.006488800048828,-0.006489157676696777,base,no
1770,1,0,0.02297736798652257,-3.7891807556152344,-0.03918066993355751,base,no
1771,1,0,0.09534947004048376,-2.398286819458008,-0.1482868790626526,base,no
1772,1,0,5.8291274577418895e-05,-9.753475189208984,-0.0034753421787172556,base,no
1773,1,0,0.37754066879814546,-1.2745925188064575,-0.7745925188064575,base,no
1774,1,0,0.00017952801398075477,-8.62682056427002,-0.0018208129331469536,base,no
1775,1,1,0.679178699175393,-0.5439578294754028,-1.2939578294754028,base,yes
1776,1,0,0.0003799844629269532,-7.8796067237854,-0.0046065873466432095,base,no
1777,1,0,0.02931222757148327,-3.5734732151031494,-0.07347310334444046,base,no
1778,1,0,0.0004305570300203132,-7.785367965698242,-0.03536784648895264,base,no
1779,1,0,0.22270014398423357,-1.5365030765533447,-0.2865031063556671,base,no
1780,1,0,0.00017952792086793807,-8.640326499938965,-0.015326229855418205,base,no
1781,1,0,9.610243787291347e-05,-9.256322860717773,-0.006323093548417091,base,no
1782,1,0,0.0010322307918661743,-6.883708477020264,-0.008708239533007145,base,no
1783,1,0,0.02033235452992065,-3.9000332355499268,-0.025033295154571533,base,no
1784,1,0,0.004609573085294762,-5.392222881317139,-0.01722307875752449,base,no
1785,1,0,0.07585817740967664,-2.6205058097839355,-0.12050577253103256,base,no
1786,1,1,0.5621765008857981,-0.8000161647796631,-1.050016164779663,base,yes
1787,1,0,3.535623725406128e-05,-10.251481056213379,-0.0014806747203692794,base,no
1788,1,0,0.2689414213699951,-1.3439732789993286,-0.3439732789993286,base,no
1789,1,0,0.1480472036701053,-1.990201473236084,-0.24020151793956757,base,no
1790,1,0,0.0011695103493691234,-6.756329536437988,-0.006329608615487814,base,no
1791,1,0,0.00116951054138659,-6.766368865966797,-0.016369102522730827,base,no
1792,1,0,0.3208213138121609,-1.2291555404663086,-0.47915560007095337,base,no
1793,1,0,9.610242183115679e-05,-9.252152442932129,-0.0021525088232010603,base,no
1794,1,0,0.0008040860218663472,-7.12884521484375,-0.0038453221786767244,base,no
1795,1,0,0.4378234991142019,-0.978552520275116,-0.728552520275116,base,no
1796,1,0,0.0009110511520151696,-7.002554416656494,-0.00255437009036541,base,no
1797,1,0,0.0002305067933028484,-8.378177642822266,-0.003177952254191041,base,no
1798,1,0,0.0007096704004215141,-7.26010799407959,-0.010107995942234993,base,no
1799,1,0,0.29421496597446145,-1.2723146677017212,-0.3973146378993988,base,no
1800,1,0,0.0031726834816406422,-5.765124320983887,-0.01512452308088541,base,no
1801,1,0,0.00017952800988512717,-8.627242088317871,-0.002242314163595438,base,no
1802,1,0,2.7535696304269153e-05,-10.501416206359863,-0.001416394836269319,base,no
1803,1,0,0.0758581784543034,-2.608574390411377,-0.10857436805963516,base,no
1804,1,0,0.3208212878370535,-1.4788753986358643,-0.7288753390312195,base,no
1805,1,1,0.6513548511303336,-0.5042460560798645,-1.1292459964752197,base,yes
1806,1,0,0.1645164608483867,-1.8456401824951172,-0.220640167593956,base,no
1807,1,0,0.37754066879814546,-1.010629653930664,-0.5106296539306641,base,no
1808,1,0,2.7535700243815023e-05,-10.505755424499512,-0.005755756050348282,base,no
1809,1,0,2.753570190105296e-05,-10.50159740447998,-0.0015977962175384164,base,no
1810,1,0,0.060086652698692546,-2.832263469696045,-0.0822635143995285,base,no
1811,1,0,0.005911069239323762,-5.136496067047119,-0.011496132239699364,base,no
1812,1,0,7.484622196940069e-05,-9.502700805664062,-0.002700731623917818,base,no
1813,1,0,0.014063626165122665,-4.273293495178223,-0.023293431848287582,base,no
1814,1,0,0.00037998450343174674,-7.877085208892822,-0.002085179090499878,base,no
1815,1,0,4.539787460023538e-05,-10.004827499389648,-0.004827629309147596,base,no
1816,1,0,0.0009110511545582981,-7.003323078155518,-0.003323034383356571,base,no
1817,1,0,0.0005527786541603763,-7.504045486450195,-0.004045517649501562,base,no
1818,1,0,0.00317268293673852,-5.75848388671875,-0.008483916521072388,base,no
1819,1,0,0.02297737258620403,-3.7867603302001953,-0.03676044940948486,base,no
1820,1,0,0.0040701386596919435,-5.52077579498291,-0.02077602781355381,base,no
1821,1,0,0.22270014398423357,-1.5459742546081543,-0.2959742844104767,base,no
1822,1,0,0.005220126022422906,-5.274763584136963,-0.024763647466897964,base,no
1823,1,0,0.015906390866270742,-4.14378547668457,-0.018785422667860985,base,no
1824,1,0,0.04208772491181671,-3.173189878463745,-0.04818980395793915,base,no
1825,1,0,5.144220699932304e-05,-9.878488540649414,-0.0034884095657616854,base,no
1826,1,1,0.5926666143433998,-0.7049714922904968,-1.0799715518951416,base,yes
1827,1,0,0.004070138021685948,-5.513469219207764,-0.013469294644892216,base,no
1828,1,0,0.0009110510829268486,-7.007664680480957,-0.007664558012038469,base,no
1829,1,0,0.4378234991142019,-0.9124930500984192,-0.6624930500984192,base,no
1830,1,0,0.0001795279382952435,-8.62860107421875,-0.003600901225581765,base,no
1831,1,0,0.0031726822946377604,-5.77641487121582,-0.026414697989821434,base,no
1832,1,0,0.005911068265206182,-5.160821437835693,-0.0358213372528553,base,no
1833,1,0,0.0003353500307920423,-8.002366065979004,-0.0023657686542719603,base,no
1834,1,0,0.00029595708361590723,-8.132800102233887,-0.007800001185387373,base,no
1835,1,0,1.670141877226202e-05,-11.002044677734375,-0.00204449356533587,base,no
1836,1,0,0.00043055703282601695,-7.753992557525635,-0.003992444835603237,base,no
1837,1,0,0.06008665438181589,-2.909421682357788,-0.15942175686359406,base,no
1838,1,0,5.829128707649899e-05,-9.757065773010254,-0.007066140417009592,base,no
1839,1,0,0.05340332829327471,-2.9413905143737793,-0.06639048457145691,base,no
1840,1,0,0.00010889690962092602,-9.138154983520508,-0.013154979795217514,base,no
1841,1,0,0.0013250221041866,-6.636124610900879,-0.011124374344944954,base,no
1842,1,0,0.04742586913845881,-3.1511919498443604,-0.1511918604373932,base,no
1843,1,0,0.18242551491653522,-1.752392292022705,-0.2523922324180603,base,no
1844,1,0,0.014063624047297284,-4.359450817108154,-0.10945060104131699,base,no
1845,1,0,0.0009110510045137297,-7.005017280578613,-0.005017071962356567,base,no
1846,1,0,0.01098694082923955,-4.513452053070068,-0.013451887294650078,base,no
1847,1,0,3.53562399087925e-05,-10.252951622009277,-0.0029513156041502953,base,no
1848,1,0,0.0017007227956735806,-6.3865437507629395,-0.011543977074325085,base,no
1849,1,0,0.00359360309497565,-5.644043445587158,-0.019043589010834694,base,no
1850,1,0,0.010986942023395294,-4.5240936279296875,-0.024093572050333023,base,no
1851,1,0,0.2018132174596823,-1.6856610774993896,-0.31066104769706726,base,no
1852,1,0,0.0005527785803252314,-7.502529621124268,-0.0025295186787843704,base,no
1853,1,0,6.60521654918568e-05,-9.62934684753418,-0.004347159992903471,base,no
1854,1,0,0.00010889692528832503,-9.130317687988281,-0.00531782815232873,base,no
1855,1,0,5.8291238735880546e-05,-9.754924774169922,-0.004924312233924866,base,no
1856,1,0,0.005220125350185182,-5.256941318511963,-0.006941252388060093,base,no
1857,1,0,0.003593602031182071,-5.640155792236328,-0.015155638568103313,base,no
1858,1,0,0.00048785705057549124,-7.634837627410889,-0.009837479330599308,base,no
1859,1,0,0.05340332377362639,-2.963253974914551,-0.08825385570526123,base,no
1860,1,0,0.20181323186177208,-1.6533584594726562,-0.278358519077301,base,no
1861,1,0,0.0005527785589722123,-7.5024003982543945,-0.002400257159024477,base,no
1862,1,1,0.835483553488848,-0.5715664625167847,-2.196566581726074,base,yes
1863,1,0,0.002182716181656311,-6.129418849945068,-0.004418728873133659,base,no
1864,1,0,0.09534946361376598,-2.3765485286712646,-0.12654851377010345,base,no
1865,1,0,0.0031726830221556037,-5.763338088989258,-0.013338145799934864,base,no
1866,1,0,0.0007096703601332711,-7.258605003356934,-0.008604948408901691,base,no
1867,1,0,0.00591106750451897,-5.136387348175049,-0.011387118138372898,base,no
1868,1,0,5.144221987428362e-05,-9.883936882019043,-0.00893700122833252,base,no
1869,1,0,0.025957357951306048,-3.7251901626586914,-0.1001901924610138,base,no
1870,1,0,0.015906393781939792,-4.153398513793945,-0.028398646041750908,base,no
1871,1,0,0.00012339463352541144,-9.003453254699707,-0.00345372105948627,base,no
1872,1,0,0.0001233945934375777,-9.001274108886719,-0.0012742503313347697,base,no
1873,1,0,2.7535693820015543e-05,-10.502080917358398,-0.0020810156129300594,base,no
1874,1,0,0.015906393811096483,-4.166444301605225,-0.041444435715675354,base,no
1875,1,0,0.18242552158390105,-1.7462317943572998,-0.2462317794561386,base,no
1876,1,0,0.005220125819300707,-5.27667760848999,-0.026677632704377174,base,no
1877,1,0,0.0002305068141752955,-8.38017749786377,-0.005177897866815329,base,no
1878,1,0,0.2689414330889798,-1.468123435974121,-0.46812349557876587,base,no
1879,1,0,0.007577242920659696,-4.915127754211426,-0.04012797400355339,base,no
1880,1,0,0.4073334000459302,-0.9226332902908325,-0.5476332902908325,base,no
1881,1,0,5.144221048454461e-05,-9.876148223876953,-0.0011481605470180511,base,no
1882,1,0,0.4073334000459302,-0.92828768491745,-0.55328768491745,base,no
1883,1,0,0.03732688921821231,-3.3160898685455322,-0.0660899206995964,base,no
1884,1,0,0.003172682592124794,-5.763169765472412,-0.013169686309993267,base,no
1885,1,0,0.16451646904109268,-1.8208972215652466,-0.19589726626873016,base,no
1886,1,1,0.754914975839675,-0.3657405972480774,-1.4907405376434326,base,yes
1887,1,0,0.4378234991142019,-0.8598576784133911,-0.6098576784133911,base,no
1888,1,0,6.605214859148928e-05,-9.62850284576416,-0.003502902342006564,base,no
1889,1,0,0.06008665227791171,-2.8279013633728027,-0.07790140062570572,base,no
1890,1,0,0.003172682866048522,-5.829737663269043,-0.07973767071962357,base,no
1891,1,0,0.0004878570989404052,-7.630570888519287,-0.005570839624851942,base,no
1892,1,0,0.0758581737534831,-2.808541774749756,-0.3085416853427887,base,no
1893,1,0,0.001501182233005227,-6.507186412811279,-0.007186396978795528,base,no
1894,1,0,0.2689414330889798,-1.4603478908538818,-0.4603479504585266,base,no
1895,1,0,0.0004305569947486092,-7.7824859619140625,-0.03248576074838638,base,no
1896,1,0,0.01243165231673086,-4.394364356994629,-0.019364476203918457,base,no
1897,1,0,0.00012339454685757084,-9.006415367126465,-0.006415131036192179,base,no
1898,1,0,9.610239276806473e-05,-9.259160041809082,-0.009159805253148079,base,no
1899,1,0,0.01798620706694863,-4.0324811935424805,-0.032481029629707336,base,no
1900,1,0,0.003172683246007281,-5.757831573486328,-0.007831701077520847,base,no
1901,1,0,0.00033535001775709483,-8.00217342376709,-0.0021730875596404076,base,no
1902,1,0,0.08509904152653235,-2.4784529209136963,-0.10345287621021271,base,no
1903,1,0,0.0024726232898674935,-6.016961574554443,-0.016961628571152687,base,no
1904,1,0,0.008577485128596116,-4.775294303894043,-0.025294270366430283,base,no
1905,1,0,0.16451646699291617,-1.8815011978149414,-0.2565012276172638,base,no
1906,1,0,0.053403331683011195,-2.97676420211792,-0.1017642393708229,base,no
1907,1,0,0.11920292358664389,-2.21089768409729,-0.21089769899845123,base,no
1908,1,0,0.0017007222888901715,-6.380866050720215,-0.005865978542715311,base,no
1909,1,0,0.04208772611333754,-3.192225933074951,-0.06722588837146759,base,no
1910,1,0,0.047425871999493587,-3.0610170364379883,-0.06101701036095619,base,no
1911,1,0,0.0066928515310504385,-5.025713920593262,-0.02571401186287403,base,no
1912,1,0,0.0035936021879165283,-5.640254020690918,-0.015253910794854164,base,no
1913,1,0,0.004070137345928228,-5.530580997467041,-0.030580906197428703,base,no
1914,1,0,0.0019267349633123156,-6.253608703613281,-0.003608859609812498,base,no
1915,1,0,0.00043055710657595317,-7.757900714874268,-0.007900773547589779,base,no
1916,1,0,0.06754669817865512,-2.7248799800872803,-0.09988009184598923,base,no
1917,1,0,0.46879062662624377,-0.8129018545150757,-0.6879018545150757,base,no
1918,1,0,0.012431648589264923,-4.398273468017578,-0.02327328361570835,base,no
1919,1,0,0.0017007221157457964,-6.38015079498291,-0.005150620825588703,base,no
1920,1,0,0.017986212528241355,-4.0294342041015625,-0.02943434938788414,base,no
1921,1,0,0.32082129433083023,-1.1652882099151611,-0.41528818011283875,base,no
1922,1,0,0.005911069737327756,-5.139875411987305,-0.0148755619302392,base,no
1923,1,0,0.0011695100376807811,-6.7575178146362305,-0.007517619989812374,base,no
1924,1,0,0.0004305571406452214,-7.784246444702148,-0.03424658253788948,base,no
1925,1,0,0.00029595707025173554,-8.136738777160645,-0.011738630943000317,base,no
1926,1,0,0.00037998457984254804,-7.883904457092285,-0.008904628455638885,base,no
1927,1,0,0.00522012550978118,-5.2669878005981445,-0.016987765207886696,base,no
1928,1,0,0.0002611903034100355,-8.256625175476074,-0.006625115405768156,base,no
1929,1,0,0.0534033328129234,-2.983318567276001,-0.10831862688064575,base,no
1930,1,0,0.0019267343893115125,-6.261084079742432,-0.011083937250077724,base,no
1931,1,0,0.07585818524437762,-2.6134371757507324,-0.11343725025653839,base,no
1932,1,0,0.0002305066207967061,-8.375937461853027,-0.0009370227344334126,base,no
1933,1,1,0.6791787121629466,-0.9012483954429626,-1.6512484550476074,base,Yes
1934,1,0,0.005220126631789551,-5.274754047393799,-0.024754228070378304,base,no
1935,1,0,0.0005527786613638056,-7.503983020782471,-0.003983065020292997,base,no
1936,1,0,0.008577483623818079,-4.770349979400635,-0.020349768921732903,base,no
1937,1,0,0.0011695104913423747,-6.75584077835083,-0.005840972065925598,base,no
1938,1,0,0.0003353499877845228,-8.00655460357666,-0.006554177962243557,base,no
1939,1,0,0.14804720179063335,-2.0007331371307373,-0.2507331669330597,base,no
1940,1,0,0.009708478666236147,-4.642580986022949,-0.017581213265657425,base,no
1941,1,0,0.14804719239327382,-1.937631607055664,-0.18763156235218048,base,no
1942,1,0,0.001926734527214966,-6.2566447257995605,-0.006644655019044876,base,no
1943,1,0,0.0004878570794127867,-7.632613658905029,-0.007613569963723421,base,no
1944,1,0,0.005220126312597491,-5.264482498168945,-0.014482617378234863,base,no
1945,1,0,0.001926734967789702,-6.265072345733643,-0.015072504058480263,base,no
1946,1,0,0.002472623253113639,-6.010336399078369,-0.010336438193917274,base,no
1947,1,0,0.0035936024213508388,-5.656453609466553,-0.03145356476306915,base,no
1948,1,0,0.00026119025781212247,-8.252534866333008,-0.0025346316397190094,base,no
1949,1,0,0.005911069939812908,-5.142106533050537,-0.017106717452406883,base,no
1950,1,1,0.6513548782017746,-0.5415558218955994,-1.1665558815002441,base,yes
1951,1,0,0.0003353501627806712,-8.006814002990723,-0.006814099382609129,base,no
1952,1,1,0.5621765008857981,-0.6161928176879883,-0.8661928176879883,base,yes
1953,1,0,0.00023050668293109647,-8.38593578338623,-0.010935613885521889,base,no
1954,1,0,0.003593602954915036,-5.647118091583252,-0.02211819589138031,base,no
1955,1,0,0.14804719427274565,-1.968875765800476,-0.2188757359981537,base,no
1956,1,0,0.0004878571820463249,-7.628963470458984,-0.003963591996580362,base,no
1957,1,0,9.610242037688331e-05,-9.257110595703125,-0.0071106464602053165,base,no
1958,1,0,0.00026119033125516497,-8.258481979370117,-0.008482025936245918,base,no
1959,1,0,0.001169510376023104,-6.758886337280273,-0.008886432275176048,base,no
1960,1,0,0.002182716265833908,-6.131840229034424,-0.006840146612375975,base,no
1961,1,0,0.0008040859685527304,-7.135127544403076,-0.010127585381269455,base,no
1962,1,1,0.6224593452091672,-0.6135260462760925,-1.1135261058807373,base,yes
1963,1,0,0.017986207034049285,-4.030510425567627,-0.03051025979220867,base,no
1964,1,0,0.001700722471521929,-6.396134376525879,-0.02113441191613674,base,no
1965,1,0,0.00062633410578932,-7.377110958099365,-0.0021108745131641626,base,no
1966,1,0,0.017986208514520034,-4.028480529785156,-0.028480447828769684,base,no
1967,1,0,0.005911068713956958,-5.138485431671143,-0.013485407456755638,base,no
1968,1,0,0.005220125364693909,-5.296387672424316,-0.04638760909438133,base,no
1969,1,0,0.0017007223560923308,-6.383993625640869,-0.008993593044579029,base,no
1970,1,0,0.0009110512762046189,-7.0056939125061035,-0.005694002378731966,base,no
1971,1,0,7.484624448274921e-05,-9.504707336425781,-0.004707563202828169,base,no
1972,1,0,0.0013250221411582371,-6.6587605476379395,-0.03376033902168274,base,no
1973,1,0,0.0002959570646029621,-8.132402420043945,-0.007402254734188318,base,no
1974,1,0,4.539787610110959e-05,-10.00942325592041,-0.009423418901860714,base,no
1975,1,0,0.06754669160889748,-2.7336041927337646,-0.10860420018434525,base,no
1976,1,0,0.008577486332418735,-4.772701740264893,-0.022701848298311234,base,no
1977,1,0,0.053403325280175794,-2.9858734607696533,-0.11087337136268616,base,no
1978,1,0,0.0007096704380679074,-7.265188694000244,-0.015188748948276043,base,no
1979,1,0,0.04742587351415913,-3.0697789192199707,-0.0697789266705513,base,no
1980,1,1,0.6224593312018546,-0.6332539319992065,-1.1332539319992065,base,yes
1981,1,0,0.03732689069070603,-3.312023878097534,-0.06202397122979164,base,no
1982,1,0,0.003172682942629353,-5.770180702209473,-0.020180733874440193,base,no
1983,1,0,0.02595735427794891,-3.6714138984680176,-0.046413782984018326,base,no
1984,1,0,0.0001233946248787332,-9.004101753234863,-0.00410214951261878,base,no
1985,1,0,1.4738975776961473e-05,-11.126795768737793,-0.0017953482456505299,base,no
1986,1,0,0.00012339462921643552,-9.003213882446289,-0.003214313881471753,base,no
1987,1,0,0.0002305066346401181,-8.387846946716309,-0.012846567668020725,base,no
1988,1,0,3.5356253816294695e-05,-10.25140380859375,-0.0014038955559954047,base,no
1989,1,0,0.001926734335582897,-6.2586870193481445,-0.008686848916113377,base,no
1990,1,0,0.003593602167907874,-5.6504645347595215,-0.025464419275522232,base,no
1991,1,0,0.0001088969122575108,-9.130829811096191,-0.005829831585288048,base,no
1992,1,0,0.0015011825917737032,-6.533827304840088,-0.0338275283575058,base,no
1993,1,0,0.0019267347134741919,-6.266258716583252,-0.016258742660284042,base,no
1994,1,0,0.24508501864634827,-1.46322762966156,-0.33822765946388245,base,no
1995,1,0,0.00026119040615736204,-8.265886306762695,-0.015886640176177025,base,no
1996,1,0,0.010986944472426971,-4.525439262390137,-0.0254394318908453,base,no
1997,1,0,0.0002611903037748188,-8.257355690002441,-0.0073556313291192055,base,no
1998,1,0,0.010986940748279841,-4.521635055541992,-0.02163488231599331,base,no
1999,1,0,5.144222550333719e-05,-9.88032341003418,-0.005323638673871756,base,no
2000,1,0,5.144222485659483e-05,-9.881306648254395,-0.006306864321231842,base,no
2001,1,0,0.009708478200631072,-4.6580610275268555,-0.033061206340789795,base,no
2002,1,0,0.014063626165122665,-4.273293495178223,-0.023293431848287582,base,no
2003,1,0,0.4073334000459302,-0.9811970591545105,-0.6061970591545105,base,no
2004,1,0,0.2018132270610754,-1.7862160205841064,-0.41121605038642883,base,no
2005,1,0,0.004070137874453809,-5.508426666259766,-0.008426705375313759,base,no
2006,1,0,0.00023050677296696984,-8.378205299377441,-0.0032055205665528774,base,no
2007,1,0,0.0002959571320438128,-8.128180503845215,-0.0031805664766579866,base,no
2008,1,0,0.32082129433083023,-1.189249038696289,-0.4392490088939667,base,no
2009,1,0,0.0003799845893938993,-7.878393173217773,-0.0033933697268366814,base,no
2010,1,0,9.610240035265836e-05,-9.252145767211914,-0.002145609585568309,base,no
2011,1,0,0.0010322309162311848,-6.880321502685547,-0.005321385804563761,base,no
2012,1,0,0.0024726236918628094,-6.008791923522949,-0.008792140521109104,base,no
2013,1,0,0.00012339460994095162,-9.004073143005371,-0.004073418211191893,base,no
2014,1,0,0.014063625080382796,-4.2771687507629395,-0.02716860920190811,base,no
2015,1,0,0.00017952794870147696,-8.63075065612793,-0.0057505411095917225,base,no
2016,1,0,0.0006263340461823029,-7.392903804779053,-0.017903625965118408,base,no
2017,1,0,0.2689414213699951,-1.4214705228805542,-0.4214705228805542,base,no
2018,1,0,0.16451645880021026,-2.017169237136841,-0.39216920733451843,base,no
2019,1,0,0.0010322309378390068,-6.883568286895752,-0.008568190969526768,base,no
2020,1,0,0.16451647108926923,-1.8589770793914795,-0.23397713899612427,base,no
2021,1,0,8.48110226697209e-05,-9.376184463500977,-0.0011842388194054365,base,no
2022,1,0,0.020332353862085824,-3.9171009063720703,-0.0421009324491024,base,no
2023,1,0,0.00010889690840404075,-9.132969856262207,-0.007969841361045837,base,no
2024,1,0,0.00029595719197594015,-8.127999305725098,-0.002999570919200778,base,no
2025,1,0,0.0040701381085151605,-5.57740592956543,-0.07740602642297745,base,no
2026,1,0,0.46879062662624377,-0.9493191242218018,-0.8243191242218018,base,no
2027,1,0,0.0001233945463404941,-9.008145332336426,-0.00814509205520153,base,no
2028,1,0,2.144495627230421e-05,-10.7512845993042,-0.0012849654303863645,base,no
2029,1,0,0.10669058400428263,-2.3082022666931152,-0.18320216238498688,base,no
2030,1,0,1.4738979059320368e-05,-11.1257963180542,-0.0007961202645674348,base,no
2031,1,0,0.00020342693984021,-8.5023193359375,-0.0023191480431705713,base,no
2032,1,0,0.4378234991142019,-1.1609041690826416,-0.9109041690826416,base,no
2033,1,0,0.010986944168827973,-4.531899452209473,-0.031899593770504,base,no
2034,1,0,0.03308597648187432,-3.5067152976989746,-0.13171523809432983,base,no
2035,1,0,0.16451645470385742,-1.8946831226348877,-0.2696830630302429,base,no
2036,1,0,0.00015843623957257136,-8.753083229064941,-0.003083358285948634,base,no
2037,1,0,1.670142333351671e-05,-11.00493335723877,-0.004933446180075407,base,no
2038,1,0,4.539788092081865e-05,-10.010786056518555,-0.010786325670778751,base,no
2039,1,0,0.0013250227080568034,-6.648255825042725,-0.02325604483485222,base,no
2040,1,0,0.0009110512033015955,-7.00637674331665,-0.006376753095537424,base,no
2041,1,0,0.060086653961035054,-2.8487582206726074,-0.0987582877278328,base,no
2042,1,0,0.13296424019782924,-2.0866103172302246,-0.2116103172302246,base,no
2043,1,0,0.012431649961338144,-4.400938987731934,-0.025938915088772774,base,no
2044,1,0,0.00043055707210587274,-7.760889530181885,-0.01088950876146555,base,no
2045,1,0,0.2942149845400438,-1.3501782417297363,-0.4751783013343811,base,no
2046,1,0,0.0013250222114043508,-6.629763126373291,-0.004762970842421055,base,no
2047,1,0,0.0007096704354260552,-7.257389068603516,-0.007389119826257229,base,no
2048,1,0,0.10669058826486906,-2.2616260051727295,-0.13662594556808472,base,no
2049,1,0,0.08509904268669496,-2.516413450241089,-0.14141342043876648,base,no
2050,1,0,0.005220126510883465,-5.262712001800537,-0.01271215919405222,base,no
2051,1,0,2.430022941090272e-05,-10.628901481628418,-0.00390101526863873,base,no
2052,1,0,0.00013982204791446605,-8.884064674377441,-0.009064476005733013,base,no
2053,1,0,0.08509904964767095,-2.570166826248169,-0.19516688585281372,base,no
2054,1,0,1.473898167937423e-05,-11.130457878112793,-0.0054578580893576145,base,no
2055,1,0,0.0006263342554627103,-7.384549140930176,-0.009549296461045742,base,no
2056,1,0,8.481101854303057e-05,-9.377686500549316,-0.0026862272061407566,base,no
2057,1,0,0.09534946297109421,-2.3647568225860596,-0.11475680023431778,base,no
2058,1,0,0.025957354937269386,-3.693570375442505,-0.06857028603553772,base,no
2059,1,0,0.0009110514050564885,-7.007051467895508,-0.0070516993291676044,base,no
2060,1,0,5.1442218724519575e-05,-9.891727447509766,-0.016727544367313385,base,no
2061,1,0,0.3208213138121609,-1.2537987232208252,-0.50379878282547,base,no
2062,1,0,1.300713427195598e-05,-11.252593994140625,-0.0025944404769688845,base,no
2063,1,0,7.484625368325272e-05,-9.503874778747559,-0.003875128459185362,base,no
2064,1,0,0.004609572260565194,-5.388948440551758,-0.01394845824688673,base,no
2065,1,0,0.014063624098951557,-4.273636341094971,-0.02363612875342369,base,no
2066,1,0,0.11920291419948606,-2.146028995513916,-0.14602892100811005,base,no
2067,1,0,0.0005527786618783363,-7.503861427307129,-0.003861472476273775,base,no
2068,1,0,1.4738975282806092e-05,-11.129493713378906,-0.004493259359151125,base,no
2069,1,0,0.00012339454422909734,-9.001770973205566,-0.001770715811289847,base,no
2070,1,0,0.002800927097183982,-5.884585380554199,-0.00958542712032795,base,no
2071,1,0,0.0003799845159900024,-7.881914138793945,-0.006914142053574324,base,no
2072,1,0,0.29421497216298875,-1.3916540145874023,-0.5166540145874023,base,no
2073,1,1,0.6791786861878392,-0.7323721051216125,-1.4823720455169678,base,yes
2074,1,0,0.0001795280474980372,-8.630329132080078,-0.005329567473381758,base,no
2075,1,0,2.7535685729364032e-05,-10.508468627929688,-0.00846843235194683,base,no
2076,1,0,0.002182716540678857,-6.131856441497803,-0.006856485269963741,base,no
2077,1,0,0.22270014398423357,-1.5746128559112549,-0.32461288571357727,base,no
2078,1,0,3.53562617804927e-05,-10.252092361450195,-0.0020926736760884523,base,no
2079,1,0,0.025957357951306048,-3.670060634613037,-0.0450606644153595,base,no
2080,1,0,8.481100647887963e-05,-9.37863540649414,-0.003634990891441703,base,no
2081,1,0,0.00010889692483199299,-9.130643844604492,-0.005643980577588081,base,no
2082,1,0,0.0007096702584219789,-7.259064674377441,-0.009064476005733013,base,no
2083,1,0,0.00192673427110856,-6.265002250671387,-0.015002046711742878,base,no
2084,1,0,0.007577242864632608,-4.893078804016113,-0.018079016357660294,base,no
2085,1,0,0.46879062662624377,-0.9034556150436401,-0.7784556150436401,base,no
2086,1,1,0.7310585903489892,-0.7337681651115417,-1.7337682247161865,base,yes
2087,1,0,0.012431648680736465,-4.399264335632324,-0.024264158681035042,base,no
2088,1,0,0.004609571282000249,-5.386353015899658,-0.011352820321917534,base,no
2089,1,0,3.120190991926606e-05,-10.37664794921875,-0.0016479019541293383,base,no
2090,1,0,0.18242551936144574,-1.8226855993270874,-0.322685569524765,base,no
2091,1,0,0.2689414213699951,-1.4829280376434326,-0.4829280376434326,base,no
2092,1,0,0.003593603221697163,-5.63557243347168,-0.010572612285614014,base,no
2093,1,0,0.00017952801197473303,-8.626619338989258,-0.0016195764765143394,base,no
2094,1,0,0.033085978388704126,-3.4366798400878906,-0.061679840087890625,base,no
2095,1,0,5.1442211538494823e-05,-9.877147674560547,-0.0021476317197084427,base,no
2096,1,0,0.0035936026481156133,-5.63437557220459,-0.009375590831041336,base,no
2097,1,0,0.00012339455510207277,-9.002205848693848,-0.00220567942596972,base,no
2098,1,0,0.029312232235297192,-3.554771661758423,-0.05477171391248703,base,no
2099,1,0,0.06754669677084987,-2.743316650390625,-0.11831673979759216,base,no
2100,1,0,0.02033235096813516,-3.9356040954589844,-0.060603976249694824,base,no
2101,1,0,0.46879062662624377,-0.9034556150436401,-0.7784556150436401,base,no
2102,1,0,0.24508502416032488,-1.6256110668182373,-0.5006111264228821,base,no
2103,1,0,0.0001795279018107428,-8.630167007446289,-0.005166631191968918,base,no
2104,1,0,0.0002959569955777151,-8.144354820251465,-0.01935442164540291,base,no
2105,1,0,0.00010889694081629149,-9.126514434814453,-0.0015147175872698426,base,no
2106,1,0,0.00020342702910325515,-8.50413703918457,-0.004137290176004171,base,no
2107,1,0,0.0675466845698721,-2.7873547077178955,-0.16235460340976715,base,no
2108,1,0,0.001325022360523306,-6.632883548736572,-0.007883505895733833,base,no
2109,1,0,0.006692849463094494,-5.043432712554932,-0.04343249276280403,base,no
2110,1,1,0.7772998611746911,-0.3314710855484009,-1.5814710855484009,base,yes
2111,1,0,0.012431651219072064,-4.397762298583984,-0.022762328386306763,base,no
2112,1,0,0.00015843621604124007,-8.751770973205566,-0.001770953880622983,base,no
2113,1,0,0.0004305571464570381,-7.756805896759033,-0.006806048098951578,base,no
2114,1,0,0.00048785702060287077,-7.6297993659973145,-0.004799156449735165,base,no
2115,1,0,0.10669060246682488,-2.5588481426239014,-0.43384823203086853,base,no
2116,1,0,0.00048785711449438084,-7.628455638885498,-0.00345562188886106,base,no
2117,1,0,0.000295957178542876,-8.13541030883789,-0.010410528630018234,base,no
2118,1,0,6.605213010719783e-05,-9.628647804260254,-0.003647580975666642,base,no
2119,1,0,0.001169510475567568,-6.753535270690918,-0.003535450901836157,base,no
2120,1,0,0.07585818367743737,-2.6149637699127197,-0.1149638220667839,base,no
2121,1,0,0.04208772701447818,-3.2236177921295166,-0.09861776977777481,base,no
2122,1,0,0.00043055714966355757,-7.756681442260742,-0.0066816010512411594,base,no
2123,1,0,0.005220126704333204,-5.264583110809326,-0.014583305455744267,base,no
2124,1,0,0.11920292984474948,-2.1676411628723145,-0.16764123737812042,base,no
2125,1,0,0.0005527786168569047,-7.510514259338379,-0.010514223016798496,base,no
2126,1,0,0.10669060246682488,-2.2633557319641113,-0.1383558213710785,base,no
2127,1,0,0.0003353501623123495,-8.007589340209961,-0.007589435204863548,base,no
2128,1,0,0.11920291107043361,-2.158844470977783,-0.15884436666965485,base,no
2129,1,0,0.07585817793199003,-2.8022568225860596,-0.3022567927837372,base,no
2130,1,1,0.7310585786300049,-0.5840897560119629,-1.584089756011963,base,yes
2131,1,0,2.4300249399567043e-05,-10.629999160766602,-0.004999516997486353,base,no
2132,1,0,0.01798621134386448,-4.05305814743042,-0.05305822566151619,base,no
2133,1,0,0.008577487061048297,-4.817501068115234,-0.0675012618303299,base,no
2134,1,0,0.037326884934594504,-3.3090858459472656,-0.05908577889204025,base,no
2135,1,0,0.006692851122412387,-5.018943786621094,-0.018943816423416138,base,no
2136,1,0,0.13296422989056964,-2.0493834018707275,-0.17438331246376038,base,no
2137,1,0,0.04742586796038571,-3.061405658721924,-0.061405543237924576,base,no
2138,1,0,0.00020342695362033806,-8.50430965423584,-0.004309534095227718,base,no
2139,1,1,0.6224593312018546,-0.9737557172775269,-1.4737557172775269,base,Yes
2140,1,0,0.0013250224646601068,-6.6305341720581055,-0.0055342079140245914,base,no
2141,1,0,0.1645164608483867,-1.872405767440796,-0.2474057525396347,base,no
2142,1,0,0.0011695104554410912,-6.758468151092529,-0.008468314073979855,base,no
2143,1,0,0.06008665522337757,-2.9364030361175537,-0.18640312552452087,base,no
2144,1,0,0.009708478361802058,-4.65437650680542,-0.02937670238316059,base,no
2145,1,0,0.01406362595850554,-4.269933223724365,-0.019933145493268967,base,no
2146,1,0,0.005220124484497879,-5.261715888977051,-0.011715656146407127,base,no
2147,1,0,0.06754669489377622,-2.732240676879883,-0.10724073648452759,base,no
2148,1,0,0.017986206737955146,-4.028189659118652,-0.02818947657942772,base,no
2149,1,0,8.481107935743464e-05,-9.378972053527832,-0.0039724973030388355,base,no
2150,1,0,0.00015843623946192246,-8.755790710449219,-0.005790838971734047,base,no
2151,1,0,0.029312231387330967,-3.5486133098602295,-0.04861333221197128,base,no
2152,1,0,0.0028009276070310334,-5.883844375610352,-0.008844604715704918,base,no
2153,1,0,0.08509905312815914,-2.483567953109741,-0.10856805741786957,base,no
2154,1,0,0.02297737032817847,-3.7779226303100586,-0.027922648936510086,base,no
2155,1,0,0.11920292984474948,-2.160205841064453,-0.1602059155702591,base,no
2156,1,0,0.008577484019812273,-4.876579761505127,-0.12657959759235382,base,no
2157,1,0,7.484625985177274e-05,-9.50928020477295,-0.00928063690662384,base,no
2158,1,0,0.0017007225885327618,-6.3994460105896,-0.024446114897727966,base,no
2159,1,0,0.1645164608483867,-1.8294854164123535,-0.20448540151119232,base,no
2160,1,0,0.0028009273625125377,-5.883894443511963,-0.008894585072994232,base,no
2161,1,0,0.004609572709252247,-5.417231559753418,-0.04223167523741722,base,no
2162,1,0,0.00033535006006213587,-8.004570960998535,-0.0045707509852945805,base,no
2163,1,1,0.6224593312018546,-0.9758636951446533,-1.4758636951446533,base,yes
2164,1,0,0.037326883194374896,-3.305209159851074,-0.055209044367074966,base,no
2165,1,0,0.0001088969272657639,-9.141688346862793,-0.016688505187630653,base,no
2166,1,0,0.002800926587337023,-5.891599655151367,-0.016599519178271294,base,no
2167,1,0,5.144222931193121e-05,-9.884446144104004,-0.009446446783840656,base,no
2168,1,0,0.06754669864792355,-2.724372386932373,-0.0993725061416626,base,no
2169,1,0,0.0024726228212558926,-6.016463756561279,-0.016463620588183403,base,no
2170,1,0,0.4073334000459302,-0.9620670080184937,-0.5870670080184937,base,no
2171,1,0,5.144219076789475e-05,-9.875645637512207,-0.0006451908848248422,base,no
2172,1,0,0.004609573256223189,-5.396827697753906,-0.021827932447195053,base,no
2173,1,0,1.4738980190044277e-05,-11.126293182373047,-0.001293061301112175,base,no
2174,1,0,0.0007096702901241983,-7.2542619705200195,-0.00426181685179472,base,no
2175,1,0,0.014063624047297284,-4.297241687774658,-0.04724147170782089,base,no
2176,1,0,0.0002959570677717862,-8.140318870544434,-0.015318715944886208,base,no
2177,1,0,0.012431648635000694,-4.395232200622559,-0.02023201994597912,base,no
2178,1,0,0.00522012606111285,-5.267488956451416,-0.017489027231931686,base,no
2179,1,0,0.0004878572376773447,-7.629445552825928,-0.004445788450539112,base,no
2180,1,0,0.08509903804604459,-2.537114381790161,-0.16211429238319397,base,no
2181,1,0,0.03308597672022805,-3.4540908336639404,-0.07909078150987625,base,no
2182,1,0,0.0002959570986333792,-8.142251014709473,-0.017250964418053627,base,no
2183,1,0,0.060086646807761206,-2.82576060295105,-0.07576054334640503,base,no
2184,1,0,0.002182716043726761,-6.1476263999938965,-0.02262621559202671,base,no
2185,1,0,4.006370568905396e-05,-10.128524780273438,-0.0035251162480562925,base,no
2186,1,0,0.0002959571865338269,-8.137316703796387,-0.012316950596868992,base,no
2187,1,0,0.0006263342834444972,-7.383726119995117,-0.00872632022947073,base,no
2188,1,0,0.00026119041600651614,-8.254752159118652,-0.004752530250698328,base,no
2189,1,0,0.0002959571390014499,-8.132055282592773,-0.007055368740111589,base,no
2190,1,0,0.03732688332823794,-3.32932448387146,-0.07932437211275101,base,no
2191,1,0,0.40733341443526055,-1.0587821006774902,-0.683782160282135,base,no
2192,1,0,7.88926225744932e-06,-11.752033233642578,-0.002033191965892911,base,no
2193,1,0,0.03308597958047282,-3.4350454807281494,-0.0600455179810524,base,no
2194,1,0,0.06754669489377622,-2.902337074279785,-0.27733713388442993,base,no
2195,1,0,0.0008040860463719055,-7.152296543121338,-0.027296680957078934,base,no
2196,1,0,0.0002959571934570216,-8.12667179107666,-0.0016720612766221166,base,no
2197,1,0,0.29421497216298875,-1.4979568719863892,-0.6229568719863892,base,no
2198,1,0,0.02595735484308074,-3.664884567260742,-0.039884474128484726,base,no
2199,1,0,0.22270013882530884,-1.5310766696929932,-0.28107666969299316,base,no
2200,1,0,0.04742587654349034,-3.072782278060913,-0.07278235256671906,base,no
2201,1,0,0.0013250224320018192,-6.641732692718506,-0.016732703894376755,base,no
2202,1,0,0.0005527786163423741,-7.53628396987915,-0.036283932626247406,base,no
2203,1,0,0.0017007222960056941,-6.382688522338867,-0.007688454352319241,base,no
2204,1,0,0.006692849785051665,-5.022061347961426,-0.022061176598072052,base,no
2205,1,0,1.4738978980392754e-05,-11.126355171203613,-0.0013549680588766932,base,no
2206,1,0,0.0005527786569902949,-7.508469104766846,-0.008469141088426113,base,no
2207,1,0,0.07585818054355695,-2.6141233444213867,-0.11412335187196732,base,no
2208,1,0,0.025957357386174145,-3.6617188453674316,-0.03671885281801224,base,no
2209,1,0,0.004070137489385165,-5.5129594802856445,-0.012959424406290054,base,no
2210,1,0,0.1480471980316895,-2.054419755935669,-0.30441975593566895,base,no
2211,1,0,0.04742587082142043,-3.0655007362365723,-0.06550068408250809,base,no
2212,1,0,0.002182716265833908,-6.131840229034424,-0.006840146612375975,base,no
2213,1,0,0.002800926457274038,-5.894116401672363,-0.019116219133138657,base,no
2214,1,1,0.9579122684798184,-0.24222072958946228,-3.367220640182495,base,yes
2215,1,0,0.00020342702626199055,-8.502289772033691,-0.002290009055286646,base,no
2216,1,0,0.06008665606493926,-2.8307082653045654,-0.08070836961269379,base,no
2217,1,0,0.00012339457805453927,-9.005850791931152,-0.005850808694958687,base,no
2218,1,0,0.0007096703145613268,-7.2613043785095215,-0.011304259300231934,base,no
2219,1,0,0.02297737057907019,-3.827406883239746,-0.07740691304206848,base,no
2220,1,0,7.484619516946369e-05,-9.503149032592773,-0.003148600459098816,base,no
2221,1,0,0.0013250221571792804,-6.635905742645264,-0.010905546136200428,base,no
2222,1,0,0.020332352155396922,-3.905813217163086,-0.030813157558441162,base,no
2223,1,0,0.004609572675066565,-5.411431312561035,-0.03643142059445381,base,no
2224,1,0,0.00037998457984254804,-7.883904457092285,-0.008904628455638885,base,no
2225,1,0,0.0017007222066663566,-6.379472255706787,-0.004472135100513697,base,no
2226,1,0,0.006692851549624896,-5.0140275955200195,-0.014027689583599567,base,no
2227,1,0,0.00669285154343341,-5.0189528465271,-0.01895293965935707,base,no
2228,1,0,0.0007096704151168165,-7.253409385681152,-0.003409408265724778,base,no
2229,1,0,0.0031726822121661133,-5.778031349182129,-0.02803114987909794,base,no
2230,1,1,0.679178699175393,-0.7467485666275024,-1.4967485666275024,base,yes
2231,1,0,0.10669059039516234,-2.249030113220215,-0.12403007596731186,base,no
2232,1,0,3.120191226571066e-05,-10.382046699523926,-0.00704672746360302,base,no
2233,1,0,0.006692850354668236,-5.056893825531006,-0.056893739849328995,base,no
2234,1,0,0.0011695104891665394,-6.758902072906494,-0.008902264758944511,base,no
2235,1,0,0.022977369073719923,-3.7860639095306396,-0.036063872277736664,base,no
2236,1,0,0.0013250224387799543,-6.632081985473633,-0.007082001771777868,base,no
2237,1,0,0.025957359646701823,-3.6612963676452637,-0.03629646450281143,base,no
2238,1,0,1.892514433987845e-05,-10.876599311828613,-0.001599105424247682,base,no
2239,1,0,0.2689414272294874,-1.3788254261016846,-0.37882545590400696,base,no
2240,1,0,0.18242551936144574,-1.743872046470642,-0.2438720166683197,base,no
2241,1,0,0.04208773031866069,-3.2112791538238525,-0.08627921342849731,base,no
2242,1,1,0.7772998611746911,-0.5452388525009155,-1.7952388525009155,base,yes
2243,1,0,4.5397862572104434e-05,-10.009239196777344,-0.00923906173557043,base,no
2244,1,0,0.001700722106258434,-6.388996601104736,-0.013996421359479427,base,no
2245,1,0,0.00023050661789924789,-8.381393432617188,-0.0063929809257388115,base,no
2246,1,0,0.0019267349507756351,-6.257519245147705,-0.007519394624978304,base,no
2247,1,0,1.4738979731920922e-05,-11.126317024230957,-0.0013168720761314034,base,no
2248,1,0,0.0003799844825602806,-7.8859171867370605,-0.010917101986706257,base,no
2249,1,0,0.000203427000974737,-8.505731582641602,-0.005731695331633091,base,no
2250,1,0,0.014063626165122665,-4.285140514373779,-0.03514045104384422,base,no
2251,1,0,0.010986943440190413,-4.529252529144287,-0.02925260365009308,base,no
2252,1,0,0.008577485730507404,-4.791446685791016,-0.04144672304391861,base,no
2253,1,0,0.00017952801607036073,-8.627527236938477,-0.0025274972431361675,base,no
2254,1,0,0.07585818002124356,-2.786858320236206,-0.28685832023620605,base,no
2255,1,0,0.0006263341463046061,-7.377974987030029,-0.002974968170747161,base,no
2256,1,0,0.0013250227240778534,-6.630935192108154,-0.005935424007475376,base,no
2257,1,0,0.0019267346149717144,-6.2626142501831055,-0.012614225037395954,base,no
2258,1,0,7.484624235687545e-05,-9.503427505493164,-0.0034277038648724556,base,no
2259,1,0,7.484619670287985e-05,-9.508438110351562,-0.00843769870698452,base,no
2260,1,0,0.010986942063875151,-4.515895843505859,-0.015895791351795197,base,no
2261,1,0,0.0013250227117539686,-6.634677886962891,-0.009678109548985958,base,no
2262,1,0,0.005220124460316672,-5.263684272766113,-0.013684035278856754,base,no
2263,1,0,0.0001584362484613667,-8.752096176147461,-0.002096361480653286,base,no
2264,1,0,0.29421497216298875,-1.256953477859497,-0.38195347785949707,base,no
2265,1,0,0.09534945525903342,-2.361224889755249,-0.11122477799654007,base,no
2266,1,0,0.0066928515310504385,-5.025713920593262,-0.02571401186287403,base,no
2267,1,0,0.2018132270610754,-1.6680121421813965,-0.29301217198371887,base,no
2268,1,0,0.0005527786708826231,-7.507192134857178,-0.007192196324467659,base,no
2269,1,0,0.0002034269456174457,-8.50281810760498,-0.002817948115989566,base,no
2270,1,0,0.00048785708179697264,-7.62693452835083,-0.001934444298967719,base,no
2271,1,0,0.0001584362738368515,-8.757445335388184,-0.007445680908858776,base,no
2272,1,0,0.005220125664540941,-5.262527942657471,-0.012527937069535255,base,no
2273,1,0,0.00033535016121959897,-8.00352668762207,-0.003526779357343912,base,no
2274,1,1,0.7310585786300049,-0.5503684282302856,-1.5503684282302856,base,yes
2275,1,0,0.05340333243628599,-2.9397106170654297,-0.06471066921949387,base,no
2276,1,0,0.0011695103444734943,-6.760379314422607,-0.010379382409155369,base,no
2277,1,0,0.0005527787333981037,-7.502466201782227,-0.002466376405209303,base,no
2278,1,0,0.0002611903896205115,-8.256484031677246,-0.006484301760792732,base,no
2279,1,0,0.4073334000459302,-0.9732944965362549,-0.5982944965362549,base,no
2280,1,0,0.0024726226282982006,-6.012619972229004,-0.012619758024811745,base,no
2281,1,0,1.892514417023705e-05,-10.876677513122559,-0.001677297754213214,base,no
2282,1,0,0.0007096702511568873,-7.259425163269043,-0.009424954652786255,base,no
2283,1,0,0.0017007223861356504,-6.399213790893555,-0.024213775992393494,base,no
2284,1,0,0.18242552380635632,-1.751274824142456,-0.25127482414245605,base,no
2285,1,0,0.025957356915230906,-3.6666810512542725,-0.041681040078401566,base,no
2286,1,0,0.0035936018944562735,-5.6396098136901855,-0.014609621837735176,base,no
2287,1,1,0.7057850154599563,-0.6258626580238342,-1.5008625984191895,base,yes
2288,1,0,0.00020342701439971108,-8.500597953796387,-0.0005981324939057231,base,no
2289,1,0,0.1645164608483867,-1.8588027954101562,-0.23380278050899506,base,no
2290,1,1,0.6513548646660542,-0.6073768138885498,-1.2323768138885498,base,yes
2291,1,0,0.22270014914315833,-1.5519709587097168,-0.3019710183143616,base,no
2292,1,0,0.18242552380635632,-1.8469074964523315,-0.34690749645233154,base,no
2293,1,1,0.6513548782017746,-0.6104540228843689,-1.2354540824890137,base,yes
2294,1,0,0.00020342692104051798,-8.502902030944824,-0.0029017506167292595,base,no
2295,1,1,0.8807970748488297,-0.4930591881275177,-2.4930591583251953,base,yes
2296,1,0,8.481106636526285e-05,-9.380965232849121,-0.005965523421764374,base,no
2297,1,0,0.001501182389355681,-6.50819206237793,-0.008192150853574276,base,no
2298,1,0,0.008577486997689203,-4.776387691497803,-0.026387877762317657,base,no
2299,1,0,0.005220124542532778,-5.262248992919922,-0.012248771265149117,base,no
2300,1,0,0.001700722628854064,-6.382631778717041,-0.007631906773895025,base,no
2301,1,0,0.005911069808471186,-5.139372825622559,-0.014372987672686577,base,no
2302,1,0,0.017986207264344724,-4.030655860900879,-0.03065570816397667,base,no
2303,1,0,5.8291285176530056e-05,-9.754476547241211,-0.004476882051676512,base,no
2304,1,0,8.481102679641143e-05,-9.377365112304688,-0.0023649362847208977,base,no
2305,1,0,0.46879062662624377,-0.8513457179069519,-0.7263457179069519,base,no
2306,1,0,0.13296423676207594,-2.2239415645599365,-0.34894153475761414,base,no
2307,1,0,6.605215331251963e-05,-9.630021095275879,-0.005021223332732916,base,no
2308,1,0,0.09534947132582737,-2.411752462387085,-0.16175253689289093,base,no
2309,1,0,0.0007096704730724502,-7.253556728363037,-0.0035568326711654663,base,no
2310,1,0,0.012431648886547441,-4.435459613800049,-0.060459453612565994,base,no
2311,1,0,0.0004305570398402767,-7.756772518157959,-0.006772421766072512,base,no
2312,1,0,0.0006263340097476987,-7.381013870239258,-0.006013633217662573,base,no
2313,1,0,0.08509904152653235,-2.530822277069092,-0.15582223236560822,base,no
2314,1,0,4.006367316809457e-05,-10.126690864562988,-0.0016903887735679746,base,no
2315,1,0,0.00015843619748911146,-8.752495765686035,-0.002495629247277975,base,no
2316,1,0,0.010986944877225647,-4.518511772155762,-0.018511978909373283,base,no
2317,1,0,0.00020342697047850278,-8.525405883789062,-0.025405846536159515,base,no
2318,1,0,0.0031726825302710515,-5.761186599731445,-0.011186501011252403,base,no
2319,1,0,0.000804086085281496,-7.130241394042969,-0.005241580307483673,base,no
2320,1,0,0.00048785706090696303,-7.627890110015869,-0.0028899831231683493,base,no
2321,1,0,0.015906394977364253,-4.163532257080078,-0.03853246569633484,base,no
2322,1,0,0.2018132174596823,-1.6676900386810303,-0.2926900088787079,base,no
2323,1,0,0.20181323186177208,-1.7800548076629639,-0.40505486726760864,base,no
2324,1,0,0.01798620693535124,-4.033227443695068,-0.03322727233171463,base,no
2325,1,0,0.004070137440307791,-5.50946044921875,-0.009460381232202053,base,no
2326,1,0,0.008577484843480258,-4.794503211975098,-0.044503144919872284,base,no
2327,1,0,0.00015843629334794652,-8.7510986328125,-0.0010991015005856752,base,no
2328,1,0,0.014063624047297284,-4.28471565246582,-0.034715436398983,base,no
2329,1,0,0.014063626061814102,-4.285706043243408,-0.03570597246289253,base,no
2330,1,0,0.07585818628900447,-2.6075096130371094,-0.10750970244407654,base,no
2331,1,0,0.003172683472804391,-5.770207405090332,-0.020207604393363,base,no
2332,1,1,0.7772998560157665,-0.4995711147785187,-1.7495710849761963,base,yes
2333,1,0,0.04742587788985982,-3.163752794265747,-0.16375289857387543,base,no
2334,1,0,0.010986941132838456,-4.536853313446045,-0.03685317561030388,base,no
2335,1,0,3.120191870935355e-05,-10.377238273620605,-0.002238508081063628,base,no
2336,1,0,8.481104835787906e-05,-9.379911422729492,-0.004911500960588455,base,no
2337,1,0,0.0066928502122640884,-5.014408111572266,-0.014408004470169544,base,no
2338,1,0,0.0031726822180569445,-5.755446910858154,-0.005446713417768478,base,no
2339,1,0,0.00012339458388601767,-9.001791000366211,-0.0017910643946379423,base,no
2340,1,1,0.6224593452091672,-0.7462162375450134,-1.2462162971496582,base,yes
2341,1,0,0.0003353501562241679,-8.004637718200684,-0.0046377950347959995,base,no
2342,1,0,0.0159063946857973,-4.163532733917236,-0.03853292390704155,base,no
2343,1,0,0.24508501313237172,-1.537645936012268,-0.41264593601226807,base,no
2344,1,0,0.005220125093864346,-5.300498008728027,-0.05049789324402809,base,no
2345,1,0,0.4378234991142019,-1.1686489582061768,-0.9186489582061768,base,no
2346,1,0,0.002182716461572189,-6.147143840789795,-0.02214384824037552,base,no
2347,1,0,0.10669060104662924,-2.3251516819000244,-0.20015175640583038,base,no
2348,1,0,0.02033235096813516,-3.912993907928467,-0.037993788719177246,base,no
2349,1,0,8.481105911887001e-05,-9.377640724182129,-0.0026409293059259653,base,no
2350,1,0,0.0009110510452037798,-7.005440711975098,-0.005440548062324524,base,no
2351,1,0,2.7535688425179106e-05,-10.501177787780762,-0.001177690108306706,base,no
2352,1,0,0.3486451217982255,-1.104759931564331,-0.4797598719596863,base,no
2353,1,0,0.002800927216841955,-5.890872001647949,-0.015872091054916382,base,no
2354,1,0,3.535626516373395e-05,-10.254297256469727,-0.004297664389014244,base,no
2355,1,0,5.829125882125336e-05,-9.75912094116211,-0.009120823815464973,base,no
2356,1,0,0.18242552380635632,-1.75367271900177,-0.25367271900177,base,no
2357,1,1,0.754914997895581,-0.7484263777732849,-1.8734264373779297,base,yes
2358,1,0,0.0031726824890352242,-5.8325886726379395,-0.0825885608792305,base,no
2359,1,0,0.16451646494473965,-1.8337664604187012,-0.20876647531986237,base,no
2360,1,0,0.004070137021262546,-5.507869720458984,-0.007869549095630646,base,no
2361,1,0,0.06754668973182397,-2.7206945419311523,-0.09569451957941055,base,no
2362,1,0,0.029312232235297192,-3.559361219406128,-0.05936127156019211,base,no
2363,1,0,0.014063626165122665,-4.273293495178223,-0.023293431848287582,base,no
2364,1,0,0.0021827163135007418,-6.138453006744385,-0.013452946208417416,base,no
2365,1,0,0.01590639171181471,-4.1668009757995605,-0.04180097579956055,base,no
2366,1,0,0.00015843619747067,-8.751629829406738,-0.0016296928515657783,base,no
2367,1,0,0.00037998458806732274,-7.877943515777588,-0.0029437087941914797,base,no
2368,1,0,4.539787481691088e-05,-10.001533508300781,-0.0015336429933086038,base,no
2369,1,0,0.0009110511833804215,-7.013580799102783,-0.013580786995589733,base,no
2370,1,0,0.014063629006108426,-4.3441314697265625,-0.09413161128759384,base,no
2371,1,0,0.025957359364135853,-3.661099433898926,-0.036099519580602646,base,no
2372,1,0,0.00037998444170173567,-7.877564907073975,-0.0025647147558629513,base,no
2373,1,0,0.014063624357222927,-4.307814598083496,-0.057814404368400574,base,no
2374,1,0,0.37754066879814546,-1.0278828144073486,-0.5278828144073486,base,no
2375,1,0,0.00132502216334122,-6.639048099517822,-0.014047907665371895,base,no
2376,1,0,0.002800927248057079,-5.910065650939941,-0.035065751522779465,base,no
2377,1,0,0.2942149597859341,-1.421921730041504,-0.5469216704368591,base,no
2378,1,0,0.04742587115801275,-3.1433162689208984,-0.14331622421741486,base,no
2379,1,0,0.0011695100888128944,-6.775018215179443,-0.02501806430518627,base,no
2380,1,0,0.0008040858982161747,-7.140700817108154,-0.015700770542025566,base,no
2381,1,0,0.0005527786106825374,-7.508617877960205,-0.008617830462753773,base,no
2382,1,0,0.00023050678058621703,-8.384513854980469,-0.00951410923153162,base,no
2383,1,0,0.0024726227799078144,-6.035428524017334,-0.03542837128043175,base,no
2384,1,0,0.002182716265833908,-6.131840229034424,-0.006840146612375975,base,no
2385,1,0,0.10669059394565118,-2.2520694732666016,-0.12706947326660156,base,no
2386,1,0,0.02595736011764511,-3.6783127784729004,-0.05331289395689964,base,no
2387,1,0,0.004070137519586624,-5.528017520904541,-0.028017472475767136,base,no
2388,1,0,0.0028009272922785056,-5.8855109214782715,-0.010511037893593311,base,no
2389,1,0,0.009708476893355406,-4.64256477355957,-0.017564816400408745,base,no
2390,1,0,0.34864513533394575,-1.2446552515029907,-0.6196552515029907,base,no
2391,1,0,3.120189686490102e-05,-10.377883911132812,-0.0028834454715251923,base,no
2392,1,0,0.22270014398423357,-1.547251582145691,-0.2972516119480133,base,no
2393,1,0,0.06754668644694548,-2.7225122451782227,-0.09751217067241669,base,no
2394,1,0,0.0330859781503504,-3.4703376293182373,-0.09533762186765671,base,no
2395,1,0,0.003172682983865187,-5.786952972412109,-0.03695301711559296,base,no
2396,1,0,0.015906389320966358,-4.160845756530762,-0.03584560379385948,base,no
2397,1,0,0.0010322312461106481,-6.898558616638184,-0.02355881966650486,base,no
2398,1,0,0.00460957275625756,-5.383500576019287,-0.008500701747834682,base,no
2399,1,0,0.22270013882530884,-1.5837299823760986,-0.33372998237609863,base,no
2400,1,0,7.484619231173364e-05,-9.507150650024414,-0.007150179706513882,base,no
2401,1,0,0.00043055699154209085,-7.757874488830566,-0.007874280214309692,base,no
2402,1,0,0.0035936022779554746,-5.6355414390563965,-0.010541354306042194,base,no
2403,1,0,0.14804719991116141,-1.9385511875152588,-0.18855120241641998,base,no
2404,1,0,0.015906394160976806,-4.147673606872559,-0.02267376333475113,base,no
2405,1,0,0.0009110513368158578,-7.009155750274658,-0.009155906736850739,base,no
2406,1,0,0.01798620877771485,-4.0457963943481445,-0.04579632729291916,base,no
2407,1,0,0.3208213138121609,-1.2992327213287354,-0.5492327809333801,base,no
2408,1,1,0.6513548646660542,-0.6449493169784546,-1.2699493169784546,base,yes
2409,1,0,0.08509904558710156,-2.4875478744506836,-0.11254788190126419,base,no
2410,1,0,0.00026119022254974194,-8.253814697265625,-0.0038143275305628777,base,no
2411,1,0,0.0010322308322007706,-6.885697364807129,-0.010697166435420513,base,no
2412,1,0,0.0006263342916058519,-7.383792400360107,-0.008792613632977009,base,no
2413,1,0,0.16451645675203383,-1.8448313474655151,-0.21983130276203156,base,no
2414,1,0,0.0024726235379560232,-6.011046409606934,-0.01104656420648098,base,no
2415,1,0,0.004070138671017493,-5.507771968841553,-0.007772204466164112,base,no
2416,1,0,0.007577239867184069,-4.953598499298096,-0.07859831303358078,base,no
2417,1,0,0.06008664512463808,-2.8853118419647217,-0.13531175255775452,base,no
2418,1,0,0.0007096703660774379,-7.273743629455566,-0.023743582889437675,base,no
2419,1,0,0.0008040859606959872,-7.129045486450195,-0.004045517649501562,base,no
2420,1,0,0.0002959572011379791,-8.139527320861816,-0.014527617022395134,base,no
2421,1,0,0.0011695100627028793,-6.759370803833008,-0.009370630607008934,base,no
2422,1,0,0.5,-1.0854651927947998,-1.0854651927947998,base,no
2423,1,0,0.0031726834227323,-5.759779453277588,-0.00977963674813509,base,no
2424,1,0,0.18242551936144574,-1.7425801753997803,-0.24258014559745789,base,no
2425,1,0,0.008577484209889493,-4.774393558502197,-0.024393416941165924,base,no
2426,1,0,0.1192029188930649,-2.1843764781951904,-0.18437644839286804,base,no
2427,1,0,0.033085981248949035,-3.4283132553100586,-0.05331334471702576,base,no
2428,1,0,0.0019267345809435871,-6.2594451904296875,-0.009445147588849068,base,no
2429,1,0,0.0007096704139610062,-7.256979942321777,-0.006979963276535273,base,no
2430,1,0,0.03308597672022805,-3.4540908336639404,-0.07909078150987625,base,no
2431,1,0,0.0059110690915643435,-5.138611793518066,-0.013611833564937115,base,no
2432,1,0,0.16451647108926923,-1.8583407402038574,-0.2333407998085022,base,no
2433,1,0,0.26894141551050293,-1.3702422380447388,-0.3702422082424164,base,no
2434,1,0,0.022977369240981062,-3.9555134773254395,-0.20551344752311707,base,no
2435,1,0,0.001700722778280076,-6.3891448974609375,-0.01414511352777481,base,no
2436,1,0,0.00037998445036869935,-7.87984037399292,-0.004840204492211342,base,no
2437,1,1,0.5926665855647394,-0.674831211566925,-1.0498311519622803,base,yes
2438,1,0,0.0019267342603628377,-6.254162311553955,-0.00416210200637579,base,no
2439,1,0,0.0002611904096836023,-8.254977226257324,-0.004977573174983263,base,no
2440,1,0,0.0015011819133244396,-6.514869213104248,-0.014868983998894691,base,no
2441,1,0,0.16451646494473965,-1.8646283149719238,-0.23962832987308502,base,no
2442,1,0,0.004609572243472354,-5.388872146606445,-0.013872160576283932,base,no
2443,1,0,0.2942149597859341,-1.2990243434906006,-0.4240242838859558,base,no
2444,1,1,0.5926665999540697,-0.7679109573364258,-1.1429109573364258,base,yes
2445,1,0,0.1480472055495773,-1.9451215267181396,-0.19512158632278442,base,no
2446,1,0,0.08509904268669496,-2.525015115737915,-0.15001508593559265,base,no
2447,1,0,0.0002611904400822278,-8.255606651306152,-0.005607114639133215,base,no
2448,1,0,0.009708476356118882,-4.645917892456055,-0.020917879417538643,base,no
2449,1,0,0.0003799845925776831,-7.882270812988281,-0.007271017879247665,base,no
2450,1,0,0.0003799844793764977,-7.890034198760986,-0.015034105628728867,base,no
2451,1,0,0.0017007227814425316,-6.390766620635986,-0.015766838565468788,base,no
2452,1,0,0.0007096705397792251,-7.260286331176758,-0.010286529548466206,base,no
2453,1,0,5.829128015518394e-05,-9.751457214355469,-0.0014574630185961723,base,no
2454,1,0,0.0010322312173002106,-6.880823612213135,-0.005823787301778793,base,no
2455,1,0,0.06754669020109236,-2.7222201824188232,-0.09722016751766205,base,no
2456,1,0,5.829125882125336e-05,-9.75912094116211,-0.009120823815464973,base,no
2457,1,0,0.5,-0.7840302586555481,-0.7840302586555481,base,no
2458,1,0,0.2018132270610754,-1.709112286567688,-0.3341123163700104,base,no
2459,1,0,0.005220126196527655,-5.277525424957275,-0.02752552181482315,base,no
2460,1,0,0.0017007226913125543,-6.3885064125061035,-0.013506577350199223,base,no
2461,1,0,0.007577241604023266,-4.908167839050293,-0.03316788375377655,base,no
2462,1,0,0.0002959571717919005,-8.12923526763916,-0.004235464613884687,base,no
2463,1,0,0.08509903688588204,-2.479010820388794,-0.10401071608066559,base,no
2464,1,0,0.4378234991142019,-0.9110603332519531,-0.6610603332519531,base,no
2465,1,0,5.144219169908336e-05,-9.876254081726074,-0.0012536532012745738,base,no
2466,1,0,0.0013250223925653976,-6.638423442840576,-0.01342342421412468,base,no
2467,1,0,0.0075772402873870645,-4.893228054046631,-0.018227923661470413,base,no
2468,1,0,0.0066928505527957495,-5.015511989593506,-0.015511933714151382,base,no
2469,1,1,0.731058584489497,-0.38955196738243103,-1.3895519971847534,base,yes
2470,1,0,4.539787828900377e-05,-10.002083778381348,-0.0020839895587414503,base,no
2471,1,0,0.08509904616718289,-2.503974676132202,-0.12897469103336334,base,no
2472,1,0,0.0035936018077521114,-5.63750696182251,-0.012506745755672455,base,no
2473,1,0,0.0028009270867789403,-5.893717288970947,-0.018717331811785698,base,no
2474,1,0,0.10669058400428263,-2.3434488773345947,-0.21844877302646637,base,no
2475,1,0,1.670141944497896e-05,-11.004450798034668,-0.004450654145330191,base,no
2476,1,0,0.002472622798284738,-6.031687259674072,-0.031687114387750626,base,no
2477,1,0,0.0024726237056455075,-6.004906177520752,-0.004906400106847286,base,no
2478,1,0,0.0019267349140610701,-6.260776996612549,-0.010777126997709274,base,no
2479,1,0,0.014063628799491258,-4.303804397583008,-0.05380452424287796,base,no
2480,1,1,0.5926665855647394,-0.9005363583564758,-1.275536298751831,base,yes
2481,1,0,0.012431650121413363,-4.509797096252441,-0.13479703664779663,base,no
2482,1,0,1.4738976069508328e-05,-11.125750541687012,-0.0007501410436816514,base,no
2483,1,0,5.144222499432699e-05,-9.876306533813477,-0.0013067525578662753,base,no
2484,1,0,0.01098694014108206,-4.52178430557251,-0.02178407646715641,base,no
2485,1,0,0.003593602181246977,-5.634300708770752,-0.009300597012043,base,no
2486,1,0,0.033085981487302796,-3.443596124649048,-0.06859622150659561,base,no
2487,1,0,0.0019267344322944065,-6.255833625793457,-0.005833505652844906,base,no
2488,1,0,0.0004305569813213136,-7.755475044250488,-0.005474811885505915,base,no
2489,1,0,0.01406362967761423,-4.2841386795043945,-0.03413886949419975,base,no
2490,1,0,0.05340332791663734,-2.950745105743408,-0.07574506849050522,base,no
2491,1,0,0.008577484162370188,-4.766160011291504,-0.016159864142537117,base,no
2492,1,0,0.001700722722937107,-6.387569427490234,-0.012569610960781574,base,no
2493,1,0,0.0024726233266213478,-6.027607440948486,-0.02760750986635685,base,no
2494,1,0,6.605212730072307e-05,-9.626775741577148,-0.0017754758009687066,base,no
2495,1,0,0.02931223085735209,-3.551676034927368,-0.05167603865265846,base,no
2496,1,0,0.0024726229912424434,-6.072654724121094,-0.07265465706586838,base,no
2497,1,0,0.00460957249559174,-5.395936489105225,-0.02093655802309513,base,no
2498,1,0,0.04208772521219692,-3.2095494270324707,-0.08454935997724533,base,no
2499,1,0,0.08509904152653235,-2.5203096866607666,-0.14530964195728302,base,no
2500,1,0,0.1066905854244781,-2.3138835430145264,-0.1888834536075592,base,no
2501,1,1,0.8519527869325346,-0.6057006120681763,-2.3557004928588867,base,yes
2502,1,0,0.2942149783515162,-1.3425524234771729,-0.46755245327949524,base,no
2503,1,0,0.01098694303539179,-4.521022319793701,-0.021022357046604156,base,no
2504,1,0,0.18242553269617778,-1.7344567775726318,-0.2344568371772766,base,no
2505,1,0,0.004070138289723957,-5.521982669830322,-0.021982811391353607,base,no
2506,1,0,0.00757724241641593,-4.890875339508057,-0.015875492244958878,base,no
2507,1,0,0.01406362570023414,-4.294459342956543,-0.04445924609899521,base,no
2508,1,0,0.005911068790572947,-5.159285068511963,-0.034285057336091995,base,no
2509,1,0,0.00970847528164592,-4.640944957733154,-0.0159448329359293,base,no
2510,1,0,0.005911068921914645,-5.145814895629883,-0.020814906805753708,base,no
2511,1,0,0.0017007223244677849,-6.38801383972168,-0.013013788498938084,base,no
2512,1,0,0.0015011823712078598,-6.504427909851074,-0.004427986219525337,base,no
2513,1,0,0.0008040858862439957,-7.129768371582031,-0.004768310114741325,base,no
2514,1,0,0.003593602901558612,-5.6416215896606445,-0.016621679067611694,base,no
2515,1,0,0.46879062662624377,-0.8251933455467224,-0.7001933455467224,base,no
2516,1,0,0.0006263342029968636,-7.3883280754089355,-0.013328147120773792,base,no
2517,1,0,0.0011695101494642872,-6.751748561859131,-0.0017484629061073065,base,no
2518,1,0,0.0007096703251287339,-7.282956123352051,-0.032956019043922424,base,no
2519,1,0,0.0007096703508867894,-7.258196830749512,-0.008196762762963772,base,no
2520,1,0,0.033085978388704126,-3.446291208267212,-0.07129120826721191,base,no
2521,1,0,3.535623641854126e-05,-10.252985000610352,-0.0029845954850316048,base,no
2522,1,0,0.005911068002522816,-5.165637493133545,-0.04063734784722328,base,no
2523,1,0,7.484619530886516e-05,-9.51030158996582,-0.01030115969479084,base,no
2524,1,0,0.00010889689633659592,-9.12902545928955,-0.004025333561003208,base,no
2525,1,0,0.0024726228683467602,-6.0061116218566895,-0.006111504975706339,base,no
2526,1,0,0.04208772611333754,-3.2783284187316895,-0.15332837402820587,base,no
2527,1,0,0.0011695103123799267,-6.756409168243408,-0.006409208755940199,base,no
2528,1,0,0.09534946361376598,-2.4218480587005615,-0.17184804379940033,base,no
2529,1,0,0.017986210093688976,-4.051389694213867,-0.051389701664447784,base,no
2530,1,0,0.002182716218167076,-6.131667613983154,-0.00666750967502594,base,no
2531,1,0,8.481105291895947e-05,-9.376683235168457,-0.001683367183431983,base,no
2532,1,0,0.11920292671569666,-2.2457711696624756,-0.24577121436595917,base,no
2533,1,0,0.0009110512138979647,-7.009771823883057,-0.009771845303475857,base,no
2534,1,0,0.0006263340251959706,-7.39285945892334,-0.01785924658179283,base,no
2535,1,0,0.010986940222041762,-4.529748439788818,-0.0297482181340456,base,no
2536,1,0,5.1442224581130487e-05,-9.878593444824219,-0.0035936555359512568,base,no
2537,1,0,0.006692850509455356,-5.014992713928223,-0.014992651529610157,base,no
2538,1,0,0.0015011823586439834,-6.509035110473633,-0.00903517846018076,base,no
2539,1,0,6.605214414726233e-05,-9.629929542541504,-0.004929531831294298,base,no
2540,1,0,0.00029595702092830294,-8.135652542114258,-0.010652229189872742,base,no
2541,1,0,0.00026119029976220216,-8.257704734802246,-0.007704660762101412,base,no
2542,1,0,0.05340333130637379,-2.9447522163391113,-0.06975224614143372,base,no
2543,1,0,0.017986210521380587,-4.028669834136963,-0.028669865801930428,base,no
2544,1,0,0.037326890958432175,-3.308142900466919,-0.058143001049757004,base,no
2545,1,0,0.0009110511443857843,-7.00801944732666,-0.008019392378628254,base,no
2546,1,0,0.00043055703883823957,-7.772799015045166,-0.022798916324973106,base,no
2547,1,0,0.004070137013712182,-5.531063556671143,-0.0310633834451437,base,no
2548,1,0,0.0010322312816435227,-6.884540557861328,-0.009540795348584652,base,no
2549,1,1,0.7057850154599563,-0.4775920510292053,-1.3525919914245605,base,yes
2550,1,0,0.29421497216298875,-1.489641785621643,-0.6146417856216431,base,no
2551,1,0,0.0011695102585280099,-6.757908821105957,-0.007908815518021584,base,no
2552,1,0,0.16451645675203383,-1.8511992692947388,-0.2261992245912552,base,no
2553,1,0,0.22270012850745968,-1.5447585582733154,-0.29475849866867065,base,no
2554,1,0,0.0031726831134635224,-5.757254600524902,-0.007254686206579208,base,no
2555,1,0,0.00020342707371111523,-8.502239227294922,-0.002239697612822056,base,no
2556,1,0,0.0002959572034801545,-8.130571365356445,-0.0055716694332659245,base,no
2557,1,0,0.0019267349122701156,-6.26242208480835,-0.012422214262187481,base,no
2558,1,0,0.002800927367715059,-5.8877410888671875,-0.01274123229086399,base,no
2559,1,0,0.11920291419948606,-2.182347297668457,-0.18234722316265106,base,no
2560,1,0,0.06754669301670263,-2.7681198120117188,-0.14311984181404114,base,no
2561,1,0,0.0001795279746961673,-8.660611152648926,-0.03561118245124817,base,no
2562,1,0,0.0019267344358763143,-6.256507396697998,-0.006507278420031071,base,no
2563,1,0,0.001501182239985158,-6.50844669342041,-0.00844668224453926,base,no
2564,1,0,0.000335350164810065,-8.010735511779785,-0.010735614225268364,base,no
2565,1,0,0.00010889691377861745,-9.129464149475098,-0.004464183934032917,base,no
2566,1,0,0.012431652911296078,-4.414027690887451,-0.0390278585255146,base,no
2567,1,0,4.539785823859581e-05,-10.003378868103027,-0.0033786376006901264,base,no
2568,1,0,0.0004878570928096411,-7.63053035736084,-0.005530295893549919,base,no
2569,1,0,0.0009110512045731597,-7.062034606933594,-0.062034618109464645,base,no
2570,1,0,0.00048785722087450544,-7.633547306060791,-0.008547507226467133,base,no
2571,1,0,0.005220126448012301,-5.2710676193237305,-0.02106776461005211,base,no
2572,1,0,0.00023050678938591124,-8.391263961791992,-0.016264254227280617,base,no
2573,1,0,8.481104942410565e-05,-9.380502700805664,-0.0055027916096150875,base,no
2574,1,0,0.04208772836618918,-3.1772191524505615,-0.05221916362643242,base,no
2575,1,0,0.0015011824689269003,-6.5546088218688965,-0.054608963429927826,base,no
2576,1,0,0.0019267346633274755,-6.2587761878967285,-0.008776187896728516,base,no
2577,1,0,0.11920292671569666,-2.185703754425049,-0.1857037991285324,base,no
2578,1,0,0.09534947261117097,-2.4211037158966064,-0.1711038053035736,base,no
2579,1,0,0.0001233946341286681,-9.004364967346191,-0.004365438595414162,base,no
2580,1,0,0.0013250224911564538,-6.629512310028076,-0.004512365907430649,base,no
2581,1,0,0.00013982210858824872,-8.87718391418457,-0.00218414980918169,base,no
2582,1,0,0.0010322310492393402,-6.884724140167236,-0.009724152274429798,base,no
2583,1,0,0.015906392878082327,-4.157932758331299,-0.0329328328371048,base,no
2584,1,0,0.002182716305387238,-6.135784149169922,-0.010784084908664227,base,no
2585,1,0,0.04742587216778976,-3.085209608078003,-0.08520958572626114,base,no
2586,1,0,0.46879062662624377,-0.8443239331245422,-0.7193239331245422,base,no
2587,1,0,0.0001398220365869602,-8.879983901977539,-0.004983622580766678,base,no
2588,1,0,0.02033235096813516,-3.9352903366088867,-0.06029021739959717,base,no
2589,1,0,0.022977368488305953,-3.798837184906006,-0.048837121576070786,base,no
2590,1,0,0.0009110512378457599,-7.003671169281006,-0.0036712170112878084,base,no
2591,1,0,0.012431650395828029,-4.443718910217285,-0.06871887296438217,base,no
2592,1,0,0.0010322311827276865,-6.879725456237793,-0.00472559779882431,base,no
2593,1,0,0.004609572316116922,-5.418365001678467,-0.043365031480789185,base,no
2594,1,0,0.0019267349212248879,-6.26623010635376,-0.01623024046421051,base,no
2595,1,0,0.08509904442693891,-2.492861032485962,-0.11786102503538132,base,no
2596,1,0,0.0019267343337919433,-6.296804904937744,-0.04680473357439041,base,no
2597,1,0,0.11920293453832885,-2.1733293533325195,-0.17332947254180908,base,no
2598,1,0,0.00029595722331975875,-8.127176284790039,-0.0021766559220850468,base,no
2599,1,0,0.00023050664542510237,-8.377058982849121,-0.0020586505997925997,base,no
2600,1,0,0.00029595708030930794,-8.131650924682617,-0.006650812458246946,base,no
2601,1,0,0.10669060388702058,-2.2663087844848633,-0.14130888879299164,base,no
2602,1,0,0.00017952799630268932,-8.628707885742188,-0.0037080359179526567,base,no
2603,1,0,0.0008040857863511333,-7.128221035003662,-0.0032208492048084736,base,no
2604,1,0,0.0021827164636005654,-6.136674880981445,-0.011674889363348484,base,no
2605,1,0,0.0005527785692628239,-7.504392147064209,-0.0043920245952904224,base,no
2606,1,0,0.00013982201614537147,-8.883283615112305,-0.008283189497888088,base,no
2607,1,0,0.3208213138121609,-1.1977946758270264,-0.44779473543167114,base,no
2608,1,0,5.829125550988061e-05,-9.751652717590332,-0.0016525434330105782,base,no
2609,1,1,0.8670357735451834,-0.35615479946136475,-2.2311549186706543,base,yes
2610,1,0,0.00033535024692247345,-8.008418083190918,-0.0084184305742383,base,no
2611,1,0,0.03308597648187432,-3.437991142272949,-0.06299108266830444,base,no
2612,1,0,0.014063626939936907,-4.328843593597412,-0.07884358614683151,base,no
2613,1,0,0.1645164628965632,-1.864475965499878,-0.23947596549987793,base,no
2614,1,0,0.0010322312691589991,-6.886605262756348,-0.011605488136410713,base,no
2615,1,0,0.00017952789040150184,-8.627273559570312,-0.002273119753226638,base,no
2616,1,0,2.7535681978943973e-05,-10.502618789672852,-0.0026184578891843557,base,no
2617,1,0,0.003172683555276072,-5.760375499725342,-0.010375725105404854,base,no
2618,1,0,0.022977367944707287,-3.780756950378418,-0.030756862834095955,base,no
2619,1,0,0.00010889695241473319,-9.135496139526367,-0.010496528819203377,base,no
2620,1,0,7.4846261977647e-05,-9.501834869384766,-0.0018353299237787724,base,no
2621,1,0,0.00017952798662781506,-8.625999450683594,-0.0009995469590649009,base,no
2622,1,0,0.0010322311596793377,-6.880934238433838,-0.005934357643127441,base,no
2623,1,0,0.008577485350352902,-4.794144153594971,-0.044144146144390106,base,no
2624,1,0,5.1442223539156715e-05,-9.877410888671875,-0.002411079127341509,base,no
2625,1,0,0.022977369742764476,-3.7961699962615967,-0.04616998881101608,base,no
2626,1,0,0.08509904558710156,-2.4944796562194824,-0.11947966367006302,base,no
2627,1,0,0.0009110512266136083,-7.019030570983887,-0.019030606374144554,base,no
2628,1,0,0.0066928495621582365,-5.042774677276611,-0.04277447238564491,base,no
2629,1,0,0.003172683408005215,-5.86842679977417,-0.11842697858810425,base,no
2630,1,0,0.005220125920861806,-5.263988971710205,-0.013989015482366085,base,no
2631,1,0,0.012431651859373016,-4.413267612457275,-0.03826769441366196,base,no
2632,1,0,0.0015011821708838463,-6.50426721572876,-0.004267158452421427,base,no
2633,1,0,8.481100355663057e-05,-9.37732982635498,-0.002329376293346286,base,no
2634,1,0,0.08509903746596333,-2.4886341094970703,-0.11363401263952255,base,no
2635,1,0,0.0028009264520715187,-5.905992031097412,-0.030991846695542336,base,no
2636,1,0,0.0004878571196033511,-7.637964725494385,-0.012964718975126743,base,no
2637,1,0,0.0005527785949893535,-7.502049922943115,-0.002049847040325403,base,no
2638,1,0,6.60521420866174e-05,-9.629179000854492,-0.00417895894497633,base,no
2639,1,0,0.022977372084420553,-3.838542938232422,-0.08854303508996964,base,no
2640,1,0,0.26894141551050293,-1.3404890298843384,-0.340489000082016,base,no
2641,1,0,0.00017952791384686593,-8.644950866699219,-0.019950557500123978,base,no
2642,1,0,0.29421497216298875,-1.3920352458953857,-0.5170352458953857,base,no
2643,1,0,0.004609573222037503,-5.412463665008545,-0.03746389225125313,base,no
2644,1,0,0.16451645470385742,-1.9089725017547607,-0.28397244215011597,base,no
2645,1,0,0.0010322312302649076,-6.877821445465088,-0.0028216331265866756,base,no
2646,1,0,0.2018132174596823,-1.6593369245529175,-0.2843368947505951,base,no
2647,1,0,0.0005527786389817222,-7.508288860321045,-0.00828886404633522,base,no
2648,1,0,0.022977369993656186,-3.7917897701263428,-0.04178977385163307,base,no
2649,1,0,0.00013982201894469713,-8.880172729492188,-0.005172323901206255,base,no
2650,1,0,0.00070967034659378,-7.251049518585205,-0.0010494445450603962,base,no
2651,1,0,0.004070137949957469,-5.517563819885254,-0.017563877627253532,base,no
2652,1,0,0.00029595706866732347,-8.127729415893555,-0.002729264320805669,base,no
2653,1,0,8.939698086491987e-06,-11.628758430480957,-0.003758629783987999,base,no
2654,1,0,0.04742587284097443,-3.1037604808807373,-0.10376047343015671,base,no
2655,1,0,0.025957357386174145,-3.707179069519043,-0.08217907696962357,base,no
2656,1,0,0.00023050669065765396,-8.387046813964844,-0.012046677991747856,base,no
2657,1,0,0.0009110510187128616,-7.0027875900268555,-0.0027873970102518797,base,no
2658,1,0,0.37754066879814546,-1.0512644052505493,-0.5512644052505493,base,no
2659,1,0,0.006692851611539754,-5.009932041168213,-0.009932144545018673,base,no
2660,1,0,0.0052201246876200265,-5.316585540771484,-0.06658534705638885,base,no
2661,1,0,0.00010889688066920107,-9.126564025878906,-0.0015637562610208988,base,no
2662,1,0,0.09534947518185825,-2.3908562660217285,-0.14085638523101807,base,no
2663,1,0,0.042087727465048505,-3.1801252365112305,-0.05512522533535957,base,no
2664,1,1,0.893309411735131,-0.4120134711265564,-2.537013530731201,base,yes
2665,1,0,0.0075772406725731645,-4.887486457824707,-0.012486378662288189,base,no
2666,1,0,9.61023825098469e-05,-9.251280784606934,-0.0012804412981495261,base,no
2667,1,0,0.2018132270610754,-1.636785864830017,-0.2617858946323395,base,no
2668,1,0,0.06754668832401889,-2.7099077701568604,-0.08490772545337677,base,no
2669,1,0,0.047425869811643456,-3.128845453262329,-0.12884537875652313,base,no
2670,1,0,0.0028009275706133837,-5.9220099449157715,-0.047010160982608795,base,no
2671,1,0,0.002472622798284738,-6.025359153747559,-0.025359008461236954,base,no
2672,1,0,0.11920293140927592,-2.199742317199707,-0.1997424066066742,base,no
2673,1,0,0.00020342695286266774,-8.51545524597168,-0.015455122105777264,base,no
2674,1,0,0.009708474816041006,-4.641665935516357,-0.016665762290358543,base,no
2675,1,0,4.0063703231209124e-05,-10.126806259155273,-0.0018065337790176272,base,no
2676,1,0,0.00037998448751283174,-7.876988887786865,-0.001988816075026989,base,no
2677,1,0,0.0003799844634575837,-7.878091812133789,-0.0030916770920157433,base,no
2678,1,0,0.000709670330742669,-7.256412029266357,-0.006411932874470949,base,no
2679,1,0,0.0008040861107223832,-7.13816499710083,-0.013165215030312538,base,no
2680,1,0,0.00012339457219433467,-9.00088119506836,-0.0008811643347144127,base,no
2681,1,0,0.015906395064834336,-4.150543689727783,-0.025543903931975365,base,no
2682,1,0,0.0259573578571174,-3.6772077083587646,-0.05220773443579674,base,no
2683,1,0,0.0024726235379560232,-6.011046409606934,-0.01104656420648098,base,no
2684,1,0,0.00017952798305458946,-8.628974914550781,-0.0039749909192323685,base,no
2685,1,0,0.03308597672022805,-3.470288038253784,-0.09528798609972,base,no
2686,1,0,0.0015011823897046778,-6.502978801727295,-0.002978890435770154,base,no
2687,1,0,0.0013250222921257666,-6.631485462188721,-0.00648536765947938,base,no
2688,1,0,0.0002959571150286018,-8.129974365234375,-0.00497437035664916,base,no
2689,1,0,5.829128596366004e-05,-9.755584716796875,-0.005585065111517906,base,no
2690,1,0,0.022977369993656186,-3.7876534461975098,-0.037653449922800064,base,no
2691,1,0,0.0024726225938414715,-6.010951995849609,-0.010951767675578594,base,no
2692,1,1,0.6224593452091672,-0.6611203551292419,-1.1611204147338867,base,yes
2693,1,0,0.005220125514617422,-5.259253978729248,-0.009253944270312786,base,no
2694,1,0,0.00010889695554567887,-9.126243591308594,-0.0012440093560144305,base,no
2695,1,0,5.1442218467020346e-05,-9.876482963562012,-0.0014830554137006402,base,no
2696,1,0,0.34864513533394575,-1.1375521421432495,-0.5125521421432495,base,no
2697,1,0,0.002800927583619687,-5.885364532470703,-0.010364753194153309,base,no
2698,1,0,0.0007096702432313328,-7.255685806274414,-0.005685586482286453,base,no
2699,1,0,8.481107947590432e-05,-9.38658618927002,-0.011586634442210197,base,no
2700,1,0,0.00043055717892304964,-7.754026412963867,-0.004026639740914106,base,no
2701,1,0,0.08509905312815914,-2.499446153640747,-0.12444625794887543,base,no
2702,1,0,0.0006263340858231547,-7.3862409591674805,-0.011240843683481216,base,no
2703,1,0,9.610243825326199e-05,-9.251891136169434,-0.0018913729581981897,base,no
2704,1,0,0.0015011819942916196,-6.511361598968506,-0.011361423879861832,base,no
2705,1,0,0.017986212166348412,-4.029866695404053,-0.029866820201277733,base,no
2706,1,0,0.03732688680867724,-3.31290602684021,-0.06290601193904877,base,no
2707,1,0,2.4300242089813e-05,-10.62778377532959,-0.0027838307432830334,base,no
2708,1,0,0.07585818158818373,-2.6155037879943848,-0.11550381034612656,base,no
2709,1,0,0.022977367902892003,-3.8046364784240723,-0.0546363890171051,base,no
2710,1,0,2.7535679581239792e-05,-10.50091552734375,-0.0009151084814220667,base,no
2711,1,0,8.481107588232466e-05,-9.380743026733398,-0.005743429530411959,base,no
2712,1,0,0.0021827163824655244,-6.137633323669434,-0.01263329479843378,base,no
2713,1,0,0.5,-0.8110610842704773,-0.8110610842704773,base,no
2714,1,0,0.10669059252545564,-2.372668504714966,-0.24766848981380463,base,no
2715,1,0,0.00013982203919098442,-8.880281448364258,-0.00528118759393692,base,no
2716,1,0,0.005220126138492738,-5.287529945373535,-0.03753003105521202,base,no
2717,1,0,0.00048785722541581325,-7.633587837219238,-0.008588047698140144,base,no
2718,1,0,0.4073333856566001,-1.27630615234375,-0.9013060927391052,base,no
2719,1,0,0.03308597457504463,-3.4203758239746094,-0.045375704765319824,base,no
2720,1,0,0.00015843629316353162,-8.752763748168945,-0.0027642156928777695,base,no
2721,1,0,0.022977367233847502,-3.7878952026367188,-0.0378950834274292,base,no
2722,1,0,0.0040701386596919435,-5.5095534324646,-0.009553665295243263,base,no
2723,1,0,0.01406362446053148,-4.2842116355896,-0.034211449325084686,base,no
2724,1,0,0.00460957192298163,-5.409707546234131,-0.03470749035477638,base,no
2725,1,0,0.0003353501337447295,-8.00603199005127,-0.006031999830156565,base,no
2726,1,0,0.0015011825526860833,-6.5210371017456055,-0.021037299185991287,base,no
2727,1,0,0.02297736798652257,-3.79067325592041,-0.04067317023873329,base,no
2728,1,0,0.32082130731838393,-1.1622706651687622,-0.4122706949710846,base,no
2729,1,0,0.2018132150593341,-1.616560459136963,-0.2415604144334793,base,no
2730,1,0,0.001032230837962856,-6.88585090637207,-0.010850713588297367,base,no
2731,1,0,0.0013250225552406444,-6.649814128875732,-0.02481423318386078,base,no
2732,1,0,0.0028009266523685177,-5.884602069854736,-0.0096019571647048,base,no
2733,1,0,0.00048785723495255986,-7.636502265930176,-0.011502495966851711,base,no
2734,1,0,0.03732688935207537,-3.3061347007751465,-0.05613475665450096,base,no
2735,1,0,0.00280092637663499,-5.88809871673584,-0.013098505325615406,base,no
2736,1,0,0.006692850788072181,-5.017344951629639,-0.01734493114054203,base,no
2737,1,0,0.001032231061723861,-6.893712043762207,-0.01871206797659397,base,no
2738,1,0,0.006692851097646446,-5.051416397094727,-0.05141642317175865,base,no
2739,1,0,0.008577486474976689,-4.7724714279174805,-0.022471552714705467,base,no
2740,1,0,0.004609571427289355,-5.402667045593262,-0.027666881680488586,base,no
2741,1,0,0.002800927518588171,-5.911425590515137,-0.03642578795552254,base,no
2742,1,0,0.020332354158901302,-3.9116029739379883,-0.036603014916181564,base,no
2743,1,0,0.0031726829190660204,-5.7594380378723145,-0.009438062086701393,base,no
2744,1,0,6.605217391897525e-05,-9.628059387207031,-0.003059827256947756,base,no
2745,1,0,0.0013250222151015146,-6.655563831329346,-0.030563678592443466,base,no
2746,1,0,0.4073334000459302,-0.9702178835868835,-0.5952178835868835,base,no
2747,1,0,0.00026119034025315504,-8.254149436950684,-0.004149517975747585,base,no
2748,1,0,0.0011695100855491425,-6.760412216186523,-0.010412062518298626,base,no
2749,1,0,0.2018132174596823,-1.6565065383911133,-0.2815065085887909,base,no
2750,1,0,0.07585817479810981,-2.6108601093292236,-0.11086003482341766,base,no
2751,1,0,0.008577486934330109,-4.771970272064209,-0.02197045087814331,base,no
2752,1,0,0.00013982205165775121,-8.877779960632324,-0.002779789036139846,base,no
2753,1,0,0.005911068330877026,-5.267303943634033,-0.14230385422706604,base,no
2754,1,0,0.0010322312105777753,-6.8797197341918945,-0.004719902761280537,base,no
2755,1,0,0.012431653322918172,-4.449004650115967,-0.07400485128164291,base,no
2756,1,0,0.11920291732853862,-2.142270088195801,-0.1422700434923172,base,no
2757,1,0,0.0028009264364639605,-5.884610176086426,-0.00960998609662056,base,no
2758,1,0,0.04208773001828046,-3.2383360862731934,-0.11333613842725754,base,no
2759,1,0,0.02595735813968335,-3.720125913619995,-0.0951259508728981,base,no
2760,1,0,4.539785629380185e-05,-10.006195068359375,-0.00619479501619935,base,no
2761,1,0,8.481101629210865e-05,-9.381406784057617,-0.006406484171748161,base,no
2762,1,0,4.5397875905573155e-05,-10.001054763793945,-0.0010549224680289626,base,no
2763,1,0,0.014063625338654184,-4.275181293487549,-0.02518117055296898,base,no
2764,1,0,0.0035936021412296677,-5.664723873138428,-0.039723750203847885,base,no
2765,1,0,0.010986944856985712,-4.5197343826293945,-0.019734587520360947,base,no
2766,1,0,0.003172683384441879,-5.758729457855225,-0.008729629218578339,base,no
2767,1,0,0.00013982213872984795,-8.880587577819824,-0.00558802904561162,base,no
2768,1,0,0.0002959571235706509,-8.12924575805664,-0.0042457920499145985,base,no
2769,1,0,5.144223398284879e-05,-9.879131317138672,-0.00413171062245965,base,no
2770,1,0,6.605211994237752e-05,-9.64014720916748,-0.01514683198183775,base,no
2771,1,0,0.03308597648187432,-3.4663565158843994,-0.09135645627975464,base,no
2772,1,0,0.001501182286052701,-6.504598617553711,-0.004598637111485004,base,no
2773,1,0,0.0013250224646601068,-6.6305341720581055,-0.0055342079140245914,base,no
2774,1,0,0.0001088968883507876,-9.126993179321289,-0.0019929802510887384,base,no
2775,1,0,8.481102835626101e-05,-9.376490592956543,-0.001490435330197215,base,no
2776,1,0,0.00020342693221615335,-8.504050254821777,-0.004050029441714287,base,no
2777,1,0,0.020332355605876807,-3.905750274658203,-0.030750388279557228,base,no
2778,1,0,0.0011695104304189849,-6.773556232452393,-0.02355637401342392,base,no
2779,1,0,0.0330859819640103,-3.45005202293396,-0.07505213469266891,base,no
2780,1,0,2.4300233945550145e-05,-10.626849174499512,-0.0018488947534933686,base,no
2781,1,0,0.0035936022812902506,-5.635034084320068,-0.010034000501036644,base,no
2782,1,0,0.012431653665936591,-4.395438194274902,-0.0204384233802557,base,no
2783,1,0,0.04208772641371775,-3.1893274784088135,-0.06432744115591049,base,no
2784,1,0,0.0003799845467665743,-7.876640319824219,-0.0016404041089117527,base,no
2785,1,0,0.00033534998747230854,-8.009622573852539,-0.009622147306799889,base,no
2786,1,0,7.484624835114258e-05,-9.50283145904541,-0.0028317375108599663,base,no
2787,1,0,0.0040701375913150956,-5.50966739654541,-0.009667365811765194,base,no
2788,1,0,0.004070138671017493,-5.513932704925537,-0.013932940550148487,base,no
2789,1,0,0.014063628722009823,-4.279637813568115,-0.029637934640049934,base,no
2790,1,0,0.0001795280049536573,-8.629262924194336,-0.004263122566044331,base,no
2791,1,0,0.3208212878370535,-1.2419195175170898,-0.49191945791244507,base,no
2792,1,0,0.00012339459089528271,-9.00330924987793,-0.003309370717033744,base,no
2793,1,0,0.24508500210441886,-1.4420483112335205,-0.31704825162887573,base,no
2794,1,0,0.003593603048288778,-5.657731056213379,-0.03273118659853935,base,no
2795,1,1,0.5621765008857981,-0.6247692108154297,-0.8747692108154297,base,yes
2796,1,0,0.015906388621205934,-4.156980037689209,-0.031979840248823166,base,no
2797,1,0,4.006369679977146e-05,-10.12767505645752,-0.0026751705445349216,base,no
2798,1,0,0.05340332603345051,-3.0404489040374756,-0.16544882953166962,base,no
2799,1,0,0.008577486617534644,-4.775184631347656,-0.02518477290868759,base,no
2800,1,0,0.00023050677398644658,-8.377891540527344,-0.0028917661402374506,base,no
2801,1,0,0.009708477108250024,-4.654284954071045,-0.029285019263625145,base,no
2802,1,0,0.001700722360836013,-6.383406639099121,-0.008406609296798706,base,no
2803,1,0,0.0031726834580773056,-5.764287948608398,-0.014288143254816532,base,no
2804,1,0,0.00015843628305759556,-8.754989624023438,-0.004990027751773596,base,no
2805,1,0,0.0004305570743103545,-7.754978656768799,-0.004978640470653772,base,no
2806,1,1,0.939913354875362,-0.21736565232276917,-2.9673657417297363,base,yes
2807,1,0,0.005911068166699919,-5.133936882019043,-0.008936764672398567,base,no
2808,1,0,0.00029595710317995347,-8.129205703735352,-0.004205668810755014,base,no
2809,1,0,0.0021827169402689915,-6.137480735778809,-0.0124809630215168,base,no
2810,1,0,0.0031726827717951933,-5.788864612579346,-0.03886459022760391,base,no
2811,1,0,0.014063627043245474,-4.287774562835693,-0.03777456283569336,base,no
2812,1,0,0.012431652362466643,-4.395052909851074,-0.020053032785654068,base,no
2813,1,0,0.00023050680956082116,-8.37999439239502,-0.004994772374629974,base,no
2814,1,0,0.00026119030170771324,-8.253293991088867,-0.0032939244993031025,base,no
2815,1,0,0.20181322226037882,-1.6732286214828491,-0.2982286214828491,base,no
2816,1,0,0.3775406547908327,-1.0794775485992432,-0.5794774889945984,base,no
2817,1,0,0.0035936018344303144,-5.634425163269043,-0.009424954652786255,base,no
2818,1,0,0.0002034270048577982,-8.504361152648926,-0.004361284431070089,base,no
2819,1,0,0.0011695101002360264,-6.757187366485596,-0.007187225390225649,base,no
2820,1,0,0.00020342693373149375,-8.504520416259766,-0.004520198330283165,base,no
2821,1,0,0.2942149783515162,-1.2905257940292358,-0.4155258238315582,base,no
2822,1,0,0.00012339459830671914,-9.002262115478516,-0.002262296387925744,base,no
2823,1,0,5.8291250949957776e-05,-9.76292896270752,-0.01292871031910181,base,no
2824,1,0,0.0003353500692724592,-8.004916191101074,-0.004916008561849594,base,no
2825,1,0,0.001501182424255338,-6.520798683166504,-0.02079879492521286,base,no
2826,1,0,0.0013250227216130765,-6.640161514282227,-0.015161744318902493,base,no
2827,1,0,0.00043055715637720804,-7.752264976501465,-0.0022651508916169405,base,no
2828,1,0,0.000804085745196774,-7.1296796798706055,-0.004679442849010229,base,no
2829,1,0,0.0006263340753299878,-7.3958048820495605,-0.02080474980175495,base,no
2830,1,0,0.003593602901558612,-5.633993148803711,-0.0089932382106781,base,no
2831,1,0,0.0013250226636908199,-6.635705471038818,-0.010705657303333282,base,no
2832,1,0,0.014063629858404264,-4.278238296508789,-0.02823849953711033,base,no
2833,1,0,0.0028009268422604905,-5.893255710601807,-0.01825566589832306,base,no
2834,1,0,0.07585817270885642,-2.602370262145996,-0.10237015783786774,base,no
2835,1,0,0.0028009266549697777,-5.923308849334717,-0.04830873757600784,base,no
2836,1,0,0.00460957214518853,-5.422693252563477,-0.047693245112895966,base,no
2837,1,0,0.0006263342484672639,-7.377225399017334,-0.0022255433723330498,base,no
2838,1,0,0.0046095728118092935,-5.401962757110596,-0.026962894946336746,base,no
2839,1,0,0.00017952796366305071,-8.64066219329834,-0.015662161633372307,base,no
2840,1,0,0.000295957084304782,-8.133386611938477,-0.008386513218283653,base,no
2841,1,0,0.00037998452253444566,-7.891949653625488,-0.016949674114584923,base,no
2842,1,0,0.0015011820194193658,-6.504637241363525,-0.004637083038687706,base,no
2843,1,0,0.00010889690932938057,-9.126547813415527,-0.0015478070126846433,base,no
2844,1,0,0.004070138629490473,-5.509096145629883,-0.00909637100994587,base,no
2845,1,0,0.08509904616718289,-2.503473997116089,-0.12847401201725006,base,no
2846,1,0,1.6701420891514896e-05,-11.007125854492188,-0.007125797215849161,base,no
2847,1,0,0.00037998451050682034,-7.903079032897949,-0.028079021722078323,base,no
2848,1,0,0.003593602714811137,-5.6308064460754395,-0.005806483328342438,base,no
2849,1,0,0.02297737258620403,-3.829906940460205,-0.07990705966949463,base,no
2850,1,0,0.0007096704037238294,-7.2602009773254395,-0.010200983844697475,base,no
2851,1,0,0.000552778593703027,-7.509878635406494,-0.009878557175397873,base,no
2852,1,0,0.0001233945583768925,-9.003055572509766,-0.003055429784581065,base,no
2853,1,0,0.08509904036636974,-2.4980721473693848,-0.12307208776473999,base,no
2854,1,0,0.009708476248671579,-4.64711332321167,-0.022113298997282982,base,no
2855,1,0,0.03732688868276005,-3.31494402885437,-0.0649440661072731,base,no
2856,1,0,0.006692850930476342,-5.014612674713135,-0.01461267564445734,base,no
2857,1,0,0.06754669677084987,-2.716621160507202,-0.09162124991416931,base,no
2858,1,0,0.0006263340450163955,-7.389030456542969,-0.014030275866389275,base,no
2859,1,0,0.0010322309147906634,-6.886439800262451,-0.011439681984484196,base,no
2860,1,0,7.484623638003398e-05,-9.50146484375,-0.0014649622607976198,base,no
2861,1,1,0.754914975839675,-0.40467363595962524,-1.5296735763549805,base,yes
2862,1,0,0.08509904036636974,-2.539475679397583,-0.16447561979293823,base,no
2863,1,0,0.10669058968506456,-2.3059611320495605,-0.18096108734607697,base,no
2864,1,0,0.0010322309752925658,-6.922971725463867,-0.04797166585922241,base,no
2865,1,0,0.18242553047372242,-1.7281334400177002,-0.22813348472118378,base,no
2866,1,0,0.00015843614806595639,-8.751998901367188,-0.0019984529353678226,base,no
2867,1,0,0.0004305571715079727,-7.754835605621338,-0.004835815168917179,base,no
2868,1,0,0.22270013882530884,-1.5614852905273438,-0.31148529052734375,base,no
2869,1,0,0.0019267346830279708,-6.261397361755371,-0.011397371999919415,base,no
2870,1,1,0.5621765008857981,-0.6371520161628723,-0.8871520161628723,base,yes
2871,1,0,0.002800927008741136,-5.896268844604492,-0.02126885950565338,base,no
2872,1,0,0.14804719239327382,-1.9456579685211182,-0.19565792381763458,base,no
2873,1,0,0.014063630013367147,-4.269101619720459,-0.019101833924651146,base,no
2874,1,0,0.0009110510922516524,-7.0074591636657715,-0.007459051441401243,base,no
2875,1,0,6.962254820403005e-06,-11.87938404083252,-0.0043838354758918285,base,no
2876,1,0,0.0028009273937276637,-5.898937702178955,-0.023937854915857315,base,no
2877,1,0,0.012431648749340125,-4.4160356521606445,-0.0410354807972908,base,no
2878,1,0,0.08509904036636974,-2.501218795776367,-0.1262187361717224,base,no
2879,1,0,0.0002959572000357789,-8.131802558898926,-0.0068028513342142105,base,no
2880,1,0,0.00043055698272416535,-7.766055107116699,-0.016054878011345863,base,no
2881,1,0,0.014063625106209935,-4.273821830749512,-0.023821691051125526,base,no
2882,1,0,0.01406362601015982,-4.291098594665527,-0.041098520159721375,base,no
2883,1,0,0.012431651447750972,-4.391638278961182,-0.01663832738995552,base,no
2884,1,0,0.004609571461475027,-5.417221546173096,-0.04222138971090317,base,no
2885,1,1,0.7310585786300049,-0.5168440341949463,-1.5168440341949463,base,yes
2886,1,0,1.300712513218747e-05,-11.253130912780762,-0.003130656434223056,base,no
2887,1,0,0.0011695103722153925,-6.754343032836914,-0.004343124572187662,base,no
2888,1,0,0.008577487203606262,-4.7806782722473145,-0.030678482726216316,base,no
2889,1,0,0.017986209830494145,-4.0356550216674805,-0.03565501421689987,base,no
2890,1,0,7.484624793293789e-05,-9.502166748046875,-0.0021670209243893623,base,no
2891,1,1,0.7772998560157665,-0.3616690933704376,-1.6116690635681152,base,yes
2892,1,0,0.014063627249862615,-4.282392501831055,-0.03239251673221588,base,no
2893,1,0,0.0007096702769149401,-7.254095554351807,-0.004095382057130337,base,no
2894,1,0,0.00048785721201895525,-7.6276936531066895,-0.002693836111575365,base,no
2895,1,0,0.2018132174596823,-1.7362430095672607,-0.36124297976493835,base,no
2896,1,0,0.006692851927305543,-5.014779567718506,-0.014779718592762947,base,no
2897,1,0,0.00037998455596417095,-7.879228115081787,-0.004228223580867052,base,no
2898,1,0,0.000911051262429338,-7.003139019012451,-0.0031390937510877848,base,no
2899,1,0,0.009708474851856766,-4.647189140319824,-0.02218897081911564,base,no
2900,1,0,0.20181323186177208,-1.6495916843414307,-0.27459174394607544,base,no
2901,1,0,0.2689414330889798,-1.3815019130706787,-0.3815019726753235,base,no
2902,1,0,0.0024726233197300005,-6.011811256408691,-0.011811322532594204,base,no
2903,1,0,0.0004878570092496061,-7.628962993621826,-0.003962760791182518,base,no
2904,1,0,0.18242553269617778,-1.7185783386230469,-0.21857839822769165,base,no
2905,1,0,0.24508500210441886,-1.4300837516784668,-0.305083692073822,base,no
2906,1,0,0.05340333507274787,-2.9786415100097656,-0.10364161431789398,base,no
2907,1,0,0.001169510542474508,-6.761081695556641,-0.011081933043897152,base,no
2908,1,0,0.022977367652000317,-3.793351888656616,-0.04335178807377815,base,no
2909,1,0,0.00037998445036869935,-7.880549907684326,-0.005549738183617592,base,no
2910,1,0,0.07585817584273653,-2.8292999267578125,-0.3292998671531677,base,no
2911,1,0,0.0028009263948438074,-5.885884761810303,-0.010884556919336319,base,no
2912,1,0,9.610240256762828e-05,-9.256491661071777,-0.006491526495665312,base,no
2913,1,0,3.535624558045151e-05,-10.2524995803833,-0.0024994343984872103,base,no
2914,1,0,0.0017007226644316852,-6.385575294494629,-0.010575443506240845,base,no
2915,1,0,0.000430557000861035,-7.753470420837402,-0.0034702338743954897,base,no
2916,1,0,0.14804719427274565,-1.9877922534942627,-0.2377922236919403,base,no
2917,1,0,0.0019267342334985317,-6.267363548278809,-0.017363324761390686,base,no
2918,1,0,0.0002611903035924272,-8.252366065979004,-0.0023660066071897745,base,no
2919,1,0,0.00103223105788247,-6.8955864906311035,-0.020586511120200157,base,no
2920,1,0,0.015906389204339618,-4.15380334854126,-0.028803188353776932,base,no
2921,1,0,0.37754066879814546,-1.0801975727081299,-0.5801975727081299,base,no
2922,1,0,0.020332351635969893,-3.9118804931640625,-0.036880407482385635,base,no
2923,1,0,0.012431650898921598,-4.429439067840576,-0.05443907156586647,base,no
2924,1,0,0.0017007221916446982,-6.381635665893555,-0.006635536439716816,base,no
2925,1,1,0.8354835289107309,-0.4388318657875061,-2.0638318061828613,base,yes
2926,1,0,1.4738977285593929e-05,-11.125399589538574,-0.0003992714046034962,base,no
2927,1,0,0.29421497216298875,-1.2838739156723022,-0.40887391567230225,base,no
2928,1,0,0.03732688667481418,-3.296276092529297,-0.04627607390284538,base,no
2929,1,0,0.34864513533394575,-1.158912181854248,-0.533912181854248,base,no
2930,1,0,0.0010322311078205548,-6.885782718658447,-0.010782787576317787,base,no
2931,1,0,0.04208772701447818,-3.2161190509796143,-0.09111902862787247,base,no
2932,1,0,0.0005527787286386946,-7.503032207489014,-0.003032373497262597,base,no
2933,1,0,0.0008040860867780188,-7.139485836029053,-0.014486024156212807,base,no
2934,1,0,0.0001088968743312588,-9.133097648620605,-0.008097320795059204,base,no
2935,1,0,0.0006263342793638198,-7.386170864105225,-0.01117105782032013,base,no
2936,1,0,1.892514265007393e-05,-10.876421928405762,-0.0014216327108442783,base,no
2937,1,0,5.1442225491360474e-05,-9.877720832824707,-0.0027210612315684557,base,no
2938,1,0,0.002472622993539559,-6.015320777893066,-0.015320711769163609,base,no
2939,1,0,0.0046095712734538314,-5.401353359222412,-0.02635316178202629,base,no
2940,1,0,0.0003799845244800909,-7.8806633949279785,-0.0056634205393493176,base,no
2941,1,0,0.0006263341499480672,-7.380712032318115,-0.00571201927959919,base,no
2942,1,0,0.001700722367951536,-6.381288528442383,-0.006288502831012011,base,no
2943,1,0,0.0031726825597252145,-5.795083999633789,-0.0450839102268219,base,no
2944,1,0,0.26894141551050293,-1.4233050346374512,-0.4233050048351288,base,no
2945,1,0,0.00970847598005333,-4.662364959716797,-0.0373649075627327,base,no
2946,1,0,0.002472623207171322,-6.008083820343018,-0.00808384083211422,base,no
2947,1,0,0.0008040859947418751,-7.132288932800293,-0.007289006374776363,base,no
2948,1,0,0.18242552602881168,-1.7373528480529785,-0.2373528629541397,base,no
2949,1,0,0.00012339460399456598,-9.002017974853516,-0.0020182018633931875,base,no
2950,1,0,0.0006263342443865867,-7.383098602294922,-0.008098740130662918,base,no
2951,1,0,0.0009110513266433421,-7.006223201751709,-0.006223347038030624,base,no
2952,1,0,0.010986940667320137,-4.521678924560547,-0.0216787438839674,base,no
2953,1,0,0.0006263342669760495,-7.378182888031006,-0.003183061955496669,base,no
2954,1,0,0.00010889692236019444,-9.126296043395996,-0.0012961566681042314,base,no
2955,1,0,0.0002959570112840573,-8.132740020751953,-0.007739675231277943,base,no
2956,1,1,0.6513548646660542,-0.859667181968689,-1.484667181968689,base,yes
2957,1,0,0.00026119034317142217,-8.259380340576172,-0.009380432777106762,base,no
2958,1,0,5.829127744094297e-05,-9.758221626281738,-0.008221828378736973,base,no
2959,1,0,5.8291279775190206e-05,-9.761428833007812,-0.0114290751516819,base,no
2960,1,0,0.00023050680140500633,-8.384628295898438,-0.009628640487790108,base,no
2961,1,0,0.005911069709964897,-5.157601356506348,-0.032601501792669296,base,no
2962,1,0,4.539785470837203e-05,-10.006219863891602,-0.006219555623829365,base,no
2963,1,0,6.60521263703575e-05,-9.626230239868164,-0.0012299600057303905,base,no
2964,1,0,0.012431652865560293,-4.4388957023620605,-0.06389586627483368,base,no
2965,1,0,0.007577243004700326,-4.890922546386719,-0.015922777354717255,base,no
2966,1,0,0.0006263340957333679,-7.378479480743408,-0.0034793810918927193,base,no
2967,1,0,0.46879062662624377,-0.9049335718154907,-0.7799335718154907,base,no
2968,1,0,0.020332351190746733,-3.911052942276001,-0.03605283424258232,base,no
2969,1,0,0.10669058968506456,-2.271772861480713,-0.1467728167772293,base,no
2970,1,0,0.0011695104249793966,-6.76212215423584,-0.012122291140258312,base,no
2971,1,0,0.0019267345666159545,-6.276055812835693,-0.02605576254427433,base,no
2972,1,0,0.00010889691595887034,-9.132484436035156,-0.007484490517526865,base,no
2973,1,0,0.03308597672022805,-3.4332470893859863,-0.05824703723192215,base,no
2974,1,0,0.000335350164810065,-8.010735511779785,-0.010735614225268364,base,no
2975,1,0,9.610243442740343e-05,-9.257189750671387,-0.00718994764611125,base,no
2976,1,0,8.481106107361897e-05,-9.380001068115234,-0.005001296289265156,base,no
2977,1,0,0.002800927458759177,-5.878979682922363,-0.003979858942329884,base,no
2978,1,0,0.00020342704804502047,-8.505142211914062,-0.00514255603775382,base,no
2979,1,0,0.00017952794661187178,-8.630935668945312,-0.005935542285442352,base,no
2980,1,0,0.06008664933244599,-2.893817186355591,-0.14381717145442963,base,no
2981,1,0,0.000487857107909486,-7.627684593200684,-0.002684562699869275,base,no
2982,1,0,0.0003353501132946859,-8.005375862121582,-0.005375810898840427,base,no
2983,1,0,0.0006263342327275096,-7.378309726715088,-0.0033098459243774414,base,no
2984,1,0,0.0052201253888751195,-5.259101390838623,-0.009101332165300846,base,no
2985,1,0,0.020332352971639423,-3.9125888347625732,-0.03758881613612175,base,no
2986,1,0,0.4073334000459302,-1.0052945613861084,-0.6302945613861084,base,no
2987,1,0,0.001926734803021903,-6.26668643951416,-0.016686512157320976,base,no
2988,1,0,0.014063626268431226,-4.277891635894775,-0.027891580015420914,base,no
2989,1,0,0.005220126264235059,-5.26557731628418,-0.015577426180243492,base,no
2990,1,0,1.3007130021569128e-05,-11.251952171325684,-0.00195229088421911,base,no
2991,1,0,0.014063627120726901,-4.274469375610352,-0.02446938119828701,base,no
2992,1,0,0.03308598112977216,-3.43208384513855,-0.05708393082022667,base,no
2993,1,0,0.005220126873601731,-5.286241054534912,-0.036241281777620316,base,no
2994,1,0,0.22270013366638422,-1.539848804473877,-0.28984877467155457,base,no
2995,1,0,5.8291247204307156e-05,-9.761783599853516,-0.011783283203840256,base,no
2996,1,0,0.000335350143891698,-8.003034591674805,-0.003034631721675396,base,no
2997,1,0,0.0534033328129234,-2.9533426761627197,-0.0783427357673645,base,no
2998,1,0,0.00020342702450987737,-8.502890586853027,-0.002890815259888768,base,no
2999,1,0,0.0002959570483455172,-8.130706787109375,-0.0057065668515861034,base,no
3000,0,0,3.7266382621768504e-06,-12.50026798248291,-0.00026770823751576245,base,no
3001,0,0,0.001501182016627394,-6.519687175750732,-0.019687015563249588,base,no
3002,0,0,0.00013982206314800983,-8.892592430114746,-0.01759234070777893,base,no
3003,0,0,0.00023050681546305584,-8.380060195922852,-0.0050606015138328075,base,no
3004,0,0,6.605215817195188e-05,-9.630568504333496,-0.005568705964833498,base,no
3005,0,0,8.481100961832302e-05,-9.380121231079102,-0.005120852496474981,base,no
3006,0,0,0.0002305067113691218,-8.376976013183594,-0.0019759670831263065,base,no
3007,0,0,0.00043055711499306626,-7.765984058380127,-0.01598413661122322,base,no
3008,0,0,0.0001584361544835891,-8.755009651184082,-0.00500924326479435,base,no
3009,0,0,0.0009110510689396431,-7.003908634185791,-0.0039084963500499725,base,no
3010,0,0,0.008577484415806486,-4.777801036834717,-0.027800919488072395,base,no
3011,0,0,6.962256070205671e-06,-11.87797737121582,-0.002977345371618867,base,no
3012,0,0,7.484620374265444e-05,-9.508227348327637,-0.008227030746638775,base,no
3013,0,0,1.4738984040339995e-05,-11.130406379699707,-0.005406519863754511,base,no
3014,0,0,9.610242373289908e-05,-9.253942489624023,-0.003942575305700302,base,no
3015,0,0,3.7266400021856985e-06,-12.5003023147583,-0.00030250742565840483,base,no
3016,0,0,0.00010889696062871233,-9.131508827209473,-0.006509291939437389,base,no
3017,0,0,0.000179528032034951,-8.628995895385742,-0.003996244631707668,base,no
3018,0,0,0.0002611902355603438,-8.25410270690918,-0.004102386999875307,base,no
3019,0,0,5.1442217383128215e-05,-9.879508972167969,-0.004509042948484421,base,no
3020,0,0,0.0019267342836452365,-6.264795303344727,-0.014795105904340744,base,no
3021,0,0,0.00013982211132247557,-8.878479957580566,-0.003480212762951851,base,no
3022,0,0,2.7535697567231723e-05,-10.500980377197266,-0.0009806115413084626,base,no
3023,0,0,0.05340333017646162,-2.9642837047576904,-0.08928371220827103,base,no
3024,0,0,2.1444954132831283e-05,-10.759169578552246,-0.009169844910502434,base,no
3025,0,0,0.000295957163112075,-8.166047096252441,-0.04104726389050484,base,no
3026,0,0,0.0002305066401130951,-8.378236770629883,-0.0032364153303205967,base,no
3027,0,0,0.003593602454698599,-5.636859893798828,-0.01185985840857029,base,no
3028,0,0,6.605216311788543e-05,-9.625402450561523,-0.0004027270770166069,base,no
3029,0,0,0.00037998448645157074,-7.9483489990234375,-0.07334892451763153,base,no
3030,0,0,0.0002611902634054661,-8.25464916229248,-0.004648949019610882,base,no
3031,0,0,2.1444951556476775e-05,-10.754384994506836,-0.004385140724480152,base,no
3032,0,0,0.020332353565270352,-3.910824775695801,-0.03582478687167168,base,no
3033,0,0,0.0002611903030452522,-8.255864143371582,-0.005864081904292107,base,no
3034,0,0,5.829125092281538e-05,-9.752634048461914,-0.0026337956078350544,base,no
3035,0,0,0.003593602274620699,-5.663082122802734,-0.03808203712105751,base,no
3036,0,0,0.0031726822357294403,-5.765421390533447,-0.015421198680996895,base,no
3037,0,0,0.00010889695013307243,-9.131376266479492,-0.006376634817570448,base,no
3038,0,0,2.902311697850462e-06,-12.750955581665039,-0.0009554826538078487,base,no
3039,0,0,0.00013982213674427807,-8.876568794250488,-0.0015692312736064196,base,no
3040,0,0,0.0002611902649861936,-8.254698753356934,-0.004698546137660742,base,no
3041,0,0,0.009708475174198629,-4.638343811035156,-0.013343675062060356,base,no
3042,0,0,5.829126245833512e-05,-9.752557754516602,-0.00255769956856966,base,no
3043,0,0,0.0019267343087185898,-6.255679607391357,-0.005679422989487648,base,no
3044,0,0,1.4738984111546455e-05,-11.125814437866211,-0.000814582861494273,base,no
3045,0,0,9.610241787105831e-05,-9.255578994750977,-0.00557901943102479,base,no
3046,0,0,0.004070137715896127,-5.519564628601074,-0.01956462860107422,base,no
3047,0,0,0.00048785702752836247,-7.627612113952637,-0.002611918607726693,base,no
3048,0,0,2.4300241538186917e-05,-10.626441955566406,-0.0014419882791116834,base,no
3049,0,0,6.605217339612481e-05,-9.632022857666016,-0.007023289799690247,base,no
3050,0,0,8.481102867217992e-05,-9.378820419311523,-0.0038202654104679823,base,no
3051,0,0,0.05340333431947304,-2.9590976238250732,-0.0840977132320404,base,no
3052,0,0,0.029312231387330967,-3.5399928092956543,-0.03999283164739609,base,no
3053,0,0,2.753568066469433e-05,-10.50452995300293,-0.004529573488980532,base,no
3054,0,0,0.0010322309330372686,-6.917938232421875,-0.04293813183903694,base,no
3055,0,0,0.00023050674785565003,-8.382412910461426,-0.007413022685796022,base,no
3056,0,0,0.0008040859808990414,-7.128536701202393,-0.0035367575474083424,base,no
3057,0,0,0.0007096702432313328,-7.287039279937744,-0.03703906014561653,base,no
3058,0,0,7.484625849260728e-05,-9.504511833190918,-0.004512247163802385,base,no
3059,0,0,9.610238654825095e-05,-9.254916191101074,-0.004915889818221331,base,no
3060,0,0,0.0007096702460382998,-7.252117156982422,-0.002116941148415208,base,no
3061,0,0,0.0007096703753239198,-7.266457557678223,-0.01645752415060997,base,no
3062,0,0,7.889260539078654e-06,-11.751111030578613,-0.001110771088860929,base,no
3063,0,0,8.315279707442509e-07,-14.000370025634766,-0.00036995718255639076,base,no
3064,0,0,0.11920291263495983,-2.153240203857422,-0.1532401144504547,base,no
3065,0,0,9.610239285755846e-05,-9.258086204528809,-0.008085968904197216,base,no
3066,0,0,1.8925146415231806e-05,-10.876070976257324,-0.0010708795161917806,base,no
3067,0,0,0.2689414330889798,-1.5818862915039062,-0.581886351108551,base,no
3068,0,0,0.0003353500000389334,-8.003425598144531,-0.0034252090845257044,base,no
3069,0,0,0.04208772641371775,-3.1972227096557617,-0.07222267240285873,base,no
3070,0,0,0.0011695102764786485,-6.7555389404296875,-0.0055389502085745335,base,no
3071,0,0,2.75356806967492e-05,-10.503457069396973,-0.0034566910471767187,base,no
3072,0,0,8.939698100021197e-06,-11.62612533569336,-0.0011255365097895265,base,no
3073,0,0,0.00023050671088621188,-8.377735137939453,-0.0027350897435098886,base,no
3074,0,0,9.610243870073082e-05,-9.251688957214355,-0.0016891986597329378,base,no
3075,0,0,9.610244787384261e-05,-9.252496719360352,-0.0024970562662929296,base,no
3076,0,0,1.892515287702879e-05,-10.876687049865723,-0.0016872945707291365,base,no
3077,0,0,0.001926734641836026,-6.284151554107666,-0.03415154293179512,base,no
3078,0,0,6.605217330385709e-05,-9.626717567443848,-0.001717998180538416,base,no
3079,0,0,0.00015843619225173162,-8.754715919494629,-0.004715749993920326,base,no
3080,0,0,4.0063701855375744e-05,-10.144290924072266,-0.019291164353489876,base,no
3081,0,0,1.670141927777186e-05,-11.000739097595215,-0.0007389436941593885,base,no
3082,0,0,0.053403333566198224,-2.9791579246520996,-0.10415799915790558,base,no
3083,0,0,0.0003353502497324042,-8.008625984191895,-0.008626339957118034,base,no
3084,0,0,0.0011695104706719386,-6.7539496421813965,-0.003949818201363087,base,no
3085,0,0,5.422218374138919e-06,-12.136113166809082,-0.011113056913018227,base,no
3086,0,0,0.000295957208922268,-8.128528594970703,-0.0035289174411445856,base,no
3087,0,0,0.0003353502025880147,-8.002636909484863,-0.0026371246203780174,base,no
3088,0,0,0.0011695101181866628,-6.757152080535889,-0.007151954807341099,base,no
3089,0,0,0.0066928516424971845,-5.0174665451049805,-0.017466653138399124,base,no
3090,0,0,6.605214616177346e-05,-9.628898620605469,-0.0038986403960734606,base,no
3091,0,0,0.0015011822574349846,-6.507617473602295,-0.007617474067956209,base,no
3092,0,0,0.13296424706933604,-2.176917791366577,-0.3019178509712219,base,no
3093,0,0,0.00033535005163234867,-8.004281044006348,-0.004280808847397566,base,no
3094,0,0,5.144222312596024e-05,-9.87650203704834,-0.0015022194711491466,base,no
3095,0,0,3.120190208083475e-05,-10.382242202758789,-0.007241904269903898,base,no
3096,0,0,0.00150118227907277,-6.508142948150635,-0.00814296305179596,base,no
3097,0,0,0.0021827166197855275,-6.143339157104492,-0.018339237198233604,base,no
3098,0,0,0.0010322308101127773,-6.881559371948242,-0.006559152156114578,base,no
3099,0,0,0.0015011820504800529,-6.503130912780762,-0.0031307751778513193,base,no
3100,0,0,0.05340333431947304,-3.0382306575775146,-0.1632307469844818,base,no
3101,0,0,0.07585817270885642,-2.6216373443603516,-0.1216372400522232,base,no
3102,0,0,0.000911051062157968,-7.0139007568359375,-0.01390061154961586,base,no
3103,0,0,0.00023050664837621755,-8.387130737304688,-0.012130417861044407,base,no
3104,0,0,0.0013250223420374844,-6.6340227127075195,-0.00902265589684248,base,no
3105,0,0,4.0063673918972574e-05,-10.126073837280273,-0.001073380233719945,base,no
3106,0,0,7.48462368505142e-05,-9.51697826385498,-0.016978388652205467,base,no
3107,0,0,6.60521641693529e-05,-9.62665843963623,-0.001658732071518898,base,no
3108,0,0,0.04208772431105632,-3.208672046661377,-0.08367195725440979,base,no
3109,0,0,4.006370520401436e-05,-10.128881454467773,-0.00388177833519876,base,no
3110,0,0,1.6701413998111232e-05,-11.000969886779785,-0.00096941675292328,base,no
3111,0,0,0.0008040857728824338,-7.127110958099365,-0.0021107555367052555,base,no
3112,0,0,5.1442202627825515e-05,-9.88072681427002,-0.0057265982031822205,base,no
3113,0,0,1.8925139697873423e-05,-10.88322925567627,-0.008228803984820843,base,no
3114,0,0,0.0001795279181932439,-8.631196975708008,-0.00619669072329998,base,no
3115,0,0,0.003172683287243118,-5.7602458000183105,-0.010245940648019314,base,no
3116,0,0,0.0015011825303503006,-6.543728351593018,-0.0437285341322422,base,no
3117,0,0,0.0005527786526167845,-7.507691383361816,-0.007691411767154932,base,no
3118,0,0,0.0015011823209523554,-6.505489826202393,-0.0054898690432310104,base,no
3119,0,0,2.753568032491272e-05,-10.502816200256348,-0.002815808402374387,base,no
3120,0,0,0.00012339459236033407,-9.003120422363281,-0.0031205550767481327,base,no
3121,0,0,0.00015843621161528473,-8.753532409667969,-0.0035323624033480883,base,no
3122,0,0,0.0009110511816850024,-7.006016254425049,-0.006016240455210209,base,no
3123,0,0,0.0010322311097412504,-6.908699989318848,-0.03370006009936333,base,no
3124,0,0,1.6701423940128677e-05,-11.004828453063965,-0.0048285783268511295,base,no
3125,0,0,4.5397848237176603e-05,-10.00094985961914,-0.0009494088008068502,base,no
3126,0,0,1.670141726350968e-05,-11.00208854675293,-0.0020882722456008196,base,no
3127,0,0,0.01098694392594878,-4.529945373535156,-0.0299454927444458,base,no
3128,0,0,0.00029595699723101423,-8.13631820678711,-0.011317813768982887,base,no
3129,0,0,0.06754669489377622,-2.7630527019500732,-0.13805276155471802,base,no
3130,0,0,0.0006263341823020028,-7.3797221183776855,-0.004722157027572393,base,no
3131,0,0,0.00012339459078037672,-9.003450393676758,-0.0034505135845392942,base,no
3132,0,0,0.002182716171514432,-6.132152080535889,-0.007151954807341099,base,no
3133,0,0,9.61023856085669e-05,-9.253071784973145,-0.0030714739114046097,base,no
3134,0,0,0.0011695102258904857,-6.802242279052734,-0.05224224552512169,base,no
3135,0,0,0.003593602601428746,-5.634055137634277,-0.009055143222212791,base,no
3136,0,0,0.0019267348997334354,-6.258444786071777,-0.008444909006357193,base,no
3137,0,0,5.8291279761619e-05,-9.753483772277832,-0.0034840141888707876,base,no
3138,0,0,0.00048785714429670806,-7.626734733581543,-0.0017347777029499412,base,no
3139,0,0,4.5397873839228766e-05,-10.002490997314453,-0.0024911104701459408,base,no
3140,0,0,0.0001233945309143718,-9.0018949508667,-0.0018945855554193258,base,no
3141,0,0,6.962256952038038e-06,-11.878623962402344,-0.003624063218012452,base,no
3142,0,0,0.0009110510286734468,-7.004459381103516,-0.004459199029952288,base,no
3143,0,0,1.892514250026076e-05,-10.87560749053955,-0.0006071869283914566,base,no
3144,0,0,5.829128979074039e-05,-9.75737190246582,-0.007372316438704729,base,no
3145,0,0,0.0002034269457595089,-8.507669448852539,-0.0076692900620400906,base,no
3146,0,0,1.670141506648654e-05,-11.006367683410645,-0.006367277354001999,base,no
3147,0,0,3.535624311504955e-05,-10.251274108886719,-0.0012738931691274047,base,no
3148,0,0,7.484621660244245e-05,-9.502402305603027,-0.0024021598510444164,base,no
3149,0,0,5.42222112170804e-06,-12.125399589538574,-0.0003999863693024963,base,no
3150,0,0,2.144494094150002e-05,-10.755517959594727,-0.005517610814422369,base,no
3151,0,0,0.001032231213458819,-6.930356979370117,-0.05535715073347092,base,no
3152,0,0,0.014063627172381186,-4.270152568817139,-0.020152578130364418,base,no
3153,0,0,5.8291276898094793e-05,-9.756972312927246,-0.006972505711019039,base,no
3154,0,0,0.0010322309387993545,-6.881842136383057,-0.00684204138815403,base,no
3155,0,0,0.0007096703257891968,-7.261292457580566,-0.011292354203760624,base,no
3156,0,0,0.005220125538798635,-5.266138076782227,-0.016138046979904175,base,no
3157,0,0,0.0021827163966641563,-6.132253170013428,-0.007253147661685944,base,no
3158,0,0,0.00010889686391168253,-9.128400802612305,-0.003400379093363881,base,no
3159,0,0,1.7603429864843692e-06,-13.251625061035156,-0.0016249321633949876,base,no
3160,0,0,0.00010889694392188504,-9.128251075744629,-0.0032513870391994715,base,no
3161,0,0,0.0015011824682289072,-6.507598876953125,-0.007599018048495054,base,no
3162,0,0,8.481106875440066e-05,-9.377731323242188,-0.002731641987338662,base,no
3163,0,0,4.539788320383892e-05,-10.005653381347656,-0.005653700791299343,base,no
3164,0,0,6.962259561873452e-06,-11.875490188598633,-0.0004906642716377974,base,no
3165,0,0,0.00013982202958864523,-8.876998901367188,-0.0019985719118267298,base,no
3166,0,0,0.00029595719197594015,-8.127999305725098,-0.002999570919200778,base,no
3167,0,0,0.00013982208404530983,-8.877209663391113,-0.002209723461419344,base,no
3168,0,0,4.222833228847336e-06,-12.37558364868164,-0.000583597575314343,base,no
3169,0,0,0.0031726822534019366,-5.783319473266602,-0.03331928700208664,base,no
3170,0,0,0.0003799845713524582,-7.897158622741699,-0.022158771753311157,base,no
3171,0,0,0.00048785702741482986,-7.627107620239258,-0.0021074246615171432,base,no
3172,0,0,7.88926088165065e-06,-11.75270938873291,-0.0027091726660728455,base,no
3173,0,0,9.610243505385978e-05,-9.255859375,-0.0058595784939825535,base,no
3174,0,0,1.1478772447303975e-05,-11.376179695129395,-0.0011800715001299977,base,no
3175,0,0,0.0010322310737282082,-6.881909370422363,-0.006909406278282404,base,no
3176,0,0,0.0007096703370170671,-7.265994548797607,-0.015994461253285408,base,no
3177,0,0,0.0019267343660291122,-6.267188549041748,-0.01718839444220066,base,no
3178,0,0,0.0015011821666958878,-6.502948760986328,-0.0029487009160220623,base,no
3179,0,0,0.0003353500285284885,-8.002368927001953,-0.002368622925132513,base,no
3180,0,0,0.00048785712743710564,-7.628413200378418,-0.0034132099244743586,base,no
3181,0,0,5.1442212221167126e-05,-9.878318786621094,-0.003318757051602006,base,no
3182,0,0,2.7535696935750433e-05,-10.50645637512207,-0.00645658653229475,base,no
3183,0,0,0.0015011825945656764,-6.516470432281494,-0.016470657661557198,base,no
3184,0,0,3.120190991200152e-05,-10.377036094665527,-0.0020360471680760384,base,no
3185,0,0,0.004070137398780782,-5.519154071807861,-0.01915399357676506,base,no
3186,0,0,0.0028009264988941925,-5.90364408493042,-0.02864391729235649,base,no
3187,0,0,0.02033235156176603,-3.9074716567993164,-0.03247156739234924,base,no
3188,0,0,2.7535693294315447e-05,-10.502201080322266,-0.0022011594846844673,base,no
3189,0,0,0.0007096704634957355,-7.2533183097839355,-0.003318400587886572,base,no
3190,0,0,0.00012339453451236382,-9.00082015991211,-0.0008198237628675997,base,no
3191,0,0,0.004070137927306371,-5.516007900238037,-0.016007952392101288,base,no
3192,0,0,0.0004878571375415137,-7.63062047958374,-0.005620509851723909,base,no
3193,0,0,0.002472623128495106,-6.003128528594971,-0.003128517186269164,base,no
3194,0,0,7.889264397376968e-06,-11.7518949508667,-0.0018951804377138615,base,no
3195,0,0,0.012431648223378755,-4.399713039398193,-0.024712825194001198,base,no
3196,0,0,3.5356263402143574e-05,-10.2543363571167,-0.004336715210229158,base,no
3197,0,0,0.0009110509956127815,-7.007615089416504,-0.007614871021360159,base,no
3198,0,0,0.0008040858308726696,-7.1361894607543945,-0.011189330369234085,base,no
3199,0,0,0.004070138667242311,-5.561390399932861,-0.06139063462615013,base,no
3200,0,0,8.481101094123315e-05,-9.37841796875,-0.0034176057670265436,base,no
3201,0,0,0.025957359175758542,-3.661550760269165,-0.03655083850026131,base,no
3202,0,0,0.0015011825359342464,-6.509875774383545,-0.009875960648059845,base,no
3203,0,0,8.48110534125829e-05,-9.385531425476074,-0.010531563311815262,base,no
3204,0,0,2.7535690758774297e-05,-10.501626968383789,-0.0016269554616883397,base,no
3205,0,0,3.120191268705367e-05,-10.376160621643066,-0.0011606630869209766,base,no
3206,0,0,0.00043055707521218796,-7.753129482269287,-0.0031294680666178465,base,no
3207,0,0,0.0004878570151533037,-7.630494594573975,-0.0054943738505244255,base,no
3208,0,0,7.484619394970084e-05,-9.505111694335938,-0.005111245904117823,base,no
3209,0,1,0.9796676472509721,-0.14713045954704285,-4.022130489349365,base,yes
3210,0,0,0.0008040861062328148,-7.151784896850586,-0.02678510919213295,base,no
3211,0,0,8.481107706702123e-05,-9.382041931152344,-0.00704234791919589,base,no
3212,0,0,9.61024289570972e-05,-9.251941680908203,-0.0019418209558352828,base,no
3213,0,0,0.00029595714382357475,-8.129229545593262,-0.0042296480387449265,base,no
3214,0,0,0.02297736823741426,-3.7885549068450928,-0.038554832339286804,base,no
3215,0,0,0.0001584362224957585,-8.754467010498047,-0.004467031918466091,base,no
3216,0,0,0.003593602444694271,-5.631746292114258,-0.006746253930032253,base,no
3217,0,0,0.00015843619321068844,-8.75505542755127,-0.005055264104157686,base,no
3218,0,0,0.002800927367715059,-5.881824493408203,-0.006824636831879616,base,no
3219,0,0,0.0004305571715079727,-7.7561936378479,-0.006193847395479679,base,no
3220,0,0,0.005911068418438151,-5.145349025726318,-0.02034895122051239,base,no
3221,0,0,4.539786637185196e-05,-10.00149917602539,-0.0014991246862336993,base,no
3222,0,0,2.4300239770154666e-05,-10.633874893188477,-0.008874853141605854,base,no
3223,0,0,0.22270014398423357,-1.5203495025634766,-0.27034953236579895,base,no
3224,0,0,0.0009110510706350618,-7.010039329528809,-0.0100391935557127,base,no
3225,0,0,1.473898499433499e-05,-11.129531860351562,-0.004532065242528915,base,no
3226,0,0,1.0129989184839453e-05,-11.501243591308594,-0.0012434140080586076,base,no
3227,0,0,1.892514061437741e-05,-10.88500690460205,-0.010006501339375973,base,no
3228,0,0,2.144495674912959e-05,-10.758959770202637,-0.008960158564150333,base,no
3229,0,0,1.8925141841523443e-05,-10.876880645751953,-0.001880307332612574,base,no
3230,0,0,0.0006263340307340304,-7.380156517028809,-0.00515631353482604,base,no
3231,0,0,8.481106944547361e-05,-9.38002872467041,-0.005029051564633846,base,no
3232,0,0,5.829128262514333e-05,-9.754565238952637,-0.004565529990941286,base,no
3233,0,0,4.00637078250938e-05,-10.141560554504395,-0.01656094379723072,base,no
3234,0,0,0.0002611904229374026,-8.258212089538574,-0.00821248721331358,base,no
3235,0,0,2.753568876015258e-05,-10.500804901123047,-0.0008048156159929931,base,no
3236,0,0,0.00247262335992953,-6.004062175750732,-0.004062258172780275,base,no
3237,0,0,0.0009110512664559584,-7.007730960845947,-0.007731040008366108,base,no
3238,0,0,0.010986943561630004,-4.55407190322876,-0.05407198891043663,base,no
3239,0,0,0.00013982205169030157,-8.88350772857666,-0.008507557213306427,base,no
3240,0,0,8.481107219989294e-05,-9.3768892288208,-0.001889588194899261,base,no
3241,0,0,0.0024726234150603136,-6.004580020904541,-0.00458012567833066,base,no
3242,0,0,6.605211845071717e-05,-9.627689361572266,-0.0026889618020504713,base,no
3243,0,0,0.007577240539508873,-4.8943023681640625,-0.01930227130651474,base,no
3244,0,0,0.0019267344578154997,-6.253870010375977,-0.0038699035067111254,base,no
3245,0,0,0.001501182523370369,-6.508152008056641,-0.008152185939252377,base,no
3246,0,0,0.00043055714445296335,-7.754945755004883,-0.0049459016881883144,base,no
3247,0,0,2.753569155052985e-05,-10.50422191619873,-0.004221932031214237,base,no
3248,0,0,0.00017952805044438213,-8.626839637756348,-0.0018400895642116666,base,no
3249,0,0,0.00015843615916772346,-8.753457069396973,-0.0034566910471767187,base,no
3250,0,1,0.5621765155565327,-0.8112322688102722,-1.061232328414917,base,yes
3251,0,0,0.004070138591738637,-5.514710903167725,-0.01471111923456192,base,no
3252,0,0,0.0002959571416191748,-8.133628845214844,-0.00862894020974636,base,no
3253,0,0,3.120192133911575e-05,-10.376847267150879,-0.0018475858960300684,base,no
3254,0,0,0.00010889690738363177,-9.125724792480469,-0.0007247682078741491,base,no
3255,0,0,0.0005527786924929119,-7.551448822021484,-0.051448922604322433,base,no
3256,0,0,0.0474258704848281,-3.125081777572632,-0.12508171796798706,base,no
3257,0,0,2.5612825023706406e-06,-12.877015113830566,-0.002015227684751153,base,no
3258,0,0,5.144218932769633e-05,-9.876290321350098,-0.0012898467248305678,base,no
3259,0,0,0.0003799845839991545,-7.878856658935547,-0.003856841241940856,base,no
3260,0,0,0.0003353500318067389,-8.015094757080078,-0.015094462782144547,base,no
3261,0,0,0.00012339452347421296,-9.005510330200195,-0.005509904585778713,base,no
3262,0,0,8.481104045990494e-05,-9.377189636230469,-0.002189621329307556,base,no
3263,0,0,0.005220125026156958,-5.260341167449951,-0.010341038927435875,base,no
3264,0,0,1.300712840439345e-05,-11.25146770477295,-0.0014676999999210238,base,no
3265,0,0,0.0024726236482176004,-6.0186076164245605,-0.018607815727591515,base,no
3266,0,0,7.484622637797382e-05,-9.502678871154785,-0.0026788560207933187,base,no
3267,0,0,0.00020342701574931171,-8.505009651184082,-0.00500983651727438,base,no
3268,0,0,0.0005527787079288329,-7.504973411560059,-0.004973540082573891,base,no
3269,0,0,3.5356259866615495e-05,-10.251276016235352,-0.0012762743281200528,base,no
3270,0,0,2.1444956580618e-05,-10.750656127929688,-0.0006565084331668913,base,no
3271,0,0,4.006367432939039e-05,-10.12674331665039,-0.0017428698483854532,base,no
3272,0,0,0.00020342694841135484,-8.502593040466309,-0.0025928947143256664,base,no
3273,0,0,5.829123804374957e-05,-9.75390338897705,-0.0039029151666909456,base,no
3274,0,0,0.001169510505485305,-6.760468482971191,-0.010468688793480396,base,no
3275,0,0,0.000626334188423018,-7.390008926391602,-0.015008974820375443,base,no
3276,0,0,0.0002611902584200946,-8.252338409423828,-0.0023381770588457584,base,no
3277,0,0,0.0017007227007999198,-6.387532711029053,-0.012532881461083889,base,no
3278,0,0,0.0015011822357971995,-6.509677886962891,-0.009677872993052006,base,no
3279,0,0,4.539786307944205e-05,-10.00487995147705,-0.004879827611148357,base,no
3280,0,0,0.000379984440463598,-7.886003017425537,-0.01100282184779644,base,no
3281,0,0,0.00010889691703632089,-9.126240730285645,-0.0012407946633175015,base,no
3282,0,0,0.0004878570376327685,-7.6270976066589355,-0.0020974320359528065,base,no
3283,0,0,0.00857748598394375,-4.766021728515625,-0.016021795570850372,base,no
3284,0,0,0.00010889691256173212,-9.128374099731445,-0.003374123014509678,base,no
3285,0,0,3.120190821210059e-05,-10.379414558410645,-0.004414456430822611,base,no
3286,0,0,6.605214022588585e-05,-9.627828598022461,-0.0028285279404371977,base,no
3287,0,0,0.010986940444680947,-4.544605731964111,-0.04460553079843521,base,no
3288,0,0,0.05340332452690107,-2.9472968578338623,-0.07229675352573395,base,no
3289,0,0,0.05340333243628599,-2.951813220977783,-0.07681327313184738,base,no
3290,0,0,0.017986207988130422,-4.0355658531188965,-0.03556574136018753,base,no
3291,0,0,0.0031726822916923448,-5.761931419372559,-0.01193124521523714,base,no
3292,0,0,0.000552778510863606,-7.502842426300049,-0.0028421981260180473,base,no
3293,0,0,0.0005527786554467031,-7.511035919189453,-0.011035952717065811,base,no
3294,0,0,0.00015843616768768475,-8.75247573852539,-0.0024754139594733715,base,no
3295,0,0,0.0024726231750117,-6.022143840789795,-0.02214384824037552,base,no
3296,0,0,0.00026119038840456655,-8.256753921508789,-0.006754186935722828,base,no
3297,0,0,3.726640637972965e-06,-12.50068187713623,-0.0006822404102422297,base,no
3298,0,0,0.00026119022856866515,-8.252883911132812,-0.0028835644479840994,base,no
3299,0,0,0.02033235401049356,-3.9108307361602783,-0.035830769687891006,base,no
3300,0,0,0.0001584362834264253,-8.75491714477539,-0.004917550832033157,base,no
3301,0,0,0.00023050670734487268,-8.37633991241455,-0.0013398488517850637,base,no
3302,0,0,0.001700722762467799,-6.388789653778076,-0.013789860531687737,base,no
3303,0,0,0.0005527786513304577,-7.517477989196777,-0.017478015273809433,base,no
3304,0,0,2.4300230816841353e-05,-10.626789093017578,-0.0017886845162138343,base,no
3305,0,0,2.4300251391079368e-05,-10.625743865966797,-0.0007443041540682316,base,no
3306,0,0,0.0004305570962549695,-7.75291633605957,-0.002916370751336217,base,no
3307,0,0,1.0129992938469306e-05,-11.501785278320312,-0.0017854715697467327,base,no
3308,0,0,0.009708477949920658,-4.660243988037109,-0.03524414077401161,base,no
3309,0,0,0.0008040860613371324,-7.1637091636657715,-0.03870932012796402,base,no
3310,0,0,2.1444940132644995e-05,-10.75886058807373,-0.008860201574862003,base,no
3311,0,0,0.037326887076403345,-3.3012473583221436,-0.05124735087156296,base,no
3312,0,0,0.0004878570618719906,-7.626763343811035,-0.001763218897394836,base,no
3313,0,0,0.014063628489565516,-4.334993362426758,-0.08499346673488617,base,no
3314,0,0,0.0009110512740853449,-7.004885196685791,-0.0048852842301130295,base,no
3315,0,0,0.009708477976782487,-4.640048980712891,-0.015049136243760586,base,no
3316,0,0,0.00012339458592559884,-9.00744915008545,-0.007449230644851923,base,no
3317,0,0,0.0008040857824227626,-7.128437042236328,-0.0034368515480309725,base,no
3318,0,0,0.0009110511719363432,-7.006511211395264,-0.0065111867152154446,base,no
3319,0,0,0.0009110510960663448,-7.014490127563477,-0.014490019530057907,base,no
3320,0,0,2.4300242621637134e-05,-10.625748634338379,-0.0007487116381525993,base,no
3321,0,0,1.1478768873397863e-05,-11.375764846801758,-0.0007649118197150528,base,no
3322,0,0,7.889262022332842e-06,-11.752992630004883,-0.0029925585258752108,base,no
3323,0,0,8.481106439076882e-05,-9.382455825805664,-0.007456093095242977,base,no
3324,0,0,0.014063625881024118,-4.2782111167907715,-0.02821103297173977,base,no
3325,0,0,6.605212687014065e-05,-9.62612247467041,-0.001122202374972403,base,no
3326,0,0,8.939696839723259e-06,-11.627605438232422,-0.002605498069897294,base,no
3327,0,0,5.1442198771326655e-05,-9.881274223327637,-0.006273932289332151,base,no
3328,0,0,1.0129991428998134e-05,-11.502049446105957,-0.0020494903437793255,base,no
3329,0,0,0.0006263340923085149,-7.376682758331299,-0.0016826532082632184,base,no
3330,0,0,0.0010322307947472171,-6.889645099639893,-0.014644864946603775,base,no
3331,0,0,2.1444954909232755e-05,-10.751140594482422,-0.0011408970458433032,base,no
3332,0,0,0.0017007220683089843,-6.382518768310547,-0.0075185662135481834,base,no
3333,0,0,0.0002611903868238383,-8.253958702087402,-0.003958961460739374,base,no
3334,0,0,0.000911051355041616,-7.004458904266357,-0.0044590807519853115,base,no
3335,0,0,7.48462207844878e-05,-9.506184577941895,-0.006184488069266081,base,no
3336,0,0,0.0002611904212350796,-8.278035163879395,-0.02803555503487587,base,no
3337,0,0,4.539785295382978e-05,-10.001373291015625,-0.0013729440979659557,base,no
3338,0,0,6.144177263025903e-06,-12.002147674560547,-0.002148107625544071,base,no
3339,0,0,0.005220126138492738,-5.262754917144775,-0.012755002826452255,base,no
3340,0,0,5.1442213718255556e-05,-9.881265640258789,-0.006265639793127775,base,no
3341,0,0,0.00026119036408567075,-8.255824089050293,-0.005824261344969273,base,no
3342,0,0,0.00013982207737249565,-8.877177238464355,-0.0021772508043795824,base,no
3343,0,0,0.0007096705232676466,-7.267757892608643,-0.017758067697286606,base,no
3344,0,0,0.00029595704352339394,-8.128747940063477,-0.00374770350754261,base,no
3345,0,0,2.260323520863732e-06,-13.001883506774902,-0.0018831630004569888,base,no
3346,0,0,0.0002959571671764377,-8.12879467010498,-0.003794851480051875,base,no
3347,0,0,3.535624987741293e-05,-10.2521390914917,-0.002139067044481635,base,no
3348,0,0,0.0019267346704912917,-6.260408401489258,-0.010408405214548111,base,no
3349,0,0,2.7535689922141935e-05,-10.504401206970215,-0.004401163663715124,base,no
3350,0,0,0.00026119042196464656,-8.251439094543457,-0.0014394884929060936,base,no
3351,0,0,8.939694033973904e-06,-11.6287841796875,-0.0037839256692677736,base,no
3352,0,0,0.0003353501181340091,-8.003098487854004,-0.003098451066762209,base,no
3353,0,0,0.0002959570555787024,-8.12833309173584,-0.003332895925268531,base,no
3354,0,0,0.0001233945177576433,-9.002181053161621,-0.0021805812139064074,base,no
3355,0,0,0.00037998448539030985,-7.879894733428955,-0.004894656129181385,base,no
3356,0,0,0.00026119023495237175,-8.25721263885498,-0.007212316617369652,base,no
3357,0,0,0.0024726231015039964,-6.0123291015625,-0.01232907921075821,base,no
3358,0,0,0.00048785716478935687,-7.630546569824219,-0.005546655971556902,base,no
3359,0,0,0.0002034269275754233,-8.502132415771484,-0.00213216757401824,base,no
3360,0,0,0.03732688975366457,-3.30570125579834,-0.055701322853565216,base,no
3361,0,0,0.0019267351039022424,-6.255477428436279,-0.005477657541632652,base,no
3362,0,0,0.00015843625487900343,-8.752242088317871,-0.002242314163595438,base,no
3363,0,0,0.0002034270375796949,-8.5010404586792,-0.0010407513473182917,base,no
3364,0,0,0.005911070038319199,-5.137185096740723,-0.012185297906398773,base,no
3365,0,0,0.009708474941396173,-4.6694135665893555,-0.044413406401872635,base,no
3366,0,0,0.0005527786649655203,-7.503702640533447,-0.003702691290527582,base,no
3367,0,0,0.00037998450767679084,-7.879759311676025,-0.004759293049573898,base,no
3368,0,0,0.00013982206822585815,-8.882007598876953,-0.007007545791566372,base,no
3369,0,0,0.005911069567678038,-5.138145446777344,-0.01314556784927845,base,no
3370,0,0,0.025957357103608202,-3.6710689067840576,-0.04606890305876732,base,no
3371,0,0,0.0002611903037748188,-8.25421142578125,-0.004211367107927799,base,no
3372,0,0,3.120190534987445e-05,-10.37929916381836,-0.004298970103263855,base,no
3373,0,0,9.61024445625729e-05,-9.253396987915039,-0.003397290362045169,base,no
3374,0,0,0.0015011820585069723,-6.508572578430176,-0.008572446182370186,base,no
3375,0,0,0.0024726234047232915,-6.057443618774414,-0.05744371935725212,base,no
3376,0,0,0.0007096704314632768,-7.260127067565918,-0.010127113200724125,base,no
3377,0,0,3.120191284687343e-05,-10.37625503540039,-0.0012550819665193558,base,no
3378,0,0,0.11920292671569666,-2.169640064239502,-0.16964010894298553,base,no
3379,0,0,3.288749170938298e-06,-12.62580680847168,-0.0008068405441008508,base,no
3380,0,0,5.829128539366936e-05,-9.754502296447754,-0.004502634983509779,base,no
3381,0,0,1.4738977496210526e-05,-11.12642765045166,-0.001427346607670188,base,no
3382,0,0,0.00029595714547687475,-8.129199981689453,-0.00420008972287178,base,no
3383,0,0,3.726637602637462e-06,-12.503266334533691,-0.003265883307904005,base,no
3384,0,0,0.007577241491969114,-4.891496658325195,-0.0164966881275177,base,no
3385,0,0,9.610245983244942e-05,-9.251391410827637,-0.001391872181557119,base,no
3386,0,0,0.0008040859019574806,-7.1311187744140625,-0.006118732504546642,base,no
3387,0,0,0.007577242171297444,-4.888377666473389,-0.013377786614000797,base,no
3388,0,0,5.422221272097683e-06,-12.125761985778809,-0.0007624103454872966,base,no
3389,0,0,5.829127899484591e-05,-9.751765251159668,-0.0017654799157753587,base,no
3390,0,0,9.610243541183487e-05,-9.25400161743164,-0.004001824650913477,base,no
3391,0,0,1.3007124814203592e-05,-11.25273323059082,-0.002732949797064066,base,no
3392,0,0,0.0009110510981856183,-7.007505893707275,-0.007505788002163172,base,no
3393,0,0,0.00023050680290739327,-8.384664535522461,-0.009664886631071568,base,no
3394,0,0,0.0013250222927419604,-6.634952068328857,-0.009951974265277386,base,no
3395,0,0,0.001700722591695217,-6.390937805175781,-0.015937911346554756,base,no
3396,0,0,0.000911051327067197,-7.007113933563232,-0.007114079315215349,base,no
3397,0,0,0.0006263342510905563,-7.379724025726318,-0.0047241742722690105,base,no
3398,0,0,7.484623029864186e-05,-9.519526481628418,-0.019526518881320953,base,no
3399,0,0,0.0004878570452394563,-7.627504825592041,-0.0025046665687114,base,no
3400,0,0,0.08509904268669496,-2.522810935974121,-0.1478109061717987,base,no
3401,0,0,0.014063629393515615,-4.274539470672607,-0.024539640173316002,base,no
3402,0,0,0.02297736915735049,-3.7824807167053223,-0.03248068317770958,base,no
3403,0,0,0.0003799844908734916,-7.8780293464660645,-0.0030292836017906666,base,no
3404,0,0,0.00029595708967800587,-8.128188133239746,-0.0031880526803433895,base,no
3405,0,0,0.005911067652278348,-5.136291027069092,-0.011290822178125381,base,no
3406,0,0,0.010986941314997804,-4.524315357208252,-0.024315236136317253,base,no
3407,0,0,7.484619802719384e-05,-9.504886627197266,-0.004886233247816563,base,no
3408,0,0,7.889263447726603e-06,-11.752931594848633,-0.002931704046204686,base,no
3409,0,0,0.0003799845197044161,-7.881167888641357,-0.0061679016798734665,base,no
3410,0,0,0.000123394534792447,-9.002279281616211,-0.002278947737067938,base,no
3411,0,0,0.010986941476917226,-4.5216264724731445,-0.021626366302371025,base,no
3412,0,0,6.605215202077189e-05,-9.632349014282227,-0.007349122781306505,base,no
3413,0,0,0.001700722537142868,-6.381972312927246,-0.006972386967390776,base,no
3414,0,0,0.00026119025440747866,-8.257267951965332,-0.0072677042335271835,base,no
3415,0,0,0.0005527785257849914,-7.506538391113281,-0.006538189947605133,base,no
3416,0,0,6.605211346826434e-05,-9.625688552856445,-0.000688077649101615,base,no
3417,0,0,0.00017952796554369552,-8.627768516540527,-0.0027684953529387712,base,no
3418,0,0,0.00013982208199464006,-8.877216339111328,-0.0022163845133036375,base,no
3419,0,0,6.605215978663672e-05,-9.626832962036133,-0.0018331881146878004,base,no
3420,0,0,0.0007096703991005882,-7.257134437561035,-0.007134437561035156,base,no
3421,0,0,0.022977372293497,-3.7793796062469482,-0.02937971241772175,base,no
3422,0,0,4.00636976392629e-05,-10.129801750183105,-0.004801885224878788,base,no
3423,0,0,0.00037998449175787567,-7.8775129318237305,-0.0025128712877631187,base,no
3424,0,0,2.4300230135088403e-05,-10.626437187194824,-0.0014367506373673677,base,no
3425,0,0,3.1201917852138296e-05,-10.378134727478027,-0.003134934464469552,base,no
3426,0,0,0.00010889689007470807,-9.128029823303223,-0.0030296400655061007,base,no
3427,0,0,0.0006263341767639418,-7.392792701721191,-0.017792731523513794,base,no
3428,0,0,0.00015843622043031257,-8.753271102905273,-0.003271111287176609,base,no
3429,0,0,0.0002611903944842909,-8.259321212768555,-0.009321501478552818,base,no
3430,0,0,5.8291286872930875e-05,-9.75153923034668,-0.0015395942609757185,base,no
3431,0,0,0.029312228313453616,-3.556924343109131,-0.056924257427453995,base,no
3432,0,0,0.020332352303804646,-3.910243272781372,-0.03524322062730789,base,no
3433,0,0,0.0009110511045434393,-7.011612892150879,-0.011612793430685997,base,no
3434,0,0,0.00017952790812134892,-8.627798080444336,-0.0027977393474429846,base,no
3435,0,0,0.00020342701423397067,-8.509282112121582,-0.009282290004193783,base,no
3436,0,0,0.0017007223671609223,-6.393150806427002,-0.018150780349969864,base,no
3437,0,0,4.006368846082408e-05,-10.127573013305664,-0.0025729192420840263,base,no
3438,0,0,0.14804719239327382,-1.9626688957214355,-0.21266885101795197,base,no
3439,0,0,0.0010322308312404231,-6.8805766105651855,-0.005576411262154579,base,no
3440,0,0,0.20181322226037882,-1.612022042274475,-0.2370220422744751,base,no
3441,0,0,0.0019267342424533,-6.258025169372559,-0.008024950511753559,base,no
3442,0,0,0.00043055706068264904,-7.752310276031494,-0.002310228068381548,base,no
3443,0,0,5.1442206005256446e-05,-9.878819465637207,-0.003819315228611231,base,no
3444,0,0,0.012431653139975017,-4.406898021697998,-0.03189820796251297,base,no
3445,0,0,0.0005527785103490754,-7.518096923828125,-0.018096694722771645,base,no
3446,0,0,0.0010322307971480857,-6.880475044250488,-0.005474811885505915,base,no
3447,0,0,0.0035936029482454826,-5.650404930114746,-0.0254050325602293,base,no
3448,0,0,3.535624548990251e-05,-10.255393981933594,-0.005393833387643099,base,no
3449,0,0,0.0004878571526413599,-7.628218173980713,-0.0032182352151721716,base,no
3450,0,0,3.120191437242577e-05,-10.377350807189941,-0.0023509026505053043,base,no
3451,0,0,0.00010889686853837988,-9.12600040435791,-0.0010000233305618167,base,no
3452,0,0,0.0001233946056319765,-9.00275993347168,-0.0027601737529039383,base,no
3453,0,0,0.012431648360586064,-4.399736404418945,-0.024736201390624046,base,no
3454,0,0,0.0035936018944562735,-5.64271879196167,-0.01771860010921955,base,no
3455,0,0,0.00023050676027716794,-8.37686538696289,-0.001865553087554872,base,no
3456,0,0,0.0013250226784794808,-6.655517578125,-0.03051777556538582,base,no
3457,0,0,9.610237274384554e-05,-9.253264427185059,-0.003263982245698571,base,no
3458,0,0,2.430023302051595e-05,-10.626594543457031,-0.0015942256432026625,base,no
3459,0,0,0.00043055697951764713,-7.758173942565918,-0.008173706009984016,base,no
3460,0,0,0.0002959569917200172,-8.129266738891602,-0.0042663272470235825,base,no
3461,0,0,0.04742586913845881,-3.0699121952056885,-0.06991210579872131,base,no
3462,0,0,0.0124316492981694,-4.408608436584473,-0.03360830992460251,base,no
3463,0,0,0.0002611904178304336,-8.2575044631958,-0.007504841312766075,base,no
3464,0,0,0.008577485793866491,-4.846462249755859,-0.09646229445934296,base,no
3465,0,0,0.0008040859693009917,-7.131734371185303,-0.006734413094818592,base,no
3466,0,0,0.00017952798946967876,-8.626296997070312,-0.0012971091782674193,base,no
3467,0,0,8.481101874047987e-05,-9.379584312438965,-0.004584041424095631,base,no
3468,0,0,0.0002034269060765326,-8.509029388427734,-0.009029034525156021,base,no
3469,0,0,0.00023050679552960042,-8.376014709472656,-0.0010150285670533776,base,no
3470,0,0,2.7535681651984295e-05,-10.505559921264648,-0.005559577606618404,base,no
3471,0,0,0.00591106912987234,-5.143792629241943,-0.01879267580807209,base,no
3472,0,0,8.481103935418862e-05,-9.377683639526367,-0.002683611586689949,base,no
3473,0,0,0.0005527785875286599,-7.513964653015137,-0.013964563608169556,base,no
3474,0,0,0.37754066879814546,-1.0787220001220703,-0.5787220001220703,base,no
3475,0,0,0.000261190373083662,-8.264974594116211,-0.014974800869822502,base,no
3476,0,0,0.0001584362658885706,-8.751424789428711,-0.0014250847743824124,base,no
3477,0,0,7.484619509976296e-05,-9.504593849182129,-0.00459341611713171,base,no
3478,0,0,0.00012339461867380834,-9.002764701843262,-0.0027650478295981884,base,no
3479,0,0,5.144221175407555e-05,-9.876972198486328,-0.0019721598364412785,base,no
3480,0,0,0.015906392411575272,-4.1577301025390625,-0.03273014724254608,base,no
3481,0,0,5.82912920978457e-05,-9.758683204650879,-0.008683658204972744,base,no
3482,0,0,0.0008040859318879294,-7.132524013519287,-0.007524008862674236,base,no
3483,0,0,0.0001233946113198237,-9.007469177246094,-0.007469463627785444,base,no
3484,0,0,0.0001398220837198067,-8.891372680664062,-0.016372738406062126,base,no
3485,0,0,0.002182716859133933,-6.1392717361450195,-0.014271926134824753,base,no
3486,0,0,0.00023050675010922992,-8.379081726074219,-0.004081848077476025,base,no
3487,0,0,1.8925150488829442e-05,-10.876619338989258,-0.0016194575000554323,base,no
3488,0,0,0.004070136957084449,-5.50788688659668,-0.00788669940084219,base,no
3489,0,0,7.889260900019122e-06,-11.7549467086792,-0.0049464949406683445,base,no
3490,0,0,0.0011695100333291122,-6.755269527435303,-0.005269329063594341,base,no
3491,0,0,0.04742587115801275,-3.1110517978668213,-0.11105175316333771,base,no
3492,0,0,0.0004305570901425424,-7.770632266998291,-0.020632287487387657,base,no
3493,0,0,7.484621956472454e-05,-9.509145736694336,-0.009145630523562431,base,no
3494,0,0,0.010986943723549459,-4.516811847686768,-0.016811948269605637,base,no
3495,0,0,0.0003799844242793704,-7.877012729644775,-0.0020124914590269327,base,no
3496,0,0,0.0006263341483449443,-7.3784894943237305,-0.003489478724077344,base,no
3497,0,0,0.006692851469135581,-5.0161237716674805,-0.016123853623867035,base,no
3498,0,0,0.00033535006365260087,-8.008241653442383,-0.008241454139351845,base,no
3499,0,0,3.535623594933297e-05,-10.253434181213379,-0.0034337628167122602,base,no
3500,0,0,1.670142827779376e-05,-11.001811027526855,-0.0018114125123247504,base,no
3501,0,0,7.484623127445259e-05,-9.501152992248535,-0.0011530425399541855,base,no
3502,0,0,4.5397857467019934e-05,-10.003686904907227,-0.0036866574082523584,base,no
3503,0,0,1.994728878813051e-06,-13.125360488891602,-0.00036006642039865255,base,no
3504,0,0,8.481107704727629e-05,-9.376858711242676,-0.001859127776697278,base,no
3505,0,0,0.10669060246682488,-2.3224027156829834,-0.19740280508995056,base,no
3506,0,0,1.892514164103818e-05,-10.877337455749512,-0.0023371067363768816,base,no
3507,0,0,0.00012339458891315444,-9.00439453125,-0.004394636023789644,base,no
3508,0,0,0.04742587486052853,-3.0827832221984863,-0.08278325945138931,base,no
3509,0,0,9.610240608025747e-05,-9.251605987548828,-0.0016058895271271467,base,no
3510,0,0,5.8291289736455566e-05,-9.756731986999512,-0.006732400041073561,base,no
3511,0,0,2.753570372818194e-05,-10.501108169555664,-0.0011086276499554515,base,no
3512,0,0,0.00020342696891580768,-8.502148628234863,-0.002148583298549056,base,no
3513,0,0,0.0017007220319407623,-6.39392614364624,-0.018925920128822327,base,no
3514,0,0,0.00043055704525127715,-7.761110782623291,-0.0111106988042593,base,no
3515,0,0,0.004070137126967649,-5.534784317016602,-0.03478417173027992,base,no
3516,0,0,0.0002959572102311308,-8.128424644470215,-0.0034249713644385338,base,no
3517,0,0,1.892514725022011e-05,-10.877363204956055,-0.0023631523363292217,base,no
3518,0,0,0.0004305569891372021,-7.755663871765137,-0.005663657560944557,base,no
3519,0,0,4.539785345588253e-05,-10.001941680908203,-0.0019413450499996543,base,no
3520,0,0,6.1441767480301e-06,-12.001548767089844,-0.0015491163358092308,base,no
3521,0,0,3.1201904518085427e-05,-10.376816749572754,-0.0018165291985496879,base,no
3522,0,0,0.0019267342872271442,-6.274250507354736,-0.02425031177699566,base,no
3523,0,0,0.003172683092845605,-5.762699604034424,-0.01269968319684267,base,no
3524,0,0,0.001501182189729658,-6.563042163848877,-0.06304211914539337,base,no
3525,0,0,0.000295957119747395,-8.126941680908203,-0.0019417019793763757,base,no
3526,0,0,0.00012339454611068218,-9.001762390136719,-0.00176214799284935,base,no
3527,0,0,0.00013982213267548733,-8.877827644348145,-0.002828052267432213,base,no
3528,0,0,0.09534947261117097,-2.360623359680176,-0.11062344908714294,base,no
3529,0,0,0.0010322310938955118,-6.880741596221924,-0.005741651635617018,base,no
3530,0,0,5.144219980132322e-05,-9.881136894226074,-0.006136623211205006,base,no
3531,0,0,0.03732689109229525,-3.3116443157196045,-0.06164442002773285,base,no
3532,0,0,6.605214817628466e-05,-9.644434928894043,-0.019434979185461998,base,no
3533,0,0,0.0009110512376338327,-7.007259845733643,-0.0072598932310938835,base,no
3534,0,0,5.1442236474005016e-05,-9.877304077148438,-0.002304519060999155,base,no
3535,0,0,0.029312228737436687,-3.5534446239471436,-0.053444553166627884,base,no
3536,0,0,7.484625560002442e-05,-9.502174377441406,-0.00217475276440382,base,no
3537,0,0,0.0008040858847474732,-7.133424758911133,-0.008424695581197739,base,no
3538,0,0,7.484621259464921e-05,-9.50501537322998,-0.005015173926949501,base,no
3539,0,0,3.535624055909878e-05,-10.251498222351074,-0.001497934339568019,base,no
3540,0,0,0.14804719991116141,-1.9865319728851318,-0.23653198778629303,base,no
3541,0,0,4.539786855446091e-05,-10.002342224121094,-0.002342220861464739,base,no
3542,0,0,2.1444950837494173e-05,-10.753812789916992,-0.003812902607023716,base,no
3543,0,0,0.00029595714575242474,-8.132493019104004,-0.007493128068745136,base,no
3544,0,0,0.00010889689936613289,-9.126941680908203,-0.0019415830029174685,base,no
3545,0,0,0.004070138078313694,-5.510955333709717,-0.01095542311668396,base,no
3546,0,0,5.8291249460518785e-05,-9.750563621520996,-0.0005633435794152319,base,no
3547,0,0,0.02297736915735049,-3.7838211059570312,-0.033821072429418564,base,no
3548,0,0,7.484621729945001e-05,-9.501899719238281,-0.0018995827995240688,base,no
3549,0,0,6.144176268082661e-06,-12.001808166503906,-0.001808437635190785,base,no
3550,0,0,0.0004878572259834768,-7.62869119644165,-0.003691408084705472,base,no
3551,0,0,8.93970052539275e-06,-11.625850677490234,-0.0008511496125720441,base,no
3552,0,0,5.715005716802604e-07,-14.37571907043457,-0.0007192885386757553,base,no
3553,0,0,2.430023850282923e-05,-10.632164001464844,-0.007163909263908863,base,no
3554,0,0,2.430024405586505e-05,-10.626943588256836,-0.0019437245791777968,base,no
3555,0,0,1.0129993636599799e-05,-11.502116203308105,-0.002116465475410223,base,no
3556,0,0,0.00013982206786780475,-8.876031875610352,-0.0010318199638277292,base,no
3557,0,0,1.0129986652938481e-05,-11.502655029296875,-0.002654602052643895,base,no
3558,0,0,3.120191324642285e-05,-10.377824783325195,-0.0028248426970094442,base,no
3559,0,0,0.0019267342406623464,-6.254624843597412,-0.0046246238052845,base,no
3560,0,0,0.04208772791561884,-3.197145700454712,-0.07214570045471191,base,no
3561,0,0,0.0003353500979181274,-8.003836631774902,-0.00383653468452394,base,no
3562,0,0,0.0007096703663251117,-7.251851558685303,-0.001851512468419969,base,no
3563,0,0,0.0003799845832032086,-7.876143455505371,-0.0011436357162892818,base,no
3564,0,0,0.00023050667091200757,-8.380789756774902,-0.005789535120129585,base,no
3565,0,0,0.06754669067036073,-2.748953104019165,-0.12395309656858444,base,no
3566,0,0,0.014063629574305644,-4.29620361328125,-0.046203795820474625,base,no
3567,0,0,3.53562398100118e-05,-10.254434585571289,-0.00443427637219429,base,no
3568,0,0,0.001501182017325387,-6.506622314453125,-0.0066221547313034534,base,no
3569,0,0,0.0035936026047635227,-5.637881278991699,-0.012881285510957241,base,no
3570,0,0,0.00013982206282250678,-8.877525329589844,-0.0025252378545701504,base,no
3571,0,0,0.0003353499732665592,-8.004167556762695,-0.004167087841778994,base,no
3572,0,0,3.5356257537036075e-05,-10.25113296508789,-0.0011331572895869613,base,no
3573,0,0,0.005911069863196903,-5.139673709869385,-0.014673881232738495,base,no
3574,0,0,0.0015011821199303556,-6.508934020996094,-0.008933929726481438,base,no
3575,0,0,1.4738978258033524e-05,-11.127134323120117,-0.0021340709645301104,base,no
3576,0,0,0.00033535022975067535,-8.019585609436035,-0.019585905596613884,base,no
3577,0,0,0.01098694406762831,-4.522560119628906,-0.022560251876711845,base,no
3578,0,0,0.00010889687493970125,-9.135428428649902,-0.010428106412291527,base,no
3579,0,0,0.005220125940206777,-5.258495807647705,-0.008495855145156384,base,no
3580,0,0,0.00026119022893344833,-8.25223159790039,-0.0022312526125460863,base,no
3581,0,0,0.0013250226649232084,-6.634570598602295,-0.00957078579813242,base,no
3582,0,0,0.18242552380635632,-1.7744697332382202,-0.2744697332382202,base,no
3583,0,0,0.00029595698524459565,-8.127745628356934,-0.0027451948262751102,base,no
3584,0,0,0.0002611902782399865,-8.251407623291016,-0.0014074668288230896,base,no
3585,0,0,0.0003353501991536555,-8.006710052490234,-0.00671025738120079,base,no
3586,0,0,0.14804719427274565,-1.9771736860275269,-0.22717365622520447,base,no
3587,0,0,8.48110321670329e-05,-9.381340026855469,-0.0063399141654372215,base,no
3588,0,0,2.430023907991491e-05,-10.62736988067627,-0.002369812224060297,base,no
3589,0,0,0.00023050678037159035,-8.380066871643066,-0.005067124962806702,base,no
3590,0,0,0.012431649641187714,-4.392706871032715,-0.017706772312521935,base,no
3591,0,0,0.0007096704149517007,-7.256467342376709,-0.006467364728450775,base,no
3592,0,0,0.03732688680867724,-3.3445801734924316,-0.09458015859127045,base,no
3593,0,0,6.9622564487127475e-06,-11.876269340515137,-0.0012693690368905663,base,no
3594,0,0,0.0004878572238263555,-7.63178014755249,-0.006780354771763086,base,no
3595,0,0,6.605214516220686e-05,-9.629363059997559,-0.004363064654171467,base,no
3596,0,0,0.00026119043388090794,-8.260547637939453,-0.010548077523708344,base,no
3597,0,0,0.00020342689395381106,-8.506534576416016,-0.006534162908792496,base,no
3598,0,0,0.009708477896196999,-4.65195369720459,-0.026953844353556633,base,no
3599,0,0,1.6701415789754306e-05,-11.005584716796875,-0.005584354046732187,base,no
3600,0,0,5.829125660914776e-05,-9.750741004943848,-0.0007408496458083391,base,no
3601,0,0,0.0004305570920464131,-7.75275182723999,-0.0027518521528691053,base,no
3602,0,0,8.9396971607818e-06,-11.625216484069824,-0.0002165798214264214,base,no
3603,0,0,1.6701414942053382e-05,-11.003291130065918,-0.0032907165586948395,base,no
3604,0,0,0.2689414272294874,-1.4416592121124268,-0.44165924191474915,base,no
3605,0,0,0.00029595717750956343,-8.12696361541748,-0.001963831717148423,base,no
3606,0,0,0.001032230923433792,-6.897959232330322,-0.02295912243425846,base,no
3607,0,0,2.1444950817522437e-05,-10.764433860778809,-0.014433972537517548,base,no
3608,0,0,0.11920292045759123,-2.2092814445495605,-0.20928142964839935,base,no
3609,0,0,0.00023050671684210068,-8.384788513183594,-0.00978849083185196,base,no
3610,0,0,0.0003799844615119387,-7.8800272941589355,-0.005027153994888067,base,no
3611,0,0,0.0031726829161206034,-5.761364936828613,-0.011364960111677647,base,no
3612,0,0,0.00013982205631244514,-8.880097389221191,-0.005097250919789076,base,no
3613,0,0,8.48110717358868e-05,-9.379337310791016,-0.004337664693593979,base,no
3614,0,0,6.962258206704132e-06,-11.87625789642334,-0.001258177449926734,base,no
3615,0,0,0.002182716185713063,-6.16559362411499,-0.040593504905700684,base,no
3616,0,0,0.0002034270145180971,-8.503918647766113,-0.003918827045708895,base,no
3617,0,0,0.001032230827399033,-6.886384963989258,-0.011384760960936546,base,no
3618,0,0,5.144220087922662e-05,-9.881035804748535,-0.006035554688423872,base,no
3619,0,0,1.4738979500285524e-05,-11.128430366516113,-0.003430198645219207,base,no
3620,0,0,0.00013982208827685076,-8.879711151123047,-0.004711241461336613,base,no
3621,0,0,0.0017007223386988303,-6.381176948547363,-0.006176905706524849,base,no
3622,0,0,9.610242301694903e-05,-9.258520126342773,-0.008520204573869705,base,no
3623,0,0,7.889265471014709e-06,-11.750471115112305,-0.0004714807728305459,base,no
3624,0,0,0.00010889694851055815,-9.128586769104004,-0.003587122540920973,base,no
3625,0,0,3.1201912875931566e-05,-10.38329792022705,-0.008297967724502087,base,no
3626,0,0,4.0063697895774177e-05,-10.126274108886719,-0.0012742503313347697,base,no
3627,0,0,0.015906393986036643,-4.156249046325684,-0.031249191612005234,base,no
3628,0,0,0.0001233945317905295,-9.001953125,-0.0019527667900547385,base,no
3629,0,0,4.539788476813064e-05,-10.00207233428955,-0.002072688192129135,base,no
3630,0,0,0.00023050668175065021,-8.380081176757812,-0.00508100213482976,base,no
3631,0,0,0.0005527785515115192,-7.505653381347656,-0.005653226748108864,base,no
3632,0,0,0.0002305067772863318,-8.376825332641602,-0.0018255725735798478,base,no
3633,0,0,0.10669058968506456,-2.2577877044677734,-0.13278765976428986,base,no
3634,0,0,0.0015011825401222054,-6.508309364318848,-0.008309553377330303,base,no
3635,0,0,0.0005527785448226219,-7.503946304321289,-0.003946137614548206,base,no
3636,0,0,2.753570238508185e-05,-10.503890037536621,-0.0038904468528926373,base,no
3637,0,0,0.00012339462091447563,-9.010930061340332,-0.010930425487458706,base,no
3638,0,0,0.00015843622323341778,-8.760233879089355,-0.010233905166387558,base,no
3639,0,0,4.539785170662508e-05,-10.002679824829102,-0.002679450437426567,base,no
3640,0,0,8.939698056311438e-06,-11.625568389892578,-0.0005685858195647597,base,no
3641,0,0,0.0010322309791339567,-6.898054122924805,-0.02305406704545021,base,no
3642,0,0,5.1442214879996215e-05,-9.87687873840332,-0.0018787605222314596,base,no
3643,0,0,0.0001398221313734743,-8.876160621643066,-0.0011610202491283417,base,no
3644,0,0,0.00017952796337050594,-8.627251625061035,-0.0022515917662531137,base,no
3645,0,0,5.1442191013417146e-05,-9.875940322875977,-0.0009398810216225684,base,no
3646,0,0,4.0063695601164253e-05,-10.125885963439941,-0.0008860476082190871,base,no
3647,0,0,0.16451646904109268,-1.8351140022277832,-0.21011404693126678,base,no
3648,0,0,0.00013982209075067467,-8.888334274291992,-0.013334382325410843,base,no
3649,0,0,0.00020342698705254255,-8.50438117980957,-0.004381224047392607,base,no
3650,0,0,0.00037998457161777355,-7.877706050872803,-0.002706200582906604,base,no
3651,0,0,6.605216395406157e-05,-9.63127613067627,-0.006276419851928949,base,no
3652,0,0,0.000179527908163141,-8.648978233337402,-0.023977892473340034,base,no
3653,0,0,0.00010889694447962433,-9.12856388092041,-0.003564197337254882,base,no
3654,0,0,0.0028009276070310334,-5.8985724449157715,-0.02357267402112484,base,no
3655,0,0,7.484623728614403e-05,-9.503870010375977,-0.0038701409939676523,base,no
3656,0,0,0.00015843626828596384,-8.751786231994629,-0.0017865424742922187,base,no
3657,0,0,0.014063630245811478,-4.2733917236328125,-0.023391954600811005,base,no
3658,0,0,1.6701421886980556e-05,-11.004281044006348,-0.004281046334654093,base,no
3659,0,0,5.829124457828051e-05,-9.751893043518066,-0.00189268181566149,base,no
3660,0,0,1.1478766293691788e-05,-11.37714672088623,-0.002146561164408922,base,no
3661,0,0,5.8291284715109055e-05,-9.751007080078125,-0.00100740697234869,base,no
3662,0,0,0.0008040857582913428,-7.135035991668701,-0.010035770945250988,base,no
3663,0,0,0.00010889688959302439,-9.128504753112793,-0.0035045654512941837,base,no
3664,0,0,3.120191379126297e-05,-10.378250122070312,-0.0032501989044249058,base,no
3665,0,0,1.670142638844981e-05,-11.00041389465332,-0.00041416651220060885,base,no
3666,0,0,1.1478770511020436e-05,-11.38665771484375,-0.01165792252868414,base,no
3667,0,0,9.610241095766637e-05,-9.253599166870117,-0.0035991196054965258,base,no
3668,0,0,0.00017952795141796374,-8.627839088439941,-0.0028389885555952787,base,no
3669,0,0,9.610239489354077e-05,-9.253867149353027,-0.0038669349160045385,base,no
3670,0,0,0.00013982211451240702,-8.87814998626709,-0.0031502642668783665,base,no
3671,0,0,2.430024191159534e-05,-10.626154899597168,-0.0011549476766958833,base,no
3672,0,0,0.0010322309330372686,-6.900684833526611,-0.02568473294377327,base,no
3673,0,0,1.147877144642307e-05,-11.380311965942383,-0.005312255118042231,base,no
3674,0,0,8.48110605799955e-05,-9.376898765563965,-0.0018989879172295332,base,no
3675,0,0,0.005911068002522816,-5.1433258056640625,-0.01832566037774086,base,no
3676,0,0,0.0002034268850985423,-8.503837585449219,-0.0038371284026652575,base,no
3677,0,0,6.962259102315404e-06,-11.876151084899902,-0.0011514945654198527,base,no
3678,0,0,9.610237630122049e-05,-9.254509925842285,-0.004509517922997475,base,no
3679,0,0,0.008577485762186948,-4.783058166503906,-0.03305820748209953,base,no
3680,0,0,2.7535693300726423e-05,-10.501782417297363,-0.0017824966926127672,base,no
3681,0,0,0.000804085973042298,-7.132243633270264,-0.007243679836392403,base,no
3682,0,0,0.0005527785208969514,-7.507080554962158,-0.007080344948917627,base,no
3683,0,0,0.0008040857942078749,-7.139181137084961,-0.014180961064994335,base,no
3684,0,0,0.00026119030353162996,-8.270038604736328,-0.02003854513168335,base,no
3685,0,0,0.1480471961522176,-1.996743083000183,-0.2467430680990219,base,no
3686,0,0,0.00012339451787254924,-9.003449440002441,-0.0034489689860492945,base,no
3687,0,0,0.0009110513029074721,-7.003993988037109,-0.003994107246398926,base,no
3688,0,0,0.0021827165893598846,-6.135594367980957,-0.010594434104859829,base,no
3689,0,0,0.012431651173336283,-4.411404609680176,-0.03640463575720787,base,no
3690,0,0,9.610238149185586e-05,-9.252389907836914,-0.0023895539343357086,base,no
3691,0,0,5.829124301080728e-05,-9.750734329223633,-0.0007339406292885542,base,no
3692,0,0,0.00048785702094346876,-7.6274285316467285,-0.002428322797641158,base,no
3693,0,0,1.0129991787497515e-05,-11.501127243041992,-0.0011273226700723171,base,no
3694,0,0,0.0011695102748467722,-6.75620698928833,-0.00620699767023325,base,no
3695,0,0,0.0009110511452334937,-7.002152919769287,-0.0021528657525777817,base,no
3696,0,0,3.535623935726693e-05,-10.252704620361328,-0.0027042983565479517,base,no
3697,0,0,1.147877050033012e-05,-11.385457038879395,-0.010457245633006096,base,no
3698,0,0,0.015906393140492556,-4.151973247528076,-0.026973338797688484,base,no
3699,0,0,0.0019267345630340465,-6.266637325286865,-0.016637273132801056,base,no
3700,0,0,7.484625790015054e-05,-9.51330280303955,-0.013303209096193314,base,no
3701,0,0,0.00029595716107989363,-8.126666069030762,-0.0016662298003211617,base,no
3702,0,0,0.09534947261117097,-2.446902275085449,-0.19690236449241638,base,no
3703,0,0,0.002472623303650189,-6.01850700378418,-0.018507063388824463,base,no
3704,0,0,7.484620179103372e-05,-9.506206512451172,-0.006206168793141842,base,no
3705,0,0,0.005911069425391183,-5.190959930419922,-0.06596002727746964,base,no
3706,0,0,4.006370756391862e-05,-10.13040542602539,-0.005405808798968792,base,no
3707,0,0,0.00029595697573812614,-8.13380241394043,-0.00880194827914238,base,no
3708,0,0,0.017986208448721334,-4.030139923095703,-0.03013983741402626,base,no
3709,0,0,4.5397887949561954e-05,-10.001917839050293,-0.0019182630348950624,base,no
3710,0,0,5.1442190339727656e-05,-9.877665519714355,-0.002665064763277769,base,no
3711,0,0,0.18242551936144574,-1.8092228174209595,-0.3092227876186371,base,no
3712,0,0,8.481107939692453e-05,-9.379505157470703,-0.004505601711571217,base,no
3713,0,0,0.00043055711900121543,-7.753942012786865,-0.003942100331187248,base,no
3714,0,0,0.00010889687220171027,-9.130342483520508,-0.005342136137187481,base,no
3715,0,0,0.0010322310996575984,-6.881749153137207,-0.0067492141388356686,base,no
3716,0,0,2.4300232516980528e-05,-10.629136085510254,-0.0041357469744980335,base,no
3717,0,0,0.0003353501996219772,-8.006884574890137,-0.006884781178086996,base,no
3718,0,0,1.0677024480564566e-06,-13.750274658203125,-0.00027426297310739756,base,no
3719,0,0,0.00010889694151346555,-9.129098892211914,-0.004099181387573481,base,no
3720,0,0,0.0006263342111582172,-7.382972240447998,-0.007972325198352337,base,no
3721,0,0,0.0002611902218201754,-8.264934539794922,-0.014934167265892029,base,no
3722,0,0,2.7535679933843335e-05,-10.521194458007812,-0.021194051951169968,base,no
3723,0,0,0.0109869404851608,-4.53269100189209,-0.032690804451704025,base,no
3724,0,0,0.00048785712914009577,-7.630043983459473,-0.005043996497988701,base,no
3725,0,0,0.00043055711539388117,-7.752201080322266,-0.0022011594846844673,base,no
3726,0,0,7.484619800976866e-05,-9.502455711364746,-0.0024553171824663877,base,no
3727,0,0,6.605216024797523e-05,-9.627442359924316,-0.0024425929877907038,base,no
3728,0,0,3.1201918898231494e-05,-10.376542091369629,-0.0015423318836838007,base,no
3729,0,0,0.000709670231343001,-7.265877723693848,-0.015877487137913704,base,no
3730,0,0,0.0019267342191709017,-6.257166862487793,-0.007166631519794464,base,no
3731,0,0,2.144495201582678e-05,-10.751799583435059,-0.0017997510731220245,base,no
3732,0,0,2.4300244681041353e-05,-10.632144927978516,-0.007145090028643608,base,no
3733,0,0,0.0019267344985597022,-6.2555131912231445,-0.005513105541467667,base,no
3734,0,0,5.829126107407263e-05,-9.75227165222168,-0.0022715735249221325,base,no
3735,0,0,0.004070137904655273,-5.515941619873047,-0.015941666439175606,base,no
3736,0,0,0.0006263343067626538,-7.38970947265625,-0.014709710143506527,base,no
3737,0,0,0.00020342700949852995,-8.524520874023438,-0.024521028622984886,base,no
3738,0,0,0.00010889694058812543,-9.126051902770996,-0.0010521834483370185,base,no
3739,0,0,0.0675466977093867,-2.7495405673980713,-0.12454067170619965,base,no
3740,0,0,4.785095763863058e-06,-12.252617835998535,-0.002618101192638278,base,no
3741,0,0,7.484619987426337e-05,-9.503012657165527,-0.0030122878961265087,base,no
3742,0,0,0.007577242668537808,-4.889469623565674,-0.014469809830188751,base,no
3743,0,0,9.610240133708943e-05,-9.253458976745605,-0.003458829363808036,base,no
3744,0,0,0.005220126346451193,-5.261145114898682,-0.011145240627229214,base,no
3745,0,0,6.962254217790711e-06,-11.875906944274902,-0.0009066523634828627,base,no
3746,0,0,3.12019027637008e-05,-10.376126289367676,-0.0011260127648711205,base,no
3747,0,0,0.05340332377362639,-2.9406232833862305,-0.06562316417694092,base,no
3748,0,0,2.7535684370237387e-05,-10.50308895111084,-0.00308870617300272,base,no
3749,0,0,5.4222214027615104e-06,-12.127301216125488,-0.0023016647901386023,base,no
3750,0,0,0.00010889693400933776,-9.127495765686035,-0.002495985943824053,base,no
3751,0,0,0.00033535013015426377,-8.01502799987793,-0.015027998946607113,base,no
3752,0,0,1.1478767261165015e-05,-11.377656936645508,-0.0026568612083792686,base,no
3753,0,0,0.0013250223432698723,-6.637756824493408,-0.012756768614053726,base,no
3754,0,0,0.000335350198217012,-8.005525588989258,-0.005525791086256504,base,no
3755,0,0,0.005911068254261041,-5.132845878601074,-0.007845776155591011,base,no
3756,0,0,0.00013982209960436076,-8.88420581817627,-0.00920598953962326,base,no
3757,0,0,0.000158436236658817,-8.753239631652832,-0.0032397424802184105,base,no
3758,0,0,6.605217179681759e-05,-9.632532119750977,-0.007532527670264244,base,no
3759,0,0,6.605212985346175e-05,-9.626753807067871,-0.0017535799415782094,base,no
3760,0,0,0.46879062662624377,-0.8711568117141724,-0.7461568117141724,base,no
3761,0,0,0.0024726235724127662,-6.012011528015137,-0.012011696584522724,base,no
3762,0,0,3.726638331699098e-06,-12.500865936279297,-0.000865680689457804,base,no
3763,0,0,3.1201913994669956e-05,-10.37755012512207,-0.0025502084754407406,base,no
3764,0,0,0.003172682718777697,-5.761628150939941,-0.011628111824393272,base,no
3765,0,0,6.605216072469173e-05,-9.632282257080078,-0.007282497361302376,base,no
3766,0,0,0.00029595714437467477,-8.12772274017334,-0.0027228444814682007,base,no
3767,0,0,0.00029595713858812493,-8.129661560058594,-0.00466164480894804,base,no
3768,0,0,1.300713024718635e-05,-11.25200366973877,-0.0020038066431879997,base,no
3769,0,0,0.0015011822120654355,-6.525773525238037,-0.02577349543571472,base,no
3770,0,0,0.00012339455199961204,-9.003506660461426,-0.0035064660478383303,base,no
3771,0,0,9.61024363515194e-05,-9.263317108154297,-0.01331732515245676,base,no
3772,0,0,0.00020342689982575418,-8.514145851135254,-0.01414546649903059,base,no
3773,0,0,0.0003799844932613288,-7.876920223236084,-0.0019201666582375765,base,no
3774,0,0,1.4738975615674646e-05,-11.12699031829834,-0.001989886863157153,base,no
3775,0,0,0.0003353500318067389,-8.006974220275879,-0.006973925977945328,base,no
3776,0,0,0.001169509987092629,-6.755231857299805,-0.005231619346886873,base,no
3777,0,0,0.0021827163936215927,-6.13121223449707,-0.00621221074834466,base,no
3778,0,0,4.0063702844110236e-05,-10.127836227416992,-0.0028364923782646656,base,no
3779,0,0,7.484620876110804e-05,-9.50455379486084,-0.004553544335067272,base,no
3780,0,0,0.0008040860912675871,-7.146042823791504,-0.021043017506599426,base,no
3781,0,0,0.00012339455920996073,-9.008362770080566,-0.008362634107470512,base,no
3782,0,0,0.008577485065237037,-4.7952094078063965,-0.0452093668282032,base,no
3783,0,0,0.0002611903784946163,-8.253686904907227,-0.0036871323827654123,base,no
3784,0,0,0.0005527785664329058,-7.514051914215088,-0.014051786623895168,base,no
3785,0,0,0.14804719427274565,-1.9562252759933472,-0.20622524619102478,base,no
3786,0,0,0.0008040858862439957,-7.133368015289307,-0.008367953822016716,base,no
3787,0,0,0.005911068358239876,-5.1376190185546875,-0.01261893380433321,base,no
3788,0,0,6.605212784664006e-05,-9.62978458404541,-0.004784326534718275,base,no
3789,0,0,0.00020342700168505303,-8.501382827758789,-0.0013829439412802458,base,no
3790,0,0,0.00012339461406320464,-9.001497268676758,-0.0014975772937759757,base,no
3791,0,0,1.1478769148005305e-05,-11.376484870910645,-0.001484959851950407,base,no
3792,0,0,2.9023123690343993e-06,-12.754676818847656,-0.004676951095461845,base,no
3793,0,0,0.005911068319931884,-5.146378993988037,-0.021378902718424797,base,no
3794,0,0,0.004070138467157579,-5.511485576629639,-0.01148576196283102,base,no
3795,0,0,0.005220124764999895,-5.269628047943115,-0.019627869129180908,base,no
3796,0,0,3.120190207357022e-05,-10.376036643981934,-0.0010363452602177858,base,no
3797,0,0,0.0003353500971375914,-8.003868103027344,-0.00386800360865891,base,no
3798,0,0,0.00010889694724296887,-9.13000202178955,-0.005002363584935665,base,no
3799,0,0,1.1478764890588495e-05,-11.378023147583008,-0.0030228656250983477,base,no
3800,0,0,0.24508501313237172,-1.5330878496170044,-0.4080878496170044,base,no
3801,0,0,0.0013250223894844273,-6.630003452301025,-0.005003431346267462,base,no
3802,0,0,0.001926734908688207,-6.261552333831787,-0.011552461422979832,base,no
3803,0,0,0.00048785721065656295,-7.627558708190918,-0.002558888401836157,base,no
3804,0,0,0.00015843615563618121,-8.750750541687012,-0.0007501410436816514,base,no
3805,0,0,0.00043055712621588397,-7.75848913192749,-0.008489236235618591,base,no
3806,0,0,3.120190635238002e-05,-10.38061237335205,-0.0056122117675840855,base,no
3807,0,0,0.0002959571092420525,-8.13056468963623,-0.005564675200730562,base,no
3808,0,1,0.6513548782017746,-0.6074618697166443,-1.232461929321289,base,yes
3809,0,0,8.481103761663443e-05,-9.394293785095215,-0.019293736666440964,base,no
3810,0,0,8.939695851050353e-06,-11.62602710723877,-0.0010270564816892147,base,no
3811,0,0,0.06754668879328725,-2.711512804031372,-0.08651276677846909,base,no
3812,0,0,5.829126813109742e-05,-9.752107620239258,-0.0021076626144349575,base,no
3813,0,0,0.0006263342933547137,-7.3795294761657715,-0.004529692232608795,base,no
3814,0,0,5.829128089481463e-05,-9.751363754272461,-0.001364015624858439,base,no
3815,0,0,0.015906388912772775,-4.158783912658691,-0.03378373384475708,base,no
3816,0,0,0.00020342690077284183,-8.507383346557617,-0.007382966578006744,base,no
3817,0,0,0.0011695102025002608,-6.752737045288086,-0.002736991737037897,base,no
3818,0,0,1.6701415929741615e-05,-11.0043363571167,-0.0043360027484595776,base,no
3819,0,0,0.014063626526702639,-4.2765960693359375,-0.026596032083034515,base,no
3820,0,0,0.0003799845763050106,-7.892031669616699,-0.017031831666827202,base,no
3821,0,0,0.00013982206458022344,-8.885818481445312,-0.010818402282893658,base,no
3822,0,0,0.0004878570201487402,-7.6377410888671875,-0.012740878388285637,base,no
3823,0,0,0.0021827168855028264,-6.134777545928955,-0.00977774802595377,base,no
3824,0,0,3.726640434286756e-06,-12.500312805175781,-0.0003131137927994132,base,no
3825,0,0,0.008577486055222723,-4.762885093688965,-0.012885169126093388,base,no
3826,0,0,0.022977367484739192,-3.787472724914551,-0.037472616881132126,base,no
3827,0,0,5.829127917805718e-05,-9.754310607910156,-0.004310839809477329,base,no
3828,0,0,0.005220125891844349,-5.260255813598633,-0.010255851782858372,base,no
3829,0,0,6.962258363132156e-06,-11.87672233581543,-0.0017226393101736903,base,no
3830,0,0,0.00013982205846076545,-8.884276390075684,-0.009276267141103745,base,no
3831,0,0,0.0011695100670545485,-6.771093845367432,-0.02109367586672306,base,no
3832,0,0,0.00017952799375337038,-8.634183883666992,-0.009184019640088081,base,no
3833,0,0,4.0063677381872916e-05,-10.125861167907715,-0.0008607972995378077,base,no
3834,0,0,5.144219594482456e-05,-9.88135814666748,-0.006357800681143999,base,no
3835,0,0,0.00048785703195613594,-7.628921031951904,-0.003920845687389374,base,no
3836,0,0,0.00017952800725222373,-8.626312255859375,-0.001312467036768794,base,no
3837,0,0,0.00012339455984194348,-9.002242088317871,-0.0022419574670493603,base,no
3838,0,0,0.0015011821939176166,-6.515465259552002,-0.015465217642486095,base,no
3839,0,0,0.0002959571544322497,-8.128339767456055,-0.003339905757457018,base,no
3840,0,0,0.008577485873065348,-4.776463985443115,-0.026464039459824562,base,no
3841,0,0,0.0028009273781201003,-5.885895729064941,-0.010895876213908195,base,no
3842,0,0,0.0013250224085864437,-6.6339111328125,-0.008911126293241978,base,no
3843,0,0,0.0008040858823156244,-7.128859519958496,-0.0038594536017626524,base,no
3844,0,0,0.003172682282856096,-5.7584943771362305,-0.008494200184941292,base,no
3845,0,0,0.00591106988508719,-5.14590311050415,-0.02090328559279442,base,no
3846,0,0,0.00010889692437566096,-9.128412246704102,-0.0034123784862458706,base,no
3847,0,0,0.00023050669430630617,-8.377928733825684,-0.0029286136850714684,base,no
3848,0,0,2.260324424208755e-06,-13.002989768981934,-0.0029898248612880707,base,no
3849,0,0,0.0007096704387283703,-7.259984493255615,-0.009984549134969711,base,no
3850,0,0,7.484623015924032e-05,-9.516214370727539,-0.016214406117796898,base,no
3851,0,0,0.0005527786533885804,-7.504016399383545,-0.00401642918586731,base,no
3852,0,0,0.00023050667249487858,-8.376363754272461,-0.0013635394861921668,base,no
3853,0,0,0.0005527786715257864,-7.501502513885498,-0.0015025765169411898,base,no
3854,0,0,0.00020342704151011124,-8.506937980651855,-0.006938292644917965,base,no
3855,0,0,5.144223352174537e-05,-9.87667465209961,-0.0016750366194173694,base,no
3856,0,0,0.004609571916571817,-5.381871223449707,-0.006871166173368692,base,no
3857,0,0,0.0015011820592049651,-6.506777763366699,-0.006777631584554911,base,no
3858,0,0,1.8925152782293943e-05,-10.876290321350098,-0.001290561049245298,base,no
3859,0,0,0.00020342693837222393,-8.503368377685547,-0.003368182573467493,base,no
3860,0,0,0.005220125108373072,-5.263118267059326,-0.013118154369294643,base,no
3861,0,0,5.8291251771015286e-05,-9.751195907592773,-0.0011956692906096578,base,no
3862,0,0,5.14422008073664e-05,-9.881671905517578,-0.006671654060482979,base,no
3863,0,0,0.006692852274028775,-5.0188469886779785,-0.018847191706299782,base,no
3864,0,0,0.3208212878370535,-1.2048814296722412,-0.45488137006759644,base,no
3865,0,0,7.484622076706261e-05,-9.502169609069824,-0.0021695189643651247,base,no
3866,0,0,0.0040701369268829925,-5.507887840270996,-0.007887645624577999,base,no
3867,0,0,0.00017952790502873397,-8.62816333770752,-0.003162979381158948,base,no
3868,0,0,0.0017007224019479237,-6.392814636230469,-0.017814630642533302,base,no
3869,0,0,0.00017952795965100847,-8.642489433288574,-0.01748937927186489,base,no
3870,0,0,0.0006263340980651829,-7.379898548126221,-0.004898452199995518,base,no
3871,0,0,0.0009110512711183613,-7.006175518035889,-0.006175602320581675,base,no
3872,0,0,0.02931222841944938,-3.5645556449890137,-0.0645555630326271,base,no
3873,0,0,0.0019267346310903012,-6.25541353225708,-0.005413515493273735,base,no
3874,0,0,0.0001088969118011788,-9.132264137268066,-0.007264153566211462,base,no
3875,0,0,0.0001233945497876725,-9.00808334350586,-0.008083131164312363,base,no
3876,0,0,4.539788615274026e-05,-10.002429008483887,-0.0024293928872793913,base,no
3877,0,0,1.0129994549358322e-05,-11.503620147705078,-0.0036204999778419733,base,no
3878,0,0,0.04208773182056191,-3.1968889236450195,-0.07188902050256729,base,no
3879,0,0,0.002472622936111669,-6.009550094604492,-0.009550005197525024,base,no
3880,0,0,0.000487857073282023,-7.629971981048584,-0.004971879534423351,base,no
3881,0,0,5.829127579882726e-05,-9.752740859985352,-0.002741033909842372,base,no
3882,0,0,0.008577484114850882,-4.779428482055664,-0.029428329318761826,base,no
3883,0,0,1.3007130665108197e-05,-11.254040718078613,-0.004040887113660574,base,no
3884,0,0,0.001700722558489439,-6.380099773406982,-0.005099860019981861,base,no
3885,0,0,0.000804085899712697,-7.1397528648376465,-0.014752820134162903,base,no
3886,0,0,0.0001088968710862325,-9.12748908996582,-0.00248873233795166,base,no
3887,0,0,0.0007096703365217198,-7.252958297729492,-0.0029582094866782427,base,no
3888,0,0,0.11920292515117029,-2.1482393741607666,-0.148239403963089,base,no
3889,0,0,3.5356263632632026e-05,-10.25694751739502,-0.006947882007807493,base,no
3890,0,0,0.3486451488696663,-1.2922837734222412,-0.667283833026886,base,no
3891,0,0,0.0003799844669951201,-7.8852949142456055,-0.010294788517057896,base,no
3892,0,0,0.26894141551050293,-1.3828229904174805,-0.3828229606151581,base,no
3893,0,0,1.1478764902615093e-05,-11.376411437988281,-0.0014111570781096816,base,no
3894,0,0,0.001325022362988082,-6.640745639801025,-0.015745598822832108,base,no
3895,0,0,5.829125768127254e-05,-9.756343841552734,-0.0063437046483159065,base,no
3896,0,0,5.8291289302176936e-05,-9.753921508789062,-0.003921914380043745,base,no
3897,0,0,0.0019267346570591359,-6.256915092468262,-0.006915089208632708,base,no
3898,0,0,0.0010322312653176073,-6.880166053771973,-0.005166275426745415,base,no
3899,0,0,5.829125359634151e-05,-9.752168655395508,-0.002168448409065604,base,no
3900,0,0,8.939697954582181e-06,-11.625328063964844,-0.00032824851223267615,base,no
3901,0,0,6.605213132782215e-05,-9.62541389465332,-0.00041368984966538846,base,no
3902,0,0,0.11920292358664389,-2.2160651683807373,-0.2160651832818985,base,no
3903,0,0,2.7535685870405477e-05,-10.504461288452148,-0.004461097996681929,base,no
3904,0,0,0.000430557035230906,-7.752065181732178,-0.0020650746300816536,base,no
3905,0,0,5.144220193018247e-05,-9.875835418701172,-0.0008351890719495714,base,no
3906,0,0,0.0015011823391001763,-6.5082106590271,-0.008210713975131512,base,no
3907,0,0,0.00048785717387197147,-7.630324363708496,-0.005324468482285738,base,no
3908,0,0,0.0006263341283787776,-7.38508939743042,-0.010089349932968616,base,no
3909,0,0,0.05340333243628599,-2.9692676067352295,-0.09426765888929367,base,no
3910,0,0,1.1478767739556505e-05,-11.377304077148438,-0.00230404338799417,base,no
3911,0,0,9.610244205674723e-05,-9.25340461730957,-0.0034048936795443296,base,no
3912,0,0,1.0129991315198166e-05,-11.500640869140625,-0.0006409021443687379,base,no
3913,0,0,4.53978831192826e-05,-10.004813194274902,-0.004813511855900288,base,no
3914,0,0,6.605216521505364e-05,-9.629347801208496,-0.0043481094762682915,base,no
3915,0,0,1.0129994101233973e-05,-11.50113582611084,-0.0011361341457813978,base,no
3916,0,0,0.0011695102068519305,-6.7532525062561035,-0.0032524564303457737,base,no
3917,0,0,0.14804719427274565,-1.9715546369552612,-0.22155460715293884,base,no
3918,0,0,0.012431651264807846,-4.398996829986572,-0.023996863514184952,base,no
3919,0,0,0.0001795280149837656,-8.626453399658203,-0.001453653909265995,base,no
3920,0,0,0.0024726233771578993,-6.040160179138184,-0.04016026854515076,base,no
3921,0,0,3.535626189573692e-05,-10.250748634338379,-0.0007489498239010572,base,no
3922,0,0,0.004609572743437929,-5.390659809112549,-0.015659932047128677,base,no
3923,0,0,0.00013982201302054287,-8.882328033447266,-0.007327585481107235,base,no
3924,0,0,1.8553903114948754e-07,-15.500216484069824,-0.00021610308613162488,base,no
3925,0,0,9.610239970382877e-05,-9.255240440368652,-0.005240275990217924,base,no
3926,0,0,9.61024320110718e-05,-9.254127502441406,-0.0041276742704212666,base,no
3927,0,0,2.1444956659256746e-05,-10.751602172851562,-0.0016025570221245289,base,no
3928,0,0,2.1444947978415175e-05,-10.750203132629395,-0.00020311199477873743,base,no
3929,0,0,0.0002959570041542045,-8.1267671585083,-0.0017667888896539807,base,no
3930,0,0,0.0009110510672442243,-7.002590656280518,-0.002590516582131386,base,no
3931,0,0,0.0075772401193058645,-4.89929723739624,-0.024297084659337997,base,no
3932,0,0,0.00029595711826631396,-8.128081321716309,-0.003081337781623006,base,no
3933,0,0,2.4300250746100926e-05,-10.635184288024902,-0.010184699669480324,base,no
3934,0,0,0.20181322226037882,-1.6917648315429688,-0.31676483154296875,base,no
3935,0,0,0.000123394615169175,-9.010514259338379,-0.01051457691937685,base,no
3936,0,0,4.006370360898033e-05,-10.12704849243164,-0.0020487764850258827,base,no
3937,0,0,0.00023050681369238542,-8.37857437133789,-0.0035747692454606295,base,no
3938,0,0,0.00020342695167880793,-8.502395629882812,-0.002395500196143985,base,no
3939,0,0,0.002472622963677056,-6.050795555114746,-0.050795476883649826,base,no
3940,0,0,0.002800927149209187,-5.900892734527588,-0.025892799720168114,base,no
3941,0,0,0.007577239783143473,-4.902863025665283,-0.027862828224897385,base,no
3942,0,0,6.60521678023942e-05,-9.625508308410645,-0.0005086558521725237,base,no
3943,0,0,5.829126259404713e-05,-9.75423812866211,-0.004238076042383909,base,no
3944,0,0,0.0004878571423098861,-7.629489421844482,-0.00448946189135313,base,no
3945,0,0,0.0035936017277175022,-5.64118766784668,-0.016187429428100586,base,no
3946,0,0,0.000295957137210375,-8.129788398742676,-0.004788478836417198,base,no
3947,0,0,0.005911067663223488,-5.1432061195373535,-0.01820591650903225,base,no
3948,0,0,0.005911068790572947,-5.1337504386901855,-0.008750427514314651,base,no
3949,0,0,2.382370105583709e-07,-15.25197982788086,-0.0019802500028163195,base,no
3950,0,0,0.0002305066727363335,-8.38001823425293,-0.005018020514398813,base,no
3951,0,0,9.610242319593656e-05,-9.252145767211914,-0.0021458473056554794,base,no
3952,0,0,9.610245680084736e-05,-9.25123405456543,-0.0012344843707978725,base,no
3953,0,0,0.00012339451815981405,-9.003517150878906,-0.0035166821908205748,base,no
3954,0,0,0.0001233945644956349,-9.001361846923828,-0.0013617537915706635,base,no
3955,0,0,1.6701429267427053e-05,-11.004836082458496,-0.004836526699364185,base,no
3956,0,0,0.00033535019509486734,-8.009190559387207,-0.009190752170979977,base,no
3957,0,0,4.006370274616955e-05,-10.126812934875488,-0.001813197392039001,base,no
3958,0,0,0.0002611903198860834,-8.252069473266602,-0.00206947629339993,base,no
3959,0,0,2.1444951294347695e-05,-10.750456809997559,-0.00045694399159401655,base,no
3960,0,0,0.004609571179443237,-5.394081115722656,-0.01908089779317379,base,no
3961,0,0,0.24508500761839525,-1.480695366859436,-0.35569533705711365,base,no
3962,0,0,0.0002611904003208264,-8.25853443145752,-0.008534742519259453,base,no
3963,0,0,0.00026119023878259576,-8.25325870513916,-0.0032583975698798895,base,no
3964,0,0,0.0001233945510229115,-9.003189086914062,-0.003188884584233165,base,no
3965,0,0,0.000626334188423018,-7.408036708831787,-0.03303675726056099,base,no
3966,0,0,0.0002034270443987305,-8.503594398498535,-0.0035947246942669153,base,no
3967,0,0,0.003172682307892133,-5.7563862800598145,-0.00638611102476716,base,no
3968,0,0,0.5,-0.758461058139801,-0.758461058139801,base,no
3969,0,0,0.0028009264260589225,-5.895614147186279,-0.020613953471183777,base,no
3970,0,0,6.60521558345034e-05,-9.630245208740234,-0.005245374981313944,base,no
3971,0,0,0.0009110511727840525,-7.0054802894592285,-0.005480265710502863,base,no
3972,0,0,0.00023050670278405716,-8.378674507141113,-0.003674423787742853,base,no
3973,0,0,0.001501181985915704,-6.506462097167969,-0.006461916491389275,base,no
3974,0,0,0.00010889690637589866,-9.14684009552002,-0.021840061992406845,base,no
3975,0,0,0.025957360023456458,-3.742238759994507,-0.11723887175321579,base,no
3976,0,0,0.0002611904377719321,-8.252544403076172,-0.0025448575615882874,base,no
3977,0,0,4.5397876735281806e-05,-10.015063285827637,-0.015063462778925896,base,no
3978,0,0,0.002182716386522276,-6.139361381530762,-0.014361354522407055,base,no
3979,0,0,6.962259168777061e-06,-11.876724243164062,-0.0017246623756363988,base,no
3980,0,0,0.0007096703545193358,-7.255152225494385,-0.005152162630110979,base,no
3981,0,0,5.829125300599436e-05,-9.751748085021973,-0.001747867907397449,base,no
3982,0,0,2.902313000011638e-06,-12.750125885009766,-0.0001262346631847322,base,no
3983,0,0,0.08509904616718289,-2.5330653190612793,-0.1580653339624405,base,no
3984,0,0,0.0010322311462344679,-6.897949695587158,-0.02294980175793171,base,no
3985,0,0,0.02033235156176603,-3.903751850128174,-0.028751760721206665,base,no
3986,0,0,1.473897798350271e-05,-11.128850936889648,-0.003850666107609868,base,no
3987,0,0,0.0008040860620853939,-7.1341166496276855,-0.009116807021200657,base,no
3988,0,0,0.002472623055561682,-6.036990165710449,-0.036990124732255936,base,no
3989,0,0,0.0005527787099869559,-7.516533374786377,-0.01653350703418255,base,no
3990,0,0,0.00020342697549806897,-8.5017671585083,-0.001767145935446024,base,no
3991,0,0,0.14804720179063335,-1.9512594938278198,-0.2012595236301422,base,no
3992,0,0,0.0006263341033117666,-7.393425464630127,-0.01842537708580494,base,no
3993,0,0,0.01798621364681958,-4.043964385986328,-0.04396459460258484,base,no
3994,0,0,6.962256552862986e-06,-11.875792503356934,-0.0007925468380562961,base,no
3995,0,0,6.962256819114768e-06,-11.87612533569336,-0.0011254174169152975,base,no
3996,0,0,0.000709670285500958,-7.264354228973389,-0.014354068785905838,base,no
3997,0,0,7.484621862376435e-05,-9.50441837310791,-0.004418254364281893,base,no
3998,0,0,5.829125552345179e-05,-9.752364158630371,-0.0023639847058802843,base,no
3999,0,0,0.0001398220120928594,-8.876529693603516,-0.0015292390016838908,base,no
4000,0,0,0.00010889688771699331,-9.129517555236816,-0.004517350345849991,base,no
4001,0,0,0.002472623000430906,-6.006625652313232,-0.006625588983297348,base,no
4002,0,0,0.0005527785551132331,-7.50560998916626,-0.005609841085970402,base,no
4003,0,0,0.00026119044044701134,-8.255690574645996,-0.005691039375960827,base,no
4004,0,0,0.0003799845892170224,-7.880461692810059,-0.00546188885346055,base,no
4005,0,0,0.00017952804532484664,-8.6308012008667,-0.0058016241528093815,base,no
4006,0,0,0.0003353502900080799,-8.013940811157227,-0.013941287063062191,base,no
4007,0,0,0.00017952794410434564,-8.62950325012207,-0.0045031094923615456,base,no
4008,0,0,1.012999475867957e-05,-11.500667572021484,-0.0006679449579678476,base,no
4009,0,0,0.13296423504419938,-2.1157171726226807,-0.24071712791919708,base,no
4010,0,0,0.1480471961522176,-1.985170602798462,-0.23517058789730072,base,no
4011,0,0,0.000709670539118762,-7.272515296936035,-0.022515494376420975,base,no
4012,0,0,6.605214273249117e-05,-9.632055282592773,-0.007055250462144613,base,no
4013,0,0,0.0003353500883175353,-8.006285667419434,-0.006285541690886021,base,no
4014,0,0,0.00026119021719958797,-8.258644104003906,-0.008643713779747486,base,no
4015,0,0,0.00010889687197354436,-9.126755714416504,-0.0017553649377077818,base,no
4016,0,0,5.829124346204956e-05,-9.750534057617188,-0.0005336767644621432,base,no
4017,0,0,0.00010889689025217047,-9.130844116210938,-0.00584393460303545,base,no
4018,0,0,0.002800927111490913,-5.88100528717041,-0.006005338858813047,base,no
4019,0,0,0.025957356350099027,-3.6585986614227295,-0.033598627895116806,base,no
4020,0,0,6.144173957754977e-06,-12.001370429992676,-0.0013703251024708152,base,no
4021,0,0,0.13296425394084313,-2.0560526847839355,-0.1810528039932251,base,no
4022,0,0,0.0001233946280386488,-9.008493423461914,-0.008493845351040363,base,no
4023,0,0,0.0007096703565007247,-7.2544050216674805,-0.004404961597174406,base,no
4024,0,0,0.0002034270296241537,-8.50136947631836,-0.001369729870930314,base,no
4025,0,0,9.610240292560322e-05,-9.254447937011719,-0.0044478061608970165,base,no
4026,0,0,0.0003799844464774095,-7.877782821655273,-0.0027826419100165367,base,no
4027,0,0,0.007577240063278798,-4.891233921051025,-0.016233760863542557,base,no
4028,0,0,0.00048785719317252844,-7.631009578704834,-0.00600972305983305,base,no
4029,0,0,0.00026119025306994,-8.25661849975586,-0.006618246901780367,base,no
4030,0,0,0.001700722302330603,-6.382810592651367,-0.007810528390109539,base,no
4031,0,0,1.6701427385374004e-05,-11.007121086120605,-0.007121417671442032,base,no
4032,0,0,0.0011695104010452089,-6.758883953094482,-0.008884069509804249,base,no
4033,0,0,0.0011695101693187794,-6.774016380310059,-0.024016298353672028,base,no
4034,0,0,0.00017952804323524032,-8.627607345581055,-0.0026077572256326675,base,no
4035,0,0,0.0007096702828591064,-7.255396842956543,-0.005396679043769836,base,no
4036,0,0,4.0063684827692634e-05,-10.126508712768555,-0.0015085280174389482,base,no
4037,0,0,0.0003353499991803441,-8.003284454345703,-0.003284062724560499,base,no
4038,0,0,1.4738984095246182e-05,-11.127618789672852,-0.0026189335621893406,base,no
4039,0,0,0.005911067980632537,-5.171371936798096,-0.046371787786483765,base,no
4040,0,0,5.422219789347515e-06,-12.126266479492188,-0.0012666305992752314,base,no
4041,0,0,9.610238690622584e-05,-9.255741119384766,-0.005740821827203035,base,no
4042,0,0,2.4300250316115306e-05,-10.635529518127441,-0.010529912076890469,base,no
4043,0,0,2.4300229914438075e-05,-10.627327919006348,-0.0023274733684957027,base,no
4044,0,0,2.4300251467458393e-05,-10.626640319824219,-0.001640761154703796,base,no
4045,0,0,0.0001584362422465865,-8.751602172851562,-0.0016023189527913928,base,no
4046,0,0,9.610237630122049e-05,-9.267030715942383,-0.01703030802309513,base,no
4047,0,0,0.00037998446522635184,-7.88369607925415,-0.008695948868989944,base,no
4048,0,0,0.01243165277408872,-4.400884628295898,-0.025884784758090973,base,no
4049,0,0,0.0035936023663270355,-5.631141185760498,-0.006141125690191984,base,no
4050,0,0,0.01406362384068019,-4.284645080566406,-0.034644849598407745,base,no
4051,0,0,6.605212929985576e-05,-9.626951217651367,-0.0019509821431711316,base,no
4052,0,0,3.120191286503477e-05,-10.37686538696289,-0.001865434111095965,base,no
4053,0,0,0.00010889694404864397,-9.12806224822998,-0.0030625606887042522,base,no
4054,0,0,0.0002034269108119709,-8.514836311340332,-0.014835980720818043,base,no
4055,0,0,0.02297737133174536,-3.789188861846924,-0.0391889251768589,base,no
4056,0,0,0.006692850441349023,-5.0136027336120605,-0.013602660968899727,base,no
4057,0,0,0.0001584362636571507,-8.758110046386719,-0.008110327646136284,base,no
4058,0,0,7.484624355921388e-05,-9.502449989318848,-0.0024502037558704615,base,no
4059,0,0,0.000552778711530548,-7.508471488952637,-0.008471623994410038,base,no
4060,0,0,7.484625230666216e-05,-9.50170612335205,-0.0017064546700567007,base,no
4061,0,0,0.001501182324442321,-6.504540920257568,-0.004540965426713228,base,no
4062,0,0,0.0006263342292297864,-7.385499954223633,-0.010500067844986916,base,no
4063,0,0,0.0035936020078386416,-5.65936803817749,-0.0343678779900074,base,no
4064,0,0,0.00012339452358911884,-9.009385108947754,-0.009384684264659882,base,no
4065,0,0,2.144495322286883e-05,-10.750516891479492,-0.0005171154043637216,base,no
4066,0,0,0.0019267350501736068,-6.269626617431641,-0.019626818597316742,base,no
4067,0,0,2.753567827981221e-05,-10.504443168640137,-0.004442702513188124,base,no
4068,0,0,0.0001795280256825484,-8.633164405822754,-0.008164719678461552,base,no
4069,0,0,8.481101988568579e-05,-9.379931449890137,-0.004931192379444838,base,no
4070,0,0,0.0003353500062051657,-8.014799118041992,-0.01479874737560749,base,no
4071,0,0,0.00043055701438853494,-7.754837512969971,-0.004837357439100742,base,no
4072,0,0,0.009708477358960417,-4.653133869171143,-0.02813396044075489,base,no
4073,0,0,1.6701426337412735e-05,-11.00064468383789,-0.0006449526408687234,base,no
4074,0,0,0.003593602181246977,-5.645512580871582,-0.020512469112873077,base,no
4075,0,0,7.484621557435633e-05,-9.502408027648926,-0.0024078681599348783,base,no
4076,0,0,0.04742587452393617,-3.105128765106201,-0.10512879490852356,base,no
4077,0,0,2.144494467371726e-05,-10.751031875610352,-0.0010317008709535003,base,no
4078,0,0,1.6701420893459166e-05,-11.000910758972168,-0.0009107018122449517,base,no
4079,0,0,0.00026119024887493245,-8.25088119506836,-0.0008809261489659548,base,no
4080,0,0,0.0004305570422451658,-7.756048679351807,-0.006048588547855616,base,no
4081,0,0,0.014063629445169909,-4.2669196128845215,-0.016919786110520363,base,no
4082,0,0,0.00012339460781519054,-9.004493713378906,-0.0044939713552594185,base,no
4083,0,0,4.539787157734804e-05,-10.00801944732666,-0.00801951065659523,base,no
4084,0,0,5.1442211849889214e-05,-9.87735652923584,-0.0023564924485981464,base,no
4085,0,0,0.00033535016418563616,-8.032670974731445,-0.03267107531428337,base,no
4086,0,0,0.0006263341014171669,-7.378803730010986,-0.0038036394398659468,base,no
4087,0,0,0.003593602781506663,-5.665259838104248,-0.040259893983602524,base,no
4088,0,0,0.00048785721962564576,-7.628249168395996,-0.0032493670005351305,base,no
4089,0,0,0.46879062662624377,-0.9946827292442322,-0.8696827292442322,base,no
4090,0,0,0.02931222852544515,-3.552769422531128,-0.05276934430003166,base,no
4091,0,0,1.6701424161775363e-05,-11.003231048583984,-0.003231187118217349,base,no
4092,0,0,0.00017952796207495065,-8.62781810760498,-0.002818067092448473,base,no
4093,0,0,8.481104045990494e-05,-9.381153106689453,-0.006153091788291931,base,no
4094,0,0,0.00757724013331263,-4.892889022827148,-0.01788887195289135,base,no
4095,0,0,0.00012339453347102878,-9.017075538635254,-0.0170751940459013,base,no
4096,0,0,4.5397883542064143e-05,-10.003424644470215,-0.0034249713644385338,base,no
4097,0,0,0.017986208251325228,-4.036912441253662,-0.03691234439611435,base,no
4098,0,0,0.00043055713022403325,-7.756170749664307,-0.006170863285660744,base,no
4099,0,0,0.06754668363133542,-2.7441844940185547,-0.11918437480926514,base,no
4100,0,0,0.0005527787503776182,-7.505979537963867,-0.00597974332049489,base,no
4101,0,0,0.017986209238305784,-4.033346652984619,-0.03334661200642586,base,no
4102,0,0,0.00017952800395064654,-8.628664016723633,-0.003664209507405758,base,no
4103,0,0,0.00048785721724145916,-7.633713245391846,-0.008713439106941223,base,no
4104,0,0,0.00020342695494626108,-8.522074699401855,-0.022074585780501366,base,no
4105,0,0,1.670141569642943e-05,-11.00611400604248,-0.006113637704402208,base,no
4106,0,0,0.00037998447407019297,-7.881148815155029,-0.006148708052933216,base,no
4107,0,0,0.0009110510638533865,-7.008162498474121,-0.008162355050444603,base,no
4108,0,0,0.0004305570542696113,-7.756024360656738,-0.006024297792464495,base,no
4109,0,0,1.4738979754226556e-05,-11.126638412475586,-0.0016382618341594934,base,no
4110,0,0,5.8291282828711414e-05,-9.75231647491455,-0.0023167694453150034,base,no
4111,0,0,5.144223744112459e-05,-9.875864028930664,-0.0008644896443001926,base,no
4112,0,0,4.006367583114647e-05,-10.127556800842285,-0.0025563915260136127,base,no
4113,0,0,0.004070138289723957,-5.516417980194092,-0.01641812175512314,base,no
4114,0,0,0.00023050675375788307,-8.384299278259277,-0.009299416095018387,base,no
4115,0,0,0.0001795279464447034,-8.63143539428711,-0.006435266695916653,base,no
4116,0,0,0.00023050674721177008,-8.380563735961914,-0.00556384539231658,base,no
4117,0,0,3.535624606612337e-05,-10.257477760314941,-0.007477628067135811,base,no
4118,0,0,0.08509904500702024,-2.689056396484375,-0.314056396484375,base,no
4119,0,0,0.0005527787454895762,-7.511307716369629,-0.01130791287869215,base,no
4120,0,0,0.0001233946095387806,-9.008384704589844,-0.008384976536035538,base,no
4121,0,0,0.00015843617956399524,-8.772388458251953,-0.022388208657503128,base,no
4122,0,0,6.605214997550466e-05,-9.627358436584473,-0.002358514117076993,base,no
4123,0,0,9.610244324253973e-05,-9.252869606018066,-0.002869894728064537,base,no
4124,0,0,0.0008040858454637619,-7.129307746887207,-0.00430763466283679,base,no
4125,0,0,0.0007096705075816473,-7.251807689666748,-0.0018078426364809275,base,no
4126,0,0,0.0008040860246723272,-7.137094974517822,-0.012095085345208645,base,no
4127,0,0,5.144222461706063e-05,-9.878423690795898,-0.003423902206122875,base,no
4128,0,0,0.010986941234038093,-4.519407749176025,-0.019407620653510094,base,no
4129,0,0,7.484625636673312e-05,-9.50435733795166,-0.004357723519206047,base,no
4130,0,0,8.48110774224302e-05,-9.37897777557373,-0.003978196531534195,base,no
4131,0,0,0.0028009274067339663,-5.887227535247803,-0.012227692641317844,base,no
4132,0,0,0.22270013366638422,-1.5744967460632324,-0.32449671626091003,base,no
4133,0,0,2.7535688462042217e-05,-10.500818252563477,-0.0008181562297977507,base,no
4134,0,0,4.539786648283207e-05,-10.00617790222168,-0.00617785332724452,base,no
4135,0,0,5.829123822017511e-05,-9.755045890808105,-0.005045420024544001,base,no
4136,0,0,0.01243165016714914,-4.394705772399902,-0.019705716520547867,base,no
4137,0,0,0.00020342694869548118,-8.51068115234375,-0.010681007988750935,base,no
4138,0,0,0.009708477842473338,-4.749093532562256,-0.1240936741232872,base,no
4139,0,0,0.02033235445571678,-3.9158987998962402,-0.04089885577559471,base,no
4140,0,0,0.0009110511774464548,-7.015394687652588,-0.015394669026136398,base,no
4141,0,0,0.010986944978425318,-4.53734827041626,-0.037348486483097076,base,no
4142,0,0,0.0017007224098540604,-6.379878997802734,-0.0048789968714118,base,no
4143,0,0,0.012431653300050275,-4.395508766174316,-0.020508965477347374,base,no
4144,0,0,0.0009110510358789766,-7.008969783782959,-0.008969609625637531,base,no
4145,0,0,0.005220125916025563,-5.265874862670898,-0.01587490551173687,base,no
4146,0,0,0.00017952804774878995,-8.630006790161133,-0.005007226951420307,base,no
4147,0,0,0.00026119025732574476,-8.258289337158203,-0.008289100602269173,base,no
4148,0,0,0.00116951054138659,-6.7686309814453125,-0.018631218001246452,base,no
4149,0,0,3.1201912193065314e-05,-10.379358291625977,-0.004358317237347364,base,no
4150,0,0,0.00015843627184517088,-8.753244400024414,-0.0032447329722344875,base,no
4151,0,0,0.00012339455133890281,-9.002052307128906,-0.002052107360213995,base,no
4152,0,0,0.0004305571639926922,-7.753062725067139,-0.0030629171524196863,base,no
4153,0,0,0.0002305068005464995,-8.380456924438477,-0.005457265302538872,base,no
4154,0,0,6.605212421744548e-05,-9.630154609680176,-0.005154297221451998,base,no
4155,0,0,0.0007096703330542893,-7.257180690765381,-0.007180597633123398,base,no
4156,0,0,0.0007096703601332711,-7.258063793182373,-0.008063738234341145,base,no
4157,0,0,0.00048785718863122085,-7.627120018005371,-0.002120153047144413,base,no
4158,0,0,6.605214557741145e-05,-9.628196716308594,-0.0031967272516340017,base,no
4159,0,0,0.001926734931970614,-6.277485370635986,-0.02748551033437252,base,no
4160,0,0,6.605217385746342e-05,-9.626971244812012,-0.00197168393060565,base,no
4161,0,0,0.0004878571899936131,-7.673713684082031,-0.04871382191777229,base,no
4162,0,0,9.610243546776846e-05,-9.251906394958496,-0.0019066027598455548,base,no
4163,0,0,9.61023770507303e-05,-9.25123119354248,-0.0012307934230193496,base,no
4164,0,0,0.00015843615761863963,-8.751843452453613,-0.0018430643249303102,base,no
4165,0,0,7.484619377109274e-05,-9.50094985961914,-0.0009494088008068502,base,no
4166,0,0,0.006692851357688838,-5.026534557342529,-0.02653462253510952,base,no
4167,0,0,0.0028009264546727786,-5.8861517906188965,-0.011151607148349285,base,no
4168,0,0,0.0001795279820515788,-8.632944107055664,-0.007944177836179733,base,no
4169,0,0,3.5356257458834645e-05,-10.254961013793945,-0.004961203783750534,base,no
4170,0,0,8.481101778778703e-05,-9.375571250915527,-0.0005709686665795743,base,no
4171,0,0,0.004070137232672753,-5.518362998962402,-0.018362879753112793,base,no
4172,0,0,2.7535702734480192e-05,-10.501578330993652,-0.0015787529991939664,base,no
4173,0,0,2.144494971970096e-05,-10.75034236907959,-0.0003424296446610242,base,no
4174,0,0,0.020332351487562173,-3.9107131958007812,-0.03571310266852379,base,no
4175,0,0,0.00017952801015677593,-8.62610149383545,-0.0011017211945727468,base,no
4176,0,0,0.002182716627899032,-6.154348373413086,-0.029348457232117653,base,no
4177,0,0,0.0075772409246949845,-4.890172004699707,-0.015171959064900875,base,no
4178,0,0,0.020332355494570995,-3.907440185546875,-0.032440293580293655,base,no
4179,0,0,0.007577242010219586,-4.8976969718933105,-0.022697070613503456,base,no
4180,0,0,0.00023050671469583442,-8.383321762084961,-0.0083217304199934,base,no
4181,0,0,0.0002959571815739264,-8.129655838012695,-0.0046560680493712425,base,no
4182,0,0,0.000626334204454248,-7.381215572357178,-0.006215646397322416,base,no
4183,0,0,0.009708476418796474,-4.639637470245361,-0.014637463726103306,base,no
4184,0,0,0.0010322309901779551,-6.88119649887085,-0.0061964537017047405,base,no
4185,0,0,0.0009110511804134383,-7.004857540130615,-0.004857524763792753,base,no
4186,0,0,0.00023050661280186782,-8.377886772155762,-0.002886298345401883,base,no
4187,0,0,0.00012339459934087308,-9.002508163452148,-0.002508352743461728,base,no
4188,0,0,0.017986210093688976,-4.032276630401611,-0.032276637852191925,base,no
4189,0,0,0.0008040858166557082,-7.128941535949707,-0.003941387869417667,base,no
4190,0,0,0.0031726831311360234,-5.776776313781738,-0.026776405051350594,base,no
4191,0,0,0.22270013882530884,-1.8088438510894775,-0.5588438510894775,base,no
4192,0,0,0.00017952801701068337,-8.626066207885742,-0.0010664734290912747,base,no
4193,0,0,4.006367336397579e-05,-10.126287460327148,-0.0012869894271716475,base,no
4194,0,0,6.962254356792736e-06,-11.877029418945312,-0.0020291469991207123,base,no
4195,0,0,4.539788155499094e-05,-10.00954818725586,-0.009548470377922058,base,no
4196,0,0,0.0007096705269001939,-7.25426721572876,-0.004267395939677954,base,no
4197,0,0,0.0028009274925755645,-5.889362812042236,-0.0143630001693964,base,no
4198,0,0,5.144220459200519e-05,-9.883210182189941,-0.008210004307329655,base,no
4199,0,0,0.009708477663394475,-4.640354633331299,-0.015354756265878677,base,no
4200,0,0,9.610246029110509e-05,-9.253050804138184,-0.003051270265132189,base,no
4201,0,0,0.0024726236976056006,-6.004784107208252,-0.004784326534718275,base,no
4202,0,0,0.0028009267460138727,-5.88921594619751,-0.014215867035090923,base,no
4203,0,0,0.0001795280223391787,-8.628602981567383,-0.0036032767966389656,base,no
4204,0,0,6.6052137611635e-05,-9.627232551574707,-0.0022324419114738703,base,no
4205,0,0,2.1444940407256265e-05,-10.752723693847656,-0.0027233201544731855,base,no
4206,0,0,0.0001584362910980848,-8.75739860534668,-0.0073990598320961,base,no
4207,0,0,8.481105380748165e-05,-9.37951946258545,-0.004519605077803135,base,no
4208,0,0,5.422220918611016e-06,-12.125687599182129,-0.000687958556227386,base,no
4209,0,0,0.00020342703819530228,-8.507452011108398,-0.007452306803315878,base,no
4210,0,0,0.0003353500695846736,-8.015481948852539,-0.015481767244637012,base,no
4211,0,0,0.004070137104316555,-5.529789447784424,-0.02978929691016674,base,no
4212,0,0,0.02033235319425102,-3.9156627655029297,-0.04066275805234909,base,no
4213,0,0,0.00029595722469750904,-8.131485939025879,-0.006486314814537764,base,no
4214,0,0,7.48462419038204e-05,-9.505194664001465,-0.005194856319576502,base,no
4215,0,0,0.00012339458148735534,-9.001049995422363,-0.001050040009431541,base,no
4216,0,0,0.0017007222825652624,-6.379462242126465,-0.004462166223675013,base,no
4217,0,0,2.430023117044766e-05,-10.630504608154297,-0.005504214204847813,base,no
4218,0,0,0.0024726229246260912,-6.008512496948242,-0.008512402884662151,base,no
4219,0,0,0.00857748638785794,-4.763753414154053,-0.013753528706729412,base,no
4220,0,0,2.4300251306213782e-05,-10.626410484313965,-0.0014109190087765455,base,no
4221,0,0,1.473898499433499e-05,-11.12831974029541,-0.0033199451863765717,base,no
4222,0,0,1.670141411962799e-05,-11.001184463500977,-0.0011840007500723004,base,no
4223,0,0,5.829125606629978e-05,-9.752690315246582,-0.002690150635316968,base,no
4224,0,0,0.0002305067689963764,-8.379584312438965,-0.0045845163986086845,base,no
4225,0,0,4.0063684720424314e-05,-10.127991676330566,-0.002991488901898265,base,no
4226,0,0,0.00010889687582701315,-9.128072738647461,-0.0030724245589226484,base,no
4227,0,0,6.605216365419151e-05,-9.626346588134766,-0.0013468727702274919,base,no
4228,0,0,0.0008040858129144025,-7.168848037719727,-0.043847884982824326,base,no
4229,0,0,1.892514276463694e-05,-10.882387161254883,-0.007386871613562107,base,no
4230,0,0,0.06754669020109236,-2.7318615913391113,-0.10686157643795013,base,no
4231,0,0,2.75356943008388e-05,-10.50201416015625,-0.002014275873079896,base,no
4232,0,0,0.0006263342554627103,-7.389373302459717,-0.014373457990586758,base,no
4233,0,0,8.939692377166836e-06,-11.626439094543457,-0.0014386551920324564,base,no
4234,0,0,1.4738986916051715e-05,-11.132759094238281,-0.007759429514408112,base,no
4235,0,0,0.0002611904292603167,-8.264991760253906,-0.01499218214303255,base,no
4236,0,0,0.0008040859287078192,-7.127676486968994,-0.0026764783542603254,base,no
4237,0,0,0.012431653185710805,-4.41522741317749,-0.040227603167295456,base,no
4238,0,0,1.3007132948536482e-05,-11.257984161376953,-0.007984505966305733,base,no
4239,0,0,0.0003353502538692466,-8.003745079040527,-0.0037454471457749605,base,no
4240,0,0,5.829127860806657e-05,-9.757169723510742,-0.007169945631176233,base,no
4241,0,0,0.004609571282000249,-5.389414310455322,-0.014414114877581596,base,no
4242,0,0,0.10669059536584675,-2.2710678577423096,-0.14606787264347076,base,no
4243,0,0,0.11920292358664389,-2.15863299369812,-0.1586330085992813,base,no
4244,0,0,0.0004878570217381973,-7.63191032409668,-0.0069101168774068356,base,no
4245,0,0,0.004070138033011497,-5.509047031402588,-0.009047109633684158,base,no
4246,0,0,2.1444939401180454e-05,-10.751148223876953,-0.0011478032683953643,base,no
4247,0,0,5.829126500972096e-05,-9.75844669342041,-0.00844668224453926,base,no
4248,0,0,1.4738975361733686e-05,-11.127707481384277,-0.0027070327196270227,base,no
4249,0,0,0.0008040858697822497,-7.132212162017822,-0.0072120800614356995,base,no
4250,0,0,0.010986941011398892,-4.516861915588379,-0.016861766576766968,base,no
4251,0,0,0.0004878571563879383,-7.629864692687988,-0.004864761605858803,base,no
4252,0,0,0.014063628541219805,-4.284397602081299,-0.034397710114717484,base,no
4253,0,0,0.00023050666221963113,-8.377853393554688,-0.0028531341813504696,base,no
4254,0,0,0.00029595717068970045,-8.128945350646973,-0.003945543896406889,base,no
4255,0,0,0.000804086100433789,-7.128058433532715,-0.003058638656511903,base,no
4256,0,0,1.4738978326666227e-05,-11.128418922424316,-0.003418674925342202,base,no
4257,0,0,0.24508501313237172,-1.4466958045959473,-0.32169580459594727,base,no
4258,0,0,8.481102580916488e-05,-9.376510620117188,-0.001510432455688715,base,no
4259,0,0,0.00043055712320977206,-7.75170373916626,-0.001703836489468813,base,no
4260,0,0,0.0002959570258882008,-8.133064270019531,-0.008063973858952522,base,no
4261,0,0,0.06754669301670263,-2.7202060222625732,-0.09520605206489563,base,no
4262,0,0,2.4300243170434392e-05,-10.62610912322998,-0.0011092231143265963,base,no
4263,0,0,0.0008040860755540983,-7.137197017669678,-0.012197191826999187,base,no
4264,0,0,0.00591106937066547,-5.141635894775391,-0.01663598231971264,base,no
4265,0,0,0.0013250221867565912,-6.632274150848389,-0.007273976691067219,base,no
4266,0,0,0.00015843617853127256,-8.754057884216309,-0.0040576281026005745,base,no
4267,0,0,0.00460957298273771,-5.391821384429932,-0.01682155951857567,base,no
4268,0,0,4.0063706332664205e-05,-10.134134292602539,-0.009134644642472267,base,no
4269,0,0,0.005220125625851001,-5.265539646148682,-0.015539633110165596,base,no
4270,0,0,0.0005527787030407914,-7.504927158355713,-0.004927278030663729,base,no
4271,0,0,0.0005527787285100618,-7.519574165344238,-0.019574331119656563,base,no
4272,0,0,8.481100302351756e-05,-9.399392127990723,-0.024391671642661095,base,no
4273,0,0,0.004609572213559887,-5.411760330200195,-0.03676033765077591,base,no
4274,0,0,5.422217811401081e-06,-12.125434875488281,-0.00043466180795803666,base,no
4275,0,0,0.008577487385763666,-4.765145778656006,-0.015146010555326939,base,no
4276,0,0,4.539787286683143e-05,-10.004260063171387,-0.004260154906660318,base,no
4277,0,0,0.0004305571254142542,-7.770124435424805,-0.020124537870287895,base,no
4278,0,0,1.300713192190223e-05,-11.252328872680664,-0.0023291383404284716,base,no
4279,0,0,0.00015843619505483632,-8.75683307647705,-0.006832924671471119,base,no
4280,0,0,0.0005527787120450787,-7.510000228881836,-0.010000364854931831,base,no
4281,0,0,0.0004878571772779521,-7.635942459106445,-0.010942570865154266,base,no
4282,0,0,0.008577487298644907,-4.7681565284729,-0.01815675012767315,base,no
4283,0,0,0.0028009267043937144,-5.883800506591797,-0.008800412528216839,base,no
4284,0,0,0.000552778591130374,-7.508580684661865,-0.008580601774156094,base,no
4285,0,0,0.006692851085263475,-5.018981456756592,-0.018981480970978737,base,no
4286,0,0,0.00043055714174746254,-7.753193378448486,-0.0031935188453644514,base,no
4287,0,0,0.24508501313237172,-1.5620189905166626,-0.4370189905166626,base,no
4288,0,0,0.0007096702660173023,-7.257060527801514,-0.007060340140014887,base,no
4289,0,0,2.144495533862522e-05,-10.750555038452148,-0.0005553610390052199,base,no
4290,0,0,0.0001233945548435344,-9.001238822937012,-0.0012386515736579895,base,no
4291,0,0,0.000295957059849726,-8.126147270202637,-0.0011470888275653124,base,no
4292,0,0,4.53978881503832e-05,-10.005462646484375,-0.005463074892759323,base,no
4293,0,0,1.892514924185463e-05,-10.877697944641113,-0.002697997260838747,base,no
4294,0,0,0.0009110510918277977,-7.0023884773254395,-0.0023883646354079247,base,no
4295,0,0,3.120190965047829e-05,-10.376856803894043,-0.0018567480146884918,base,no
4296,0,0,0.0013250223038334533,-6.633227825164795,-0.008227739483118057,base,no
4297,0,0,0.00020342705912595395,-8.50256633758545,-0.002566736191511154,base,no
4298,0,0,0.00043055715948352386,-7.752737998962402,-0.0027381805703043938,base,no
4299,0,0,0.0005527786106825374,-7.507091045379639,-0.0070909978821873665,base,no
4300,0,0,0.00023050670493032332,-8.377700805664062,-0.002700731623917818,base,no
4301,0,0,0.002800927185626831,-5.9194159507751465,-0.04441602900624275,base,no
4302,0,0,6.605216876736075e-05,-9.62723445892334,-0.0022348209749907255,base,no
4303,0,0,0.37754066879814546,-1.0651814937591553,-0.5651814937591553,base,no
4304,0,0,2.7535704116046176e-05,-10.506170272827148,-0.0061707450076937675,base,no
4305,0,0,0.1192029188930649,-2.2541515827178955,-0.2541515529155731,base,no
4306,0,0,0.00017952790661683355,-8.627884864807129,-0.002884515328332782,base,no
4307,0,0,0.0001584362308313084,-8.752777099609375,-0.002777173649519682,base,no
4308,0,0,0.02931222947940706,-3.67669415473938,-0.1766941100358963,base,no
4309,0,0,0.0001398220829385992,-8.878146171569824,-0.003146223723888397,base,no
4310,0,0,0.0031726826687056187,-5.764721393585205,-0.014721338637173176,base,no
4311,0,0,0.0046095726280612525,-5.385376453399658,-0.010376551188528538,base,no
4312,0,0,0.0015011819426401418,-6.5090789794921875,-0.009078769944608212,base,no
4313,0,0,6.605217573357389e-05,-9.63824462890625,-0.013245096430182457,base,no
4314,0,0,5.829124487006124e-05,-9.757878303527832,-0.007877946831285954,base,no
4315,0,0,4.006368282690536e-05,-10.133130073547363,-0.008129838854074478,base,no
4316,0,0,2.7535698964824885e-05,-10.501155853271484,-0.0011561383726075292,base,no
4317,0,0,2.7535683389358296e-05,-10.502644538879395,-0.0026442583184689283,base,no
4318,0,0,0.01798620739594212,-4.035789966583252,-0.03578982129693031,base,no
4319,0,0,0.10669058400428263,-2.26464581489563,-0.13964571058750153,base,no
4320,0,0,2.4300231040320537e-05,-10.626974105834961,-0.001973706530407071,base,no
4321,0,0,0.00037998454703188955,-7.8780975341796875,-0.0030976191628724337,base,no
4322,0,0,0.00015843626911583077,-8.751492500305176,-0.001492816023528576,base,no
4323,0,0,0.00218271640477766,-6.138405799865723,-0.013405781239271164,base,no
4324,0,0,0.0003353502345900002,-8.004863739013672,-0.004864049609750509,base,no
4325,0,0,0.01098694453314677,-4.521986484527588,-0.02198665961623192,base,no
4326,0,0,0.10669059820623795,-2.26668643951416,-0.14168648421764374,base,no
4327,0,0,2.1444939288839484e-05,-10.752046585083008,-0.0020461592357605696,base,no
4328,0,0,0.0015011819161164111,-6.533771514892578,-0.03377128764986992,base,no
4329,0,0,0.001032230898464754,-6.881847858428955,-0.0068477243185043335,base,no
4330,0,0,0.0006263342032883404,-7.378464221954346,-0.003464294131845236,base,no
4331,0,0,1.6701418596305718e-05,-11.000930786132812,-0.0009305914281867445,base,no
4332,0,0,0.0003799844447970798,-7.876427173614502,-0.001426989445462823,base,no
4333,0,0,8.481102602635913e-05,-9.378637313842773,-0.0036371287424117327,base,no
4334,0,0,7.484623868015951e-05,-9.501936912536621,-0.0019370617810636759,base,no
4335,0,0,0.001501182527558328,-6.50832462310791,-0.008324803784489632,base,no
4336,0,0,0.0001398221107040195,-8.877799034118652,-0.002799284877255559,base,no
4337,0,0,0.0001398220646127738,-8.878034591674805,-0.003034512745216489,base,no
4338,0,0,0.1645164628965632,-1.8423805236816406,-0.21738052368164062,base,no
4339,0,0,0.0028009274769680015,-5.884608268737793,-0.009608451277017593,base,no
4340,0,0,5.829127403457074e-05,-9.751362800598145,-0.0013629442546516657,base,no
4341,0,0,0.00020342699188269153,-8.50157642364502,-0.0015764916315674782,base,no
4342,0,0,5.422221029706823e-06,-12.126940727233887,-0.00194110709708184,base,no
4343,0,0,0.03308597981882656,-3.437199592590332,-0.06219963729381561,base,no
4344,0,0,0.00037998446310383,-7.881546497344971,-0.006546361371874809,base,no
4345,0,0,0.00020342700424219088,-8.502883911132812,-0.0028840398881584406,base,no
4346,0,0,0.000203427067839167,-8.509355545043945,-0.00935598649084568,base,no
4347,0,0,0.0007096702346453155,-7.260385513305664,-0.010385281406342983,base,no
4348,0,0,0.29421497216298875,-1.3507908582687378,-0.4757908582687378,base,no
4349,0,0,1.6701422240837507e-05,-11.00081729888916,-0.0008173224050551653,base,no
4350,0,0,0.00029595712866832546,-8.132193565368652,-0.007193616591393948,base,no
4351,0,0,0.00857748636409828,-4.768951892852783,-0.018952004611492157,base,no
4352,0,0,0.00037998443250414175,-7.881997108459473,-0.006996891926974058,base,no
4353,0,0,0.0002611903798321556,-8.253238677978516,-0.003238910576328635,base,no
4354,0,0,0.0015011819663719016,-6.526795864105225,-0.02679567039012909,base,no
4355,0,0,6.144174410521913e-06,-12.001221656799316,-0.0012216256000101566,base,no
4356,0,0,0.0006263340429760576,-7.381313800811768,-0.006313616875559092,base,no
4357,0,0,2.7535679600472712e-05,-10.50391960144043,-0.003919183276593685,base,no
4358,0,0,7.484625991276096e-05,-9.501324653625488,-0.0013250865740701556,base,no
4359,0,0,0.10669059536584675,-2.2743170261383057,-0.14931704103946686,base,no
4360,0,0,7.484619844539825e-05,-9.505546569824219,-0.005546181462705135,base,no
4361,0,0,0.05340333055309901,-2.953371047973633,-0.078371062874794,base,no
4362,0,0,1.89251433110144e-05,-10.8767728805542,-0.0017726197838783264,base,no
4363,0,0,1.0129994248643296e-05,-11.500555038452148,-0.0005553610390052199,base,no
4364,0,0,9.422444131353898e-07,-13.877655982971191,-0.0026557911187410355,base,no
4365,0,0,0.0002611904032390942,-8.256780624389648,-0.0067809466272592545,base,no
4366,0,0,1.0129992042220768e-05,-11.502134323120117,-0.0021344278939068317,base,no
4367,0,0,0.0001233945955202488,-9.002789497375488,-0.002789655700325966,base,no
4368,0,0,0.02033235304584329,-3.9162304401397705,-0.041230425238609314,base,no
4369,0,0,1.6701416287486976e-05,-11.002920150756836,-0.0029198178090155125,base,no
4370,0,0,0.00012339456472544683,-9.011824607849121,-0.011824516579508781,base,no
4371,0,0,0.00029595724743039064,-8.130997657775879,-0.005998110398650169,base,no
4372,0,0,5.715004778211169e-07,-14.375361442565918,-0.00036149643710814416,base,no
4373,0,0,9.610240088962076e-05,-9.253561973571777,-0.0035618215333670378,base,no
4374,0,0,1.670141990382637e-05,-11.0026273727417,-0.002627256326377392,base,no
4375,0,0,3.120192608285861e-05,-10.376096725463867,-0.0010971962474286556,base,no
4376,0,0,0.02033235497514388,-3.975816488265991,-0.10081657022237778,base,no
4377,0,0,0.00013982206389666696,-8.877166748046875,-0.002166663995012641,base,no
4378,0,0,1.6701422610248616e-05,-11.00486946105957,-0.004869506694376469,base,no
4379,0,0,5.8291271388186075e-05,-9.752298355102539,-0.0022984533570706844,base,no
4380,0,0,0.0002959572342039866,-8.12751579284668,-0.002516200765967369,base,no
4381,0,0,0.00020342696948406045,-8.503497123718262,-0.0034970815759152174,base,no
4382,0,0,5.144219298657889e-05,-9.876786231994629,-0.001785828499123454,base,no
4383,0,0,0.005220125867663134,-5.260336875915527,-0.01033690944314003,base,no
4384,0,0,0.00013982208762584444,-8.881364822387695,-0.006364908069372177,base,no
4385,0,0,0.00026119029036903157,-8.2512845993042,-0.0012844892917200923,base,no
4386,0,0,6.605212338703657e-05,-9.629045486450195,-0.004045161418616772,base,no
4387,0,0,0.015906393461216167,-4.173900127410889,-0.048900239169597626,base,no
4388,0,0,0.0019267346328812555,-6.26341438293457,-0.013414367102086544,base,no
4389,0,0,0.00317268303393727,-5.7631049156188965,-0.013104976154863834,base,no
4390,0,0,0.015906393781939792,-4.151801109313965,-0.02680124156177044,base,no
4391,0,0,0.00037998450838429824,-7.896225929260254,-0.021225912496447563,base,no
4392,0,0,9.610238227492588e-05,-9.25284194946289,-0.002841603709384799,base,no
4393,0,0,0.004070137821601248,-5.534071445465088,-0.03407147154211998,base,no
4394,0,0,0.0015011820892186637,-6.529586315155029,-0.029586203396320343,base,no
4395,0,0,0.0003799845462359437,-7.885748386383057,-0.010748469270765781,base,no
4396,0,0,0.09534945847239201,-2.3786251544952393,-0.1286250799894333,base,no
4397,0,0,0.0017007223916699456,-6.380434513092041,-0.005434501450508833,base,no
4398,0,0,0.003593602434689943,-5.658364295959473,-0.03336425498127937,base,no
4399,0,0,0.00043055703763579507,-7.756577491760254,-0.006577390246093273,base,no
4400,0,0,0.004070138049999821,-5.506692886352539,-0.006692968774586916,base,no
4401,0,0,0.0002305066929648899,-8.377016067504883,-0.0020159415435045958,base,no
4402,0,0,0.0015011825694379204,-6.585001468658447,-0.08500167727470398,base,no
4403,0,0,0.0006263341662707734,-7.391039848327637,-0.016039861366152763,base,no
4404,0,0,0.0004305571624896361,-7.753792762756348,-0.003792951349169016,base,no
4405,0,0,0.00023050661349940403,-8.38093376159668,-0.005933290813118219,base,no
4406,0,0,0.00317268295441102,-5.764307498931885,-0.014307534322142601,base,no
4407,0,0,0.00015843616918144427,-8.75186824798584,-0.0018679328495636582,base,no
4408,0,0,0.0002959572014135291,-8.134408950805664,-0.009409247897565365,base,no
4409,0,0,0.00017952799385785066,-8.626816749572754,-0.0018168861279264092,base,no
4410,0,0,3.535623769445853e-05,-10.25293254852295,-0.0029321794863790274,base,no
4411,0,0,0.005220126718841935,-5.283360481262207,-0.03336067870259285,base,no
4412,0,0,0.012431651081864722,-4.411372661590576,-0.036372680217027664,base,no
4413,0,0,2.7535685293417743e-05,-10.507013320922852,-0.007013109512627125,base,no
4414,0,0,0.0006263340619220525,-7.387416362762451,-0.01241620909422636,base,no
4415,0,0,2.7535686408927378e-05,-10.504509925842285,-0.004509754944592714,base,no
4416,0,0,0.008577485920584663,-4.853240489959717,-0.10324054956436157,base,no
4417,0,0,0.001926734908688207,-6.2640252113342285,-0.014025338925421238,base,no
4418,0,0,4.785095279224539e-06,-12.265103340148926,-0.015103504061698914,base,no
4419,0,0,6.60521633696994e-05,-9.629966735839844,-0.004967016167938709,base,no
4420,0,0,6.605212981501687e-05,-9.627578735351562,-0.0025785076431930065,base,no
4421,0,0,0.000552778588557721,-7.503371715545654,-0.003371628001332283,base,no
4422,0,0,0.00012339452830026189,-9.005899429321289,-0.005899042822420597,base,no
4423,0,0,1.2098659029666472e-06,-13.625337600708008,-0.00033778208307921886,base,no
4424,0,0,0.00029595717930063864,-8.126898765563965,-0.0018989879172295332,base,no
4425,0,0,8.481100476107104e-05,-9.384012222290039,-0.009011786431074142,base,no
4426,0,0,4.5397855078305646e-05,-10.000601768493652,-0.0006014683749526739,base,no
4427,0,0,5.829127410921237e-05,-9.751173973083496,-0.0011741180205717683,base,no
4428,0,0,6.605213525880932e-05,-9.635204315185547,-0.010204169899225235,base,no
4429,0,0,0.00037998446036223936,-7.876559257507324,-0.0015591143164783716,base,no
4430,0,0,0.00010889686045750446,-9.12582015991211,-0.0008197046699933708,base,no
4431,0,0,0.00013982206392921726,-8.884156227111816,-0.00915614329278469,base,no
4432,0,0,0.0004878571713742525,-7.631036758422852,-0.006036858074367046,base,no
4433,0,0,9.610243581455682e-05,-9.258162498474121,-0.008162709884345531,base,no
4434,0,0,4.5397855014888466e-05,-10.001148223876953,-0.0011479223612695932,base,no
4435,0,0,0.0035936025414027768,-5.637928485870361,-0.012928474694490433,base,no
4436,0,0,0.0017007224019479237,-6.394211769104004,-0.01921176351606846,base,no
4437,0,0,1.8925148735133435e-05,-10.878337860107422,-0.0033378859516233206,base,no
4438,0,0,3.535626471922049e-05,-10.254300117492676,-0.0043005128391087055,base,no
4439,0,0,7.889263093214986e-06,-11.756274223327637,-0.006274287588894367,base,no
4440,0,0,6.605216315440809e-05,-9.631182670593262,-0.006182947661727667,base,no
4441,0,0,0.0004305570089775349,-7.754265308380127,-0.004265140276402235,base,no
4442,0,0,3.120191763420222e-05,-10.377031326293945,-0.002031526295468211,base,no
4443,0,0,0.0007096703277705857,-7.275867462158203,-0.025867361575365067,base,no
4444,0,0,6.60521643308214e-05,-9.625916481018066,-0.0009167758980765939,base,no
4445,0,0,0.0028009275341957345,-5.879532337188721,-0.004532540217041969,base,no
4446,0,0,6.144174191648794e-06,-12.001986503601074,-0.00198643677867949,base,no
4447,0,0,0.00017952802217201025,-8.630011558532715,-0.005011852830648422,base,no
4448,0,0,0.00010889689101272364,-9.126579284667969,-0.0015791100449860096,base,no
4449,0,1,0.5621765008857981,-0.639594554901123,-0.889594554901123,base,yes
4450,0,0,7.484622648252498e-05,-9.502541542053223,-0.0025415283162146807,base,no
4451,0,0,0.00010889693076430967,-9.128885269165039,-0.0038854596205055714,base,no
4452,0,0,0.00048785721860385145,-7.629373550415039,-0.004373746924102306,base,no
4453,0,0,1.4738981802913127e-05,-11.125859260559082,-0.0008592489175498486,base,no
4454,0,0,1.3007125218497381e-05,-11.251205444335938,-0.0012051946250721812,base,no
4455,0,0,8.939698401826675e-06,-11.626198768615723,-0.0011990031925961375,base,no
4456,0,0,0.0003799845735634191,-7.87837028503418,-0.0033704398665577173,base,no
4457,0,0,0.0002959570479321924,-8.133344650268555,-0.008344428613781929,base,no
4458,0,0,0.000626334272951327,-7.379124641418457,-0.0041248248890042305,base,no
4459,0,0,9.610245787477279e-05,-9.256364822387695,-0.006365263368934393,base,no
4460,0,0,0.0024726236746344375,-6.007335186004639,-0.007335396017879248,base,no
4461,0,0,0.0850990438468576,-2.5823140144348145,-0.20731399953365326,base,no
4462,0,0,1.0129992638933604e-05,-11.501049995422363,-0.00105015910230577,base,no
4463,0,0,8.481102553273584e-05,-9.382962226867676,-0.007962035946547985,base,no
4464,0,0,0.0011695100485599544,-6.758425235748291,-0.008425050415098667,base,no
4465,0,0,0.00023050667316558667,-8.380970001220703,-0.0059697893448174,base,no
4466,0,0,6.60521516517011e-05,-9.627766609191895,-0.0027667121030390263,base,no
4467,0,0,0.24508500761839525,-1.4656144380569458,-0.3406144082546234,base,no
4468,0,0,0.0028009263168060207,-5.884749412536621,-0.00974917970597744,base,no
4469,0,0,2.9023117074798306e-06,-12.751363754272461,-0.0013636585790663958,base,no
4470,0,0,0.0007096703320635947,-7.257114410400391,-0.0071143158711493015,base,no
4471,0,0,0.0003353499888772728,-8.002950668334961,-0.0029502459801733494,base,no
4472,0,0,0.00010889691524902053,-9.131333351135254,-0.006333399098366499,base,no
4473,0,0,0.00017952799392053885,-8.627228736877441,-0.0022288737818598747,base,no
4474,0,0,4.006370345973739e-05,-10.129990577697754,-0.0049908580258488655,base,no
4475,0,0,1.6701427365931308e-05,-11.002140045166016,-0.00214037555269897,base,no
4476,0,0,0.0005527786204586191,-7.509837627410889,-0.009837597608566284,base,no
4477,0,0,3.120189805628414e-05,-10.386466979980469,-0.011466552503407001,base,no
4478,0,0,0.24508500210441886,-1.498295783996582,-0.37329572439193726,base,no
4479,0,0,0.0001233946286131789,-9.010333061218262,-0.010333487764000893,base,no
4480,0,0,0.0002611903034100355,-8.252315521240234,-0.0023154611699283123,base,no
4481,0,0,0.0017007224936591127,-6.400047779083252,-0.025047827512025833,base,no
4482,0,0,0.005911069939812908,-5.144591331481934,-0.019591515883803368,base,no
4483,0,0,0.00037998459735335877,-7.87813138961792,-0.0031316070817410946,base,no
4484,0,0,0.017986206803753842,-4.042618274688721,-0.04261809587478638,base,no
4485,0,0,2.4300233795621058e-05,-10.63117790222168,-0.0061776163056492805,base,no
4486,0,0,0.0013250224566495835,-6.642032623291016,-0.017032653093338013,base,no
4487,0,0,0.0008040860040951413,-7.130939960479736,-0.0059400456957519054,base,no
4488,0,0,0.0009110513588563095,-7.004037857055664,-0.004038037732243538,base,no
4489,0,0,0.0002959572131244064,-8.129955291748047,-0.0049556284211575985,base,no
4490,0,0,0.4378234991142019,-0.8997970819473267,-0.6497970819473267,base,no
4491,0,0,0.00033534999980477264,-8.004812240600586,-0.004811850842088461,base,no
4492,0,0,0.00043055698593068374,-7.754049301147461,-0.004049079492688179,base,no
4493,0,0,5.829128808076829e-05,-9.75484848022461,-0.004848864860832691,base,no
4494,0,0,0.004070137776299053,-5.511026859283447,-0.01102687418460846,base,no
4495,0,0,0.0008040858682857273,-7.132423400878906,-0.007423317059874535,base,no
4496,0,0,0.00023050680191474474,-8.376832008361816,-0.0018323551630601287,base,no
4497,0,0,6.96225521349915e-06,-11.876118659973145,-0.0011185110779479146,base,no
4498,0,0,0.0001233946322470819,-9.00147819519043,-0.0014786511892452836,base,no
4499,0,0,0.0009110513232525035,-7.025935173034668,-0.02593531459569931,base,no
4500,0,0,0.0004878572127001514,-7.632174968719482,-0.007175153121352196,base,no
4501,0,0,6.1441759640921276e-06,-12.002243995666504,-0.0022442173212766647,base,no
4502,0,0,0.0013250222767209158,-6.634106636047363,-0.009106529876589775,base,no
4503,0,0,7.484620949296588e-05,-9.505668640136719,-0.005668399389833212,base,no
4504,0,0,1.8925146245590388e-05,-10.878615379333496,-0.003615273628383875,base,no
4505,0,0,0.0035936022612815957,-5.645192623138428,-0.02019253373146057,base,no
4506,0,0,0.000911051368604971,-7.002554416656494,-0.002554608043283224,base,no
4507,0,0,4.539788997891361e-05,-10.003905296325684,-0.003905765013769269,base,no
4508,0,0,5.144222926402436e-05,-9.881255149841309,-0.006255451589822769,base,no
4509,0,0,0.0004878570455800543,-7.638433933258057,-0.013433774933218956,base,no
4510,0,0,1.1478770978721745e-05,-11.377964973449707,-0.00296522188000381,base,no
4511,0,0,4.539788134360018e-05,-10.006220817565918,-0.006221096031367779,base,no
4512,0,1,0.7549149868676283,-0.47954869270324707,-1.604548692703247,base,yes
4513,0,0,1.4738983813851984e-05,-11.129754066467285,-0.004754191264510155,base,no
4514,0,0,8.481100904572012e-05,-9.37828254699707,-0.0032821616623550653,base,no
4515,0,0,0.0001795279433102957,-8.628423690795898,-0.003423545742407441,base,no
4516,0,0,6.605215152867749e-05,-9.626961708068848,-0.001961809117347002,base,no
4517,0,0,0.0021827167688711836,-6.131126403808594,-0.006126552354544401,base,no
4518,0,0,0.03308597886541159,-3.419506549835205,-0.04450656473636627,base,no
4519,0,0,0.00033535013015426377,-8.013046264648438,-0.013046263717114925,base,no
4520,0,0,0.0010322310511600356,-6.88277006149292,-0.007770075462758541,base,no
4521,0,0,0.002472623184200164,-6.051815032958984,-0.05181504413485527,base,no
4522,0,0,0.0001584362733942558,-8.754501342773438,-0.0045016855001449585,base,no
4523,0,0,5.8291255021317426e-05,-9.754486083984375,-0.004485901445150375,base,no
4524,0,0,0.0059110693816106135,-5.155632495880127,-0.030632585287094116,base,no
4525,0,0,0.025957356350099027,-3.6569087505340576,-0.03190871700644493,base,no
4526,0,0,0.00010889689268594061,-9.132987976074219,-0.00798781681805849,base,no
4527,0,0,0.00037998452748699737,-7.879920482635498,-0.004920516163110733,base,no
4528,0,0,0.00015843615544254572,-8.753631591796875,-0.0036311899311840534,base,no
4529,0,0,6.605215272815755e-05,-9.63412094116211,-0.009121060371398926,base,no
4530,0,0,0.00043055716028515383,-7.761054515838623,-0.011054699309170246,base,no
4531,0,0,0.00026119035247339884,-8.252066612243652,-0.0020667400676757097,base,no
4532,0,0,0.00522012483270728,-5.259923458099365,-0.009923292323946953,base,no
4533,0,0,8.481104960181006e-05,-9.377896308898926,-0.002896401798352599,base,no
4534,0,0,0.00017952792705316862,-8.638545036315918,-0.013544800691306591,base,no
4535,0,0,7.484625853617028e-05,-9.501583099365234,-0.0015835139201954007,base,no
4536,0,0,6.605216400019542e-05,-9.628365516662598,-0.0033658065367490053,base,no
4537,0,0,0.00013982212284528945,-8.87911605834961,-0.004116395954042673,base,no
4538,0,1,0.6791786926816161,-0.44104114174842834,-1.191041111946106,base,yes
4539,0,0,0.0001584362506005789,-8.756000518798828,-0.006000717636197805,base,no
4540,0,0,8.481106760425787e-05,-9.375585556030273,-0.0005858612130396068,base,no
4541,0,0,0.09534945975773548,-2.3936779499053955,-0.14367789030075073,base,no
4542,0,0,0.003593601994499539,-5.655313491821289,-0.03031332790851593,base,no
4543,0,0,0.0009110510947947806,-7.004949569702148,-0.00494946027174592,base,no
4544,0,0,0.0013250225971418474,-6.652808666229248,-0.02780880220234394,base,no
4545,0,0,0.0850990438468576,-2.4882214069366455,-0.11322139203548431,base,no
4546,0,0,0.00026119020880957414,-8.252158164978027,-0.0021577426232397556,base,no
4547,0,0,5.1442238270511983e-05,-9.879602432250977,-0.004602909088134766,base,no
4548,0,0,5.144220999349963e-05,-9.877655982971191,-0.0026559100951999426,base,no
4549,0,0,0.0028009265483181266,-5.889435768127441,-0.014435618184506893,base,no
4550,0,0,0.0002959571829516765,-8.131580352783203,-0.006580587476491928,base,no
4551,0,0,0.037326890958432175,-3.3097004890441895,-0.05970058962702751,base,no
4552,0,0,0.00015843619424341126,-8.756988525390625,-0.006988368462771177,base,no
4553,0,0,0.02931222757148327,-3.6035661697387695,-0.10356605798006058,base,no
4554,0,0,0.00033535007395567453,-8.002411842346191,-0.002411673776805401,base,no
4555,0,0,0.00012339458960259036,-9.002806663513184,-0.0028067738749086857,base,no
4556,0,0,0.0015011821785617695,-6.554344177246094,-0.05434412509202957,base,no
4557,0,0,0.014063628153812634,-4.27642297744751,-0.026423057541251183,base,no
4558,0,0,9.610244509953554e-05,-9.253464698791504,-0.0034650068264454603,base,no
4559,0,0,0.005911068243315901,-5.183446407318115,-0.05844630300998688,base,no
4560,0,0,7.48462266045013e-05,-9.515386581420898,-0.015386569313704967,base,no
4561,0,0,0.00043055703633314686,-7.752283096313477,-0.002282991772517562,base,no
4562,0,0,0.13296424878721277,-2.1001410484313965,-0.22514112293720245,base,no
4563,0,0,9.61023945131924e-05,-9.252962112426758,-0.002961894031614065,base,no
4564,0,0,0.00013982202503160312,-8.878486633300781,-0.0034862712491303682,base,no
4565,0,0,0.0001584362804204627,-8.751443862915039,-0.001444249995984137,base,no
4566,0,0,0.01798621114646834,-4.035494804382324,-0.03549487143754959,base,no
4567,0,0,0.0013250224985507835,-6.631405830383301,-0.006405891850590706,base,no
4568,0,0,3.120189853574321e-05,-10.38243579864502,-0.007435386534780264,base,no
4569,0,0,0.01243164989273448,-4.3992018699646,-0.02420179173350334,base,no
4570,0,0,0.012431653025635547,-4.402832508087158,-0.02783268503844738,base,no
4571,0,0,0.0011695105435624257,-6.758056640625,-0.008056879043579102,base,no
4572,0,0,0.00010889694395991274,-9.126851081848145,-0.001851393491961062,base,no
4573,0,0,0.02931222841944938,-3.5966787338256836,-0.09667865186929703,base,no
4574,0,0,0.0013250226464373823,-6.643224239349365,-0.018224412575364113,base,no
4575,0,0,3.120192162243268e-05,-10.377978324890137,-0.0029786527156829834,base,no
4576,0,0,6.605211529823926e-05,-9.627662658691406,-0.0026622111909091473,base,no
4577,0,0,0.00029595718708492704,-8.129827499389648,-0.00482774805277586,base,no
4578,0,0,0.00029595699571549004,-8.127358436584473,-0.002358038444072008,base,no
4579,0,0,0.000804086077050621,-7.131004333496094,-0.006004509516060352,base,no
4580,0,0,4.539788568768053e-05,-10.0026216506958,-0.002622024854645133,base,no
4581,0,0,0.00048785711687856695,-7.637016773223877,-0.012016761116683483,base,no
4582,0,0,5.829125101781377e-05,-9.751473426818848,-0.0014731755945831537,base,no
4583,0,0,1.0129987885279582e-05,-11.500782012939453,-0.0007817073492333293,base,no
4584,0,0,3.1201911103385135e-05,-10.405497550964355,-0.030497541651129723,base,no
4585,0,0,0.00010889688115088469,-9.128691673278809,-0.003691408084705472,base,no
4586,0,0,0.0015011821185343694,-6.506576061248779,-0.00657596904784441,base,no
4587,0,0,0.0008040860418823376,-7.132231712341309,-0.007231844589114189,base,no
4588,0,0,7.484621383183754e-05,-9.502740859985352,-0.002740677213296294,base,no
4589,0,0,0.00033535004741745515,-8.015721321105957,-0.015721073374152184,base,no
4590,0,0,0.00010889694485990109,-9.126712799072266,-0.0017131189815700054,base,no
4591,0,0,4.539787711578514e-05,-10.005009651184082,-0.00500983651727438,base,no
4592,0,0,0.00015843616790898245,-8.76010513305664,-0.010104809887707233,base,no
4593,0,0,8.939695564855584e-06,-11.626596450805664,-0.0015963680343702435,base,no
4594,0,0,8.481101688445653e-05,-9.379266738891602,-0.004266445990651846,base,no
4595,0,0,2.7535694454702246e-05,-10.501462936401367,-0.0014630577061325312,base,no
4596,0,0,0.24508502416032488,-1.4658193588256836,-0.34081941843032837,base,no
4597,0,0,0.04208773257151255,-3.1850826740264893,-0.06008278951048851,base,no
4598,0,0,7.484621268177514e-05,-9.503073692321777,-0.0030734941828995943,base,no
4599,0,0,0.00013982206672854392,-8.878570556640625,-0.003570492845028639,base,no
4600,0,0,0.0010322310290720375,-6.90812349319458,-0.03312348574399948,base,no
4601,0,0,0.00043055708633480094,-7.7541375160217285,-0.004137527663260698,base,no
4602,0,0,1.8925148995103435e-05,-10.876437187194824,-0.00143722677603364,base,no
4603,0,0,4.785095155558165e-06,-12.252710342407227,-0.0027104804757982492,base,no
4604,0,0,0.06008664638698042,-2.853703260421753,-0.10370319336652756,base,no
4605,0,0,0.0004305570556724632,-7.762177467346191,-0.01217740774154663,base,no
4606,0,0,0.0009110513995463754,-7.012036323547363,-0.012036548927426338,base,no
4607,0,0,0.0015011819552040147,-6.548313140869141,-0.04831293970346451,base,no
4608,0,0,4.539788542872683e-05,-10.0006742477417,-0.000674616196192801,base,no
4609,0,0,2.5612811647724604e-06,-12.876237869262695,-0.0012374608777463436,base,no
4610,0,0,7.484619412395268e-05,-9.505017280578613,-0.0050168344751000404,base,no
4611,0,0,1.8925141495631288e-05,-10.8788423538208,-0.0038419971242547035,base,no
4612,0,0,3.120191575268748e-05,-10.377280235290527,-0.002280374988913536,base,no
4613,0,0,2.7535678446497512e-05,-10.519180297851562,-0.01917983777821064,base,no
4614,0,0,3.1201909941059664e-05,-10.394403457641602,-0.01940341107547283,base,no
4615,0,0,8.481105380748165e-05,-9.380088806152344,-0.005088948644697666,base,no
4616,0,0,0.0002611904090756299,-8.258233070373535,-0.008233414962887764,base,no
4617,0,0,0.00013982204677520538,-8.876809120178223,-0.0018089136574417353,base,no
4618,0,0,3.1201912665260066e-05,-10.377657890319824,-0.002657931065186858,base,no
4619,0,0,0.0017007221473703384,-6.38251256942749,-0.007512413896620274,base,no
4620,0,0,0.017986206277364275,-4.107109546661377,-0.10710933804512024,base,no
4621,0,0,0.0021827163844939,-6.137242794036865,-0.012242766097187996,base,no
4622,0,0,5.8291277508799e-05,-9.752143859863281,-0.00214406312443316,base,no
4623,0,0,0.00037998446115818503,-7.88170862197876,-0.006708480883389711,base,no
4624,0,0,0.00029595705716311437,-8.130467414855957,-0.005467224400490522,base,no
4625,0,0,0.0002034270428360348,-8.52209758758545,-0.022097906097769737,base,no
4626,0,0,0.0002034269358150869,-8.504897117614746,-0.0048969099298119545,base,no
4627,0,0,0.000709670362775123,-7.2612457275390625,-0.011245676316320896,base,no
4628,0,0,0.0007096702802172546,-7.273007869720459,-0.023007702082395554,base,no
4629,0,0,5.144222544045945e-05,-9.875858306884766,-0.0008585343020968139,base,no
4630,0,0,2.753567948507519e-05,-10.500919342041016,-0.0009189196862280369,base,no
4631,0,0,5.422217866002115e-06,-12.125411033630371,-0.00041083001997321844,base,no
4632,0,0,3.120190751470537e-05,-10.37928295135498,-0.004282827023416758,base,no
4633,0,0,0.06754668738548215,-2.7724506855010986,-0.14745062589645386,base,no
4634,0,0,5.829127706094925e-05,-9.752776145935059,-0.002776341512799263,base,no
4635,0,0,0.0007096702604033676,-7.26690673828125,-0.01690654270350933,base,no
4636,0,0,0.0024726230647501447,-6.040113925933838,-0.040113888680934906,base,no
4637,0,0,0.005911067619442931,-5.1403303146362305,-0.015330104157328606,base,no
4638,0,0,0.13296424706933604,-2.056351900100708,-0.18135195970535278,base,no
4639,0,0,0.002800927123196584,-5.894337177276611,-0.019337233155965805,base,no
4640,0,0,7.484621888514217e-05,-9.501824378967285,-0.0018242637161165476,base,no
4641,0,0,0.0005527786256039254,-7.503847599029541,-0.003847578540444374,base,no
4642,0,0,0.00023050662224543522,-8.377872467041016,-0.0028720342088490725,base,no
4643,0,0,0.0002034269424447015,-8.52000904083252,-0.020008865743875504,base,no
4644,0,0,0.00013982210090637348,-8.877365112304688,-0.0023652929812669754,base,no
4645,0,0,0.00013982202428294624,-8.878996849060059,-0.003996481653302908,base,no
4646,0,0,4.539786217046215e-05,-10.005051612854004,-0.005051468964666128,base,no
4647,0,0,0.00020342703885826408,-8.503535270690918,-0.0035355696454644203,base,no
4648,0,0,0.0017007224051103784,-6.383695125579834,-0.008695121854543686,base,no
4649,0,0,1.6701420662091178e-05,-11.001154899597168,-0.0011548285838216543,base,no
4650,0,0,0.0006263341154080566,-7.378365993499756,-0.003365925280377269,base,no
4651,0,0,3.535623787555648e-05,-10.252585411071777,-0.0025850471574813128,base,no
4652,0,0,0.004609573196398239,-5.385867118835449,-0.010867340490221977,base,no
4653,0,0,0.0008040859786542576,-7.128950595855713,-0.003950649406760931,base,no
4654,0,0,0.0003353499885650585,-8.005356788635254,-0.0053563653491437435,base,no
4655,0,0,0.00048785722530228064,-7.628282070159912,-0.003282280405983329,base,no
4656,0,0,0.0017007227276807902,-6.406494617462158,-0.031494803726673126,base,no
4657,0,0,0.0002611903772178742,-8.258404731750488,-0.008404954336583614,base,no
4658,0,0,0.006692850986199709,-5.0254364013671875,-0.025436410680413246,base,no
4659,0,0,2.1444956070090304e-05,-10.75399398803711,-0.003994344733655453,base,no
4660,0,0,0.0004878570367245073,-7.626981735229492,-0.001981558743864298,base,no
4661,0,0,0.006692849902689866,-5.008322238922119,-0.008322085253894329,base,no
4662,0,0,0.05340332678672523,-2.961277961730957,-0.08627790212631226,base,no
4663,0,0,0.0010322308946233635,-6.881173133850098,-0.006172996014356613,base,no
4664,0,0,3.535623389963373e-05,-10.256303787231445,-0.006303310859948397,base,no
4665,0,0,5.8291248544462926e-05,-9.750908851623535,-0.0009085579658858478,base,no
4666,0,0,5.1442221311488734e-05,-9.88882827758789,-0.013828424736857414,base,no
4667,0,0,0.0007096704281609616,-7.2610673904418945,-0.011067431420087814,base,no
4668,0,0,0.00029595699475106553,-8.129374504089355,-0.0043741026893258095,base,no
4669,0,0,0.0011695102465609176,-6.76174783706665,-0.011747821234166622,base,no
4670,0,0,0.0024726235747098823,-6.007259368896484,-0.007259538397192955,base,no
4671,0,0,1.3007122330901191e-05,-11.253841400146484,-0.0038409284316003323,base,no
4672,0,0,0.0003799844330347721,-7.879750728607178,-0.004750513471662998,base,no
4673,0,0,4.5397851748903205e-05,-10.005586624145508,-0.005586250685155392,base,no
4674,0,0,0.029312229267415526,-3.5755815505981445,-0.07558149844408035,base,no
4675,0,0,0.0001233945713899929,-9.016629219055176,-0.016629181802272797,base,no
4676,0,0,0.0004305569863314984,-7.761048316955566,-0.011048096232116222,base,no
4677,0,0,7.484624413424531e-05,-9.50147533416748,-0.0014755562879145145,base,no
4678,0,0,0.0005527787514066797,-7.5032830238342285,-0.0032832310535013676,base,no
4679,0,0,4.22283365998092e-06,-12.37746810913086,-0.002468160120770335,base,no
4680,0,0,8.481105913861494e-05,-9.377354621887207,-0.002354827243834734,base,no
4681,0,0,0.10669058613457583,-2.238154411315918,-0.1131543293595314,base,no
4682,0,0,0.0004305570312227577,-7.752627372741699,-0.002627256326377392,base,no
4683,0,0,5.829128387369427e-05,-9.754401206970215,-0.004401519428938627,base,no
4684,0,0,0.005911069655239183,-5.136541366577148,-0.011541502550244331,base,no
4685,0,0,0.0010322310233099512,-6.8858232498168945,-0.010823236778378487,base,no
4686,0,0,7.484624591161522e-05,-9.505932807922363,-0.00593305379152298,base,no
4687,0,0,7.484623909836415e-05,-9.501934051513672,-0.0019342063460499048,base,no
4688,0,0,9.610243383450725e-05,-9.25164794921875,-0.0016481400234624743,base,no
4689,0,0,0.0007096703528681784,-7.256608009338379,-0.006607944145798683,base,no
4690,0,0,9.610244961897128e-05,-9.251293182373047,-0.0012935374397784472,base,no
4691,0,0,2.7535680036418913e-05,-10.502690315246582,-0.0026899129152297974,base,no
4692,0,0,0.0006263340490970713,-7.387089252471924,-0.012089078314602375,base,no
4693,0,0,0.0010322312019346441,-6.88498592376709,-0.009986083954572678,base,no
4694,0,0,0.0013250223876358448,-6.651360034942627,-0.026360012590885162,base,no
4695,0,0,0.04742587317756679,-3.206963300704956,-0.20696330070495605,base,no
4696,0,0,0.0005527787256801429,-7.50333309173584,-0.003333252388983965,base,no
4697,0,0,0.008577483497099938,-4.766361236572266,-0.016361011192202568,base,no
4698,0,0,0.00023050681213634174,-8.410778045654297,-0.035778436809778214,base,no
4699,0,0,2.9023118716859045e-06,-12.75476360321045,-0.004763564094901085,base,no
4700,0,0,5.8291274719916535e-05,-9.751871109008789,-0.0018712644232437015,base,no
4701,0,0,5.144220267573235e-05,-9.886944770812988,-0.011944555677473545,base,no
4702,0,0,4.539788244283215e-05,-10.010881423950195,-0.010881726630032063,base,no
4703,0,0,0.0002611902979382855,-8.259611129760742,-0.009611048735678196,base,no
4704,0,0,0.0008040857934596137,-7.145784378051758,-0.020784201100468636,base,no
4705,0,0,0.00015843628954899968,-8.753527641296387,-0.0035280860029160976,base,no
4706,0,0,0.00043055712040406766,-7.75593900680542,-0.005939097609370947,base,no
4707,0,0,0.014063627559788329,-4.288451671600342,-0.03845170885324478,base,no
4708,0,0,0.00023050669988659793,-8.379674911499023,-0.004674815572798252,base,no
4709,0,0,0.00023050663351332872,-8.378691673278809,-0.0036912893410772085,base,no
4710,0,0,6.60521731270106e-05,-9.626574516296387,-0.0015749443555250764,base,no
4711,0,0,0.00026119030827381333,-8.251410484313965,-0.0014104428701102734,base,no
4712,0,0,1.8925150539501565e-05,-10.87619400024414,-0.0011941214324906468,base,no
4713,0,0,7.484619339209499e-05,-9.503410339355469,-0.0034098834730684757,base,no
4714,0,0,0.00026119025112442926,-8.255796432495117,-0.0057961721904575825,base,no
4715,0,0,0.0017007225078901596,-6.384936809539795,-0.009936866350471973,base,no
4716,0,0,0.000230506766313543,-8.378323554992676,-0.0033237473107874393,base,no
4717,0,0,0.0021827164331749247,-6.141018867492676,-0.016018861904740334,base,no
4718,0,0,5.829126628541393e-05,-9.754600524902344,-0.004600535612553358,base,no
4719,0,0,0.0031726829691381027,-5.759794235229492,-0.009794275276362896,base,no
4720,0,0,0.00017952795145975586,-8.630494117736816,-0.005494018085300922,base,no
4721,0,0,0.002472622945300131,-6.006840705871582,-0.006840620189905167,base,no
4722,0,0,7.484620210468704e-05,-9.504107475280762,-0.004107135813683271,base,no
4723,0,0,0.0008040860740575755,-7.132657051086426,-0.007657223381102085,base,no
4724,0,0,0.0007096703383379931,-7.263981342315674,-0.013981256633996964,base,no
4725,0,0,0.06754669489377622,-2.6997323036193848,-0.07473236322402954,base,no
4726,0,0,0.00247262354025314,-6.013454437255859,-0.013454592786729336,base,no
4727,0,0,1.6701417500710427e-05,-11.003280639648438,-0.003280379343777895,base,no
4728,0,0,8.481101947104225e-05,-9.377498626708984,-0.002498364308848977,base,no
4729,0,0,5.1442229599372277e-05,-9.878854751586914,-0.0038550598546862602,base,no
4730,0,0,0.00048785703649744197,-7.633742332458496,-0.008742155507206917,base,no
4731,0,0,0.0001795279780604322,-8.626046180725098,-0.001046229270286858,base,no
4732,0,0,0.001325022717299717,-6.630753040313721,-0.005753267090767622,base,no
4733,0,0,0.0010322310391556889,-6.880893707275391,-0.0058937096036970615,base,no
4734,0,0,0.00020342696186000263,-8.502374649047852,-0.002374569419771433,base,no
4735,0,0,7.484621454627024e-05,-9.508549690246582,-0.008549517020583153,base,no
4736,0,0,0.001325022573726469,-6.633515357971191,-0.008515476249158382,base,no
4737,0,0,0.006692850478497932,-5.090881824493408,-0.09088175743818283,base,no
4738,0,0,0.0001795279463193271,-8.627890586853027,-0.0028904585633426905,base,no
4739,0,0,0.01406362595850554,-4.30266809463501,-0.0526680164039135,base,no
4740,0,0,9.610243666474758e-05,-9.25669002532959,-0.00669024558737874,base,no
4741,0,0,0.025957358893192575,-3.663789987564087,-0.038790054619312286,base,no
4742,0,0,0.006692850094625882,-5.022128582000732,-0.022128457203507423,base,no
4743,0,0,0.00020342690787599916,-8.507149696350098,-0.007149351295083761,base,no
4744,0,0,2.430023780693181e-05,-10.628780364990234,-0.0037802441511303186,base,no
4745,0,0,0.3775406828054583,-1.1522290706634521,-0.6522291302680969,base,no
4746,0,0,0.0011695102052200546,-6.758004188537598,-0.008004137314856052,base,no
4747,0,0,1.892514710921944e-05,-10.877315521240234,-0.0023154611699283123,base,no
4748,0,0,2.5612830536902897e-06,-12.87587833404541,-0.000878663151524961,base,no
4749,0,0,0.0006263340677515896,-7.38889217376709,-0.013892029412090778,base,no
4750,0,0,0.0075772427595818224,-4.886159896850586,-0.01116009522229433,base,no
4751,0,0,0.00010889692006585843,-9.12824535369873,-0.0032454458996653557,base,no
4752,0,0,8.481103425999574e-05,-9.378986358642578,-0.003986270632594824,base,no
4753,0,0,2.430023059901987e-05,-10.626423835754395,-0.0014234182890504599,base,no
4754,0,0,5.8291282679428145e-05,-9.7536039352417,-0.0036042272113263607,base,no
4755,0,0,7.484625210627239e-05,-9.50190544128418,-0.001905769924633205,base,no
4756,0,0,0.00017952798815322718,-8.62997817993164,-0.004978284705430269,base,no
4757,0,0,2.144494053207957e-05,-10.752076148986816,-0.002075781114399433,base,no
4758,0,0,8.939693499049979e-06,-11.625792503356934,-0.0007921895012259483,base,no
4759,0,0,0.06754669160889748,-2.7231204509735107,-0.09812045842409134,base,no
4760,0,0,3.120192390349732e-05,-10.3785400390625,-0.003540439996868372,base,no
4761,0,0,0.0009110510214679171,-7.018276691436768,-0.018276501446962357,base,no
4762,0,0,0.00013982206386411666,-8.878925323486328,-0.003925239201635122,base,no
4763,0,0,4.006370120243789e-05,-10.128314018249512,-0.0033142422325909138,base,no
4764,0,0,8.481101999428288e-05,-9.376555442810059,-0.0015551865799352527,base,no
4765,0,0,0.1480472036701053,-1.9613265991210938,-0.21132664382457733,base,no
4766,0,0,0.00010889695647101914,-9.135333061218262,-0.010333487764000893,base,no
4767,0,0,0.00013982210468221041,-8.882221221923828,-0.007221429608762264,base,no
4768,0,0,0.0002611903798929528,-8.25568962097168,-0.005689853802323341,base,no
4769,0,0,0.004609573008376972,-5.3951029777526855,-0.020103158429265022,base,no
4770,0,0,0.037326888281170874,-3.2989470958709717,-0.04894712194800377,base,no
4771,0,0,0.0015011820975945795,-6.519815921783447,-0.01981581561267376,base,no
4772,0,0,0.007577241407928499,-4.908313274383545,-0.033313293009996414,base,no
4773,0,0,0.00012339463154328252,-9.003094673156738,-0.003095123451203108,base,no
4774,0,0,0.00012339460801627606,-9.003079414367676,-0.0030796739738434553,base,no
4775,0,0,0.0001233946043680105,-9.01321792602539,-0.013218156062066555,base,no
4776,0,0,0.0006263342094093556,-7.380100727081299,-0.005100809037685394,base,no
4777,0,0,0.001926734681237017,-6.254677772521973,-0.004677781835198402,base,no
4778,0,0,0.0004305571518680399,-7.756482124328613,-0.006482288241386414,base,no
4779,0,0,7.48462088133836e-05,-9.503384590148926,-0.0033843403216451406,base,no
4780,0,0,0.0007096704070261444,-7.29287576675415,-0.042875777930021286,base,no
4781,0,0,0.00012339453608513882,-9.002997398376465,-0.0029970749747008085,base,no
4782,0,0,0.0011695099963399253,-6.761695384979248,-0.011695154942572117,base,no
4783,0,0,5.144221776638288e-05,-9.880526542663574,-0.0055266208946704865,base,no
4784,0,1,0.5926665855647394,-0.6529040932655334,-1.0279040336608887,base,yes
4785,0,0,0.008577484399966718,-4.764168739318848,-0.014168620109558105,base,no
4786,0,0,0.003593602127890565,-5.644425868988037,-0.01942574232816696,base,no
4787,0,0,0.00013982212382179917,-8.891979217529297,-0.016979562118649483,base,no
4788,0,0,0.002182716232365707,-6.139464855194092,-0.014464757405221462,base,no
4789,0,0,0.053403330929736405,-2.9660584926605225,-0.09105851501226425,base,no
4790,0,0,0.01098694236747409,-4.5236382484436035,-0.023638224229216576,base,no
4791,0,0,0.1480471980316895,-1.9779284000396729,-0.22792840003967285,base,no
4792,0,0,0.04208772431105632,-3.1820545196533203,-0.05705443024635315,base,no
4793,0,0,0.00020342693879841345,-8.50295352935791,-0.002953336341306567,base,no
4794,0,0,2.753567972388395e-05,-10.500767707824707,-0.0007672941428609192,base,no
4795,0,0,0.008577485302833593,-4.779891014099121,-0.02989100106060505,base,no
4796,0,0,7.889264367987402e-06,-11.750988960266113,-0.0009891861118376255,base,no
4797,0,0,5.14422119277378e-05,-9.876011848449707,-0.0010118131758645177,base,no
4798,0,0,0.0015011819105324674,-6.524174213409424,-0.024173982441425323,base,no
4799,0,0,0.0008040857459450352,-7.128841876983643,-0.003841640893369913,base,no
4800,0,0,3.120190927998706e-05,-10.376152038574219,-0.0011519708205014467,base,no
4801,0,0,3.535624484782787e-05,-10.256817817687988,-0.006817650981247425,base,no
4802,0,0,0.08509904732734556,-2.5109493732452393,-0.13594940304756165,base,no
4803,0,0,0.00012339453059838048,-9.009109497070312,-0.009109129197895527,base,no
4804,0,0,9.610238837168553e-05,-9.251494407653809,-0.0014941253466531634,base,no
4805,0,0,0.004609572602421993,-5.3862223625183105,-0.011222454719245434,base,no
4806,0,0,0.0015011823460801075,-6.532452583312988,-0.03245264291763306,base,no
4807,0,0,4.222833372886259e-06,-12.378656387329102,-0.0036563703324645758,base,no
4808,0,0,8.48110311699138e-05,-9.37569808959961,-0.000697965151630342,base,no
4809,0,0,0.0017007220271970814,-6.3794426918029785,-0.004442465491592884,base,no
4810,0,0,0.00048785723563375607,-7.6294732093811035,-0.004473440814763308,base,no
4811,0,0,7.484623510799489e-05,-9.510318756103516,-0.010318857617676258,base,no
4812,0,0,0.07585817793199003,-2.624326705932617,-0.1243266761302948,base,no
4813,0,0,9.610240484971856e-05,-9.252179145812988,-0.002179034985601902,base,no
4814,0,0,0.00026119022242814747,-8.254312515258789,-0.004312145058065653,base,no
4815,0,0,0.00020342692525505832,-8.503352165222168,-0.0033519056160002947,base,no
4816,0,0,5.144223003053389e-05,-9.880590438842773,-0.005590755492448807,base,no
4817,0,0,0.020332353565270352,-3.9130027294158936,-0.03800274059176445,base,no
4818,0,0,2.4300237306225148e-05,-10.62611198425293,-0.0011118428083136678,base,no
4819,0,0,0.00033535021023726953,-8.004679679870605,-0.004679917823523283,base,no
4820,0,0,3.535625634755123e-05,-10.253297805786133,-0.003297964343801141,base,no
4821,0,0,0.00037998443161975777,-7.890453815460205,-0.015453596599400043,base,no
4822,0,0,6.144172313345803e-06,-12.008073806762695,-0.008073434233665466,base,no
4823,0,0,0.00026119032699935897,-8.253300666809082,-0.0033006970770657063,base,no
4824,0,0,0.0019267346955646502,-6.268232822418213,-0.018232839182019234,base,no
4825,0,0,0.0003353500324311675,-8.015716552734375,-0.01571626029908657,base,no
4826,0,0,0.02595735456051482,-3.8083131313323975,-0.1833130270242691,base,no
4827,0,0,0.0002611901948262184,-8.260756492614746,-0.010756016708910465,base,no
4828,0,0,0.00013982205937217404,-8.8776273727417,-0.002627256326377392,base,no
4829,0,0,0.0002305067258027624,-8.3782320022583,-0.0032320187892764807,base,no
4830,0,0,0.0006263341266299164,-7.392697334289551,-0.017697283998131752,base,no
4831,0,0,0.0002305066478933078,-8.378226280212402,-0.0032259586732834578,base,no
4832,0,0,6.962253987201353e-06,-11.876266479492188,-0.0012661544606089592,base,no
4833,0,0,3.5356243020384705e-05,-10.255340576171875,-0.005340357776731253,base,no
4834,0,0,0.0013250227018948614,-6.632382869720459,-0.0073830848559737206,base,no
4835,0,0,5.144222483264141e-05,-9.879907608032227,-0.004907823633402586,base,no
4836,0,0,0.014063628670355531,-4.268864154815674,-0.01886427216231823,base,no
4837,0,0,1.0129994603604953e-05,-11.502012252807617,-0.00201261043548584,base,no
4838,0,0,3.535623861641169e-05,-10.252434730529785,-0.002434387570247054,base,no
4839,0,0,0.00013982204934667947,-8.876587867736816,-0.001587679609656334,base,no
4840,0,0,0.020332352971639423,-3.9086365699768066,-0.03363655135035515,base,no
4841,0,0,2.4300246627291642e-05,-10.628085136413574,-0.0030853785574436188,base,no
4842,0,0,0.00062633426216668,-7.378366947174072,-0.0033671134151518345,base,no
4843,0,0,4.006370426191823e-05,-10.127906799316406,-0.0029070996679365635,base,no
4844,0,0,3.120192154978731e-05,-10.376638412475586,-0.0016387379728257656,base,no
4845,0,0,0.014063627559788329,-4.279201507568359,-0.02920154482126236,base,no
4846,0,0,0.000158436174326616,-8.752777099609375,-0.002776816952973604,base,no
4847,0,0,0.0008040858301244085,-7.130072593688965,-0.005072462372481823,base,no
4848,0,0,0.001700722449384745,-6.402210235595703,-0.027210257947444916,base,no
4849,0,0,0.0035936019077953754,-5.652014255523682,-0.02701406739652157,base,no
4850,0,0,0.00017952802175408902,-8.629642486572266,-0.004642778541892767,base,no
4851,0,0,0.003172682736450196,-5.7661309242248535,-0.01613089069724083,base,no
4852,0,0,4.5397861356608075e-05,-10.001913070678711,-0.001912908861413598,base,no
4853,0,0,0.0002305067512896765,-8.380342483520508,-0.0053426106460392475,base,no
4854,0,0,3.120191202598101e-05,-10.376450538635254,-0.0014505588915199041,base,no
4855,0,0,0.00013982211807666724,-8.876029968261719,-0.0010302717564627528,base,no
4856,0,0,0.0007096703436216967,-7.2588791847229,-0.008879106491804123,base,no
4857,0,0,0.00013982201705677982,-8.888602256774902,-0.013601837679743767,base,no
4858,0,0,0.008577484320767872,-4.768025875091553,-0.018025746569037437,base,no
4859,0,0,0.06754668973182397,-2.714480400085449,-0.08948037773370743,base,no
4860,0,0,0.0017007221623919963,-6.379147052764893,-0.004146906081587076,base,no
4861,0,0,1.300712857777042e-05,-11.250835418701172,-0.0008354272576980293,base,no
4862,0,0,0.0002959570484144047,-8.127228736877441,-0.0022285168524831533,base,no
4863,0,0,5.422219366426084e-06,-12.127360343933105,-0.002360417041927576,base,no
4864,0,0,5.144221783824314e-05,-9.87759780883789,-0.0025978884659707546,base,no
4865,0,0,0.00048785711710563234,-7.63263463973999,-0.007634628098458052,base,no
4866,0,0,0.0001088969549245601,-9.127264976501465,-0.0022653888445347548,base,no
4867,0,0,0.00015843621770097338,-8.754552841186523,-0.004552832338958979,base,no
4868,0,0,0.006692849834583539,-5.0327043533325195,-0.0327041894197464,base,no
4869,0,0,0.0001088968700721618,-9.131417274475098,-0.006416907534003258,base,no
4870,0,0,0.0028009272896772452,-5.885634422302246,-0.010634537786245346,base,no
4871,0,0,0.0009110513402066968,-7.028343677520752,-0.028343837708234787,base,no
4872,0,0,2.1444947276283845e-05,-10.750763893127441,-0.0007638397510163486,base,no
4873,0,0,6.605214191745999e-05,-9.626325607299805,-0.0013255628291517496,base,no
4874,0,0,8.481100922342446e-05,-9.382171630859375,-0.007171247620135546,base,no
4875,0,0,0.0008040860994984622,-7.133264541625977,-0.008264745585620403,base,no
4876,0,0,0.000487857180910998,-7.6586079597473145,-0.033608078956604004,base,no
4877,0,0,2.144495299444204e-05,-10.754883766174316,-0.004883979447185993,base,no
4878,0,0,0.0001398221296483071,-8.876997947692871,-0.0019983339589089155,base,no
4879,0,0,1.4738979873475891e-05,-11.125534057617188,-0.0005339150666259229,base,no
4880,0,0,0.005911068155754778,-5.159975051879883,-0.03497493267059326,base,no
4881,0,0,0.01098694190195572,-4.518068313598633,-0.01806824654340744,base,no
4882,0,0,0.00012339453790927057,-9.000785827636719,-0.0007855190197005868,base,no
4883,0,0,0.00048785708304583194,-7.631086349487305,-0.006086267996579409,base,no
4884,0,0,1.8925152577402287e-05,-10.8770170211792,-0.0020172500517219305,base,no
4885,0,0,0.00012339452979403894,-9.010063171386719,-0.010062796995043755,base,no
4886,0,0,0.010986944027148442,-4.518554210662842,-0.018554339185357094,base,no
4887,0,0,0.00023050664612263866,-8.382213592529297,-0.007213263306766748,base,no
4888,0,0,5.144219184879215e-05,-9.882991790771484,-0.007991365157067776,base,no
4889,0,0,0.0009110511214976284,-7.015635013580322,-0.01563493348658085,base,no
4890,0,0,0.0011695104785593418,-6.752153396606445,-0.002153579378500581,base,no
4891,0,0,0.0011695102215388158,-6.763067245483398,-0.013067208230495453,base,no
4892,0,0,2.7535691957626844e-05,-10.501672744750977,-0.001672775368206203,base,no
4893,0,0,0.00020342691478973912,-8.50456714630127,-0.00456683523952961,base,no
4894,0,0,0.00017952800512082578,-8.646486282348633,-0.02148648165166378,base,no
4895,0,0,1.7603430102563112e-06,-13.251378059387207,-0.0013779440196231008,base,no
4896,0,0,0.00033535007863888993,-8.013858795166016,-0.013858640566468239,base,no
4897,0,0,0.000911051317318536,-7.005494594573975,-0.005494729615747929,base,no
4898,0,0,0.004609572115276063,-5.386420249938965,-0.011420235969126225,base,no
4899,0,0,4.539786893496417e-05,-10.006451606750488,-0.006451611872762442,base,no
4900,0,0,4.539785813290049e-05,-10.003809928894043,-0.003809696063399315,base,no
4901,0,0,0.003593601964486559,-5.6383376121521,-0.013337439857423306,base,no
4902,0,1,0.7310585727705126,-0.37180855870246887,-1.3718085289001465,base,yes
4903,0,0,1.4738982024253653e-05,-11.126688957214355,-0.0016889605903998017,base,no
4904,0,0,6.962257008773578e-06,-11.878813743591309,-0.0038138525560498238,base,no
4905,0,0,0.0015011822518510402,-6.5072832107543945,-0.00728320749476552,base,no
4906,0,0,6.962256565425855e-06,-11.876255989074707,-0.001256034360267222,base,no
4907,0,0,8.481102112961635e-05,-9.377630233764648,-0.0026299909222871065,base,no
4908,0,0,0.0028009273000822866,-5.892254829406738,-0.017254948616027832,base,no
4909,0,0,1.1478770676720324e-05,-11.375992774963379,-0.000992997083812952,base,no
4910,0,0,5.144220339433465e-05,-9.879383087158203,-0.004382885992527008,base,no
4911,0,0,0.00015843623333935007,-8.752249717712402,-0.002249807585030794,base,no
4912,0,0,0.00043055711088471344,-7.75332498550415,-0.0033250541891902685,base,no
4913,0,0,7.484623998704904e-05,-9.505784034729004,-0.005784201435744762,base,no
4914,0,0,3.535625825731238e-05,-10.25387954711914,-0.003879759693518281,base,no
4915,0,0,0.0002305067486068433,-8.38566780090332,-0.010667916387319565,base,no
4916,0,0,0.003593602586422254,-5.63224983215332,-0.007249833550304174,base,no
4917,0,0,0.00012339457328594137,-9.002811431884766,-0.0028114099986851215,base,no
4918,0,0,0.0006263340609018836,-7.3776421546936035,-0.0026419993955641985,base,no
4919,0,0,5.8291243037949684e-05,-9.751119613647461,-0.0011192255187779665,base,no
4920,0,0,4.0063705707709323e-05,-10.128591537475586,-0.0035918739158660173,base,no
4921,0,0,0.006692851865390681,-5.022963523864746,-0.022963665425777435,base,no
4922,0,0,0.0035936030749669904,-5.633272647857666,-0.008272785693407059,base,no
4923,0,0,0.00033535024380032833,-8.008334159851074,-0.008334497921168804,base,no
4924,0,0,9.610238847236597e-05,-9.257157325744629,-0.007157044485211372,base,no
4925,0,0,0.00043055701017997934,-7.75606107711792,-0.006060911808162928,base,no
4926,0,0,0.0008040860508614736,-7.1377410888671875,-0.01274123229086399,base,no
4927,0,0,1.892515114977019e-05,-10.877326011657715,-0.0023261650931090117,base,no
4928,0,0,9.610245680084736e-05,-9.254005432128906,-0.004005861934274435,base,no
4929,0,0,6.605211386040183e-05,-9.62653923034668,-0.0015387610765174031,base,no
4930,0,0,0.00033535002165977363,-8.003643035888672,-0.0036427113227546215,base,no
4931,0,0,6.605212843100193e-05,-9.637309074401855,-0.012308825738728046,base,no
4932,0,0,5.422220471071679e-06,-12.127324104309082,-0.0023243811447173357,base,no
4933,0,0,0.0006263342175707095,-7.382805347442627,-0.007805442437529564,base,no
4934,0,0,0.00020342699926997844,-8.502588272094727,-0.0025883764028549194,base,no
4935,0,0,0.00015843623319181818,-8.75163745880127,-0.001637547742575407,base,no
4936,0,0,0.015906388213012365,-4.173776149749756,-0.04877592623233795,base,no
4937,0,0,4.5397875107573136e-05,-10.004076957702637,-0.004077098798006773,base,no
4938,0,0,0.0019267343803567433,-6.274523735046387,-0.02452358789741993,base,no
4939,0,0,0.000430556988135165,-7.754947185516357,-0.004946968983858824,base,no
4940,0,0,0.00012339461965050943,-9.01197624206543,-0.011976595968008041,base,no
4941,0,0,0.053403333942835626,-2.9500982761383057,-0.07509835809469223,base,no
4942,0,0,0.00012339455176980016,-9.00318717956543,-0.0031869832891970873,base,no
4943,0,0,3.120192141902565e-05,-10.379837036132812,-0.004837357439100742,base,no
4944,0,0,0.00033535015419477413,-8.012521743774414,-0.012521814554929733,base,no
4945,0,0,2.1444952315402876e-05,-10.753634452819824,-0.0036346344277262688,base,no
4946,0,0,0.042087728816759526,-3.1782753467559814,-0.053275369107723236,base,no
4947,0,0,2.7535697525560366e-05,-10.502015113830566,-0.00201534666121006,base,no
4948,0,0,0.0007096703072962344,-7.258530616760254,-0.008530487306416035,base,no
4949,0,0,0.02297737133174536,-3.78771710395813,-0.03771716728806496,base,no
4950,0,0,0.0019267344833365937,-6.2557053565979,-0.005705262999981642,base,no
4951,0,0,0.002472623081404234,-6.002594470977783,-0.0025944404769688845,base,no
4952,0,0,0.06754669254743426,-2.7341740131378174,-0.10917403548955917,base,no
4953,0,0,4.53978544969814e-05,-10.008811950683594,-0.00881163775920868,base,no
4954,0,0,0.0017007222169443332,-6.38450288772583,-0.0095027731731534,base,no
4955,0,0,0.0046095723802150705,-5.383383750915527,-0.00838379468768835,base,no
4956,0,0,0.00020342702008224007,-8.501485824584961,-0.0014860312221571803,base,no
4957,0,0,0.04208772401067611,-3.221193790435791,-0.09619369357824326,base,no
4958,0,0,0.00017952797594993064,-8.630447387695312,-0.005447424482554197,base,no
4959,0,0,3.5356262406104195e-05,-10.252402305603027,-0.0024026355240494013,base,no
4960,0,0,0.4073334000459302,-1.0144373178482056,-0.6394373178482056,base,no
4961,0,0,0.16451645880021026,-1.9002934694290161,-0.2752934396266937,base,no
4962,0,0,0.3208213138121609,-1.2130718231201172,-0.46307188272476196,base,no
4963,0,0,0.000911051092675507,-7.0069990158081055,-0.006998904049396515,base,no
4964,0,0,0.0019267346463134115,-6.256599426269531,-0.006599417421966791,base,no
4965,0,0,0.002472622620258297,-6.006186008453369,-0.006185790989547968,base,no
4966,0,0,0.00012339453507971185,-9.002278327941895,-0.002277996391057968,base,no
4967,0,0,0.07585817166422973,-2.646427631378174,-0.14642751216888428,base,no
4968,0,0,1.4738987128813225e-05,-11.129928588867188,-0.004928938578814268,base,no
4969,0,0,0.0008040860160673221,-7.127496242523193,-0.0024963426403701305,base,no
4970,0,0,0.003172682524380219,-5.793111801147461,-0.04311170056462288,base,no
4971,0,0,7.484619445503116e-05,-9.50307559967041,-0.003075157990679145,base,no
4972,0,0,9.61023816708433e-05,-9.25405216217041,-0.004051810130476952,base,no
4973,0,0,2.1444958027321248e-05,-10.754859924316406,-0.00486037228256464,base,no
4974,0,0,0.000709670452432979,-7.253250598907471,-0.0032506741117686033,base,no
4975,0,0,6.605215300496064e-05,-9.628006935119629,-0.003007058519870043,base,no
4976,0,0,0.0024726230578587974,-6.005193710327148,-0.005193670280277729,base,no
4977,0,0,5.8291263903668044e-05,-9.751906394958496,-0.0019063648069277406,base,no
4978,0,0,0.0015011821171383836,-6.511343955993652,-0.011343862861394882,base,no
4979,0,0,1.4738986445917421e-05,-11.127038955688477,-0.0020392590668052435,base,no
4980,0,0,0.007577241849141733,-4.89003849029541,-0.01503856759518385,base,no
4981,0,0,0.0005527787326263077,-7.509062767028809,-0.009062940254807472,base,no
4982,0,0,0.0008040859438601092,-7.133359432220459,-0.008359442465007305,base,no
4983,0,0,0.014063626242604085,-4.272007942199707,-0.022007884457707405,base,no
4984,0,0,0.0007096703446123912,-7.254243850708008,-0.004243773873895407,base,no
4985,0,0,0.000911050980777868,-7.009565353393555,-0.009565118700265884,base,no
4986,0,0,0.000295957122330676,-8.146928787231445,-0.0219288170337677,base,no
4987,0,0,4.53978726078778e-05,-10.00184440612793,-0.0018444921588525176,base,no
4988,0,0,1.670141534646115e-05,-11.002354621887207,-0.002354232594370842,base,no
4989,0,0,0.0005527787634981526,-7.522686004638672,-0.02268623374402523,base,no
4990,0,0,0.0002611903379428603,-8.254714965820312,-0.004715037997812033,base,no
4991,0,0,0.001325022695116725,-6.63043737411499,-0.00543758412823081,base,no
4992,0,0,0.0001398220480446673,-8.886823654174805,-0.011823456734418869,base,no
4993,0,0,0.18242551936144574,-1.7271792888641357,-0.22717925906181335,base,no
4994,0,0,5.8291270227848224e-05,-9.751322746276855,-0.0013228246243670583,base,no
4995,0,0,0.00012339456995366825,-9.002150535583496,-0.0021504866890609264,base,no
4996,0,0,0.0015011823349122177,-6.537717342376709,-0.03771739453077316,base,no
4997,0,0,0.00043055700757468305,-7.752312183380127,-0.002312012016773224,base,no
4998,0,0,2.144494685313271e-05,-10.753032684326172,-0.0030326112173497677,base,no
4999,0,0,0.2689414272294874,-1.3336693048477173,-0.3336693346500397,base,no
5000,0,0,0.0019267349856992462,-6.261226177215576,-0.011226344853639603,base,no
5001,0,0,0.0017007227213558795,-6.37961483001709,-0.004615012556314468,base,no
5002,0,0,0.0066928520139863485,-5.012001991271973,-0.012002155184745789,base,no
5003,0,0,2.430023866690261e-05,-10.628263473510742,-0.0032633880618959665,base,no
5004,0,0,5.144219745388922e-05,-9.880846977233887,-0.0058466605842113495,base,no
5005,0,0,1.0129992789880727e-05,-11.502041816711426,-0.0020419952925294638,base,no
5006,0,0,0.0035936022346033897,-5.6500630378723145,-0.025062941014766693,base,no
5007,0,0,0.00023050677929845693,-8.380319595336914,-0.005319844000041485,base,no
5008,0,0,0.0002611902531915344,-8.262566566467285,-0.012566314078867435,base,no
5009,0,0,9.610237853856327e-05,-9.259317398071289,-0.009317013435065746,base,no
5010,0,0,0.0758581868113179,-2.6178829669952393,-0.11788306385278702,base,no
5011,0,0,0.008577483528779474,-4.772664546966553,-0.022664325311779976,base,no
5012,0,0,0.000335350198217012,-8.004344940185547,-0.0043451422825455666,base,no
5013,0,0,0.0009110510341835577,-7.010448455810547,-0.010448279790580273,base,no
5014,0,0,7.484625803955212e-05,-9.514552116394043,-0.01455252431333065,base,no
5015,0,0,0.0001584361488589397,-8.751441955566406,-0.0014415121404454112,base,no
5016,0,0,0.017986208646117444,-4.06771993637085,-0.06771986186504364,base,no
5017,0,0,0.0008040858989644358,-7.1269145011901855,-0.0019144555553793907,base,no
5018,0,0,6.605216593781743e-05,-9.626642227172852,-0.001642546383664012,base,no
5019,0,0,0.0006263342783436506,-7.377309322357178,-0.002309514442458749,base,no
5020,0,0,0.0015011822064814912,-6.509085655212402,-0.009085621684789658,base,no
5021,0,0,2.7535697557615257e-05,-10.502392768859863,-0.0023930028546601534,base,no
5022,0,0,0.0011695100561753752,-6.7544050216674805,-0.004404842853546143,base,no
5023,0,0,8.481102987662076e-05,-9.392056465148926,-0.01705632545053959,base,no
5024,0,0,0.0013250225829693817,-6.632116794586182,-0.007116919849067926,base,no
5025,0,0,1.1478766432665839e-05,-11.376562118530273,-0.001561970915645361,base,no
5026,0,0,0.0002034268971739089,-8.51070499420166,-0.010704596526920795,base,no
5027,0,0,2.144494134592754e-05,-10.753511428833008,-0.003511098911985755,base,no
5028,0,0,0.00023050665685396687,-8.379034996032715,-0.004034713376313448,base,no
5029,0,0,0.000552778543664928,-7.503215789794922,-0.003215620992705226,base,no
5030,0,0,0.009708475317461683,-4.640840530395508,-0.015840409323573112,base,no
5031,0,0,0.00017952794226549313,-8.628172874450684,-0.003172723576426506,base,no
5032,0,0,2.7535684136236817e-05,-10.501834869384766,-0.0018346159486100078,base,no
5033,0,0,0.0008040860329032017,-7.135711669921875,-0.0107117909938097,base,no
5034,0,0,6.605216761401426e-05,-9.639957427978516,-0.014957772567868233,base,no
5035,0,0,8.939694537676617e-06,-11.62705135345459,-0.0020511557813733816,base,no
5036,0,0,0.00023050682251890922,-8.37649154663086,-0.0014919828390702605,base,no
5037,0,0,0.00010889694937251885,-9.12743854522705,-0.002438906580209732,base,no
5038,0,0,9.610244449545257e-05,-9.255057334899902,-0.005057636648416519,base,no
5039,0,0,0.0028009269983360944,-5.895575523376465,-0.02057553455233574,base,no
5040,0,0,0.00017952791029453785,-8.626811027526855,-0.0018106985371559858,base,no
5041,0,0,5.144220383148439e-05,-9.876866340637207,-0.0018661479698494077,base,no
5042,0,0,0.00020342707200635604,-8.508682250976562,-0.00868271291255951,base,no
5043,0,0,5.1442227491471136e-05,-9.878372192382812,-0.0033724596723914146,base,no
5044,0,0,0.00010889689899853217,-9.128445625305176,-0.003445524023845792,base,no
5045,0,0,4.006370728408807e-05,-10.12733268737793,-0.002333063166588545,base,no
5046,0,0,0.000911051012143114,-7.008052349090576,-0.00805214885622263,base,no
5047,0,0,0.0010322310117857785,-6.900167942047119,-0.0251679178327322,base,no
5048,0,0,0.0031726821709302895,-5.775147438049316,-0.025147225707769394,base,no
5049,0,0,0.0009110510680919337,-7.011379241943359,-0.011379103176295757,base,no
5050,0,0,0.00012339452432164413,-9.001794815063477,-0.001794396317563951,base,no
5051,0,0,0.007577242864632608,-4.891363143920898,-0.01636335626244545,base,no
5052,0,0,0.00026119032712095344,-8.258328437805176,-0.008328468538820744,base,no
5053,0,0,0.0008040859161744437,-7.13215446472168,-0.0071544405072927475,base,no
5054,0,0,0.008577485659228435,-4.760462760925293,-0.010462789796292782,base,no
5055,0,0,0.00023050671973956014,-8.379953384399414,-0.004953374620527029,base,no
5056,0,0,6.60521542044407e-05,-9.626605033874512,-0.0016051754355430603,base,no
5057,0,0,3.28874896859704e-06,-12.626006126403809,-0.0010060969507321715,base,no
5058,0,0,0.00020342689859454032,-8.503661155700684,-0.0036607650108635426,base,no
5059,0,0,3.1201919326839124e-05,-10.380516052246094,-0.00551630649715662,base,no
5060,0,0,0.001032231157758642,-6.8883867263793945,-0.013386843726038933,base,no
5061,0,0,0.0002305067517189298,-8.38157844543457,-0.006578574422746897,base,no
5062,0,0,0.0006263340794106637,-7.388950347900391,-0.013950222171843052,base,no
5063,0,0,1.8925151590397372e-05,-10.877042770385742,-0.002042947104200721,base,no
5064,0,0,0.00037998452748699737,-7.884335994720459,-0.00933602824807167,base,no
5065,0,0,0.00010889691142090214,-9.12596321105957,-0.0009632238652557135,base,no
5066,0,0,1.473897557449503e-05,-11.127373695373535,-0.0023732611443847418,base,no
5067,0,0,0.0001233945991397876,-9.003215789794922,-0.00321597745642066,base,no
5068,0,0,0.00012339454829389515,-9.00446891784668,-0.004468693397939205,base,no
5069,0,0,0.0003799844996288948,-7.877032279968262,-0.002032240154221654,base,no
5070,0,0,0.0052201247263099606,-5.287114143371582,-0.03711395710706711,base,no
5071,0,0,0.0008040859722940368,-7.128922462463379,-0.003922508098185062,base,no
5072,0,0,9.610241538760677e-05,-9.252341270446777,-0.0023412692826241255,base,no
5073,0,0,0.0004878570848623545,-7.63146448135376,-0.006464403588324785,base,no
5074,0,0,1.012999125682409e-05,-11.501270294189453,-0.0012703214306384325,base,no
5075,0,0,0.002472623000430906,-6.032704830169678,-0.03270476683974266,base,no
5076,0,0,0.0001233945667937542,-9.007144927978516,-0.007144853472709656,base,no
5077,0,0,0.0024726225846530107,-6.009262561798096,-0.009262329898774624,base,no
5078,0,0,0.00015843619771040921,-8.759604454040527,-0.009604318998754025,base,no
5079,0,0,0.0003799845221806919,-7.884735584259033,-0.00973560381680727,base,no
5080,0,0,0.00015843615003919399,-8.751869201660156,-0.0018687656847760081,base,no
5081,0,0,7.484620903991103e-05,-9.50545597076416,-0.005455723963677883,base,no
5082,0,0,0.04208772476162661,-3.175252676010132,-0.05025259777903557,base,no
5083,0,0,5.1442218532892235e-05,-9.880051612854004,-0.005051705986261368,base,no
5084,0,0,0.0002959572041690296,-8.128824234008789,-0.003824540413916111,base,no
5085,0,0,2.4300232582044093e-05,-10.626177787780762,-0.001177451922558248,base,no
5086,0,0,0.0007096705665279833,-7.254364490509033,-0.004364726599305868,base,no
5087,0,0,0.0004305570021636831,-7.75398063659668,-0.003980452660471201,base,no
5088,0,0,0.0028009263636286927,-5.8801589012146,-0.005158685147762299,base,no
5089,0,0,4.006368130182982e-05,-10.126845359802246,-0.0018450870411470532,base,no
5090,0,0,4.0063676409462484e-05,-10.12740707397461,-0.002406679093837738,base,no
5091,0,0,0.0011695100300653603,-6.7694783210754395,-0.019478119909763336,base,no
5092,0,0,0.0009110510638533865,-7.026163101196289,-0.02616295777261257,base,no
5093,0,0,4.006371021298127e-05,-10.127937316894531,-0.0029377657920122147,base,no
5094,0,0,2.144495710362805e-05,-10.751431465148926,-0.0014318700414150953,base,no
5095,0,0,9.610245138647346e-05,-9.253042221069336,-0.0030425945296883583,base,no
5096,0,0,0.022977372418942873,-3.869727373123169,-0.1197274848818779,base,no
5097,0,0,0.0001584362551003013,-8.762771606445312,-0.012771833688020706,base,no
5098,0,0,0.00026119026158154967,-8.254467964172363,-0.004467743914574385,base,no
5099,0,0,0.00033535026667004243,-8.003504753112793,-0.0035051594022661448,base,no
5100,0,0,0.0028009263818375096,-5.8874969482421875,-0.012496738694608212,base,no
5101,0,0,0.0007096705113793103,-7.260278701782227,-0.010278860107064247,base,no
5102,0,0,0.0011695101464725144,-6.753711700439453,-0.003711598925292492,base,no
5103,0,0,2.144494126104769e-05,-10.755406379699707,-0.005406045820564032,base,no
5104,0,0,0.0004878570464883156,-7.657646656036377,-0.03264649957418442,base,no
5105,0,0,0.0002959570790693333,-8.133625984191895,-0.008625867776572704,base,no
5106,0,0,0.003593603248375377,-5.692453384399414,-0.06745357066392899,base,no
5107,0,0,8.481101960925678e-05,-9.39499568939209,-0.01999542862176895,base,no
5108,0,0,0.0002611902444367362,-8.256641387939453,-0.006641102023422718,base,no
5109,0,0,0.00037998446504947504,-7.879905700683594,-0.0049055698327720165,base,no
5110,0,0,0.0085774865858551,-4.799318790435791,-0.04931892827153206,base,no
5111,0,0,0.002800926706994974,-5.884698390960693,-0.009698297828435898,base,no
5112,0,0,4.539786121920414e-05,-10.003823280334473,-0.0038231154903769493,base,no
5113,0,0,0.0046095722990240826,-5.385199069976807,-0.01019909605383873,base,no
5114,0,0,0.020332355494570995,-3.9149818420410156,-0.03998195007443428,base,no
5115,0,0,0.03308598220236406,-3.5175251960754395,-0.142525315284729,base,no
5116,0,0,0.00017952790674220984,-8.627758026123047,-0.0027576773427426815,base,no
5117,0,0,0.0006263342956865293,-7.382940292358398,-0.007940512150526047,base,no
5118,0,0,5.1442230138324284e-05,-9.878211975097656,-0.003212293842807412,base,no
5119,0,0,0.001325022584817964,-6.641697406768799,-0.016697533428668976,base,no
5120,0,0,0.1480471980316895,-1.976628303527832,-0.22662830352783203,base,no
5121,0,0,0.009708474368343994,-4.675410270690918,-0.05041005089879036,base,no
5122,0,0,0.0009110511693932146,-7.005214214324951,-0.005214186850935221,base,no
5123,0,0,2.1444950962317545e-05,-10.75146484375,-0.0014649622607976198,base,no
5124,0,0,0.0002959571293572004,-8.12786865234375,-0.0028687058947980404,base,no
5125,0,0,0.00010889690893642804,-9.127345085144043,-0.0023450751323252916,base,no
5126,0,0,0.07585817270885642,-2.6298961639404297,-0.12989605963230133,base,no
5127,0,0,2.144495431257696e-05,-10.75494384765625,-0.0049441223964095116,base,no
5128,0,0,0.004070137504485895,-5.5390424728393555,-0.03904242068529129,base,no
5129,0,0,0.0017007222659623763,-6.394880294799805,-0.019880209118127823,base,no
5130,0,0,7.484625845775687e-05,-9.504891395568848,-0.0048918090760707855,base,no
5131,0,0,0.0021827159463647305,-6.134881973266602,-0.009881744161248207,base,no
5132,0,0,7.48462039343315e-05,-9.50318717956543,-0.003186864545568824,base,no
5133,0,0,1.89251425189874e-05,-10.875778198242188,-0.0007778956205584109,base,no
5134,0,0,5.1442210628265094e-05,-9.878106117248535,-0.0031060567125678062,base,no
5135,0,0,0.000295957032639173,-8.127686500549316,-0.0026862272061407566,base,no
5136,0,0,3.535625281613972e-05,-10.258956909179688,-0.0089569678530097,base,no
5137,0,0,0.0005527785736363339,-7.509452819824219,-0.009452705271542072,base,no
5138,0,0,0.0015011824479871053,-6.505091667175293,-0.005091794766485691,base,no
5139,0,0,0.4073334000459302,-1.2510263919830322,-0.8760263919830322,base,no
5140,0,0,6.144177337950642e-06,-12.000250816345215,-0.0002512616047170013,base,no
5141,0,0,0.00013982207678659003,-8.877842903137207,-0.002842911286279559,base,no
5142,0,0,7.48462196518505e-05,-9.50271224975586,-0.002712144749239087,base,no
5143,0,0,4.785093052116203e-06,-12.251148223876953,-0.0011479223612695932,base,no
5144,0,0,3.5356245648363255e-05,-10.250536918640137,-0.0005367745761759579,base,no
5145,0,0,0.0006263341464503445,-7.390744209289551,-0.01574419066309929,base,no
5146,0,0,0.0019267349122701156,-6.258273601531982,-0.008273730985820293,base,no
5147,0,0,0.004609572897273501,-5.384660243988037,-0.009660400450229645,base,no
5148,0,0,0.0005527786464424165,-7.506667137145996,-0.006667154375463724,base,no
5149,0,0,4.539788532303144e-05,-10.0012845993042,-0.0012849654303863645,base,no
5150,0,0,0.00012339462489309645,-9.001932144165039,-0.0019325405592098832,base,no
5151,0,0,0.0006263341365401304,-7.3848981857299805,-0.009898151271045208,base,no
5152,0,0,0.06754669583231304,-2.713073253631592,-0.08807332813739777,base,no
5153,0,0,0.00033534999309216555,-8.011022567749023,-0.011022157967090607,base,no
5154,0,0,5.8291255102744614e-05,-9.754940032958984,-0.004939851816743612,base,no
5155,0,0,0.03308597791199666,-3.426161289215088,-0.0511612743139267,base,no
5156,0,0,0.00010889686185818952,-9.1364164352417,-0.011415992863476276,base,no
5157,0,0,0.00015843616237654,-8.752013206481934,-0.002012848388403654,base,no
5158,0,0,0.0004878570501213606,-7.637670993804932,-0.012670844793319702,base,no
5159,0,0,8.481107870585151e-05,-9.377254486083984,-0.0022549221757799387,base,no
5160,0,0,0.00015843627728540975,-8.751187324523926,-0.0011876918142661452,base,no
5161,0,0,0.03308598065306466,-3.425783395767212,-0.050783466547727585,base,no
5162,0,0,0.014063627224035471,-4.272164821624756,-0.022164834663271904,base,no
5163,0,0,4.539786453803775e-05,-10.004873275756836,-0.004873184021562338,base,no
5164,0,0,5.144220322666078e-05,-9.879595756530762,-0.004595552105456591,base,no
5165,0,0,5.829126851109108e-05,-9.75522232055664,-0.005222369451075792,base,no
5166,0,0,0.05340332452690107,-2.9603123664855957,-0.08531226217746735,base,no
5167,0,0,0.0015011822427771302,-6.509109020233154,-0.00910901091992855,base,no
5168,0,0,6.605211711283629e-05,-9.639609336853027,-0.014608916826546192,base,no
5169,0,0,0.014063630142502889,-4.2778730392456055,-0.027873262763023376,base,no
5170,0,0,0.0005527785587149471,-7.504760265350342,-0.004760123789310455,base,no
5171,0,0,7.484622674390282e-05,-9.514925956726074,-0.014925946481525898,base,no
5172,0,0,5.422217317782522e-06,-12.125609397888184,-0.0006090931710787117,base,no
5173,0,0,0.0009110512995166336,-7.006227970123291,-0.006228085607290268,base,no
5174,0,0,0.010986944836745779,-4.517575740814209,-0.01757594384253025,base,no
5175,0,0,3.5356235698265394e-05,-10.25078296661377,-0.0007825411157682538,base,no
5176,0,0,4.006368606827406e-05,-10.126405715942383,-0.0014055621577426791,base,no
5177,0,0,0.0001398220930291968,-8.879252433776855,-0.00425255810841918,base,no
5178,0,1,0.5312093733737563,-0.8191125392913818,-0.9441125392913818,base,yes
5179,0,0,0.00020342698373773452,-8.515275955200195,-0.015275983139872551,base,no
5180,0,0,0.0052201254614187564,-5.273985385894775,-0.02398534119129181,base,no
5181,0,0,0.002182716681651003,-6.13018798828125,-0.005188096780329943,base,no
5182,0,0,0.000379984486716886,-7.87747049331665,-0.0024704195093363523,base,no
5183,0,0,1.892515254655838e-05,-10.877764701843262,-0.002764929085969925,base,no
5184,0,0,0.00026119031058410787,-8.262773513793945,-0.012773481197655201,base,no
5185,0,0,0.0003353500211914522,-8.028874397277832,-0.028874071314930916,base,no
5186,0,0,0.005220125209934157,-5.283242702484131,-0.0332426093518734,base,no
5187,0,0,0.0008040861148378209,-7.131689548492432,-0.006689771544188261,base,no
5188,0,0,0.0015011820710708458,-6.507938861846924,-0.007938737981021404,base,no
5189,0,0,0.00015843619077641338,-8.774730682373047,-0.02473050355911255,base,no
5190,0,0,0.0008040859476014153,-7.137834548950195,-0.012834563851356506,base,no
5191,0,0,5.8291256432722165e-05,-9.758337020874023,-0.008336862549185753,base,no
5192,0,0,0.0008040857702635199,-7.130225658416748,-0.005225452594459057,base,no
5193,0,0,0.00017952796132269275,-8.631747245788574,-0.006747201085090637,base,no
5194,0,0,4.539788782272748e-05,-10.003396987915039,-0.0033974091056734324,base,no
5195,0,0,0.0003799845932851906,-7.877250671386719,-0.0022508781403303146,base,no
5196,0,0,9.610242221150526e-05,-9.252460479736328,-0.002460549585521221,base,no
5197,0,0,5.422219991971076e-06,-12.12575912475586,-0.0007593132322654128,base,no
5198,0,0,0.0028009263116035017,-5.91645622253418,-0.041455987840890884,base,no
5199,0,0,1.8925157243644977e-05,-10.87629222869873,-0.00129270413890481,base,no
5200,0,0,1.4738987547472978e-05,-11.135395050048828,-0.010395428165793419,base,no
5201,0,0,0.0009110512596742817,-7.00606107711792,-0.006061148829758167,base,no
5202,0,0,0.00010889691200399303,-9.130809783935547,-0.00580980209633708,base,no
5203,0,0,0.005911070082099775,-5.211054801940918,-0.08605501055717468,base,no
5204,0,0,4.5397878727639575e-05,-10.000715255737305,-0.0007154765771701932,base,no
5205,0,0,0.004070138187794008,-5.511867046356201,-0.011867162771522999,base,no
5206,0,0,0.0005527785864995988,-7.504897594451904,-0.0048975031822919846,base,no
5207,0,0,0.00029595725307916755,-8.131669998168945,-0.006670469883829355,base,no
5208,0,0,0.46879062662624377,-0.9030196666717529,-0.7780196666717529,base,no
5209,0,0,2.7535692133928695e-05,-10.503035545349121,-0.0030355823691934347,base,no
5210,0,0,4.00636820666995e-05,-10.125518798828125,-0.0005185451591387391,base,no
5211,0,0,0.0003799845895707762,-7.88200569152832,-0.007005888503044844,base,no
5212,0,0,0.0075772408196442265,-4.928578853607178,-0.05357879400253296,base,no
5213,0,0,4.006368631545759e-05,-10.127897262573242,-0.002897114958614111,base,no
5214,0,0,0.0001233946116070887,-9.001730918884277,-0.0017312075942754745,base,no
5215,0,0,0.0330859819640103,-3.432241439819336,-0.05724155157804489,base,no
5216,0,0,0.0021827169159284736,-6.13047981262207,-0.005480028688907623,base,no
5217,0,0,0.0004878570764609375,-7.63358211517334,-0.008582020178437233,base,no
5218,0,0,7.48462126033618e-05,-9.501518249511719,-0.0015180503251031041,base,no
5219,0,0,0.0009110513503792127,-7.008647441864014,-0.008647613227367401,base,no
5220,0,0,0.00037998454897753497,-7.876708030700684,-0.0017081208061426878,base,no
5221,0,0,0.00033535003703632875,-8.003393173217773,-0.003392894519492984,base,no
5222,0,0,0.0001088969276713924,-9.132144927978516,-0.007145090028643608,base,no
5223,0,0,0.0035936029615845884,-5.64133358001709,-0.01633368618786335,base,no
5224,0,0,0.37754066879814546,-1.0413955450057983,-0.5413955450057983,base,no
5225,0,0,0.00020342700069061058,-8.505255699157715,-0.00525581045076251,base,no
5226,0,0,0.0007096703845704019,-7.253847599029541,-0.003847578540444374,base,no
5227,0,0,1.670141961996314e-05,-11.00272274017334,-0.00272260676138103,base,no
5228,0,0,6.962255673867447e-06,-11.876596450805664,-0.0015963680343702435,base,no
5229,0,0,0.00026119041248027575,-8.254902839660645,-0.004903197288513184,base,no
5230,0,0,0.008577486657134077,-4.76160192489624,-0.011602071113884449,base,no
5231,0,0,3.120190447449822e-05,-10.3762788772583,-0.001278655487112701,base,no
5232,0,0,5.144219774133012e-05,-9.885313034057617,-0.010312722995877266,base,no
5233,0,0,9.610244826537787e-05,-9.251392364501953,-0.001392705482430756,base,no
5234,0,0,1.4738984980608446e-05,-11.12988567352295,-0.0048858774825930595,base,no
5235,0,0,0.00037998442445624726,-7.877760887145996,-0.002760649425908923,base,no
5236,0,0,0.000911051035031267,-7.0092692375183105,-0.00926906242966652,base,no
5237,0,0,5.829126166441986e-05,-9.751044273376465,-0.0010442048078402877,base,no
5238,0,0,9.610246039178558e-05,-9.250703811645508,-0.000704278820194304,base,no
5239,0,0,2.4300251374106248e-05,-10.625744819641113,-0.0007452571298927069,base,no
5240,0,0,0.00012339462033994554,-9.008216857910156,-0.008217217400670052,base,no
5241,0,0,0.0028009263870400285,-5.8897318840026855,-0.014731676317751408,base,no
5242,0,0,4.5397890052900386e-05,-10.008071899414062,-0.00807236973196268,base,no
5243,0,0,0.004609572572509522,-5.388582229614258,-0.013582315295934677,base,no
5244,0,0,5.715003377892246e-07,-14.375926971435547,-0.0009267802815884352,base,no
5245,0,0,0.0010322309368786592,-6.881356239318848,-0.006356142461299896,base,no
5246,0,0,0.00013982210829529583,-8.877184867858887,-0.0021851013880223036,base,no
5247,0,0,0.00037998456339299923,-7.8797783851623535,-0.004778513219207525,base,no
5248,0,0,0.0052201249197596335,-5.261463165283203,-0.011463016271591187,base,no
5249,0,0,3.726640193507547e-06,-12.505517959594727,-0.005518203601241112,base,no
5250,0,0,2.1444941735376275e-05,-10.752787590026855,-0.0027872782666236162,base,no
5251,0,0,0.0004305571224081423,-7.757636070251465,-0.007636165712028742,base,no
5252,0,0,1.0129990043940604e-05,-11.500813484191895,-0.0008133916999213398,base,no
5253,0,0,0.00015843622729054378,-8.754539489746094,-0.004539541434496641,base,no
5254,0,0,5.422217470223543e-06,-12.133861541748047,-0.008861265145242214,base,no
5255,0,0,2.1444955001602064e-05,-10.754740715026855,-0.0047410218976438046,base,no
5256,0,0,8.481105728259071e-05,-9.376030921936035,-0.0010311054065823555,base,no
5257,0,0,0.0003799845780737793,-7.8822760581970215,-0.0072762249037623405,base,no
5258,0,0,0.00048785714094749403,-7.629300594329834,-0.004300631582736969,base,no
5259,0,0,0.00043055714204807375,-7.755970478057861,-0.005970619153231382,base,no
5260,0,0,0.00010889693573325897,-9.12753677368164,-0.00253700977191329,base,no
5261,0,0,0.006692849463094494,-5.038376331329346,-0.038376111537218094,base,no
5262,0,0,1.473898336087597e-05,-11.133846282958984,-0.008846377022564411,base,no
5263,0,0,0.10669058826486906,-2.2780051231384277,-0.15300506353378296,base,no
5264,0,0,0.0001584362466541012,-8.753570556640625,-0.0035707305651158094,base,no
5265,0,0,1.012999547862677e-05,-11.500883102416992,-0.0008835464250296354,base,no
5266,0,0,3.120190035187612e-05,-10.379281044006348,-0.004280690103769302,base,no
5267,0,0,1.5534973643193365e-06,-13.375514030456543,-0.0005137792322784662,base,no
5268,0,0,0.0040701376026406446,-5.518364429473877,-0.018364401534199715,base,no
5269,0,0,0.0024726236378805775,-6.007417678833008,-0.0074178739450871944,base,no
5270,0,0,0.00010889694886548314,-9.129364013671875,-0.004364370368421078,base,no
5271,0,0,1.8925154207723023e-05,-10.876715660095215,-0.0017159751150757074,base,no
5272,0,0,0.00010889688979583857,-9.131295204162598,-0.0062950183637440205,base,no
5273,0,0,7.484624804620166e-05,-9.501871109008789,-0.0018713833997026086,base,no
5274,0,0,0.0008040857740048254,-7.134169101715088,-0.009168900549411774,base,no
5275,0,0,0.00522012669949696,-5.291799068450928,-0.041799262166023254,base,no
5276,0,0,0.0534033328129234,-2.9480063915252686,-0.07300645112991333,base,no
5277,0,0,0.0010322311241464678,-6.886401176452637,-0.011401261202991009,base,no
5278,0,0,2.7535699054578577e-05,-10.501152992248535,-0.0011532806092873216,base,no
5279,0,0,0.00012339461177944772,-9.002318382263184,-0.0023186723701655865,base,no
5280,0,0,0.00043055698092049876,-7.754754543304443,-0.004754310008138418,base,no
5281,0,0,0.007577242507459941,-4.883453845977783,-0.00845401082187891,base,no
5282,0,0,0.0011695103466493294,-6.760229587554932,-0.010229657404124737,base,no
5283,0,0,0.00048785714912184683,-7.636991500854492,-0.011991554871201515,base,no
5284,0,0,0.00048785711097486804,-7.631115913391113,-0.006115889176726341,base,no
5285,0,0,0.0002611902794559309,-8.260603904724121,-0.010603752918541431,base,no
5286,0,0,0.007577241519982652,-4.892885208129883,-0.0178852416574955,base,no
5287,0,0,0.00010889695347950823,-9.130154609680176,-0.005155008751899004,base,no
5288,0,0,0.0004878570978050785,-7.632338523864746,-0.00733847264200449,base,no
5289,0,0,2.7535681687244657e-05,-10.50145435333252,-0.0014540109550580382,base,no
5290,0,0,0.0008040857908407,-7.1289496421813965,-0.003949461970478296,base,no
5291,0,0,0.008577485382032443,-4.775986194610596,-0.025986190885305405,base,no
5292,0,0,0.000911051039269814,-7.006587982177734,-0.00658781174570322,base,no
5293,0,0,0.007577240441461502,-4.8842620849609375,-0.009261975064873695,base,no
5294,0,0,0.00407013709676619,-5.546427249908447,-0.04642709717154503,base,no
5295,0,0,0.0004305571699047129,-7.755146026611328,-0.005146232433617115,base,no
5296,0,0,0.000230506786810391,-8.383440017700195,-0.008440298959612846,base,no
5297,0,0,0.0006263342752831425,-7.387616157531738,-0.012616344727575779,base,no
5298,0,0,0.0008040861223204349,-7.129655361175537,-0.004655593540519476,base,no
5299,0,0,0.008577483877254361,-4.774529933929443,-0.024529753252863884,base,no
5300,0,0,0.1329642436335826,-2.0380144119262695,-0.16301444172859192,base,no
5301,0,0,0.00043055699975879427,-7.7539520263671875,-0.003951836843043566,base,no
5302,0,0,1.892514934319887e-05,-10.87614631652832,-0.0011463745031505823,base,no
5303,0,0,0.004609573166485764,-5.385467529296875,-0.010467744432389736,base,no
5304,0,0,0.0007096704275004986,-7.257028102874756,-0.007028142921626568,base,no
5305,0,0,0.00026119030827381333,-8.253663063049316,-0.003663021605461836,base,no
5306,0,0,8.481104563307792e-05,-9.379353523254395,-0.004353569354861975,base,no
5307,0,0,0.0019267343517014816,-6.260913372039795,-0.010913209989666939,base,no
5308,0,0,0.00033534999871202267,-8.008767127990723,-0.008766734972596169,base,no
5309,0,0,9.610244467444011e-05,-9.259035110473633,-0.009035414084792137,base,no
5310,0,0,3.120191253449844e-05,-10.378738403320312,-0.0037384398747235537,base,no
5311,0,0,0.0005527786688245004,-7.515836715698242,-0.015836773440241814,base,no
5312,0,0,0.00012339452666285239,-9.003564834594727,-0.003564434824511409,base,no
5313,0,0,5.14421925673943e-05,-9.878856658935547,-0.003856247290968895,base,no
5314,0,0,0.18242552825126704,-1.92043137550354,-0.4204314053058624,base,no
5315,0,0,0.00048785713890390575,-7.632163047790527,-0.007163080852478743,base,no
5316,0,0,2.4300242463221434e-05,-10.628854751586914,-0.0038548223674297333,base,no
5317,0,0,1.6701423372402086e-05,-11.003755569458008,-0.003755660727620125,base,no
5318,0,0,0.00033535023989764693,-8.004176139831543,-0.0041764662601053715,base,no
5319,0,0,0.0019267344054300975,-6.270200729370117,-0.020200595259666443,base,no
5320,0,1,0.7310585786300049,-0.38707244396209717,-1.3870724439620972,base,yes
5321,0,0,0.00857748702936875,-4.769421577453613,-0.019421767443418503,base,no
5322,0,0,0.0019267347089968064,-6.254466533660889,-0.004466557409614325,base,no
5323,0,0,0.00023050678769572603,-8.37686538696289,-0.0018656720640137792,base,no
5324,0,0,0.003172683561166906,-5.787168979644775,-0.0371692068874836,base,no
5325,0,0,0.0011695100801095558,-6.770266056060791,-0.02026589773595333,base,no
5326,0,0,0.004070138606839371,-5.515363693237305,-0.015363913029432297,base,no
5327,0,0,1.4738987423934032e-05,-11.127668380737305,-0.00266875047236681,base,no
5328,0,0,7.889262948104017e-06,-11.753032684326172,-0.003032730193808675,base,no
5329,0,0,3.120191909437397e-05,-10.382951736450195,-0.007951983250677586,base,no
5330,0,0,0.00029595708609585664,-8.127224922180176,-0.002224829513579607,base,no
5331,0,0,0.0005527786533885804,-7.510939121246338,-0.010939151048660278,base,no
5332,0,0,9.610237827008215e-05,-9.253972053527832,-0.003971666097640991,base,no
5333,0,0,6.605215156712238e-05,-9.62639331817627,-0.0013934198068454862,base,no
5334,0,0,0.004070137402555965,-5.5082268714904785,-0.008226794190704823,base,no
5335,0,0,0.022977368906458788,-3.815655469894409,-0.0656554251909256,base,no
5336,0,0,0.1480472055495773,-1.9957244396209717,-0.24572449922561646,base,no
5337,0,0,3.2887486826009984e-06,-12.626617431640625,-0.001617315225303173,base,no
5338,0,0,0.0003799844409942284,-7.879187107086182,-0.004186912905424833,base,no
5339,0,0,0.0004878570503484258,-7.632590293884277,-0.007590145338326693,base,no
5340,0,0,0.00669285072615733,-5.021655559539795,-0.021655529737472534,base,no
5341,0,0,7.484626232615098e-05,-9.506304740905762,-0.006305206101387739,base,no
5342,0,0,3.1201910772848823e-05,-10.375996589660645,-0.0009965697536244988,base,no
5343,0,0,0.0007096703380077615,-7.256718158721924,-0.006718072574585676,base,no
5344,0,0,8.481107797528862e-05,-9.379094123840332,-0.00409455131739378,base,no
5345,0,0,0.001501182136682188,-6.516308784484863,-0.016308704391121864,base,no
5346,0,0,0.0004305571536717071,-7.753147125244141,-0.003147293347865343,base,no
5347,0,0,0.0015011824745108455,-6.5393385887146,-0.03933873400092125,base,no
5348,0,0,0.0008040858194616875,-7.128849029541016,-0.003848884953185916,base,no
5349,0,0,0.00015843625244472742,-8.751116752624512,-0.0011169631034135818,base,no
5350,0,0,0.0001584361694580664,-8.752656936645508,-0.0026566232554614544,base,no
5351,0,0,2.1024330143449123e-07,-15.37666130065918,-0.0016611122991889715,base,no
5352,0,0,1.8925146086964648e-05,-10.877068519592285,-0.002068405505269766,base,no
5353,0,0,0.0003799845221806919,-7.878774642944336,-0.0037746625021100044,base,no
5354,0,0,0.0011695103858143624,-6.760691165924072,-0.010691269300878048,base,no
5355,0,0,2.7535702356232445e-05,-10.501660346984863,-0.0016607552533969283,base,no
5356,0,0,0.0013250225466139263,-6.6395978927612305,-0.014597990550100803,base,no
5357,0,0,0.00033535027627063955,-8.007369041442871,-0.007369476370513439,base,no
5358,0,0,0.002800927463961698,-5.88622522354126,-0.011225401423871517,base,no
5359,0,0,4.539785614582839e-05,-10.007401466369629,-0.0074011897668242455,base,no
5360,0,0,0.0009110510452037798,-7.009060859680176,-0.009060695767402649,base,no
5361,0,0,0.0004305570259119611,-7.752241134643555,-0.002241005888208747,base,no
5362,0,0,0.00010889691441241189,-9.12814998626709,-0.003150026546791196,base,no
5363,0,0,0.0031726831429176906,-5.765759468078613,-0.015759563073515892,base,no
5364,0,0,3.535625757407885e-05,-10.252092361450195,-0.002092554699629545,base,no
5365,0,0,0.0001584362758285322,-8.752288818359375,-0.0022891764529049397,base,no
5366,0,0,0.00015843625679691796,-8.754053115844727,-0.004053353797644377,base,no
5367,0,0,0.0006263340128082053,-7.377926349639893,-0.0029261175077408552,base,no
5368,0,0,0.00012339455771618327,-9.002249717712402,-0.00224956963211298,base,no
5369,0,0,6.144172557968629e-06,-12.001527786254883,-0.0015274535398930311,base,no
5370,0,0,3.1201922900991186e-05,-10.376611709594727,-0.0016120783984661102,base,no
5371,0,0,0.000295957058265314,-8.132469177246094,-0.00746899051591754,base,no
5372,0,0,0.04208772491181671,-3.1894874572753906,-0.06448738276958466,base,no
5373,0,0,0.0002959570447633684,-8.129678726196289,-0.004678493831306696,base,no
5374,0,0,0.00023050667413140633,-8.383155822753906,-0.00815561506897211,base,no
5375,0,0,5.8291263774741634e-05,-9.752354621887207,-0.0023545895237475634,base,no
5376,0,0,5.1442203717705695e-05,-9.878033638000488,-0.003033443121239543,base,no
5377,0,0,9.610244371238203e-05,-9.252466201782227,-0.00246649538166821,base,no
5378,0,0,4.539785478235875e-05,-10.002103805541992,-0.0021034989040344954,base,no
5379,0,0,8.939692229386322e-06,-11.627227783203125,-0.0022273273207247257,base,no
5380,0,0,0.012431651722165666,-4.403433799743652,-0.028433870524168015,base,no
5381,0,0,2.753568884269389e-05,-10.500406265258789,-0.00040618274942971766,base,no
5382,0,0,0.009708474475791274,-4.743155002593994,-0.11815479397773743,base,no
5383,0,0,4.539787703122884e-05,-10.003396987915039,-0.0033971713855862617,base,no
5384,0,0,0.00037998454517468256,-7.888926982879639,-0.013927062973380089,base,no
5385,0,0,0.0001088969479274671,-9.125703811645508,-0.000704159727320075,base,no
5386,0,0,0.00017952799396233092,-8.627754211425781,-0.002754348563030362,base,no
5387,0,0,0.006692850069859944,-5.012241363525391,-0.012241235002875328,base,no
5388,0,0,0.00048785720384460137,-7.628185272216797,-0.003185438457876444,base,no
5389,0,0,0.00033535018619675506,-8.003222465515137,-0.0032226317562162876,base,no
5390,0,0,0.0006263342082434481,-7.381384372711182,-0.0063844528049230576,base,no
5391,0,0,0.03732688895048618,-3.316086530685425,-0.06608657538890839,base,no
5392,0,0,0.0001795278898582047,-8.62987232208252,-0.004871879238635302,base,no
5393,0,0,0.00029595712219290105,-8.129190444946289,-0.004190474282950163,base,no
5394,0,0,0.00015843620302155516,-8.760024070739746,-0.01002396922558546,base,no
5395,0,0,0.00013982211698623144,-8.882452011108398,-0.007452306803315878,base,no
5396,0,0,2.7535679126060682e-05,-10.50227165222168,-0.0022712168283760548,base,no
5397,0,0,0.0005527787287673273,-7.504917621612549,-0.004917787853628397,base,no
5398,0,0,0.001926734265735699,-6.260982513427734,-0.01098230667412281,base,no
5399,0,0,0.007577240336410749,-4.889285564422607,-0.014285440556704998,base,no
5400,0,0,0.07585817897661679,-2.6446163654327393,-0.14461635053157806,base,no
5401,0,0,4.0063700997228844e-05,-10.128130912780762,-0.0031311316415667534,base,no
5402,0,0,1.892514811825548e-05,-10.876623153686523,-0.0016231469344347715,base,no
5403,0,0,0.0024726229728655185,-6.023212909698486,-0.02321283519268036,base,no
5404,0,0,5.829125439704226e-05,-9.757027626037598,-0.0070274327881634235,base,no
5405,0,0,0.07585818211049715,-2.611705780029297,-0.11170580983161926,base,no
5406,0,0,4.539785437014702e-05,-10.002323150634766,-0.0023228349164128304,base,no
5407,0,0,0.00026119041989754014,-8.25536060333252,-0.005360989365726709,base,no
5408,0,0,0.22270012850745968,-1.5325658321380615,-0.28256577253341675,base,no
5409,0,0,0.00033534999777537977,-8.011567115783691,-0.011566719971597195,base,no
5410,0,0,3.5356243415507536e-05,-10.254465103149414,-0.0044648959301412106,base,no
5411,0,0,0.0004305570841303191,-7.754828453063965,-0.004828459583222866,base,no
5412,0,0,0.0003353499991022905,-8.002730369567871,-0.0027299777138978243,base,no
5413,0,0,1.3007131617546075e-05,-11.251288414001465,-0.0012886562617495656,base,no
5414,0,0,1.8925144329964344e-05,-10.875807762145996,-0.0008075552177615464,base,no
5415,0,0,7.484623409733372e-05,-9.50468635559082,-0.004686443600803614,base,no
5416,0,0,0.0015011822148574077,-6.5078816413879395,-0.007881613448262215,base,no
5417,0,0,1.0129994482729304e-05,-11.500859260559082,-0.0008596062543801963,base,no
5418,0,0,0.01590639509399103,-4.203176498413086,-0.07817671447992325,base,no
5419,0,0,0.0001584362894752337,-8.756232261657715,-0.006232705898582935,base,no
5420,0,0,0.00015843623924062462,-8.754877090454102,-0.0048772175796329975,base,no
5421,0,0,0.00023050672599056072,-8.376943588256836,-0.0019436056027188897,base,no
5422,0,0,3.1201908700640486e-05,-10.375805854797363,-0.0008057684754021466,base,no
5423,0,0,0.0015011822385891716,-6.506229400634766,-0.006229388527572155,base,no
5424,0,0,0.00015843614511532072,-8.752485275268555,-0.002484808210283518,base,no
5425,0,0,3.120191099441712e-05,-10.377188682556152,-0.002188669750466943,base,no
5426,0,0,3.535624282282329e-05,-10.254876136779785,-0.004875912796705961,base,no
5427,0,0,0.00033535008784921374,-8.005975723266602,-0.0059755961410701275,base,no
5428,0,0,0.025957355973344448,-3.6718618869781494,-0.046861838549375534,base,no
5429,0,0,7.48462112006342e-05,-9.503231048583984,-0.003230830654501915,base,no
5430,0,0,0.00029595703181252333,-8.130329132080078,-0.0053288559429347515,base,no
5431,0,0,8.481103982806704e-05,-9.384788513183594,-0.00978849083185196,base,no
5432,0,0,0.00048785703241026643,-7.633606433868408,-0.008606248535215855,base,no
5433,0,0,8.481101069442153e-05,-9.376099586486816,-0.0010992205934599042,base,no
5434,0,0,8.481101712139568e-05,-9.379938125610352,-0.00493783550336957,base,no
5435,0,0,8.481105120114994e-05,-9.377443313598633,-0.0024434253573417664,base,no
5436,0,0,0.00013982205780975926,-8.885746002197266,-0.010745874606072903,base,no
5437,0,0,0.000295957082031495,-8.127577781677246,-0.002577675273641944,base,no
5438,0,0,6.60521508674257e-05,-9.627683639526367,-0.002683730563148856,base,no
5439,0,0,0.033085976362697465,-3.414198160171509,-0.039198096841573715,base,no
5440,0,0,2.144494422684974e-05,-10.751051902770996,-0.0010517071932554245,base,no
5441,0,0,0.005911068549779841,-5.143269062042236,-0.01826900988817215,base,no
5442,0,0,0.06008665227791171,-2.839524269104004,-0.08952430635690689,base,no
5443,0,0,6.605217542601479e-05,-9.638191223144531,-0.013191686011850834,base,no
5444,0,0,2.7535684331771537e-05,-10.5018949508667,-0.001894704531878233,base,no
5445,0,0,0.00037998444983806885,-7.877151966094971,-0.002151795197278261,base,no
5446,0,0,1.1478772961775502e-05,-11.376420021057129,-0.001420442247763276,base,no
5447,0,0,8.481105295844934e-05,-9.37796401977539,-0.002964152256026864,base,no
5448,0,0,0.0003353500933910189,-8.002008438110352,-0.002008327515795827,base,no
5449,0,0,0.13296424019782924,-2.1147942543029785,-0.23979425430297852,base,no
5450,0,0,0.00010889691727716278,-9.131990432739258,-0.0069904993288218975,base,no
5451,0,0,0.00010889696147799723,-9.125696182250977,-0.000696654780767858,base,no
5452,0,0,0.022977370411809046,-3.7991061210632324,-0.04910614341497421,base,no
5453,0,0,0.00010889686031173183,-9.126815795898438,-0.0018153393175452948,base,no
5454,0,0,6.9622576361066045e-06,-11.877145767211914,-0.0021459662821143866,base,no
5455,0,0,4.006369448650624e-05,-10.127100944519043,-0.002101000864058733,base,no
5456,0,0,0.10669060104662924,-2.30719256401062,-0.1821926385164261,base,no
5457,0,0,5.8291242834381734e-05,-9.753460884094238,-0.0034604924730956554,base,no
5458,0,0,5.144223290494469e-05,-9.878003120422363,-0.0030034929513931274,base,no
5459,0,0,0.0015011825526860833,-6.50920295715332,-0.009203154593706131,base,no
5460,0,0,0.00026119043728555413,-8.272461891174316,-0.02246234379708767,base,no
5461,0,0,0.010986942792512623,-4.583613395690918,-0.08361341059207916,base,no
5462,0,0,0.0052201268058943194,-5.273974418640137,-0.02397463284432888,base,no
5463,0,0,1.4738988707366458e-05,-11.126702308654785,-0.0017027654685080051,base,no
5464,0,0,0.0004878570250874105,-7.6269330978393555,-0.0019328974885866046,base,no
5465,0,0,6.605211483690104e-05,-9.634209632873535,-0.009209178388118744,base,no
5466,0,0,0.0002034269284041251,-8.500852584838867,-0.0008523407159373164,base,no
5467,0,0,4.539788637470058e-05,-10.003371238708496,-0.003371628001332283,base,no
5468,0,0,5.422220082236404e-06,-12.127640724182129,-0.0026409293059259653,base,no
5469,0,0,2.7535684472812982e-05,-10.50201416015625,-0.0020139189437031746,base,no
5470,0,0,0.053403329423186846,-2.9469127655029297,-0.07191275805234909,base,no
5471,0,0,2.9023128488135995e-06,-12.752605438232422,-0.0026057357899844646,base,no
5472,0,0,0.0004878572122460206,-7.627864837646484,-0.0028650211170315742,base,no
5473,0,0,0.00013982212180367913,-8.881288528442383,-0.006288858596235514,base,no
5474,0,0,0.00015843626446857613,-8.751588821411133,-0.0015891077928245068,base,no
5475,0,0,0.00037998450581958407,-7.876773357391357,-0.0017733338754624128,base,no
5476,0,0,4.539787648161292e-05,-10.002608299255371,-0.002608470618724823,base,no
5477,0,0,0.004070137006161817,-5.512331962585449,-0.012331787496805191,base,no
5478,0,0,0.008577485754267063,-4.763715744018555,-0.013715784065425396,base,no
5479,0,0,7.889263137299331e-06,-11.752310752868652,-0.00231082271784544,base,no
5480,0,0,7.889259346046542e-06,-11.751139640808105,-0.0011392300948500633,base,no
5481,0,0,9.422443237915993e-07,-13.875310897827148,-0.0003106111544184387,base,no
5482,0,0,7.484623566560106e-05,-9.503128051757812,-0.00312816072255373,base,no
5483,0,0,0.00010889692959812776,-9.13325309753418,-0.008253277279436588,base,no
5484,0,0,0.0006263342465726637,-7.37826681137085,-0.0032669526990503073,base,no
5485,0,0,0.02595735945832451,-3.686321258544922,-0.06132134795188904,base,no
5486,0,0,0.08509905312815914,-2.4883177280426025,-0.1133178323507309,base,no
5487,0,0,9.610243113850762e-05,-9.251434326171875,-0.001434488920494914,base,no
5488,0,0,0.03308597505175204,-3.431065320968628,-0.05606521666049957,base,no
5489,0,0,1.8925142892418766e-05,-10.878323554992676,-0.003323272103443742,base,no
5490,0,0,4.539786923091115e-05,-10.006244659423828,-0.006244671065360308,base,no
5491,0,0,0.0002611903750291736,-8.257526397705078,-0.0075266119092702866,base,no
5492,0,0,0.007577242472443013,-4.914831161499023,-0.03983132168650627,base,no
5493,0,0,9.610243108257402e-05,-9.251930236816406,-0.001930398982949555,base,no
5494,0,0,0.0019267346884008333,-6.261417865753174,-0.011417878791689873,base,no
5495,0,0,6.60521145370312e-05,-9.625958442687988,-0.0009579836623743176,base,no
5496,0,0,0.004070136760774983,-5.508694648742676,-0.008694413118064404,base,no
5497,0,0,8.481101192847952e-05,-9.376086235046387,-0.001085883704945445,base,no
5498,0,0,4.539788061430206e-05,-10.002058982849121,-0.0020592452492564917,base,no
5499,0,0,0.0013250222884286025,-6.632279872894287,-0.007279775571078062,base,no
5500,0,0,0.02595735757455145,-3.677973985671997,-0.052974000573158264,base,no
5501,0,0,0.00317268272466853,-5.7584357261657715,-0.0084356889128685,base,no
5502,0,0,0.0035936026514503893,-5.63893985748291,-0.013939877040684223,base,no
5503,0,0,0.004609573038289447,-5.386011123657227,-0.01101131085306406,base,no
5504,0,0,0.00029595719948467884,-8.13476848602295,-0.009768776595592499,base,no
5505,0,0,0.00029595706184746293,-8.126919746398926,-0.0019195717759430408,base,no
5506,0,0,2.4300235620229885e-05,-10.625649452209473,-0.0006492413813248277,base,no
5507,0,0,0.00023050670611076969,-8.381142616271973,-0.006142547354102135,base,no
5508,0,0,1.8925139777186268e-05,-10.875810623168945,-0.0008101756684482098,base,no
5509,0,0,0.0013250221473201768,-6.638542652130127,-0.013542448170483112,base,no
5510,0,0,3.5356243596605505e-05,-10.25704574584961,-0.0070455437526106834,base,no
5511,0,0,0.005911068325404455,-5.137372970581055,-0.01237288024276495,base,no
5512,0,0,0.00010889696192165355,-9.127012252807617,-0.002012729411944747,base,no
5513,0,0,8.481103840643177e-05,-9.381549835205078,-0.006549796089529991,base,no
5514,0,0,1.6701423376290628e-05,-11.002727508544922,-0.002727600047364831,base,no
5515,0,0,0.002800927216841955,-5.975574493408203,-0.10057458281517029,base,no
5516,0,0,2.753568156864164e-05,-10.50262451171875,-0.0026241650339215994,base,no
5517,0,0,2.4300241801270126e-05,-10.62605094909668,-0.0010509926360100508,base,no
5518,0,0,2.9023106526418556e-06,-12.753081321716309,-0.0030808625742793083,base,no
5519,0,0,1.3007128904082542e-05,-11.251167297363281,-0.001167331007309258,base,no
5520,0,0,0.0002034269841165697,-8.513188362121582,-0.013188391923904419,base,no
5521,0,0,0.00023050681535574243,-8.377655029296875,-0.0026554344221949577,base,no
5522,0,0,0.02595735456051482,-3.6640408039093018,-0.0390406996011734,base,no
5523,0,0,0.00048785719930329366,-7.629382610321045,-0.004382767248898745,base,no
5524,0,0,0.002182716803353582,-6.129100322723389,-0.0041004871018230915,base,no
5525,0,0,0.00023050677288648485,-8.375865936279297,-0.0008661571191623807,base,no
5526,0,0,0.014063624538012891,-4.270208835601807,-0.020208654925227165,base,no
5527,0,0,0.00017952789395382954,-8.634257316589355,-0.009256896562874317,base,no
5528,0,0,2.430023663861627e-05,-10.626498222351074,-0.0014980534324422479,base,no
5529,0,0,6.605212476720693e-05,-9.625608444213867,-0.0006081400788389146,base,no
5530,0,0,0.0021827165244518477,-6.1360249519348145,-0.011024988256394863,base,no
5531,0,0,0.004609573132300079,-5.390139579772949,-0.015139787457883358,base,no
5532,0,0,0.0010322311034989898,-6.879510402679443,-0.004510467406362295,base,no
5533,0,0,0.0007096702661824179,-7.251251697540283,-0.0012515101116150618,base,no
5534,0,0,0.00012339455125272338,-9.003608703613281,-0.003608503146097064,base,no
5535,0,0,0.00015843617233493655,-8.753105163574219,-0.003104868344962597,base,no
5536,0,0,0.00043055714204807375,-7.754076957702637,-0.004077098798006773,base,no
5537,0,0,4.006370564241553e-05,-10.13115406036377,-0.0061543951742351055,base,no
5538,0,0,0.0008040859964254629,-7.127689361572266,-0.0026894372422248125,base,no
5539,0,0,2.7535700968255578e-05,-10.503779411315918,-0.0037797691766172647,base,no
5540,0,0,6.605215740305433e-05,-9.630008697509766,-0.0050088874995708466,base,no
5541,0,0,0.00023050678611285418,-8.378111839294434,-0.00311211752705276,base,no
5542,0,0,0.4378234991142019,-0.9669554829597473,-0.7169554829597473,base,no
5543,0,0,0.001169510198148591,-6.7524638175964355,-0.002463760320097208,base,no
5544,0,0,2.753568130979857e-05,-10.50048542022705,-0.0004850641416851431,base,no
5545,0,0,7.484621104380753e-05,-9.501367568969727,-0.0013673489447683096,base,no
5546,0,0,0.37754066879814546,-1.0285669565200806,-0.5285669565200806,base,no
5547,0,0,2.4300250236907433e-05,-10.628925323486328,-0.003925714176148176,base,no
5548,0,0,6.605213498200631e-05,-9.629204750061035,-0.0042046005837619305,base,no
5549,0,0,1.473898468034023e-05,-11.126140594482422,-0.001140778069384396,base,no
5550,0,0,0.0005527786106825374,-7.509730339050293,-0.009730291552841663,base,no
5551,0,0,2.4300246265198556e-05,-10.635283470153809,-0.0102836973965168,base,no
5552,0,0,5.8291244897203626e-05,-9.75239086151123,-0.0023905052803456783,base,no
5553,0,0,0.0031726834904768943,-5.756987571716309,-0.006987776607275009,base,no
5554,0,0,0.0019267350680831517,-6.263317584991455,-0.013317795470356941,base,no
5555,0,0,0.00015843619933325934,-8.762045860290527,-0.012045735493302345,base,no
5556,0,0,0.06754668832401889,-2.706342935562134,-0.08134289085865021,base,no
5557,0,0,0.00033535005241288457,-8.01500415802002,-0.015003925189375877,base,no
5558,0,0,0.08509904500702024,-2.484386920928955,-0.10938692092895508,base,no
5559,0,0,3.53562400405001e-05,-10.259937286376953,-0.009936983697116375,base,no
5560,0,0,0.005911067608497791,-5.168673515319824,-0.043673302978277206,base,no
5561,0,0,0.0002611904377719321,-8.252349853515625,-0.0023503080010414124,base,no
5562,0,0,0.007577240441461502,-4.896648406982422,-0.02164829708635807,base,no
5563,0,0,0.002182716698892201,-6.138037204742432,-0.013037321157753468,base,no
5564,0,0,0.00010889695297247251,-9.128984451293945,-0.003984845709055662,base,no
5565,0,0,0.0009110509909503801,-7.03141450881958,-0.03141428530216217,base,no
5566,0,0,1.4738987959269468e-05,-11.126731872558594,-0.0017322786152362823,base,no
5567,0,0,0.0009110511214976284,-7.003641128540039,-0.0036410484462976456,base,no
5568,0,0,6.962257486162658e-06,-11.875914573669434,-0.0009147512027993798,base,no
5569,0,0,0.000123394540365385,-9.002509117126465,-0.002508828416466713,base,no
5570,0,0,0.34864513533394575,-1.1406060457229614,-0.5156060457229614,base,no
5571,0,0,3.53562639207426e-05,-10.25361442565918,-0.0036147984210401773,base,no
5572,0,0,0.20181321265898594,-1.6422498226165771,-0.2672497630119324,base,no
5573,0,0,0.00010889694562045463,-9.132911682128906,-0.00791200902312994,base,no
5574,0,0,7.484622193455031e-05,-9.507144927978516,-0.007144853472709656,base,no
5575,0,0,0.0008040859318879294,-7.1339640617370605,-0.008964057080447674,base,no
5576,0,0,1.4738978378140757e-05,-11.12739372253418,-0.0023934785276651382,base,no
5577,0,0,0.0006263342623852877,-7.376589298248291,-0.00158946483861655,base,no
5578,0,0,0.0011695101519121015,-6.771875381469727,-0.021875284612178802,base,no
5579,0,0,4.53978586825162e-05,-10.003042221069336,-0.0030420003458857536,base,no
5580,0,0,6.605216696814024e-05,-9.63115406036377,-0.0061543951742351055,base,no
5581,0,0,0.0001795279310652101,-8.63858699798584,-0.013586784712970257,base,no
5582,0,0,8.939697990746802e-06,-11.632670402526855,-0.007670591119676828,base,no
5583,0,0,0.0006263342828615432,-7.394871711730957,-0.019871911033988,base,no
5584,0,0,0.00023050680891694109,-8.388044357299805,-0.013044734485447407,base,no
5585,0,0,0.00033534998091580873,-8.01431655883789,-0.014316112734377384,base,no
5586,0,0,6.605213513578575e-05,-9.63058853149414,-0.005588384345173836,base,no
5587,0,0,7.484625025048896e-05,-9.503793716430664,-0.003794020274654031,base,no
5588,0,0,0.0004305569987567573,-7.761131286621094,-0.01113109476864338,base,no
5589,0,0,0.001169510505485305,-6.762434959411621,-0.012435165233910084,base,no
5590,0,0,5.715005078434002e-07,-14.376206398010254,-0.001206504413858056,base,no
5591,0,0,0.00012339452341675997,-9.00582504272461,-0.005824616644531488,base,no
5592,0,0,0.0005527785723500074,-7.505162715911865,-0.00516259903088212,base,no
5593,0,0,0.0052201268204030505,-5.264492034912109,-0.01449225191026926,base,no
5594,0,0,3.535626658164963e-05,-10.250543594360352,-0.0005440423847176135,base,no
5595,0,0,2.144493994291358e-05,-10.751014709472656,-0.0010143141262233257,base,no
5596,0,0,0.00359360219458608,-5.634552001953125,-0.009551893919706345,base,no
5597,0,0,0.09534945975773548,-2.375351667404175,-0.12535160779953003,base,no
5598,0,0,0.002472622963677056,-6.04589319229126,-0.0458931140601635,base,no
5599,0,0,0.06754668550840877,-2.8723955154418945,-0.24739542603492737,base,no
5600,0,0,0.000139822051950704,-8.9009428024292,-0.02594263292849064,base,no
5601,0,0,0.0046095718930691644,-5.387877464294434,-0.012877401895821095,base,no
5602,0,0,0.00017952795012240853,-8.628931045532227,-0.003930938430130482,base,no
5603,0,0,0.00043055712080488257,-7.754859924316406,-0.00486001605167985,base,no
5604,0,0,0.00010889686638347972,-9.125570297241211,-0.0005698964232578874,base,no
5605,0,0,7.484624763670955e-05,-9.503037452697754,-0.0030377216171473265,base,no
5606,0,0,8.481101046735487e-05,-9.377721786499023,-0.0027214179281145334,base,no
5607,0,0,0.00012339460308968123,-9.001211166381836,-0.001211386057548225,base,no
5608,0,0,8.481103233980106e-05,-9.375678062438965,-0.0006779517862014472,base,no
5609,0,0,0.015906393956879945,-4.149202346801758,-0.024202490225434303,base,no
5610,0,0,6.605215026768568e-05,-9.626489639282227,-0.0014897212386131287,base,no
5611,0,0,3.5356257689323064e-05,-10.253061294555664,-0.0030614910647273064,base,no
5612,0,0,0.00012339457182089026,-9.003135681152344,-0.00313564739190042,base,no
5613,0,0,0.007577242360388847,-4.912829399108887,-0.03782954439520836,base,no
5614,0,0,0.0005527787416305957,-7.505922317504883,-0.005922507029026747,base,no
5615,0,0,3.53562467905153e-05,-10.252233505249023,-0.0022333934903144836,base,no
5616,0,0,0.006692849500243397,-5.015026569366455,-0.015026355162262917,base,no
5617,0,0,0.00020342691744158468,-8.50992488861084,-0.009924590587615967,base,no
5618,0,0,1.892514889816547e-05,-10.877326011657715,-0.0023260461166501045,base,no
5619,0,0,5.144222306008833e-05,-9.877823829650879,-0.002824010793119669,base,no
5620,0,0,2.1444955012836163e-05,-10.750581741333008,-0.0005820487276650965,base,no
5621,0,0,2.1444947836740674e-05,-10.75378704071045,-0.0037870134692639112,base,no
5622,0,0,0.0031726821709302895,-5.760383605957031,-0.010383393615484238,base,no
5623,0,0,0.0035936024213508388,-5.645388126373291,-0.020388081669807434,base,no
5624,0,0,0.014063628747836966,-4.277868270874023,-0.027868393808603287,base,no
5625,0,0,0.005220126380304895,-5.272207260131836,-0.022207392379641533,base,no
5626,0,0,6.605212344854834e-05,-9.631410598754883,-0.006410274654626846,base,no
5627,0,0,5.144222994669691e-05,-9.877598762512207,-0.002599077532067895,base,no
5628,0,0,0.00015843623474090277,-8.775557518005371,-0.025557616725564003,base,no
5629,0,0,0.0006263342239832017,-7.378687858581543,-0.0036879638209939003,base,no
5630,0,0,0.0007096702749335514,-7.253180503845215,-0.003180328756570816,base,no
5631,0,0,4.539788506407773e-05,-10.003551483154297,-0.003551843576133251,base,no
5632,0,0,6.605213572014768e-05,-9.628558158874512,-0.0035580205731093884,base,no
5633,0,0,0.03308598101059528,-3.4396815299987793,-0.06468161195516586,base,no
5634,0,0,0.0001584361867930542,-8.752274513244629,-0.0022743092849850655,base,no
5635,0,0,1.0129987188328757e-05,-11.501899719238281,-0.0018993448466062546,base,no
5636,0,0,6.605213246002332e-05,-9.625923156738281,-0.000922969076782465,base,no
5637,0,0,0.0008040858615513769,-7.1363019943237305,-0.011301902122795582,base,no
5638,0,0,0.0004305571638924884,-7.753598690032959,-0.003598881885409355,base,no
5639,0,0,0.0005527786430979673,-7.510200500488281,-0.010200511664152145,base,no
5640,0,0,8.939693117630509e-06,-11.625975608825684,-0.0009752523037604988,base,no
5641,0,0,0.0013250226076171486,-6.630536079406738,-0.005536223296076059,base,no
5642,0,0,0.0003799844479808624,-7.877511501312256,-0.0025113255251199007,base,no
5643,0,0,0.02033235452992065,-3.9086341857910156,-0.0336342453956604,base,no
5644,0,0,3.535624192968105e-05,-10.250510215759277,-0.0005099665140733123,base,no
5645,0,0,0.0002305067170567273,-8.37862491607666,-0.00362489465624094,base,no
5646,0,0,3.12018978165546e-05,-10.37883186340332,-0.0038314282428473234,base,no
5647,0,0,9.610241330687716e-05,-9.254202842712402,-0.004202819894999266,base,no
5648,0,0,0.00103223125475378,-6.887529373168945,-0.01252958457916975,base,no
5649,0,0,5.8291262621189526e-05,-9.755009651184082,-0.005009599030017853,base,no
5650,0,0,0.0002959571978313785,-8.13082504272461,-0.005825327709317207,base,no
5651,0,0,0.0003353501961095644,-8.003462791442871,-0.0034629872534424067,base,no
5652,0,0,0.0031726830280464366,-5.76081657409668,-0.010816632770001888,base,no
5653,0,0,8.481105199094742e-05,-9.38089370727539,-0.005893828347325325,base,no
5654,0,0,0.0002959571330771252,-8.127779960632324,-0.0027800267562270164,base,no
5655,0,0,5.144221943114539e-05,-9.8768949508667,-0.0018950614612549543,base,no
5656,0,0,0.0015011820319832392,-6.515341758728027,-0.01534160878509283,base,no
5657,0,0,0.00460957171359437,-5.387582778930664,-0.01258267741650343,base,no
5658,0,0,0.0010322312821236968,-6.881396770477295,-0.006397008430212736,base,no
5659,0,0,0.0005527786019355168,-7.510231018066406,-0.010230954736471176,base,no
5660,0,0,0.004070137851802711,-5.538914203643799,-0.038914237171411514,base,no
5661,0,0,0.00029595709959780403,-8.129264831542969,-0.004264784511178732,base,no
5662,0,0,5.144220535851433e-05,-9.885355949401855,-0.010355786420404911,base,no
5663,0,0,3.120189956004215e-05,-10.378422737121582,-0.003422357840463519,base,no
5664,0,0,0.00026119025003007944,-8.282404899597168,-0.03240463510155678,base,no
5665,0,0,0.0017007223703233768,-6.3828206062316895,-0.007820582017302513,base,no
5666,0,0,0.0015011824884707094,-6.526517868041992,-0.026518022641539574,base,no
5667,0,0,0.0006263342688706498,-7.385805606842041,-0.010805783793330193,base,no
5668,0,0,3.120190262567467e-05,-10.37794303894043,-0.0029427579138427973,base,no
5669,0,0,0.004609572640880884,-5.399909019470215,-0.024909120053052902,base,no
5670,0,0,0.005220126515719709,-5.264993667602539,-0.014993825927376747,base,no
5671,0,0,0.0005527786292056399,-7.504143714904785,-0.004143700934946537,base,no
5672,0,0,0.0010322308329210317,-6.878507614135742,-0.0035074164625257254,base,no
5673,0,0,4.006368571848607e-05,-10.126850128173828,-0.0018499656580388546,base,no
5674,0,0,5.829127545276155e-05,-9.751253128051758,-0.0012532960390672088,base,no
5675,0,0,0.00460957246140606,-5.406210422515869,-0.031210483983159065,base,no
5676,0,0,7.484621229842102e-05,-9.502426147460938,-0.00242594419978559,base,no
5677,0,0,0.00017952796750792462,-8.634504318237305,-0.009504307992756367,base,no
5678,0,0,5.829128152587568e-05,-9.752054214477539,-0.002054486656561494,base,no
5679,0,0,0.001325022481297348,-6.658477306365967,-0.03347735479474068,base,no
5680,0,0,1.8925155895325443e-05,-10.877699851989746,-0.002700256183743477,base,no
5681,0,0,0.0015011825806058117,-6.566634654998779,-0.06663487106561661,base,no
5682,0,0,0.08509904964767095,-2.507848024368286,-0.1328480839729309,base,no
5683,0,0,0.00013982203020710096,-8.884437561035156,-0.00943723600357771,base,no
5684,0,0,0.0015011823000125627,-6.513742446899414,-0.013742475770413876,base,no
5685,0,0,5.8291245345053127e-05,-9.75319766998291,-0.0031973214354366064,base,no
5686,0,0,0.0019267342567809303,-6.257180690765381,-0.007180479355156422,base,no
5687,0,0,0.00020342705841563767,-8.50210952758789,-0.0021099227014929056,base,no
5688,0,0,5.144220907129323e-05,-9.8805570602417,-0.005556969437748194,base,no
5689,0,0,0.002182716502139711,-6.137925624847412,-0.012925650924444199,base,no
5690,0,0,0.00010889687062990069,-9.132234573364258,-0.007234211545437574,base,no
5691,0,0,0.0007096705166630152,-7.256590843200684,-0.006591008976101875,base,no
5692,0,0,0.0010322308542887646,-6.895325183868408,-0.020325006917119026,base,no
5693,0,0,0.00026119043242177386,-8.258421897888184,-0.008422331884503365,base,no
5694,0,0,0.0004305570300203132,-7.75425386428833,-0.004253745079040527,base,no
5695,0,0,0.01590638908771288,-4.15914249420166,-0.034142326563596725,base,no
5696,0,0,9.61023945579393e-05,-9.253929138183594,-0.00392892025411129,base,no
5697,0,0,0.00012339458267950488,-9.0036039352417,-0.00360398949123919,base,no
5698,0,0,9.610241496251145e-05,-9.25345230102539,-0.0034522954374551773,base,no
5699,0,0,0.014063625803542697,-4.331335067749023,-0.08133497834205627,base,no
5700,0,0,4.0063710642054824e-05,-10.127135276794434,-0.0021357364021241665,base,no
5701,0,0,0.0015011825149944505,-6.5063323974609375,-0.006332569755613804,base,no
5702,0,0,0.002472623000430906,-6.020103454589844,-0.020103391259908676,base,no
5703,0,0,0.015906394510857135,-4.159128665924072,-0.03412884473800659,base,no
5704,0,0,0.00023050671898836695,-8.396413803100586,-0.021413790062069893,base,no
5705,0,0,0.00015843615345086657,-8.763364791870117,-0.013364377431571484,base,no
5706,0,0,0.0004878570495536973,-7.626843452453613,-0.0018433022778481245,base,no
5707,0,0,9.610237558527078e-05,-9.266751289367676,-0.016750873997807503,base,no
5708,0,0,0.0002611903993480705,-8.265357971191406,-0.015358278527855873,base,no
5709,0,0,0.00013982209457533682,-8.876608848571777,-0.0016089839627966285,base,no
5710,0,0,0.005220125490436211,-5.2739949226379395,-0.02399488352239132,base,no
5711,0,0,0.00029595701403955604,-8.13345718383789,-0.008456847630441189,base,no
5712,0,0,0.00033534999715095125,-8.004637718200684,-0.004637320525944233,base,no
5713,0,0,0.005220126448012301,-5.282615661621094,-0.03261580690741539,base,no
5714,0,0,0.00033535022694074483,-8.008495330810547,-0.008495618589222431,base,no
5715,0,0,0.00023050671104718186,-8.381623268127441,-0.006623220629990101,base,no
5716,0,0,0.00017952790318988187,-8.627294540405273,-0.0022941718343645334,base,no
5717,0,0,0.20181321265898594,-1.6668431758880615,-0.29184311628341675,base,no
5718,0,0,4.539786885569265e-05,-10.001688957214355,-0.0016889605903998017,base,no
5719,0,0,0.025957358704815272,-3.662816286087036,-0.03781634569168091,base,no
5720,0,0,8.481101392271725e-05,-9.39053726196289,-0.01553693413734436,base,no
5721,0,0,8.481100428719282e-05,-9.378609657287598,-0.0036092158406972885,base,no
5722,0,0,0.0675466911396291,-2.702817916870117,-0.07781791687011719,base,no
5723,0,0,0.0006263342793638198,-7.383222579956055,-0.008222773671150208,base,no
5724,0,0,0.012431649366773061,-4.3959174156188965,-0.020917294546961784,base,no
5725,0,0,0.0001233946167204061,-9.005672454833984,-0.005672784987837076,base,no
5726,0,0,5.422221391715051e-06,-12.125732421875,-0.000732868502382189,base,no
5727,0,0,4.006368196642695e-05,-10.125523567199707,-0.0005233110277913511,base,no
5728,0,0,0.003593602458033375,-5.636063575744629,-0.011063541285693645,base,no
5729,0,0,4.5397847521090925e-05,-10.0081148147583,-0.008114348165690899,base,no
5730,0,0,0.022977368655567088,-3.7918386459350586,-0.04183859005570412,base,no
5731,0,0,0.0003799845849719774,-7.878762245178223,-0.0037624300457537174,base,no
5732,0,0,0.0002611902885147163,-8.252126693725586,-0.0021265766117721796,base,no
5733,0,0,4.785092621512334e-06,-12.251779556274414,-0.0017791647696867585,base,no
5734,0,0,6.605214692298189e-05,-9.626442909240723,-0.0014429405564442277,base,no
5735,0,0,6.605213786537111e-05,-9.626883506774902,-0.001883400953374803,base,no
5736,0,0,0.01798621134386448,-4.0306596755981445,-0.0306597538292408,base,no
5737,0,0,0.0028009273404018243,-5.882441997528076,-0.007442131172865629,base,no
5738,0,0,0.0009110511041195844,-7.006467819213867,-0.006467720028012991,base,no
5739,0,0,0.04208773031866069,-3.194120168685913,-0.06912022829055786,base,no
5740,0,0,6.9622529841985224e-06,-11.875968933105469,-0.0009684640099294484,base,no
5741,0,0,3.7266408880796886e-06,-12.501646995544434,-0.001647425931878388,base,no
5742,0,0,2.753570073104937e-05,-10.5079984664917,-0.0079988157376647,base,no
5743,0,0,0.00020342693041668658,-8.505139350891113,-0.0051391166634857655,base,no
5744,0,0,0.04742586913845881,-3.1655099391937256,-0.16550984978675842,base,no
5745,0,0,0.0004878570533002749,-7.633030414581299,-0.008030272088944912,base,no
5746,0,0,0.22270014398423357,-1.559975504875183,-0.3099755346775055,base,no
5747,0,0,0.00010889688320437808,-9.129500389099121,-0.004500142764300108,base,no
5748,0,0,0.0002959571137886269,-8.127236366271973,-0.002236367203295231,base,no
5749,0,0,0.033085974694221476,-3.4365711212158203,-0.06157100573182106,base,no
5750,0,0,0.0015011824661349277,-6.521034240722656,-0.021034380421042442,base,no
5751,0,0,0.00023050678697136097,-8.377049446105957,-0.002049728063866496,base,no
5752,0,0,4.222832701851726e-06,-12.376142501831055,-0.001142325927503407,base,no
5753,0,0,2.753568224820488e-05,-10.502704620361328,-0.0027042983565479517,base,no
5754,0,0,5.829126840252146e-05,-9.753829956054688,-0.003830003086477518,base,no
5755,0,0,2.7535680199898735e-05,-10.501015663146973,-0.0010152667528018355,base,no
5756,0,0,0.0008040858570618098,-7.129413604736328,-0.00441350694745779,base,no
5757,0,0,0.0028009273560093864,-5.880768299102783,-0.005768438335508108,base,no
5758,0,0,0.0009110513580085999,-7.007809638977051,-0.007809818722307682,base,no
5759,0,0,6.1441762337496115e-06,-12.000947952270508,-0.0009482178138568997,base,no
5760,0,0,0.00015843623396636044,-8.753094673156738,-0.0030947669874876738,base,no
5761,0,0,0.002182716899701462,-6.141671180725098,-0.01667138934135437,base,no
5762,0,0,0.0001795279158528865,-8.629511833190918,-0.004511535167694092,base,no
5763,0,0,0.000335350083009891,-8.014751434326172,-0.014751292765140533,base,no
5764,0,0,0.0008040859253406436,-7.128622531890869,-0.0036225190851837397,base,no
5765,0,0,0.002472622876386665,-6.010374069213867,-0.010373955592513084,base,no
5766,0,0,0.0002611902234616999,-8.253011703491211,-0.00301133724860847,base,no
5767,0,0,0.004609571824697813,-5.385009765625,-0.010009688325226307,base,no
5768,0,0,0.00020342689831041405,-8.513547897338867,-0.013547505252063274,base,no
5769,0,0,0.0021827168631906864,-6.1339287757873535,-0.008928967639803886,base,no
5770,0,0,6.144175758093843e-06,-12.001977920532227,-0.001978108659386635,base,no
5771,0,0,0.00012339455719910647,-9.007105827331543,-0.007105675060302019,base,no
5772,0,0,0.0028009270477600376,-5.889174938201904,-0.01417496707290411,base,no
5773,0,0,6.605216589168357e-05,-9.635869026184082,-0.01086934469640255,base,no
5774,0,0,1.8925143628265835e-05,-10.884082794189453,-0.009082550182938576,base,no
5775,0,0,0.00020342690271437147,-8.502541542053223,-0.002541171619668603,base,no
5776,0,0,0.0002034269647959752,-8.508354187011719,-0.008354121819138527,base,no
5777,0,0,0.000295957206235655,-8.13000774383545,-0.005008057225495577,base,no
5778,0,0,0.0003799845087380519,-7.883175849914551,-0.008175834082067013,base,no
5779,0,0,0.0015011825854917644,-6.504784107208252,-0.004784326534718275,base,no
5780,0,0,3.1201923876255306e-05,-10.37579345703125,-0.0007938570925034583,base,no
5781,0,0,0.007577240560519024,-4.886964321136475,-0.011964227072894573,base,no
5782,0,0,0.004070138527560516,-5.512136459350586,-0.01213665958493948,base,no
5783,0,0,0.0013250225423005672,-6.627854347229004,-0.0028544417582452297,base,no
5784,0,0,0.03732689162774753,-3.329951286315918,-0.07995140552520752,base,no
5785,0,0,0.0035936023279771133,-5.643002986907959,-0.018002916127443314,base,no
5786,0,0,9.610237222925672e-05,-9.251526832580566,-0.0015263822861015797,base,no
5787,0,0,0.0015011824410071741,-6.522058486938477,-0.022058609873056412,base,no
5788,0,0,0.0600866447038573,-2.8571178913116455,-0.10711779445409775,base,no
5789,0,0,0.00033535013358862225,-8.007394790649414,-0.007394799962639809,base,no
5790,0,0,0.00012339456326039582,-9.002229690551758,-0.002229587407782674,base,no
5791,0,0,1.0129988877048942e-05,-11.50435733795166,-0.004357130266726017,base,no
5792,0,0,0.00023050674109491054,-8.38426685333252,-0.009266936220228672,base,no
5793,0,0,2.4300232256726273e-05,-10.64018440246582,-0.015184053219854832,base,no
5794,0,0,0.01406362446053148,-4.2929511070251465,-0.04295092076063156,base,no
5795,0,0,2.144494136589927e-05,-10.752379417419434,-0.002379088429734111,base,no
5796,0,0,0.11920291107043361,-2.237014055252075,-0.23701395094394684,base,no
5797,0,0,3.120191292133492e-05,-10.375374794006348,-0.0003748429589904845,base,no
5798,0,0,7.484625275971727e-05,-9.503490447998047,-0.0034907853696495295,base,no
5799,0,0,0.0002034269835483169,-8.503987312316895,-0.003987339325249195,base,no
5800,0,0,0.00017952788643125331,-8.630769729614258,-0.005769267678260803,base,no
5801,0,0,0.0001398221161724734,-8.878859519958496,-0.003859809832647443,base,no
5802,0,0,0.0002305068076291808,-8.379826545715332,-0.004826917313039303,base,no
5803,0,0,0.0009110510303688655,-7.004432201385498,-0.004432021174579859,base,no
5804,0,0,0.00012339454645540003,-9.002013206481934,-0.0020129671320319176,base,no
5805,0,0,5.8291282177293536e-05,-9.752216339111328,-0.0022166224662214518,base,no
5806,0,0,0.00037998459116266807,-7.879812717437744,-0.004812918603420258,base,no
5807,0,0,0.002182716398692532,-6.129955768585205,-0.004955747164785862,base,no
5808,0,0,4.006369954211024e-05,-10.129322052001953,-0.00432223454117775,base,no
5809,0,0,2.7535697360477696e-05,-10.500511169433594,-0.0005113962688483298,base,no
5810,0,0,0.0028009265509193865,-5.92862606048584,-0.053625911474227905,base,no
5811,0,0,9.61024304673044e-05,-9.252521514892578,-0.0025216706562787294,base,no
5812,0,0,0.0006263340199493877,-7.382966041564941,-0.007965820841491222,base,no
5813,0,0,5.829127901520273e-05,-9.759302139282227,-0.009302368387579918,base,no
5814,0,0,2.1444958606501866e-05,-10.755454063415527,-0.005454538390040398,base,no
5815,0,0,0.002472623512687746,-6.008553981781006,-0.008554126136004925,base,no
5816,0,0,0.015906391595187953,-4.150598526000977,-0.025598518550395966,base,no
5817,0,0,0.0005527786024500475,-7.502417087554932,-0.0024170251563191414,base,no
5818,0,0,1.3007131634202381e-05,-11.255431175231934,-0.005431418772786856,base,no
5819,0,0,0.0013250221115809271,-6.635733604431152,-0.010733373463153839,base,no
5820,0,0,7.484619726919833e-05,-9.501852035522461,-0.0018516314448788762,base,no
5821,0,0,5.829127601596653e-05,-9.752988815307617,-0.0029889929573982954,base,no
5822,0,0,0.00023050681723372625,-8.377100944519043,-0.0021013577934354544,base,no
5823,0,0,0.002800926592539542,-5.913434982299805,-0.03843484818935394,base,no
5824,0,0,0.09534947004048376,-2.5780019760131836,-0.32800203561782837,base,no
5825,0,0,0.02595735903447556,-3.653717517852783,-0.028717590495944023,base,no
5826,0,0,0.0011695104325948203,-6.760620594024658,-0.010620737448334694,base,no
5827,0,0,0.0008040859461048928,-7.13306999206543,-0.008070005103945732,base,no
5828,0,0,4.006368905779565e-05,-10.125934600830078,-0.0009345216676592827,base,no
5829,0,0,0.0008040858477085454,-7.1297783851623535,-0.004778275731950998,base,no
5830,0,0,0.00037998447513145386,-7.887103080749512,-0.012102976441383362,base,no
5831,0,0,0.001926734992863064,-6.260915279388428,-0.010915450751781464,base,no
5832,0,0,0.00048785712391759273,-7.6296281814575195,-0.004628183785825968,base,no
5833,0,0,0.0024726237355080193,-6.007878303527832,-0.007878538221120834,base,no
5834,0,0,0.004070137579989548,-5.511401176452637,-0.011401142925024033,base,no
5835,0,0,0.00033535006037435026,-8.004596710205078,-0.004596501123160124,base,no
5836,0,0,1.3007128748118975e-05,-11.253836631774902,-0.0038366534281522036,base,no
5837,0,0,4.006368144640885e-05,-10.130715370178223,-0.005715101025998592,base,no
5838,0,0,2.430022969944545e-05,-10.631089210510254,-0.006088756024837494,base,no
5839,0,0,0.0140636274823069,-4.280442237854004,-0.030442269518971443,base,no
5840,0,0,0.004609571529846373,-5.4086785316467285,-0.033678390085697174,base,no
5841,0,0,0.00857748606314261,-4.76816463470459,-0.018164711073040962,base,no
5842,0,0,0.00048785705874984257,-7.635283946990967,-0.010283815674483776,base,no
5843,0,0,0.00010889695591327979,-9.129840850830078,-0.0048412722535431385,base,no
5844,0,0,2.4300243945539825e-05,-10.62944221496582,-0.004442346747964621,base,no
5845,0,0,0.004070137074115097,-5.518885135650635,-0.01888497732579708,base,no
5846,0,0,0.0017007223300020806,-6.3826704025268555,-0.007670354563742876,base,no
5847,0,0,0.012431653185710805,-4.419531345367432,-0.04453153535723686,base,no
5848,0,0,0.0009110510112954046,-7.0470709800720215,-0.04707077890634537,base,no
5849,0,0,2.1444945724729726e-05,-10.761346817016602,-0.01134669128805399,base,no
5850,0,0,5.8291246213609743e-05,-9.75243091583252,-0.0024305821862071753,base,no
5851,0,0,0.00048785721411931013,-7.62678861618042,-0.0017888034926727414,base,no
5852,0,0,0.0004305570973572105,-7.759064674377441,-0.009064711630344391,base,no
5853,0,0,0.00037998457365185756,-7.881994724273682,-0.006994879338890314,base,no
5854,0,0,0.00012339459517553083,-9.015119552612305,-0.015119708143174648,base,no
5855,0,0,2.753569984633437e-05,-10.502456665039062,-0.0024569821543991566,base,no
5856,0,0,0.012431651470618863,-4.394459247589111,-0.019459297880530357,base,no
5857,0,0,5.829128849469011e-05,-9.751059532165527,-0.0010599239030852914,base,no
5858,0,0,0.00029595718212502644,-8.1355562210083,-0.01055645290762186,base,no
5859,0,0,0.00015843616993754478,-8.752517700195312,-0.0025173898320645094,base,no
5860,0,0,0.0004305571641930997,-7.752902984619141,-0.0029031771700829268,base,no
5861,0,0,9.610239044122786e-05,-9.266791343688965,-0.01679108291864395,base,no
5862,0,0,9.610241093529294e-05,-9.255634307861328,-0.00563426036387682,base,no
5863,0,0,0.00013982205318761567,-8.88142204284668,-0.006421882193535566,base,no
5864,0,0,2.4300248771561776e-05,-10.626399993896484,-0.0014003242831677198,base,no
5865,0,0,0.0534033328129234,-2.994495153427124,-0.1194952130317688,base,no
5866,0,0,4.006370664047781e-05,-10.127389907836914,-0.0023902675602585077,base,no
5867,0,0,7.889264569581473e-06,-11.750460624694824,-0.000460876093711704,base,no
5868,0,0,0.0004878571032546466,-7.633120536804199,-0.00812049675732851,base,no
5869,0,0,0.00012339455380938082,-9.009384155273438,-0.0093839755281806,base,no
5870,0,0,0.00020342699851230795,-8.519444465637207,-0.01944456622004509,base,no
5871,0,0,0.000203426975024525,-8.531220436096191,-0.031220421195030212,base,no
5872,0,0,0.003172682303474009,-5.762118339538574,-0.012118169106543064,base,no
5873,0,0,0.00020342701423397067,-8.506607055664062,-0.0066072335466742516,base,no
5874,0,0,8.48110042378305e-05,-9.37644100189209,-0.0014405598631128669,base,no
5875,0,0,0.000261190334173432,-8.25648021697998,-0.006480274721980095,base,no
5876,0,0,0.0003353501381937848,-8.002279281616211,-0.0022793046664446592,base,no
5877,0,0,0.0021827162942311706,-6.131351947784424,-0.006351878400892019,base,no
5878,0,0,0.025957356350099027,-3.67648983001709,-0.05148979648947716,base,no
5879,0,0,0.0021827160558970152,-6.131141185760498,-0.006141006946563721,base,no
5880,0,0,0.0004305569938467759,-7.752474784851074,-0.002474581589922309,base,no
5881,0,0,6.605213608921837e-05,-9.62683391571045,-0.001833782996982336,base,no
5882,0,0,0.003172682874884772,-5.757281303405762,-0.0072813136503100395,base,no
5883,0,0,0.0024726230371847568,-6.013765335083008,-0.013765286654233932,base,no
5884,0,0,6.605212873856082e-05,-9.634121894836426,-0.009121650829911232,base,no
5885,0,0,9.61024450212285e-05,-9.251236915588379,-0.0012372228084132075,base,no
5886,0,0,0.00033535012921762054,-8.028716087341309,-0.028716083616018295,base,no
5887,0,0,0.000295957242470489,-8.132089614868164,-0.0070900507271289825,base,no
5888,0,0,0.0024726230371847568,-6.020772457122803,-0.020772408694028854,base,no
5889,0,0,0.00023050671147643512,-8.379151344299316,-0.00415129866451025,base,no
5890,0,0,0.00037998459735335877,-7.882573127746582,-0.007573345210403204,base,no
5891,0,0,0.00023050673041723508,-8.378738403320312,-0.0037384398747235537,base,no
5892,0,0,0.0024726230509674505,-6.00658655166626,-0.006586508825421333,base,no
5893,0,0,8.939693108784492e-06,-11.626543998718262,-0.0015436412068083882,base,no
5894,0,0,0.14804719991116141,-1.9851619005203247,-0.2351619154214859,base,no
5895,0,0,0.008577484590043946,-4.766949653625488,-0.01694955676794052,base,no
5896,0,0,0.015906392440731963,-4.145458698272705,-0.02045874483883381,base,no
5897,0,0,0.0003353500052685228,-8.010658264160156,-0.01065789069980383,base,no
5898,0,0,0.00037998443975609074,-7.893354415893555,-0.01835421845316887,base,no
5899,0,0,9.610244357814138e-05,-9.253029823303223,-0.003030115505680442,base,no
5900,0,0,0.0003353502191353824,-8.002058029174805,-0.0020582936704158783,base,no
5901,0,0,0.03732688386369013,-3.3169827461242676,-0.06698264926671982,base,no
5902,0,0,0.0009110511130205339,-7.038039207458496,-0.03803911805152893,base,no
5903,0,0,5.829128449796976e-05,-9.755546569824219,-0.005546892993152142,base,no
5904,0,0,0.0003353500930007509,-8.0076322555542,-0.007632143795490265,base,no
5905,0,0,0.0002959571799206262,-8.130072593688965,-0.005072818137705326,base,no
5906,0,0,1.67014181189878e-05,-11.002063751220703,-0.002063527936115861,base,no
5907,0,0,0.0003353500275918456,-8.00522232055664,-0.005222013685852289,base,no
5908,0,0,8.939693838841147e-06,-11.62574291229248,-0.0007426364463753998,base,no
5909,0,0,0.0006263342875251746,-7.386348724365234,-0.01134893111884594,base,no
5910,0,0,1.1478763733362479e-05,-11.376114845275879,-0.0011144625023007393,base,no
5911,0,0,0.00017952804574276787,-8.634644508361816,-0.009644933976233006,base,no
5912,0,0,0.0009110510019706017,-7.009661674499512,-0.009661463089287281,base,no
5913,0,0,0.008577486269059648,-4.765170097351074,-0.015170197933912277,base,no
5914,0,0,0.0017007224430598356,-6.385315418243408,-0.010315436869859695,base,no
5915,0,0,0.0007096703886982957,-7.252019882202148,-0.0020198675338178873,base,no
5916,0,0,0.0004305571817287544,-7.756915092468262,-0.00691532576456666,base,no
5917,0,0,0.0004878570790721888,-7.62795877456665,-0.002958684926852584,base,no
5918,0,0,0.005911069731855184,-5.140718460083008,-0.01571860909461975,base,no
5919,0,0,0.0011695101290658365,-6.7578325271606445,-0.007832410745322704,base,no
5920,0,0,5.144220610705845e-05,-9.876401901245117,-0.0014017528155818582,base,no
5921,0,0,0.00010889689415634343,-9.130609512329102,-0.005609366577118635,base,no
5922,0,0,4.006367978608202e-05,-10.130061149597168,-0.0050608390010893345,base,no
5923,0,0,5.144220895152616e-05,-9.876675605773926,-0.0016755126416683197,base,no
5924,0,0,0.005911068692066676,-5.13835334777832,-0.013353319838643074,base,no
5925,0,0,0.0010322311760052514,-6.881186485290527,-0.006186620332300663,base,no
5926,0,0,4.539787677755996e-05,-10.005964279174805,-0.005964457057416439,base,no
5927,0,0,3.120192119382501e-05,-10.376913070678711,-0.0019133847672492266,base,no
5928,0,0,7.484626255267857e-05,-9.50229263305664,-0.002293101279065013,base,no
5929,0,0,4.539788689789278e-05,-10.001434326171875,-0.0014347269898280501,base,no
5930,0,0,0.0006263341391634224,-7.381584644317627,-0.006584614049643278,base,no
5931,0,0,7.484621050362673e-05,-9.504973411560059,-0.004973184317350388,base,no
5932,0,0,2.430024207283989e-05,-10.626507759094238,-0.00150781380943954,base,no
5933,0,0,2.902310890504069e-06,-12.751395225524902,-0.0013948483392596245,base,no
5934,0,0,0.00043055700156246086,-7.756083965301514,-0.006083779968321323,base,no
5935,0,0,0.00757724055351564,-4.890891075134277,-0.015890980139374733,base,no
5936,0,0,4.539786791500404e-05,-10.001476287841797,-0.0014762704959139228,base,no
5937,0,0,0.0001088968672327639,-9.134007453918457,-0.009007060900330544,base,no
5938,0,0,0.10669059678604234,-2.419747829437256,-0.29474785923957825,base,no
5939,0,0,8.481105495268803e-05,-9.378035545349121,-0.003035701345652342,base,no
5940,0,0,6.605213583548228e-05,-9.626701354980469,-0.001701218425296247,base,no
5941,0,0,6.605211914272455e-05,-9.627354621887207,-0.002354232594370842,base,no
5942,0,0,0.000552778737771615,-7.506140232086182,-0.006140414625406265,base,no
5943,0,0,0.13296424878721277,-2.0679240226745605,-0.19292409718036652,base,no
5944,0,0,0.00029595717750956343,-8.12696361541748,-0.001963831717148423,base,no
5945,0,0,0.00023050681202902836,-8.378151893615723,-0.0031522843055427074,base,no
5946,0,0,0.00029595710152665374,-8.127942085266113,-0.0029420447535812855,base,no
5947,0,0,5.144222309601845e-05,-9.878066062927246,-0.0030662447679787874,base,no
5948,0,0,0.002800926389641288,-5.899973392486572,-0.0249731857329607,base,no
5949,0,0,0.0009110513160469715,-7.0072479248046875,-0.007248058449476957,base,no
5950,0,0,6.605212500172056e-05,-9.627989768981934,-0.0029894683975726366,base,no
5951,0,0,3.120190213895101e-05,-10.379615783691406,-0.004615487065166235,base,no
5952,0,0,0.007577240651563013,-4.907344818115234,-0.03234473615884781,base,no
5953,0,0,0.004070137285525307,-5.5082879066467285,-0.00828780047595501,base,no
5954,0,0,1.6701428443056686e-05,-11.007162094116211,-0.0071624889969825745,base,no
5955,0,0,0.0005527786584052543,-7.502324104309082,-0.0023241431917995214,base,no
5956,0,0,0.0004878572151978706,-7.632124423980713,-0.007124613504856825,base,no
5957,0,0,0.0015011825610620018,-6.509494304656982,-0.009494507685303688,base,no
5958,0,0,4.0063707134845104e-05,-10.130850791931152,-0.005851163994520903,base,no
5959,0,0,0.0008040860474942975,-7.129675388336182,-0.004675527568906546,base,no
5960,0,0,0.0011695102683192673,-6.762936592102051,-0.012936594896018505,base,no
5961,0,0,0.003593601867778069,-5.632948398590088,-0.007948199287056923,base,no
5962,0,0,1.3007130341067342e-05,-11.250653266906738,-0.000653411028906703,base,no
5963,0,0,0.00017952799308469653,-8.630891799926758,-0.005891932174563408,base,no
5964,0,0,0.00857748452668487,-4.771241188049316,-0.02124108374118805,base,no
5965,0,0,0.2018132270610754,-1.7025823593139648,-0.32758238911628723,base,no
5966,0,0,0.0001795279640391797,-8.628318786621094,-0.003318757051602006,base,no
5967,0,0,0.017986208514520034,-4.032467842102051,-0.032467760145664215,base,no
5968,0,0,0.0003353502294384609,-8.007702827453613,-0.007703122682869434,base,no
5969,0,0,0.00020342703237070952,-8.501673698425293,-0.0016739654820412397,base,no
5970,0,0,2.7535697333231042e-05,-10.500988960266113,-0.0009891861118376255,base,no
5971,0,0,0.0006263340123709902,-7.384275436401367,-0.009275203570723534,base,no
5972,0,0,0.2689414272294874,-1.397972583770752,-0.39797261357307434,base,no
5973,0,0,9.610240292560322e-05,-9.252721786499023,-0.002721655648201704,base,no
5974,0,0,5.829125849554456e-05,-9.759108543395996,-0.009108420461416245,base,no
5975,0,0,0.0003353500018341656,-8.029324531555176,-0.02932414785027504,base,no
5976,0,0,3.5356252585651334e-05,-10.25627613067627,-0.00627618283033371,base,no
5977,0,0,0.0003353501763619996,-8.010721206665039,-0.010721343569457531,base,no
5978,0,0,0.0017007222833558759,-6.383607387542725,-0.008607312105596066,base,no
5979,0,0,0.00029595722869298513,-8.1375150680542,-0.012515457347035408,base,no
5980,0,0,0.0005527787249083468,-7.5110673904418945,-0.01106754969805479,base,no
5981,0,0,0.060086647228542,-2.832827091217041,-0.08282703906297684,base,no
5982,0,0,0.0005527786482432738,-7.512554168701172,-0.012554189190268517,base,no
5983,0,0,0.00522012622070887,-5.26382303237915,-0.013823133893311024,base,no
5984,0,0,4.785095604545101e-06,-12.254310607910156,-0.004310839809477329,base,no
5985,0,0,0.00026119034353620557,-8.254477500915527,-0.004477594513446093,base,no
5986,0,0,1.8925155908544263e-05,-10.878070831298828,-0.003071236191317439,base,no
5987,0,0,4.5397888573164795e-05,-10.006117820739746,-0.006118258461356163,base,no
5988,0,0,0.002182716751629985,-6.138956546783447,-0.013956687413156033,base,no
5989,0,0,0.0003799844574437719,-7.892842769622803,-0.017842618748545647,base,no
5990,0,0,0.0001795279220381168,-8.630878448486328,-0.005878184922039509,base,no
5991,0,0,8.481107174575927e-05,-9.376692771911621,-0.0016931259306147695,base,no
5992,0,0,0.0059110689492775,-5.137373924255371,-0.012373940087854862,base,no
5993,0,0,1.0129988895917326e-05,-11.502917289733887,-0.0029170839115977287,base,no
5994,0,0,9.610243715696332e-05,-9.266151428222656,-0.016151653602719307,base,no
5995,0,0,0.0009110512020300311,-7.010951995849609,-0.010952004231512547,base,no
5996,0,0,7.484621147943721e-05,-9.514955520629883,-0.014955306425690651,base,no
5997,0,0,3.535624562984187e-05,-10.252351760864258,-0.0023516162764281034,base,no
5998,0,0,0.00015843622581522521,-8.752701759338379,-0.0027018017135560513,base,no
5999,0,0,2.1444940220021312e-05,-10.75163459777832,-0.001634215353988111,base,no
