idx,y_true,y_pred,p_yes,lp_yes,lp_no,mode,raw_text
0,1,1,0.9241418241572634,-0.7152454257011414,-3.215245485305786,assist,yes
1,1,0,0.4378234991142019,-1.4083242416381836,-1.1583242416381836,assist,no
2,1,1,0.8670357666736773,-0.7226118445396423,-2.597611904144287,assist,yes
3,1,1,0.8933094003735664,-0.7508226037025452,-2.8758225440979004,assist,Yes
4,1,1,0.7057850154599563,-0.7830458283424377,-1.658045768737793,assist,Yes
5,1,1,0.8670357598021706,-0.7790932655334473,-2.6540932655334473,assist,Yes
6,1,1,0.8175744761936437,-0.7122049331665039,-2.212204933166504,assist,yes
7,1,1,0.9706877675527112,-0.7228103280067444,-4.2228102684021,assist,Yes
8,1,1,0.8807970779778823,-0.8167493343353271,-2.816749334335327,assist,Yes
9,1,1,0.9706877692486436,-0.5040569305419922,-4.004056930541992,assist,Yes
10,1,0,0.4378234991142019,-1.1386950016021729,-0.8886950016021729,assist,No
11,1,1,0.9241418116217418,-0.7099915742874146,-3.209991455078125,assist,Yes
12,1,1,0.6224593312018546,-1.0433697700500488,-1.5433697700500488,assist,Yes
13,1,1,0.7057850278370112,-1.0003941059112549,-1.8753941059112549,assist,Yes
14,1,1,0.9046505351008906,-0.6264176368713379,-2.876417636871338,assist,yes
15,1,1,0.939913343093499,-0.6977540254592896,-3.44775390625,assist,Yes
16,1,1,0.9046505402422645,-0.7364148497581482,-2.986414909362793,assist,yes
17,1,1,0.9149009549929797,-0.6683049201965332,-3.043304920196533,assist,Yes
18,1,1,0.8175744673038221,-0.8500815033912659,-2.350081443786621,assist,Yes
19,1,1,0.9046505351008906,-0.7312884330749512,-2.981288433074951,assist,yes
20,1,1,0.9525741214369554,-0.6249085664749146,-3.624908447265625,assist,Yes
21,1,1,0.9465966702001757,-0.6307051181793213,-3.5057051181793213,assist,Yes
22,1,1,0.9669140235181256,-0.5662733912467957,-3.9412734508514404,assist,yes
23,1,1,0.8519527944504226,-0.7969170212745667,-2.546916961669922,assist,yes
24,1,1,0.9324533051062237,-0.5451992154121399,-3.170199155807495,assist,Yes
25,1,0,0.14804721306746543,-2.353759765625,-0.6037598848342896,assist,no
26,1,1,0.5312093733737563,-1.167996883392334,-1.292996883392334,assist,Yes
27,1,1,0.939913356558485,-0.6417649984359741,-3.3917651176452637,assist,Yes
28,1,0,0.4073334000459302,-1.4225175380706787,-1.0475175380706787,assist,no
29,1,1,0.9399133498259924,-0.7517011165618896,-3.5017011165618896,assist,Yes
30,1,1,0.9324533126145177,-0.7010778784751892,-3.326077938079834,assist,Yes
31,1,1,0.9241418158002492,-0.6577878594398499,-3.157787799835205,assist,yes
32,1,0,0.0675466911396291,-3.318185567855835,-0.693185567855835,assist,No
33,1,0,0.2689414213699951,-1.9577327966690063,-0.9577327966690063,assist,no
34,1,1,0.9324533163686646,-0.7026032209396362,-3.327603340148926,assist,Yes
35,1,1,0.8354835452961425,-0.7163936495780945,-2.3413937091827393,assist,Yes
36,1,1,0.7772998714925403,-0.8057088255882263,-2.055708885192871,assist,Yes
37,1,0,0.2689414213699951,-1.7787535190582275,-0.7787535190582275,assist,no
38,1,1,0.5621765008857981,-1.131542682647705,-1.381542682647705,assist,yes
39,1,1,0.8175744673038221,-0.8504136204719543,-2.3504135608673096,assist,Yes
40,1,1,0.9465966702001757,-0.6877331733703613,-3.5627331733703613,assist,Yes
41,1,1,0.9241418199787566,-0.4304795265197754,-2.9304795265197754,assist,Yes
42,1,1,0.8670357598021706,-0.6700937747955322,-2.5450937747955322,assist,Yes
43,1,0,0.5,-1.2572373151779175,-1.2572373151779175,assist,no
44,1,1,0.9046505402422645,-0.736487090587616,-2.9864871501922607,assist,yes
45,1,1,0.7057850278370112,-0.9411882162094116,-1.8161882162094116,assist,yes
46,1,1,0.8519527869325346,-0.7972246408462524,-2.547224521636963,assist,Yes
47,1,1,0.9324533088603709,-0.6491491794586182,-3.274149179458618,assist,Yes
48,1,1,0.957912274487423,-0.6798104643821716,-3.8048105239868164,assist,Yes
49,1,1,0.7981867777396212,-0.4601198434829712,-1.8351198434829712,assist,Yes
50,1,0,0.11920293453832885,-2.6260104179382324,-0.626010537147522,assist,no
51,1,1,0.9525741268224334,-0.7428886890411377,-3.7428886890411377,assist,Yes
52,1,1,0.9324533088603709,-0.5977051258087158,-3.222705125808716,assist,yes
53,1,0,0.03732689055684297,-3.6727919578552246,-0.4227920472621918,assist,No
54,1,1,0.8933094174159129,-0.5444654226303101,-2.6694655418395996,assist,Yes
55,1,0,0.46879062662624377,-1.346435785293579,-1.221435785293579,assist,no
56,1,1,0.5312093733737563,-1.222272276878357,-1.347272276878357,assist,Yes
57,1,1,0.9241418199787566,-0.66245436668396,-3.16245436668396,assist,Yes
58,1,1,0.8519528019683106,-0.6802089214324951,-2.430208921432495,assist,yes
59,1,1,0.9465966641739773,-0.58704674243927,-3.4620466232299805,assist,yes
60,1,1,0.9324533051062237,-0.7067247033119202,-3.3317246437072754,assist,Yes
61,1,1,0.9706877675527112,-0.46275025606155396,-3.962750196456909,assist,yes
62,1,1,0.893309411735131,-0.6866278052330017,-2.8116278648376465,assist,yes
63,1,1,0.7310585903489892,-0.77407306432724,-1.7740731239318848,assist,Yes
64,1,1,0.679178699175393,-0.8710380792617798,-1.6210380792617798,assist,Yes
65,1,1,0.851952809486198,-0.8065876364707947,-2.5565876960754395,assist,Yes
66,1,1,0.9241418241572634,-0.4688989520072937,-2.9688990116119385,assist,Yes
67,1,1,0.9399133464597458,-0.7013252377510071,-3.4513251781463623,assist,Yes
68,1,1,0.9324533088603709,-0.7668001651763916,-3.3918001651763916,assist,Yes
69,1,1,0.9241418283357702,-0.5528010129928589,-3.0528011322021484,assist,Yes
70,1,1,0.5926665999540697,-1.0981945991516113,-1.4731945991516113,assist,Yes
71,1,1,0.8807970904940926,-0.6599758863449097,-2.659976005554199,assist,Yes
72,1,1,0.7057850278370112,-0.8421854972839355,-1.7171854972839355,assist,Yes
73,1,1,0.914900950352329,-0.7793975472450256,-3.154397487640381,assist,Yes
74,1,0,0.46879062662624377,-1.3715908527374268,-1.2465908527374268,assist,no
75,1,1,0.880797071719777,-0.8239591717720032,-2.8239591121673584,assist,Yes
76,1,1,0.8933094174159129,-0.6017893552780151,-2.7267894744873047,assist,Yes
77,1,1,0.9399133531922388,-0.7550505995750427,-3.5050506591796875,assist,Yes
78,1,1,0.914900950352329,-0.5259929299354553,-2.9009928703308105,assist,Yes
79,1,1,0.851952809486198,-0.6955565810203552,-2.445556640625,assist,Yes
80,1,1,0.9046505351008906,-0.7975311279296875,-3.0475311279296875,assist,Yes
81,1,1,0.9669140216112958,-0.6115100383758545,-3.9865100383758545,assist,Yes
82,1,1,0.9579122672782973,-0.7391725778579712,-3.8641724586486816,assist,Yes
83,1,1,0.8519528019683106,-0.7335617542266846,-2.4835617542266846,assist,yes
84,1,1,0.867035752930664,-0.7155795693397522,-2.5905795097351074,assist,yes
85,1,1,0.914900950352329,-0.6677849888801575,-3.0427849292755127,assist,yes
86,1,0,0.08509904500702024,-3.0252740383148193,-0.6502740383148193,assist,No
87,1,1,0.8670357666736773,-0.6706156134605408,-2.5456156730651855,assist,Yes
88,1,1,0.9324533088603709,-0.6528685092926025,-3.2778685092926025,assist,yes
89,1,1,0.8807970842359877,-0.7140621542930603,-2.714062213897705,assist,Yes
90,1,1,0.9241418116217418,-0.719452977180481,-3.2194528579711914,assist,yes
91,1,1,0.8933094003735664,-0.8046184182167053,-2.9296183586120605,assist,Yes
92,1,1,0.5621765008857981,-1.1287041902542114,-1.3787041902542114,assist,Yes
93,1,1,0.851952809486198,-0.7336153388023376,-2.4836153984069824,assist,yes
94,1,1,0.8519527944504226,-0.7808495163917542,-2.5308494567871094,assist,yes
95,1,1,0.9465966671870767,-0.5808051228523254,-3.4558050632476807,assist,yes
96,1,1,0.8519528019683106,-0.8481104373931885,-2.5981104373931885,assist,Yes
97,1,1,0.8354835371034369,-0.7600681781768799,-2.38506817817688,assist,Yes
98,1,1,0.9324533051062237,-0.6453946232795715,-3.2703945636749268,assist,Yes
99,1,1,0.8175744673038221,-0.7503090500831604,-2.2503089904785156,assist,Yes
100,1,0,0.22270013882530884,-1.9947261810302734,-0.7447261810302734,assist,No
101,1,1,0.9324533126145177,-0.7098998427391052,-3.33489990234375,assist,yes
102,1,1,0.9324533126145177,-0.5045580267906189,-3.1295580863952637,assist,yes
103,1,1,0.5621765008857981,-1.1471953392028809,-1.3971953392028809,assist,yes
104,1,1,0.8175744761936437,-0.8504722118377686,-2.3504722118377686,assist,Yes
105,1,1,0.9465966762263737,-0.7485674619674683,-3.623567581176758,assist,Yes
106,1,1,0.9046505299595163,-0.731028139591217,-2.9810280799865723,assist,yes
107,1,1,0.9579122696813394,-0.6767342686653137,-3.801734209060669,assist,Yes
108,1,1,0.9241418158002492,-0.6023626923561096,-3.102362632751465,assist,Yes
109,1,1,0.9149009642742806,-0.6729177236557007,-3.0479178428649902,assist,Yes
110,1,1,0.8933094003735664,-0.8105512261390686,-2.935551166534424,assist,Yes
111,1,1,0.9465966702001757,-0.6970582008361816,-3.5720582008361816,assist,yes
112,1,1,0.9046505248181417,-0.6265112161636353,-2.8765110969543457,assist,yes
113,1,1,0.9046505299595163,-0.7429364323616028,-2.992936372756958,assist,Yes
114,1,1,0.754914975839675,-0.7389863133430481,-1.8639862537384033,assist,Yes
115,1,1,0.8519528019683106,-0.5928034782409668,-2.342803478240967,assist,yes
116,1,1,0.893309411735131,-0.7488901019096375,-2.8738901615142822,assist,Yes
117,1,1,0.7057850402140659,-0.9019545912742615,-1.7769546508789062,assist,yes
118,1,1,0.9525741214369554,-0.6790286302566528,-3.6790285110473633,assist,Yes
119,1,1,0.9465966702001757,-0.7477328777313232,-3.6227328777313232,assist,Yes
120,1,1,0.679178699175393,-1.008228063583374,-1.758228063583374,assist,Yes
121,1,1,0.9525741214369554,-0.6882907152175903,-3.688290596008301,assist,yes
122,1,1,0.9324533051062237,-0.7665882706642151,-3.3915882110595703,assist,Yes
123,1,1,0.9465966702001757,-0.5797183513641357,-3.4547183513641357,assist,Yes
124,1,1,0.6513548646660542,-1.0150543451309204,-1.6400543451309204,assist,yes
125,1,1,0.914900950352329,-0.5658414959907532,-2.9408414363861084,assist,yes
126,1,0,0.09534945461636171,-2.838243007659912,-0.5882428884506226,assist,no
127,1,1,0.9399133531922388,-0.7006654143333435,-3.4506654739379883,assist,yes
128,1,1,0.8519527869325346,-0.80677330493927,-2.5567731857299805,assist,Yes
129,1,1,0.939913343093499,-0.6924182176589966,-3.442418098449707,assist,Yes
130,1,1,0.9241418199787566,-0.657940149307251,-3.157940149307251,assist,yes
131,1,1,0.952574129515172,-0.6876789927482605,-3.6876790523529053,assist,yes
132,1,1,0.9046505299595163,-0.6264663338661194,-2.8764662742614746,assist,yes
133,1,1,0.9399133531922388,-0.7545589804649353,-3.50455904006958,assist,Yes
134,1,1,0.8933094060543487,-0.6922726631164551,-2.817272663116455,assist,yes
135,1,1,0.867035752930664,-0.6768723130226135,-2.5518722534179688,assist,Yes
136,1,1,0.9324533013520764,-0.5929728746414185,-3.217972755432129,assist,yes
137,1,1,0.9324533163686646,-0.5998767614364624,-3.224876880645752,assist,Yes
138,1,0,0.20181320305759334,-2.145969867706299,-0.7709697484970093,assist,No
139,1,1,0.9579122768904644,-0.6257137060165405,-3.75071382522583,assist,yes
140,1,1,0.9324533051062237,-0.6485140919685364,-3.2735140323638916,assist,yes
141,1,1,0.9241418158002492,-0.719234049320221,-3.219233989715576,assist,Yes
142,1,1,0.7772998405389918,-0.8105546236038208,-2.0605545043945312,assist,yes
143,1,1,0.7772998611746911,-0.8598723411560059,-2.109872341156006,assist,Yes
144,1,1,0.8933094060543487,-0.5914831161499023,-2.7164831161499023,assist,yes
145,1,1,0.9770226347732859,-0.41580894589424133,-4.165809154510498,assist,yes
146,1,1,0.9465966671870767,-0.7477894425392151,-3.6227893829345703,assist,Yes
147,1,1,0.9046505351008906,-0.79164719581604,-3.04164719581604,assist,Yes
148,1,1,0.9465966732132748,-0.6288732886314392,-3.503873348236084,assist,Yes
149,1,1,0.5926665999540697,-1.1549726724624634,-1.5299726724624634,assist,Yes
150,1,1,0.8933094174159129,-0.6926149129867554,-2.817615032196045,assist,yes
151,1,1,0.9241418199787566,-0.6625308990478516,-3.1625308990478516,assist,Yes
152,1,1,0.867035752930664,-0.6211517453193665,-2.4961516857147217,assist,Yes
153,1,1,0.9046505402422645,-0.6226746439933777,-2.8726747035980225,assist,yes
154,1,1,0.9579122720843811,-0.5213150978088379,-3.646315097808838,assist,yes
155,1,1,0.8933093946927838,-0.8096905946731567,-2.934690475463867,assist,Yes
156,1,1,0.9149009549929797,-0.7244081497192383,-3.0994081497192383,assist,yes
157,1,1,0.7549149868676283,-0.6097780466079712,-1.7347780466079712,assist,Yes
158,1,1,0.9525741214369554,-0.6851273775100708,-3.6851272583007812,assist,Yes
159,1,1,0.851952809486198,-0.6876282095909119,-2.4376282691955566,assist,yes
160,1,1,0.9399133464597458,-0.6988492608070374,-3.4488492012023926,assist,Yes
161,1,1,0.9241418283357702,-0.7208384275436401,-3.2208385467529297,assist,yes
162,1,1,0.8807970842359877,-0.6053864359855652,-2.60538649559021,assist,Yes
163,1,1,0.9706877709445761,-0.6615857481956482,-4.161585807800293,assist,Yes
164,1,0,0.0953494674697966,-2.528632164001465,-0.27863219380378723,assist,No
165,1,1,0.9465966702001757,-0.4839608669281006,-3.3589608669281006,assist,Yes
166,1,1,0.9241418199787566,-0.5563123226165771,-3.056312322616577,assist,yes
167,1,1,0.9149009642742806,-0.7199000120162964,-3.094900131225586,assist,yes
168,1,1,0.9626731126558706,-0.4264414310455322,-3.6764414310455322,assist,Yes
169,1,1,0.9324533107374443,-0.49852511286735535,-3.1235251426696777,assist,yes
170,1,0,0.22270013882530884,-2.1171722412109375,-0.8671722412109375,assist,no
171,1,1,0.9324533013520764,-0.6460672616958618,-3.2710671424865723,assist,Yes
172,1,1,0.7981867585368343,-0.7425490617752075,-2.117548942565918,assist,yes
173,1,1,0.8175744939732856,-0.7384790182113647,-2.2384791374206543,assist,Yes
174,1,1,0.8807970904940926,-0.701187014579773,-2.7011871337890625,assist,yes
175,1,1,0.880797081106935,-0.4805407226085663,-2.4805407524108887,assist,Yes
176,1,1,0.8519528019683106,-0.7884049415588379,-2.538404941558838,assist,yes
177,1,1,0.7549149868676283,-0.9177682399749756,-2.0427682399749756,assist,Yes
178,1,1,0.5621765008857981,-1.1489585638046265,-1.3989585638046265,assist,yes
179,1,1,0.8670357666736773,-0.83954256772995,-2.7145426273345947,assist,Yes
180,1,1,0.9626731147976793,-0.5613378882408142,-3.811337947845459,assist,Yes
181,1,1,0.9149009549929797,-0.6119053363800049,-2.986905336380005,assist,yes
182,1,1,0.9046505453836383,-0.7905563116073608,-3.0405564308166504,assist,Yes
183,1,0,0.5,-1.311068058013916,-1.311068058013916,assist,no
184,1,1,0.9046505402422645,-0.6231643557548523,-2.873164415359497,assist,yes
185,1,0,0.2689414213699951,-1.8380070924758911,-0.8380070924758911,assist,No
186,1,1,0.8519527944504226,-0.7889924645423889,-2.538992404937744,assist,yes
187,1,1,0.5926665999540697,-1.1285014152526855,-1.5035014152526855,assist,Yes
188,1,1,0.8175744761936437,-0.7718760967254639,-2.271876096725464,assist,yes
189,1,0,0.37754066879814546,-1.525477409362793,-1.025477409362793,assist,no
190,1,1,0.9046505351008906,-0.48688340187072754,-2.7368834018707275,assist,Yes
191,1,1,0.8933094003735664,-0.7490110993385315,-2.8740110397338867,assist,yes
192,1,0,0.11920291576401235,-2.795963764190674,-0.795963704586029,assist,no
193,1,1,0.9399133498259924,-0.6965973377227783,-3.4465973377227783,assist,Yes
194,1,1,0.9525741214369554,-0.5277291536331177,-3.527729034423828,assist,yes
195,1,1,0.8354835452961425,-0.743602454662323,-2.3686025142669678,assist,yes
196,1,0,0.29421497216298875,-1.6599198579788208,-0.7849198579788208,assist,No
197,1,1,0.9626731126558706,-0.5180726051330566,-3.7680726051330566,assist,yes
198,1,1,0.9241418241572634,-0.7752394080162048,-3.2752394676208496,assist,Yes
199,1,1,0.9241418158002492,-0.7709656357765198,-3.270965576171875,assist,Yes
200,1,1,0.914900945711678,-0.7808033227920532,-3.1558032035827637,assist,Yes
201,1,1,0.9241418158002492,-0.7755075097084045,-3.2755074501037598,assist,Yes
202,1,1,0.5312093733737563,-1.0834487676620483,-1.2084487676620483,assist,yes
203,1,0,0.0953494648991095,-2.8395280838012695,-0.5895280838012695,assist,no
204,1,1,0.893309411735131,-0.7439493536949158,-2.8689494132995605,assist,yes
205,1,1,0.939913343093499,-0.5878587961196899,-3.3378586769104004,assist,yes
206,1,1,0.9046505299595163,-0.6266244053840637,-2.876624345779419,assist,yes
207,1,1,0.9626731083722525,-0.5660229921340942,-3.8160228729248047,assist,yes
208,1,0,0.46879062662624377,-1.2075345516204834,-1.0825345516204834,assist,No
209,1,1,0.9525741241296944,-0.479938805103302,-3.4799387454986572,assist,yes
210,1,1,0.7772998611746911,-0.8458731174468994,-2.0958731174468994,assist,Yes
211,1,1,0.835483553488848,-0.8679217100143433,-2.492921829223633,assist,Yes
212,1,1,0.754914997895581,-0.5992316603660583,-1.7242317199707031,assist,Yes
213,1,1,0.9046505351008906,-0.7361207008361816,-2.9861207008361816,assist,Yes
214,1,0,0.09534947004048376,-2.9726405143737793,-0.7226405739784241,assist,no
215,1,1,0.9324533051062237,-0.7667739987373352,-3.3917739391326904,assist,Yes
216,1,1,0.5926665999540697,-1.157788634300232,-1.532788634300232,assist,Yes
217,1,1,0.9399133498259924,-0.7012598514556885,-3.4512598514556885,assist,yes
218,1,1,0.9399133464597458,-0.6913331151008606,-3.441333055496216,assist,Yes
219,1,1,0.9241418158002492,-0.6052663922309875,-3.1052663326263428,assist,yes
220,1,1,0.939913356558485,-0.691606879234314,-3.4416069984436035,assist,Yes
221,1,1,0.9324533088603709,-0.5974390506744385,-3.2224390506744385,assist,yes
222,1,1,0.8933094174159129,-0.8031133413314819,-2.9281134605407715,assist,Yes
223,1,1,0.8175744939732856,-0.772234320640564,-2.2722344398498535,assist,yes
224,1,1,0.7981867777396212,-0.7766592502593994,-2.1516592502593994,assist,Yes
225,1,0,0.06754669864792355,-3.378098964691162,-0.7530990839004517,assist,no
226,1,0,0.4378234991142019,-1.4333751201629639,-1.1833751201629639,assist,no
227,1,1,0.8933094174159129,-0.6863287687301636,-2.811328887939453,assist,Yes
228,1,1,0.8354835452961425,-0.7073461413383484,-2.332346200942993,assist,Yes
229,1,1,0.9149009549929797,-0.7211332321166992,-3.096133232116699,assist,yes
230,1,1,0.9740426473232578,-0.6070860028266907,-4.232086181640625,assist,yes
231,1,1,0.9465966732132748,-0.5811981558799744,-3.456198215484619,assist,yes
232,1,1,0.7549149868676283,-0.8376870155334473,-1.9626870155334473,assist,yes
233,1,1,0.5926665999540697,-0.9526669979095459,-1.327666997909546,assist,Yes
234,1,1,0.9525741268224334,-0.635206937789917,-3.635206937789917,assist,yes
235,1,1,0.914900950352329,-0.6682611107826233,-3.0432610511779785,assist,Yes
236,1,1,0.9525741268224334,-0.6310336589813232,-3.6310336589813232,assist,yes
237,1,1,0.8933093946927838,-0.6403490304946899,-2.7653489112854004,assist,Yes
238,1,1,0.6513548646660542,-0.9625517129898071,-1.5875517129898071,assist,yes
239,1,1,0.8519528170040853,-0.7339276075363159,-2.4839277267456055,assist,Yes
240,1,1,0.8807970842359877,-0.604900062084198,-2.6049001216888428,assist,yes
241,1,0,0.4073334000459302,-1.3738681077957153,-0.9988681077957153,assist,No
242,1,0,0.32082130082460697,-1.6224333047866821,-0.8724333047866821,assist,no
243,1,1,0.9241418241572634,-0.7748231291770935,-3.2748231887817383,assist,Yes
244,1,1,0.914900950352329,-0.5658183693885803,-2.9408183097839355,assist,yes
245,1,1,0.9046505248181417,-0.741913914680481,-2.9919137954711914,assist,Yes
246,1,1,0.9465966762263737,-0.5316318273544312,-3.4066319465637207,assist,Yes
247,1,1,0.8933094060543487,-0.6987125873565674,-2.8237125873565674,assist,Yes
248,1,1,0.9324533013520764,-0.7025610208511353,-3.3275609016418457,assist,Yes
249,1,1,0.9046505248181417,-0.7313553094863892,-2.9813551902770996,assist,yes
250,1,1,0.9241418241572634,-0.770213782787323,-3.2702138423919678,assist,Yes
251,1,1,0.9399133498259924,-0.7577393054962158,-3.507739305496216,assist,Yes
252,1,0,0.46879062662624377,-1.3057591915130615,-1.1807591915130615,assist,no
253,1,1,0.7549149868676283,-0.9647188186645508,-2.089718818664551,assist,Yes
254,1,1,0.9324533163686646,-0.6521252393722534,-3.277125358581543,assist,Yes
255,1,1,0.9046505351008906,-0.7426190376281738,-2.992619037628174,assist,yes
256,1,1,0.9241418241572634,-0.6100937724113464,-3.110093832015991,assist,Yes
257,1,1,0.8670357460591569,-0.7310415506362915,-2.606041431427002,assist,Yes
258,1,1,0.8519528019683106,-0.8492107391357422,-2.599210739135742,assist,Yes
259,1,1,0.9149009642742806,-0.7248924970626831,-3.0998926162719727,assist,Yes
260,1,1,0.7981867585368343,-0.8173691034317017,-2.192368984222412,assist,Yes
261,1,1,0.8933094174159129,-0.6994332075119019,-2.8244333267211914,assist,yes
262,1,1,0.9324533088603709,-0.7625179290771484,-3.3875179290771484,assist,Yes
263,1,0,0.1824255415859996,-2.2502551078796387,-0.7502552270889282,assist,No
264,1,1,0.8519528019683106,-0.5458056926727295,-2.2958056926727295,assist,yes
265,1,0,0.4073334000459302,-1.4588171243667603,-1.0838171243667603,assist,No
266,1,1,0.8807970654616711,-0.8169113397598267,-2.816911220550537,assist,Yes
267,1,1,0.8670357460591569,-0.839762806892395,-2.7147626876831055,assist,Yes
268,1,1,0.5312093733737563,-1.2443979978561401,-1.3693979978561401,assist,Yes
269,1,1,0.893309411735131,-0.6990270018577576,-2.8240270614624023,assist,Yes
270,1,1,0.9525741214369554,-0.73932945728302,-3.7393293380737305,assist,Yes
271,1,1,0.9241418283357702,-0.7194079160690308,-3.2194080352783203,assist,Yes
272,1,1,0.9241418116217418,-0.7749520540237427,-3.274951934814453,assist,Yes
273,1,1,0.9465966671870767,-0.6311712861061096,-3.506171226501465,assist,Yes
274,1,1,0.8807970842359877,-0.7570533156394958,-2.7570533752441406,assist,Yes
275,1,1,0.8933093946927838,-0.743576169013977,-2.8685760498046875,assist,yes
276,1,1,0.880797071719777,-0.8234487175941467,-2.823448657989502,assist,Yes
277,1,1,0.7549150089235336,-0.8763836622238159,-2.0013837814331055,assist,Yes
278,1,0,0.2942149597859341,-1.5937838554382324,-0.7187837958335876,assist,no
279,1,1,0.9399133447766225,-0.41135725378990173,-3.1613571643829346,assist,Yes
280,1,1,0.939913343093499,-0.6985307931900024,-3.448530673980713,assist,Yes
281,1,1,0.9046505351008906,-0.7308320999145508,-2.980832099914551,assist,yes
282,1,1,0.9579122696813394,-0.6792016625404358,-3.804201602935791,assist,yes
283,1,1,0.880797071719777,-0.756726086139679,-2.756726026535034,assist,yes
284,1,1,0.6224593452091672,-0.9535011649131775,-1.4535012245178223,assist,yes
285,1,0,0.3208213138121609,-1.6413495540618896,-0.8913496136665344,assist,no
286,1,1,0.867035752930664,-0.7388902306556702,-2.6138901710510254,assist,Yes
287,1,1,0.9241418199787566,-0.7107090950012207,-3.2107090950012207,assist,Yes
288,1,1,0.8670357460591569,-0.4946390390396118,-2.3696389198303223,assist,Yes
289,1,1,0.9465966641739773,-0.639602780342102,-3.5146026611328125,assist,Yes
290,1,1,0.8175744850834649,-0.6895388960838318,-2.1895389556884766,assist,Yes
291,1,0,0.18242552380635632,-2.1453428268432617,-0.6453428268432617,assist,no
292,1,1,0.9324533088603709,-0.7626779079437256,-3.3876779079437256,assist,Yes
293,1,1,0.893309411735131,-0.6931046843528748,-2.8181047439575195,assist,Yes
294,1,1,0.8933094174159129,-0.68681800365448,-2.8118181228637695,assist,yes
295,1,1,0.9525741214369554,-0.6357408761978149,-3.6357407569885254,assist,yes
296,1,1,0.8354835452961425,-0.7166005969047546,-2.3416006565093994,assist,Yes
297,1,1,0.914900950352329,-0.780525267124176,-3.1555252075195312,assist,Yes
298,1,1,0.8175744761936437,-0.7633867263793945,-2.2633867263793945,assist,yes
299,1,0,0.29421497216298875,-1.7529845237731934,-0.8779845237731934,assist,No
300,1,0,0.1329642333263228,-2.575483798980713,-0.7004837393760681,assist,No
301,1,1,0.8519527869325346,-0.732575535774231,-2.4825754165649414,assist,yes
302,1,1,0.8670357666736773,-0.7870728373527527,-2.6620728969573975,assist,Yes
303,1,1,0.8670357735451834,-0.8321312665939331,-2.7071313858032227,assist,Yes
304,1,1,0.9324533126145177,-0.6497916579246521,-3.274791717529297,assist,yes
305,1,1,0.7981867777396212,-0.7959723472595215,-2.1709723472595215,assist,yes
306,1,1,0.9579122720843811,-0.6213881969451904,-3.7463881969451904,assist,Yes
307,1,1,0.9324533051062237,-0.6533339619636536,-3.278333902359009,assist,yes
308,1,1,0.893309411735131,-0.743701159954071,-2.868701219558716,assist,yes
309,1,1,0.798186768138228,-0.786755383014679,-2.161755323410034,assist,yes
310,1,0,0.4073334000459302,-1.4407269954681396,-1.0657269954681396,assist,no
311,1,1,0.754914975839675,-0.7395794987678528,-1.864579439163208,assist,yes
312,1,1,0.9149009549929797,-0.6151649951934814,-2.9901649951934814,assist,yes
313,1,1,0.7549149868676283,-0.8918671607971191,-2.016867160797119,assist,Yes
314,1,1,0.966914017797636,-0.5629273653030396,-3.93792724609375,assist,yes
315,1,1,0.9770226287518852,-0.607112467288971,-4.357112407684326,assist,yes
316,1,1,0.9525741281688026,-0.32956287264823914,-3.3295629024505615,assist,Yes
317,1,1,0.7057850402140659,-0.842812716960907,-1.7178127765655518,assist,Yes
318,1,1,0.9706877675527112,-0.46337205171585083,-3.963371992111206,assist,yes
319,1,1,0.939913356558485,-0.6982206106185913,-3.448220729827881,assist,yes
320,1,1,0.9046505351008906,-0.7921385765075684,-3.0421385765075684,assist,Yes
321,1,1,0.9324533126145177,-0.7057437300682068,-3.3307437896728516,assist,yes
322,1,1,0.9626731126558706,-0.729999303817749,-3.979999303817749,assist,Yes
323,1,0,0.3775406828054583,-1.3541367053985596,-0.8541367650032043,assist,No
324,1,1,0.9465966762263737,-0.5756810903549194,-3.450681209564209,assist,Yes
325,1,1,0.9579122672782973,-0.6809197664260864,-3.805919647216797,assist,yes
326,1,1,0.9324533163686646,-0.4988616704940796,-3.123861789703369,assist,Yes
327,1,1,0.8933094003735664,-0.8029771447181702,-2.9279770851135254,assist,Yes
328,1,1,0.9579122696813394,-0.5201290249824524,-3.6451289653778076,assist,yes
329,1,1,0.9324533013520764,-0.7055894136428833,-3.3305892944335938,assist,Yes
330,1,1,0.8807970654616711,-0.6472111940383911,-2.6472110748291016,assist,yes
331,1,1,0.9525741322079105,-0.36408793926239014,-3.3640880584716797,assist,Yes
332,1,1,0.867035752930664,-0.7161808609962463,-2.5911808013916016,assist,yes
333,1,1,0.9149009642742806,-0.5170658826828003,-2.89206600189209,assist,yes
334,1,1,0.8670357460591569,-0.7722693681716919,-2.6472692489624023,assist,Yes
335,1,1,0.5312093733737563,-1.1905794143676758,-1.3155794143676758,assist,Yes
336,1,1,0.9399133464597458,-0.6946449875831604,-3.4446449279785156,assist,Yes
337,1,1,0.8519527869325346,-0.8061891794204712,-2.5561890602111816,assist,Yes
338,1,1,0.9324533051062237,-0.505026638507843,-3.1300265789031982,assist,Yes
339,1,1,0.8175744761936437,-0.688734769821167,-2.188734769821167,assist,Yes
340,1,1,0.9525741241296944,-0.6303251385688782,-3.6303250789642334,assist,yes
341,1,1,0.8933094060543487,-0.544917106628418,-2.669917106628418,assist,Yes
342,1,1,0.9241418241572634,-0.7747654318809509,-3.2747654914855957,assist,Yes
343,1,1,0.9241418137109955,-0.42997869849205017,-2.929978609085083,assist,Yes
344,1,0,0.22270012850745968,-2.147731065750122,-0.8977310061454773,assist,no
345,1,1,0.5926665999540697,-1.0470420122146606,-1.4220420122146606,assist,yes
346,1,1,0.8807970654616711,-0.7214804887771606,-2.721480369567871,assist,Yes
347,1,1,0.9046505351008906,-0.5340631008148193,-2.7840631008148193,assist,yes
348,1,1,0.5926665999540697,-1.0828429460525513,-1.4578429460525513,assist,yes
349,1,1,0.5312093733737563,-1.255636215209961,-1.380636215209961,assist,Yes
350,1,1,0.9046505351008906,-0.7324738502502441,-2.982473850250244,assist,yes
351,1,1,0.5621765008857981,-1.1303678750991821,-1.3803678750991821,assist,Yes
352,1,1,0.5621765008857981,-1.1833736896514893,-1.4333736896514893,assist,Yes
353,1,1,0.8807970654616711,-0.6608830690383911,-2.6608829498291016,assist,Yes
354,1,1,0.9324533051062237,-0.7056418061256409,-3.330641746520996,assist,yes
355,1,1,0.9149009596336303,-0.6732138991355896,-3.0482139587402344,assist,yes
356,1,1,0.9241418199787566,-0.7155282497406006,-3.2155282497406006,assist,yes
357,1,1,0.9399133498259924,-0.6938602924346924,-3.4438602924346924,assist,Yes
358,1,1,0.9324533013520764,-0.7668048143386841,-3.3918046951293945,assist,Yes
359,1,1,0.9241418158002492,-0.5525644421577454,-3.0525643825531006,assist,Yes
360,1,1,0.9465966641739773,-0.6924740076065063,-3.567473888397217,assist,yes
361,1,1,0.9324533051062237,-0.7094171643257141,-3.3344171047210693,assist,yes
362,1,1,0.8175744850834649,-0.8200673460960388,-2.3200674057006836,assist,yes
363,1,1,0.7772998508568416,-0.8605497479438782,-2.1105496883392334,assist,Yes
364,1,1,0.9324533051062237,-0.7106922268867493,-3.3356921672821045,assist,yes
365,1,1,0.9399133464597458,-0.6424270272254944,-3.3924269676208496,assist,yes
366,1,1,0.9241418241572634,-0.7069298624992371,-3.206929922103882,assist,Yes
367,1,1,0.9046505351008906,-0.790916919708252,-3.040916919708252,assist,Yes
368,1,1,0.9796676442828175,-0.5451256036758423,-4.420125484466553,assist,Yes
369,1,1,0.8354835371034369,-0.8270683288574219,-2.452068328857422,assist,Yes
370,1,1,0.7981867873410141,-0.8311581015586853,-2.20615816116333,assist,Yes
371,1,1,0.9241418199787566,-0.657900333404541,-3.157900333404541,assist,Yes
372,1,1,0.9399133464597458,-0.5874419808387756,-3.337441921234131,assist,Yes
373,1,1,0.754914975839675,-0.7971075177192688,-1.922107458114624,assist,yes
374,1,1,0.914900950352329,-0.6678689122200012,-3.0428688526153564,assist,Yes
375,1,1,0.8354835371034369,-0.8167428970336914,-2.4417428970336914,assist,Yes
376,1,1,0.7772998714925403,-0.7126438021659851,-1.9626438617706299,assist,yes
377,1,1,0.7981867777396212,-0.79569411277771,-2.17069411277771,assist,yes
378,1,1,0.9465966671870767,-0.5805492997169495,-3.4555492401123047,assist,Yes
379,1,1,0.9046505351008906,-0.7264394760131836,-2.9764394760131836,assist,yes
380,1,1,0.914900950352329,-0.7309196591377258,-3.105919599533081,assist,yes
381,1,1,0.9669140216112958,-0.6115946769714355,-3.9865946769714355,assist,Yes
382,1,1,0.9525741268224334,-0.6870803833007812,-3.6870803833007812,assist,Yes
383,1,1,0.914900950352329,-0.7253392338752747,-3.10033917427063,assist,Yes
384,1,1,0.9796676454700793,-0.5467024445533752,-4.4217023849487305,assist,Yes
385,1,1,0.89330940889474,-0.4692551791667938,-2.594255208969116,assist,Yes
386,1,1,0.880797071719777,-0.6065531373023987,-2.606553077697754,assist,yes
387,1,1,0.8933094003735664,-0.8035147786140442,-2.9285147190093994,assist,Yes
388,1,1,0.8670357598021706,-0.7711606025695801,-2.64616060256958,assist,yes
389,1,1,0.8933094060543487,-0.7427506446838379,-2.867750644683838,assist,yes
390,1,1,0.914900950352329,-0.7804873585700989,-3.155487298965454,assist,Yes
391,1,1,0.8175744761936437,-0.8787257671356201,-2.37872576713562,assist,Yes
392,1,1,0.9399133498259924,-0.538640022277832,-3.288640022277832,assist,Yes
393,1,1,0.851952809486198,-0.5930919051170349,-2.3430919647216797,assist,yes
394,1,1,0.9149009549929797,-0.6739442348480225,-3.0489442348480225,assist,Yes
395,1,1,0.9149009642742806,-0.5660594701766968,-2.9410595893859863,assist,Yes
396,1,1,0.8933094060543487,-0.6930608749389648,-2.818060874938965,assist,yes
397,1,1,0.7981867777396212,-0.7954156398773193,-2.1704156398773193,assist,yes
398,1,1,0.754914975839675,-0.8498547673225403,-1.9748547077178955,assist,yes
399,1,1,0.6224593312018546,-1.1301226615905762,-1.6301226615905762,assist,Yes
400,1,1,0.9579122696813394,-0.6813297867774963,-3.8063297271728516,assist,yes
401,1,1,0.7981867777396212,-0.6863200664520264,-2.0613200664520264,assist,yes
402,1,1,0.8354835371034369,-0.7155146598815918,-2.340514659881592,assist,Yes
403,1,0,0.2689414330889798,-1.6648268699645996,-0.6648269295692444,assist,No
404,1,1,0.9465966702001757,-0.585493803024292,-3.460493803024292,assist,yes
405,1,1,0.867035752930664,-0.8317390084266663,-2.7067389488220215,assist,Yes
406,1,1,0.5621765008857981,-1.0636441707611084,-1.3136441707611084,assist,yes
407,1,1,0.9324533088603709,-0.6530318260192871,-3.278031826019287,assist,yes
408,1,1,0.9840936101542134,-0.6533397436141968,-4.778339862823486,assist,yes
409,1,0,0.22270012850745968,-2.072986364364624,-0.8229863047599792,assist,no
410,1,1,0.9465966671870767,-0.5322597622871399,-3.407259702682495,assist,yes
411,1,1,0.9324533051062237,-0.7023418545722961,-3.3273417949676514,assist,yes
412,1,1,0.8807970904940926,-0.6105436086654663,-2.610543727874756,assist,Yes
413,1,1,0.9149009596336303,-0.6681725382804871,-3.043172597885132,assist,Yes
414,1,1,0.9626731126558706,-0.7310724258422852,-3.981072425842285,assist,Yes
415,1,1,0.9324533163686646,-0.766508936882019,-3.3915090560913086,assist,Yes
416,1,1,0.8807970779778823,-0.7705216407775879,-2.770521640777588,assist,Yes
417,1,0,0.4073334000459302,-1.448979139328003,-1.073979139328003,assist,no
418,1,1,0.9241418241572634,-0.5536646246910095,-3.0536646842956543,assist,Yes
419,1,1,0.9241418241572634,-0.719315230846405,-3.21931529045105,assist,yes
420,1,1,0.9324533051062237,-0.5024715065956116,-3.127471446990967,assist,yes
421,1,1,0.9241418283357702,-0.7200444936752319,-3.2200446128845215,assist,Yes
422,1,1,0.8670357735451834,-0.8246339559555054,-2.699634075164795,assist,Yes
423,1,1,0.9149009549929797,-0.7299778461456299,-3.10497784614563,assist,Yes
424,1,1,0.8354835289107309,-0.7807751297950745,-2.4057750701904297,assist,Yes
425,1,0,0.34864513533394575,-1.6817286014556885,-1.0567286014556885,assist,no
426,1,1,0.9149009596336303,-0.6109570860862732,-2.985957145690918,assist,yes
427,1,1,0.9324533144915912,-0.42170801758766174,-3.046708106994629,assist,Yes
428,1,0,0.29421497216298875,-1.7863028049468994,-0.9113028049468994,assist,no
429,1,1,0.9046505351008906,-0.7970576286315918,-3.047057628631592,assist,Yes
430,1,1,0.8519528019683106,-0.8064925670623779,-2.556492567062378,assist,Yes
431,1,1,0.8519528019683106,-0.8060786724090576,-2.5560786724090576,assist,Yes
432,1,1,0.8175744761936437,-0.5611588954925537,-2.0611588954925537,assist,Yes
433,1,1,0.9525741322079105,-0.5791429281234741,-3.5791430473327637,assist,yes
434,1,1,0.7981867777396212,-0.8514273166656494,-2.2264273166656494,assist,yes
435,1,1,0.9324533163686646,-0.5954030752182007,-3.2204031944274902,assist,yes
436,1,1,0.5621765008857981,-0.9487850666046143,-1.1987850666046143,assist,yes
437,1,1,0.9579122720843811,-0.6245830059051514,-3.7495830059051514,assist,yes
438,1,1,0.8933094060543487,-0.7430174350738525,-2.8680174350738525,assist,yes
439,1,1,0.8933093946927838,-0.8046098947525024,-2.929609775543213,assist,Yes
440,1,1,0.5621765008857981,-1.1908690929412842,-1.4408690929412842,assist,Yes
441,1,0,0.46879062662624377,-1.3703980445861816,-1.2453980445861816,assist,no
442,1,1,0.5621765008857981,-1.1151273250579834,-1.3651273250579834,assist,yes
443,1,1,0.8670357666736773,-0.7794660925865173,-2.654466152191162,assist,Yes
444,1,0,0.05340332678672523,-3.611623764038086,-0.7366237044334412,assist,no
445,1,1,0.7772998714925403,-0.8897003531455994,-2.139700412750244,assist,Yes
446,1,1,0.957912274487423,-0.6786975264549255,-3.8036975860595703,assist,yes
447,1,1,0.835483553488848,-0.737146258354187,-2.3621463775634766,assist,yes
448,1,1,0.914900950352329,-0.5663755536079407,-2.941375494003296,assist,yes
449,1,1,0.8519527869325346,-0.6950303316116333,-2.4450302124023438,assist,Yes
450,1,0,0.5,-1.1840364933013916,-1.1840364933013916,assist,no
451,1,1,0.9046505299595163,-0.6793316006660461,-2.9293315410614014,assist,Yes
452,1,1,0.9399133498259924,-0.702674150466919,-3.452674150466919,assist,yes
453,1,1,0.754914975839675,-0.9340885281562805,-2.0590884685516357,assist,Yes
454,1,1,0.679178699175393,-1.020156741142273,-1.770156741142273,assist,Yes
455,1,1,0.9706877692486436,-0.4172334671020508,-3.917233467102051,assist,Yes
456,1,1,0.9149009549929797,-0.6148972511291504,-2.9898972511291504,assist,Yes
457,1,1,0.835483553488848,-0.8275846242904663,-2.452584743499756,assist,Yes
458,1,0,0.22270012850745968,-2.0429766178131104,-0.7929765582084656,assist,no
459,1,1,0.6224593312018546,-1.0914679765701294,-1.5914679765701294,assist,Yes
460,1,1,0.9241418158002492,-0.7753532528877258,-3.275353193283081,assist,Yes
461,1,1,0.957912274487423,-0.6274034380912781,-3.752403497695923,assist,yes
462,1,1,0.8175744850834649,-0.7125501036643982,-2.212550163269043,assist,yes
463,1,1,0.8354835371034369,-0.6913695335388184,-2.3163695335388184,assist,yes
464,1,1,0.9324533163686646,-0.7023319005966187,-3.327332019805908,assist,Yes
465,1,1,0.6513548511303336,-0.961935818195343,-1.5869357585906982,assist,yes
466,1,1,0.8933094174159129,-0.6987546682357788,-2.8237547874450684,assist,Yes
467,1,1,0.9241418241572634,-0.6090599894523621,-3.109060049057007,assist,Yes
468,1,1,0.9324533163686646,-0.6460551023483276,-3.271055221557617,assist,Yes
469,1,1,0.9046505351008906,-0.7967047691345215,-3.0467047691345215,assist,Yes
470,1,1,0.9525741214369554,-0.7417317628860474,-3.741731643676758,assist,Yes
471,1,1,0.798186768138228,-0.7350223660469055,-2.1100223064422607,assist,yes
472,1,1,0.9770226314280634,-0.5534147620201111,-4.303414821624756,assist,yes
473,1,1,0.6224593312018546,-1.018301248550415,-1.518301248550415,assist,Yes
474,1,1,0.5621765008857981,-1.1586127281188965,-1.4086127281188965,assist,Yes
475,1,1,0.9669140216112958,-0.561119794845581,-3.936119794845581,assist,yes
476,1,1,0.9324533088603709,-0.7055611610412598,-3.3305611610412598,assist,yes
477,1,1,0.7772998611746911,-0.7592325210571289,-2.009232521057129,assist,yes
478,1,1,0.9241418116217418,-0.7751437425613403,-3.275143623352051,assist,Yes
479,1,1,0.7772998611746911,-0.9251151084899902,-2.1751151084899902,assist,Yes
480,1,1,0.9241418158002492,-0.7192843556404114,-3.2192842960357666,assist,Yes
481,1,1,0.8670357598021706,-0.6763830184936523,-2.5513830184936523,assist,Yes
482,1,1,0.9149009596336303,-0.7810155749320984,-3.156015634536743,assist,Yes
483,1,1,0.9525741268224334,-0.7421939373016357,-3.7421939373016357,assist,Yes
484,1,1,0.5621765008857981,-1.0782397985458374,-1.3282397985458374,assist,yes
485,1,1,0.9241418158002492,-0.7100172638893127,-3.210017204284668,assist,Yes
486,1,1,0.8807970654616711,-0.7138820886611938,-2.7138819694519043,assist,Yes
487,1,1,0.8175744939732856,-0.7498964071273804,-2.24989652633667,assist,Yes
488,1,1,0.754914975839675,-0.8917029500007629,-2.016702890396118,assist,Yes
489,1,1,0.851952809486198,-0.5122188925743103,-2.262218952178955,assist,Yes
490,1,1,0.9046505248181417,-0.6321951150894165,-2.882194995880127,assist,Yes
491,1,1,0.9046505351008906,-0.7362217903137207,-2.9862217903137207,assist,yes
492,1,1,0.5312093733737563,-1.2137876749038696,-1.3387876749038696,assist,Yes
493,1,1,0.8807970779778823,-0.6480727195739746,-2.6480727195739746,assist,Yes
494,1,1,0.8519528019683106,-0.7486958503723145,-2.4986958503723145,assist,Yes
495,1,1,0.9399133464597458,-0.37406426668167114,-3.1240642070770264,assist,Yes
496,1,1,0.6513548646660542,-1.0472908020019531,-1.6722908020019531,assist,Yes
497,1,1,0.9465966671870767,-0.5756548047065735,-3.4506547451019287,assist,Yes
498,1,1,0.9046505299595163,-0.679286777973175,-2.9292867183685303,assist,yes
499,1,1,0.9465966641739773,-0.751416802406311,-3.6264166831970215,assist,Yes
500,1,1,0.8933094174159129,-0.7559884786605835,-2.880988597869873,assist,Yes
501,1,1,0.9525741241296944,-0.6884976029396057,-3.688497543334961,assist,Yes
502,1,1,0.5926665999540697,-1.124434471130371,-1.499434471130371,assist,Yes
503,1,1,0.880797071719777,-0.7628989815711975,-2.7628989219665527,assist,yes
504,1,1,0.9046505453836383,-0.6326006650924683,-2.882600784301758,assist,Yes
505,1,0,0.3208213138121609,-1.4900071620941162,-0.740007221698761,assist,no
506,1,1,0.939913356558485,-0.5386346578598022,-3.288634777069092,assist,Yes
507,1,1,0.9046505248181417,-0.5735074281692505,-2.823507308959961,assist,yes
508,1,1,0.9241418158002492,-0.6581555008888245,-3.1581554412841797,assist,yes
509,1,1,0.9241418241572634,-0.6543242335319519,-3.1543242931365967,assist,Yes
510,1,1,0.9465966671870767,-0.6352604031562805,-3.5102603435516357,assist,Yes
511,1,1,0.9149009549929797,-0.7850286960601807,-3.1600286960601807,assist,Yes
512,1,1,0.7772998611746911,-0.8600032329559326,-2.1100032329559326,assist,Yes
513,1,1,0.7057850278370112,-0.942757248878479,-1.817757248878479,assist,yes
514,1,0,0.37754066879814546,-1.5727460384368896,-1.0727460384368896,assist,no
515,1,1,0.7549149868676283,-0.7869400978088379,-1.911940097808838,assist,yes
516,1,1,0.9399133498259924,-0.5880305767059326,-3.3380305767059326,assist,Yes
517,1,1,0.9465966732132748,-0.6900941729545593,-3.565094232559204,assist,Yes
518,1,1,0.5621765008857981,-1.1053338050842285,-1.3553338050842285,assist,Yes
519,1,1,0.9241418116217418,-0.6582633256912231,-3.1582632064819336,assist,yes
520,1,1,0.9399133464597458,-0.5908425450325012,-3.3408424854278564,assist,Yes
521,1,1,0.9465966717067252,-0.4902746379375458,-3.365274667739868,assist,yes
522,1,0,0.46879062662624377,-1.3410329818725586,-1.2160329818725586,assist,no
523,1,1,0.7549149648117217,-0.9190980195999146,-2.044097900390625,assist,Yes
524,1,1,0.8354835371034369,-0.6998541355133057,-2.3248541355133057,assist,yes
525,1,0,0.34864513533394575,-1.656896710395813,-1.031896710395813,assist,no
526,1,1,0.9324533088603709,-0.596327543258667,-3.221327543258667,assist,yes
527,1,1,0.8807970779778823,-0.7567379474639893,-2.7567379474639893,assist,yes
528,1,0,0.5,-1.0421243906021118,-1.0421243906021118,assist,No
529,1,1,0.8519528019683106,-0.8569180965423584,-2.6069180965423584,assist,Yes
530,1,1,0.8175744850834649,-0.8782605528831482,-2.378260612487793,assist,Yes
531,1,1,0.9579122768904644,-0.6269854307174683,-3.751985549926758,assist,yes
532,1,0,0.24508500210441886,-1.9289910793304443,-0.8039910197257996,assist,no
533,1,1,0.9626731147976793,-0.513701856136322,-3.763701915740967,assist,Yes
534,1,1,0.9669140216112958,-0.5595242977142334,-3.9345242977142334,assist,Yes
535,1,1,0.9324533088603709,-0.6491668224334717,-3.2741668224334717,assist,Yes
536,1,0,0.24508500210441886,-1.7365031242370605,-0.6115030646324158,assist,No
537,1,1,0.5621765008857981,-1.105323314666748,-1.355323314666748,assist,Yes
538,1,1,0.8354835289107309,-0.8158572316169739,-2.440857172012329,assist,Yes
539,1,1,0.9324533163686646,-0.7622283697128296,-3.387228488922119,assist,Yes
540,1,1,0.9241418283357702,-0.7114070653915405,-3.21140718460083,assist,yes
541,1,1,0.8175744850834649,-0.8043107390403748,-2.3043107986450195,assist,Yes
542,1,1,0.9046505351008906,-0.686964750289917,-2.936964750289917,assist,Yes
543,1,1,0.9241418158002492,-0.6541407704353333,-3.1541407108306885,assist,Yes
544,1,1,0.9525741268224334,-0.47743940353393555,-3.4774394035339355,assist,Yes
545,1,1,0.9399133531922388,-0.6928619742393494,-3.442862033843994,assist,Yes
546,1,0,0.5,-1.2352606058120728,-1.2352606058120728,assist,no
547,1,1,0.8807970904940926,-0.7067350149154663,-2.706735134124756,assist,yes
548,1,1,0.7981867777396212,-0.6681766510009766,-2.0431766510009766,assist,Yes
549,1,1,0.7310585786300049,-0.935917854309082,-1.935917854309082,assist,Yes
550,1,1,0.8354835289107309,-0.7696717381477356,-2.394671678543091,assist,Yes
551,1,1,0.8933094060543487,-0.6399552822113037,-2.7649552822113037,assist,yes
552,1,1,0.8807970842359877,-0.8170437216758728,-2.8170437812805176,assist,Yes
553,1,1,0.9241418283357702,-0.5605095624923706,-3.06050968170166,assist,yes
554,1,1,0.9465966671870767,-0.5353832840919495,-3.4103832244873047,assist,yes
555,1,1,0.7310585786300049,-0.7052022218704224,-1.7052022218704224,assist,Yes
556,1,1,0.7981867585368343,-0.8911424875259399,-2.2661423683166504,assist,Yes
557,1,0,0.11920292828022305,-2.701402425765991,-0.701402485370636,assist,no
558,1,1,0.9241418283357702,-0.657889723777771,-3.1578898429870605,assist,Yes
559,1,0,0.1645164628965632,-2.258056402206421,-0.6330564022064209,assist,No
560,1,1,0.8519528170040853,-0.7252234220504761,-2.4752235412597656,assist,yes
561,1,1,0.9324533088603709,-0.5474162101745605,-3.1724162101745605,assist,Yes
562,1,1,0.9579122720843811,-0.5712809562683105,-3.6962809562683105,assist,yes
563,1,1,0.8807970654616711,-0.7711549997329712,-2.7711548805236816,assist,Yes
564,1,1,0.851952809486198,-0.7481512427330017,-2.4981513023376465,assist,Yes
565,1,1,0.8933094003735664,-0.6392994523048401,-2.7642993927001953,assist,Yes
566,1,0,0.46879062662624377,-1.3387041091918945,-1.2137041091918945,assist,no
567,1,1,0.9669140235181256,-0.670503556728363,-4.045503616333008,assist,yes
568,1,1,0.7057850278370112,-0.9102398157119751,-1.785239815711975,assist,Yes
569,1,1,0.9706877726405082,-0.4646357297897339,-3.9646358489990234,assist,yes
570,1,1,0.9465966762263737,-0.6342710256576538,-3.5092711448669434,assist,yes
571,1,1,0.880797071719777,-0.7630904316902161,-2.7630903720855713,assist,yes
572,1,1,0.939913343093499,-0.6427809000015259,-3.3927807807922363,assist,yes
573,1,1,0.952574129515172,-0.6871535181999207,-3.6871535778045654,assist,yes
574,1,1,0.7772998508568416,-0.876998245716095,-2.12699818611145,assist,yes
575,1,0,0.2689414213699951,-1.7363839149475098,-0.7363839149475098,assist,no
576,1,1,0.9465966702001757,-0.7483537197113037,-3.6233537197113037,assist,Yes
577,1,1,0.9149009549929797,-0.6677486896514893,-3.0427486896514893,assist,yes
578,1,1,0.7981867777396212,-0.7647905349731445,-2.1397905349731445,assist,Yes
579,1,1,0.8354835371034369,-0.8766779899597168,-2.501677989959717,assist,Yes
580,1,1,0.9149009596336303,-0.5169722437858582,-2.891972303390503,assist,Yes
581,1,1,0.8933093946927838,-0.686233639717102,-2.8112335205078125,assist,yes
582,1,0,0.11920292202211755,-2.6177878379821777,-0.6177878379821777,assist,no
583,1,1,0.9669140254249554,-0.6679805517196655,-4.042980670928955,assist,Yes
584,1,1,0.8670357598021706,-0.6703338623046875,-2.5453338623046875,assist,yes
585,1,1,0.9626731105140616,-0.6741960644721985,-3.9241960048675537,assist,yes
586,1,1,0.9626731126558706,-0.4318060874938965,-3.6818060874938965,assist,yes
587,1,1,0.867035752930664,-0.7794552445411682,-2.6544551849365234,assist,yes
588,1,0,0.5,-1.2906697988510132,-1.2906697988510132,assist,no
589,1,1,0.9740426412951848,-0.6066628098487854,-4.231662750244141,assist,yes
590,1,1,0.7772998611746911,-0.7591919898986816,-2.0091919898986816,assist,yes
591,1,1,0.7981867969424066,-0.7860363721847534,-2.161036491394043,assist,yes
592,1,1,0.9579122708828604,-0.43298056721687317,-3.557980537414551,assist,Yes
593,1,1,0.9399133498259924,-0.6950249671936035,-3.4450249671936035,assist,yes
594,1,1,0.8175744939732856,-0.8882778882980347,-2.388278007507324,assist,Yes
595,1,1,0.835483553488848,-0.6576241254806519,-2.2826242446899414,assist,Yes
596,1,1,0.8807970842359877,-0.8248149752616882,-2.824815034866333,assist,Yes
597,1,1,0.9149009596336303,-0.7300462126731873,-3.105046272277832,assist,yes
598,1,1,0.9669140254249554,-0.5177959203720093,-3.892796039581299,assist,yes
599,1,1,0.8175744584140004,-0.8196860551834106,-2.319685935974121,assist,yes
600,1,1,0.679178699175393,-0.9239370822906494,-1.6739370822906494,assist,yes
601,1,1,0.7981867585368343,-0.7440301179885864,-2.119029998779297,assist,yes
602,1,1,0.9324533088603709,-0.7066411972045898,-3.33164119720459,assist,Yes
603,1,1,0.8670357598021706,-0.7877449989318848,-2.6627449989318848,assist,Yes
604,1,1,0.8807970654616711,-0.7008548974990845,-2.700854778289795,assist,yes
605,1,1,0.8933094174159129,-0.6869081258773804,-2.81190824508667,assist,yes
606,1,1,0.9399133498259924,-0.756293535232544,-3.506293535232544,assist,Yes
607,1,1,0.8670357735451834,-0.5815151929855347,-2.456515312194824,assist,Yes
608,1,1,0.9465966671870767,-0.6959818005561829,-3.570981740951538,assist,yes
609,1,1,0.5926665999540697,-1.1243261098861694,-1.4993261098861694,assist,Yes
610,1,1,0.5312093733737563,-1.1987825632095337,-1.3237825632095337,assist,yes
611,1,1,0.9241418116217418,-0.3649059534072876,-2.864905834197998,assist,Yes
612,1,1,0.7981867777396212,-0.5858689546585083,-1.9608689546585083,assist,Yes
613,1,0,0.13296424019782924,-2.4320435523986816,-0.5570435523986816,assist,No
614,1,1,0.9241418116217418,-0.6588073968887329,-3.1588072776794434,assist,yes
615,1,1,0.5926665999540697,-0.706202507019043,-1.081202507019043,assist,Yes
616,1,0,0.29421497216298875,-1.7350293397903442,-0.8600293397903442,assist,no
617,1,1,0.9399133531922388,-0.6979929804801941,-3.447993040084839,assist,yes
618,1,1,0.9149009642742806,-0.6200646162033081,-2.9950647354125977,assist,Yes
619,1,1,0.9626731169394882,-0.6765283346176147,-3.9265284538269043,assist,yes
620,1,1,0.9324533126145177,-0.5472938418388367,-3.1722939014434814,assist,yes
621,1,1,0.914900945711678,-0.724587082862854,-3.0995869636535645,assist,yes
622,1,0,0.46879062662624377,-1.2086303234100342,-1.0836303234100342,assist,No
623,1,0,0.24508501313237172,-1.8135801553726196,-0.6885801553726196,assist,No
624,1,0,0.07585818419975078,-2.8012242317199707,-0.3012242913246155,assist,No
625,1,1,0.8670357598021706,-0.779249906539917,-2.654249906539917,assist,Yes
626,1,1,0.914900945711678,-0.5216590166091919,-2.8966588973999023,assist,Yes
627,1,1,0.914900945711678,-0.7852007150650024,-3.160200595855713,assist,Yes
628,1,1,0.9046505402422645,-0.7362200617790222,-2.986220121383667,assist,Yes
629,1,0,0.18242552380635632,-2.3122479915618896,-0.8122479915618896,assist,no
630,1,1,0.9046505402422645,-0.7418715357780457,-2.9918715953826904,assist,yes
631,1,1,0.9525741322079105,-0.6267527341842651,-3.6267528533935547,assist,yes
632,1,1,0.9465966732132748,-0.5803927779197693,-3.455392837524414,assist,yes
633,1,1,0.6224593312018546,-1.002272367477417,-1.502272367477417,assist,yes
634,1,1,0.679178699175393,-0.8092656135559082,-1.5592656135559082,assist,Yes
635,1,1,0.9465966762263737,-0.6929396390914917,-3.5679397583007812,assist,yes
636,1,1,0.679178699175393,-0.9730398654937744,-1.7230398654937744,assist,Yes
637,1,0,0.025957351169724027,-4.17817497253418,-0.5531747341156006,assist,no
638,1,1,0.9770226327661524,-0.5513256788253784,-4.301325798034668,assist,yes
639,1,1,0.9399133531922388,-0.7021817564964294,-3.452181816101074,assist,yes
640,1,1,0.6513548511303336,-0.9272246956825256,-1.5522246360778809,assist,Yes
641,1,1,0.9046505351008906,-0.5880355834960938,-2.8380355834960938,assist,Yes
642,1,1,0.9626731126558706,-0.6759216785430908,-3.925921678543091,assist,yes
643,1,1,0.8519527869325346,-0.6887975931167603,-2.4387974739074707,assist,yes
644,1,1,0.893309411735131,-0.6396517157554626,-2.7646517753601074,assist,yes
645,1,1,0.9399133464597458,-0.5881648659706116,-3.338164806365967,assist,yes
646,1,1,0.7057850278370112,-0.9660958051681519,-1.8410958051681519,assist,Yes
647,1,1,0.9399133531922388,-0.6407861113548279,-3.3907861709594727,assist,Yes
648,1,1,0.8807970779778823,-0.7709550857543945,-2.7709550857543945,assist,Yes
649,1,1,0.9046505402422645,-0.6194879412651062,-2.869488000869751,assist,yes
650,1,1,0.9324533163686646,-0.7664998769760132,-3.3914999961853027,assist,Yes
651,1,1,0.7549149868676283,-0.9059581756591797,-2.0309581756591797,assist,yes
652,1,1,0.9399133498259924,-0.591933012008667,-3.341933012008667,assist,yes
653,1,0,0.14804718675485834,-2.2374751567840576,-0.48747506737709045,assist,no
654,1,1,0.835483553488848,-0.7700971364974976,-2.395097255706787,assist,Yes
655,1,1,0.7772998714925403,-0.6602887511253357,-1.9102888107299805,assist,yes
656,1,1,0.9241418283357702,-0.6055716276168823,-3.105571746826172,assist,yes
657,1,1,0.914900950352329,-0.664330780506134,-3.0393307209014893,assist,yes
658,1,1,0.835483553488848,-0.8164108991622925,-2.441411018371582,assist,Yes
659,1,1,0.9579122696813394,-0.6775622963905334,-3.8025622367858887,assist,Yes
660,1,1,0.8670357735451834,-0.7715171575546265,-2.646517276763916,assist,yes
661,1,1,0.982013788985129,-0.5994496941566467,-4.599449634552002,assist,yes
662,1,1,0.939913343093499,-0.5368033647537231,-3.2868032455444336,assist,Yes
663,1,1,0.5621765008857981,-1.1840952634811401,-1.4340952634811401,assist,Yes
664,1,1,0.9324533013520764,-0.5930367708206177,-3.218036651611328,assist,Yes
665,1,1,0.9149009642742806,-0.7251132726669312,-3.1001133918762207,assist,yes
666,1,0,0.03308597457504463,-3.8799118995666504,-0.5049117803573608,assist,No
667,1,1,0.9324533126145177,-0.5446285605430603,-3.169628620147705,assist,yes
668,1,0,0.04742586846527418,-3.228313684463501,-0.22831358015537262,assist,No
669,1,1,0.9046505453836383,-0.6323522329330444,-2.882352352142334,assist,Yes
670,1,1,0.8933093946927838,-0.6924759149551392,-2.8174757957458496,assist,Yes
671,1,0,0.11920290950590741,-2.79353666305542,-0.7935365438461304,assist,no
672,1,1,0.9241418116217418,-0.6572343111038208,-3.1572341918945312,assist,Yes
673,1,1,0.9241418241572634,-0.7151450514793396,-3.2151451110839844,assist,yes
674,1,1,0.8933094060543487,-0.549968957901001,-2.674968957901001,assist,Yes
675,1,1,0.914900945711678,-0.7249437570571899,-3.0999436378479004,assist,yes
676,1,0,0.24508500210441886,-1.6683077812194824,-0.5433077216148376,assist,No
677,1,1,0.9579122672782973,-0.625886082649231,-3.7508859634399414,assist,yes
678,1,1,0.9399133531922388,-0.6949324011802673,-3.444932460784912,assist,Yes
679,1,1,0.9669140235181256,-0.6124143004417419,-3.9874143600463867,assist,Yes
680,1,1,0.7310585786300049,-0.9810997247695923,-1.9810997247695923,assist,Yes
681,1,1,0.9399133498259924,-0.5393807888031006,-3.2893807888031006,assist,yes
682,1,1,0.9324533088603709,-0.6485302448272705,-3.2735302448272705,assist,Yes
683,1,1,0.7772998508568416,-0.8893569111824036,-2.139356851577759,assist,Yes
684,1,1,0.952574129515172,-0.5760213732719421,-3.576021432876587,assist,Yes
685,1,1,0.9241418158002492,-0.7751110196113586,-3.275110960006714,assist,Yes
686,1,0,0.20181322226037882,-2.2582199573516846,-0.8832199573516846,assist,no
687,1,1,0.9626731105140616,-0.6721304059028625,-3.9221303462982178,assist,yes
688,1,1,0.8175744850834649,-0.6266722083091736,-2.1266722679138184,assist,yes
689,1,1,0.9149009549929797,-0.6684389114379883,-3.0434389114379883,assist,yes
690,1,0,0.4378234991142019,-1.3287631273269653,-1.0787631273269653,assist,no
691,1,1,0.8933094060543487,-0.6929562091827393,-2.8179562091827393,assist,Yes
692,1,1,0.8933094174159129,-0.6925791501998901,-2.8175792694091797,assist,yes
693,1,1,0.9465966762263737,-0.6386784315109253,-3.513678550720215,assist,yes
694,1,1,0.9241418241572634,-0.5571944117546082,-3.057194471359253,assist,yes
695,1,0,0.20181324146316565,-2.049773693084717,-0.6747738122940063,assist,No
696,1,1,0.9525741268224334,-0.6295475959777832,-3.629547595977783,assist,yes
697,1,0,0.3486451217982255,-1.5653939247131348,-0.94039386510849,assist,no
698,1,0,0.5,-1.1855664253234863,-1.1855664253234863,assist,no
699,1,0,0.4073334000459302,-1.4738881587982178,-1.0988881587982178,assist,no
700,1,1,0.9046505299595163,-0.7319017052650452,-2.9819016456604004,assist,yes
701,1,1,0.8933094060543487,-0.8061103820800781,-2.931110382080078,assist,Yes
702,1,1,0.9046505402422645,-0.7383334040641785,-2.9883334636688232,assist,Yes
703,1,1,0.851952809486198,-0.6080116629600525,-2.3580117225646973,assist,Yes
704,1,1,0.9525741268224334,-0.6870541572570801,-3.68705415725708,assist,yes
705,1,1,0.7981867969424066,-0.9120110273361206,-2.28701114654541,assist,Yes
706,1,1,0.8807970842359877,-0.7630602717399597,-2.7630603313446045,assist,Yes
707,1,1,0.9525741241296944,-0.6271851658821106,-3.627185106277466,assist,yes
708,1,1,0.914900950352329,-0.6688340306282043,-3.0438339710235596,assist,Yes
709,1,1,0.9241418199787566,-0.7757244110107422,-3.275724411010742,assist,Yes
710,1,1,0.9626731126558706,-0.6770775318145752,-3.927077531814575,assist,yes
711,1,1,0.8807970842359877,-0.7071434855461121,-2.707143545150757,assist,yes
712,1,1,0.9241418283357702,-0.7151578664779663,-3.215157985687256,assist,yes
713,1,1,0.835483553488848,-0.7158688306808472,-2.3408689498901367,assist,Yes
714,1,1,0.893309411735131,-0.8042749762535095,-2.9292750358581543,assist,Yes
715,1,1,0.939913343093499,-0.6417609453201294,-3.39176082611084,assist,yes
716,1,1,0.9465966732132748,-0.693469226360321,-3.568469285964966,assist,yes
717,1,1,0.8354835289107309,-0.7593362927436829,-2.384336233139038,assist,yes
718,1,0,0.18242551491653522,-2.239527702331543,-0.7395276427268982,assist,no
719,1,1,0.8933094060543487,-0.6920425891876221,-2.817042589187622,assist,Yes
720,1,1,0.7310585786300049,-0.8056358098983765,-1.8056358098983765,assist,Yes
721,1,1,0.9525741241296944,-0.7418749928474426,-3.741874933242798,assist,Yes
722,1,0,0.16451647108926923,-2.2653191089630127,-0.6403191685676575,assist,No
723,1,1,0.939913343093499,-0.6987096071243286,-3.448709487915039,assist,yes
724,1,1,0.5621765008857981,-1.130788803100586,-1.380788803100586,assist,yes
725,1,0,0.10669060530721626,-2.626284122467041,-0.5012842416763306,assist,no
726,1,1,0.7057850278370112,-0.986970067024231,-1.861970067024231,assist,Yes
727,1,1,0.8519527944504226,-0.7320039868354797,-2.482003927230835,assist,yes
728,1,1,0.9149009549929797,-0.6734871864318848,-3.0484871864318848,assist,Yes
729,1,1,0.8933094003735664,-0.6394327282905579,-2.764432668685913,assist,yes
730,1,0,0.04208772491181671,-3.329446315765381,-0.2044462412595749,assist,No
731,1,1,0.7310585786300049,-0.7702921628952026,-1.7702921628952026,assist,yes
732,1,1,0.9324533013520764,-0.7668997049331665,-3.391899585723877,assist,Yes
733,1,1,0.914900945711678,-0.6733628511428833,-3.0483627319335938,assist,Yes
734,1,0,0.4073334000459302,-1.5145642757415771,-1.1395642757415771,assist,no
735,1,1,0.7981867969424066,-0.7763484716415405,-2.15134859085083,assist,Yes
736,1,0,0.4073334000459302,-1.2322560548782349,-0.8572560548782349,assist,no
737,1,1,0.8354835452961425,-0.6999654173851013,-2.324965476989746,assist,yes
738,1,1,0.8354835371034369,-0.7163913249969482,-2.3413913249969482,assist,Yes
739,1,1,0.7310585786300049,-0.9516464471817017,-1.9516464471817017,assist,Yes
740,1,1,0.9579122720843811,-0.736607551574707,-3.861607551574707,assist,Yes
741,1,1,0.9465966732132748,-0.6374964118003845,-3.5124964714050293,assist,yes
742,1,1,0.8933094060543487,-0.7560145854949951,-2.881014585494995,assist,Yes
743,1,1,0.880797071719777,-0.659929096698761,-2.659929037094116,assist,Yes
744,1,1,0.914900950352329,-0.6678672432899475,-3.0428671836853027,assist,yes
745,1,1,0.9324533051062237,-0.6492860913276672,-3.2742860317230225,assist,yes
746,1,1,0.952574129515172,-0.7434105277061462,-3.743410587310791,assist,Yes
747,1,1,0.9669140254249554,-0.7284153699874878,-4.103415489196777,assist,Yes
748,1,1,0.9046505453836383,-0.7424591779708862,-2.992459297180176,assist,Yes
749,1,1,0.9579122768904644,-0.7380136251449585,-3.863013744354248,assist,Yes
750,1,1,0.754914997895581,-0.8388723731040955,-1.9638724327087402,assist,yes
751,1,1,0.7310585669110203,-0.7170639634132385,-1.7170639038085938,assist,Yes
752,1,1,0.8354835371034369,-0.8163042068481445,-2.4413042068481445,assist,Yes
753,1,1,0.9046505351008906,-0.6379048824310303,-2.8879048824310303,assist,Yes
754,1,0,0.37754066879814546,-1.6038403511047363,-1.1038403511047363,assist,no
755,1,1,0.6224593312018546,-0.9539576768875122,-1.4539576768875122,assist,yes
756,1,1,0.8670357735451834,-0.49428021907806396,-2.3692803382873535,assist,Yes
757,1,1,0.8807970842359877,-0.5504204630851746,-2.5504205226898193,assist,yes
758,1,1,0.966914019704466,-0.7290135025978088,-4.104013442993164,assist,Yes
759,1,1,0.9626731126558706,-0.6213111877441406,-3.8713111877441406,assist,yes
760,1,1,0.9046505351008906,-0.5738556385040283,-2.8238556385040283,assist,yes
761,1,1,0.8175744673038221,-0.6718378663063049,-2.17183780670166,assist,yes
762,1,1,0.835483553488848,-0.8167346715927124,-2.441734790802002,assist,Yes
763,1,1,0.8175744761936437,-0.7641944885253906,-2.2641944885253906,assist,yes
764,1,1,0.7772998405389918,-0.8612381219863892,-2.1112380027770996,assist,Yes
765,1,1,0.7057850402140659,-0.7028533816337585,-1.5778534412384033,assist,Yes
766,1,1,0.9046505299595163,-0.6848226189613342,-2.9348225593566895,assist,Yes
767,1,1,0.9399133498259924,-0.5880014896392822,-3.3380014896392822,assist,Yes
768,1,1,0.9525741322079105,-0.6223300695419312,-3.6223301887512207,assist,Yes
769,1,1,0.7549149868676283,-0.6446452140808105,-1.7696452140808105,assist,Yes
770,1,0,0.4073334000459302,-1.5140184164047241,-1.1390184164047241,assist,no
771,1,1,0.7057850154599563,-0.9561269879341125,-1.8311269283294678,assist,yes
772,1,1,0.9465966671870767,-0.6283531785011292,-3.5033531188964844,assist,Yes
773,1,1,0.9046505248181417,-0.6852065324783325,-2.935206413269043,assist,yes
774,1,1,0.9706877743364403,-0.665729820728302,-4.165729999542236,assist,yes
775,1,1,0.9465966732132748,-0.6884757876396179,-3.5634758472442627,assist,Yes
776,1,1,0.9399133464597458,-0.5882754921913147,-3.33827543258667,assist,yes
777,1,1,0.8175744673038221,-0.6719165444374084,-2.1719164848327637,assist,yes
778,1,0,0.1329642264548166,-2.545377731323242,-0.6703776121139526,assist,no
779,1,1,0.880797071719777,-0.8106408715248108,-2.810640811920166,assist,Yes
780,1,1,0.9465966702001757,-0.6337792873382568,-3.508779287338257,assist,Yes
781,1,1,0.7057850402140659,-0.8881022334098816,-1.7631022930145264,assist,yes
782,1,1,0.9770226247376173,-0.6045258045196533,-4.354525566101074,assist,yes
783,1,0,0.46879062662624377,-1.316938042640686,-1.191938042640686,assist,no
784,1,1,0.914900950352329,-0.7251337170600891,-3.1001336574554443,assist,Yes
785,1,1,0.8354835207180245,-0.7154780626296997,-2.34047794342041,assist,Yes
786,1,1,0.7772998818103892,-0.9243310689926147,-2.1743311882019043,assist,Yes
787,1,1,0.7772998714925403,-0.8598620295524597,-2.1098620891571045,assist,Yes
788,1,1,0.9465966732132748,-0.6377484202384949,-3.5127484798431396,assist,yes
789,1,1,0.9241418199787566,-0.715174674987793,-3.215174674987793,assist,yes
790,1,1,0.8807970654616711,-0.7068048715591431,-2.7068047523498535,assist,Yes
791,1,0,0.037326887344129464,-3.858908176422119,-0.6089081764221191,assist,No
792,1,1,0.9241418283357702,-0.549620509147644,-3.0496206283569336,assist,Yes
793,1,1,0.9706877709445761,-0.6107510924339294,-4.110751152038574,assist,yes
794,1,1,0.798186768138228,-0.8511043190956116,-2.226104259490967,assist,yes
795,1,1,0.8175744761936437,-0.756633996963501,-2.256633996963501,assist,yes
796,1,1,0.7310585903489892,-0.9824134707450867,-1.9824135303497314,assist,Yes
797,1,1,0.8933094060543487,-0.7491981983184814,-2.8741981983184814,assist,yes
798,1,1,0.6224593312018546,-1.0165948867797852,-1.5165948867797852,assist,Yes
799,1,1,0.9626731094431571,-0.43214210867881775,-3.6821420192718506,assist,yes
800,1,1,0.966914019704466,-0.7270656228065491,-4.102065563201904,assist,Yes
801,1,1,0.8175744761936437,-0.7636795043945312,-2.2636795043945312,assist,yes
802,1,1,0.9324533088603709,-0.6490373611450195,-3.2740373611450195,assist,yes
803,1,1,0.9399133464597458,-0.5960403084754944,-3.3460402488708496,assist,yes
804,1,1,0.8175744584140004,-0.8785587549209595,-2.37855863571167,assist,Yes
805,1,1,0.9046505351008906,-0.7910313606262207,-3.0410313606262207,assist,Yes
806,1,0,0.10669058826486906,-2.8129608631134033,-0.6879608035087585,assist,no
807,1,1,0.8354835289107309,-0.699383556842804,-2.324383497238159,assist,yes
808,1,1,0.8175744761936437,-0.6895804405212402,-2.1895804405212402,assist,Yes
809,1,0,0.5,-1.2554806470870972,-1.2554806470870972,assist,no
810,1,1,0.9241418241572634,-0.6061362624168396,-3.1061363220214844,assist,yes
811,1,1,0.6224593312018546,-1.1024906635284424,-1.6024906635284424,assist,Yes
812,1,0,0.14804719051380197,-2.5201303958892822,-0.7701303362846375,assist,No
813,1,1,0.9324533163686646,-0.6490434408187866,-3.274043560028076,assist,yes
814,1,1,0.9399133531922388,-0.5887851119041443,-3.338785171508789,assist,yes
815,1,1,0.9465966641739773,-0.692238450050354,-3.5672383308410645,assist,yes
816,1,1,0.9465966762263737,-0.531394362449646,-3.4063944816589355,assist,Yes
817,1,0,0.37754066879814546,-1.5568053722381592,-1.0568053722381592,assist,no
818,1,1,0.880797071719777,-0.8168709874153137,-2.816870927810669,assist,Yes
819,1,1,0.679178699175393,-0.972409725189209,-1.722409725189209,assist,Yes
820,1,1,0.6791786861878392,-0.976055920124054,-1.7260558605194092,assist,yes
821,1,0,0.46879062662624377,-1.3427948951721191,-1.2177948951721191,assist,no
822,1,1,0.8519527944504226,-0.6732867360115051,-2.4232866764068604,assist,yes
823,1,1,0.7057850278370112,-0.7590190172195435,-1.6340190172195435,assist,yes
824,1,1,0.9706877760323724,-0.5572612285614014,-4.0572614669799805,assist,yes
825,1,1,0.9324533126145177,-0.6496662497520447,-3.2746663093566895,assist,yes
826,1,1,0.9046505351008906,-0.736375093460083,-2.986375093460083,assist,Yes
827,1,1,0.8670357598021706,-0.7304065227508545,-2.6054065227508545,assist,Yes
828,1,1,0.893309411735131,-0.6524602770805359,-2.7774603366851807,assist,Yes
829,1,1,0.5312093733737563,-1.1485563516616821,-1.2735563516616821,assist,yes
830,1,1,0.9669140254249554,-0.6734498739242554,-4.048449993133545,assist,yes
831,1,1,0.9046505453836383,-0.6852234601974487,-2.9352235794067383,assist,Yes
832,1,1,0.7057850278370112,-0.9467858076095581,-1.821785807609558,assist,Yes
833,1,1,0.9399133531922388,-0.6981076598167419,-3.4481077194213867,assist,yes
834,1,1,0.7057850402140659,-0.7973496317863464,-1.6723496913909912,assist,Yes
835,1,0,0.1480472055495773,-2.3116230964660645,-0.5616231560707092,assist,no
836,1,1,0.939913343093499,-0.7028995752334595,-3.45289945602417,assist,Yes
837,1,1,0.9149009549929797,-0.6694009304046631,-3.044400930404663,assist,yes
838,1,1,0.8807970779778823,-0.5223255157470703,-2.5223255157470703,assist,Yes
839,1,1,0.914900950352329,-0.7194986939430237,-3.094498634338379,assist,Yes
840,1,1,0.9046505351008906,-0.6853373050689697,-2.9353373050689697,assist,Yes
841,1,1,0.8175744761936437,-0.8295385837554932,-2.329538583755493,assist,yes
842,1,0,0.06754668738548215,-3.1599106788635254,-0.5349106192588806,assist,No
843,1,1,0.8354835452961425,-0.6063551306724548,-2.2313551902770996,assist,yes
844,1,1,0.9324533088603709,-0.6453123092651367,-3.2703123092651367,assist,yes
845,1,1,0.9046505453836383,-0.5366872549057007,-2.7866873741149902,assist,Yes
846,1,1,0.8933093946927838,-0.49882519245147705,-2.6238250732421875,assist,Yes
847,1,1,0.9706877624649134,-0.6650660037994385,-4.165065765380859,assist,Yes
848,1,1,0.9525741268224334,-0.44132256507873535,-3.4413225650787354,assist,yes
849,1,1,0.7549150089235336,-0.9359582662582397,-2.0609583854675293,assist,Yes
850,1,0,0.20181322226037882,-1.9257545471191406,-0.5507545471191406,assist,No
851,1,1,0.8175744584140004,-0.8491564989089966,-2.349156379699707,assist,Yes
852,1,1,0.8175744673038221,-0.6715829968452454,-2.1715829372406006,assist,yes
853,1,1,0.939913356558485,-0.6988548040390015,-3.448854923248291,assist,yes
854,1,1,0.8519527944504226,-0.5868180394172668,-2.336817979812622,assist,yes
855,1,1,0.9399133464597458,-0.5916054844856262,-3.3416054248809814,assist,yes
856,1,1,0.9241418116217418,-0.559731125831604,-3.0597310066223145,assist,yes
857,1,1,0.8670357666736773,-0.7233514189720154,-2.59835147857666,assist,yes
858,1,1,0.851952809486198,-0.6314329504966736,-2.3814330101013184,assist,yes
859,1,1,0.9324533013520764,-0.645393967628479,-3.2703938484191895,assist,Yes
860,1,1,0.9324533088603709,-0.7625806331634521,-3.387580633163452,assist,Yes
861,1,1,0.8670357460591569,-0.7148677110671997,-2.58986759185791,assist,yes
862,1,0,0.1480471980316895,-2.483741283416748,-0.733741283416748,assist,no
863,1,1,0.9241418199787566,-0.5078260898590088,-3.007826089859009,assist,Yes
864,1,0,0.37754066879814546,-1.4433432817459106,-0.9433432817459106,assist,no
865,1,1,0.9241418241572634,-0.46883219480514526,-2.96883225440979,assist,yes
866,1,1,0.9525741214369554,-0.7411633729934692,-3.7411632537841797,assist,Yes
867,1,1,0.9324533088603709,-0.5925986766815186,-3.2175986766815186,assist,yes
868,1,1,0.7772998405389918,-0.7919350862503052,-2.0419349670410156,assist,Yes
869,1,0,0.5,-1.3318865299224854,-1.3318865299224854,assist,no
870,1,1,0.9149009596336303,-0.5658153891563416,-2.9408154487609863,assist,Yes
871,1,1,0.6513548646660542,-1.1091482639312744,-1.7341482639312744,assist,Yes
872,1,1,0.8354835452961425,-0.7688564658164978,-2.3938565254211426,assist,Yes
873,1,1,0.8670357598021706,-0.5695760250091553,-2.4445760250091553,assist,yes
874,1,1,0.8933093946927838,-0.6451269388198853,-2.7701268196105957,assist,Yes
875,1,1,0.9046505248181417,-0.6801434755325317,-2.930143356323242,assist,yes
876,1,1,0.9241418241572634,-0.6574963927268982,-3.157496452331543,assist,Yes
877,1,0,0.09534945461636171,-2.572556972503662,-0.32255685329437256,assist,No
878,1,0,0.2689414213699951,-1.9255156517028809,-0.9255156517028809,assist,no
879,1,1,0.9324533088603709,-0.6493473052978516,-3.2743473052978516,assist,yes
880,1,1,0.8807970779778823,-0.7064731121063232,-2.7064731121063232,assist,Yes
881,1,1,0.8933094060543487,-0.6452105045318604,-2.7702105045318604,assist,Yes
882,1,1,0.9626731147976793,-0.7327043414115906,-3.9827044010162354,assist,Yes
883,1,1,0.8175744584140004,-0.7386738061904907,-2.238673686981201,assist,Yes
884,1,1,0.5312093733737563,-1.242796778678894,-1.367796778678894,assist,Yes
885,1,1,0.7772998508568416,-0.8889876008033752,-2.1389875411987305,assist,Yes
886,1,1,0.7310585786300049,-0.9231290817260742,-1.9231290817260742,assist,yes
887,1,1,0.8354835452961425,-0.7170347571372986,-2.3420348167419434,assist,Yes
888,1,0,0.46879062662624377,-1.3146239519119263,-1.1896239519119263,assist,no
889,1,1,0.9046505299595163,-0.736551821231842,-2.9865517616271973,assist,Yes
890,1,1,0.8175744584140004,-0.728312611579895,-2.2283124923706055,assist,Yes
891,1,1,0.6513548646660542,-1.0892390012741089,-1.7142390012741089,assist,Yes
892,1,1,0.7981867585368343,-0.777511715888977,-2.1525115966796875,assist,Yes
893,1,1,0.8519527869325346,-0.6313925981521606,-2.381392478942871,assist,yes
894,1,0,0.07585817584273653,-2.803748369216919,-0.30374830961227417,assist,no
895,1,1,0.9626731105140616,-0.5690532326698303,-3.8190531730651855,assist,yes
896,1,1,0.9241418158002492,-0.6049886345863342,-3.1049885749816895,assist,yes
897,1,0,0.08509904964767095,-2.992266893386841,-0.6172669529914856,assist,no
898,1,1,0.7057850278370112,-0.9711387157440186,-1.8461387157440186,assist,Yes
899,1,1,0.9669140235181256,-0.6171368956565857,-3.9921369552612305,assist,yes
900,1,1,0.9241418241572634,-0.7146121859550476,-3.2146122455596924,assist,yes
901,1,1,0.8670357666736773,-0.7094835638999939,-2.5844836235046387,assist,yes
902,1,1,0.957912274487423,-0.7341322302818298,-3.8591322898864746,assist,Yes
903,1,1,0.7981867873410141,-0.6680895686149597,-2.0430896282196045,assist,Yes
904,1,1,0.9149009549929797,-0.7246441841125488,-3.099644184112549,assist,Yes
905,1,1,0.9046505402422645,-0.6316232085227966,-2.8816232681274414,assist,Yes
906,1,1,0.851952809486198,-0.7496189475059509,-2.4996190071105957,assist,Yes
907,1,0,0.14804721306746543,-2.409944534301758,-0.6599446535110474,assist,No
908,1,0,0.29421497216298875,-1.4886647462844849,-0.6136647462844849,assist,No
909,1,1,0.5926665999540697,-0.8578770160675049,-1.2328770160675049,assist,Yes
910,1,1,0.835483553488848,-0.606157660484314,-2.2311577796936035,assist,yes
911,1,1,0.9324533051062237,-0.645358145236969,-3.270358085632324,assist,yes
912,1,0,0.3486451217982255,-1.623413324356079,-0.9984132647514343,assist,no
913,1,1,0.893309411735131,-0.6921882033348083,-2.817188262939453,assist,yes
914,1,1,0.9149009596336303,-0.7301275134086609,-3.1051275730133057,assist,Yes
915,1,1,0.798186768138228,-0.8169460892677307,-2.191946029663086,assist,Yes
916,1,1,0.914900950352329,-0.5205455422401428,-2.895545482635498,assist,yes
917,1,1,0.8670357735451834,-0.6200903654098511,-2.4950904846191406,assist,Yes
918,1,1,0.8519528019683106,-0.7810499668121338,-2.531049966812134,assist,yes
919,1,1,0.8354835452961425,-0.6508504748344421,-2.275850534439087,assist,Yes
920,1,0,0.46879062662624377,-1.2121460437774658,-1.0871460437774658,assist,No
921,1,0,0.18242553269617778,-2.224601984024048,-0.7246020436286926,assist,no
922,1,1,0.893309411735131,-0.7485043406486511,-2.873504400253296,assist,yes
923,1,1,0.8175744939732856,-0.6994918584823608,-2.1994919776916504,assist,Yes
924,1,0,0.18242551491653522,-2.2451093196868896,-0.7451092600822449,assist,No
925,1,1,0.9579122672782973,-0.6269961595535278,-3.7519960403442383,assist,yes
926,1,1,0.9046505402422645,-0.6803249716758728,-2.9303250312805176,assist,yes
927,1,1,0.982013792143467,-0.5988410711288452,-4.598841190338135,assist,yes
928,1,1,0.8354835371034369,-0.620215892791748,-2.245215892791748,assist,Yes
929,1,1,0.7310585903489892,-0.968547523021698,-1.9685475826263428,assist,Yes
930,1,1,0.7057850278370112,-1.0136959552764893,-1.8886959552764893,assist,Yes
931,1,1,0.939913356558485,-0.5861481428146362,-3.336148262023926,assist,Yes
932,1,1,0.8670357598021706,-0.7304697036743164,-2.6054697036743164,assist,Yes
933,1,1,0.9525741322079105,-0.6845840215682983,-3.684584140777588,assist,Yes
934,1,1,0.9241418199787566,-0.7145998477935791,-3.214599847793579,assist,Yes
935,1,1,0.6513548646660542,-1.0296528339385986,-1.6546528339385986,assist,yes
936,1,1,0.6513548646660542,-1.0529745817184448,-1.6779745817184448,assist,Yes
937,1,1,0.7057850278370112,-0.6235126256942749,-1.498512625694275,assist,Yes
938,1,1,0.6224593312018546,-1.1013984680175781,-1.6013984680175781,assist,Yes
939,1,1,0.9241418158002492,-0.5560553669929504,-3.0560553073883057,assist,yes
940,1,1,0.7772998714925403,-0.8599154353141785,-2.1099154949188232,assist,Yes
941,1,1,0.9465966641739773,-0.4426981210708618,-3.3176980018615723,assist,Yes
942,1,1,0.7549150089235336,-0.8928364515304565,-2.017836570739746,assist,Yes
943,1,1,0.9465966702001757,-0.694777250289917,-3.569777250289917,assist,yes
944,1,0,0.46879062662624377,-1.3404101133346558,-1.2154101133346558,assist,no
945,1,1,0.9579122696813394,-0.7339203953742981,-3.8589203357696533,assist,Yes
946,1,1,0.679178699175393,-0.7673299312591553,-1.5173299312591553,assist,Yes
947,1,1,0.7549149868676283,-0.8495510816574097,-1.9745510816574097,assist,yes
948,1,1,0.7549149868676283,-0.7393444776535034,-1.8643444776535034,assist,yes
949,1,1,0.893309411735131,-0.8028001189231873,-2.927800178527832,assist,Yes
950,1,0,0.24508500761839525,-1.619621753692627,-0.49462172389030457,assist,No
951,1,1,0.7981867777396212,-0.7762014865875244,-2.1512014865875244,assist,Yes
952,1,1,0.6513548646660542,-1.0203263759613037,-1.6453263759613037,assist,Yes
953,1,1,0.7772998714925403,-0.8604406714439392,-2.110440731048584,assist,Yes
954,1,1,0.9399133464597458,-0.5887094140052795,-3.3387093544006348,assist,Yes
955,1,1,0.9046505453836383,-0.7912815809249878,-3.0412817001342773,assist,Yes
956,1,1,0.9324533088603709,-0.6450140476226807,-3.2700140476226807,assist,Yes
957,1,1,0.9399133531922388,-0.6372875571250916,-3.3872876167297363,assist,Yes
958,1,0,0.20181324146316565,-2.004988670349121,-0.6299887895584106,assist,no
959,1,1,0.957912274487423,-0.678466260433197,-3.803466320037842,assist,Yes
960,1,0,0.5,-1.185660481452942,-1.185660481452942,assist,No
961,1,0,0.37754066879814546,-1.50253164768219,-1.00253164768219,assist,No
962,1,1,0.957912274487423,-0.6250423789024353,-3.75004243850708,assist,yes
963,1,1,0.9626731137267751,-0.4674777686595917,-3.717477798461914,assist,Yes
964,1,1,0.9796676490318648,-0.5984452962875366,-4.473445415496826,assist,Yes
965,1,1,0.9241418199787566,-0.7212140560150146,-3.2212140560150146,assist,yes
966,1,1,0.9046505248181417,-0.6807395219802856,-2.930739402770996,assist,yes
967,1,1,0.9579122768904644,-0.7333945035934448,-3.8583946228027344,assist,Yes
968,1,1,0.9626731147976793,-0.6165935397148132,-3.866593599319458,assist,yes
969,1,1,0.8519527869325346,-0.8485013246536255,-2.598501205444336,assist,Yes
970,1,1,0.9241418199787566,-0.710299015045166,-3.210299015045166,assist,yes
971,1,1,0.6513548646660542,-1.0477581024169922,-1.6727581024169922,assist,Yes
972,1,1,0.8807970842359877,-0.713908851146698,-2.7139089107513428,assist,Yes
973,1,1,0.8175744673038221,-0.719752848148346,-2.219752788543701,assist,yes
974,1,1,0.8354835289107309,-0.8166833519935608,-2.441683292388916,assist,yes
975,1,1,0.8354835452961425,-0.858353316783905,-2.48335337638855,assist,Yes
976,1,1,0.9626731169394882,-0.5189121961593628,-3.7689123153686523,assist,yes
977,1,1,0.8354835207180245,-0.6207467317581177,-2.245746612548828,assist,Yes
978,1,1,0.9046505453836383,-0.5364831686019897,-2.7864832878112793,assist,Yes
979,1,1,0.9525741268224334,-0.625103235244751,-3.625103235244751,assist,Yes
980,1,1,0.5312093733737563,-1.2149972915649414,-1.3399972915649414,assist,Yes
981,1,1,0.9465966702001757,-0.5358085632324219,-3.410808563232422,assist,yes
982,1,1,0.9046505351008906,-0.5779404640197754,-2.8279404640197754,assist,yes
983,1,1,0.914900950352329,-0.785159170627594,-3.160159111022949,assist,Yes
984,1,1,0.9579122696813394,-0.7383001446723938,-3.863300085067749,assist,Yes
985,1,1,0.7772998714925403,-0.860160768032074,-2.1101608276367188,assist,Yes
986,1,1,0.8933094003735664,-0.7435722947120667,-2.868572235107422,assist,yes
987,1,1,0.9324533126145177,-0.702021062374115,-3.3270211219787598,assist,Yes
988,1,0,0.10669058826486906,-2.5800564289093018,-0.455056369304657,assist,No
989,1,0,0.18242552380635632,-2.1432456970214844,-0.6432456970214844,assist,no
990,1,1,0.8670357666736773,-0.8326303362846375,-2.7076303958892822,assist,Yes
991,1,1,0.5312093733737563,-1.2446205615997314,-1.3696205615997314,assist,Yes
992,1,1,0.8175744673038221,-0.849393904209137,-2.349393844604492,assist,Yes
993,1,1,0.9465966732132748,-0.404977023601532,-3.2799770832061768,assist,Yes
994,1,1,0.9046505299595163,-0.45182329416275024,-2.7018232345581055,assist,Yes
995,1,1,0.9046505248181417,-0.7360717058181763,-2.9860715866088867,assist,Yes
996,1,1,0.9149009596336303,-0.785747230052948,-3.1607472896575928,assist,Yes
997,1,1,0.9149009642742806,-0.6636656522750854,-3.038665771484375,assist,yes
998,1,1,0.9579122708828604,-0.4784686863422394,-3.603468656539917,assist,yes
999,1,1,0.914900950352329,-0.7299633622169495,-3.1049633026123047,assist,Yes
1000,1,1,0.9046505453836383,-0.7361530065536499,-2.9861531257629395,assist,Yes
1001,1,1,0.9241418283357702,-0.4649590253829956,-2.964959144592285,assist,Yes
1002,1,1,0.9626731105140616,-0.7302539944648743,-3.9802539348602295,assist,Yes
1003,1,1,0.851952809486198,-0.4826199412345886,-2.2326200008392334,assist,Yes
1004,1,1,0.9579122696813394,-0.6769023537635803,-3.8019022941589355,assist,Yes
1005,1,1,0.7310585786300049,-0.7881935834884644,-1.7881935834884644,assist,Yes
1006,1,1,0.9399133464597458,-0.7008996605873108,-3.450899600982666,assist,Yes
1007,1,1,0.9046505299595163,-0.5774901509284973,-2.8274900913238525,assist,Yes
1008,1,1,0.9149009549929797,-0.6679553985595703,-3.0429553985595703,assist,Yes
1009,1,1,0.8519527869325346,-0.6385079622268677,-2.388507843017578,assist,Yes
1010,1,1,0.977022627413796,-0.659854531288147,-4.409854412078857,assist,yes
1011,1,1,0.9241418241572634,-0.5141460299491882,-3.014146089553833,assist,yes
1012,1,0,0.29421497216298875,-1.7726978063583374,-0.8976978063583374,assist,no
1013,1,1,0.9324533088603709,-0.7060360908508301,-3.33103609085083,assist,yes
1014,1,0,0.4073334000459302,-1.203561782836914,-0.8285617828369141,assist,No
1015,1,1,0.9149009549929797,-0.7209956645965576,-3.0959956645965576,assist,yes
1016,1,1,0.9241418158002492,-0.6538329720497131,-3.1538329124450684,assist,Yes
1017,1,1,0.8807970779778823,-0.667733907699585,-2.667733907699585,assist,Yes
1018,1,0,0.24508500210441886,-1.6167175769805908,-0.49171751737594604,assist,No
1019,1,1,0.8519527869325346,-0.7255979776382446,-2.475597858428955,assist,yes
1020,1,1,0.7549149868676283,-0.8760697841644287,-2.0010697841644287,assist,Yes
1021,1,1,0.9324533051062237,-0.7096837162971497,-3.334683656692505,assist,yes
1022,1,0,0.16451645470385742,-2.370276927947998,-0.7452768683433533,assist,no
1023,1,1,0.6513548646660542,-0.9117571115493774,-1.5367571115493774,assist,yes
1024,1,1,0.9324533088603709,-0.5467207431793213,-3.1717207431793213,assist,yes
1025,1,1,0.939913343093499,-0.5430022478103638,-3.293002128601074,assist,yes
1026,1,1,0.9241418199787566,-0.7771482467651367,-3.2771482467651367,assist,Yes
1027,1,0,0.2689414330889798,-1.7528636455535889,-0.7528637051582336,assist,no
1028,1,1,0.9324533163686646,-0.499534010887146,-3.1245341300964355,assist,Yes
1029,1,1,0.8670357598021706,-0.5058636665344238,-2.380863666534424,assist,Yes
1030,1,1,0.9324533051062237,-0.7668755650520325,-3.3918755054473877,assist,Yes
1031,1,1,0.9669140254249554,-0.6190599203109741,-3.9940600395202637,assist,yes
1032,1,1,0.8933094174159129,-0.5855573415756226,-2.710557460784912,assist,Yes
1033,1,1,0.8354835452961425,-0.6661404967308044,-2.291140556335449,assist,Yes
1034,1,1,0.8933094060543487,-0.5082859992980957,-2.6332859992980957,assist,Yes
1035,1,1,0.9241418241572634,-0.39602726697921753,-2.8960273265838623,assist,Yes
1036,1,1,0.8807970654616711,-0.7007819414138794,-2.70078182220459,assist,yes
1037,1,1,0.939913356558485,-0.7545469999313354,-3.504547119140625,assist,Yes
1038,1,1,0.939913343093499,-0.5863715410232544,-3.336371421813965,assist,Yes
1039,1,1,0.9525741268224334,-0.6305882930755615,-3.6305882930755615,assist,yes
1040,1,1,0.9149009642742806,-0.5662120580673218,-2.9412121772766113,assist,Yes
1041,1,1,0.7772998611746911,-0.7690596580505371,-2.019059658050537,assist,yes
1042,1,1,0.7310585903489892,-0.8174991011619568,-1.8174991607666016,assist,yes
1043,1,1,0.5926665999540697,-1.1389272212982178,-1.5139272212982178,assist,Yes
1044,1,1,0.6224593312018546,-0.7268832921981812,-1.2268832921981812,assist,Yes
1045,1,1,0.851952809486198,-0.7590150237083435,-2.5090150833129883,assist,Yes
1046,1,1,0.9241418241572634,-0.5112065672874451,-3.01120662689209,assist,yes
1047,1,1,0.9241418241572634,-0.6012813448905945,-3.1012814044952393,assist,Yes
1048,1,1,0.679178699175393,-1.00785493850708,-1.75785493850708,assist,Yes
1049,1,1,0.9465966732132748,-0.636952817440033,-3.5119528770446777,assist,yes
1050,1,1,0.6224593171945417,-0.8776584267616272,-1.3776583671569824,assist,Yes
1051,1,1,0.8933094003735664,-0.7564495205879211,-2.8814494609832764,assist,Yes
1052,1,1,0.5926665999540697,-1.1556437015533447,-1.5306437015533447,assist,Yes
1053,1,1,0.9324533163686646,-0.4573482275009155,-3.082348346710205,assist,Yes
1054,1,1,0.7981867585368343,-0.7643848657608032,-2.1393847465515137,assist,Yes
1055,1,0,0.29421497216298875,-1.7137072086334229,-0.8387072086334229,assist,No
1056,1,1,0.835483553488848,-0.7602609395980835,-2.385261058807373,assist,Yes
1057,1,1,0.9669140235181256,-0.6653770804405212,-4.040377140045166,assist,Yes
1058,1,1,0.9525741214369554,-0.6250263452529907,-3.625026226043701,assist,Yes
1059,1,0,0.4378234991142019,-1.4185009002685547,-1.1685009002685547,assist,No
1060,1,0,0.11920293453832885,-2.4028706550598145,-0.402870774269104,assist,No
1061,1,1,0.914900950352329,-0.7298043370246887,-3.104804277420044,assist,yes
1062,1,1,0.8670357460591569,-0.5382610559463501,-2.4132609367370605,assist,Yes
1063,1,1,0.893309411735131,-0.6873640418052673,-2.812364101409912,assist,yes
1064,1,1,0.5621765008857981,-1.1835460662841797,-1.4335460662841797,assist,Yes
1065,1,1,0.7772998818103892,-0.8773225545883179,-2.1273226737976074,assist,yes
1066,1,0,0.1480472055495773,-2.3885550498962402,-0.638555109500885,assist,no
1067,1,1,0.835483553488848,-0.8168309926986694,-2.441831111907959,assist,Yes
1068,1,1,0.9241418283357702,-0.6025480031967163,-3.102548122406006,assist,yes
1069,1,1,0.9626731126558706,-0.672351598739624,-3.922351598739624,assist,yes
1070,1,1,0.9241418199787566,-0.7144227027893066,-3.2144227027893066,assist,Yes
1071,1,1,0.7057850278370112,-1.0147629976272583,-1.8897629976272583,assist,Yes
1072,1,1,0.9241418283357702,-0.5603054761886597,-3.060305595397949,assist,yes
1073,1,1,0.8933094060543487,-0.8099353313446045,-2.9349353313446045,assist,Yes
1074,1,1,0.798186768138228,-0.7646101117134094,-2.1396100521087646,assist,Yes
1075,1,1,0.9241418283357702,-0.7158082723617554,-3.215808391571045,assist,yes
1076,1,1,0.5621765008857981,-1.1840472221374512,-1.4340472221374512,assist,Yes
1077,1,1,0.9399133498259924,-0.6428530216217041,-3.392853021621704,assist,Yes
1078,1,1,0.914900950352329,-0.7810624241828918,-3.156062364578247,assist,Yes
1079,1,1,0.9399133464597458,-0.697909414768219,-3.447909355163574,assist,Yes
1080,1,1,0.9669140216112958,-0.6173384189605713,-3.9923384189605713,assist,yes
1081,1,1,0.5312093733737563,-0.9876023530960083,-1.1126023530960083,assist,Yes
1082,1,1,0.5926665999540697,-1.16160249710083,-1.53660249710083,assist,Yes
1083,1,0,0.4073334000459302,-1.3173751831054688,-0.9423751831054688,assist,No
1084,1,1,0.9525741214369554,-0.6306473016738892,-3.6306471824645996,assist,yes
1085,1,1,0.9046505299595163,-0.6794894337654114,-2.9294893741607666,assist,Yes
1086,1,1,0.851952809486198,-0.6878086924552917,-2.4378087520599365,assist,Yes
1087,1,1,0.9241418116217418,-0.5560742616653442,-3.0560741424560547,assist,yes
1088,1,0,0.2942149845400438,-1.7517223358154297,-0.8767223954200745,assist,No
1089,1,0,0.20181322226037882,-2.251386880874634,-0.8763868808746338,assist,no
1090,1,1,0.7772998508568416,-0.6641681790351868,-1.914168119430542,assist,Yes
1091,1,1,0.8354835452961425,-0.8172542452812195,-2.4422543048858643,assist,Yes
1092,1,1,0.8807970654616711,-0.7001796960830688,-2.7001795768737793,assist,yes
1093,1,1,0.952574129515172,-0.4789881110191345,-3.4789881706237793,assist,Yes
1094,1,1,0.893309411735131,-0.6988436579704285,-2.8238437175750732,assist,Yes
1095,1,1,0.9324533013520764,-0.7662979364395142,-3.3912978172302246,assist,Yes
1096,1,1,0.6513548646660542,-0.8117290735244751,-1.436729073524475,assist,Yes
1097,1,1,0.9324533126145177,-0.7014009356498718,-3.3264009952545166,assist,Yes
1098,1,0,0.5,-1.1139830350875854,-1.1139830350875854,assist,No
1099,1,1,0.9324533013520764,-0.7666999101638794,-3.39169979095459,assist,Yes
1100,1,1,0.914900950352329,-0.570827305316925,-2.9458272457122803,assist,yes
1101,1,1,0.8354835207180245,-0.7812949419021606,-2.406294822692871,assist,Yes
1102,1,1,0.9399133498259924,-0.5884075164794922,-3.338407516479492,assist,yes
1103,1,1,0.9706877692486436,-0.5608477592468262,-4.060847759246826,assist,yes
1104,1,1,0.9525741214369554,-0.6869832277297974,-3.686983108520508,assist,yes
1105,1,1,0.8175744761936437,-0.838193416595459,-2.338193416595459,assist,Yes
1106,1,1,0.9579122768904644,-0.6201561689376831,-3.7451562881469727,assist,Yes
1107,1,1,0.8807970842359877,-0.7636668086051941,-2.763666868209839,assist,Yes
1108,1,1,0.9241418158002492,-0.6545024514198303,-3.1545023918151855,assist,Yes
1109,1,1,0.9046505351008906,-0.7916946411132812,-3.0416946411132812,assist,Yes
1110,1,1,0.8933094174159129,-0.8034991025924683,-2.928499221801758,assist,Yes
1111,1,1,0.7310585669110203,-0.871723473072052,-1.8717234134674072,assist,Yes
1112,1,1,0.8670357598021706,-0.7789082527160645,-2.6539082527160645,assist,Yes
1113,1,1,0.8933094003735664,-0.7982917428016663,-2.9232916831970215,assist,Yes
1114,1,1,0.867035752930664,-0.7870896458625793,-2.6620895862579346,assist,Yes
1115,1,1,0.8354835452961425,-0.7168726325035095,-2.3418726921081543,assist,Yes
1116,1,1,0.8354835452961425,-0.716159999370575,-2.3411600589752197,assist,Yes
1117,1,1,0.8519527944504226,-0.8487878441810608,-2.598787784576416,assist,Yes
1118,1,1,0.9149009596336303,-0.7300140261650085,-3.1050140857696533,assist,Yes
1119,1,0,0.4073334000459302,-1.4801292419433594,-1.1051292419433594,assist,no
1120,1,0,0.2689414330889798,-1.8386054039001465,-0.8386054635047913,assist,no
1121,1,1,0.9626731147976793,-0.5134088397026062,-3.763408899307251,assist,Yes
1122,1,0,0.5,-1.0362318754196167,-1.0362318754196167,assist,No
1123,1,1,0.9465966671870767,-0.6335065960884094,-3.5085065364837646,assist,Yes
1124,1,1,0.7772998818103892,-0.86620032787323,-2.1162004470825195,assist,yes
1125,1,1,0.8807970779778823,-0.47453951835632324,-2.4745395183563232,assist,yes
1126,1,1,0.5621765008857981,-1.0482205152511597,-1.2982205152511597,assist,yes
1127,1,0,0.2689414096510108,-1.8392307758331299,-0.8392307162284851,assist,no
1128,1,1,0.6513548782017746,-0.9116000533103943,-1.536600112915039,assist,yes
1129,1,1,0.957912274487423,-0.6811639666557312,-3.806164026260376,assist,yes
1130,1,1,0.679178699175393,-1.0255094766616821,-1.7755094766616821,assist,Yes
1131,1,0,0.5,-1.2891894578933716,-1.2891894578933716,assist,no
1132,1,1,0.8354835289107309,-0.6580782532691956,-2.283078193664551,assist,Yes
1133,1,1,0.9465966641739773,-0.6946722269058228,-3.569672107696533,assist,yes
1134,1,1,0.7310585786300049,-0.7174808979034424,-1.7174808979034424,assist,Yes
1135,1,1,0.9241418241572634,-0.7752255797386169,-3.2752256393432617,assist,Yes
1136,1,1,0.914900945711678,-0.5671368837356567,-2.942136764526367,assist,Yes
1137,1,0,0.22270013882530884,-2.155872344970703,-0.9058723449707031,assist,no
1138,1,1,0.9324533163686646,-0.7658289670944214,-3.390829086303711,assist,Yes
1139,1,1,0.9149009549929797,-0.6110115051269531,-2.986011505126953,assist,Yes
1140,1,0,0.20181322226037882,-1.81839919090271,-0.44339919090270996,assist,No
1141,1,1,0.9046505248181417,-0.7360831499099731,-2.9860830307006836,assist,Yes
1142,1,1,0.9046505299595163,-0.6748836636543274,-2.9248836040496826,assist,Yes
1143,1,1,0.9399133464597458,-0.6374834179878235,-3.3874833583831787,assist,yes
1144,1,1,0.8670357460591569,-0.7224265336990356,-2.597426414489746,assist,yes
1145,1,1,0.7310585786300049,-0.8716864585876465,-1.8716864585876465,assist,Yes
1146,1,1,0.9626731105140616,-0.6185234189033508,-3.868523359298706,assist,yes
1147,1,1,0.9465966702001757,-0.581458330154419,-3.456458330154419,assist,Yes
1148,1,1,0.9399133498259924,-0.4487004280090332,-3.198700428009033,assist,Yes
1149,1,1,0.9626731147976793,-0.5146085619926453,-3.76460862159729,assist,Yes
1150,1,1,0.679178699175393,-0.9525570869445801,-1.70255708694458,assist,Yes
1151,1,0,0.37754066879814546,-1.4897990226745605,-0.9897990226745605,assist,No
1152,1,1,0.914900945711678,-0.7870322465896606,-3.162032127380371,assist,Yes
1153,1,1,0.8807970654616711,-0.7716509103775024,-2.771650791168213,assist,Yes
1154,1,0,0.37754066879814546,-1.5236903429031372,-1.0236903429031372,assist,no
1155,1,1,0.8670357598021706,-0.6771702766418457,-2.5521702766418457,assist,Yes
1156,1,1,0.679178699175393,-0.8250634670257568,-1.5750634670257568,assist,Yes
1157,1,1,0.9770226287518852,-0.6575632691383362,-4.407563209533691,assist,Yes
1158,1,0,0.5,-1.2886593341827393,-1.2886593341827393,assist,no
1159,1,1,0.9046505453836383,-0.5324195623397827,-2.7824196815490723,assist,Yes
1160,1,1,0.9046505402422645,-0.7418286204338074,-2.991828680038452,assist,Yes
1161,1,1,0.939913343093499,-0.6376458406448364,-3.387645721435547,assist,Yes
1162,1,1,0.867035752930664,-0.7786303162574768,-2.653630256652832,assist,Yes
1163,1,1,0.8519528019683106,-0.6327383518218994,-2.3827383518218994,assist,yes
1164,1,1,0.8807970904940926,-0.5221527814865112,-2.522152900695801,assist,Yes
1165,1,0,0.34864513533394575,-1.6562737226486206,-1.0312737226486206,assist,no
1166,1,1,0.7981867873410141,-0.8418688178062439,-2.2168688774108887,assist,yes
1167,1,1,0.9046505351008906,-0.7913198471069336,-3.0413198471069336,assist,Yes
1168,1,1,0.9324533163686646,-0.6449092626571655,-3.269909381866455,assist,Yes
1169,1,1,0.9324533126145177,-0.6459044814109802,-3.270904541015625,assist,Yes
1170,1,1,0.8807970842359877,-0.6948785185813904,-2.694878578186035,assist,yes
1171,1,1,0.9149009549929797,-0.6161472797393799,-2.99114727973938,assist,Yes
1172,1,0,0.37754066879814546,-1.232847809791565,-0.7328478097915649,assist,No
1173,1,0,0.11920292202211755,-2.679241180419922,-0.6792411804199219,assist,No
1174,1,1,0.7772998611746911,-0.8885102272033691,-2.138510227203369,assist,Yes
1175,1,1,0.851952809486198,-0.7047969698905945,-2.4547970294952393,assist,Yes
1176,1,1,0.5926665855647394,-0.9544208645820618,-1.329420804977417,assist,Yes
1177,1,0,0.34864513533394575,-1.639862060546875,-1.014862060546875,assist,no
1178,1,1,0.8354835207180245,-0.8674837350845337,-2.492483615875244,assist,Yes
1179,1,1,0.880797071719777,-0.7634318470954895,-2.7634317874908447,assist,Yes
1180,1,1,0.9465966702001757,-0.5352048873901367,-3.4102048873901367,assist,yes
1181,1,1,0.9241418199787566,-0.36810970306396484,-2.868109703063965,assist,Yes
1182,1,1,0.9706877658567789,-0.5059710741043091,-4.0059709548950195,assist,Yes
1183,1,1,0.5621765008857981,-1.128421664237976,-1.378421664237976,assist,Yes
1184,1,1,0.7057850278370112,-0.8283743858337402,-1.7033743858337402,assist,Yes
1185,1,1,0.9525741214369554,-0.7435327768325806,-3.743532657623291,assist,Yes
1186,1,1,0.8519527869325346,-0.8496419191360474,-2.599641799926758,assist,Yes
1187,1,1,0.9324533126145177,-0.459760844707489,-3.084760904312134,assist,Yes
1188,1,0,0.5,-1.215433955192566,-1.215433955192566,assist,no
1189,1,1,0.9241418241572634,-0.7143082022666931,-3.214308261871338,assist,Yes
1190,1,1,0.8933093946927838,-0.4645024538040161,-2.5895023345947266,assist,Yes
1191,1,1,0.7981867873410141,-0.7523908019065857,-2.1273908615112305,assist,Yes
1192,1,0,0.5,-1.2559102773666382,-1.2559102773666382,assist,no
1193,1,1,0.8933094003735664,-0.8094072937965393,-2.9344072341918945,assist,Yes
1194,1,1,0.9706877743364403,-0.6666648983955383,-4.166665077209473,assist,yes
1195,1,1,0.6513548646660542,-0.8528203964233398,-1.4778203964233398,assist,Yes
1196,1,1,0.8933094060543487,-0.7484152317047119,-2.873415231704712,assist,yes
1197,1,0,0.34864513533394575,-1.6397671699523926,-1.0147671699523926,assist,no
1198,1,1,0.9579122696813394,-0.7367926239967346,-3.86179256439209,assist,Yes
1199,1,0,0.46879062662624377,-1.4051202535629272,-1.2801202535629272,assist,no
1200,1,0,0.20181321265898594,-2.2595131397247314,-0.8845130801200867,assist,no
1201,1,1,0.9046505402422645,-0.7874848246574402,-3.037484884262085,assist,Yes
1202,1,1,0.8175744673038221,-0.8286738991737366,-2.328673839569092,assist,yes
1203,1,1,0.8519528019683106,-0.5992541313171387,-2.3492541313171387,assist,Yes
1204,1,0,0.29421497216298875,-1.8082257509231567,-0.9332257509231567,assist,No
1205,1,1,0.9046505248181417,-0.5365043878555298,-2.7865042686462402,assist,Yes
1206,1,1,0.8933094003735664,-0.5447319149971008,-2.669731855392456,assist,Yes
1207,1,1,0.8519528170040853,-0.8059448003768921,-2.5559449195861816,assist,Yes
1208,1,1,0.8175744850834649,-0.8877622485160828,-2.3877623081207275,assist,Yes
1209,1,1,0.9046505453836383,-0.6851142644882202,-2.9351143836975098,assist,Yes
1210,1,1,0.957912274487423,-0.6202234625816345,-3.7452235221862793,assist,Yes
1211,1,1,0.8670357460591569,-0.8321119546890259,-2.7071118354797363,assist,Yes
1212,1,1,0.6224593312018546,-0.9456453323364258,-1.4456453323364258,assist,Yes
1213,1,0,0.5,-1.0502406358718872,-1.0502406358718872,assist,No
1214,1,1,0.9626731147976793,-0.7326719164848328,-3.9826719760894775,assist,Yes
1215,1,1,0.7310585903489892,-0.9273449778556824,-1.9273450374603271,assist,Yes
1216,1,1,0.6224593312018546,-1.1288634538650513,-1.6288634538650513,assist,Yes
1217,1,0,0.09534947004048376,-2.8836026191711426,-0.6336026787757874,assist,no
1218,1,1,0.8670357460591569,-0.6159106492996216,-2.490910530090332,assist,yes
1219,1,1,0.9579122768904644,-0.7345603704452515,-3.859560489654541,assist,Yes
1220,1,1,0.7310585669110203,-0.8560212254524231,-1.8560211658477783,assist,Yes
1221,1,1,0.9046505299595163,-0.6797364354133606,-2.929736375808716,assist,yes
1222,1,1,0.9241418241572634,-0.6011778712272644,-3.101177930831909,assist,yes
1223,1,1,0.9149009642742806,-0.7247961759567261,-3.0997962951660156,assist,yes
1224,1,1,0.9046505453836383,-0.7911509275436401,-3.0411510467529297,assist,Yes
1225,1,1,0.6513548646660542,-1.053389072418213,-1.678389072418213,assist,Yes
1226,1,1,0.8933094003735664,-0.755099356174469,-2.880099296569824,assist,Yes
1227,1,1,0.9149009549929797,-0.7201535701751709,-3.095153570175171,assist,yes
1228,1,1,0.8670357735451834,-0.7721928358078003,-2.64719295501709,assist,yes
1229,1,1,0.7310585903489892,-0.6887564063072205,-1.6887564659118652,assist,Yes
1230,1,0,0.06008665354025422,-3.433072566986084,-0.6830726265907288,assist,No
1231,1,1,0.835483553488848,-0.6576308012008667,-2.2826309204101562,assist,Yes
1232,1,1,0.6224593312018546,-0.9663300514221191,-1.4663300514221191,assist,Yes
1233,1,0,0.34864513533394575,-1.6274514198303223,-1.0024514198303223,assist,No
1234,1,1,0.8670357666736773,-0.7719144225120544,-2.646914482116699,assist,yes
1235,1,1,0.679178699175393,-0.9769195318222046,-1.7269195318222046,assist,yes
1236,1,1,0.8933094174159129,-0.738089919090271,-2.8630900382995605,assist,yes
1237,1,1,0.9626731105140616,-0.6756446957588196,-3.925644636154175,assist,yes
1238,1,0,0.04208772791561884,-3.7383875846862793,-0.6133875846862793,assist,No
1239,1,1,0.9465966732132748,-0.5785242915153503,-3.453524351119995,assist,yes
1240,1,1,0.9046505351008906,-0.6791176795959473,-2.9291176795959473,assist,yes
1241,1,1,0.8354835371034369,-0.7995352745056152,-2.4245352745056152,assist,yes
1242,1,0,0.29421497216298875,-1.4297281503677368,-0.5547281503677368,assist,No
1243,1,0,0.29421497216298875,-1.7869170904159546,-0.9119170904159546,assist,no
1244,1,1,0.7057850278370112,-0.9711223840713501,-1.84612238407135,assist,Yes
1245,1,1,0.9525741268224334,-0.43826866149902344,-3.4382686614990234,assist,yes
1246,1,1,0.9324533107374443,-0.49828192591667175,-3.123281955718994,assist,Yes
1247,1,1,0.851952809486198,-0.781948983669281,-2.531949043273926,assist,yes
1248,1,1,0.8519527869325346,-0.8345614671707153,-2.584561347961426,assist,Yes
1249,1,1,0.8670357666736773,-0.626959502696991,-2.5019595623016357,assist,Yes
1250,1,0,0.4378234991142019,-1.3814870119094849,-1.1314870119094849,assist,No
1251,1,1,0.9669140216112958,-0.5100584030151367,-3.8850584030151367,assist,Yes
1252,1,1,0.8175744761936437,-0.642690896987915,-2.142690896987915,assist,Yes
1253,1,1,0.8807970654616711,-0.6597534418106079,-2.6597533226013184,assist,Yes
1254,1,1,0.9465966686936261,-0.3707139790058136,-3.245713949203491,assist,Yes
1255,1,1,0.9241418241572634,-0.7099701762199402,-3.209970235824585,assist,Yes
1256,1,1,0.9626731126558706,-0.6759669780731201,-3.92596697807312,assist,yes
1257,1,1,0.9669140254249554,-0.7283185720443726,-4.103318691253662,assist,Yes
1258,1,0,0.20181322226037882,-1.9260550737380981,-0.5510550737380981,assist,No
1259,1,1,0.851952809486198,-0.6462399363517761,-2.396239995956421,assist,Yes
1260,1,1,0.6513548646660542,-1.0672056674957275,-1.6922056674957275,assist,Yes
1261,1,1,0.8933093946927838,-0.6457797288894653,-2.770779609680176,assist,Yes
1262,1,0,0.4378234991142019,-1.408844232559204,-1.158844232559204,assist,no
1263,1,1,0.9324533163686646,-0.6525357961654663,-3.277535915374756,assist,Yes
1264,1,1,0.914900950352329,-0.6113384366035461,-2.9863383769989014,assist,yes
1265,1,1,0.7772998611746911,-0.8782949447631836,-2.1282949447631836,assist,yes
1266,1,1,0.9465966702001757,-0.7505021095275879,-3.625502109527588,assist,Yes
1267,1,1,0.5312093733737563,-1.2137815952301025,-1.3387815952301025,assist,Yes
1268,1,0,0.5,-1.3115029335021973,-1.3115029335021973,assist,no
1269,1,0,0.1329642333263228,-2.621532440185547,-0.7465323805809021,assist,No
1270,1,0,0.005220126312597491,-5.732082843780518,-0.48208296298980713,assist,no
1271,1,1,0.7310585786300049,-0.9506237506866455,-1.9506237506866455,assist,Yes
1272,1,1,0.7981867873410141,-0.8407365679740906,-2.2157366275787354,assist,yes
1273,1,1,0.9579122696813394,-0.4346979260444641,-3.5596978664398193,assist,yes
1274,1,1,0.9149009596336303,-0.5214549899101257,-2.8964550495147705,assist,Yes
1275,1,1,0.6224593312018546,-1.0020325183868408,-1.5020325183868408,assist,yes
1276,1,1,0.6513548782017746,-0.9760672450065613,-1.601067304611206,assist,yes
1277,1,1,0.754914997895581,-0.8762132525444031,-2.001213312149048,assist,Yes
1278,1,0,0.5,-1.1860707998275757,-1.1860707998275757,assist,No
1279,1,1,0.9525741268224334,-0.7423200607299805,-3.7423200607299805,assist,Yes
1280,1,1,0.8175744673038221,-0.8385177254676819,-2.338517665863037,assist,yes
1281,1,1,0.9465966702001757,-0.584970235824585,-3.459970235824585,assist,Yes
1282,1,1,0.9241418199787566,-0.7149696350097656,-3.2149696350097656,assist,Yes
1283,1,1,0.8175744761936437,-0.772627592086792,-2.272627592086792,assist,yes
1284,1,1,0.9399133498259924,-0.6923022270202637,-3.4423022270202637,assist,Yes
1285,1,1,0.8933094003735664,-0.7494774460792542,-2.8744773864746094,assist,yes
1286,1,1,0.952574129515172,-0.6822549700737,-3.6822550296783447,assist,Yes
1287,1,1,0.914900950352329,-0.6198022961616516,-2.994802236557007,assist,Yes
1288,1,1,0.8807970654616711,-0.7061940431594849,-2.7061939239501953,assist,Yes
1289,1,0,0.37754066879814546,-1.4409054517745972,-0.9409054517745972,assist,No
1290,1,1,0.8175744584140004,-0.7814203500747681,-2.2814202308654785,assist,yes
1291,1,1,0.9149009549929797,-0.5706691741943359,-2.945669174194336,assist,yes
1292,1,1,0.8354835289107309,-0.8275428414344788,-2.452542781829834,assist,Yes
1293,1,1,0.9706877692486436,-0.4601469039916992,-3.960146903991699,assist,Yes
1294,1,1,0.679178699175393,-0.8704965114593506,-1.6204965114593506,assist,Yes
1295,1,1,0.7981867585368343,-0.7633997201919556,-2.138399600982666,assist,Yes
1296,1,1,0.9241418116217418,-0.7191592454910278,-3.2191591262817383,assist,yes
1297,1,1,0.939913356558485,-0.69994056224823,-3.4499406814575195,assist,Yes
1298,1,1,0.8519528019683106,-0.48269152641296387,-2.232691526412964,assist,Yes
1299,1,1,0.5621765008857981,-1.212249994277954,-1.462249994277954,assist,Yes
1300,1,0,0.32082130082460697,-1.715313196182251,-0.965313196182251,assist,No
1301,1,1,0.9465966641739773,-0.6933494806289673,-3.5683493614196777,assist,yes
1302,1,1,0.5621765155565327,-0.8922333121299744,-1.1422333717346191,assist,Yes
1303,1,1,0.9149009549929797,-0.7805490493774414,-3.1555490493774414,assist,Yes
1304,1,1,0.9241418158002492,-0.6580570340156555,-3.1580569744110107,assist,Yes
1305,1,1,0.9579122768904644,-0.6211522817611694,-3.746152400970459,assist,yes
1306,1,0,0.37754066879814546,-1.5365002155303955,-1.0365002155303955,assist,no
1307,1,0,0.4378234991142019,-1.3779549598693848,-1.1279549598693848,assist,no
1308,1,1,0.8354835289107309,-0.7070253491401672,-2.3320252895355225,assist,Yes
1309,1,1,0.7057850278370112,-0.946143388748169,-1.821143388748169,assist,Yes
1310,1,1,0.939913356558485,-0.6423596143722534,-3.392359733581543,assist,yes
1311,1,1,0.8670357666736773,-0.6696702837944031,-2.544670343399048,assist,yes
1312,1,0,0.37754066879814546,-1.5957491397857666,-1.0957491397857666,assist,no
1313,1,1,0.6513548646660542,-1.021124243736267,-1.646124243736267,assist,Yes
1314,1,1,0.7549149648117217,-0.9185744524002075,-2.043574333190918,assist,Yes
1315,1,1,0.9465966762263737,-0.575982928276062,-3.4509830474853516,assist,Yes
1316,1,1,0.9324533088603709,-0.7588825225830078,-3.383882522583008,assist,Yes
1317,1,1,0.9465966732132748,-0.6318754553794861,-3.506875514984131,assist,Yes
1318,1,0,0.10669060530721626,-2.697084426879883,-0.5720845460891724,assist,No
1319,1,0,0.22270013882530884,-1.9109461307525635,-0.6609461307525635,assist,No
1320,1,1,0.6224593312018546,-1.054843544960022,-1.554843544960022,assist,yes
1321,1,1,0.9046505453836383,-0.6792324781417847,-2.929232597351074,assist,Yes
1322,1,1,0.9525741241296944,-0.6249359250068665,-3.6249358654022217,assist,Yes
1323,1,1,0.8670357598021706,-0.831942081451416,-2.706942081451416,assist,Yes
1324,1,0,0.46879062662624377,-1.1805918216705322,-1.0555918216705322,assist,No
1325,1,1,0.9706877675527112,-0.5082240700721741,-4.008224010467529,assist,yes
1326,1,0,0.29421497216298875,-1.8059757947921753,-0.9309757947921753,assist,no
1327,1,1,0.9465966762263737,-0.6910370588302612,-3.566037178039551,assist,yes
1328,1,1,0.9324533126145177,-0.46275776624679565,-3.0877578258514404,assist,yes
1329,1,1,0.8807970842359877,-0.8171953558921814,-2.817195415496826,assist,Yes
1330,1,1,0.6513548646660542,-1.0305827856063843,-1.6555827856063843,assist,yes
1331,1,1,0.9399133464597458,-0.5424864888191223,-3.2924864292144775,assist,yes
1332,1,0,0.02297736857193652,-4.208472728729248,-0.45847266912460327,assist,no
1333,1,0,0.4378234991142019,-1.2123937606811523,-0.9623937606811523,assist,No
1334,1,1,0.9241418158002492,-0.7754135727882385,-3.2754135131835938,assist,Yes
1335,1,1,0.8519528019683106,-0.7965140342712402,-2.5465140342712402,assist,Yes
1336,1,1,0.9706877641608461,-0.5550586581230164,-4.055058479309082,assist,Yes
1337,1,0,0.5,-1.2550978660583496,-1.2550978660583496,assist,No
1338,1,1,0.9626731083722525,-0.6755663156509399,-3.9255661964416504,assist,yes
1339,1,1,0.5312093733737563,-1.0272581577301025,-1.1522581577301025,assist,Yes
1340,1,1,0.7310585786300049,-0.8905689716339111,-1.8905689716339111,assist,Yes
1341,1,1,0.7057850154599563,-0.8925545811653137,-1.767554521560669,assist,Yes
1342,1,1,0.9525741322079105,-0.6305502653121948,-3.6305503845214844,assist,yes
1343,1,1,0.9706877675527112,-0.5599237084388733,-4.0599236488342285,assist,yes
1344,1,1,0.9669140235181256,-0.61892169713974,-3.9939217567443848,assist,yes
1345,1,1,0.7981867873410141,-0.787179172039032,-2.1621792316436768,assist,yes
1346,1,0,0.4073334000459302,-1.4084036350250244,-1.0334036350250244,assist,No
1347,1,1,0.8933094060543487,-0.8026394844055176,-2.9276394844055176,assist,Yes
1348,1,1,0.914900945711678,-0.6124874353408813,-2.987487316131592,assist,yes
1349,1,1,0.9046505453836383,-0.6802114248275757,-2.9302115440368652,assist,yes
1350,1,1,0.8519527944504226,-0.7052355408668518,-2.455235481262207,assist,Yes
1351,1,1,0.6224593452091672,-0.9456793665885925,-1.4456794261932373,assist,Yes
1352,1,1,0.9465966732132748,-0.6333221793174744,-3.508322238922119,assist,Yes
1353,1,1,0.5926665855647394,-0.9987266659736633,-1.3737266063690186,assist,yes
1354,1,1,0.9324533051062237,-0.766292154788971,-3.391292095184326,assist,Yes
1355,1,1,0.9046505248181417,-0.7905060052871704,-3.040505886077881,assist,Yes
1356,1,1,0.7981867873410141,-0.790465772151947,-2.165465831756592,assist,Yes
1357,1,1,0.7549149868676283,-0.8771326541900635,-2.0021326541900635,assist,Yes
1358,1,1,0.9669140216112958,-0.6658735275268555,-4.0408735275268555,assist,Yes
1359,1,1,0.7549149648117217,-0.9192067384719849,-2.0442066192626953,assist,Yes
1360,1,1,0.9399133531922388,-0.701917827129364,-3.451917886734009,assist,yes
1361,1,0,0.5,-1.2368066310882568,-1.2368066310882568,assist,No
1362,1,0,0.34864513533394575,-1.6153538227081299,-0.9903538227081299,assist,no
1363,1,0,0.24508501313237172,-1.8954167366027832,-0.7704167366027832,assist,No
1364,1,1,0.8670357666736773,-0.7719857096672058,-2.6469857692718506,assist,yes
1365,1,1,0.939913343093499,-0.7546283006668091,-3.5046281814575195,assist,Yes
1366,1,1,0.8933094003735664,-0.6867409348487854,-2.8117408752441406,assist,yes
1367,1,0,0.5,-1.28822922706604,-1.28822922706604,assist,no
1368,1,1,0.9465966732132748,-0.6868707537651062,-3.561870813369751,assist,Yes
1369,1,0,0.32082130082460697,-1.718490481376648,-0.968490481376648,assist,no
1370,1,1,0.914900950352329,-0.6070771813392639,-2.982077121734619,assist,Yes
1371,1,1,0.9046505402422645,-0.6800572276115417,-2.9300572872161865,assist,yes
1372,1,1,0.9046505299595163,-0.6792774796485901,-2.9292774200439453,assist,Yes
1373,1,1,0.8670357598021706,-0.7879045009613037,-2.6629045009613037,assist,Yes
1374,1,1,0.9399133531922388,-0.6975821852684021,-3.447582244873047,assist,Yes
1375,1,0,0.18242550602671442,-2.2296109199523926,-0.729610800743103,assist,no
1376,1,1,0.9149009549929797,-0.7205896377563477,-3.0955896377563477,assist,yes
1377,1,1,0.8519528170040853,-0.6742280721664429,-2.4242281913757324,assist,yes
1378,1,0,0.012431650853185818,-5.019159317016602,-0.6441593170166016,assist,No
1379,1,1,0.8933094060543487,-0.6986653804779053,-2.8236653804779053,assist,Yes
1380,1,1,0.8670357460591569,-0.8326841592788696,-2.70768404006958,assist,Yes
1381,1,1,0.5621765008857981,-1.0332353115081787,-1.2832353115081787,assist,yes
1382,1,1,0.8175744584140004,-0.6203466653823853,-2.1203465461730957,assist,yes
1383,1,1,0.6224593312018546,-0.8594282865524292,-1.3594282865524292,assist,Yes
1384,1,1,0.9149009549929797,-0.6688425540924072,-3.0438425540924072,assist,Yes
1385,1,1,0.9046505453836383,-0.6744698286056519,-2.9244699478149414,assist,yes
1386,1,0,0.18242551491653522,-2.2507729530334473,-0.7507728934288025,assist,No
1387,1,1,0.9046505453836383,-0.6323622465133667,-2.8823623657226562,assist,Yes
1388,1,1,0.7310585786300049,-0.8903771638870239,-1.890377163887024,assist,Yes
1389,1,0,0.4073334000459302,-1.449047565460205,-1.074047565460205,assist,no
1390,1,1,0.8807970904940926,-0.7215660810470581,-2.7215662002563477,assist,Yes
1391,1,0,0.3208212878370535,-1.6839683055877686,-0.9339682459831238,assist,no
1392,1,0,0.3486451488696663,-1.6174509525299072,-0.992451012134552,assist,no
1393,1,1,0.8519528019683106,-0.4450070858001709,-2.195007085800171,assist,Yes
1394,1,0,0.24508500210441886,-1.9882290363311768,-0.863228976726532,assist,no
1395,1,1,0.754914975839675,-0.8514416813850403,-1.9764416217803955,assist,yes
1396,1,1,0.9525741268224334,-0.6813905239105225,-3.6813905239105225,assist,Yes
1397,1,1,0.679178699175393,-0.8862481117248535,-1.6362481117248535,assist,yes
1398,1,1,0.5621765008857981,-1.1298601627349854,-1.3798601627349854,assist,Yes
1399,1,1,0.9525741322079105,-0.679320216178894,-3.6793203353881836,assist,Yes
1400,1,1,0.9626731126558706,-0.6218492984771729,-3.871849298477173,assist,yes
1401,1,1,0.7772998611746911,-0.7422276735305786,-1.9922276735305786,assist,Yes
1402,1,1,0.7310585786300049,-0.9681750535964966,-1.9681750535964966,assist,Yes
1403,1,1,0.9579122720843811,-0.5701711177825928,-3.6951711177825928,assist,Yes
1404,1,1,0.8354835371034369,-0.5454449653625488,-2.170444965362549,assist,Yes
1405,1,1,0.9465966732132748,-0.6348721385002136,-3.5098721981048584,assist,yes
1406,1,1,0.9525741322079105,-0.6248496770858765,-3.624849796295166,assist,Yes
1407,1,1,0.9149009549929797,-0.7256882190704346,-3.1006882190704346,assist,yes
1408,1,1,0.8933094003735664,-0.6980105042457581,-2.8230104446411133,assist,Yes
1409,1,1,0.6791787121629466,-0.8713204264640808,-1.6213204860687256,assist,Yes
1410,1,1,0.8670357666736773,-0.6763748526573181,-2.551374912261963,assist,Yes
1411,1,1,0.914900945711678,-0.6632915735244751,-3.0382914543151855,assist,Yes
1412,1,0,0.4378234991142019,-1.4331159591674805,-1.1831159591674805,assist,no
1413,1,1,0.8354835371034369,-0.7264642715454102,-2.35146427154541,assist,Yes
1414,1,1,0.952574129515172,-0.739759624004364,-3.739759683609009,assist,Yes
1415,1,1,0.7310585786300049,-0.9810540676116943,-1.9810540676116943,assist,Yes
1416,1,1,0.7057850278370112,-0.7673110961914062,-1.6423110961914062,assist,Yes
1417,1,1,0.9525741214369554,-0.7393218278884888,-3.739321708679199,assist,Yes
1418,1,0,0.29421497216298875,-1.7422130107879639,-0.8672130107879639,assist,no
1419,1,1,0.9149009596336303,-0.7250086665153503,-3.100008726119995,assist,yes
1420,1,1,0.9324533013520764,-0.7059732675552368,-3.3309731483459473,assist,Yes
1421,1,1,0.851952809486198,-0.7825028300285339,-2.5325028896331787,assist,yes
1422,1,1,0.9579122768904644,-0.7367008924484253,-3.861701011657715,assist,Yes
1423,1,1,0.8670357460591569,-0.6279040575027466,-2.502903938293457,assist,Yes
1424,1,0,0.3775406547908327,-1.4900617599487305,-0.9900617003440857,assist,no
1425,1,1,0.5312093733737563,-1.2552320957183838,-1.3802320957183838,assist,Yes
1426,1,1,0.7772998818103892,-0.9360002279281616,-2.186000347137451,assist,Yes
1427,1,1,0.8175744584140004,-0.8042107820510864,-2.304210662841797,assist,Yes
1428,1,1,0.8354835452961425,-0.8782441020011902,-2.503244161605835,assist,Yes
1429,1,1,0.9525741241296944,-0.744814932346344,-3.744814872741699,assist,Yes
1430,1,0,0.2689414213699951,-1.6429132223129272,-0.6429132223129272,assist,No
1431,1,1,0.9046505402422645,-0.7974724173545837,-3.0474724769592285,assist,Yes
1432,1,1,0.8670357460591569,-0.5321880578994751,-2.4071879386901855,assist,Yes
1433,1,0,0.03308598029553404,-4.096959590911865,-0.72195965051651,assist,no
1434,1,1,0.7549149868676283,-0.7267377376556396,-1.8517377376556396,assist,Yes
1435,1,1,0.9525741241296944,-0.687357485294342,-3.6873574256896973,assist,yes
1436,1,0,0.07585817166422973,-3.1514453887939453,-0.6514452695846558,assist,no
1437,1,1,0.8354835371034369,-0.743128776550293,-2.368128776550293,assist,yes
1438,1,1,0.7310585669110203,-0.9231303334236145,-1.9231302738189697,assist,yes
1439,1,1,0.5926665999540697,-1.0461843013763428,-1.4211843013763428,assist,Yes
1440,1,0,0.02595735719779685,-4.1731276512146,-0.5481276512145996,assist,No
1441,1,0,0.09534947518185825,-2.882291316986084,-0.6322914361953735,assist,no
1442,1,1,0.9149009596336303,-0.7248165011405945,-3.0998165607452393,assist,yes
1443,1,0,0.13296424706933604,-2.475644111633301,-0.6006441712379456,assist,No
1444,1,1,0.9465966671870767,-0.7489235997200012,-3.6239235401153564,assist,Yes
1445,1,0,0.4378234991142019,-1.2595956325531006,-1.0095956325531006,assist,no
1446,1,1,0.6791786861878392,-0.8077591061592102,-1.5577590465545654,assist,Yes
1447,1,1,0.939913356558485,-0.6984261274337769,-3.4484262466430664,assist,yes
1448,1,1,0.5926665999540697,-1.099683165550232,-1.474683165550232,assist,Yes
1449,1,1,0.9465966641739773,-0.6869298219680786,-3.561929702758789,assist,Yes
1450,1,0,0.20181321265898594,-2.258842706680298,-0.8838426470756531,assist,no
1451,1,1,0.9399133531922388,-0.6978079676628113,-3.447808027267456,assist,Yes
1452,1,1,0.9399133498259924,-0.5355794429779053,-3.2855794429779053,assist,Yes
1453,1,0,0.20181322226037882,-2.0055606365203857,-0.6305606365203857,assist,No
1454,1,1,0.6224593312018546,-0.9905256032943726,-1.4905256032943726,assist,Yes
1455,1,1,0.9525741322079105,-0.6254018545150757,-3.6254019737243652,assist,Yes
1456,1,1,0.9046505299595163,-0.6797881722450256,-2.929788112640381,assist,Yes
1457,1,1,0.9241418199787566,-0.6582629680633545,-3.1582629680633545,assist,Yes
1458,1,1,0.6224593312018546,-1.130316972732544,-1.630316972732544,assist,Yes
1459,1,1,0.9046505453836383,-0.7433375120162964,-2.993337631225586,assist,Yes
1460,1,1,0.7549149868676283,-0.5446109771728516,-1.6696109771728516,assist,Yes
1461,1,0,0.20181321265898594,-2.1466362476348877,-0.7716361880302429,assist,No
1462,1,1,0.9465966671870767,-0.7511675953865051,-3.6261675357818604,assist,Yes
1463,1,1,0.5621765008857981,-1.190360188484192,-1.440360188484192,assist,Yes
1464,1,1,0.9465966671870767,-0.6939192414283752,-3.5689191818237305,assist,Yes
1465,1,1,0.9241418241572634,-0.7200822234153748,-3.2200822830200195,assist,Yes
1466,1,1,0.939913356558485,-0.5421065092086792,-3.2921066284179688,assist,Yes
1467,1,1,0.9241418241572634,-0.6053277850151062,-3.105327844619751,assist,yes
1468,1,1,0.9324533051062237,-0.6502006649971008,-3.275200605392456,assist,Yes
1469,1,1,0.8519528019683106,-0.7482717037200928,-2.4982717037200928,assist,Yes
1470,1,1,0.9149009596336303,-0.7251147627830505,-3.1001148223876953,assist,yes
1471,1,1,0.9399133447766225,-0.49487313628196716,-3.244873046875,assist,Yes
1472,1,1,0.679178699175393,-0.9524221420288086,-1.7024221420288086,assist,Yes
1473,1,1,0.9525741241296944,-0.7472475171089172,-3.7472474575042725,assist,Yes
1474,1,0,0.40733341443526055,-1.3295130729675293,-0.9545131325721741,assist,No
1475,1,1,0.9241418241572634,-0.7150847315788269,-3.2150847911834717,assist,Yes
1476,1,1,0.679178699175393,-0.9515914916992188,-1.7015914916992188,assist,Yes
1477,1,1,0.914900950352329,-0.5176315903663635,-2.8926315307617188,assist,yes
1478,1,1,0.9525741214369554,-0.6839672327041626,-3.683967113494873,assist,yes
1479,1,1,0.9465966671870767,-0.6325972676277161,-3.5075972080230713,assist,Yes
1480,1,1,0.9241418199787566,-0.7752218246459961,-3.275221824645996,assist,Yes
1481,1,1,0.8933094003735664,-0.7493560910224915,-2.8743560314178467,assist,yes
1482,1,1,0.9241418116217418,-0.7103825807571411,-3.2103824615478516,assist,yes
1483,1,1,0.9740426443092215,-0.6632151007652283,-4.288215160369873,assist,yes
1484,1,1,0.939913343093499,-0.5359441041946411,-3.2859439849853516,assist,Yes
1485,1,1,0.8933094060543487,-0.7497274875640869,-2.874727487564087,assist,yes
1486,1,1,0.9241418199787566,-0.6097409725189209,-3.109740972518921,assist,Yes
1487,1,1,0.8354835452961425,-0.5037125945091248,-2.1287126541137695,assist,Yes
1488,1,0,0.34864513533394575,-1.4807250499725342,-0.8557250499725342,assist,No
1489,1,1,0.9046505248181417,-0.7907205820083618,-3.0407204627990723,assist,Yes
1490,1,1,0.8807970904940926,-0.7640389204025269,-2.7640390396118164,assist,Yes
1491,1,1,0.6224593312018546,-0.879901647567749,-1.379901647567749,assist,Yes
1492,1,1,0.9740426428022031,-0.4550619125366211,-4.080061912536621,assist,Yes
1493,1,0,0.20181322226037882,-1.8144930601119995,-0.4394930601119995,assist,No
1494,1,1,0.9465966762263737,-0.5331863164901733,-3.408186435699463,assist,yes
1495,1,1,0.9465966762263737,-0.48367154598236084,-3.3586716651916504,assist,Yes
1496,1,1,0.8175744673038221,-0.5925746560096741,-2.0925745964050293,assist,Yes
1497,1,0,0.22270014914315833,-2.002930164337158,-0.752930223941803,assist,no
1498,1,1,0.8519528019683106,-0.5573813915252686,-2.3073813915252686,assist,Yes
1499,1,1,0.8933094174159129,-0.8030871152877808,-2.9280872344970703,assist,Yes
1500,1,1,0.9465966671870767,-0.6892967820167542,-3.5642967224121094,assist,Yes
1501,1,1,0.9579122672782973,-0.679547905921936,-3.8045477867126465,assist,yes
1502,1,1,0.679178699175393,-1.0084636211395264,-1.7584636211395264,assist,yes
1503,1,1,0.7057850402140659,-0.9114086031913757,-1.7864086627960205,assist,Yes
1504,1,1,0.9740426458162398,-0.6032546758651733,-4.228254795074463,assist,Yes
1505,1,1,0.7981867873410141,-0.7646762728691101,-2.139676332473755,assist,Yes
1506,1,1,0.9241418241572634,-0.5521911978721619,-3.0521912574768066,assist,yes
1507,1,1,0.9399133498259924,-0.6421525478363037,-3.3921525478363037,assist,Yes
1508,1,1,0.8175744850834649,-0.737752377986908,-2.2377524375915527,assist,Yes
1509,1,1,0.9626731147976793,-0.7304438948631287,-3.9804439544677734,assist,Yes
1510,1,0,0.46879062662624377,-1.1273025274276733,-1.0023025274276733,assist,No
1511,1,0,0.2689414213699951,-1.8908330202102661,-0.8908330202102661,assist,No
1512,1,1,0.8175744584140004,-0.8883630037307739,-2.3883628845214844,assist,Yes
1513,1,1,0.8519528019683106,-0.7584280967712402,-2.5084280967712402,assist,Yes
1514,1,1,0.8519528019683106,-0.8080575466156006,-2.5580575466156006,assist,Yes
1515,1,0,0.03732689055684297,-3.655130624771118,-0.4051307141780853,assist,no
1516,1,1,0.9669140216112958,-0.6127145290374756,-3.9877145290374756,assist,Yes
1517,1,1,0.8175744761936437,-0.8283734321594238,-2.328373432159424,assist,yes
1518,1,1,0.9399133531922388,-0.7024173140525818,-3.4524173736572266,assist,yes
1519,1,1,0.8933093946927838,-0.6519757509231567,-2.776975631713867,assist,Yes
1520,1,1,0.9324533126145177,-0.5955914855003357,-3.2205915451049805,assist,yes
1521,1,1,0.914900945711678,-0.7798720598220825,-3.154871940612793,assist,Yes
1522,1,1,0.8933094174159129,-0.8097056150436401,-2.9347057342529297,assist,Yes
1523,1,1,0.5621765008857981,-1.1061815023422241,-1.3561815023422241,assist,Yes
1524,1,1,0.9241418158002492,-0.7674153447151184,-3.2674152851104736,assist,Yes
1525,1,0,0.03308598220236406,-3.878218173980713,-0.5032182931900024,assist,No
1526,1,1,0.9399133498259924,-0.5346770286560059,-3.284677028656006,assist,Yes
1527,1,1,0.7549149648117217,-0.8822423219680786,-2.007242202758789,assist,yes
1528,1,1,0.9324533163686646,-0.6538046598434448,-3.2788047790527344,assist,Yes
1529,1,1,0.9046505299595163,-0.7359045147895813,-2.9859044551849365,assist,Yes
1530,1,1,0.9465966702001757,-0.6874134540557861,-3.562413454055786,assist,Yes
1531,1,0,0.37754066879814546,-1.5391982793807983,-1.0391982793807983,assist,No
1532,1,1,0.8670357598021706,-0.7799441814422607,-2.6549441814422607,assist,yes
1533,1,1,0.9399133464597458,-0.6447437405586243,-3.3947436809539795,assist,yes
1534,1,1,0.9241418158002492,-0.6577723622322083,-3.1577723026275635,assist,yes
1535,1,0,0.14804719051380197,-2.5108120441436768,-0.760811984539032,assist,No
1536,1,1,0.7772998818103892,-0.8219765424728394,-2.071976661682129,assist,yes
1537,1,1,0.9399133498259924,-0.7556605339050293,-3.5056605339050293,assist,Yes
1538,1,1,0.957912274487423,-0.6239919066429138,-3.7489919662475586,assist,yes
1539,1,1,0.8670357460591569,-0.7313438653945923,-2.6063437461853027,assist,Yes
1540,1,1,0.5621765008857981,-1.1055591106414795,-1.3555591106414795,assist,Yes
1541,1,1,0.7057850154599563,-0.970635712146759,-1.8456356525421143,assist,Yes
1542,1,1,0.9465966641739773,-0.6943641901016235,-3.569364070892334,assist,yes
1543,1,1,0.9525741268224334,-0.6820411682128906,-3.6820411682128906,assist,Yes
1544,1,1,0.9525741268224334,-0.7447960376739502,-3.74479603767395,assist,Yes
1545,1,1,0.6513548646660542,-0.7851290702819824,-1.4101290702819824,assist,yes
1546,1,1,0.9241418199787566,-0.5076258182525635,-3.0076258182525635,assist,yes
1547,1,1,0.8807970779778823,-0.6611995697021484,-2.6611995697021484,assist,Yes
1548,1,1,0.8670357598021706,-0.7721126079559326,-2.6471126079559326,assist,Yes
1549,1,1,0.9399133464597458,-0.697437584400177,-3.4474375247955322,assist,yes
1550,1,1,0.6513548511303336,-0.9755917191505432,-1.6005916595458984,assist,Yes
1551,1,0,0.053403329799824234,-3.5560052394866943,-0.6810052394866943,assist,no
1552,1,0,0.22270013882530884,-1.9043266773223877,-0.6543266773223877,assist,No
1553,1,1,0.8933094060543487,-0.8095576763153076,-2.9345576763153076,assist,Yes
1554,1,0,0.37754066879814546,-1.5379879474639893,-1.0379879474639893,assist,no
1555,1,1,0.9149009596336303,-0.7855207324028015,-3.1605207920074463,assist,Yes
1556,1,1,0.9241418241572634,-0.5566796660423279,-3.0566797256469727,assist,yes
1557,1,1,0.7981867777396212,-0.8756067752838135,-2.2506067752838135,assist,Yes
1558,1,1,0.9399133498259924,-0.7546672821044922,-3.504667282104492,assist,Yes
1559,1,1,0.9465966702001757,-0.446270227432251,-3.321270227432251,assist,Yes
1560,1,1,0.914900945711678,-0.6158162355422974,-2.990816116333008,assist,Yes
1561,1,1,0.798186768138228,-0.8312063813209534,-2.2062063217163086,assist,Yes
1562,1,1,0.9399133498259924,-0.6977951526641846,-3.4477951526641846,assist,yes
1563,1,1,0.9626731083722525,-0.614421010017395,-3.8644208908081055,assist,Yes
1564,1,1,0.7981867777396212,-0.9233226776123047,-2.2983226776123047,assist,Yes
1565,1,1,0.7772998714925403,-0.7047376036643982,-1.954737663269043,assist,yes
1566,1,1,0.9579122672782973,-0.740571141242981,-3.8655710220336914,assist,Yes
1567,1,1,0.9399133498259924,-0.588909387588501,-3.338909387588501,assist,Yes
1568,1,1,0.9399133464597458,-0.5855043530464172,-3.3355042934417725,assist,Yes
1569,1,1,0.8933094060543487,-0.6447317600250244,-2.7697317600250244,assist,Yes
1570,1,1,0.9525741241296944,-0.748589813709259,-3.7485897541046143,assist,Yes
1571,1,1,0.9579122696813394,-0.7394240498542786,-3.864423990249634,assist,Yes
1572,1,1,0.9149009596336303,-0.6152297854423523,-2.990229845046997,assist,yes
1573,1,0,0.18242551491653522,-2.2454233169555664,-0.7454232573509216,assist,No
1574,1,0,0.4073334000459302,-1.181007981300354,-0.806007981300354,assist,no
1575,1,1,0.8933094060543487,-0.6458230018615723,-2.7708230018615723,assist,Yes
1576,1,1,0.8807970904940926,-0.6543039083480835,-2.654304027557373,assist,Yes
1577,1,1,0.8807970654616711,-0.7063561677932739,-2.7063560485839844,assist,yes
1578,1,1,0.6224593312018546,-1.056516170501709,-1.556516170501709,assist,Yes
1579,1,1,0.9579122720843811,-0.5693624019622803,-3.6943624019622803,assist,Yes
1580,1,1,0.9525741214369554,-0.6284900903701782,-3.6284899711608887,assist,Yes
1581,1,1,0.9046505402422645,-0.6223518252372742,-2.872351884841919,assist,Yes
1582,1,1,0.9770226260757067,-0.6047813296318054,-4.354781150817871,assist,yes
1583,1,1,0.8807970904940926,-0.4845517873764038,-2.4845519065856934,assist,Yes
1584,1,1,0.5621765008857981,-0.9467376470565796,-1.1967376470565796,assist,Yes
1585,1,0,0.4378234991142019,-1.4076759815216064,-1.1576759815216064,assist,no
1586,1,0,0.3208213138121609,-1.4360945224761963,-0.6860945820808411,assist,No
1587,1,1,0.5926665999540697,-1.1304057836532593,-1.5054057836532593,assist,Yes
1588,1,1,0.9149009596336303,-0.7845785021781921,-3.159578561782837,assist,Yes
1589,1,1,0.8354835371034369,-0.8277595043182373,-2.4527595043182373,assist,Yes
1590,1,1,0.8519527944504226,-0.733316957950592,-2.4833168983459473,assist,yes
1591,1,1,0.8670357735451834,-0.7386082410812378,-2.6136083602905273,assist,Yes
1592,1,1,0.7549149648117217,-0.9799591302871704,-2.104959011077881,assist,Yes
1593,1,1,0.6224593312018546,-0.8838251829147339,-1.3838251829147339,assist,Yes
1594,1,1,0.9149009642742806,-0.6208924055099487,-2.9958925247192383,assist,Yes
1595,1,1,0.9399133464597458,-0.5925517678260803,-3.3425517082214355,assist,Yes
1596,1,1,0.835483553488848,-0.7151912450790405,-2.34019136428833,assist,Yes
1597,1,1,0.8175744939732856,-0.8287066221237183,-2.328706741333008,assist,yes
1598,1,0,0.11920292828022305,-2.6191017627716064,-0.6191018223762512,assist,no
1599,1,1,0.9465966732132748,-0.530397355556488,-3.405397415161133,assist,Yes
1600,1,1,0.880797071719777,-0.7018492817878723,-2.7018492221832275,assist,yes
1601,1,1,0.798186768138228,-0.743967592716217,-2.1189675331115723,assist,yes
1602,1,1,0.9399133464597458,-0.6382055878639221,-3.3882055282592773,assist,Yes
1603,1,1,0.679178699175393,-1.0077651739120483,-1.7577651739120483,assist,Yes
1604,1,1,0.9399133447766225,-0.49366483092308044,-3.2436647415161133,assist,Yes
1605,1,1,0.8175744673038221,-0.878822386264801,-2.3788223266601562,assist,Yes
1606,1,1,0.9465966671870767,-0.6334572434425354,-3.5084571838378906,assist,yes
1607,1,1,0.9046505299595163,-0.7431879639625549,-2.99318790435791,assist,Yes
1608,1,0,0.2689414213699951,-1.847066044807434,-0.8470660448074341,assist,No
1609,1,1,0.9241418241572634,-0.605587899684906,-3.105587959289551,assist,Yes
1610,1,1,0.8933094174159129,-0.6396015882492065,-2.764601707458496,assist,yes
1611,1,1,0.9324533126145177,-0.7620837092399597,-3.3870837688446045,assist,Yes
1612,1,1,0.8354835289107309,-0.8073833584785461,-2.4323832988739014,assist,yes
1613,1,0,0.2942149597859341,-1.8054170608520508,-0.930417001247406,assist,No
1614,1,1,0.9465966671870767,-0.6855981945991516,-3.560598134994507,assist,Yes
1615,1,1,0.9525741268224334,-0.4801151752471924,-3.4801151752471924,assist,yes
1616,1,1,0.8933094003735664,-0.7551754117012024,-2.8801753520965576,assist,Yes
1617,1,1,0.9324533126145177,-0.6529013514518738,-3.2779014110565186,assist,yes
1618,1,1,0.9241418158002492,-0.43062740564346313,-2.9306273460388184,assist,Yes
1619,1,0,0.29421497216298875,-1.7031657695770264,-0.8281657695770264,assist,No
1620,1,1,0.9626731126558706,-0.6172511577606201,-3.86725115776062,assist,yes
1621,1,0,0.07585818002124356,-2.958017587661743,-0.45801758766174316,assist,No
1622,1,1,0.939913356558485,-0.7013376951217651,-3.4513378143310547,assist,yes
1623,1,1,0.7549149648117217,-0.8758703470230103,-2.0008702278137207,assist,Yes
1624,1,1,0.914900950352329,-0.7855945229530334,-3.1605944633483887,assist,Yes
1625,1,1,0.9399133531922388,-0.6406592726707458,-3.3906593322753906,assist,Yes
1626,1,1,0.8354835289107309,-0.8177698254585266,-2.442769765853882,assist,Yes
1627,1,1,0.880797071719777,-0.6477082371711731,-2.6477081775665283,assist,Yes
1628,1,0,0.22270011818961086,-2.1078591346740723,-0.8578590154647827,assist,no
1629,1,1,0.9324533051062237,-0.5026939511299133,-3.1276938915252686,assist,yes
1630,1,1,0.679178699175393,-1.0081826448440552,-1.7581826448440552,assist,Yes
1631,1,1,0.914900950352329,-0.7250421643257141,-3.1000421047210693,assist,yes
1632,1,1,0.9149009596336303,-0.6684851050376892,-3.043485164642334,assist,yes
1633,1,1,0.9324533088603709,-0.7111446857452393,-3.3361446857452393,assist,Yes
1634,1,1,0.798186768138228,-0.5173338055610657,-1.892333745956421,assist,Yes
1635,1,1,0.9525741322079105,-0.6280659437179565,-3.628066062927246,assist,Yes
1636,1,1,0.9046505248181417,-0.6264349222183228,-2.876434803009033,assist,Yes
1637,1,1,0.9324533088603709,-0.5995020866394043,-3.2245020866394043,assist,yes
1638,1,1,0.8933094060543487,-0.6921713352203369,-2.817171335220337,assist,Yes
1639,1,1,0.9465966702001757,-0.7497515678405762,-3.624751567840576,assist,Yes
1640,1,1,0.9579122696813394,-0.6251385807991028,-3.750138521194458,assist,yes
1641,1,1,0.7549149868676283,-0.8375333547592163,-1.9625333547592163,assist,Yes
1642,1,1,0.5312093733737563,-1.0490261316299438,-1.1740261316299438,assist,Yes
1643,1,1,0.9324533088603709,-0.5933318138122559,-3.218331813812256,assist,Yes
1644,1,0,0.18242553269617778,-2.176712989807129,-0.6767130494117737,assist,no
1645,1,1,0.5312093733737563,-1.2154861688613892,-1.3404861688613892,assist,Yes
1646,1,1,0.8354835452961425,-0.6500164866447449,-2.2750165462493896,assist,yes
1647,1,1,0.851952809486198,-0.6385976672172546,-2.3885977268218994,assist,Yes
1648,1,1,0.9046505299595163,-0.7866101861000061,-3.0366101264953613,assist,Yes
1649,1,1,0.9149009549929797,-0.6112682819366455,-2.9862682819366455,assist,Yes
1650,1,1,0.8175744673038221,-0.8288660645484924,-2.3288660049438477,assist,yes
1651,1,1,0.9149009642742806,-0.7262781858444214,-3.101278305053711,assist,yes
1652,1,1,0.5621765008857981,-1.1279351711273193,-1.3779351711273193,assist,Yes
1653,1,1,0.9149009549929797,-0.7852003574371338,-3.160200357437134,assist,Yes
1654,1,1,0.8519527869325346,-0.5992027521133423,-2.3492026329040527,assist,Yes
1655,1,0,0.46879062662624377,-1.340093970298767,-1.215093970298767,assist,no
1656,1,1,0.9241418158002492,-0.5529811978340149,-3.05298113822937,assist,yes
1657,1,1,0.835483553488848,-0.8665727376937866,-2.491572856903076,assist,Yes
1658,1,1,0.9241418116217418,-0.7111121416091919,-3.2111120223999023,assist,Yes
1659,1,1,0.9241418241572634,-0.5110511183738708,-3.0110511779785156,assist,yes
1660,1,0,0.37754066879814546,-1.5043306350708008,-1.0043306350708008,assist,No
1661,1,0,0.5,-1.256828784942627,-1.256828784942627,assist,No
1662,1,0,0.24508500210441886,-1.9757542610168457,-0.8507542014122009,assist,no
1663,1,1,0.9149009549929797,-0.7853894233703613,-3.1603894233703613,assist,Yes
1664,1,1,0.9525741322079105,-0.3320077657699585,-3.332007884979248,assist,Yes
1665,1,1,0.798186768138228,-0.8407164216041565,-2.2157163619995117,assist,yes
1666,1,1,0.8933094003735664,-0.692869246006012,-2.817869186401367,assist,Yes
1667,1,1,0.9046505299595163,-0.6845300793647766,-2.934530019760132,assist,Yes
1668,1,1,0.9046505248181417,-0.6798397302627563,-2.929839611053467,assist,yes
1669,1,1,0.914900950352329,-0.6681354641914368,-3.043135404586792,assist,Yes
1670,1,1,0.8354835371034369,-0.8264045715332031,-2.451404571533203,assist,Yes
1671,1,1,0.9465966702001757,-0.5816953182220459,-3.456695318222046,assist,Yes
1672,1,1,0.867035752930664,-0.7873786091804504,-2.6623785495758057,assist,Yes
1673,1,1,0.9241418116217418,-0.653596043586731,-3.1535959243774414,assist,yes
1674,1,0,0.5,-1.290598750114441,-1.290598750114441,assist,no
1675,1,1,0.8670357598021706,-0.8311100006103516,-2.7061100006103516,assist,Yes
1676,1,1,0.8175744584140004,-0.7917309999465942,-2.2917308807373047,assist,Yes
1677,1,1,0.7981867873410141,-0.6875428557395935,-2.0625429153442383,assist,yes
1678,1,1,0.9399133531922388,-0.6407048106193542,-3.390704870223999,assist,yes
1679,1,1,0.9241418199787566,-0.7754433155059814,-3.2754433155059814,assist,Yes
1680,1,1,0.8354835371034369,-0.8674099445343018,-2.4924099445343018,assist,Yes
1681,1,1,0.5621765008857981,-0.8319805860519409,-1.081980586051941,assist,Yes
1682,1,1,0.9046505402422645,-0.7970423102378845,-3.0470423698425293,assist,Yes
1683,1,1,0.9525741268224334,-0.5773341655731201,-3.57733416557312,assist,Yes
1684,1,1,0.851952809486198,-0.734088122844696,-2.484088182449341,assist,yes
1685,1,1,0.7772998508568416,-0.8062565922737122,-2.0562565326690674,assist,Yes
1686,1,1,0.8175744939732856,-0.7492660284042358,-2.2492661476135254,assist,Yes
1687,1,1,0.8175744673038221,-0.8789904713630676,-2.378990411758423,assist,Yes
1688,1,1,0.7057850278370112,-0.9990584850311279,-1.874058485031128,assist,Yes
1689,1,1,0.7981867777396212,-0.8406879901885986,-2.2156879901885986,assist,yes
1690,1,1,0.5621765008857981,-1.0319626331329346,-1.2819626331329346,assist,Yes
1691,1,0,0.46879062662624377,-1.371286392211914,-1.246286392211914,assist,no
1692,1,1,0.8670357460591569,-0.7789736986160278,-2.6539735794067383,assist,Yes
1693,1,1,0.9046505351008906,-0.74220871925354,-2.99220871925354,assist,Yes
1694,1,1,0.8354835207180245,-0.7257848978042603,-2.3507847785949707,assist,Yes
1695,1,1,0.9465966762263737,-0.690599799156189,-3.5655999183654785,assist,Yes
1696,1,1,0.798186768138228,-0.7758236527442932,-2.1508235931396484,assist,Yes
1697,1,1,0.8354835371034369,-0.816462516784668,-2.441462516784668,assist,Yes
1698,1,1,0.939913343093499,-0.5419222116470337,-3.291922092437744,assist,yes
1699,1,1,0.9324533088603709,-0.597062349319458,-3.222062349319458,assist,yes
1700,1,1,0.9399133464597458,-0.6442556977272034,-3.3942556381225586,assist,yes
1701,1,1,0.798186768138228,-0.9001699090003967,-2.275169849395752,assist,Yes
1702,1,1,0.5621765008857981,-1.1282850503921509,-1.3782850503921509,assist,Yes
1703,1,1,0.9626731169394882,-0.7323230504989624,-3.982323169708252,assist,Yes
1704,1,1,0.9241418199787566,-0.7752981185913086,-3.2752981185913086,assist,Yes
1705,1,1,0.939913343093499,-0.7581344842910767,-3.508134365081787,assist,Yes
1706,1,1,0.9626731158685837,-0.46950283646583557,-3.7195029258728027,assist,yes
1707,1,1,0.867035752930664,-0.6690033078193665,-2.5440032482147217,assist,yes
1708,1,1,0.9579122720843811,-0.6760551929473877,-3.8010551929473877,assist,yes
1709,1,0,0.32082130082460697,-1.4215307235717773,-0.6715307235717773,assist,No
1710,1,1,0.679178699175393,-0.9319472312927246,-1.6819472312927246,assist,Yes
1711,1,0,0.11920293453832885,-2.707655429840088,-0.7076555490493774,assist,no
1712,1,1,0.9399133531922388,-0.5896226763725281,-3.339622735977173,assist,Yes
1713,1,0,0.18242552380635632,-2.115285873413086,-0.6152858734130859,assist,no
1714,1,1,0.8519528019683106,-0.795968770980835,-2.545968770980835,assist,yes
1715,1,1,0.893309411735131,-0.8094713091850281,-2.934471368789673,assist,Yes
1716,1,1,0.7549149868676283,-0.7491769790649414,-1.8741769790649414,assist,yes
1717,1,1,0.8519528019683106,-0.6316380500793457,-2.3816380500793457,assist,yes
1718,1,1,0.8175744939732856,-0.8872808218002319,-2.3872809410095215,assist,Yes
1719,1,1,0.9626731105140616,-0.5616691708564758,-3.811669111251831,assist,Yes
1720,1,1,0.5312093733737563,-1.2181379795074463,-1.3431379795074463,assist,Yes
1721,1,1,0.8807970779778823,-0.6043970584869385,-2.6043970584869385,assist,Yes
1722,1,1,0.9241418158002492,-0.7695663571357727,-3.269566297531128,assist,Yes
1723,1,1,0.9324533013520764,-0.7060400247573853,-3.3310399055480957,assist,yes
1724,1,0,0.3486451217982255,-1.5403368473052979,-0.9153367877006531,assist,no
1725,1,1,0.893309411735131,-0.5399643778800964,-2.664964437484741,assist,Yes
1726,1,1,0.9241418199787566,-0.7760465145111084,-3.2760465145111084,assist,Yes
1727,1,1,0.8175744673038221,-0.7644601464271545,-2.2644600868225098,assist,yes
1728,1,1,0.8807970842359877,-0.6999108195304871,-2.699910879135132,assist,yes
1729,1,1,0.9046505248181417,-0.5780216455459595,-2.82802152633667,assist,yes
1730,1,0,0.0953494648991095,-2.9689385890960693,-0.7189385890960693,assist,No
1731,1,0,0.4378234991142019,-1.2815463542938232,-1.0315463542938232,assist,no
1732,1,1,0.6224593312018546,-0.9536302089691162,-1.4536302089691162,assist,yes
1733,1,1,0.9324533088603709,-0.6003503799438477,-3.2253503799438477,assist,Yes
1734,1,1,0.8807970779778823,-0.7639377117156982,-2.7639377117156982,assist,Yes
1735,1,1,0.8933094060543487,-0.6396417617797852,-2.764641761779785,assist,Yes
1736,1,1,0.8670357735451834,-0.6704868078231812,-2.5454869270324707,assist,yes
1737,1,1,0.9046505351008906,-0.7360646724700928,-2.9860646724700928,assist,yes
1738,1,0,0.0474258704848281,-3.4329071044921875,-0.4329070448875427,assist,No
1739,1,1,0.754914975839675,-0.6831074357032776,-1.8081073760986328,assist,Yes
1740,1,1,0.9525741268224334,-0.6842827796936035,-3.6842827796936035,assist,Yes
1741,1,0,0.37754066879814546,-1.5807784795761108,-1.0807784795761108,assist,no
1742,1,1,0.754914975839675,-0.8385985493659973,-1.9635984897613525,assist,yes
1743,1,1,0.679178699175393,-0.9213895797729492,-1.6713895797729492,assist,Yes
1744,1,1,0.7057850402140659,-0.94171541929245,-1.8167154788970947,assist,yes
1745,1,1,0.8670357460591569,-0.7789570093154907,-2.653956890106201,assist,Yes
1746,1,1,0.9525741268224334,-0.7417774200439453,-3.7417774200439453,assist,Yes
1747,1,1,0.9046505299595163,-0.7916963696479797,-3.041696310043335,assist,Yes
1748,1,1,0.8354835207180245,-0.7802931070327759,-2.4052929878234863,assist,Yes
1749,1,1,0.7549149868676283,-0.8757989406585693,-2.0007989406585693,assist,Yes
1750,1,0,0.46879062662624377,-1.2447762489318848,-1.1197762489318848,assist,no
1751,1,1,0.9241418241572634,-0.6052278876304626,-3.1052279472351074,assist,yes
1752,1,0,0.24508501313237172,-1.7811914682388306,-0.6561914682388306,assist,no
1753,1,1,0.7310585786300049,-0.9811829328536987,-1.9811829328536987,assist,Yes
1754,1,1,0.7310585786300049,-0.7733287811279297,-1.7733287811279297,assist,Yes
1755,1,1,0.6791787121629466,-0.9528037905693054,-1.7028038501739502,assist,Yes
1756,1,1,0.9149009549929797,-0.7858927249908447,-3.1608927249908447,assist,Yes
1757,1,1,0.9324533088603709,-0.5999791622161865,-3.2249791622161865,assist,Yes
1758,1,1,0.9046505453836383,-0.6850641965866089,-2.9350643157958984,assist,Yes
1759,1,0,0.5,-1.279013752937317,-1.279013752937317,assist,no
1760,1,1,0.957912274487423,-0.6766220927238464,-3.801622152328491,assist,Yes
1761,1,1,0.9324533163686646,-0.46153390407562256,-3.086534023284912,assist,Yes
1762,1,0,0.4378234991142019,-1.4083839654922485,-1.1583839654922485,assist,no
1763,1,1,0.7310585786300049,-0.9096728563308716,-1.9096728563308716,assist,Yes
1764,1,1,0.9046505351008906,-0.6226835250854492,-2.872683525085449,assist,Yes
1765,1,0,0.13296424019782924,-2.5748374462127686,-0.6998374462127686,assist,No
1766,1,1,0.6513548646660542,-0.92535400390625,-1.55035400390625,assist,yes
1767,1,1,0.939913343093499,-0.5868703126907349,-3.3368701934814453,assist,Yes
1768,1,1,0.8519528170040853,-0.8052958250045776,-2.555295944213867,assist,Yes
1769,1,1,0.9046505402422645,-0.7914955019950867,-3.0414955615997314,assist,Yes
1770,1,1,0.9465966702001757,-0.6861851215362549,-3.561185121536255,assist,Yes
1771,1,1,0.9241418199787566,-0.770477294921875,-3.270477294921875,assist,Yes
1772,1,1,0.8175744850834649,-0.609158456325531,-2.109158515930176,assist,Yes
1773,1,1,0.9324533051062237,-0.7058971524238586,-3.330897092819214,assist,yes
1774,1,1,0.754914997895581,-0.9196164011955261,-2.044616460800171,assist,Yes
1775,1,1,0.9149009642742806,-0.7806857824325562,-3.1556859016418457,assist,Yes
1776,1,1,0.7549149648117217,-0.9509807825088501,-2.0759806632995605,assist,Yes
1777,1,1,0.679178699175393,-1.0258405208587646,-1.7758405208587646,assist,Yes
1778,1,0,0.22270013882530884,-2.1080832481384277,-0.8580832481384277,assist,no
1779,1,1,0.914900950352329,-0.7261653542518616,-3.101165294647217,assist,Yes
1780,1,1,0.9399133464597458,-0.5394905209541321,-3.2894904613494873,assist,yes
1781,1,1,0.914900950352329,-0.7811596989631653,-3.1561596393585205,assist,Yes
1782,1,1,0.9525741268224334,-0.6876778602600098,-3.6876778602600098,assist,yes
1783,1,1,0.9626731169394882,-0.6772288084030151,-3.9272289276123047,assist,yes
1784,1,1,0.7057850154599563,-0.9871984124183655,-1.8621983528137207,assist,Yes
1785,1,1,0.8670357598021706,-0.6344923973083496,-2.5094923973083496,assist,Yes
1786,1,1,0.754914997895581,-0.6476804614067078,-1.7726805210113525,assist,yes
1787,1,1,0.880797071719777,-0.7069748044013977,-2.706974744796753,assist,yes
1788,1,1,0.9046505299595163,-0.4900992512702942,-2.7400991916656494,assist,Yes
1789,1,1,0.8519528019683106,-0.8486196994781494,-2.5986196994781494,assist,Yes
1790,1,1,0.9579122696813394,-0.5721283555030823,-3.6971282958984375,assist,yes
1791,1,1,0.966914019704466,-0.6164265275001526,-3.991426467895508,assist,yes
1792,1,1,0.9324533051062237,-0.5966423153877258,-3.221642255783081,assist,yes
1793,1,0,0.13296424019782924,-2.575143337249756,-0.7001433372497559,assist,No
1794,1,1,0.7549149648117217,-0.9520779848098755,-2.077077865600586,assist,Yes
1795,1,1,0.9579122720843811,-0.7373702526092529,-3.862370252609253,assist,Yes
1796,1,1,0.9149009596336303,-0.5631696581840515,-2.9381697177886963,assist,yes
1797,1,1,0.8807970842359877,-0.558931291103363,-2.558931350708008,assist,Yes
1798,1,1,0.798186768138228,-0.7781220078468323,-2.1531219482421875,assist,Yes
1799,1,1,0.6513548646660542,-0.7620847225189209,-1.387084722518921,assist,Yes
1800,1,1,0.5926665999540697,-1.0711439847946167,-1.4461439847946167,assist,Yes
1801,1,1,0.7057850154599563,-0.8272235989570618,-1.702223539352417,assist,Yes
1802,1,1,0.7981867873410141,-0.7438711524009705,-2.1188712120056152,assist,yes
1803,1,1,0.679178699175393,-1.0080848932266235,-1.7580848932266235,assist,Yes
1804,1,1,0.8354835371034369,-0.8764762878417969,-2.501476287841797,assist,Yes
1805,1,1,0.9324533088603709,-0.7052412033081055,-3.3302412033081055,assist,Yes
1806,1,1,0.9149009642742806,-0.518309473991394,-2.8933095932006836,assist,yes
1807,1,1,0.8670357460591569,-0.7713152170181274,-2.646315097808838,assist,yes
1808,1,1,0.8175744850834649,-0.7717728018760681,-2.271772861480713,assist,yes
1809,1,1,0.6224593312018546,-0.9947010278701782,-1.4947010278701782,assist,Yes
1810,1,1,0.8933094003735664,-0.7561598420143127,-2.881159782409668,assist,Yes
1811,1,0,0.10669058826486906,-2.699819803237915,-0.5748197436332703,assist,No
1812,1,0,0.4073334000459302,-1.4230711460113525,-1.0480711460113525,assist,No
1813,1,1,0.754914975839675,-0.918267548084259,-2.0432674884796143,assist,Yes
1814,1,1,0.9149009596336303,-0.5210229754447937,-2.8960230350494385,assist,Yes
1815,1,1,0.9399133498259924,-0.6945977210998535,-3.4445977210998535,assist,Yes
1816,1,1,0.9241418158002492,-0.6578148007392883,-3.1578147411346436,assist,Yes
1817,1,1,0.7772998508568416,-0.9246991276741028,-2.174699068069458,assist,Yes
1818,1,1,0.9579122672782973,-0.5652824640274048,-3.6902823448181152,assist,Yes
1819,1,1,0.8670357460591569,-0.7871423959732056,-2.662142276763916,assist,Yes
1820,1,1,0.9626731147976793,-0.623231828212738,-3.873231887817383,assist,yes
1821,1,1,0.8933094174159129,-0.5852593183517456,-2.710259437561035,assist,Yes
1822,1,1,0.8670357735451834,-0.6633442640304565,-2.538344383239746,assist,yes
1823,1,1,0.914900950352329,-0.780896008014679,-3.155895948410034,assist,Yes
1824,1,1,0.914900950352329,-0.6684344410896301,-3.0434343814849854,assist,yes
1825,1,1,0.754914975839675,-0.8228192925453186,-1.9478192329406738,assist,Yes
1826,1,1,0.679178699175393,-0.9874883890151978,-1.7374883890151978,assist,Yes
1827,1,1,0.9465966641739773,-0.48368513584136963,-3.35868501663208,assist,Yes
1828,1,1,0.679178699175393,-0.9774843454360962,-1.7274843454360962,assist,yes
1829,1,0,0.18242551491653522,-2.199010133743286,-0.6990100741386414,assist,No
1830,1,0,0.4378234991142019,-1.2871549129486084,-1.0371549129486084,assist,No
1831,1,1,0.9399133498259924,-0.6973121166229248,-3.447312116622925,assist,Yes
1832,1,1,0.6224593312018546,-1.0555933713912964,-1.5555933713912964,assist,Yes
1833,1,1,0.914900950352329,-0.7859731316566467,-3.160973072052002,assist,Yes
1834,1,1,0.9399133531922388,-0.58954256772995,-3.3395426273345947,assist,Yes
1835,1,1,0.9324533163686646,-0.5993646383285522,-3.224364757537842,assist,yes
1836,1,1,0.9399133498259924,-0.5426876544952393,-3.2926876544952393,assist,yes
1837,1,0,0.03732688306051187,-3.769151210784912,-0.5191510915756226,assist,no
1838,1,1,0.9465966732132748,-0.5783652663230896,-3.4533653259277344,assist,Yes
1839,1,1,0.7549149868676283,-0.8925466537475586,-2.0175466537475586,assist,yes
1840,1,1,0.8354835289107309,-0.6198158860206604,-2.2448158264160156,assist,Yes
1841,1,1,0.8807970842359877,-0.6039156317710876,-2.6039156913757324,assist,Yes
1842,1,1,0.8807970654616711,-0.7144109010696411,-2.7144107818603516,assist,Yes
1843,1,0,0.5,-1.2573215961456299,-1.2573215961456299,assist,No
1844,1,1,0.8354835371034369,-0.807354211807251,-2.432354211807251,assist,yes
1845,1,1,0.6513548646660542,-1.054858684539795,-1.679858684539795,assist,Yes
1846,1,1,0.9046505402422645,-0.7422265410423279,-2.9922266006469727,assist,Yes
1847,1,1,0.5312093733737563,-1.200563669204712,-1.325563669204712,assist,yes
1848,1,1,0.8175744673038221,-0.6713278889656067,-2.171327829360962,assist,yes
1849,1,1,0.8933094003735664,-0.4990447163581848,-2.62404465675354,assist,yes
1850,1,0,0.4378234991142019,-1.3976995944976807,-1.1476995944976807,assist,no
1851,1,1,0.9241418116217418,-0.6054879426956177,-3.105487823486328,assist,yes
1852,1,1,0.9149009642742806,-0.6602381467819214,-3.035238265991211,assist,yes
1853,1,1,0.9579122672782973,-0.5717355012893677,-3.696735382080078,assist,yes
1854,1,1,0.5312093733737563,-1.1907851696014404,-1.3157851696014404,assist,Yes
1855,1,1,0.7057850402140659,-0.9990527033805847,-1.8740527629852295,assist,Yes
1856,1,1,0.8175744584140004,-0.8778506517410278,-2.3778505325317383,assist,Yes
1857,1,1,0.7310585786300049,-0.9509115219116211,-1.950911521911621,assist,Yes
1858,1,1,0.8354835371034369,-0.5459222793579102,-2.17092227935791,assist,Yes
1859,1,1,0.880797081106935,-0.44231030344963074,-2.442310333251953,assist,Yes
1860,1,1,0.8519528170040853,-0.781615138053894,-2.5316152572631836,assist,yes
1861,1,1,0.9579122720843811,-0.682100772857666,-3.807100772857666,assist,yes
1862,1,0,0.4073334000459302,-1.4833052158355713,-1.1083052158355713,assist,no
1863,1,1,0.9046505351008906,-0.796290397644043,-3.046290397644043,assist,Yes
1864,1,1,0.9465966702001757,-0.6371190547943115,-3.5121190547943115,assist,yes
1865,1,1,0.8354835371034369,-0.6667299270629883,-2.2917299270629883,assist,Yes
1866,1,1,0.9149009596336303,-0.619440495967865,-2.9944405555725098,assist,Yes
1867,1,0,0.16451645470385742,-2.4646430015563965,-0.8396429419517517,assist,no
1868,1,1,0.957912274487423,-0.6735009551048279,-3.7985010147094727,assist,Yes
1869,1,1,0.7549149868676283,-0.7399560213088989,-1.864956021308899,assist,yes
1870,1,1,0.9149009596336303,-0.7307066321372986,-3.1057066917419434,assist,Yes
1871,1,1,0.939913356558485,-0.7551816701889038,-3.5051817893981934,assist,Yes
1872,1,1,0.8175744850834649,-0.6711782813072205,-2.1711783409118652,assist,yes
1873,1,1,0.9525741241296944,-0.5228994488716125,-3.5228993892669678,assist,Yes
1874,1,1,0.9525741322079105,-0.6877182722091675,-3.687718391418457,assist,yes
1875,1,1,0.8807970904940926,-0.7503708600997925,-2.750370979309082,assist,yes
1876,1,1,0.9324533088603709,-0.7056574821472168,-3.330657482147217,assist,yes
1877,1,1,0.9465966702001757,-0.7503020763397217,-3.6253020763397217,assist,Yes
1878,1,1,0.9465966702001757,-0.7479455471038818,-3.622945547103882,assist,Yes
1879,1,1,0.9046505299595163,-0.7308142781257629,-2.980814218521118,assist,yes
1880,1,1,0.8354835289107309,-0.7275498509407043,-2.3525497913360596,assist,Yes
1881,1,1,0.9046505248181417,-0.7916566133499146,-3.041656494140625,assist,Yes
1882,1,1,0.9324533126145177,-0.5506674647331238,-3.1756675243377686,assist,yes
1883,1,1,0.8354835207180245,-0.6135770082473755,-2.238576889038086,assist,Yes
1884,1,1,0.9241418116217418,-0.65839684009552,-3.1583967208862305,assist,yes
1885,1,1,0.5621765008857981,-1.1353363990783691,-1.3853363990783691,assist,Yes
1886,1,1,0.8933094060543487,-0.6933109760284424,-2.8183109760284424,assist,Yes
1887,1,1,0.8175744939732856,-0.6890238523483276,-2.189023971557617,assist,Yes
1888,1,1,0.9465966671870767,-0.37072426080703735,-3.2457242012023926,assist,Yes
1889,1,1,0.8670357598021706,-0.663358211517334,-2.538358211517334,assist,yes
1890,1,1,0.9046505248181417,-0.7857824563980103,-3.0357823371887207,assist,Yes
1891,1,1,0.8933094003735664,-0.8033409714698792,-2.9283409118652344,assist,Yes
1892,1,1,0.9626731083722525,-0.5610610246658325,-3.811060905456543,assist,Yes
1893,1,1,0.9465966671870767,-0.5298066735267639,-3.404806613922119,assist,yes
1894,1,1,0.9046505402422645,-0.6800100207328796,-2.9300100803375244,assist,yes
1895,1,1,0.939913356558485,-0.6380499601364136,-3.388050079345703,assist,Yes
1896,1,1,0.8807970842359877,-0.6103968024253845,-2.6103968620300293,assist,Yes
1897,1,0,0.34864513533394575,-1.6575392484664917,-1.0325392484664917,assist,no
1898,1,1,0.9525741268224334,-0.6820590496063232,-3.6820590496063232,assist,Yes
1899,1,1,0.914900945711678,-0.6117020845413208,-2.9867019653320312,assist,Yes
1900,1,1,0.9525741322079105,-0.6285966634750366,-3.628596782684326,assist,Yes
1901,1,1,0.9241418199787566,-0.7112836837768555,-3.2112836837768555,assist,Yes
1902,1,1,0.9465966702001757,-0.585676908493042,-3.460676908493042,assist,yes
1903,1,1,0.6224593312018546,-0.7410086393356323,-1.2410086393356323,assist,Yes
1904,1,1,0.7981867777396212,-0.695277214050293,-2.070277214050293,assist,yes
1905,1,1,0.7549149868676283,-0.8927960395812988,-2.017796039581299,assist,Yes
1906,1,1,0.9626731147976793,-0.7308730483055115,-3.9808731079101562,assist,Yes
1907,1,1,0.8670357598021706,-0.6632876396179199,-2.53828763961792,assist,yes
1908,1,1,0.9241418158002492,-0.7150431275367737,-3.215043067932129,assist,yes
1909,1,1,0.9399133464597458,-0.7553113102912903,-3.5053112506866455,assist,Yes
1910,1,1,0.893309411735131,-0.7561818957328796,-2.8811819553375244,assist,Yes
1911,1,1,0.7772998611746911,-0.7210406064987183,-1.9710406064987183,assist,yes
1912,1,0,0.4073333856566001,-1.1826257705688477,-0.8076257109642029,assist,no
1913,1,1,0.8933094060543487,-0.634676456451416,-2.759676456451416,assist,Yes
1914,1,1,0.9324533013520764,-0.5509520769119263,-3.1759519577026367,assist,yes
1915,1,1,0.6513548782017746,-0.9119202494621277,-1.5369203090667725,assist,yes
1916,1,1,0.9399133464597458,-0.6914857029914856,-3.441485643386841,assist,Yes
1917,1,1,0.6513548646660542,-1.0481359958648682,-1.6731359958648682,assist,Yes
1918,1,1,0.9399133498259924,-0.5919506549835205,-3.3419506549835205,assist,yes
1919,1,1,0.8519528019683106,-0.750049352645874,-2.500049352645874,assist,Yes
1920,1,1,0.9465966641739773,-0.5319358110427856,-3.406935691833496,assist,yes
1921,1,1,0.9324533126145177,-0.7098423838615417,-3.3348424434661865,assist,yes
1922,1,1,0.9465966671870767,-0.634343683719635,-3.5093436241149902,assist,yes
1923,1,1,0.914900950352329,-0.6642044186592102,-3.0392043590545654,assist,yes
1924,1,1,0.6224593312018546,-1.1317381858825684,-1.6317381858825684,assist,Yes
1925,1,1,0.8175744850834649,-0.8282346129417419,-2.3282346725463867,assist,yes
1926,1,1,0.9579122672782973,-0.6173735857009888,-3.742373466491699,assist,Yes
1927,1,1,0.8354835371034369,-0.6999592781066895,-2.3249592781066895,assist,yes
1928,1,1,0.7549149868676283,-0.7086547613143921,-1.833654761314392,assist,Yes
1929,1,1,0.8354835452961425,-0.7600314021110535,-2.3850314617156982,assist,Yes
1930,1,1,0.8807970779778823,-0.715308427810669,-2.715308427810669,assist,Yes
1931,1,1,0.9579122672782973,-0.6199289560317993,-3.7449288368225098,assist,Yes
1932,1,1,0.8175744939732856,-0.8380917310714722,-2.3380918502807617,assist,Yes
1933,1,0,0.24508500210441886,-1.7380445003509521,-0.6130444407463074,assist,no
1934,1,1,0.957912274487423,-0.6738826632499695,-3.7988827228546143,assist,Yes
1935,1,1,0.9149009549929797,-0.6111969947814941,-2.986196994781494,assist,yes
1936,1,1,0.9149009642742806,-0.5672940015792847,-2.942294120788574,assist,yes
1937,1,1,0.8519527944504226,-0.7974029183387756,-2.547402858734131,assist,Yes
1938,1,1,0.9465966702001757,-0.5351591110229492,-3.410159111022949,assist,Yes
1939,1,1,0.9525741268224334,-0.47734904289245605,-3.477349042892456,assist,Yes
1940,1,1,0.8807970904940926,-0.7004755735397339,-2.7004756927490234,assist,Yes
1941,1,1,0.9324533051062237,-0.6562502980232239,-3.281250238418579,assist,yes
1942,1,1,0.8354835371034369,-0.6002981662750244,-2.2252981662750244,assist,yes
1943,1,1,0.9465966671870767,-0.7470260262489319,-3.622025966644287,assist,Yes
1944,1,1,0.9399133464597458,-0.6981287598609924,-3.4481287002563477,assist,Yes
1945,1,1,0.914900945711678,-0.5664883852005005,-2.941488265991211,assist,yes
1946,1,1,0.9465966762263737,-0.6388057470321655,-3.513805866241455,assist,yes
1947,1,1,0.914900950352329,-0.7887230515480042,-3.1637229919433594,assist,Yes
1948,1,1,0.9706877624649134,-0.6647207736968994,-4.16472053527832,assist,Yes
1949,1,1,0.9626731169394882,-0.3895043134689331,-3.6395044326782227,assist,Yes
1950,1,1,0.8807970654616711,-0.700654149055481,-2.7006540298461914,assist,yes
1951,1,1,0.9324533051062237,-0.6458261609077454,-3.2708261013031006,assist,Yes
1952,1,1,0.5926665999540697,-1.0201408863067627,-1.3951408863067627,assist,Yes
1953,1,1,0.9465966702001757,-0.6293485164642334,-3.5043485164642334,assist,Yes
1954,1,1,0.880797071719777,-0.7640219330787659,-2.764021873474121,assist,yes
1955,1,1,0.952574129515172,-0.7407318949699402,-3.740731954574585,assist,Yes
1956,1,1,0.679178699175393,-0.8447178602218628,-1.5947178602218628,assist,Yes
1957,1,1,0.939913343093499,-0.5420480966567993,-3.2920479774475098,assist,yes
1958,1,1,0.679178699175393,-0.9220985174179077,-1.6720985174179077,assist,yes
1959,1,0,0.34864513533394575,-1.5655107498168945,-0.9405107498168945,assist,no
1960,1,1,0.914900945711678,-0.724528431892395,-3.0995283126831055,assist,Yes
1961,1,1,0.9324533051062237,-0.5475345253944397,-3.172534465789795,assist,yes
1962,1,1,0.8175744584140004,-0.8399478197097778,-2.3399477005004883,assist,Yes
1963,1,1,0.9324533126145177,-0.6990107893943787,-3.3240108489990234,assist,Yes
1964,1,1,0.880797071719777,-0.8160560727119446,-2.8160560131073,assist,Yes
1965,1,1,0.7772998611746911,-0.8893258571624756,-2.1393258571624756,assist,Yes
1966,1,1,0.939913356558485,-0.5918015241622925,-3.341801643371582,assist,yes
1967,1,1,0.9626731105140616,-0.6119909882545471,-3.8619909286499023,assist,Yes
1968,1,1,0.9324533088603709,-0.7590591907501221,-3.384059190750122,assist,Yes
1969,1,1,0.9465966702001757,-0.634493350982666,-3.509493350982666,assist,yes
1970,1,1,0.9465966702001757,-0.6330270767211914,-3.5080270767211914,assist,yes
1971,1,1,0.867035752930664,-0.7873085141181946,-2.66230845451355,assist,Yes
1972,1,0,0.03732688627322502,-3.689269781112671,-0.4392697513103485,assist,no
1973,1,1,0.8175744761936437,-0.818627119064331,-2.318627119064331,assist,yes
1974,1,1,0.9579122720843811,-0.6796929836273193,-3.8046929836273193,assist,yes
1975,1,1,0.9626731083722525,-0.6773520708084106,-3.927351951599121,assist,yes
1976,1,1,0.9241418199787566,-0.7196357250213623,-3.2196357250213623,assist,yes
1977,1,1,0.8807970779778823,-0.7003505229949951,-2.700350522994995,assist,yes
1978,1,1,0.7549149868676283,-0.8282729387283325,-1.9532729387283325,assist,yes
1979,1,1,0.9241418283357702,-0.6587179899215698,-3.1587181091308594,assist,yes
1980,1,1,0.8807970779778823,-0.7714111804962158,-2.771411180496216,assist,Yes
1981,1,1,0.9706877726405082,-0.5575913190841675,-4.057591438293457,assist,yes
1982,1,1,0.8807970779778823,-0.6999773979187012,-2.699977397918701,assist,yes
1983,1,1,0.8670357460591569,-0.7876259088516235,-2.662625789642334,assist,Yes
1984,1,1,0.7772998714925403,-0.9251195788383484,-2.175119638442993,assist,Yes
1985,1,1,0.9324533051062237,-0.5546019673347473,-3.1796019077301025,assist,Yes
1986,1,1,0.893309411735131,-0.809898316860199,-2.9348983764648438,assist,Yes
1987,1,1,0.7772998714925403,-0.5034219622612,-1.7534220218658447,assist,Yes
1988,1,1,0.7772998508568416,-0.742885410785675,-1.9928853511810303,assist,Yes
1989,1,1,0.9149009596336303,-0.7254583239555359,-3.1004583835601807,assist,yes
1990,1,1,0.8933094003735664,-0.5960400700569153,-2.7210400104522705,assist,Yes
1991,1,0,0.5,-1.184622049331665,-1.184622049331665,assist,No
1992,1,1,0.8670357460591569,-0.8411880731582642,-2.7161879539489746,assist,Yes
1993,1,1,0.8519528170040853,-0.7890337705612183,-2.539033889770508,assist,yes
1994,1,1,0.9525741241296944,-0.6803610920906067,-3.680361032485962,assist,Yes
1995,1,1,0.8519528019683106,-0.7975335121154785,-2.5475335121154785,assist,yes
1996,1,0,0.13296424019782924,-2.366356372833252,-0.49135637283325195,assist,no
1997,1,1,0.9579122672782973,-0.6213170289993286,-3.746316909790039,assist,Yes
1998,1,0,0.4073334000459302,-1.4798067808151245,-1.1048067808151245,assist,no
1999,1,1,0.8670357735451834,-0.7724817991256714,-2.647481918334961,assist,yes
2000,1,1,0.880797071719777,-0.7569575905799866,-2.756957530975342,assist,yes
2001,1,1,0.8933094174159129,-0.7506970167160034,-2.875697135925293,assist,Yes
2002,1,1,0.9046505299595163,-0.7321205735206604,-2.9821205139160156,assist,yes
2003,1,1,0.8175744584140004,-0.8708153963088989,-2.3708152770996094,assist,Yes
2004,1,1,0.5926665999540697,-1.0990490913391113,-1.4740490913391113,assist,yes
2005,1,1,0.9465966702001757,-0.7516887187957764,-3.6266887187957764,assist,Yes
2006,1,1,0.952574129515172,-0.4821740984916687,-3.4821741580963135,assist,Yes
2007,1,1,0.7057850278370112,-0.6410298347473145,-1.5160298347473145,assist,yes
2008,1,1,0.754914997895581,-0.666395366191864,-1.7913954257965088,assist,Yes
2009,1,1,0.7057850278370112,-0.8497885465621948,-1.7247885465621948,assist,yes
2010,1,1,0.9241418241572634,-0.6573483347892761,-3.157348394393921,assist,Yes
2011,1,1,0.9579122768904644,-0.678787112236023,-3.8037872314453125,assist,yes
2012,1,1,0.8519527869325346,-0.5122004747390747,-2.262200355529785,assist,Yes
2013,1,1,0.867035752930664,-0.7788944840431213,-2.6538944244384766,assist,Yes
2014,1,1,0.952574129515172,-0.625370442867279,-3.625370502471924,assist,Yes
2015,1,1,0.5312093733737563,-1.2451908588409424,-1.3701908588409424,assist,Yes
2016,1,1,0.952574129515172,-0.47714346647262573,-3.4771435260772705,assist,Yes
2017,1,1,0.914900950352329,-0.6687481999397278,-3.043748140335083,assist,yes
2018,1,1,0.9525741241296944,-0.6876261830329895,-3.6876261234283447,assist,yes
2019,1,1,0.8933093946927838,-0.699081540107727,-2.8240814208984375,assist,Yes
2020,1,1,0.5926665999540697,-1.0821839570999146,-1.4571839570999146,assist,yes
2021,1,0,0.4073334000459302,-1.480447769165039,-1.105447769165039,assist,no
2022,1,1,0.914900950352329,-0.7255099415779114,-3.1005098819732666,assist,Yes
2023,1,0,0.5,-1.0717518329620361,-1.0717518329620361,assist,no
2024,1,1,0.9706877726405082,-0.6670316457748413,-4.167031764984131,assist,yes
2025,1,1,0.7981867777396212,-0.8637440204620361,-2.238744020462036,assist,yes
2026,1,1,0.8933094060543487,-0.6921799182891846,-2.8171799182891846,assist,Yes
2027,1,1,0.9149009549929797,-0.6650025844573975,-3.0400025844573975,assist,Yes
2028,1,1,0.8670357666736773,-0.7719070315361023,-2.646907091140747,assist,yes
2029,1,1,0.8933094060543487,-0.7436158657073975,-2.8686158657073975,assist,yes
2030,1,0,0.11920291576401235,-2.6498379707336426,-0.6498379111289978,assist,no
2031,1,1,0.9626731126558706,-0.6759436130523682,-3.925943613052368,assist,yes
2032,1,1,0.9241418241572634,-0.46918195486068726,-2.969182014465332,assist,Yes
2033,1,0,0.37754066879814546,-1.5552647113800049,-1.0552647113800049,assist,no
2034,1,1,0.7057850278370112,-1.0133343935012817,-1.8883343935012817,assist,Yes
2035,1,1,0.679178699175393,-0.9766879081726074,-1.7266879081726074,assist,yes
2036,1,1,0.8933093946927838,-0.687322735786438,-2.8123226165771484,assist,yes
2037,1,1,0.867035752930664,-0.7728179097175598,-2.647817850112915,assist,yes
2038,1,1,0.8519527869325346,-0.7892714738845825,-2.539271354675293,assist,yes
2039,1,1,0.9579122720843811,-0.6779501438140869,-3.802950143814087,assist,Yes
2040,1,1,0.9399133464597458,-0.5880053639411926,-3.338005304336548,assist,Yes
2041,1,1,0.7549149868676283,-0.9515492916107178,-2.0765492916107178,assist,Yes
2042,1,1,0.893309411735131,-0.6351198554039001,-2.760119915008545,assist,Yes
2043,1,1,0.7772998611746911,-0.8666732311248779,-2.116673231124878,assist,yes
2044,1,1,0.9525741214369554,-0.6228996515274048,-3.6228995323181152,assist,Yes
2045,1,1,0.9399133498259924,-0.7586491107940674,-3.5086491107940674,assist,Yes
2046,1,1,0.9149009596336303,-0.7252404093742371,-3.100240468978882,assist,Yes
2047,1,1,0.952574129515172,-0.6812548041343689,-3.6812548637390137,assist,Yes
2048,1,1,0.9149009642742806,-0.6643775701522827,-3.0393776893615723,assist,Yes
2049,1,1,0.9241418241572634,-0.6542310118675232,-3.154231071472168,assist,Yes
2050,1,1,0.914900950352329,-0.725020706653595,-3.10002064704895,assist,yes
2051,1,0,0.5,-1.1309902667999268,-1.1309902667999268,assist,No
2052,1,0,0.37754066879814546,-1.5234469175338745,-1.0234469175338745,assist,no
2053,1,1,0.9241418116217418,-0.6544967889785767,-3.154496669769287,assist,Yes
2054,1,1,0.5926665999540697,-1.0988852977752686,-1.4738852977752686,assist,Yes
2055,1,1,0.8175744939732856,-0.7204312086105347,-2.220431327819824,assist,yes
2056,1,1,0.8519527944504226,-0.6885862946510315,-2.4385862350463867,assist,yes
2057,1,1,0.8670357735451834,-0.7788189649581909,-2.6538190841674805,assist,yes
2058,1,1,0.9046505351008906,-0.736553430557251,-2.986553430557251,assist,yes
2059,1,0,0.04742587587030561,-3.618067741394043,-0.6180678009986877,assist,No
2060,1,1,0.7057850278370112,-0.8511121273040771,-1.7261121273040771,assist,yes
2061,1,1,0.9525741214369554,-0.630954384803772,-3.6309542655944824,assist,yes
2062,1,1,0.9241418241572634,-0.5084239840507507,-3.0084240436553955,assist,Yes
2063,1,1,0.7772998818103892,-0.8603018522262573,-2.110301971435547,assist,Yes
2064,1,0,0.16451647108926923,-2.350527048110962,-0.7255271077156067,assist,No
2065,1,1,0.9241418199787566,-0.6581053733825684,-3.1581053733825684,assist,yes
2066,1,1,0.8807970842359877,-0.7566401362419128,-2.7566401958465576,assist,yes
2067,1,1,0.9149009642742806,-0.5672696828842163,-2.942269802093506,assist,Yes
2068,1,1,0.9465966671870767,-0.6342135071754456,-3.509213447570801,assist,yes
2069,1,1,0.9241418241572634,-0.771171510219574,-3.2711715698242188,assist,Yes
2070,1,1,0.8933094174159129,-0.5858086347579956,-2.710808753967285,assist,Yes
2071,1,1,0.8175744761936437,-0.8380396366119385,-2.3380396366119385,assist,Yes
2072,1,1,0.914900950352329,-0.5617654919624329,-2.936765432357788,assist,Yes
2073,1,1,0.952574129515172,-0.6816257834434509,-3.6816258430480957,assist,Yes
2074,1,1,0.8933094003735664,-0.6869340538978577,-2.811933994293213,assist,yes
2075,1,1,0.8354835371034369,-0.8075032234191895,-2.4325032234191895,assist,yes
2076,1,1,0.8933093946927838,-0.8116050958633423,-2.9366049766540527,assist,Yes
2077,1,1,0.8807970654616711,-0.7634130716323853,-2.7634129524230957,assist,Yes
2078,1,1,0.9046505453836383,-0.7373989820480347,-2.987399101257324,assist,yes
2079,1,1,0.9241418158002492,-0.5565012097358704,-3.0565011501312256,assist,yes
2080,1,1,0.9525741214369554,-0.6842333078384399,-3.6842331886291504,assist,yes
2081,1,1,0.8670357598021706,-0.6580314636230469,-2.533031463623047,assist,yes
2082,1,1,0.8670357598021706,-0.7792232036590576,-2.6542232036590576,assist,Yes
2083,1,1,0.9626731126558706,-0.6197526454925537,-3.8697526454925537,assist,yes
2084,1,1,0.7310585903489892,-0.9359626173973083,-1.9359626770019531,assist,Yes
2085,1,1,0.6513548646660542,-1.047919750213623,-1.672919750213623,assist,Yes
2086,1,1,0.754914997895581,-0.8929850459098816,-2.0179851055145264,assist,Yes
2087,1,1,0.9626731147976793,-0.6704458594322205,-3.9204459190368652,assist,Yes
2088,1,0,0.46879062662624377,-1.3135465383529663,-1.1885465383529663,assist,no
2089,1,1,0.957912274487423,-0.5259665846824646,-3.6509666442871094,assist,yes
2090,1,1,0.9579122696813394,-0.6192019581794739,-3.744201898574829,assist,Yes
2091,1,1,0.798186768138228,-0.7354238629341125,-2.1104238033294678,assist,yes
2092,1,1,0.8354835371034369,-0.858452558517456,-2.483452558517456,assist,Yes
2093,1,1,0.9241418241572634,-0.7709395289421082,-3.270939588546753,assist,Yes
2094,1,1,0.7981867777396212,-0.875410795211792,-2.250410795211792,assist,Yes
2095,1,1,0.6791786861878392,-0.934260904788971,-1.6842608451843262,assist,Yes
2096,1,1,0.9626731147976793,-0.5685402750968933,-3.818540334701538,assist,yes
2097,1,1,0.9241418158002492,-0.6535816788673401,-3.1535816192626953,assist,yes
2098,1,1,0.8175744850834649,-0.793078601360321,-2.293078660964966,assist,Yes
2099,1,1,0.9465966686936261,-0.4445219337940216,-3.319521903991699,assist,Yes
2100,1,0,0.13296424019782924,-2.641385316848755,-0.7663853168487549,assist,no
2101,1,1,0.7057850402140659,-0.969578206539154,-1.8445782661437988,assist,yes
2102,1,1,0.9149009596336303,-0.6152569651603699,-2.9902570247650146,assist,Yes
2103,1,1,0.8519528170040853,-0.6870335340499878,-2.4370336532592773,assist,Yes
2104,1,1,0.8933093946927838,-0.7426358461380005,-2.867635726928711,assist,yes
2105,1,1,0.957912274487423,-0.7365838885307312,-3.861583948135376,assist,Yes
2106,1,0,0.2942149597859341,-1.668511152267456,-0.7935110926628113,assist,No
2107,1,1,0.9149009549929797,-0.7204737663269043,-3.0954737663269043,assist,yes
2108,1,1,0.5926665999540697,-1.097813606262207,-1.472813606262207,assist,Yes
2109,1,1,0.9465966732132748,-0.6369513869285583,-3.511951446533203,assist,yes
2110,1,1,0.6224593452091672,-0.6597675681114197,-1.1597676277160645,assist,Yes
2111,1,1,0.8933094060543487,-0.634666919708252,-2.759666919708252,assist,yes
2112,1,1,0.9579122732859019,-0.47731396555900574,-3.602313995361328,assist,yes
2113,1,1,0.9241418199787566,-0.7195334434509277,-3.2195334434509277,assist,yes
2114,1,1,0.5312093882168609,-0.9212536215782166,-1.0462536811828613,assist,Yes
2115,1,1,0.9465966671870767,-0.7484229207038879,-3.623422861099243,assist,Yes
2116,1,1,0.9465966671870767,-0.6878719925880432,-3.5628719329833984,assist,Yes
2117,1,1,0.7772998714925403,-0.8656668066978455,-2.1156668663024902,assist,yes
2118,1,1,0.9626731105140616,-0.6148169636726379,-3.864816904067993,assist,Yes
2119,1,0,0.06754668738548215,-3.2221293449401855,-0.5971292853355408,assist,no
2120,1,0,0.06754669489377622,-3.1904237270355225,-0.5654237866401672,assist,no
2121,1,0,0.13296424019782924,-2.688253879547119,-0.8132538795471191,assist,no
2122,1,0,0.4378234991142019,-1.259465217590332,-1.009465217590332,assist,no
2123,1,1,0.9241418199787566,-0.7101938724517822,-3.2101938724517822,assist,Yes
2124,1,0,0.5,-1.2556025981903076,-1.2556025981903076,assist,no
2125,1,0,0.46879062662624377,-1.3151531219482422,-1.1901531219482422,assist,no
2126,1,1,0.9465966762263737,-0.5791367292404175,-3.454136848449707,assist,Yes
2127,1,1,0.7772998611746911,-0.695550799369812,-1.945550799369812,assist,Yes
2128,1,1,0.9149009642742806,-0.7810357809066772,-3.156035900115967,assist,Yes
2129,1,1,0.5621765008857981,-0.9485349655151367,-1.1985349655151367,assist,Yes
2130,1,1,0.9820137858267906,-0.4977734088897705,-4.497773170471191,assist,yes
2131,1,1,0.851952809486198,-0.6001192927360535,-2.3501193523406982,assist,Yes
2132,1,1,0.914900950352329,-0.6731193661689758,-3.048119306564331,assist,Yes
2133,1,0,0.4378234991142019,-1.4083627462387085,-1.1583627462387085,assist,no
2134,1,1,0.8933094003735664,-0.6986356377601624,-2.8236355781555176,assist,Yes
2135,1,1,0.9579122768904644,-0.6744688749313354,-3.799468994140625,assist,Yes
2136,1,1,0.9241418158002492,-0.601863443851471,-3.101863384246826,assist,Yes
2137,1,1,0.867035752930664,-0.7158775925636292,-2.5908775329589844,assist,yes
2138,1,1,0.9149009549929797,-0.6692020893096924,-3.0442020893096924,assist,Yes
2139,1,1,0.8175744850834649,-0.8494810461997986,-2.3494811058044434,assist,Yes
2140,1,1,0.9241418241572634,-0.5102764964103699,-3.0102765560150146,assist,Yes
2141,1,1,0.9525741268224334,-0.5291073322296143,-3.5291073322296143,assist,yes
2142,1,0,0.24508501313237172,-2.0186452865600586,-0.8936452865600586,assist,no
2143,1,1,0.9046505351008906,-0.7383608818054199,-2.98836088180542,assist,Yes
2144,1,1,0.6513548782017746,-0.9756833910942078,-1.6006834506988525,assist,yes
2145,1,1,0.9046505299595163,-0.6214998364448547,-2.87149977684021,assist,Yes
2146,1,1,0.8354835289107309,-0.826538622379303,-2.451538562774658,assist,Yes
2147,1,1,0.9241418158002492,-0.4689043164253235,-2.9689042568206787,assist,yes
2148,1,1,0.9626731147976793,-0.5140170454978943,-3.764017105102539,assist,Yes
2149,1,1,0.8933094003735664,-0.7492905259132385,-2.8742904663085938,assist,yes
2150,1,1,0.9525741268224334,-0.6837301254272461,-3.683730125427246,assist,yes
2151,1,1,0.9149009642742806,-0.6691545248031616,-3.044154644012451,assist,yes
2152,1,1,0.9324533051062237,-0.7053843140602112,-3.3303842544555664,assist,Yes
2153,1,1,0.679178699175393,-1.0459609031677246,-1.7959609031677246,assist,Yes
2154,1,1,0.9046505351008906,-0.631951093673706,-2.881951093673706,assist,Yes
2155,1,1,0.9241418199787566,-0.7719748020172119,-3.271974802017212,assist,Yes
2156,1,1,0.893309411735131,-0.6338497996330261,-2.758849859237671,assist,yes
2157,1,1,0.8175744939732856,-0.8381704092025757,-2.3381705284118652,assist,Yes
2158,1,1,0.9324533051062237,-0.64908367395401,-3.2740836143493652,assist,Yes
2159,1,1,0.679178699175393,-1.0494787693023682,-1.7994787693023682,assist,Yes
2160,1,0,0.5,-1.3048627376556396,-1.3048627376556396,assist,no
2161,1,1,0.9241418283357702,-0.6545761823654175,-3.154576301574707,assist,Yes
2162,1,0,0.4378234991142019,-1.4397509098052979,-1.1897509098052979,assist,no
2163,1,1,0.914900950352329,-0.7859764695167542,-3.1609764099121094,assist,Yes
2164,1,1,0.9669140158908057,-0.6678707003593445,-4.04287052154541,assist,yes
2165,1,1,0.8670357666736773,-0.5649651885032654,-2.43996524810791,assist,yes
2166,1,1,0.9399133531922388,-0.6972107291221619,-3.4472107887268066,assist,Yes
2167,1,1,0.8670357735451834,-0.5385006666183472,-2.4135007858276367,assist,Yes
2168,1,1,0.9525741268224334,-0.6827816963195801,-3.68278169631958,assist,Yes
2169,1,1,0.867035752930664,-0.7875350117683411,-2.6625349521636963,assist,Yes
2170,1,1,0.851952809486198,-0.7490414977073669,-2.4990415573120117,assist,Yes
2171,1,1,0.851952809486198,-0.6951925158500671,-2.445192575454712,assist,Yes
2172,1,1,0.9149009596336303,-0.6636471152305603,-3.038647174835205,assist,yes
2173,1,1,0.8670357666736773,-0.8319210410118103,-2.706921100616455,assist,Yes
2174,1,1,0.9740426458162398,-0.7201184034347534,-4.345118522644043,assist,Yes
2175,1,1,0.8670357598021706,-0.7391598224639893,-2.6141598224639893,assist,Yes
2176,1,1,0.9046505299595163,-0.7383232712745667,-2.988323211669922,assist,yes
2177,1,1,0.9579122768904644,-0.7377294301986694,-3.862729549407959,assist,Yes
2178,1,0,0.22270013882530884,-1.9870946407318115,-0.7370946407318115,assist,no
2179,1,1,0.9579122768904644,-0.6759990453720093,-3.800999164581299,assist,Yes
2180,1,1,0.867035752930664,-0.8407259583473206,-2.715725898742676,assist,Yes
2181,1,0,0.009708476768000214,-4.892520427703857,-0.2675204575061798,assist,no
2182,1,1,0.9324533051062237,-0.7657657265663147,-3.39076566696167,assist,Yes
2183,1,1,0.9465966702001757,-0.4450383186340332,-3.320038318634033,assist,yes
2184,1,0,0.1645164792819756,-2.3109779357910156,-0.6859780550003052,assist,No
2185,1,1,0.9241418283357702,-0.775323748588562,-3.2753238677978516,assist,Yes
2186,1,1,0.9579122720843811,-0.5193500518798828,-3.644350051879883,assist,Yes
2187,1,1,0.9706877692486436,-0.5555944442749023,-4.055594444274902,assist,Yes
2188,1,1,0.9046505299595163,-0.7963154911994934,-3.0463154315948486,assist,Yes
2189,1,1,0.9241418158002492,-0.6062760949134827,-3.106276035308838,assist,Yes
2190,1,0,0.1645164628965632,-2.2427752017974854,-0.6177752017974854,assist,no
2191,1,1,0.9046505299595163,-0.7417357563972473,-2.9917356967926025,assist,Yes
2192,1,1,0.9324533126145177,-0.6527339816093445,-3.2777340412139893,assist,Yes
2193,1,1,0.9149009549929797,-0.7299196720123291,-3.104919672012329,assist,Yes
2194,1,1,0.9324533051062237,-0.7665994763374329,-3.391599416732788,assist,Yes
2195,1,1,0.8670357735451834,-0.5748871564865112,-2.449887275695801,assist,Yes
2196,1,1,0.9046505453836383,-0.6760762929916382,-2.9260764122009277,assist,Yes
2197,1,1,0.939913343093499,-0.6943255662918091,-3.4443254470825195,assist,Yes
2198,1,1,0.5926665999540697,-1.0469796657562256,-1.4219796657562256,assist,Yes
2199,1,1,0.9525741241296944,-0.6327698826789856,-3.632769823074341,assist,yes
2200,1,1,0.9465966702001757,-0.6334989070892334,-3.5084989070892334,assist,Yes
2201,1,1,0.8354835452961425,-0.7513939738273621,-2.376394033432007,assist,yes
2202,1,0,0.4378234991142019,-1.4055863618850708,-1.1555863618850708,assist,no
2203,1,1,0.754914975839675,-0.85576993227005,-1.9807698726654053,assist,Yes
2204,1,0,0.46879062662624377,-1.3475590944290161,-1.2225590944290161,assist,no
2205,1,1,0.9626731105140616,-0.6195347905158997,-3.869534730911255,assist,yes
2206,1,1,0.9706877709445761,-0.5521573424339294,-4.052157402038574,assist,Yes
2207,1,1,0.8519528019683106,-0.7251791954040527,-2.4751791954040527,assist,yes
2208,1,1,0.9626731105140616,-0.6778483986854553,-3.9278483390808105,assist,yes
2209,1,1,0.9046505351008906,-0.6265265941619873,-2.8765265941619873,assist,yes
2210,1,1,0.7057850278370112,-0.8594273328781128,-1.7344273328781128,assist,Yes
2211,1,1,0.9579122696813394,-0.73980313539505,-3.8648030757904053,assist,Yes
2212,1,1,0.9046505351008906,-0.7369441986083984,-2.9869441986083984,assist,yes
2213,1,0,0.2689414096510108,-1.7787489891052246,-0.7787489295005798,assist,no
2214,1,0,0.0373268852023206,-3.974534511566162,-0.7245344519615173,assist,no
2215,1,1,0.8807970842359877,-0.6593372225761414,-2.659337282180786,assist,Yes
2216,1,1,0.9706877658567789,-0.5131064653396606,-4.013106346130371,assist,yes
2217,1,0,0.34864513533394575,-1.6252226829528809,-1.0002226829528809,assist,No
2218,1,1,0.8519528170040853,-0.7357343435287476,-2.485734462738037,assist,Yes
2219,1,1,0.8933094060543487,-0.7494480609893799,-2.87444806098938,assist,Yes
2220,1,1,0.939913343093499,-0.6381045579910278,-3.3881044387817383,assist,yes
2221,1,1,0.9324533126145177,-0.7022365927696228,-3.3272366523742676,assist,Yes
2222,1,0,0.16451644651115205,-2.3418402671813965,-0.7168401479721069,assist,no
2223,1,1,0.8354835289107309,-0.6581323742866516,-2.283132314682007,assist,Yes
2224,1,0,0.4378234991142019,-1.317733883857727,-1.067733883857727,assist,No
2225,1,1,0.9399133464597458,-0.6415465474128723,-3.3915464878082275,assist,Yes
2226,1,0,0.37754066879814546,-1.5811986923217773,-1.0811986923217773,assist,no
2227,1,1,0.7772998818103892,-0.7691053152084351,-2.0191054344177246,assist,yes
2228,1,1,0.9046505248181417,-0.736432671546936,-2.9864325523376465,assist,yes
2229,1,1,0.8175744673038221,-0.7636013627052307,-2.263601303100586,assist,yes
2230,1,1,0.8807970842359877,-0.707049548625946,-2.707049608230591,assist,Yes
2231,1,1,0.8354835289107309,-0.8072050213813782,-2.4322049617767334,assist,yes
2232,1,1,0.9324533013520764,-0.5957933664321899,-3.2207932472229004,assist,yes
2233,1,1,0.7549149648117217,-0.9053341150283813,-2.030333995819092,assist,Yes
2234,1,1,0.8807970654616711,-0.7004157304763794,-2.70041561126709,assist,yes
2235,1,1,0.893309411735131,-0.7373532652854919,-2.8623533248901367,assist,yes
2236,1,1,0.8670357735451834,-0.8316997289657593,-2.706699848175049,assist,Yes
2237,1,1,0.9149009642742806,-0.779992938041687,-3.1549930572509766,assist,Yes
2238,1,1,0.5312093733737563,-1.246001958847046,-1.371001958847046,assist,Yes
2239,1,1,0.9579122720843811,-0.5189902782440186,-3.6439902782440186,assist,Yes
2240,1,1,0.6224593312018546,-1.0168755054473877,-1.5168755054473877,assist,Yes
2241,1,1,0.9241418116217418,-0.511576771736145,-3.0115766525268555,assist,yes
2242,1,1,0.9046505351008906,-0.6275498867034912,-2.877549886703491,assist,Yes
2243,1,1,0.8175744673038221,-0.6987572312355042,-2.1987571716308594,assist,yes
2244,1,1,0.9669140158908057,-0.7298294901847839,-4.10482931137085,assist,Yes
2245,1,1,0.8519528019683106,-0.5181882381439209,-2.268188238143921,assist,Yes
2246,1,1,0.914900950352329,-0.7253499627113342,-3.1003499031066895,assist,yes
2247,1,1,0.7057850278370112,-0.8274754285812378,-1.7024754285812378,assist,Yes
2248,1,1,0.9149009596336303,-0.6690580248832703,-3.044058084487915,assist,yes
2249,1,1,0.7057850402140659,-0.8503331542015076,-1.7253332138061523,assist,yes
2250,1,1,0.8175744673038221,-0.8784080147743225,-2.3784079551696777,assist,Yes
2251,1,1,0.5621765008857981,-1.0079278945922852,-1.2579278945922852,assist,Yes
2252,1,0,0.4073334000459302,-1.4734807014465332,-1.0984807014465332,assist,no
2253,1,1,0.952574129515172,-0.6860138773918152,-3.68601393699646,assist,yes
2254,1,1,0.7981867873410141,-0.4946414828300476,-1.8696415424346924,assist,Yes
2255,1,1,0.8354835289107309,-0.7702363133430481,-2.3952362537384033,assist,Yes
2256,1,0,0.13296425394084313,-2.3522543907165527,-0.4772545099258423,assist,No
2257,1,1,0.8933094060543487,-0.5404953956604004,-2.6654953956604004,assist,yes
2258,1,1,0.9046505351008906,-0.7306294441223145,-2.9806294441223145,assist,yes
2259,1,1,0.9241418158002492,-0.7153621315956116,-3.215362071990967,assist,yes
2260,1,1,0.9465966702001757,-0.4859888553619385,-3.3609888553619385,assist,Yes
2261,1,1,0.9465966732132748,-0.5340463519096375,-3.4090464115142822,assist,yes
2262,1,1,0.7772998714925403,-0.8201739192008972,-2.070173978805542,assist,yes
2263,1,1,0.6224593312018546,-1.001579999923706,-1.501579999923706,assist,yes
2264,1,1,0.8933094003735664,-0.7554619908332825,-2.8804619312286377,assist,Yes
2265,1,1,0.9525741268224334,-0.6274917125701904,-3.6274917125701904,assist,Yes
2266,1,1,0.679178699175393,-0.9908889532089233,-1.7408889532089233,assist,yes
2267,1,1,0.9324533088603709,-0.6489906311035156,-3.2739906311035156,assist,yes
2268,1,1,0.7772998611746911,-0.8610966205596924,-2.1110966205596924,assist,Yes
2269,1,1,0.8933094060543487,-0.7559001445770264,-2.8809001445770264,assist,Yes
2270,1,1,0.8354835289107309,-0.7517707943916321,-2.3767707347869873,assist,yes
2271,1,1,0.6224593312018546,-1.04665207862854,-1.54665207862854,assist,Yes
2272,1,1,0.9465966762263737,-0.6912764310836792,-3.5662765502929688,assist,Yes
2273,1,0,0.1480471829959148,-2.1337099075317383,-0.38370978832244873,assist,No
2274,1,1,0.9465966732132748,-0.5331901907920837,-3.4081902503967285,assist,yes
2275,1,1,0.9706877641608461,-0.7275974154472351,-4.227597236633301,assist,Yes
2276,1,1,0.8670357666736773,-0.6353325247764587,-2.5103325843811035,assist,Yes
2277,1,1,0.9324533126145177,-0.6546406149864197,-3.2796406745910645,assist,yes
2278,1,1,0.7772998611746911,-0.7916114330291748,-2.041611433029175,assist,Yes
2279,1,1,0.880797071719777,-0.7577579617500305,-2.7577579021453857,assist,Yes
2280,1,1,0.8519528019683106,-0.8072803020477295,-2.5572803020477295,assist,Yes
2281,1,0,0.32082130082460697,-1.6038581132888794,-0.8538581132888794,assist,No
2282,1,1,0.9324533051062237,-0.600013792514801,-3.2250137329101562,assist,yes
2283,1,1,0.9465966702001757,-0.6373240947723389,-3.512324094772339,assist,yes
2284,1,1,0.9324533163686646,-0.7660382986068726,-3.391038417816162,assist,Yes
2285,1,1,0.867035752930664,-0.7153368592262268,-2.590336799621582,assist,yes
2286,1,1,0.9465966702001757,-0.7493712902069092,-3.624371290206909,assist,Yes
2287,1,1,0.8670357666736773,-0.6697403788566589,-2.5447404384613037,assist,Yes
2288,1,1,0.957912274487423,-0.6213268637657166,-3.7463269233703613,assist,Yes
2289,1,1,0.7772998405389918,-0.8898707628250122,-2.1398706436157227,assist,Yes
2290,1,1,0.9241418158002492,-0.7102335095405579,-3.210233449935913,assist,yes
2291,1,1,0.9399133531922388,-0.6413673758506775,-3.3913674354553223,assist,yes
2292,1,1,0.9465966732132748,-0.5860311388969421,-3.461031198501587,assist,yes
2293,1,0,0.4073334000459302,-1.269598126411438,-0.894598126411438,assist,no
2294,1,1,0.979667647844603,-0.543606698513031,-4.418606758117676,assist,Yes
2295,1,0,0.20181323186177208,-2.1719114780426025,-0.7969115376472473,assist,no
2296,1,1,0.9241418283357702,-0.6625674962997437,-3.162567615509033,assist,Yes
2297,1,1,0.6513548646660542,-0.9764747619628906,-1.6014747619628906,assist,yes
2298,1,1,0.9525741241296944,-0.6272523999214172,-3.6272523403167725,assist,Yes
2299,1,1,0.5621765008857981,-0.9485210180282593,-1.1985210180282593,assist,yes
2300,1,1,0.9399133464597458,-0.5889878869056702,-3.3389878273010254,assist,yes
2301,1,1,0.952574129515172,-0.6845723986625671,-3.684572458267212,assist,yes
2302,1,0,0.24508500210441886,-1.8121116161346436,-0.6871115565299988,assist,No
2303,1,1,0.9465966732132748,-0.48909348249435425,-3.364093542098999,assist,yes
2304,1,1,0.9324533126145177,-0.6452123522758484,-3.270212411880493,assist,yes
2305,1,1,0.8519527982093668,-0.4200740158557892,-2.170073986053467,assist,Yes
2306,1,1,0.914900950352329,-0.7805247902870178,-3.155524730682373,assist,Yes
2307,1,1,0.9399133464597458,-0.7561917901039124,-3.5061917304992676,assist,Yes
2308,1,1,0.9740426412951848,-0.5045600533485413,-4.1295599937438965,assist,yes
2309,1,1,0.939913343093499,-0.6444226503372192,-3.3944225311279297,assist,yes
2310,1,1,0.9324533013520764,-0.7115985155105591,-3.3365983963012695,assist,Yes
2311,1,1,0.9626731105140616,-0.6744242310523987,-3.924424171447754,assist,yes
2312,1,1,0.9324533088603709,-0.5962932109832764,-3.2212932109832764,assist,Yes
2313,1,1,0.9525741322079105,-0.6845129728317261,-3.6845130920410156,assist,Yes
2314,1,1,0.9399133531922388,-0.6498770117759705,-3.3998770713806152,assist,yes
2315,1,1,0.9465966641739773,-0.749710202217102,-3.6247100830078125,assist,Yes
2316,1,1,0.7981867969424066,-0.7392662763595581,-2.1142663955688477,assist,Yes
2317,1,1,0.914900950352329,-0.7202945351600647,-3.09529447555542,assist,Yes
2318,1,1,0.8807970842359877,-0.7071842551231384,-2.707184314727783,assist,yes
2319,1,1,0.8519527944504226,-0.7399547696113586,-2.489954710006714,assist,Yes
2320,1,1,0.7057850278370112,-0.8790397644042969,-1.7540397644042969,assist,Yes
2321,1,0,0.37754066879814546,-1.488012433052063,-0.988012433052063,assist,No
2322,1,1,0.6513548646660542,-1.020573616027832,-1.645573616027832,assist,Yes
2323,1,1,0.8354835452961425,-0.7802402377128601,-2.405240297317505,assist,Yes
2324,1,1,0.9046505299595163,-0.7913363575935364,-3.0413362979888916,assist,Yes
2325,1,0,0.46879062662624377,-1.3960329294204712,-1.2710329294204712,assist,no
2326,1,1,0.6224593312018546,-0.9210183620452881,-1.421018362045288,assist,Yes
2327,1,1,0.851952809486198,-0.7320663332939148,-2.4820663928985596,assist,yes
2328,1,1,0.7057850278370112,-0.7849136590957642,-1.6599136590957642,assist,Yes
2329,1,1,0.9149009642742806,-0.7304443120956421,-3.1054444313049316,assist,Yes
2330,1,1,0.679178699175393,-0.9752557277679443,-1.7252557277679443,assist,yes
2331,1,1,0.9399133464597458,-0.5913525223731995,-3.3413524627685547,assist,Yes
2332,1,1,0.9241418116217418,-0.5595437288284302,-3.0595436096191406,assist,Yes
2333,1,1,0.9465966732132748,-0.5823065638542175,-3.4573066234588623,assist,yes
2334,1,0,0.22270012850745968,-2.042820930480957,-0.7928208708763123,assist,no
2335,1,1,0.8354835371034369,-0.7690041065216064,-2.3940041065216064,assist,Yes
2336,1,1,0.8933094060543487,-0.803504228591919,-2.928504228591919,assist,Yes
2337,1,1,0.9046505402422645,-0.5776087641716003,-2.827608823776245,assist,yes
2338,1,1,0.9525741241296944,-0.6870973706245422,-3.6870973110198975,assist,yes
2339,1,1,0.880797071719777,-0.8185790181159973,-2.8185789585113525,assist,Yes
2340,1,0,0.22270012850745968,-2.099100351333618,-0.8491002917289734,assist,no
2341,1,1,0.851952809486198,-0.6457745432853699,-2.3957746028900146,assist,Yes
2342,1,1,0.5926665999540697,-1.0979349613189697,-1.4729349613189697,assist,Yes
2343,1,1,0.7981867969424066,-0.6251629590988159,-2.0001630783081055,assist,Yes
2344,1,1,0.8670357735451834,-0.6697224378585815,-2.544722557067871,assist,yes
2345,1,0,0.46879062662624377,-1.404410719871521,-1.279410719871521,assist,no
2346,1,1,0.8933094003735664,-0.7484493851661682,-2.8734493255615234,assist,Yes
2347,1,1,0.9399133531922388,-0.5919503569602966,-3.3419504165649414,assist,yes
2348,1,1,0.939913343093499,-0.5902167558670044,-3.340216636657715,assist,yes
2349,1,1,0.8933094174159129,-0.6592286825180054,-2.784228801727295,assist,Yes
2350,1,1,0.8933094003735664,-0.803084671497345,-2.9280846118927,assist,Yes
2351,1,1,0.8933094060543487,-0.544297456741333,-2.669297456741333,assist,Yes
2352,1,1,0.8670357735451834,-0.7792166471481323,-2.654216766357422,assist,Yes
2353,1,1,0.9525741268224334,-0.6233811378479004,-3.6233811378479004,assist,Yes
2354,1,1,0.9579122720843811,-0.6795222759246826,-3.8045222759246826,assist,Yes
2355,1,1,0.7772998714925403,-0.8665687441825867,-2.1165688037872314,assist,yes
2356,1,1,0.9046505453836383,-0.7967180013656616,-3.046718120574951,assist,Yes
2357,1,1,0.9525741241296944,-0.7429066300392151,-3.7429065704345703,assist,Yes
2358,1,1,0.9579122672782973,-0.573764443397522,-3.6987643241882324,assist,yes
2359,1,1,0.7981867777396212,-0.6680409908294678,-2.0430409908294678,assist,Yes
2360,1,1,0.8933094174159129,-0.7431310415267944,-2.868131160736084,assist,yes
2361,1,1,0.7310585669110203,-0.7362304329872131,-1.7362303733825684,assist,yes
2362,1,1,0.9149009549929797,-0.7246968746185303,-3.0996968746185303,assist,Yes
2363,1,1,0.9525741214369554,-0.5280252695083618,-3.5280251502990723,assist,yes
2364,1,1,0.914900950352329,-0.7207170128822327,-3.095716953277588,assist,Yes
2365,1,1,0.7057850278370112,-0.9414411783218384,-1.8164411783218384,assist,yes
2366,1,1,0.9399133464597458,-0.6945841908454895,-3.4445841312408447,assist,Yes
2367,1,1,0.9324533051062237,-0.6984973549842834,-3.3234972953796387,assist,Yes
2368,1,0,0.0675466911396291,-3.148132085800171,-0.5231320858001709,assist,no
2369,1,0,0.4073334000459302,-1.4811245203018188,-1.1061245203018188,assist,no
2370,1,1,0.9046505299595163,-0.6225228905677795,-2.8725228309631348,assist,Yes
2371,1,1,0.9241418116217418,-0.7704578638076782,-3.2704577445983887,assist,Yes
2372,1,1,0.9149009549929797,-0.5702958106994629,-2.945295810699463,assist,Yes
2373,1,1,0.9046505351008906,-0.7368695735931396,-2.9868695735931396,assist,Yes
2374,1,1,0.9706877675527112,-0.5116553902626038,-4.011655330657959,assist,yes
2375,1,0,0.04742587587030561,-3.3596951961517334,-0.3596952557563782,assist,No
2376,1,1,0.9241418199787566,-0.4695756435394287,-2.9695756435394287,assist,Yes
2377,1,1,0.8670357460591569,-0.7794681787490845,-2.654468059539795,assist,yes
2378,1,1,0.7310585786300049,-0.8159546852111816,-1.8159546852111816,assist,yes
2379,1,1,0.9324533088603709,-0.7019379138946533,-3.3269379138946533,assist,Yes
2380,1,1,0.798186768138228,-0.8179567456245422,-2.1929566860198975,assist,Yes
2381,1,1,0.9046505453836383,-0.6851876974105835,-2.935187816619873,assist,Yes
2382,1,1,0.9046505248181417,-0.6266461610794067,-2.876646041870117,assist,yes
2383,1,1,0.8519528019683106,-0.5185768604278564,-2.2685768604278564,assist,Yes
2384,1,0,0.20181321265898594,-2.011312246322632,-0.6363121867179871,assist,No
2385,1,1,0.7057850278370112,-0.9415109157562256,-1.8165109157562256,assist,yes
2386,1,1,0.8519527944504226,-0.7397626042366028,-2.489762544631958,assist,yes
2387,1,0,0.4378234991142019,-1.0309035778045654,-0.7809035778045654,assist,No
2388,1,1,0.9149009549929797,-0.7855186462402344,-3.1605186462402344,assist,Yes
2389,1,0,0.4378234991142019,-1.4088122844696045,-1.1588122844696045,assist,no
2390,1,1,0.8354835371034369,-0.8269035816192627,-2.4519035816192627,assist,Yes
2391,1,1,0.6513548646660542,-0.9461793899536133,-1.5711793899536133,assist,Yes
2392,1,1,0.5926665999540697,-1.1252808570861816,-1.5002808570861816,assist,Yes
2393,1,1,0.7981867777396212,-0.7043888568878174,-2.0793888568878174,assist,yes
2394,1,1,0.8519527869325346,-0.6806823015213013,-2.4306821823120117,assist,yes
2395,1,0,0.0850990542883219,-2.8802170753479004,-0.5052171945571899,assist,No
2396,1,1,0.8933094174159129,-0.6938680410385132,-2.8188681602478027,assist,yes
2397,1,1,0.8933094060543487,-0.8097624778747559,-2.934762477874756,assist,Yes
2398,1,1,0.8519528019683106,-0.599635124206543,-2.349635124206543,assist,Yes
2399,1,1,0.939913354875362,-0.4133078157901764,-3.1633079051971436,assist,yes
2400,1,1,0.6513548646660542,-1.0111913681030273,-1.6361913681030273,assist,Yes
2401,1,1,0.8933094003735664,-0.7489297986030579,-2.873929738998413,assist,yes
2402,1,1,0.9324533013520764,-0.6489135026931763,-3.2739133834838867,assist,Yes
2403,1,0,0.2942149597859341,-1.8054919242858887,-0.9304918646812439,assist,No
2404,1,1,0.8175744673038221,-0.763287365436554,-2.263287305831909,assist,yes
2405,1,1,0.9324533126145177,-0.6491782069206238,-3.2741782665252686,assist,yes
2406,1,1,0.679178699175393,-0.7283017635345459,-1.478301763534546,assist,Yes
2407,1,1,0.9046505351008906,-0.5366754531860352,-2.786675453186035,assist,Yes
2408,1,1,0.9579122768904644,-0.6761554479598999,-3.8011555671691895,assist,Yes
2409,1,1,0.7981867585368343,-0.7636266946792603,-2.1386265754699707,assist,Yes
2410,1,1,0.7772998714925403,-0.846160352230072,-2.096160411834717,assist,Yes
2411,1,1,0.939913343093499,-0.6976782083511353,-3.4476780891418457,assist,yes
2412,1,1,0.914900950352329,-0.6627858281135559,-3.037785768508911,assist,Yes
2413,1,0,0.0850990542883219,-2.9739012718200684,-0.5989013910293579,assist,No
2414,1,1,0.7772998611746911,-0.8594024181365967,-2.1094024181365967,assist,Yes
2415,1,0,0.4073334000459302,-1.473616600036621,-1.098616600036621,assist,no
2416,1,1,0.8175744939732856,-0.7120307683944702,-2.2120308876037598,assist,yes
2417,1,1,0.9579122720843811,-0.5175833702087402,-3.6425833702087402,assist,Yes
2418,1,1,0.9149009549929797,-0.7310581207275391,-3.106058120727539,assist,Yes
2419,1,1,0.9324533163686646,-0.3861449956893921,-3.0111451148986816,assist,Yes
2420,1,1,0.8354835289107309,-0.5769835114479065,-2.2019834518432617,assist,Yes
2421,1,0,0.24508501313237172,-1.9985657930374146,-0.8735657930374146,assist,No
2422,1,1,0.9241418199787566,-0.775263786315918,-3.275263786315918,assist,Yes
2423,1,1,0.9465966762263737,-0.5302413702011108,-3.4052414894104004,assist,Yes
2424,1,1,0.9149009596336303,-0.7860783934593201,-3.161078453063965,assist,Yes
2425,1,0,0.07585817166422973,-2.801799774169922,-0.3017996549606323,assist,No
2426,1,0,0.5,-1.3040693998336792,-1.3040693998336792,assist,no
2427,1,1,0.9324533126145177,-0.5898401141166687,-3.2148401737213135,assist,Yes
2428,1,1,0.9046505248181417,-0.5774894952774048,-2.8274893760681152,assist,yes
2429,1,0,0.29421497216298875,-1.743967890739441,-0.8689678907394409,assist,No
2430,1,1,0.9046505248181417,-0.7965785264968872,-3.0465784072875977,assist,Yes
2431,1,1,0.914900945711678,-0.7244468927383423,-3.0994467735290527,assist,yes
2432,1,1,0.8807970842359877,-0.610207736492157,-2.6102077960968018,assist,Yes
2433,1,0,0.24508500210441886,-1.704711675643921,-0.5797116160392761,assist,No
2434,1,1,0.9706877709445761,-0.6652635931968689,-4.165263652801514,assist,yes
2435,1,1,0.9399133498259924,-0.6446666717529297,-3.3946666717529297,assist,yes
2436,1,0,0.4378234991142019,-1.3546967506408691,-1.1046967506408691,assist,no
2437,1,1,0.9669140235181256,-0.564445436000824,-3.9394454956054688,assist,yes
2438,1,0,0.4378234991142019,-1.2009165287017822,-0.9509165287017822,assist,No
2439,1,1,0.9579122696813394,-0.5723715424537659,-3.697371482849121,assist,yes
2440,1,1,0.5926665999540697,-1.1302742958068848,-1.5052742958068848,assist,Yes
2441,1,1,0.9465966641739773,-0.6410304307937622,-3.5160303115844727,assist,yes
2442,1,1,0.952574129515172,-0.6297475695610046,-3.6297476291656494,assist,yes
2443,1,0,0.34864513533394575,-1.625937581062317,-1.000937581062317,assist,No
2444,1,1,0.9241418158002492,-0.6544459462165833,-3.1544458866119385,assist,Yes
2445,1,1,0.9324533088603709,-0.6459794044494629,-3.270979404449463,assist,yes
2446,1,1,0.9241418158002492,-0.7160986065864563,-3.2160985469818115,assist,Yes
2447,1,1,0.8519527944504226,-0.7966788411140442,-2.5466787815093994,assist,Yes
2448,1,1,0.7981867777396212,-0.7443649768829346,-2.1193649768829346,assist,yes
2449,1,0,0.03732689162774753,-3.97373628616333,-0.7237364053726196,assist,no
2450,1,0,0.4073334000459302,-1.4083216190338135,-1.0333216190338135,assist,No
2451,1,1,0.6513548646660542,-1.0472843647003174,-1.6722843647003174,assist,Yes
2452,1,1,0.893309411735131,-0.8095445036888123,-2.934544563293457,assist,Yes
2453,1,1,0.7772998611746911,-0.6126803159713745,-1.8626803159713745,assist,Yes
2454,1,0,0.46879062662624377,-1.2548516988754272,-1.1298516988754272,assist,No
2455,1,1,0.9465966732132748,-0.4434739947319031,-3.318474054336548,assist,Yes
2456,1,1,0.8175744761936437,-0.8516759872436523,-2.3516759872436523,assist,Yes
2457,1,1,0.6791786861878392,-0.7180822491645813,-1.4680821895599365,assist,Yes
2458,1,1,0.7057850402140659,-0.930867612361908,-1.8058676719665527,assist,Yes
2459,1,1,0.9465966762263737,-0.5836585760116577,-3.4586586952209473,assist,yes
2460,1,0,0.5,-1.095318078994751,-1.095318078994751,assist,no
2461,1,1,0.7057850154599563,-0.7664926648139954,-1.6414926052093506,assist,Yes
2462,1,1,0.9399133531922388,-0.5913287997245789,-3.3413288593292236,assist,Yes
2463,1,1,0.8933093946927838,-0.5909677743911743,-2.7159676551818848,assist,yes
2464,1,1,0.8670357460591569,-0.665113091468811,-2.5401129722595215,assist,yes
2465,1,1,0.9324533144915912,-0.45974984765052795,-3.084749937057495,assist,Yes
2466,1,1,0.893309411735131,-0.7443346381187439,-2.8693346977233887,assist,yes
2467,1,1,0.8519528019683106,-0.5998528003692627,-2.3498528003692627,assist,Yes
2468,1,1,0.8354835207180245,-0.6283165216445923,-2.2533164024353027,assist,Yes
2469,1,1,0.6791786861878392,-0.9915741086006165,-1.7415740489959717,assist,yes
2470,1,1,0.9241418283357702,-0.5566033124923706,-3.05660343170166,assist,Yes
2471,1,1,0.9046505248181417,-0.6798983812332153,-2.929898262023926,assist,Yes
2472,1,0,0.07585818628900447,-2.996896266937256,-0.496896356344223,assist,no
2473,1,0,0.4073333856566001,-1.247931718826294,-0.8729316592216492,assist,no
2474,1,1,0.9579122672782973,-0.5696836709976196,-3.69468355178833,assist,Yes
2475,1,1,0.7772998508568416,-0.7594056725502014,-2.0094056129455566,assist,yes
2476,1,1,0.9324533013520764,-0.6489778757095337,-3.273977756500244,assist,Yes
2477,1,1,0.9626731126558706,-0.5156464576721191,-3.765646457672119,assist,Yes
2478,1,1,0.9149009596336303,-0.7806891798973083,-3.155689239501953,assist,Yes
2479,1,1,0.9046505453836383,-0.6791986227035522,-2.929198741912842,assist,Yes
2480,1,1,0.679178699175393,-1.0359528064727783,-1.7859528064727783,assist,Yes
2481,1,1,0.8933094003735664,-0.6980124115943909,-2.823012351989746,assist,Yes
2482,1,1,0.9465966732132748,-0.69004887342453,-3.565048933029175,assist,yes
2483,1,1,0.9525741241296944,-0.6844928860664368,-3.684492826461792,assist,Yes
2484,1,1,0.9579122696813394,-0.6805067658424377,-3.805506706237793,assist,Yes
2485,1,1,0.9626731105140616,-0.6757429242134094,-3.9257428646087646,assist,yes
2486,1,1,0.9149009642742806,-0.7808173894882202,-3.1558175086975098,assist,Yes
2487,1,0,0.042087725512577126,-3.6475088596343994,-0.5225088000297546,assist,no
2488,1,1,0.966914017797636,-0.6169177293777466,-3.991917610168457,assist,yes
2489,1,1,0.7772998405389918,-0.9248858690261841,-2.1748857498168945,assist,Yes
2490,1,1,0.9399133498259924,-0.6977789402008057,-3.4477789402008057,assist,yes
2491,1,1,0.914900950352329,-0.6685720086097717,-3.043571949005127,assist,yes
2492,1,1,0.8354835452961425,-0.6994075179100037,-2.3244075775146484,assist,yes
2493,1,0,0.32082130082460697,-1.4552992582321167,-0.7052992582321167,assist,no
2494,1,0,0.3486451217982255,-1.5873534679412842,-0.9623534083366394,assist,No
2495,1,1,0.7057850278370112,-0.9475280046463013,-1.8225280046463013,assist,Yes
2496,1,1,0.679178699175393,-1.0506534576416016,-1.8006534576416016,assist,Yes
2497,1,1,0.9324533126145177,-0.7660436034202576,-3.3910436630249023,assist,Yes
2498,1,1,0.8933094003735664,-0.5461469292640686,-2.671146869659424,assist,yes
2499,1,1,0.5926665999540697,-1.1559638977050781,-1.5309638977050781,assist,Yes
2500,1,1,0.9525741322079105,-0.6286057233810425,-3.628605842590332,assist,Yes
2501,1,1,0.9241418241572634,-0.6017791628837585,-3.1017792224884033,assist,Yes
2502,1,1,0.8175744761936437,-0.6439306735992432,-2.143930673599243,assist,Yes
2503,1,1,0.5621765008857981,-0.9619355201721191,-1.2119355201721191,assist,yes
2504,1,1,0.9579122672782973,-0.5672532320022583,-3.6922531127929688,assist,Yes
2505,1,1,0.9324533126145177,-0.6991268992424011,-3.324126958847046,assist,Yes
2506,1,1,0.5621765008857981,-0.9895439147949219,-1.2395439147949219,assist,yes
2507,1,1,0.893309411735131,-0.810175359249115,-2.9351754188537598,assist,Yes
2508,1,0,0.18242551491653522,-2.319946050643921,-0.8199459910392761,assist,no
2509,1,0,0.08509903804604459,-2.8075058460235596,-0.4325057566165924,assist,no
2510,1,1,0.9046505325302034,-0.4171028435230255,-2.667102813720703,assist,Yes
2511,1,1,0.9241418283357702,-0.5140985250473022,-3.014098644256592,assist,Yes
2512,1,0,0.46879062662624377,-1.29538893699646,-1.17038893699646,assist,no
2513,1,1,0.9149009642742806,-0.7310575246810913,-3.106057643890381,assist,yes
2514,1,1,0.8670357460591569,-0.7870575189590454,-2.662057399749756,assist,Yes
2515,1,1,0.9149009642742806,-0.7826422452926636,-3.157642364501953,assist,Yes
2516,1,1,0.6513548782017746,-0.8347591757774353,-1.45975923538208,assist,yes
2517,1,1,0.8933094003735664,-0.6349852681159973,-2.7599852085113525,assist,yes
2518,1,0,0.46879062662624377,-1.198808193206787,-1.073808193206787,assist,No
2519,1,1,0.8933094060543487,-0.5028762817382812,-2.6278762817382812,assist,yes
2520,1,1,0.9324533013520764,-0.6497412919998169,-3.2747411727905273,assist,yes
2521,1,0,0.22270014914315833,-2.0906143188476562,-0.840614378452301,assist,No
2522,1,1,0.9046505402422645,-0.6278771758079529,-2.8778772354125977,assist,yes
2523,1,1,0.9046505351008906,-0.6317763328552246,-2.8817763328552246,assist,Yes
2524,1,1,0.7310585786300049,-0.9280692338943481,-1.9280692338943481,assist,Yes
2525,1,1,0.939913343093499,-0.6398216485977173,-3.3898215293884277,assist,Yes
2526,1,1,0.9241418241572634,-0.6586467623710632,-3.158646821975708,assist,yes
2527,1,1,0.8807970654616711,-0.816196084022522,-2.8161959648132324,assist,Yes
2528,1,1,0.9740426412951848,-0.5043063759803772,-4.129306316375732,assist,Yes
2529,1,1,0.9669140216112958,-0.5128974914550781,-3.887897491455078,assist,yes
2530,1,1,0.9046505402422645,-0.7437886595726013,-2.993788719177246,assist,Yes
2531,1,1,0.9669140216112958,-0.5583047866821289,-3.933304786682129,assist,Yes
2532,1,1,0.9241418158002492,-0.6539717316627502,-3.1539716720581055,assist,Yes
2533,1,1,0.8519528019683106,-0.8399994373321533,-2.5899994373321533,assist,Yes
2534,1,1,0.9149009642742806,-0.7215555906295776,-3.096555709838867,assist,Yes
2535,1,1,0.9669140235181256,-0.5151450037956238,-3.8901450634002686,assist,yes
2536,1,0,0.09534947004048376,-3.0213212966918945,-0.7713213562965393,assist,no
2537,1,1,0.9046505402422645,-0.6861836314201355,-2.9361836910247803,assist,Yes
2538,1,0,0.4378234991142019,-1.4091417789459229,-1.1591417789459229,assist,no
2539,1,1,0.8933093946927838,-0.58533775806427,-2.7103376388549805,assist,yes
2540,1,1,0.9740426382811477,-0.6089455485343933,-4.233945369720459,assist,yes
2541,1,1,0.9525741241296944,-0.5256510376930237,-3.525650978088379,assist,Yes
2542,1,1,0.8933094174159129,-0.5963476896286011,-2.7213478088378906,assist,Yes
2543,1,1,0.6513548646660542,-0.8250436782836914,-1.4500436782836914,assist,yes
2544,1,1,0.6513548646660542,-0.8354915380477905,-1.4604915380477905,assist,Yes
2545,1,1,0.8807970904940926,-0.6476315259933472,-2.6476316452026367,assist,yes
2546,1,1,0.8354835289107309,-0.6061976552009583,-2.2311975955963135,assist,yes
2547,1,1,0.9046505453836383,-0.5780395269393921,-2.8280396461486816,assist,Yes
2548,1,1,0.7549150089235336,-0.9528316259384155,-2.077831745147705,assist,Yes
2549,1,1,0.939913356558485,-0.6453689336776733,-3.395369052886963,assist,Yes
2550,1,1,0.679178699175393,-0.6116536855697632,-1.3616536855697632,assist,Yes
2551,1,1,0.8807970779778823,-0.8168396949768066,-2.8168396949768066,assist,Yes
2552,1,1,0.8670357735451834,-0.5747255086898804,-2.44972562789917,assist,Yes
2553,1,1,0.9465966671870767,-0.5876434445381165,-3.4626433849334717,assist,yes
2554,1,0,0.02595735719779685,-4.12397575378418,-0.4989757537841797,assist,No
2555,1,0,0.2689414096510108,-1.8562712669372559,-0.8562712073326111,assist,No
2556,1,1,0.8354835452961425,-0.8769816756248474,-2.501981735229492,assist,Yes
2557,1,0,0.3486451217982255,-1.373964786529541,-0.7489647269248962,assist,No
2558,1,1,0.8175744850834649,-0.7941145300865173,-2.294114589691162,assist,Yes
2559,1,1,0.8807970779778823,-0.6597518920898438,-2.6597518920898438,assist,Yes
2560,1,1,0.8933094060543487,-0.6927759647369385,-2.8177759647369385,assist,Yes
2561,1,1,0.8933094060543487,-0.545006275177002,-2.670006275177002,assist,yes
2562,1,1,0.9465966732132748,-0.6344868540763855,-3.5094869136810303,assist,yes
2563,1,1,0.9399133464597458,-0.7018926739692688,-3.451892614364624,assist,yes
2564,1,0,0.18242552380635632,-2.3631598949432373,-0.8631598949432373,assist,no
2565,1,0,0.32082130082460697,-1.61162269115448,-0.86162269115448,assist,No
2566,1,1,0.9241418241572634,-0.7705537676811218,-3.2705538272857666,assist,Yes
2567,1,0,0.1329642333263228,-2.5238020420074463,-0.6488019824028015,assist,No
2568,1,1,0.9626731147976793,-0.6201393008232117,-3.8701393604278564,assist,yes
2569,1,1,0.9465966702001757,-0.6861388683319092,-3.561138868331909,assist,Yes
2570,1,1,0.9241418199787566,-0.7188830375671387,-3.2188830375671387,assist,yes
2571,1,0,0.5,-1.3048807382583618,-1.3048807382583618,assist,no
2572,1,1,0.7981867777396212,-0.7149419784545898,-2.08994197845459,assist,Yes
2573,1,0,0.37754066879814546,-1.2943624258041382,-0.7943624258041382,assist,No
2574,1,1,0.9525741241296944,-0.687949001789093,-3.6879489421844482,assist,yes
2575,1,1,0.9241418199787566,-0.6543447971343994,-3.1543447971343994,assist,Yes
2576,1,1,0.6513548646660542,-1.0531805753707886,-1.6781805753707886,assist,Yes
2577,1,1,0.8933094060543487,-0.8037645816802979,-2.928764581680298,assist,Yes
2578,1,1,0.914900950352329,-0.7805314660072327,-3.155531406402588,assist,Yes
2579,1,1,0.9046505402422645,-0.6748353838920593,-2.924835443496704,assist,yes
2580,1,1,0.5312093733737563,-1.2467831373214722,-1.3717831373214722,assist,Yes
2581,1,1,0.9669140235181256,-0.5100685954093933,-3.885068655014038,assist,Yes
2582,1,1,0.9465966732132748,-0.5808870196342468,-3.4558870792388916,assist,yes
2583,1,1,0.5621765008857981,-1.1577653884887695,-1.4077653884887695,assist,Yes
2584,1,1,0.9525741268224334,-0.6258716583251953,-3.6258716583251953,assist,Yes
2585,1,1,0.9324533126145177,-0.5965818762779236,-3.2215819358825684,assist,yes
2586,1,1,0.6791787121629466,-0.6837789416313171,-1.433779001235962,assist,Yes
2587,1,1,0.9046505351008906,-0.6842424869537354,-2.9342424869537354,assist,Yes
2588,1,1,0.957912274487423,-0.7354246973991394,-3.860424757003784,assist,Yes
2589,1,1,0.939913356558485,-0.6944226026535034,-3.444422721862793,assist,Yes
2590,1,1,0.6224593312018546,-0.9958291053771973,-1.4958291053771973,assist,Yes
2591,1,1,0.9525741268224334,-0.4842073917388916,-3.4842073917388916,assist,yes
2592,1,0,0.4073334000459302,-1.4730385541915894,-1.0980385541915894,assist,no
2593,1,1,0.9579122732859019,-0.35706183314323425,-3.4820618629455566,assist,Yes
2594,1,1,0.880797071719777,-0.6484087109565735,-2.6484086513519287,assist,yes
2595,1,1,0.9046505402422645,-0.6793317198753357,-2.9293317794799805,assist,yes
2596,1,1,0.9626731126558706,-0.6177210807800293,-3.8677210807800293,assist,Yes
2597,1,0,0.24508501313237172,-1.9885361194610596,-0.8635361194610596,assist,no
2598,1,1,0.9525741322079105,-0.6877282857894897,-3.6877284049987793,assist,Yes
2599,1,0,0.13296424019782924,-2.635239839553833,-0.760239839553833,assist,no
2600,1,1,0.9465966671870767,-0.6944671273231506,-3.569467067718506,assist,yes
2601,1,1,0.9465966732132748,-0.6934160590171814,-3.568416118621826,assist,yes
2602,1,1,0.5621765008857981,-1.153953194618225,-1.403953194618225,assist,Yes
2603,1,1,0.9046505299595163,-0.6218169331550598,-2.871816873550415,assist,yes
2604,1,1,0.914900950352329,-0.6254628300666809,-3.000462770462036,assist,Yes
2605,1,1,0.8807970842359877,-0.7059504389762878,-2.7059504985809326,assist,Yes
2606,1,1,0.9399133464597458,-0.6430955529212952,-3.3930954933166504,assist,yes
2607,1,1,0.9046505248181417,-0.6704241037368774,-2.920423984527588,assist,yes
2608,1,1,0.9324533051062237,-0.5023563504219055,-3.1273562908172607,assist,yes
2609,1,1,0.8670357666736773,-0.6706528067588806,-2.5456528663635254,assist,yes
2610,1,1,0.9324533126145177,-0.6526898741722107,-3.2776899337768555,assist,Yes
2611,1,1,0.9046505351008906,-0.4898414611816406,-2.7398414611816406,assist,Yes
2612,1,1,0.9465966671870767,-0.6954663395881653,-3.5704662799835205,assist,yes
2613,1,1,0.798186768138228,-0.7153788208961487,-2.090378761291504,assist,Yes
2614,1,1,0.9579122768904644,-0.7378662824630737,-3.8628664016723633,assist,Yes
2615,1,1,0.6513548646660542,-1.088716983795166,-1.713716983795166,assist,Yes
2616,1,1,0.9046505453836383,-0.6803334951400757,-2.9303336143493652,assist,yes
2617,1,1,0.9241418199787566,-0.6049997806549072,-3.1049997806549072,assist,yes
2618,1,1,0.867035752930664,-0.7301846146583557,-2.605184555053711,assist,Yes
2619,1,1,0.5312093733737563,-1.2153061628341675,-1.3403061628341675,assist,Yes
2620,1,1,0.8354835371034369,-0.781470537185669,-2.406470537185669,assist,Yes
2621,1,1,0.9241418241572634,-0.6025356650352478,-3.1025357246398926,assist,Yes
2622,1,1,0.893309411735131,-0.639483630657196,-2.764483690261841,assist,yes
2623,1,1,0.7772998611746911,-0.8598761558532715,-2.1098761558532715,assist,Yes
2624,1,1,0.8670357598021706,-0.7302219867706299,-2.60522198677063,assist,Yes
2625,1,1,0.8519528019683106,-0.5993192195892334,-2.3493192195892334,assist,Yes
2626,1,1,0.9324533088603709,-0.6515204906463623,-3.2765204906463623,assist,yes
2627,1,1,0.9525741268224334,-0.7423503398895264,-3.7423503398895264,assist,Yes
2628,1,0,0.22270014914315833,-1.7717738151550293,-0.5217738747596741,assist,No
2629,1,1,0.9046505299595163,-0.797218382358551,-3.0472183227539062,assist,Yes
2630,1,1,0.9399133498259924,-0.5376753807067871,-3.287675380706787,assist,Yes
2631,1,1,0.957912274487423,-0.5243873000144958,-3.6493873596191406,assist,yes
2632,1,1,0.9046505248181417,-0.6796427965164185,-2.929642677307129,assist,Yes
2633,1,1,0.9324533013520764,-0.5997916460037231,-3.2247915267944336,assist,yes
2634,1,1,0.8354835289107309,-0.6996777653694153,-2.3246777057647705,assist,yes
2635,1,1,0.9324533051062237,-0.7670918107032776,-3.392091751098633,assist,Yes
2636,1,0,0.3208213138121609,-1.7144432067871094,-0.9644432663917542,assist,No
2637,1,1,0.7310585786300049,-0.9235092401504517,-1.9235092401504517,assist,yes
2638,1,1,0.9046505402422645,-0.6277818083763123,-2.877781867980957,assist,Yes
2639,1,1,0.9399133531922388,-0.7010897994041443,-3.451089859008789,assist,yes
2640,1,1,0.7310585669110203,-0.8382671475410461,-1.8382670879364014,assist,Yes
2641,1,1,0.8670357598021706,-0.7726647853851318,-2.647664785385132,assist,yes
2642,1,1,0.9149009596336303,-0.7816986441612244,-3.156698703765869,assist,Yes
2643,1,1,0.9525741241296944,-0.6801329255104065,-3.6801328659057617,assist,Yes
2644,1,1,0.7549150089235336,-0.8917759656906128,-2.0167760848999023,assist,Yes
2645,1,0,0.32082130082460697,-1.7284414768218994,-0.9784414768218994,assist,No
2646,1,1,0.8933093946927838,-0.8035961389541626,-2.928596019744873,assist,Yes
2647,1,1,0.9241418116217418,-0.5598407983779907,-3.059840679168701,assist,yes
2648,1,0,0.37754066879814546,-1.5179176330566406,-1.0179176330566406,assist,no
2649,1,1,0.9241418158002492,-0.7104108929634094,-3.2104108333587646,assist,Yes
2650,1,1,0.7057850154599563,-0.7267568707466125,-1.6017568111419678,assist,Yes
2651,1,1,0.9324533163686646,-0.7059453725814819,-3.3309454917907715,assist,Yes
2652,1,0,0.13296424019782924,-2.480325698852539,-0.6053256988525391,assist,No
2653,1,1,0.9046505402422645,-0.6795918345451355,-2.9295918941497803,assist,yes
2654,1,1,0.9796676502191265,-0.45341426134109497,-4.328414440155029,assist,Yes
2655,1,1,0.9626731126558706,-0.6764469146728516,-3.9264469146728516,assist,yes
2656,1,1,0.9046505428129514,-0.49092188477516174,-2.740921974182129,assist,Yes
2657,1,1,0.9046505351008906,-0.7418904304504395,-2.9918904304504395,assist,Yes
2658,1,1,0.8933094174159129,-0.5905789136886597,-2.715579032897949,assist,yes
2659,1,1,0.8670357598021706,-0.7303440570831299,-2.60534405708313,assist,Yes
2660,1,1,0.8175744673038221,-0.819122850894928,-2.319122791290283,assist,yes
2661,1,1,0.9241418116217418,-0.6058584451675415,-3.105858325958252,assist,yes
2662,1,1,0.957912274487423,-0.622330367565155,-3.7473304271698,assist,yes
2663,1,1,0.8933094003735664,-0.5959380269050598,-2.720937967300415,assist,Yes
2664,1,1,0.835483553488848,-0.8277095556259155,-2.452709674835205,assist,Yes
2665,1,1,0.8175744584140004,-0.8780699968338013,-2.3780698776245117,assist,Yes
2666,1,0,0.1480472055495773,-2.366166114807129,-0.6161661744117737,assist,No
2667,1,1,0.9706877624649134,-0.5541870594024658,-4.054186820983887,assist,Yes
2668,1,1,0.9241418158002492,-0.7718034386634827,-3.271803379058838,assist,Yes
2669,1,1,0.8670357598021706,-0.8254060745239258,-2.700406074523926,assist,Yes
2670,1,1,0.9525741268224334,-0.5754642486572266,-3.5754642486572266,assist,yes
2671,1,1,0.679178699175393,-0.8252263069152832,-1.5752263069152832,assist,Yes
2672,1,1,0.9465966717067252,-0.4451389014720917,-3.320138931274414,assist,Yes
2673,1,1,0.914900950352329,-0.6732020974159241,-3.0482020378112793,assist,Yes
2674,1,0,0.29421497216298875,-1.7695646286010742,-0.8945646286010742,assist,no
2675,1,1,0.8354835289107309,-0.8264532685279846,-2.45145320892334,assist,Yes
2676,1,0,0.22270011818961086,-2.0620036125183105,-0.812003493309021,assist,no
2677,1,1,0.9046505299595163,-0.7360659241676331,-2.9860658645629883,assist,yes
2678,1,0,0.46879062662624377,-1.3616771697998047,-1.2366771697998047,assist,no
2679,1,1,0.9324533126145177,-0.6489638686180115,-3.2739639282226562,assist,yes
2680,1,1,0.9149009642742806,-0.7314165830612183,-3.106416702270508,assist,yes
2681,1,1,0.8807970779778823,-0.707669734954834,-2.707669734954834,assist,Yes
2682,1,0,0.22270014914315833,-1.8413655757904053,-0.59136563539505,assist,No
2683,1,0,0.3208213138121609,-1.6251225471496582,-0.875122606754303,assist,No
2684,1,1,0.8670357735451834,-0.668913722038269,-2.5439138412475586,assist,Yes
2685,1,1,0.7057850278370112,-0.9469749927520752,-1.8219749927520752,assist,Yes
2686,1,1,0.8354835207180245,-0.8586169481277466,-2.483616828918457,assist,Yes
2687,1,1,0.9399133464597458,-0.5433693528175354,-3.2933692932128906,assist,yes
2688,1,1,0.9046505248181417,-0.743024468421936,-2.9930243492126465,assist,Yes
2689,1,1,0.5312093733737563,-1.1907376050949097,-1.3157376050949097,assist,Yes
2690,1,1,0.8175744761936437,-0.49270200729370117,-1.9927020072937012,assist,Yes
2691,1,1,0.679178699175393,-0.852756142616272,-1.602756142616272,assist,yes
2692,1,1,0.8175744673038221,-0.6013045907020569,-2.101304531097412,assist,Yes
2693,1,0,0.4378234991142019,-1.419730544090271,-1.169730544090271,assist,no
2694,1,1,0.9324533088603709,-0.7073323726654053,-3.3323323726654053,assist,yes
2695,1,1,0.851952809486198,-0.7962376475334167,-2.5462377071380615,assist,Yes
2696,1,1,0.9399133531922388,-0.6989733576774597,-3.4489734172821045,assist,yes
2697,1,1,0.9626731169394882,-0.7303470373153687,-3.980347156524658,assist,Yes
2698,1,0,0.5,-1.2355026006698608,-1.2355026006698608,assist,no
2699,1,1,0.5621765008857981,-1.2039953470230103,-1.4539953470230103,assist,Yes
2700,1,1,0.9579122672782973,-0.7344080209732056,-3.859407901763916,assist,Yes
2701,1,1,0.9579122768904644,-0.6801184415817261,-3.8051185607910156,assist,yes
2702,1,1,0.9241418116217418,-0.6027036905288696,-3.10270357131958,assist,yes
2703,1,0,0.022977364557669702,-4.35017204284668,-0.6001718044281006,assist,no
2704,1,1,0.9465966671870767,-0.6314576268196106,-3.506457567214966,assist,Yes
2705,1,1,0.9149009596336303,-0.719726026058197,-3.094726085662842,assist,yes
2706,1,1,0.957912274487423,-0.6789891123771667,-3.8039891719818115,assist,Yes
2707,1,1,0.9149009549929797,-0.6112480163574219,-2.986248016357422,assist,yes
2708,1,1,0.952574129515172,-0.6280171275138855,-3.6280171871185303,assist,yes
2709,1,0,0.16451647108926923,-2.4123592376708984,-0.7873592972755432,assist,No
2710,1,1,0.9525741322079105,-0.6845134496688843,-3.684513568878174,assist,yes
2711,1,0,0.5,-1.0728899240493774,-1.0728899240493774,assist,No
2712,1,1,0.9669140292386145,-0.6715238094329834,-4.0465240478515625,assist,yes
2713,1,1,0.914900945711678,-0.7248712778091431,-3.0998711585998535,assist,Yes
2714,1,1,0.9399133498259924,-0.6975326538085938,-3.4475326538085938,assist,Yes
2715,1,0,0.4378234991142019,-1.28269624710083,-1.03269624710083,assist,No
2716,1,0,0.11920291263495983,-2.43210506439209,-0.4321049749851227,assist,No
2717,1,1,0.7981867585368343,-0.7257629632949829,-2.1007628440856934,assist,Yes
2718,1,1,0.9399133464597458,-0.6973059773445129,-3.447305917739868,assist,yes
2719,1,1,0.7981867873410141,-0.8631903529167175,-2.2381904125213623,assist,Yes
2720,1,1,0.9149009549929797,-0.6116023063659668,-2.986602306365967,assist,yes
2721,1,1,0.7310585669110203,-0.8947837948799133,-1.8947837352752686,assist,Yes
2722,1,1,0.9579122720843811,-0.7347517013549805,-3.8597517013549805,assist,Yes
2723,1,1,0.9149009549929797,-0.6110408306121826,-2.9860408306121826,assist,yes
2724,1,1,0.7981867777396212,-0.7763617038726807,-2.1513617038726807,assist,Yes
2725,1,1,0.9241418199787566,-0.6080198287963867,-3.1080198287963867,assist,yes
2726,1,1,0.7549149648117217,-0.8930593729019165,-2.018059253692627,assist,Yes
2727,1,1,0.9149009642742806,-0.6158746480941772,-2.990874767303467,assist,yes
2728,1,1,0.9241418199787566,-0.7154932022094727,-3.2154932022094727,assist,Yes
2729,1,1,0.9525741268224334,-0.6269137859344482,-3.6269137859344482,assist,Yes
2730,1,1,0.9324533126145177,-0.6498083472251892,-3.274808406829834,assist,Yes
2731,1,1,0.9626731126558706,-0.7323286533355713,-3.9823286533355713,assist,Yes
2732,1,1,0.9579122684798184,-0.4721613824367523,-3.597161293029785,assist,Yes
2733,1,1,0.9669140235181256,-0.5582632422447205,-3.9332633018493652,assist,Yes
2734,1,0,0.020332353342658753,-4.375641345977783,-0.5006413459777832,assist,no
2735,1,1,0.8807970779778823,-0.7061018943786621,-2.706101894378662,assist,yes
2736,1,1,0.914900950352329,-0.6602242588996887,-3.035224199295044,assist,Yes
2737,1,1,0.9399133498259924,-0.6992802619934082,-3.449280261993408,assist,yes
2738,1,1,0.8354835452961425,-0.8083249926567078,-2.4333250522613525,assist,Yes
2739,1,1,0.679178699175393,-0.9201061725616455,-1.6701061725616455,assist,Yes
2740,1,1,0.9149009642742806,-0.5308464765548706,-2.90584659576416,assist,Yes
2741,1,1,0.7057850278370112,-0.8379813432693481,-1.7129813432693481,assist,yes
2742,1,1,0.8670357598021706,-0.6638855934143066,-2.5388855934143066,assist,yes
2743,1,1,0.9324533032291502,-0.49874433875083923,-3.123744249343872,assist,Yes
2744,1,1,0.8519527944504226,-0.7047861218452454,-2.4547860622406006,assist,Yes
2745,1,1,0.9324533013520764,-0.710098385810852,-3.3350982666015625,assist,yes
2746,1,1,0.9149009596336303,-0.6680478453636169,-3.0430479049682617,assist,yes
2747,1,0,0.2689414213699951,-1.9485703706741333,-0.9485703706741333,assist,no
2748,1,0,0.4378234991142019,-1.201523780822754,-0.9515237808227539,assist,no
2749,1,0,0.1480472055495773,-2.406148910522461,-0.6561489701271057,assist,No
2750,1,1,0.8933094060543487,-0.8100347518920898,-2.93503475189209,assist,Yes
2751,1,1,0.9669140216112958,-0.6688013076782227,-4.043801307678223,assist,yes
2752,1,1,0.8807970779778823,-0.5594954490661621,-2.559495449066162,assist,Yes
2753,1,1,0.8175744761936437,-0.828258752822876,-2.328258752822876,assist,yes
2754,1,1,0.9626731083722525,-0.6701880693435669,-3.9201879501342773,assist,Yes
2755,1,1,0.9525741268224334,-0.6858212947845459,-3.685821294784546,assist,yes
2756,1,1,0.9465966702001757,-0.6344499588012695,-3.5094499588012695,assist,yes
2757,1,1,0.8670357598021706,-0.831836462020874,-2.706836462020874,assist,Yes
2758,1,1,0.939913343093499,-0.697973370552063,-3.4479732513427734,assist,yes
2759,1,1,0.7549149868676283,-0.5594643354415894,-1.6844643354415894,assist,Yes
2760,1,0,0.3486451217982255,-1.4230034351348877,-0.7980033755302429,assist,No
2761,1,1,0.9465966641739773,-0.634222149848938,-3.5092220306396484,assist,Yes
2762,1,0,0.4073334000459302,-1.449422001838684,-1.074422001838684,assist,no
2763,1,1,0.9149009642742806,-0.785204291343689,-3.1602044105529785,assist,Yes
2764,1,1,0.8670357598021706,-0.6572704315185547,-2.5322704315185547,assist,yes
2765,1,1,0.835483553488848,-0.7154816389083862,-2.340481758117676,assist,Yes
2766,1,1,0.9241418158002492,-0.6057227253913879,-3.105722665786743,assist,yes
2767,1,1,0.9324533051062237,-0.7054389119148254,-3.3304388523101807,assist,Yes
2768,1,1,0.9399133464597458,-0.6974716782569885,-3.4474716186523438,assist,yes
2769,1,1,0.9149009549929797,-0.517444372177124,-2.892444372177124,assist,Yes
2770,1,1,0.8933093946927838,-0.5446382761001587,-2.669638156890869,assist,Yes
2771,1,1,0.7981867873410141,-0.8751334547996521,-2.250133514404297,assist,Yes
2772,1,1,0.9046505299595163,-0.6852386593818665,-2.9352385997772217,assist,yes
2773,1,1,0.867035752930664,-0.7643936276435852,-2.6393935680389404,assist,yes
2774,1,1,0.9399133464597458,-0.640977680683136,-3.390977621078491,assist,yes
2775,1,1,0.9046505248181417,-0.6323577165603638,-2.882357597351074,assist,Yes
2776,1,0,0.32082130082460697,-1.5378925800323486,-0.7878925800323486,assist,No
2777,1,1,0.9399133464597458,-0.6946402192115784,-3.4446401596069336,assist,Yes
2778,1,1,0.914900950352329,-0.7849043011665344,-3.1599042415618896,assist,Yes
2779,1,1,0.8670357735451834,-0.6764782667160034,-2.551478385925293,assist,Yes
2780,1,0,0.5,-1.129865288734436,-1.129865288734436,assist,no
2781,1,1,0.9399133498259924,-0.7586541175842285,-3.5086541175842285,assist,Yes
2782,1,1,0.9046505402422645,-0.7427846789360046,-2.9927847385406494,assist,Yes
2783,1,1,0.8807970842359877,-0.5223552584648132,-2.522355318069458,assist,Yes
2784,1,1,0.9046505402422645,-0.5324117541313171,-2.782411813735962,assist,Yes
2785,1,1,0.8354835207180245,-0.7507978677749634,-2.375797748565674,assist,yes
2786,1,1,0.9324533051062237,-0.7095406651496887,-3.334540605545044,assist,yes
2787,1,1,0.5621765008857981,-1.1574472188949585,-1.4074472188949585,assist,Yes
2788,1,1,0.754914997895581,-0.644110381603241,-1.7691104412078857,assist,Yes
2789,1,1,0.9579122720843811,-0.6185853481292725,-3.7435853481292725,assist,Yes
2790,1,0,0.4378234991142019,-1.2546683549880981,-1.0046683549880981,assist,No
2791,1,1,0.9579122720843811,-0.6796109676361084,-3.8046109676361084,assist,yes
2792,1,1,0.9149009642742806,-0.5663002729415894,-2.941300392150879,assist,Yes
2793,1,1,0.5621765008857981,-1.1550133228302002,-1.4050133228302002,assist,Yes
2794,1,1,0.8933094060543487,-0.7429080009460449,-2.867908000946045,assist,Yes
2795,1,1,0.8519528019683106,-0.6387639045715332,-2.388763904571533,assist,yes
2796,1,1,0.9324533051062237,-0.5474801659584045,-3.1724801063537598,assist,yes
2797,1,1,0.9149009549929797,-0.7202761173248291,-3.095276117324829,assist,Yes
2798,1,1,0.9465966732132748,-0.6309241652488708,-3.5059242248535156,assist,Yes
2799,1,1,0.9399133498259924,-0.37858057022094727,-3.1285805702209473,assist,Yes
2800,1,1,0.9046505299595163,-0.7970712780952454,-3.0470712184906006,assist,Yes
2801,1,1,0.7310585786300049,-0.9813477993011475,-1.9813477993011475,assist,Yes
2802,1,1,0.9465966702001757,-0.7512736320495605,-3.6262736320495605,assist,Yes
2803,1,1,0.9149009642742806,-0.6680253744125366,-3.043025493621826,assist,Yes
2804,1,1,0.8933094003735664,-0.6399984955787659,-2.764998435974121,assist,yes
2805,1,1,0.7981867777396212,-0.7767877578735352,-2.151787757873535,assist,Yes
2806,1,1,0.9796676430955554,-0.548440158367157,-4.423439979553223,assist,yes
2807,1,0,0.34864513533394575,-1.480905532836914,-0.8559055328369141,assist,No
2808,1,1,0.9706877726405082,-0.6627053022384644,-4.162705421447754,assist,Yes
2809,1,1,0.9399133498259924,-0.6977014541625977,-3.4477014541625977,assist,yes
2810,1,1,0.9241418283357702,-0.7151850461959839,-3.2151851654052734,assist,yes
2811,1,1,0.9324533126145177,-0.5926963686943054,-3.21769642829895,assist,yes
2812,1,1,0.914900950352329,-0.6148892045021057,-2.989889144897461,assist,Yes
2813,1,1,0.9399133498259924,-0.6439962387084961,-3.393996238708496,assist,yes
2814,1,1,0.8519527944504226,-0.7884100079536438,-2.538409948348999,assist,yes
2815,1,1,0.7981867873410141,-0.7256717085838318,-2.1006717681884766,assist,Yes
2816,1,1,0.7057850154599563,-0.7145295739173889,-1.5895295143127441,assist,Yes
2817,1,1,0.8670357666736773,-0.6152955889701843,-2.490295648574829,assist,yes
2818,1,1,0.8175744673038221,-0.6525552868843079,-2.152555227279663,assist,Yes
2819,1,0,0.29421497216298875,-1.4607435464859009,-0.5857435464859009,assist,No
2820,1,1,0.7057850278370112,-0.9467098712921143,-1.8217098712921143,assist,Yes
2821,1,1,0.914900950352329,-0.7209723591804504,-3.0959722995758057,assist,yes
2822,1,1,0.867035752930664,-0.5058677792549133,-2.3808677196502686,assist,Yes
2823,1,1,0.9324533163686646,-0.7679203748703003,-3.39292049407959,assist,Yes
2824,1,1,0.9149009549929797,-0.7202670574188232,-3.0952670574188232,assist,yes
2825,1,1,0.8670357666736773,-0.71592777967453,-2.590927839279175,assist,yes
2826,1,1,0.8933094003735664,-0.7490208745002747,-2.87402081489563,assist,Yes
2827,1,1,0.7981867873410141,-0.6685273051261902,-2.043527364730835,assist,Yes
2828,1,1,0.9626731169394882,-0.6227325201034546,-3.872732639312744,assist,yes
2829,1,1,0.9324533126145177,-0.653298556804657,-3.2782986164093018,assist,yes
2830,1,1,0.9046505351008906,-0.637418270111084,-2.887418270111084,assist,Yes
2831,1,1,0.679178699175393,-1.0254207849502563,-1.7754207849502563,assist,Yes
2832,1,1,0.9626731126558706,-0.5623362064361572,-3.8123362064361572,assist,Yes
2833,1,1,0.952574129515172,-0.5310515761375427,-3.5310516357421875,assist,yes
2834,1,1,0.9324533051062237,-0.7630525231361389,-3.388052463531494,assist,Yes
2835,1,1,0.9399133498259924,-0.6377081871032715,-3.3877081871032715,assist,Yes
2836,1,1,0.9525741241296944,-0.687516987323761,-3.687516927719116,assist,yes
2837,1,1,0.9046505402422645,-0.7912611365318298,-3.0412611961364746,assist,Yes
2838,1,0,0.3775406547908327,-1.397113561630249,-0.8971135020256042,assist,No
2839,1,1,0.9626731083722525,-0.6772586107254028,-3.9272584915161133,assist,yes
2840,1,1,0.7981867585368343,-0.8635722398757935,-2.238572120666504,assist,Yes
2841,1,1,0.9399133498259924,-0.49339818954467773,-3.2433981895446777,assist,Yes
2842,1,1,0.8933094060543487,-0.5043056011199951,-2.629305601119995,assist,Yes
2843,1,1,0.966914017797636,-0.7281194925308228,-4.103119373321533,assist,Yes
2844,1,1,0.9149009549929797,-0.7801289558410645,-3.1551289558410645,assist,Yes
2845,1,1,0.8354835371034369,-0.7260994911193848,-2.3510994911193848,assist,Yes
2846,1,1,0.939913343093499,-0.7545758485794067,-3.504575729370117,assist,Yes
2847,1,1,0.867035763237924,-0.3677937686443329,-2.2427937984466553,assist,Yes
2848,1,1,0.9465966641739773,-0.6914445161819458,-3.5664443969726562,assist,Yes
2849,1,0,0.4378234991142019,-1.409571886062622,-1.159571886062622,assist,no
2850,1,1,0.5926665855647394,-0.9306719899177551,-1.3056719303131104,assist,Yes
2851,1,0,0.4073334000459302,-1.4945223331451416,-1.1195223331451416,assist,no
2852,1,0,0.37754066879814546,-1.5758774280548096,-1.0758774280548096,assist,no
2853,1,1,0.9525741254760638,-0.43494918942451477,-3.4349491596221924,assist,Yes
2854,1,1,0.8175744584140004,-0.7492700815200806,-2.249269962310791,assist,Yes
2855,1,1,0.6224593312018546,-1.0405758619308472,-1.5405758619308472,assist,yes
2856,1,1,0.798186768138228,-0.7427402138710022,-2.1177401542663574,assist,yes
2857,1,1,0.7310585786300049,-0.8209489583969116,-1.8209489583969116,assist,Yes
2858,1,1,0.9046505402422645,-0.7970671057701111,-3.047067165374756,assist,Yes
2859,1,1,0.7549150089235336,-0.9651845693588257,-2.0901846885681152,assist,Yes
2860,1,0,0.2942149597859341,-1.7148106098175049,-0.8398105502128601,assist,No
2861,1,1,0.880797071719777,-0.5547047257423401,-2.5547046661376953,assist,Yes
2862,1,1,0.7057850402140659,-0.8110057711601257,-1.6860058307647705,assist,Yes
2863,1,0,0.10669058826486906,-2.8504953384399414,-0.7254952788352966,assist,No
2864,1,1,0.6513548646660542,-1.0471670627593994,-1.6721670627593994,assist,Yes
2865,1,1,0.754914997895581,-0.9516295790672302,-2.076629638671875,assist,Yes
2866,1,1,0.8933094174159129,-0.803611159324646,-2.9286112785339355,assist,Yes
2867,1,1,0.9579122720843811,-0.7399110794067383,-3.8649110794067383,assist,Yes
2868,1,1,0.9465966671870767,-0.6316981911659241,-3.5066981315612793,assist,Yes
2869,1,1,0.8933094060543487,-0.8037283420562744,-2.9287283420562744,assist,Yes
2870,1,1,0.867035752930664,-0.7150703072547913,-2.5900702476501465,assist,yes
2871,1,1,0.8175744939732856,-0.792098879814148,-2.2920989990234375,assist,Yes
2872,1,1,0.7772998818103892,-0.7703498601913452,-2.0203499794006348,assist,yes
2873,1,1,0.9046505248181417,-0.5831972360610962,-2.8331971168518066,assist,Yes
2874,1,1,0.7310585669110203,-0.9520111680030823,-1.9520111083984375,assist,Yes
2875,1,1,0.9465966762263737,-0.6343058347702026,-3.509305953979492,assist,Yes
2876,1,1,0.9465966641739773,-0.6919318437576294,-3.56693172454834,assist,yes
2877,1,0,0.46879062662624377,-1.340305209159851,-1.215305209159851,assist,no
2878,1,0,0.5,-1.1566979885101318,-1.1566979885101318,assist,No
2879,1,1,0.8807970842359877,-0.7134732604026794,-2.713473320007324,assist,Yes
2880,1,1,0.8670357735451834,-0.7218016386032104,-2.5968017578125,assist,Yes
2881,1,1,0.867035752930664,-0.7302709221839905,-2.6052708625793457,assist,Yes
2882,1,1,0.6224593312018546,-0.9689497947692871,-1.468949794769287,assist,yes
2883,1,1,0.8354835289107309,-0.6210315823554993,-2.2460315227508545,assist,Yes
2884,1,1,0.9626731105140616,-0.7337539792060852,-3.9837539196014404,assist,Yes
2885,1,1,0.9046505248181417,-0.6795789003372192,-2.9295787811279297,assist,yes
2886,1,1,0.9579122696813394,-0.477192223072052,-3.6021921634674072,assist,yes
2887,1,1,0.7772998611746911,-0.6644128561019897,-1.9144128561019897,assist,Yes
2888,1,1,0.9241418241572634,-0.6632542014122009,-3.1632542610168457,assist,Yes
2889,1,1,0.9149009642742806,-0.6745318174362183,-3.049531936645508,assist,yes
2890,1,1,0.9324533088603709,-0.7054765224456787,-3.3304765224456787,assist,yes
2891,1,1,0.9465966762263737,-0.5842794179916382,-3.4592795372009277,assist,Yes
2892,1,1,0.9465966671870767,-0.6859822869300842,-3.5609822273254395,assist,Yes
2893,1,1,0.6513548646660542,-1.0208021402359009,-1.6458021402359009,assist,Yes
2894,1,0,0.05340332678672523,-3.502228260040283,-0.6272282004356384,assist,no
2895,1,1,0.8807970654616711,-0.8098422288894653,-2.809842109680176,assist,Yes
2896,1,1,0.679178699175393,-0.8851876258850098,-1.6351876258850098,assist,yes
2897,1,1,0.8175744584140004,-0.6884933710098267,-2.188493251800537,assist,Yes
2898,1,1,0.9525741268224334,-0.7446067333221436,-3.7446067333221436,assist,Yes
2899,1,0,0.24508501313237172,-2.0022592544555664,-0.8772592544555664,assist,no
2900,1,1,0.7772998508568416,-0.8896871209144592,-2.1396870613098145,assist,Yes
2901,1,1,0.9324533126145177,-0.3854793906211853,-3.01047945022583,assist,Yes
2902,1,0,0.37754066879814546,-1.490017056465149,-0.9900170564651489,assist,No
2903,1,1,0.9525741241296944,-0.5722916722297668,-3.572291612625122,assist,Yes
2904,1,1,0.8933094060543487,-0.6393296718597412,-2.764329671859741,assist,Yes
2905,1,1,0.9399133531922388,-0.6405941843986511,-3.390594244003296,assist,Yes
2906,1,1,0.939913343093499,-0.6383110284805298,-3.3883109092712402,assist,yes
2907,1,1,0.5926665999540697,-1.1006669998168945,-1.4756669998168945,assist,Yes
2908,1,1,0.8670357598021706,-0.6767568588256836,-2.5517568588256836,assist,Yes
2909,1,0,0.24508501313237172,-1.9482760429382324,-0.8232760429382324,assist,no
2910,1,1,0.9669140235181256,-0.6127347350120544,-3.987734794616699,assist,Yes
2911,1,1,0.6791787121629466,-0.7449595332145691,-1.4949595928192139,assist,Yes
2912,1,1,0.8354835207180245,-0.7264405488967896,-2.3514404296875,assist,Yes
2913,1,1,0.9324533088603709,-0.6535189151763916,-3.2785189151763916,assist,Yes
2914,1,1,0.8175744761936437,-0.7120161056518555,-2.2120161056518555,assist,yes
2915,1,1,0.6513548646660542,-1.0666688680648804,-1.6916688680648804,assist,Yes
2916,1,1,0.7772998508568416,-0.6533494591712952,-1.9033493995666504,assist,Yes
2917,1,1,0.9579122720843811,-0.73726487159729,-3.86226487159729,assist,Yes
2918,1,1,0.9046505402422645,-0.5782091021537781,-2.828209161758423,assist,Yes
2919,1,0,0.34864513533394575,-1.343490719795227,-0.718490719795227,assist,No
2920,1,1,0.9525741268224334,-0.6228852272033691,-3.622885227203369,assist,Yes
2921,1,1,0.914900945711678,-0.6201969385147095,-2.99519681930542,assist,Yes
2922,1,1,0.9324533051062237,-0.5960362553596497,-3.221036195755005,assist,Yes
2923,1,1,0.8519527869325346,-0.7401624917984009,-2.4901623725891113,assist,yes
2924,1,1,0.7981867873410141,-0.6955024600028992,-2.070502519607544,assist,yes
2925,1,1,0.8354835289107309,-0.6988683342933655,-2.3238682746887207,assist,Yes
2926,1,0,0.3775406828054583,-1.345402479171753,-0.8454025387763977,assist,No
2927,1,1,0.5312093733737563,-1.0937408208847046,-1.2187408208847046,assist,Yes
2928,1,1,0.9241418241572634,-0.6671027541160583,-3.167102813720703,assist,Yes
2929,1,1,0.8175744850834649,-0.7389184832572937,-2.2389185428619385,assist,Yes
2930,1,1,0.9465966641739773,-0.6912633180618286,-3.566263198852539,assist,yes
2931,1,1,0.8933094060543487,-0.6872186660766602,-2.81221866607666,assist,yes
2932,1,1,0.5621765008857981,-0.9893029928207397,-1.2393029928207397,assist,Yes
2933,1,1,0.8354835452961425,-0.816792905330658,-2.4417929649353027,assist,Yes
2934,1,1,0.9241418241572634,-0.7704309821128845,-3.2704310417175293,assist,Yes
2935,1,1,0.9465966702001757,-0.6371428966522217,-3.5121428966522217,assist,yes
2936,1,1,0.9579122708828604,-0.4316435158252716,-3.556643486022949,assist,Yes
2937,1,1,0.9046505248181417,-0.6267210245132446,-2.876720905303955,assist,Yes
2938,1,1,0.952574129515172,-0.6322142481803894,-3.632214307785034,assist,yes
2939,1,1,0.5926665999540697,-1.0255699157714844,-1.4005699157714844,assist,Yes
2940,1,1,0.9241418241572634,-0.7713391184806824,-3.271339178085327,assist,Yes
2941,1,1,0.9149009596336303,-0.6203128695487976,-2.9953129291534424,assist,yes
2942,1,1,0.9241418241572634,-0.6632127165794373,-3.163212776184082,assist,Yes
2943,1,1,0.9465966671870767,-0.7484288811683655,-3.6234288215637207,assist,Yes
2944,1,1,0.7310585786300049,-0.951364278793335,-1.951364278793335,assist,Yes
2945,1,1,0.8354835207180245,-0.7506567239761353,-2.3756566047668457,assist,yes
2946,1,1,0.8670357735451834,-0.7881420850753784,-2.663142204284668,assist,Yes
2947,1,1,0.679178699175393,-1.06602144241333,-1.81602144241333,assist,Yes
2948,1,1,0.9149009549929797,-0.6150796413421631,-2.990079641342163,assist,Yes
2949,1,0,0.4073333856566001,-1.1744275093078613,-0.7994274497032166,assist,No
2950,1,1,0.7772998714925403,-0.6640684008598328,-1.9140684604644775,assist,Yes
2951,1,1,0.9324533013520764,-0.697426438331604,-3.3224263191223145,assist,Yes
2952,1,1,0.9046505351008906,-0.6265592575073242,-2.876559257507324,assist,Yes
2953,1,1,0.914900950352329,-0.6675654053688049,-3.04256534576416,assist,Yes
2954,1,1,0.9324533013520764,-0.5932146310806274,-3.218214511871338,assist,Yes
2955,1,1,0.8807970654616711,-0.6545034646987915,-2.654503345489502,assist,Yes
2956,1,1,0.8354835452961425,-0.6926390528678894,-2.317639112472534,assist,yes
2957,1,1,0.8175744584140004,-0.8387428522109985,-2.338742733001709,assist,Yes
2958,1,1,0.9399133531922388,-0.7538554072380066,-3.5038554668426514,assist,Yes
2959,1,1,0.5312093733737563,-1.2160041332244873,-1.3410041332244873,assist,Yes
2960,1,1,0.9149009596336303,-0.7858173251152039,-3.1608173847198486,assist,Yes
2961,1,1,0.7549150089235336,-0.9050658941268921,-2.0300660133361816,assist,yes
2962,1,1,0.8933094060543487,-0.6870076656341553,-2.8120076656341553,assist,Yes
2963,1,1,0.7981867777396212,-0.832310676574707,-2.207310676574707,assist,Yes
2964,1,1,0.9241418283357702,-0.5185788869857788,-3.0185790061950684,assist,Yes
2965,1,1,0.9740426367741291,-0.6629021167755127,-4.287901878356934,assist,yes
2966,1,1,0.9525741241296944,-0.68415766954422,-3.684157609939575,assist,Yes
2967,1,1,0.9399133531922388,-0.6984602808952332,-3.448460340499878,assist,yes
2968,1,1,0.7772998508568416,-0.8884008526802063,-2.1384007930755615,assist,Yes
2969,1,1,0.9046505402422645,-0.7367181181907654,-2.98671817779541,assist,yes
2970,1,1,0.7772998508568416,-0.924852192401886,-2.174852132797241,assist,Yes
2971,1,1,0.8175744673038221,-0.8492949604988098,-2.349294900894165,assist,Yes
2972,1,1,0.9579122720843811,-0.6824045181274414,-3.8074045181274414,assist,yes
2973,1,1,0.9399133464597458,-0.5879414677619934,-3.3379414081573486,assist,Yes
2974,1,1,0.9241418199787566,-0.7110476493835449,-3.211047649383545,assist,Yes
2975,1,0,0.2689414330889798,-1.9024159908294678,-0.9024160504341125,assist,No
2976,1,1,0.8354835207180245,-0.8664456605911255,-2.491445541381836,assist,Yes
2977,1,1,0.8519528170040853,-0.7330673933029175,-2.483067512512207,assist,yes
2978,1,1,0.9579122720843811,-0.7385745048522949,-3.863574504852295,assist,Yes
2979,1,1,0.9324533013520764,-0.5962992906570435,-3.221299171447754,assist,yes
2980,1,1,0.9465966702001757,-0.6908562183380127,-3.5658562183380127,assist,Yes
2981,1,1,0.9241418158002492,-0.7115007042884827,-3.211500644683838,assist,Yes
2982,1,1,0.9241418241572634,-0.7155107855796814,-3.215510845184326,assist,yes
2983,1,1,0.6513548646660542,-1.029369831085205,-1.654369831085205,assist,Yes
2984,1,1,0.8519528132451416,-0.48282042145729065,-2.232820510864258,assist,Yes
2985,1,1,0.8519528170040853,-0.8492826223373413,-2.599282741546631,assist,Yes
2986,1,1,0.679178699175393,-0.9000750780105591,-1.650075078010559,assist,Yes
2987,1,1,0.5926665999540697,-1.1253230571746826,-1.5003230571746826,assist,Yes
2988,1,1,0.9149009596336303,-0.6644975543022156,-3.0394976139068604,assist,yes
2989,1,1,0.5621765008857981,-1.2049235105514526,-1.4549235105514526,assist,Yes
2990,1,1,0.9046505402422645,-0.7357408404350281,-2.985740900039673,assist,yes
2991,1,1,0.851952809486198,-0.6390685439109802,-2.389068603515625,assist,yes
2992,1,1,0.9241418241572634,-0.7144970297813416,-3.2144970893859863,assist,yes
2993,1,1,0.9046505351008906,-0.7358810901641846,-2.9858810901641846,assist,Yes
2994,1,1,0.914900950352329,-0.7244780659675598,-3.099478006362915,assist,Yes
2995,1,1,0.9399133464597458,-0.7543087601661682,-3.5043087005615234,assist,Yes
2996,1,1,0.9324533126145177,-0.649326741695404,-3.274326801300049,assist,Yes
2997,1,1,0.880797071719777,-0.5947015881538391,-2.5947015285491943,assist,yes
2998,1,1,0.939913356558485,-0.5911940336227417,-3.3411941528320312,assist,yes
2999,1,0,0.2689414330889798,-1.7616028785705566,-0.7616029381752014,assist,no
3000,0,0,0.04742587755326745,-3.122689723968506,-0.12268982082605362,assist,no
3001,0,0,0.16451646699291617,-1.873363733291626,-0.24836376309394836,assist,no
3002,0,0,0.4378234991142019,-0.8980182409286499,-0.6480182409286499,assist,no
3003,0,1,0.5312093733737563,-0.7596772909164429,-0.8846772909164429,assist,yes
3004,0,0,0.03732688359596404,-3.343891143798828,-0.09389103949069977,assist,no
3005,0,1,0.8807970873650403,-0.2137245237827301,-2.2137246131896973,assist,yes
3006,0,0,0.06008664512463808,-3.1555137634277344,-0.4055136740207672,assist,no
3007,0,1,0.5621765008857981,-0.6555497050285339,-0.9055497050285339,assist,yes
3008,0,1,0.5926665999540697,-0.5979734063148499,-0.9729734063148499,assist,yes
3009,0,0,0.13296423676207594,-2.0622475147247314,-0.18724748492240906,assist,no
3010,0,1,0.5926665999540697,-0.6316968202590942,-1.0066968202590942,assist,yes
3011,0,0,0.13296423676207594,-2.0936520099639893,-0.21865198016166687,assist,no
3012,0,0,0.18242553047372242,-1.7331407070159912,-0.2331407517194748,assist,no
3013,0,0,0.29421497216298875,-1.3089431524276733,-0.43394315242767334,assist,no
3014,0,0,0.08509904268669496,-2.561793088912964,-0.18679305911064148,assist,no
3015,0,0,0.01798621154126062,-4.136813640594482,-0.13681373000144958,assist,no
3016,0,0,0.4073334000459302,-0.9441477060317993,-0.5691477060317993,assist,no
3017,0,0,0.4378234991142019,-0.9066963195800781,-0.6566963195800781,assist,no
3018,0,0,0.34864513533394575,-1.1440060138702393,-0.5190060138702393,assist,no
3019,0,0,0.015906388446265834,-4.30876350402832,-0.1837632954120636,assist,no
3020,0,0,0.34864513533394575,-1.1173934936523438,-0.49239349365234375,assist,no
3021,0,0,0.0534033328129234,-3.089628219604492,-0.21462827920913696,assist,no
3022,0,0,0.08509904964767095,-2.884782075881958,-0.5097821354866028,assist,no
3023,0,1,0.5312093733737563,-0.7420409321784973,-0.8670409321784973,assist,yes
3024,0,0,0.16451645880021026,-1.881299614906311,-0.25629958510398865,assist,no
3025,0,0,0.2689414330889798,-1.4379432201385498,-0.4379432797431946,assist,no
3026,0,0,0.2018132270610754,-1.6825321912765503,-0.3075322210788727,assist,no
3027,0,1,0.9149009642742806,-0.1884702444076538,-2.5634703636169434,assist,yes
3028,0,1,0.9525741268224334,-0.13775968551635742,-3.1377596855163574,assist,yes
3029,0,0,0.04742587654349034,-3.1133408546447754,-0.11334092915058136,assist,no
3030,0,0,0.2689414272294874,-1.4382085800170898,-0.43820860981941223,assist,no
3031,0,0,0.06754669864792355,-2.7696375846862793,-0.14463770389556885,assist,no
3032,0,0,0.10669060104662924,-2.301424264907837,-0.17642433941364288,assist,no
3033,0,0,0.22270014398423357,-1.5547230243682861,-0.3047230541706085,assist,no
3034,0,0,0.5,-0.7539100050926208,-0.7539100050926208,assist,no
3035,0,1,0.798186768138228,-0.29963189363479614,-1.6746318340301514,assist,yes
3036,0,1,0.6224593312018546,-0.5262280702590942,-1.0262280702590942,assist,yes
3037,0,1,0.7057850402140659,-0.4507848620414734,-1.3257849216461182,assist,yes
3038,0,0,0.2689414213699951,-1.3959155082702637,-0.39591550827026367,assist,no
3039,0,0,0.5,-0.7609744071960449,-0.7609744071960449,assist,no
3040,0,0,0.10669059820623795,-2.2827765941619873,-0.1577766388654709,assist,no
3041,0,1,0.6224593171945417,-0.5494309067726135,-1.0494308471679688,assist,yes
3042,0,0,0.32082130082460697,-1.1843122243881226,-0.43431222438812256,assist,no
3043,0,0,0.06754668738548215,-2.8976688385009766,-0.2726687788963318,assist,no
3044,0,1,0.6791786926816161,-0.4966212809085846,-1.2466212511062622,assist,yes
3045,0,1,0.5926665999540697,-0.6177973747253418,-0.9927973747253418,assist,yes
3046,0,0,0.017986208646117444,-4.0784993171691895,-0.07849924266338348,assist,no
3047,0,0,0.24508501313237172,-1.4601260423660278,-0.33512604236602783,assist,no
3048,0,0,0.16451645470385742,-1.8814237117767334,-0.2564236521720886,assist,no
3049,0,0,0.5,-0.7667239308357239,-0.7667239308357239,assist,no
3050,0,0,0.34864513533394575,-1.1733920574188232,-0.5483920574188232,assist,no
3051,0,0,0.5,-0.7582002878189087,-0.7582002878189087,assist,no
3052,0,1,0.5621765008857981,-0.6209919452667236,-0.8709919452667236,assist,yes
3053,0,0,0.10669059394565118,-2.402912139892578,-0.2779121398925781,assist,no
3054,0,0,0.11920291732853862,-2.1845107078552246,-0.18451066315174103,assist,no
3055,0,1,0.7310585903489892,-0.37823909521102905,-1.3782391548156738,assist,yes
3056,0,1,0.8519527869325346,-0.27067625522613525,-2.0206761360168457,assist,yes
3057,0,0,0.5,-0.8043287396430969,-0.8043287396430969,assist,no
3058,0,0,0.02931223371923813,-3.5854716300964355,-0.0854717344045639,assist,no
3059,0,0,0.24508502416032488,-1.466435194015503,-0.3414352536201477,assist,no
3060,0,1,0.6224593312018546,-0.5258361101150513,-1.0258361101150513,assist,yes
3061,0,0,0.1329642419157059,-2.120866298675537,-0.2458663135766983,assist,no
3062,0,1,0.8354835330070839,-0.288512259721756,-1.9135122299194336,assist,yes
3063,0,0,0.29421497216298875,-1.3194094896316528,-0.44440948963165283,assist,no
3064,0,1,0.5312093733737563,-0.7754250764846802,-0.9004250764846802,assist,yes
3065,0,0,0.00970847469068584,-4.681118488311768,-0.056118302047252655,assist,no
3066,0,0,0.13296423676207594,-2.1800930500030518,-0.30509302020072937,assist,no
3067,0,1,0.5926665855647394,-0.6278689503669739,-1.002868890762329,assist,yes
3068,0,0,0.40733341443526055,-1.0454761981964111,-0.6704762578010559,assist,no
3069,0,1,0.5926665999540697,-0.6529713869094849,-1.0279713869094849,assist,yes
3070,0,1,0.6791787121629466,-0.45581597089767456,-1.2058160305023193,assist,yes
3071,0,1,0.6513548646660542,-0.4882713556289673,-1.1132713556289673,assist,yes
3072,0,1,0.5312093733737563,-0.6820811033248901,-0.8070811033248901,assist,yes
3073,0,1,0.5312093733737563,-0.7305803894996643,-0.8555803894996643,assist,yes
3074,0,0,0.02033235408469743,-3.991537570953369,-0.11653760820627213,assist,no
3075,0,0,0.4378234991142019,-0.9414687752723694,-0.6914687752723694,assist,no
3076,0,0,0.004070137081665462,-5.60707950592041,-0.10707934945821762,assist,no
3077,0,1,0.9149009480320036,-0.18814882636070251,-2.5631487369537354,assist,yes
3078,0,0,0.1329642436335826,-2.200209379196167,-0.3252094089984894,assist,no
3079,0,1,0.5621765008857981,-0.6204493045806885,-0.8704493045806885,assist,yes
3080,0,0,0.03732688627322502,-3.3586347103118896,-0.10863468050956726,assist,no
3081,0,0,0.5,-0.7714877128601074,-0.7714877128601074,assist,no
3082,0,0,0.18242552380635632,-1.7896727323532104,-0.28967273235321045,assist,no
3083,0,0,0.20181322226037882,-1.6816169023513794,-0.3066169023513794,assist,no
3084,0,1,0.8519528057272543,-0.24639615416526794,-1.9963961839675903,assist,yes
3085,0,0,0.5,-0.7400882840156555,-0.7400882840156555,assist,no
3086,0,0,0.34864513533394575,-1.0993118286132812,-0.47431182861328125,assist,no
3087,0,0,0.20181322226037882,-1.71474289894104,-0.33974289894104004,assist,no
3088,0,0,0.5,-0.7559863328933716,-0.7559863328933716,assist,no
3089,0,0,0.18242552825126704,-1.902622103691101,-0.40262213349342346,assist,no
3090,0,1,0.5926666143433998,-0.6314257979393005,-1.0064258575439453,assist,yes
3091,0,1,0.7981867729389246,-0.3105509579181671,-1.6855509281158447,assist,yes
3092,0,1,0.7057850216484838,-0.41117385029792786,-1.2861738204956055,assist,yes
3093,0,1,0.5926666143433998,-0.6288666129112244,-1.0038666725158691,assist,yes
3094,0,1,0.8519527944504226,-0.2830377221107483,-2.0330376625061035,assist,yes
3095,0,1,0.5926665999540697,-0.6173428297042847,-0.9923428297042847,assist,yes
3096,0,1,0.679178699175393,-0.4827178716659546,-1.2327178716659546,assist,yes
3097,0,0,0.07585818002124356,-2.6269514560699463,-0.1269514560699463,assist,no
3098,0,0,0.46879062662624377,-0.905548095703125,-0.780548095703125,assist,no
3099,0,0,0.03732688386369013,-3.3502774238586426,-0.10027732700109482,assist,no
3100,0,0,0.18242553047372242,-1.7391574382781982,-0.23915748298168182,assist,no
3101,0,1,0.5926665999540697,-0.645047664642334,-1.020047664642334,assist,yes
3102,0,1,0.6513548646660542,-0.5378752946853638,-1.1628752946853638,assist,yes
3103,0,0,0.04208773212094217,-3.2481062412261963,-0.12310634553432465,assist,no
3104,0,0,0.009708476015869095,-4.686496734619141,-0.061496686190366745,assist,no
3105,0,1,0.679178699175393,-0.43586647510528564,-1.1858664751052856,assist,yes
3106,0,1,0.5621765008857981,-0.6583576202392578,-0.9083576202392578,assist,yes
3107,0,0,0.34864513533394575,-1.1346896886825562,-0.5096896886825562,assist,no
3108,0,0,0.08509903804604459,-2.534853219985962,-0.15985313057899475,assist,no
3109,0,1,0.8354835371034369,-0.2550621032714844,-1.8800621032714844,assist,yes
3110,0,1,0.8519527982093668,-0.28104761242866516,-2.0310475826263428,assist,yes
3111,0,0,0.047425871831197425,-3.1128978729248047,-0.1128978431224823,assist,no
3112,0,0,0.34864513533394575,-1.149330735206604,-0.524330735206604,assist,no
3113,0,1,0.6513548646660542,-0.5256967544555664,-1.1506967544555664,assist,yes
3114,0,0,0.4378234991142019,-0.9282263517379761,-0.6782263517379761,assist,no
3115,0,1,0.8175744850834649,-0.2492021918296814,-1.7492022514343262,assist,yes
3116,0,0,0.1329642333263228,-2.2085766792297363,-0.33357661962509155,assist,no
3117,0,0,0.012431651219072064,-4.471811294555664,-0.09681132435798645,assist,no
3118,0,1,0.8354835411997897,-0.2656073272228241,-1.8906073570251465,assist,yes
3119,0,0,0.22270013882530884,-1.6138489246368408,-0.3638489246368408,assist,no
3120,0,0,0.16451646699291617,-1.8911093473434448,-0.2661093771457672,assist,no
3121,0,0,0.46879062662624377,-0.8230423331260681,-0.6980423331260681,assist,no
3122,0,0,0.16451646699291617,-1.9046509265899658,-0.2796509563922882,assist,no
3123,0,0,0.04742587755326745,-3.0816051959991455,-0.08160529285669327,assist,no
3124,0,0,0.22270013882530884,-1.5539898872375488,-0.30398988723754883,assist,no
3125,0,1,0.8354835411997897,-0.28667137026786804,-1.9116714000701904,assist,yes
3126,0,0,0.26894141551050293,-1.4120537042617798,-0.4120536744594574,assist,no
3127,0,0,0.37754066879814546,-1.0519206523895264,-0.5519206523895264,assist,no
3128,0,1,0.8175744673038221,-0.28841978311538696,-1.7884197235107422,assist,yes
3129,0,1,0.5926666143433998,-0.6320766806602478,-1.0070767402648926,assist,yes
3130,0,1,0.6513548646660542,-0.4972919225692749,-1.122291922569275,assist,yes
3131,0,1,0.867035771827307,-0.21218957006931305,-2.0871896743774414,assist,yes
3132,0,1,0.8354835452961425,-0.2391018271446228,-1.8641018867492676,assist,yes
3133,0,1,0.6791787056691698,-0.49976596236228943,-1.2497659921646118,assist,yes
3134,0,0,0.37754066879814546,-1.0518206357955933,-0.5518206357955933,assist,no
3135,0,1,0.5926665999540697,-0.5685341954231262,-0.9435341954231262,assist,yes
3136,0,0,0.0758581737534831,-2.9180004596710205,-0.41800037026405334,assist,no
3137,0,0,0.2018132270610754,-1.6810894012451172,-0.3060894310474396,assist,no
3138,0,0,0.32082130731838393,-1.2030977010726929,-0.45309773087501526,assist,no
3139,0,1,0.5621765008857981,-0.6997479200363159,-0.9497479200363159,assist,yes
3140,0,0,0.3486451488696663,-1.1101949214935303,-0.48519498109817505,assist,no
3141,0,0,0.04742587317756679,-3.093663215637207,-0.09366321563720703,assist,no
3142,0,0,0.40733341443526055,-1.0050806999206543,-0.6300807595252991,assist,no
3143,0,0,0.32082130082460697,-1.2674680948257446,-0.5174680948257446,assist,no
3144,0,0,0.06754668363133542,-2.841397762298584,-0.21639764308929443,assist,no
3145,0,1,0.6791787056691698,-0.4489994943141937,-1.1989995241165161,assist,yes
3146,0,0,0.09534947518185825,-2.4391183853149414,-0.18911850452423096,assist,no
3147,0,0,0.08509904848750824,-2.5251874923706055,-0.15018753707408905,assist,no
3148,0,0,0.4378234991142019,-0.9542325139045715,-0.7042325139045715,assist,no
3149,0,0,0.4073334000459302,-0.9771448969841003,-0.6021448969841003,assist,no
3150,0,1,0.5926665999540697,-0.606488049030304,-0.981488049030304,assist,yes
3151,0,0,0.3486451488696663,-1.1452796459197998,-0.5202797055244446,assist,no
3152,0,1,0.8175744850834649,-0.2692992091178894,-1.7692992687225342,assist,yes
3153,0,0,0.22270013882530884,-1.5864229202270508,-0.3364229202270508,assist,no
3154,0,0,0.2942149845400438,-1.3937709331512451,-0.5187709927558899,assist,no
3155,0,1,0.5312093733737563,-0.7125978469848633,-0.8375978469848633,assist,yes
3156,0,1,0.8519528132451416,-0.26897159218788147,-2.0189716815948486,assist,yes
3157,0,1,0.6791786861878392,-0.4742658734321594,-1.2242658138275146,assist,yes
3158,0,1,0.8175744673038221,-0.29724985361099243,-1.7972497940063477,assist,yes
3159,0,0,0.3486451217982255,-1.19523024559021,-0.5702301859855652,assist,no
3160,0,0,0.46879062662624377,-0.821369469165802,-0.696369469165802,assist,no
3161,0,0,0.029312230751356316,-3.6268880367279053,-0.12688803672790527,assist,no
3162,0,0,0.20181322226037882,-1.6642181873321533,-0.2892181873321533,assist,no
3163,0,0,0.1066905825840872,-2.336297035217285,-0.2112969160079956,assist,no
3164,0,0,0.4378234991142019,-0.8815552592277527,-0.6315552592277527,assist,no
3165,0,1,0.5621765008857981,-0.771334171295166,-1.021334171295166,assist,yes
3166,0,1,0.9399133473013074,-0.16188029944896698,-2.9118802547454834,assist,yes
3167,0,0,0.24508500761839525,-1.5597718954086304,-0.434771865606308,assist,no
3168,0,0,0.22270013882530884,-1.5645695924758911,-0.3145695924758911,assist,no
3169,0,0,0.14804719051380197,-1.9903674125671387,-0.2403673529624939,assist,no
3170,0,1,0.7772998508568416,-0.30373865365982056,-1.5537385940551758,assist,yes
3171,0,0,0.042087723109535534,-3.2484960556030273,-0.12349593639373779,assist,no
3172,0,0,0.22270014398423357,-1.580873727798462,-0.3308737576007843,assist,no
3173,0,0,0.20181323186177208,-1.6502976417541504,-0.27529770135879517,assist,no
3174,0,0,0.07585817584273653,-2.6866190433502197,-0.18661898374557495,assist,no
3175,0,1,0.5312093733737563,-0.701757550239563,-0.826757550239563,assist,yes
3176,0,0,0.37754066879814546,-1.0363718271255493,-0.5363718271255493,assist,no
3177,0,0,0.3486451217982255,-1.1083950996398926,-0.4833950400352478,assist,no
3178,0,1,0.7057850278370112,-0.40501129627227783,-1.2800112962722778,assist,yes
3179,0,0,0.037326884131416216,-3.3507046699523926,-0.10070458054542542,assist,no
3180,0,1,0.5312093733737563,-0.699831485748291,-0.824831485748291,assist,yes
3181,0,0,0.18242552380635632,-1.8829851150512695,-0.38298511505126953,assist,no
3182,0,0,0.07585817584273653,-2.672314405441284,-0.1723143458366394,assist,no
3183,0,1,0.7981867777396212,-0.28429651260375977,-1.6592965126037598,assist,yes
3184,0,0,0.22270014914315833,-1.5847856998443604,-0.3347857594490051,assist,no
3185,0,1,0.7981867825403176,-0.33083829283714294,-1.7058383226394653,assist,yes
3186,0,0,0.11920292515117029,-2.2826414108276367,-0.2826414406299591,assist,no
3187,0,0,0.08509905254807776,-2.496108055114746,-0.12110815197229385,assist,no
3188,0,0,0.05340332678672523,-3.0126075744628906,-0.13760751485824585,assist,no
3189,0,0,0.06008665017400762,-2.915778636932373,-0.16577863693237305,assist,no
3190,0,0,0.012431653231446594,-4.553889751434326,-0.1788899451494217,assist,no
3191,0,1,0.7772998508568416,-0.3356326222419739,-1.585632562637329,assist,yes
3192,0,0,0.06008665101556925,-2.989912509918213,-0.23991252481937408,assist,no
3193,0,0,0.18242552825126704,-1.8163158893585205,-0.3163159191608429,assist,no
3194,0,1,0.8519527963298947,-0.24524597823619843,-1.9952459335327148,assist,yes
3195,0,0,0.46879062662624377,-0.871525764465332,-0.746525764465332,assist,no
3196,0,1,0.8519528038477825,-0.23685847222805023,-1.9868584871292114,assist,yes
3197,0,1,0.7981867729389246,-0.3194080889225006,-1.6944080591201782,assist,yes
3198,0,0,0.06008665606493926,-2.9159200191497803,-0.16592012345790863,assist,no
3199,0,0,0.012431651950844584,-4.4618706703186035,-0.08687075972557068,assist,no
3200,0,1,0.7549149923816048,-0.3632957637310028,-1.4882957935333252,assist,yes
3201,0,0,0.02033235482673614,-4.002730369567871,-0.12773044407367706,assist,no
3202,0,1,0.8807970779778823,-0.20487427711486816,-2.204874277114868,assist,yes
3203,0,0,0.37754066879814546,-1.0839253664016724,-0.5839253664016724,assist,no
3204,0,1,0.904650536386234,-0.19929049909114838,-2.4492905139923096,assist,yes
3205,0,0,0.34864513533394575,-1.129027009010315,-0.5040270090103149,assist,no
3206,0,1,0.6513548646660542,-0.5055372714996338,-1.1305372714996338,assist,yes
3207,0,0,0.0534033271633626,-2.993995428085327,-0.11899537593126297,assist,no
3208,0,0,0.047425875197120895,-3.1627838611602783,-0.1627839058637619,assist,no
3209,0,0,0.46879062662624377,-0.9733006358146667,-0.8483006358146667,assist,no
3210,0,1,0.9046505376715775,-0.2005145251750946,-2.450514554977417,assist,yes
3211,0,0,0.05340333130637379,-3.0928094387054443,-0.21780946850776672,assist,no
3212,0,0,0.10669059962643358,-2.288525104522705,-0.16352516412734985,assist,no
3213,0,0,0.4073334000459302,-0.9920048117637634,-0.6170048117637634,assist,no
3214,0,0,0.32082129433083023,-1.2415778636932373,-0.4915778338909149,assist,no
3215,0,0,0.02595735719779685,-3.8058929443359375,-0.1808929443359375,assist,no
3216,0,0,0.1066905911052601,-2.2881925106048584,-0.163192480802536,assist,no
3217,0,1,0.8354835330070839,-0.2643182575702667,-1.8893182277679443,assist,yes
3218,0,1,0.8354835289107309,-0.31845909357070923,-1.9434590339660645,assist,yes
3219,0,0,0.5,-0.7921724915504456,-0.7921724915504456,assist,no
3220,0,0,0.34864513533394575,-1.1435880661010742,-0.5185880661010742,assist,no
3221,0,0,0.29421497216298875,-1.3309296369552612,-0.45592963695526123,assist,no
3222,0,1,0.9324533013520764,-0.1481701135635376,-2.773169994354248,assist,yes
3223,0,0,0.24508501864634827,-1.507405400276184,-0.38240543007850647,assist,no
3224,0,0,0.060086646807761206,-2.887002468109131,-0.13700240850448608,assist,no
3225,0,0,0.24508501864634827,-1.5079413652420044,-0.3829413950443268,assist,no
3226,0,0,0.4378234991142019,-0.9050084352493286,-0.6550084352493286,assist,no
3227,0,0,0.22270014914315833,-1.557234525680542,-0.30723458528518677,assist,no
3228,0,0,0.2018132174596823,-1.701851487159729,-0.3268514573574066,assist,no
3229,0,0,0.11920292202211755,-2.2861320972442627,-0.2861320972442627,assist,no
3230,0,0,0.46879062662624377,-0.8557733297348022,-0.7307733297348022,assist,no
3231,0,0,0.1329642436335826,-2.0991592407226562,-0.22415927052497864,assist,no
3232,0,0,0.09534947518185825,-2.4385976791381836,-0.18859779834747314,assist,no
3233,0,1,0.6224593171945417,-0.5433843731880188,-1.043384313583374,assist,yes
3234,0,1,0.6791786861878392,-0.47628074884414673,-1.226280689239502,assist,yes
3235,0,0,0.03308597767364294,-3.4580583572387695,-0.08305833488702774,assist,no
3236,0,0,0.34864513533394575,-1.1878702640533447,-0.5628702640533447,assist,no
3237,0,0,0.2018132270610754,-1.6813818216323853,-0.30638185143470764,assist,no
3238,0,1,0.8519528076067262,-0.23636110126972198,-1.9863611459732056,assist,yes
3239,0,0,0.1480471980316895,-2.0237998962402344,-0.2737998962402344,assist,no
3240,0,1,0.5621765008857981,-0.6426894068717957,-0.8926894068717957,assist,yes
3241,0,0,0.3775406547908327,-1.0220627784729004,-0.5220627188682556,assist,no
3242,0,1,0.6224593171945417,-0.6088655591011047,-1.10886549949646,assist,yes
3243,0,1,0.6513548646660542,-0.49685966968536377,-1.1218596696853638,assist,yes
3244,0,0,0.02297736991002561,-3.88183331489563,-0.13183331489562988,assist,no
3245,0,0,0.11920292515117029,-2.2368738651275635,-0.23687389492988586,assist,no
3246,0,1,0.817574471748733,-0.2870558798313141,-1.7870558500289917,assist,yes
3247,0,1,0.5926665999540697,-0.6289399862289429,-1.0039399862289429,assist,yes
3248,0,1,0.6791787121629466,-0.4745625853538513,-1.224562644958496,assist,yes
3249,0,1,0.8933094003735664,-0.16761904954910278,-2.292618989944458,assist,yes
3250,0,0,0.060086656906500974,-2.8457298278808594,-0.09572994709014893,assist,no
3251,0,1,0.7057850154599563,-0.4099755883216858,-1.284975528717041,assist,yes
3252,0,0,0.46879062662624377,-0.8411259055137634,-0.7161259055137634,assist,no
3253,0,0,0.020332352452212373,-4.016659736633301,-0.1416596919298172,assist,no
3254,0,1,0.9465966641739773,-0.16726887226104736,-3.042268753051758,assist,yes
3255,0,0,0.37754066879814546,-1.08981192111969,-0.5898119211196899,assist,no
3256,0,0,0.13296424706933604,-2.1202003955841064,-0.24520045518875122,assist,no
3257,0,0,0.2018132270610754,-1.6573975086212158,-0.2823975384235382,assist,no
3258,0,0,0.09534946618445303,-2.4498775005340576,-0.1998775154352188,assist,no
3259,0,1,0.731058584489497,-0.4186323583126068,-1.4186323881149292,assist,yes
3260,0,0,0.01243164829198241,-4.471035480499268,-0.09603527188301086,assist,no
3261,0,1,0.7310585786300049,-0.44268786907196045,-1.4426878690719604,assist,yes
3262,0,0,0.32082130731838393,-1.215524435043335,-0.46552446484565735,assist,no
3263,0,1,0.5312093733737563,-0.6722345352172852,-0.7972345352172852,assist,yes
3264,0,0,0.0850990519679964,-2.7220218181610107,-0.3470219075679779,assist,no
3265,0,1,0.6513548511303336,-0.5140743851661682,-1.1390743255615234,assist,yes
3266,0,0,0.04742587284097443,-3.1070590019226074,-0.10705899447202682,assist,no
3267,0,1,0.9046505325302034,-0.16995194554328918,-2.419951915740967,assist,yes
3268,0,1,0.5926665999540697,-0.6284672021865845,-1.0034672021865845,assist,yes
3269,0,0,0.2018132270610754,-1.676200270652771,-0.3012003004550934,assist,no
3270,0,1,0.5926665999540697,-0.6035142540931702,-0.9785142540931702,assist,yes
3271,0,1,0.7549149813536518,-0.38497570157051086,-1.5099756717681885,assist,yes
3272,0,0,0.18242552825126704,-1.7666271924972534,-0.2666272222995758,assist,no
3273,0,1,0.7057850154599563,-0.4187965989112854,-1.2937965393066406,assist,yes
3274,0,0,0.32082130082460697,-1.2695783376693726,-0.5195783376693726,assist,no
3275,0,1,0.7310585786300049,-0.4140712022781372,-1.4140712022781372,assist,yes
3276,0,0,0.13296423504419938,-2.0687155723571777,-0.19371552765369415,assist,no
3277,0,1,0.6513548511303336,-0.5580640435218811,-1.1830639839172363,assist,yes
3278,0,0,0.34864513533394575,-1.1442099809646606,-0.5192099809646606,assist,no
3279,0,0,0.07585817584273653,-2.7875847816467285,-0.28758472204208374,assist,no
3280,0,0,0.09534946232842245,-2.4467527866363525,-0.19675275683403015,assist,no
3281,0,0,0.11920293140927592,-2.1730988025665283,-0.17309889197349548,assist,no
3282,0,1,0.7981867873410141,-0.3102397322654724,-1.6852397918701172,assist,yes
3283,0,0,0.08509904152653235,-2.5388944149017334,-0.16389437019824982,assist,no
3284,0,0,0.00970847855878882,-4.708015441894531,-0.08301565796136856,assist,no
3285,0,0,0.2018132270610754,-1.6867488622665405,-0.3117488920688629,assist,no
3286,0,1,0.5621765008857981,-0.6924678087234497,-0.9424678087234497,assist,yes
3287,0,1,0.7549149923816048,-0.344700425863266,-1.4697004556655884,assist,yes
3288,0,1,0.7310585786300049,-0.46173059940338135,-1.4617305994033813,assist,yes
3289,0,1,0.5312093733737563,-0.7136984467506409,-0.8386984467506409,assist,yes
3290,0,0,0.4378234991142019,-0.8706916570663452,-0.6206916570663452,assist,no
3291,0,1,0.8933094060543487,-0.22333455085754395,-2.348334550857544,assist,yes
3292,0,0,0.3775406547908327,-1.0513277053833008,-0.551327645778656,assist,no
3293,0,0,0.3775406547908327,-1.0652141571044922,-0.5652140974998474,assist,no
3294,0,1,0.7772998508568416,-0.35662657022476196,-1.6066265106201172,assist,yes
3295,0,1,0.8354835371034369,-0.28826022148132324,-1.9132602214813232,assist,yes
3296,0,1,0.5926666143433998,-0.6385366320610046,-1.0135366916656494,assist,yes
3297,0,1,0.7772998714925403,-0.34334439039230347,-1.5933444499969482,assist,yes
3298,0,1,0.9399133557169234,-0.1512080579996109,-2.9012081623077393,assist,yes
3299,0,0,0.2018132174596823,-1.728359341621399,-0.35335931181907654,assist,no
3300,0,0,0.0052201248423797645,-5.418948650360107,-0.1689484864473343,assist,no
3301,0,0,0.46879062662624377,-0.8550220727920532,-0.7300220727920532,assist,no
3302,0,0,0.2942149783515162,-1.2756366729736328,-0.4006367027759552,assist,no
3303,0,0,0.06754669677084987,-2.7376151084899902,-0.1126151978969574,assist,no
3304,0,1,0.7057850278370112,-0.4292938709259033,-1.3042938709259033,assist,yes
3305,0,0,0.09534947004048376,-2.450075387954712,-0.2000754475593567,assist,no
3306,0,0,0.13296424019782924,-2.1801984310150146,-0.30519843101501465,assist,no
3307,0,1,0.914900957313305,-0.2145061194896698,-2.589506149291992,assist,yes
3308,0,0,0.11920291107043361,-2.200206995010376,-0.20020689070224762,assist,no
3309,0,0,0.0330859819640103,-3.4969327449798584,-0.12193285673856735,assist,no
3310,0,0,0.04742587721667508,-3.1402950286865234,-0.1402951180934906,assist,no
3311,0,0,0.3775406828054583,-1.003067970275879,-0.5030680298805237,assist,no
3312,0,0,0.32082130082460697,-1.1920727491378784,-0.4420727491378784,assist,no
3313,0,0,0.0675466911396291,-2.7626216411590576,-0.13762164115905762,assist,no
3314,0,0,0.3775406547908327,-1.0515661239624023,-0.5515660643577576,assist,no
3315,0,0,0.16451646699291617,-1.8761039972305298,-0.2511040270328522,assist,no
3316,0,1,0.7981867729389246,-0.4153119623661041,-1.7903119325637817,assist,yes
3317,0,0,0.32082130082460697,-1.1789319515228271,-0.42893195152282715,assist,no
3318,0,1,0.5621765008857981,-0.6553884148597717,-0.9053884148597717,assist,yes
3319,0,1,0.7057850340255386,-0.4278430640697479,-1.3028430938720703,assist,yes
3320,0,1,0.957912274787803,-0.09813039749860764,-3.223130464553833,assist,yes
3321,0,0,0.14804718675485834,-2.0124292373657227,-0.2624291479587555,assist,no
3322,0,0,0.2018132174596823,-1.6867220401763916,-0.3117220103740692,assist,no
3323,0,1,0.5621765008857981,-0.6958538293838501,-0.9458538293838501,assist,yes
3324,0,0,0.16451645880021026,-1.9828816652297974,-0.357881635427475,assist,no
3325,0,0,0.025957358704815272,-3.803142786026001,-0.17814284563064575,assist,no
3326,0,0,0.24508501864634827,-1.5014536380767822,-0.3764536678791046,assist,no
3327,0,0,0.24508501313237172,-1.55061936378479,-0.42561936378479004,assist,no
3328,0,0,0.020332355717182622,-3.9912867546081543,-0.11628687381744385,assist,no
3329,0,0,0.012431651219072064,-4.453876495361328,-0.07887652516365051,assist,no
3330,0,0,0.4073334000459302,-0.969048023223877,-0.594048023223877,assist,no
3331,0,0,0.32082130082460697,-1.2615834474563599,-0.5115834474563599,assist,no
3332,0,1,0.9149009549929797,-0.21452593803405762,-2.5895259380340576,assist,yes
3333,0,0,0.24508500761839525,-1.4675190448760986,-0.34251901507377625,assist,no
3334,0,1,0.7057850154599563,-0.46271902322769165,-1.3377189636230469,assist,yes
3335,0,0,0.18242551936144574,-1.869302749633789,-0.3693027198314667,assist,no
3336,0,0,0.37754066879814546,-1.0400419235229492,-0.5400419235229492,assist,no
3337,0,0,0.07585818837825822,-2.741971969604492,-0.24197208881378174,assist,no
3338,0,1,0.6513548646660542,-0.5574281215667725,-1.1824281215667725,assist,yes
3339,0,1,0.9149009468718409,-0.15824709832668304,-2.5332469940185547,assist,yes
3340,0,1,0.6224593312018546,-0.5666468143463135,-1.0666468143463135,assist,yes
3341,0,0,0.09534947004048376,-2.4387168884277344,-0.18871694803237915,assist,no
3342,0,1,0.7772998560157665,-0.3362084925174713,-1.586208462715149,assist,yes
3343,0,1,0.5926665999540697,-0.5882495641708374,-0.9632495641708374,assist,yes
3344,0,0,0.02297736740110863,-3.850374698638916,-0.10037458688020706,assist,no
3345,0,0,0.13296425222296632,-2.108968734741211,-0.2339688390493393,assist,no
3346,0,0,0.07585818419975078,-2.8025009632110596,-0.30250102281570435,assist,no
3347,0,0,0.37754066879814546,-1.030896782875061,-0.530896782875061,assist,no
3348,0,0,0.0953494648991095,-2.405424118041992,-0.1554241180419922,assist,no
3349,0,0,0.09534946361376598,-2.4692018032073975,-0.21920178830623627,assist,no
3350,0,0,0.014063626836628337,-4.382938385009766,-0.13293837010860443,assist,no
3351,0,1,0.851952809486198,-0.28159278631210327,-2.031592845916748,assist,yes
3352,0,1,0.8354835371034369,-0.2639347314834595,-1.8889347314834595,assist,yes
3353,0,1,0.6224593171945417,-0.5210893750190735,-1.0210893154144287,assist,yes
3354,0,0,0.18242552380635632,-1.7537126541137695,-0.25371265411376953,assist,no
3355,0,1,0.6513548646660542,-0.586439847946167,-1.211439847946167,assist,yes
3356,0,1,0.6513548782017746,-0.5282041430473328,-1.1532042026519775,assist,yes
3357,0,0,0.02931223202330563,-3.6512997150421143,-0.15129975974559784,assist,no
3358,0,1,0.8519527944504226,-0.2582154870033264,-2.0082154273986816,assist,yes
3359,0,0,0.5,-0.7614333629608154,-0.7614333629608154,assist,no
3360,0,0,0.5,-0.7639079689979553,-0.7639079689979553,assist,no
3361,0,1,0.7310585786300049,-0.42858099937438965,-1.4285809993743896,assist,yes
3362,0,0,0.01098694441170717,-4.56362771987915,-0.06362788379192352,assist,no
3363,0,0,0.5,-0.7732451558113098,-0.7732451558113098,assist,no
3364,0,0,0.22270013882530884,-1.6073575019836426,-0.3573575019836426,assist,no
3365,0,0,0.2942149783515162,-1.2917066812515259,-0.41670671105384827,assist,no
3366,0,0,0.025957355314023947,-3.74870228767395,-0.12370221316814423,assist,no
3367,0,0,0.025957355125646668,-3.7377946376800537,-0.11279455572366714,assist,no
3368,0,0,0.02931222820745785,-3.6532366275787354,-0.1532365381717682,assist,no
3369,0,0,0.37754066879814546,-1.055746078491211,-0.5557460784912109,assist,no
3370,0,0,0.18242552380635632,-1.7647993564605713,-0.2647993564605713,assist,no
3371,0,0,0.1192029188930649,-2.28179931640625,-0.2817992866039276,assist,no
3372,0,1,0.817574471748733,-0.2761639654636383,-1.776163935661316,assist,yes
3373,0,0,0.46879062662624377,-0.8158985376358032,-0.6908985376358032,assist,no
3374,0,0,0.042087730919421175,-3.278668165206909,-0.15366823971271515,assist,no
3375,0,0,0.1645164628965632,-1.9076130390167236,-0.28261303901672363,assist,no
3376,0,0,0.0474258688018665,-3.0813310146331787,-0.08133091777563095,assist,no
3377,0,1,0.867035763237924,-0.21888205409049988,-2.0938820838928223,assist,yes
3378,0,0,0.1480472036701053,-1.9849368333816528,-0.2349368780851364,assist,no
3379,0,0,0.015906392411575272,-4.224380016326904,-0.09938006103038788,assist,no
3380,0,0,0.46879062662624377,-0.8550527691841125,-0.7300527691841125,assist,no
3381,0,0,0.10669059536584675,-2.327829122543335,-0.20282913744449615,assist,no
3382,0,0,0.22270014914315833,-1.5723695755004883,-0.32236963510513306,assist,no
3383,0,1,0.5621765008857981,-0.6551113128662109,-0.9051113128662109,assist,yes
3384,0,0,0.08509904036636974,-2.5483663082122803,-0.1733662486076355,assist,no
3385,0,0,0.4378234991142019,-0.9411448240280151,-0.6911448240280151,assist,no
3386,0,0,0.01590638961253321,-4.225057125091553,-0.10005699098110199,assist,no
3387,0,1,0.7057850278370112,-0.43775248527526855,-1.3127524852752686,assist,yes
3388,0,0,0.3775406828054583,-1.051527500152588,-0.5515275597572327,assist,no
3389,0,0,0.2942149783515162,-1.3439778089523315,-0.46897783875465393,assist,no
3390,0,0,0.009708475908421797,-4.708653926849365,-0.08365386724472046,assist,no
3391,0,1,0.5621765008857981,-0.6492606401443481,-0.8992606401443481,assist,yes
3392,0,0,0.0850990519679964,-2.5154998302459717,-0.14049991965293884,assist,no
3393,0,0,0.07585817479810981,-2.65466046333313,-0.1546603888273239,assist,no
3394,0,0,0.18242552380635632,-1.7827582359313965,-0.2827582359313965,assist,no
3395,0,0,0.04742587452393617,-3.1623423099517822,-0.16234233975410461,assist,no
3396,0,0,0.5,-0.7688919305801392,-0.7688919305801392,assist,no
3397,0,0,0.2689414272294874,-1.4537817239761353,-0.45378175377845764,assist,no
3398,0,0,0.4378234991142019,-0.9359636902809143,-0.6859636902809143,assist,no
3399,0,0,0.5,-0.8495213389396667,-0.8495213389396667,assist,no
3400,0,1,0.8670357494949105,-0.22062239050865173,-2.0956223011016846,assist,yes
3401,0,0,0.04208772491181671,-3.312225818634033,-0.18722574412822723,assist,no
3402,0,1,0.6791786861878392,-0.5141754746437073,-1.2641754150390625,assist,yes
3403,0,0,0.08509904268669496,-2.52675199508667,-0.15175196528434753,assist,no
3404,0,0,0.4378234991142019,-0.9553778171539307,-0.7053778171539307,assist,no
3405,0,0,0.46879062662624377,-0.8448777198791504,-0.7198777198791504,assist,no
3406,0,1,0.8670357666736773,-0.2806548476219177,-2.1556549072265625,assist,yes
3407,0,0,0.1645164628965632,-1.9266953468322754,-0.3016953468322754,assist,no
3408,0,1,0.6224593452091672,-0.5938319563865662,-1.093832015991211,assist,yes
3409,0,0,0.5,-0.7610956430435181,-0.7610956430435181,assist,no
3410,0,1,0.5926665999540697,-0.6415109634399414,-1.0165109634399414,assist,yes
3411,0,0,0.18242551936144574,-1.7595653533935547,-0.2595653235912323,assist,no
3412,0,0,0.06754669630158146,-2.744119644165039,-0.11911972612142563,assist,no
3413,0,0,0.18242553269617778,-1.952181339263916,-0.4521813988685608,assist,no
3414,0,0,0.037326887879581695,-3.357788324356079,-0.1077883392572403,assist,no
3415,0,1,0.7057850340255386,-0.4121735990047455,-1.2871736288070679,assist,yes
3416,0,0,0.5,-0.772389829158783,-0.772389829158783,assist,no
3417,0,1,0.7772998611746911,-0.3566826581954956,-1.6066826581954956,assist,yes
3418,0,0,0.3775406828054583,-1.0578832626342773,-0.5578833222389221,assist,no
3419,0,0,0.2942149783515162,-1.3051577806472778,-0.4301578104496002,assist,no
3420,0,0,0.09534946232842245,-2.5169942378997803,-0.2669942080974579,assist,no
3421,0,1,0.6224593171945417,-0.5499120354652405,-1.0499119758605957,assist,yes
3422,0,0,0.0373268852023206,-3.358614206314087,-0.10861414670944214,assist,no
3423,0,0,0.02297737057907019,-3.908864974975586,-0.15886500477790833,assist,no
3424,0,0,0.1645164628965632,-1.9257512092590332,-0.3007512092590332,assist,no
3425,0,1,0.5312093733737563,-0.7267926335334778,-0.8517926335334778,assist,yes
3426,0,0,0.047425869811643456,-3.147930145263672,-0.1479300707578659,assist,no
3427,0,0,0.2689414213699951,-1.3829174041748047,-0.3829174041748047,assist,no
3428,0,0,0.22270014398423357,-1.6354711055755615,-0.3854711353778839,assist,no
3429,0,0,0.10669059678604234,-2.3262579441070557,-0.20125797390937805,assist,no
3430,0,1,0.8354835330070839,-0.24772348999977112,-1.8727234601974487,assist,yes
3431,0,1,0.867035752930664,-0.24018651247024536,-2.1151864528656006,assist,yes
3432,0,0,0.22270014914315833,-1.563234567642212,-0.3132346272468567,assist,no
3433,0,1,0.6513548646660542,-0.4833498001098633,-1.1083498001098633,assist,yes
3434,0,1,0.5926665999540697,-0.6165847182273865,-0.9915847182273865,assist,yes
3435,0,0,0.0534033328129234,-3.176825761795044,-0.3018258213996887,assist,no
3436,0,0,0.0075772403154006,-4.965032577514648,-0.09003245085477829,assist,no
3437,0,0,0.0600866476493228,-2.877293109893799,-0.12729306519031525,assist,no
3438,0,0,0.06008664428307651,-2.8951454162597656,-0.14514531195163727,assist,no
3439,0,0,0.009708477341052534,-4.717182159423828,-0.09218224883079529,assist,no
3440,0,0,0.4378234991142019,-0.9556429982185364,-0.7056429982185364,assist,no
3441,0,0,0.1066905911052601,-2.299837350845337,-0.17483732104301453,assist,no
3442,0,1,0.8670357477770336,-0.21105872094631195,-2.0860586166381836,assist,yes
3443,0,1,0.7057850154599563,-0.42209750413894653,-1.2970974445343018,assist,yes
3444,0,0,0.3208212878370535,-1.2248597145080566,-0.47485965490341187,assist,no
3445,0,1,0.7549149813536518,-0.36206141114234924,-1.4870613813400269,assist,yes
3446,0,0,0.06754669864792355,-2.754608631134033,-0.12960875034332275,assist,no
3447,0,0,0.32082130082460697,-1.2480109930038452,-0.4980109930038452,assist,no
3448,0,0,0.4378234991142019,-0.8945789337158203,-0.6445789337158203,assist,no
3449,0,1,0.8519527982093668,-0.3539276421070099,-2.1039276123046875,assist,yes
3450,0,0,0.007577240707590084,-5.000065803527832,-0.12506572902202606,assist,no
3451,0,0,0.3775406828054583,-1.0570261478424072,-0.557026207447052,assist,no
3452,0,1,0.5312093733737563,-0.7259507179260254,-0.8509507179260254,assist,yes
3453,0,0,0.16451646699291617,-1.872782826423645,-0.2477828562259674,assist,no
3454,0,0,0.22270012850745968,-1.5894017219543457,-0.3394016623497009,assist,no
3455,0,0,0.20181322226037882,-1.6952178478240967,-0.3202178478240967,assist,no
3456,0,0,0.16451645470385742,-1.8784692287445068,-0.25346916913986206,assist,no
3457,0,0,0.07585818263281055,-2.6110591888427734,-0.11105922609567642,assist,no
3458,0,0,0.06008665606493926,-2.9741370677948,-0.22413717210292816,assist,no
3459,0,0,0.29421497216298875,-1.3674030303955078,-0.4924030303955078,assist,no
3460,0,0,0.05340333431947304,-3.003382921218872,-0.12838301062583923,assist,no
3461,0,0,0.03308597886541159,-3.547652006149292,-0.17265202105045319,assist,no
3462,0,1,0.6513548646660542,-0.6055550575256348,-1.2305550575256348,assist,yes
3463,0,0,0.37754066879814546,-1.0569689273834229,-0.5569689273834229,assist,no
3464,0,0,0.04208773061904093,-3.2181901931762695,-0.0931902602314949,assist,no
3465,0,0,0.3486451285660856,-1.1220691204071045,-0.4970690906047821,assist,no
3466,0,1,0.8807970873650403,-0.22476044297218323,-2.2247605323791504,assist,yes
3467,0,1,0.8175744806385543,-0.3517470061779022,-1.8517470359802246,assist,yes
3468,0,1,0.8670357546485407,-0.21195583045482635,-2.0869557857513428,assist,yes
3469,0,0,0.11920293297380237,-2.227935314178467,-0.22793541848659515,assist,no
3470,0,1,0.7772998663336157,-0.34705957770347595,-1.5970596075057983,assist,yes
3471,0,0,0.06754669020109236,-2.761188507080078,-0.13618849217891693,assist,no
3472,0,1,0.754914975839675,-0.4144197106361389,-1.5394196510314941,assist,yes
3473,0,1,0.7981867729389246,-0.29268041253089905,-1.6676803827285767,assist,yes
3474,0,0,0.37754066879814546,-1.0968906879425049,-0.5968906879425049,assist,no
3475,0,1,0.8670357683915538,-0.2297465056180954,-2.1047465801239014,assist,yes
3476,0,0,0.3208213138121609,-1.2286827564239502,-0.47868281602859497,assist,no
3477,0,0,0.009708476768000214,-4.717553615570068,-0.09255364537239075,assist,no
3478,0,1,0.5312093733737563,-0.7108550071716309,-0.8358550071716309,assist,yes
3479,0,0,0.4378234991142019,-0.9874358177185059,-0.7374358177185059,assist,no
3480,0,0,0.29421497216298875,-1.4366103410720825,-0.5616103410720825,assist,no
3481,0,0,0.06008664428307651,-2.886782646179199,-0.13678254187107086,assist,no
3482,0,0,0.18242551491653522,-1.7687709331512451,-0.26877087354660034,assist,no
3483,0,0,0.3486451217982255,-1.0847959518432617,-0.45979589223861694,assist,no
3484,0,0,0.09534945718704857,-2.4367127418518066,-0.18671265244483948,assist,no
3485,0,0,0.1645164628965632,-1.8675835132598877,-0.2425835132598877,assist,no
3486,0,1,0.8354835371034369,-0.2659037113189697,-1.8909037113189697,assist,yes
3487,0,1,0.7057850154599563,-0.41924482583999634,-1.2942447662353516,assist,yes
3488,0,0,0.5,-0.7762584686279297,-0.7762584686279297,assist,no
3489,0,0,0.10669059536584675,-2.3370699882507324,-0.21207000315189362,assist,no
3490,0,0,0.16451645880021026,-1.9507228136062622,-0.3257227838039398,assist,no
3491,0,0,0.2018132174596823,-1.7094258069992065,-0.33442577719688416,assist,no
3492,0,1,0.6791787056691698,-0.497280091047287,-1.2472801208496094,assist,yes
3493,0,0,0.0850990542883219,-2.513887882232666,-0.13888800144195557,assist,no
3494,0,0,0.06008665101556925,-2.943208694458008,-0.193208709359169,assist,no
3495,0,1,0.7772998560157665,-0.3451855480670929,-1.5951855182647705,assist,yes
3496,0,0,0.24508501313237172,-1.4777131080627441,-0.35271310806274414,assist,no
3497,0,0,0.5,-0.9504872560501099,-0.9504872560501099,assist,no
3498,0,0,0.37754066879814546,-1.0299242734909058,-0.5299242734909058,assist,no
3499,0,0,0.2689414330889798,-1.396221399307251,-0.39622145891189575,assist,no
3500,0,1,0.5926666143433998,-0.6374580264091492,-1.012458086013794,assist,yes
3501,0,1,0.7310585727705126,-0.3946518003940582,-1.3946517705917358,assist,yes
3502,0,0,0.03308597958047282,-3.487049102783203,-0.11204914003610611,assist,no
3503,0,0,0.05340332678672523,-3.032888889312744,-0.15788882970809937,assist,no
3504,0,0,0.2689414096510108,-1.4712915420532227,-0.4712914824485779,assist,no
3505,0,1,0.5621765008857981,-0.779792308807373,-1.029792308807373,assist,yes
3506,0,0,0.14804719051380197,-2.0079634189605713,-0.2579633593559265,assist,no
3507,0,1,0.679178699175393,-0.4486128091812134,-1.1986128091812134,assist,yes
3508,0,0,0.009708474619054318,-4.727743148803711,-0.10274295508861542,assist,no
3509,0,1,0.9241418158002492,-0.14139324426651,-2.6413931846618652,assist,yes
3510,0,1,0.7310585727705126,-0.38441982865333557,-1.3844197988510132,assist,yes
3511,0,1,0.5312093733737563,-0.7656075954437256,-0.8906075954437256,assist,yes
3512,0,0,0.2689414272294874,-1.4131935834884644,-0.41319361329078674,assist,no
3513,0,1,0.5621765008857981,-0.6102712750434875,-0.8602712750434875,assist,yes
3514,0,0,0.053403329799824234,-3.1507322788238525,-0.27573227882385254,assist,no
3515,0,0,0.29421497216298875,-1.4363377094268799,-0.5613377094268799,assist,no
3516,0,0,0.24508501313237172,-1.5080217123031616,-0.3830217123031616,assist,no
3517,0,0,0.006692851667263128,-5.079721927642822,-0.07972203940153122,assist,no
3518,0,1,0.7549149868676283,-0.3622920513153076,-1.4872920513153076,assist,yes
3519,0,0,0.08509904848750824,-2.5419578552246094,-0.16695789992809296,assist,no
3520,0,0,0.2942149783515162,-1.3514771461486816,-0.47647717595100403,assist,no
3521,0,0,0.10669059678604234,-2.4339282512664795,-0.3089282810688019,assist,no
3522,0,1,0.5621765008857981,-0.6582463979721069,-0.9082463979721069,assist,yes
3523,0,1,0.5312093733737563,-0.6893791556358337,-0.8143791556358337,assist,yes
3524,0,1,0.7057850278370112,-0.4894850254058838,-1.3644850254058838,assist,yes
3525,0,0,0.06754668363133542,-2.753622055053711,-0.1286219358444214,assist,no
3526,0,0,0.1645164628965632,-1.8908288478851318,-0.26582884788513184,assist,no
3527,0,0,0.13296424535145931,-2.0904908180236816,-0.21549086272716522,assist,no
3528,0,0,0.24508501864634827,-1.4460922479629517,-0.32109227776527405,assist,no
3529,0,1,0.6224593452091672,-0.5500635504722595,-1.0500636100769043,assist,yes
3530,0,0,0.37754066879814546,-1.0571763515472412,-0.5571763515472412,assist,no
3531,0,0,0.08509903688588204,-2.5007753372192383,-0.12577523291110992,assist,no
3532,0,0,0.22270013366638422,-1.57555091381073,-0.3255508840084076,assist,no
3533,0,1,0.880797071719777,-0.19637304544448853,-2.1963729858398438,assist,yes
3534,0,0,0.020332352749027827,-3.9716100692749023,-0.09661003947257996,assist,no
3535,0,0,0.015906394510857135,-4.2003912925720215,-0.07539147138595581,assist,no
3536,0,0,0.02595735851643796,-3.748572587966919,-0.12357264012098312,assist,no
3537,0,0,0.4073334000459302,-1.0493007898330688,-0.6743007898330688,assist,no
3538,0,1,0.867035752930664,-0.2657974362373352,-2.1407973766326904,assist,yes
3539,0,1,0.5621765008857981,-0.604421079158783,-0.854421079158783,assist,yes
3540,0,0,0.03308597886541159,-3.4717328548431396,-0.09673286974430084,assist,no
3541,0,0,0.09534945590170514,-2.4959518909454346,-0.2459517866373062,assist,no
3542,0,0,0.07585818524437762,-2.6531267166137695,-0.1531267911195755,assist,no
3543,0,0,0.22270014398423357,-1.6016416549682617,-0.3516416847705841,assist,no
3544,0,0,0.05340332829327471,-3.0622406005859375,-0.1872405707836151,assist,no
3545,0,1,0.5621765008857981,-0.6757716536521912,-0.9257716536521912,assist,yes
3546,0,1,0.8519527982093668,-0.22108808159828186,-1.9710880517959595,assist,yes
3547,0,0,0.020332355271959375,-3.9498438835144043,-0.07484398037195206,assist,no
3548,0,0,0.05340333507274787,-3.0006392002105713,-0.12563930451869965,assist,no
3549,0,0,0.03308597886541159,-3.488203287124634,-0.11320330202579498,assist,no
3550,0,0,0.07585817793199003,-2.645888328552246,-0.1458882987499237,assist,no
3551,0,0,0.13296422989056964,-2.102776527404785,-0.227776437997818,assist,no
3552,0,0,0.2942149783515162,-1.3002814054489136,-0.42528143525123596,assist,no
3553,0,0,0.01798621022528639,-4.185664176940918,-0.18566419184207916,assist,no
3554,0,0,0.1480471980316895,-2.001751661300659,-0.2517516613006592,assist,no
3555,0,0,0.29421496597446145,-1.30026113986969,-0.42526111006736755,assist,no
3556,0,0,0.37754066879814546,-1.0517075061798096,-0.5517075061798096,assist,no
3557,0,0,0.4073334000459302,-0.9986369609832764,-0.6236369609832764,assist,no
3558,0,0,0.46879062662624377,-0.8238244652748108,-0.6988244652748108,assist,no
3559,0,1,0.904650536386234,-0.19878815114498138,-2.4487881660461426,assist,yes
3560,0,1,0.6224593452091672,-0.5408572554588318,-1.0408573150634766,assist,yes
3561,0,1,0.7981867825403176,-0.29172655940055847,-1.6667265892028809,assist,yes
3562,0,0,0.042087729117139754,-3.2685112953186035,-0.1435113251209259,assist,no
3563,0,1,0.8807970654616711,-0.25178253650665283,-2.2517824172973633,assist,yes
3564,0,0,0.09534945975773548,-2.418323040008545,-0.16832298040390015,assist,no
3565,0,0,0.4378234991142019,-0.9466864466667175,-0.6966864466667175,assist,no
3566,0,0,0.1480472055495773,-2.0421042442321777,-0.2921043038368225,assist,no
3567,0,1,0.6224593171945417,-0.5417957901954651,-1.0417957305908203,assist,yes
3568,0,1,0.9046505299595163,-0.21187597513198853,-2.4618759155273438,assist,yes
3569,0,0,0.18242551936144574,-1.7743074893951416,-0.2743074595928192,assist,no
3570,0,0,0.0059110695567328965,-5.294933319091797,-0.16993343830108643,assist,no
3571,0,0,0.07585817479810981,-2.741687059402466,-0.24168698489665985,assist,no
3572,0,0,0.053403334696110465,-2.9950971603393555,-0.12009725719690323,assist,no
3573,0,1,0.6224593312018546,-0.6060212850570679,-1.1060212850570679,assist,yes
3574,0,0,0.04208772371029592,-3.2943532466888428,-0.16935314238071442,assist,no
3575,0,1,0.7549149813536518,-0.3548943102359772,-1.4798942804336548,assist,yes
3576,0,0,0.14804719427274565,-1.9717789888381958,-0.2217789590358734,assist,no
3577,0,0,0.22270014398423357,-1.5768275260925293,-0.3268275558948517,assist,no
3578,0,1,0.6224593312018546,-0.5291706323623657,-1.0291706323623657,assist,yes
3579,0,1,0.8807970842359877,-0.2839474081993103,-2.283947467803955,assist,yes
3580,0,1,0.7772998663336157,-0.3570649325847626,-1.607064962387085,assist,yes
3581,0,0,0.37754066879814546,-1.0510194301605225,-0.5510194301605225,assist,no
3582,0,0,0.46879062662624377,-0.8627220392227173,-0.7377220392227173,assist,no
3583,0,0,0.46879062662624377,-0.8715804219245911,-0.7465804219245911,assist,no
3584,0,0,0.02595735719779685,-3.8034112453460693,-0.17841124534606934,assist,no
3585,0,0,0.37754066879814546,-1.140708088874817,-0.6407080888748169,assist,no
3586,0,0,0.4073334000459302,-0.9980241060256958,-0.6230241060256958,assist,no
3587,0,0,0.4378234991142019,-0.9282307624816895,-0.6782307624816895,assist,no
3588,0,0,0.32082130082460697,-1.2354472875595093,-0.4854472875595093,assist,no
3589,0,1,0.880797068590724,-0.266730397939682,-2.266730308532715,assist,yes
3590,0,0,0.047425871831197425,-3.1518800258636475,-0.15187999606132507,assist,no
3591,0,1,0.5621765008857981,-0.6554672122001648,-0.9054672122001648,assist,yes
3592,0,0,0.22270013366638422,-1.5904698371887207,-0.3404698073863983,assist,no
3593,0,0,0.1480472036701053,-1.982352375984192,-0.23235242068767548,assist,no
3594,0,0,0.20181323186177208,-1.728633165359497,-0.35363322496414185,assist,no
3595,0,1,0.9324533107374443,-0.15915581583976746,-2.78415584564209,assist,yes
3596,0,0,0.4073334000459302,-0.9780188798904419,-0.6030188798904419,assist,no
3597,0,0,0.009708477770841793,-4.76713228225708,-0.14213241636753082,assist,no
3598,0,1,0.5312093733737563,-0.7604658007621765,-0.8854658007621765,assist,yes
3599,0,1,0.5926665999540697,-0.6171876192092896,-0.9921876192092896,assist,yes
3600,0,0,0.0675466845698721,-2.7648651599884033,-0.13986505568027496,assist,no
3601,0,0,0.32082129433083023,-1.2465214729309082,-0.4965214431285858,assist,no
3602,0,1,0.5312093733737563,-0.6970627903938293,-0.8220627903938293,assist,yes
3603,0,0,0.025957354937269386,-3.7477269172668457,-0.12272682785987854,assist,no
3604,0,0,0.32082130082460697,-1.1991733312606812,-0.44917333126068115,assist,no
3605,0,1,0.9046505338155469,-0.1884908825159073,-2.438490867614746,assist,yes
3606,0,0,0.16451647108926923,-1.9124419689178467,-0.28744202852249146,assist,no
3607,0,0,0.3208213138121609,-1.2531278133392334,-0.5031278729438782,assist,no
3608,0,1,0.8354835411997897,-0.28563985228538513,-1.9106398820877075,assist,yes
3609,0,1,0.8175744806385543,-0.2785744369029999,-1.7785744667053223,assist,yes
3610,0,0,0.18242552380635632,-1.806634545326233,-0.3066345453262329,assist,no
3611,0,1,0.5621765008857981,-0.6472417116165161,-0.8972417116165161,assist,yes
3612,0,1,0.8175744761936437,-0.29633259773254395,-1.796332597732544,assist,yes
3613,0,0,0.3775406547908327,-1.0300037860870361,-0.5300037264823914,assist,no
3614,0,1,0.754914975839675,-0.3651331067085266,-1.4901330471038818,assist,yes
3615,0,0,0.037326887611855576,-3.358366012573242,-0.10836602002382278,assist,no
3616,0,0,0.2942149597859341,-1.304011344909668,-0.4290112853050232,assist,no
3617,0,0,0.008577484970198416,-4.8248090744018555,-0.07480902224779129,assist,no
3618,0,0,0.022977370913592487,-3.8342325687408447,-0.08423261344432831,assist,no
3619,0,0,0.014063626733319769,-4.323312282562256,-0.07331226021051407,assist,no
3620,0,1,0.7981867729389246,-0.28427544236183167,-1.6592754125595093,assist,yes
3621,0,1,0.8519528019683106,-0.22073376178741455,-1.9707337617874146,assist,yes
3622,0,0,0.0600866476493228,-2.8599283695220947,-0.10992832481861115,assist,no
3623,0,1,0.7981867729389246,-0.3090820610523224,-1.68408203125,assist,yes
3624,0,1,0.8519527906914787,-0.2564338147640228,-2.0064337253570557,assist,yes
3625,0,0,0.4073334000459302,-0.9732575416564941,-0.5982575416564941,assist,no
3626,0,0,0.1480472055495773,-2.0246357917785645,-0.27463585138320923,assist,no
3627,0,1,0.7057850278370112,-0.4952707290649414,-1.3702707290649414,assist,yes
3628,0,1,0.9046505402422645,-0.18839925527572632,-2.438399314880371,assist,yes
3629,0,0,0.04742586846527418,-3.1516332626342773,-0.151633158326149,assist,no
3630,0,0,0.06754668738548215,-2.762824773788452,-0.13782471418380737,assist,no
3631,0,0,0.2942149783515162,-1.2673070430755615,-0.3923070728778839,assist,no
3632,0,1,0.7772998611746911,-0.3368717432022095,-1.5868717432022095,assist,yes
3633,0,0,0.5,-0.7415142059326172,-0.7415142059326172,assist,no
3634,0,0,0.4378234991142019,-0.9286340475082397,-0.6786340475082397,assist,no
3635,0,1,0.6513548646660542,-0.5173181295394897,-1.1423181295394897,assist,yes
3636,0,0,0.04742586846527418,-3.162809133529663,-0.16280902922153473,assist,no
3637,0,0,0.07585818628900447,-2.6999077796936035,-0.19990786910057068,assist,no
3638,0,0,0.11920290950590741,-2.192504405975342,-0.19250428676605225,assist,no
3639,0,0,0.09534947132582737,-2.4621362686157227,-0.21213634312152863,assist,no
3640,0,0,0.007577240371427665,-4.965042591094971,-0.09004247188568115,assist,no
3641,0,0,0.5,-0.7884747982025146,-0.7884747982025146,assist,no
3642,0,0,0.037326890021390696,-3.4435062408447266,-0.19350631535053253,assist,no
3643,0,0,0.017986210488481234,-4.125014781951904,-0.12501481175422668,assist,no
3644,0,1,0.7772998508568416,-0.38663893938064575,-1.636638879776001,assist,yes
3645,0,0,0.4378234991142019,-0.8904539346694946,-0.6404539346694946,assist,no
3646,0,1,0.7310585669110203,-0.41443759202957153,-1.4144375324249268,assist,yes
3647,0,0,0.025957358328060655,-3.7066941261291504,-0.08169417083263397,assist,no
3648,0,1,0.6224593312018546,-0.5496935844421387,-1.0496935844421387,assist,yes
3649,0,0,0.047425871831197425,-3.4190895557403564,-0.41908952593803406,assist,no
3650,0,0,0.0059110692064883365,-5.360677242279053,-0.2356773018836975,assist,no
3651,0,0,0.022977370913592487,-3.942394495010376,-0.19239453971385956,assist,no
3652,0,0,0.5,-0.804825484752655,-0.804825484752655,assist,no
3653,0,1,0.731058584489497,-0.3695521056652069,-1.3695521354675293,assist,yes
3654,0,0,0.11920292515117029,-2.220752477645874,-0.2207525074481964,assist,no
3655,0,0,0.060086646807761206,-2.8772966861724854,-0.12729662656784058,assist,no
3656,0,0,0.022977369575503337,-3.869523048400879,-0.11952303349971771,assist,no
3657,0,0,0.04208772791561884,-3.2403714656829834,-0.1153714656829834,assist,no
3658,0,1,0.7310585669110203,-0.3844044804573059,-1.3844044208526611,assist,yes
3659,0,1,0.8354835452961425,-0.2886952757835388,-1.9136953353881836,assist,yes
3660,0,0,0.3775406547908327,-1.0716218948364258,-0.571621835231781,assist,no
3661,0,0,0.5,-0.7604669332504272,-0.7604669332504272,assist,no
3662,0,0,0.29421497216298875,-1.2882153987884521,-0.41321539878845215,assist,no
3663,0,0,0.10669059962643358,-2.3895339965820312,-0.264534056186676,assist,no
3664,0,0,0.4378234991142019,-0.9095035791397095,-0.6595035791397095,assist,no
3665,0,0,0.05340333431947304,-3.1088244915008545,-0.23382458090782166,assist,no
3666,0,1,0.8354835371034369,-0.27644872665405273,-1.9014487266540527,assist,yes
3667,0,0,0.37754066879814546,-1.0891786813735962,-0.5891786813735962,assist,no
3668,0,0,0.009708475478632619,-4.800745010375977,-0.1757449060678482,assist,no
3669,0,0,0.16451647108926923,-1.9007601737976074,-0.2757602334022522,assist,no
3670,0,0,0.1192029188930649,-2.2955522537231445,-0.29555222392082214,assist,no
3671,0,0,0.29421497216298875,-1.2673237323760986,-0.39232373237609863,assist,no
3672,0,0,0.32082130082460697,-1.2303850650787354,-0.48038506507873535,assist,no
3673,0,1,0.9149009631141181,-0.18842710554599762,-2.563427209854126,assist,yes
3674,0,1,0.7057850154599563,-0.3983822464942932,-1.2733821868896484,assist,yes
3675,0,1,0.5621765008857981,-0.67945396900177,-0.92945396900177,assist,yes
3676,0,0,0.46879062662624377,-0.8417954444885254,-0.7167954444885254,assist,no
3677,0,0,0.34864513533394575,-1.1180301904678345,-0.4930301904678345,assist,no
3678,0,0,0.09534945590170514,-2.4570395946502686,-0.2070394903421402,assist,no
3679,0,1,0.5312093733737563,-0.7159845232963562,-0.8409845232963562,assist,yes
3680,0,0,0.2018132270610754,-1.693250298500061,-0.3182503283023834,assist,no
3681,0,1,0.8807970842359877,-0.23840206861495972,-2.2384021282196045,assist,yes
3682,0,0,0.2018132174596823,-1.6938503980636597,-0.3188503682613373,assist,no
3683,0,0,0.20181322226037882,-1.6969006061553955,-0.3219006061553955,assist,no
3684,0,1,0.679178699175393,-0.48784613609313965,-1.2378461360931396,assist,yes
3685,0,0,0.46879062662624377,-0.8188105821609497,-0.6938105821609497,assist,no
3686,0,0,0.3775406828054583,-1.0682415962219238,-0.5682416558265686,assist,no
3687,0,0,0.46879062662624377,-0.8380728363990784,-0.7130728363990784,assist,no
3688,0,0,0.03308597719693549,-3.447974681854248,-0.07297464460134506,assist,no
3689,0,0,0.07585818002124356,-2.6271960735321045,-0.1271960735321045,assist,no
3690,0,1,0.8807970795424088,-0.21471475064754486,-2.214714765548706,assist,yes
3691,0,0,0.11920293140927592,-2.2005879878997803,-0.20058807730674744,assist,no
3692,0,0,0.24508500761839525,-1.4818631410598755,-0.3568631112575531,assist,no
3693,0,0,0.008577485857225578,-4.832157611846924,-0.082157664000988,assist,no
3694,0,0,0.007577241267860811,-4.999736309051514,-0.12473630905151367,assist,no
3695,0,0,0.008577485477071068,-4.841317176818848,-0.09131718426942825,assist,no
3696,0,1,0.6513548646660542,-0.5518139600753784,-1.1768139600753784,assist,yes
3697,0,1,0.6513548646660542,-0.499126672744751,-1.124126672744751,assist,yes
3698,0,0,0.5,-0.7811703085899353,-0.7811703085899353,assist,no
3699,0,1,0.6513548511303336,-0.49724847078323364,-1.1222484111785889,assist,yes
3700,0,1,0.8354835432479661,-0.22239549458026886,-1.8473955392837524,assist,yes
3701,0,0,0.46879062662624377,-0.8215659856796265,-0.6965659856796265,assist,no
3702,0,0,0.13296423676207594,-2.117377281188965,-0.24237725138664246,assist,no
3703,0,1,0.5621765008857981,-0.6559797525405884,-0.9059797525405884,assist,yes
3704,0,0,0.060086648911665194,-2.8729333877563477,-0.12293336540460587,assist,no
3705,0,0,0.015906389379279733,-4.291731357574463,-0.16673120856285095,assist,no
3706,0,1,0.8519528038477825,-0.2370278686285019,-1.987027883529663,assist,yes
3707,0,0,0.03732688975366457,-3.3385226726531982,-0.08852273970842361,assist,no
3708,0,1,0.6513548646660542,-0.7146145105361938,-1.3396145105361938,assist,yes
3709,0,1,0.9149009468718409,-0.15875588357448578,-2.5337557792663574,assist,yes
3710,0,0,0.017986212067650338,-4.168476581573486,-0.16847670078277588,assist,no
3711,0,0,0.1480471829959148,-2.0336251258850098,-0.2836250066757202,assist,no
3712,0,0,0.32082130731838393,-1.16754150390625,-0.4175415337085724,assist,no
3713,0,1,0.5926665855647394,-0.628089964389801,-1.0030899047851562,assist,yes
3714,0,1,0.904650538956921,-0.18753619492053986,-2.4375362396240234,assist,yes
3715,0,0,0.5,-0.753949761390686,-0.753949761390686,assist,no
3716,0,0,0.46879062662624377,-0.9269461035728455,-0.8019461035728455,assist,no
3717,0,1,0.7549149868676283,-0.3637791872024536,-1.4887791872024536,assist,yes
3718,0,1,0.867035763237924,-0.219539612531662,-2.0945396423339844,assist,yes
3719,0,0,0.020332355717182622,-3.9711713790893555,-0.09617149829864502,assist,no
3720,0,0,0.5,-0.7614575624465942,-0.7614575624465942,assist,no
3721,0,0,0.029312229267415526,-3.6076600551605225,-0.10766000300645828,assist,no
3722,0,0,0.03308597529010575,-3.496931791305542,-0.12193169444799423,assist,no
3723,0,1,0.7981867729389246,-0.4600609838962555,-1.835060954093933,assist,yes
3724,0,1,0.731058584489497,-0.47948405146598816,-1.4794840812683105,assist,yes
3725,0,0,0.02297737258620403,-3.8413844108581543,-0.09138453006744385,assist,no
3726,0,0,0.01798620890931226,-4.186836242675781,-0.18683618307113647,assist,no
3727,0,0,0.34864513533394575,-1.1013023853302002,-0.4763023853302002,assist,no
3728,0,0,0.02931223244728875,-3.6389658451080322,-0.138965904712677,assist,no
3729,0,0,0.014063628696182679,-4.397128582000732,-0.14712870121002197,assist,no
3730,0,1,0.7772998663336157,-0.31892630457878113,-1.5689263343811035,assist,yes
3731,0,1,0.5312093733737563,-0.7707141637802124,-0.8957141637802124,assist,yes
3732,0,1,0.5621765008857981,-0.6307408213615417,-0.8807408213615417,assist,yes
3733,0,0,0.07585818628900447,-2.625514507293701,-0.12551459670066833,assist,no
3734,0,0,0.03308597505175204,-3.4882659912109375,-0.11326588690280914,assist,no
3735,0,1,0.9465966656805269,-0.14409217238426208,-3.019092082977295,assist,yes
3736,0,1,0.7310585669110203,-0.3952518105506897,-1.395251750946045,assist,yes
3737,0,0,0.01590639357784294,-4.376594066619873,-0.2515941858291626,assist,no
3738,0,0,0.0953494738965146,-2.396604299545288,-0.14660440385341644,assist,no
3739,0,1,0.8519527869325346,-0.25551092624664307,-2.0055108070373535,assist,yes
3740,0,0,0.18242552380635632,-1.7666000127792358,-0.26660001277923584,assist,no
3741,0,0,0.033085978627057866,-3.4887053966522217,-0.11370540410280228,assist,no
3742,0,0,0.4378234991142019,-0.9071508049964905,-0.6571508049964905,assist,no
3743,0,1,0.8354835371034369,-0.2765774726867676,-1.9015774726867676,assist,yes
3744,0,0,0.02297736991002561,-3.841865301132202,-0.09186530113220215,assist,no
3745,0,1,0.5312093733737563,-0.7043736577033997,-0.8293736577033997,assist,yes
3746,0,1,0.6224593312018546,-0.5838629007339478,-1.0838629007339478,assist,yes
3747,0,0,0.26894141551050293,-1.3962795734405518,-0.39627954363822937,assist,no
3748,0,0,0.18242551936144574,-1.7459614276885986,-0.24596139788627625,assist,no
3749,0,0,0.5,-0.8011106848716736,-0.8011106848716736,assist,no
3750,0,0,0.2689414213699951,-1.4177759885787964,-0.4177759885787964,assist,no
3751,0,1,0.6224593171945417,-0.5873249173164368,-1.087324857711792,assist,yes
3752,0,1,0.5621765008857981,-0.6582905650138855,-0.9082905650138855,assist,yes
3753,0,1,0.679178699175393,-0.5133132934570312,-1.2633132934570312,assist,yes
3754,0,0,0.09534945718704857,-2.4722487926483154,-0.22224870324134827,assist,no
3755,0,0,0.08509903920620716,-2.580958843231201,-0.2059587687253952,assist,no
3756,0,1,0.5621765008857981,-0.6790834069252014,-0.9290834069252014,assist,yes
3757,0,1,0.7981867873410141,-0.27777761220932007,-1.6527776718139648,assist,yes
3758,0,1,0.8175744850834649,-0.3225178122520447,-1.8225178718566895,assist,yes
3759,0,0,0.3775406547908327,-1.0899052619934082,-0.5899052023887634,assist,no
3760,0,0,0.04208772521219692,-3.2085022926330566,-0.08350222557783127,assist,no
3761,0,0,0.34864513533394575,-1.1671621799468994,-0.5421621799468994,assist,no
3762,0,1,0.7981867825403176,-0.29994890093803406,-1.6749489307403564,assist,yes
3763,0,0,0.24508502416032488,-1.482475757598877,-0.35747581720352173,assist,no
3764,0,1,0.6513548646660542,-0.5053938627243042,-1.1303938627243042,assist,yes
3765,0,0,0.16451646699291617,-1.896514892578125,-0.2715149223804474,assist,no
3766,0,0,0.18242551936144574,-1.776636004447937,-0.2766359746456146,assist,no
3767,0,1,0.6224593312018546,-0.5491617918014526,-1.0491617918014526,assist,yes
3768,0,1,0.7772998611746911,-0.33509910106658936,-1.5850991010665894,assist,yes
3769,0,0,0.24508501313237172,-1.4698596000671387,-0.34485960006713867,assist,no
3770,0,0,0.1480471980316895,-1.9554270505905151,-0.20542705059051514,assist,no
3771,0,0,0.01590639357784294,-4.19518518447876,-0.07018530368804932,assist,no
3772,0,0,0.01590639509399103,-4.247174263000488,-0.12217447906732559,assist,no
3773,0,0,0.010986944897465581,-4.677290439605713,-0.1772906482219696,assist,no
3774,0,1,0.5312093733737563,-0.7236628532409668,-0.8486628532409668,assist,yes
3775,0,0,0.22270013882530884,-1.5902278423309326,-0.3402278423309326,assist,no
3776,0,0,0.2689414096510108,-1.3480885028839111,-0.34808844327926636,assist,no
3777,0,0,0.29421497216298875,-1.2912888526916504,-0.4162888526916504,assist,no
3778,0,0,0.18242552825126704,-1.7570818662643433,-0.25708189606666565,assist,no
3779,0,1,0.8933094131553264,-0.2108396738767624,-2.3358397483825684,assist,yes
3780,0,0,0.2018132174596823,-1.7153364419937134,-0.340336412191391,assist,no
3781,0,0,0.08509904616718289,-2.515756130218506,-0.14075614511966705,assist,no
3782,0,0,0.04742587115801275,-3.139225482940674,-0.13922543823719025,assist,no
3783,0,0,0.1329642333263228,-2.129054546356201,-0.2540544867515564,assist,no
3784,0,0,0.022977367233847502,-3.8698043823242188,-0.1198042631149292,assist,no
3785,0,1,0.754914997895581,-0.35611504316329956,-1.4811151027679443,assist,yes
3786,0,0,0.16451646699291617,-1.8806500434875488,-0.2556500732898712,assist,no
3787,0,0,0.32082130082460697,-1.2825409173965454,-0.5325409173965454,assist,no
3788,0,0,0.32082130082460697,-1.2831354141235352,-0.5331354141235352,assist,no
3789,0,0,0.18242552602881168,-1.7332924604415894,-0.23329247534275055,assist,no
3790,0,1,0.7057850278370112,-0.45006656646728516,-1.3250665664672852,assist,yes
3791,0,1,0.5621765008857981,-0.6922599673271179,-0.9422599673271179,assist,yes
3792,0,0,0.014063628282948357,-4.554361820220947,-0.30436190962791443,assist,no
3793,0,0,0.060086648490884395,-2.8943848609924316,-0.14438483119010925,assist,no
3794,0,0,0.017986211278065763,-4.071399688720703,-0.0713997632265091,assist,no
3795,0,0,0.2689414330889798,-1.3883092403411865,-0.3883092999458313,assist,no
3796,0,0,0.01590639217832175,-4.291927814483643,-0.16692784428596497,assist,no
3797,0,1,0.5312093733737563,-0.7195747494697571,-0.8445747494697571,assist,yes
3798,0,0,0.05340332753999997,-3.0453124046325684,-0.17031235992908478,assist,no
3799,0,0,0.09534947132582737,-2.4081456661224365,-0.1581457406282425,assist,no
3800,0,1,0.5926665855647394,-0.7000377774238586,-1.0750377178192139,assist,yes
3801,0,0,0.037326884666868405,-3.3274941444396973,-0.0774940699338913,assist,no
3802,0,0,0.5,-0.8139346241950989,-0.8139346241950989,assist,no
3803,0,0,0.02931222863144092,-3.58463454246521,-0.08463446795940399,assist,no
3804,0,1,0.5312093733737563,-0.7752918004989624,-0.9002918004989624,assist,yes
3805,0,0,0.009708475263738038,-4.7078680992126465,-0.08286797255277634,assist,no
3806,0,0,0.03308597481339833,-3.4866182804107666,-0.11161816865205765,assist,no
3807,0,1,0.5926665999540697,-0.6286379098892212,-1.0036379098892212,assist,yes
3808,0,1,0.5312093733737563,-0.7047843933105469,-0.8297843933105469,assist,yes
3809,0,0,0.1329642333263228,-2.1637213230133057,-0.2887212634086609,assist,no
3810,0,1,0.9149009584734678,-0.1580476313829422,-2.533047676086426,assist,yes
3811,0,1,0.8519528000888387,-0.22778762876987457,-1.9777876138687134,assist,yes
3812,0,1,0.7057850402140659,-0.42937105894088745,-1.3043711185455322,assist,yes
3813,0,0,0.01406362601015982,-4.397815704345703,-0.14781562983989716,assist,no
3814,0,0,0.5,-0.7831439971923828,-0.7831439971923828,assist,no
3815,0,1,0.5621765008857981,-0.6920066475868225,-0.9420066475868225,assist,yes
3816,0,1,0.9046505440982949,-0.21132172644138336,-2.4613218307495117,assist,yes
3817,0,0,0.11920292828022305,-2.215714693069458,-0.21571475267410278,assist,no
3818,0,0,0.1329642264548166,-2.068408489227295,-0.19340837001800537,assist,no
3819,0,0,0.20181323186177208,-1.687201976776123,-0.3122020363807678,assist,no
3820,0,1,0.8354835309589073,-0.2320139855146408,-1.8570139408111572,assist,yes
3821,0,0,0.22270012850745968,-1.6014885902404785,-0.35148853063583374,assist,no
3822,0,0,0.46879062662624377,-0.8445401787757874,-0.7195401787757874,assist,no
3823,0,1,0.7057850402140659,-0.4115146994590759,-1.2865147590637207,assist,yes
3824,0,0,0.11920292202211755,-2.2192392349243164,-0.2192392349243164,assist,no
3825,0,1,0.6513548646660542,-0.5621274709701538,-1.1871274709701538,assist,yes
3826,0,0,0.4073334000459302,-0.9913815855979919,-0.6163815855979919,assist,no
3827,0,1,0.8175744673038221,-0.2950161099433899,-1.7950160503387451,assist,yes
3828,0,1,0.6224593452091672,-0.5594601035118103,-1.059460163116455,assist,yes
3829,0,1,0.6224593312018546,-0.550047755241394,-1.050047755241394,assist,yes
3830,0,0,0.09534947004048376,-2.3957669734954834,-0.14576703310012817,assist,no
3831,0,1,0.7981867777396212,-0.3206228017807007,-1.6956228017807007,assist,yes
3832,0,1,0.8175744806385543,-0.2973730266094208,-1.7973730564117432,assist,yes
3833,0,0,0.46879062662624377,-0.8453757762908936,-0.7203757762908936,assist,no
3834,0,1,0.7772998663336157,-0.3746611773967743,-1.6246612071990967,assist,yes
3835,0,1,0.679178699175393,-0.4561196565628052,-1.2061196565628052,assist,yes
3836,0,0,0.060086652698692546,-2.8871023654937744,-0.137102410197258,assist,no
3837,0,0,0.4378234991142019,-0.9015659689903259,-0.6515659689903259,assist,no
3838,0,1,0.5621765008857981,-0.6327329277992249,-0.8827329277992249,assist,yes
3839,0,0,0.11920292358664389,-2.206437349319458,-0.2064373642206192,assist,no
3840,0,0,0.4073334000459302,-0.998613178730011,-0.623613178730011,assist,no
3841,0,0,0.0159063898457867,-4.248220920562744,-0.12322080135345459,assist,no
3842,0,1,0.6224593452091672,-0.513629138469696,-1.0136291980743408,assist,yes
3843,0,0,0.010986943844989052,-4.563140392303467,-0.06314050406217575,assist,no
3844,0,0,0.02033234889042724,-4.003587245941162,-0.1285870224237442,assist,no
3845,0,0,0.32082130082460697,-1.277155876159668,-0.527155876159668,assist,no
3846,0,0,0.46879062662624377,-0.855430006980896,-0.730430006980896,assist,no
3847,0,1,0.8354835289107309,-0.2657049298286438,-1.890704870223999,assist,yes
3848,0,0,0.34864513533394575,-1.1019386053085327,-0.4769386053085327,assist,no
3849,0,1,0.6791787056691698,-0.46490153670310974,-1.2149015665054321,assist,yes
3850,0,1,0.5926665999540697,-0.6289000511169434,-1.0039000511169434,assist,yes
3851,0,0,0.10669059820623795,-2.308265447616577,-0.18326549232006073,assist,no
3852,0,0,0.4378234991142019,-0.9183928966522217,-0.6683928966522217,assist,no
3853,0,0,0.32082130082460697,-1.2480310201644897,-0.49803102016448975,assist,no
3854,0,1,0.5621765008857981,-0.6715607643127441,-0.9215607643127441,assist,yes
3855,0,1,0.9046505248181417,-0.17848265171051025,-2.4284825325012207,assist,yes
3856,0,0,0.06754669864792355,-2.7628273963928223,-0.13782751560211182,assist,no
3857,0,1,0.8670357563664174,-0.20346572995185852,-2.078465700149536,assist,yes
3858,0,0,0.10669058968506456,-2.3158531188964844,-0.1908530741930008,assist,no
3859,0,0,0.16451647108926923,-1.8262240886688232,-0.20122414827346802,assist,no
3860,0,1,0.7772998560157665,-0.3174739181995392,-1.5674738883972168,assist,yes
3861,0,1,0.5312093733737563,-0.6708012819290161,-0.7958012819290161,assist,yes
3862,0,0,0.2689414213699951,-1.3577336072921753,-0.3577336072921753,assist,no
3863,0,0,0.18242551491653522,-1.817847490310669,-0.31784743070602417,assist,no
3864,0,0,0.4073334000459302,-0.958663821220398,-0.583663821220398,assist,no
3865,0,0,0.1645164628965632,-1.981356143951416,-0.356356143951416,assist,no
3866,0,0,0.29421497216298875,-1.3201780319213867,-0.4451780319213867,assist,no
3867,0,0,0.033085981248949035,-3.458019733428955,-0.08301982283592224,assist,no
3868,0,0,0.04742587452393617,-3.1624863147735596,-0.16248634457588196,assist,no
3869,0,0,0.00970847598005333,-4.717595100402832,-0.09259504824876785,assist,no
3870,0,0,0.2018132174596823,-1.680928111076355,-0.3059280812740326,assist,no
3871,0,0,0.020332352155396922,-3.9383749961853027,-0.06337493658065796,assist,no
3872,0,0,0.014063630142502889,-4.31189489364624,-0.06189511716365814,assist,no
3873,0,1,0.6513548782017746,-0.4915253520011902,-1.116525411605835,assist,yes
3874,0,1,0.5926665999540697,-0.6143321990966797,-0.9893321990966797,assist,yes
3875,0,0,0.014063628592874095,-4.339597225189209,-0.08959733694791794,assist,no
3876,0,0,0.34864513533394575,-1.1492022275924683,-0.5242022275924683,assist,no
3877,0,0,0.008577485793866491,-4.862698554992676,-0.11269859969615936,assist,no
3878,0,0,0.22270013366638422,-1.6214946508407593,-0.3714946210384369,assist,no
3879,0,1,0.880797076413356,-0.22402359545230865,-2.2240235805511475,assist,yes
3880,0,1,0.7549149813536518,-0.3737167418003082,-1.4987167119979858,assist,yes
3881,0,0,0.2942149597859341,-1.315500259399414,-0.4405001997947693,assist,no
3882,0,1,0.817574471748733,-0.27762022614479065,-1.7776201963424683,assist,yes
3883,0,0,0.08509904674726423,-2.4997451305389404,-0.12474515289068222,assist,no
3884,0,1,0.5312093733737563,-0.7330924868583679,-0.8580924868583679,assist,yes
3885,0,1,0.8175744673038221,-0.25339776277542114,-1.7533977031707764,assist,yes
3886,0,0,0.13296422989056964,-2.189415454864502,-0.3144153654575348,assist,no
3887,0,0,0.1480471980316895,-2.0710504055023193,-0.32105040550231934,assist,no
3888,0,1,0.7772998560157665,-0.3437928259372711,-1.5937927961349487,assist,yes
3889,0,0,0.06008664428307651,-2.9436283111572266,-0.1936282068490982,assist,no
3890,0,1,0.731058584489497,-0.3787554204463959,-1.3787554502487183,assist,yes
3891,0,1,0.9399133557169234,-0.174307718873024,-2.9243078231811523,assist,yes
3892,0,0,0.017986206540559057,-4.185814380645752,-0.18581418693065643,assist,no
3893,0,0,0.37754066879814546,-1.0843498706817627,-0.5843498706817627,assist,no
3894,0,0,0.29421496597446145,-1.2921377420425415,-0.4171377122402191,assist,no
3895,0,0,0.0675466911396291,-2.7623863220214844,-0.13738632202148438,assist,no
3896,0,1,0.8175744761936437,-0.27605271339416504,-1.776052713394165,assist,yes
3897,0,0,0.07585818106587033,-2.6247684955596924,-0.12476851046085358,assist,no
3898,0,1,0.5621765008857981,-0.625857949256897,-0.875857949256897,assist,yes
3899,0,0,0.2018132270610754,-1.6519068479537964,-0.2769068777561188,assist,no
3900,0,0,0.3208213138121609,-1.247342824935913,-0.49734288454055786,assist,no
3901,0,1,0.7981867777396212,-0.2781486511230469,-1.6531486511230469,assist,yes
3902,0,0,0.09534945847239201,-2.4589178562164307,-0.2089177817106247,assist,no
3903,0,0,0.012431650944657377,-4.492193698883057,-0.11719370633363724,assist,no
3904,0,1,0.9046505376715775,-0.18787738680839539,-2.4378774166107178,assist,yes
3905,0,0,0.09534946618445303,-2.4205801486968994,-0.1705801635980606,assist,no
3906,0,1,0.6791787121629466,-0.48769038915634155,-1.2376904487609863,assist,yes
3907,0,0,0.014063623943988737,-4.382361888885498,-0.13236166536808014,assist,no
3908,0,1,0.5926665999540697,-0.6247224807739258,-0.9997224807739258,assist,yes
3909,0,1,0.6791786926816161,-0.4665668308734894,-1.216566801071167,assist,yes
3910,0,1,0.5312093733737563,-0.7347829341888428,-0.8597829341888428,assist,yes
3911,0,0,0.4378234991142019,-0.9142284393310547,-0.6642284393310547,assist,no
3912,0,0,0.22270014914315833,-1.6073033809661865,-0.3573034405708313,assist,no
3913,0,0,0.5,-0.769017219543457,-0.769017219543457,assist,no
3914,0,0,0.01243165240820243,-4.492321014404297,-0.11732114106416702,assist,no
3915,0,0,0.20181323186177208,-1.7026889324188232,-0.327688992023468,assist,no
3916,0,0,0.047425867792089564,-3.2470641136169434,-0.2470639944076538,assist,no
3917,0,1,0.5312093733737563,-0.7103956937789917,-0.8353956937789917,assist,yes
3918,0,0,0.06754668550840877,-2.7788429260253906,-0.15384283661842346,assist,no
3919,0,1,0.8670357546485407,-0.22931675612926483,-2.1043167114257812,assist,yes
3920,0,0,0.1329642436335826,-2.09348726272583,-0.21848729252815247,assist,no
3921,0,0,0.01798621259404007,-4.168448448181152,-0.16844859719276428,assist,no
3922,0,0,0.20181323186177208,-1.7731385231018066,-0.3981385827064514,assist,no
3923,0,0,0.02931223244728875,-3.684229850769043,-0.18422991037368774,assist,no
3924,0,0,0.1480471980316895,-2.118669033050537,-0.3686690330505371,assist,no
3925,0,1,0.8670357735451834,-0.26321208477020264,-2.138212203979492,assist,yes
3926,0,0,0.46879062662624377,-0.8665454387664795,-0.7415454387664795,assist,no
3927,0,0,0.03732688573777281,-3.4643781185150146,-0.21437807381153107,assist,no
3928,0,0,0.025957357951306048,-3.7882344722747803,-0.16323450207710266,assist,no
3929,0,1,0.7057850216484838,-0.41999271512031555,-1.2949926853179932,assist,yes
3930,0,1,0.7772998611746911,-0.31765127182006836,-1.5676512718200684,assist,yes
3931,0,1,0.679178699175393,-0.514004111289978,-1.264004111289978,assist,yes
3932,0,1,0.9149009491921662,-0.18782837688922882,-2.562828302383423,assist,yes
3933,0,0,0.06754669489377622,-2.752309799194336,-0.1273098587989807,assist,no
3934,0,1,0.6513548511303336,-0.48835664987564087,-1.113356590270996,assist,yes
3935,0,0,0.22270013882530884,-1.5911848545074463,-0.3411848545074463,assist,no
3936,0,1,0.5621765008857981,-0.6467939019203186,-0.8967939019203186,assist,yes
3937,0,0,0.22270013882530884,-1.5804564952850342,-0.3304564952850342,assist,no
3938,0,0,0.2942149845400438,-1.280893087387085,-0.40589314699172974,assist,no
3939,0,0,0.13296423676207594,-2.18117618560791,-0.30617615580558777,assist,no
3940,0,1,0.7549149923816048,-0.3478712737560272,-1.4728713035583496,assist,yes
3941,0,0,0.4378234991142019,-0.9067748785018921,-0.6567748785018921,assist,no
3942,0,0,0.5,-0.7858906388282776,-0.7858906388282776,assist,no
3943,0,1,0.731058584489497,-0.4285587966442108,-1.4285588264465332,assist,yes
3944,0,0,0.11920292202211755,-2.3370416164398193,-0.33704161643981934,assist,no
3945,0,0,0.46879062662624377,-0.8731709718704224,-0.7481709718704224,assist,no
3946,0,0,0.053403329423186846,-2.981646776199341,-0.10664676874876022,assist,no
3947,0,0,0.3208212878370535,-1.2149884700775146,-0.4649884104728699,assist,no
3948,0,0,0.20181322226037882,-1.664747953414917,-0.289747953414917,assist,no
3949,0,1,0.8175744850834649,-0.2871038317680359,-1.7871038913726807,assist,yes
3950,0,0,0.4378234991142019,-0.8891439437866211,-0.6391439437866211,assist,no
3951,0,0,0.4378234991142019,-0.9180721640586853,-0.6680721640586853,assist,no
3952,0,0,0.3486451217982255,-1.0866611003875732,-0.46166104078292847,assist,no
3953,0,0,0.053403333566198224,-3.0110201835632324,-0.1360202580690384,assist,no
3954,0,0,0.07585818419975078,-2.6324093341827393,-0.13240939378738403,assist,no
3955,0,0,0.042087729117139754,-3.572659730911255,-0.44765976071357727,assist,no
3956,0,0,0.03308597552845946,-3.5458714962005615,-0.17087140679359436,assist,no
3957,0,0,0.007577241660050344,-4.956092357635498,-0.08109240978956223,assist,no
3958,0,0,0.16451646699291617,-1.934982419013977,-0.30998244881629944,assist,no
3959,0,0,0.4073334000459302,-0.9829146265983582,-0.6079146265983582,assist,no
3960,0,0,0.4378234991142019,-0.8911031484603882,-0.6411031484603882,assist,no
3961,0,1,0.6513548714339145,-0.4967770278453827,-1.121777057647705,assist,yes
3962,0,1,0.7057850154599563,-0.4921160340309143,-1.3671159744262695,assist,yes
3963,0,0,0.2942149783515162,-1.3089042901992798,-0.4339043200016022,assist,no
3964,0,0,0.11920290950590741,-2.227327823638916,-0.22732770442962646,assist,no
3965,0,0,0.08509905312815914,-2.5533502101898193,-0.1783503144979477,assist,no
3966,0,0,0.11920292045759123,-2.2172725200653076,-0.21727250516414642,assist,no
3967,0,0,0.04208773001828046,-3.208960771560669,-0.08396082371473312,assist,no
3968,0,1,0.5312093733737563,-0.7760353684425354,-0.9010353684425354,assist,yes
3969,0,0,0.042087727615238615,-3.2090444564819336,-0.084044449031353,assist,no
3970,0,1,0.5926665999540697,-0.6308166980743408,-1.0058166980743408,assist,yes
3971,0,0,0.06754668738548215,-2.8250491619110107,-0.20004910230636597,assist,no
3972,0,0,0.2942149783515162,-1.2692686319351196,-0.394268661737442,assist,no
3973,0,1,0.8519528019683106,-0.22070050239562988,-1.9707005023956299,assist,yes
3974,0,0,0.24508501313237172,-1.5345027446746826,-0.4095027446746826,assist,no
3975,0,0,0.08509904500702024,-2.5958192348480225,-0.22081923484802246,assist,no
3976,0,0,0.00757724009129233,-4.9405517578125,-0.06555160135030746,assist,no
3977,0,0,0.4378234991142019,-0.8912282586097717,-0.6412282586097717,assist,no
3978,0,0,0.22270012850745968,-1.5842535495758057,-0.3342534899711609,assist,no
3979,0,0,0.37754066879814546,-1.061177372932434,-0.5611773729324341,assist,no
3980,0,0,0.4073334000459302,-0.9525126218795776,-0.5775126218795776,assist,no
3981,0,0,0.24508501864634827,-1.5352857112884521,-0.41028574109077454,assist,no
3982,0,0,0.015906388329639098,-4.226169586181641,-0.10116937011480331,assist,no
3983,0,0,0.01406362456384003,-4.330352306365967,-0.08035212755203247,assist,no
3984,0,1,0.7981867873410141,-0.29053181409835815,-1.665531873703003,assist,yes
3985,0,0,0.11920292828022305,-2.228023052215576,-0.22802311182022095,assist,no
3986,0,0,0.4378234991142019,-0.9326469898223877,-0.6826469898223877,assist,no
3987,0,0,0.22270014398423357,-1.563889503479004,-0.3138895332813263,assist,no
3988,0,0,0.3486451421018059,-1.0988069772720337,-0.4738070070743561,assist,no
3989,0,0,0.09534945718704857,-2.420226573944092,-0.17022648453712463,assist,no
3990,0,0,0.46879062662624377,-0.9387651681900024,-0.8137651681900024,assist,no
3991,0,0,0.16451647108926923,-1.9208574295043945,-0.2958574891090393,assist,no
3992,0,0,0.022977371248114782,-3.962578773498535,-0.21257883310317993,assist,no
3993,0,0,0.053403333566198224,-3.010791778564453,-0.1357918530702591,assist,no
3994,0,1,0.8354835371034369,-0.2562774419784546,-1.8812774419784546,assist,yes
3995,0,1,0.5312093733737563,-0.7461857199668884,-0.8711857199668884,assist,yes
3996,0,0,0.5,-0.8081590533256531,-0.8081590533256531,assist,no
3997,0,0,0.022977367902892003,-3.8816919326782227,-0.1316918432712555,assist,no
3998,0,1,0.8175744761936437,-0.33731603622436523,-1.8373160362243652,assist,yes
3999,0,1,0.8519528019683106,-0.2677805423736572,-2.0177805423736572,assist,yes
4000,0,1,0.7310585669110203,-0.40439945459365845,-1.4043993949890137,assist,yes
4001,0,0,0.4378234991142019,-0.936423659324646,-0.686423659324646,assist,no
4002,0,0,0.05340332753999997,-3.0595836639404297,-0.1845836192369461,assist,no
4003,0,1,0.7310585786300049,-0.4047321081161499,-1.40473210811615,assist,yes
4004,0,0,0.2942149597859341,-1.2919528484344482,-0.41695278882980347,assist,no
4005,0,0,0.4378234991142019,-0.888312578201294,-0.638312578201294,assist,no
4006,0,0,0.20181322226037882,-1.6689890623092651,-0.29398906230926514,assist,no
4007,0,1,0.5926665999540697,-0.6059421300888062,-0.9809421300888062,assist,yes
4008,0,0,0.0850990357257195,-2.524930953979492,-0.14993083477020264,assist,no
4009,0,0,0.09534945461636171,-2.4124135971069336,-0.16241347789764404,assist,no
4010,0,0,0.029312231175339414,-3.641603708267212,-0.1416037231683731,assist,no
4011,0,1,0.6224593452091672,-0.5275205969810486,-1.0275206565856934,assist,yes
4012,0,0,0.4378234991142019,-0.9563533663749695,-0.7063533663749695,assist,no
4013,0,0,0.012431651127600503,-4.49192476272583,-0.11692478507757187,assist,no
4014,0,0,0.11920292828022305,-2.3891777992248535,-0.3891778588294983,assist,no
4015,0,1,0.9399133557169234,-0.18818487226963043,-2.938184976577759,assist,yes
4016,0,0,0.08509904268669496,-2.573629379272461,-0.19862934947013855,assist,no
4017,0,0,0.18242552380635632,-1.7953249216079712,-0.2953249216079712,assist,no
4018,0,0,0.10669059394565118,-2.469705581665039,-0.34470558166503906,assist,no
4019,0,1,0.8354835289107309,-0.25390225648880005,-1.8789021968841553,assist,yes
4020,0,0,0.22270014398423357,-1.6702241897583008,-0.42022421956062317,assist,no
4021,0,1,0.7057850154599563,-0.4621458649635315,-1.3371458053588867,assist,yes
4022,0,1,0.679178699175393,-0.46502649784088135,-1.2150264978408813,assist,yes
4023,0,0,0.04742587452393617,-3.225489377975464,-0.22548940777778625,assist,no
4024,0,1,0.7772998611746911,-0.34523046016693115,-1.5952304601669312,assist,yes
4025,0,0,0.37754066879814546,-1.0653947591781616,-0.5653947591781616,assist,no
4026,0,0,0.05340333431947304,-3.1763932704925537,-0.3013933598995209,assist,no
4027,0,0,0.1066905854244781,-2.361733913421631,-0.2367338240146637,assist,no
4028,0,1,0.6224593312018546,-0.5614264011383057,-1.0614264011383057,assist,yes
4029,0,1,0.6791787121629466,-0.448530375957489,-1.1985304355621338,assist,yes
4030,0,0,0.02297736991002561,-3.8951728343963623,-0.1451728343963623,assist,no
4031,0,0,0.46879062662624377,-0.8235507607460022,-0.6985507607460022,assist,no
4032,0,0,0.01590639217832175,-4.308843612670898,-0.18384364247322083,assist,no
4033,0,1,0.8175744673038221,-0.27651745080947876,-1.776517391204834,assist,yes
4034,0,0,0.34864513533394575,-1.2210617065429688,-0.5960617065429688,assist,no
4035,0,0,0.025957357951306048,-4.086213111877441,-0.4612131416797638,assist,no
4036,0,0,0.24508500210441886,-1.4573516845703125,-0.3323516249656677,assist,no
4037,0,0,0.029312230751356316,-3.6280691623687744,-0.12806916236877441,assist,no
4038,0,0,0.14804719051380197,-1.971250295639038,-0.2212502360343933,assist,no
4039,0,0,0.18242552825126704,-1.7897435426712036,-0.289743572473526,assist,no
4040,0,1,0.5312093733737563,-0.6951410174369812,-0.8201410174369812,assist,yes
4041,0,0,0.06008665438181589,-2.8800528049468994,-0.13005287945270538,assist,no
4042,0,1,0.7057850216484838,-0.4292888939380646,-1.3042888641357422,assist,yes
4043,0,0,0.22270013882530884,-1.5514376163482666,-0.3014376163482666,assist,no
4044,0,0,0.2018132174596823,-1.6541475057601929,-0.2791474759578705,assist,no
4045,0,0,0.3775406547908327,-1.0900583267211914,-0.5900582671165466,assist,no
4046,0,0,0.1192029188930649,-2.228224992752075,-0.2282249629497528,assist,no
4047,0,1,0.6224593312018546,-0.5518014430999756,-1.0518014430999756,assist,yes
4048,0,0,0.32082130082460697,-1.2373454570770264,-0.48734545707702637,assist,no
4049,0,0,0.5,-0.8289991617202759,-0.8289991617202759,assist,no
4050,0,0,0.2018132270610754,-1.708755373954773,-0.33375540375709534,assist,no
4051,0,1,0.9241418272911436,-0.17841972410678864,-2.678419828414917,assist,yes
4052,0,0,0.053403329799824234,-3.150651216506958,-0.275651216506958,assist,no
4053,0,0,0.03732688921821231,-3.3689520359039307,-0.11895208805799484,assist,no
4054,0,0,0.0850990542883219,-2.52056884765625,-0.14556896686553955,assist,no
4055,0,0,0.0203323526006201,-3.9550349712371826,-0.08003493398427963,assist,no
4056,0,1,0.6791787121629466,-0.510755717754364,-1.2607557773590088,assist,yes
4057,0,0,0.0850990438468576,-2.5269010066986084,-0.1519009917974472,assist,no
4058,0,1,0.8354835371034369,-0.2546600103378296,-1.8796600103378296,assist,yes
4059,0,0,0.22270013366638422,-1.546364188194275,-0.2963641583919525,assist,no
4060,0,1,0.7057850278370112,-0.39837026596069336,-1.2733702659606934,assist,yes
4061,0,0,0.00970847848715727,-4.799679756164551,-0.1746799647808075,assist,no
4062,0,0,0.0675466845698721,-2.77826189994812,-0.15326179563999176,assist,no
4063,0,0,0.0953494674697966,-2.503359794616699,-0.2533598244190216,assist,no
4064,0,0,0.3775406828054583,-1.0479495525360107,-0.5479496121406555,assist,no
4065,0,0,0.37754066879814546,-1.091234564781189,-0.591234564781189,assist,no
4066,0,0,0.1329642384799526,-2.0900216102600098,-0.21502159535884857,assist,no
4067,0,1,0.6791786861878392,-0.47479182481765747,-1.2247917652130127,assist,yes
4068,0,1,0.7310585727705126,-0.37058642506599426,-1.3705863952636719,assist,yes
4069,0,1,0.6224593452091672,-0.5781838297843933,-1.078183889389038,assist,yes
4070,0,1,0.7981867777396212,-0.4132484197616577,-1.7882484197616577,assist,yes
4071,0,0,0.5,-0.7811788320541382,-0.7811788320541382,assist,no
4072,0,1,0.8670357563664174,-0.22942641377449036,-2.104426383972168,assist,yes
4073,0,0,0.0953494738965146,-2.4013278484344482,-0.1513279527425766,assist,no
4074,0,0,0.22270012850745968,-1.5943913459777832,-0.3443912863731384,assist,no
4075,0,0,0.24508500761839525,-1.5295931100845337,-0.4045930802822113,assist,no
4076,0,0,0.29421496597446145,-1.337874412536621,-0.4628743827342987,assist,no
4077,0,0,0.04208772371029592,-3.3247714042663574,-0.19977129995822906,assist,no
4078,0,0,0.025957357951306048,-3.786701202392578,-0.1617012321949005,assist,no
4079,0,0,0.11920291419948606,-2.2065625190734863,-0.20656244456768036,assist,no
4080,0,1,0.9241418231126367,-0.17926068603992462,-2.679260730743408,assist,yes
4081,0,0,0.24508501313237172,-1.5872833728790283,-0.4622833728790283,assist,no
4082,0,1,0.7772998611746911,-0.33696842193603516,-1.5869684219360352,assist,yes
4083,0,1,0.9046505428129514,-0.22472825646400452,-2.4747283458709717,assist,yes
4084,0,0,0.20181321265898594,-1.6716136932373047,-0.2966136336326599,assist,no
4085,0,0,0.020332356904444657,-4.13352108001709,-0.25852125883102417,assist,no
4086,0,1,0.7981867777396212,-0.30103814601898193,-1.676038146018982,assist,yes
4087,0,0,0.0850990438468576,-2.5838277339935303,-0.20882771909236908,assist,no
4088,0,1,0.7549149923816048,-0.4148695170879364,-1.5398695468902588,assist,yes
4089,0,0,0.1329642384799526,-2.099102020263672,-0.22410200536251068,assist,no
4090,0,0,0.010986942306754304,-4.577223777770996,-0.0772237479686737,assist,no
4091,0,0,0.09534947261117097,-2.500962018966675,-0.25096210837364197,assist,no
4092,0,0,0.2018132174596823,-1.6921145915985107,-0.31711456179618835,assist,no
4093,0,0,0.1329642333263228,-2.14408278465271,-0.2690827250480652,assist,no
4094,0,1,0.817574471748733,-0.2677547037601471,-1.7677546739578247,assist,yes
4095,0,0,0.1066905911052601,-2.307884931564331,-0.18288490176200867,assist,no
4096,0,0,0.37754066879814546,-1.0357062816619873,-0.5357062816619873,assist,no
4097,0,0,0.07585817479810981,-2.6641881465911865,-0.16418807208538055,assist,no
4098,0,0,0.08509904268669496,-2.583646535873413,-0.2086465060710907,assist,no
4099,0,1,0.9324533144915912,-0.19600144028663635,-2.8210015296936035,assist,yes
4100,0,0,0.4378234991142019,-0.9180075526237488,-0.6680075526237488,assist,no
4101,0,0,0.14804719427274565,-1.9841673374176025,-0.23416730761528015,assist,no
4102,0,0,0.2942149783515162,-1.2951993942260742,-0.4201994240283966,assist,no
4103,0,0,0.01798620785653302,-4.136079788208008,-0.13607966899871826,assist,no
4104,0,1,0.7549149813536518,-0.3737180531024933,-1.498718023300171,assist,yes
4105,0,0,0.08509904268669496,-2.6148784160614014,-0.23987838625907898,assist,no
4106,0,0,0.5,-0.7606725096702576,-0.7606725096702576,assist,no
4107,0,0,0.07585817584273653,-2.6839208602905273,-0.18392080068588257,assist,no
4108,0,1,0.7981867777396212,-0.3091769218444824,-1.6841769218444824,assist,yes
4109,0,0,0.13296425050508953,-2.106318235397339,-0.23131832480430603,assist,no
4110,0,0,0.4073334000459302,-0.9982339143753052,-0.6232339143753052,assist,no
4111,0,0,0.04742587587030561,-3.1387674808502197,-0.1387675404548645,assist,no
4112,0,0,0.0850990438468576,-2.595233201980591,-0.22023318707942963,assist,no
4113,0,0,0.46879062662624377,-0.8320091366767883,-0.7070091366767883,assist,no
4114,0,0,0.18242552380635632,-1.8506700992584229,-0.35067009925842285,assist,no
4115,0,1,0.5621765008857981,-0.6988856196403503,-0.9488856196403503,assist,yes
4116,0,1,0.7310585903489892,-0.4837149977684021,-1.4837150573730469,assist,yes
4117,0,0,0.46879062662624377,-0.81645667552948,-0.69145667552948,assist,no
4118,0,0,0.4073334000459302,-0.980880856513977,-0.605880856513977,assist,no
4119,0,0,0.13296425394084313,-2.147348403930664,-0.2723485231399536,assist,no
4120,0,0,0.22270013882530884,-1.5674957036972046,-0.3174957036972046,assist,no
4121,0,1,0.7772998663336157,-0.3470589816570282,-1.5970590114593506,assist,yes
4122,0,1,0.7057850278370112,-0.40419113636016846,-1.2791911363601685,assist,yes
4123,0,1,0.5926665999540697,-0.6162803173065186,-0.9912803173065186,assist,yes
4124,0,0,0.4073334000459302,-0.9872417449951172,-0.6122417449951172,assist,no
4125,0,0,0.2689414272294874,-1.4702352285385132,-0.47023525834083557,assist,no
4126,0,1,0.7057850216484838,-0.43111708760261536,-1.306117057800293,assist,yes
4127,0,0,0.014063623737371644,-4.696223258972168,-0.44622302055358887,assist,no
4128,0,0,0.3775406828054583,-1.0731801986694336,-0.5731802582740784,assist,no
4129,0,1,0.5926665999540697,-0.5792450904846191,-0.9542450904846191,assist,yes
4130,0,1,0.8807970873650403,-0.20525231957435608,-2.2052524089813232,assist,yes
4131,0,1,0.9046505338155469,-0.16190625727176666,-2.4119062423706055,assist,yes
4132,0,0,0.11920291576401235,-2.25075626373291,-0.2507562041282654,assist,no
4133,0,1,0.7549149923816048,-0.3719463050365448,-1.4969463348388672,assist,yes
4134,0,0,0.11920292202211755,-2.2749927043914795,-0.2749927043914795,assist,no
4135,0,1,0.6513548646660542,-0.5402096509933472,-1.1652096509933472,assist,yes
4136,0,0,0.22270013882530884,-1.5487478971481323,-0.2987478971481323,assist,no
4137,0,1,0.8519527982093668,-0.2368774712085724,-1.98687744140625,assist,yes
4138,0,0,0.02595735945832451,-3.9154751300811768,-0.2904752194881439,assist,no
4139,0,0,0.16451645470385742,-1.9259002208709717,-0.3009001612663269,assist,no
4140,0,0,0.014063624770457132,-4.431708335876465,-0.1817081719636917,assist,no
4141,0,1,0.7549149923816048,-0.3629630506038666,-1.487963080406189,assist,yes
4142,0,1,0.5621765008857981,-0.688622772693634,-0.938622772693634,assist,yes
4143,0,0,0.34864513533394575,-1.1255996227264404,-0.5005996227264404,assist,no
4144,0,1,0.8933093961129795,-0.19052325189113617,-2.315523147583008,assist,yes
4145,0,0,0.08509903920620716,-2.561519145965576,-0.1865190714597702,assist,no
4146,0,0,0.4378234991142019,-0.8916302919387817,-0.6416302919387817,assist,no
4147,0,0,0.34864513533394575,-1.3305608034133911,-0.7055608034133911,assist,no
4148,0,1,0.6224593312018546,-0.5590459108352661,-1.0590459108352661,assist,yes
4149,0,0,0.010986940039882433,-4.718311309814453,-0.21831107139587402,assist,no
4150,0,0,0.1480472036701053,-1.9559097290039062,-0.20590977370738983,assist,no
4151,0,0,0.03732689055684297,-3.617591381072998,-0.3675914704799652,assist,no
4152,0,0,0.06008664596619963,-2.9161832332611084,-0.16618315875530243,assist,no
4153,0,0,0.05340333055309901,-3.072932243347168,-0.19793225824832916,assist,no
4154,0,1,0.7981867729389246,-0.2916155159473419,-1.6666154861450195,assist,yes
4155,0,0,0.4378234991142019,-0.9104775190353394,-0.6604775190353394,assist,no
4156,0,0,0.04208772371029592,-3.3645288944244385,-0.23952879011631012,assist,no
4157,0,0,0.34864513533394575,-1.1293199062347412,-0.5043199062347412,assist,no
4158,0,0,0.29421497216298875,-1.3140969276428223,-0.43909692764282227,assist,no
4159,0,0,0.0534033328129234,-3.0035901069641113,-0.1285901665687561,assist,no
4160,0,0,0.07585818002124356,-2.782555341720581,-0.28255534172058105,assist,no
4161,0,0,0.5,-0.7857677936553955,-0.7857677936553955,assist,no
4162,0,0,0.10669059820623795,-2.362650156021118,-0.23765020072460175,assist,no
4163,0,0,0.16451645880021026,-1.9006344079971313,-0.27563437819480896,assist,no
4164,0,0,0.10669059962643358,-2.3157260417938232,-0.19072610139846802,assist,no
4165,0,0,0.4073334000459302,-0.998727560043335,-0.623727560043335,assist,no
4166,0,0,0.37754066879814546,-1.1561989784240723,-0.6561989784240723,assist,no
4167,0,0,0.3208212878370535,-1.2358729839324951,-0.48587292432785034,assist,no
4168,0,1,0.9241418189341297,-0.14831258356571198,-2.648312568664551,assist,yes
4169,0,0,0.047425867792089564,-3.1622486114501953,-0.16224849224090576,assist,no
4170,0,0,0.02931222820745785,-3.6522622108459473,-0.1522621214389801,assist,no
4171,0,0,0.1192029188930649,-2.2498204708099365,-0.24982044100761414,assist,no
4172,0,1,0.880797068590724,-0.2251320779323578,-2.2251319885253906,assist,yes
4173,0,1,0.8933094103149354,-0.210978701710701,-2.3359787464141846,assist,yes
4174,0,0,0.46879062662624377,-0.8633546233177185,-0.7383546233177185,assist,no
4175,0,0,0.09534946618445303,-2.4585835933685303,-0.20858360826969147,assist,no
4176,0,0,0.020332355271959375,-3.9807145595550537,-0.10571465641260147,assist,no
4177,0,0,0.03308597934211908,-3.6251795291900635,-0.25017955899238586,assist,no
4178,0,0,0.2018132174596823,-1.6820541620254517,-0.3070541322231293,assist,no
4179,0,0,0.4073334000459302,-0.9870125651359558,-0.6120125651359558,assist,no
4180,0,0,0.18242551491653522,-1.767141580581665,-0.26714152097702026,assist,no
4181,0,0,0.34864513533394575,-1.109357476234436,-0.48435747623443604,assist,no
4182,0,0,0.14804719051380197,-1.984649896621704,-0.23464983701705933,assist,no
4183,0,1,0.7057850278370112,-0.40431129932403564,-1.2793112993240356,assist,yes
4184,0,0,0.09534945975773548,-2.410416603088379,-0.16041654348373413,assist,no
4185,0,1,0.8519527982093668,-0.22763052582740784,-1.9776304960250854,assist,yes
4186,0,0,0.26894141551050293,-1.3754189014434814,-0.37541887164115906,assist,no
4187,0,1,0.5621765008857981,-0.6487825512886047,-0.8987825512886047,assist,yes
4188,0,0,0.07585818524437762,-2.728010892868042,-0.22801096737384796,assist,no
4189,0,1,0.5312093733737563,-0.793259859085083,-0.918259859085083,assist,yes
4190,0,0,0.1480472055495773,-2.020864963531494,-0.2708650231361389,assist,no
4191,0,0,0.00970847504884346,-4.799628257751465,-0.1746281087398529,assist,no
4192,0,0,0.5,-0.7694728374481201,-0.7694728374481201,assist,no
4193,0,0,0.04742586846527418,-3.202749729156494,-0.20274962484836578,assist,no
4194,0,1,0.9149009480320036,-0.15815815329551697,-2.53315806388855,assist,yes
4195,0,0,0.20181322226037882,-1.721545934677124,-0.346545934677124,assist,no
4196,0,0,0.014063624357222927,-4.397507190704346,-0.14750699698925018,assist,no
4197,0,0,0.2942149845400438,-1.3589775562286377,-0.48397761583328247,assist,no
4198,0,0,0.03732688627322502,-3.48305344581604,-0.23305341601371765,assist,no
4199,0,0,0.1329642419157059,-2.120514392852783,-0.2455144077539444,assist,no
4200,0,0,0.37754066879814546,-1.0892064571380615,-0.5892064571380615,assist,no
4201,0,1,0.5621765008857981,-0.6468488574028015,-0.8968488574028015,assist,yes
4202,0,0,0.04742587385075148,-3.162402629852295,-0.16240264475345612,assist,no
4203,0,0,0.24508501313237172,-1.4869117736816406,-0.3619117736816406,assist,no
4204,0,0,0.014063628282948357,-4.330000400543213,-0.08000048995018005,assist,no
4205,0,0,0.26894141551050293,-1.365241527557373,-0.36524149775505066,assist,no
4206,0,0,0.017986212857234944,-4.138469219207764,-0.1384693831205368,assist,no
4207,0,0,0.09534947261117097,-2.74092698097229,-0.4909270703792572,assist,no
4208,0,0,0.02595735757455145,-3.7729833126068115,-0.14798332750797272,assist,no
4209,0,0,0.07585818002124356,-2.6860179901123047,-0.1860179901123047,assist,no
4210,0,0,0.04742587115801275,-3.151536703109741,-0.15153665840625763,assist,no
4211,0,0,0.14804719427274565,-1.9721382856369019,-0.22213825583457947,assist,no
4212,0,0,0.2942149783515162,-1.3139415979385376,-0.43894162774086,assist,no
4213,0,1,0.5621765008857981,-0.6670969724655151,-0.9170969724655151,assist,yes
4214,0,0,0.37754066879814546,-1.0453470945358276,-0.5453470945358276,assist,no
4215,0,0,0.34864513533394575,-1.180138349533081,-0.555138349533081,assist,no
4216,0,0,0.4378234991142019,-0.9519616365432739,-0.7019616365432739,assist,no
4217,0,1,0.8933094060543487,-0.19994592666625977,-2.3249459266662598,assist,yes
4218,0,0,0.08509904036636974,-2.5438456535339355,-0.16884559392929077,assist,no
4219,0,0,0.4073334000459302,-0.9564902782440186,-0.5814902782440186,assist,no
4220,0,0,0.20181322226037882,-1.7333325147628784,-0.3583325147628784,assist,no
4221,0,0,0.14804719051380197,-2.037585496902466,-0.28758543729782104,assist,no
4222,0,0,0.014063629109417006,-4.310456275939941,-0.060456424951553345,assist,no
4223,0,0,0.29421497216298875,-1.2843328714370728,-0.40933287143707275,assist,no
4224,0,0,0.00757724009129233,-4.94055700302124,-0.0655568465590477,assist,no
4225,0,0,0.07585818419975078,-2.6746363639831543,-0.17463642358779907,assist,no
4226,0,1,0.6791786926816161,-0.4748542606830597,-1.2248542308807373,assist,yes
4227,0,0,0.0330859819640103,-3.470567226409912,-0.09556733816862106,assist,no
4228,0,0,0.3486451488696663,-1.1347382068634033,-0.5097382664680481,assist,no
4229,0,0,0.03308598053388778,-3.4594247341156006,-0.08442480117082596,assist,no
4230,0,0,0.14804720930852133,-2.038018226623535,-0.2880183160305023,assist,no
4231,0,0,0.3208212878370535,-1.2548918724060059,-0.5048918128013611,assist,no
4232,0,0,0.11920293453832885,-2.191929340362549,-0.19192945957183838,assist,no
4233,0,0,0.0474258704848281,-3.160809278488159,-0.1608092188835144,assist,no
4234,0,0,0.29421497216298875,-1.3656988143920898,-0.49069881439208984,assist,no
4235,0,0,0.18242551936144574,-1.7634116411209106,-0.26341161131858826,assist,no
4236,0,0,0.009708476338210996,-4.7274699211120605,-0.10246990621089935,assist,no
4237,0,0,0.0600866518571309,-2.928798198699951,-0.17879822850227356,assist,no
4238,0,0,0.37754066879814546,-1.2005287408828735,-0.7005287408828735,assist,no
4239,0,0,0.06008665522337757,-2.90462589263916,-0.15462598204612732,assist,no
4240,0,1,0.8175744806385543,-0.2674184739589691,-1.7674185037612915,assist,yes
4241,0,0,0.16451646699291617,-1.952628493309021,-0.3276285231113434,assist,no
4242,0,0,0.4073334000459302,-0.9767650961875916,-0.6017650961875916,assist,no
4243,0,0,0.4073333856566001,-1.0155344009399414,-0.6405343413352966,assist,no
4244,0,0,0.32082130082460697,-1.2677223682403564,-0.5177223682403564,assist,no
4245,0,0,0.06754669207816587,-2.862844467163086,-0.23784448206424713,assist,no
4246,0,1,0.7549149868676283,-0.34613168239593506,-1.471131682395935,assist,yes
4247,0,1,0.5926665999540697,-0.6097533702850342,-0.9847533702850342,assist,yes
4248,0,1,0.731058584489497,-0.40510472655296326,-1.4051047563552856,assist,yes
4249,0,0,0.29421497216298875,-1.3187146186828613,-0.44371461868286133,assist,no
4250,0,0,0.11920291263495983,-2.2166717052459717,-0.21667161583900452,assist,no
4251,0,1,0.7310585903489892,-0.4590107798576355,-1.4590108394622803,assist,yes
4252,0,1,0.7057850278370112,-0.5548516511917114,-1.4298516511917114,assist,yes
4253,0,0,0.03308597743528921,-3.5852229595184326,-0.21022292971611023,assist,no
4254,0,0,0.04208772491181671,-3.294232130050659,-0.1692320555448532,assist,no
4255,0,0,0.46879062662624377,-0.851549506187439,-0.726549506187439,assist,no
4256,0,0,0.46879062662624377,-0.8443813323974609,-0.7193813323974609,assist,no
4257,0,0,0.16451645470385742,-1.8726763725280762,-0.2476763129234314,assist,no
4258,0,0,0.09534945718704857,-2.5033764839172363,-0.25337639451026917,assist,no
4259,0,1,0.9149009549929797,-0.18941092491149902,-2.564410924911499,assist,yes
4260,0,0,0.05340333431947304,-3.032510995864868,-0.15751108527183533,assist,no
4261,0,0,0.13296423504419938,-2.0775084495544434,-0.20250840485095978,assist,no
4262,0,0,0.0953494648991095,-2.611459255218506,-0.36145925521850586,assist,no
4263,0,0,0.26894141551050293,-1.3758291006088257,-0.3758290708065033,assist,no
4264,0,0,0.16451646699291617,-1.8846567869186401,-0.2596568167209625,assist,no
4265,0,0,0.09534945590170514,-2.4287095069885254,-0.17870940268039703,assist,no
4266,0,0,0.08509904036636974,-2.541043281555176,-0.166043221950531,assist,no
4267,0,1,0.5312093733737563,-0.7644538283348083,-0.8894538283348083,assist,yes
4268,0,0,0.025957357951306048,-3.7376797199249268,-0.11267974972724915,assist,no
4269,0,0,0.06754668550840877,-2.776798963546753,-0.15179887413978577,assist,no
4270,0,0,0.2942149845400438,-1.3100967407226562,-0.435096800327301,assist,no
4271,0,0,0.10669060530721626,-2.3187012672424316,-0.1937013864517212,assist,no
4272,0,0,0.5,-0.8043568134307861,-0.8043568134307861,assist,no
4273,0,0,0.2942149783515162,-1.287371039390564,-0.41237106919288635,assist,no
4274,0,0,0.05340333055309901,-3.0566301345825195,-0.18163014948368073,assist,no
4275,0,0,0.5,-0.8057344555854797,-0.8057344555854797,assist,no
4276,0,0,0.29421496597446145,-1.2919509410858154,-0.41695091128349304,assist,no
4277,0,0,0.025957355502401233,-3.6888976097106934,-0.06389754265546799,assist,no
4278,0,0,0.025957356444287677,-3.9198429584503174,-0.294842928647995,assist,no
4279,0,0,0.32082130082460697,-1.2530276775360107,-0.5030276775360107,assist,no
4280,0,0,0.20181323186177208,-1.8307771682739258,-0.45577722787857056,assist,no
4281,0,0,0.07585818315512395,-2.711318016052246,-0.21131806075572968,assist,no
4282,0,0,0.010986940363721243,-4.718296527862549,-0.21829631924629211,assist,no
4283,0,0,0.2689414272294874,-1.4063997268676758,-0.40639975666999817,assist,no
4284,0,1,0.8354835330070839,-0.26443806290626526,-1.8894380331039429,assist,yes
4285,0,0,0.06754669489377622,-2.7612695693969727,-0.13626962900161743,assist,no
4286,0,0,0.16451645880021026,-1.912952184677124,-0.28795215487480164,assist,no
4287,0,0,0.18242552380635632,-1.77964448928833,-0.2796444892883301,assist,no
4288,0,0,0.01406362601015982,-4.398414611816406,-0.14841453731060028,assist,no
4289,0,1,0.679178699175393,-0.477264404296875,-1.227264404296875,assist,yes
4290,0,0,0.24508501864634827,-1.5016765594482422,-0.3766765892505646,assist,no
4291,0,0,0.2689414096510108,-1.4458205699920654,-0.44582051038742065,assist,no
4292,0,0,0.20181321265898594,-1.6769263744354248,-0.30192631483078003,assist,no
4293,0,0,0.01798620706694863,-4.208700656890869,-0.208700492978096,assist,no
4294,0,1,0.6224593312018546,-0.5837749242782593,-1.0837749242782593,assist,yes
4295,0,0,0.32082129433083023,-1.1995512247085571,-0.44955119490623474,assist,no
4296,0,0,0.5,-0.749031126499176,-0.749031126499176,assist,no
4297,0,0,0.07585818524437762,-2.6618638038635254,-0.16186387836933136,assist,no
4298,0,0,0.4073334000459302,-0.9618386030197144,-0.5868386030197144,assist,no
4299,0,0,0.042087728215999064,-3.24711275100708,-0.12211275845766068,assist,no
4300,0,0,0.047425869811643456,-3.14943528175354,-0.14943520724773407,assist,no
4301,0,0,0.2689414272294874,-1.4373506307601929,-0.43735066056251526,assist,no
4302,0,0,0.01798620785653302,-4.309011459350586,-0.3090113401412964,assist,no
4303,0,0,0.03732688680867724,-3.38830828666687,-0.13830827176570892,assist,no
4304,0,0,0.033085981248949035,-3.507888078689575,-0.13288816809654236,assist,no
4305,0,0,0.3486451421018059,-1.0973905324935913,-0.4723905622959137,assist,no
4306,0,0,0.16451645880021026,-1.8850972652435303,-0.2600972354412079,assist,no
4307,0,0,0.3775406547908327,-1.0467445850372314,-0.5467445254325867,assist,no
4308,0,0,0.18242552380635632,-1.8471195697784424,-0.3471195697784424,assist,no
4309,0,0,0.37754066879814546,-1.1758475303649902,-0.6758475303649902,assist,no
4310,0,0,0.10669059678604234,-2.4345648288726807,-0.30956485867500305,assist,no
4311,0,0,0.46879062662624377,-0.8234303593635559,-0.6984303593635559,assist,no
4312,0,0,0.26894141551050293,-1.3797730207443237,-0.37977299094200134,assist,no
4313,0,0,0.042087730919421175,-3.367521047592163,-0.24252112209796906,assist,no
4314,0,0,0.06754669489377622,-2.752455472946167,-0.12745553255081177,assist,no
4315,0,1,0.6224593312018546,-0.5717437267303467,-1.0717437267303467,assist,yes
4316,0,0,0.0600866518571309,-2.8661115169525146,-0.11611154675483704,assist,no
4317,0,0,0.08509904964767095,-2.520798921585083,-0.14579898118972778,assist,no
4318,0,1,0.6224593312018546,-0.5625473260879517,-1.0625473260879517,assist,yes
4319,0,0,0.04742587721667508,-3.356196880340576,-0.35619696974754333,assist,no
4320,0,0,0.02595735719779685,-3.9148688316345215,-0.2898688316345215,assist,no
4321,0,1,0.6791786926816161,-0.4768780767917633,-1.226878046989441,assist,yes
4322,0,1,0.6791787121629466,-0.45796293020248413,-1.207962989807129,assist,yes
4323,0,0,0.2689414330889798,-1.4012012481689453,-0.4012013077735901,assist,no
4324,0,0,0.5,-0.7784057259559631,-0.7784057259559631,assist,no
4325,0,0,0.3775406828054583,-1.0402302742004395,-0.5402303338050842,assist,no
4326,0,1,0.6791787056691698,-0.43424174189567566,-1.184241771697998,assist,yes
4327,0,0,0.09534946875514017,-2.4362683296203613,-0.1862683743238449,assist,no
4328,0,0,0.06754668832401889,-2.762796401977539,-0.13779635727405548,assist,no
4329,0,0,0.029312230115381685,-3.5786240100860596,-0.07862398773431778,assist,no
4330,0,0,0.2689414272294874,-1.392617106437683,-0.3926171362400055,assist,no
4331,0,0,0.29421496597446145,-1.3587262630462646,-0.48372623324394226,assist,no
4332,0,0,0.04742587216778976,-3.1059517860412598,-0.10595176368951797,assist,no
4333,0,1,0.817574471748733,-0.2758080065250397,-1.7758079767227173,assist,yes
4334,0,1,0.679178699175393,-0.4905034303665161,-1.2405034303665161,assist,yes
4335,0,1,0.5926665999540697,-0.5877518653869629,-0.9627518653869629,assist,yes
4336,0,0,0.29421497216298875,-1.3515315055847168,-0.4765315055847168,assist,no
4337,0,0,0.04742587587030561,-3.163094997406006,-0.16309505701065063,assist,no
4338,0,0,0.07585818733363135,-2.627575159072876,-0.12757526338100433,assist,no
4339,0,0,0.014063628696182679,-4.395591735839844,-0.1455918550491333,assist,no
4340,0,0,0.34864513533394575,-1.10707426071167,-0.4820742607116699,assist,no
4341,0,1,0.6513548782017746,-0.5260483622550964,-1.1510484218597412,assist,yes
4342,0,0,0.04208772611333754,-3.292153835296631,-0.16715379059314728,assist,no
4343,0,0,0.0534033328129234,-3.0196609497070312,-0.14466100931167603,assist,no
4344,0,1,0.5926665999540697,-0.5802582502365112,-0.9552582502365112,assist,yes
4345,0,0,0.13296424878721277,-2.0833652019500732,-0.2083652764558792,assist,no
4346,0,0,0.014063628282948357,-4.430550575256348,-0.18055066466331482,assist,no
4347,0,0,0.14804721306746543,-2.02858829498291,-0.2785884141921997,assist,no
4348,0,0,0.08509903804604459,-2.610884189605713,-0.23588410019874573,assist,no
4349,0,1,0.9241418262465169,-0.16711345314979553,-2.6671135425567627,assist,yes
4350,0,0,0.40733341443526055,-1.0032215118408203,-0.6282215714454651,assist,no
4351,0,0,0.0600866476493228,-2.8943581581115723,-0.14435811340808868,assist,no
4352,0,0,0.09534945590170514,-2.412440538406372,-0.1624404340982437,assist,no
4353,0,0,0.2689414213699951,-1.3871018886566162,-0.3871018886566162,assist,no
4354,0,0,0.26894141551050293,-1.3835151195526123,-0.3835150897502899,assist,no
4355,0,0,0.03732689055684297,-3.53830623626709,-0.288306325674057,assist,no
4356,0,0,0.0953494674697966,-2.412238121032715,-0.16223815083503723,assist,no
4357,0,0,0.18242551936144574,-1.8357070684432983,-0.33570703864097595,assist,no
4358,0,0,0.04208773182056191,-3.2255890369415283,-0.10058913379907608,assist,no
4359,0,0,0.46879062662624377,-0.8346246480941772,-0.7096246480941772,assist,no
4360,0,0,0.012431652499674001,-4.505578994750977,-0.1305791288614273,assist,no
4361,0,0,0.025957358328060655,-3.8229739665985107,-0.19797401130199432,assist,no
4362,0,0,0.11920292984474948,-2.2001118659973145,-0.20011194050312042,assist,no
4363,0,0,0.22270013366638422,-1.636551022529602,-0.38655099272727966,assist,no
4364,0,0,0.2689414096510108,-1.407322645187378,-0.40732258558273315,assist,no
4365,0,0,0.07585818211049715,-2.6478965282440186,-0.14789655804634094,assist,no
4366,0,0,0.13296423676207594,-2.1936068534851074,-0.31860682368278503,assist,no
4367,0,0,0.04742587587030561,-3.1499953269958496,-0.14999538660049438,assist,no
4368,0,0,0.16451645880021026,-1.9008514881134033,-0.27585145831108093,assist,no
4369,0,1,0.6224593171945417,-0.5341010689735413,-1.0341010093688965,assist,yes
4370,0,0,0.22270013366638422,-1.5807182788848877,-0.3307182490825653,assist,no
4371,0,0,0.37754066879814546,-1.0333387851715088,-0.5333387851715088,assist,no
4372,0,0,0.46879062662624377,-0.8325226306915283,-0.7075226306915283,assist,no
4373,0,0,0.06008665606493926,-2.885507583618164,-0.13550768792629242,assist,no
4374,0,0,0.01590639101205418,-4.2078118324279785,-0.08281178772449493,assist,no
4375,0,0,0.40733341443526055,-1.0057978630065918,-0.6307979226112366,assist,no
4376,0,0,0.26894141551050293,-1.3840305805206299,-0.3840305507183075,assist,no
4377,0,0,0.24508501313237172,-1.4829355478286743,-0.3579355478286743,assist,no
4378,0,1,0.7772998508568416,-0.36929160356521606,-1.6192915439605713,assist,yes
4379,0,1,0.6513548782017746,-0.48962658643722534,-1.1146266460418701,assist,yes
4380,0,0,0.025957359269947192,-3.729031801223755,-0.10403188318014145,assist,no
4381,0,0,0.07585818315512395,-2.7142889499664307,-0.21428899466991425,assist,no
4382,0,1,0.7549149923816048,-0.33826395869255066,-1.463263988494873,assist,yes
4383,0,0,0.0293122296913986,-3.5997157096862793,-0.09971567243337631,assist,no
4384,0,0,0.03308597981882656,-3.4984257221221924,-0.12342576682567596,assist,no
4385,0,0,0.060086648490884395,-2.89601731300354,-0.14601728320121765,assist,no
4386,0,0,0.025957355314023947,-3.7195003032684326,-0.09450022876262665,assist,no
4387,0,1,0.7981867873410141,-0.2914082407951355,-1.6664083003997803,assist,yes
4388,0,0,0.0850990438468576,-2.5489399433135986,-0.17393992841243744,assist,no
4389,0,1,0.5312093733737563,-0.7429243326187134,-0.8679243326187134,assist,yes
4390,0,0,0.025957357762928745,-3.7474169731140137,-0.12241699546575546,assist,no
4391,0,0,0.04742587385075148,-3.1049954891204834,-0.10499550402164459,assist,no
4392,0,0,0.34864513533394575,-1.1269845962524414,-0.5019845962524414,assist,no
4393,0,0,0.07585818315512395,-2.696777582168579,-0.19677762687206268,assist,no
4394,0,0,0.2689414330889798,-1.3561699390411377,-0.35616999864578247,assist,no
4395,0,0,0.06754669395523943,-2.763113260269165,-0.13811330497264862,assist,no
4396,0,0,0.029312233295254994,-3.607597827911377,-0.10759791731834412,assist,no
4397,0,0,0.22270013882530884,-1.5999184846878052,-0.3499184846878052,assist,no
4398,0,0,0.10669058400428263,-2.3446381092071533,-0.21963800489902496,assist,no
4399,0,0,0.07585818211049715,-2.699298858642578,-0.1992988884449005,assist,no
4400,0,0,0.060086648490884395,-3.1559269428253174,-0.405926913022995,assist,no
4401,0,0,0.4378234991142019,-0.875081479549408,-0.625081479549408,assist,no
4402,0,0,0.042087725512577126,-3.2991201877593994,-0.17412012815475464,assist,no
4403,0,1,0.817574471748733,-0.27743640542030334,-1.777436375617981,assist,yes
4404,0,0,0.02297736756836975,-3.851121425628662,-0.10112132132053375,assist,no
4405,0,0,0.04742587721667508,-3.192694664001465,-0.192694753408432,assist,no
4406,0,0,0.008577485920584663,-4.906120300292969,-0.15612035989761353,assist,no
4407,0,0,0.029312228843432455,-3.617046594619751,-0.1170465275645256,assist,no
4408,0,0,0.07585817584273653,-2.675132989883423,-0.17513293027877808,assist,no
4409,0,1,0.5926665999540697,-0.6094632148742676,-0.9844632148742676,assist,yes
4410,0,1,0.6791787056691698,-0.47312554717063904,-1.2231255769729614,assist,yes
4411,0,0,0.24508500761839525,-1.473649024963379,-0.3486489951610565,assist,no
4412,0,1,0.8670357460591569,-0.2199474573135376,-2.094947338104248,assist,yes
4413,0,0,0.015906392761455564,-4.225826740264893,-0.10082680732011795,assist,no
4414,0,0,0.13296424019782924,-2.099353790283203,-0.22435379028320312,assist,no
4415,0,1,0.5312093733737563,-0.7131728529930115,-0.8381728529930115,assist,yes
4416,0,0,0.18242551491653522,-1.8123514652252197,-0.31235140562057495,assist,no
4417,0,0,0.0159063879797589,-4.374706268310547,-0.24970602989196777,assist,no
4418,0,0,0.06008664512463808,-3.013988733291626,-0.2639886438846588,assist,no
4419,0,1,0.867035752930664,-0.2810567021369934,-2.1560566425323486,assist,yes
4420,0,1,0.8519527982093668,-0.26925066113471985,-2.0192506313323975,assist,yes
4421,0,0,0.06754668363133542,-2.760857105255127,-0.1358569860458374,assist,no
4422,0,0,0.4378234991142019,-0.9285659790039062,-0.6785659790039062,assist,no
4423,0,1,0.8175744761936437,-0.3092993497848511,-1.809299349784851,assist,yes
4424,0,0,0.4073334000459302,-0.966438889503479,-0.591438889503479,assist,no
4425,0,1,0.5926665999540697,-0.6411665678024292,-1.0161665678024292,assist,yes
4426,0,0,0.22270014914315833,-1.590031623840332,-0.3400316834449768,assist,no
4427,0,0,0.34864513533394575,-1.1797245740890503,-0.5547245740890503,assist,no
4428,0,1,0.5312093733737563,-0.7129711508750916,-0.8379711508750916,assist,yes
4429,0,1,0.5926665999540697,-0.5956664085388184,-0.9706664085388184,assist,yes
4430,0,0,0.10669058826486906,-2.373147487640381,-0.24814742803573608,assist,no
4431,0,0,0.09534947132582737,-2.4083924293518066,-0.1583925038576126,assist,no
4432,0,0,0.06754668363133542,-2.7788496017456055,-0.15384948253631592,assist,no
4433,0,0,0.1066905911052601,-2.50297212600708,-0.3779720962047577,assist,no
4434,0,0,0.10669060530721626,-2.5944361686706543,-0.46943628787994385,assist,no
4435,0,0,0.2942149845400438,-1.383225917816162,-0.5082259774208069,assist,no
4436,0,0,0.4378234991142019,-0.9225237369537354,-0.6725237369537354,assist,no
4437,0,0,0.34864513533394575,-1.1287697553634644,-0.5037697553634644,assist,no
4438,0,0,0.22270013366638422,-1.564231514930725,-0.3142314851284027,assist,no
4439,0,1,0.8807970748488297,-0.1958940327167511,-2.1958940029144287,assist,yes
4440,0,0,0.2689414272294874,-1.4693517684936523,-0.46935179829597473,assist,no
4441,0,0,0.0953494674697966,-2.4271347522735596,-0.17713478207588196,assist,no
4442,0,0,0.2018132174596823,-1.657906413078308,-0.2829063832759857,assist,no
4443,0,0,0.022977367902892003,-4.06454610824585,-0.31454601883888245,assist,no
4444,0,0,0.2689414330889798,-1.4529087543487549,-0.45290881395339966,assist,no
4445,0,0,0.022977370244547896,-3.879868507385254,-0.1298685222864151,assist,no
4446,0,1,0.5312093733737563,-0.7987757325172424,-0.9237757325172424,assist,yes
4447,0,0,0.13296424878721277,-2.117401123046875,-0.24240119755268097,assist,no
4448,0,0,0.22270014398423357,-1.560680866241455,-0.31068089604377747,assist,no
4449,0,0,0.06008665017400762,-2.8854598999023438,-0.13545989990234375,assist,no
4450,0,0,0.46879062662624377,-0.8511685729026794,-0.7261685729026794,assist,no
4451,0,1,0.7057850154599563,-0.4583740830421448,-1.3333740234375,assist,yes
4452,0,0,0.012431648840811669,-4.519145488739014,-0.14414532482624054,assist,no
4453,0,0,0.03732689055684297,-3.464310646057129,-0.21431073546409607,assist,no
4454,0,0,0.08509904732734556,-2.561678409576416,-0.1866784393787384,assist,no
4455,0,1,0.8354835330070839,-0.2753094732761383,-1.900309443473816,assist,yes
4456,0,1,0.5621765008857981,-0.6279556751251221,-0.8779556751251221,assist,yes
4457,0,0,0.07585818315512395,-2.6265709400177,-0.12657098472118378,assist,no
4458,0,0,0.0850990542883219,-2.562309741973877,-0.1873098611831665,assist,no
4459,0,1,0.7549149813536518,-0.4277574121952057,-1.5527573823928833,assist,yes
4460,0,0,0.16451647108926923,-1.855238676071167,-0.23023873567581177,assist,no
4461,0,0,0.18242551936144574,-1.8125849962234497,-0.3125849664211273,assist,no
4462,0,1,0.7310585669110203,-0.3878942131996155,-1.3878941535949707,assist,yes
4463,0,0,0.053403325280175794,-3.023219347000122,-0.1482192575931549,assist,no
4464,0,0,0.04208773031866069,-3.292085647583008,-0.1670857071876526,assist,no
4465,0,0,0.4073334000459302,-0.9582043886184692,-0.5832043886184692,assist,no
4466,0,1,0.7057850402140659,-0.3834626078605652,-1.25846266746521,assist,yes
4467,0,1,0.7057850340255386,-0.4043245017528534,-1.2793245315551758,assist,yes
4468,0,0,0.0953494738965146,-2.4869234561920166,-0.23692356050014496,assist,no
4469,0,0,0.18242553269617778,-1.8127577304840088,-0.31275779008865356,assist,no
4470,0,0,0.18242551936144574,-1.835111141204834,-0.3351111114025116,assist,no
4471,0,1,0.5312093733737563,-0.719738245010376,-0.844738245010376,assist,yes
4472,0,0,0.06008665101556925,-2.8869166374206543,-0.1369166523218155,assist,no
4473,0,0,0.07585818315512395,-2.749234199523926,-0.24923424422740936,assist,no
4474,0,0,0.05340333205964859,-3.0430939197540283,-0.1680939644575119,assist,no
4475,0,0,0.14804719427274565,-2.0387654304504395,-0.28876540064811707,assist,no
4476,0,0,0.4378234991142019,-0.9463974833488464,-0.6963974833488464,assist,no
4477,0,0,0.09534946232842245,-2.440204381942749,-0.19020435214042664,assist,no
4478,0,0,0.32082130082460697,-1.2197095155715942,-0.46970951557159424,assist,no
4479,0,0,0.07585818211049715,-2.714341878890991,-0.2143419086933136,assist,no
4480,0,0,0.10669058684467357,-2.289085865020752,-0.16408579051494598,assist,no
4481,0,1,0.7549149813536518,-0.37217310070991516,-1.4971730709075928,assist,yes
4482,0,0,0.03308597886541159,-3.583890676498413,-0.20889069139957428,assist,no
4483,0,0,0.4073334000459302,-1.0248667001724243,-0.6498667001724243,assist,no
4484,0,0,0.07585817793199003,-2.687171697616577,-0.18717166781425476,assist,no
4485,0,0,0.34864513533394575,-1.1181530952453613,-0.49315309524536133,assist,no
4486,0,0,0.03308597886541159,-3.5814669132232666,-0.2064669281244278,assist,no
4487,0,0,0.16451645880021026,-1.8902968168258667,-0.2652967870235443,assist,no
4488,0,0,0.3208212878370535,-1.2253074645996094,-0.4753074049949646,assist,no
4489,0,0,0.2942149845400438,-1.2993535995483398,-0.4243536591529846,assist,no
4490,0,0,0.04208772371029592,-3.3456015586853027,-0.22060145437717438,assist,no
4491,0,1,0.5621765008857981,-0.6606507301330566,-0.9106507301330566,assist,yes
4492,0,0,0.1480471980316895,-2.048988103866577,-0.29898810386657715,assist,no
4493,0,0,0.07585818524437762,-2.672400951385498,-0.17240102589130402,assist,no
4494,0,0,0.1329642281726931,-2.1213128566741943,-0.24631275236606598,assist,no
4495,0,0,0.22270013366638422,-1.5721356868743896,-0.32213565707206726,assist,no
4496,0,1,0.8933093975331751,-0.2365160882472992,-2.361515998840332,assist,yes
4497,0,0,0.02033235096813516,-4.048269748687744,-0.1732696294784546,assist,no
4498,0,0,0.015906394044350028,-4.330616474151611,-0.20561662316322327,assist,no
4499,0,0,0.09534945718704857,-2.4229977130889893,-0.1729976236820221,assist,no
4500,0,0,0.009708474475791274,-4.7522382736206055,-0.12723806500434875,assist,no
4501,0,0,0.042087731520181665,-3.3097715377807617,-0.18477162718772888,assist,no
4502,0,0,0.04742587721667508,-3.1758480072021484,-0.1758480966091156,assist,no
4503,0,1,0.7981867825403176,-0.3087244927883148,-1.6837245225906372,assist,yes
4504,0,1,0.8933094159957173,-0.2222966104745865,-2.347296714782715,assist,yes
4505,0,1,0.6791786926816161,-0.4583200514316559,-1.2083200216293335,assist,yes
4506,0,1,0.5621765008857981,-0.6674579977989197,-0.9174579977989197,assist,yes
4507,0,1,0.8354835452961425,-0.2557935118675232,-1.880793571472168,assist,yes
4508,0,0,0.3208212878370535,-1.221569538116455,-0.4715694785118103,assist,no
4509,0,0,0.32082130082460697,-1.3005799055099487,-0.5505799055099487,assist,no
4510,0,0,0.010986944573626636,-4.604351043701172,-0.1043512225151062,assist,no
4511,0,0,0.01590639217832175,-4.292916774749756,-0.16791680455207825,assist,no
4512,0,0,0.5,-0.7820362448692322,-0.7820362448692322,assist,no
4513,0,1,0.7057850154599563,-0.46334320306777954,-1.3383431434631348,assist,yes
4514,0,1,0.7772998663336157,-0.35722455382347107,-1.6072245836257935,assist,yes
4515,0,1,0.6513548646660542,-0.5693619251251221,-1.194361925125122,assist,yes
4516,0,0,0.008577486110661925,-4.832034587860107,-0.08203466981649399,assist,no
4517,0,0,0.02033235482673614,-4.105363368988037,-0.23036344349384308,assist,no
4518,0,0,0.006692851815858792,-5.171462059020996,-0.17146219313144684,assist,no
4519,0,1,0.867035771827307,-0.22937192022800446,-2.104372024536133,assist,yes
4520,0,0,0.16451645880021026,-1.8882031440734863,-0.26320311427116394,assist,no
4521,0,0,0.24508500761839525,-1.4970680475234985,-0.37206801772117615,assist,no
4522,0,0,0.053403325280175794,-3.043260097503662,-0.16826000809669495,assist,no
4523,0,1,0.7310585786300049,-0.4182248115539551,-1.418224811553955,assist,yes
4524,0,0,0.13296424878721277,-2.0998027324676514,-0.22480280697345734,assist,no
4525,0,0,0.3208212878370535,-1.1940486431121826,-0.44404858350753784,assist,no
4526,0,1,0.6224593312018546,-0.5421082973480225,-1.0421082973480225,assist,yes
4527,0,1,0.6224593312018546,-0.5525978803634644,-1.0525978803634644,assist,yes
4528,0,1,0.8175744673038221,-0.2789164185523987,-1.778916358947754,assist,yes
4529,0,0,0.24508500761839525,-1.5354275703430176,-0.4104275405406952,assist,no
4530,0,1,0.8175744806385543,-0.33987995982170105,-1.8398799896240234,assist,yes
4531,0,0,0.20181323186177208,-1.733203649520874,-0.3582037091255188,assist,no
4532,0,0,0.0953494738965146,-2.4586493968963623,-0.20864950120449066,assist,no
4533,0,0,0.06754668926255561,-2.778385877609253,-0.15338584780693054,assist,no
4534,0,0,0.3775406828054583,-1.044337272644043,-0.5443373322486877,assist,no
4535,0,0,0.13296423504419938,-2.0464134216308594,-0.1714133769273758,assist,no
4536,0,1,0.8354835411997897,-0.2542512118816376,-1.87925124168396,assist,yes
4537,0,0,0.46879062662624377,-0.8956120014190674,-0.7706120014190674,assist,no
4538,0,0,0.29421496597446145,-1.2721909284591675,-0.3971908986568451,assist,no
4539,0,0,0.02595735456051482,-3.774852752685547,-0.14985264837741852,assist,no
4540,0,0,0.2942149845400438,-1.3514628410339355,-0.4764629006385803,assist,no
4541,0,0,0.4073334000459302,-1.0107160806655884,-0.6357160806655884,assist,no
4542,0,0,0.2942149845400438,-1.275496006011963,-0.40049606561660767,assist,no
4543,0,1,0.679178699175393,-0.45667433738708496,-1.206674337387085,assist,yes
4544,0,1,0.8670357598021706,-0.2413485050201416,-2.1163485050201416,assist,yes
4545,0,0,0.4378234991142019,-0.9210368990898132,-0.6710368990898132,assist,no
4546,0,1,0.8670357649558007,-0.21131081879138947,-2.086310863494873,assist,yes
4547,0,0,0.16451647108926923,-1.9171562194824219,-0.29215627908706665,assist,no
4548,0,0,0.06754668738548215,-3.1747002601623535,-0.5497002005577087,assist,no
4549,0,0,0.13296423676207594,-2.1094987392425537,-0.23449870944023132,assist,no
4550,0,1,0.6224593171945417,-0.5524054169654846,-1.0524053573608398,assist,yes
4551,0,0,0.2018132270610754,-1.7654125690460205,-0.3904125988483429,assist,no
4552,0,0,0.11920293140927592,-2.2818479537963867,-0.2818480432033539,assist,no
4553,0,0,0.2689414272294874,-1.396881341934204,-0.3968813717365265,assist,no
4554,0,0,0.37754066879814546,-1.201174259185791,-0.701174259185791,assist,no
4555,0,0,0.022977372418942873,-3.8611466884613037,-0.11114680022001266,assist,no
4556,0,1,0.5312093733737563,-0.6945474147796631,-0.8195474147796631,assist,yes
4557,0,1,0.5312093733737563,-0.726585328578949,-0.851585328578949,assist,yes
4558,0,0,0.1645164628965632,-1.8807904720306396,-0.25579047203063965,assist,no
4559,0,0,0.02033235096813516,-4.002349853515625,-0.12734973430633545,assist,no
4560,0,0,0.017986209304104488,-4.092617034912109,-0.09261699765920639,assist,no
4561,0,0,0.022977368739197652,-3.833090305328369,-0.08309025317430496,assist,no
4562,0,0,0.060086653961035054,-2.8711416721343994,-0.12114173918962479,assist,no
4563,0,0,0.24508501864634827,-1.496870994567871,-0.3718710243701935,assist,no
4564,0,1,0.8807970858005139,-0.19505850970745087,-2.195058584213257,assist,yes
4565,0,0,0.020332352452212373,-4.015437602996826,-0.1404375582933426,assist,no
4566,0,0,0.012431651950844584,-4.454575538635254,-0.07957562804222107,assist,no
4567,0,0,0.26894141551050293,-1.3643568754196167,-0.3643568456172943,assist,no
4568,0,0,0.017986207461740823,-4.084219932556152,-0.084219790995121,assist,no
4569,0,0,0.08509905312815914,-2.559309720993042,-0.18430982530117035,assist,no
4570,0,1,0.9149009549929797,-0.1882948875427246,-2.5632948875427246,assist,yes
4571,0,0,0.5,-0.7714038491249084,-0.7714038491249084,assist,no
4572,0,1,0.6513548646660542,-0.5046285390853882,-1.1296285390853882,assist,yes
4573,0,1,0.6513548646660542,-0.5479404926300049,-1.1729404926300049,assist,yes
4574,0,0,0.22270014914315833,-1.6693294048309326,-0.4193294644355774,assist,no
4575,0,0,0.4073334000459302,-0.9563085436820984,-0.5813085436820984,assist,no
4576,0,0,0.46879062662624377,-0.8751345276832581,-0.7501345276832581,assist,no
4577,0,0,0.2689414213699951,-1.4007257223129272,-0.40072572231292725,assist,no
4578,0,0,0.3486451488696663,-1.138359785079956,-0.5133598446846008,assist,no
4579,0,0,0.03308598172565655,-3.6020495891571045,-0.22704969346523285,assist,no
4580,0,1,0.9046505453836383,-0.25819432735443115,-2.5081944465637207,assist,yes
4581,0,1,0.5621765008857981,-0.6891909241676331,-0.9391909241676331,assist,yes
4582,0,0,0.20181323186177208,-1.6861162185668945,-0.3111162781715393,assist,no
4583,0,1,0.5926665999540697,-0.6169074177742004,-0.9919074177742004,assist,yes
4584,0,0,0.015906388562892566,-4.224521636962891,-0.09952143579721451,assist,no
4585,0,1,0.5926665999540697,-0.5803648829460144,-0.9553648829460144,assist,yes
4586,0,1,0.7057850278370112,-0.43929362297058105,-1.314293622970581,assist,yes
4587,0,1,0.5621765008857981,-0.6597169041633606,-0.9097169041633606,assist,yes
4588,0,0,0.08509903804604459,-2.5483999252319336,-0.17339983582496643,assist,no
4589,0,0,0.03732688948593843,-3.367241144180298,-0.11724120378494263,assist,no
4590,0,0,0.5,-0.7789463400840759,-0.7789463400840759,assist,no
4591,0,1,0.6513548646660542,-0.5258516073226929,-1.1508516073226929,assist,yes
4592,0,0,0.24508501313237172,-1.4797031879425049,-0.3547031879425049,assist,no
4593,0,0,0.01798621114646834,-4.092574119567871,-0.09257418662309647,assist,no
4594,0,0,0.16451646494473965,-1.835533857345581,-0.21053387224674225,assist,no
4595,0,0,0.46879062662624377,-0.826690673828125,-0.701690673828125,assist,no
4596,0,0,0.08509905080783367,-2.532909631729126,-0.15790970623493195,assist,no
4597,0,0,0.09534947518185825,-2.413179397583008,-0.16317951679229736,assist,no
4598,0,1,0.7549149813536518,-0.3529593050479889,-1.4779592752456665,assist,yes
4599,0,0,0.0534033328129234,-3.3026304244995117,-0.4276304841041565,assist,no
4600,0,0,0.4378234991142019,-0.9416934847831726,-0.6916934847831726,assist,no
4601,0,0,0.017986210751676075,-4.150939464569092,-0.15093950927257538,assist,no
4602,0,0,0.10669060388702058,-2.297105312347412,-0.17210541665554047,assist,no
4603,0,1,0.6224593171945417,-0.5805192589759827,-1.080519199371338,assist,yes
4604,0,1,0.6513548646660542,-0.5126640796661377,-1.1376640796661377,assist,yes
4605,0,1,0.5312093733737563,-0.7013694643974304,-0.8263694643974304,assist,yes
4606,0,0,0.06754669583231304,-2.7894294261932373,-0.16442950069904327,assist,no
4607,0,1,0.7981867729389246,-0.3119795620441437,-1.6869795322418213,assist,yes
4608,0,0,0.10669060246682488,-2.37748384475708,-0.25248393416404724,assist,no
4609,0,0,0.042087730919421175,-3.2682456970214844,-0.14324577152729034,assist,no
4610,0,0,0.014063626423394072,-4.369416236877441,-0.11941619217395782,assist,no
4611,0,0,0.008577487187766488,-4.990753650665283,-0.24075385928153992,assist,no
4612,0,1,0.8933094174159129,-0.22271811962127686,-2.3477182388305664,assist,yes
4613,0,0,0.01798620759333822,-4.2270731925964355,-0.2270730584859848,assist,no
4614,0,0,0.007577241267860811,-5.0477495193481445,-0.17274951934814453,assist,no
4615,0,1,0.5926665999540697,-0.5956812500953674,-0.9706812500953674,assist,yes
4616,0,0,0.010986942792512623,-4.586001396179199,-0.08600141108036041,assist,no
4617,0,0,0.02595735682104226,-3.787823438644409,-0.16282342374324799,assist,no
4618,0,0,0.4073334000459302,-0.9787240028381348,-0.6037240028381348,assist,no
4619,0,0,0.00522012615783771,-5.5110626220703125,-0.26106271147727966,assist,no
4620,0,1,0.8519528000888387,-0.21990622580051422,-1.969906210899353,assist,yes
4621,0,1,0.9399133481428692,-0.17484882473945618,-2.924848794937134,assist,yes
4622,0,0,0.24508501313237172,-1.455514907836914,-0.33051490783691406,assist,no
4623,0,0,0.04208772671409796,-3.2180397510528564,-0.09303972125053406,assist,no
4624,0,1,0.7772998714925403,-0.3862730860710144,-1.6362731456756592,assist,yes
4625,0,1,0.7057850340255386,-0.4519953429698944,-1.3269953727722168,assist,yes
4626,0,0,0.46879062662624377,-0.8157781958580017,-0.6907781958580017,assist,no
4627,0,0,0.2689414272294874,-1.4250930547714233,-0.4250930845737457,assist,no
4628,0,0,0.047425871831197425,-3.1743173599243164,-0.17431733012199402,assist,no
4629,0,0,0.18242553269617778,-1.7630581855773926,-0.26305824518203735,assist,no
4630,0,1,0.679178699175393,-0.5136419534683228,-1.2636419534683228,assist,yes
4631,0,0,0.1480471980316895,-2.134546995162964,-0.38454699516296387,assist,no
4632,0,0,0.02033235601399812,-4.110043048858643,-0.23504318296909332,assist,no
4633,0,0,0.02033235319425102,-3.9429872035980225,-0.06798719614744186,assist,no
4634,0,1,0.7772998611746911,-0.3860435485839844,-1.6360435485839844,assist,yes
4635,0,0,0.3486451217982255,-1.1543824672698975,-0.5293824076652527,assist,no
4636,0,0,0.01798621298883238,-4.102852821350098,-0.10285299271345139,assist,no
4637,0,0,0.2689414330889798,-1.3969573974609375,-0.3969574570655823,assist,no
4638,0,1,0.6224593171945417,-0.5477238297462463,-1.0477237701416016,assist,yes
4639,0,0,0.4073333856566001,-1.0102887153625488,-0.635288655757904,assist,no
4640,0,0,0.5,-0.8337876796722412,-0.8337876796722412,assist,no
4641,0,0,0.32082130082460697,-1.2419887781143188,-0.49198877811431885,assist,no
4642,0,0,0.34864513533394575,-1.1560256481170654,-0.5310256481170654,assist,no
4643,0,1,0.5926665999540697,-0.6066030263900757,-0.9816030263900757,assist,yes
4644,0,1,0.6513548511303336,-0.5150311589241028,-1.140031099319458,assist,yes
4645,0,1,0.904650536386234,-0.23962663114070892,-2.48962664604187,assist,yes
4646,0,1,0.7981867729389246,-0.32099178433418274,-1.6959917545318604,assist,yes
4647,0,0,0.029312230963347865,-3.616023540496826,-0.11602354794740677,assist,no
4648,0,1,0.5926665999540697,-0.5980018973350525,-0.9730018973350525,assist,yes
4649,0,0,0.3208213138121609,-1.231288194656372,-0.48128825426101685,assist,no
4650,0,0,0.06754669489377622,-2.7789134979248047,-0.15391355752944946,assist,no
4651,0,0,0.1329642333263228,-2.1339733600616455,-0.25897330045700073,assist,no
4652,0,0,0.0600866518571309,-2.8787691593170166,-0.128769189119339,assist,no
4653,0,0,0.2689414213699951,-1.5725964307785034,-0.5725964307785034,assist,no
4654,0,0,0.017986211278065763,-4.125962257385254,-0.12596233189105988,assist,no
4655,0,0,0.0675466845698721,-2.8138039112091064,-0.1888038069009781,assist,no
4656,0,1,0.5926665999540697,-0.5893121361732483,-0.9643121361732483,assist,yes
4657,0,1,0.8354835330070839,-0.24802222847938538,-1.873022198677063,assist,yes
4658,0,1,0.7549149868676283,-0.3872857093811035,-1.5122857093811035,assist,yes
4659,0,0,0.01406362601015982,-4.413166522979736,-0.16316644847393036,assist,no
4660,0,0,0.07585817688736327,-2.63344407081604,-0.13344402611255646,assist,no
4661,0,0,0.014063625803542697,-4.450209140777588,-0.20020905137062073,assist,no
4662,0,0,0.14804719239327382,-1.9763184785842896,-0.22631843388080597,assist,no
4663,0,0,0.04742587317756679,-3.174315929412842,-0.1743159294128418,assist,no
4664,0,1,0.5621765008857981,-0.6444960236549377,-0.8944960236549377,assist,yes
4665,0,0,0.3208213138121609,-1.2673115730285645,-0.5173116326332092,assist,no
4666,0,0,0.0046095718375174415,-5.562866687774658,-0.18786661326885223,assist,no
4667,0,0,0.32082130082460697,-1.2847485542297363,-0.5347485542297363,assist,no
4668,0,1,0.9399133464597458,-0.14048749208450317,-2.8904874324798584,assist,yes
4669,0,0,0.010986941011398892,-4.7708659172058105,-0.2708657681941986,assist,no
4670,0,1,0.7549149923816048,-0.33855876326560974,-1.4635587930679321,assist,yes
4671,0,0,0.010986940363721243,-4.7700300216674805,-0.27002981305122375,assist,no
4672,0,1,0.6224593312018546,-0.5523397922515869,-1.052339792251587,assist,yes
4673,0,0,0.32082130731838393,-1.230421543121338,-0.4804215729236603,assist,no
4674,0,1,0.8354835330070839,-0.33343997597694397,-1.9584399461746216,assist,yes
4675,0,0,0.13296425050508953,-2.112647771835327,-0.2376478612422943,assist,no
4676,0,0,0.22270014914315833,-1.6024799346923828,-0.3524799942970276,assist,no
4677,0,1,0.5926665999540697,-0.5583422183990479,-0.9333422183990479,assist,yes
4678,0,0,0.04208772791561884,-3.4421560764312744,-0.3171560764312744,assist,no
4679,0,0,0.0953494738965146,-2.4055495262145996,-0.15554963052272797,assist,no
4680,0,0,0.01243165213378772,-4.520511150360107,-0.14551125466823578,assist,no
4681,0,0,0.37754066879814546,-1.04279363155365,-0.5427936315536499,assist,no
4682,0,1,0.924141816844876,-0.22099308669567108,-2.7209930419921875,assist,yes
4683,0,1,0.5621765008857981,-0.6652571558952332,-0.9152571558952332,assist,yes
4684,0,0,0.08509903688588204,-2.5413033962249756,-0.16630329191684723,assist,no
4685,0,1,0.9046505338155469,-0.178025022149086,-2.428025007247925,assist,yes
4686,0,0,0.025957355314023947,-3.760934591293335,-0.135934516787529,assist,no
4687,0,1,0.7310585903489892,-0.3859948515892029,-1.3859949111938477,assist,yes
4688,0,0,0.37754066879814546,-1.0835182666778564,-0.5835182666778564,assist,no
4689,0,0,0.4073334000459302,-0.969027042388916,-0.594027042388916,assist,no
4690,0,1,0.7057850216484838,-0.427937775850296,-1.3029377460479736,assist,yes
4691,0,0,0.07585818106587033,-2.6859490871429443,-0.18594910204410553,assist,no
4692,0,0,0.14804719239327382,-1.9938358068466187,-0.24383576214313507,assist,no
4693,0,0,0.02033235304584329,-4.064907550811768,-0.18990753591060638,assist,no
4694,0,1,0.8354835411997897,-0.28838011622428894,-1.9133801460266113,assist,yes
4695,0,1,0.6513548782017746,-0.48273199796676636,-1.1077320575714111,assist,yes
4696,0,0,0.01098694441170717,-4.696089267730713,-0.19608943164348602,assist,no
4697,0,0,0.04742587385075148,-3.1300394535064697,-0.13003946840763092,assist,no
4698,0,0,0.4073334000459302,-0.9913086295127869,-0.6163086295127869,assist,no
4699,0,0,0.020332349484058054,-4.085544109344482,-0.2105439156293869,assist,no
4700,0,1,0.893309401793762,-0.1816592663526535,-2.30665922164917,assist,yes
4701,0,0,0.20181322226037882,-1.6672914028167725,-0.29229140281677246,assist,no
4702,0,1,0.7981867777396212,-0.3326684236526489,-1.707668423652649,assist,yes
4703,0,0,0.4378234991142019,-0.8949369788169861,-0.6449369788169861,assist,no
4704,0,0,0.5,-0.7813953757286072,-0.7813953757286072,assist,no
4705,0,0,0.01590639357784294,-4.328205108642578,-0.20320522785186768,assist,no
4706,0,0,0.3775406828054583,-1.0579280853271484,-0.5579281449317932,assist,no
4707,0,1,0.7057850402140659,-0.4481024146080017,-1.3231024742126465,assist,yes
4708,0,0,0.0075772408196442265,-5.013482093811035,-0.13848203420639038,assist,no
4709,0,0,0.022977370913592487,-3.8696932792663574,-0.119693323969841,assist,no
4710,0,0,0.007577240763617155,-4.975512981414795,-0.10051291435956955,assist,no
4711,0,0,0.02595735682104226,-3.758868932723999,-0.13386891782283783,assist,no
4712,0,0,0.26894141551050293,-1.4068900346755981,-0.40689000487327576,assist,no
4713,0,1,0.7549149923816048,-0.41207239031791687,-1.5370724201202393,assist,yes
4714,0,0,0.006692850627093569,-5.057929992675781,-0.05792994797229767,assist,no
4715,0,0,0.06008665354025422,-2.9264886379241943,-0.1764886975288391,assist,no
4716,0,0,0.10669060388702058,-2.3364417552948,-0.21144185960292816,assist,no
4717,0,0,0.24508500761839525,-1.4711419343948364,-0.34614190459251404,assist,no
4718,0,0,0.07585817793199003,-2.662092924118042,-0.1620928943157196,assist,no
4719,0,1,0.9579122756889438,-0.1697033941745758,-3.294703483581543,assist,yes
4720,0,0,0.1192029188930649,-2.2649905681610107,-0.26499053835868835,assist,no
4721,0,1,0.6513548646660542,-0.5168110132217407,-1.1418110132217407,assist,yes
4722,0,1,0.5621765008857981,-0.7056370973587036,-0.9556370973587036,assist,yes
4723,0,1,0.9046505402422645,-0.16167587041854858,-2.4116759300231934,assist,yes
4724,0,0,0.37754066879814546,-1.0846726894378662,-0.5846726894378662,assist,no
4725,0,0,0.16451645880021026,-1.8655203580856323,-0.24052032828330994,assist,no
4726,0,1,0.6513548646660542,-0.4952244758605957,-1.1202244758605957,assist,yes
4727,0,1,0.9241418116217418,-0.17851316928863525,-2.6785130500793457,assist,yes
4728,0,0,0.5,-0.7815902829170227,-0.7815902829170227,assist,no
4729,0,0,0.01406362497707424,-4.316430568695068,-0.06643041968345642,assist,no
4730,0,1,0.8670357701094303,-0.24139729142189026,-2.1163973808288574,assist,yes
4731,0,0,0.22270014398423357,-1.5857683420181274,-0.33576837182044983,assist,no
4732,0,0,0.017986209435701905,-4.151153564453125,-0.1511535346508026,assist,no
4733,0,1,0.5312093733737563,-0.6662753820419312,-0.7912753820419312,assist,yes
4734,0,1,0.8519527982093668,-0.23581460118293762,-1.9858145713806152,assist,yes
4735,0,1,0.8807970654616711,-0.18732845783233643,-2.187328338623047,assist,yes
4736,0,0,0.3208213138121609,-1.2156097888946533,-0.4656098484992981,assist,no
4737,0,0,0.01406362456384003,-4.498596668243408,-0.24859648942947388,assist,no
4738,0,1,0.5312093733737563,-0.742732048034668,-0.867732048034668,assist,yes
4739,0,0,0.2942149597859341,-1.291538953781128,-0.41653889417648315,assist,no
4740,0,0,0.0420877273148584,-3.2572717666625977,-0.13227175176143646,assist,no
4741,0,0,0.14804720179063335,-1.9842334985733032,-0.2342335283756256,assist,no
4742,0,0,0.18242552380635632,-1.8205032348632812,-0.32050323486328125,assist,no
4743,0,0,0.37754066879814546,-1.0613172054290771,-0.5613172054290771,assist,no
4744,0,1,0.7549149813536518,-0.3463318645954132,-1.4713318347930908,assist,yes
4745,0,0,0.32082130082460697,-1.2483512163162231,-0.49835121631622314,assist,no
4746,0,0,0.37754066879814546,-1.0614359378814697,-0.5614359378814697,assist,no
4747,0,0,0.46879062662624377,-1.0193685293197632,-0.8943685293197632,assist,no
4748,0,0,0.022977370746331334,-3.870408296585083,-0.12040833383798599,assist,no
4749,0,0,0.4378234991142019,-0.8832272291183472,-0.6332272291183472,assist,no
4750,0,1,0.5621765008857981,-0.6414061188697815,-0.8914061188697815,assist,yes
4751,0,0,0.042087723109535534,-3.3119983673095703,-0.18699824810028076,assist,no
4752,0,0,0.34864513533394575,-1.231519341468811,-0.606519341468811,assist,no
4753,0,0,0.0052201249197596335,-5.460047245025635,-0.21004709601402283,assist,no
4754,0,1,0.5312093733737563,-0.7235985994338989,-0.8485985994338989,assist,yes
4755,0,0,0.042087729717900216,-3.307572364807129,-0.1825724095106125,assist,no
4756,0,1,0.5312093733737563,-0.7044243216514587,-0.8294243216514587,assist,yes
4757,0,0,0.46879062662624377,-0.8314617872238159,-0.7064617872238159,assist,no
4758,0,0,0.08509904036636974,-2.6114063262939453,-0.23640626668930054,assist,no
4759,0,0,0.015906394510857135,-4.216433525085449,-0.09143370389938354,assist,no
4760,0,0,0.014063627869714051,-4.43110466003418,-0.18110471963882446,assist,no
4761,0,0,0.3486451217982255,-1.1618750095367432,-0.5368749499320984,assist,no
4762,0,0,0.00757724009129233,-4.999006748199463,-0.12400659173727036,assist,no
4763,0,1,0.8670357460591569,-0.33703386783599854,-2.212033748626709,assist,yes
4764,0,1,0.7549149813536518,-0.3756394684314728,-1.5006394386291504,assist,yes
4765,0,1,0.679178699175393,-0.522956132888794,-1.272956132888794,assist,yes
4766,0,1,0.5312093733737563,-0.8062808513641357,-0.9312808513641357,assist,yes
4767,0,0,0.2018132174596823,-1.686337947845459,-0.3113379180431366,assist,no
4768,0,0,0.3775406547908327,-1.0835034847259521,-0.5835034251213074,assist,no
4769,0,0,0.0600866447038573,-2.8684909343719482,-0.11849083751440048,assist,no
4770,0,1,0.7057850340255386,-0.42090246081352234,-1.2959024906158447,assist,yes
4771,0,1,0.5926665999540697,-0.5874174237251282,-0.9624174237251282,assist,yes
4772,0,0,0.26894141551050293,-1.3487164974212646,-0.34871646761894226,assist,no
4773,0,0,0.020332356310813628,-4.0468292236328125,-0.17182937264442444,assist,no
4774,0,0,0.37754066879814546,-1.0494117736816406,-0.5494117736816406,assist,no
4775,0,0,0.22270014914315833,-1.5670280456542969,-0.31702810525894165,assist,no
4776,0,0,0.04208772371029592,-3.2959489822387695,-0.17094887793064117,assist,no
4777,0,0,0.22270012850745968,-1.6086997985839844,-0.3586997389793396,assist,no
4778,0,0,0.09534946104307897,-2.4995768070220947,-0.24957676231861115,assist,no
4779,0,1,0.89330940889474,-0.20187637209892273,-2.326876401901245,assist,yes
4780,0,0,0.0203323520069892,-3.9637339115142822,-0.08873384445905685,assist,no
4781,0,1,0.7549149868676283,-0.35260486602783203,-1.477604866027832,assist,yes
4782,0,1,0.7057850216484838,-0.4369664490222931,-1.3119664192199707,assist,yes
4783,0,1,0.6224593171945417,-0.5324831604957581,-1.0324831008911133,assist,yes
4784,0,0,0.09534945718704857,-2.420283079147339,-0.1702829897403717,assist,no
4785,0,1,0.5621765008857981,-0.6325051784515381,-0.8825051784515381,assist,yes
4786,0,0,0.4378234991142019,-0.9216176271438599,-0.6716176271438599,assist,no
4787,0,0,0.08509905312815914,-2.569218158721924,-0.19421826303005219,assist,no
4788,0,0,0.37754066879814546,-1.026565432548523,-0.526565432548523,assist,no
4789,0,1,0.8670357666736773,-0.21136659383773804,-2.086366653442383,assist,yes
4790,0,0,0.14804719427274565,-2.127272129058838,-0.3772720992565155,assist,no
4791,0,1,0.5312093733737563,-0.7605549693107605,-0.8855549693107605,assist,yes
4792,0,0,0.02931222841944938,-3.5857486724853516,-0.085748590528965,assist,no
4793,0,1,0.7549149868676283,-0.39740419387817383,-1.5224041938781738,assist,yes
4794,0,0,0.11920290950590741,-2.1921772956848145,-0.1921771764755249,assist,no
4795,0,0,0.08509904268669496,-2.5199921131134033,-0.14499208331108093,assist,no
4796,0,0,0.22270013882530884,-1.6021677255630493,-0.3521677255630493,assist,no
4797,0,0,0.22270014398423357,-1.6344561576843262,-0.38445618748664856,assist,no
4798,0,0,0.34864513533394575,-1.1434907913208008,-0.5184907913208008,assist,no
4799,0,0,0.07585818524437762,-2.6549086570739746,-0.15490873157978058,assist,no
4800,0,0,0.09534946232842245,-2.4584264755249023,-0.20842644572257996,assist,no
4801,0,1,0.6513548782017746,-0.5034505724906921,-1.128450632095337,assist,yes
4802,0,1,0.5312093733737563,-0.7339271306991577,-0.8589271306991577,assist,yes
4803,0,1,0.6791787121629466,-0.5037466883659363,-1.253746747970581,assist,yes
4804,0,1,0.7981867825403176,-0.3104836642742157,-1.685483694076538,assist,yes
4805,0,1,0.9399133447766225,-0.15138491988182068,-2.9013848304748535,assist,yes
4806,0,0,0.02931222947940706,-3.6375977993011475,-0.13759775459766388,assist,no
4807,0,0,0.46879062662624377,-0.8516335487365723,-0.7266335487365723,assist,no
4808,0,0,0.029312230751356316,-3.64013409614563,-0.14013409614562988,assist,no
4809,0,0,0.4073334000459302,-0.9749267101287842,-0.5999267101287842,assist,no
4810,0,1,0.5621765008857981,-0.740016520023346,-0.990016520023346,assist,yes
4811,0,1,0.6224593171945417,-0.5403428673744202,-1.0403428077697754,assist,yes
4812,0,0,0.29421496597446145,-1.319453477859497,-0.4444534480571747,assist,no
4813,0,0,0.1645164608483867,-1.8720793724060059,-0.24707935750484467,assist,no
4814,0,1,0.880797076413356,-0.22565294802188873,-2.2256529331207275,assist,yes
4815,0,0,0.042087725812957326,-3.200627088546753,-0.07562703639268875,assist,no
4816,0,0,0.4073334000459302,-0.9783546328544617,-0.6033546328544617,assist,no
4817,0,0,0.24508500210441886,-1.4747979640960693,-0.34979790449142456,assist,no
4818,0,0,0.5,-0.8341963291168213,-0.8341963291168213,assist,no
4819,0,0,0.37754066879814546,-1.0610407590866089,-0.5610407590866089,assist,no
4820,0,1,0.7549149923816048,-0.3561027944087982,-1.4811028242111206,assist,yes
4821,0,0,0.06754669207816587,-2.7553353309631348,-0.13033534586429596,assist,no
4822,0,0,0.18242552825126704,-1.8076156377792358,-0.3076156675815582,assist,no
4823,0,0,0.022977371248114782,-3.8154356479644775,-0.06543570756912231,assist,no
4824,0,0,0.029312233295254994,-3.640026330947876,-0.14002642035484314,assist,no
4825,0,0,0.2018132270610754,-1.6770704984664917,-0.3020705282688141,assist,no
4826,0,1,0.5621765008857981,-0.6586293578147888,-0.9086293578147888,assist,yes
4827,0,0,0.08509904848750824,-2.6150283813476562,-0.24002842605113983,assist,no
4828,0,1,0.6224593171945417,-0.5499358773231506,-1.0499358177185059,assist,yes
4829,0,1,0.867035763237924,-0.2645213305950165,-2.139521360397339,assist,yes
4830,0,1,0.5926665999540697,-0.6060642004013062,-0.9810642004013062,assist,yes
4831,0,0,0.05340332452690107,-3.0038206577301025,-0.12882055342197418,assist,no
4832,0,0,0.18242551936144574,-1.7862883806228638,-0.2862883508205414,assist,no
4833,0,0,0.32082130731838393,-1.202636957168579,-0.4526369869709015,assist,no
4834,0,1,0.8354835432479661,-0.23845072090625763,-1.8634507656097412,assist,yes
4835,0,0,0.4378234991142019,-0.9411137700080872,-0.6911137700080872,assist,no
4836,0,0,0.05340333507274787,-3.0454423427581787,-0.17044244706630707,assist,no
4837,0,1,0.6791787056691698,-0.4727310836315155,-1.222731113433838,assist,yes
4838,0,1,0.893309411735131,-0.23794502019882202,-2.362945079803467,assist,yes
4839,0,1,0.798186768138228,-0.3093889355659485,-1.6843888759613037,assist,yes
4840,0,0,0.2689414213699951,-1.4604941606521606,-0.46049416065216064,assist,no
4841,0,1,0.7057850402140659,-0.45291465520858765,-1.3279147148132324,assist,yes
4842,0,0,0.04742586913845881,-3.2933342456817627,-0.29333415627479553,assist,no
4843,0,0,0.4073334000459302,-0.9693644046783447,-0.5943644046783447,assist,no
4844,0,1,0.7310585786300049,-0.416339635848999,-1.416339635848999,assist,yes
4845,0,1,0.5621765008857981,-0.6468809247016907,-0.8968809247016907,assist,yes
4846,0,0,0.06008665311947337,-2.8712916374206543,-0.12129168957471848,assist,no
4847,0,0,0.29421496597446145,-1.3251692056655884,-0.450169175863266,assist,no
4848,0,1,0.5621765008857981,-0.6919543147087097,-0.9419543147087097,assist,yes
4849,0,0,0.037326884131416216,-3.3661386966705322,-0.11613860726356506,assist,no
4850,0,0,0.012431653322918172,-4.493620872497559,-0.11862107366323471,assist,no
4851,0,0,0.4073334000459302,-0.9879321455955505,-0.6129321455955505,assist,no
4852,0,1,0.6224593312018546,-0.5648189783096313,-1.0648189783096313,assist,yes
4853,0,0,0.037326888415033926,-3.3655192852020264,-0.11551931500434875,assist,no
4854,0,0,0.4073334000459302,-0.9875509738922119,-0.6125509738922119,assist,no
4855,0,0,0.4378234991142019,-0.9371323585510254,-0.6871323585510254,assist,no
4856,0,0,0.29421497216298875,-1.3142781257629395,-0.43927812576293945,assist,no
4857,0,0,0.11920292202211755,-2.2641520500183105,-0.26415205001831055,assist,no
4858,0,1,0.5926665999540697,-0.6261078119277954,-1.0011078119277954,assist,yes
4859,0,1,0.754914997895581,-0.38525837659835815,-1.510258436203003,assist,yes
4860,0,0,0.037326890021390696,-3.3771603107452393,-0.12716038525104523,assist,no
4861,0,0,0.22270014914315833,-1.586409568786621,-0.33640962839126587,assist,no
4862,0,0,0.04742586846527418,-3.1487362384796143,-0.1487361341714859,assist,no
4863,0,0,0.1329642436335826,-2.066645622253418,-0.19164565205574036,assist,no
4864,0,1,0.7057850340255386,-0.44021663069725037,-1.3152166604995728,assist,yes
4865,0,0,0.012431653414389749,-4.647185802459717,-0.2721860110759735,assist,no
4866,0,1,0.893309401793762,-0.17380528151988983,-2.2988052368164062,assist,yes
4867,0,1,0.7057850278370112,-0.47440922260284424,-1.3494092226028442,assist,yes
4868,0,0,0.07585817688736327,-2.663879632949829,-0.16387958824634552,assist,no
4869,0,0,0.16451646699291617,-1.838505744934082,-0.21350577473640442,assist,no
4870,0,0,0.0159063879797589,-4.430859565734863,-0.3058593273162842,assist,no
4871,0,1,0.6224593312018546,-0.5616395473480225,-1.0616395473480225,assist,yes
4872,0,1,0.7772998560157665,-0.3351558744907379,-1.5851558446884155,assist,yes
4873,0,0,0.29421497216298875,-1.2838895320892334,-0.4088895320892334,assist,no
4874,0,0,0.02595735606753309,-3.719660997390747,-0.09466095268726349,assist,no
4875,0,0,0.4073334000459302,-0.9873583912849426,-0.6123583912849426,assist,no
4876,0,0,0.07585817584273653,-2.7412326335906982,-0.24123257398605347,assist,no
4877,0,0,0.4073334000459302,-0.974162220954895,-0.599162220954895,assist,no
4878,0,0,0.22270013366638422,-1.5900604724884033,-0.34006044268608093,assist,no
4879,0,1,0.8354835411997897,-0.25481340289115906,-1.8798134326934814,assist,yes
4880,0,0,0.16451646699291617,-1.9455469846725464,-0.3205470144748688,assist,no
4881,0,0,0.09534947261117097,-2.4357852935791016,-0.18578538298606873,assist,no
4882,0,0,0.18242552380635632,-1.7571401596069336,-0.2571401596069336,assist,no
4883,0,0,0.18242552825126704,-1.807310938835144,-0.30731096863746643,assist,no
4884,0,1,0.867035763237924,-0.22034451365470886,-2.0953445434570312,assist,yes
4885,0,0,0.014063623943988737,-4.4314398765563965,-0.18143965303897858,assist,no
4886,0,0,0.06754669020109236,-2.8559441566467285,-0.23094414174556732,assist,no
4887,0,1,0.9046505351008906,-0.18752217292785645,-2.4375221729278564,assist,yes
4888,0,0,0.4073334000459302,-0.9836648106575012,-0.6086648106575012,assist,no
4889,0,1,0.9241418158002492,-0.16767984628677368,-2.667679786682129,assist,yes
4890,0,1,0.5621765008857981,-0.6764084696769714,-0.9264084696769714,assist,yes
4891,0,1,0.7549149923816048,-0.36512085795402527,-1.4901208877563477,assist,yes
4892,0,0,0.2689414330889798,-1.3873896598815918,-0.3873897194862366,assist,no
4893,0,0,0.5,-0.808700680732727,-0.808700680732727,assist,no
4894,0,0,0.09534947518185825,-2.5602574348449707,-0.31025755405426025,assist,no
4895,0,0,0.06754669583231304,-2.7874481678009033,-0.1624482423067093,assist,no
4896,0,0,0.5,-0.7415444850921631,-0.7415444850921631,assist,no
4897,0,1,0.5312093733737563,-0.7079437971115112,-0.8329437971115112,assist,yes
4898,0,0,0.1329642333263228,-2.099245071411133,-0.22424501180648804,assist,no
4899,0,0,0.06754668503914042,-2.733668565750122,-0.10866846889257431,assist,no
4900,0,0,0.09534946361376598,-2.4298551082611084,-0.1798550933599472,assist,no
4901,0,1,0.7549149923816048,-0.39816126227378845,-1.5231612920761108,assist,yes
4902,0,0,0.02931222947940706,-3.584981679916382,-0.08498163521289825,assist,no
4903,0,1,0.5621765008857981,-0.6327813863754272,-0.8827813863754272,assist,yes
4904,0,0,0.06008665480259672,-2.869619846343994,-0.1196199283003807,assist,no
4905,0,0,0.5,-0.8047495484352112,-0.8047495484352112,assist,no
4906,0,0,0.012431653231446594,-4.520936012268066,-0.14593620598316193,assist,no
4907,0,0,0.0953494674697966,-2.410494089126587,-0.1604941189289093,assist,no
4908,0,0,0.08509903804604459,-2.648883581161499,-0.27388349175453186,assist,no
4909,0,0,0.22270013366638422,-1.5656421184539795,-0.3156420886516571,assist,no
4910,0,0,0.4073334000459302,-0.9911792278289795,-0.6161792278289795,assist,no
4911,0,0,0.3775406828054583,-1.0281481742858887,-0.5281482338905334,assist,no
4912,0,0,0.4073334000459302,-0.9780286550521851,-0.6030286550521851,assist,no
4913,0,0,0.01590639054554718,-4.248044967651367,-0.12304489314556122,assist,no
4914,0,1,0.6513548646660542,-0.48322856426239014,-1.1082285642623901,assist,yes
4915,0,0,0.020332355717182622,-4.031368732452393,-0.15636885166168213,assist,no
4916,0,0,0.1192029188930649,-2.2042183876037598,-0.20421835780143738,assist,no
4917,0,1,0.8807970842359877,-0.1813165545463562,-2.181316614151001,assist,yes
4918,0,1,0.8933094074745443,-0.1896183341741562,-2.3146183490753174,assist,yes
4919,0,1,0.8519527982093668,-0.25766757130622864,-2.0076675415039062,assist,yes
4920,0,0,0.07585817688736327,-2.6404123306274414,-0.14041228592395782,assist,no
4921,0,1,0.5926665999540697,-0.5976859331130981,-0.9726859331130981,assist,yes
4922,0,1,0.7057850402140659,-0.38695400953292847,-1.2619540691375732,assist,yes
4923,0,1,0.8354835371034369,-0.27451086044311523,-1.8995108604431152,assist,yes
4924,0,0,0.3486451488696663,-1.0940580368041992,-0.469058096408844,assist,no
4925,0,1,0.5621765008857981,-0.6680136919021606,-0.9180136919021606,assist,yes
4926,0,0,0.006692851320539924,-5.292546272277832,-0.2925463318824768,assist,no
4927,0,1,0.914900950352329,-0.2006574273109436,-2.575657367706299,assist,yes
4928,0,1,0.6791787121629466,-0.45660609006881714,-1.206606149673462,assist,yes
4929,0,0,0.22270013882530884,-1.6006065607070923,-0.3506065607070923,assist,no
4930,0,0,0.11920292202211755,-2.1730570793151855,-0.17305707931518555,assist,no
4931,0,0,0.06008665522337757,-2.904423236846924,-0.154423326253891,assist,no
4932,0,0,0.13296424706933604,-2.0566442012786865,-0.1816442608833313,assist,no
4933,0,1,0.679178699175393,-0.4564629793167114,-1.2064629793167114,assist,yes
4934,0,1,0.8175744673038221,-0.29760223627090454,-1.7976021766662598,assist,yes
4935,0,0,0.24508502416032488,-1.5976345539093018,-0.47263461351394653,assist,no
4936,0,0,0.46879062662624377,-0.8443107008934021,-0.7193107008934021,assist,no
4937,0,0,0.24508501313237172,-1.483181118965149,-0.3581811189651489,assist,no
4938,0,0,0.09534945718704857,-2.4587926864624023,-0.20879259705543518,assist,no
4939,0,0,0.012431653688804487,-4.453530311584473,-0.07853054255247116,assist,no
4940,0,0,0.32082130082460697,-1.225827693939209,-0.475827693939209,assist,no
4941,0,1,0.7057850154599563,-0.39397674798965454,-1.2689766883850098,assist,yes
4942,0,0,0.37754066879814546,-1.060903787612915,-0.560903787612915,assist,no
4943,0,1,0.6791787056691698,-0.46514496207237244,-1.2151449918746948,assist,yes
4944,0,0,0.02297737174989824,-3.8597464561462402,-0.1097465381026268,assist,no
4945,0,1,0.5926665999540697,-0.6184418201446533,-0.9934418201446533,assist,yes
4946,0,1,0.7549149923816048,-0.372760146856308,-1.4977601766586304,assist,yes
4947,0,0,0.13296422989056964,-2.1020398139953613,-0.22703972458839417,assist,no
4948,0,0,0.0675466911396291,-2.769777774810791,-0.14477777481079102,assist,no
4949,0,1,0.7057850154599563,-0.4626505970954895,-1.3376505374908447,assist,yes
4950,0,0,0.1645164628965632,-1.8666025400161743,-0.24160254001617432,assist,no
4951,0,1,0.5926665999540697,-0.629714846611023,-1.004714846611023,assist,yes
4952,0,0,0.24508500761839525,-1.4604816436767578,-0.3354816138744354,assist,no
4953,0,0,0.04742587856304458,-3.2069201469421387,-0.20692026615142822,assist,no
4954,0,0,0.10669058826486906,-2.349332332611084,-0.2243322730064392,assist,no
4955,0,0,0.04208772611333754,-3.2501657009124756,-0.125165656208992,assist,no
4956,0,1,0.7772998508568416,-0.3257039189338684,-1.5757038593292236,assist,yes
4957,0,0,0.09534947518185825,-2.4559922218322754,-0.20599234104156494,assist,no
4958,0,0,0.11920292828022305,-2.2815229892730713,-0.28152304887771606,assist,no
4959,0,0,0.4073334000459302,-0.9749622941017151,-0.5999622941017151,assist,no
4960,0,1,0.8354835371034369,-0.26563072204589844,-1.8906307220458984,assist,yes
4961,0,0,0.012431653414389749,-4.597214698791504,-0.22221490740776062,assist,no
4962,0,0,0.07585818628900447,-2.665346384048462,-0.16534647345542908,assist,no
4963,0,0,0.4378234991142019,-0.8906784653663635,-0.6406784653663635,assist,no
4964,0,1,0.904650527388829,-0.19856581091880798,-2.448565721511841,assist,yes
4965,0,1,0.5926665999540697,-0.5821232795715332,-0.9571232795715332,assist,yes
4966,0,1,0.679178699175393,-0.4642829895019531,-1.2142829895019531,assist,yes
4967,0,1,0.8354835330070839,-0.3035942614078522,-1.9285942316055298,assist,yes
4968,0,0,0.3775406828054583,-1.0333285331726074,-0.5333285927772522,assist,no
4969,0,0,0.08509904964767095,-2.5482137203216553,-0.17321377992630005,assist,no
4970,0,0,0.04742586846527418,-3.09983229637146,-0.0998321920633316,assist,no
4971,0,0,0.007577240595535943,-5.029757499694824,-0.15475741028785706,assist,no
4972,0,1,0.817574471748733,-0.3373629152774811,-1.8373628854751587,assist,yes
4973,0,1,0.9046505312448597,-0.17807988822460175,-2.428079843521118,assist,yes
4974,0,0,0.04742587856304458,-3.1390438079833984,-0.139043927192688,assist,no
4975,0,1,0.5621765008857981,-0.6684793829917908,-0.9184793829917908,assist,yes
4976,0,1,0.7057850278370112,-0.4373708963394165,-1.3123708963394165,assist,yes
4977,0,0,0.4378234991142019,-0.9675153493881226,-0.7175153493881226,assist,no
4978,0,0,0.010986941011398892,-4.616250514984131,-0.11625036597251892,assist,no
4979,0,1,0.7057850278370112,-0.4285268783569336,-1.3035268783569336,assist,yes
4980,0,0,0.2689414213699951,-1.4534801244735718,-0.4534801244735718,assist,no
4981,0,0,0.16451645470385742,-1.8784205913543701,-0.25342053174972534,assist,no
4982,0,0,0.34864513533394575,-1.1746022701263428,-0.5496022701263428,assist,no
4983,0,0,0.012431648383453951,-4.453536033630371,-0.07853583246469498,assist,no
4984,0,0,0.2689414213699951,-1.4457591772079468,-0.4457591772079468,assist,no
4985,0,1,0.5621765008857981,-0.6412776708602905,-0.8912776708602905,assist,yes
4986,0,1,0.7057850216484838,-0.43731215596199036,-1.312312126159668,assist,yes
4987,0,1,0.8354835330070839,-0.27665331959724426,-1.9016532897949219,assist,yes
4988,0,1,0.5312093733737563,-0.6898663640022278,-0.8148663640022278,assist,yes
4989,0,0,0.022977370746331334,-3.8338561058044434,-0.08385614305734634,assist,no
4990,0,0,0.5,-0.8013013005256653,-0.8013013005256653,assist,no
4991,0,1,0.5621765008857981,-0.6791772842407227,-0.9291772842407227,assist,yes
4992,0,0,0.1645164628965632,-1.9205198287963867,-0.2955198287963867,assist,no
4993,0,1,0.6513548646660542,-0.540371298789978,-1.165371298789978,assist,yes
4994,0,0,0.24508501864634827,-1.467365026473999,-0.3423650562763214,assist,no
4995,0,1,0.6513548646660542,-0.5052731037139893,-1.1302731037139893,assist,yes
4996,0,1,0.6791787056691698,-0.4493018090724945,-1.199301838874817,assist,yes
4997,0,0,0.24508500761839525,-1.4936511516571045,-0.3686511218547821,assist,no
4998,0,1,0.5312093733737563,-0.682641327381134,-0.807641327381134,assist,yes
4999,0,0,0.34864513533394575,-1.1611905097961426,-0.5361905097961426,assist,no
5000,0,0,0.29421497216298875,-1.2837835550308228,-0.40878355503082275,assist,no
5001,0,0,0.2689414096510108,-1.3655805587768555,-0.3655804991722107,assist,no
5002,0,0,0.1645164628965632,-1.8869632482528687,-0.26196324825286865,assist,no
5003,0,1,0.5926665999540697,-0.6167371869087219,-0.9917371869087219,assist,yes
5004,0,1,0.6791786926816161,-0.4877012073993683,-1.237701177597046,assist,yes
5005,0,0,0.20181321265898594,-1.7721152305603027,-0.39711517095565796,assist,no
5006,0,0,0.1329642333263228,-2.090564250946045,-0.21556419134140015,assist,no
5007,0,0,0.009708476266579462,-4.708792686462402,-0.08379266411066055,assist,no
5008,0,0,0.033085976005166884,-3.532322645187378,-0.15732257068157196,assist,no
5009,0,0,0.4378234991142019,-0.890530526638031,-0.640530526638031,assist,no
5010,0,0,0.06008665522337757,-2.9116783142089844,-0.16167840361595154,assist,no
5011,0,0,0.05340333130637379,-3.0208325386047363,-0.14583256840705872,assist,no
5012,0,1,0.8175744806385543,-0.296257346868515,-1.7962573766708374,assist,yes
5013,0,0,0.1645164628965632,-1.868446707725525,-0.2434467077255249,assist,no
5014,0,1,0.7057850340255386,-0.42763492465019226,-1.3026349544525146,assist,yes
5015,0,1,0.5621765008857981,-0.6390339732170105,-0.8890339732170105,assist,yes
5016,0,1,0.8933094131553264,-0.22303788363933563,-2.3480379581451416,assist,yes
5017,0,0,0.4073334000459302,-0.9877803921699524,-0.6127803921699524,assist,no
5018,0,0,0.2689414272294874,-1.3827041387557983,-0.3827041685581207,assist,no
5019,0,1,0.754914975839675,-0.38498860597610474,-1.50998854637146,assist,yes
5020,0,0,0.46879062662624377,-0.8451347947120667,-0.7201347947120667,assist,no
5021,0,0,0.0675466977093867,-2.810375928878784,-0.18537603318691254,assist,no
5022,0,0,0.3208212878370535,-1.2248387336730957,-0.4748386740684509,assist,no
5023,0,0,0.04208773121980142,-3.2134451866149902,-0.0884452685713768,assist,no
5024,0,0,0.4378234991142019,-0.9370887279510498,-0.6870887279510498,assist,no
5025,0,0,0.007577241547996189,-4.974502086639404,-0.09950212389230728,assist,no
5026,0,1,0.8519528057272543,-0.22844478487968445,-1.9784448146820068,assist,yes
5027,0,1,0.6513548646660542,-0.4988224506378174,-1.1238224506378174,assist,yes
5028,0,0,0.04208773272170267,-3.2572007179260254,-0.13220083713531494,assist,no
5029,0,0,0.04742587788985982,-3.1768782138824463,-0.17687831819057465,assist,no
5030,0,0,0.16451646699291617,-1.8529947996139526,-0.22799482941627502,assist,no
5031,0,0,0.04742586913845881,-3.138414144515991,-0.13841405510902405,assist,no
5032,0,1,0.7057850216484838,-0.4479638636112213,-1.322963833808899,assist,yes
5033,0,1,0.9241418283357702,-0.20389068126678467,-2.703890800476074,assist,yes
5034,0,1,0.7772998508568416,-0.3978484272956848,-1.64784836769104,assist,yes
5035,0,0,0.07585817479810981,-2.640864849090576,-0.1408647745847702,assist,no
5036,0,0,0.13296423504419938,-2.079659938812256,-0.20465989410877228,assist,no
5037,0,0,0.2942149783515162,-1.337372064590454,-0.4623720943927765,assist,no
5038,0,1,0.7057850154599563,-0.476962149143219,-1.3519620895385742,assist,yes
5039,0,1,0.5312093733737563,-0.730101466178894,-0.855101466178894,assist,yes
5040,0,1,0.7772998508568416,-0.3454802632331848,-1.59548020362854,assist,yes
5041,0,0,0.32082130731838393,-1.2296305894851685,-0.47963061928749084,assist,no
5042,0,0,0.5,-0.7515785098075867,-0.7515785098075867,assist,no
5043,0,0,0.06754669301670263,-2.8632404804229736,-0.23824051022529602,assist,no
5044,0,0,0.10669060530721626,-2.2792816162109375,-0.15428173542022705,assist,no
5045,0,1,0.6224593312018546,-0.5590832233428955,-1.0590832233428955,assist,yes
5046,0,1,0.939913354875362,-0.17483320832252502,-2.924833297729492,assist,yes
5047,0,1,0.6224593171945417,-0.541729748249054,-1.0417296886444092,assist,yes
5048,0,1,0.8933094046341532,-0.2019198089838028,-2.3269197940826416,assist,yes
5049,0,0,0.10669058968506456,-2.321600914001465,-0.19660086929798126,assist,no
5050,0,0,0.02033235497514388,-3.971876382827759,-0.09687646478414536,assist,no
5051,0,0,0.09534946104307897,-2.4198861122131348,-0.16988606750965118,assist,no
5052,0,1,0.8354835411997897,-0.26464053988456726,-1.8896405696868896,assist,yes
5053,0,0,0.5,-0.8096962571144104,-0.8096962571144104,assist,no
5054,0,1,0.5621765008857981,-0.627565324306488,-0.877565324306488,assist,yes
5055,0,0,0.2942149845400438,-1.3081872463226318,-0.4331873059272766,assist,no
5056,0,0,0.03308597505175204,-3.4717705249786377,-0.09677042067050934,assist,no
5057,0,1,0.5621765008857981,-0.6793516278266907,-0.9293516278266907,assist,yes
5058,0,1,0.9324533126145177,-0.15856331586837769,-2.7835633754730225,assist,yes
5059,0,1,0.8354835330070839,-0.265750914812088,-1.8907508850097656,assist,yes
5060,0,1,0.8807970748488297,-0.2503664791584015,-2.250366449356079,assist,yes
5061,0,0,0.4073334000459302,-0.9569830298423767,-0.5819830298423767,assist,no
5062,0,0,0.02931223159932252,-3.652362108230591,-0.1523621380329132,assist,no
5063,0,0,0.3775406547908327,-1.0478384494781494,-0.5478383898735046,assist,no
5064,0,0,0.18242552825126704,-1.780279278755188,-0.2802793085575104,assist,no
5065,0,0,0.46879062662624377,-0.8513044714927673,-0.7263044714927673,assist,no
5066,0,1,0.7772998663336157,-0.31870564818382263,-1.568705677986145,assist,yes
5067,0,1,0.6791787056691698,-0.4972301423549652,-1.2472301721572876,assist,yes
5068,0,1,0.8933094003735664,-0.23704320192337036,-2.3620431423187256,assist,yes
5069,0,0,0.03732688627322502,-3.4429962635040283,-0.19299623370170593,assist,no
5070,0,0,0.3775406828054583,-1.0486607551574707,-0.5486608147621155,assist,no
5071,0,0,0.14804720179063335,-1.9717868566513062,-0.22178688645362854,assist,no
5072,0,0,0.4073334000459302,-0.9509458541870117,-0.5759458541870117,assist,no
5073,0,0,0.3208212878370535,-1.2477078437805176,-0.4977077841758728,assist,no
5074,0,0,0.008577484653403024,-5.016504764556885,-0.2665046751499176,assist,no
5075,0,1,0.7772998508568416,-0.33500462770462036,-1.5850045680999756,assist,yes
5076,0,1,0.5621765008857981,-0.6324489712715149,-0.8824489712715149,assist,yes
5077,0,1,0.754914975839675,-0.4117138981819153,-1.5367138385772705,assist,yes
5078,0,0,0.09534945975773548,-2.4207849502563477,-0.17078489065170288,assist,no
5079,0,0,0.46879062662624377,-0.8218057155609131,-0.6968057155609131,assist,no
5080,0,0,0.32082130082460697,-1.3018181324005127,-0.5518181324005127,assist,no
5081,0,0,0.29421496597446145,-1.3144296407699585,-0.4394296109676361,assist,no
5082,0,0,0.5,-0.7693939805030823,-0.7693939805030823,assist,no
5083,0,1,0.6513548714339145,-0.4814262092113495,-1.1064262390136719,assist,yes
5084,0,0,0.09534947518185825,-2.418623924255371,-0.16862404346466064,assist,no
5085,0,0,0.4378234991142019,-0.8705198764801025,-0.6205198764801025,assist,no
5086,0,0,0.04742587385075148,-3.2472310066223145,-0.24723102152347565,assist,no
5087,0,0,0.07585818628900447,-2.6451973915100098,-0.14519748091697693,assist,no
5088,0,0,0.13296423676207594,-2.068920612335205,-0.1939205825328827,assist,no
5089,0,0,0.29421496597446145,-1.357885479927063,-0.4828854501247406,assist,no
5090,0,0,0.16451645880021026,-1.9009958505630493,-0.27599582076072693,assist,no
5091,0,1,0.7981867825403176,-0.33096811175346375,-1.7059681415557861,assist,yes
5092,0,0,0.09534945718704857,-2.4871485233306885,-0.2371484339237213,assist,no
5093,0,1,0.8670357666736773,-0.33554452657699585,-2.2105445861816406,assist,yes
5094,0,0,0.014063629419342763,-4.370153427124023,-0.12015359848737717,assist,no
5095,0,0,0.07585818211049715,-2.863574981689453,-0.3635750114917755,assist,no
5096,0,1,0.7772998560157665,-0.3718051016330719,-1.6218050718307495,assist,yes
5097,0,0,0.37754066879814546,-1.0621991157531738,-0.5621991157531738,assist,no
5098,0,1,0.6513548511303336,-0.5251391530036926,-1.1501390933990479,assist,yes
5099,0,1,0.6513548511303336,-0.5078044533729553,-1.1328043937683105,assist,yes
5100,0,0,0.06008665017400762,-2.8771169185638428,-0.12711691856384277,assist,no
5101,0,0,0.32082130082460697,-1.2603859901428223,-0.5103859901428223,assist,no
5102,0,0,0.5,-0.7789384126663208,-0.7789384126663208,assist,no
5103,0,0,0.46879062662624377,-0.8342046141624451,-0.7092046141624451,assist,no
5104,0,1,0.5312093733737563,-0.7101626992225647,-0.8351626992225647,assist,yes
5105,0,0,0.11920291732853862,-2.2276504039764404,-0.22765035927295685,assist,no
5106,0,0,0.0420877273148584,-3.2245845794677734,-0.09958456456661224,assist,no
5107,0,1,0.5312093733737563,-0.7464039325714111,-0.8714039325714111,assist,yes
5108,0,0,0.24508500761839525,-1.559192419052124,-0.43419238924980164,assist,no
5109,0,1,0.7981867873410141,-0.3581961989402771,-1.7331962585449219,assist,yes
5110,0,0,0.20181322226037882,-1.7363957166671753,-0.3613957166671753,assist,no
5111,0,0,0.32082129433083023,-1.2114309072494507,-0.4614308774471283,assist,no
5112,0,1,0.679178699175393,-0.44832277297973633,-1.1983227729797363,assist,yes
5113,0,0,0.4378234991142019,-0.9075099229812622,-0.6575099229812622,assist,no
5114,0,1,0.8933094032139576,-0.1734199821949005,-2.298419952392578,assist,yes
5115,0,0,0.020332349484058054,-4.015902042388916,-0.1409018486738205,assist,no
5116,0,1,0.8175744850834649,-0.2858111262321472,-1.785811185836792,assist,yes
5117,0,0,0.4073334000459302,-0.9522391557693481,-0.5772391557693481,assist,no
5118,0,1,0.9149009596336303,-0.1877090334892273,-2.562709093093872,assist,yes
5119,0,0,0.017986213120429816,-4.168630123138428,-0.16863030195236206,assist,no
5120,0,0,0.4378234991142019,-0.8783857822418213,-0.6283857822418213,assist,no
5121,0,0,0.08509904964767095,-2.5249223709106445,-0.1499224305152893,assist,no
5122,0,0,0.4073333856566001,-1.015681505203247,-0.6406814455986023,assist,no
5123,0,0,0.1645164628965632,-1.93528413772583,-0.3102841377258301,assist,no
5124,0,1,0.9046505376715775,-0.18845030665397644,-2.438450336456299,assist,yes
5125,0,0,0.3486451217982255,-1.2229533195495605,-0.5979532599449158,assist,no
5126,0,1,0.9046505351008906,-0.16936802864074707,-2.419368028640747,assist,yes
5127,0,0,0.0758581737534831,-2.6479504108428955,-0.14795032143592834,assist,no
5128,0,0,0.37754066879814546,-1.0569369792938232,-0.5569369792938232,assist,no
5129,0,0,0.11920292515117029,-2.2455875873565674,-0.24558761715888977,assist,no
5130,0,0,0.32082130082460697,-1.2674438953399658,-0.5174438953399658,assist,no
5131,0,0,0.11920291263495983,-2.248368501663208,-0.24836841225624084,assist,no
5132,0,0,0.4073334000459302,-0.9363356828689575,-0.5613356828689575,assist,no
5133,0,0,0.04742586913845881,-3.29736328125,-0.29736319184303284,assist,no
5134,0,0,0.13296423676207594,-2.087780475616455,-0.2127804458141327,assist,no
5135,0,0,0.20181321265898594,-1.6607182025909424,-0.2857181429862976,assist,no
5136,0,1,0.9241418210233833,-0.15767095983028412,-2.6576709747314453,assist,yes
5137,0,0,0.10669059820623795,-2.3072476387023926,-0.18224768340587616,assist,no
5138,0,0,0.1824255415859996,-2.1290078163146973,-0.6290079355239868,assist,no
5139,0,0,0.3775406547908327,-1.07255220413208,-0.5725521445274353,assist,no
5140,0,1,0.679178699175393,-0.49732959270477295,-1.247329592704773,assist,yes
5141,0,0,0.029312230327373224,-3.6378252506256104,-0.13782523572444916,assist,no
5142,0,1,0.8670357649558007,-0.2396232634782791,-2.1146233081817627,assist,yes
5143,0,1,0.939913350667554,-0.150635227560997,-2.900635242462158,assist,yes
5144,0,1,0.8670357580842941,-0.21968509256839752,-2.0946850776672363,assist,yes
5145,0,1,0.7310585727705126,-0.3971687853336334,-1.397168755531311,assist,yes
5146,0,1,0.6791786926816161,-0.4717901051044464,-1.221790075302124,assist,yes
5147,0,0,0.1329642333263228,-2.090099811553955,-0.2150997519493103,assist,no
5148,0,0,0.1480471961522176,-1.9861762523651123,-0.2361762374639511,assist,no
5149,0,0,0.46879062662624377,-0.8514239192008972,-0.7264239192008972,assist,no
5150,0,0,0.5,-0.7644076347351074,-0.7644076347351074,assist,no
5151,0,0,0.37754066879814546,-1.0388915538787842,-0.5388915538787842,assist,no
5152,0,0,0.18242552825126704,-1.7806023359298706,-0.280602365732193,assist,no
5153,0,1,0.7310585903489892,-0.37625640630722046,-1.3762564659118652,assist,yes
5154,0,0,0.11920291107043361,-2.2019119262695312,-0.2019118219614029,assist,no
5155,0,0,0.09534946618445303,-2.405681848526001,-0.15568186342716217,assist,no
5156,0,0,0.029312233295254994,-3.6072309017181396,-0.10723099112510681,assist,no
5157,0,0,0.05340332678672523,-3.0211358070373535,-0.14613574743270874,assist,no
5158,0,0,0.07585817688736327,-2.6638340950012207,-0.16383405029773712,assist,no
5159,0,1,0.6513548782017746,-0.4896618723869324,-1.1146619319915771,assist,yes
5160,0,0,0.03308597648187432,-3.582822799682617,-0.2078227400779724,assist,no
5161,0,0,0.07585817688736327,-2.6222691535949707,-0.12226910889148712,assist,no
5162,0,0,0.24508501864634827,-1.4918699264526367,-0.3668699562549591,assist,no
5163,0,1,0.7549149868676283,-0.33215999603271484,-1.4571599960327148,assist,yes
5164,0,1,0.5621765008857981,-0.6260378360748291,-0.8760378360748291,assist,yes
5165,0,0,0.1066905854244781,-2.3731188774108887,-0.2481187880039215,assist,no
5166,0,1,0.6791786861878392,-0.4743667244911194,-1.2243666648864746,assist,yes
5167,0,0,0.18242552825126704,-1.780491828918457,-0.2804918587207794,assist,no
5168,0,0,0.11920291107043361,-2.184680461883545,-0.18468035757541656,assist,no
5169,0,0,0.03308598220236406,-3.519333839416504,-0.14433395862579346,assist,no
5170,0,0,0.37754066879814546,-1.0407828092575073,-0.5407828092575073,assist,no
5171,0,0,0.012431651219072064,-4.4462971687316895,-0.07129719853401184,assist,no
5172,0,1,0.8933093989533708,-0.2105768471956253,-2.3355767726898193,assist,yes
5173,0,0,0.2689414272294874,-1.391876220703125,-0.3918762505054474,assist,no
5174,0,0,0.2942149783515162,-1.2629045248031616,-0.387904554605484,assist,no
5175,0,0,0.4073334000459302,-0.9601573944091797,-0.5851573944091797,assist,no
5176,0,0,0.11920293297380237,-2.2164306640625,-0.21643076837062836,assist,no
5177,0,0,0.10669059962643358,-2.3186285495758057,-0.19362860918045044,assist,no
5178,0,1,0.8519528038477825,-0.2275317758321762,-1.9775317907333374,assist,yes
5179,0,1,0.7981867777396212,-0.31940019130706787,-1.6944001913070679,assist,yes
5180,0,0,0.014063629935885703,-4.349060535430908,-0.09906074404716492,assist,no
5181,0,0,0.10669060530721626,-2.7274818420410156,-0.6024819612503052,assist,no
5182,0,1,0.5926665999540697,-0.5872210264205933,-0.9622210264205933,assist,yes
5183,0,1,0.7981867777396212,-0.3771885633468628,-1.7521885633468628,assist,yes
5184,0,0,0.46879062662624377,-0.8948142528533936,-0.7698142528533936,assist,no
5185,0,1,0.8354835411997897,-0.25487419962882996,-1.8798742294311523,assist,yes
5186,0,0,0.01590639357784294,-4.194335460662842,-0.06933557987213135,assist,no
5187,0,1,0.6224593452091672,-0.5838539004325867,-1.0838539600372314,assist,yes
5188,0,0,0.32082130731838393,-1.1874433755874634,-0.43744340538978577,assist,no
5189,0,0,0.11920291107043361,-2.185443878173828,-0.18544377386569977,assist,no
5190,0,1,0.8807970873650403,-0.1955510675907135,-2.1955511569976807,assist,yes
5191,0,0,0.07585817479810981,-2.6459782123565674,-0.1459781378507614,assist,no
5192,0,1,0.8933094103149354,-0.18962593376636505,-2.3146259784698486,assist,yes
5193,0,1,0.5621765008857981,-0.6800698041915894,-0.9300698041915894,assist,yes
5194,0,1,0.5926665999540697,-0.6069186925888062,-0.9819186925888062,assist,yes
5195,0,1,0.754914975839675,-0.34486323595046997,-1.4698631763458252,assist,yes
5196,0,0,0.3486451488696663,-1.1385385990142822,-0.513538658618927,assist,no
5197,0,1,0.9149009607937928,-0.15093009173870087,-2.525930166244507,assist,yes
5198,0,0,0.37754066879814546,-1.0573780536651611,-0.5573780536651611,assist,no
5199,0,0,0.14804721306746543,-2.000636577606201,-0.2506366968154907,assist,no
5200,0,0,0.025957359081569886,-3.713688611984253,-0.0886886864900589,assist,no
5201,0,1,0.8807970732843035,-0.2138679474592209,-2.2138679027557373,assist,yes
5202,0,1,0.5312093733737563,-0.7320873141288757,-0.8570873141288757,assist,yes
5203,0,0,0.14804720179063335,-1.9625688791275024,-0.21256890892982483,assist,no
5204,0,0,0.46879062662624377,-0.821439802646637,-0.696439802646637,assist,no
5205,0,0,0.2689414330889798,-1.412872076034546,-0.4128721356391907,assist,no
5206,0,1,0.9241418147556224,-0.16683442890644073,-2.6668343544006348,assist,yes
5207,0,1,0.7057850216484838,-0.4371706545352936,-1.3121706247329712,assist,yes
5208,0,0,0.06008665354025422,-3.155628204345703,-0.4056282639503479,assist,no
5209,0,0,0.05340333205964859,-3.02364444732666,-0.14864449203014374,assist,no
5210,0,0,0.2689414272294874,-1.3725123405456543,-0.3725123703479767,assist,no
5211,0,1,0.5312093733737563,-0.7462879419326782,-0.8712879419326782,assist,yes
5212,0,0,0.02931223287127187,-3.6084933280944824,-0.10849340260028839,assist,no
5213,0,0,0.1645164608483867,-1.8405605554580688,-0.21556054055690765,assist,no
5214,0,0,0.047425868128681874,-3.0818066596984863,-0.08180654793977737,assist,no
5215,0,1,0.7310585727705126,-0.38591113686561584,-1.3859111070632935,assist,yes
5216,0,1,0.6791786861878392,-0.4568360447883606,-1.2068359851837158,assist,yes
5217,0,0,0.09534946618445303,-2.4008986949920654,-0.15089870989322662,assist,no
5218,0,1,0.5621765008857981,-0.7390204668045044,-0.9890204668045044,assist,yes
5219,0,0,0.24508501313237172,-1.5208622217178345,-0.3958622217178345,assist,no
5220,0,0,0.07585817479810981,-2.7239062786102295,-0.22390620410442352,assist,no
5221,0,0,0.11920293453832885,-2.253990650177002,-0.2539907693862915,assist,no
5222,0,0,0.4378234991142019,-0.9406569600105286,-0.6906569600105286,assist,no
5223,0,1,0.9706877715805505,-0.11899463087320328,-3.61899471282959,assist,yes
5224,0,1,0.8519528019683106,-0.2979471683502197,-2.0479471683502197,assist,yes
5225,0,0,0.4073334000459302,-0.9809550046920776,-0.6059550046920776,assist,no
5226,0,0,0.14804721306746543,-2.4832773208618164,-0.733277440071106,assist,no
5227,0,1,0.7057850216484838,-0.4202940762042999,-1.2952940464019775,assist,yes
5228,0,0,0.4073334000459302,-0.9689247608184814,-0.5939247608184814,assist,no
5229,0,1,0.7549149813536518,-0.3979882299900055,-1.522988200187683,assist,yes
5230,0,1,0.9324533116759811,-0.13989563286304474,-2.7648956775665283,assist,yes
5231,0,0,0.29421496597446145,-1.2753078937530518,-0.40030786395072937,assist,no
5232,0,0,0.11920293140927592,-2.2651593685150146,-0.2651594579219818,assist,no
5233,0,0,0.05340332678672523,-2.982609748840332,-0.10760968923568726,assist,no
5234,0,1,0.5621765008857981,-0.6679227948188782,-0.9179227948188782,assist,yes
5235,0,0,0.37754066879814546,-1.067693829536438,-0.567693829536438,assist,no
5236,0,0,0.0124316492981694,-4.482017993927002,-0.1070178672671318,assist,no
5237,0,0,0.02931222820745785,-3.6814498901367188,-0.1814498007297516,assist,no
5238,0,1,0.6224593312018546,-0.5277466773986816,-1.0277466773986816,assist,yes
5239,0,0,0.32082130082460697,-1.2025704383850098,-0.45257043838500977,assist,no
5240,0,0,0.06754669207816587,-2.776871681213379,-0.1518716961145401,assist,no
5241,0,1,0.8807970701552504,-0.23675592243671417,-2.236755847930908,assist,yes
5242,0,0,0.09534946232842245,-2.4501216411590576,-0.20012161135673523,assist,no
5243,0,0,0.1480471980316895,-2.0039758682250977,-0.25397586822509766,assist,no
5244,0,0,0.4073334000459302,-0.9607114195823669,-0.5857114195823669,assist,no
5245,0,0,0.06008664933244599,-2.9042961597442627,-0.1542961448431015,assist,no
5246,0,0,0.34864513533394575,-1.1299546957015991,-0.5049546957015991,assist,no
5247,0,0,0.014063628076331205,-4.43150520324707,-0.18150527775287628,assist,no
5248,0,0,0.18242552380635632,-1.7420909404754639,-0.24209094047546387,assist,no
5249,0,0,0.05340332377362639,-3.045897960662842,-0.17089784145355225,assist,no
5250,0,0,0.5,-0.828586995601654,-0.828586995601654,assist,no
5251,0,0,0.014063629729268525,-4.397761344909668,-0.1477615386247635,assist,no
5252,0,1,0.798186768138228,-0.34621483087539673,-1.721214771270752,assist,yes
5253,0,0,0.1066905911052601,-2.3014743328094482,-0.17647430300712585,assist,no
5254,0,0,0.22270014914315833,-1.5966947078704834,-0.3466947674751282,assist,no
5255,0,0,0.14804720179063335,-1.971245527267456,-0.22124555706977844,assist,no
5256,0,1,0.5312093733737563,-0.7046197652816772,-0.8296197652816772,assist,yes
5257,0,0,0.1645164628965632,-1.8615896701812744,-0.23658967018127441,assist,no
5258,0,0,0.017986213778417023,-4.1243767738342285,-0.12437698990106583,assist,no
5259,0,1,0.880797068590724,-0.2507041394710541,-2.250704050064087,assist,yes
5260,0,1,0.7310585903489892,-0.40462344884872437,-1.4046235084533691,assist,yes
5261,0,0,0.22270013882530884,-1.7813836336135864,-0.5313836336135864,assist,no
5262,0,0,0.037326887344129464,-3.4126594066619873,-0.1626594066619873,assist,no
5263,0,0,0.4073334000459302,-0.9692270755767822,-0.5942270755767822,assist,no
5264,0,1,0.8519528019683106,-0.24580562114715576,-1.9958056211471558,assist,yes
5265,0,0,0.13296424019782924,-2.455658435821533,-0.5806584358215332,assist,no
5266,0,1,0.8807970842359877,-0.2507779002189636,-2.2507779598236084,assist,yes
5267,0,0,0.4073334000459302,-1.024850606918335,-0.649850606918335,assist,no
5268,0,0,0.5,-0.7780888676643372,-0.7780888676643372,assist,no
5269,0,1,0.5621765008857981,-0.6385650038719177,-0.8885650038719177,assist,yes
5270,0,0,0.18242551936144574,-1.8121103048324585,-0.3121102750301361,assist,no
5271,0,0,0.037326887344129464,-3.385282278060913,-0.13528227806091309,assist,no
5272,0,0,0.047425871831197425,-3.1207103729248047,-0.1207103431224823,assist,no
5273,0,1,0.6513548646660542,-0.49601995944976807,-1.121019959449768,assist,yes
5274,0,0,0.4073334000459302,-0.9699906706809998,-0.5949906706809998,assist,no
5275,0,1,0.9046505440982949,-0.16204728186130524,-2.4120473861694336,assist,yes
5276,0,0,0.0953494674697966,-2.428621530532837,-0.1786215603351593,assist,no
5277,0,1,0.904650536386234,-0.21201513707637787,-2.462015151977539,assist,yes
5278,0,0,0.18242553047372242,-1.7464555501937866,-0.2464555948972702,assist,no
5279,0,0,0.03732689136002139,-3.366283893585205,-0.11628400534391403,assist,no
5280,0,0,0.1480472036701053,-1.984044075012207,-0.2340441197156906,assist,no
5281,0,0,0.13296423676207594,-2.100799083709717,-0.2257990539073944,assist,no
5282,0,0,0.010986945221304533,-4.577240943908691,-0.07724118232727051,assist,no
5283,0,1,0.7981867825403176,-0.28427061438560486,-1.6592706441879272,assist,yes
5284,0,1,0.5312093733737563,-0.7044681906700134,-0.8294681906700134,assist,yes
5285,0,1,0.5926665999540697,-0.6165169477462769,-0.9915169477462769,assist,yes
5286,0,0,0.04742587014823577,-3.086160182952881,-0.08616011589765549,assist,no
5287,0,0,0.18242552380635632,-1.7897617816925049,-0.2897617816925049,assist,no
5288,0,1,0.8807970858005139,-0.19597379863262177,-2.1959738731384277,assist,yes
5289,0,1,0.851952809486198,-0.21336334943771362,-1.9633634090423584,assist,yes
5290,0,1,0.5621765008857981,-0.6824591755867004,-0.9324591755867004,assist,yes
5291,0,0,0.16451645880021026,-1.92123281955719,-0.29623278975486755,assist,no
5292,0,0,0.10669059394565118,-2.7548720836639404,-0.6298720836639404,assist,no
5293,0,1,0.8354835289107309,-0.31486207246780396,-1.9398620128631592,assist,yes
5294,0,0,0.042087725512577126,-3.225623369216919,-0.10062330961227417,assist,no
5295,0,0,0.37754066879814546,-1.037536859512329,-0.5375368595123291,assist,no
5296,0,0,0.053403330929736405,-2.988264799118042,-0.11326482146978378,assist,no
5297,0,0,0.22270014914315833,-1.59033203125,-0.3403320908546448,assist,no
5298,0,0,0.46879062662624377,-0.8079288601875305,-0.6829288601875305,assist,no
5299,0,0,0.13296424706933604,-2.3246066570281982,-0.449606716632843,assist,no
5300,0,0,0.1329642333263228,-2.1203548908233643,-0.24535483121871948,assist,no
5301,0,1,0.6224593312018546,-0.5397170782089233,-1.0397170782089233,assist,yes
5302,0,1,0.9324533097989077,-0.1482679694890976,-2.773267984390259,assist,yes
5303,0,0,0.3775406547908327,-1.0775773525238037,-0.5775772929191589,assist,no
5304,0,0,0.24508500761839525,-1.4526550769805908,-0.32765504717826843,assist,no
5305,0,0,0.08509905080783367,-2.532341241836548,-0.15734131634235382,assist,no
5306,0,1,0.8175744850834649,-0.27647775411605835,-1.7764778137207031,assist,yes
5307,0,0,0.07585818002124356,-2.742086172103882,-0.24208617210388184,assist,no
5308,0,0,0.5,-0.7674781084060669,-0.7674781084060669,assist,no
5309,0,0,0.020332355123551627,-3.980179786682129,-0.10517987608909607,assist,no
5310,0,1,0.7057850340255386,-0.49293503165245056,-1.367935061454773,assist,yes
5311,0,1,0.9241418126663687,-0.1488255113363266,-2.6488254070281982,assist,yes
5312,0,0,0.0953494648991095,-2.447455644607544,-0.19745564460754395,assist,no
5313,0,0,0.02595735606753309,-3.7596275806427,-0.1346275359392166,assist,no
5314,0,1,0.6791786861878392,-0.49732404947280884,-1.247323989868164,assist,yes
5315,0,0,0.24508501313237172,-1.5016521215438843,-0.3766521215438843,assist,no
5316,0,1,0.5312093733737563,-0.7308884859085083,-0.8558884859085083,assist,yes
5317,0,0,0.01098694303539179,-4.603984355926514,-0.10398439317941666,assist,no
5318,0,1,0.851952809486198,-0.23628109693527222,-1.986281156539917,assist,yes
5319,0,0,0.37754066879814546,-1.0083543062210083,-0.5083543062210083,assist,no
5320,0,0,0.012431648474925493,-4.537148952484131,-0.16214875876903534,assist,no
5321,0,0,0.10669059962643358,-2.3095083236694336,-0.18450838327407837,assist,no
5322,0,0,0.4378234991142019,-0.9567129015922546,-0.7067129015922546,assist,no
5323,0,1,0.6791787056691698,-0.4291571080684662,-1.1791571378707886,assist,yes
5324,0,0,0.0758581737534831,-2.6870126724243164,-0.18701258301734924,assist,no
5325,0,1,0.5312093733737563,-0.7131472826004028,-0.8381472826004028,assist,yes
5326,0,0,0.03732688306051187,-3.4285011291503906,-0.17850100994110107,assist,no
5327,0,0,0.3775406828054583,-1.0715665817260742,-0.571566641330719,assist,no
5328,0,1,0.5621765008857981,-0.6765434741973877,-0.9265434741973877,assist,yes
5329,0,1,0.7057850216484838,-0.41242292523384094,-1.2874228954315186,assist,yes
5330,0,0,0.18242551491653522,-1.7755014896392822,-0.27550143003463745,assist,no
5331,0,1,0.7549149868676283,-0.3637620210647583,-1.4887620210647583,assist,yes
5332,0,0,0.11920291263495983,-2.264921188354492,-0.264921098947525,assist,no
5333,0,1,0.7981867777396212,-0.3122624158859253,-1.6872624158859253,assist,yes
5334,0,0,0.025957360023456458,-3.7192211151123047,-0.09422122687101364,assist,no
5335,0,1,0.6791787121629466,-0.5261396765708923,-1.276139736175537,assist,yes
5336,0,0,0.05340333055309901,-3.0116238594055176,-0.13662387430667877,assist,no
5337,0,1,0.7549149813536518,-0.38528481125831604,-1.5102847814559937,assist,yes
5338,0,1,0.6791787056691698,-0.43069931864738464,-1.180699348449707,assist,yes
5339,0,0,0.11920292671569666,-2.2071118354797363,-0.2071118801832199,assist,no
5340,0,1,0.754914997895581,-0.3637203574180603,-1.488720417022705,assist,yes
5341,0,0,0.022977368739197652,-3.858799934387207,-0.10879988223314285,assist,no
5342,0,0,0.4378234991142019,-0.9220815300941467,-0.6720815300941467,assist,no
5343,0,0,0.017986206803753842,-4.205969333648682,-0.20596915483474731,assist,no
5344,0,1,0.7057850402140659,-0.4738556742668152,-1.34885573387146,assist,yes
5345,0,1,0.8354835330070839,-0.2560572922229767,-1.8810572624206543,assist,yes
5346,0,0,0.16451646494473965,-1.855252742767334,-0.23025275766849518,assist,no
5347,0,1,0.7549149868676283,-0.37352681159973145,-1.4985268115997314,assist,yes
5348,0,0,0.34864513533394575,-1.1741936206817627,-0.5491936206817627,assist,no
5349,0,0,0.10669060104662924,-2.3405768871307373,-0.21557696163654327,assist,no
5350,0,0,0.2942149783515162,-1.291866421699524,-0.4168664515018463,assist,no
5351,0,1,0.7981867777396212,-0.2914060354232788,-1.6664060354232788,assist,yes
5352,0,0,0.3486451488696663,-1.1152141094207764,-0.49021416902542114,assist,no
5353,0,0,0.13296424706933604,-2.1535797119140625,-0.2785797715187073,assist,no
5354,0,0,0.02033235141335831,-3.9436779022216797,-0.06867780536413193,assist,no
5355,0,0,0.18242551491653522,-1.8003294467926025,-0.30032938718795776,assist,no
5356,0,1,0.6224593312018546,-0.5637366771697998,-1.0637366771697998,assist,yes
5357,0,0,0.22270013882530884,-1.6080892086029053,-0.3580892086029053,assist,no
5358,0,1,0.8175744806385543,-0.2869158685207367,-1.786915898323059,assist,yes
5359,0,0,0.22270013366638422,-1.543570637702942,-0.2935706079006195,assist,no
5360,0,1,0.7981867729389246,-0.3282792866230011,-1.7032792568206787,assist,yes
5361,0,0,0.14804719051380197,-1.9854152202606201,-0.23541516065597534,assist,no
5362,0,1,0.7549149868676283,-0.3633054494857788,-1.4883054494857788,assist,yes
5363,0,0,0.04742587216778976,-3.1121270656585693,-0.11212704330682755,assist,no
5364,0,0,0.3775406547908327,-1.0436122417449951,-0.5436121821403503,assist,no
5365,0,1,0.8933093961129795,-0.19917093217372894,-2.3241708278656006,assist,yes
5366,0,0,0.5,-0.7933652997016907,-0.7933652997016907,assist,no
5367,0,0,0.06754668550840877,-3.008904457092285,-0.383904367685318,assist,no
5368,0,0,0.11920293140927592,-2.1852495670318604,-0.18524965643882751,assist,no
5369,0,0,0.5,-0.7529771327972412,-0.7529771327972412,assist,no
5370,0,0,0.26894141551050293,-1.3829213380813599,-0.3829213082790375,assist,no
5371,0,0,0.08509904964767095,-2.550668239593506,-0.17566829919815063,assist,no
5372,0,0,0.060086652698692546,-2.9286866188049316,-0.17868666350841522,assist,no
5373,0,1,0.8670357494949105,-0.19660791754722595,-2.071607828140259,assist,yes
5374,0,0,0.2018132174596823,-1.74691903591156,-0.37191900610923767,assist,no
5375,0,0,0.16451646699291617,-1.9011733531951904,-0.2761733829975128,assist,no
5376,0,0,0.060086648490884395,-3.011995553970337,-0.2619955241680145,assist,no
5377,0,0,0.0373268852023206,-3.3198821544647217,-0.0698820948600769,assist,no
5378,0,1,0.9046505286741726,-0.2109416276216507,-2.4609415531158447,assist,yes
5379,0,0,0.022977368906458788,-3.821369171142578,-0.07136912643909454,assist,no
5380,0,0,0.04208773242132242,-3.1908161640167236,-0.06581627577543259,assist,no
5381,0,1,0.8354835289107309,-0.2658303380012512,-1.8908302783966064,assist,yes
5382,0,1,0.7057850402140659,-0.4113408923149109,-1.2863409519195557,assist,yes
5383,0,1,0.731058584489497,-0.3862249553203583,-1.3862249851226807,assist,yes
5384,0,0,0.4378234991142019,-0.9143518805503845,-0.6643518805503845,assist,no
5385,0,0,0.0850990519679964,-2.531667947769165,-0.1566680371761322,assist,no
5386,0,0,0.017986206014169497,-4.152189254760742,-0.15218903124332428,assist,no
5387,0,1,0.8175744673038221,-0.28570157289505005,-1.7857015132904053,assist,yes
5388,0,0,0.2018132174596823,-1.6966758966445923,-0.3216758668422699,assist,no
5389,0,0,0.4378234991142019,-0.9286473393440247,-0.6786473393440247,assist,no
5390,0,1,0.8933094131553264,-0.19938747584819794,-2.324387550354004,assist,yes
5391,0,1,0.817574471748733,-0.2754429876804352,-1.7754429578781128,assist,yes
5392,0,1,0.8354835350552604,-0.23910905420780182,-1.8641090393066406,assist,yes
5393,0,0,0.34864513533394575,-1.1485651731491089,-0.5235651731491089,assist,no
5394,0,0,0.34864513533394575,-1.1487009525299072,-0.5237009525299072,assist,no
5395,0,0,0.16451647108926923,-1.9050724506378174,-0.28007251024246216,assist,no
5396,0,1,0.8354835330070839,-0.2470490038394928,-1.8720489740371704,assist,yes
5397,0,0,0.5,-0.7785931825637817,-0.7785931825637817,assist,no
5398,0,1,0.7981867729389246,-0.3200000822544098,-1.6950000524520874,assist,yes
5399,0,0,0.2942149783515162,-1.280156135559082,-0.4051561653614044,assist,no
5400,0,0,0.07585818002124356,-2.639437198638916,-0.13943719863891602,assist,no
5401,0,1,0.7549149813536518,-0.396072655916214,-1.5210726261138916,assist,yes
5402,0,0,0.37754066879814546,-1.0402756929397583,-0.5402756929397583,assist,no
5403,0,1,0.6513548511303336,-0.5049009919166565,-1.1299009323120117,assist,yes
5404,0,0,0.26894141551050293,-1.3836958408355713,-0.3836958110332489,assist,no
5405,0,0,0.1480472055495773,-2.0154807567596436,-0.26548081636428833,assist,no
5406,0,0,0.14804720930852133,-2.0546391010284424,-0.30463919043540955,assist,no
5407,0,1,0.8933093946927838,-0.190405011177063,-2.3154048919677734,assist,yes
5408,0,0,0.32082130082460697,-1.202497124671936,-0.45249712467193604,assist,no
5409,0,1,0.6224593171945417,-0.5586662888526917,-1.0586662292480469,assist,yes
5410,0,0,0.020332355271959375,-3.9920527935028076,-0.11705289036035538,assist,no
5411,0,1,0.6513548782017746,-0.5250105261802673,-1.150010585784912,assist,yes
5412,0,0,0.02595735606753309,-3.8255205154418945,-0.20052047073841095,assist,no
5413,0,0,0.22270013366638422,-1.5949193239212036,-0.3449192941188812,assist,no
5414,0,1,0.5926665999540697,-0.5934816002845764,-0.9684816002845764,assist,yes
5415,0,0,0.29421497216298875,-1.305084466934204,-0.4300844669342041,assist,no
5416,0,0,0.4073334000459302,-0.9491483569145203,-0.5741483569145203,assist,no
5417,0,1,0.7772998611746911,-0.32592010498046875,-1.5759201049804688,assist,yes
5418,0,0,0.29421496597446145,-1.3587530851364136,-0.4837530553340912,assist,no
5419,0,1,0.8175744761936437,-0.2679070234298706,-1.7679070234298706,assist,yes
5420,0,0,0.08509904036636974,-2.598400115966797,-0.2234000563621521,assist,no
5421,0,0,0.11920292045759123,-2.225507974624634,-0.2255079597234726,assist,no
5422,0,1,0.6224593171945417,-0.5596490502357483,-1.0596489906311035,assist,yes
5423,0,0,0.0600866518571309,-2.9064207077026367,-0.1564207375049591,assist,no
5424,0,0,0.017986208119727825,-4.124393939971924,-0.12439383566379547,assist,no
5425,0,1,0.5926665999540697,-0.6052507162094116,-0.9802507162094116,assist,yes
5426,0,0,0.09534945718704857,-2.4144959449768066,-0.16449585556983948,assist,no
5427,0,0,0.047425868128681874,-3.0891292095184326,-0.08912909775972366,assist,no
5428,0,0,0.24508501313237172,-1.55999755859375,-0.43499755859375,assist,no
5429,0,0,0.22270014914315833,-1.5946204662322998,-0.3446205258369446,assist,no
5430,0,0,0.5,-0.770793616771698,-0.770793616771698,assist,no
5431,0,0,0.22270014398423357,-1.6712677478790283,-0.4212677776813507,assist,no
5432,0,0,0.18242551936144574,-1.7760127782821655,-0.27601274847984314,assist,no
5433,0,0,0.2018132174596823,-1.8298680782318115,-0.45486804842948914,assist,no
5434,0,0,0.04208772671409796,-3.3074090480804443,-0.18240901827812195,assist,no
5435,0,0,0.20181322226037882,-1.6699919700622559,-0.29499197006225586,assist,no
5436,0,1,0.9241418283357702,-0.19012677669525146,-2.690126895904541,assist,yes
5437,0,0,0.02931222863144092,-3.6399030685424805,-0.1399029940366745,assist,no
5438,0,1,0.6791787121629466,-0.5139719843864441,-1.2639720439910889,assist,yes
5439,0,0,0.29421497216298875,-1.288270115852356,-0.41327011585235596,assist,no
5440,0,0,0.06754668926255561,-2.7807748317718506,-0.1557748019695282,assist,no
5441,0,0,0.4378234991142019,-0.8745816349983215,-0.6245816349983215,assist,no
5442,0,1,0.8519528132451416,-0.26921048760414124,-2.0192105770111084,assist,yes
5443,0,1,0.6791787056691698,-0.44024547934532166,-1.190245509147644,assist,yes
5444,0,1,0.8519527944504226,-0.26832157373428345,-2.0183215141296387,assist,yes
5445,0,0,0.10669058826486906,-2.427523374557495,-0.30252331495285034,assist,no
5446,0,0,0.24508500761839525,-1.4971201419830322,-0.37212011218070984,assist,no
5447,0,0,0.014063626526702639,-4.369313716888428,-0.11931367963552475,assist,no
5448,0,0,0.46879062662624377,-0.8626399636268616,-0.7376399636268616,assist,no
5449,0,1,0.8933094060543487,-0.22380328178405762,-2.3488032817840576,assist,yes
5450,0,1,0.9324533135530545,-0.21147505939006805,-2.836475133895874,assist,yes
5451,0,0,0.37754066879814546,-1.0611920356750488,-0.5611920356750488,assist,no
5452,0,1,0.8519528019683106,-0.23696672916412354,-1.9869667291641235,assist,yes
5453,0,0,0.1480472055495773,-2.104032516479492,-0.35403257608413696,assist,no
5454,0,0,0.1329642384799526,-2.075504779815674,-0.20050476491451263,assist,no
5455,0,0,0.4073334000459302,-0.9562267065048218,-0.5812267065048218,assist,no
5456,0,0,0.24508501313237172,-1.4542948007583618,-0.3292948007583618,assist,no
5457,0,0,0.03308597505175204,-3.495605945587158,-0.12060584127902985,assist,no
5458,0,0,0.13296423504419938,-2.0900704860687256,-0.215070441365242,assist,no
5459,0,0,0.3775406828054583,-1.2865445613861084,-0.7865446209907532,assist,no
5460,0,0,0.3486451488696663,-1.11543869972229,-0.4904387593269348,assist,no
5461,0,0,0.01098694214483487,-4.617307186126709,-0.1173071414232254,assist,no
5462,0,0,0.13296424878721277,-2.089207410812378,-0.2142074853181839,assist,no
5463,0,1,0.6513548646660542,-0.5168665647506714,-1.1418665647506714,assist,yes
5464,0,0,0.5,-0.7818952202796936,-0.7818952202796936,assist,no
5465,0,0,0.022977368906458788,-3.895198345184326,-0.1451983004808426,assist,no
5466,0,0,0.24508500210441886,-1.4705069065093994,-0.34550684690475464,assist,no
5467,0,0,0.18242552825126704,-1.774649977684021,-0.2746500074863434,assist,no
5468,0,0,0.03732688306051187,-3.5539565086364746,-0.30395638942718506,assist,no
5469,0,0,0.24508501864634827,-1.4786436557769775,-0.3536436855792999,assist,no
5470,0,0,0.11920292828022305,-2.587279796600342,-0.5872798562049866,assist,no
5471,0,0,0.02033235067131973,-4.031341552734375,-0.15634141862392426,assist,no
5472,0,0,0.029312227783474795,-3.639225959777832,-0.13922585546970367,assist,no
5473,0,0,0.34864513533394575,-1.1176623106002808,-0.49266231060028076,assist,no
5474,0,0,0.18242552380635632,-1.7715020179748535,-0.2715020179748535,assist,no
5475,0,0,0.2689414096510108,-1.5096185207366943,-0.5096184611320496,assist,no
5476,0,1,0.9046505402422645,-0.1622278094291687,-2.4122278690338135,assist,yes
5477,0,1,0.6224593171945417,-0.5209415555000305,-1.0209414958953857,assist,yes
5478,0,1,0.6513548714339145,-0.497176855802536,-1.1221768856048584,assist,yes
5479,0,0,0.16451645880021026,-1.8661201000213623,-0.24112007021903992,assist,no
5480,0,0,0.10669060388702058,-2.316744565963745,-0.19174467027187347,assist,no
5481,0,0,0.0850990542883219,-2.5068907737731934,-0.1318908929824829,assist,no
5482,0,1,0.798186768138228,-0.3439992070198059,-1.7189991474151611,assist,yes
5483,0,1,0.7057850216484838,-0.4206449091434479,-1.2956448793411255,assist,yes
5484,0,1,0.5312093733737563,-0.7335240840911865,-0.8585240840911865,assist,yes
5485,0,0,0.06754668832401889,-2.7554333209991455,-0.13043327629566193,assist,no
5486,0,0,0.24508502416032488,-1.4756782054901123,-0.3506782650947571,assist,no
5487,0,0,0.14804719991116141,-1.9847257137298584,-0.2347257286310196,assist,no
5488,0,0,0.04742587620689797,-3.088779926300049,-0.0887799933552742,assist,no
5489,0,1,0.9465966656805269,-0.14370164275169373,-3.0187015533447266,assist,yes
5490,0,0,0.29421497216298875,-1.300396203994751,-0.425396203994751,assist,no
5491,0,0,0.2942149783515162,-1.3086692094802856,-0.43366923928260803,assist,no
5492,0,0,0.37754066879814546,-1.0606863498687744,-0.5606863498687744,assist,no
5493,0,0,0.24508501864634827,-1.528853178024292,-0.4038532078266144,assist,no
5494,0,1,0.7981867729389246,-0.3199024498462677,-1.6949024200439453,assist,yes
5495,0,1,0.8519528038477825,-0.24617324769496918,-1.9961732625961304,assist,yes
5496,0,0,0.5,-0.7452829480171204,-0.7452829480171204,assist,no
5497,0,1,0.5621765008857981,-0.7325867414474487,-0.9825867414474487,assist,yes
5498,0,1,0.6224593312018546,-0.5841091871261597,-1.0841091871261597,assist,yes
5499,0,1,0.6224593312018546,-0.5324605703353882,-1.0324605703353882,assist,yes
5500,0,1,0.5621765008857981,-0.6797268390655518,-0.9297268390655518,assist,yes
5501,0,0,0.4073334000459302,-0.9876224398612976,-0.6126224398612976,assist,no
5502,0,0,0.08509904616718289,-2.5591800212860107,-0.18418003618717194,assist,no
5503,0,0,0.11920292045759123,-2.1523427963256836,-0.1523427814245224,assist,no
5504,0,0,0.3486451217982255,-1.1210253238677979,-0.4960252642631531,assist,no
5505,0,1,0.7057850402140659,-0.42010849714279175,-1.2951085567474365,assist,yes
5506,0,0,0.05340332603345051,-3.0213818550109863,-0.14638178050518036,assist,no
5507,0,0,0.14804720179063335,-2.0437541007995605,-0.29375413060188293,assist,no
5508,0,0,0.14804718675485834,-2.0288562774658203,-0.27885618805885315,assist,no
5509,0,0,0.06008665101556925,-2.904630661010742,-0.15463067591190338,assist,no
5510,0,0,0.4073334000459302,-0.968748927116394,-0.593748927116394,assist,no
5511,0,0,0.29421497216298875,-1.2918248176574707,-0.4168248176574707,assist,no
5512,0,0,0.04208772611333754,-3.2804832458496094,-0.1554832011461258,assist,no
5513,0,1,0.6513548646660542,-0.5479248762130737,-1.1729248762130737,assist,yes
5514,0,1,0.7772998611746911,-0.31760215759277344,-1.5676021575927734,assist,yes
5515,0,1,0.6224593312018546,-0.5439713001251221,-1.043971300125122,assist,yes
5516,0,1,0.7057850216484838,-0.41815677285194397,-1.2931567430496216,assist,yes
5517,0,0,0.02931222841944938,-3.6185779571533203,-0.11857787519693375,assist,no
5518,0,0,0.29421497216298875,-1.3514164686203003,-0.4764164686203003,assist,no
5519,0,1,0.6513548782017746,-0.4910971522331238,-1.1160972118377686,assist,yes
5520,0,0,0.11920292828022305,-2.352184772491455,-0.35218483209609985,assist,no
5521,0,1,0.5926665999540697,-0.5971338748931885,-0.9721338748931885,assist,yes
5522,0,0,0.047425869811643456,-3.13045334815979,-0.13045327365398407,assist,no
5523,0,0,0.4378234991142019,-0.9106774926185608,-0.6606774926185608,assist,no
5524,0,1,0.7772998611746911,-0.36042237281799316,-1.6104223728179932,assist,yes
5525,0,1,0.8670357580842941,-0.18567706644535065,-2.0606770515441895,assist,yes
5526,0,1,0.5312093733737563,-0.7468478679656982,-0.8718478679656982,assist,yes
5527,0,1,0.8519528057272543,-0.2994365394115448,-2.049436569213867,assist,yes
5528,0,0,0.37754066879814546,-1.1117229461669922,-0.6117229461669922,assist,no
5529,0,1,0.8807970826714613,-0.2042200118303299,-2.2042200565338135,assist,yes
5530,0,0,0.18242551491653522,-1.7889869213104248,-0.28898686170578003,assist,no
5531,0,0,0.053403329046549465,-3.106429100036621,-0.2314290851354599,assist,no
5532,0,0,0.03732688627322502,-3.413381338119507,-0.16338130831718445,assist,no
5533,0,0,0.042087729117139754,-3.231236696243286,-0.10623672604560852,assist,no
5534,0,0,0.015906388213012365,-4.216148853302002,-0.09114862978458405,assist,no
5535,0,0,0.053403331683011195,-2.9725401401519775,-0.09754017740488052,assist,no
5536,0,0,0.32082130731838393,-1.1991244554519653,-0.4491244852542877,assist,no
5537,0,1,0.9241418137109955,-0.15827640891075134,-2.658276319503784,assist,yes
5538,0,0,0.053403329799824234,-3.180553674697876,-0.305553674697876,assist,no
5539,0,0,0.11920292828022305,-2.452751636505127,-0.45275169610977173,assist,no
5540,0,0,0.20181322226037882,-1.6770931482315063,-0.30209314823150635,assist,no
5541,0,0,0.29421496597446145,-1.300499439239502,-0.42549940943717957,assist,no
5542,0,1,0.932453315430128,-0.1821524053812027,-2.807152509689331,assist,yes
5543,0,0,0.16451646699291617,-1.8725427389144897,-0.24754276871681213,assist,no
5544,0,0,0.22270013366638422,-1.5339349508285522,-0.28393492102622986,assist,no
5545,0,0,0.05340332678672523,-3.07236647605896,-0.19736641645431519,assist,no
5546,0,0,0.01590639171181471,-4.3277974128723145,-0.20279741287231445,assist,no
5547,0,0,0.04742587115801275,-3.1404929161071777,-0.14049287140369415,assist,no
5548,0,0,0.1329642419157059,-2.090938091278076,-0.21593810617923737,assist,no
5549,0,0,0.09534947261117097,-2.4371275901794434,-0.18712767958641052,assist,no
5550,0,0,0.1329642419157059,-2.121140241622925,-0.246140256524086,assist,no
5551,0,0,0.46879062662624377,-0.8246985077857971,-0.6996985077857971,assist,no
5552,0,0,0.24508500761839525,-1.4575395584106445,-0.33253952860832214,assist,no
5553,0,0,0.32082130082460697,-1.1858081817626953,-0.4358081817626953,assist,no
5554,0,1,0.7057850278370112,-0.4499119520187378,-1.3249119520187378,assist,yes
5555,0,1,0.914900950352329,-0.15101486444473267,-2.526014804840088,assist,yes
5556,0,0,0.13296423504419938,-2.0654239654541016,-0.19042392075061798,assist,no
5557,0,1,0.7310585786300049,-0.41624772548675537,-1.4162477254867554,assist,yes
5558,0,0,0.11920292671569666,-2.197993040084839,-0.19799308478832245,assist,no
5559,0,1,0.8670357494949105,-0.2510147988796234,-2.1260147094726562,assist,yes
5560,0,0,0.5,-0.7719826102256775,-0.7719826102256775,assist,no
5561,0,0,0.37754066879814546,-1.0393458604812622,-0.5393458604812622,assist,no
5562,0,1,0.7549149868676283,-0.400252103805542,-1.525252103805542,assist,yes
5563,0,0,0.3208212878370535,-1.2254424095153809,-0.4754423499107361,assist,no
5564,0,0,0.4378234991142019,-0.9082391262054443,-0.6582391262054443,assist,no
5565,0,1,0.5621765008857981,-0.6555166244506836,-0.9055166244506836,assist,yes
5566,0,0,0.11920291263495983,-2.1865954399108887,-0.1865953505039215,assist,no
5567,0,0,0.0373268852023206,-3.617767572402954,-0.3677675127983093,assist,no
5568,0,1,0.6224593452091672,-0.5815083384513855,-1.0815083980560303,assist,yes
5569,0,0,0.32082129433083023,-1.2060768604278564,-0.45607683062553406,assist,no
5570,0,1,0.6791786926816161,-0.44273558259010315,-1.1927355527877808,assist,yes
5571,0,0,0.4073334000459302,-0.9872041344642639,-0.6122041344642639,assist,no
5572,0,0,0.2018132270610754,-1.7162339687347412,-0.3412339985370636,assist,no
5573,0,0,0.13296423504419938,-2.1140387058258057,-0.23903866112232208,assist,no
5574,0,0,0.2689414272294874,-1.3750557899475098,-0.37505581974983215,assist,no
5575,0,1,0.7772998663336157,-0.3465733230113983,-1.5965733528137207,assist,yes
5576,0,0,0.18242552380635632,-1.7843396663665771,-0.28433966636657715,assist,no
5577,0,0,0.06754668550840877,-2.7915830612182617,-0.16658297181129456,assist,no
5578,0,0,0.4378234991142019,-0.8940303325653076,-0.6440303325653076,assist,no
5579,0,1,0.9046505402422645,-0.21154683828353882,-2.4615468978881836,assist,yes
5580,0,0,0.5,-0.7497376203536987,-0.7497376203536987,assist,no
5581,0,0,0.03308598053388778,-3.4984073638916016,-0.12340743094682693,assist,no
5582,0,0,0.029312230963347865,-3.5920755863189697,-0.09207559376955032,assist,no
5583,0,1,0.5621765008857981,-0.6390746831893921,-0.8890746831893921,assist,yes
5584,0,1,0.6791787121629466,-0.4562925696372986,-1.2062926292419434,assist,yes
5585,0,0,0.06008665017400762,-3.0896692276000977,-0.33966922760009766,assist,no
5586,0,0,0.4073334000459302,-1.0397694110870361,-0.6647694110870361,assist,no
5587,0,1,0.7057850340255386,-0.4628448188304901,-1.3378448486328125,assist,yes
5588,0,1,0.8354835330070839,-0.22705283761024475,-1.8520528078079224,assist,yes
5589,0,0,0.34864513533394575,-1.1180497407913208,-0.4930497407913208,assist,no
5590,0,0,0.0474258704848281,-3.4553232192993164,-0.45532315969467163,assist,no
5591,0,0,0.02931223287127187,-3.6066300868988037,-0.10663016140460968,assist,no
5592,0,1,0.6513548646660542,-0.49736595153808594,-1.122365951538086,assist,yes
5593,0,1,0.9324533163686646,-0.16920125484466553,-2.794201374053955,assist,yes
5594,0,0,0.05340332829327471,-3.0237996578216553,-0.14879962801933289,assist,no
5595,0,1,0.7772998714925403,-0.336683452129364,-1.5866835117340088,assist,yes
5596,0,0,0.1645164628965632,-1.8438278436660767,-0.21882784366607666,assist,no
5597,0,0,0.06008665606493926,-2.992698907852173,-0.2426990121603012,assist,no
5598,0,1,0.5621765008857981,-0.6755799055099487,-0.9255799055099487,assist,yes
5599,0,0,0.13296424535145931,-2.071092128753662,-0.1960921734571457,assist,no
5600,0,0,0.3486451488696663,-1.1213936805725098,-0.49639374017715454,assist,no
5601,0,0,0.04208772491181671,-3.324477195739746,-0.19947712123394012,assist,no
5602,0,0,0.08509904268669496,-2.5483031272888184,-0.17330309748649597,assist,no
5603,0,0,0.020332356904444657,-4.087006092071533,-0.21200627088546753,assist,no
5604,0,0,0.14804719051380197,-2.0008816719055176,-0.2508816123008728,assist,no
5605,0,0,0.14804719427274565,-1.9891295433044434,-0.23912951350212097,assist,no
5606,0,1,0.8933093989533708,-0.19955475628376007,-2.324554681777954,assist,yes
5607,0,0,0.4378234991142019,-0.9119120836257935,-0.6619120836257935,assist,no
5608,0,0,0.46879062662624377,-0.8560301065444946,-0.7310301065444946,assist,no
5609,0,0,0.009708475765158738,-4.752761363983154,-0.12776128947734833,assist,no
5610,0,1,0.9149009480320036,-0.15108045935630798,-2.526080369949341,assist,yes
5611,0,1,0.8519527869325346,-0.2815800905227661,-2.0315799713134766,assist,yes
5612,0,0,0.22270013366638422,-1.567944884300232,-0.31794485449790955,assist,no
5613,0,0,0.010986944492666904,-4.594015121459961,-0.09401529282331467,assist,no
5614,0,0,0.13296424878721277,-2.1022493839263916,-0.22724945843219757,assist,no
5615,0,1,0.754914997895581,-0.34427207708358765,-1.4692721366882324,assist,yes
5616,0,1,0.6224593312018546,-0.5784018039703369,-1.078401803970337,assist,yes
5617,0,0,0.2018132174596823,-1.6772575378417969,-0.3022575080394745,assist,no
5618,0,1,0.9241418231126367,-0.19090290367603302,-2.6909029483795166,assist,yes
5619,0,0,0.11920293140927592,-2.4435808658599854,-0.4435809552669525,assist,no
5620,0,1,0.8670357494949105,-0.22939524054527283,-2.1043951511383057,assist,yes
5621,0,0,0.22270012850745968,-1.5721204280853271,-0.3221203684806824,assist,no
5622,0,0,0.4073333856566001,-1.0109648704528809,-0.6359648108482361,assist,no
5623,0,0,0.3208212878370535,-1.2364320755004883,-0.4864320158958435,assist,no
5624,0,0,0.10669060246682488,-2.290025234222412,-0.16502532362937927,assist,no
5625,0,0,0.32082130082460697,-1.2916935682296753,-0.5416935682296753,assist,no
5626,0,0,0.2018132270610754,-1.6984946727752686,-0.32349470257759094,assist,no
5627,0,1,0.6513548646660542,-0.540157675743103,-1.165157675743103,assist,yes
5628,0,1,0.5926665999540697,-0.594607412815094,-0.969607412815094,assist,yes
5629,0,1,0.8354835411997897,-0.3186865746974945,-1.943686604499817,assist,yes
5630,0,0,0.015906394394230357,-4.207980155944824,-0.08298032730817795,assist,no
5631,0,1,0.9149009515124917,-0.1507125347852707,-2.525712490081787,assist,yes
5632,0,0,0.02931222799546632,-3.606555461883545,-0.10655536502599716,assist,no
5633,0,0,0.18242552825126704,-1.9036802053451538,-0.4036802351474762,assist,no
5634,0,0,0.46879062662624377,-0.8630503416061401,-0.7380503416061401,assist,no
5635,0,1,0.7057850216484838,-0.4199672043323517,-1.2949671745300293,assist,yes
5636,0,0,0.03732688306051187,-3.3597021102905273,-0.10970199108123779,assist,no
5637,0,0,0.04208772851637929,-3.296264410018921,-0.1712644249200821,assist,no
5638,0,1,0.7981867873410141,-0.2724739909172058,-1.6474740505218506,assist,yes
5639,0,0,0.2018132270610754,-1.7235236167907715,-0.34852364659309387,assist,no
5640,0,0,0.24508501313237172,-1.4735478162765503,-0.3485478162765503,assist,no
5641,0,1,0.817574471748733,-0.2677049934864044,-1.767704963684082,assist,yes
5642,0,1,0.8175744673038221,-0.2885931134223938,-1.788593053817749,assist,yes
5643,0,1,0.9241418241572634,-0.14139002561569214,-2.641390085220337,assist,yes
5644,0,1,0.7981867729389246,-0.3951686918735504,-1.770168662071228,assist,yes
5645,0,1,0.7549149923816048,-0.3325839936733246,-1.457584023475647,assist,yes
5646,0,0,0.3208213138121609,-1.2102673053741455,-0.4602673649787903,assist,no
5647,0,0,0.07585818419975078,-2.6280345916748047,-0.12803465127944946,assist,no
5648,0,0,0.008577484970198416,-4.851028919219971,-0.10102886706590652,assist,no
5649,0,0,0.26894141551050293,-1.3924248218536377,-0.3924247920513153,assist,no
5650,0,1,0.880797081106935,-0.20409414172172546,-2.204094171524048,assist,yes
5651,0,0,0.060086646807761206,-2.9160664081573486,-0.16606634855270386,assist,no
5652,0,1,0.8175744761936437,-0.2537853717803955,-1.7537853717803955,assist,yes
5653,0,0,0.0600866518571309,-2.896587371826172,-0.14658740162849426,assist,no
5654,0,1,0.731058584489497,-0.40550824999809265,-1.405508279800415,assist,yes
5655,0,0,0.37754066879814546,-1.0582913160324097,-0.5582913160324097,assist,no
5656,0,1,0.904650538956921,-0.24086733162403107,-2.4908673763275146,assist,yes
5657,0,0,0.1480472055495773,-1.9553797245025635,-0.20537978410720825,assist,no
5658,0,0,0.06008665438181589,-2.9264397621154785,-0.17643983662128448,assist,no
5659,0,1,0.679178699175393,-0.4876614809036255,-1.2376614809036255,assist,yes
5660,0,0,0.08509904732734556,-2.6704795360565186,-0.29547956585884094,assist,no
5661,0,0,0.22270012850745968,-1.6129825115203857,-0.36298245191574097,assist,no
5662,0,0,0.16451646699291617,-1.9262100458145142,-0.30121007561683655,assist,no
5663,0,1,0.8519528000888387,-0.23711861670017242,-1.9871186017990112,assist,yes
5664,0,0,0.37754066879814546,-1.0367064476013184,-0.5367064476013184,assist,no
5665,0,1,0.7057850340255386,-0.43936440348625183,-1.3143644332885742,assist,yes
5666,0,0,0.020332352452212373,-4.015594005584717,-0.14059396088123322,assist,no
5667,0,1,0.731058584489497,-0.41673311591148376,-1.4167331457138062,assist,yes
5668,0,1,0.8670357512127872,-0.22967155277729034,-2.1046714782714844,assist,yes
5669,0,0,0.16451646904109268,-1.8728818893432617,-0.2478819340467453,assist,no
5670,0,0,0.10669059394565118,-2.4516654014587402,-0.32666540145874023,assist,no
5671,0,0,0.18242551936144574,-1.8072279691696167,-0.3072279393672943,assist,no
5672,0,1,0.9241418210233833,-0.14862559735774994,-2.648625612258911,assist,yes
5673,0,0,0.32082129433083023,-1.2406326532363892,-0.4906326234340668,assist,no
5674,0,1,0.7981867825403176,-0.30891236662864685,-1.6839123964309692,assist,yes
5675,0,1,0.8670357477770336,-0.24154411256313324,-2.116544008255005,assist,yes
5676,0,0,0.26894141551050293,-1.4128674268722534,-0.41286739706993103,assist,no
5677,0,0,0.5,-0.7607493996620178,-0.7607493996620178,assist,no
5678,0,0,0.07585817166422973,-2.6293864250183105,-0.129386305809021,assist,no
5679,0,1,0.6513548646660542,-0.5039703845977783,-1.1289703845977783,assist,yes
5680,0,0,0.03732688975366457,-3.3674354553222656,-0.117435522377491,assist,no
5681,0,1,0.5312093733737563,-0.7173529267311096,-0.8423529267311096,assist,yes
5682,0,0,0.037326888415033926,-3.4620578289031982,-0.21205785870552063,assist,no
5683,0,0,0.0600866476493228,-2.906398057937622,-0.1563980132341385,assist,no
5684,0,0,0.22270014398423357,-1.5730104446411133,-0.32301047444343567,assist,no
5685,0,0,0.18242551491653522,-1.8199753761291504,-0.3199753165245056,assist,no
5686,0,1,0.5621765008857981,-0.7209073901176453,-0.9709073901176453,assist,yes
5687,0,1,0.880797068590724,-0.23591837286949158,-2.2359182834625244,assist,yes
5688,0,1,0.8670357598021706,-0.22853755950927734,-2.1035375595092773,assist,yes
5689,0,0,0.3208212878370535,-1.2251014709472656,-0.47510141134262085,assist,no
5690,0,0,0.08509904036636974,-2.652942180633545,-0.27794212102890015,assist,no
5691,0,0,0.015906395210617815,-4.29103946685791,-0.16603969037532806,assist,no
5692,0,1,0.7549149813536518,-0.33896365761756897,-1.4639636278152466,assist,yes
5693,0,1,0.6513548511303336,-0.5351412892341614,-1.1601412296295166,assist,yes
5694,0,0,0.09534946875514017,-2.3961024284362793,-0.14610247313976288,assist,no
5695,0,1,0.8519527906914787,-0.2561539113521576,-2.0061538219451904,assist,yes
5696,0,1,0.7057850340255386,-0.4366682469844818,-1.3116682767868042,assist,yes
5697,0,1,0.8175744806385543,-0.27673324942588806,-1.7767332792282104,assist,yes
5698,0,0,0.4378234991142019,-0.8821737766265869,-0.6321737766265869,assist,no
5699,0,1,0.8933093975331751,-0.1901474893093109,-2.3151473999023438,assist,yes
5700,0,0,0.020332353491066484,-3.991070032119751,-0.11607003957033157,assist,no
5701,0,0,0.04742587082142043,-3.079035758972168,-0.07903570681810379,assist,no
5702,0,0,0.03308597576681317,-3.4865241050720215,-0.11152402311563492,assist,no
5703,0,0,0.16451646904109268,-1.8462666273117065,-0.22126667201519012,assist,no
5704,0,1,0.679178699175393,-0.48474907875061035,-1.2347490787506104,assist,yes
5705,0,0,0.02297736756836975,-3.840329170227051,-0.09032906591892242,assist,no
5706,0,0,0.4378234991142019,-0.9063230156898499,-0.6563230156898499,assist,no
5707,0,0,0.042087729117139754,-3.568802833557129,-0.4438028633594513,assist,no
5708,0,0,0.24508501864634827,-1.4966779947280884,-0.37167802453041077,assist,no
5709,0,0,0.03732688680867724,-3.3326871395111084,-0.0826871246099472,assist,no
5710,0,0,0.1645164628965632,-1.8907212018966675,-0.2657212018966675,assist,no
5711,0,0,0.22270013366638422,-1.5547884702682495,-0.3047884404659271,assist,no
5712,0,0,0.020332356904444657,-4.1298651695251465,-0.2548653483390808,assist,no
5713,0,0,0.46879062662624377,-0.9049513936042786,-0.7799513936042786,assist,no
5714,0,0,0.32082130082460697,-1.2295870780944824,-0.4795870780944824,assist,no
5715,0,0,0.24508500761839525,-1.5019296407699585,-0.3769296109676361,assist,no
5716,0,0,0.2018132270610754,-1.7472306489944458,-0.3722306787967682,assist,no
5717,0,0,0.1329642384799526,-2.096242904663086,-0.22124288976192474,assist,no
5718,0,1,0.8933094174159129,-0.17494380474090576,-2.2999439239501953,assist,yes
5719,0,1,0.7772998560157665,-0.326132208108902,-1.5761321783065796,assist,yes
5720,0,0,0.10669058400428263,-2.334351062774658,-0.20935095846652985,assist,no
5721,0,0,0.5,-0.8518763780593872,-0.8518763780593872,assist,no
5722,0,0,0.24508501313237172,-1.5144699811935425,-0.3894699811935425,assist,no
5723,0,0,0.022977369408242194,-3.8410065174102783,-0.09100649505853653,assist,no
5724,0,0,0.14804719427274565,-1.9720913171768188,-0.22209128737449646,assist,no
5725,0,1,0.5312093733737563,-0.7752183079719543,-0.9002183079719543,assist,yes
5726,0,0,0.5,-0.8338017463684082,-0.8338017463684082,assist,no
5727,0,0,0.10669059394565118,-2.337761163711548,-0.21276116371154785,assist,no
5728,0,0,0.3208213138121609,-1.2159969806671143,-0.46599704027175903,assist,no
5729,0,0,0.2942149783515162,-1.3196136951446533,-0.4446137249469757,assist,no
5730,0,0,0.03732688680867724,-3.4007744789123535,-0.15077446401119232,assist,no
5731,0,0,0.2689414272294874,-1.4064760208129883,-0.40647605061531067,assist,no
5732,0,0,0.29421497216298875,-1.333187222480774,-0.4581872224807739,assist,no
5733,0,0,0.14804719051380197,-1.9847116470336914,-0.23471158742904663,assist,no
5734,0,0,0.46879062662624377,-0.8241551518440247,-0.6991551518440247,assist,no
5735,0,0,0.18242551936144574,-1.8513107299804688,-0.35131070017814636,assist,no
5736,0,0,0.5,-0.8503028154373169,-0.8503028154373169,assist,no
5737,0,0,0.09534946232842245,-2.4463064670562744,-0.19630643725395203,assist,no
5738,0,0,0.2942149845400438,-1.282106637954712,-0.4071066975593567,assist,no
5739,0,0,0.01590638961253321,-4.2596588134765625,-0.13465867936611176,assist,no
5740,0,1,0.5926665999540697,-0.645302414894104,-1.020302414894104,assist,yes
5741,0,0,0.037326887344129464,-3.4460670948028564,-0.19606709480285645,assist,no
5742,0,0,0.3486451217982255,-1.1686561107635498,-0.543656051158905,assist,no
5743,0,1,0.8354835371034369,-0.28969860076904297,-1.914698600769043,assist,yes
5744,0,0,0.022977369240981062,-3.893969774246216,-0.14396974444389343,assist,no
5745,0,0,0.09534945718704857,-2.4079413414001465,-0.15794125199317932,assist,no
5746,0,0,0.10669059536584675,-2.2906198501586914,-0.1656198650598526,assist,no
5747,0,1,0.5926665999540697,-0.6313731670379639,-1.0063731670379639,assist,yes
5748,0,0,0.22270014398423357,-1.6895498037338257,-0.43954983353614807,assist,no
5749,0,0,0.4378234991142019,-0.8826744556427002,-0.6326744556427002,assist,no
5750,0,1,0.6513548782017746,-0.5251376032829285,-1.1501376628875732,assist,yes
5751,0,0,0.18242552380635632,-1.8209890127182007,-0.3209890127182007,assist,no
5752,0,0,0.005911068943804928,-5.295435905456543,-0.17043592035770416,assist,no
5753,0,0,0.3208212878370535,-1.253441572189331,-0.5034415125846863,assist,no
5754,0,0,0.22270014398423357,-1.5817238092422485,-0.3317238390445709,assist,no
5755,0,1,0.8175744673038221,-0.30950528383255005,-1.8095052242279053,assist,yes
5756,0,1,0.5312093733737563,-0.70192551612854,-0.82692551612854,assist,yes
5757,0,0,0.029312228843432455,-3.585425615310669,-0.08542554825544357,assist,no
5758,0,0,0.014063626320085508,-4.370138645172119,-0.12013859301805496,assist,no
5759,0,0,0.05340333205964859,-3.089848279953003,-0.2148483246564865,assist,no
5760,0,0,0.18242551936144574,-1.8346267938613892,-0.3346267640590668,assist,no
5761,0,0,0.5,-0.7690143585205078,-0.7690143585205078,assist,no
5762,0,0,0.0203323526006201,-3.9559168815612793,-0.08091684430837631,assist,no
5763,0,0,0.029312227359491745,-3.5637574195861816,-0.06375730037689209,assist,no
5764,0,0,0.32082129433083023,-1.1923022270202637,-0.4423021972179413,assist,no
5765,0,0,0.033085976958581766,-3.505518913269043,-0.1305188685655594,assist,no
5766,0,0,0.014063629419342763,-4.369819641113281,-0.11981981247663498,assist,no
5767,0,0,0.05340333431947304,-3.2089784145355225,-0.3339785039424896,assist,no
5768,0,1,0.5926665999540697,-0.6137182712554932,-0.9887182712554932,assist,yes
5769,0,0,0.020332356904444657,-4.066539764404297,-0.1915399432182312,assist,no
5770,0,0,0.053403334696110465,-2.982165575027466,-0.10716567188501358,assist,no
5771,0,0,0.46879062662624377,-0.8236473798751831,-0.6986473798751831,assist,no
5772,0,1,0.9465966686936261,-0.15539267659187317,-3.030392646789551,assist,yes
5773,0,0,0.01798621101487092,-4.253008842468262,-0.2530089020729065,assist,no
5774,0,1,0.5926665999540697,-0.6383177042007446,-1.0133177042007446,assist,yes
5775,0,1,0.7981867873410141,-0.33295029401779175,-1.7079503536224365,assist,yes
5776,0,1,0.5312093733737563,-0.6871911287307739,-0.8121911287307739,assist,yes
5777,0,1,0.7981867777396212,-0.3210231065750122,-1.6960231065750122,assist,yes
5778,0,0,0.2689414330889798,-1.439180850982666,-0.4391809105873108,assist,no
5779,0,0,0.1329642436335826,-2.133145570755005,-0.25814560055732727,assist,no
5780,0,1,0.5621765008857981,-0.6829479932785034,-0.9329479932785034,assist,yes
5781,0,1,0.6513548511303336,-0.5647760033607483,-1.1897759437561035,assist,yes
5782,0,1,0.6791786926816161,-0.44169750809669495,-1.1916974782943726,assist,yes
5783,0,1,0.5621765008857981,-0.6385765671730042,-0.8885765671730042,assist,yes
5784,0,1,0.7549149923816048,-0.37578675150871277,-1.5007867813110352,assist,yes
5785,0,1,0.8519527963298947,-0.2368796318769455,-1.986879587173462,assist,yes
5786,0,0,0.3486451217982255,-1.1187844276428223,-0.4937843680381775,assist,no
5787,0,0,0.1480472055495773,-1.9767577648162842,-0.22675782442092896,assist,no
5788,0,0,0.5,-0.7678689360618591,-0.7678689360618591,assist,no
5789,0,0,0.037326890021390696,-3.366610527038574,-0.11661060154438019,assist,no
5790,0,0,0.11920291576401235,-2.2275683879852295,-0.22756832838058472,assist,no
5791,0,0,0.06008665648572012,-2.8646466732025146,-0.1146467849612236,assist,no
5792,0,1,0.9579122732859019,-0.12169930338859558,-3.246699333190918,assist,yes
5793,0,0,0.16451646699291617,-1.8757474422454834,-0.2507474720478058,assist,no
5794,0,0,0.03732688359596404,-3.376229763031006,-0.1262296587228775,assist,no
5795,0,0,0.40733341443526055,-1.023587703704834,-0.6485877633094788,assist,no
5796,0,1,0.880797081106935,-0.1949310004711151,-2.1949310302734375,assist,yes
5797,0,0,0.46879062662624377,-0.8481419682502747,-0.7231419682502747,assist,no
5798,0,1,0.7981867729389246,-0.3179265558719635,-1.6929265260696411,assist,yes
5799,0,0,0.37754066879814546,-1.0718116760253906,-0.5718116760253906,assist,no
5800,0,0,0.13296423676207594,-2.231100559234619,-0.35610052943229675,assist,no
5801,0,0,0.1329642333263228,-2.0821926593780518,-0.20719259977340698,assist,no
5802,0,0,0.02033235542036712,-3.9804115295410156,-0.10541163384914398,assist,no
5803,0,0,0.2018132174596823,-1.7729969024658203,-0.3979968726634979,assist,no
5804,0,1,0.679178699175393,-0.46481943130493164,-1.2148194313049316,assist,yes
5805,0,1,0.5312093733737563,-0.7803733944892883,-0.9053733944892883,assist,yes
5806,0,0,0.02033235408469743,-3.955958366394043,-0.08095840364694595,assist,no
5807,0,0,0.06008665438181589,-2.885758876800537,-0.13575895130634308,assist,no
5808,0,0,0.46879062662624377,-0.8356513381004333,-0.7106513381004333,assist,no
5809,0,0,0.4073334000459302,-0.9692144989967346,-0.5942144989967346,assist,no
5810,0,0,0.01243164938964095,-4.536044597625732,-0.16104447841644287,assist,no
5811,0,0,0.18242551491653522,-1.7630095481872559,-0.2630094885826111,assist,no
5812,0,0,0.46879062662624377,-0.8204295635223389,-0.6954295635223389,assist,no
5813,0,1,0.8670357649558007,-0.23902983963489532,-2.114029884338379,assist,yes
5814,0,0,0.025957357009419556,-3.7120306491851807,-0.08703064173460007,assist,no
5815,0,1,0.7057850402140659,-0.44792860746383667,-1.3229286670684814,assist,yes
5816,0,1,0.7772998560157665,-0.32651904225349426,-1.5765190124511719,assist,yes
5817,0,1,0.6513548782017746,-0.5686463713645935,-1.1936464309692383,assist,yes
5818,0,0,0.2942149845400438,-1.3260018825531006,-0.45100194215774536,assist,no
5819,0,0,0.46879062662624377,-0.8753259181976318,-0.7503259181976318,assist,no
5820,0,0,0.00970847834389417,-4.766911506652832,-0.14191170036792755,assist,no
5821,0,0,0.24508501864634827,-1.4705748558044434,-0.34557488560676575,assist,no
5822,0,1,0.6513548646660542,-0.5692405700683594,-1.1942405700683594,assist,yes
5823,0,0,0.11920292984474948,-2.207923173904419,-0.20792324841022491,assist,no
5824,0,1,0.8175744761936437,-0.2858242988586426,-1.7858242988586426,assist,yes
5825,0,0,0.4073334000459302,-0.9819145202636719,-0.6069145202636719,assist,no
5826,0,1,0.7981867777396212,-0.3194793462753296,-1.6944793462753296,assist,yes
5827,0,0,0.02931222820745785,-3.5987908840179443,-0.09879079461097717,assist,no
5828,0,0,0.2689414272294874,-1.4192802906036377,-0.4192803204059601,assist,no
5829,0,0,0.06754669677084987,-2.7768282890319824,-0.15182837843894958,assist,no
5830,0,0,0.13296423676207594,-2.232006549835205,-0.3570065200328827,assist,no
5831,0,1,0.7981867825403176,-0.33445724844932556,-1.709457278251648,assist,yes
5832,0,0,0.18242553269617778,-1.8031961917877197,-0.3031962513923645,assist,no
5833,0,0,0.2689414213699951,-1.387125849723816,-0.3871258497238159,assist,no
5834,0,0,0.11920290950590741,-2.5183839797973633,-0.5183838605880737,assist,no
5835,0,0,0.22270013882530884,-1.6071820259094238,-0.35718202590942383,assist,no
5836,0,0,0.017986206540559057,-4.2285027503967285,-0.228502556681633,assist,no
5837,0,0,0.24508501313237172,-1.4578665494918823,-0.3328665494918823,assist,no
5838,0,1,0.6224593312018546,-0.597496747970581,-1.097496747970581,assist,yes
5839,0,0,0.02931223202330563,-3.6546196937561035,-0.1546197384595871,assist,no
5840,0,0,0.03308598077224154,-3.5072693824768066,-0.1322694569826126,assist,no
5841,0,0,0.46879062662624377,-0.8174737691879272,-0.6924737691879272,assist,no
5842,0,0,0.008577486934330109,-4.831966400146484,-0.0819665789604187,assist,no
5843,0,0,0.4378234991142019,-0.8902609348297119,-0.6402609348297119,assist,no
5844,0,0,0.09534946104307897,-2.3959529399871826,-0.14595289528369904,assist,no
5845,0,0,0.2689414213699951,-1.3687211275100708,-0.3687211275100708,assist,no
5846,0,0,0.5,-0.76035076379776,-0.76035076379776,assist,no
5847,0,1,0.7057850278370112,-0.43737804889678955,-1.3123780488967896,assist,yes
5848,0,0,0.13296424706933604,-2.1376187801361084,-0.2626188397407532,assist,no
5849,0,0,0.20181322226037882,-1.6582645177841187,-0.28326451778411865,assist,no
5850,0,0,0.16451645880021026,-1.921471357345581,-0.29647132754325867,assist,no
5851,0,0,0.24508501313237172,-1.5888826847076416,-0.4638826847076416,assist,no
5852,0,0,0.13296425222296632,-2.082178831100464,-0.20717893540859222,assist,no
5853,0,0,0.10669058400428263,-2.3163504600524902,-0.19135035574436188,assist,no
5854,0,0,0.1066905825840872,-2.9027352333068848,-0.7777351140975952,assist,no
5855,0,1,0.8807970748488297,-0.22610071301460266,-2.2261006832122803,assist,yes
5856,0,1,0.7549149813536518,-0.3655894100666046,-1.4905893802642822,assist,yes
5857,0,1,0.5312093733737563,-0.7234194278717041,-0.8484194278717041,assist,yes
5858,0,1,0.8670357563664174,-0.1904793083667755,-2.065479278564453,assist,yes
5859,0,1,0.9149009526726544,-0.20002606511116028,-2.575026035308838,assist,yes
5860,0,0,0.017986210751676075,-4.077692031860352,-0.07769207656383514,assist,no
5861,0,0,0.03732688948593843,-3.400858163833618,-0.15085822343826294,assist,no
5862,0,0,0.2018132174596823,-1.7102305889129639,-0.3352305591106415,assist,no
5863,0,1,0.7772998663336157,-0.33494994044303894,-1.5849499702453613,assist,yes
5864,0,0,0.04742587284097443,-3.1058096885681152,-0.10580968111753464,assist,no
5865,0,0,0.34864513533394575,-1.1108183860778809,-0.48581838607788086,assist,no
5866,0,0,0.08509904964767095,-2.532193660736084,-0.15719372034072876,assist,no
5867,0,0,0.2942149597859341,-1.3192965984344482,-0.44429653882980347,assist,no
5868,0,0,0.04742587788985982,-3.1299357414245605,-0.1299358457326889,assist,no
5869,0,0,0.13296422989056964,-2.1472525596618652,-0.27225247025489807,assist,no
5870,0,0,0.20181321265898594,-1.7216758728027344,-0.3466758131980896,assist,no
5871,0,0,0.02595735757455145,-3.7729175090789795,-0.14791752398014069,assist,no
5872,0,0,0.02931222841944938,-3.592489719390869,-0.09248963743448257,assist,no
5873,0,1,0.5312093733737563,-0.7342978715896606,-0.8592978715896606,assist,yes
5874,0,0,0.3208212878370535,-1.2307994365692139,-0.4807993769645691,assist,no
5875,0,0,0.009708476409842532,-4.728031635284424,-0.10303162783384323,assist,no
5876,0,0,0.3486451488696663,-1.2414379119873047,-0.6164379715919495,assist,no
5877,0,0,0.01406362415060583,-4.498668193817139,-0.24866798520088196,assist,no
5878,0,1,0.8670357494949105,-0.23886284232139587,-2.1138627529144287,assist,yes
5879,0,0,0.2689414096510108,-1.3804748058319092,-0.3804747462272644,assist,no
5880,0,1,0.7981867825403176,-0.30904826521873474,-1.6840482950210571,assist,yes
5881,0,0,0.5,-0.7631188631057739,-0.7631188631057739,assist,no
5882,0,0,0.22270013882530884,-1.6353150606155396,-0.38531506061553955,assist,no
5883,0,1,0.798186768138228,-0.3203752636909485,-1.6953752040863037,assist,yes
5884,0,0,0.24508500761839525,-1.4670829772949219,-0.3420829474925995,assist,no
5885,0,0,0.24508500210441886,-1.4965667724609375,-0.3715667128562927,assist,no
5886,0,1,0.679178699175393,-0.4745551347732544,-1.2245551347732544,assist,yes
5887,0,0,0.1480472036701053,-1.9911547899246216,-0.24115483462810516,assist,no
5888,0,0,0.10669060104662924,-2.303748607635498,-0.17874868214130402,assist,no
5889,0,0,0.46879062662624377,-0.8434722423553467,-0.7184722423553467,assist,no
5890,0,1,0.5926665999540697,-0.6065431833267212,-0.9815431833267212,assist,yes
5891,0,1,0.5926665999540697,-0.6171470880508423,-0.9921470880508423,assist,yes
5892,0,0,0.11920291419948606,-2.2035164833068848,-0.2035164088010788,assist,no
5893,0,0,0.03732688306051187,-3.3505687713623047,-0.10056865215301514,assist,no
5894,0,1,0.5312093733737563,-0.7661352157592773,-0.8911352157592773,assist,yes
5895,0,0,0.18242552825126704,-1.77487051486969,-0.27487054467201233,assist,no
5896,0,1,0.6791787121629466,-0.4486507773399353,-1.19865083694458,assist,yes
5897,0,0,0.10669060530721626,-2.274840831756592,-0.14984095096588135,assist,no
5898,0,1,0.679178699175393,-0.4471937417984009,-1.1971937417984009,assist,yes
5899,0,0,0.06754669489377622,-2.85867977142334,-0.23367983102798462,assist,no
5900,0,0,0.29421497216298875,-1.299834966659546,-0.4248349666595459,assist,no
5901,0,0,0.029312231175339414,-3.5996434688568115,-0.09964348375797272,assist,no
5902,0,0,0.037326887344129464,-3.413184881210327,-0.16318488121032715,assist,no
5903,0,0,0.015906391595187953,-4.215215682983398,-0.09021567553281784,assist,no
5904,0,1,0.6513548646660542,-0.5250824689865112,-1.1500824689865112,assist,yes
5905,0,0,0.22270013366638422,-1.5846790075302124,-0.33467897772789,assist,no
5906,0,0,0.03308597529010575,-3.4879324436187744,-0.11293234676122665,assist,no
5907,0,0,0.46879062662624377,-0.8679454326629639,-0.7429454326629639,assist,no
5908,0,0,0.014063625751888418,-4.2971625328063965,-0.04716243967413902,assist,no
5909,0,1,0.5621765008857981,-0.6408324837684631,-0.8908324837684631,assist,yes
5910,0,0,0.13296424706933604,-2.236780881881714,-0.36178094148635864,assist,no
5911,0,1,0.754914997895581,-0.38330596685409546,-1.5083060264587402,assist,yes
5912,0,0,0.34864513533394575,-1.1355535984039307,-0.5105535984039307,assist,no
5913,0,1,0.6224593452091672,-0.5475990176200867,-1.0475990772247314,assist,yes
5914,0,0,0.3208213138121609,-1.2295141220092773,-0.4795141816139221,assist,no
5915,0,0,0.4073333856566001,-1.0362656116485596,-0.6612655520439148,assist,no
5916,0,1,0.7772998560157665,-0.32612481713294983,-1.5761247873306274,assist,yes
5917,0,0,0.20181323186177208,-1.6683759689331055,-0.29337602853775024,assist,no
5918,0,0,0.22270013882530884,-1.7271759510040283,-0.4771759510040283,assist,no
5919,0,0,0.5,-0.8440808653831482,-0.8440808653831482,assist,no
5920,0,1,0.5926665999540697,-0.5972037315368652,-0.9722037315368652,assist,yes
5921,0,0,0.18242553269617778,-1.7890992164611816,-0.2890992760658264,assist,no
5922,0,0,0.020332351116542875,-3.9633700847625732,-0.08836997300386429,assist,no
5923,0,0,0.4378234991142019,-0.9046927094459534,-0.6546927094459534,assist,no
5924,0,1,0.5621765008857981,-0.6760192513465881,-0.9260192513465881,assist,yes
5925,0,1,0.7310585727705126,-0.3936688005924225,-1.3936687707901,assist,yes
5926,0,1,0.6513548782017746,-0.512917697429657,-1.1379177570343018,assist,yes
5927,0,0,0.08509903804604459,-2.522162437438965,-0.14716234803199768,assist,no
5928,0,0,0.16451645880021026,-1.8876835107803345,-0.2626834809780121,assist,no
5929,0,1,0.6224593452091672,-0.5817329287528992,-1.081732988357544,assist,yes
5930,0,0,0.32082130082460697,-1.2679719924926758,-0.5179719924926758,assist,no
5931,0,1,0.8807970701552504,-0.19561822712421417,-2.195618152618408,assist,yes
5932,0,0,0.06754669020109236,-2.7628533840179443,-0.13785336911678314,assist,no
5933,0,0,0.09534946232842245,-2.725675106048584,-0.4756750762462616,assist,no
5934,0,0,0.010986942306754304,-4.677509307861328,-0.17750927805900574,assist,no
5935,0,1,0.8933093946927838,-0.19983065128326416,-2.3248305320739746,assist,yes
5936,0,0,0.40733341443526055,-1.0122227668762207,-0.6372228264808655,assist,no
5937,0,0,0.02595735945832451,-3.8688485622406006,-0.24384865164756775,assist,no
5938,0,0,0.1480471980316895,-1.994705080986023,-0.24470508098602295,assist,no
5939,0,0,0.10669058684467357,-2.3342208862304688,-0.20922081172466278,assist,no
5940,0,0,0.4378234991142019,-0.9831675291061401,-0.7331675291061401,assist,no
5941,0,0,0.08509904616718289,-2.512819290161133,-0.137819305062294,assist,no
5942,0,0,0.2689414213699951,-1.3970246315002441,-0.39702463150024414,assist,no
5943,0,0,0.010986940525640651,-4.660218715667725,-0.1602185219526291,assist,no
5944,0,0,0.34864513533394575,-1.110806941986084,-0.485806941986084,assist,no
5945,0,1,0.7981867825403176,-0.28314730525016785,-1.6581473350524902,assist,yes
5946,0,1,0.867035763237924,-0.2992493808269501,-2.1742494106292725,assist,yes
5947,0,0,0.02297737057907019,-3.8407928943634033,-0.09079292416572571,assist,no
5948,0,0,0.04208772851637929,-3.295201539993286,-0.17020155489444733,assist,no
5949,0,0,0.020332356310813628,-4.002508163452148,-0.12750831246376038,assist,no
5950,0,0,0.3775406828054583,-1.1106252670288086,-0.6106253266334534,assist,no
5951,0,1,0.9149009549929797,-0.2007734775543213,-2.5757734775543213,assist,yes
5952,0,1,0.7057850278370112,-0.4389752149581909,-1.313975214958191,assist,yes
5953,0,1,0.8175744761936437,-0.2608379125595093,-1.7608379125595093,assist,yes
5954,0,1,0.9149009642742806,-0.1772855520248413,-2.552285671234131,assist,yes
5955,0,0,0.07585817688736327,-2.65498423576355,-0.15498419106006622,assist,no
5956,0,0,0.32082130731838393,-1.18593168258667,-0.4359317123889923,assist,no
5957,0,0,0.4073334000459302,-1.0333541631698608,-0.6583541631698608,assist,no
5958,0,1,0.7057850278370112,-0.4599645137786865,-1.3349645137786865,assist,yes
5959,0,0,0.34864513533394575,-1.133716344833374,-0.508716344833374,assist,no
5960,0,0,0.0259573558791558,-3.7193591594696045,-0.09435910731554031,assist,no
5961,0,0,0.11920293140927592,-2.168093681335449,-0.16809377074241638,assist,no
5962,0,0,0.46879062662624377,-0.8236426115036011,-0.6986426115036011,assist,no
5963,0,0,0.033085976958581766,-3.5812482833862305,-0.2062482386827469,assist,no
5964,0,0,0.08509903688588204,-2.5142195224761963,-0.13921941816806793,assist,no
5965,0,0,0.4378234991142019,-0.9037497043609619,-0.6537497043609619,assist,no
5966,0,0,0.06754669677084987,-2.786768674850464,-0.16176876425743103,assist,no
5967,0,0,0.015906390195666933,-4.24830436706543,-0.12330427020788193,assist,no
5968,0,0,0.2018132270610754,-1.763813853263855,-0.38881388306617737,assist,no
5969,0,0,0.10669058826486906,-2.2963931560516357,-0.17139309644699097,assist,no
5970,0,1,0.9399133464597458,-0.17503267526626587,-2.925032615661621,assist,yes
5971,0,0,0.029312230327373224,-3.704768419265747,-0.20476840436458588,assist,no
5972,0,0,0.26894141551050293,-1.3867535591125488,-0.38675352931022644,assist,no
5973,0,0,0.03732688359596404,-3.3889544010162354,-0.138954296708107,assist,no
5974,0,0,0.11920292984474948,-2.190087080001831,-0.19008715450763702,assist,no
5975,0,1,0.7057850278370112,-0.4512671232223511,-1.326267123222351,assist,yes
5976,0,1,0.5312093733737563,-0.6871551275253296,-0.8121551275253296,assist,yes
5977,0,0,0.32082130082460697,-1.3114862442016602,-0.5614862442016602,assist,no
5978,0,0,0.025957356255910384,-3.749958038330078,-0.12495800107717514,assist,no
5979,0,0,0.033085976005166884,-3.6040289402008057,-0.2290288656949997,assist,no
5980,0,0,0.10669059394565118,-2.36268949508667,-0.23768949508666992,assist,no
5981,0,1,0.6513548646660542,-0.6002508401870728,-1.2252508401870728,assist,yes
5982,0,0,0.007577241716077422,-5.112059593200684,-0.23705965280532837,assist,no
5983,0,0,0.06754669395523943,-2.789219379425049,-0.1642194241285324,assist,no
5984,0,0,0.029312233083263427,-3.5733561515808105,-0.07335623353719711,assist,no
5985,0,1,0.6513548646660542,-0.5173368453979492,-1.1423368453979492,assist,yes
5986,0,0,0.4378234991142019,-0.9012295007705688,-0.6512295007705688,assist,no
5987,0,0,0.2689414213699951,-1.3874576091766357,-0.38745760917663574,assist,no
5988,0,1,0.7310585786300049,-0.42884576320648193,-1.428845763206482,assist,yes
5989,0,0,0.24508501313237172,-1.4782729148864746,-0.3532729148864746,assist,no
5990,0,0,0.16451647108926923,-1.9266071319580078,-0.3016071915626526,assist,no
5991,0,0,0.4378234991142019,-0.9409528970718384,-0.6909528970718384,assist,no
5992,0,0,0.5,-0.7605133652687073,-0.7605133652687073,assist,no
5993,0,0,0.029312227359491745,-3.6538796424865723,-0.15387952327728271,assist,no
5994,0,1,0.7981867777396212,-0.3214610815048218,-1.6964610815048218,assist,yes
5995,0,0,0.16451647108926923,-1.8281466960906982,-0.20314675569534302,assist,no
5996,0,0,0.03732688654095113,-3.3673415184020996,-0.11734149605035782,assist,no
5997,0,0,0.05340332866991209,-2.9951701164245605,-0.12017009407281876,assist,no
5998,0,0,0.2689414272294874,-1.445414423942566,-0.4454144537448883,assist,no
5999,0,0,0.03308598029553404,-3.5190937519073486,-0.1440938115119934,assist,no
