idx,y_true,y_pred,p_yes,lp_yes,lp_no,mode,raw_text
0,1,0,3.466325797878046e-07,-14.875003814697266,-3.6954811548639555e-06,attack,no
1,1,0,7.3382080556433e-07,-14.125003814697266,-3.576272320060525e-06,attack,no
2,1,0,1.275189972825217e-07,-15.875003814697266,-3.4570634852570947e-06,attack,no
3,1,0,2.3823699519290045e-07,-15.250001907348633,-2.264974000354414e-06,attack,no
4,1,0,1.209865683518615e-06,-13.625003814697266,-3.814689989667386e-06,attack,no
5,1,0,2.6995784182073116e-07,-15.12500286102295,-3.099436753473128e-06,attack,no
6,1,0,1.7603438428660665e-06,-13.250004768371582,-5.125986263010418e-06,attack,no
7,1,0,6.475947982022762e-07,-14.25000286102295,-2.861018856492592e-06,attack,no
8,1,0,1.5534981249697903e-06,-13.37500286102295,-3.099436753473128e-06,attack,no
9,1,0,2.5612831266608576e-06,-12.875007629394531,-7.986990567587782e-06,attack,no
10,1,0,3.2887486733600273e-06,-12.625005722045898,-5.602820692729438e-06,attack,no
11,1,0,2.3823693839154893e-07,-15.250003814697266,-3.933898824470816e-06,attack,no
12,1,0,5.829127249720784e-05,-9.750061988830566,-6.210611172718927e-05,attack,no
13,1,0,1.370957860567974e-06,-13.500003814697266,-4.291525328881107e-06,attack,no
14,1,0,8.93969736988289e-06,-11.625011444091797,-1.156323378381785e-05,attack,no
15,1,0,3.927862470890063e-07,-14.75000286102295,-2.9802276912960224e-06,attack,no
16,1,0,3.0590226338671677e-07,-15.000005722045898,-5.8412379075889476e-06,attack,no
17,1,0,1.9947290081177566e-06,-13.125006675720215,-6.318072337307967e-06,attack,no
18,1,0,2.9023119851266288e-06,-12.750007629394531,-7.629365427419543e-06,attack,no
19,1,0,9.422445938964242e-07,-13.875004768371582,-4.768360213347478e-06,attack,no
20,1,0,1.7603432133296776e-06,-13.250003814697266,-3.814689989667386e-06,attack,no
21,1,0,5.715002426460124e-07,-14.375003814697266,-3.4570634852570947e-06,attack,no
22,1,0,1.760343213322473e-06,-13.250004768371582,-4.768360213347478e-06,attack,no
23,1,0,8.315279285251204e-07,-14.000005722045898,-5.602820692729438e-06,attack,no
24,1,0,5.715006514074756e-07,-14.375005722045898,-6.079655122448457e-06,attack,no
25,1,0,9.422450431800594e-07,-13.875006675720215,-7.152531907195225e-06,attack,no
26,1,0,1.1253521571574156e-07,-16.000001907348633,-2.3841830625315197e-06,attack,no
27,1,0,8.315279285326831e-07,-14.000003814697266,-3.6954811548639555e-06,attack,no
28,1,0,3.120190393896595e-05,-10.375032424926758,-3.218599158572033e-05,attack,no
29,1,0,5.715002426410745e-07,-14.375005722045898,-5.364403477869928e-06,attack,no
30,1,0,4.450852641681257e-07,-14.625004768371582,-5.245195097813848e-06,attack,no
31,1,0,1.2098653950606901e-06,-13.625004768371582,-4.529942543740617e-06,attack,no
32,1,0,3.4663274507563266e-07,-14.87500286102295,-3.2186455882765586e-06,attack,no
33,1,0,5.1442232047486965e-05,-9.875059127807617,-5.94836674281396e-05,attack,no
34,1,0,2.6995784182073116e-07,-15.12500286102295,-3.099436753473128e-06,attack,no
35,1,0,1.2751905808849868e-07,-15.87500286102295,-2.9802276912960224e-06,attack,no
36,1,0,7.3382080556433e-07,-14.125003814697266,-3.576272320060525e-06,attack,no
37,1,0,7.889264466639054e-06,-11.750011444091797,-1.168244216387393e-05,attack,no
38,1,0,8.939695238439078e-06,-11.625012397766113,-1.2278481335670222e-05,attack,no
39,1,0,5.715004470313855e-07,-14.37500286102295,-2.861018856492592e-06,attack,no
40,1,0,4.539786864000808e-05,-10.000052452087402,-5.245071224635467e-05,attack,no
41,1,0,4.450852111120808e-07,-14.625003814697266,-4.172316494077677e-06,attack,no
42,1,0,1.8553903548113192e-07,-15.500004768371582,-4.410734163684538e-06,attack,no
43,1,0,9.422445938917109e-07,-13.875005722045898,-5.722029527532868e-06,attack,no
44,1,0,1.2098652508056196e-06,-13.625008583068848,-8.22540732769994e-06,attack,no
45,1,0,2.260323758977908e-06,-13.000004768371582,-4.529942543740617e-06,attack,no
46,1,0,1.209865827740176e-06,-13.625004768371582,-4.887569048150908e-06,attack,no
47,1,0,1.0677024881941248e-06,-13.750004768371582,-4.410734163684538e-06,attack,no
48,1,0,9.422450431912e-07,-13.875004768371582,-5.245195097813848e-06,attack,no
49,1,0,9.422450431912e-07,-13.875004768371582,-5.245195097813848e-06,attack,no
50,1,0,1.7603427936335398e-06,-13.250003814697266,-3.576272320060525e-06,attack,no
51,1,0,8.315283250343497e-07,-14.000003814697266,-4.172316494077677e-06,attack,no
52,1,0,9.422450431912e-07,-13.875004768371582,-5.245195097813848e-06,attack,no
53,1,0,2.2603251062013478e-06,-13.000006675720215,-7.033323527139146e-06,attack,no
54,1,0,2.14449407453714e-05,-10.750024795532227,-2.4437606043647975e-05,attack,no
55,1,0,5.715005151550947e-07,-14.375004768371582,-4.887569048150908e-06,attack,no
56,1,0,7.734421308872513e-08,-16.375003814697266,-3.814689989667386e-06,attack,no
57,1,0,1.2751907329024393e-07,-15.875001907348633,-2.145764938177308e-06,attack,no
58,1,0,5.715002426410745e-07,-14.375005722045898,-5.364403477869928e-06,attack,no
59,1,0,2.9023112932045342e-06,-12.750005722045898,-5.483612312673358e-06,attack,no
60,1,0,1.8553912395338048e-07,-15.500003814697266,-3.933898824470816e-06,attack,no
61,1,0,5.043474081977821e-07,-14.500003814697266,-3.814689989667386e-06,attack,no
62,1,0,3.4663253846718004e-07,-14.87500286102295,-2.622600959512056e-06,attack,no
63,1,0,6.144174601935314e-06,-12.000009536743164,-9.536697689327411e-06,attack,no
64,1,0,9.422444815726564e-07,-13.875004768371582,-4.6491513785440475e-06,attack,no
65,1,0,1.0129988564845376e-05,-11.50001335144043,-1.3112935448589269e-05,attack,no
66,1,0,4.4508526417176896e-07,-14.62500286102295,-3.3378546504536644e-06,attack,no
67,1,0,3.72664061681327e-06,-12.500007629394531,-7.986990567587782e-06,attack,no
68,1,0,4.450850519360903e-07,-14.625004768371582,-4.768360213347478e-06,attack,no
69,1,0,4.785093924362895e-06,-12.250006675720215,-6.556489552167477e-06,attack,no
70,1,0,9.422448185187191e-07,-13.875008583068848,-8.821448318485636e-06,attack,no
71,1,0,1.5534984953510149e-06,-13.37500286102295,-3.3378546504536644e-06,attack,no
72,1,0,9.610243796170806e-05,-9.250096321105957,-9.655486064730212e-05,attack,no
73,1,0,3.0590215399183813e-07,-15.00000286102295,-2.622600959512056e-06,attack,no
74,1,0,1.0677029973056687e-06,-13.750005722045898,-5.8412379075889476e-06,attack,no
75,1,0,2.6995787400282076e-07,-15.125001907348633,-2.264974000354414e-06,attack,no
76,1,0,7.338211554758494e-07,-14.125003814697266,-4.0531076592742465e-06,attack,no
77,1,0,5.422221555380179e-06,-12.125006675720215,-7.152531907195225e-06,attack,no
78,1,0,1.1253516205489029e-07,-16.000001907348633,-1.9073468138230965e-06,attack,no
79,1,0,2.1024341622426268e-07,-15.375001907348633,-2.264974000354414e-06,attack,no
80,1,0,1.7603425837791044e-06,-13.250004768371582,-4.410734163684538e-06,attack,no
81,1,0,5.715005151550947e-07,-14.375004768371582,-4.887569048150908e-06,attack,no
82,1,0,1.7603430034867995e-06,-13.25000286102295,-2.7418097943154862e-06,attack,no
83,1,0,1.9947290081286418e-06,-13.125005722045898,-5.364403477869928e-06,attack,no
84,1,0,1.0677032518814388e-06,-13.750001907348633,-2.264974000354414e-06,attack,no
85,1,0,1.2098652508391807e-06,-13.625003814697266,-3.4570634852570947e-06,attack,no
86,1,0,2.2603242978871282e-06,-13.000003814697266,-3.814689989667386e-06,attack,no
87,1,0,1.0677029973056687e-06,-13.750005722045898,-5.8412379075889476e-06,attack,no
88,1,0,3.9278610661822475e-07,-14.75000286102295,-2.622600959512056e-06,attack,no
89,1,0,7.484623621395013e-05,-9.500076293945312,-7.64102369430475e-05,attack,no
90,1,0,1.994729483715462e-06,-13.125004768371582,-4.6491513785440475e-06,attack,no
91,1,0,2.382369667923043e-07,-15.25000286102295,-3.099436753473128e-06,attack,no
92,1,0,1.9947290081286418e-06,-13.125005722045898,-5.364403477869928e-06,attack,no
93,1,0,8.315278294038927e-07,-14.000004768371582,-4.529942543740617e-06,attack,no
94,1,0,1.3709572068354011e-06,-13.500005722045898,-5.722029527532868e-06,attack,no
95,1,0,8.315278294097537e-07,-14.00000286102295,-2.622600959512056e-06,attack,no
96,1,0,1.2098653950606901e-06,-13.625004768371582,-4.529942543740617e-06,attack,no
97,1,0,1.4449807263287805e-07,-15.750001907348633,-2.3841830625315197e-06,attack,no
98,1,0,2.1024326584639497e-07,-15.37500286102295,-2.50339189733495e-06,attack,no
99,1,0,1.6373772528677946e-07,-15.625001907348633,-2.145764938177308e-06,attack,no
100,1,0,5.715002426460124e-07,-14.375003814697266,-3.4570634852570947e-06,attack,no
101,1,0,3.9278615344062223e-07,-14.750003814697266,-3.6954811548639555e-06,attack,no
102,1,0,6.475947982022762e-07,-14.25000286102295,-2.861018856492592e-06,attack,no
103,1,0,1.7603430034743915e-06,-13.250004768371582,-4.6491513785440475e-06,attack,no
104,1,0,1.2751899728072404e-07,-15.875006675720215,-6.318072337307967e-06,attack,no
105,1,0,8.315283250305683e-07,-14.000004768371582,-5.125986263010418e-06,attack,no
106,1,0,1.1478772231086046e-05,-11.37501335144043,-1.3708974620385561e-05,attack,no
107,1,0,7.338208930421942e-07,-14.125003814697266,-3.6954811548639555e-06,attack,no
108,1,0,1.3709572068422585e-06,-13.500004768371582,-4.768360213347478e-06,attack,no
109,1,0,1.0677028700397769e-06,-13.75000286102295,-2.861018856492592e-06,attack,no
110,1,0,2.2603240284042356e-06,-13.000006675720215,-6.556489552167477e-06,attack,no
111,1,0,7.338211554758494e-07,-14.125003814697266,-4.0531076592742465e-06,attack,no
112,1,0,3.466326624322211e-07,-14.87500286102295,-2.9802276912960224e-06,attack,no
113,1,0,1.0129987357158385e-05,-11.500014305114746,-1.3947389561508317e-05,attack,no
114,1,0,2.699577130944368e-07,-15.125003814697266,-3.576272320060525e-06,attack,no
115,1,0,7.338211554725123e-07,-14.125004768371582,-5.006777428206988e-06,attack,no
116,1,1,0.9890130572580872,-0.01104880403727293,-4.511048793792725,attack,yes
117,1,0,2.5612825160667416e-06,-12.875003814697266,-3.933898824470816e-06,attack,no
118,1,0,7.338207180838066e-07,-14.125004768371582,-4.410734163684538e-06,attack,no
119,1,0,5.715004470313855e-07,-14.37500286102295,-2.861018856492592e-06,attack,no
120,1,0,2.5612812947380135e-06,-12.875005722045898,-5.364403477869928e-06,attack,no
121,1,0,2.3823690999236792e-07,-15.25000286102295,-2.861018856492592e-06,attack,no
122,1,0,2.56128129470773e-06,-12.875007629394531,-7.271740287251305e-06,attack,no
123,1,0,8.939694171997813e-06,-11.625018119812012,-1.7881233361549675e-05,attack,no
124,1,0,9.42244930849811e-07,-13.875007629394531,-7.986990567587782e-06,attack,no
125,1,0,1.7603438428564603e-06,-13.250005722045898,-6.079655122448457e-06,attack,no
126,1,0,9.93118503859575e-08,-16.125003814697266,-2.9802276912960224e-06,attack,no
127,1,0,9.422450431912e-07,-13.875004768371582,-5.245195097813848e-06,attack,no
128,1,0,1.76034279361833e-06,-13.250005722045898,-5.483612312673358e-06,attack,no
129,1,0,6.475948753965404e-07,-14.250004768371582,-4.887569048150908e-06,attack,no
130,1,0,1.0677031245990086e-06,-13.75000286102295,-3.099436753473128e-06,attack,no
131,1,0,1.06770248817616e-06,-13.750007629394531,-7.271740287251305e-06,attack,no
132,1,0,2.1024334103505248e-07,-15.37500286102295,-2.861018856492592e-06,attack,no
133,1,0,8.315279285251204e-07,-14.000005722045898,-5.602820692729438e-06,attack,no
134,1,0,4.785094494672519e-06,-12.250009536743164,-9.536697689327411e-06,attack,no
135,1,0,1.0129988564845376e-05,-11.50001335144043,-1.3112935448589269e-05,attack,no
136,1,0,1.99472995928244e-06,-13.125005722045898,-5.8412379075889476e-06,attack,no
137,1,0,3.466325797878046e-07,-14.875003814697266,-3.6954811548639555e-06,attack,no
138,1,0,9.931198061405701e-08,-16.125001907348633,-2.3841830625315197e-06,attack,no
139,1,0,7.338211554758494e-07,-14.125003814697266,-4.0531076592742465e-06,attack,no
140,1,0,1.3709576971316842e-06,-13.500004768371582,-5.125986263010418e-06,attack,no
141,1,0,1.6701421843720574e-05,-11.000022888183594,-2.288792165927589e-05,attack,no
142,1,0,0.0002611904035430805,-8.250261306762695,-0.0002616301644593477,attack,no
143,1,0,6.144172404643493e-06,-12.000009536743164,-9.179073458653875e-06,attack,no
144,1,0,2.56128160003316e-06,-12.875007629394531,-7.390948667307384e-06,attack,no
145,1,0,1.994729959293325e-06,-13.125004768371582,-4.887569048150908e-06,attack,no
146,1,0,3.4663278639833103e-07,-14.875001907348633,-2.3841830625315197e-06,attack,no
147,1,0,2.6995780963846126e-07,-15.125003814697266,-3.933898824470816e-06,attack,no
148,1,0,5.043474081977821e-07,-14.500003814697266,-3.814689989667386e-06,attack,no
149,1,0,2.699578418185828e-07,-15.125004768371582,-5.006777428206988e-06,attack,no
150,1,0,1.0677028700320083e-06,-13.750004768371582,-4.768360213347478e-06,attack,no
151,1,0,3.4663253846718004e-07,-14.87500286102295,-2.622600959512056e-06,attack,no
152,1,0,3.0590219045716434e-07,-15.000003814697266,-3.6954811548639555e-06,attack,no
153,1,0,6.475950297993788e-07,-14.25000286102295,-3.2186455882765586e-06,attack,no
154,1,0,2.5612828213142803e-06,-12.875008583068848,-8.821448318485636e-06,attack,no
155,1,0,1.994730197081392e-06,-13.125004768371582,-5.006777428206988e-06,attack,no
156,1,0,8.315283250343497e-07,-14.000003814697266,-4.172316494077677e-06,attack,no
157,1,0,1.5534979397677315e-06,-13.375004768371582,-4.887569048150908e-06,attack,no
158,1,0,0.11920292515117029,-2.1269283294677734,-0.12692835927009583,attack,no
159,1,0,2.9023123311425104e-06,-12.750005722045898,-5.8412379075889476e-06,attack,no
160,1,0,4.222832941142044e-06,-12.375007629394531,-7.510157047363464e-06,attack,no
161,1,0,4.450849988780466e-07,-14.625004768371582,-4.6491513785440475e-06,attack,no
162,1,0,7.338207180884784e-07,-14.12500286102295,-2.50339189733495e-06,attack,no
163,1,0,1.8553910183607377e-07,-15.50000286102295,-2.861018856492592e-06,attack,no
164,1,0,4.785093353909723e-06,-12.250007629394531,-7.390948667307384e-06,attack,no
165,1,0,1.370957860567974e-06,-13.500003814697266,-4.291525328881107e-06,attack,no
166,1,0,2.1024339116082313e-07,-15.37500286102295,-3.099436753473128e-06,attack,no
167,1,0,5.315786872875866e-08,-16.750003814697266,-4.172316494077677e-06,attack,no
168,1,0,5.715005151574337e-07,-14.375003814697266,-3.933898824470816e-06,attack,no
169,1,0,0.0019267345227375813,-6.251928806304932,-0.0019287331961095333,attack,no
170,1,0,1.994729959270648e-06,-13.125006675720215,-6.794906312279636e-06,attack,no
171,1,0,5.043474081977821e-07,-14.500003814697266,-3.814689989667386e-06,attack,no
172,1,0,2.9023116391978962e-06,-12.750004768371582,-4.6491513785440475e-06,attack,no
173,1,0,1.994729483715462e-06,-13.125004768371582,-4.6491513785440475e-06,attack,no
174,1,0,0.00026119031012052904,-8.250262260437012,-0.00026222606538794935,attack,no
175,1,0,5.043474081902135e-07,-14.500006675720215,-6.6756979322235566e-06,attack,no
176,1,0,9.422443692527586e-07,-13.875003814697266,-3.576272320060525e-06,attack,no
177,1,0,2.6995787400282076e-07,-15.125001907348633,-2.264974000354414e-06,attack,no
178,1,0,1.0677024881941248e-06,-13.750004768371582,-4.410734163684538e-06,attack,no
179,1,0,0.00010889692235068753,-9.125109672546387,-0.00010978573118336499,attack,no
180,1,0,6.475951069961737e-07,-14.250003814697266,-4.291525328881107e-06,attack,no
181,1,0,5.42221767702889e-06,-12.125009536743164,-9.298280929215252e-06,attack,no
182,1,0,4.785095065171523e-06,-12.250007629394531,-7.748573807475623e-06,attack,no
183,1,0,1.370957860567974e-06,-13.500003814697266,-4.291525328881107e-06,attack,no
184,1,0,1.4449803818192768e-07,-15.750001907348633,-2.145764938177308e-06,attack,no
185,1,0,6.475947982022762e-07,-14.25000286102295,-2.861018856492592e-06,attack,no
186,1,0,3.7266383956340114e-06,-12.500005722045898,-5.483612312673358e-06,attack,no
187,1,0,8.939695238089464e-06,-11.625015258789062,-1.5139465176616795e-05,attack,no
188,1,0,5.043476486902203e-07,-14.50000286102295,-3.3378546504536644e-06,attack,no
189,1,0,4.785093353909723e-06,-12.250007629394531,-7.390948667307384e-06,attack,no
190,1,0,1.2098653950403334e-06,-13.625007629394531,-7.390948667307384e-06,attack,no
191,1,0,2.699577774546607e-07,-15.125005722045898,-5.722029527532868e-06,attack,no
192,1,0,8.315282258900086e-07,-14.000007629394531,-7.867782187531702e-06,attack,no
193,1,0,8.939700566907275e-06,-11.625011444091797,-1.1920858014491387e-05,attack,no
194,1,0,3.9278615344062223e-07,-14.750003814697266,-3.6954811548639555e-06,attack,no
195,1,0,1.637376276909393e-07,-15.625003814697266,-3.4570634852570947e-06,attack,no
196,1,0,5.422220262555012e-06,-12.125008583068848,-8.821448318485636e-06,attack,no
197,1,0,1.209865827740176e-06,-13.625004768371582,-4.887569048150908e-06,attack,no
198,1,0,1.7603440527286572e-06,-13.25000286102295,-3.3378546504536644e-06,attack,no
199,1,0,1.994730197090463e-06,-13.125003814697266,-4.0531076592742465e-06,attack,no
200,1,0,1.1478765389222571e-05,-11.375014305114746,-1.4066597032069694e-05,attack,no
201,1,0,1.3709572068354011e-06,-13.500005722045898,-5.722029527532868e-06,attack,no
202,1,0,3.059021904559123e-07,-15.000004768371582,-4.6491513785440475e-06,attack,no
203,1,0,6.96225873973973e-06,-11.875008583068848,-8.940656698541716e-06,attack,no
204,1,0,1.2751910369310196e-07,-15.875001907348633,-2.3841830625315197e-06,attack,no
205,1,0,4.006370652227854e-05,-10.125041007995605,-4.136476854910143e-05,attack,no
206,1,0,9.422450431912e-07,-13.875004768371582,-5.245195097813848e-06,attack,no
207,1,0,5.715007195447233e-07,-14.375001907348633,-2.3841830625315197e-06,attack,no
208,1,0,2.3823696679040837e-07,-15.250004768371582,-5.006777428206988e-06,attack,no
209,1,0,1.6373772528677946e-07,-15.625001907348633,-2.145764938177308e-06,attack,no
210,1,0,1.9947290081286418e-06,-13.125005722045898,-5.364403477869928e-06,attack,no
211,1,0,4.222835458148261e-06,-12.375006675720215,-7.152531907195225e-06,attack,no
212,1,0,9.422447062240615e-07,-13.875003814697266,-3.933898824470816e-06,attack,no
213,1,0,3.4663278639833103e-07,-14.875001907348633,-2.3841830625315197e-06,attack,no
214,1,0,0.0005527785521546823,-7.500554084777832,-0.0005539313424378633,attack,no
215,1,0,2.1024326584639497e-07,-15.37500286102295,-2.50339189733495e-06,attack,no
216,1,0,3.288749065310943e-06,-12.625009536743164,-9.536697689327411e-06,attack,no
217,1,0,1.6701425826829356e-05,-11.000019073486328,-1.9311717551317997e-05,attack,no
218,1,0,4.4508505193791187e-07,-14.625003814697266,-3.814689989667386e-06,attack,no
219,1,0,6.825606165129312e-08,-16.500001907348633,-2.3841830625315197e-06,attack,no
220,1,0,3.0590215399183813e-07,-15.00000286102295,-2.622600959512056e-06,attack,no
221,1,0,2.699577130944368e-07,-15.125003814697266,-3.576272320060525e-06,attack,no
222,1,0,1.0129988564974359e-05,-11.500012397766113,-1.2159273865108844e-05,attack,no
223,1,0,1.1253506814797596e-07,-16.000003814697266,-2.9802276912960224e-06,attack,no
224,1,0,2.1024334103505248e-07,-15.37500286102295,-2.861018856492592e-06,attack,no
225,1,0,8.315278294038927e-07,-14.000004768371582,-4.529942543740617e-06,attack,no
226,1,0,3.927862939113311e-07,-14.750003814697266,-4.0531076592742465e-06,attack,no
227,1,0,4.006368264122625e-05,-10.125042915344238,-4.2676016164477915e-05,attack,no
228,1,0,1.06770248817616e-06,-13.750007629394531,-7.271740287251305e-06,attack,no
229,1,0,1.370957860567974e-06,-13.500003814697266,-4.291525328881107e-06,attack,no
230,1,0,2.2603240284165705e-06,-13.000005722045898,-5.602820692729438e-06,attack,no
231,1,0,4.785096206047877e-06,-12.250006675720215,-7.033323527139146e-06,attack,no
232,1,0,2.699577774579753e-07,-15.12500286102295,-2.861018856492592e-06,attack,no
233,1,0,1.3709572068179446e-06,-13.500007629394531,-7.629365427419543e-06,attack,no
234,1,0,2.4300246527928213e-05,-10.62502670288086,-2.6940935640595853e-05,attack,no
235,1,0,1.1478769494396542e-05,-11.37501335144043,-1.3470558769768104e-05,attack,no
236,1,0,6.475948753965404e-07,-14.250004768371582,-4.887569048150908e-06,attack,no
237,1,0,3.4663270375278157e-07,-14.875003814697266,-4.0531076592742465e-06,attack,no
238,1,0,4.222834954687753e-06,-12.375008583068848,-8.940656698541716e-06,attack,no
239,1,0,5.715004470313855e-07,-14.37500286102295,-2.861018856492592e-06,attack,no
240,1,0,1.8553903548231313e-07,-15.50000286102295,-2.50339189733495e-06,attack,no
241,1,0,1.5534984953382988e-06,-13.375004768371582,-5.245195097813848e-06,attack,no
242,1,0,1.1253521571574156e-07,-16.000001907348633,-2.3841830625315197e-06,attack,no
243,1,0,8.939695238439078e-06,-11.625012397766113,-1.2278481335670222e-05,attack,no
244,1,0,3.4663278639833103e-07,-14.875001907348633,-2.3841830625315197e-06,attack,no
245,1,0,1.4738976701170414e-05,-11.125018119812012,-1.7762025890988298e-05,attack,no
246,1,0,3.7266388398585725e-06,-12.500006675720215,-6.556489552167477e-06,attack,no
247,1,0,8.31528027658082e-07,-14.000003814697266,-3.814689989667386e-06,attack,no
248,1,0,6.475945665977468e-07,-14.250005722045898,-5.364403477869928e-06,attack,no
249,1,0,3.7266388398585725e-06,-12.500006675720215,-6.556489552167477e-06,attack,no
250,1,0,3.4663270375278157e-07,-14.875003814697266,-4.0531076592742465e-06,attack,no
251,1,0,3.0590233632073814e-07,-15.000004768371582,-5.125986263010418e-06,attack,no
252,1,0,7.338207180838066e-07,-14.125004768371582,-4.410734163684538e-06,attack,no
253,1,0,7.73442130891472e-08,-16.375001907348633,-1.9073468138230965e-06,attack,no
254,1,0,1.7603430034559798e-06,-13.250006675720215,-6.556489552167477e-06,attack,no
255,1,0,8.764244316973974e-08,-16.250001907348633,-1.5497195136049413e-06,attack,no
256,1,0,1.7603432133296776e-06,-13.250003814697266,-3.814689989667386e-06,attack,no
257,1,0,1.9947290081286418e-06,-13.125005722045898,-5.364403477869928e-06,attack,no
258,1,0,3.466326211113502e-07,-14.875001907348633,-1.9073468138230965e-06,attack,no
259,1,0,7.338213304243303e-07,-14.125005722045898,-6.198863957251888e-06,attack,no
260,1,0,2.2603242977308913e-06,-13.000012397766113,-1.2397689715726301e-05,attack,no
261,1,0,7.338208055579897e-07,-14.125005722045898,-5.483612312673358e-06,attack,no
262,1,0,9.422450431800594e-07,-13.875006675720215,-7.152531907195225e-06,attack,no
263,1,0,4.222832941034506e-06,-12.37501049041748,-1.0371154530730564e-05,attack,no
264,1,0,5.42221832352496e-06,-12.125006675720215,-6.556489552167477e-06,attack,no
265,1,0,1.5534971990070483e-06,-13.375004768371582,-4.410734163684538e-06,attack,no
266,1,0,7.338208055579897e-07,-14.125005722045898,-5.483612312673358e-06,attack,no
267,1,0,9.422447062240615e-07,-13.875003814697266,-3.933898824470816e-06,attack,no
268,1,0,2.3823699519290045e-07,-15.250001907348633,-2.264974000354414e-06,attack,no
269,1,0,1.7603438428564603e-06,-13.250005722045898,-6.079655122448457e-06,attack,no
270,1,0,1.3709572068422585e-06,-13.500004768371582,-4.768360213347478e-06,attack,no
271,1,0,2.430023204270604e-05,-10.625029563903809,-2.9205850296420977e-05,attack,no
272,1,0,6.475950297993788e-07,-14.25000286102295,-3.2186455882765586e-06,attack,no
273,1,0,7.338213304343414e-07,-14.12500286102295,-3.3378546504536644e-06,attack,no
274,1,0,9.931192141821757e-08,-16.1250057220459,-5.602820692729438e-06,attack,no
275,1,0,1.5534979397677315e-06,-13.375004768371582,-4.887569048150908e-06,attack,no
276,1,0,3.927862939113311e-07,-14.750003814697266,-4.0531076592742465e-06,attack,no
277,1,0,9.422443692527586e-07,-13.875003814697266,-3.576272320060525e-06,attack,no
278,1,0,3.927862470890063e-07,-14.75000286102295,-2.9802276912960224e-06,attack,no
279,1,0,1.7603425837494853e-06,-13.250007629394531,-7.271740287251305e-06,attack,no
280,1,0,1.209865827740176e-06,-13.625004768371582,-4.887569048150908e-06,attack,no
281,1,0,1.444980209560942e-07,-15.75000286102295,-2.9802276912960224e-06,attack,no
282,1,0,3.4663274507287414e-07,-14.875004768371582,-5.125986263010418e-06,attack,no
283,1,0,2.699576809121209e-07,-15.125004768371582,-4.410734163684538e-06,attack,no
284,1,0,8.315281267581578e-07,-14.000008583068848,-8.702239938429557e-06,attack,no
285,1,0,1.8553907971855875e-07,-15.500001907348633,-1.7881377516459906e-06,attack,no
286,1,0,5.715002426410745e-07,-14.375005722045898,-5.364403477869928e-06,attack,no
287,1,0,5.043475284447895e-07,-14.50000286102295,-3.099436753473128e-06,attack,no
288,1,0,1.7603438428660665e-06,-13.250004768371582,-5.125986263010418e-06,attack,no
289,1,0,1.7603427936335398e-06,-13.250003814697266,-3.576272320060525e-06,attack,no
290,1,0,5.043475284447895e-07,-14.50000286102295,-3.099436753473128e-06,attack,no
291,1,0,5.315788773977435e-08,-16.750001907348633,-2.622600959512056e-06,attack,no
292,1,0,6.825600469412534e-08,-16.500001907348633,-1.5497195136049413e-06,attack,no
293,1,0,1.275190428866973e-07,-15.875003814697266,-3.814689989667386e-06,attack,no
294,1,0,3.9278615343901467e-07,-14.750004768371582,-4.6491513785440475e-06,attack,no
295,1,0,5.715005151574337e-07,-14.375003814697266,-3.933898824470816e-06,attack,no
296,1,0,4.4508494581252043e-07,-14.625007629394531,-7.390948667307384e-06,attack,no
297,1,0,5.043476486902203e-07,-14.50000286102295,-3.3378546504536644e-06,attack,no
298,1,0,1.5534979397394736e-06,-13.375007629394531,-7.748573807475623e-06,attack,no
299,1,0,1.3709572068354011e-06,-13.500005722045898,-5.722029527532868e-06,attack,no
300,1,0,9.422443692527586e-07,-13.875003814697266,-3.576272320060525e-06,attack,no
301,1,0,1.670142184475347e-05,-11.000020027160645,-2.002696055569686e-05,attack,no
302,1,1,0.9914225147763652,-0.008614994585514069,-4.758615016937256,attack,yes
303,1,0,2.699577130944368e-07,-15.125003814697266,-3.576272320060525e-06,attack,no
304,1,0,7.338211554758494e-07,-14.125003814697266,-4.0531076592742465e-06,attack,no
305,1,0,9.422445939002807e-07,-13.875003814697266,-3.814689989667386e-06,attack,no
306,1,0,1.370957860567974e-06,-13.500003814697266,-4.291525328881107e-06,attack,no
307,1,0,3.7266388398060374e-06,-12.500008583068848,-8.4638240878121e-06,attack,no
308,1,0,6.475948753991907e-07,-14.250003814697266,-3.933898824470816e-06,attack,no
309,1,0,2.3823693839154893e-07,-15.250003814697266,-3.933898824470816e-06,attack,no
310,1,0,1.553497754583709e-06,-13.375003814697266,-3.814689989667386e-06,attack,no
311,1,0,2.2603240284042356e-06,-13.000006675720215,-6.556489552167477e-06,attack,no
312,1,0,1.370957043417892e-06,-13.500003814697266,-3.6954811548639555e-06,attack,no
313,1,0,3.4663278639833103e-07,-14.875001907348633,-2.3841830625315197e-06,attack,no
314,1,0,3.466325797878046e-07,-14.875003814697266,-3.6954811548639555e-06,attack,no
315,1,0,5.043475284447895e-07,-14.50000286102295,-3.099436753473128e-06,attack,no
316,1,0,3.72664061681327e-06,-12.500007629394531,-7.986990567587782e-06,attack,no
317,1,0,1.7603438428564603e-06,-13.250005722045898,-6.079655122448457e-06,attack,no
318,1,0,2.3823702359331042e-07,-15.250000953674316,-1.4305104514278355e-06,attack,no
319,1,0,6.144172404643493e-06,-12.000009536743164,-9.179073458653875e-06,attack,no
320,1,0,2.3823699519290045e-07,-15.250001907348633,-2.264974000354414e-06,attack,no
321,1,0,1.994729483715462e-06,-13.125004768371582,-4.6491513785440475e-06,attack,no
322,1,0,6.475945666033421e-07,-14.250003814697266,-3.4570634852570947e-06,attack,no
323,1,0,6.96225873967641e-06,-11.875009536743164,-9.894321920000948e-06,attack,no
324,1,0,6.144175334468544e-06,-12.000007629394531,-7.748573807475623e-06,attack,no
325,1,0,0.00013982207425580328,-8.875141143798828,-0.0001411338453181088,attack,no
326,1,0,1.2098661161982044e-06,-13.625003814697266,-4.172316494077677e-06,attack,no
327,1,0,3.7266383956340114e-06,-12.500005722045898,-5.483612312673358e-06,attack,no
328,1,0,9.610242648972628e-05,-9.25009822845459,-9.83428253675811e-05,attack,no
329,1,0,1.5534979397394736e-06,-13.375007629394531,-7.748573807475623e-06,attack,no
330,1,0,1.9947306726684962e-06,-13.125003814697266,-4.291525328881107e-06,attack,no
331,1,0,2.902313023117645e-06,-12.750004768371582,-5.125986263010418e-06,attack,no
332,1,0,1.0677029973056687e-06,-13.750005722045898,-5.8412379075889476e-06,attack,no
333,1,0,1.209865827740176e-06,-13.625004768371582,-4.887569048150908e-06,attack,no
334,1,0,7.338213304243303e-07,-14.125005722045898,-6.198863957251888e-06,attack,no
335,1,0,2.260324028437128e-06,-13.000003814697266,-3.6954811548639555e-06,attack,no
336,1,0,6.144172404643493e-06,-12.000009536743164,-9.179073458653875e-06,attack,no
337,1,0,9.422449308748772e-07,-13.87500286102295,-3.2186455882765586e-06,attack,no
338,1,0,5.043474081977821e-07,-14.500003814697266,-3.814689989667386e-06,attack,no
339,1,0,0.00015843616044940593,-8.75015926361084,-0.00015889335190877318,attack,no
340,1,0,3.2887490653647827e-06,-12.625007629394531,-7.629365427419543e-06,attack,no
341,1,0,2.5612816000646084e-06,-12.875005722045898,-5.483612312673358e-06,attack,no
342,1,0,2.56128129470773e-06,-12.875007629394531,-7.271740287251305e-06,attack,no
343,1,0,1.3709573702822303e-06,-13.50000286102295,-2.9802276912960224e-06,attack,no
344,1,0,2.382368247909451e-07,-15.250004768371582,-4.410734163684538e-06,attack,no
345,1,0,1.2751907329024393e-07,-15.875001907348633,-2.145764938177308e-06,attack,no
346,1,0,1.7603438428564603e-06,-13.250005722045898,-6.079655122448457e-06,attack,no
347,1,0,1.9947290080905435e-06,-13.125008583068848,-8.22540732769994e-06,attack,no
348,1,0,0.0007096704738567501,-7.2507100105285645,-0.0007101159426383674,attack,no
349,1,0,4.785095065171523e-06,-12.250007629394531,-7.748573807475623e-06,attack,no
350,1,0,3.726637951367136e-06,-12.500006675720215,-6.318072337307967e-06,attack,no
351,1,0,7.889264466545779e-06,-11.750012397766113,-1.2636104656849056e-05,attack,no
352,1,0,2.699578418185828e-07,-15.125004768371582,-5.006777428206988e-06,attack,no
353,1,0,1.370956716557996e-06,-13.500003814697266,-3.4570634852570947e-06,attack,no
354,1,0,5.715006514074756e-07,-14.375005722045898,-6.079655122448457e-06,attack,no
355,1,0,5.1442213663611834e-05,-9.875055313110352,-5.531158240046352e-05,attack,no
356,1,0,1.2098659719716573e-06,-13.625003814697266,-4.0531076592742465e-06,attack,no
357,1,0,8.315283250343497e-07,-14.000003814697266,-4.172316494077677e-06,attack,no
358,1,0,5.043474081977821e-07,-14.500003814697266,-3.814689989667386e-06,attack,no
359,1,0,5.715007195410849e-07,-14.375003814697266,-4.291525328881107e-06,attack,no
360,1,0,6.475949526020043e-07,-14.250001907348633,-2.145764938177308e-06,attack,no
361,1,0,1.3007125364086207e-05,-11.250014305114746,-1.4066597032069694e-05,attack,no
362,1,0,6.475947982022762e-07,-14.25000286102295,-2.861018856492592e-06,attack,no
363,1,0,3.059021175162223e-07,-15.000008583068848,-8.22540732769994e-06,attack,no
364,1,0,4.785096205717126e-06,-12.25001335144043,-1.3708974620385561e-05,attack,no
365,1,0,1.7603440527286572e-06,-13.25000286102295,-3.3378546504536644e-06,attack,no
366,1,0,3.9278615343901467e-07,-14.750004768371582,-4.6491513785440475e-06,attack,no
367,1,0,2.382368247832531e-07,-15.250009536743164,-9.179073458653875e-06,attack,no
368,1,0,1.994729483715462e-06,-13.125004768371582,-4.6491513785440475e-06,attack,no
369,1,0,4.4508526417176896e-07,-14.62500286102295,-3.3378546504536644e-06,attack,no
370,1,0,3.4663257978638593e-07,-14.875004768371582,-4.6491513785440475e-06,attack,no
371,1,0,1.0677027427413698e-06,-13.750006675720215,-6.556489552167477e-06,attack,no
372,1,0,1.6373772528677946e-07,-15.625001907348633,-2.145764938177308e-06,attack,no
373,1,0,1.209865827740176e-06,-13.625004768371582,-4.887569048150908e-06,attack,no
374,1,0,1.7603438428660665e-06,-13.250004768371582,-5.125986263010418e-06,attack,no
375,1,0,1.9947306726684962e-06,-13.125003814697266,-4.291525328881107e-06,attack,no
376,1,0,8.315279285251204e-07,-14.000005722045898,-5.602820692729438e-06,attack,no
377,1,0,3.4663270375278157e-07,-14.875003814697266,-4.0531076592742465e-06,attack,no
378,1,0,1.3709572068354011e-06,-13.500005722045898,-5.722029527532868e-06,attack,no
379,1,0,1.7603430034559798e-06,-13.250006675720215,-6.556489552167477e-06,attack,no
380,1,0,2.4300232045225487e-05,-10.625025749206543,-2.539125671319198e-05,attack,no
381,1,0,1.0677029973056687e-06,-13.750005722045898,-5.8412379075889476e-06,attack,no
382,1,0,3.2887502415617882e-06,-12.625004768371582,-5.125986263010418e-06,attack,no
383,1,0,1.4449800373098553e-07,-15.750001907348633,-1.9073468138230965e-06,attack,no
384,1,0,5.715007195410849e-07,-14.375003814697266,-4.291525328881107e-06,attack,no
385,1,0,2.699577130957872e-07,-15.125001907348633,-1.6689286894688848e-06,attack,no
386,1,0,8.315278294097537e-07,-14.00000286102295,-2.622600959512056e-06,attack,no
387,1,0,1.0677028700320083e-06,-13.750004768371582,-4.768360213347478e-06,attack,no
388,1,0,2.5612825160271403e-06,-12.875006675720215,-6.794906312279636e-06,attack,no
389,1,0,3.9278615343901467e-07,-14.750004768371582,-4.6491513785440475e-06,attack,no
390,1,0,2.6995784182073116e-07,-15.12500286102295,-3.099436753473128e-06,attack,no
391,1,0,4.785094494672519e-06,-12.250009536743164,-9.536697689327411e-06,attack,no
392,1,0,1.5534984953510149e-06,-13.37500286102295,-3.3378546504536644e-06,attack,no
393,1,0,6.144172404520557e-06,-12.000011444091797,-1.1086402082582936e-05,attack,no
394,1,0,1.1253509497617547e-07,-16.00000762939453,-7.033323527139146e-06,attack,no
395,1,0,1.4738980215352592e-05,-11.125017166137695,-1.7046782886609435e-05,attack,no
396,1,0,2.3823685319076594e-07,-15.250004768371582,-4.529942543740617e-06,attack,no
397,1,0,3.9278610661545617e-07,-14.750004768371582,-4.529942543740617e-06,attack,no
398,1,0,3.466325797878046e-07,-14.875003814697266,-3.6954811548639555e-06,attack,no
399,1,0,5.144221980317192e-05,-9.875052452087402,-5.2569914259947836e-05,attack,no
400,1,0,3.059022633906118e-07,-15.00000286102295,-2.9802276912960224e-06,attack,no
401,1,0,1.44497986505189e-07,-15.75000286102295,-2.7418097943154862e-06,attack,no
402,1,0,2.3823685319174098e-07,-15.250003814697266,-3.576272320060525e-06,attack,no
403,1,0,6.144174601935314e-06,-12.000009536743164,-9.536697689327411e-06,attack,no
404,1,0,3.2887506335697225e-06,-12.625006675720215,-7.152531907195225e-06,attack,no
405,1,0,2.2603245673279107e-06,-13.000004768371582,-4.887569048150908e-06,attack,no
406,1,0,4.450848927637999e-07,-14.625003814697266,-3.4570634852570947e-06,attack,no
407,1,0,2.1444953527476883e-05,-10.75002384185791,-2.407998726994265e-05,attack,no
408,1,0,1.4449800373098553e-07,-15.750001907348633,-1.9073468138230965e-06,attack,no
409,1,0,6.825597214691097e-08,-16.500003814697266,-2.9802276912960224e-06,attack,no
410,1,0,2.382369667923043e-07,-15.25000286102295,-3.099436753473128e-06,attack,no
411,1,0,9.422445939002807e-07,-13.875003814697266,-3.814689989667386e-06,attack,no
412,1,0,2.260324836787226e-06,-13.000003814697266,-4.0531076592742465e-06,attack,no
413,1,0,9.422450431954848e-07,-13.875003814697266,-4.291525328881107e-06,attack,no
414,1,0,7.484620051899522e-05,-9.500078201293945,-7.784063927829266e-05,attack,no
415,1,0,8.315278294038927e-07,-14.000004768371582,-4.529942543740617e-06,attack,no
416,1,0,1.5534979397677315e-06,-13.375004768371582,-4.887569048150908e-06,attack,no
417,1,0,3.4663253846718004e-07,-14.87500286102295,-2.622600959512056e-06,attack,no
418,1,0,1.994730197081392e-06,-13.125004768371582,-5.006777428206988e-06,attack,no
419,1,0,4.222834451382848e-06,-12.375005722045898,-5.960446742392378e-06,attack,no
420,1,0,3.059022998576898e-07,-15.000001907348633,-2.145764938177308e-06,attack,no
421,1,0,7.338207180838066e-07,-14.125004768371582,-4.410734163684538e-06,attack,no
422,1,0,1.5534979397677315e-06,-13.375004768371582,-4.887569048150908e-06,attack,no
423,1,0,3.927862470890063e-07,-14.75000286102295,-2.9802276912960224e-06,attack,no
424,1,0,4.785093924362895e-06,-12.250006675720215,-6.556489552167477e-06,attack,no
425,1,0,4.450852111148132e-07,-14.625001907348633,-2.264974000354414e-06,attack,no
426,1,0,8.764254764749753e-08,-16.250001907348633,-2.7418097943154862e-06,attack,no
427,1,0,1.06770248817616e-06,-13.750007629394531,-7.271740287251305e-06,attack,no
428,1,0,3.466325797878046e-07,-14.875003814697266,-3.6954811548639555e-06,attack,no
429,1,0,2.1024331597262574e-07,-15.375001907348633,-1.7881377516459906e-06,attack,no
430,1,0,2.6995771309333195e-07,-15.125004768371582,-4.529942543740617e-06,attack,no
431,1,0,2.382369667923043e-07,-15.25000286102295,-3.099436753473128e-06,attack,no
432,1,0,0.00033535011157750683,-8.000335693359375,-0.00033563701435923576,attack,no
433,1,0,3.2887490653872164e-06,-12.625006675720215,-6.6756979322235566e-06,attack,no
434,1,0,3.4663257978638593e-07,-14.875004768371582,-4.6491513785440475e-06,attack,no
435,1,1,0.679178699175393,-0.3868715763092041,-1.136871576309204,attack,yes
436,1,0,6.475950297993788e-07,-14.25000286102295,-3.2186455882765586e-06,attack,no
437,1,0,2.9023119851266288e-06,-12.750007629394531,-7.629365427419543e-06,attack,no
438,1,0,1.0677028700320083e-06,-13.750004768371582,-4.768360213347478e-06,attack,no
439,1,0,3.927862939113311e-07,-14.750003814697266,-4.0531076592742465e-06,attack,no
440,1,0,1.63737666727392e-07,-15.625005722045898,-5.602820692729438e-06,attack,no
441,1,0,1.8553903548231313e-07,-15.50000286102295,-2.50339189733495e-06,attack,no
442,1,0,5.715002426460124e-07,-14.375003814697266,-3.4570634852570947e-06,attack,no
443,1,0,6.475947982022762e-07,-14.25000286102295,-2.861018856492592e-06,attack,no
444,1,0,4.450849988811838e-07,-14.62500286102295,-2.7418097943154862e-06,attack,no
445,1,0,5.043473480643696e-07,-14.500007629394531,-7.510157047363464e-06,attack,no
446,1,0,3.4663274507563266e-07,-14.87500286102295,-3.2186455882765586e-06,attack,no
447,1,0,1.1253525596134565e-07,-16.000001907348633,-2.7418097943154862e-06,attack,no
448,1,0,5.715005151485975e-07,-14.375006675720215,-6.794906312279636e-06,attack,no
449,1,0,7.338207180884784e-07,-14.12500286102295,-2.50339189733495e-06,attack,no
450,1,0,1.0677033791583005e-06,-13.75000286102295,-3.3378546504536644e-06,attack,no
451,1,0,3.4663270375483075e-07,-14.875001907348633,-2.145764938177308e-06,attack,no
452,1,0,4.222832437497485e-06,-12.37501335144043,-1.3112935448589269e-05,attack,no
453,1,0,8.939694172144161e-06,-11.625017166137695,-1.6927575416048057e-05,attack,no
454,1,0,8.315279285326831e-07,-14.000003814697266,-3.6954811548639555e-06,attack,no
455,1,0,2.260323489435463e-06,-13.00001049041748,-1.0132738680113107e-05,attack,no
456,1,0,8.315283250305683e-07,-14.000004768371582,-5.125986263010418e-06,attack,no
457,1,0,4.4508526417176896e-07,-14.62500286102295,-3.3378546504536644e-06,attack,no
458,1,0,3.2887486732358964e-06,-12.62501049041748,-1.0371154530730564e-05,attack,no
459,1,0,3.120190393896595e-05,-10.375032424926758,-3.218599158572033e-05,attack,no
460,1,0,3.0590219045716434e-07,-15.000003814697266,-3.6954811548639555e-06,attack,no
461,1,0,7.338211554758494e-07,-14.125003814697266,-4.0531076592742465e-06,attack,no
462,1,0,1.760343213322473e-06,-13.250004768371582,-4.768360213347478e-06,attack,no
463,1,0,5.043476486902203e-07,-14.50000286102295,-3.3378546504536644e-06,attack,no
464,1,0,2.144495608327478e-05,-10.750024795532227,-2.5152843591058627e-05,attack,no
465,1,0,8.315283250305683e-07,-14.000004768371582,-5.125986263010418e-06,attack,no
466,1,0,5.043476486860921e-07,-14.500004768371582,-5.245195097813848e-06,attack,no
467,1,0,2.3823693839290315e-07,-15.250001907348633,-2.0265558760002023e-06,attack,no
468,1,0,3.466325797878046e-07,-14.875003814697266,-3.6954811548639555e-06,attack,no
469,1,0,1.2098653950606901e-06,-13.625004768371582,-4.529942543740617e-06,attack,no
470,1,0,2.10243265841519e-07,-15.375007629394531,-7.271740287251305e-06,attack,no
471,1,0,2.9023119851464256e-06,-12.750006675720215,-6.6756979322235566e-06,attack,no
472,1,0,7.338211554725123e-07,-14.125004768371582,-5.006777428206988e-06,attack,no
473,1,0,4.4508505193791187e-07,-14.625003814697266,-3.814689989667386e-06,attack,no
474,1,0,3.726637951367136e-06,-12.500006675720215,-6.318072337307967e-06,attack,no
475,1,0,1.6701421842566163e-05,-11.000025749206543,-2.5748875486897305e-05,attack,no
476,1,0,4.4508526417176896e-07,-14.62500286102295,-3.3378546504536644e-06,attack,no
477,1,0,1.9947306726684962e-06,-13.125003814697266,-4.291525328881107e-06,attack,no
478,1,0,1.44498003730197e-07,-15.750003814697266,-3.814689989667386e-06,attack,no
479,1,0,1.3709572068354011e-06,-13.500005722045898,-5.722029527532868e-06,attack,no
480,1,0,0.0002305067707871677,-8.37523078918457,-0.00023100091493688524,attack,no
481,1,0,9.422443692390472e-07,-13.875006675720215,-6.437280717364047e-06,attack,no
482,1,0,3.0590215399183813e-07,-15.00000286102295,-2.622600959512056e-06,attack,no
483,1,0,2.3823685318827418e-07,-15.250006675720215,-6.437280717364047e-06,attack,no
484,1,0,1.5534979397677315e-06,-13.375004768371582,-4.887569048150908e-06,attack,no
485,1,0,1.0677024881941248e-06,-13.750004768371582,-4.410734163684538e-06,attack,no
486,1,0,7.338207180838066e-07,-14.125004768371582,-4.410734163684538e-06,attack,no
487,1,0,1.553497384196656e-06,-13.375004768371582,-4.529942543740617e-06,attack,no
488,1,0,3.2887490654231094e-06,-12.625004768371582,-4.768360213347478e-06,attack,no
489,1,0,5.043475284382531e-07,-14.500005722045898,-5.960446742392378e-06,attack,no
490,1,0,5.043476486902203e-07,-14.50000286102295,-3.3378546504536644e-06,attack,no
491,1,0,1.209865827740176e-06,-13.625004768371582,-4.887569048150908e-06,attack,no
492,1,0,7.3382080556433e-07,-14.125003814697266,-3.576272320060525e-06,attack,no
493,1,0,7.889260704732132e-06,-11.750012397766113,-1.2159273865108844e-05,attack,no
494,1,0,3.2887506335697225e-06,-12.625006675720215,-7.152531907195225e-06,attack,no
495,1,0,1.3709570433786157e-06,-13.500008583068848,-8.4638240878121e-06,attack,no
496,1,0,5.715005151550947e-07,-14.375004768371582,-4.887569048150908e-06,attack,no
497,1,0,3.120190393590123e-05,-10.375035285949707,-3.504691630951129e-05,attack,no
498,1,0,1.4738976701170414e-05,-11.125018119812012,-1.7762025890988298e-05,attack,no
499,1,0,9.422448185187191e-07,-13.875008583068848,-8.821448318485636e-06,attack,no
500,1,0,1.370957860567974e-06,-13.500003814697266,-4.291525328881107e-06,attack,no
501,1,0,1.3709578605542582e-06,-13.500005722045898,-6.198863957251888e-06,attack,no
502,1,0,2.2603248367656408e-06,-13.000005722045898,-5.960446742392378e-06,attack,no
503,1,0,9.93118503859575e-08,-16.125003814697266,-2.9802276912960224e-06,attack,no
504,1,0,1.3007125363293616e-05,-11.250018119812012,-1.7881233361549675e-05,attack,no
505,1,0,1.209865827740176e-06,-13.625004768371582,-4.887569048150908e-06,attack,no
506,1,0,2.3823685319076594e-07,-15.250004768371582,-4.529942543740617e-06,attack,no
507,1,0,3.9278620026632976e-07,-14.750001907348633,-1.9073468138230965e-06,attack,no
508,1,0,1.6373776432481908e-07,-15.625001907348633,-2.3841830625315197e-06,attack,no
509,1,0,7.3382080556433e-07,-14.125003814697266,-3.576272320060525e-06,attack,no
510,1,0,3.0590219045716434e-07,-15.000003814697266,-3.6954811548639555e-06,attack,no
511,1,0,9.422445939002807e-07,-13.875003814697266,-3.814689989667386e-06,attack,no
512,1,0,2.699577774579753e-07,-15.12500286102295,-2.861018856492592e-06,attack,no
513,1,0,7.734421308872513e-08,-16.375003814697266,-3.814689989667386e-06,attack,no
514,1,0,6.475950297906913e-07,-14.250005722045898,-6.079655122448457e-06,attack,no
515,1,0,2.1024331597262574e-07,-15.375001907348633,-1.7881377516459906e-06,attack,no
516,1,0,1.3709576971316842e-06,-13.500004768371582,-5.125986263010418e-06,attack,no
517,1,0,2.2603253756771736e-06,-13.000004768371582,-5.245195097813848e-06,attack,no
518,1,0,4.7850950652041615e-06,-12.250006675720215,-6.794906312279636e-06,attack,no
519,1,0,9.422450431912e-07,-13.875004768371582,-5.245195097813848e-06,attack,no
520,1,0,1.3709578605542582e-06,-13.500005722045898,-6.198863957251888e-06,attack,no
521,1,0,7.338210680002898e-07,-14.12500286102295,-2.9802276912960224e-06,attack,no
522,1,0,1.76034279361833e-06,-13.250005722045898,-5.483612312673358e-06,attack,no
523,1,0,5.42221767702889e-06,-12.125009536743164,-9.298280929215252e-06,attack,no
524,1,0,5.043474081977821e-07,-14.500003814697266,-3.814689989667386e-06,attack,no
525,1,0,2.6995780963846126e-07,-15.125003814697266,-3.933898824470816e-06,attack,no
526,1,0,2.5612825160422822e-06,-12.875005722045898,-5.8412379075889476e-06,attack,no
527,1,0,9.422445938917109e-07,-13.875005722045898,-5.722029527532868e-06,attack,no
528,1,0,1.5534983101549164e-06,-13.375003814697266,-4.172316494077677e-06,attack,no
529,1,0,3.927863407362516e-07,-14.75000286102295,-3.2186455882765586e-06,attack,no
530,1,0,0.0002034270465415178,-8.500204086303711,-0.0002044230350293219,attack,no
531,1,0,5.422218323448523e-06,-12.125008583068848,-8.4638240878121e-06,attack,no
532,1,0,2.2603251062013478e-06,-13.000006675720215,-7.033323527139146e-06,attack,no
533,1,0,1.994730197090463e-06,-13.125003814697266,-4.0531076592742465e-06,attack,no
534,1,0,1.3709572068422585e-06,-13.500004768371582,-4.768360213347478e-06,attack,no
535,1,0,3.9278615343901467e-07,-14.750004768371582,-4.6491513785440475e-06,attack,no
536,1,0,5.043476486902203e-07,-14.50000286102295,-3.3378546504536644e-06,attack,no
537,1,0,6.475948754028718e-07,-14.250001907348633,-2.0265558760002023e-06,attack,no
538,1,0,3.9278620026632976e-07,-14.750001907348633,-1.9073468138230965e-06,attack,no
539,1,0,4.450850519360903e-07,-14.625004768371582,-4.768360213347478e-06,attack,no
540,1,0,5.043476486860921e-07,-14.500004768371582,-5.245195097813848e-06,attack,no
541,1,0,4.450849988811838e-07,-14.62500286102295,-2.7418097943154862e-06,attack,no
542,1,0,4.222833947960867e-06,-12.375006675720215,-6.794906312279636e-06,attack,no
543,1,0,1.067702997315865e-06,-13.750003814697266,-3.933898824470816e-06,attack,no
544,1,0,0.00020342697378147206,-8.500205039978027,-0.000205018965061754,attack,no
545,1,0,1.9947290080905435e-06,-13.125008583068848,-8.22540732769994e-06,attack,no
546,1,0,5.043475284447895e-07,-14.50000286102295,-3.099436753473128e-06,attack,no
547,1,0,8.481103130257509e-05,-9.375085830688477,-8.570780482841656e-05,attack,no
548,1,0,2.2603240281236263e-06,-13.000017166137695,-1.7046782886609435e-05,attack,no
549,1,0,6.962254589617333e-06,-11.87501335144043,-1.3112935448589269e-05,attack,no
550,1,0,3.059023727903288e-07,-15.000001907348633,-2.3841830625315197e-06,attack,no
551,1,0,4.00637112929524e-05,-10.125043869018555,-4.434487345861271e-05,attack,no
552,1,0,5.043475284447895e-07,-14.50000286102295,-3.099436753473128e-06,attack,no
553,1,0,3.4663278639833103e-07,-14.875001907348633,-2.3841830625315197e-06,attack,no
554,1,0,2.699577130957872e-07,-15.125001907348633,-1.6689286894688848e-06,attack,no
555,1,0,1.3709572068354011e-06,-13.500005722045898,-5.722029527532868e-06,attack,no
556,1,0,3.726640172617307e-06,-12.500005722045898,-5.960446742392378e-06,attack,no
557,1,0,1.8553907971855875e-07,-15.500001907348633,-1.7881377516459906e-06,attack,no
558,1,0,7.3382080556433e-07,-14.125003814697266,-3.576272320060525e-06,attack,no
559,1,0,1.8553905759969634e-07,-15.500003814697266,-3.576272320060525e-06,attack,no
560,1,0,4.222833947862929e-06,-12.375009536743164,-9.65590606938349e-06,attack,no
561,1,0,2.753569110176152e-05,-10.500030517578125,-3.0517112463712692e-05,attack,no
562,1,0,2.260324028372372e-06,-13.000008583068848,-8.4638240878121e-06,attack,no
563,1,0,3.466325797878046e-07,-14.875003814697266,-3.6954811548639555e-06,attack,no
564,1,0,3.0590219045716434e-07,-15.000003814697266,-3.6954811548639555e-06,attack,no
565,1,0,1.3709578605542582e-06,-13.500005722045898,-6.198863957251888e-06,attack,no
566,1,0,8.315277302819206e-07,-14.000003814697266,-3.4570634852570947e-06,attack,no
567,1,0,3.9278620024561e-07,-14.75001049041748,-1.0490362910786644e-05,attack,no
568,1,0,6.475948753991907e-07,-14.250003814697266,-3.933898824470816e-06,attack,no
569,1,0,9.42244481579298e-07,-13.87500286102295,-2.7418097943154862e-06,attack,no
570,1,0,7.734414854792723e-08,-16.375003814697266,-2.9802276912960224e-06,attack,no
571,1,0,4.539786865090791e-05,-10.00004768371582,-4.768258077092469e-05,attack,no
572,1,0,3.4663274507287414e-07,-14.875004768371582,-5.125986263010418e-06,attack,no
573,1,0,9.422443692527586e-07,-13.875003814697266,-3.576272320060525e-06,attack,no
574,1,0,7.338210679949506e-07,-14.125004768371582,-4.887569048150908e-06,attack,no
575,1,0,7.338211554725123e-07,-14.125004768371582,-5.006777428206988e-06,attack,no
576,1,0,1.067702997315865e-06,-13.750003814697266,-3.933898824470816e-06,attack,no
577,1,0,4.222831934156396e-06,-12.375012397766113,-1.2040065485052764e-05,attack,no
578,1,0,3.059021175162223e-07,-15.000008583068848,-8.22540732769994e-06,attack,no
579,1,0,1.553497754583709e-06,-13.375003814697266,-3.814689989667386e-06,attack,no
580,1,0,6.475948753891781e-07,-14.250006675720215,-6.794906312279636e-06,attack,no
581,1,0,4.222832941142044e-06,-12.375007629394531,-7.510157047363464e-06,attack,no
582,1,0,2.2603240284165705e-06,-13.000005722045898,-5.602820692729438e-06,attack,no
583,1,0,5.715002426460124e-07,-14.375003814697266,-3.4570634852570947e-06,attack,no
584,1,0,1.9947290081177566e-06,-13.125006675720215,-6.318072337307967e-06,attack,no
585,1,0,7.338211554801875e-07,-14.125001907348633,-2.145764938177308e-06,attack,no
586,1,0,4.222835458148261e-06,-12.375006675720215,-7.152531907195225e-06,attack,no
587,1,0,3.9278610661822475e-07,-14.75000286102295,-2.622600959512056e-06,attack,no
588,1,0,3.927862470890063e-07,-14.75000286102295,-2.9802276912960224e-06,attack,no
589,1,0,1.44498003730197e-07,-15.750003814697266,-3.814689989667386e-06,attack,no
590,1,0,9.422445939002807e-07,-13.875003814697266,-3.814689989667386e-06,attack,no
591,1,0,3.927863407331258e-07,-14.750004768371582,-5.125986263010418e-06,attack,no
592,1,0,8.315282259117513e-07,-14.00000286102295,-3.099436753473128e-06,attack,no
593,1,0,2.6995780963846126e-07,-15.125003814697266,-3.933898824470816e-06,attack,no
594,1,0,2.6995784182073116e-07,-15.12500286102295,-3.099436753473128e-06,attack,no
595,1,0,6.475947982022762e-07,-14.25000286102295,-2.861018856492592e-06,attack,no
596,1,1,0.9046505286741726,-0.10020668804645538,-2.3502066135406494,attack,yes
597,1,0,5.1442232064142086e-05,-9.875053405761719,-5.376194530981593e-05,attack,no
598,1,0,1.637376862478556e-07,-15.625003814697266,-3.814689989667386e-06,attack,no
599,1,0,2.1024336609724316e-07,-15.375003814697266,-3.933898824470816e-06,attack,no
600,1,0,4.785094494716039e-06,-12.250008583068848,-8.583032467868179e-06,attack,no
601,1,0,1.1478765388711021e-05,-11.375017166137695,-1.6927575416048057e-05,attack,no
602,1,0,6.96225873967641e-06,-11.875009536743164,-9.894321920000948e-06,attack,no
603,1,0,6.475948753991907e-07,-14.250003814697266,-3.933898824470816e-06,attack,no
604,1,0,1.1478769494396542e-05,-11.37501335144043,-1.3470558769768104e-05,attack,no
605,1,0,2.382368247924618e-07,-15.25000286102295,-2.50339189733495e-06,attack,no
606,1,0,5.043476486860921e-07,-14.500004768371582,-5.245195097813848e-06,attack,no
607,1,0,3.4663278639833103e-07,-14.875001907348633,-2.3841830625315197e-06,attack,no
608,1,0,3.059023727903288e-07,-15.000001907348633,-2.3841830625315197e-06,attack,no
609,1,0,3.2887478892684e-06,-12.625005722045898,-5.364403477869928e-06,attack,no
610,1,0,7.889264466545779e-06,-11.750012397766113,-1.2636104656849056e-05,attack,no
611,1,0,2.6995780963846126e-07,-15.125003814697266,-3.933898824470816e-06,attack,no
612,1,0,5.422217030663578e-06,-12.125009536743164,-9.179073458653875e-06,attack,no
613,1,0,3.9278610661822475e-07,-14.75000286102295,-2.622600959512056e-06,attack,no
614,1,0,2.9023112932045342e-06,-12.750005722045898,-5.483612312673358e-06,attack,no
615,1,0,5.043474081977821e-07,-14.500003814697266,-3.814689989667386e-06,attack,no
616,1,0,2.699578418185828e-07,-15.125004768371582,-5.006777428206988e-06,attack,no
617,1,0,0.00013982207427411282,-8.875140190124512,-0.0001401803019689396,attack,no
618,1,0,9.931193325852072e-08,-16.125001907348633,-1.9073468138230965e-06,attack,no
619,1,0,5.043474081977821e-07,-14.500003814697266,-3.814689989667386e-06,attack,no
620,1,0,1.4449795205389778e-07,-15.750003814697266,-3.4570634852570947e-06,attack,no
621,1,0,2.4300237837960777e-05,-10.62502670288086,-2.658331868587993e-05,attack,no
622,1,0,1.76034279361833e-06,-13.250005722045898,-5.483612312673358e-06,attack,no
623,1,0,1.7603438428564603e-06,-13.250005722045898,-6.079655122448457e-06,attack,no
624,1,0,2.1024339116082313e-07,-15.37500286102295,-3.099436753473128e-06,attack,no
625,1,0,3.4663278639833103e-07,-14.875001907348633,-2.3841830625315197e-06,attack,no
626,1,0,1.067702997315865e-06,-13.750003814697266,-3.933898824470816e-06,attack,no
627,1,0,3.927863875599274e-07,-14.75000286102295,-3.3378546504536644e-06,attack,no
628,1,0,7.338209805240732e-07,-14.125001907348633,-1.9073468138230965e-06,attack,no
629,1,0,1.3709572068522336e-06,-13.50000286102295,-2.861018856492592e-06,attack,no
630,1,0,1.1253506814797596e-07,-16.000003814697266,-2.9802276912960224e-06,attack,no
631,1,0,6.825608606148807e-08,-16.500001907348633,-2.7418097943154862e-06,attack,no
632,1,0,7.338211554758494e-07,-14.125003814697266,-4.0531076592742465e-06,attack,no
633,1,0,3.927862470890063e-07,-14.75000286102295,-2.9802276912960224e-06,attack,no
634,1,0,2.9023123311583482e-06,-12.750004768371582,-4.887569048150908e-06,attack,no
635,1,0,2.1024329090867228e-07,-15.375003814697266,-3.576272320060525e-06,attack,no
636,1,0,2.3823693839154893e-07,-15.250003814697266,-3.933898824470816e-06,attack,no
637,1,0,4.0063701746649924e-05,-10.125041007995605,-4.124556289752945e-05,attack,no
638,1,0,6.144176799227921e-06,-12.000009536743164,-9.894321920000948e-06,attack,no
639,1,0,6.475948753965404e-07,-14.250004768371582,-4.887569048150908e-06,attack,no
640,1,0,7.484621836619827e-05,-9.500077247619629,-7.712543447269127e-05,attack,no
641,1,0,3.4663270375483075e-07,-14.875001907348633,-2.145764938177308e-06,attack,no
642,1,0,3.4663278639833103e-07,-14.875001907348633,-2.3841830625315197e-06,attack,no
643,1,0,3.288747889250454e-06,-12.625006675720215,-6.318072337307967e-06,attack,no
644,1,0,8.764254764749753e-08,-16.250001907348633,-2.7418097943154862e-06,attack,no
645,1,0,4.450849988811838e-07,-14.62500286102295,-2.7418097943154862e-06,attack,no
646,1,0,8.315283250343497e-07,-14.000003814697266,-4.172316494077677e-06,attack,no
647,1,0,8.939700567004841e-06,-11.62501049041748,-1.0967194612021558e-05,attack,no
648,1,0,0.000552778618271864,-7.500553131103516,-0.0005530973430722952,attack,no
649,1,0,8.315278294038927e-07,-14.000004768371582,-4.529942543740617e-06,attack,no
650,1,0,3.288750633545794e-06,-12.625007629394531,-8.106198947643861e-06,attack,no
651,1,0,5.422217677117655e-06,-12.125007629394531,-7.390948667307384e-06,attack,no
652,1,0,5.422217030707961e-06,-12.125008583068848,-8.22540732769994e-06,attack,no
653,1,0,3.9278610661822475e-07,-14.75000286102295,-2.622600959512056e-06,attack,no
654,1,0,1.5534983101549164e-06,-13.375003814697266,-4.172316494077677e-06,attack,no
655,1,0,3.0590233632073814e-07,-15.000004768371582,-5.125986263010418e-06,attack,no
656,1,0,7.338207180838066e-07,-14.125004768371582,-4.410734163684538e-06,attack,no
657,1,0,2.6995780963846126e-07,-15.125003814697266,-3.933898824470816e-06,attack,no
658,1,0,3.4663270375278157e-07,-14.875003814697266,-4.0531076592742465e-06,attack,no
659,1,0,8.764252675047533e-08,-16.2500057220459,-6.318072337307967e-06,attack,no
660,1,0,3.7266379512857925e-06,-12.500009536743164,-9.179073458653875e-06,attack,no
661,1,0,6.475945666033421e-07,-14.250003814697266,-3.4570634852570947e-06,attack,no
662,1,0,5.422220262555012e-06,-12.125008583068848,-8.821448318485636e-06,attack,no
663,1,0,1.2098652508056196e-06,-13.625008583068848,-8.22540732769994e-06,attack,no
664,1,0,8.315277302701984e-07,-14.000006675720215,-6.318072337307967e-06,attack,no
665,1,0,2.3823696679040837e-07,-15.250004768371582,-5.006777428206988e-06,attack,no
666,1,0,1.0677028700397769e-06,-13.75000286102295,-2.861018856492592e-06,attack,no
667,1,0,1.3709576971316842e-06,-13.500004768371582,-5.125986263010418e-06,attack,no
668,1,1,0.9820137924066618,-0.018150195479393005,-4.018150329589844,attack,yes
669,1,0,2.5612834320470717e-06,-12.875003814697266,-4.291525328881107e-06,attack,no
670,1,0,1.76034279361833e-06,-13.250005722045898,-5.483612312673358e-06,attack,no
671,1,0,1.5534975693347154e-06,-13.375009536743164,-9.417489309271332e-06,attack,no
672,1,0,1.44498003730197e-07,-15.750003814697266,-3.814689989667386e-06,attack,no
673,1,0,5.043475284447895e-07,-14.50000286102295,-3.099436753473128e-06,attack,no
674,1,0,6.14417753159936e-06,-12.00001049041748,-1.0967194612021558e-05,attack,no
675,1,0,3.0590233632073814e-07,-15.000004768371582,-5.125986263010418e-06,attack,no
676,1,0,2.9023133690637e-06,-12.750006675720215,-7.152531907195225e-06,attack,no
677,1,0,3.4663257978638593e-07,-14.875004768371582,-4.6491513785440475e-06,attack,no
678,1,0,3.927862939113311e-07,-14.750003814697266,-4.0531076592742465e-06,attack,no
679,1,0,9.422449308748772e-07,-13.87500286102295,-3.2186455882765586e-06,attack,no
680,1,0,5.0434734807664e-07,-14.50000286102295,-2.7418097943154862e-06,attack,no
681,1,0,7.338210680002898e-07,-14.12500286102295,-2.9802276912960224e-06,attack,no
682,1,0,1.7603425837494853e-06,-13.250007629394531,-7.271740287251305e-06,attack,no
683,1,0,3.466326211113502e-07,-14.875001907348633,-1.9073468138230965e-06,attack,no
684,1,0,1.5534971989908e-06,-13.375006675720215,-6.318072337307967e-06,attack,no
685,1,0,1.6373776432377665e-07,-15.625003814697266,-4.291525328881107e-06,attack,no
686,1,0,4.785096776433934e-06,-12.250007629394531,-8.106198947643861e-06,attack,no
687,1,0,2.9023119851266288e-06,-12.750007629394531,-7.629365427419543e-06,attack,no
688,1,0,1.5534979397677315e-06,-13.375004768371582,-4.887569048150908e-06,attack,no
689,1,0,1.2751905808849868e-07,-15.87500286102295,-2.9802276912960224e-06,attack,no
690,1,0,5.043476486902203e-07,-14.50000286102295,-3.3378546504536644e-06,attack,no
691,1,0,9.422444815726564e-07,-13.875004768371582,-4.6491513785440475e-06,attack,no
692,1,0,3.0590219045716434e-07,-15.000003814697266,-3.6954811548639555e-06,attack,no
693,1,0,3.4663253846473677e-07,-14.875004768371582,-4.529942543740617e-06,attack,no
694,1,0,1.7603440527286572e-06,-13.25000286102295,-3.3378546504536644e-06,attack,no
695,1,0,1.3709578605542582e-06,-13.500005722045898,-6.198863957251888e-06,attack,no
696,1,0,9.422442569315887e-07,-13.87500286102295,-2.50339189733495e-06,attack,no
697,1,0,3.9278615343901467e-07,-14.750004768371582,-4.6491513785440475e-06,attack,no
698,1,0,7.338207180838066e-07,-14.125004768371582,-4.410734163684538e-06,attack,no
699,1,0,5.043473480643696e-07,-14.500007629394531,-7.510157047363464e-06,attack,no
700,1,0,1.76034279361833e-06,-13.250005722045898,-5.483612312673358e-06,attack,no
701,1,0,1.209865827740176e-06,-13.625004768371582,-4.887569048150908e-06,attack,no
702,1,0,2.9023112932045342e-06,-12.750005722045898,-5.483612312673358e-06,attack,no
703,1,0,9.610239213671445e-05,-9.250097274780273,-9.703165414975956e-05,attack,no
704,1,0,1.7603438428564603e-06,-13.250005722045898,-6.079655122448457e-06,attack,no
705,1,0,2.2603251062013478e-06,-13.000006675720215,-7.033323527139146e-06,attack,no
706,1,0,1.994729959270648e-06,-13.125006675720215,-6.794906312279636e-06,attack,no
707,1,0,1.2098653950606901e-06,-13.625004768371582,-4.529942543740617e-06,attack,no
708,1,0,3.9278605978547304e-07,-14.750007629394531,-7.271740287251305e-06,attack,no
709,1,0,0.0002034270465415178,-8.500204086303711,-0.0002044230350293219,attack,no
710,1,0,5.715005151574337e-07,-14.375003814697266,-3.933898824470816e-06,attack,no
711,1,0,2.561282515967739e-06,-12.875009536743164,-9.65590606938349e-06,attack,no
712,1,0,7.338208055579897e-07,-14.125005722045898,-5.483612312673358e-06,attack,no
713,1,0,5.715004470313855e-07,-14.37500286102295,-2.861018856492592e-06,attack,no
714,1,0,3.2887506335697225e-06,-12.625006675720215,-7.152531907195225e-06,attack,no
715,1,0,1.3709570433786157e-06,-13.500008583068848,-8.4638240878121e-06,attack,no
716,1,0,3.927863407331258e-07,-14.750004768371582,-5.125986263010418e-06,attack,no
717,1,0,1.855391460719133e-07,-15.50000286102295,-3.099436753473128e-06,attack,no
718,1,0,2.1024334103505248e-07,-15.37500286102295,-2.861018856492592e-06,attack,no
719,1,0,4.4508505193123265e-07,-14.625006675720215,-6.6756979322235566e-06,attack,no
720,1,0,9.422450432014836e-07,-13.875001907348633,-2.3841830625315197e-06,attack,no
721,1,0,1.3709572068422585e-06,-13.500004768371582,-4.768360213347478e-06,attack,no
722,1,0,9.931193325797878e-08,-16.125003814697266,-3.814689989667386e-06,attack,no
723,1,0,4.785093924362895e-06,-12.250006675720215,-6.556489552167477e-06,attack,no
724,1,0,8.315283250305683e-07,-14.000004768371582,-5.125986263010418e-06,attack,no
725,1,0,0.00010889688341432242,-9.125109672546387,-0.00010942813969450071,attack,no
726,1,0,5.715004470313855e-07,-14.37500286102295,-2.861018856492592e-06,attack,no
727,1,0,1.2098652508056196e-06,-13.625008583068848,-8.22540732769994e-06,attack,no
728,1,0,1.0129989772643068e-05,-11.500011444091797,-1.1324817933200393e-05,attack,no
729,1,0,1.370957043417892e-06,-13.500003814697266,-3.6954811548639555e-06,attack,no
730,1,0,8.315282259117513e-07,-14.00000286102295,-3.099436753473128e-06,attack,no
731,1,0,2.1024326584639497e-07,-15.37500286102295,-2.50339189733495e-06,attack,no
732,1,0,2.260324028437128e-06,-13.000003814697266,-3.6954811548639555e-06,attack,no
733,1,0,1.5534984953382988e-06,-13.375004768371582,-5.245195097813848e-06,attack,no
734,1,0,3.4663274507563266e-07,-14.87500286102295,-3.2186455882765586e-06,attack,no
735,1,0,1.5534983101549164e-06,-13.375003814697266,-4.172316494077677e-06,attack,no
736,1,0,1.067702997315865e-06,-13.750003814697266,-3.933898824470816e-06,attack,no
737,1,0,5.043474081977821e-07,-14.500003814697266,-3.814689989667386e-06,attack,no
738,1,0,2.3823685318827418e-07,-15.250006675720215,-6.437280717364047e-06,attack,no
739,1,0,2.382369099894428e-07,-15.250005722045898,-5.722029527532868e-06,attack,no
740,1,0,6.14417753159936e-06,-12.00001049041748,-1.0967194612021558e-05,attack,no
741,1,0,2.9023133690821777e-06,-12.750005722045898,-6.198863957251888e-06,attack,no
742,1,0,1.76034279361833e-06,-13.250005722045898,-5.483612312673358e-06,attack,no
743,1,0,2.3823685319174098e-07,-15.250003814697266,-3.576272320060525e-06,attack,no
744,1,0,3.0590219045716434e-07,-15.000003814697266,-3.6954811548639555e-06,attack,no
745,1,0,6.475948753891781e-07,-14.250006675720215,-6.794906312279636e-06,attack,no
746,1,0,0.00043055698997640805,-7.750431537628174,-0.00043132537393830717,attack,no
747,1,0,6.14417753159936e-06,-12.00001049041748,-1.0967194612021558e-05,attack,no
748,1,0,1.8553910183607377e-07,-15.50000286102295,-2.861018856492592e-06,attack,no
749,1,0,1.994730434798734e-06,-13.125009536743164,-9.894321920000948e-06,attack,no
750,1,0,1.8553910183607377e-07,-15.50000286102295,-2.861018856492592e-06,attack,no
751,1,1,0.9046505325302034,-0.10020712018013,-2.3502070903778076,attack,yes
752,1,0,1.637376276886311e-07,-15.625006675720215,-6.318072337307967e-06,attack,no
753,1,0,3.4663249713489575e-07,-14.875008583068848,-8.22540732769994e-06,attack,no
754,1,0,1.444980209560942e-07,-15.75000286102295,-2.9802276912960224e-06,attack,no
755,1,0,5.715004470272273e-07,-14.375004768371582,-4.768360213347478e-06,attack,no
756,1,0,1.2098653950606901e-06,-13.625004768371582,-4.529942543740617e-06,attack,no
757,1,0,9.422450431800594e-07,-13.875006675720215,-7.152531907195225e-06,attack,no
758,1,0,8.315278294038927e-07,-14.000004768371582,-4.529942543740617e-06,attack,no
759,1,0,1.994729483715462e-06,-13.125004768371582,-4.6491513785440475e-06,attack,no
760,1,0,1.3709576971316842e-06,-13.500004768371582,-5.125986263010418e-06,attack,no
761,1,0,1.9947306726684962e-06,-13.125003814697266,-4.291525328881107e-06,attack,no
762,1,0,9.422445938917109e-07,-13.875005722045898,-5.722029527532868e-06,attack,no
763,1,0,2.260325106227045e-06,-13.000004768371582,-5.125986263010418e-06,attack,no
764,1,0,3.059023363231725e-07,-15.00000286102295,-3.2186455882765586e-06,attack,no
765,1,0,9.931185038523491e-08,-16.1250057220459,-4.887569048150908e-06,attack,no
766,1,0,4.4508526417176896e-07,-14.62500286102295,-3.3378546504536644e-06,attack,no
767,1,0,1.76034279361833e-06,-13.250005722045898,-5.483612312673358e-06,attack,no
768,1,0,1.6373766672936515e-07,-15.62500286102295,-2.7418097943154862e-06,attack,no
769,1,0,6.475948754028718e-07,-14.250001907348633,-2.0265558760002023e-06,attack,no
770,1,0,1.012999581057419e-05,-11.50001049041748,-1.0967194612021558e-05,attack,no
771,1,0,4.006369697116763e-05,-10.125041007995605,-4.1126360883936286e-05,attack,no
772,1,0,6.475951069961737e-07,-14.250003814697266,-4.291525328881107e-06,attack,no
773,1,0,1.994729483715462e-06,-13.125004768371582,-4.6491513785440475e-06,attack,no
774,1,0,0.00020342692526097766,-8.500205993652344,-0.0002057340752799064,attack,no
775,1,0,1.637376862478556e-07,-15.625003814697266,-3.814689989667386e-06,attack,no
776,1,0,1.994729245934737e-06,-13.125003814697266,-3.576272320060525e-06,attack,no
777,1,0,9.422444815726564e-07,-13.875004768371582,-4.6491513785440475e-06,attack,no
778,1,0,2.2603253756771736e-06,-13.000004768371582,-5.245195097813848e-06,attack,no
779,1,0,6.475945665977468e-07,-14.250005722045898,-5.364403477869928e-06,attack,no
780,1,0,5.043474081902135e-07,-14.500006675720215,-6.6756979322235566e-06,attack,no
781,1,0,0.00043055698997640805,-7.750431537628174,-0.00043132537393830717,attack,no
782,1,0,1.855391460719133e-07,-15.50000286102295,-3.099436753473128e-06,attack,no
783,1,0,5.715005151550947e-07,-14.375004768371582,-4.887569048150908e-06,attack,no
784,1,0,4.450851580555361e-07,-14.62500286102295,-3.099436753473128e-06,attack,no
785,1,0,1.5534979397592542e-06,-13.375005722045898,-5.8412379075889476e-06,attack,no
786,1,0,7.889259764445822e-06,-11.75001049041748,-1.0132738680113107e-05,attack,no
787,1,0,3.927862939113311e-07,-14.750003814697266,-4.0531076592742465e-06,attack,no
788,1,0,1.8553914607043678e-07,-15.500004768371582,-5.006777428206988e-06,attack,no
789,1,0,9.422444815726564e-07,-13.875004768371582,-4.6491513785440475e-06,attack,no
790,1,0,7.338211554758494e-07,-14.125003814697266,-4.0531076592742465e-06,attack,no
791,1,0,1.994729959270648e-06,-13.125006675720215,-6.794906312279636e-06,attack,no
792,1,0,6.144176799227921e-06,-12.000009536743164,-9.894321920000948e-06,attack,no
793,1,0,6.9622537599680095e-06,-11.875009536743164,-9.179073458653875e-06,attack,no
794,1,0,3.4663270375483075e-07,-14.875001907348633,-2.145764938177308e-06,attack,no
795,1,0,7.484622728735096e-05,-9.500077247619629,-7.724463648628443e-05,attack,no
796,1,0,3.4663278639833103e-07,-14.875001907348633,-2.3841830625315197e-06,attack,no
797,1,0,9.610240359051372e-05,-9.250097274780273,-9.715084888739511e-05,attack,no
798,1,0,8.481105150596239e-05,-9.37508773803711,-8.785339014139026e-05,attack,no
799,1,0,5.043474081977821e-07,-14.500003814697266,-3.814689989667386e-06,attack,no
800,1,0,7.889260704732132e-06,-11.750012397766113,-1.2159273865108844e-05,attack,no
801,1,0,3.927862470890063e-07,-14.75000286102295,-2.9802276912960224e-06,attack,no
802,1,0,6.475945665977468e-07,-14.250005722045898,-5.364403477869928e-06,attack,no
803,1,0,2.561282515967739e-06,-12.875009536743164,-9.65590606938349e-06,attack,no
804,1,0,3.927863875609991e-07,-14.750001907348633,-2.3841830625315197e-06,attack,no
805,1,0,4.450852641681257e-07,-14.625004768371582,-5.245195097813848e-06,attack,no
806,1,0,1.55349775456958e-06,-13.375005722045898,-5.722029527532868e-06,attack,no
807,1,0,9.422443692390472e-07,-13.875006675720215,-6.437280717364047e-06,attack,no
808,1,0,1.994729483715462e-06,-13.125004768371582,-4.6491513785440475e-06,attack,no
809,1,0,1.0677029973056687e-06,-13.750005722045898,-5.8412379075889476e-06,attack,no
810,1,0,1.994729483715462e-06,-13.125004768371582,-4.6491513785440475e-06,attack,no
811,1,0,1.994730197081392e-06,-13.125004768371582,-5.006777428206988e-06,attack,no
812,1,0,6.475950297906913e-07,-14.250005722045898,-6.079655122448457e-06,attack,no
813,1,0,8.315283250211149e-07,-14.000006675720215,-7.033323527139146e-06,attack,no
814,1,0,1.637377057673536e-07,-15.62500286102295,-2.9802276912960224e-06,attack,no
815,1,0,6.475948753991907e-07,-14.250003814697266,-3.933898824470816e-06,attack,no
816,1,0,1.5534984953382988e-06,-13.375004768371582,-5.245195097813848e-06,attack,no
817,1,0,6.475950297993788e-07,-14.25000286102295,-3.2186455882765586e-06,attack,no
818,1,0,3.466325797878046e-07,-14.875003814697266,-3.6954811548639555e-06,attack,no
819,1,0,3.927863875609991e-07,-14.750001907348633,-2.3841830625315197e-06,attack,no
820,1,0,8.315278294038927e-07,-14.000004768371582,-4.529942543740617e-06,attack,no
821,1,0,5.0434734807664e-07,-14.50000286102295,-2.7418097943154862e-06,attack,no
822,1,0,8.315279285326831e-07,-14.000003814697266,-3.6954811548639555e-06,attack,no
823,1,0,1.5534983101301911e-06,-13.375006675720215,-7.033323527139146e-06,attack,no
824,1,0,5.1442201402646046e-05,-9.875054359436035,-5.411955135059543e-05,attack,no
825,1,0,9.422450431800594e-07,-13.875006675720215,-7.152531907195225e-06,attack,no
826,1,0,1.444980209560942e-07,-15.75000286102295,-2.9802276912960224e-06,attack,no
827,1,0,1.5534984953382988e-06,-13.375004768371582,-5.245195097813848e-06,attack,no
828,1,1,0.9947798737599461,-0.005234346725046635,-5.255234241485596,attack,yes
829,1,0,3.9278615344267634e-07,-14.750001907348633,-1.7881377516459906e-06,attack,no
830,1,0,3.059021175261338e-07,-15.000001907348633,-1.5497195136049413e-06,attack,no
831,1,0,1.0677024881887838e-06,-13.750005722045898,-5.364403477869928e-06,attack,no
832,1,0,8.315281267649642e-07,-14.000007629394531,-7.748573807475623e-06,attack,no
833,1,0,3.2887486732000038e-06,-12.625011444091797,-1.1324817933200393e-05,attack,no
834,1,0,2.6995780963846126e-07,-15.125003814697266,-3.933898824470816e-06,attack,no
835,1,0,1.5534971989908e-06,-13.375006675720215,-6.318072337307967e-06,attack,no
836,1,0,1.7603434231097405e-06,-13.250009536743164,-9.65590606938349e-06,attack,no
837,1,0,2.1024339115915e-07,-15.375004768371582,-5.006777428206988e-06,attack,no
838,1,0,3.059023363231725e-07,-15.00000286102295,-3.2186455882765586e-06,attack,no
839,1,0,1.7603432133296776e-06,-13.250003814697266,-3.814689989667386e-06,attack,no
840,1,0,5.043474081977821e-07,-14.500003814697266,-3.814689989667386e-06,attack,no
841,1,0,2.6995771309333195e-07,-15.125004768371582,-4.529942543740617e-06,attack,no
842,1,0,6.475950297993788e-07,-14.25000286102295,-3.2186455882765586e-06,attack,no
843,1,0,1.0677033791583005e-06,-13.75000286102295,-3.3378546504536644e-06,attack,no
844,1,0,3.7266379512857925e-06,-12.500009536743164,-9.179073458653875e-06,attack,no
845,1,0,2.2603240284042356e-06,-13.000006675720215,-6.556489552167477e-06,attack,no
846,1,0,4.4508499887035535e-07,-14.625007629394531,-7.510157047363464e-06,attack,no
847,1,0,1.7603430034559798e-06,-13.250006675720215,-6.556489552167477e-06,attack,no
848,1,0,1.1478766757404935e-05,-11.375015258789062,-1.5139465176616795e-05,attack,no
849,1,0,9.422448185187191e-07,-13.875008583068848,-8.821448318485636e-06,attack,no
850,1,0,2.3823693839290315e-07,-15.250001907348633,-2.0265558760002023e-06,attack,no
851,1,0,2.6995768091383957e-07,-15.12500286102295,-2.50339189733495e-06,attack,no
852,1,0,7.338208930443633e-07,-14.12500286102295,-2.7418097943154862e-06,attack,no
853,1,0,5.715006514074756e-07,-14.375005722045898,-6.079655122448457e-06,attack,no
854,1,0,1.067703124595367e-06,-13.750003814697266,-4.0531076592742465e-06,attack,no
855,1,0,5.42221767702889e-06,-12.125009536743164,-9.298280929215252e-06,attack,no
856,1,0,5.715006514151423e-07,-14.37500286102295,-3.2186455882765586e-06,attack,no
857,1,0,3.7266406167488732e-06,-12.500009536743164,-9.894321920000948e-06,attack,no
858,1,0,6.962255419931625e-06,-11.875008583068848,-8.4638240878121e-06,attack,no
859,1,0,1.3709575337078827e-06,-13.500003814697266,-4.0531076592742465e-06,attack,no
860,1,0,3.9278610660241705e-07,-14.750009536743164,-9.298280929215252e-06,attack,no
861,1,0,3.4663257978638593e-07,-14.875004768371582,-4.6491513785440475e-06,attack,no
862,1,0,2.382369667923043e-07,-15.25000286102295,-3.099436753473128e-06,attack,no
863,1,0,3.9278610660241705e-07,-14.750009536743164,-9.298280929215252e-06,attack,no
864,1,0,2.1024339116082313e-07,-15.37500286102295,-3.099436753473128e-06,attack,no
865,1,0,1.1478765388711021e-05,-11.375017166137695,-1.6927575416048057e-05,attack,no
866,1,0,1.3709572068179446e-06,-13.500007629394531,-7.629365427419543e-06,attack,no
867,1,0,1.5534979397592542e-06,-13.375005722045898,-5.8412379075889476e-06,attack,no
868,1,0,1.8553910183607377e-07,-15.50000286102295,-2.861018856492592e-06,attack,no
869,1,0,5.043475284447895e-07,-14.50000286102295,-3.099436753473128e-06,attack,no
870,1,0,2.56128160003316e-06,-12.875007629394531,-7.390948667307384e-06,attack,no
871,1,0,8.315283250343497e-07,-14.000003814697266,-4.172316494077677e-06,attack,no
872,1,0,5.0434734807664e-07,-14.50000286102295,-2.7418097943154862e-06,attack,no
873,1,0,7.338210679816025e-07,-14.125007629394531,-7.748573807475623e-06,attack,no
874,1,0,9.422447062270609e-07,-13.87500286102295,-2.9802276912960224e-06,attack,no
875,1,0,9.422450431954848e-07,-13.875003814697266,-4.291525328881107e-06,attack,no
876,1,0,1.3709575336860625e-06,-13.500006675720215,-6.9141146923357155e-06,attack,no
877,1,0,1.7603430034743915e-06,-13.250004768371582,-4.6491513785440475e-06,attack,no
878,1,0,2.3823685319076594e-07,-15.250004768371582,-4.529942543740617e-06,attack,no
879,1,0,1.4738981972082061e-05,-11.125018119812012,-1.811964830267243e-05,attack,no
880,1,0,1.0677024881941248e-06,-13.750004768371582,-4.410734163684538e-06,attack,no
881,1,0,7.338208055579897e-07,-14.125005722045898,-5.483612312673358e-06,attack,no
882,1,0,1.5534971989908e-06,-13.375006675720215,-6.318072337307967e-06,attack,no
883,1,0,2.9023116391978962e-06,-12.750004768371582,-4.6491513785440475e-06,attack,no
884,1,0,5.715005151574337e-07,-14.375003814697266,-3.933898824470816e-06,attack,no
885,1,0,1.3007125363719486e-05,-11.250016212463379,-1.597391747054644e-05,attack,no
886,1,0,1.3709575336860625e-06,-13.500006675720215,-6.9141146923357155e-06,attack,no
887,1,0,1.855391460719133e-07,-15.50000286102295,-3.099436753473128e-06,attack,no
888,1,0,1.06770248817616e-06,-13.750007629394531,-7.271740287251305e-06,attack,no
889,1,0,6.962254589781966e-06,-11.875011444091797,-1.1205610462639015e-05,attack,no
890,1,0,2.902311639167541e-06,-12.750006675720215,-6.556489552167477e-06,attack,no
891,1,0,3.9278605978261515e-07,-14.750008583068848,-8.22540732769994e-06,attack,no
892,1,0,2.5612831266608576e-06,-12.875007629394531,-7.986990567587782e-06,attack,no
893,1,0,2.1444943302650045e-05,-10.750022888183594,-2.2649508537142538e-05,attack,no
894,1,0,1.0129987357158385e-05,-11.500014305114746,-1.3947389561508317e-05,attack,no
895,1,0,9.931193325852072e-08,-16.125001907348633,-1.9073468138230965e-06,attack,no
896,1,0,1.6373772528704008e-07,-15.625000953674316,-1.1920922133867862e-06,attack,no
897,1,0,4.450851049984919e-07,-14.625001907348633,-2.0265558760002023e-06,attack,no
898,1,0,8.315278294038927e-07,-14.000004768371582,-4.529942543740617e-06,attack,no
899,1,0,3.0590215399183813e-07,-15.00000286102295,-2.622600959512056e-06,attack,no
900,1,0,3.120191881321371e-05,-10.375035285949707,-3.5523738915799186e-05,attack,no
901,1,0,6.144176066850983e-06,-12.000008583068848,-8.821448318485636e-06,attack,no
902,1,0,5.043474081977821e-07,-14.500003814697266,-3.814689989667386e-06,attack,no
903,1,0,2.1444940745839488e-05,-10.75002384185791,-2.3483953555114567e-05,attack,no
904,1,0,1.5534983101301911e-06,-13.375006675720215,-7.033323527139146e-06,attack,no
905,1,0,1.3709572068422585e-06,-13.500004768371582,-4.768360213347478e-06,attack,no
906,1,0,0.003172682688587179,-5.753178119659424,-0.0031780709978193045,attack,no
907,1,0,4.691163242526518e-08,-16.875001907348633,-1.7881377516459906e-06,attack,no
908,1,0,6.144176066850983e-06,-12.000008583068848,-8.821448318485636e-06,attack,no
909,1,0,1.4738981971250963e-05,-11.125020980834961,-2.098061486321967e-05,attack,no
910,1,1,0.6791787056691698,-0.38687142729759216,-1.1368714570999146,attack,yes
911,1,0,1.760343213322473e-06,-13.250004768371582,-4.768360213347478e-06,attack,no
912,1,0,6.475947981860791e-07,-14.250007629394531,-7.629365427419543e-06,attack,no
913,1,0,1.2098652508391807e-06,-13.625003814697266,-3.4570634852570947e-06,attack,no
914,1,0,8.315283250305683e-07,-14.000004768371582,-5.125986263010418e-06,attack,no
915,1,0,1.7603438428564603e-06,-13.250005722045898,-6.079655122448457e-06,attack,no
916,1,0,5.043475284447895e-07,-14.50000286102295,-3.099436753473128e-06,attack,no
917,1,0,4.785096776394765e-06,-12.250008583068848,-9.059865078597795e-06,attack,no
918,1,0,1.3709572068354011e-06,-13.500005722045898,-5.722029527532868e-06,attack,no
919,1,0,1.0129992187105678e-05,-11.500016212463379,-1.6331539882230572e-05,attack,no
920,1,0,1.06770248817616e-06,-13.750007629394531,-7.271740287251305e-06,attack,no
921,1,0,3.0590219045876407e-07,-15.000001907348633,-1.7881377516459906e-06,attack,no
922,1,0,4.4508526417176896e-07,-14.62500286102295,-3.3378546504536644e-06,attack,no
923,1,0,9.422444815726564e-07,-13.875004768371582,-4.6491513785440475e-06,attack,no
924,1,0,2.9023119851266288e-06,-12.750007629394531,-7.629365427419543e-06,attack,no
925,1,0,2.1024326584505647e-07,-15.375004768371582,-4.410734163684538e-06,attack,no
926,1,0,8.315283250305683e-07,-14.000004768371582,-5.125986263010418e-06,attack,no
927,1,0,5.144223819041771e-05,-9.875055313110352,-5.578839045483619e-05,attack,no
928,1,0,8.315277302701984e-07,-14.000006675720215,-6.318072337307967e-06,attack,no
929,1,0,5.715002426410745e-07,-14.375005722045898,-5.364403477869928e-06,attack,no
930,1,0,4.450849988811838e-07,-14.62500286102295,-2.7418097943154862e-06,attack,no
931,1,0,1.7603438428564603e-06,-13.250005722045898,-6.079655122448457e-06,attack,no
932,1,0,9.422443692527586e-07,-13.875003814697266,-3.576272320060525e-06,attack,no
933,1,0,1.3709575337078827e-06,-13.500003814697266,-4.0531076592742465e-06,attack,no
934,1,0,4.2228324375973415e-06,-12.375011444091797,-1.1205610462639015e-05,attack,no
935,1,0,2.1024329090867228e-07,-15.375003814697266,-3.576272320060525e-06,attack,no
936,1,0,2.260323758977908e-06,-13.000004768371582,-4.529942543740617e-06,attack,no
937,1,0,2.902311639167541e-06,-12.750006675720215,-6.556489552167477e-06,attack,no
938,1,0,3.0590229985588146e-07,-15.000003814697266,-4.0531076592742465e-06,attack,no
939,1,0,2.3823690999236792e-07,-15.25000286102295,-2.861018856492592e-06,attack,no
940,1,0,1.3709572068422585e-06,-13.500004768371582,-4.768360213347478e-06,attack,no
941,1,0,2.902311985163583e-06,-12.750005722045898,-5.722029527532868e-06,attack,no
942,1,0,1.0677029973056687e-06,-13.750005722045898,-5.8412379075889476e-06,attack,no
943,1,0,5.715002426410745e-07,-14.375005722045898,-5.364403477869928e-06,attack,no
944,1,0,1.3709572068422585e-06,-13.500004768371582,-4.768360213347478e-06,attack,no
945,1,0,8.315279285326831e-07,-14.000003814697266,-3.6954811548639555e-06,attack,no
946,1,0,9.422450431912e-07,-13.875004768371582,-5.245195097813848e-06,attack,no
947,1,0,8.315283250343497e-07,-14.000003814697266,-4.172316494077677e-06,attack,no
948,1,0,2.260324028372372e-06,-13.000008583068848,-8.4638240878121e-06,attack,no
949,1,0,1.8553910183607377e-07,-15.50000286102295,-2.861018856492592e-06,attack,no
950,1,0,8.315282259117513e-07,-14.00000286102295,-3.099436753473128e-06,attack,no
951,1,0,5.04347408195718e-07,-14.500004768371582,-4.768360213347478e-06,attack,no
952,1,1,0.9399133512987253,-0.061968062072992325,-2.8119680881500244,attack,yes
953,1,0,0.00010889688339134739,-9.12511157989502,-0.0001113352773245424,attack,no
954,1,0,1.2098661161982044e-06,-13.625003814697266,-4.172316494077677e-06,attack,no
955,1,0,6.475947981754775e-07,-14.250009536743164,-9.536697689327411e-06,attack,no
956,1,0,9.931198061405701e-08,-16.125001907348633,-2.3841830625315197e-06,attack,no
957,1,0,1.8553912395338048e-07,-15.500003814697266,-3.933898824470816e-06,attack,no
958,1,0,3.059022633906118e-07,-15.00000286102295,-2.9802276912960224e-06,attack,no
959,1,0,7.338210680002898e-07,-14.12500286102295,-2.9802276912960224e-06,attack,no
960,1,0,1.5534973842030142e-06,-13.375003814697266,-3.576272320060525e-06,attack,no
961,1,0,7.889260704818233e-06,-11.750011444091797,-1.1205610462639015e-05,attack,no
962,1,0,1.209865827740176e-06,-13.625004768371582,-4.887569048150908e-06,attack,no
963,1,0,3.4663274507563266e-07,-14.87500286102295,-3.2186455882765586e-06,attack,no
964,1,0,5.043476486902203e-07,-14.50000286102295,-3.3378546504536644e-06,attack,no
965,1,0,4.785096776394765e-06,-12.250008583068848,-9.059865078597795e-06,attack,no
966,1,0,0.0002611903412335104,-8.250262260437012,-0.0002623452164698392,attack,no
967,1,0,1.3709575336860625e-06,-13.500006675720215,-6.9141146923357155e-06,attack,no
968,1,0,1.760343213322473e-06,-13.250004768371582,-4.768360213347478e-06,attack,no
969,1,0,1.855391460719133e-07,-15.50000286102295,-3.099436753473128e-06,attack,no
970,1,0,1.2098653950606901e-06,-13.625004768371582,-4.529942543740617e-06,attack,no
971,1,0,1.4738981972564636e-05,-11.125016212463379,-1.6212332411669195e-05,attack,no
972,1,0,1.2098653950606901e-06,-13.625004768371582,-4.529942543740617e-06,attack,no
973,1,0,2.1024326584639497e-07,-15.37500286102295,-2.50339189733495e-06,attack,no
974,1,0,3.4663253846718004e-07,-14.87500286102295,-2.622600959512056e-06,attack,no
975,1,0,3.726639284103522e-06,-12.500006675720215,-6.6756979322235566e-06,attack,no
976,1,0,3.059022998576898e-07,-15.000001907348633,-2.145764938177308e-06,attack,no
977,1,0,0.00017952796640043376,-8.625181198120117,-0.0001811817055568099,attack,no
978,1,0,5.043472879383035e-07,-14.500008583068848,-8.34461570775602e-06,attack,no
979,1,0,9.931187406176112e-08,-16.12500762939453,-7.033323527139146e-06,attack,no
980,1,0,2.3823690999236792e-07,-15.25000286102295,-2.861018856492592e-06,attack,no
981,1,0,7.338211554758494e-07,-14.125003814697266,-4.0531076592742465e-06,attack,no
982,1,0,1.7603425837494853e-06,-13.250007629394531,-7.271740287251305e-06,attack,no
983,1,0,5.422221555296344e-06,-12.125008583068848,-9.059865078597795e-06,attack,no
984,1,0,6.475946438042048e-07,-14.25000286102295,-2.622600959512056e-06,attack,no
985,1,0,8.315279285251204e-07,-14.000005722045898,-5.602820692729438e-06,attack,no
986,1,0,6.475948753891781e-07,-14.250006675720215,-6.794906312279636e-06,attack,no
987,1,0,1.1478772229989872e-05,-11.375019073486328,-1.9430925021879375e-05,attack,no
988,1,0,4.450849458240573e-07,-14.625001907348633,-1.6689286894688848e-06,attack,no
989,1,0,6.1441746018794346e-06,-12.00001049041748,-1.0490362910786644e-05,attack,no
990,1,0,2.2603240284165705e-06,-13.000005722045898,-5.602820692729438e-06,attack,no
991,1,0,2.1024339116082313e-07,-15.37500286102295,-3.099436753473128e-06,attack,no
992,1,0,1.2098659719601036e-06,-13.625005722045898,-5.960446742392378e-06,attack,no
993,1,0,3.9278615343901467e-07,-14.750004768371582,-4.6491513785440475e-06,attack,no
994,1,0,8.315277302819206e-07,-14.000003814697266,-3.4570634852570947e-06,attack,no
995,1,0,9.422450431912e-07,-13.875004768371582,-5.245195097813848e-06,attack,no
996,1,0,3.4663274507563266e-07,-14.87500286102295,-3.2186455882765586e-06,attack,no
997,1,0,6.475948754028718e-07,-14.250001907348633,-2.0265558760002023e-06,attack,no
998,1,0,1.275190428866973e-07,-15.875003814697266,-3.814689989667386e-06,attack,no
999,1,0,6.475950297993788e-07,-14.25000286102295,-3.2186455882765586e-06,attack,no
1000,1,0,2.5612825160271403e-06,-12.875006675720215,-6.794906312279636e-06,attack,no
1001,1,0,7.484620945103652e-05,-9.500076293945312,-7.60526381782256e-05,attack,no
1002,1,0,4.0063701746649924e-05,-10.125041007995605,-4.124556289752945e-05,attack,no
1003,1,0,2.9023112931477826e-06,-12.750008583068848,-8.34461570775602e-06,attack,no
1004,1,0,1.3709578605542582e-06,-13.500005722045898,-6.198863957251888e-06,attack,no
1005,1,0,2.9023119851266288e-06,-12.750007629394531,-7.629365427419543e-06,attack,no
1006,1,0,1.0677031245990086e-06,-13.75000286102295,-3.099436753473128e-06,attack,no
1007,1,0,5.04347408195718e-07,-14.500004768371582,-4.768360213347478e-06,attack,no
1008,1,0,9.610240356394529e-05,-9.250100135803223,-0.00010001159535022452,attack,no
1009,1,0,3.1201926255845415e-05,-10.375031471252441,-3.194758028257638e-05,attack,no
1010,1,0,1.5534979397790343e-06,-13.37500286102295,-2.9802276912960224e-06,attack,no
1011,1,0,5.715004470313855e-07,-14.37500286102295,-2.861018856492592e-06,attack,no
1012,1,0,2.1444958639580074e-05,-10.750024795532227,-2.52720492426306e-05,attack,no
1013,1,0,2.9023116391978962e-06,-12.750004768371582,-4.6491513785440475e-06,attack,no
1014,1,0,1.5534971989908e-06,-13.375006675720215,-6.318072337307967e-06,attack,no
1015,1,0,1.2098652508391807e-06,-13.625003814697266,-3.4570634852570947e-06,attack,no
1016,1,0,1.2098655392956961e-06,-13.62500286102295,-2.7418097943154862e-06,attack,no
1017,1,0,5.422217677078203e-06,-12.125008583068848,-8.34461570775602e-06,attack,no
1018,1,0,7.338207180838066e-07,-14.125004768371582,-4.410734163684538e-06,attack,no
1019,1,0,1.44497986505189e-07,-15.75000286102295,-2.7418097943154862e-06,attack,no
1020,1,0,1.7603438428660665e-06,-13.250004768371582,-5.125986263010418e-06,attack,no
1021,1,0,8.93969736988289e-06,-11.625011444091797,-1.156323378381785e-05,attack,no
1022,1,0,6.144176066850983e-06,-12.000008583068848,-8.821448318485636e-06,attack,no
1023,1,0,8.764247451307293e-08,-16.250001907348633,-1.9073468138230965e-06,attack,no
1024,1,0,5.8291258611111795e-05,-9.750059127807617,-5.900685573578812e-05,attack,no
1025,1,0,3.927863407331258e-07,-14.750004768371582,-5.125986263010418e-06,attack,no
1026,1,0,5.422220262505698e-06,-12.125009536743164,-9.775113539944869e-06,attack,no
1027,1,0,3.059023363231725e-07,-15.00000286102295,-3.2186455882765586e-06,attack,no
1028,1,0,2.9023133690821777e-06,-12.750005722045898,-6.198863957251888e-06,attack,no
1029,1,0,2.2603251062147106e-06,-13.000005722045898,-6.079655122448457e-06,attack,no
1030,1,0,1.5534984953382988e-06,-13.375004768371582,-5.245195097813848e-06,attack,no
1031,1,0,1.5534971989908e-06,-13.375006675720215,-6.318072337307967e-06,attack,no
1032,1,0,9.931189774187203e-08,-16.125001907348633,-1.5497195136049413e-06,attack,no
1033,1,0,1.067702997315865e-06,-13.750003814697266,-3.933898824470816e-06,attack,no
1034,1,0,1.637377057661623e-07,-15.625004768371582,-4.887569048150908e-06,attack,no
1035,1,0,1.3709575337078827e-06,-13.500003814697266,-4.0531076592742465e-06,attack,no
1036,1,0,7.338207180838066e-07,-14.125004768371582,-4.410734163684538e-06,attack,no
1037,1,0,3.1201915095928085e-05,-10.375033378601074,-3.349725011503324e-05,attack,no
1038,1,0,1.0677033791583005e-06,-13.75000286102295,-3.3378546504536644e-06,attack,no
1039,1,0,0.0002305067982526766,-8.37523078918457,-0.00023112009512260556,attack,no
1040,1,0,3.535625914621053e-05,-10.25003719329834,-3.7431014789035544e-05,attack,no
1041,1,0,2.1024329090867228e-07,-15.375003814697266,-3.576272320060525e-06,attack,no
1042,1,0,7.338207180838066e-07,-14.125004768371582,-4.410734163684538e-06,attack,no
1043,1,0,6.9622579095833456e-06,-11.875011444091797,-1.168244216387393e-05,attack,no
1044,1,0,3.0590229985588146e-07,-15.000003814697266,-4.0531076592742465e-06,attack,no
1045,1,0,1.6373762769034363e-07,-15.625004768371582,-4.410734163684538e-06,attack,no
1046,1,0,4.450851580497677e-07,-14.625005722045898,-5.960446742392378e-06,attack,no
1047,1,0,4.222833947960867e-06,-12.375006675720215,-6.794906312279636e-06,attack,no
1048,1,0,6.475950297906913e-07,-14.250005722045898,-6.079655122448457e-06,attack,no
1049,1,0,8.315283250211149e-07,-14.000006675720215,-7.033323527139146e-06,attack,no
1050,1,0,4.5397863241453186e-05,-10.000046730041504,-4.660974445869215e-05,attack,no
1051,1,0,1.2098653950551882e-06,-13.625005722045898,-5.483612312673358e-06,attack,no
1052,1,0,3.466325797878046e-07,-14.875003814697266,-3.6954811548639555e-06,attack,no
1053,1,0,5.0434734807664e-07,-14.50000286102295,-2.7418097943154862e-06,attack,no
1054,1,0,1.0677033791583005e-06,-13.75000286102295,-3.3378546504536644e-06,attack,no
1055,1,0,3.4663278639833103e-07,-14.875001907348633,-2.3841830625315197e-06,attack,no
1056,1,0,5.043474081977821e-07,-14.500003814697266,-3.814689989667386e-06,attack,no
1057,1,0,0.010986942853232415,-4.511047840118408,-0.011047860607504845,attack,no
1058,1,0,2.6995784182073116e-07,-15.12500286102295,-3.099436753473128e-06,attack,no
1059,1,0,3.927863407362516e-07,-14.75000286102295,-3.2186455882765586e-06,attack,no
1060,1,0,1.553497384196656e-06,-13.375004768371582,-4.529942543740617e-06,attack,no
1061,1,0,4.222833444590792e-06,-12.375005722045898,-5.722029527532868e-06,attack,no
1062,1,0,0.0011695100209540533,-6.751171112060547,-0.0011709030950441957,attack,no
1063,1,0,5.422217030663578e-06,-12.125009536743164,-9.179073458653875e-06,attack,no
1064,1,0,3.726638839833152e-06,-12.500007629394531,-7.510157047363464e-06,attack,no
1065,1,0,1.760343213322473e-06,-13.250004768371582,-4.768360213347478e-06,attack,no
1066,1,0,7.889263526180094e-06,-11.750011444091797,-1.156323378381785e-05,attack,no
1067,1,0,3.927863407362516e-07,-14.75000286102295,-3.2186455882765586e-06,attack,no
1068,1,0,2.6995774527718623e-07,-15.125001907348633,-1.7881377516459906e-06,attack,no
1069,1,0,3.059023727903288e-07,-15.000001907348633,-2.3841830625315197e-06,attack,no
1070,1,0,4.450851580555361e-07,-14.62500286102295,-3.099436753473128e-06,attack,no
1071,1,0,8.31528027658082e-07,-14.000003814697266,-3.814689989667386e-06,attack,no
1072,1,0,7.338208055579897e-07,-14.125005722045898,-5.483612312673358e-06,attack,no
1073,1,0,5.71500378885334e-07,-14.375008583068848,-8.4638240878121e-06,attack,no
1074,1,0,1.7603425837791044e-06,-13.250004768371582,-4.410734163684538e-06,attack,no
1075,1,0,3.466325797878046e-07,-14.875003814697266,-3.6954811548639555e-06,attack,no
1076,1,0,9.422450431912e-07,-13.875004768371582,-5.245195097813848e-06,attack,no
1077,1,0,6.475950297993788e-07,-14.25000286102295,-3.2186455882765586e-06,attack,no
1078,1,0,1.209865683518615e-06,-13.625003814697266,-3.814689989667386e-06,attack,no
1079,1,0,8.315282258900086e-07,-14.000007629394531,-7.867782187531702e-06,attack,no
1080,1,0,7.338208930421942e-07,-14.125003814697266,-3.6954811548639555e-06,attack,no
1081,1,0,1.7603425837791044e-06,-13.250004768371582,-4.410734163684538e-06,attack,no
1082,1,0,5.04347408195718e-07,-14.500004768371582,-4.768360213347478e-06,attack,no
1083,1,0,7.734414854736447e-08,-16.3750057220459,-4.887569048150908e-06,attack,no
1084,1,0,7.338207180838066e-07,-14.125004768371582,-4.410734163684538e-06,attack,no
1085,1,0,8.315282259117513e-07,-14.00000286102295,-3.099436753473128e-06,attack,no
1086,1,0,6.475949526020043e-07,-14.250001907348633,-2.145764938177308e-06,attack,no
1087,1,0,4.785096776394765e-06,-12.250008583068848,-9.059865078597795e-06,attack,no
1088,1,0,1.637377057661623e-07,-15.625004768371582,-4.887569048150908e-06,attack,no
1089,1,0,1.5534979397592542e-06,-13.375005722045898,-5.8412379075889476e-06,attack,no
1090,1,0,8.93970056668775e-06,-11.62501335144043,-1.3828182090946939e-05,attack,no
1091,1,0,3.2887486732358964e-06,-12.62501049041748,-1.0371154530730564e-05,attack,no
1092,1,0,8.315283250211149e-07,-14.000006675720215,-7.033323527139146e-06,attack,no
1093,1,0,1.8553903548231313e-07,-15.50000286102295,-2.50339189733495e-06,attack,no
1094,1,0,1.7603438428660665e-06,-13.250004768371582,-5.125986263010418e-06,attack,no
1095,1,0,8.315278294038927e-07,-14.000004768371582,-4.529942543740617e-06,attack,no
1096,1,0,1.994730197081392e-06,-13.125004768371582,-5.006777428206988e-06,attack,no
1097,1,0,5.043476486902203e-07,-14.50000286102295,-3.3378546504536644e-06,attack,no
1098,1,0,1.994729483715462e-06,-13.125004768371582,-4.6491513785440475e-06,attack,no
1099,1,0,6.475947209826951e-07,-14.250008583068848,-8.4638240878121e-06,attack,no
1100,1,0,6.475951070002967e-07,-14.250001907348633,-2.3841830625315197e-06,attack,no
1101,1,0,1.7603430034743915e-06,-13.250004768371582,-4.6491513785440475e-06,attack,no
1102,1,0,1.760343633025915e-06,-13.250003814697266,-4.0531076592742465e-06,attack,no
1103,1,0,1.3709572068354011e-06,-13.500005722045898,-5.722029527532868e-06,attack,no
1104,1,0,1.4449795205186074e-07,-15.750006675720215,-6.318072337307967e-06,attack,no
1105,1,0,6.475951069961737e-07,-14.250003814697266,-4.291525328881107e-06,attack,no
1106,1,0,2.699577774579753e-07,-15.12500286102295,-2.861018856492592e-06,attack,no
1107,1,0,0.0002611903723540951,-8.250262260437012,-0.00026246439665555954,attack,no
1108,1,0,4.450850519360903e-07,-14.625004768371582,-4.768360213347478e-06,attack,no
1109,1,0,7.338207180838066e-07,-14.125004768371582,-4.410734163684538e-06,attack,no
1110,1,0,5.715005151485975e-07,-14.375006675720215,-6.794906312279636e-06,attack,no
1111,1,0,2.561282210729555e-06,-12.875004768371582,-4.768360213347478e-06,attack,no
1112,1,0,8.315277302819206e-07,-14.000003814697266,-3.4570634852570947e-06,attack,no
1113,1,0,1.3007123812980297e-05,-11.250017166137695,-1.680836794548668e-05,attack,no
1114,1,0,1.637377057661623e-07,-15.625004768371582,-4.887569048150908e-06,attack,no
1115,1,0,1.9947306726684962e-06,-13.125003814697266,-4.291525328881107e-06,attack,no
1116,1,0,2.902311639167541e-06,-12.750006675720215,-6.556489552167477e-06,attack,no
1117,1,0,1.9947290081286418e-06,-13.125005722045898,-5.364403477869928e-06,attack,no
1118,1,0,6.475948753965404e-07,-14.250004768371582,-4.887569048150908e-06,attack,no
1119,1,0,2.9023133690821777e-06,-12.750005722045898,-6.198863957251888e-06,attack,no
1120,1,0,1.8553919030858602e-07,-15.500000953674316,-1.4305104514278355e-06,attack,no
1121,1,0,1.5534973842030142e-06,-13.375003814697266,-3.576272320060525e-06,attack,no
1122,1,0,1.5534984953382988e-06,-13.375004768371582,-5.245195097813848e-06,attack,no
1123,1,0,5.715005151550947e-07,-14.375004768371582,-4.887569048150908e-06,attack,no
1124,1,0,3.059023727903288e-07,-15.000001907348633,-2.3841830625315197e-06,attack,no
1125,1,0,9.422448185534262e-07,-13.875001907348633,-2.145764938177308e-06,attack,no
1126,1,0,8.939700567094277e-06,-11.625009536743164,-1.0013530300057027e-05,attack,no
1127,1,0,4.450852111120808e-07,-14.625003814697266,-4.172316494077677e-06,attack,no
1128,1,0,2.9023133690821777e-06,-12.750005722045898,-6.198863957251888e-06,attack,no
1129,1,0,2.1024334103505248e-07,-15.37500286102295,-2.861018856492592e-06,attack,no
1130,1,0,1.3709576971316842e-06,-13.500004768371582,-5.125986263010418e-06,attack,no
1131,1,0,2.3823693839290315e-07,-15.250001907348633,-2.0265558760002023e-06,attack,no
1132,1,0,2.6995784182073116e-07,-15.12500286102295,-3.099436753473128e-06,attack,no
1133,1,0,1.2098661162023307e-06,-13.62500286102295,-3.2186455882765586e-06,attack,no
1134,1,0,1.7603438428564603e-06,-13.250005722045898,-6.079655122448457e-06,attack,no
1135,1,0,4.450851049984919e-07,-14.625001907348633,-2.0265558760002023e-06,attack,no
1136,1,0,2.1024326584639497e-07,-15.37500286102295,-2.50339189733495e-06,attack,no
1137,1,0,1.275189972820578e-07,-15.875004768371582,-4.410734163684538e-06,attack,no
1138,1,0,2.5612825160422822e-06,-12.875005722045898,-5.8412379075889476e-06,attack,no
1139,1,0,8.31528027660729e-07,-14.00000286102295,-2.861018856492592e-06,attack,no
1140,1,0,1.553497754583709e-06,-13.375003814697266,-3.814689989667386e-06,attack,no
1141,1,0,1.067702997315865e-06,-13.750003814697266,-3.933898824470816e-06,attack,no
1142,1,0,8.315283250343497e-07,-14.000003814697266,-4.172316494077677e-06,attack,no
1143,1,0,9.422445939002807e-07,-13.875003814697266,-3.814689989667386e-06,attack,no
1144,1,0,6.144174601935314e-06,-12.000009536743164,-9.536697689327411e-06,attack,no
1145,1,0,1.2098652508391807e-06,-13.625003814697266,-3.4570634852570947e-06,attack,no
1146,1,1,0.679178699175393,-0.386871337890625,-1.136871337890625,attack,yes
1147,1,0,6.962254589781966e-06,-11.875011444091797,-1.1205610462639015e-05,attack,no
1148,1,0,5.715004470313855e-07,-14.37500286102295,-2.861018856492592e-06,attack,no
1149,1,0,1.0677024881887838e-06,-13.750005722045898,-5.364403477869928e-06,attack,no
1150,1,0,4.222835458148261e-06,-12.375006675720215,-7.152531907195225e-06,attack,no
1151,1,0,2.2603237589028734e-06,-13.000009536743164,-9.298280929215252e-06,attack,no
1152,1,0,9.422443692527586e-07,-13.875003814697266,-3.576272320060525e-06,attack,no
1153,1,0,2.9023133690821777e-06,-12.750005722045898,-6.198863957251888e-06,attack,no
1154,1,0,1.370957860567974e-06,-13.500003814697266,-4.291525328881107e-06,attack,no
1155,1,0,1.6701425826829356e-05,-11.000019073486328,-1.9311717551317997e-05,attack,no
1156,1,0,1.209865683518615e-06,-13.625003814697266,-3.814689989667386e-06,attack,no
1157,1,0,0.37754067580180184,-0.9740771055221558,-0.47407713532447815,attack,no
1158,1,0,2.510998793341295e-08,-17.500003814697266,-3.6954811548639555e-06,attack,no
1159,1,1,0.9859363704127807,-0.014164154417812824,-4.264163970947266,attack,yes
1160,1,0,9.422448185187191e-07,-13.875008583068848,-8.821448318485636e-06,attack,no
1161,1,0,2.5612834320354246e-06,-12.875004768371582,-5.245195097813848e-06,attack,no
1162,1,0,3.726639284103522e-06,-12.500006675720215,-6.6756979322235566e-06,attack,no
1163,1,0,6.962254589617333e-06,-11.87501335144043,-1.3112935448589269e-05,attack,no
1164,1,0,3.0590229985588146e-07,-15.000003814697266,-4.0531076592742465e-06,attack,no
1165,1,0,9.422450431912e-07,-13.875004768371582,-5.245195097813848e-06,attack,no
1166,1,0,3.4663270375483075e-07,-14.875001907348633,-2.145764938177308e-06,attack,no
1167,1,0,1.067702742756907e-06,-13.750003814697266,-3.6954811548639555e-06,attack,no
1168,1,0,4.0063696967815485e-05,-10.125042915344238,-4.303362584323622e-05,attack,no
1169,1,0,7.889265407177056e-06,-11.75001049041748,-1.0847986231965479e-05,attack,no
1170,1,0,1.44498003730197e-07,-15.750003814697266,-3.814689989667386e-06,attack,no
1171,1,0,1.994729959270648e-06,-13.125006675720215,-6.794906312279636e-06,attack,no
1172,1,0,3.7266388398060374e-06,-12.500008583068848,-8.4638240878121e-06,attack,no
1173,1,0,2.9023133690637e-06,-12.750006675720215,-7.152531907195225e-06,attack,no
1174,1,0,9.422450431954848e-07,-13.875003814697266,-4.291525328881107e-06,attack,no
1175,1,0,4.222832941142044e-06,-12.375007629394531,-7.510157047363464e-06,attack,no
1176,1,0,6.023576347299818e-08,-16.625001907348633,-2.3841830625315197e-06,attack,no
1177,1,0,2.699577774579753e-07,-15.12500286102295,-2.861018856492592e-06,attack,no
1178,1,0,2.699577774546607e-07,-15.125005722045898,-5.722029527532868e-06,attack,no
1179,1,0,2.1024339116082313e-07,-15.37500286102295,-3.099436753473128e-06,attack,no
1180,1,0,0.0002611904035430805,-8.250261306762695,-0.0002616301644593477,attack,no
1181,1,0,1.0129988564845376e-05,-11.50001335144043,-1.3112935448589269e-05,attack,no
1182,1,0,5.715007195410849e-07,-14.375003814697266,-4.291525328881107e-06,attack,no
1183,1,0,5.4222215553407265e-06,-12.125007629394531,-8.106198947643861e-06,attack,no
1184,1,0,3.2887490653647827e-06,-12.625007629394531,-7.629365427419543e-06,attack,no
1185,1,0,1.2098659719661556e-06,-13.625004768371582,-5.006777428206988e-06,attack,no
1186,1,0,3.0590226338671677e-07,-15.000005722045898,-5.8412379075889476e-06,attack,no
1187,1,0,9.422450431954848e-07,-13.875003814697266,-4.291525328881107e-06,attack,no
1188,1,0,3.726639728184142e-06,-12.500011444091797,-1.156323378381785e-05,attack,no
1189,1,0,2.2603240284042356e-06,-13.000006675720215,-6.556489552167477e-06,attack,no
1190,1,0,2.699577130944368e-07,-15.125003814697266,-3.576272320060525e-06,attack,no
1191,1,0,8.315283250343497e-07,-14.000003814697266,-4.172316494077677e-06,attack,no
1192,1,0,1.7603425837791044e-06,-13.250004768371582,-4.410734163684538e-06,attack,no
1193,1,0,2.561282210618905e-06,-12.87501049041748,-1.0490362910786644e-05,attack,no
1194,1,0,4.4508489276501435e-07,-14.62500286102295,-2.50339189733495e-06,attack,no
1195,1,0,5.715004470313855e-07,-14.37500286102295,-2.861018856492592e-06,attack,no
1196,1,0,2.3823693839154893e-07,-15.250003814697266,-3.933898824470816e-06,attack,no
1197,1,0,1.5534983101549164e-06,-13.375003814697266,-4.172316494077677e-06,attack,no
1198,1,0,1.670142184475347e-05,-11.000020027160645,-2.002696055569686e-05,attack,no
1199,1,0,1.0677028700320083e-06,-13.750004768371582,-4.768360213347478e-06,attack,no
1200,1,0,2.5612812947240366e-06,-12.875006675720215,-6.318072337307967e-06,attack,no
1201,1,0,7.338208055579897e-07,-14.125005722045898,-5.483612312673358e-06,attack,no
1202,1,0,1.3709576971316842e-06,-13.500004768371582,-5.125986263010418e-06,attack,no
1203,1,0,1.0677031245990086e-06,-13.75000286102295,-3.099436753473128e-06,attack,no
1204,1,0,4.222833947862929e-06,-12.375009536743164,-9.65590606938349e-06,attack,no
1205,1,0,1.6701415872081914e-05,-11.000020027160645,-1.966933996300213e-05,attack,no
1206,1,0,1.7603438428564603e-06,-13.250005722045898,-6.079655122448457e-06,attack,no
1207,1,0,6.144176066850983e-06,-12.000008583068848,-8.821448318485636e-06,attack,no
1208,1,0,1.5534983101549164e-06,-13.375003814697266,-4.172316494077677e-06,attack,no
1209,1,0,6.475945665977468e-07,-14.250005722045898,-5.364403477869928e-06,attack,no
1210,1,0,9.422443692527586e-07,-13.875003814697266,-3.576272320060525e-06,attack,no
1211,1,0,6.475948753965404e-07,-14.250004768371582,-4.887569048150908e-06,attack,no
1212,1,0,6.144176066850983e-06,-12.000008583068848,-8.821448318485636e-06,attack,no
1213,1,0,1.5534983101549164e-06,-13.375003814697266,-4.172316494077677e-06,attack,no
1214,1,0,1.760343633025915e-06,-13.250003814697266,-4.0531076592742465e-06,attack,no
1215,1,0,1.3709575337078827e-06,-13.500003814697266,-4.0531076592742465e-06,attack,no
1216,1,0,5.422218323487974e-06,-12.125007629394531,-7.510157047363464e-06,attack,no
1217,1,0,1.6701429808298613e-05,-11.000020027160645,-2.0503786799963564e-05,attack,no
1218,1,0,0.00012339454561155946,-9.00012493133545,-0.00012468514614738524,attack,no
1219,1,0,4.222833947960867e-06,-12.375006675720215,-6.794906312279636e-06,attack,no
1220,1,0,5.043474081977821e-07,-14.500003814697266,-3.814689989667386e-06,attack,no
1221,1,0,4.450850519360903e-07,-14.625004768371582,-4.768360213347478e-06,attack,no
1222,1,0,2.9023123311425104e-06,-12.750005722045898,-5.8412379075889476e-06,attack,no
1223,1,1,0.9859363737703095,-0.014164389111101627,-4.264164447784424,attack,yes
1224,1,0,1.0677028700397769e-06,-13.75000286102295,-2.861018856492592e-06,attack,no
1225,1,0,2.9023112931477826e-06,-12.750008583068848,-8.34461570775602e-06,attack,no
1226,1,0,1.7603430034559798e-06,-13.250006675720215,-6.556489552167477e-06,attack,no
1227,1,0,3.7266379512857925e-06,-12.500009536743164,-9.179073458653875e-06,attack,no
1228,1,0,2.2603245673279107e-06,-13.000004768371582,-4.887569048150908e-06,attack,no
1229,1,0,3.059022269250683e-07,-15.000001907348633,-1.9073468138230965e-06,attack,no
1230,1,0,5.829127944863307e-05,-9.75006103515625,-6.12716976320371e-05,attack,no
1231,1,0,6.14417753159936e-06,-12.00001049041748,-1.0967194612021558e-05,attack,no
1232,1,0,1.637377057673536e-07,-15.62500286102295,-2.9802276912960224e-06,attack,no
1233,1,0,7.338210679816025e-07,-14.125007629394531,-7.748573807475623e-06,attack,no
1234,1,0,1.6701425826829356e-05,-11.000019073486328,-1.9311717551317997e-05,attack,no
1235,1,0,1.2098661161982044e-06,-13.625003814697266,-4.172316494077677e-06,attack,no
1236,1,0,3.0590219045716434e-07,-15.000003814697266,-3.6954811548639555e-06,attack,no
1237,1,0,9.422450431954848e-07,-13.875003814697266,-4.291525328881107e-06,attack,no
1238,1,0,1.3709576971316842e-06,-13.500004768371582,-5.125986263010418e-06,attack,no
1239,1,0,1.5534973842030142e-06,-13.375003814697266,-3.576272320060525e-06,attack,no
1240,1,0,1.3709572068354011e-06,-13.500005722045898,-5.722029527532868e-06,attack,no
1241,1,0,5.043476486902203e-07,-14.50000286102295,-3.3378546504536644e-06,attack,no
1242,1,0,5.715002426460124e-07,-14.375003814697266,-3.4570634852570947e-06,attack,no
1243,1,0,0.00015843619818758245,-8.750160217285156,-0.00016008525562938303,attack,no
1244,1,0,7.338210680002898e-07,-14.12500286102295,-2.9802276912960224e-06,attack,no
1245,1,0,1.6373772528677946e-07,-15.625001907348633,-2.145764938177308e-06,attack,no
1246,1,0,4.222834451382848e-06,-12.375005722045898,-5.960446742392378e-06,attack,no
1247,1,0,7.338213304343414e-07,-14.12500286102295,-3.3378546504536644e-06,attack,no
1248,1,0,1.7603436329394601e-06,-13.25001049041748,-1.07287787614041e-05,attack,no
1249,1,0,1.1478765389222571e-05,-11.375014305114746,-1.4066597032069694e-05,attack,no
1250,1,0,5.422217030663578e-06,-12.125009536743164,-9.179073458653875e-06,attack,no
1251,1,0,8.31528027658082e-07,-14.000003814697266,-3.814689989667386e-06,attack,no
1252,1,0,3.466325797878046e-07,-14.875003814697266,-3.6954811548639555e-06,attack,no
1253,1,0,1.637376276909393e-07,-15.625003814697266,-3.4570634852570947e-06,attack,no
1254,1,0,1.760343633025915e-06,-13.250003814697266,-4.0531076592742465e-06,attack,no
1255,1,0,1.0677033791107183e-06,-13.750009536743164,-1.0013530300057027e-05,attack,no
1256,1,0,7.338211554758494e-07,-14.125003814697266,-4.0531076592742465e-06,attack,no
1257,1,0,2.260323489435463e-06,-13.00001049041748,-1.0132738680113107e-05,attack,no
1258,1,0,1.2098661162023307e-06,-13.62500286102295,-3.2186455882765586e-06,attack,no
1259,1,0,7.3382115546417e-07,-14.125006675720215,-6.9141146923357155e-06,attack,no
1260,1,0,1.5534971989908e-06,-13.375006675720215,-6.318072337307967e-06,attack,no
1261,1,0,1.8553912395338048e-07,-15.500003814697266,-3.933898824470816e-06,attack,no
1262,1,0,0.010986942853232415,-4.511047840118408,-0.011047860607504845,attack,no
1263,1,0,4.53978902983119e-05,-10.000046730041504,-4.7205765440594405e-05,attack,no
1264,1,0,1.76034279361833e-06,-13.250005722045898,-5.483612312673358e-06,attack,no
1265,1,0,1.553497754583709e-06,-13.375003814697266,-3.814689989667386e-06,attack,no
1266,1,0,3.4663274507563266e-07,-14.87500286102295,-3.2186455882765586e-06,attack,no
1267,1,0,1.06770248817616e-06,-13.750007629394531,-7.271740287251305e-06,attack,no
1268,1,0,6.962254589978261e-06,-11.875008583068848,-8.34461570775602e-06,attack,no
1269,1,0,6.144177531660829e-06,-12.000009536743164,-1.0013530300057027e-05,attack,no
1270,1,0,3.72664017246987e-06,-12.50001049041748,-1.07287787614041e-05,attack,no
1271,1,0,6.475951070002967e-07,-14.250001907348633,-2.3841830625315197e-06,attack,no
1272,1,0,2.561281600049467e-06,-12.875006675720215,-6.437280717364047e-06,attack,no
1273,1,0,1.0677028700320083e-06,-13.750004768371582,-4.768360213347478e-06,attack,no
1274,1,0,1.209865827740176e-06,-13.625004768371582,-4.887569048150908e-06,attack,no
1275,1,0,4.4508526417176896e-07,-14.62500286102295,-3.3378546504536644e-06,attack,no
1276,1,0,4.450851580555361e-07,-14.62500286102295,-3.099436753473128e-06,attack,no
1277,1,0,8.764247451259466e-08,-16.250003814697266,-3.814689989667386e-06,attack,no
1278,1,0,1.209865683500459e-06,-13.625006675720215,-6.6756979322235566e-06,attack,no
1279,1,0,1.8925143729954285e-05,-10.875020980834961,-2.074220174108632e-05,attack,no
1280,1,0,2.6995787400282076e-07,-15.125001907348633,-2.264974000354414e-06,attack,no
1281,1,0,8.315279285326831e-07,-14.000003814697266,-3.6954811548639555e-06,attack,no
1282,1,0,1.2098653950551882e-06,-13.625005722045898,-5.483612312673358e-06,attack,no
1283,1,0,2.699577130944368e-07,-15.125003814697266,-3.576272320060525e-06,attack,no
1284,1,0,6.962257079705672e-06,-11.87501049041748,-1.0609570381348021e-05,attack,no
1285,1,0,5.715002426410745e-07,-14.375005722045898,-5.364403477869928e-06,attack,no
1286,1,0,6.144177531660829e-06,-12.000009536743164,-1.0013530300057027e-05,attack,no
1287,1,0,8.315281267581578e-07,-14.000008583068848,-8.702239938429557e-06,attack,no
1288,1,0,7.734421308872513e-08,-16.375003814697266,-3.814689989667386e-06,attack,no
1289,1,0,1.5534979397677315e-06,-13.375004768371582,-4.887569048150908e-06,attack,no
1290,1,0,7.484621837164364e-05,-9.500076293945312,-7.617183291586116e-05,attack,no
1291,1,0,4.785096205830278e-06,-12.250011444091797,-1.1801649634435307e-05,attack,no
1292,1,0,1.6701425825857223e-05,-11.000021934509277,-2.2172682292875834e-05,attack,no
1293,1,0,2.382369667923043e-07,-15.25000286102295,-3.099436753473128e-06,attack,no
1294,1,0,7.338213304243303e-07,-14.125005722045898,-6.198863957251888e-06,attack,no
1295,1,0,7.484620944504663e-05,-9.500077247619629,-7.70062324590981e-05,attack,no
1296,1,0,2.9023112932045342e-06,-12.750005722045898,-5.483612312673358e-06,attack,no
1297,1,0,9.422443692390472e-07,-13.875006675720215,-6.437280717364047e-06,attack,no
1298,1,0,6.475945665977468e-07,-14.250005722045898,-5.364403477869928e-06,attack,no
1299,1,0,2.561282515967739e-06,-12.875009536743164,-9.65590606938349e-06,attack,no
1300,1,0,9.422450431954848e-07,-13.875003814697266,-4.291525328881107e-06,attack,no
1301,1,0,4.4508505193791187e-07,-14.625003814697266,-3.814689989667386e-06,attack,no
1302,1,0,1.1253506814797596e-07,-16.000003814697266,-2.9802276912960224e-06,attack,no
1303,1,0,1.855391460719133e-07,-15.50000286102295,-3.099436753473128e-06,attack,no
1304,1,0,1.994730197081392e-06,-13.125004768371582,-5.006777428206988e-06,attack,no
1305,1,0,7.338213304243303e-07,-14.125005722045898,-6.198863957251888e-06,attack,no
1306,1,0,5.715004470313855e-07,-14.37500286102295,-2.861018856492592e-06,attack,no
1307,1,0,5.715005151485975e-07,-14.375006675720215,-6.794906312279636e-06,attack,no
1308,1,0,2.2603248367656408e-06,-13.000005722045898,-5.960446742392378e-06,attack,no
1309,1,0,4.785093924362895e-06,-12.250006675720215,-6.556489552167477e-06,attack,no
1310,1,0,3.927863875609991e-07,-14.750001907348633,-2.3841830625315197e-06,attack,no
1311,1,0,1.3709572068522336e-06,-13.50000286102295,-2.861018856492592e-06,attack,no
1312,1,0,2.2603251062013478e-06,-13.000006675720215,-7.033323527139146e-06,attack,no
1313,1,0,1.0677032518814388e-06,-13.750001907348633,-2.264974000354414e-06,attack,no
1314,1,0,3.288747889250454e-06,-12.625006675720215,-6.318072337307967e-06,attack,no
1315,1,0,9.422450431954848e-07,-13.875003814697266,-4.291525328881107e-06,attack,no
1316,1,0,2.5612831267086116e-06,-12.875004768371582,-5.125986263010418e-06,attack,no
1317,1,0,1.2098659719601036e-06,-13.625005722045898,-5.960446742392378e-06,attack,no
1318,1,0,7.338208930443633e-07,-14.12500286102295,-2.7418097943154862e-06,attack,no
1319,1,0,2.753570094792076e-05,-10.500031471252441,-3.182837463100441e-05,attack,no
1320,1,0,1.553497754583709e-06,-13.375003814697266,-3.814689989667386e-06,attack,no
1321,1,0,1.0677028700320083e-06,-13.750004768371582,-4.768360213347478e-06,attack,no
1322,1,0,6.475948753965404e-07,-14.250004768371582,-4.887569048150908e-06,attack,no
1323,1,0,2.6995784182073116e-07,-15.12500286102295,-3.099436753473128e-06,attack,no
1324,1,0,4.4508526417176896e-07,-14.62500286102295,-3.3378546504536644e-06,attack,no
1325,1,0,8.315283250343497e-07,-14.000003814697266,-4.172316494077677e-06,attack,no
1326,1,0,1.2751899728072404e-07,-15.875006675720215,-6.318072337307967e-06,attack,no
1327,1,0,2.1024334103505248e-07,-15.37500286102295,-2.861018856492592e-06,attack,no
1328,1,0,1.6373766672936515e-07,-15.62500286102295,-2.7418097943154862e-06,attack,no
1329,1,0,4.539785241263673e-05,-10.000049591064453,-4.9232225137529895e-05,attack,no
1330,1,0,1.994729483715462e-06,-13.125004768371582,-4.6491513785440475e-06,attack,no
1331,1,0,2.3823685319174098e-07,-15.250003814697266,-3.576272320060525e-06,attack,no
1332,1,0,2.1024336609724316e-07,-15.375003814697266,-3.933898824470816e-06,attack,no
1333,1,0,6.475949526020043e-07,-14.250001907348633,-2.145764938177308e-06,attack,no
1334,1,0,1.7603438428660665e-06,-13.250004768371582,-5.125986263010418e-06,attack,no
1335,1,0,1.3709572068354011e-06,-13.500005722045898,-5.722029527532868e-06,attack,no
1336,1,0,1.4738987243478167e-05,-11.125016212463379,-1.6569954823353328e-05,attack,no
1337,1,0,6.475950297993788e-07,-14.25000286102295,-3.2186455882765586e-06,attack,no
1338,1,0,2.699577130944368e-07,-15.125003814697266,-3.576272320060525e-06,attack,no
1339,1,0,2.5612831267086116e-06,-12.875004768371582,-5.125986263010418e-06,attack,no
1340,1,0,2.3823685319174098e-07,-15.250003814697266,-3.576272320060525e-06,attack,no
1341,1,0,4.139937053868778e-08,-17.000001907348633,-1.7881377516459906e-06,attack,no
1342,1,0,6.475947209826951e-07,-14.250008583068848,-8.4638240878121e-06,attack,no
1343,1,0,8.93969417229051e-06,-11.625016212463379,-1.597391747054644e-05,attack,no
1344,1,0,6.475950297906913e-07,-14.250005722045898,-6.079655122448457e-06,attack,no
1345,1,0,3.2887506335697225e-06,-12.625006675720215,-7.152531907195225e-06,attack,no
1346,1,0,6.60521683262057e-05,-9.625066757202148,-6.711257447022945e-05,attack,no
1347,1,0,4.785093353787868e-06,-12.25001049041748,-1.0251946150674485e-05,attack,no
1348,1,0,3.927863407362516e-07,-14.75000286102295,-3.2186455882765586e-06,attack,no
1349,1,0,3.9278615343901467e-07,-14.750004768371582,-4.6491513785440475e-06,attack,no
1350,1,0,3.4663253846718004e-07,-14.87500286102295,-2.622600959512056e-06,attack,no
1351,1,0,1.1478769494250384e-05,-11.375014305114746,-1.4424220353248529e-05,attack,no
1352,1,0,1.067702742756907e-06,-13.750003814697266,-3.6954811548639555e-06,attack,no
1353,1,0,3.4663274507563266e-07,-14.87500286102295,-3.2186455882765586e-06,attack,no
1354,1,0,1.5534981249697903e-06,-13.37500286102295,-3.099436753473128e-06,attack,no
1355,1,0,2.699577774579753e-07,-15.12500286102295,-2.861018856492592e-06,attack,no
1356,1,0,3.288749457469787e-06,-12.625004768371582,-4.887569048150908e-06,attack,no
1357,1,0,1.8553905759969634e-07,-15.500003814697266,-3.576272320060525e-06,attack,no
1358,1,0,1.0677026154806063e-06,-13.75000286102295,-2.622600959512056e-06,attack,no
1359,1,0,2.902311985163583e-06,-12.750005722045898,-5.722029527532868e-06,attack,no
1360,1,0,2.699577774579753e-07,-15.12500286102295,-2.861018856492592e-06,attack,no
1361,1,0,4.4508489276501435e-07,-14.62500286102295,-2.50339189733495e-06,attack,no
1362,1,0,4.785094494716039e-06,-12.250008583068848,-8.583032467868179e-06,attack,no
1363,1,0,2.10243265841519e-07,-15.375007629394531,-7.271740287251305e-06,attack,no
1364,1,0,4.785093353909723e-06,-12.250007629394531,-7.390948667307384e-06,attack,no
1365,1,0,7.734421308872513e-08,-16.375003814697266,-3.814689989667386e-06,attack,no
1366,1,0,8.315278294097537e-07,-14.00000286102295,-2.622600959512056e-06,attack,no
1367,1,0,4.450850519360903e-07,-14.625004768371582,-4.768360213347478e-06,attack,no
1368,1,0,5.0434758856882e-07,-14.500001907348633,-2.264974000354414e-06,attack,no
1369,1,0,7.338210680002898e-07,-14.12500286102295,-2.9802276912960224e-06,attack,no
1370,1,0,0.0001398221242632629,-8.875140190124512,-0.00014053787162993103,attack,no
1371,1,0,1.2751905808849868e-07,-15.87500286102295,-2.9802276912960224e-06,attack,no
1372,1,0,1.760343633025915e-06,-13.250003814697266,-4.0531076592742465e-06,attack,no
1373,1,0,5.04347408195718e-07,-14.500004768371582,-4.768360213347478e-06,attack,no
1374,1,0,8.315283250305683e-07,-14.000004768371582,-5.125986263010418e-06,attack,no
1375,1,0,2.5612812947240366e-06,-12.875006675720215,-6.318072337307967e-06,attack,no
1376,1,0,1.5534984953382988e-06,-13.375004768371582,-5.245195097813848e-06,attack,no
1377,1,0,1.553497384196656e-06,-13.375004768371582,-4.529942543740617e-06,attack,no
1378,1,0,9.422445939002807e-07,-13.875003814697266,-3.814689989667386e-06,attack,no
1379,1,0,4.539786865090791e-05,-10.00004768371582,-4.768258077092469e-05,attack,no
1380,1,0,2.902313369018826e-06,-12.750008583068848,-9.059865078597795e-06,attack,no
1381,1,0,4.22283445132716e-06,-12.375007629394531,-7.867782187531702e-06,attack,no
1382,1,0,2.9023119851266288e-06,-12.750007629394531,-7.629365427419543e-06,attack,no
1383,1,0,6.475951069961737e-07,-14.250003814697266,-4.291525328881107e-06,attack,no
1384,1,0,7.889265407177056e-06,-11.75001049041748,-1.0847986231965479e-05,attack,no
1385,1,0,9.422450431954848e-07,-13.875003814697266,-4.291525328881107e-06,attack,no
1386,1,0,7.338208055579897e-07,-14.125005722045898,-5.483612312673358e-06,attack,no
1387,1,0,8.31528027660729e-07,-14.00000286102295,-2.861018856492592e-06,attack,no
1388,1,0,7.338213304243303e-07,-14.125005722045898,-6.198863957251888e-06,attack,no
1389,1,0,5.715003107755449e-07,-14.37500286102295,-2.622600959512056e-06,attack,no
1390,1,0,1.1253506814715717e-07,-16.0000057220459,-4.887569048150908e-06,attack,no
1391,1,0,7.3382080556433e-07,-14.125003814697266,-3.576272320060525e-06,attack,no
1392,1,0,0.0011695102991889266,-6.751171112060547,-0.0011711412807926536,attack,no
1393,1,0,2.561282821352716e-06,-12.875006675720215,-6.9141146923357155e-06,attack,no
1394,1,0,7.338207180838066e-07,-14.125004768371582,-4.410734163684538e-06,attack,no
1395,1,0,7.338207180838066e-07,-14.125004768371582,-4.410734163684538e-06,attack,no
1396,1,0,3.927863407362516e-07,-14.75000286102295,-3.2186455882765586e-06,attack,no
1397,1,0,1.5534984953382988e-06,-13.375004768371582,-5.245195097813848e-06,attack,no
1398,1,0,1.5534983101549164e-06,-13.375003814697266,-4.172316494077677e-06,attack,no
1399,1,0,3.927863407362516e-07,-14.75000286102295,-3.2186455882765586e-06,attack,no
1400,1,0,1.3709575337078827e-06,-13.500003814697266,-4.0531076592742465e-06,attack,no
1401,1,0,3.726639284125553e-06,-12.500005722045898,-5.722029527532868e-06,attack,no
1402,1,0,5.1442195276187676e-05,-9.875052452087402,-5.209310256759636e-05,attack,no
1403,1,0,1.9947297214944016e-06,-13.125005722045898,-5.722029527532868e-06,attack,no
1404,1,0,4.00637112961588e-05,-10.125041961669922,-4.2437604861333966e-05,attack,no
1405,1,0,1.8925143729954285e-05,-10.875020980834961,-2.074220174108632e-05,attack,no
1406,1,1,0.9914225137705398,-0.008615112863481045,-4.758615016937256,attack,yes
1407,1,0,6.475951070002967e-07,-14.250001907348633,-2.3841830625315197e-06,attack,no
1408,1,0,9.42244481579298e-07,-13.87500286102295,-2.7418097943154862e-06,attack,no
1409,1,0,1.3709572068354011e-06,-13.500005722045898,-5.722029527532868e-06,attack,no
1410,1,0,8.315282259117513e-07,-14.00000286102295,-3.099436753473128e-06,attack,no
1411,1,0,2.5612834320214477e-06,-12.875005722045898,-6.198863957251888e-06,attack,no
1412,1,0,3.4663274507563266e-07,-14.87500286102295,-3.2186455882765586e-06,attack,no
1413,1,0,2.1024329090867228e-07,-15.375003814697266,-3.576272320060525e-06,attack,no
1414,1,0,1.76034279361833e-06,-13.250005722045898,-5.483612312673358e-06,attack,no
1415,1,0,9.422442569315887e-07,-13.87500286102295,-2.50339189733495e-06,attack,no
1416,1,0,5.715005151485975e-07,-14.375006675720215,-6.794906312279636e-06,attack,no
1417,1,0,9.422450431954848e-07,-13.875003814697266,-4.291525328881107e-06,attack,no
1418,1,0,1.0129988564578197e-05,-11.500015258789062,-1.5020257706055418e-05,attack,no
1419,1,0,9.422443692527586e-07,-13.875003814697266,-3.576272320060525e-06,attack,no
1420,1,0,5.043474081977821e-07,-14.500003814697266,-3.814689989667386e-06,attack,no
1421,1,0,8.31528027658082e-07,-14.000003814697266,-3.814689989667386e-06,attack,no
1422,1,0,1.0677031245990086e-06,-13.75000286102295,-3.099436753473128e-06,attack,no
1423,1,0,2.1024326584639497e-07,-15.37500286102295,-2.50339189733495e-06,attack,no
1424,1,1,0.8519528019683106,-0.16022419929504395,-1.910224199295044,attack,yes
1425,1,0,5.715006514151423e-07,-14.37500286102295,-3.2186455882765586e-06,attack,no
1426,1,0,8.315278294038927e-07,-14.000004768371582,-4.529942543740617e-06,attack,no
1427,1,0,2.9023119851266288e-06,-12.750007629394531,-7.629365427419543e-06,attack,no
1428,1,0,3.726637951367136e-06,-12.500006675720215,-6.318072337307967e-06,attack,no
1429,1,0,2.699578418185828e-07,-15.125004768371582,-5.006777428206988e-06,attack,no
1430,1,0,4.222835458175145e-06,-12.375005722045898,-6.198863957251888e-06,attack,no
1431,1,0,8.315283250305683e-07,-14.000004768371582,-5.125986263010418e-06,attack,no
1432,1,0,6.144176799227921e-06,-12.000009536743164,-9.894321920000948e-06,attack,no
1433,1,0,1.855391460719133e-07,-15.50000286102295,-3.099436753473128e-06,attack,no
1434,1,0,7.338210680002898e-07,-14.12500286102295,-2.9802276912960224e-06,attack,no
1435,1,0,6.144172404693786e-06,-12.000008583068848,-8.22540732769994e-06,attack,no
1436,1,0,3.059022998576898e-07,-15.000001907348633,-2.145764938177308e-06,attack,no
1437,1,0,3.0590229985588146e-07,-15.000003814697266,-4.0531076592742465e-06,attack,no
1438,1,0,1.370956716557996e-06,-13.500003814697266,-3.4570634852570947e-06,attack,no
1439,1,0,1.76034279361833e-06,-13.250005722045898,-5.483612312673358e-06,attack,no
1440,1,0,1.8553910183607377e-07,-15.50000286102295,-2.861018856492592e-06,attack,no
1441,1,0,5.715005151485975e-07,-14.375006675720215,-6.794906312279636e-06,attack,no
1442,1,0,2.260324836787226e-06,-13.000003814697266,-4.0531076592742465e-06,attack,no
1443,1,0,7.338213304343414e-07,-14.12500286102295,-3.3378546504536644e-06,attack,no
1444,1,0,1.209865683518615e-06,-13.625003814697266,-3.814689989667386e-06,attack,no
1445,1,0,6.475951069961737e-07,-14.250003814697266,-4.291525328881107e-06,attack,no
1446,1,0,1.0677031245990086e-06,-13.75000286102295,-3.099436753473128e-06,attack,no
1447,1,0,1.209865683518615e-06,-13.625003814697266,-3.814689989667386e-06,attack,no
1448,1,0,2.3823702358575385e-07,-15.250007629394531,-8.106198947643861e-06,attack,no
1449,1,0,5.829127249720784e-05,-9.750061988830566,-6.210611172718927e-05,attack,no
1450,1,0,0.008577486261139761,-4.758614540100098,-0.00861463975161314,attack,no
1451,1,0,3.0590233632073814e-07,-15.000004768371582,-5.125986263010418e-06,attack,no
1452,1,0,6.96225458985162e-06,-11.87501049041748,-1.0251946150674485e-05,attack,no
1453,1,0,4.006368264122625e-05,-10.125042915344238,-4.2676016164477915e-05,attack,no
1454,1,0,7.338211554758494e-07,-14.125003814697266,-4.0531076592742465e-06,attack,no
1455,1,1,0.8519528076067262,-0.16022451221942902,-1.9102245569229126,attack,yes
1456,1,0,1.0677024881887838e-06,-13.750005722045898,-5.364403477869928e-06,attack,no
1457,1,0,9.422444815726564e-07,-13.875004768371582,-4.6491513785440475e-06,attack,no
1458,1,0,5.04347588565724e-07,-14.500003814697266,-4.172316494077677e-06,attack,no
1459,1,0,2.2603240284042356e-06,-13.000006675720215,-6.556489552167477e-06,attack,no
1460,1,0,7.889264466639054e-06,-11.750011444091797,-1.168244216387393e-05,attack,no
1461,1,0,5.715002426410745e-07,-14.375005722045898,-5.364403477869928e-06,attack,no
1462,1,0,1.8553903548231313e-07,-15.50000286102295,-2.50339189733495e-06,attack,no
1463,1,0,8.939695238634211e-06,-11.62501049041748,-1.0371154530730564e-05,attack,no
1464,1,0,7.338207180838066e-07,-14.125004768371582,-4.410734163684538e-06,attack,no
1465,1,0,2.902311639167541e-06,-12.750006675720215,-6.556489552167477e-06,attack,no
1466,1,0,3.9278615344062223e-07,-14.750003814697266,-3.6954811548639555e-06,attack,no
1467,1,0,9.422445938917109e-07,-13.875005722045898,-5.722029527532868e-06,attack,no
1468,1,0,5.043473480643696e-07,-14.500007629394531,-7.510157047363464e-06,attack,no
1469,1,0,9.422450431954848e-07,-13.875003814697266,-4.291525328881107e-06,attack,no
1470,1,0,5.422219616140079e-06,-12.125009536743164,-9.65590606938349e-06,attack,no
1471,1,0,0.00015843625483059453,-8.750160217285156,-0.00016044282529037446,attack,no
1472,1,0,1.067702742756907e-06,-13.750003814697266,-3.6954811548639555e-06,attack,no
1473,1,0,7.338211554758494e-07,-14.125003814697266,-4.0531076592742465e-06,attack,no
1474,1,0,3.9278615344062223e-07,-14.750003814697266,-3.6954811548639555e-06,attack,no
1475,1,0,1.125352157150251e-07,-16.000003814697266,-4.291525328881107e-06,attack,no
1476,1,0,6.605212896154099e-05,-9.625066757202148,-6.651657167822123e-05,attack,no
1477,1,0,2.2603240284165705e-06,-13.000005722045898,-5.602820692729438e-06,attack,no
1478,1,0,1.7603430034743915e-06,-13.250004768371582,-4.6491513785440475e-06,attack,no
1479,1,1,0.9626731151992686,-0.03804175928235054,-3.288041830062866,attack,yes
1480,1,0,9.61024035730345e-05,-9.250099182128906,-9.905801562126726e-05,attack,no
1481,1,0,9.422442569315887e-07,-13.87500286102295,-2.50339189733495e-06,attack,no
1482,1,0,3.4663253846473677e-07,-14.875004768371582,-4.529942543740617e-06,attack,no
1483,1,0,7.338207180884784e-07,-14.12500286102295,-2.50339189733495e-06,attack,no
1484,1,0,2.1024336609724316e-07,-15.375003814697266,-3.933898824470816e-06,attack,no
1485,1,0,2.9023123311425104e-06,-12.750005722045898,-5.8412379075889476e-06,attack,no
1486,1,0,0.0052201262521444506,-5.2552337646484375,-0.005233872216194868,attack,no
1487,1,0,8.315279285326831e-07,-14.000003814697266,-3.6954811548639555e-06,attack,no
1488,1,0,0.006692849670509208,-5.006715774536133,-0.006715585943311453,attack,no
1489,1,0,8.315279285251204e-07,-14.000005722045898,-5.602820692729438e-06,attack,no
1490,1,0,9.422450431800594e-07,-13.875006675720215,-7.152531907195225e-06,attack,no
1491,1,0,4.4508494581252043e-07,-14.625007629394531,-7.390948667307384e-06,attack,no
1492,1,0,3.059021904559123e-07,-15.000004768371582,-4.6491513785440475e-06,attack,no
1493,1,0,1.3709575337078827e-06,-13.500003814697266,-4.0531076592742465e-06,attack,no
1494,1,1,0.9046505395995929,-0.10020679980516434,-2.3502068519592285,attack,yes
1495,1,0,6.475947982022762e-07,-14.25000286102295,-2.861018856492592e-06,attack,no
1496,1,0,1.5534981249697903e-06,-13.37500286102295,-3.099436753473128e-06,attack,no
1497,1,0,0.0002611902478793781,-8.250262260437012,-0.0002619877050165087,attack,no
1498,1,0,3.927862939113311e-07,-14.750003814697266,-4.0531076592742465e-06,attack,no
1499,1,0,5.715004470170916e-07,-14.375007629394531,-7.629365427419543e-06,attack,no
1500,1,0,6.475948753965404e-07,-14.250004768371582,-4.887569048150908e-06,attack,no
1501,1,0,1.994730434798734e-06,-13.125009536743164,-9.894321920000948e-06,attack,no
1502,1,0,2.6995768091383957e-07,-15.12500286102295,-2.50339189733495e-06,attack,no
1503,1,0,2.7535691100158773e-05,-10.500032424926758,-3.242440288886428e-05,attack,no
1504,1,0,1.5534984953382988e-06,-13.375004768371582,-5.245195097813848e-06,attack,no
1505,1,0,5.715005832886879e-07,-14.375001907348633,-2.145764938177308e-06,attack,no
1506,1,0,1.3709567165530085e-06,-13.500004768371582,-4.410734163684538e-06,attack,no
1507,1,0,2.6995771309333195e-07,-15.125004768371582,-4.529942543740617e-06,attack,no
1508,1,0,2.9023119851266288e-06,-12.750007629394531,-7.629365427419543e-06,attack,no
1509,1,0,2.2603248367656408e-06,-13.000005722045898,-5.960446742392378e-06,attack,no
1510,1,0,7.889262585814522e-06,-11.75001049041748,-1.0490362910786644e-05,attack,no
1511,1,0,5.71500378885334e-07,-14.375008583068848,-8.4638240878121e-06,attack,no
1512,1,0,4.4508526417176896e-07,-14.62500286102295,-3.3378546504536644e-06,attack,no
1513,1,0,5.043474082005343e-07,-14.500001907348633,-1.9073468138230965e-06,attack,no
1514,1,0,1.3709572068179446e-06,-13.500007629394531,-7.629365427419543e-06,attack,no
1515,1,0,1.7603430034743915e-06,-13.250004768371582,-4.6491513785440475e-06,attack,no
1516,1,0,1.994729483715462e-06,-13.125004768371582,-4.6491513785440475e-06,attack,no
1517,1,0,7.338213304343414e-07,-14.12500286102295,-3.3378546504536644e-06,attack,no
1518,1,0,5.04347588565724e-07,-14.500003814697266,-4.172316494077677e-06,attack,no
1519,1,0,2.5612812947240366e-06,-12.875006675720215,-6.318072337307967e-06,attack,no
1520,1,0,6.962254589617333e-06,-11.87501335144043,-1.3112935448589269e-05,attack,no
1521,1,0,1.8553912395338048e-07,-15.500003814697266,-3.933898824470816e-06,attack,no
1522,1,0,5.043472278312808e-07,-14.50000286102295,-2.50339189733495e-06,attack,no
1523,1,0,6.475951069961737e-07,-14.250003814697266,-4.291525328881107e-06,attack,no
1524,1,0,1.994729959293325e-06,-13.125004768371582,-4.887569048150908e-06,attack,no
1525,1,0,2.5612825160422822e-06,-12.875005722045898,-5.8412379075889476e-06,attack,no
1526,1,0,1.0677029973056687e-06,-13.750005722045898,-5.8412379075889476e-06,attack,no
1527,1,0,7.338211554725123e-07,-14.125004768371582,-5.006777428206988e-06,attack,no
1528,1,0,1.0677024881941248e-06,-13.750004768371582,-4.410734163684538e-06,attack,no
1529,1,0,1.2098653950606901e-06,-13.625004768371582,-4.529942543740617e-06,attack,no
1530,1,0,1.3709567165530085e-06,-13.500004768371582,-4.410734163684538e-06,attack,no
1531,1,0,3.1201926253802263e-05,-10.375033378601074,-3.3854863431770355e-05,attack,no
1532,1,0,3.2887506335906595e-06,-12.625005722045898,-6.198863957251888e-06,attack,no
1533,1,0,0.000139822090937839,-8.875140190124512,-0.00014029949670657516,attack,no
1534,1,0,4.222832941111319e-06,-12.375008583068848,-8.4638240878121e-06,attack,no
1535,1,0,6.825608606148807e-08,-16.500001907348633,-2.7418097943154862e-06,attack,no
1536,1,0,4.2228324375973415e-06,-12.375011444091797,-1.1205610462639015e-05,attack,no
1537,1,0,7.338210680002898e-07,-14.12500286102295,-2.9802276912960224e-06,attack,no
1538,1,0,2.2603240284165705e-06,-13.000005722045898,-5.602820692729438e-06,attack,no
1539,1,0,6.962257079705672e-06,-11.87501049041748,-1.0609570381348021e-05,attack,no
1540,1,0,1.0677024881887838e-06,-13.750005722045898,-5.364403477869928e-06,attack,no
1541,1,0,5.715005151574337e-07,-14.375003814697266,-3.933898824470816e-06,attack,no
1542,1,0,7.338208930443633e-07,-14.12500286102295,-2.7418097943154862e-06,attack,no
1543,1,0,1.0677031245990086e-06,-13.75000286102295,-3.099436753473128e-06,attack,no
1544,1,0,2.1444956084249965e-05,-10.750022888183594,-2.3245540432981215e-05,attack,no
1545,1,0,1.553497754583709e-06,-13.375003814697266,-3.814689989667386e-06,attack,no
1546,1,0,8.315278294038927e-07,-14.000004768371582,-4.529942543740617e-06,attack,no
1547,1,0,9.422450431954848e-07,-13.875003814697266,-4.291525328881107e-06,attack,no
1548,1,0,8.315279285326831e-07,-14.000003814697266,-3.6954811548639555e-06,attack,no
1549,1,0,1.0129992187400496e-05,-11.500014305114746,-1.4424220353248529e-05,attack,no
1550,1,0,7.889265407255982e-06,-11.750009536743164,-9.894321920000948e-06,attack,no
1551,1,0,3.4663274507287414e-07,-14.875004768371582,-5.125986263010418e-06,attack,no
1552,1,0,3.9278615343901467e-07,-14.750004768371582,-4.6491513785440475e-06,attack,no
1553,1,0,1.5534984953382988e-06,-13.375004768371582,-5.245195097813848e-06,attack,no
1554,1,0,8.315283250305683e-07,-14.000004768371582,-5.125986263010418e-06,attack,no
1555,1,0,1.7603438428564603e-06,-13.250005722045898,-6.079655122448457e-06,attack,no
1556,1,0,3.466325797878046e-07,-14.875003814697266,-3.6954811548639555e-06,attack,no
1557,1,0,2.561282821352716e-06,-12.875006675720215,-6.9141146923357155e-06,attack,no
1558,1,0,1.9947290081286418e-06,-13.125005722045898,-5.364403477869928e-06,attack,no
1559,1,0,4.450850519360903e-07,-14.625004768371582,-4.768360213347478e-06,attack,no
1560,1,0,6.9622562498217645e-06,-11.875009536743164,-9.536697689327411e-06,attack,no
1561,1,0,2.2603253756771736e-06,-13.000004768371582,-5.245195097813848e-06,attack,no
1562,1,0,3.2887490653872164e-06,-12.625006675720215,-6.6756979322235566e-06,attack,no
1563,1,1,0.6224593312018546,-0.4740772247314453,-0.9740772247314453,attack,yes
1564,1,0,3.4663257978638593e-07,-14.875004768371582,-4.6491513785440475e-06,attack,no
1565,1,0,1.3709572068179446e-06,-13.500007629394531,-7.629365427419543e-06,attack,no
1566,1,0,6.475946438042048e-07,-14.25000286102295,-2.622600959512056e-06,attack,no
1567,1,0,3.927863407331258e-07,-14.750004768371582,-5.125986263010418e-06,attack,no
1568,1,0,8.315279285251204e-07,-14.000005722045898,-5.602820692729438e-06,attack,no
1569,1,0,2.561282210729555e-06,-12.875004768371582,-4.768360213347478e-06,attack,no
1570,1,0,2.1024334103247107e-07,-15.375005722045898,-5.722029527532868e-06,attack,no
1571,1,0,1.370957860567974e-06,-13.500003814697266,-4.291525328881107e-06,attack,no
1572,1,0,9.931189774140912e-08,-16.125003814697266,-3.4570634852570947e-06,attack,no
1573,1,0,4.450850519360903e-07,-14.625004768371582,-4.768360213347478e-06,attack,no
1574,1,0,1.8925152753790864e-05,-10.875020980834961,-2.1219027985353023e-05,attack,no
1575,1,0,4.785094494716039e-06,-12.250008583068848,-8.583032467868179e-06,attack,no
1576,1,0,8.315279285251204e-07,-14.000005722045898,-5.602820692729438e-06,attack,no
1577,1,0,6.475945665977468e-07,-14.250005722045898,-5.364403477869928e-06,attack,no
1578,1,0,7.734424996967757e-08,-16.375001907348633,-2.3841830625315197e-06,attack,no
1579,1,0,2.1024326584639497e-07,-15.37500286102295,-2.50339189733495e-06,attack,no
1580,1,0,5.0434758856882e-07,-14.500001907348633,-2.264974000354414e-06,attack,no
1581,1,0,2.9023116391978962e-06,-12.750004768371582,-4.6491513785440475e-06,attack,no
1582,1,0,7.338211554758494e-07,-14.125003814697266,-4.0531076592742465e-06,attack,no
1583,1,0,1.209865827740176e-06,-13.625004768371582,-4.887569048150908e-06,attack,no
1584,1,0,5.043472278312808e-07,-14.50000286102295,-2.50339189733495e-06,attack,no
1585,1,0,6.475946438042048e-07,-14.25000286102295,-2.622600959512056e-06,attack,no
1586,1,0,6.475948753991907e-07,-14.250003814697266,-3.933898824470816e-06,attack,no
1587,1,0,5.422217677078203e-06,-12.125008583068848,-8.34461570775602e-06,attack,no
1588,1,0,5.715002426460124e-07,-14.375003814697266,-3.4570634852570947e-06,attack,no
1589,1,0,3.059022633906118e-07,-15.00000286102295,-2.9802276912960224e-06,attack,no
1590,1,0,3.927862470890063e-07,-14.75000286102295,-2.9802276912960224e-06,attack,no
1591,1,0,0.00026119021675880823,-8.250262260437012,-0.0002618685248307884,attack,no
1592,1,0,3.927863407331258e-07,-14.750004768371582,-5.125986263010418e-06,attack,no
1593,1,0,2.2603251062147106e-06,-13.000005722045898,-6.079655122448457e-06,attack,no
1594,1,0,3.059023363231725e-07,-15.00000286102295,-3.2186455882765586e-06,attack,no
1595,1,0,4.222835458148261e-06,-12.375006675720215,-7.152531907195225e-06,attack,no
1596,1,0,0.00055277868409963,-7.500553131103516,-0.0005532164941541851,attack,no
1597,1,0,2.902311985163583e-06,-12.750005722045898,-5.722029527532868e-06,attack,no
1598,1,0,6.023573475008255e-08,-16.625003814697266,-3.814689989667386e-06,attack,no
1599,1,0,7.338212429582602e-07,-14.125001907348633,-2.264974000354414e-06,attack,no
1600,1,0,1.4449800373098553e-07,-15.750001907348633,-1.9073468138230965e-06,attack,no
1601,1,0,6.475951069961737e-07,-14.250003814697266,-4.291525328881107e-06,attack,no
1602,1,0,4.450852111120808e-07,-14.625003814697266,-4.172316494077677e-06,attack,no
1603,1,0,2.382369667923043e-07,-15.25000286102295,-3.099436753473128e-06,attack,no
1604,1,0,0.04742587300927061,-3.0485875606536865,-0.048587556928396225,attack,no
1605,1,0,4.450852641681257e-07,-14.625004768371582,-5.245195097813848e-06,attack,no
1606,1,0,1.3709576971316842e-06,-13.500004768371582,-5.125986263010418e-06,attack,no
1607,1,0,1.3709576971316842e-06,-13.500004768371582,-5.125986263010418e-06,attack,no
1608,1,0,2.4300237837960777e-05,-10.62502670288086,-2.658331868587993e-05,attack,no
1609,1,1,0.9914225148159647,-0.008615466766059399,-4.758615493774414,attack,yes
1610,1,0,5.043476486860921e-07,-14.500004768371582,-5.245195097813848e-06,attack,no
1611,1,0,5.043475284447895e-07,-14.50000286102295,-3.099436753473128e-06,attack,no
1612,1,0,2.9023119851266288e-06,-12.750007629394531,-7.629365427419543e-06,attack,no
1613,1,0,3.927862939113311e-07,-14.750003814697266,-4.0531076592742465e-06,attack,no
1614,1,0,1.3709578605542582e-06,-13.500005722045898,-6.198863957251888e-06,attack,no
1615,1,0,1.209865683500459e-06,-13.625006675720215,-6.6756979322235566e-06,attack,no
1616,1,0,2.9023119851464256e-06,-12.750006675720215,-6.6756979322235566e-06,attack,no
1617,1,0,4.222832941142044e-06,-12.375007629394531,-7.510157047363464e-06,attack,no
1618,1,0,9.422443692527586e-07,-13.875003814697266,-3.576272320060525e-06,attack,no
1619,1,0,1.1478772230198667e-05,-11.375018119812012,-1.847726889536716e-05,attack,no
1620,1,0,6.475947982022762e-07,-14.25000286102295,-2.861018856492592e-06,attack,no
1621,1,0,1.44498003730197e-07,-15.750003814697266,-3.814689989667386e-06,attack,no
1622,1,0,8.31528027660729e-07,-14.00000286102295,-2.861018856492592e-06,attack,no
1623,1,0,1.8925148241493373e-05,-10.875021934509277,-2.1934269170742482e-05,attack,no
1624,1,0,3.4663278639833103e-07,-14.875001907348633,-2.3841830625315197e-06,attack,no
1625,1,0,8.315279285251204e-07,-14.000005722045898,-5.602820692729438e-06,attack,no
1626,1,0,4.222833947862929e-06,-12.375009536743164,-9.65590606938349e-06,attack,no
1627,1,0,5.715004470313855e-07,-14.37500286102295,-2.861018856492592e-06,attack,no
1628,1,0,1.3709575337078827e-06,-13.500003814697266,-4.0531076592742465e-06,attack,no
1629,1,0,2.9023133690821777e-06,-12.750005722045898,-6.198863957251888e-06,attack,no
1630,1,0,2.9023123311425104e-06,-12.750005722045898,-5.8412379075889476e-06,attack,no
1631,1,0,6.475947982022762e-07,-14.25000286102295,-2.861018856492592e-06,attack,no
1632,1,0,5.04347468323289e-07,-14.500001907348633,-2.0265558760002023e-06,attack,no
1633,1,0,5.715006514074756e-07,-14.375005722045898,-6.079655122448457e-06,attack,no
1634,1,0,1.2751905808757086e-07,-15.875004768371582,-4.887569048150908e-06,attack,no
1635,1,1,0.985936371949496,-0.014163566753268242,-4.264163494110107,attack,yes
1636,1,0,1.6373768624874912e-07,-15.625001907348633,-1.9073468138230965e-06,attack,no
1637,1,0,4.222834954722317e-06,-12.375007629394531,-7.986990567587782e-06,attack,no
1638,1,0,2.9023130229526674e-06,-12.750011444091797,-1.1801649634435307e-05,attack,no
1639,1,0,1.637376862478556e-07,-15.625003814697266,-3.814689989667386e-06,attack,no
1640,1,0,5.043474081977821e-07,-14.500003814697266,-3.814689989667386e-06,attack,no
1641,1,0,7.338207180838066e-07,-14.125004768371582,-4.410734163684538e-06,attack,no
1642,1,0,1.637377057673536e-07,-15.62500286102295,-2.9802276912960224e-06,attack,no
1643,1,0,6.475951069961737e-07,-14.250003814697266,-4.291525328881107e-06,attack,no
1644,1,0,1.3709572068422585e-06,-13.500004768371582,-4.768360213347478e-06,attack,no
1645,1,0,5.715007195410849e-07,-14.375003814697266,-4.291525328881107e-06,attack,no
1646,1,0,1.5534977545384963e-06,-13.375008583068848,-8.583032467868179e-06,attack,no
1647,1,0,1.067702742756907e-06,-13.750003814697266,-3.6954811548639555e-06,attack,no
1648,1,0,3.059021904559123e-07,-15.000004768371582,-4.6491513785440475e-06,attack,no
1649,1,0,4.450852111120808e-07,-14.625003814697266,-4.172316494077677e-06,attack,no
1650,1,0,7.338211554758494e-07,-14.125003814697266,-4.0531076592742465e-06,attack,no
1651,1,0,2.699577774546607e-07,-15.125005722045898,-5.722029527532868e-06,attack,no
1652,1,0,2.902313023117645e-06,-12.750004768371582,-5.125986263010418e-06,attack,no
1653,1,0,2.382368531929327e-07,-15.250001907348633,-1.6689286894688848e-06,attack,no
1654,1,0,7.889260704732132e-06,-11.750012397766113,-1.2159273865108844e-05,attack,no
1655,1,0,3.1201922535494165e-05,-10.375032424926758,-3.2782016205601394e-05,attack,no
1656,1,0,6.475948753991907e-07,-14.250003814697266,-3.933898824470816e-06,attack,no
1657,1,0,3.927862939113311e-07,-14.750003814697266,-4.0531076592742465e-06,attack,no
1658,1,0,9.422443692527586e-07,-13.875003814697266,-3.576272320060525e-06,attack,no
1659,1,0,5.715006514074756e-07,-14.375005722045898,-6.079655122448457e-06,attack,no
1660,1,0,2.2603240284042356e-06,-13.000006675720215,-6.556489552167477e-06,attack,no
1661,1,0,8.939699501018248e-06,-11.62501335144043,-1.3708974620385561e-05,attack,no
1662,1,0,2.5612816000762555e-06,-12.875004768371582,-4.529942543740617e-06,attack,no
1663,1,0,2.1024339116082313e-07,-15.37500286102295,-3.099436753473128e-06,attack,no
1664,1,0,8.315277302701984e-07,-14.000006675720215,-6.318072337307967e-06,attack,no
1665,1,0,3.4663274507287414e-07,-14.875004768371582,-5.125986263010418e-06,attack,no
1666,1,0,2.753568125480443e-05,-10.500030517578125,-3.015949550899677e-05,attack,no
1667,1,0,2.699577774579753e-07,-15.12500286102295,-2.861018856492592e-06,attack,no
1668,1,0,4.450849988811838e-07,-14.62500286102295,-2.7418097943154862e-06,attack,no
1669,1,0,1.067702742756907e-06,-13.750003814697266,-3.6954811548639555e-06,attack,no
1670,1,0,8.315282259117513e-07,-14.00000286102295,-3.099436753473128e-06,attack,no
1671,1,0,5.715006514074756e-07,-14.375005722045898,-6.079655122448457e-06,attack,no
1672,1,0,3.2887490653872164e-06,-12.625006675720215,-6.6756979322235566e-06,attack,no
1673,1,0,1.1253521571574156e-07,-16.000001907348633,-2.3841830625315197e-06,attack,no
1674,1,0,2.260323758977908e-06,-13.000004768371582,-4.529942543740617e-06,attack,no
1675,1,0,1.637377057661623e-07,-15.625004768371582,-4.887569048150908e-06,attack,no
1676,1,1,0.952574122951621,-0.04858812317252159,-3.0485880374908447,attack,yes
1677,1,0,1.2098659719716573e-06,-13.625003814697266,-4.0531076592742465e-06,attack,no
1678,1,0,2.1444953527476883e-05,-10.75002384185791,-2.407998726994265e-05,attack,no
1679,1,0,1.4449803818192768e-07,-15.750001907348633,-2.145764938177308e-06,attack,no
1680,1,0,1.06770248817616e-06,-13.750007629394531,-7.271740287251305e-06,attack,no
1681,1,0,3.288749849498566e-06,-12.625005722045898,-5.960446742392378e-06,attack,no
1682,1,0,5.715007195410849e-07,-14.375003814697266,-4.291525328881107e-06,attack,no
1683,1,0,8.939696304311334e-06,-11.62501049041748,-1.0490362910786644e-05,attack,no
1684,1,0,2.902313023117645e-06,-12.750004768371582,-5.125986263010418e-06,attack,no
1685,1,0,3.2887502415243998e-06,-12.625006675720215,-7.033323527139146e-06,attack,no
1686,1,0,1.5534971990070483e-06,-13.375004768371582,-4.410734163684538e-06,attack,no
1687,1,1,0.9933071495648425,-0.006716177798807621,-5.006716251373291,attack,yes
1688,1,0,1.012999218752948e-05,-11.50001335144043,-1.3470558769768104e-05,attack,no
1689,1,0,2.1024329090867228e-07,-15.375003814697266,-3.576272320060525e-06,attack,no
1690,1,0,9.931187406176112e-08,-16.12500762939453,-7.033323527139146e-06,attack,no
1691,1,0,2.699577130957872e-07,-15.125001907348633,-1.6689286894688848e-06,attack,no
1692,1,0,1.5534979397790343e-06,-13.37500286102295,-2.9802276912960224e-06,attack,no
1693,1,0,2.5612825160271403e-06,-12.875006675720215,-6.794906312279636e-06,attack,no
1694,1,0,4.4508505193791187e-07,-14.625003814697266,-3.814689989667386e-06,attack,no
1695,1,0,2.5612834320214477e-06,-12.875005722045898,-6.198863957251888e-06,attack,no
1696,1,0,3.927863407362516e-07,-14.75000286102295,-3.2186455882765586e-06,attack,no
1697,1,0,5.42221767702889e-06,-12.125009536743164,-9.298280929215252e-06,attack,no
1698,1,0,3.466325797827604e-07,-14.875006675720215,-6.556489552167477e-06,attack,no
1699,1,0,7.338211554725123e-07,-14.125004768371582,-5.006777428206988e-06,attack,no
1700,1,0,1.9947297214944016e-06,-13.125005722045898,-5.722029527532868e-06,attack,no
1701,1,0,4.450852111120808e-07,-14.625003814697266,-4.172316494077677e-06,attack,no
1702,1,0,7.889264466639054e-06,-11.750011444091797,-1.168244216387393e-05,attack,no
1703,1,0,6.475948753991907e-07,-14.250003814697266,-3.933898824470816e-06,attack,no
1704,1,0,7.3382080556433e-07,-14.125003814697266,-3.576272320060525e-06,attack,no
1705,1,0,3.4663274507287414e-07,-14.875004768371582,-5.125986263010418e-06,attack,no
1706,1,0,9.422447062294175e-07,-13.875001907348633,-2.0265558760002023e-06,attack,no
1707,1,0,6.475947981860791e-07,-14.250007629394531,-7.629365427419543e-06,attack,no
1708,1,0,3.059022633906118e-07,-15.00000286102295,-2.9802276912960224e-06,attack,no
1709,1,0,1.553497384196656e-06,-13.375004768371582,-4.529942543740617e-06,attack,no
1710,1,0,2.3823693839290315e-07,-15.250001907348633,-2.0265558760002023e-06,attack,no
1711,1,0,6.144173869156298e-06,-12.000014305114746,-1.4185804502631072e-05,attack,no
1712,1,0,1.1253506814797596e-07,-16.000003814697266,-2.9802276912960224e-06,attack,no
1713,1,0,6.475945666033421e-07,-14.250003814697266,-3.4570634852570947e-06,attack,no
1714,1,0,2.1024334103505248e-07,-15.37500286102295,-2.861018856492592e-06,attack,no
1715,1,0,3.927862470890063e-07,-14.75000286102295,-2.9802276912960224e-06,attack,no
1716,1,0,3.927862939113311e-07,-14.750003814697266,-4.0531076592742465e-06,attack,no
1717,1,0,1.3709572068354011e-06,-13.500005722045898,-5.722029527532868e-06,attack,no
1718,1,0,1.7603430034559798e-06,-13.250006675720215,-6.556489552167477e-06,attack,no
1719,1,0,1.7603436329714807e-06,-13.250008583068848,-8.821448318485636e-06,attack,no
1720,1,0,1.0677028700320083e-06,-13.750004768371582,-4.768360213347478e-06,attack,no
1721,1,0,2.6995784182073116e-07,-15.12500286102295,-3.099436753473128e-06,attack,no
1722,1,0,1.8925152753790864e-05,-10.875020980834961,-2.1219027985353023e-05,attack,no
1723,1,0,1.370957860567974e-06,-13.500003814697266,-4.291525328881107e-06,attack,no
1724,1,0,5.715007195410849e-07,-14.375003814697266,-4.291525328881107e-06,attack,no
1725,1,0,7.338207180838066e-07,-14.125004768371582,-4.410734163684538e-06,attack,no
1726,1,0,3.0590215399183813e-07,-15.00000286102295,-2.622600959512056e-06,attack,no
1727,1,0,1.209865683500459e-06,-13.625006675720215,-6.6756979322235566e-06,attack,no
1728,1,0,4.785093924362895e-06,-12.250006675720215,-6.556489552167477e-06,attack,no
1729,1,0,1.3007128463873487e-05,-11.250020027160645,-2.002696055569686e-05,attack,no
1730,1,0,8.315283250211149e-07,-14.000006675720215,-7.033323527139146e-06,attack,no
1731,1,0,8.31528027660729e-07,-14.00000286102295,-2.861018856492592e-06,attack,no
1732,1,0,1.209865827740176e-06,-13.625004768371582,-4.887569048150908e-06,attack,no
1733,1,0,0.0015011825291288126,-6.501502513885498,-0.0015026956098154187,attack,no
1734,1,0,1.209865683518615e-06,-13.625003814697266,-3.814689989667386e-06,attack,no
1735,1,0,8.315279285326831e-07,-14.000003814697266,-3.6954811548639555e-06,attack,no
1736,1,0,7.338210680002898e-07,-14.12500286102295,-2.9802276912960224e-06,attack,no
1737,1,0,3.466326211113502e-07,-14.875001907348633,-1.9073468138230965e-06,attack,no
1738,1,0,5.715007195410849e-07,-14.375003814697266,-4.291525328881107e-06,attack,no
1739,1,0,3.927863407331258e-07,-14.750004768371582,-5.125986263010418e-06,attack,no
1740,1,0,1.5534983101301911e-06,-13.375006675720215,-7.033323527139146e-06,attack,no
1741,1,0,7.338211554758494e-07,-14.125003814697266,-4.0531076592742465e-06,attack,no
1742,1,0,1.3709567165530085e-06,-13.500004768371582,-4.410734163684538e-06,attack,no
1743,1,0,3.2887502415617882e-06,-12.625004768371582,-5.125986263010418e-06,attack,no
1744,1,0,1.5534979397677315e-06,-13.375004768371582,-4.887569048150908e-06,attack,no
1745,1,0,0.00033535011157750683,-8.000335693359375,-0.00033563701435923576,attack,no
1746,1,0,1.994729483715462e-06,-13.125004768371582,-4.6491513785440475e-06,attack,no
1747,1,0,1.3709573702822303e-06,-13.50000286102295,-2.9802276912960224e-06,attack,no
1748,1,0,2.14449484152969e-05,-10.750022888183594,-2.288792165927589e-05,attack,no
1749,1,0,3.0590229985588146e-07,-15.000003814697266,-4.0531076592742465e-06,attack,no
1750,1,0,1.370957860567974e-06,-13.500003814697266,-4.291525328881107e-06,attack,no
1751,1,0,2.2603251062013478e-06,-13.000006675720215,-7.033323527139146e-06,attack,no
1752,1,0,2.1024336609724316e-07,-15.375003814697266,-3.933898824470816e-06,attack,no
1753,1,0,4.450849988811838e-07,-14.62500286102295,-2.7418097943154862e-06,attack,no
1754,1,0,1.7603432133296776e-06,-13.250003814697266,-3.814689989667386e-06,attack,no
1755,1,0,8.315279285251204e-07,-14.000005722045898,-5.602820692729438e-06,attack,no
1756,1,0,4.7850950652041615e-06,-12.250006675720215,-6.794906312279636e-06,attack,no
1757,1,0,9.422450431954848e-07,-13.875003814697266,-4.291525328881107e-06,attack,no
1758,1,0,2.699578418185828e-07,-15.125004768371582,-5.006777428206988e-06,attack,no
1759,1,1,0.9968273176965261,-0.0031789029017090797,-5.75317907333374,attack,yes
1760,1,0,1.8553916819032217e-07,-15.500001907348633,-2.264974000354414e-06,attack,no
1761,1,0,3.9278610661822475e-07,-14.75000286102295,-2.622600959512056e-06,attack,no
1762,1,0,3.288749849428275e-06,-12.625008583068848,-8.821448318485636e-06,attack,no
1763,1,0,4.006369219554014e-05,-10.125041007995605,-4.100715523236431e-05,attack,no
1764,1,0,1.76034279361833e-06,-13.250005722045898,-5.483612312673358e-06,attack,no
1765,1,0,6.475948753991907e-07,-14.250003814697266,-3.933898824470816e-06,attack,no
1766,1,0,2.2603240284042356e-06,-13.000006675720215,-6.556489552167477e-06,attack,no
1767,1,0,3.288750633545794e-06,-12.625007629394531,-8.106198947643861e-06,attack,no
1768,1,0,9.93118503859575e-08,-16.125003814697266,-2.9802276912960224e-06,attack,no
1769,1,0,1.444980209560942e-07,-15.75000286102295,-2.9802276912960224e-06,attack,no
1770,1,0,1.2098652508391807e-06,-13.625003814697266,-3.4570634852570947e-06,attack,no
1771,1,0,5.715004470313855e-07,-14.37500286102295,-2.861018856492592e-06,attack,no
1772,1,0,7.3382080556433e-07,-14.125003814697266,-3.576272320060525e-06,attack,no
1773,1,0,4.22283445132716e-06,-12.375007629394531,-7.867782187531702e-06,attack,no
1774,1,0,4.4508526417176896e-07,-14.62500286102295,-3.3378546504536644e-06,attack,no
1775,1,1,0.995929862223701,-0.004078879952430725,-5.5040788650512695,attack,yes
1776,1,0,1.0677028700397769e-06,-13.75000286102295,-2.861018856492592e-06,attack,no
1777,1,0,1.7603432133296776e-06,-13.250003814697266,-3.814689989667386e-06,attack,no
1778,1,0,6.475951070002967e-07,-14.250001907348633,-2.3841830625315197e-06,attack,no
1779,1,0,3.1201903937944375e-05,-10.375033378601074,-3.313963316031732e-05,attack,no
1780,1,0,1.8925141473599938e-05,-10.875021934509277,-2.1576648578047752e-05,attack,no
1781,1,0,7.338213304343414e-07,-14.12500286102295,-3.3378546504536644e-06,attack,no
1782,1,0,3.466326624322211e-07,-14.87500286102295,-2.9802276912960224e-06,attack,no
1783,1,0,1.209865827740176e-06,-13.625004768371582,-4.887569048150908e-06,attack,no
1784,1,0,0.0001795279877953822,-8.625181198120117,-0.00018130090029444546,attack,no
1785,1,0,5.715007195447233e-07,-14.375001907348633,-2.3841830625315197e-06,attack,no
1786,1,0,4.222832941142044e-06,-12.375007629394531,-7.510157047363464e-06,attack,no
1787,1,0,9.422450431800594e-07,-13.875006675720215,-7.152531907195225e-06,attack,no
1788,1,0,1.9947306726684962e-06,-13.125003814697266,-4.291525328881107e-06,attack,no
1789,1,0,2.5612825160271403e-06,-12.875006675720215,-6.794906312279636e-06,attack,no
1790,1,0,2.9023112932045342e-06,-12.750005722045898,-5.483612312673358e-06,attack,no
1791,1,0,5.04347588565724e-07,-14.500003814697266,-4.172316494077677e-06,attack,no
1792,1,0,8.31528027660729e-07,-14.00000286102295,-2.861018856492592e-06,attack,no
1793,1,0,2.5612834320214477e-06,-12.875005722045898,-6.198863957251888e-06,attack,no
1794,1,0,3.120190765727184e-05,-10.375033378601074,-3.325883881188929e-05,attack,no
1795,1,0,1.209865827740176e-06,-13.625004768371582,-4.887569048150908e-06,attack,no
1796,1,0,8.315277302819206e-07,-14.000003814697266,-3.4570634852570947e-06,attack,no
1797,1,0,7.338208930443633e-07,-14.12500286102295,-2.7418097943154862e-06,attack,no
1798,1,0,9.422449308748772e-07,-13.87500286102295,-3.2186455882765586e-06,attack,no
1799,1,0,8.315278294097537e-07,-14.00000286102295,-2.622600959512056e-06,attack,no
1800,1,0,6.475948753991907e-07,-14.250003814697266,-3.933898824470816e-06,attack,no
1801,1,0,3.059023727903288e-07,-15.000001907348633,-2.3841830625315197e-06,attack,no
1802,1,0,5.715005151550947e-07,-14.375004768371582,-4.887569048150908e-06,attack,no
1803,1,0,4.222835458175145e-06,-12.375005722045898,-6.198863957251888e-06,attack,no
1804,1,0,1.760343213322473e-06,-13.250004768371582,-4.768360213347478e-06,attack,no
1805,1,0,6.144172404693786e-06,-12.000008583068848,-8.22540732769994e-06,attack,no
1806,1,0,3.9278615343901467e-07,-14.750004768371582,-4.6491513785440475e-06,attack,no
1807,1,0,1.7603425837494853e-06,-13.250007629394531,-7.271740287251305e-06,attack,no
1808,1,0,7.338208055613267e-07,-14.125004768371582,-4.529942543740617e-06,attack,no
1809,1,0,6.475945666033421e-07,-14.250003814697266,-3.4570634852570947e-06,attack,no
1810,1,0,1.8925148241493373e-05,-10.875021934509277,-2.1934269170742482e-05,attack,no
1811,1,0,8.315283250394545e-07,-14.000001907348633,-2.264974000354414e-06,attack,no
1812,1,0,6.475945665977468e-07,-14.250005722045898,-5.364403477869928e-06,attack,no
1813,1,0,3.927862470890063e-07,-14.75000286102295,-2.9802276912960224e-06,attack,no
1814,1,0,6.475951069961737e-07,-14.250003814697266,-4.291525328881107e-06,attack,no
1815,1,0,3.059023363231725e-07,-15.00000286102295,-3.2186455882765586e-06,attack,no
1816,1,0,5.0434734807664e-07,-14.50000286102295,-2.7418097943154862e-06,attack,no
1817,1,0,3.059022633906118e-07,-15.00000286102295,-2.9802276912960224e-06,attack,no
1818,1,0,1.7603425837791044e-06,-13.250004768371582,-4.410734163684538e-06,attack,no
1819,1,0,1.637376862478556e-07,-15.625003814697266,-3.814689989667386e-06,attack,no
1820,1,0,9.422450431954848e-07,-13.875003814697266,-4.291525328881107e-06,attack,no
1821,1,0,6.144176066850983e-06,-12.000008583068848,-8.821448318485636e-06,attack,no
1822,1,0,1.3709578605617394e-06,-13.500004768371582,-5.245195097813848e-06,attack,no
1823,1,0,2.9023133690821777e-06,-12.750005722045898,-6.198863957251888e-06,attack,no
1824,1,0,1.0677024881887838e-06,-13.750005722045898,-5.364403477869928e-06,attack,no
1825,1,0,3.9278605978547304e-07,-14.750007629394531,-7.271740287251305e-06,attack,no
1826,1,0,9.610243796170806e-05,-9.250096321105957,-9.655486064730212e-05,attack,no
1827,1,0,5.715006514074756e-07,-14.375005722045898,-6.079655122448457e-06,attack,no
1828,1,0,1.209865827740176e-06,-13.625004768371582,-4.887569048150908e-06,attack,no
1829,1,0,3.288749849498566e-06,-12.625005722045898,-5.960446742392378e-06,attack,no
1830,1,0,2.699578096399958e-07,-15.125001907348633,-2.0265558760002023e-06,attack,no
1831,1,0,4.785096206047877e-06,-12.250006675720215,-7.033323527139146e-06,attack,no
1832,1,0,5.715006514074756e-07,-14.375005722045898,-6.079655122448457e-06,attack,no
1833,1,0,1.3709568799368123e-06,-13.500009536743164,-9.298280929215252e-06,attack,no
1834,1,0,9.422443692527586e-07,-13.875003814697266,-3.576272320060525e-06,attack,no
1835,1,0,3.0590215398453496e-07,-15.000007629394531,-7.390948667307384e-06,attack,no
1836,1,0,5.04347408195718e-07,-14.500004768371582,-4.768360213347478e-06,attack,no
1837,1,0,1.2098659719601036e-06,-13.625005722045898,-5.960446742392378e-06,attack,no
1838,1,0,8.31528027658082e-07,-14.000003814697266,-3.814689989667386e-06,attack,no
1839,1,0,5.04347588565724e-07,-14.500003814697266,-4.172316494077677e-06,attack,no
1840,1,0,8.764240137829087e-08,-16.250003814697266,-2.9802276912960224e-06,attack,no
1841,1,0,0.0024726235293418383,-6.002475738525391,-0.0024758896324783564,attack,no
1842,1,0,8.939699501132075e-06,-11.625012397766113,-1.2755313036905136e-05,attack,no
1843,1,0,6.475951069961737e-07,-14.250003814697266,-4.291525328881107e-06,attack,no
1844,1,0,8.481108184529756e-05,-9.375085830688477,-8.630380034446716e-05,attack,no
1845,1,0,1.1478768126203411e-05,-11.375012397766113,-1.2397689715726301e-05,attack,no
1846,1,0,6.475946438042048e-07,-14.25000286102295,-2.622600959512056e-06,attack,no
1847,1,0,1.7603430034559798e-06,-13.250006675720215,-6.556489552167477e-06,attack,no
1848,1,0,1.6373766672936515e-07,-15.62500286102295,-2.7418097943154862e-06,attack,no
1849,1,0,3.927862470890063e-07,-14.75000286102295,-2.9802276912960224e-06,attack,no
1850,1,0,3.2887506335697225e-06,-12.625006675720215,-7.152531907195225e-06,attack,no
1851,1,0,5.715007195410849e-07,-14.375003814697266,-4.291525328881107e-06,attack,no
1852,1,0,1.0677033791583005e-06,-13.75000286102295,-3.3378546504536644e-06,attack,no
1853,1,0,6.475950297906913e-07,-14.250005722045898,-6.079655122448457e-06,attack,no
1854,1,0,3.9278615344062223e-07,-14.750003814697266,-3.6954811548639555e-06,attack,no
1855,1,0,7.338213304343414e-07,-14.12500286102295,-3.3378546504536644e-06,attack,no
1856,1,0,1.4449807263287805e-07,-15.750001907348633,-2.3841830625315197e-06,attack,no
1857,1,0,3.9278615344062223e-07,-14.750003814697266,-3.6954811548639555e-06,attack,no
1858,1,0,3.653480338122456e-08,-17.125001907348633,-1.4305104514278355e-06,attack,no
1859,1,0,2.1444945858485726e-05,-10.75002384185791,-2.372236667724792e-05,attack,no
1860,1,0,1.0677028700320083e-06,-13.750004768371582,-4.768360213347478e-06,attack,no
1861,1,0,7.338208055579897e-07,-14.125005722045898,-5.483612312673358e-06,attack,no
1862,1,0,4.539785782605374e-05,-10.000048637390137,-4.8397800128441304e-05,attack,no
1863,1,0,2.9023133690637e-06,-12.750006675720215,-7.152531907195225e-06,attack,no
1864,1,0,1.5534984953382988e-06,-13.375004768371582,-5.245195097813848e-06,attack,no
1865,1,0,3.72664061681327e-06,-12.500007629394531,-7.986990567587782e-06,attack,no
1866,1,0,1.444980726319581e-07,-15.750003814697266,-4.291525328881107e-06,attack,no
1867,1,0,7.338211554725123e-07,-14.125004768371582,-5.006777428206988e-06,attack,no
1868,1,0,1.209865683518615e-06,-13.625003814697266,-3.814689989667386e-06,attack,no
1869,1,0,5.715005151550947e-07,-14.375004768371582,-4.887569048150908e-06,attack,no
1870,1,0,1.7603436329394601e-06,-13.25001049041748,-1.07287787614041e-05,attack,no
1871,1,0,2.4300232043987867e-05,-10.625027656555176,-2.729855441430118e-05,attack,no
1872,1,0,5.315784338149369e-08,-16.750001907348633,-1.7881377516459906e-06,attack,no
1873,1,0,7.338211554725123e-07,-14.125004768371582,-5.006777428206988e-06,attack,no
1874,1,0,9.42244481579298e-07,-13.87500286102295,-2.7418097943154862e-06,attack,no
1875,1,0,5.715005151550947e-07,-14.375004768371582,-4.887569048150908e-06,attack,no
1876,1,0,2.9023133690821777e-06,-12.750005722045898,-6.198863957251888e-06,attack,no
1877,1,0,1.7603432133296776e-06,-13.250003814697266,-3.814689989667386e-06,attack,no
1878,1,0,1.994729483715462e-06,-13.125004768371582,-4.6491513785440475e-06,attack,no
1879,1,0,4.785096776394765e-06,-12.250008583068848,-9.059865078597795e-06,attack,no
1880,1,0,4.450852641681257e-07,-14.625004768371582,-5.245195097813848e-06,attack,no
1881,1,0,1.0677024881941248e-06,-13.750004768371582,-4.410734163684538e-06,attack,no
1882,1,0,1.0677024881941248e-06,-13.750004768371582,-4.410734163684538e-06,attack,no
1883,1,0,3.466325797878046e-07,-14.875003814697266,-3.6954811548639555e-06,attack,no
1884,1,0,3.059023363231725e-07,-15.00000286102295,-3.2186455882765586e-06,attack,no
1885,1,0,1.7603438428564603e-06,-13.250005722045898,-6.079655122448457e-06,attack,no
1886,1,0,6.475947982022762e-07,-14.25000286102295,-2.861018856492592e-06,attack,no
1887,1,0,3.4663270375278157e-07,-14.875003814697266,-4.0531076592742465e-06,attack,no
1888,1,0,7.734423152941019e-08,-16.375001907348633,-2.145764938177308e-06,attack,no
1889,1,0,3.726640616840385e-06,-12.500006675720215,-7.033323527139146e-06,attack,no
1890,1,0,1.6701429808298613e-05,-11.000020027160645,-2.0503786799963564e-05,attack,no
1891,1,0,2.3823699519327963e-07,-15.250000953674316,-1.311301275563892e-06,attack,no
1892,1,0,5.422217030663578e-06,-12.125009536743164,-9.179073458653875e-06,attack,no
1893,1,0,1.2098659719716573e-06,-13.625003814697266,-4.0531076592742465e-06,attack,no
1894,1,0,2.2603253756771736e-06,-13.000004768371582,-5.245195097813848e-06,attack,no
1895,1,0,1.7603436329714807e-06,-13.250008583068848,-8.821448318485636e-06,attack,no
1896,1,0,1.76034279361833e-06,-13.250005722045898,-5.483612312673358e-06,attack,no
1897,1,0,2.14449407453714e-05,-10.750024795532227,-2.4437606043647975e-05,attack,no
1898,1,0,1.8553905759969634e-07,-15.500003814697266,-3.576272320060525e-06,attack,no
1899,1,0,5.043474081977821e-07,-14.500003814697266,-3.814689989667386e-06,attack,no
1900,1,0,5.715005151574337e-07,-14.375003814697266,-3.933898824470816e-06,attack,no
1901,1,0,8.764254764749753e-08,-16.250001907348633,-2.7418097943154862e-06,attack,no
1902,1,0,1.6373772528704008e-07,-15.625000953674316,-1.1920922133867862e-06,attack,no
1903,1,0,3.4663274507563266e-07,-14.87500286102295,-3.2186455882765586e-06,attack,no
1904,1,0,3.288749849428275e-06,-12.625008583068848,-8.821448318485636e-06,attack,no
1905,1,0,5.42221767702889e-06,-12.125009536743164,-9.298280929215252e-06,attack,no
1906,1,0,3.726640616840385e-06,-12.500006675720215,-7.033323527139146e-06,attack,no
1907,1,0,9.422447062270609e-07,-13.87500286102295,-2.9802276912960224e-06,attack,no
1908,1,0,5.043476486902203e-07,-14.50000286102295,-3.3378546504536644e-06,attack,no
1909,1,0,1.994729245934737e-06,-13.125003814697266,-3.576272320060525e-06,attack,no
1910,1,0,3.9278615343901467e-07,-14.750004768371582,-4.6491513785440475e-06,attack,no
1911,1,0,7.889259764445822e-06,-11.75001049041748,-1.0132738680113107e-05,attack,no
1912,1,0,1.6373766672936515e-07,-15.62500286102295,-2.7418097943154862e-06,attack,no
1913,1,0,1.6373768624874912e-07,-15.625001907348633,-1.9073468138230965e-06,attack,no
1914,1,0,2.2603240284165705e-06,-13.000005722045898,-5.602820692729438e-06,attack,no
1915,1,0,6.475946438042048e-07,-14.25000286102295,-2.622600959512056e-06,attack,no
1916,1,0,4.450849988630689e-07,-14.625009536743164,-9.417489309271332e-06,attack,no
1917,1,0,1.4738976701411702e-05,-11.125017166137695,-1.680836794548668e-05,attack,no
1918,1,0,1.7603425837494853e-06,-13.250007629394531,-7.271740287251305e-06,attack,no
1919,1,0,3.0590237279085045e-07,-15.000000953674316,-1.4305104514278355e-06,attack,no
1920,1,0,3.927862470890063e-07,-14.75000286102295,-2.9802276912960224e-06,attack,no
1921,1,0,1.5534984953382988e-06,-13.375004768371582,-5.245195097813848e-06,attack,no
1922,1,0,1.89251482406672e-05,-10.87502384185791,-2.3841574147809297e-05,attack,no
1923,1,0,2.9023130230133794e-06,-12.750009536743164,-9.894321920000948e-06,attack,no
1924,1,0,6.475950297906913e-07,-14.250005722045898,-6.079655122448457e-06,attack,no
1925,1,0,3.9278624708400497e-07,-14.750005722045898,-5.8412379075889476e-06,attack,no
1926,1,0,1.3709578605542582e-06,-13.500005722045898,-6.198863957251888e-06,attack,no
1927,1,0,1.7603438428564603e-06,-13.250005722045898,-6.079655122448457e-06,attack,no
1928,1,0,1.2098659719716573e-06,-13.625003814697266,-4.0531076592742465e-06,attack,no
1929,1,0,1.760343213322473e-06,-13.250004768371582,-4.768360213347478e-06,attack,no
1930,1,0,1.3709572068354011e-06,-13.500005722045898,-5.722029527532868e-06,attack,no
1931,1,0,0.0002611902789999518,-8.250262260437012,-0.000262106885202229,attack,no
1932,1,0,6.475948753891781e-07,-14.250006675720215,-6.794906312279636e-06,attack,no
1933,1,0,4.450851580497677e-07,-14.625005722045898,-5.960446742392378e-06,attack,no
1934,1,0,1.3709575337078827e-06,-13.500003814697266,-4.0531076592742465e-06,attack,no
1935,1,0,3.466325797896173e-07,-14.875001907348633,-1.7881377516459906e-06,attack,no
1936,1,0,5.715005151574337e-07,-14.375003814697266,-3.933898824470816e-06,attack,no
1937,1,0,8.315278294038927e-07,-14.000004768371582,-4.529942543740617e-06,attack,no
1938,1,0,3.4663270375483075e-07,-14.875001907348633,-2.145764938177308e-06,attack,no
1939,1,0,7.338210680002898e-07,-14.12500286102295,-2.9802276912960224e-06,attack,no
1940,1,0,1.3709572068354011e-06,-13.500005722045898,-5.722029527532868e-06,attack,no
1941,1,0,6.475945665977468e-07,-14.250005722045898,-5.364403477869928e-06,attack,no
1942,1,0,8.315278294038927e-07,-14.000004768371582,-4.529942543740617e-06,attack,no
1943,1,0,4.4508505193791187e-07,-14.625003814697266,-3.814689989667386e-06,attack,no
1944,1,0,1.5534971989908e-06,-13.375006675720215,-6.318072337307967e-06,attack,no
1945,1,0,7.338208930443633e-07,-14.12500286102295,-2.7418097943154862e-06,attack,no
1946,1,0,2.6995787400282076e-07,-15.125001907348633,-2.264974000354414e-06,attack,no
1947,1,0,1.067702997315865e-06,-13.750003814697266,-3.933898824470816e-06,attack,no
1948,1,0,4.222833947862929e-06,-12.375009536743164,-9.65590606938349e-06,attack,no
1949,1,0,2.6995787400282076e-07,-15.125001907348633,-2.264974000354414e-06,attack,no
1950,1,0,9.42244481579298e-07,-13.87500286102295,-2.7418097943154862e-06,attack,no
1951,1,0,3.059022998576898e-07,-15.000001907348633,-2.145764938177308e-06,attack,no
1952,1,0,2.6995774527718623e-07,-15.125001907348633,-1.7881377516459906e-06,attack,no
1953,1,0,5.0434734807664e-07,-14.50000286102295,-2.7418097943154862e-06,attack,no
1954,1,0,3.466326624322211e-07,-14.87500286102295,-2.9802276912960224e-06,attack,no
1955,1,0,1.067703124595367e-06,-13.750003814697266,-4.0531076592742465e-06,attack,no
1956,1,0,3.4663278639833103e-07,-14.875001907348633,-2.3841830625315197e-06,attack,no
1957,1,0,1.63737666727392e-07,-15.625005722045898,-5.602820692729438e-06,attack,no
1958,1,0,3.9278624708400497e-07,-14.750005722045898,-5.8412379075889476e-06,attack,no
1959,1,0,2.3823685319174098e-07,-15.250003814697266,-3.576272320060525e-06,attack,no
1960,1,0,2.5612831267086116e-06,-12.875004768371582,-5.125986263010418e-06,attack,no
1961,1,0,1.994730197081392e-06,-13.125004768371582,-5.006777428206988e-06,attack,no
1962,1,0,4.53978902983119e-05,-10.000046730041504,-4.7205765440594405e-05,attack,no
1963,1,0,1.2098652508391807e-06,-13.625003814697266,-3.4570634852570947e-06,attack,no
1964,1,0,0.37754066879814546,-0.9740772843360901,-0.4740772843360901,attack,no
1965,1,0,2.6995787400282076e-07,-15.125001907348633,-2.264974000354414e-06,attack,no
1966,1,0,3.2887506335906595e-06,-12.625005722045898,-6.198863957251888e-06,attack,no
1967,1,0,6.144174601935314e-06,-12.000009536743164,-9.536697689327411e-06,attack,no
1968,1,0,7.3382080556433e-07,-14.125003814697266,-3.576272320060525e-06,attack,no
1969,1,0,7.3382080556433e-07,-14.125003814697266,-3.576272320060525e-06,attack,no
1970,1,0,1.3709575336860625e-06,-13.500006675720215,-6.9141146923357155e-06,attack,no
1971,1,0,7.338213304343414e-07,-14.12500286102295,-3.3378546504536644e-06,attack,no
1972,1,0,6.962254589781966e-06,-11.875011444091797,-1.1205610462639015e-05,attack,no
1973,1,0,7.3382080556433e-07,-14.125003814697266,-3.576272320060525e-06,attack,no
1974,1,0,9.422445939002807e-07,-13.875003814697266,-3.814689989667386e-06,attack,no
1975,1,1,0.9980732657094149,-0.001929566147737205,-6.251929759979248,attack,yes
1976,1,0,1.7603425837791044e-06,-13.250004768371582,-4.410734163684538e-06,attack,no
1977,1,0,6.475945665977468e-07,-14.250005722045898,-5.364403477869928e-06,attack,no
1978,1,0,9.422450431954848e-07,-13.875003814697266,-4.291525328881107e-06,attack,no
1979,1,0,7.889260704732132e-06,-11.750012397766113,-1.2159273865108844e-05,attack,no
1980,1,0,4.222833947862929e-06,-12.375009536743164,-9.65590606938349e-06,attack,no
1981,1,0,3.9278610660241705e-07,-14.750009536743164,-9.298280929215252e-06,attack,no
1982,1,0,1.444980726319581e-07,-15.750003814697266,-4.291525328881107e-06,attack,no
1983,1,0,8.939695238333382e-06,-11.62501335144043,-1.3232143828645349e-05,attack,no
1984,1,0,1.5534983101549164e-06,-13.375003814697266,-4.172316494077677e-06,attack,no
1985,1,0,2.5612834320214477e-06,-12.875005722045898,-6.198863957251888e-06,attack,no
1986,1,0,7.338208930443633e-07,-14.12500286102295,-2.7418097943154862e-06,attack,no
1987,1,0,2.3823693839154893e-07,-15.250003814697266,-3.933898824470816e-06,attack,no
1988,1,0,1.9947306726684962e-06,-13.125003814697266,-4.291525328881107e-06,attack,no
1989,1,0,3.9278610661822475e-07,-14.75000286102295,-2.622600959512056e-06,attack,no
1990,1,0,2.561281905390075e-06,-12.875005722045898,-5.602820692729438e-06,attack,no
1991,1,0,5.715005151574337e-07,-14.375003814697266,-3.933898824470816e-06,attack,no
1992,1,0,2.699577130944368e-07,-15.125003814697266,-3.576272320060525e-06,attack,no
1993,1,0,1.994729483715462e-06,-13.125004768371582,-4.6491513785440475e-06,attack,no
1994,1,0,1.760344052546141e-06,-13.250014305114746,-1.4781842764932662e-05,attack,no
1995,1,0,8.315277302701984e-07,-14.000006675720215,-6.318072337307967e-06,attack,no
1996,1,0,1.44498003730197e-07,-15.750003814697266,-3.814689989667386e-06,attack,no
1997,1,0,3.288749065310943e-06,-12.625009536743164,-9.536697689327411e-06,attack,no
1998,1,0,4.4508526417176896e-07,-14.62500286102295,-3.3378546504536644e-06,attack,no
1999,1,0,7.338208929918052e-07,-14.125012397766113,-1.2278481335670222e-05,attack,no
2000,1,0,1.1253516205427619e-07,-16.000003814697266,-3.814689989667386e-06,attack,no
2001,1,0,5.043476486902203e-07,-14.50000286102295,-3.3378546504536644e-06,attack,no
2002,1,0,3.4663278639833103e-07,-14.875001907348633,-2.3841830625315197e-06,attack,no
2003,1,0,3.5356267576531534e-05,-10.250036239624023,-3.671578815556131e-05,attack,no
2004,1,0,0.00017952798782411427,-8.6251802444458,-0.00018034738604910672,attack,no
2005,1,0,1.9947306726049997e-06,-13.125008583068848,-9.059865078597795e-06,attack,no
2006,1,0,2.1024326584639497e-07,-15.37500286102295,-2.50339189733495e-06,attack,no
2007,1,0,3.059022269250683e-07,-15.000001907348633,-1.9073468138230965e-06,attack,no
2008,1,0,0.0004305569900640863,-7.750431060791016,-0.00043084874050691724,attack,no
2009,1,0,3.927862939113311e-07,-14.750003814697266,-4.0531076592742465e-06,attack,no
2010,1,0,1.44498003730197e-07,-15.750003814697266,-3.814689989667386e-06,attack,no
2011,1,0,9.422450431954848e-07,-13.875003814697266,-4.291525328881107e-06,attack,no
2012,1,0,3.4663257978638593e-07,-14.875004768371582,-4.6491513785440475e-06,attack,no
2013,1,0,3.059023727903288e-07,-15.000001907348633,-2.3841830625315197e-06,attack,no
2014,1,0,3.726639284125553e-06,-12.500005722045898,-5.722029527532868e-06,attack,no
2015,1,0,1.1478769494250384e-05,-11.375014305114746,-1.4424220353248529e-05,attack,no
2016,1,0,2.5612825160271403e-06,-12.875006675720215,-6.794906312279636e-06,attack,no
2017,1,0,5.1442232064142086e-05,-9.875053405761719,-5.376194530981593e-05,attack,no
2018,1,0,1.553497754583709e-06,-13.375003814697266,-3.814689989667386e-06,attack,no
2019,1,0,2.3823696679040837e-07,-15.250004768371582,-5.006777428206988e-06,attack,no
2020,1,0,2.1024336609843824e-07,-15.375001907348633,-2.0265558760002023e-06,attack,no
2021,1,0,2.1024336609843824e-07,-15.375001907348633,-2.0265558760002023e-06,attack,no
2022,1,0,6.475945666033421e-07,-14.250003814697266,-3.4570634852570947e-06,attack,no
2023,1,0,2.382369667923043e-07,-15.25000286102295,-3.099436753473128e-06,attack,no
2024,1,0,3.0590219045716434e-07,-15.000003814697266,-3.6954811548639555e-06,attack,no
2025,1,0,4.450851580555361e-07,-14.62500286102295,-3.099436753473128e-06,attack,no
2026,1,0,5.043475284447895e-07,-14.50000286102295,-3.099436753473128e-06,attack,no
2027,1,0,3.0590226338671677e-07,-15.000005722045898,-5.8412379075889476e-06,attack,no
2028,1,0,1.209865827740176e-06,-13.625004768371582,-4.887569048150908e-06,attack,no
2029,1,0,3.2887478892684e-06,-12.625005722045898,-5.364403477869928e-06,attack,no
2030,1,0,1.6373776432481908e-07,-15.625001907348633,-2.3841830625315197e-06,attack,no
2031,1,0,1.6373768624874912e-07,-15.625001907348633,-1.9073468138230965e-06,attack,no
2032,1,0,8.315283250343497e-07,-14.000003814697266,-4.172316494077677e-06,attack,no
2033,1,0,1.0677031245990086e-06,-13.75000286102295,-3.099436753473128e-06,attack,no
2034,1,0,5.422218323448523e-06,-12.125008583068848,-8.4638240878121e-06,attack,no
2035,1,0,4.785096776433934e-06,-12.250007629394531,-8.106198947643861e-06,attack,no
2036,1,0,1.8553903548113192e-07,-15.500004768371582,-4.410734163684538e-06,attack,no
2037,1,0,3.059023727903288e-07,-15.000001907348633,-2.3841830625315197e-06,attack,no
2038,1,0,5.043474082005343e-07,-14.500001907348633,-1.9073468138230965e-06,attack,no
2039,1,0,9.422445939002807e-07,-13.875003814697266,-3.814689989667386e-06,attack,no
2040,1,0,9.42244930849811e-07,-13.875007629394531,-7.986990567587782e-06,attack,no
2041,1,0,1.3709573702822303e-06,-13.50000286102295,-2.9802276912960224e-06,attack,no
2042,1,0,0.0001398221242632629,-8.875140190124512,-0.00014053787162993103,attack,no
2043,1,0,1.994729483715462e-06,-13.125004768371582,-4.6491513785440475e-06,attack,no
2044,1,0,2.1024329090867228e-07,-15.375003814697266,-3.576272320060525e-06,attack,no
2045,1,0,7.338211554758494e-07,-14.125003814697266,-4.0531076592742465e-06,attack,no
2046,1,0,1.8553910183607377e-07,-15.50000286102295,-2.861018856492592e-06,attack,no
2047,1,0,2.1024339116082313e-07,-15.37500286102295,-3.099436753473128e-06,attack,no
2048,1,0,1.9947306726684962e-06,-13.125003814697266,-4.291525328881107e-06,attack,no
2049,1,0,0.00010889692235068753,-9.125109672546387,-0.00010978573118336499,attack,no
2050,1,0,5.715003107755449e-07,-14.37500286102295,-2.622600959512056e-06,attack,no
2051,1,0,8.315283250343497e-07,-14.000003814697266,-4.172316494077677e-06,attack,no
2052,1,0,6.144174601935314e-06,-12.000009536743164,-9.536697689327411e-06,attack,no
2053,1,0,7.484626296598251e-05,-9.500078201293945,-7.86750388215296e-05,attack,no
2054,1,0,5.715003107738556e-07,-14.375003814697266,-3.576272320060525e-06,attack,no
2055,1,0,3.927863407362516e-07,-14.75000286102295,-3.2186455882765586e-06,attack,no
2056,1,0,3.0590219045271286e-07,-15.000006675720215,-6.556489552167477e-06,attack,no
2057,1,0,1.3709576971425944e-06,-13.50000286102295,-3.2186455882765586e-06,attack,no
2058,1,0,1.1478773599102191e-05,-11.375015258789062,-1.5735502529423684e-05,attack,no
2059,1,0,3.927862939113311e-07,-14.750003814697266,-4.0531076592742465e-06,attack,no
2060,1,0,1.370957860567974e-06,-13.500003814697266,-4.291525328881107e-06,attack,no
2061,1,0,1.760343633025915e-06,-13.250003814697266,-4.0531076592742465e-06,attack,no
2062,1,0,3.4663274507563266e-07,-14.87500286102295,-3.2186455882765586e-06,attack,no
2063,1,0,1.2751910369310196e-07,-15.875001907348633,-2.3841830625315197e-06,attack,no
2064,1,0,0.008577487266965358,-4.758614540100098,-0.008614758029580116,attack,no
2065,1,0,1.0677028700320083e-06,-13.750004768371582,-4.768360213347478e-06,attack,no
2066,1,0,1.0677028700320083e-06,-13.750004768371582,-4.768360213347478e-06,attack,no
2067,1,0,5.04347408195718e-07,-14.500004768371582,-4.768360213347478e-06,attack,no
2068,1,0,1.855390575969964e-07,-15.500006675720215,-6.437280717364047e-06,attack,no
2069,1,0,6.475951069961737e-07,-14.250003814697266,-4.291525328881107e-06,attack,no
2070,1,0,9.42244481579298e-07,-13.87500286102295,-2.7418097943154862e-06,attack,no
2071,1,0,3.288749849428275e-06,-12.625008583068848,-8.821448318485636e-06,attack,no
2072,1,0,1.994729959293325e-06,-13.125004768371582,-4.887569048150908e-06,attack,no
2073,1,1,0.9820137865176772,-0.018151482567191124,-4.01815128326416,attack,yes
2074,1,0,1.2098653950606901e-06,-13.625004768371582,-4.529942543740617e-06,attack,no
2075,1,0,1.1253521571574156e-07,-16.000001907348633,-2.3841830625315197e-06,attack,no
2076,1,0,1.3709575336860625e-06,-13.500006675720215,-6.9141146923357155e-06,attack,no
2077,1,0,4.450850519403407e-07,-14.625001907348633,-1.9073468138230965e-06,attack,no
2078,1,0,3.059023363231725e-07,-15.00000286102295,-3.2186455882765586e-06,attack,no
2079,1,0,3.4663270375278157e-07,-14.875003814697266,-4.0531076592742465e-06,attack,no
2080,1,0,2.3823693839290315e-07,-15.250001907348633,-2.0265558760002023e-06,attack,no
2081,1,0,3.9278615344062223e-07,-14.750003814697266,-3.6954811548639555e-06,attack,no
2082,1,0,7.338210680002898e-07,-14.12500286102295,-2.9802276912960224e-06,attack,no
2083,1,0,9.422450432014836e-07,-13.875001907348633,-2.3841830625315197e-06,attack,no
2084,1,0,4.785096776499213e-06,-12.250005722045898,-6.198863957251888e-06,attack,no
2085,1,0,1.9947306726684962e-06,-13.125003814697266,-4.291525328881107e-06,attack,no
2086,1,1,0.9820137882613432,-0.01815043017268181,-4.018150329589844,attack,yes
2087,1,0,1.9947297214944016e-06,-13.125005722045898,-5.722029527532868e-06,attack,no
2088,1,0,3.4663270375278157e-07,-14.875003814697266,-4.0531076592742465e-06,attack,no
2089,1,0,6.825604537781397e-08,-16.500001907348633,-2.145764938177308e-06,attack,no
2090,1,0,1.4738985485461204e-05,-11.125020027160645,-2.0265373677830212e-05,attack,no
2091,1,0,1.147877359957198e-05,-11.375012397766113,-1.2874520507466514e-05,attack,no
2092,1,0,3.7266388398060374e-06,-12.500008583068848,-8.4638240878121e-06,attack,no
2093,1,0,5.043475284447895e-07,-14.50000286102295,-3.099436753473128e-06,attack,no
2094,1,0,3.9278615343901467e-07,-14.750004768371582,-4.6491513785440475e-06,attack,no
2095,1,0,1.067703124595367e-06,-13.750003814697266,-4.0531076592742465e-06,attack,no
2096,1,0,3.927862939113311e-07,-14.750003814697266,-4.0531076592742465e-06,attack,no
2097,1,0,1.637376276909393e-07,-15.625003814697266,-3.4570634852570947e-06,attack,no
2098,1,0,6.144175334468544e-06,-12.000007629394531,-7.748573807475623e-06,attack,no
2099,1,0,3.0590229985588146e-07,-15.000003814697266,-4.0531076592742465e-06,attack,no
2100,1,0,1.7603430034743915e-06,-13.250004768371582,-4.6491513785440475e-06,attack,no
2101,1,0,1.7603432133296776e-06,-13.250003814697266,-3.814689989667386e-06,attack,no
2102,1,0,5.4222189698583705e-06,-12.125007629394531,-7.629365427419543e-06,attack,no
2103,1,0,5.043476486902203e-07,-14.50000286102295,-3.3378546504536644e-06,attack,no
2104,1,0,9.422443692390472e-07,-13.875006675720215,-6.437280717364047e-06,attack,no
2105,1,0,3.0590219045716434e-07,-15.000003814697266,-3.6954811548639555e-06,attack,no
2106,1,0,9.422445939002807e-07,-13.875003814697266,-3.814689989667386e-06,attack,no
2107,1,0,4.539786865090791e-05,-10.00004768371582,-4.768258077092469e-05,attack,no
2108,1,0,1.2098659719601036e-06,-13.625005722045898,-5.960446742392378e-06,attack,no
2109,1,0,5.715005151550947e-07,-14.375004768371582,-4.887569048150908e-06,attack,no
2110,1,0,1.5534973842030142e-06,-13.375003814697266,-3.576272320060525e-06,attack,no
2111,1,0,1.2098661161982044e-06,-13.625003814697266,-4.172316494077677e-06,attack,no
2112,1,0,1.6373764721072814e-07,-15.625001907348633,-1.6689286894688848e-06,attack,no
2113,1,0,2.3823685319174098e-07,-15.250003814697266,-3.576272320060525e-06,attack,no
2114,1,0,2.1024339116082313e-07,-15.37500286102295,-3.099436753473128e-06,attack,no
2115,1,0,8.481108184529756e-05,-9.375085830688477,-8.630380034446716e-05,attack,no
2116,1,0,3.4663274507713016e-07,-14.875000953674316,-1.311301275563892e-06,attack,no
2117,1,0,8.31528027658082e-07,-14.000003814697266,-3.814689989667386e-06,attack,no
2118,1,0,2.3823685319174098e-07,-15.250003814697266,-3.576272320060525e-06,attack,no
2119,1,0,1.994729959270648e-06,-13.125006675720215,-6.794906312279636e-06,attack,no
2120,1,0,7.338210680002898e-07,-14.12500286102295,-2.9802276912960224e-06,attack,no
2121,1,0,5.043476486902203e-07,-14.50000286102295,-3.3378546504536644e-06,attack,no
2122,1,0,1.0677024881887838e-06,-13.750005722045898,-5.364403477869928e-06,attack,no
2123,1,0,3.4663270375483075e-07,-14.875001907348633,-2.145764938177308e-06,attack,no
2124,1,0,1.2098661162023307e-06,-13.62500286102295,-3.2186455882765586e-06,attack,no
2125,1,0,8.315279285251204e-07,-14.000005722045898,-5.602820692729438e-06,attack,no
2126,1,0,8.315277302819206e-07,-14.000003814697266,-3.4570634852570947e-06,attack,no
2127,1,0,7.338208055579897e-07,-14.125005722045898,-5.483612312673358e-06,attack,no
2128,1,0,2.5612825160422822e-06,-12.875005722045898,-5.8412379075889476e-06,attack,no
2129,1,0,8.315283250343497e-07,-14.000003814697266,-4.172316494077677e-06,attack,no
2130,1,0,5.829126555596184e-05,-9.750060081481934,-6.007967749610543e-05,attack,no
2131,1,0,3.466325797878046e-07,-14.875003814697266,-3.6954811548639555e-06,attack,no
2132,1,1,0.9933071487568537,-0.006715822499245405,-5.006715774536133,attack,yes
2133,1,0,1.2751905808849868e-07,-15.87500286102295,-2.9802276912960224e-06,attack,no
2134,1,0,8.315277302819206e-07,-14.000003814697266,-3.4570634852570947e-06,attack,no
2135,1,0,7.734421308872513e-08,-16.375003814697266,-3.814689989667386e-06,attack,no
2136,1,0,1.2098659719601036e-06,-13.625005722045898,-5.960446742392378e-06,attack,no
2137,1,0,1.0677028700397769e-06,-13.75000286102295,-2.861018856492592e-06,attack,no
2138,1,0,2.6995771309333195e-07,-15.125004768371582,-4.529942543740617e-06,attack,no
2139,1,0,4.006370652227854e-05,-10.125041007995605,-4.136476854910143e-05,attack,no
2140,1,0,4.4508494581252043e-07,-14.625007629394531,-7.390948667307384e-06,attack,no
2141,1,0,3.0590219045716434e-07,-15.000003814697266,-3.6954811548639555e-06,attack,no
2142,1,0,4.450851580497677e-07,-14.625005722045898,-5.960446742392378e-06,attack,no
2143,1,0,8.93969417229051e-06,-11.625016212463379,-1.597391747054644e-05,attack,no
2144,1,0,9.422443692527586e-07,-13.875003814697266,-3.576272320060525e-06,attack,no
2145,1,0,2.382369667923043e-07,-15.25000286102295,-3.099436753473128e-06,attack,no
2146,1,0,9.422447062270609e-07,-13.87500286102295,-2.9802276912960224e-06,attack,no
2147,1,0,1.6373768624874912e-07,-15.625001907348633,-1.9073468138230965e-06,attack,no
2148,1,0,3.059021904559123e-07,-15.000004768371582,-4.6491513785440475e-06,attack,no
2149,1,0,1.0677024881887838e-06,-13.750005722045898,-5.364403477869928e-06,attack,no
2150,1,0,5.043474081977821e-07,-14.500003814697266,-3.814689989667386e-06,attack,no
2151,1,0,8.315283250343497e-07,-14.000003814697266,-4.172316494077677e-06,attack,no
2152,1,0,5.043475284447895e-07,-14.50000286102295,-3.099436753473128e-06,attack,no
2153,1,0,1.209865827740176e-06,-13.625004768371582,-4.887569048150908e-06,attack,no
2154,1,0,8.315283250343497e-07,-14.000003814697266,-4.172316494077677e-06,attack,no
2155,1,0,2.5612819054028872e-06,-12.875004768371582,-4.6491513785440475e-06,attack,no
2156,1,0,2.382368247909451e-07,-15.250004768371582,-4.410734163684538e-06,attack,no
2157,1,0,8.315283250211149e-07,-14.000006675720215,-7.033323527139146e-06,attack,no
2158,1,0,7.889260704818233e-06,-11.750011444091797,-1.1205610462639015e-05,attack,no
2159,1,0,3.9278624708400497e-07,-14.750005722045898,-5.8412379075889476e-06,attack,no
2160,1,0,1.855391460719133e-07,-15.50000286102295,-3.099436753473128e-06,attack,no
2161,1,0,1.994730197090463e-06,-13.125003814697266,-4.0531076592742465e-06,attack,no
2162,1,0,9.422444815726564e-07,-13.875004768371582,-4.6491513785440475e-06,attack,no
2163,1,0,3.2887490653647827e-06,-12.625007629394531,-7.629365427419543e-06,attack,no
2164,1,0,2.2603240284042356e-06,-13.000006675720215,-6.556489552167477e-06,attack,no
2165,1,0,2.699577130944368e-07,-15.125003814697266,-3.576272320060525e-06,attack,no
2166,1,0,1.2098653950551882e-06,-13.625005722045898,-5.483612312673358e-06,attack,no
2167,1,0,1.0677028700320083e-06,-13.750004768371582,-4.768360213347478e-06,attack,no
2168,1,0,6.962254589781966e-06,-11.875011444091797,-1.1205610462639015e-05,attack,no
2169,1,0,2.9023130230133794e-06,-12.750009536743164,-9.894321920000948e-06,attack,no
2170,1,0,1.0129993395336818e-05,-11.500011444091797,-1.168244216387393e-05,attack,no
2171,1,0,3.0590219045716434e-07,-15.000003814697266,-3.6954811548639555e-06,attack,no
2172,1,0,9.931189774140912e-08,-16.125003814697266,-3.4570634852570947e-06,attack,no
2173,1,0,2.215947079099971e-08,-17.625001907348633,-1.0728830375228426e-06,attack,no
2174,1,0,4.22283445132716e-06,-12.375007629394531,-7.867782187531702e-06,attack,no
2175,1,0,3.2887490653647827e-06,-12.625007629394531,-7.629365427419543e-06,attack,no
2176,1,0,3.059023727903288e-07,-15.000001907348633,-2.3841830625315197e-06,attack,no
2177,1,0,1.9947306726049997e-06,-13.125008583068848,-9.059865078597795e-06,attack,no
2178,1,0,3.9278615344062223e-07,-14.750003814697266,-3.6954811548639555e-06,attack,no
2179,1,0,8.315283250305683e-07,-14.000004768371582,-5.125986263010418e-06,attack,no
2180,1,0,2.260324028437128e-06,-13.000003814697266,-3.6954811548639555e-06,attack,no
2181,1,0,1.5534984953382988e-06,-13.375004768371582,-5.245195097813848e-06,attack,no
2182,1,0,9.42244481579298e-07,-13.87500286102295,-2.7418097943154862e-06,attack,no
2183,1,0,4.450850519360903e-07,-14.625004768371582,-4.768360213347478e-06,attack,no
2184,1,0,4.222835458148261e-06,-12.375006675720215,-7.152531907195225e-06,attack,no
2185,1,0,5.715002426439334e-07,-14.375004768371582,-4.410734163684538e-06,attack,no
2186,1,0,1.3709575337078827e-06,-13.500003814697266,-4.0531076592742465e-06,attack,no
2187,1,0,5.422217030663578e-06,-12.125009536743164,-9.179073458653875e-06,attack,no
2188,1,0,7.338211554758494e-07,-14.125003814697266,-4.0531076592742465e-06,attack,no
2189,1,0,5.715005151550947e-07,-14.375004768371582,-4.887569048150908e-06,attack,no
2190,1,0,1.3709575336860625e-06,-13.500006675720215,-6.9141146923357155e-06,attack,no
2191,1,0,9.422443692390472e-07,-13.875006675720215,-6.437280717364047e-06,attack,no
2192,1,0,1.994729959293325e-06,-13.125004768371582,-4.887569048150908e-06,attack,no
2193,1,0,7.889265407255982e-06,-11.750009536743164,-9.894321920000948e-06,attack,no
2194,1,0,1.0677027427413698e-06,-13.750006675720215,-6.556489552167477e-06,attack,no
2195,1,0,1.0677033791291685e-06,-13.750007629394531,-8.106198947643861e-06,attack,no
2196,1,0,1.0677029973056687e-06,-13.750005722045898,-5.8412379075889476e-06,attack,no
2197,1,0,5.829127945541869e-05,-9.750059127807617,-5.936446541454643e-05,attack,no
2198,1,0,4.222835458175145e-06,-12.375005722045898,-6.198863957251888e-06,attack,no
2199,1,0,5.4222215553407265e-06,-12.125007629394531,-8.106198947643861e-06,attack,no
2200,1,0,5.043474081977821e-07,-14.500003814697266,-3.814689989667386e-06,attack,no
2201,1,0,1.8553912395443514e-07,-15.500001907348633,-2.0265558760002023e-06,attack,no
2202,1,0,4.222832941034506e-06,-12.37501049041748,-1.0371154530730564e-05,attack,no
2203,1,0,1.3709578605542582e-06,-13.500005722045898,-6.198863957251888e-06,attack,no
2204,1,0,9.931193325797878e-08,-16.125003814697266,-3.814689989667386e-06,attack,no
2205,1,0,1.76034279361833e-06,-13.250005722045898,-5.483612312673358e-06,attack,no
2206,1,0,1.067703251841382e-06,-13.750008583068848,-8.940656698541716e-06,attack,no
2207,1,0,9.610244941621196e-05,-9.250096321105957,-9.667406266089529e-05,attack,no
2208,1,0,1.2098655392956961e-06,-13.62500286102295,-2.7418097943154862e-06,attack,no
2209,1,0,1.553497384078679e-06,-13.37501335144043,-1.3112935448589269e-05,attack,no
2210,1,0,3.726639284103522e-06,-12.500006675720215,-6.6756979322235566e-06,attack,no
2211,1,0,5.715003107755449e-07,-14.37500286102295,-2.622600959512056e-06,attack,no
2212,1,0,2.5612831267086116e-06,-12.875004768371582,-5.125986263010418e-06,attack,no
2213,1,0,2.14449407453714e-05,-10.750024795532227,-2.4437606043647975e-05,attack,no
2214,1,0,1.4738981971813964e-05,-11.125019073486328,-1.9073304429184645e-05,attack,no
2215,1,0,5.31578433812157e-08,-16.750003814697266,-3.6954811548639555e-06,attack,no
2216,1,0,2.5612825160562587e-06,-12.875004768371582,-4.887569048150908e-06,attack,no
2217,1,0,8.939695238439078e-06,-11.625012397766113,-1.2278481335670222e-05,attack,no
2218,1,0,1.3709576971425944e-06,-13.50000286102295,-3.2186455882765586e-06,attack,no
2219,1,0,1.3007130015299356e-05,-11.250016212463379,-1.6331539882230572e-05,attack,no
2220,1,0,4.691163242501985e-08,-16.875003814697266,-3.6954811548639555e-06,attack,no
2221,1,0,1.0677031245990086e-06,-13.75000286102295,-3.099436753473128e-06,attack,no
2222,1,0,3.466326624322211e-07,-14.87500286102295,-2.9802276912960224e-06,attack,no
2223,1,0,4.450851049984919e-07,-14.625001907348633,-2.0265558760002023e-06,attack,no
2224,1,0,1.3709578605542582e-06,-13.500005722045898,-6.198863957251888e-06,attack,no
2225,1,0,9.422443692527586e-07,-13.875003814697266,-3.576272320060525e-06,attack,no
2226,1,0,4.450851580497677e-07,-14.625005722045898,-5.960446742392378e-06,attack,no
2227,1,0,1.8553912395338048e-07,-15.500003814697266,-3.933898824470816e-06,attack,no
2228,1,0,3.1201926253802263e-05,-10.375033378601074,-3.3854863431770355e-05,attack,no
2229,1,0,1.2098653950403334e-06,-13.625007629394531,-7.390948667307384e-06,attack,no
2230,1,0,2.699577130944368e-07,-15.125003814697266,-3.576272320060525e-06,attack,no
2231,1,0,3.288749849428275e-06,-12.625008583068848,-8.821448318485636e-06,attack,no
2232,1,0,1.370957043417892e-06,-13.500003814697266,-3.6954811548639555e-06,attack,no
2233,1,0,5.043476486902203e-07,-14.50000286102295,-3.3378546504536644e-06,attack,no
2234,1,0,9.422443692527586e-07,-13.875003814697266,-3.576272320060525e-06,attack,no
2235,1,0,1.0677033791291685e-06,-13.750007629394531,-8.106198947643861e-06,attack,no
2236,1,0,4.450849988811838e-07,-14.62500286102295,-2.7418097943154862e-06,attack,no
2237,1,0,5.715006514074756e-07,-14.375005722045898,-6.079655122448457e-06,attack,no
2238,1,0,5.043475284447895e-07,-14.50000286102295,-3.099436753473128e-06,attack,no
2239,1,0,3.4663278639833103e-07,-14.875001907348633,-2.3841830625315197e-06,attack,no
2240,1,0,2.1024339116082313e-07,-15.37500286102295,-3.099436753473128e-06,attack,no
2241,1,0,3.9278610661822475e-07,-14.75000286102295,-2.622600959512056e-06,attack,no
2242,1,0,1.4449800373098553e-07,-15.750001907348633,-1.9073468138230965e-06,attack,no
2243,1,0,8.315283250305683e-07,-14.000004768371582,-5.125986263010418e-06,attack,no
2244,1,0,2.3823685319174098e-07,-15.250003814697266,-3.576272320060525e-06,attack,no
2245,1,0,7.889260704818233e-06,-11.750011444091797,-1.1205610462639015e-05,attack,no
2246,1,0,3.0590219045716434e-07,-15.000003814697266,-3.6954811548639555e-06,attack,no
2247,1,0,1.4449807263287805e-07,-15.750001907348633,-2.3841830625315197e-06,attack,no
2248,1,0,3.927862470890063e-07,-14.75000286102295,-2.9802276912960224e-06,attack,no
2249,1,0,8.315283250343497e-07,-14.000003814697266,-4.172316494077677e-06,attack,no
2250,1,0,5.715005151606824e-07,-14.375001907348633,-2.0265558760002023e-06,attack,no
2251,1,0,8.315279285251204e-07,-14.000005722045898,-5.602820692729438e-06,attack,no
2252,1,0,1.4449803818192768e-07,-15.750001907348633,-2.145764938177308e-06,attack,no
2253,1,0,1.6373768624874912e-07,-15.625001907348633,-1.9073468138230965e-06,attack,no
2254,1,0,1.9947306726684962e-06,-13.125003814697266,-4.291525328881107e-06,attack,no
2255,1,0,5.4222202626363805e-06,-12.125006675720215,-6.9141146923357155e-06,attack,no
2256,1,0,3.7266388398585725e-06,-12.500006675720215,-6.556489552167477e-06,attack,no
2257,1,0,6.962257909659331e-06,-11.87501049041748,-1.07287787614041e-05,attack,no
2258,1,0,3.2887490653872164e-06,-12.625006675720215,-6.6756979322235566e-06,attack,no
2259,1,0,9.422445938917109e-07,-13.875005722045898,-5.722029527532868e-06,attack,no
2260,1,0,1.760343213322473e-06,-13.250004768371582,-4.768360213347478e-06,attack,no
2261,1,0,8.315283250211149e-07,-14.000006675720215,-7.033323527139146e-06,attack,no
2262,1,0,8.315279285326831e-07,-14.000003814697266,-3.6954811548639555e-06,attack,no
2263,1,0,3.0590219045716434e-07,-15.000003814697266,-3.6954811548639555e-06,attack,no
2264,1,0,1.553497754583709e-06,-13.375003814697266,-3.814689989667386e-06,attack,no
2265,1,0,4.6911682755893845e-08,-16.875001907348633,-2.861018856492592e-06,attack,no
2266,1,0,7.889259764445822e-06,-11.75001049041748,-1.0132738680113107e-05,attack,no
2267,1,0,7.338208055579897e-07,-14.125005722045898,-5.483612312673358e-06,attack,no
2268,1,0,2.699577130944368e-07,-15.125003814697266,-3.576272320060525e-06,attack,no
2269,1,0,2.2603245672867957e-06,-13.000007629394531,-7.748573807475623e-06,attack,no
2270,1,0,2.2603253756771736e-06,-13.000004768371582,-5.245195097813848e-06,attack,no
2271,1,0,2.4300240734616243e-05,-10.62502670288086,-2.6702524337451905e-05,attack,no
2272,1,0,2.9023123311425104e-06,-12.750005722045898,-5.8412379075889476e-06,attack,no
2273,1,0,3.927863407362516e-07,-14.75000286102295,-3.2186455882765586e-06,attack,no
2274,1,0,0.00012339454562592273,-9.000123977661133,-0.00012373158824630082,attack,no
2275,1,0,1.855390575969964e-07,-15.500006675720215,-6.437280717364047e-06,attack,no
2276,1,0,9.422450431912e-07,-13.875004768371582,-5.245195097813848e-06,attack,no
2277,1,0,4.450850519360903e-07,-14.625004768371582,-4.768360213347478e-06,attack,no
2278,1,0,1.209865827740176e-06,-13.625004768371582,-4.887569048150908e-06,attack,no
2279,1,0,7.889260704732132e-06,-11.750012397766113,-1.2159273865108844e-05,attack,no
2280,1,0,3.9278615344062223e-07,-14.750003814697266,-3.6954811548639555e-06,attack,no
2281,1,0,7.3382080556433e-07,-14.125003814697266,-3.576272320060525e-06,attack,no
2282,1,0,2.102432909078118e-07,-15.375004768371582,-4.529942543740617e-06,attack,no
2283,1,0,2.9023133690637e-06,-12.750006675720215,-7.152531907195225e-06,attack,no
2284,1,0,1.4738987243478167e-05,-11.125016212463379,-1.6569954823353328e-05,attack,no
2285,1,0,3.9278615343901467e-07,-14.750004768371582,-4.6491513785440475e-06,attack,no
2286,1,0,1.30071331165428e-05,-11.250015258789062,-1.5616295058862306e-05,attack,no
2287,1,0,6.605216832236121e-05,-9.625067710876465,-6.806619057897478e-05,attack,no
2288,1,0,1.760343633025915e-06,-13.250003814697266,-4.0531076592742465e-06,attack,no
2289,1,0,2.699577774579753e-07,-15.12500286102295,-2.861018856492592e-06,attack,no
2290,1,0,7.889265407177056e-06,-11.75001049041748,-1.0847986231965479e-05,attack,no
2291,1,0,2.4300240733997425e-05,-10.625027656555176,-2.7656173188006505e-05,attack,no
2292,1,0,1.8925155008081118e-05,-10.875024795532227,-2.5152843591058627e-05,attack,no
2293,1,0,1.147876402102993e-05,-11.37501335144043,-1.2993727978027891e-05,attack,no
2294,1,0,4.4508505193791187e-07,-14.625003814697266,-3.814689989667386e-06,attack,no
2295,1,0,1.2098662604324707e-06,-13.625001907348633,-2.3841830625315197e-06,attack,no
2296,1,0,7.338207180838066e-07,-14.125004768371582,-4.410734163684538e-06,attack,no
2297,1,0,1.3709572068422585e-06,-13.500004768371582,-4.768360213347478e-06,attack,no
2298,1,0,0.01798621394291383,-4.0181498527526855,-0.018150078132748604,attack,no
2299,1,0,3.927863875609991e-07,-14.750001907348633,-2.3841830625315197e-06,attack,no
2300,1,0,1.7603438428660665e-06,-13.250004768371582,-5.125986263010418e-06,attack,no
2301,1,0,2.5612834320470717e-06,-12.875003814697266,-4.291525328881107e-06,attack,no
2302,1,0,3.7266388398060374e-06,-12.500008583068848,-8.4638240878121e-06,attack,no
2303,1,0,5.043475284447895e-07,-14.50000286102295,-3.099436753473128e-06,attack,no
2304,1,1,0.9525741274956179,-0.04858778417110443,-3.0485877990722656,attack,yes
2305,1,0,1.0129988564974359e-05,-11.500012397766113,-1.2159273865108844e-05,attack,no
2306,1,0,0.0011695100216340016,-6.751170635223389,-0.0011704268399626017,attack,no
2307,1,0,4.4508510497430494e-07,-14.62501049041748,-1.0609570381348021e-05,attack,no
2308,1,0,0.0009110511415777466,-7.000911712646484,-0.0009116546134464443,attack,no
2309,1,0,3.4663274507563266e-07,-14.87500286102295,-3.2186455882765586e-06,attack,no
2310,1,1,0.9933071487568537,-0.006715822499245405,-5.006715774536133,attack,yes
2311,1,0,5.715007195410849e-07,-14.375003814697266,-4.291525328881107e-06,attack,no
2312,1,0,1.209865683518615e-06,-13.625003814697266,-3.814689989667386e-06,attack,no
2313,1,0,7.338208055579897e-07,-14.125005722045898,-5.483612312673358e-06,attack,no
2314,1,0,9.931193325852072e-08,-16.125001907348633,-1.9073468138230965e-06,attack,no
2315,1,0,8.315277302819206e-07,-14.000003814697266,-3.4570634852570947e-06,attack,no
2316,1,0,2.5612834320214477e-06,-12.875005722045898,-6.198863957251888e-06,attack,no
2317,1,0,3.9278615344062223e-07,-14.750003814697266,-3.6954811548639555e-06,attack,no
2318,1,0,9.422443692527586e-07,-13.875003814697266,-3.576272320060525e-06,attack,no
2319,1,0,2.5612816000646084e-06,-12.875005722045898,-5.483612312673358e-06,attack,no
2320,1,0,7.338213304343414e-07,-14.12500286102295,-3.3378546504536644e-06,attack,no
2321,1,0,6.962256249606473e-06,-11.875012397766113,-1.2397689715726301e-05,attack,no
2322,1,0,7.484621836619827e-05,-9.500077247619629,-7.712543447269127e-05,attack,no
2323,1,0,4.450852641681257e-07,-14.625004768371582,-5.245195097813848e-06,attack,no
2324,1,0,1.5534984953382988e-06,-13.375004768371582,-5.245195097813848e-06,attack,no
2325,1,0,1.0677024881941248e-06,-13.750004768371582,-4.410734163684538e-06,attack,no
2326,1,0,2.2603251062013478e-06,-13.000006675720215,-7.033323527139146e-06,attack,no
2327,1,0,1.8553919030858602e-07,-15.500000953674316,-1.4305104514278355e-06,attack,no
2328,1,0,0.008577486261139761,-4.758614540100098,-0.00861463975161314,attack,no
2329,1,0,1.8925155009354805e-05,-10.875021934509277,-2.2291887944447808e-05,attack,no
2330,1,0,1.3709572068522336e-06,-13.50000286102295,-2.861018856492592e-06,attack,no
2331,1,0,1.2098652508056196e-06,-13.625008583068848,-8.22540732769994e-06,attack,no
2332,1,0,1.8925157266089436e-05,-10.875020027160645,-2.0503786799963564e-05,attack,no
2333,1,0,1.994730197081392e-06,-13.125004768371582,-5.006777428206988e-06,attack,no
2334,1,0,6.144172404520557e-06,-12.000011444091797,-1.1086402082582936e-05,attack,no
2335,1,0,1.444979520533721e-07,-15.750004768371582,-4.410734163684538e-06,attack,no
2336,1,0,2.3823685319174098e-07,-15.250003814697266,-3.576272320060525e-06,attack,no
2337,1,0,1.9947306726684962e-06,-13.125003814697266,-4.291525328881107e-06,attack,no
2338,1,0,1.8553910183379568e-07,-15.500005722045898,-5.722029527532868e-06,attack,no
2339,1,0,4.22283243777401e-06,-12.375006675720215,-6.437280717364047e-06,attack,no
2340,1,0,9.422444815726564e-07,-13.875004768371582,-4.6491513785440475e-06,attack,no
2341,1,0,8.315283250305683e-07,-14.000004768371582,-5.125986263010418e-06,attack,no
2342,1,0,1.3709568799368123e-06,-13.500009536743164,-9.298280929215252e-06,attack,no
2343,1,0,1.9947297215125433e-06,-13.125003814697266,-3.814689989667386e-06,attack,no
2344,1,0,2.56128129470773e-06,-12.875007629394531,-7.271740287251305e-06,attack,no
2345,1,0,9.610238067382736e-05,-9.25009822845459,-9.786603914108127e-05,attack,no
2346,1,0,4.222832941142044e-06,-12.375007629394531,-7.510157047363464e-06,attack,no
2347,1,0,9.422447062270609e-07,-13.87500286102295,-2.9802276912960224e-06,attack,no
2348,1,0,2.260323489435463e-06,-13.00001049041748,-1.0132738680113107e-05,attack,no
2349,1,0,1.06770248817616e-06,-13.750007629394531,-7.271740287251305e-06,attack,no
2350,1,0,5.04347588565724e-07,-14.500003814697266,-4.172316494077677e-06,attack,no
2351,1,0,1.0677028700320083e-06,-13.750004768371582,-4.768360213347478e-06,attack,no
2352,1,0,3.7266388398060374e-06,-12.500008583068848,-8.4638240878121e-06,attack,no
2353,1,0,2.561281600049467e-06,-12.875006675720215,-6.437280717364047e-06,attack,no
2354,1,0,9.422443692527586e-07,-13.875003814697266,-3.576272320060525e-06,attack,no
2355,1,0,1.370957860567974e-06,-13.500003814697266,-4.291525328881107e-06,attack,no
2356,1,0,5.422219616184461e-06,-12.125008583068848,-8.702239938429557e-06,attack,no
2357,1,1,0.7310585786300049,-0.3132619857788086,-1.3132619857788086,attack,yes
2358,1,0,3.288750633545794e-06,-12.625007629394531,-8.106198947643861e-06,attack,no
2359,1,0,1.6701421844419295e-05,-11.000020980834961,-2.098061486321967e-05,attack,no
2360,1,0,1.370957860567974e-06,-13.500003814697266,-4.291525328881107e-06,attack,no
2361,1,0,8.315279285326831e-07,-14.000003814697266,-3.6954811548639555e-06,attack,no
2362,1,0,2.5612825160271403e-06,-12.875006675720215,-6.794906312279636e-06,attack,no
2363,1,0,3.927862470890063e-07,-14.75000286102295,-2.9802276912960224e-06,attack,no
2364,1,0,4.4508526417176896e-07,-14.62500286102295,-3.3378546504536644e-06,attack,no
2365,1,0,5.144220753715201e-05,-9.875053405761719,-5.328513361746445e-05,attack,no
2366,1,0,2.382368247909451e-07,-15.250004768371582,-4.410734163684538e-06,attack,no
2367,1,0,3.0590233632073814e-07,-15.000004768371582,-5.125986263010418e-06,attack,no
2368,1,0,8.315277302701984e-07,-14.000006675720215,-6.318072337307967e-06,attack,no
2369,1,0,3.9278615343901467e-07,-14.750004768371582,-4.6491513785440475e-06,attack,no
2370,1,0,7.338211554725123e-07,-14.125004768371582,-5.006777428206988e-06,attack,no
2371,1,0,5.422219615898438e-06,-12.12501335144043,-1.3470558769768104e-05,attack,no
2372,1,0,2.1024326584639497e-07,-15.37500286102295,-2.50339189733495e-06,attack,no
2373,1,0,1.209865827740176e-06,-13.625004768371582,-4.887569048150908e-06,attack,no
2374,1,0,0.0005527786839388392,-7.500553607940674,-0.0005536930402740836,attack,no
2375,1,0,5.043472879383035e-07,-14.500008583068848,-8.34461570775602e-06,attack,no
2376,1,0,1.7603427936335398e-06,-13.250003814697266,-3.576272320060525e-06,attack,no
2377,1,0,5.829125860793104e-05,-9.750060081481934,-5.9960475482512265e-05,attack,no
2378,1,0,0.5,-0.6931476593017578,-0.6931476593017578,attack,no
2379,1,0,8.315277302819206e-07,-14.000003814697266,-3.4570634852570947e-06,attack,no
2380,1,0,5.04347408195718e-07,-14.500004768371582,-4.768360213347478e-06,attack,no
2381,1,0,8.481101108561792e-05,-9.375085830688477,-8.546940807718784e-05,attack,no
2382,1,0,1.2098662603862556e-06,-13.625008583068848,-9.059865078597795e-06,attack,no
2383,1,0,4.222832941111319e-06,-12.375008583068848,-8.4638240878121e-06,attack,no
2384,1,0,2.9023123311425104e-06,-12.750005722045898,-5.8412379075889476e-06,attack,no
2385,1,0,6.144172404643493e-06,-12.000009536743164,-9.179073458653875e-06,attack,no
2386,1,0,7.889264466639054e-06,-11.750011444091797,-1.168244216387393e-05,attack,no
2387,1,0,2.1444948414321714e-05,-10.750024795532227,-2.47952248173533e-05,attack,no
2388,1,0,9.42244481579298e-07,-13.87500286102295,-2.7418097943154862e-06,attack,no
2389,1,0,1.1478773599102191e-05,-11.375015258789062,-1.5735502529423684e-05,attack,no
2390,1,0,2.561281600049467e-06,-12.875006675720215,-6.437280717364047e-06,attack,no
2391,1,0,3.9278615344062223e-07,-14.750003814697266,-3.6954811548639555e-06,attack,no
2392,1,0,2.5612831267086116e-06,-12.875004768371582,-5.125986263010418e-06,attack,no
2393,1,0,4.785095635655362e-06,-12.250005722045898,-5.960446742392378e-06,attack,no
2394,1,0,9.931190958076106e-08,-16.125001907348633,-1.6689286894688848e-06,attack,no
2395,1,0,1.067702742756907e-06,-13.750003814697266,-3.6954811548639555e-06,attack,no
2396,1,0,8.315279285326831e-07,-14.000003814697266,-3.6954811548639555e-06,attack,no
2397,1,0,9.42244930849811e-07,-13.875007629394531,-7.986990567587782e-06,attack,no
2398,1,0,0.00015843623597417694,-8.75015926361084,-0.00015937011630740017,attack,no
2399,1,0,8.315282259117513e-07,-14.00000286102295,-3.099436753473128e-06,attack,no
2400,1,0,4.4508505193791187e-07,-14.625003814697266,-3.814689989667386e-06,attack,no
2401,1,0,1.637377057661623e-07,-15.625004768371582,-4.887569048150908e-06,attack,no
2402,1,0,6.475951069961737e-07,-14.250003814697266,-4.291525328881107e-06,attack,no
2403,1,0,1.7603438428564603e-06,-13.250005722045898,-6.079655122448457e-06,attack,no
2404,1,0,5.043476486902203e-07,-14.50000286102295,-3.3378546504536644e-06,attack,no
2405,1,0,4.4508505193791187e-07,-14.625003814697266,-3.814689989667386e-06,attack,no
2406,1,0,1.0677033791583005e-06,-13.75000286102295,-3.3378546504536644e-06,attack,no
2407,1,0,1.067702997315865e-06,-13.750003814697266,-3.933898824470816e-06,attack,no
2408,1,0,6.9622537599680095e-06,-11.875009536743164,-9.179073458653875e-06,attack,no
2409,1,0,9.422443692527586e-07,-13.875003814697266,-3.576272320060525e-06,attack,no
2410,1,0,3.059022633906118e-07,-15.00000286102295,-2.9802276912960224e-06,attack,no
2411,1,0,8.315279285251204e-07,-14.000005722045898,-5.602820692729438e-06,attack,no
2412,1,0,1.994730197090463e-06,-13.125003814697266,-4.0531076592742465e-06,attack,no
2413,1,0,1.147876675771813e-05,-11.37501335144043,-1.3232143828645349e-05,attack,no
2414,1,0,5.043474081977821e-07,-14.500003814697266,-3.814689989667386e-06,attack,no
2415,1,0,8.31528027660729e-07,-14.00000286102295,-2.861018856492592e-06,attack,no
2416,1,0,6.96225458985162e-06,-11.87501049041748,-1.0251946150674485e-05,attack,no
2417,1,0,1.2098659719716573e-06,-13.625003814697266,-4.0531076592742465e-06,attack,no
2418,1,0,1.0677029973056687e-06,-13.750005722045898,-5.8412379075889476e-06,attack,no
2419,1,0,1.3709570433786157e-06,-13.500008583068848,-8.4638240878121e-06,attack,no
2420,1,0,1.637376276909393e-07,-15.625003814697266,-3.4570634852570947e-06,attack,no
2421,1,0,5.715004470313855e-07,-14.37500286102295,-2.861018856492592e-06,attack,no
2422,1,0,1.3709576971316842e-06,-13.500004768371582,-5.125986263010418e-06,attack,no
2423,1,0,8.315283250343497e-07,-14.000003814697266,-4.172316494077677e-06,attack,no
2424,1,0,0.060086656696110546,-2.811967611312866,-0.06196772679686546,attack,no
2425,1,0,1.0677033791583005e-06,-13.75000286102295,-3.3378546504536644e-06,attack,no
2426,1,0,3.288747889250454e-06,-12.625006675720215,-6.318072337307967e-06,attack,no
2427,1,0,1.0129993395336818e-05,-11.500011444091797,-1.168244216387393e-05,attack,no
2428,1,0,5.715005151550947e-07,-14.375004768371582,-4.887569048150908e-06,attack,no
2429,1,0,4.450851580497677e-07,-14.625005722045898,-5.960446742392378e-06,attack,no
2430,1,0,1.5534984953382988e-06,-13.375004768371582,-5.245195097813848e-06,attack,no
2431,1,0,2.5612831267086116e-06,-12.875004768371582,-5.125986263010418e-06,attack,no
2432,1,0,3.288749065310943e-06,-12.625009536743164,-9.536697689327411e-06,attack,no
2433,1,0,3.4663278639833103e-07,-14.875001907348633,-2.3841830625315197e-06,attack,no
2434,1,0,2.2603240284165705e-06,-13.000005722045898,-5.602820692729438e-06,attack,no
2435,1,0,7.338213304343414e-07,-14.12500286102295,-3.3378546504536644e-06,attack,no
2436,1,0,2.6995784182073116e-07,-15.12500286102295,-3.099436753473128e-06,attack,no
2437,1,0,3.288749849428275e-06,-12.625008583068848,-8.821448318485636e-06,attack,no
2438,1,0,3.0590226338671677e-07,-15.000005722045898,-5.8412379075889476e-06,attack,no
2439,1,0,8.764240137829087e-08,-16.250003814697266,-2.9802276912960224e-06,attack,no
2440,1,0,1.6373772528677946e-07,-15.625001907348633,-2.145764938177308e-06,attack,no
2441,1,0,1.7603430034743915e-06,-13.250004768371582,-4.6491513785440475e-06,attack,no
2442,1,0,2.5612812947380135e-06,-12.875005722045898,-5.364403477869928e-06,attack,no
2443,1,0,1.209865827740176e-06,-13.625004768371582,-4.887569048150908e-06,attack,no
2444,1,0,2.9023116391978962e-06,-12.750004768371582,-4.6491513785440475e-06,attack,no
2445,1,0,1.3709575337078827e-06,-13.500003814697266,-4.0531076592742465e-06,attack,no
2446,1,0,2.9023119851266288e-06,-12.750007629394531,-7.629365427419543e-06,attack,no
2447,1,0,1.2751905808757086e-07,-15.875004768371582,-4.887569048150908e-06,attack,no
2448,1,0,9.422445938917109e-07,-13.875005722045898,-5.722029527532868e-06,attack,no
2449,1,1,0.9859363753070244,-0.014163801446557045,-4.264163970947266,attack,yes
2450,1,0,2.9023119851266288e-06,-12.750007629394531,-7.629365427419543e-06,attack,no
2451,1,0,1.2098653950403334e-06,-13.625007629394531,-7.390948667307384e-06,attack,no
2452,1,0,2.1024336609843824e-07,-15.375001907348633,-2.0265558760002023e-06,attack,no
2453,1,0,7.734424996967757e-08,-16.375001907348633,-2.3841830625315197e-06,attack,no
2454,1,0,5.043474081977821e-07,-14.500003814697266,-3.814689989667386e-06,attack,no
2455,1,0,3.2887490653647827e-06,-12.625007629394531,-7.629365427419543e-06,attack,no
2456,1,0,1.5534979397677315e-06,-13.375004768371582,-4.887569048150908e-06,attack,no
2457,1,0,3.1201907654207106e-05,-10.375036239624023,-3.611976353568025e-05,attack,no
2458,1,0,1.3709572068422585e-06,-13.500004768371582,-4.768360213347478e-06,attack,no
2459,1,0,7.338207180884784e-07,-14.12500286102295,-2.50339189733495e-06,attack,no
2460,1,0,1.370957043417892e-06,-13.500003814697266,-3.6954811548639555e-06,attack,no
2461,1,0,4.450850519360903e-07,-14.625004768371582,-4.768360213347478e-06,attack,no
2462,1,0,1.7603436329714807e-06,-13.250008583068848,-8.821448318485636e-06,attack,no
2463,1,0,1.7603425837791044e-06,-13.250004768371582,-4.410734163684538e-06,attack,no
2464,1,0,3.2887490653872164e-06,-12.625006675720215,-6.6756979322235566e-06,attack,no
2465,1,0,4.4508526417176896e-07,-14.62500286102295,-3.3378546504536644e-06,attack,no
2466,1,0,3.466325797878046e-07,-14.875003814697266,-3.6954811548639555e-06,attack,no
2467,1,0,1.4449807263287805e-07,-15.750001907348633,-2.3841830625315197e-06,attack,no
2468,1,0,7.338211554758494e-07,-14.125003814697266,-4.0531076592742465e-06,attack,no
2469,1,0,3.726639284103522e-06,-12.500006675720215,-6.6756979322235566e-06,attack,no
2470,1,0,3.927863407362516e-07,-14.75000286102295,-3.2186455882765586e-06,attack,no
2471,1,0,2.7535687818640727e-05,-10.500031471252441,-3.135155202471651e-05,attack,no
2472,1,0,5.144220753715201e-05,-9.875053405761719,-5.328513361746445e-05,attack,no
2473,1,0,3.4663274507563266e-07,-14.87500286102295,-3.2186455882765586e-06,attack,no
2474,1,0,1.5534979397677315e-06,-13.375004768371582,-4.887569048150908e-06,attack,no
2475,1,0,7.73442776300517e-08,-16.375001907348633,-2.7418097943154862e-06,attack,no
2476,1,0,5.422217030663578e-06,-12.125009536743164,-9.179073458653875e-06,attack,no
2477,1,0,1.7603430034559798e-06,-13.250006675720215,-6.556489552167477e-06,attack,no
2478,1,0,9.422445939002807e-07,-13.875003814697266,-3.814689989667386e-06,attack,no
2479,1,0,1.760343842833246e-06,-13.250007629394531,-7.986990567587782e-06,attack,no
2480,1,0,3.2887506335906595e-06,-12.625005722045898,-6.198863957251888e-06,attack,no
2481,1,0,8.315279285326831e-07,-14.000003814697266,-3.6954811548639555e-06,attack,no
2482,1,0,2.382369667923043e-07,-15.25000286102295,-3.099436753473128e-06,attack,no
2483,1,0,5.715006514151423e-07,-14.37500286102295,-3.2186455882765586e-06,attack,no
2484,1,0,2.9023123311425104e-06,-12.750005722045898,-5.8412379075889476e-06,attack,no
2485,1,0,1.5534979397592542e-06,-13.375005722045898,-5.8412379075889476e-06,attack,no
2486,1,0,4.2228324375973415e-06,-12.375011444091797,-1.1205610462639015e-05,attack,no
2487,1,0,1.76034279361833e-06,-13.250005722045898,-5.483612312673358e-06,attack,no
2488,1,0,9.422444815726564e-07,-13.875004768371582,-4.6491513785440475e-06,attack,no
2489,1,0,6.144174601935314e-06,-12.000009536743164,-9.536697689327411e-06,attack,no
2490,1,0,1.5534979397592542e-06,-13.375005722045898,-5.8412379075889476e-06,attack,no
2491,1,0,1.5534984953382988e-06,-13.375004768371582,-5.245195097813848e-06,attack,no
2492,1,0,4.450852111148132e-07,-14.625001907348633,-2.264974000354414e-06,attack,no
2493,1,0,9.422443692527586e-07,-13.875003814697266,-3.576272320060525e-06,attack,no
2494,1,0,3.9278624708400497e-07,-14.750005722045898,-5.8412379075889476e-06,attack,no
2495,1,0,1.5534973842030142e-06,-13.375003814697266,-3.576272320060525e-06,attack,no
2496,1,0,0.0004305569900640863,-7.750431060791016,-0.00043084874050691724,attack,no
2497,1,0,2.9023116391978962e-06,-12.750004768371582,-4.6491513785440475e-06,attack,no
2498,1,0,4.222831934156396e-06,-12.375012397766113,-1.2040065485052764e-05,attack,no
2499,1,0,1.5534971989908e-06,-13.375006675720215,-6.318072337307967e-06,attack,no
2500,1,0,2.5612828212094537e-06,-12.875012397766113,-1.2636104656849056e-05,attack,no
2501,1,0,0.00012339457503825747,-9.000123977661133,-0.00012396997772157192,attack,no
2502,1,0,2.5612816000646084e-06,-12.875005722045898,-5.483612312673358e-06,attack,no
2503,1,0,5.715002426460124e-07,-14.375003814697266,-3.4570634852570947e-06,attack,no
2504,1,0,4.222832941034506e-06,-12.37501049041748,-1.0371154530730564e-05,attack,no
2505,1,0,4.785093924362895e-06,-12.250006675720215,-6.556489552167477e-06,attack,no
2506,1,0,1.7603438428564603e-06,-13.250005722045898,-6.079655122448457e-06,attack,no
2507,1,0,2.5612825159887044e-06,-12.875008583068848,-8.702239938429557e-06,attack,no
2508,1,0,2.9023109472389295e-06,-12.750004768371582,-4.410734163684538e-06,attack,no
2509,1,0,2.382368247924618e-07,-15.25000286102295,-2.50339189733495e-06,attack,no
2510,1,0,1.637377057673536e-07,-15.62500286102295,-2.9802276912960224e-06,attack,no
2511,1,0,0.0019267347515319684,-6.251928806304932,-0.0019288521725684404,attack,no
2512,1,0,3.9278610661822475e-07,-14.75000286102295,-2.622600959512056e-06,attack,no
2513,1,0,1.7603430034559798e-06,-13.250006675720215,-6.556489552167477e-06,attack,no
2514,1,0,9.931193325852072e-08,-16.125001907348633,-1.9073468138230965e-06,attack,no
2515,1,0,1.370957860567974e-06,-13.500003814697266,-4.291525328881107e-06,attack,no
2516,1,0,1.9947290081286418e-06,-13.125005722045898,-5.364403477869928e-06,attack,no
2517,1,0,7.338211554758494e-07,-14.125003814697266,-4.0531076592742465e-06,attack,no
2518,1,0,3.0590226338671677e-07,-15.000005722045898,-5.8412379075889476e-06,attack,no
2519,1,0,3.927862470890063e-07,-14.75000286102295,-2.9802276912960224e-06,attack,no
2520,1,0,1.7603430034559798e-06,-13.250006675720215,-6.556489552167477e-06,attack,no
2521,1,0,1.760343842833246e-06,-13.250007629394531,-7.986990567587782e-06,attack,no
2522,1,0,6.475945666033421e-07,-14.250003814697266,-3.4570634852570947e-06,attack,no
2523,1,0,1.5534979397592542e-06,-13.375005722045898,-5.8412379075889476e-06,attack,no
2524,1,0,2.3823693839154893e-07,-15.250003814697266,-3.933898824470816e-06,attack,no
2525,1,0,2.1024339116082313e-07,-15.37500286102295,-3.099436753473128e-06,attack,no
2526,1,0,9.422450431954848e-07,-13.875003814697266,-4.291525328881107e-06,attack,no
2527,1,0,1.9947290081286418e-06,-13.125005722045898,-5.364403477869928e-06,attack,no
2528,1,0,2.2603251062013478e-06,-13.000006675720215,-7.033323527139146e-06,attack,no
2529,1,1,0.9959298617518031,-0.004079473204910755,-5.504079341888428,attack,yes
2530,1,0,5.715002426410745e-07,-14.375005722045898,-5.364403477869928e-06,attack,no
2531,1,0,5.715007195410849e-07,-14.375003814697266,-4.291525328881107e-06,attack,no
2532,1,0,1.2098652508056196e-06,-13.625008583068848,-8.22540732769994e-06,attack,no
2533,1,0,9.422444815726564e-07,-13.875004768371582,-4.6491513785440475e-06,attack,no
2534,1,0,1.2098652508056196e-06,-13.625008583068848,-8.22540732769994e-06,attack,no
2535,1,0,5.715002426460124e-07,-14.375003814697266,-3.4570634852570947e-06,attack,no
2536,1,0,2.9023119851464256e-06,-12.750006675720215,-6.6756979322235566e-06,attack,no
2537,1,0,1.5534971989908e-06,-13.375006675720215,-6.318072337307967e-06,attack,no
2538,1,0,1.0677033791583005e-06,-13.75000286102295,-3.3378546504536644e-06,attack,no
2539,1,0,1.2098659719601036e-06,-13.625005722045898,-5.960446742392378e-06,attack,no
2540,1,0,1.2098659719601036e-06,-13.625005722045898,-5.960446742392378e-06,attack,no
2541,1,0,6.475950297993788e-07,-14.25000286102295,-3.2186455882765586e-06,attack,no
2542,1,0,1.8553905759969634e-07,-15.500003814697266,-3.576272320060525e-06,attack,no
2543,1,0,1.067702997315865e-06,-13.750003814697266,-3.933898824470816e-06,attack,no
2544,1,0,8.315279285251204e-07,-14.000005722045898,-5.602820692729438e-06,attack,no
2545,1,0,1.44498003730197e-07,-15.750003814697266,-3.814689989667386e-06,attack,no
2546,1,0,6.475951069961737e-07,-14.250003814697266,-4.291525328881107e-06,attack,no
2547,1,0,6.144173869558638e-06,-12.000008583068848,-8.4638240878121e-06,attack,no
2548,1,0,1.370956716557996e-06,-13.500003814697266,-3.4570634852570947e-06,attack,no
2549,1,0,1.4738980215352592e-05,-11.125017166137695,-1.7046782886609435e-05,attack,no
2550,1,0,5.422220262555012e-06,-12.125008583068848,-8.821448318485636e-06,attack,no
2551,1,0,3.535625914621053e-05,-10.25003719329834,-3.7431014789035544e-05,attack,no
2552,1,1,0.9914225137705398,-0.008615112863481045,-4.758615016937256,attack,yes
2553,1,0,2.561282515967739e-06,-12.875009536743164,-9.65590606938349e-06,attack,no
2554,1,0,1.0677029973056687e-06,-13.750005722045898,-5.8412379075889476e-06,attack,no
2555,1,0,1.3709578605542582e-06,-13.500005722045898,-6.198863957251888e-06,attack,no
2556,1,0,9.422443692527586e-07,-13.875003814697266,-3.576272320060525e-06,attack,no
2557,1,0,5.715002426460124e-07,-14.375003814697266,-3.4570634852570947e-06,attack,no
2558,1,0,5.715002426410745e-07,-14.375005722045898,-5.364403477869928e-06,attack,no
2559,1,0,5.04347588565724e-07,-14.500003814697266,-4.172316494077677e-06,attack,no
2560,1,0,1.4738976700661031e-05,-11.125020027160645,-1.966933996300213e-05,attack,no
2561,1,0,1.9947290081177566e-06,-13.125006675720215,-6.318072337307967e-06,attack,no
2562,1,0,7.338211554758494e-07,-14.125003814697266,-4.0531076592742465e-06,attack,no
2563,1,0,3.4663253846718004e-07,-14.87500286102295,-2.622600959512056e-06,attack,no
2564,1,0,2.9023112931477826e-06,-12.750008583068848,-8.34461570775602e-06,attack,no
2565,1,0,1.7603430034743915e-06,-13.250004768371582,-4.6491513785440475e-06,attack,no
2566,1,0,2.699577774546607e-07,-15.125005722045898,-5.722029527532868e-06,attack,no
2567,1,0,2.382369667923043e-07,-15.25000286102295,-3.099436753473128e-06,attack,no
2568,1,0,9.422445938917109e-07,-13.875005722045898,-5.722029527532868e-06,attack,no
2569,1,0,2.6995780963846126e-07,-15.125003814697266,-3.933898824470816e-06,attack,no
2570,1,0,3.466325384532297e-07,-14.875009536743164,-9.298280929215252e-06,attack,no
2571,1,0,5.043476486902203e-07,-14.50000286102295,-3.3378546504536644e-06,attack,no
2572,1,0,9.422445938917109e-07,-13.875005722045898,-5.722029527532868e-06,attack,no
2573,1,0,3.2887490653647827e-06,-12.625007629394531,-7.629365427419543e-06,attack,no
2574,1,0,1.7603438428660665e-06,-13.250004768371582,-5.125986263010418e-06,attack,no
2575,1,0,2.9023133690821777e-06,-12.750005722045898,-6.198863957251888e-06,attack,no
2576,1,0,8.315278294038927e-07,-14.000004768371582,-4.529942543740617e-06,attack,no
2577,1,0,3.288749065310943e-06,-12.625009536743164,-9.536697689327411e-06,attack,no
2578,1,0,9.422445938917109e-07,-13.875005722045898,-5.722029527532868e-06,attack,no
2579,1,0,4.785093924362895e-06,-12.250006675720215,-6.556489552167477e-06,attack,no
2580,1,0,5.043476486902203e-07,-14.50000286102295,-3.3378546504536644e-06,attack,no
2581,1,0,4.4508499887035535e-07,-14.625007629394531,-7.510157047363464e-06,attack,no
2582,1,0,6.475947982022762e-07,-14.25000286102295,-2.861018856492592e-06,attack,no
2583,1,0,1.1478769494396542e-05,-11.37501335144043,-1.3470558769768104e-05,attack,no
2584,1,0,1.2751907329024393e-07,-15.875001907348633,-2.145764938177308e-06,attack,no
2585,1,0,1.3007125363719486e-05,-11.250016212463379,-1.597391747054644e-05,attack,no
2586,1,0,4.785095065171523e-06,-12.250007629394531,-7.748573807475623e-06,attack,no
2587,1,0,1.3709572068179446e-06,-13.500007629394531,-7.629365427419543e-06,attack,no
2588,1,0,1.0129995810463632e-05,-11.500011444091797,-1.1920858014491387e-05,attack,no
2589,1,0,1.2098652508391807e-06,-13.625003814697266,-3.4570634852570947e-06,attack,no
2590,1,0,5.043472278312808e-07,-14.50000286102295,-2.50339189733495e-06,attack,no
2591,1,0,1.7603434231833873e-06,-13.25000286102295,-2.9802276912960224e-06,attack,no
2592,1,0,1.7603436329394601e-06,-13.25001049041748,-1.07287787614041e-05,attack,no
2593,1,0,5.715005151574337e-07,-14.375003814697266,-3.933898824470816e-06,attack,no
2594,1,0,1.209865827740176e-06,-13.625004768371582,-4.887569048150908e-06,attack,no
2595,1,0,6.475948754028718e-07,-14.250001907348633,-2.0265558760002023e-06,attack,no
2596,1,0,4.222833947862929e-06,-12.375009536743164,-9.65590606938349e-06,attack,no
2597,1,0,3.7266383956340114e-06,-12.500005722045898,-5.483612312673358e-06,attack,no
2598,1,0,1.9947290080905435e-06,-13.125008583068848,-8.22540732769994e-06,attack,no
2599,1,0,1.8553919030858602e-07,-15.500000953674316,-1.4305104514278355e-06,attack,no
2600,1,0,2.1024329090561282e-07,-15.375006675720215,-6.437280717364047e-06,attack,no
2601,1,0,5.043476486902203e-07,-14.50000286102295,-3.3378546504536644e-06,attack,no
2602,1,0,5.04347408195718e-07,-14.500004768371582,-4.768360213347478e-06,attack,no
2603,1,0,1.8553903548231313e-07,-15.50000286102295,-2.50339189733495e-06,attack,no
2604,1,0,1.067702742756907e-06,-13.750003814697266,-3.6954811548639555e-06,attack,no
2605,1,0,7.338211554758494e-07,-14.125003814697266,-4.0531076592742465e-06,attack,no
2606,1,0,7.338211554725123e-07,-14.125004768371582,-5.006777428206988e-06,attack,no
2607,1,0,4.22283243777401e-06,-12.375006675720215,-6.437280717364047e-06,attack,no
2608,1,0,2.9023112931477826e-06,-12.750008583068848,-8.34461570775602e-06,attack,no
2609,1,0,2.4300243631890864e-05,-10.625025749206543,-2.586808113846928e-05,attack,no
2610,1,0,1.0677024881941248e-06,-13.750004768371582,-4.410734163684538e-06,attack,no
2611,1,0,2.9023119851266288e-06,-12.750007629394531,-7.629365427419543e-06,attack,no
2612,1,0,2.2603253756771736e-06,-13.000004768371582,-5.245195097813848e-06,attack,no
2613,1,0,0.00857748525531428,-4.758614540100098,-0.008614521473646164,attack,no
2614,1,0,5.043475284447895e-07,-14.50000286102295,-3.099436753473128e-06,attack,no
2615,1,0,1.067702742756907e-06,-13.750003814697266,-3.6954811548639555e-06,attack,no
2616,1,0,3.059023363231725e-07,-15.00000286102295,-3.2186455882765586e-06,attack,no
2617,1,0,3.059021904559123e-07,-15.000004768371582,-4.6491513785440475e-06,attack,no
2618,1,0,2.9023112931477826e-06,-12.750008583068848,-8.34461570775602e-06,attack,no
2619,1,0,5.043476486860921e-07,-14.500004768371582,-5.245195097813848e-06,attack,no
2620,1,0,1.0677024881941248e-06,-13.750004768371582,-4.410734163684538e-06,attack,no
2621,1,0,1.1253513522447425e-07,-16.000001907348633,-1.6689286894688848e-06,attack,no
2622,1,0,8.315278294097537e-07,-14.00000286102295,-2.622600959512056e-06,attack,no
2623,1,0,9.422443692390472e-07,-13.875006675720215,-6.437280717364047e-06,attack,no
2624,1,0,1.8553905759969634e-07,-15.500003814697266,-3.576272320060525e-06,attack,no
2625,1,0,1.5534979397592542e-06,-13.375005722045898,-5.8412379075889476e-06,attack,no
2626,1,0,4.785093353909723e-06,-12.250007629394531,-7.390948667307384e-06,attack,no
2627,1,0,3.059021904559123e-07,-15.000004768371582,-4.6491513785440475e-06,attack,no
2628,1,0,1.9947301970587145e-06,-13.125006675720215,-6.9141146923357155e-06,attack,no
2629,1,0,2.4300232043987867e-05,-10.625027656555176,-2.729855441430118e-05,attack,no
2630,1,0,1.0129995810463632e-05,-11.500011444091797,-1.1920858014491387e-05,attack,no
2631,1,0,1.370957860567974e-06,-13.500003814697266,-4.291525328881107e-06,attack,no
2632,1,0,6.475948753991907e-07,-14.250003814697266,-3.933898824470816e-06,attack,no
2633,1,0,2.1024329090561282e-07,-15.375006675720215,-6.437280717364047e-06,attack,no
2634,1,0,1.1253506814797596e-07,-16.000003814697266,-2.9802276912960224e-06,attack,no
2635,1,0,3.059022633906118e-07,-15.00000286102295,-2.9802276912960224e-06,attack,no
2636,1,0,0.37754066879814546,-0.9740773439407349,-0.47407734394073486,attack,no
2637,1,0,3.9278605978261515e-07,-14.750008583068848,-8.22540732769994e-06,attack,no
2638,1,0,1.0677028700320083e-06,-13.750004768371582,-4.768360213347478e-06,attack,no
2639,1,0,4.222832941193893e-06,-12.375005722045898,-5.602820692729438e-06,attack,no
2640,1,0,4.539787406416171e-05,-10.000046730041504,-4.684815212385729e-05,attack,no
2641,1,0,5.715002426410745e-07,-14.375005722045898,-5.364403477869928e-06,attack,no
2642,1,0,1.4738976701170414e-05,-11.125018119812012,-1.7762025890988298e-05,attack,no
2643,1,0,1.7603430034559798e-06,-13.250006675720215,-6.556489552167477e-06,attack,no
2644,1,0,6.9622562498217645e-06,-11.875009536743164,-9.536697689327411e-06,attack,no
2645,1,0,9.422443692390472e-07,-13.875006675720215,-6.437280717364047e-06,attack,no
2646,1,0,0.00023050682572154236,-8.37523078918457,-0.00023123928986024112,attack,no
2647,1,0,5.422219616140079e-06,-12.125009536743164,-9.65590606938349e-06,attack,no
2648,1,0,6.475947982022762e-07,-14.25000286102295,-2.861018856492592e-06,attack,no
2649,1,0,1.2098653950606901e-06,-13.625004768371582,-4.529942543740617e-06,attack,no
2650,1,0,7.338213304343414e-07,-14.12500286102295,-3.3378546504536644e-06,attack,no
2651,1,0,1.7603425837791044e-06,-13.250004768371582,-4.410734163684538e-06,attack,no
2652,1,0,7.338211554758494e-07,-14.125003814697266,-4.0531076592742465e-06,attack,no
2653,1,0,2.6995784182073116e-07,-15.12500286102295,-3.099436753473128e-06,attack,no
2654,1,0,2.382368247924618e-07,-15.25000286102295,-2.50339189733495e-06,attack,no
2655,1,0,1.1253516205427619e-07,-16.000003814697266,-3.814689989667386e-06,attack,no
2656,1,0,1.5534984953382988e-06,-13.375004768371582,-5.245195097813848e-06,attack,no
2657,1,0,7.3382080556433e-07,-14.125003814697266,-3.576272320060525e-06,attack,no
2658,1,0,6.475950297993788e-07,-14.25000286102295,-3.2186455882765586e-06,attack,no
2659,1,0,2.9023112932045342e-06,-12.750005722045898,-5.483612312673358e-06,attack,no
2660,1,0,8.315284241650899e-07,-14.000001907348633,-2.3841830625315197e-06,attack,no
2661,1,0,4.4508526417176896e-07,-14.62500286102295,-3.3378546504536644e-06,attack,no
2662,1,0,2.5612834320214477e-06,-12.875005722045898,-6.198863957251888e-06,attack,no
2663,1,0,1.067703124601679e-06,-13.750001907348633,-2.145764938177308e-06,attack,no
2664,1,0,6.144176066850983e-06,-12.000008583068848,-8.821448318485636e-06,attack,no
2665,1,0,5.715002426460124e-07,-14.375003814697266,-3.4570634852570947e-06,attack,no
2666,1,0,2.1024334103505248e-07,-15.37500286102295,-2.861018856492592e-06,attack,no
2667,1,0,2.5612828213690224e-06,-12.875005722045898,-5.960446742392378e-06,attack,no
2668,1,0,1.7603438428660665e-06,-13.250004768371582,-5.125986263010418e-06,attack,no
2669,1,0,3.726638839833152e-06,-12.500007629394531,-7.510157047363464e-06,attack,no
2670,1,0,3.726637951367136e-06,-12.500006675720215,-6.318072337307967e-06,attack,no
2671,1,0,5.422218323448523e-06,-12.125008583068848,-8.4638240878121e-06,attack,no
2672,1,0,8.315278294038927e-07,-14.000004768371582,-4.529942543740617e-06,attack,no
2673,1,0,0.0006263341836865182,-7.375628471374512,-0.00062851223628968,attack,no
2674,1,0,1.0677024881887838e-06,-13.750005722045898,-5.364403477869928e-06,attack,no
2675,1,0,1.5534977545384963e-06,-13.375008583068848,-8.583032467868179e-06,attack,no
2676,1,0,7.3382115546417e-07,-14.125006675720215,-6.9141146923357155e-06,attack,no
2677,1,0,5.715004470272273e-07,-14.375004768371582,-4.768360213347478e-06,attack,no
2678,1,0,8.315279285251204e-07,-14.000005722045898,-5.602820692729438e-06,attack,no
2679,1,0,6.475951069961737e-07,-14.250003814697266,-4.291525328881107e-06,attack,no
2680,1,0,9.93120161306789e-08,-16.125001907348633,-2.7418097943154862e-06,attack,no
2681,1,0,6.962257079832313e-06,-11.875008583068848,-8.702239938429557e-06,attack,no
2682,1,0,3.059022998576898e-07,-15.000001907348633,-2.145764938177308e-06,attack,no
2683,1,0,5.043474081977821e-07,-14.500003814697266,-3.814689989667386e-06,attack,no
2684,1,0,2.1024339116082313e-07,-15.37500286102295,-3.099436753473128e-06,attack,no
2685,1,0,1.01299946023704e-05,-11.500015258789062,-1.5616295058862306e-05,attack,no
2686,1,0,1.370956716557996e-06,-13.500003814697266,-3.4570634852570947e-06,attack,no
2687,1,0,4.222832941034506e-06,-12.37501049041748,-1.0371154530730564e-05,attack,no
2688,1,0,8.315279285326831e-07,-14.000003814697266,-3.6954811548639555e-06,attack,no
2689,1,0,4.222832941111319e-06,-12.375008583068848,-8.4638240878121e-06,attack,no
2690,1,0,1.0129987357287366e-05,-11.50001335144043,-1.2993727978027891e-05,attack,no
2691,1,0,1.370957043417892e-06,-13.500003814697266,-3.6954811548639555e-06,attack,no
2692,1,0,1.3007134666857228e-05,-11.250016212463379,-1.6689160474925302e-05,attack,no
2693,1,0,2.2603240284165705e-06,-13.000005722045898,-5.602820692729438e-06,attack,no
2694,1,0,2.6995768090340476e-07,-15.125009536743164,-9.179073458653875e-06,attack,no
2695,1,0,1.6701425826829356e-05,-11.000019073486328,-1.9311717551317997e-05,attack,no
2696,1,0,1.9947306726049997e-06,-13.125008583068848,-9.059865078597795e-06,attack,no
2697,1,0,7.338211554758494e-07,-14.125003814697266,-4.0531076592742465e-06,attack,no
2698,1,0,8.315278294038927e-07,-14.000004768371582,-4.529942543740617e-06,attack,no
2699,1,0,8.315283250343497e-07,-14.000003814697266,-4.172316494077677e-06,attack,no
2700,1,0,1.0677024881887838e-06,-13.750005722045898,-5.364403477869928e-06,attack,no
2701,1,0,1.553497384196656e-06,-13.375004768371582,-4.529942543740617e-06,attack,no
2702,1,0,7.338211554725123e-07,-14.125004768371582,-5.006777428206988e-06,attack,no
2703,1,0,1.8553912395338048e-07,-15.500003814697266,-3.933898824470816e-06,attack,no
2704,1,0,1.0677024881887838e-06,-13.750005722045898,-5.364403477869928e-06,attack,no
2705,1,0,2.3823690999236792e-07,-15.25000286102295,-2.861018856492592e-06,attack,no
2706,1,0,2.699578418185828e-07,-15.125004768371582,-5.006777428206988e-06,attack,no
2707,1,0,4.450851580555361e-07,-14.62500286102295,-3.099436753473128e-06,attack,no
2708,1,0,9.422444815726564e-07,-13.875004768371582,-4.6491513785440475e-06,attack,no
2709,1,0,6.475951069961737e-07,-14.250003814697266,-4.291525328881107e-06,attack,no
2710,1,0,1.9947306726049997e-06,-13.125008583068848,-9.059865078597795e-06,attack,no
2711,1,0,5.715004470272273e-07,-14.375004768371582,-4.768360213347478e-06,attack,no
2712,1,0,2.2603245673279107e-06,-13.000004768371582,-4.887569048150908e-06,attack,no
2713,1,1,0.8519528057272543,-0.16022512316703796,-1.9102251529693604,attack,yes
2714,1,0,1.7603427936335398e-06,-13.250003814697266,-3.576272320060525e-06,attack,no
2715,1,0,3.927863407331258e-07,-14.750004768371582,-5.125986263010418e-06,attack,no
2716,1,0,2.3823693839154893e-07,-15.250003814697266,-3.933898824470816e-06,attack,no
2717,1,0,2.1024329090867228e-07,-15.375003814697266,-3.576272320060525e-06,attack,no
2718,1,0,5.1442238193224754e-05,-9.875054359436035,-5.4834770708112046e-05,attack,no
2719,1,0,2.3823690999236792e-07,-15.25000286102295,-2.861018856492592e-06,attack,no
2720,1,0,1.3709576971316842e-06,-13.500004768371582,-5.125986263010418e-06,attack,no
2721,1,0,4.450852111120808e-07,-14.625003814697266,-4.172316494077677e-06,attack,no
2722,1,0,4.450852111120808e-07,-14.625003814697266,-4.172316494077677e-06,attack,no
2723,1,0,5.715006514151423e-07,-14.37500286102295,-3.2186455882765586e-06,attack,no
2724,1,0,4.450849988811838e-07,-14.62500286102295,-2.7418097943154862e-06,attack,no
2725,1,0,5.715005151574337e-07,-14.375003814697266,-3.933898824470816e-06,attack,no
2726,1,0,2.1024326584639497e-07,-15.37500286102295,-2.50339189733495e-06,attack,no
2727,1,0,3.120190765727184e-05,-10.375033378601074,-3.325883881188929e-05,attack,no
2728,1,0,9.422449308748772e-07,-13.87500286102295,-3.2186455882765586e-06,attack,no
2729,1,0,9.422449308748772e-07,-13.87500286102295,-3.2186455882765586e-06,attack,no
2730,1,0,5.04347588565724e-07,-14.500003814697266,-4.172316494077677e-06,attack,no
2731,1,0,1.209865827740176e-06,-13.625004768371582,-4.887569048150908e-06,attack,no
2732,1,0,9.422449308748772e-07,-13.87500286102295,-3.2186455882765586e-06,attack,no
2733,1,0,9.422443692527586e-07,-13.875003814697266,-3.576272320060525e-06,attack,no
2734,1,0,1.6373776432481908e-07,-15.625001907348633,-2.3841830625315197e-06,attack,no
2735,1,0,3.7266388398060374e-06,-12.500008583068848,-8.4638240878121e-06,attack,no
2736,1,0,6.475945666033421e-07,-14.250003814697266,-3.4570634852570947e-06,attack,no
2737,1,0,1.067702742756907e-06,-13.750003814697266,-3.6954811548639555e-06,attack,no
2738,1,0,5.4222189698583705e-06,-12.125007629394531,-7.629365427419543e-06,attack,no
2739,1,0,6.144176066850983e-06,-12.000008583068848,-8.821448318485636e-06,attack,no
2740,1,0,5.04347408195718e-07,-14.500004768371582,-4.768360213347478e-06,attack,no
2741,1,0,2.9023116391978962e-06,-12.750004768371582,-4.6491513785440475e-06,attack,no
2742,1,0,4.450852641681257e-07,-14.625004768371582,-5.245195097813848e-06,attack,no
2743,1,0,2.382369667923043e-07,-15.25000286102295,-3.099436753473128e-06,attack,no
2744,1,0,3.0590226338671677e-07,-15.000005722045898,-5.8412379075889476e-06,attack,no
2745,1,0,9.422450431912e-07,-13.875004768371582,-5.245195097813848e-06,attack,no
2746,1,0,8.315283250394545e-07,-14.000001907348633,-2.264974000354414e-06,attack,no
2747,1,0,4.450852111120808e-07,-14.625003814697266,-4.172316494077677e-06,attack,no
2748,1,0,1.7603438428564603e-06,-13.250005722045898,-6.079655122448457e-06,attack,no
2749,1,0,3.9278615344062223e-07,-14.750003814697266,-3.6954811548639555e-06,attack,no
2750,1,0,2.9023116391978962e-06,-12.750004768371582,-4.6491513785440475e-06,attack,no
2751,1,0,1.3709578605542582e-06,-13.500005722045898,-6.198863957251888e-06,attack,no
2752,1,0,3.466326624322211e-07,-14.87500286102295,-2.9802276912960224e-06,attack,no
2753,1,0,1.7603430034559798e-06,-13.250006675720215,-6.556489552167477e-06,attack,no
2754,1,0,9.422447062270609e-07,-13.87500286102295,-2.9802276912960224e-06,attack,no
2755,1,0,5.715006514074756e-07,-14.375005722045898,-6.079655122448457e-06,attack,no
2756,1,0,2.2603240284165705e-06,-13.000005722045898,-5.602820692729438e-06,attack,no
2757,1,0,6.475950297993788e-07,-14.25000286102295,-3.2186455882765586e-06,attack,no
2758,1,0,2.1024336609724316e-07,-15.375003814697266,-3.933898824470816e-06,attack,no
2759,1,0,2.4300252320622747e-05,-10.625027656555176,-2.8132995794294402e-05,attack,no
2760,1,0,1.7603438428564603e-06,-13.250005722045898,-6.079655122448457e-06,attack,no
2761,1,0,3.466326624322211e-07,-14.87500286102295,-2.9802276912960224e-06,attack,no
2762,1,0,5.04347588565724e-07,-14.500003814697266,-4.172316494077677e-06,attack,no
2763,1,0,2.102434162245973e-07,-15.375000953674316,-1.311301275563892e-06,attack,no
2764,1,0,7.3382080556433e-07,-14.125003814697266,-3.576272320060525e-06,attack,no
2765,1,0,9.93118503859575e-08,-16.125003814697266,-2.9802276912960224e-06,attack,no
2766,1,0,1.8553912395443514e-07,-15.500001907348633,-2.0265558760002023e-06,attack,no
2767,1,0,1.7603436329714807e-06,-13.250008583068848,-8.821448318485636e-06,attack,no
2768,1,0,5.043472879550462e-07,-14.500001907348633,-1.6689286894688848e-06,attack,no
2769,1,0,0.07585818367743737,-2.578890800476074,-0.0788908526301384,attack,no
2770,1,0,3.9278624708400497e-07,-14.750005722045898,-5.8412379075889476e-06,attack,no
2771,1,0,1.7603438428564603e-06,-13.250005722045898,-6.079655122448457e-06,attack,no
2772,1,0,5.715007195447233e-07,-14.375001907348633,-2.3841830625315197e-06,attack,no
2773,1,0,4.4508494581252043e-07,-14.625007629394531,-7.390948667307384e-06,attack,no
2774,1,0,9.422445938917109e-07,-13.875005722045898,-5.722029527532868e-06,attack,no
2775,1,0,4.450852111148132e-07,-14.625001907348633,-2.264974000354414e-06,attack,no
2776,1,0,6.475948753991907e-07,-14.250003814697266,-3.933898824470816e-06,attack,no
2777,1,0,9.931198061405701e-08,-16.125001907348633,-2.3841830625315197e-06,attack,no
2778,1,0,4.4508526417176896e-07,-14.62500286102295,-3.3378546504536644e-06,attack,no
2779,1,0,3.288749065310943e-06,-12.625009536743164,-9.536697689327411e-06,attack,no
2780,1,0,1.8553903548231313e-07,-15.50000286102295,-2.50339189733495e-06,attack,no
2781,1,0,1.6373766672936515e-07,-15.62500286102295,-2.7418097943154862e-06,attack,no
2782,1,0,4.4508505193791187e-07,-14.625003814697266,-3.814689989667386e-06,attack,no
2783,1,0,1.0677028700320083e-06,-13.750004768371582,-4.768360213347478e-06,attack,no
2784,1,0,1.8553912395338048e-07,-15.500003814697266,-3.933898824470816e-06,attack,no
2785,1,0,3.059021904559123e-07,-15.000004768371582,-4.6491513785440475e-06,attack,no
2786,1,0,2.1024341622368903e-07,-15.37500286102295,-3.2186455882765586e-06,attack,no
2787,1,0,1.4449802095504282e-07,-15.750004768371582,-4.887569048150908e-06,attack,no
2788,1,0,6.475948753991907e-07,-14.250003814697266,-3.933898824470816e-06,attack,no
2789,1,0,6.475948753991907e-07,-14.250003814697266,-3.933898824470816e-06,attack,no
2790,1,0,1.5534983101549164e-06,-13.375003814697266,-4.172316494077677e-06,attack,no
2791,1,0,5.42221832352496e-06,-12.125006675720215,-6.556489552167477e-06,attack,no
2792,1,0,9.931193325797878e-08,-16.125003814697266,-3.814689989667386e-06,attack,no
2793,1,0,1.7603432133032605e-06,-13.250006675720215,-6.6756979322235566e-06,attack,no
2794,1,0,2.9023133690637e-06,-12.750006675720215,-7.152531907195225e-06,attack,no
2795,1,0,5.829127945541869e-05,-9.750059127807617,-5.936446541454643e-05,attack,no
2796,1,0,8.315283250343497e-07,-14.000003814697266,-4.172316494077677e-06,attack,no
2797,1,0,1.6373766672936515e-07,-15.62500286102295,-2.7418097943154862e-06,attack,no
2798,1,0,0.0003353501515311948,-8.000335693359375,-0.0003357561945449561,attack,no
2799,1,0,1.5534977545102384e-06,-13.37501049041748,-1.0490362910786644e-05,attack,no
2800,1,0,2.1024336609724316e-07,-15.375003814697266,-3.933898824470816e-06,attack,no
2801,1,0,4.222834954722317e-06,-12.375007629394531,-7.986990567587782e-06,attack,no
2802,1,0,2.1444956084249965e-05,-10.750022888183594,-2.3245540432981215e-05,attack,no
2803,1,0,9.422449308748772e-07,-13.87500286102295,-3.2186455882765586e-06,attack,no
2804,1,0,6.475946438042048e-07,-14.25000286102295,-2.622600959512056e-06,attack,no
2805,1,0,1.2751910369310196e-07,-15.875001907348633,-2.3841830625315197e-06,attack,no
2806,1,0,1.012999460278499e-05,-11.500012397766113,-1.2755313036905136e-05,attack,no
2807,1,0,9.422443692390472e-07,-13.875006675720215,-6.437280717364047e-06,attack,no
2808,1,0,9.931198061405701e-08,-16.125001907348633,-2.3841830625315197e-06,attack,no
2809,1,0,1.0677024881941248e-06,-13.750004768371582,-4.410734163684538e-06,attack,no
2810,1,0,1.0677033791291685e-06,-13.750007629394531,-8.106198947643861e-06,attack,no
2811,1,0,1.85539057598937e-07,-15.500004768371582,-4.529942543740617e-06,attack,no
2812,1,0,3.9278610661822475e-07,-14.75000286102295,-2.622600959512056e-06,attack,no
2813,1,0,2.3823693839290315e-07,-15.250001907348633,-2.0265558760002023e-06,attack,no
2814,1,0,1.6373776432377665e-07,-15.625003814697266,-4.291525328881107e-06,attack,no
2815,1,0,8.315283250343497e-07,-14.000003814697266,-4.172316494077677e-06,attack,no
2816,1,0,8.315282259117513e-07,-14.00000286102295,-3.099436753473128e-06,attack,no
2817,1,0,5.422220262555012e-06,-12.125008583068848,-8.821448318485636e-06,attack,no
2818,1,0,3.927862939113311e-07,-14.750003814697266,-4.0531076592742465e-06,attack,no
2819,1,0,2.9023133690637e-06,-12.750006675720215,-7.152531907195225e-06,attack,no
2820,1,0,3.927863407331258e-07,-14.750004768371582,-5.125986263010418e-06,attack,no
2821,1,0,7.33820980498712e-07,-14.125008583068848,-8.583032467868179e-06,attack,no
2822,1,0,3.9278615343490645e-07,-14.750006675720215,-6.556489552167477e-06,attack,no
2823,1,0,5.715007195410849e-07,-14.375003814697266,-4.291525328881107e-06,attack,no
2824,1,0,1.7603425837494853e-06,-13.250007629394531,-7.271740287251305e-06,attack,no
2825,1,0,3.059022633906118e-07,-15.00000286102295,-2.9802276912960224e-06,attack,no
2826,1,0,1.209865683518615e-06,-13.625003814697266,-3.814689989667386e-06,attack,no
2827,1,0,3.9278615344062223e-07,-14.750003814697266,-3.6954811548639555e-06,attack,no
2828,1,0,1.2098652508391807e-06,-13.625003814697266,-3.4570634852570947e-06,attack,no
2829,1,0,5.42221767702889e-06,-12.125009536743164,-9.298280929215252e-06,attack,no
2830,1,0,1.9947297214944016e-06,-13.125005722045898,-5.722029527532868e-06,attack,no
2831,1,0,1.370957860567974e-06,-13.500003814697266,-4.291525328881107e-06,attack,no
2832,1,0,1.892515501014656e-05,-10.875020027160645,-2.038458114839159e-05,attack,no
2833,1,0,2.1024329090561282e-07,-15.375006675720215,-6.437280717364047e-06,attack,no
2834,1,0,6.825602910396625e-08,-16.500003814697266,-3.814689989667386e-06,attack,no
2835,1,0,1.760343842833246e-06,-13.250007629394531,-7.986990567587782e-06,attack,no
2836,1,0,5.715005151574337e-07,-14.375003814697266,-3.933898824470816e-06,attack,no
2837,1,0,2.9023119851266288e-06,-12.750007629394531,-7.629365427419543e-06,attack,no
2838,1,0,4.785093353787868e-06,-12.25001049041748,-1.0251946150674485e-05,attack,no
2839,1,0,6.475948753991907e-07,-14.250003814697266,-3.933898824470816e-06,attack,no
2840,1,0,6.475948753891781e-07,-14.250006675720215,-6.794906312279636e-06,attack,no
2841,1,0,0.00020342692526097766,-8.500205993652344,-0.0002057340752799064,attack,no
2842,1,0,0.00012339453090539477,-9.00012493133545,-0.0001245659514097497,attack,no
2843,1,0,1.444979520545713e-07,-15.750001907348633,-1.5497195136049413e-06,attack,no
2844,1,0,2.3823690999236792e-07,-15.25000286102295,-2.861018856492592e-06,attack,no
2845,1,0,1.9947290081286418e-06,-13.125005722045898,-5.364403477869928e-06,attack,no
2846,1,0,3.0590219045716434e-07,-15.000003814697266,-3.6954811548639555e-06,attack,no
2847,1,0,7.338207180838066e-07,-14.125004768371582,-4.410734163684538e-06,attack,no
2848,1,0,3.059023363231725e-07,-15.00000286102295,-3.2186455882765586e-06,attack,no
2849,1,0,1.3709567165530085e-06,-13.500004768371582,-4.410734163684538e-06,attack,no
2850,1,0,3.0590219045876407e-07,-15.000001907348633,-1.7881377516459906e-06,attack,no
2851,1,0,3.4663253846718004e-07,-14.87500286102295,-2.622600959512056e-06,attack,no
2852,1,0,2.2603240284165705e-06,-13.000005722045898,-5.602820692729438e-06,attack,no
2853,1,0,1.067702742756907e-06,-13.750003814697266,-3.6954811548639555e-06,attack,no
2854,1,0,8.764249540862798e-08,-16.250001907348633,-2.145764938177308e-06,attack,no
2855,1,0,1.209865683518615e-06,-13.625003814697266,-3.814689989667386e-06,attack,no
2856,1,0,7.338213304343414e-07,-14.12500286102295,-3.3378546504536644e-06,attack,no
2857,1,0,5.715002426410745e-07,-14.375005722045898,-5.364403477869928e-06,attack,no
2858,1,0,9.422444815726564e-07,-13.875004768371582,-4.6491513785440475e-06,attack,no
2859,1,0,1.0677029973056687e-06,-13.750005722045898,-5.8412379075889476e-06,attack,no
2860,1,0,1.012999460278499e-05,-11.500012397766113,-1.2755313036905136e-05,attack,no
2861,1,0,5.1442238184803627e-05,-9.875057220458984,-5.769562994828448e-05,attack,no
2862,1,0,4.785096206047877e-06,-12.250006675720215,-7.033323527139146e-06,attack,no
2863,1,0,5.715005151574337e-07,-14.375003814697266,-3.933898824470816e-06,attack,no
2864,1,0,5.715003107755449e-07,-14.37500286102295,-2.622600959512056e-06,attack,no
2865,1,0,1.0129988564845376e-05,-11.50001335144043,-1.3112935448589269e-05,attack,no
2866,1,0,1.760343633025915e-06,-13.250003814697266,-4.0531076592742465e-06,attack,no
2867,1,0,1.7603425837494853e-06,-13.250007629394531,-7.271740287251305e-06,attack,no
2868,1,0,7.338211554758494e-07,-14.125003814697266,-4.0531076592742465e-06,attack,no
2869,1,0,2.3823693839290315e-07,-15.250001907348633,-2.0265558760002023e-06,attack,no
2870,1,0,1.370957860567974e-06,-13.500003814697266,-4.291525328881107e-06,attack,no
2871,1,0,5.0434734807664e-07,-14.50000286102295,-2.7418097943154862e-06,attack,no
2872,1,0,5.043474081977821e-07,-14.500003814697266,-3.814689989667386e-06,attack,no
2873,1,0,2.1024331597262574e-07,-15.375001907348633,-1.7881377516459906e-06,attack,no
2874,1,0,1.855391460719133e-07,-15.50000286102295,-3.099436753473128e-06,attack,no
2875,1,0,2.6995768090757867e-07,-15.125007629394531,-7.271740287251305e-06,attack,no
2876,1,0,3.726639284103522e-06,-12.500006675720215,-6.6756979322235566e-06,attack,no
2877,1,0,1.7603427936335398e-06,-13.250003814697266,-3.576272320060525e-06,attack,no
2878,1,0,8.939695238439078e-06,-11.625012397766113,-1.2278481335670222e-05,attack,no
2879,1,0,8.93969417229051e-06,-11.625016212463379,-1.597391747054644e-05,attack,no
2880,1,0,1.5534975693347154e-06,-13.375009536743164,-9.417489309271332e-06,attack,no
2881,1,0,8.315277302701984e-07,-14.000006675720215,-6.318072337307967e-06,attack,no
2882,1,0,4.22283445132716e-06,-12.375007629394531,-7.867782187531702e-06,attack,no
2883,1,0,9.422450431954848e-07,-13.875003814697266,-4.291525328881107e-06,attack,no
2884,1,0,7.889265407177056e-06,-11.75001049041748,-1.0847986231965479e-05,attack,no
2885,1,0,1.5534977545384963e-06,-13.375008583068848,-8.583032467868179e-06,attack,no
2886,1,0,2.3823685319174098e-07,-15.250003814697266,-3.576272320060525e-06,attack,no
2887,1,0,1.3709576971316842e-06,-13.500004768371582,-5.125986263010418e-06,attack,no
2888,1,0,3.4663270375278157e-07,-14.875003814697266,-4.0531076592742465e-06,attack,no
2889,1,0,1.3709575337078827e-06,-13.500003814697266,-4.0531076592742465e-06,attack,no
2890,1,0,2.1024339116082313e-07,-15.37500286102295,-3.099436753473128e-06,attack,no
2891,1,0,8.93969417286778e-06,-11.625011444091797,-1.1205610462639015e-05,attack,no
2892,1,0,3.535624649751729e-05,-10.250041007995605,-4.088794958079234e-05,attack,no
2893,1,0,5.715007195410849e-07,-14.375003814697266,-4.291525328881107e-06,attack,no
2894,1,0,5.04347588565724e-07,-14.500003814697266,-4.172316494077677e-06,attack,no
2895,1,0,6.14417753159936e-06,-12.00001049041748,-1.0967194612021558e-05,attack,no
2896,1,0,6.9622579095833456e-06,-11.875011444091797,-1.168244216387393e-05,attack,no
2897,1,0,1.3709575336860625e-06,-13.500006675720215,-6.9141146923357155e-06,attack,no
2898,1,0,2.9023133690821777e-06,-12.750005722045898,-6.198863957251888e-06,attack,no
2899,1,0,5.043475284447895e-07,-14.50000286102295,-3.099436753473128e-06,attack,no
2900,1,0,9.422450431800594e-07,-13.875006675720215,-7.152531907195225e-06,attack,no
2901,1,0,3.2887506335697225e-06,-12.625006675720215,-7.152531907195225e-06,attack,no
2902,1,0,2.1024341622426268e-07,-15.375001907348633,-2.264974000354414e-06,attack,no
2903,1,0,7.734414854792723e-08,-16.375003814697266,-2.9802276912960224e-06,attack,no
2904,1,0,4.222833947960867e-06,-12.375006675720215,-6.794906312279636e-06,attack,no
2905,1,0,2.1024326584505647e-07,-15.375004768371582,-4.410734163684538e-06,attack,no
2906,1,0,2.5612825160422822e-06,-12.875005722045898,-5.8412379075889476e-06,attack,no
2907,1,0,1.0129988564578197e-05,-11.500015258789062,-1.5020257706055418e-05,attack,no
2908,1,0,4.222832941142044e-06,-12.375007629394531,-7.510157047363464e-06,attack,no
2909,1,0,7.338210680002898e-07,-14.12500286102295,-2.9802276912960224e-06,attack,no
2910,1,0,1.473897670165299e-05,-11.125016212463379,-1.585470999998506e-05,attack,no
2911,1,0,7.734421308872513e-08,-16.375003814697266,-3.814689989667386e-06,attack,no
2912,1,0,1.5534971989908e-06,-13.375006675720215,-6.318072337307967e-06,attack,no
2913,1,0,5.0434734807664e-07,-14.50000286102295,-2.7418097943154862e-06,attack,no
2914,1,0,1.9947290081286418e-06,-13.125005722045898,-5.364403477869928e-06,attack,no
2915,1,0,1.8553910183379568e-07,-15.500005722045898,-5.722029527532868e-06,attack,no
2916,1,1,0.7310585786300049,-0.3132627010345459,-1.313262701034546,attack,yes
2917,1,0,3.726640616882752e-06,-12.500004768371582,-5.125986263010418e-06,attack,no
2918,1,0,3.0590233632073814e-07,-15.000004768371582,-5.125986263010418e-06,attack,no
2919,1,0,5.715003789046957e-07,-14.375001907348633,-1.7881377516459906e-06,attack,no
2920,1,0,3.72663883989755e-06,-12.500004768371582,-4.6491513785440475e-06,attack,no
2921,1,0,1.5534983101549164e-06,-13.375003814697266,-4.172316494077677e-06,attack,no
2922,1,0,6.475948753991907e-07,-14.250003814697266,-3.933898824470816e-06,attack,no
2923,1,0,6.475948753991907e-07,-14.250003814697266,-3.933898824470816e-06,attack,no
2924,1,0,9.422450431912e-07,-13.875004768371582,-5.245195097813848e-06,attack,no
2925,1,0,3.120191881616493e-05,-10.375032424926758,-3.266281055402942e-05,attack,no
2926,1,0,3.466325797878046e-07,-14.875003814697266,-3.6954811548639555e-06,attack,no
2927,1,0,2.7535697667202902e-05,-10.500029563903809,-2.9801878554280847e-05,attack,no
2928,1,0,5.715005151485975e-07,-14.375006675720215,-6.794906312279636e-06,attack,no
2929,1,0,1.067703124595367e-06,-13.750003814697266,-4.0531076592742465e-06,attack,no
2930,1,0,2.9023119851266288e-06,-12.750007629394531,-7.629365427419543e-06,attack,no
2931,1,0,6.605212108851475e-05,-9.625066757202148,-6.639736966462806e-05,attack,no
2932,1,0,4.4508505193791187e-07,-14.625003814697266,-3.814689989667386e-06,attack,no
2933,1,0,3.927863407331258e-07,-14.750004768371582,-5.125986263010418e-06,attack,no
2934,1,0,2.3823702358748725e-07,-15.250006675720215,-7.152531907195225e-06,attack,no
2935,1,0,6.475945665977468e-07,-14.250005722045898,-5.364403477869928e-06,attack,no
2936,1,0,2.5612831267086116e-06,-12.875004768371582,-5.125986263010418e-06,attack,no
2937,1,0,7.734424996967757e-08,-16.375001907348633,-2.3841830625315197e-06,attack,no
2938,1,0,1.0677028700320083e-06,-13.750004768371582,-4.768360213347478e-06,attack,no
2939,1,0,2.1444940746307572e-05,-10.750022888183594,-2.253030106658116e-05,attack,no
2940,1,0,4.450852111120808e-07,-14.625003814697266,-4.172316494077677e-06,attack,no
2941,1,0,1.3709575337078827e-06,-13.500003814697266,-4.0531076592742465e-06,attack,no
2942,1,0,9.422443692527586e-07,-13.875003814697266,-3.576272320060525e-06,attack,no
2943,1,0,1.2098652508391807e-06,-13.625003814697266,-3.4570634852570947e-06,attack,no
2944,1,0,3.466325797827604e-07,-14.875006675720215,-6.556489552167477e-06,attack,no
2945,1,0,2.9023123311425104e-06,-12.750005722045898,-5.8412379075889476e-06,attack,no
2946,1,0,1.5534983101549164e-06,-13.375003814697266,-4.172316494077677e-06,attack,no
2947,1,0,4.4508526417176896e-07,-14.62500286102295,-3.3378546504536644e-06,attack,no
2948,1,0,1.370957043417892e-06,-13.500003814697266,-3.6954811548639555e-06,attack,no
2949,1,0,2.9023133690637e-06,-12.750006675720215,-7.152531907195225e-06,attack,no
2950,1,0,1.0677029973056687e-06,-13.750005722045898,-5.8412379075889476e-06,attack,no
2951,1,0,7.338207180884784e-07,-14.12500286102295,-2.50339189733495e-06,attack,no
2952,1,0,2.2603240284042356e-06,-13.000006675720215,-6.556489552167477e-06,attack,no
2953,1,0,2.2603253756771736e-06,-13.000004768371582,-5.245195097813848e-06,attack,no
2954,1,0,1.1253525596134565e-07,-16.000001907348633,-2.7418097943154862e-06,attack,no
2955,1,0,1.3709575337078827e-06,-13.500003814697266,-4.0531076592742465e-06,attack,no
2956,1,0,5.1442219797932106e-05,-9.875054359436035,-5.447716102935374e-05,attack,no
2957,1,0,8.315279285326831e-07,-14.000003814697266,-3.6954811548639555e-06,attack,no
2958,1,0,2.3823685319174098e-07,-15.250003814697266,-3.576272320060525e-06,attack,no
2959,1,0,1.067702742756907e-06,-13.750003814697266,-3.6954811548639555e-06,attack,no
2960,1,0,6.475947981860791e-07,-14.250007629394531,-7.629365427419543e-06,attack,no
2961,1,0,1.7603430034559798e-06,-13.250006675720215,-6.556489552167477e-06,attack,no
2962,1,0,1.067702997315865e-06,-13.750003814697266,-3.933898824470816e-06,attack,no
2963,1,0,2.1024341622426268e-07,-15.375001907348633,-2.264974000354414e-06,attack,no
2964,1,0,1.9947306726049997e-06,-13.125008583068848,-9.059865078597795e-06,attack,no
2965,1,0,9.610244940712274e-05,-9.250097274780273,-9.762764238985255e-05,attack,no
2966,1,0,9.422445939002807e-07,-13.875003814697266,-3.814689989667386e-06,attack,no
2967,1,0,0.029312229267415526,-3.5297505855560303,-0.029750533401966095,attack,no
2968,1,0,0.00015843617933117157,-8.75015926361084,-0.00015901254664640874,attack,no
2969,1,0,4.006369219393695e-05,-10.125041961669922,-4.1960789531003684e-05,attack,no
2970,1,0,6.1441746017453204e-06,-12.000012397766113,-1.2397689715726301e-05,attack,no
2971,1,0,5.0434758856882e-07,-14.500001907348633,-2.264974000354414e-06,attack,no
2972,1,0,2.382369667923043e-07,-15.25000286102295,-3.099436753473128e-06,attack,no
2973,1,0,4.4508526417176896e-07,-14.62500286102295,-3.3378546504536644e-06,attack,no
2974,1,0,2.9023112931477826e-06,-12.750008583068848,-8.34461570775602e-06,attack,no
2975,1,0,3.0590219045716434e-07,-15.000003814697266,-3.6954811548639555e-06,attack,no
2976,1,0,4.785096206047877e-06,-12.250006675720215,-7.033323527139146e-06,attack,no
2977,1,0,0.000261190372422492,-8.250261306762695,-0.0002615109842736274,attack,no
2978,1,0,3.059023363231725e-07,-15.00000286102295,-3.2186455882765586e-06,attack,no
2979,1,0,1.8553910183607377e-07,-15.50000286102295,-2.861018856492592e-06,attack,no
2980,1,1,0.9706877678706987,-0.029751110821962357,-3.5297510623931885,attack,yes
2981,1,0,7.3382080556433e-07,-14.125003814697266,-3.576272320060525e-06,attack,no
2982,1,0,4.450849988811838e-07,-14.62500286102295,-2.7418097943154862e-06,attack,no
2983,1,0,5.715006514176113e-07,-14.375000953674316,-1.311301275563892e-06,attack,no
2984,1,0,1.5534979397677315e-06,-13.375004768371582,-4.887569048150908e-06,attack,no
2985,1,0,1.5534983101301911e-06,-13.375006675720215,-7.033323527139146e-06,attack,no
2986,1,0,1.994729959293325e-06,-13.125004768371582,-4.887569048150908e-06,attack,no
2987,1,0,6.475951069961737e-07,-14.250003814697266,-4.291525328881107e-06,attack,no
2988,1,0,1.209865683518615e-06,-13.625003814697266,-3.814689989667386e-06,attack,no
2989,1,0,5.04347468323289e-07,-14.500001907348633,-2.0265558760002023e-06,attack,no
2990,1,0,2.1024336609843824e-07,-15.375001907348633,-2.0265558760002023e-06,attack,no
2991,1,0,1.3709572068422585e-06,-13.500004768371582,-4.768360213347478e-06,attack,no
2992,1,0,0.005220125006811988,-5.255234241485596,-0.005234109237790108,attack,no
2993,1,0,1.994730197090463e-06,-13.125003814697266,-4.0531076592742465e-06,attack,no
2994,1,0,6.9622537595817514e-06,-11.875014305114746,-1.3947389561508317e-05,attack,no
2995,1,0,7.338210679816025e-07,-14.125007629394531,-7.748573807475623e-06,attack,no
2996,1,0,1.7603425837494853e-06,-13.250007629394531,-7.271740287251305e-06,attack,no
2997,1,0,2.5612831266608576e-06,-12.875007629394531,-7.986990567587782e-06,attack,no
2998,1,0,5.715006514074756e-07,-14.375005722045898,-6.079655122448457e-06,attack,no
2999,1,0,3.466326624322211e-07,-14.87500286102295,-2.9802276912960224e-06,attack,no
3000,0,0,2.5612828213142803e-06,-12.875008583068848,-8.821448318485636e-06,attack,no
3001,0,1,0.9933071487568537,-0.006715822499245405,-5.006715774536133,attack,yes
3002,0,0,0.022977369575503337,-3.7732458114624023,-0.02324579656124115,attack,no
3003,0,1,0.9999646437534985,-3.802703940891661e-05,-10.250038146972656,attack,yes
3004,0,0,0.2689414213699951,-1.3132617473602295,-0.3132617473602295,attack,no
3005,0,1,0.9980732654806204,-0.0019296851241961122,-6.251929759979248,attack,yes
3006,0,1,0.9859363753070244,-0.014163801446557045,-4.264163970947266,attack,yes
3007,0,1,0.9999485577801993,-5.352353764465079e-05,-9.875053405761719,attack,yes
3008,0,1,0.9995694428561733,-0.0004316828562878072,-7.750431537628174,attack,yes
3009,0,0,0.04742587300927061,-3.0485875606536865,-0.048587556928396225,attack,no
3010,0,1,0.9988304897008111,-0.0011711412807926536,-6.751171112060547,attack,yes
3011,0,1,0.9241418116217418,-0.07888996601104736,-2.578889846801758,attack,yes
3012,0,0,0.4378234991142019,-0.8259395360946655,-0.5759395360946655,attack,no
3013,0,0,0.005220125623432879,-5.255234241485596,-0.005234227981418371,attack,no
3014,0,0,0.000179528009125033,-8.62518310546875,-0.0001833270798670128,attack,no
3015,0,0,1.7603436329394601e-06,-13.25001049041748,-1.07287787614041e-05,attack,no
3016,0,1,0.9990889489688363,-0.0009139174944721162,-7.000914096832275,attack,yes
3017,0,0,3.120191137353501e-05,-10.375036239624023,-3.6238969187252223e-05,attack,no
3018,0,0,5.8291251642513e-05,-9.750064849853516,-6.460934673668817e-05,attack,no
3019,0,0,2.430023204460668e-05,-10.62502670288086,-2.634490556374658e-05,attack,no
3020,0,1,0.9995694429590073,-0.0004328744253143668,-7.750432968139648,attack,yes
3021,0,1,0.8519527963298947,-0.16022531688213348,-1.91022527217865,attack,yes
3022,0,0,0.0003353501114701831,-8.000336647033691,-0.000336590368533507,attack,no
3023,0,0,1.6701421842566163e-05,-11.000025749206543,-2.5748875486897305e-05,attack,no
3024,0,1,0.9999038975849549,-9.727005090098828e-05,-9.250097274780273,attack,yes
3025,0,1,0.9988304895623736,-0.0011717366287484765,-6.751171588897705,attack,yes
3026,0,1,0.9933071503294908,-0.006715585943311453,-5.006715774536133,attack,yes
3027,0,0,0.0024726226438037285,-6.002476692199707,-0.0024764842819422483,attack,no
3028,0,0,0.00015843617925971086,-8.750162124633789,-0.0001618731184862554,attack,no
3029,0,0,8.481103126678738e-05,-9.375090599060059,-9.047575440490618e-05,attack,no
3030,0,1,0.9959298627220252,-0.004079710692167282,-5.504079818725586,attack,yes
3031,0,0,6.962254589617333e-06,-11.87501335144043,-1.3112935448589269e-05,attack,no
3032,0,1,0.9998766054102843,-0.00012599628826137632,-9.000125885009766,attack,yes
3033,0,1,0.904650530602188,-0.1002069041132927,-2.3502068519592285,attack,yes
3034,0,1,0.9980732654824114,-0.0019301610300317407,-6.251930236816406,attack,yes
3035,0,0,0.0031726834448229284,-5.753177642822266,-0.003177833277732134,attack,no
3036,0,1,0.9820137903340027,-0.018150312826037407,-4.018150329589844,attack,yes
3037,0,0,0.00013982204087139384,-8.875144004821777,-0.00014375607133843005,attack,no
3038,0,0,1.9947297214944016e-06,-13.125005722045898,-5.722029527532868e-06,attack,no
3039,0,1,0.9820137882613432,-0.01815043017268181,-4.018150329589844,attack,yes
3040,0,0,2.1444958639580074e-05,-10.750024795532227,-2.52720492426306e-05,attack,no
3041,0,1,0.9995694428562609,-0.00043215948971919715,-7.750432014465332,attack,yes
3042,0,1,0.9997694931743825,-0.00023314618738368154,-8.375232696533203,attack,yes
3043,0,1,0.9996646499284738,-0.0003364712174516171,-8.000336647033691,attack,yes
3044,0,0,0.00015843619818758245,-8.750160217285156,-0.00016008525562938303,attack,no
3045,0,1,0.9994472213821782,-0.0005545270396396518,-7.50055456161499,attack,yes
3046,0,0,0.11920291732853862,-2.1269280910491943,-0.12692804634571075,attack,no
3047,0,0,0.00026119031012052904,-8.250262260437012,-0.00026222606538794935,attack,no
3048,0,1,0.8807970858005139,-0.12692825496196747,-2.1269283294677734,attack,yes
3049,0,0,0.0007096705571576619,-7.2507123947143555,-0.0007126175914891064,attack,no
3050,0,0,1.147877359872636e-05,-11.375017166137695,-1.764281842042692e-05,attack,no
3051,0,1,0.9999546021475813,-4.637133679352701e-05,-10.000046730041504,attack,yes
3052,0,1,0.9999546021475813,-4.637133679352701e-05,-10.000046730041504,attack,yes
3053,0,1,0.9968273173114128,-0.0031780709978193045,-5.753178119659424,attack,yes
3054,0,0,0.0005527786181110731,-7.500553607940674,-0.0005535738891921937,attack,no
3055,0,0,0.001169510439530295,-6.7511701583862305,-0.0011703077470883727,attack,no
3056,0,1,0.99992515379947,-7.593343616463244e-05,-9.500076293945312,attack,yes
3057,0,1,0.9859363753070244,-0.014163801446557045,-4.264163970947266,attack,yes
3058,0,1,0.9984988176514769,-0.001503528794273734,-6.5015034675598145,attack,yes
3059,0,0,5.829125860453825e-05,-9.75006103515625,-6.09140915912576e-05,attack,no
3060,0,1,0.9984988174719182,-0.0015031717484816909,-6.501502990722656,attack,yes
3061,0,0,0.37754066879814546,-0.9740772843360901,-0.4740772843360901,attack,no
3062,0,0,5.144219525129858e-05,-9.87506103515625,-6.067568756407127e-05,attack,no
3063,0,0,8.939696303758459e-06,-11.625015258789062,-1.5258672647178173e-05,attack,no
3064,0,0,0.00015843625478218564,-8.750162124633789,-0.00016234986833296716,attack,no
3065,0,0,0.37754066879814546,-0.974077045917511,-0.474077045917511,attack,no
3066,0,0,0.04742587805815602,-3.0485875606536865,-0.04858766868710518,attack,no
3067,0,1,0.9999546021313491,-4.768258077092469e-05,-10.00004768371582,attack,yes
3068,0,0,0.0031726823130466112,-5.753178119659424,-0.003177952254191041,attack,no
3069,0,1,0.9914225127330346,-0.008614758029580116,-4.758614540100098,attack,yes
3070,0,1,0.999738809752455,-0.00026675479602999985,-8.250267028808594,attack,yes
3071,0,0,1.5534983101301911e-06,-13.375006675720215,-7.033323527139146e-06,attack,no
3072,0,0,3.288749849428275e-06,-12.625008583068848,-8.821448318485636e-06,attack,no
3073,0,0,0.0015011823506170625,-6.501502513885498,-0.0015025765169411898,attack,no
3074,0,0,1.4738988999940383e-05,-11.125018119812012,-1.8596476365928538e-05,attack,no
3075,0,0,5.829127249720784e-05,-9.750061988830566,-6.210611172718927e-05,attack,no
3076,0,0,6.144172404643493e-06,-12.000009536743164,-9.179073458653875e-06,attack,no
3077,0,1,0.9997388095654046,-0.0002627027570270002,-8.250262260437012,attack,yes
3078,0,0,1.8925148241493373e-05,-10.875021934509277,-2.1934269170742482e-05,attack,no
3079,0,1,0.8519528076067262,-0.16022451221942902,-1.9102245569229126,attack,yes
3080,0,0,0.00013982204091004735,-8.875142097473145,-0.00014184899919200689,attack,no
3081,0,0,1.1478768125744062e-05,-11.375015258789062,-1.5258672647178173e-05,attack,no
3082,0,1,0.9999038976193261,-9.786603914108127e-05,-9.25009822845459,attack,yes
3083,0,1,0.9975273770604427,-0.002476127352565527,-6.002476215362549,attack,yes
3084,0,1,0.9996646498486834,-0.00033766290289349854,-8.000337600708008,attack,yes
3085,0,0,1.3007130013856122e-05,-11.250021934509277,-2.2053474822314456e-05,attack,no
3086,0,0,0.11920293297380237,-2.1269285678863525,-0.1269286721944809,attack,no
3087,0,0,0.022977372293497,-3.7732455730438232,-0.02324567921459675,attack,no
3088,0,1,0.8807970889295664,-0.12692846357822418,-2.1269285678863525,attack,yes
3089,0,0,0.00017952794500548783,-8.625181198120117,-0.00018106251081917435,attack,no
3090,0,0,0.00010889696127518294,-9.125110626220703,-0.0001110968878492713,attack,no
3091,0,0,7.48462005130053e-05,-9.500079154968262,-7.879423355916515e-05,attack,no
3092,0,1,0.679178699175393,-0.3868718147277832,-1.1368718147277832,attack,yes
3093,0,1,0.9998766053808433,-0.00012432756193447858,-9.000123977661133,attack,yes
3094,0,0,6.144173869558638e-06,-12.000008583068848,-8.4638240878121e-06,attack,no
3095,0,0,0.00012339460442007728,-9.000125885009766,-0.00012611546844709665,attack,no
3096,0,1,0.9999251537816338,-7.712543447269127e-05,-9.500077247619629,attack,yes
3097,0,1,0.9999417087066518,-6.05564855504781e-05,-9.750060081481934,attack,yes
3098,0,1,0.9999646437577117,-3.6954195820726454e-05,-10.25003719329834,attack,yes
3099,0,0,0.00010889690936027806,-9.125110626220703,-0.00011062010162277147,attack,no
3100,0,1,0.999088948858846,-0.0009121309849433601,-7.000912189483643,attack,yes
3101,0,0,0.006692852051135265,-5.006715297698975,-0.006715467199683189,attack,no
3102,0,0,9.610244938894429e-05,-9.250099182128906,-9.953480184776708e-05,attack,no
3103,0,1,0.9999832985821364,-1.7881233361549675e-05,-11.000018119812012,attack,yes
3104,0,0,0.0009110512491838755,-7.000912666320801,-0.0009127265075221658,attack,no
3105,0,0,7.889262585814522e-06,-11.75001049041748,-1.0490362910786644e-05,attack,no
3106,0,0,9.610241502683509e-05,-9.250099182128906,-9.917721035890281e-05,attack,no
3107,0,0,1.6701415872385704e-05,-11.000019073486328,-1.8715683836489916e-05,attack,no
3108,0,1,0.9999646437492826,-3.71926071238704e-05,-10.25003719329834,attack,yes
3109,0,0,7.484620944504663e-05,-9.500077247619629,-7.70062324590981e-05,attack,no
3110,0,0,2.561282210729555e-06,-12.875004768371582,-4.768360213347478e-06,attack,no
3111,0,1,0.8807970670261975,-0.1269286721944809,-2.1269285678863525,attack,yes
3112,0,0,0.0004305570917458019,-7.750435829162598,-0.00043585337698459625,attack,no
3113,0,0,3.726639284125553e-06,-12.500005722045898,-5.722029527532868e-06,attack,no
3114,0,0,4.5397884884891014e-05,-10.00004768371582,-4.8040190449682996e-05,attack,no
3115,0,0,0.11920292515117029,-2.1269283294677734,-0.12692835927009583,attack,no
3116,0,1,0.9984988178287671,-0.0015029336791485548,-6.501502990722656,attack,yes
3117,0,0,0.09534947132582737,-2.3502066135406494,-0.10020668804645538,attack,no
3118,0,1,0.998073265251826,-0.0019298041006550193,-6.251929759979248,attack,yes
3119,0,1,0.9996646498885299,-0.000336590368533507,-8.000336647033691,attack,yes
3120,0,0,0.00026119043446608145,-8.250264167785645,-0.0002646096108946949,attack,no
3121,0,1,0.9975273770719282,-0.0024780300445854664,-6.002478122711182,attack,yes
3122,0,1,0.9984988178320827,-0.0015043619787320495,-6.501504421234131,attack,yes
3123,0,1,0.9995694429079036,-0.00043394684325903654,-7.750433921813965,attack,yes
3124,0,0,2.2603240284165705e-06,-13.000005722045898,-5.602820692729438e-06,attack,no
3125,0,0,0.0009110512499786032,-7.000911712646484,-0.0009117737063206732,attack,no
3126,0,1,0.9995694430103743,-0.0004332319076638669,-7.750433444976807,attack,yes
3127,0,1,0.9988304895623736,-0.0011717366287484765,-6.751171588897705,attack,yes
3128,0,1,0.9995694429073649,-0.00043108707177452743,-7.750431060791016,attack,yes
3129,0,1,0.9999724642990497,-2.8967437174287625e-05,-10.500028610229492,attack,yes
3130,0,1,0.9995694430100236,-0.00043132537393830717,-7.750431537628174,attack,yes
3131,0,0,0.00010889696110405838,-9.125123977661133,-0.00012444675667211413,attack,no
3132,0,1,0.999447221381889,-0.0005535738891921937,-7.500553607940674,attack,yes
3133,0,0,0.0004305571437390117,-7.750432014465332,-0.00043215948971919715,attack,no
3134,0,0,1.5534971989908e-06,-13.375006675720215,-6.318072337307967e-06,attack,no
3135,0,0,5.42221767702889e-06,-12.125009536743164,-9.298280929215252e-06,attack,no
3136,0,1,0.9999724643088975,-2.95634672511369e-05,-10.500029563903809,attack,yes
3137,0,0,3.535625914492433e-05,-10.250038146972656,-3.838465272565372e-05,attack,no
3138,0,0,0.0005527785521546823,-7.500554084777832,-0.0005539313424378633,attack,no
3139,0,0,8.315277302819206e-07,-14.000003814697266,-3.4570634852570947e-06,attack,no
3140,0,0,0.1480471961522176,-1.9102243185043335,-0.1602243036031723,attack,no
3141,0,0,1.0129990979381404e-05,-11.500017166137695,-1.7165990357170813e-05,attack,no
3142,0,1,0.9820137925711584,-0.018150663003325462,-4.018150806427002,attack,yes
3143,0,0,0.0001233945308910315,-9.000125885009766,-0.0001255195093108341,attack,no
3144,0,0,4.785095065171523e-06,-12.250007629394531,-7.748573807475623e-06,attack,no
3145,0,1,0.9890130572074874,-0.0110483318567276,-4.511048316955566,attack,yes
3146,0,0,5.8291286393273546e-05,-9.750061988830566,-6.23445157543756e-05,attack,no
3147,0,1,0.9984988178299887,-0.0015034097013995051,-6.5015034675598145,attack,yes
3148,0,0,0.0066928504568277356,-5.006715774536133,-0.006715704221278429,attack,no
3149,0,0,0.0001233946043751921,-9.000128746032715,-0.0001289761275984347,attack,no
3150,0,0,3.535624649751729e-05,-10.250041007995605,-4.088794958079234e-05,attack,no
3151,0,0,0.060086655854548844,-2.8119678497314453,-0.06196795031428337,attack,no
3152,0,1,0.999796573050461,-0.00020489977032411844,-8.500205039978027,attack,yes
3153,0,1,0.9859363737703095,-0.014164389111101627,-4.264164447784424,attack,yes
3154,0,1,0.9999251537994756,-7.688703772146255e-05,-9.500077247619629,attack,yes
3155,0,1,0.9997388096276458,-0.00026246439665555954,-8.250262260437012,attack,yes
3156,0,0,0.0011695100216340016,-6.751170635223389,-0.0011704268399626017,attack,no
3157,0,1,0.9990889488592171,-0.0009126074146479368,-7.000912666320801,attack,yes
3158,0,1,0.9706877678706987,-0.029751110821962357,-3.5297510623931885,attack,yes
3159,0,1,0.9999339478710428,-6.747018051100895e-05,-9.625067710876465,attack,yes
3160,0,0,2.4300243628620005e-05,-10.625030517578125,-3.0636318115284666e-05,attack,no
3161,0,1,0.9998766054690947,-0.0001245659514097497,-9.00012493133545,attack,yes
3162,0,1,0.9997388097833095,-0.0002628219372127205,-8.250263214111328,attack,yes
3163,0,0,7.484620944504663e-05,-9.500077247619629,-7.70062324590981e-05,attack,no
3164,0,0,6.962254589781966e-06,-11.875011444091797,-1.1205610462639015e-05,attack,no
3165,0,0,9.610243792605039e-05,-9.250100135803223,-0.0001003691868390888,attack,no
3166,0,0,0.00015843616027882228,-8.750165939331055,-0.00016556799528189003,attack,no
3167,0,0,0.0001398220408897034,-8.875143051147461,-0.00014280252798926085,attack,no
3168,0,0,8.481101107142624e-05,-9.37508773803711,-8.737658936297521e-05,attack,no
3169,0,1,0.9980732657129966,-0.001930517959408462,-6.2519307136535645,attack,yes
3170,0,1,0.9994472213160612,-0.0005536930402740836,-7.500553607940674,attack,yes
3171,0,1,0.9980732657112059,-0.0019300420535728335,-6.251930236816406,attack,yes
3172,0,1,0.985936371949496,-0.014163566753268242,-4.264163494110107,attack,yes
3173,0,0,3.7266406167488732e-06,-12.500009536743164,-9.894321920000948e-06,attack,no
3174,0,0,1.89251482406672e-05,-10.87502384185791,-2.3841574147809297e-05,attack,no
3175,0,1,0.999876605366137,-0.00012444675667211413,-9.000123977661133,attack,yes
3176,0,1,0.9999251537637914,-7.73638384998776e-05,-9.500077247619629,attack,yes
3177,0,0,0.010986941517397084,-4.511048316955566,-0.011048214510083199,attack,no
3178,0,0,0.01406362967761423,-4.264163494110107,-0.014163684099912643,attack,no
3179,0,1,0.9988304895611497,-0.0011707840021699667,-6.751170635223389,attack,yes
3180,0,1,0.9990889489676177,-0.0009124883217737079,-7.000912666320801,attack,yes
3181,0,1,0.9998415637640743,-0.00016127715934999287,-8.750161170959473,attack,yes
3182,0,0,6.605217619058748e-05,-9.625068664550781,-6.913899414939806e-05,attack,no
3183,0,0,0.0019267345209466268,-6.25192928314209,-0.0019292091019451618,attack,no
3184,0,0,1.0677031245186523e-06,-13.750012397766113,-1.2636104656849056e-05,attack,no
3185,0,1,0.9996646500084787,-0.00033718624035827816,-8.000337600708008,attack,yes
3186,0,1,0.9998415638018354,-0.000161038784426637,-8.750161170959473,attack,yes
3187,0,0,0.00037998457778635434,-7.875380516052246,-0.00038068200228735805,attack,no
3188,0,0,0.00023050674322105578,-8.375232696533203,-0.00023278864682652056,attack,no
3189,0,0,0.006692849670509208,-5.006715774536133,-0.006715585943311453,attack,no
3190,0,1,0.9988304895623736,-0.0011717366287484765,-6.751171588897705,attack,yes
3191,0,1,0.9999038975620468,-9.7508447652217e-05,-9.250097274780273,attack,yes
3192,0,1,0.9999417087344508,-6.19869097135961e-05,-9.750061988830566,attack,yes
3193,0,0,0.4378234991142019,-0.8259397149085999,-0.5759397149085999,attack,no
3194,0,1,0.9947798731312345,-0.0052339909598231316,-5.2552337646484375,attack,yes
3195,0,0,0.22270012850745968,-1.5019292831420898,-0.25192922353744507,attack,no
3196,0,0,2.5612828212094537e-06,-12.875012397766113,-1.2636104656849056e-05,attack,no
3197,0,1,0.9933071495431723,-0.006715704221278429,-5.006715774536133,attack,yes
3198,0,1,0.9046505415276079,-0.10020701587200165,-2.3502070903778076,attack,yes
3199,0,0,8.481101105723458e-05,-9.375089645385742,-8.928377064876258e-05,attack,no
3200,0,1,0.9990889489680417,-0.0009129646932706237,-7.000913143157959,attack,yes
3201,0,1,0.9525741214369554,-0.04858744144439697,-3.0485873222351074,attack,yes
3202,0,1,0.9626731156008578,-0.038041986525058746,-3.2880420684814453,attack,yes
3203,0,0,7.889260704732132e-06,-11.750012397766113,-1.2159273865108844e-05,attack,no
3204,0,0,1.6701419852090592e-05,-11.000024795532227,-2.4676019165781327e-05,attack,no
3205,0,0,5.829124471187196e-05,-9.750060081481934,-5.972207145532593e-05,attack,no
3206,0,1,0.999941708755285,-5.876845170860179e-05,-9.750059127807617,attack,yes
3207,0,1,0.9994472214478453,-0.0005539313424378633,-7.500554084777832,attack,yes
3208,0,0,0.000261190341043519,-8.250265121459961,-0.00026520551182329655,attack,no
3209,0,1,0.9999832985841273,-1.7762025890988298e-05,-11.000018119812012,attack,yes
3210,0,1,0.9706877709445761,-0.0297507643699646,-3.5297508239746094,attack,yes
3211,0,0,3.726639284050987e-06,-12.500008583068848,-8.583032467868179e-06,attack,no
3212,0,0,1.4738988999940383e-05,-11.125018119812012,-1.8596476365928538e-05,attack,no
3213,0,1,0.994779873157834,-0.005234939511865377,-5.255234718322754,attack,yes
3214,0,1,0.999876605366137,-0.00012444675667211413,-9.000123977661133,attack,yes
3215,0,0,2.5612834320470717e-06,-12.875003814697266,-4.291525328881107e-06,attack,no
3216,0,0,0.00020342692529945307,-8.500205039978027,-0.0002047805901383981,attack,no
3217,0,0,4.006368264122625e-05,-10.125042915344238,-4.2676016164477915e-05,attack,no
3218,0,1,0.9975273773561962,-0.0024764842819422483,-6.002476692199707,attack,yes
3219,0,1,0.9995694430101112,-0.0004318020073696971,-7.750432014465332,attack,yes
3220,0,1,0.9999251537905489,-7.60526381782256e-05,-9.500076293945312,attack,yes
3221,0,1,0.9968273165691678,-0.003179259365424514,-5.75317907333374,attack,yes
3222,0,0,1.4738988999940383e-05,-11.125018119812012,-1.8596476365928538e-05,attack,no
3223,0,1,0.9999785550490284,-2.3007127310847864e-05,-10.750022888183594,attack,yes
3224,0,0,0.004070137294963264,-5.5040788650512695,-0.004078761208802462,attack,no
3225,0,0,1.0129992187400496e-05,-11.500014305114746,-1.4424220353248529e-05,attack,no
3226,0,0,2.9023112931477826e-06,-12.750008583068848,-8.34461570775602e-06,attack,no
3227,0,0,1.553497384196656e-06,-13.375004768371582,-4.529942543740617e-06,attack,no
3228,0,0,4.539786323732446e-05,-10.000048637390137,-4.851700214203447e-05,attack,no
3229,0,1,0.998830489701491,-0.0011716175358742476,-6.751171588897705,attack,yes
3230,0,1,0.9975273770661855,-0.0024770786985754967,-6.002477169036865,attack,yes
3231,0,0,0.00026119040334548934,-8.250264167785645,-0.0002644904307089746,attack,no
3232,0,0,1.3007125363293616e-05,-11.250018119812012,-1.7881233361549675e-05,attack,no
3233,0,1,0.9999546021367585,-4.660974445869215e-05,-10.000046730041504,attack,yes
3234,0,0,0.0015011821712328426,-6.501502990722656,-0.0015029336791485548,attack,no
3235,0,0,3.726637951367136e-06,-12.500006675720215,-6.318072337307967e-06,attack,no
3236,0,1,0.9947798737599461,-0.005234346725046635,-5.255234241485596,attack,yes
3237,0,0,5.1442238193224754e-05,-9.875054359436035,-5.4834770708112046e-05,attack,no
3238,0,1,0.9968273173349761,-0.003180447733029723,-5.753180503845215,attack,yes
3239,0,0,0.14804719427274565,-1.910224437713623,-0.16022440791130066,attack,no
3240,0,1,0.5621765008857981,-0.5759397149085999,-0.8259397149085999,attack,yes
3241,0,1,0.9998415637262623,-0.00015960850578267127,-8.75015926361084,attack,yes
3242,0,0,1.5534977545102384e-06,-13.37501049041748,-1.0490362910786644e-05,attack,no
3243,0,1,0.9933071487568537,-0.006715822499245405,-5.006715774536133,attack,yes
3244,0,0,0.18242551936144574,-1.7014137506484985,-0.20141372084617615,attack,no
3245,0,1,0.9998601779757741,-0.0001426833332516253,-8.875143051147461,attack,yes
3246,0,0,5.82912516531155e-05,-9.750061988830566,-6.174850568640977e-05,attack,no
3247,0,0,3.0590229985588146e-07,-15.000003814697266,-4.0531076592742465e-06,attack,no
3248,0,0,7.889262585541864e-06,-11.75001335144043,-1.3351351299206726e-05,attack,no
3249,0,0,0.00010889687042391759,-9.125110626220703,-0.0001102625101339072,attack,no
3250,0,1,0.9999921107364736,-8.702239938429557e-06,-11.750008583068848,attack,yes
3251,0,0,0.00037998448719224253,-7.875380992889404,-0.00038092033355496824,attack,no
3252,0,1,0.9968273165595951,-0.003178308717906475,-5.753178119659424,attack,yes
3253,0,0,0.00020342692513963204,-8.500208854675293,-0.00020859450160060078,attack,no
3254,0,1,0.9947798731457431,-0.005234465003013611,-5.255234241485596,attack,yes
3255,0,0,0.00048785706377366264,-7.625492095947266,-0.0004919749335385859,attack,no
3256,0,1,0.9995694429075401,-0.0004320403386373073,-7.750432014465332,attack,yes
3257,0,1,0.9626731117188292,-0.0380423329770565,-3.2880423069000244,attack,yes
3258,0,0,4.222834954722317e-06,-12.375007629394531,-7.986990567587782e-06,attack,no
3259,0,1,0.9996646497286175,-0.0003361137059982866,-8.000335693359375,attack,yes
3260,0,1,0.998830489979726,-0.0011713793501257896,-6.751171588897705,attack,yes
3261,0,1,0.9999832985761636,-1.823885577323381e-05,-11.000018119812012,attack,yes
3262,0,0,0.0003353501912702401,-8.000337600708008,-0.00033778208307921886,attack,no
3263,0,0,0.32082130082460697,-1.136871337890625,-0.386871337890625,attack,no
3264,0,1,0.9997965730748218,-0.0002076410164590925,-8.500207901000977,attack,yes
3265,0,0,2.7535687818640727e-05,-10.500031471252441,-3.135155202471651e-05,attack,no
3266,0,1,0.9959298627050367,-0.004078761208802462,-5.5040788650512695,attack,yes
3267,0,1,0.9988304899809499,-0.0011723319767042994,-6.7511725425720215,attack,yes
3268,0,0,0.005220126868765487,-5.2552337646484375,-0.0052339909598231316,attack,no
3269,0,0,3.2887486733600273e-06,-12.625005722045898,-5.602820692729438e-06,attack,no
3270,0,0,3.288749065310943e-06,-12.625009536743164,-9.536697689327411e-06,attack,no
3271,0,0,8.315279285251204e-07,-14.000005722045898,-5.602820692729438e-06,attack,no
3272,0,1,0.9994472214477166,-0.0005534547381103039,-7.500553607940674,attack,yes
3273,0,0,4.450849988811838e-07,-14.62500286102295,-2.7418097943154862e-06,attack,no
3274,0,0,0.09534946040040723,-2.3502068519592285,-0.10020679980516434,attack,no
3275,0,1,0.9996646500084787,-0.00033718624035827816,-8.000337600708008,attack,yes
3276,0,0,0.008577487266965358,-4.758614540100098,-0.008614758029580116,attack,no
3277,0,0,0.0002611902166904114,-8.250263214111328,-0.0002628219372127205,attack,no
3278,0,1,0.9992903296115494,-0.00071190285962075,-7.250711917877197,attack,yes
3279,0,0,0.0002034270465415178,-8.500204086303711,-0.0002044230350293219,attack,no
3280,0,0,0.0003799845322516175,-7.875382423400879,-0.00038246947224251926,attack,no
3281,0,0,0.00033535015131654734,-8.000337600708008,-0.00033766290289349854,attack,no
3282,0,0,1.3007123812980297e-05,-11.250017166137695,-1.680836794548668e-05,attack,no
3283,0,1,0.9992903295265972,-0.0007110689766705036,-7.250710964202881,attack,yes
3284,0,1,0.9980732657094149,-0.001929566147737205,-6.251929759979248,attack,yes
3285,0,1,0.9990889489672469,-0.0009120118920691311,-7.000912189483643,attack,yes
3286,0,0,3.53562549292501e-05,-10.250039100646973,-3.9219088648678735e-05,attack,no
3287,0,1,0.9999417087552881,-5.972207145532593e-05,-9.750060081481934,attack,yes
3288,0,1,0.9999251537994756,-7.688703772146255e-05,-9.500077247619629,attack,yes
3289,0,0,0.0002305067982526766,-8.37523078918457,-0.00023112009512260556,attack,no
3290,0,1,0.9998415638395737,-0.00015984688070602715,-8.750160217285156,attack,yes
3291,0,0,8.481106161413667e-05,-9.37508773803711,-8.797258487902582e-05,attack,no
3292,0,1,0.9980732654806204,-0.0019296851241961122,-6.251929759979248,attack,yes
3293,0,0,0.11920292515117029,-2.1269283294677734,-0.12692835927009583,attack,no
3294,0,0,0.0002959571000800165,-8.125301361083984,-0.0003013156820088625,attack,no
3295,0,1,0.9996646500083713,-0.00033623288618400693,-8.000336647033691,attack,yes
3296,0,0,0.0024726232330138753,-6.002476215362549,-0.002476246329024434,attack,no
3297,0,0,7.484623619706947e-05,-9.500079154968262,-7.92710343375802e-05,attack,no
3298,0,0,0.00023050668823639762,-8.37523365020752,-0.0002335037279408425,attack,no
3299,0,1,0.9999785550439152,-2.2291887944447808e-05,-10.750021934509277,attack,yes
3300,0,0,1.8925155009354805e-05,-10.875021934509277,-2.2291887944447808e-05,attack,no
3301,0,1,0.9999724642957675,-2.90866428258596e-05,-10.500028610229492,attack,yes
3302,0,0,4.7850950652041615e-06,-12.250006675720215,-6.794906312279636e-06,attack,no
3303,0,0,8.93970056668775e-06,-11.62501335144043,-1.3828182090946939e-05,attack,no
3304,0,0,0.0002611902789999518,-8.250262260437012,-0.000262106885202229,attack,no
3305,0,0,3.2887490653872164e-06,-12.625006675720215,-6.6756979322235566e-06,attack,no
3306,0,0,0.0001795279449454117,-8.62518310546875,-0.0001829695247579366,attack,no
3307,0,0,0.00023050679810176722,-8.37523365020752,-0.00023398046323563904,attack,no
3308,0,1,0.9990889488592171,-0.0009126074146479368,-7.000912666320801,attack,yes
3309,0,0,8.93969417286778e-06,-11.625011444091797,-1.1205610462639015e-05,attack,no
3310,0,0,0.00026119031005213215,-8.250263214111328,-0.0002631794777698815,attack,no
3311,0,1,0.9990889487516109,-0.0009136793087236583,-7.000913619995117,attack,yes
3312,0,0,0.00015843621706935267,-8.750160217285156,-0.00016020445036701858,attack,no
3313,0,1,0.9992903295265972,-0.0007110689766705036,-7.250710964202881,attack,yes
3314,0,0,0.0003353502312141809,-8.000337600708008,-0.00033790123416110873,attack,no
3315,0,0,4.53978848784502e-05,-10.00005054473877,-5.090107151772827e-05,attack,no
3316,0,0,0.00023050671575555338,-8.375232696533203,-0.00023266946664080024,attack,no
3317,0,0,0.029312229267415526,-3.5297505855560303,-0.029750533401966095,attack,no
3318,0,0,0.0001584361980654077,-8.750164985656738,-0.00016485285595990717,attack,no
3319,0,1,0.9984988178299887,-0.0015034097013995051,-6.5015034675598145,attack,yes
3320,0,0,4.785095065171523e-06,-12.250007629394531,-7.748573807475623e-06,attack,no
3321,0,0,7.484625405027094e-05,-9.500077247619629,-7.760223525110632e-05,attack,no
3322,0,1,0.9994472213820177,-0.0005540504935197532,-7.500554084777832,attack,yes
3323,0,0,1.8925152751656582e-05,-10.875025749206543,-2.5987286790041253e-05,attack,no
3324,0,1,0.9994472213160612,-0.0005536930402740836,-7.500553607940674,attack,yes
3325,0,1,0.999796573074739,-0.0002057340752799064,-8.500205993652344,attack,yes
3326,0,0,4.785093353787868e-06,-12.25001049041748,-1.0251946150674485e-05,attack,no
3327,0,1,0.9890130572074874,-0.0110483318567276,-4.511048316955566,attack,yes
3328,0,0,3.726640616840385e-06,-12.500006675720215,-7.033323527139146e-06,attack,no
3329,0,1,0.9994472213161899,-0.0005541696446016431,-7.500554084777832,attack,yes
3330,0,1,0.9241418205010697,-0.07889007776975632,-2.578890085220337,attack,yes
3331,0,0,5.8291251649722695e-05,-9.750062942504883,-6.270212179515511e-05,attack,no
3332,0,1,0.9947798731457431,-0.005234465003013611,-5.255234241485596,attack,yes
3333,0,1,0.9890130572074874,-0.0110483318567276,-4.511048316955566,attack,yes
3334,0,1,0.9980732654806204,-0.0019296851241961122,-6.251929759979248,attack,yes
3335,0,1,0.9770226277065029,-0.02324567921459675,-3.7732455730438232,attack,yes
3336,0,0,9.610246084344955e-05,-9.250099182128906,-9.965400386136025e-05,attack,no
3337,0,0,7.484620050755993e-05,-9.500080108642578,-7.974783511599526e-05,attack,no
3338,0,0,2.4300240733997425e-05,-10.625027656555176,-2.7656173188006505e-05,attack,no
3339,0,1,0.9999832985761634,-1.728519782773219e-05,-11.000017166137695,attack,yes
3340,0,0,0.07585818054355695,-2.578889846801758,-0.07888985425233841,attack,no
3341,0,0,0.00012339461915677268,-9.000123977661133,-0.00012432756193447858,attack,no
3342,0,0,8.939695238089464e-06,-11.625015258789062,-1.5139465176616795e-05,attack,no
3343,0,0,0.0011695102998688749,-6.751170635223389,-0.0011706650257110596,attack,no
3344,0,1,0.6224593312018546,-0.4740772843360901,-0.9740772843360901,attack,yes
3345,0,0,6.605212105775885e-05,-9.625073432922363,-7.30726242181845e-05,attack,no
3346,0,1,0.9947798737599461,-0.005234346725046635,-5.255234241485596,attack,yes
3347,0,0,8.481108179470115e-05,-9.375092506408691,-9.297892393078655e-05,attack,no
3348,0,1,0.9996646500083713,-0.00033623288618400693,-8.000336647033691,attack,yes
3349,0,0,0.0005527785521546823,-7.500554084777832,-0.0005539313424378633,attack,no
3350,0,1,0.9968273165647497,-0.0031787839252501726,-5.753178596496582,attack,yes
3351,0,0,3.726639284050987e-06,-12.500008583068848,-8.583032467868179e-06,attack,no
3352,0,1,0.9992903296957998,-0.0007113072206266224,-7.250711441040039,attack,yes
3353,0,1,0.9626731110495138,-0.03804187476634979,-3.288041830062866,attack,yes
3354,0,0,0.5,-0.6931474208831787,-0.6931474208831787,attack,no
3355,0,1,0.9999417087552881,-5.972207145532593e-05,-9.750060081481934,attack,yes
3356,0,0,0.2689414213699951,-1.3132619857788086,-0.3132619857788086,attack,no
3357,0,1,0.8807970670261975,-0.1269286721944809,-2.1269285678863525,attack,yes
3358,0,1,0.9994472213821782,-0.0005545270396396518,-7.50055456161499,attack,yes
3359,0,0,3.5356246490314526e-05,-10.250045776367188,-4.565611743601039e-05,attack,no
3360,0,1,0.99994170874834,-5.98412734689191e-05,-9.750060081481934,attack,yes
3361,0,1,0.9988304895616935,-0.0011712603736668825,-6.751171112060547,attack,yes
3362,0,0,1.3007123812980297e-05,-11.250017166137695,-1.680836794548668e-05,attack,no
3363,0,0,0.000295957170603591,-8.125301361083984,-0.00030155404238030314,attack,no
3364,0,1,0.9980732654806204,-0.0019296851241961122,-6.251929759979248,attack,yes
3365,0,1,0.9984988180083259,-0.001503290724940598,-6.5015034675598145,attack,yes
3366,0,0,0.0015011819927211354,-6.501502990722656,-0.0015028145862743258,attack,no
3367,0,0,0.04742587856304458,-3.0485873222351074,-0.04858744144439697,attack,no
3368,0,1,0.9999251537637861,-7.64102369430475e-05,-9.500076293945312,attack,yes
3369,0,1,0.9997388096276458,-0.00026246439665555954,-8.250262260437012,attack,yes
3370,0,1,0.999088948858846,-0.0009121309849433601,-7.000912189483643,attack,yes
3371,0,1,0.9975273773561962,-0.0024764842819422483,-6.002476692199707,attack,yes
3372,0,0,6.14417753159936e-06,-12.00001049041748,-1.0967194612021558e-05,attack,no
3373,0,0,5.4222189698583705e-06,-12.125007629394531,-7.629365427419543e-06,attack,no
3374,0,0,2.753570423259577e-05,-10.500028610229492,-2.90866428258596e-05,attack,no
3375,0,1,0.9997965729534586,-0.0002044230350293219,-8.500204086303711,attack,yes
3376,0,0,0.01406362805050406,-4.264163494110107,-0.014163566753268242,attack,no
3377,0,0,8.939695238439078e-06,-11.625012397766113,-1.2278481335670222e-05,attack,no
3378,0,1,0.9999646437366381,-3.659658250398934e-05,-10.250036239624023,attack,yes
3379,0,0,3.2887490654066584e-06,-12.625005722045898,-5.722029527532868e-06,attack,no
3380,0,1,0.9984988176514769,-0.001503528794273734,-6.5015034675598145,attack,yes
3381,0,0,0.00026119031005213215,-8.250263214111328,-0.0002631794777698815,attack,no
3382,0,0,0.000552778552283315,-7.500553607940674,-0.0005534547381103039,attack,no
3383,0,0,0.00010889696124032423,-9.125113487243652,-0.00011395759065635502,attack,no
3384,0,1,0.9999251537459443,-7.664863369427621e-05,-9.500076293945312,attack,yes
3385,0,0,7.889260704818233e-06,-11.750011444091797,-1.1205610462639015e-05,attack,no
3386,0,1,0.999876605366137,-0.00012444675667211413,-9.000123977661133,attack,yes
3387,0,1,0.9999038975735103,-9.83428253675811e-05,-9.25009822845459,attack,yes
3388,0,0,6.962257909659331e-06,-11.87501049041748,-1.07287787614041e-05,attack,no
3389,0,1,0.9890130597678383,-0.011048096232116222,-4.511048316955566,attack,yes
3390,0,0,0.0024726235293418383,-6.002475738525391,-0.0024758896324783564,attack,no
3391,0,0,0.0004305570923720753,-7.75043249130249,-0.0004325169720686972,attack,no
3392,0,0,0.0031726834448229284,-5.753177642822266,-0.003177833277732134,attack,no
3393,0,1,0.9968273173158309,-0.0031785464379936457,-5.753178596496582,attack,yes
3394,0,0,0.00048785718042848423,-7.625490188598633,-0.0004903068183921278,attack,no
3395,0,1,0.9999417087274927,-5.924526340095326e-05,-9.750059127807617,attack,yes
3396,0,1,0.9968273176965261,-0.0031789029017090797,-5.75317907333374,attack,yes
3397,0,1,0.9933071495648425,-0.006716177798807621,-5.006716251373291,attack,yes
3398,0,0,2.4300246527928213e-05,-10.62502670288086,-2.6940935640595853e-05,attack,no
3399,0,1,0.9980732654790533,-0.0019292091019451618,-6.25192928314209,attack,yes
3400,0,1,0.9990889489672469,-0.0009120118920691311,-7.000912189483643,attack,yes
3401,0,1,0.9995694429590073,-0.0004328744253143668,-7.750432968139648,attack,yes
3402,0,1,0.9999417087135966,-5.94836674281396e-05,-9.750059127807617,attack,yes
3403,0,0,0.0011695100216340016,-6.751170635223389,-0.0011704268399626017,attack,no
3404,0,0,6.96225458985162e-06,-11.87501049041748,-1.0251946150674485e-05,attack,no
3405,0,1,0.9241418126663687,-0.07889018952846527,-2.578890085220337,attack,yes
3406,0,1,0.9999251537637805,-7.545663538621739e-05,-9.500075340270996,attack,yes
3407,0,0,1.553497384180408e-06,-13.375006675720215,-6.437280717364047e-06,attack,no
3408,0,0,7.889262585814522e-06,-11.75001049041748,-1.0490362910786644e-05,attack,no
3409,0,1,0.993307147970535,-0.006715940777212381,-5.006715774536133,attack,yes
3410,0,0,0.00017952792358181245,-8.625182151794434,-0.00018189683032687753,attack,no
3411,0,1,0.9988304895611497,-0.0011707840021699667,-6.751170635223389,attack,yes
3412,0,0,0.01798621187025419,-4.0181498527526855,-0.018149960786104202,attack,no
3413,0,1,0.9984988174719182,-0.0015031717484816909,-6.501502990722656,attack,yes
3414,0,0,5.829127944863307e-05,-9.75006103515625,-6.12716976320371e-05,attack,no
3415,0,1,0.9933071495431723,-0.006715704221278429,-5.006715774536133,attack,yes
3416,0,1,0.9947798737865454,-0.0052352952770888805,-5.255235195159912,attack,yes
3417,0,0,0.02931222905542399,-3.5297508239746094,-0.0297507643699646,attack,no
3418,0,0,0.00033535019148488756,-8.000335693359375,-0.0003358753747306764,attack,no
3419,0,1,0.9820137863531804,-0.018151015043258667,-4.018150806427002,attack,yes
3420,0,1,0.9999038975735285,-0.00010024998482549563,-9.250100135803223,attack,yes
3421,0,1,0.9998415638018354,-0.000161038784426637,-8.750161170959473,attack,yes
3422,0,0,1.012999218752948e-05,-11.50001335144043,-1.3470558769768104e-05,attack,no
3423,0,0,3.5356238071317175e-05,-10.250039100646973,-3.8742269680369645e-05,attack,no
3424,0,1,0.9975273773533248,-0.0024760086089372635,-6.002476215362549,attack,yes
3425,0,0,0.00017952798782411427,-8.6251802444458,-0.00018034738604910672,attack,no
3426,0,0,0.00015843619816453063,-8.750161170959473,-0.000161038784426637,attack,no
3427,0,0,0.00013982207417849628,-8.875144958496094,-0.00014494798961095512,attack,no
3428,0,1,0.9994472213161899,-0.0005541696446016431,-7.500554084777832,attack,yes
3429,0,1,0.9997388095965861,-0.00026353701832704246,-8.250263214111328,attack,yes
3430,0,1,0.9999251537637805,-7.545663538621739e-05,-9.500075340270996,attack,yes
3431,0,1,0.9994472212505229,-0.0005547653418034315,-7.50055456161499,attack,yes
3432,0,1,0.9997388097833095,-0.0002628219372127205,-8.250263214111328,attack,yes
3433,0,0,0.0009110512499786032,-7.000911712646484,-0.0009117737063206732,attack,no
3434,0,0,1.012999218752948e-05,-11.50001335144043,-1.3470558769768104e-05,attack,no
3435,0,1,0.9994472213821782,-0.0005545270396396518,-7.50055456161499,attack,yes
3436,0,1,0.9820137861886837,-0.01815054751932621,-4.018150329589844,attack,yes
3437,0,1,0.989013058715362,-0.011050100438296795,-4.511050224304199,attack,yes
3438,0,1,0.9992903296110953,-0.0007109498255886137,-7.250710964202881,attack,yes
3439,0,1,0.9980732654824114,-0.0019301610300317407,-6.251930236816406,attack,yes
3440,0,1,0.9996646497685711,-0.0003359945258125663,-8.000335693359375,attack,yes
3441,0,1,0.9999546021475813,-4.637133679352701e-05,-10.000046730041504,attack,yes
3442,0,0,0.0005527785518652589,-7.500555038452148,-0.0005548844928853214,attack,no
3443,0,0,5.829124469109108e-05,-9.750065803527832,-6.544376083184034e-05,attack,no
3444,0,1,0.9999251537727072,-7.629103492945433e-05,-9.500076293945312,attack,yes
3445,0,0,0.0066928496488390145,-5.006716251373291,-0.006716059520840645,attack,no
3446,0,0,3.535625071859259e-05,-10.250036239624023,-3.6238969187252223e-05,attack,no
3447,0,1,0.9999251537637861,-7.64102369430475e-05,-9.500076293945312,attack,yes
3448,0,0,0.02297736970094919,-3.7732455730438232,-0.023245563730597496,attack,no
3449,0,1,0.9890130597678383,-0.011048096232116222,-4.511048316955566,attack,yes
3450,0,0,2.5612825160422822e-06,-12.875005722045898,-5.8412379075889476e-06,attack,no
3451,0,0,0.00017952796633774557,-8.62518310546875,-0.00018308870494365692,attack,no
3452,0,0,0.005220126868765487,-5.2552337646484375,-0.0052339909598231316,attack,no
3453,0,0,0.0002611903099837353,-8.250264167785645,-0.0002641328901518136,attack,no
3454,0,1,0.9999546021313491,-4.768258077092469e-05,-10.00004768371582,attack,yes
3455,0,0,0.0019267345209466268,-6.25192928314209,-0.0019292091019451618,attack,no
3456,0,0,0.0015011821712328426,-6.501502990722656,-0.0015029336791485548,attack,no
3457,0,0,1.4738980215352592e-05,-11.125017166137695,-1.7046782886609435e-05,attack,no
3458,0,1,0.5621765008857981,-0.5759398341178894,-0.8259398341178894,attack,yes
3459,0,1,0.998073265251826,-0.0019298041006550193,-6.251929759979248,attack,yes
3460,0,1,0.9990889487500213,-0.0009117737063206732,-7.000911712646484,attack,yes
3461,0,1,0.9997388095654046,-0.0002627027570270002,-8.250262260437012,attack,yes
3462,0,1,0.9995694429075401,-0.0004320403386373073,-7.750432014465332,attack,yes
3463,0,1,0.9959298632033607,-0.004079591948539019,-5.504079818725586,attack,yes
3464,0,1,0.9998766054543742,-0.00012373158824630082,-9.000123977661133,attack,yes
3465,0,1,0.99994170874834,-5.98412734689191e-05,-9.750060081481934,attack,yes
3466,0,0,1.892515275416953e-05,-10.875020027160645,-2.0265373677830212e-05,attack,no
3467,0,0,0.14804719991116141,-1.9102240800857544,-0.1602240949869156,attack,no
3468,0,1,0.9999151889282702,-8.713819261174649e-05,-9.375086784362793,attack,yes
3469,0,1,0.9980732650230316,-0.0019299230771139264,-6.251929759979248,attack,yes
3470,0,0,7.889259763972262e-06,-11.750015258789062,-1.490105023549404e-05,attack,no
3471,0,1,0.9999785550464715,-2.2172682292875834e-05,-10.750021934509277,attack,yes
3472,0,0,0.00026119031005213215,-8.250263214111328,-0.0002631794777698815,attack,no
3473,0,1,0.998073265251826,-0.0019298041006550193,-6.251929759979248,attack,yes
3474,0,1,0.9933071503294908,-0.006715585943311453,-5.006715774536133,attack,yes
3475,0,0,0.00010889696127518294,-9.125110626220703,-0.0001110968878492713,attack,no
3476,0,1,0.9990889487512399,-0.0009132028790190816,-7.000913143157959,attack,yes
3477,0,1,0.9975273773533248,-0.0024760086089372635,-6.002476215362549,attack,yes
3478,0,0,0.37754066879814546,-0.9740772247314453,-0.4740772247314453,attack,no
3479,0,0,2.14449407443182e-05,-10.75002670288086,-2.634490556374658e-05,attack,no
3480,0,1,0.9999251537816338,-7.712543447269127e-05,-9.500077247619629,attack,yes
3481,0,0,0.001926734980326383,-6.251928806304932,-0.0019289711490273476,attack,no
3482,0,1,0.9992903296110953,-0.0007109498255886137,-7.250710964202881,attack,yes
3483,0,1,0.9998415637262623,-0.00015960850578267127,-8.75015926361084,attack,yes
3484,0,0,0.00026119027880236077,-8.250265121459961,-0.0002649671514518559,attack,no
3485,0,0,0.00247262323588527,-6.002475738525391,-0.0024757706560194492,attack,no
3486,0,0,1.6701429808298613e-05,-11.000020027160645,-2.0503786799963564e-05,attack,no
3487,0,0,0.00017952798776403814,-8.625182151794434,-0.00018225439998786896,attack,no
3488,0,1,0.9995694429074525,-0.00043156370520591736,-7.750431537628174,attack,yes
3489,0,0,2.1444958639580074e-05,-10.750024795532227,-2.52720492426306e-05,attack,no
3490,0,0,0.00020342707070114983,-8.500205993652344,-0.00020644917094614357,attack,no
3491,0,1,0.9992903296955521,-0.0007108307327143848,-7.250710964202881,attack,yes
3492,0,1,0.9995694429075401,-0.0004320403386373073,-7.750432014465332,attack,yes
3493,0,1,0.9996646499688568,-0.0003401654539629817,-8.000340461730957,attack,yes
3494,0,0,0.00116951016075143,-6.751170635223389,-0.0011705459328368306,attack,no
3495,0,1,0.9933071495431723,-0.006715704221278429,-5.006715774536133,attack,yes
3496,0,1,0.9626731151992686,-0.03804175928235054,-3.288041830062866,attack,yes
3497,0,1,0.9998766054690947,-0.0001245659514097497,-9.00012493133545,attack,yes
3498,0,0,0.0003799845323179464,-7.875381946563721,-0.0003819928097072989,attack,no
3499,0,0,1.3709573702822303e-06,-13.50000286102295,-2.9802276912960224e-06,attack,no
3500,0,0,0.0001795279449454117,-8.62518310546875,-0.0001829695247579366,attack,no
3501,0,0,0.0002611902478793781,-8.250262260437012,-0.0002619877050165087,attack,no
3502,0,1,0.9890130572074874,-0.0110483318567276,-4.511048316955566,attack,yes
3503,0,0,2.1444953527476883e-05,-10.75002384185791,-2.407998726994265e-05,attack,no
3504,0,0,0.0002611903099229381,-8.250265121459961,-0.0002650863316375762,attack,no
3505,0,1,0.9999646437619261,-3.683499380713329e-05,-10.25003719329834,attack,yes
3506,0,0,3.120191881525686e-05,-10.375033378601074,-3.361645576660521e-05,attack,no
3507,0,0,4.539787947147078e-05,-10.000048637390137,-4.8874615458771586e-05,attack,no
3508,0,1,0.9996646497685711,-0.0003359945258125663,-8.000335693359375,attack,yes
3509,0,0,7.889262585814522e-06,-11.75001049041748,-1.0490362910786644e-05,attack,no
3510,0,1,0.9947798737599461,-0.005234346725046635,-5.255234241485596,attack,yes
3511,0,0,2.430023204270604e-05,-10.625029563903809,-2.9205850296420977e-05,attack,no
3512,0,1,0.999903897596418,-9.810443589231e-05,-9.25009822845459,attack,yes
3513,0,0,0.2689414096510108,-1.3132622241973877,-0.3132621645927429,attack,no
3514,0,1,0.9990889488600116,-0.0009135602158494294,-7.000913619995117,attack,yes
3515,0,0,2.7535700948722127e-05,-10.500030517578125,-3.0874729418428615e-05,attack,no
3516,0,1,0.9999921107383546,-8.4638240878121e-06,-11.750008583068848,attack,yes
3517,0,0,1.8553914607043678e-07,-15.500004768371582,-5.006777428206988e-06,attack,no
3518,0,1,0.9999038975849549,-9.727005090098828e-05,-9.250097274780273,attack,yes
3519,0,1,0.9859363723239895,-0.01416544709354639,-4.26416540145874,attack,yes
3520,0,0,3.288749849428275e-06,-12.625008583068848,-8.821448318485636e-06,attack,no
3521,0,0,1.6701421844419295e-05,-11.000020980834961,-2.098061486321967e-05,attack,no
3522,0,0,0.00013982214083137844,-8.875144958496094,-0.0001454247540095821,attack,no
3523,0,1,0.9999832985781547,-1.811964830267243e-05,-11.000018119812012,attack,yes
3524,0,0,8.481101106463894e-05,-9.375088691711426,-8.83301836438477e-05,attack,no
3525,0,0,0.00010889690936027806,-9.125110626220703,-0.00011062010162277147,attack,no
3526,0,1,0.9399133512987253,-0.061968062072992325,-2.8119680881500244,attack,yes
3527,0,0,4.539789029616496e-05,-10.00004768371582,-4.815939246327616e-05,attack,no
3528,0,1,0.9998415637074057,-0.00016068121476564556,-8.750160217285156,attack,yes
3529,0,0,0.0009110512499786032,-7.000911712646484,-0.0009117737063206732,attack,no
3530,0,0,3.0590219045716434e-07,-15.000003814697266,-3.6954811548639555e-06,attack,no
3531,0,1,0.9999646437366381,-3.659658250398934e-05,-10.250036239624023,attack,yes
3532,0,1,0.9998415637262623,-0.00015960850578267127,-8.75015926361084,attack,yes
3533,0,1,0.9999646437577117,-3.6954195820726454e-05,-10.25003719329834,attack,yes
3534,0,0,0.00013982214089037592,-8.875142097473145,-0.00014256415306590497,attack,no
3535,0,1,0.8519527963298947,-0.16022460162639618,-1.9102245569229126,attack,yes
3536,0,0,0.00023050677068656142,-8.375232696533203,-0.0002329078270122409,attack,no
3537,0,1,0.9999251537459443,-7.664863369427621e-05,-9.500076293945312,attack,yes
3538,0,0,9.61024035730345e-05,-9.250099182128906,-9.905801562126726e-05,attack,no
3539,0,0,0.4378234991142019,-0.8259397149085999,-0.5759397149085999,attack,no
3540,0,1,0.880797076413356,-0.12693025171756744,-2.1269302368164062,attack,yes
3541,0,0,6.605217619491254e-05,-9.625067710876465,-6.818538531661034e-05,attack,no
3542,0,0,4.006369219073056e-05,-10.125043869018555,-4.386805812828243e-05,attack,no
3543,0,0,6.962254589617333e-06,-11.87501335144043,-1.3112935448589269e-05,attack,no
3544,0,1,0.9999251537905489,-7.60526381782256e-05,-9.500076293945312,attack,yes
3545,0,1,0.999664649928581,-0.00033742457162588835,-8.000337600708008,attack,yes
3546,0,0,1.8925155009767896e-05,-10.875020980834961,-2.13382354559144e-05,attack,no
3547,0,1,0.99992515379947,-7.593343616463244e-05,-9.500076293945312,attack,yes
3548,0,0,4.539787406217992e-05,-10.00004768371582,-4.7801782784517854e-05,attack,no
3549,0,0,1.7603438428660665e-06,-13.250004768371582,-5.125986263010418e-06,attack,no
3550,0,0,5.1442213663611834e-05,-9.875055313110352,-5.531158240046352e-05,attack,no
3551,0,1,0.9975273764764009,-0.002476840978488326,-6.002476692199707,attack,yes
3552,0,0,6.475947982022762e-07,-14.25000286102295,-2.861018856492592e-06,attack,no
3553,0,0,1.6701425826829356e-05,-11.000019073486328,-1.9311717551317997e-05,attack,no
3554,0,0,8.939697369557668e-06,-11.625014305114746,-1.4424220353248529e-05,attack,no
3555,0,0,5.4222215554147e-06,-12.125005722045898,-6.198863957251888e-06,attack,no
3556,0,0,0.00048785712187400456,-7.625492095947266,-0.0004920940846204758,attack,no
3557,0,1,0.9995694429590073,-0.0004328744253143668,-7.750432968139648,attack,yes
3558,0,0,1.1478768125577024e-05,-11.375016212463379,-1.6212332411669195e-05,attack,no
3559,0,0,2.14449407443182e-05,-10.75002670288086,-2.634490556374658e-05,attack,no
3560,0,1,0.9998766053955637,-0.00012516192509792745,-9.00012493133545,attack,yes
3561,0,1,0.6791787056691698,-0.38687166571617126,-1.1368716955184937,attack,yes
3562,0,1,0.9968273176921079,-0.0031784274615347385,-5.753178596496582,attack,yes
3563,0,1,0.9992903296115494,-0.00071190285962075,-7.250711917877197,attack,yes
3564,0,0,4.00637112961588e-05,-10.125041961669922,-4.2437604861333966e-05,attack,no
3565,0,1,0.9997965729534586,-0.0002044230350293219,-8.500204086303711,attack,yes
3566,0,1,0.999903897550593,-9.762764238985255e-05,-9.250097274780273,attack,yes
3567,0,0,0.00020342699789966035,-8.500207901000977,-0.0002079985715681687,attack,no
3568,0,0,0.0001584361792343538,-8.750163078308105,-0.00016282663273159415,attack,no
3569,0,1,0.9994472214487458,-0.0005567907355725765,-7.500556945800781,attack,yes
3570,0,1,0.9997965730505409,-0.00020680672605521977,-8.50020694732666,attack,yes
3571,0,0,6.962254589978261e-06,-11.875008583068848,-8.34461570775602e-06,attack,no
3572,0,0,1.5534977545102384e-06,-13.37501049041748,-1.0490362910786644e-05,attack,no
3573,0,0,0.0002959571355915188,-8.125298500061035,-0.0002985746832564473,attack,no
3574,0,1,0.998830489700131,-0.0011706650257110596,-6.751170635223389,attack,yes
3575,0,0,0.001926734293943221,-6.251928806304932,-0.0019286142196506262,attack,no
3576,0,0,0.00023050674317075267,-8.37523365020752,-0.0002337421028641984,attack,no
3577,0,0,0.0009110513583794728,-7.000911712646484,-0.0009118927991949022,attack,no
3578,0,1,0.9975273767669861,-0.002476246329024434,-6.002476215362549,attack,yes
3579,0,0,0.00033535015131654734,-8.000337600708008,-0.00033766290289349854,attack,no
3580,0,1,0.9859363703223857,-0.014163684099912643,-4.264163494110107,attack,yes
3581,0,0,1.0677029973056687e-06,-13.750005722045898,-5.8412379075889476e-06,attack,no
3582,0,0,0.00033534999140425706,-8.000338554382324,-0.0003381395654287189,attack,no
3583,0,0,0.02931223255328453,-3.5297505855560303,-0.029750648885965347,attack,no
3584,0,0,0.00037998453252798757,-7.875380516052246,-0.0003805628512054682,attack,no
3585,0,1,0.9914225157821905,-0.008614876307547092,-4.758615016937256,attack,yes
3586,0,1,0.9998415638206919,-0.0001599660754436627,-8.750160217285156,attack,yes
3587,0,1,0.9399133433038893,-0.06196772679686546,-2.811967611312866,attack,yes
3588,0,0,0.00013982205757173517,-8.875142097473145,-0.0001419681793777272,attack,no
3589,0,0,0.037326885068457556,-3.288041591644287,-0.038041528314352036,attack,no
3590,0,0,1.8925157265332104e-05,-10.875021934509277,-2.2411095415009186e-05,attack,no
3591,0,0,0.00010889689635877871,-9.125112533569336,-0.00011240804451517761,attack,no
3592,0,1,0.9999038975391474,-9.870042413240299e-05,-9.25009822845459,attack,yes
3593,0,0,1.994730197090463e-06,-13.125003814697266,-4.0531076592742465e-06,attack,no
3594,0,0,0.000709670389152364,-7.250710487365723,-0.0007104733376763761,attack,no
3595,0,1,0.989013059879158,-0.011049039661884308,-4.511049270629883,attack,yes
3596,0,0,7.889262584508638e-06,-11.750020980834961,-2.098061486321967e-05,attack,no
3597,0,0,0.00020342692526097766,-8.500205993652344,-0.0002057340752799064,attack,no
3598,0,1,0.9947798731699246,-0.005235414020717144,-5.255235195159912,attack,yes
3599,0,0,0.00017952805191233061,-8.62518310546875,-0.00018356545479036868,attack,no
3600,0,0,1.3007125363293616e-05,-11.250018119812012,-1.7881233361549675e-05,attack,no
3601,0,0,0.00010889690936027806,-9.125110626220703,-0.00011062010162277147,attack,no
3602,0,0,2.9023133690637e-06,-12.750006675720215,-7.152531907195225e-06,attack,no
3603,0,0,1.012999098021058e-05,-11.500011444091797,-1.1444026313256472e-05,attack,no
3604,0,0,0.00043055709263511,-7.750431060791016,-0.00043108707177452743,attack,no
3605,0,1,0.9988304895616935,-0.0011712603736668825,-6.751171112060547,attack,yes
3606,0,1,0.9992903296965427,-0.0007127366843633354,-7.250712871551514,attack,yes
3607,0,0,2.2603234895372228e-06,-13.000003814697266,-3.4570634852570947e-06,attack,no
3608,0,1,0.999447221448006,-0.0005544078885577619,-7.50055456161499,attack,yes
3609,0,1,0.9999251537727181,-7.819823804311454e-05,-9.500078201293945,attack,yes
3610,0,1,0.9988304897008111,-0.0011711412807926536,-6.751171112060547,attack,yes
3611,0,0,0.22270012850745968,-1.5019292831420898,-0.25192922353744507,attack,no
3612,0,0,1.0129993394664264e-05,-11.500016212463379,-1.645074735279195e-05,attack,no
3613,0,0,1.85539057598937e-07,-15.500004768371582,-4.529942543740617e-06,attack,no
3614,0,0,5.715003107755449e-07,-14.37500286102295,-2.622600959512056e-06,attack,no
3615,0,1,0.9996646499284738,-0.0003364712174516171,-8.000336647033691,attack,yes
3616,0,1,0.9241418215456966,-0.07889030128717422,-2.578890323638916,attack,yes
3617,0,0,3.288749065310943e-06,-12.625009536743164,-9.536697689327411e-06,attack,no
3618,0,1,0.9706877680826902,-0.02975134178996086,-3.5297513008117676,attack,yes
3619,0,0,2.1444948413814623e-05,-10.750025749206543,-2.5748875486897305e-05,attack,no
3620,0,1,0.9984988174708712,-0.0015026956098154187,-6.501502513885498,attack,yes
3621,0,1,0.9997388097210002,-0.000262106885202229,-8.250262260437012,attack,yes
3622,0,1,0.9997388096587665,-0.0002623452164698392,-8.250262260437012,attack,yes
3623,0,0,1.0677029973114952e-06,-13.750004768371582,-4.887569048150908e-06,attack,no
3624,0,0,0.0002305066333054092,-8.37523365020752,-0.00023326536756940186,attack,no
3625,0,0,5.829126555256903e-05,-9.75006103515625,-6.103329360485077e-05,attack,no
3626,0,0,3.120192252913769e-05,-10.375038146972656,-3.85038583772257e-05,attack,no
3627,0,1,0.9997965729292574,-0.00020549570035655051,-8.500205039978027,attack,yes
3628,0,1,0.9995694428563486,-0.0004326361231505871,-7.75043249130249,attack,yes
3629,0,0,4.00637112929524e-05,-10.125043869018555,-4.434487345861271e-05,attack,no
3630,0,1,0.9399133458285746,-0.061968397349119186,-2.8119683265686035,attack,yes
3631,0,1,0.9914225157821905,-0.008614876307547092,-4.758615016937256,attack,yes
3632,0,1,0.8519527982093668,-0.16022470593452454,-1.9102246761322021,attack,yes
3633,0,1,0.9999785550439159,-2.3245540432981215e-05,-10.750022888183594,attack,yes
3634,0,1,0.9980732657078478,-0.0019290901254862547,-6.25192928314209,attack,yes
3635,0,0,0.0003353499908676388,-8.000343322753906,-0.00034290633630007505,attack,no
3636,0,1,0.999903897619317,-9.691245941212401e-05,-9.250097274780273,attack,yes
3637,0,1,0.9914225157821905,-0.008614876307547092,-4.758615016937256,attack,yes
3638,0,1,0.9992903296953456,-0.0007103541865944862,-7.250710487365723,attack,yes
3639,0,1,0.9933071495431723,-0.006715704221278429,-5.006715774536133,attack,yes
3640,0,0,9.610238062768216e-05,-9.250102996826172,-0.00010263393050990999,attack,no
3641,0,0,1.9947290080905435e-06,-13.125008583068848,-8.22540732769994e-06,attack,no
3642,0,0,1.4738981971813964e-05,-11.125019073486328,-1.9073304429184645e-05,attack,no
3643,0,0,0.00013982209091749505,-8.875141143798828,-0.00014125302550382912,attack,no
3644,0,0,0.00010889689634689506,-9.125113487243652,-0.00011336160969221964,attack,no
3645,0,1,0.9984988176514769,-0.001503528794273734,-6.5015034675598145,attack,yes
3646,0,0,0.005220125006811988,-5.255234241485596,-0.005234109237790108,attack,no
3647,0,1,0.99994170874834,-5.98412734689191e-05,-9.750060081481934,attack,yes
3648,0,0,2.7535687818640727e-05,-10.500031471252441,-3.135155202471651e-05,attack,no
3649,0,1,0.9706877674467155,-0.029750648885965347,-3.5297505855560303,attack,yes
3650,0,1,0.9968273169447085,-0.0031791406217962503,-5.75317907333374,attack,yes
3651,0,0,8.939700566907275e-06,-11.625011444091797,-1.1920858014491387e-05,attack,no
3652,0,0,6.475947982022762e-07,-14.25000286102295,-2.861018856492592e-06,attack,no
3653,0,0,0.0009110512495547487,-7.000912189483643,-0.000912250077817589,attack,no
3654,0,1,0.999088948858846,-0.0009121309849433601,-7.000912189483643,attack,yes
3655,0,1,0.9997965730504196,-0.00020394629973452538,-8.500204086303711,attack,yes
3656,0,1,0.8519528076067262,-0.16022451221942902,-1.9102245569229126,attack,yes
3657,0,1,0.9999599362934792,-4.23184028477408e-05,-10.125041961669922,attack,yes
3658,0,0,0.0009110513583794728,-7.000911712646484,-0.0009118927991949022,attack,no
3659,0,1,0.999796572929219,-0.00020454221521504223,-8.500204086303711,attack,yes
3660,0,1,0.9999417087205447,-5.936446541454643e-05,-9.750059127807617,attack,yes
3661,0,0,0.00037998444179017404,-7.875381946563721,-0.0003817544784396887,attack,no
3662,0,1,0.9992903296130354,-0.0007147617870941758,-7.2507147789001465,attack,yes
3663,0,1,0.9994472213820177,-0.0005540504935197532,-7.500554084777832,attack,yes
3664,0,0,1.3709572068354011e-06,-13.500005722045898,-5.722029527532868e-06,attack,no
3665,0,0,3.9278615343901467e-07,-14.750004768371582,-4.6491513785440475e-06,attack,no
3666,0,1,0.9996200154678258,-0.0003829461056739092,-7.875382900238037,attack,yes
3667,0,1,0.9990889489684125,-0.0009134411229752004,-7.000913619995117,attack,yes
3668,0,0,0.0001795280091877212,-8.625181198120117,-0.00018142008048016578,attack,no
3669,0,0,0.22270013882530884,-1.5019290447235107,-0.25192904472351074,attack,no
3670,0,0,2.4300240733997425e-05,-10.625027656555176,-2.7656173188006505e-05,attack,no
3671,0,0,0.0005527785519938915,-7.50055456161499,-0.0005544078885577619,attack,no
3672,0,0,1.0129988564845376e-05,-11.50001335144043,-1.3112935448589269e-05,attack,no
3673,0,0,0.001169510297149081,-6.7511725425720215,-0.0011725700460374355,attack,no
3674,0,1,0.9992903296955521,-0.0007108307327143848,-7.250710964202881,attack,yes
3675,0,0,0.0009110511411538918,-7.000912189483643,-0.0009121309849433601,attack,no
3676,0,0,0.0024726226466751226,-6.002476215362549,-0.0024760086089372635,attack,no
3677,0,0,2.9023112929973237e-06,-12.75001335144043,-1.3112935448589269e-05,attack,no
3678,0,1,0.9994472213821782,-0.0005545270396396518,-7.50055456161499,attack,yes
3679,0,1,0.9997388096588273,-0.0002632986579556018,-8.250263214111328,attack,yes
3680,0,0,0.0009110512499786032,-7.000911712646484,-0.0009117737063206732,attack,no
3681,0,0,1.3007128463873487e-05,-11.250020027160645,-2.002696055569686e-05,attack,no
3682,0,1,0.9706877709445761,-0.0297507643699646,-3.5297508239746094,attack,yes
3683,0,1,0.9770226282082864,-0.023246610537171364,-3.7732465267181396,attack,yes
3684,0,0,1.1478769494250384e-05,-11.375014305114746,-1.4424220353248529e-05,attack,no
3685,0,0,2.144494585583323e-05,-10.750028610229492,-2.8490614567999728e-05,attack,no
3686,0,1,0.9968273165647497,-0.0031787839252501726,-5.753178596496582,attack,yes
3687,0,0,0.0015011821712328426,-6.501502990722656,-0.0015029336791485548,attack,no
3688,0,1,0.9996646497686785,-0.0003369478799868375,-8.000336647033691,attack,yes
3689,0,1,0.9999646437408537,-3.7431014789035544e-05,-10.25003719329834,attack,yes
3690,0,1,0.998830489979726,-0.0011713793501257896,-6.751171588897705,attack,yes
3691,0,1,0.9998204720122673,-0.00018320789968129247,-8.62518310546875,attack,yes
3692,0,0,0.0009110512499786032,-7.000911712646484,-0.0009117737063206732,attack,no
3693,0,0,0.0002959571003383446,-8.125298500061035,-0.00029845553217455745,attack,no
3694,0,0,3.120190021861736e-05,-10.375033378601074,-3.302042750874534e-05,attack,no
3695,0,0,0.0002611902789999518,-8.250262260437012,-0.000262106885202229,attack,no
3696,0,0,0.00013982209091749505,-8.875141143798828,-0.00014125302550382912,attack,no
3697,0,0,1.670141985245514e-05,-11.00002384185791,-2.372236667724792e-05,attack,no
3698,0,1,0.9998766054396679,-0.00012385078298393637,-9.000123977661133,attack,yes
3699,0,1,0.9999038975620468,-9.7508447652217e-05,-9.250097274780273,attack,yes
3700,0,0,0.017986209665997375,-4.018150329589844,-0.018150312826037407,attack,no
3701,0,0,0.060086650384398026,-2.811967611312866,-0.06196761503815651,attack,no
3702,0,1,0.999978555049028,-2.2053474822314456e-05,-10.750021934509277,attack,yes
3703,0,1,0.9947798737599461,-0.005234346725046635,-5.255234241485596,attack,yes
3704,0,1,0.9994472213820177,-0.0005540504935197532,-7.500554084777832,attack,yes
3705,0,0,9.610244938894429e-05,-9.250099182128906,-9.953480184776708e-05,attack,no
3706,0,1,0.994779873157834,-0.005234939511865377,-5.255234718322754,attack,yes
3707,0,1,0.999664649968642,-0.00033825874561443925,-8.000338554382324,attack,yes
3708,0,1,0.9994472212502334,-0.0005538121913559735,-7.500553607940674,attack,yes
3709,0,0,0.0007096703042003145,-7.250711441040039,-0.0007113072206266224,attack,no
3710,0,1,0.9992903296110953,-0.0007109498255886137,-7.250710964202881,attack,yes
3711,0,1,0.9999646437577103,-3.6000557884108275e-05,-10.250036239624023,attack,yes
3712,0,0,8.481108183851025e-05,-9.375086784362793,-8.725739462533966e-05,attack,no
3713,0,0,1.670142184475347e-05,-11.000020027160645,-2.002696055569686e-05,attack,no
3714,0,0,5.422219615898438e-06,-12.12501335144043,-1.3470558769768104e-05,attack,no
3715,0,1,0.9995694428562609,-0.00043215948971919715,-7.750432014465332,attack,yes
3716,0,0,0.22270014398423357,-1.5019292831420898,-0.25192931294441223,attack,no
3717,0,0,0.00020342707066267434,-8.50020694732666,-0.00020740265608765185,attack,no
3718,0,0,7.889262585814522e-06,-11.75001049041748,-1.0490362910786644e-05,attack,no
3719,0,1,0.9947798737599461,-0.005234346725046635,-5.255234241485596,attack,yes
3720,0,0,0.0024726226466751226,-6.002476215362549,-0.0024760086089372635,attack,no
3721,0,0,1.3007133115903994e-05,-11.250018119812012,-1.847726889536716e-05,attack,no
3722,0,0,1.3007130015299356e-05,-11.250016212463379,-1.6331539882230572e-05,attack,no
3723,0,1,0.9933071495431723,-0.006715704221278429,-5.006715774536133,attack,yes
3724,0,1,0.9968273177060987,-0.0031798535492271185,-5.753180027008057,attack,yes
3725,0,1,0.9914225148159647,-0.008615466766059399,-4.758615493774414,attack,yes
3726,0,0,8.481106161413667e-05,-9.37508773803711,-8.797258487902582e-05,attack,no
3727,0,0,4.785096776433934e-06,-12.250007629394531,-8.106198947643861e-06,attack,no
3728,0,0,2.9023119851464256e-06,-12.750006675720215,-6.6756979322235566e-06,attack,no
3729,0,0,0.0002034270465030423,-8.500205039978027,-0.0002053765201708302,attack,no
3730,0,1,0.9626731151992686,-0.03804175928235054,-3.288041830062866,attack,yes
3731,0,0,1.1478769493916314e-05,-11.375016212463379,-1.6331539882230572e-05,attack,no
3732,0,1,0.9988304895611497,-0.0011707840021699667,-6.751170635223389,attack,yes
3733,0,1,0.9998415637829308,-0.00016020445036701858,-8.750160217285156,attack,yes
3734,0,0,2.4300243628620005e-05,-10.625030517578125,-3.0636318115284666e-05,attack,no
3735,0,1,0.9999599362887023,-4.1483970562694594e-05,-10.125041007995605,attack,yes
3736,0,0,0.0010322309762529134,-6.876034736633301,-0.0010346779599785805,attack,no
3737,0,1,0.9999417087413955,-6.09140915912576e-05,-9.75006103515625,attack,yes
3738,0,0,7.889262585886274e-06,-11.750009536743164,-9.536697689327411e-06,attack,no
3739,0,0,0.0001795280091877212,-8.625181198120117,-0.00018142008048016578,attack,no
3740,0,1,0.8519528057272543,-0.16022440791130066,-1.910224437713623,attack,yes
3741,0,0,3.120191881423529e-05,-10.37503433227539,-3.45700973412022e-05,attack,no
3742,0,0,0.0024726235293418383,-6.002475738525391,-0.0024758896324783564,attack,no
3743,0,0,3.535624228171595e-05,-10.250041961669922,-4.172238186583854e-05,attack,no
3744,0,1,0.9996646499684274,-0.0003363520372658968,-8.000336647033691,attack,yes
3745,0,1,0.5621765008857981,-0.5759397745132446,-0.8259397745132446,attack,yes
3746,0,0,1.670142184475347e-05,-11.000020027160645,-2.002696055569686e-05,attack,no
3747,0,1,0.9890130597678383,-0.011048096232116222,-4.511048316955566,attack,yes
3748,0,1,0.9980732654842024,-0.0019306369358673692,-6.2519307136535645,attack,yes
3749,0,0,4.5397874060032976e-05,-10.000048637390137,-4.875540980719961e-05,attack,no
3750,0,1,0.9770226282082864,-0.023246610537171364,-3.7732465267181396,attack,yes
3751,0,0,0.005220125623432879,-5.255234241485596,-0.005234227981418371,attack,no
3752,0,0,6.144172404693786e-06,-12.000008583068848,-8.22540732769994e-06,attack,no
3753,0,1,0.9998766053808433,-0.00012432756193447858,-9.000123977661133,attack,yes
3754,0,1,0.9999852610162705,-1.6331539882230572e-05,-11.125016212463379,attack,yes
3755,0,0,8.481108180210549e-05,-9.375091552734375,-9.202533692587167e-05,attack,no
3756,0,0,0.00015843619818758245,-8.750160217285156,-0.00016008525562938303,attack,no
3757,0,0,7.889260704818233e-06,-11.750011444091797,-1.1205610462639015e-05,attack,no
3758,0,0,0.0003353501112555357,-8.000338554382324,-0.00033849707688204944,attack,no
3759,0,0,0.03732688895048618,-3.288041830062866,-0.03804187476634979,attack,no
3760,0,1,0.9999646437577103,-3.6000557884108275e-05,-10.250036239624023,attack,yes
3761,0,0,0.00017952805191233061,-8.62518310546875,-0.00018356545479036868,attack,no
3762,0,0,1.670142184475347e-05,-11.000020027160645,-2.002696055569686e-05,attack,no
3763,0,1,0.9959298617423651,-0.004078998696058989,-5.5040788650512695,attack,yes
3764,0,1,0.9999869928653327,-1.4781842764932662e-05,-11.250014305114746,attack,yes
3765,0,0,0.0001233945749933723,-9.000126838684082,-0.00012683063687290996,attack,no
3766,0,0,0.0002959570651626729,-8.125297546386719,-0.00029738296871073544,attack,no
3767,0,0,0.0009110510319583206,-7.000913143157959,-0.0009129646932706237,attack,no
3768,0,0,1.8925155008941717e-05,-10.875022888183594,-2.3245540432981215e-05,attack,no
3769,0,0,0.0004305570413558578,-7.750431060791016,-0.00043096792069263756,attack,no
3770,0,1,0.9999417087344441,-6.007967749610543e-05,-9.750060081481934,attack,yes
3771,0,0,1.3007125363719486e-05,-11.250016212463379,-1.597391747054644e-05,attack,no
3772,0,1,0.9975273764764009,-0.002476840978488326,-6.002476692199707,attack,yes
3773,0,0,0.0002305067982023735,-8.375231742858887,-0.0002320735511602834,attack,no
3774,0,0,3.72664061681327e-06,-12.500007629394531,-7.986990567587782e-06,attack,no
3775,0,0,8.481103129578775e-05,-9.375086784362793,-8.666139910928905e-05,attack,no
3776,0,1,0.9992903294423884,-0.0007116645574569702,-7.250711441040039,attack,yes
3777,0,1,0.9999038975391474,-9.870042413240299e-05,-9.25009822845459,attack,yes
3778,0,0,4.785095065171523e-06,-12.250007629394531,-7.748573807475623e-06,attack,no
3779,0,1,0.9626731110495138,-0.03804187476634979,-3.288041830062866,attack,yes
3780,0,1,0.9997388097210685,-0.00026306029758416116,-8.250263214111328,attack,yes
3781,0,1,0.9999898700102272,-1.1324817933200393e-05,-11.500011444091797,attack,yes
3782,0,0,2.1444958639580074e-05,-10.750024795532227,-2.52720492426306e-05,attack,no
3783,0,1,0.9890130572580872,-0.01104880403727293,-4.511048793792725,attack,yes
3784,0,1,0.9770226304244968,-0.02324579656124115,-3.7732458114624023,attack,yes
3785,0,0,0.22270012850745968,-1.5019292831420898,-0.25192922353744507,attack,no
3786,0,1,0.9988304895630534,-0.0011722128838300705,-6.751172065734863,attack,yes
3787,0,0,8.939695238089464e-06,-11.625015258789062,-1.5139465176616795e-05,attack,no
3788,0,0,3.120191881423529e-05,-10.37503433227539,-3.45700973412022e-05,attack,no
3789,0,0,0.00012339457497900907,-9.000127792358398,-0.00012778419477399439,attack,no
3790,0,0,4.006367786224834e-05,-10.125044822692871,-4.446407547220588e-05,attack,no
3791,0,1,0.9990889488592171,-0.0009126074146479368,-7.000912666320801,attack,yes
3792,0,0,5.144220753453209e-05,-9.875054359436035,-5.4238757002167404e-05,attack,no
3793,0,0,2.7535687818640727e-05,-10.500031471252441,-3.135155202471651e-05,attack,no
3794,0,1,0.9999869928684338,-1.4543427823809907e-05,-11.250014305114746,attack,yes
3795,0,1,0.9626731086399787,-0.03804313391447067,-3.2880430221557617,attack,yes
3796,0,1,0.9968273165595951,-0.003178308717906475,-5.753178119659424,attack,yes
3797,0,0,0.00010889688339134739,-9.12511157989502,-0.0001113352773245424,attack,no
3798,0,1,0.9999038975391299,-9.679325739853084e-05,-9.250096321105957,attack,yes
3799,0,0,4.539785782175988e-05,-10.00005054473877,-5.030505417380482e-05,attack,no
3800,0,1,0.9999898700066044,-1.07287787614041e-05,-11.50001049041748,attack,yes
3801,0,1,0.904650530602188,-0.1002069041132927,-2.3502068519592285,attack,yes
3802,0,1,0.9770226279573947,-0.023246144875884056,-3.7732460498809814,attack,yes
3803,0,1,0.9770226278319489,-0.023245912045240402,-3.7732458114624023,attack,yes
3804,0,0,0.005220125623432879,-5.255234241485596,-0.005234227981418371,attack,no
3805,0,1,0.9914225147763652,-0.008614994585514069,-4.758615016937256,attack,yes
3806,0,1,0.9959298622633402,-0.004081254359334707,-5.5040812492370605,attack,yes
3807,0,1,0.9399133504571636,-0.06196783855557442,-2.8119678497314453,attack,yes
3808,0,1,0.9999921107355331,-8.821448318485636e-06,-11.750008583068848,attack,yes
3809,0,1,0.9947798737599461,-0.005234346725046635,-5.255234241485596,attack,yes
3810,0,0,7.338213304343414e-07,-14.12500286102295,-3.3378546504536644e-06,attack,no
3811,0,1,0.9997965730262185,-0.000205018965061754,-8.500205039978027,attack,yes
3812,0,1,0.9990889486420444,-0.000912369170691818,-7.000912189483643,attack,yes
3813,0,1,0.9999251537637861,-7.64102369430475e-05,-9.500076293945312,attack,yes
3814,0,0,0.00026119021675880823,-8.250262260437012,-0.0002618685248307884,attack,no
3815,0,1,0.9859363703223857,-0.014163684099912643,-4.264163494110107,attack,yes
3816,0,1,0.880797081106935,-0.12692877650260925,-2.1269288063049316,attack,yes
3817,0,1,0.9995694429589197,-0.0004323977918829769,-7.75043249130249,attack,yes
3818,0,0,2.7535687818640727e-05,-10.500031471252441,-3.135155202471651e-05,attack,no
3819,0,0,6.60521289307851e-05,-9.625073432922363,-7.319182623177767e-05,attack,no
3820,0,0,0.0005527786834886249,-7.500555038452148,-0.0005551227368414402,attack,no
3821,0,1,0.9988304895611497,-0.0011707840021699667,-6.751170635223389,attack,yes
3822,0,1,0.9994472213821782,-0.0005545270396396518,-7.50055456161499,attack,yes
3823,0,0,5.1442195260093975e-05,-9.8750581741333,-5.781483559985645e-05,attack,no
3824,0,0,0.0010322312229422547,-6.876033782958984,-0.0010339635191485286,attack,no
3825,0,0,0.00023050677073686458,-8.375231742858887,-0.00023195437097456306,attack,no
3826,0,1,0.985936371949496,-0.014163566753268242,-4.264163494110107,attack,yes
3827,0,0,0.0003353502314288283,-8.000335693359375,-0.0003359945258125663,attack,no
3828,0,1,0.9933071487568537,-0.006715822499245405,-5.006715774536133,attack,yes
3829,0,0,4.222832941142044e-06,-12.375007629394531,-7.510157047363464e-06,attack,no
3830,0,1,0.9975273764764009,-0.002476840978488326,-6.002476692199707,attack,yes
3831,0,1,0.9959298617593534,-0.004079948179423809,-5.504079818725586,attack,yes
3832,0,1,0.9975273767669861,-0.002476246329024434,-6.002476215362549,attack,yes
3833,0,0,0.008577487266965358,-4.758614540100098,-0.008614758029580116,attack,no
3834,0,0,2.2603245673279107e-06,-13.000004768371582,-4.887569048150908e-06,attack,no
3835,0,0,0.26894141551050293,-1.3132621049880981,-0.31326207518577576,attack,no
3836,0,1,0.9980732650212406,-0.001929447171278298,-6.25192928314209,attack,yes
3837,0,1,0.880797071719777,-0.1269281506538391,-2.1269280910491943,attack,yes
3838,0,0,1.8553912395338048e-07,-15.500003814697266,-3.933898824470816e-06,attack,no
3839,0,1,0.9999038976193261,-9.786603914108127e-05,-9.25009822845459,attack,yes
3840,0,0,0.004070137776299053,-5.5040788650512695,-0.004078879952430725,attack,no
3841,0,0,0.0052201262521444506,-5.2552337646484375,-0.005233872216194868,attack,no
3842,0,1,0.9997965730262185,-0.000205018965061754,-8.500205039978027,attack,yes
3843,0,1,0.9975273767669861,-0.002476246329024434,-6.002476215362549,attack,yes
3844,0,1,0.9999417087344441,-6.007967749610543e-05,-9.750060081481934,attack,yes
3845,0,1,0.9995694429075401,-0.0004320403386373073,-7.750432014465332,attack,yes
3846,0,0,0.00033535019148488756,-8.000335693359375,-0.0003358753747306764,attack,no
3847,0,0,4.539785782605374e-05,-10.000048637390137,-4.8397800128441304e-05,attack,no
3848,0,0,3.0590215399183813e-07,-15.00000286102295,-2.622600959512056e-06,attack,no
3849,0,1,0.9980732650196737,-0.0019289711490273476,-6.251928806304932,attack,yes
3850,0,0,4.222834954722317e-06,-12.375007629394531,-7.986990567587782e-06,attack,no
3851,0,0,0.0001795279447860793,-8.625187873840332,-0.00018773700867313892,attack,no
3852,0,0,0.0001398221242266438,-8.875142097473145,-0.00014244495832826942,attack,no
3853,0,0,0.0019267347515319684,-6.251928806304932,-0.0019288521725684404,attack,no
3854,0,1,0.9995694429587317,-0.0004314445541240275,-7.750431537628174,attack,yes
3855,0,0,0.00013982214089037592,-8.875142097473145,-0.00014256415306590497,attack,no
3856,0,0,0.0031726830648641457,-5.753178119659424,-0.0031781899742782116,attack,no
3857,0,0,0.00023050674317075267,-8.37523365020752,-0.0002337421028641984,attack,no
3858,0,1,0.9999485577863338,-5.435795901576057e-05,-9.875054359436035,attack,yes
3859,0,1,0.9995694429589197,-0.0004323977918829769,-7.75043249130249,attack,yes
3860,0,1,0.995929862223701,-0.004078879952430725,-5.5040788650512695,attack,yes
3861,0,0,1.760343213322473e-06,-13.250004768371582,-4.768360213347478e-06,attack,no
3862,0,1,0.9988304898392486,-0.0011705459328368306,-6.751170635223389,attack,yes
3863,0,1,0.9999038975620468,-9.7508447652217e-05,-9.250097274780273,attack,yes
3864,0,1,0.9999251537905489,-7.60526381782256e-05,-9.500076293945312,attack,yes
3865,0,1,0.9999724643056144,-2.8729025871143676e-05,-10.500028610229492,attack,yes
3866,0,0,4.785096776433934e-06,-12.250007629394531,-8.106198947643861e-06,attack,no
3867,0,1,0.8175744761936437,-0.20141363143920898,-1.701413631439209,attack,yes
3868,0,1,0.9997388096276458,-0.00026246439665555954,-8.250262260437012,attack,yes
3869,0,0,0.0005527785518652589,-7.500555038452148,-0.0005548844928853214,attack,no
3870,0,1,0.9998415637262623,-0.00015960850578267127,-8.75015926361084,attack,yes
3871,0,1,0.9984988176493829,-0.0015025765169411898,-6.501502513885498,attack,yes
3872,0,1,0.9706877678706987,-0.029751110821962357,-3.5297510623931885,attack,yes
3873,0,1,0.9999251537816338,-7.712543447269127e-05,-9.500077247619629,attack,yes
3874,0,0,0.18242553047372242,-1.7014133930206299,-0.20141343772411346,attack,no
3875,0,0,1.2098661162023307e-06,-13.62500286102295,-3.2186455882765586e-06,attack,no
3876,0,0,5.422217030663578e-06,-12.125009536743164,-9.179073458653875e-06,attack,no
3877,0,1,0.9999151889484873,-8.689979586051777e-05,-9.375086784362793,attack,yes
3878,0,1,0.99992515375486,-7.557583012385294e-05,-9.500075340270996,attack,yes
3879,0,0,0.37754067580180184,-0.9740771055221558,-0.47407713532447815,attack,no
3880,0,0,0.03732688921821231,-3.288041591644287,-0.03804164379835129,attack,no
3881,0,0,6.144177531660829e-06,-12.000009536743164,-1.0013530300057027e-05,attack,no
3882,0,1,0.9980732654824114,-0.0019301610300317407,-6.251930236816406,attack,yes
3883,0,0,0.00048785712266873326,-7.625488758087158,-0.0004887578543275595,attack,no
3884,0,1,0.9997388095965861,-0.00026353701832704246,-8.250263214111328,attack,yes
3885,0,1,0.9997388095654046,-0.0002627027570270002,-8.250262260437012,attack,yes
3886,0,1,0.9992903296115494,-0.00071190285962075,-7.250711917877197,attack,yes
3887,0,0,0.037326885068457556,-3.288041591644287,-0.038041528314352036,attack,no
3888,0,0,0.5,-0.6931475400924683,-0.6931475400924683,attack,no
3889,0,0,6.144176066850983e-06,-12.000008583068848,-8.821448318485636e-06,attack,no
3890,0,1,0.9997388097522575,-0.000263894529780373,-8.250264167785645,attack,yes
3891,0,0,1.6701415871413568e-05,-11.000021934509277,-2.1576648578047752e-05,attack,no
3892,0,1,0.9998415637451694,-0.00016044282529037446,-8.750160217285156,attack,yes
3893,0,0,6.475950297993788e-07,-14.25000286102295,-3.2186455882765586e-06,attack,no
3894,0,1,0.9999417087344441,-6.007967749610543e-05,-9.750060081481934,attack,yes
3895,0,0,5.422220908822079e-06,-12.12501049041748,-1.0847986231965479e-05,attack,no
3896,0,1,0.9999038975391474,-9.870042413240299e-05,-9.25009822845459,attack,yes
3897,0,0,0.0031726834448229284,-5.753177642822266,-0.003177833277732134,attack,no
3898,0,0,0.01798620759333822,-4.018150329589844,-0.018150195479393005,attack,no
3899,0,1,0.9770226278319489,-0.023245912045240402,-3.7732458114624023,attack,yes
3900,0,0,1.3709575337078827e-06,-13.500003814697266,-4.0531076592742465e-06,attack,no
3901,0,1,0.9933071495431723,-0.006715704221278429,-5.006715774536133,attack,yes
3902,0,1,0.9999646437577117,-3.6954195820726454e-05,-10.25003719329834,attack,yes
3903,0,0,3.9278629391365316e-07,-14.750001907348633,-2.145764938177308e-06,attack,no
3904,0,1,0.9914225157821905,-0.008614876307547092,-4.758615016937256,attack,yes
3905,0,1,0.9999485577618068,-5.4834770708112046e-05,-9.875054359436035,attack,yes
3906,0,0,0.000911051357584745,-7.000912666320801,-0.0009128456003963947,attack,no
3907,0,1,0.9947798737599461,-0.005234346725046635,-5.255234241485596,attack,yes
3908,0,0,0.060086656696110546,-2.811967611312866,-0.06196772679686546,attack,no
3909,0,1,0.9999251537994756,-7.688703772146255e-05,-9.500077247619629,attack,yes
3910,0,0,1.9947306726684962e-06,-13.125003814697266,-4.291525328881107e-06,attack,no
3911,0,1,0.999447221381889,-0.0005535738891921937,-7.500553607940674,attack,yes
3912,0,0,8.315277302819206e-07,-14.000003814697266,-3.4570634852570947e-06,attack,no
3913,0,0,4.222832941142044e-06,-12.375007629394531,-7.510157047363464e-06,attack,no
3914,0,0,0.0004305570413558578,-7.750431060791016,-0.00043096792069263756,attack,no
3915,0,0,7.484622728735096e-05,-9.500077247619629,-7.724463648628443e-05,attack,no
3916,0,0,3.120191881094355e-05,-10.37503719329834,-3.7431014789035544e-05,attack,no
3917,0,1,0.998073265251826,-0.0019298041006550193,-6.251929759979248,attack,yes
3918,0,1,0.9996646497686785,-0.0003369478799868375,-8.000336647033691,attack,yes
3919,0,1,0.9980732654824114,-0.0019301610300317407,-6.251930236816406,attack,yes
3920,0,1,0.9999724642957681,-3.0040289857424796e-05,-10.500029563903809,attack,yes
3921,0,1,0.997527376772729,-0.002477197675034404,-6.002477169036865,attack,yes
3922,0,1,0.9992903296957998,-0.0007113072206266224,-7.250711441040039,attack,yes
3923,0,1,0.9992903296115494,-0.00071190285962075,-7.250711917877197,attack,yes
3924,0,0,3.0590219045716434e-07,-15.000003814697266,-3.6954811548639555e-06,attack,no
3925,0,1,0.9890130559222517,-0.011048450134694576,-4.511048316955566,attack,yes
3926,0,0,7.889264466639054e-06,-11.750011444091797,-1.168244216387393e-05,attack,no
3927,0,0,0.0001233945308910315,-9.000125885009766,-0.0001255195093108341,attack,no
3928,0,0,6.144173869240118e-06,-12.00001335144043,-1.3232143828645349e-05,attack,no
3929,0,1,0.993307147970535,-0.006715940777212381,-5.006715774536133,attack,yes
3930,0,1,0.9992903296122924,-0.0007133323233574629,-7.250713348388672,attack,yes
3931,0,1,0.9999038975391474,-9.870042413240299e-05,-9.25009822845459,attack,yes
3932,0,0,0.00023050671560129052,-8.375235557556152,-0.00023552982020191848,attack,no
3933,0,0,1.300713001508642e-05,-11.250017166137695,-1.728519782773219e-05,attack,no
3934,0,1,0.9992903295265972,-0.0007110689766705036,-7.250710964202881,attack,yes
3935,0,1,0.7310585786300049,-0.3132619857788086,-1.3132619857788086,attack,yes
3936,0,0,8.93969417286778e-06,-11.625011444091797,-1.1205610462639015e-05,attack,no
3937,0,0,0.0003799845323179464,-7.875381946563721,-0.0003819928097072989,attack,no
3938,0,0,1.1478765389222571e-05,-11.375014305114746,-1.4066597032069694e-05,attack,no
3939,0,1,0.9999151889889212,-8.642300235806033e-05,-9.375086784362793,attack,yes
3940,0,1,0.999903897596418,-9.810443589231e-05,-9.25009822845459,attack,yes
3941,0,1,0.9995694429589197,-0.0004323977918829769,-7.75043249130249,attack,yes
3942,0,0,1.5534981249697903e-06,-13.37500286102295,-3.099436753473128e-06,attack,no
3943,0,0,1.760343213322473e-06,-13.250004768371582,-4.768360213347478e-06,attack,no
3944,0,1,0.9525741219418441,-0.04858766868710518,-3.0485875606536865,attack,yes
3945,0,1,0.9968273165595951,-0.003178308717906475,-5.753178119659424,attack,yes
3946,0,1,0.9859363753070244,-0.014163801446557045,-4.264163970947266,attack,yes
3947,0,1,0.9399133504571636,-0.06196783855557442,-2.8119678497314453,attack,yes
3948,0,1,0.9890130597678383,-0.011048096232116222,-4.511048316955566,attack,yes
3949,0,0,4.222834954722317e-06,-12.375007629394531,-7.986990567587782e-06,attack,no
3950,0,0,6.605212895289088e-05,-9.625068664550781,-6.842378934379667e-05,attack,no
3951,0,0,4.222832941193893e-06,-12.375005722045898,-5.602820692729438e-06,attack,no
3952,0,0,3.535625912884673e-05,-10.250048637390137,-4.8874615458771586e-05,attack,no
3953,0,0,0.00015843621704630077,-8.750161170959473,-0.00016115797916427255,attack,no
3954,0,0,6.962257909659331e-06,-11.87501049041748,-1.07287787614041e-05,attack,no
3955,0,0,8.481108184529756e-05,-9.375085830688477,-8.630380034446716e-05,attack,no
3956,0,1,0.9999251537370176,-7.581423415103927e-05,-9.500075340270996,attack,yes
3957,0,0,8.481104138976795e-05,-9.375088691711426,-8.868777513271198e-05,attack,no
3958,0,1,0.9999546021097017,-4.7205765440594405e-05,-10.000046730041504,attack,yes
3959,0,0,8.939695238333382e-06,-11.62501335144043,-1.3232143828645349e-05,attack,no
3960,0,0,6.605214468116544e-05,-9.625072479248047,-7.247662142617628e-05,attack,no
3961,0,1,0.9999038975620468,-9.7508447652217e-05,-9.250097274780273,attack,yes
3962,0,1,0.9999417087344508,-6.19869097135961e-05,-9.750061988830566,attack,yes
3963,0,1,0.9968273165595951,-0.003178308717906475,-5.753178119659424,attack,yes
3964,0,0,0.1480471961522176,-1.9102243185043335,-0.1602243036031723,attack,no
3965,0,1,0.998830489701491,-0.0011716175358742476,-6.751171588897705,attack,yes
3966,0,1,0.9706877709445761,-0.0297507643699646,-3.5297508239746094,attack,yes
3967,0,1,0.7772998714925403,-0.25192922353744507,-1.5019292831420898,attack,yes
3968,0,1,0.9997965730262185,-0.000205018965061754,-8.500205039978027,attack,yes
3969,0,1,0.9959298631958104,-0.004079116974025965,-5.504079341888428,attack,yes
3970,0,0,7.484622725903504e-05,-9.500082015991211,-8.201262971851975e-05,attack,no
3971,0,1,0.9525741224467326,-0.048587895929813385,-3.0485877990722656,attack,yes
3972,0,0,0.00020342707070114983,-8.500205993652344,-0.00020644917094614357,attack,no
3973,0,1,0.9996646499284738,-0.0003364712174516171,-8.000336647033691,attack,yes
3974,0,0,4.222832941111319e-06,-12.375008583068848,-8.4638240878121e-06,attack,no
3975,0,1,0.9999251537816338,-7.712543447269127e-05,-9.500077247619629,attack,yes
3976,0,0,0.00020342690098001725,-8.50020694732666,-0.00020656836568377912,attack,no
3977,0,0,0.0019267345193795422,-6.251929759979248,-0.0019296851241961122,attack,no
3978,0,1,0.9999646437366381,-3.659658250398934e-05,-10.250036239624023,attack,yes
3979,0,0,1.553497384078679e-06,-13.37501335144043,-1.3112935448589269e-05,attack,no
3980,0,1,0.9997388096588273,-0.0002632986579556018,-8.250263214111328,attack,yes
3981,0,0,0.00029595710050195237,-8.125296592712402,-0.0002965487365145236,attack,no
3982,0,0,0.00012339457500953096,-9.000125885009766,-0.00012587709352374077,attack,no
3983,0,1,0.9975273764735295,-0.0024763653054833412,-6.002476215362549,attack,yes
3984,0,1,0.9999646437534985,-3.802703940891661e-05,-10.250038146972656,attack,yes
3985,0,1,0.9999251537905489,-7.60526381782256e-05,-9.500076293945312,attack,yes
3986,0,0,0.00012339454561155946,-9.00012493133545,-0.00012468514614738524,attack,no
3987,0,1,0.880797071719777,-0.1269281506538391,-2.1269280910491943,attack,yes
3988,0,1,0.9999251537905489,-7.60526381782256e-05,-9.500076293945312,attack,yes
3989,0,1,0.9999724643023327,-2.9801878554280847e-05,-10.500029563903809,attack,yes
3990,0,1,0.7310585786300049,-0.3132619857788086,-1.3132619857788086,attack,yes
3991,0,1,0.999796573050461,-0.00020489977032411844,-8.500205039978027,attack,yes
3992,0,1,0.9999546021421699,-4.649054244509898e-05,-10.000046730041504,attack,yes
3993,0,1,0.9997965730262185,-0.000205018965061754,-8.500205039978027,attack,yes
3994,0,0,3.120190021453106e-05,-10.37503719329834,-3.683499380713329e-05,attack,no
3995,0,0,1.1478765389222571e-05,-11.375014305114746,-1.4066597032069694e-05,attack,no
3996,0,1,0.9988304898392486,-0.0011705459328368306,-6.751170635223389,attack,yes
3997,0,0,0.037326885068457556,-3.288041591644287,-0.038041528314352036,attack,no
3998,0,0,1.0129988564974359e-05,-11.500012397766113,-1.2159273865108844e-05,attack,no
3999,0,0,0.00026119031012052904,-8.250262260437012,-0.00026222606538794935,attack,no
4000,0,0,0.0001584361792827627,-8.750161170959473,-0.00016091958968900144,attack,no
4001,0,0,0.00010889693531733127,-9.125110626220703,-0.00011085849109804258,attack,no
4002,0,1,0.9984988176514769,-0.001503528794273734,-6.5015034675598145,attack,yes
4003,0,0,0.0003799845775099843,-7.875382423400879,-0.00038258862332440913,attack,no
4004,0,1,0.952574122951621,-0.04858812317252159,-3.0485880374908447,attack,yes
4005,0,1,0.9525741285053948,-0.048588238656520844,-3.048588275909424,attack,yes
4006,0,0,0.0007096703037049672,-7.2507123947143555,-0.0007122601964510977,attack,no
4007,0,0,0.00023050663315114637,-8.375236511230469,-0.0002361257211305201,attack,no
4008,0,1,0.999796572929219,-0.00020454221521504223,-8.500204086303711,attack,yes
4009,0,1,0.9999546021259359,-4.684815212385729e-05,-10.000046730041504,attack,yes
4010,0,1,0.9990889488592171,-0.0009126074146479368,-7.000912666320801,attack,yes
4011,0,0,0.0005527787481587043,-7.500558853149414,-0.0005590544897131622,attack,no
4012,0,0,0.00013982212424495333,-8.875141143798828,-0.00014149141497910023,attack,no
4013,0,1,0.7310585903489892,-0.3132631182670593,-1.313263177871704,attack,yes
4014,0,1,0.9820137860570862,-0.018150078132748604,-4.0181498527526855,attack,yes
4015,0,0,3.120191881423529e-05,-10.37503433227539,-3.45700973412022e-05,attack,no
4016,0,1,0.9975273767698575,-0.002476722002029419,-6.002476692199707,attack,yes
4017,0,0,0.00017952792358181245,-8.625182151794434,-0.00018189683032687753,attack,no
4018,0,1,0.9988304898399285,-0.0011710221879184246,-6.751171112060547,attack,yes
4019,0,0,0.00043055704118050137,-7.750432014465332,-0.0004319211875554174,attack,no
4020,0,0,0.00010889689635877871,-9.125112533569336,-0.00011240804451517761,attack,no
4021,0,1,0.9984988176504299,-0.001503052655607462,-6.501502990722656,attack,yes
4022,0,0,0.22270013882530884,-1.5019294023513794,-0.2519294023513794,attack,no
4023,0,0,0.000804085770590884,-7.125805854797363,-0.0008056493825279176,attack,no
4024,0,0,4.006367785875047e-05,-10.125046730041504,-4.637133679352701e-05,attack,no
4025,0,1,0.9706877709445761,-0.0297507643699646,-3.5297508239746094,attack,yes
4026,0,1,0.999941708720548,-6.031808152329177e-05,-9.750060081481934,attack,yes
4027,0,0,0.00037998457778635434,-7.875380516052246,-0.00038068200228735805,attack,no
4028,0,0,8.939696303758459e-06,-11.625015258789062,-1.5258672647178173e-05,attack,no
4029,0,1,0.9820137925711584,-0.018150663003325462,-4.018150806427002,attack,yes
4030,0,1,0.9999417087135966,-5.94836674281396e-05,-9.750059127807617,attack,yes
4031,0,0,2.56128190517227e-06,-12.875014305114746,-1.4185804502631072e-05,attack,no
4032,0,0,0.00033535003157257815,-8.000336647033691,-0.0003363520372658968,attack,no
4033,0,0,0.00026119031012052904,-8.250262260437012,-0.00026222606538794935,attack,no
4034,0,0,0.00015843621704630077,-8.750161170959473,-0.00016115797916427255,attack,no
4035,0,0,3.288749457469787e-06,-12.625004768371582,-4.887569048150908e-06,attack,no
4036,0,0,0.0001584362547591338,-8.750163078308105,-0.00016330339713022113,attack,no
4037,0,0,0.00026119043459527563,-8.250262260437012,-0.0002627027570270002,attack,no
4038,0,0,1.1478768125744062e-05,-11.375015258789062,-1.5258672647178173e-05,attack,no
4039,0,1,0.9988304895644134,-0.0011731653939932585,-6.75117301940918,attack,yes
4040,0,0,1.6701423830702777e-05,-11.000031471252441,-3.158996332786046e-05,attack,no
4041,0,1,0.9998415637451694,-0.00016044282529037446,-8.750160217285156,attack,yes
4042,0,1,0.9820137925711584,-0.018150663003325462,-4.018150806427002,attack,yes
4043,0,0,0.2689414272294874,-1.313261866569519,-0.31326189637184143,attack,no
4044,0,0,0.00012339460442007728,-9.000125885009766,-0.00012611546844709665,attack,no
4045,0,0,0.004070137294963264,-5.5040788650512695,-0.004078761208802462,attack,no
4046,0,0,5.4222215545812835e-06,-12.125018119812012,-1.8596476365928538e-05,attack,no
4047,0,0,0.00020342692529945307,-8.500205039978027,-0.0002047805901383981,attack,no
4048,0,1,0.9980732654806204,-0.0019296851241961122,-6.251929759979248,attack,yes
4049,0,0,0.0005527786836494157,-7.50055456161499,-0.0005546461907215416,attack,no
4050,0,1,0.9988304895630534,-0.0011722128838300705,-6.751172065734863,attack,yes
4051,0,1,0.9820137904984994,-0.018150780349969864,-4.018150806427002,attack,yes
4052,0,1,0.9984988180093728,-0.0015037668636068702,-6.501503944396973,attack,yes
4053,0,1,0.9998766053808738,-0.0001262346631847322,-9.000125885009766,attack,yes
4054,0,1,0.9998415637074057,-0.00016068121476564556,-8.750160217285156,attack,yes
4055,0,1,0.9999546021475813,-4.637133679352701e-05,-10.000046730041504,attack,yes
4056,0,1,0.999796572977698,-0.00020430385484360158,-8.500204086303711,attack,yes
4057,0,0,0.0005527786181110731,-7.500553607940674,-0.0005535738891921937,attack,no
4058,0,0,1.9947297215125433e-06,-13.125003814697266,-3.814689989667386e-06,attack,no
4059,0,0,5.144219526552093e-05,-9.875056266784668,-5.590759246842936e-05,attack,no
4060,0,0,0.00020342699789966035,-8.500207901000977,-0.0002079985715681687,attack,no
4061,0,1,0.9770226277065029,-0.02324567921459675,-3.7732455730438232,attack,yes
4062,0,1,0.9990889488584223,-0.0009116546134464443,-7.000911712646484,attack,yes
4063,0,1,0.9998415637829792,-0.00016211149340961128,-8.750162124633789,attack,yes
4064,0,1,0.994779874376567,-0.005234227981418371,-5.255234241485596,attack,yes
4065,0,0,3.535625914492433e-05,-10.250038146972656,-3.838465272565372e-05,attack,no
4066,0,0,0.00026119031005213215,-8.250263214111328,-0.0002631794777698815,attack,no
4067,0,0,0.4378234991142019,-0.8259401321411133,-0.5759401321411133,attack,no
4068,0,0,0.0003799845775763131,-7.875381946563721,-0.00038211196078918874,attack,no
4069,0,1,0.9859363737703095,-0.014164389111101627,-4.264164447784424,attack,yes
4070,0,0,5.4222215553407265e-06,-12.125007629394531,-8.106198947643861e-06,attack,no
4071,0,1,0.9995694429586441,-0.00043096792069263756,-7.750431060791016,attack,yes
4072,0,1,0.9820137904984994,-0.018150780349969864,-4.018150806427002,attack,yes
4073,0,0,2.1444953525877583e-05,-10.75002670288086,-2.6940935640595853e-05,attack,no
4074,0,1,0.9959298617593534,-0.004079948179423809,-5.504079818725586,attack,yes
4075,0,0,0.00013982202424632712,-8.875142097473145,-0.00014172980445437133,attack,no
4076,0,1,0.999941708720548,-6.031808152329177e-05,-9.750060081481934,attack,yes
4077,0,0,0.00015843616042635408,-8.750160217285156,-0.00015984688070602715,attack,no
4078,0,0,3.5356250712032926e-05,-10.250041007995605,-4.100715523236431e-05,attack,no
4079,0,0,0.00029595713576373756,-8.125296592712402,-0.00029666791670024395,attack,no
4080,0,1,0.9999546021259359,-4.684815212385729e-05,-10.000046730041504,attack,yes
4081,0,1,0.9997388095654046,-0.0002627027570270002,-8.250262260437012,attack,yes
4082,0,1,0.9984988178320827,-0.0015043619787320495,-6.501504421234131,attack,yes
4083,0,0,3.120191881423529e-05,-10.37503433227539,-3.45700973412022e-05,attack,no
4084,0,0,1.3007125363719486e-05,-11.250016212463379,-1.597391747054644e-05,attack,no
4085,0,0,4.006370651032745e-05,-10.12504768371582,-4.8040190449682996e-05,attack,no
4086,0,0,0.029312229267415526,-3.5297505855560303,-0.029750533401966095,attack,no
4087,0,1,0.989013058482603,-0.011048214510083199,-4.511048316955566,attack,yes
4088,0,1,0.9998766053808433,-0.00012432756193447858,-9.000123977661133,attack,yes
4089,0,1,0.9999251537994756,-7.688703772146255e-05,-9.500077247619629,attack,yes
4090,0,1,0.9997388097832411,-0.0002618685248307884,-8.250262260437012,attack,yes
4091,0,1,0.9947798737744549,-0.005234820768237114,-5.255234718322754,attack,yes
4092,0,1,0.9997388097522575,-0.000263894529780373,-8.250264167785645,attack,yes
4093,0,0,4.539785782175988e-05,-10.00005054473877,-5.030505417380482e-05,attack,no
4094,0,0,0.0001584362548559516,-8.75015926361084,-0.00015948931104503572,attack,no
4095,0,1,0.999569442856524,-0.00043358939001336694,-7.750433444976807,attack,yes
4096,0,1,0.9241418205010697,-0.07889007776975632,-2.578890085220337,attack,yes
4097,0,1,0.9984988178299887,-0.0015034097013995051,-6.5015034675598145,attack,yes
4098,0,1,0.9995694429079912,-0.00043442347669042647,-7.750434398651123,attack,yes
4099,0,1,0.9998766053955495,-0.00012420836719684303,-9.000123977661133,attack,yes
4100,0,1,0.9997388097833095,-0.0002628219372127205,-8.250263214111328,attack,yes
4101,0,1,0.9994472213821782,-0.0005545270396396518,-7.50055456161499,attack,yes
4102,0,0,8.939695238333382e-06,-11.62501335144043,-1.3232143828645349e-05,attack,no
4103,0,1,0.9988304899809499,-0.0011723319767042994,-6.7511725425720215,attack,yes
4104,0,1,0.9997388096276458,-0.00026246439665555954,-8.250262260437012,attack,yes
4105,0,0,2.1444948413814623e-05,-10.750025749206543,-2.5748875486897305e-05,attack,no
4106,0,1,0.9933071495431723,-0.006715704221278429,-5.006715774536133,attack,yes
4107,0,0,0.0005527786181110731,-7.500553607940674,-0.0005535738891921937,attack,no
4108,0,0,9.610239213671445e-05,-9.250097274780273,-9.703165414975956e-05,attack,no
4109,0,0,7.889265407177056e-06,-11.75001049041748,-1.0847986231965479e-05,attack,no
4110,0,1,0.9995694429074525,-0.00043156370520591736,-7.750431537628174,attack,yes
4111,0,0,0.00010889694830774386,-9.125109672546387,-0.00011002412065863609,attack,no
4112,0,0,0.00013982209089918548,-8.875142097473145,-0.00014220656885299832,attack,no
4113,0,1,0.9997694932568828,-0.00023469554434996098,-8.375234603881836,attack,yes
4114,0,1,0.7772998560157665,-0.25192931294441223,-1.5019292831420898,attack,yes
4115,0,0,0.00013982214083137844,-8.875144958496094,-0.0001454247540095821,attack,no
4116,0,0,0.0052201262521444506,-5.2552337646484375,-0.005233872216194868,attack,no
4117,0,0,0.00013982204091004735,-8.875142097473145,-0.00014184899919200689,attack,no
4118,0,1,0.9999417087274993,-6.115249561844394e-05,-9.75006103515625,attack,yes
4119,0,0,0.0007096703039526409,-7.250711917877197,-0.0007117837085388601,attack,no
4120,0,0,1.4738976700661031e-05,-11.125020027160645,-1.966933996300213e-05,attack,no
4121,0,0,5.144223817918954e-05,-9.875059127807617,-5.9602869441732764e-05,attack,no
4122,0,0,5.8291265541966536e-05,-9.7500638961792,-6.389413465512916e-05,attack,no
4123,0,0,0.09534947132582737,-2.3502066135406494,-0.10020668804645538,attack,no
4124,0,1,0.9998766053661514,-0.00012540031457319856,-9.00012493133545,attack,yes
4125,0,0,5.829128638988074e-05,-9.750062942504883,-6.329813186312094e-05,attack,no
4126,0,1,0.9988304897008111,-0.0011711412807926536,-6.751171112060547,attack,yes
4127,0,0,6.475947981860791e-07,-14.250007629394531,-7.629365427419543e-06,attack,no
4128,0,1,0.9999251537905489,-7.60526381782256e-05,-9.500076293945312,attack,yes
4129,0,0,2.1444953527476883e-05,-10.75002384185791,-2.407998726994265e-05,attack,no
4130,0,1,0.9914225147763652,-0.008614994585514069,-4.758615016937256,attack,yes
4131,0,1,0.731058584489497,-0.31326207518577576,-1.3132621049880981,attack,yes
4132,0,1,0.9996646497288322,-0.00033802041434682906,-8.000337600708008,attack,yes
4133,0,0,0.0002959572062012113,-8.125297546386719,-0.0002978596603497863,attack,no
4134,0,0,1.209865683500459e-06,-13.625006675720215,-6.6756979322235566e-06,attack,no
4135,0,0,7.484622728735096e-05,-9.500077247619629,-7.724463648628443e-05,attack,no
4136,0,0,0.02931223255328453,-3.5297505855560303,-0.029750648885965347,attack,no
4137,0,0,0.2689414272294874,-1.313261866569519,-0.31326189637184143,attack,no
4138,0,1,0.9770226305499425,-0.023246029391884804,-3.7732460498809814,attack,yes
4139,0,0,0.0003799844419228317,-7.875380992889404,-0.0003808011533692479,attack,no
4140,0,1,0.9975273773653848,-0.0024779110681265593,-6.002478122711182,attack,yes
4141,0,1,0.9947798737599461,-0.005234346725046635,-5.255234241485596,attack,yes
4142,0,0,1.01299946023704e-05,-11.500015258789062,-1.5616295058862306e-05,attack,no
4143,0,1,0.9999038976078632,-9.703165414975956e-05,-9.250097274780273,attack,yes
4144,0,1,0.9241418231126367,-0.07889051735401154,-2.578890562057495,attack,yes
4145,0,0,0.04742587856304458,-3.0485873222351074,-0.04858744144439697,attack,no
4146,0,1,0.9994472213823069,-0.0005550036439672112,-7.500555038452148,attack,yes
4147,0,0,0.0002611902165612174,-8.250265121459961,-0.00026472879108041525,attack,no
4148,0,1,0.5621765008857981,-0.5759394764900208,-0.8259394764900208,attack,yes
4149,0,1,0.9992903296115494,-0.00071190285962075,-7.250711917877197,attack,yes
4150,0,0,3.5356250712032926e-05,-10.250041007995605,-4.100715523236431e-05,attack,no
4151,0,0,0.00026119031005213215,-8.250263214111328,-0.0002631794777698815,attack,no
4152,0,0,4.5397884884891014e-05,-10.00004768371582,-4.8040190449682996e-05,attack,no
4153,0,1,0.9933071479488647,-0.006715467199683189,-5.006715297698975,attack,yes
4154,0,0,0.2689414272294874,-1.313261866569519,-0.31326189637184143,attack,no
4155,0,1,0.8519528076067262,-0.16022451221942902,-1.9102245569229126,attack,yes
4156,0,1,0.9914225127330346,-0.008614758029580116,-4.758614540100098,attack,yes
4157,0,1,0.9990889489676177,-0.0009124883217737079,-7.000912666320801,attack,yes
4158,0,0,1.8925141473599938e-05,-10.875021934509277,-2.1576648578047752e-05,attack,no
4159,0,1,0.9994472213820177,-0.0005540504935197532,-7.500554084777832,attack,yes
4160,0,1,0.9933071503294908,-0.006715585943311453,-5.006715774536133,attack,yes
4161,0,0,0.008577484217809378,-4.758615016937256,-0.008614876307547092,attack,no
4162,0,0,0.0007096704734026817,-7.250710964202881,-0.0007110689766705036,attack,no
4163,0,1,0.9859363720398908,-0.014164037071168423,-4.264163970947266,attack,yes
4164,0,0,0.00026119031012052904,-8.250262260437012,-0.00026222606538794935,attack,no
4165,0,0,0.0003353500715262566,-8.000336647033691,-0.0003364712174516171,attack,no
4166,0,1,0.5621765008857981,-0.5759401917457581,-0.8259401917457581,attack,yes
4167,0,1,0.9999646437577117,-3.6954195820726454e-05,-10.25003719329834,attack,yes
4168,0,1,0.9998766054249618,-0.00012396997772157192,-9.000123977661133,attack,yes
4169,0,0,0.02297736970094919,-3.7732455730438232,-0.023245563730597496,attack,no
4170,0,0,6.605212895289088e-05,-9.625068664550781,-6.842378934379667e-05,attack,no
4171,0,1,0.999903897550593,-9.762764238985255e-05,-9.250097274780273,attack,yes
4172,0,0,0.00017952803058267475,-8.625181198120117,-0.00018153927521780133,attack,no
4173,0,0,0.00015843623595112507,-8.750160217285156,-0.00016032364510465413,attack,no
4174,0,1,0.9999417087344441,-6.007967749610543e-05,-9.750060081481934,attack,yes
4175,0,1,0.9992903295263496,-0.000710592488758266,-7.250710487365723,attack,yes
4176,0,1,0.994779874376567,-0.005234227981418371,-5.255234241485596,attack,yes
4177,0,1,0.9980732654824114,-0.0019301610300317407,-6.251930236816406,attack,yes
4178,0,1,0.9706877674467155,-0.029750648885965347,-3.5297505855560303,attack,yes
4179,0,0,9.610244937985509e-05,-9.250100135803223,-0.00010048838157672435,attack,no
4180,0,0,0.00033534999140425706,-8.000338554382324,-0.0003381395654287189,attack,no
4181,0,1,0.9984988180104198,-0.0015042430022731423,-6.501504421234131,attack,yes
4182,0,1,0.9990889486424153,-0.0009128456003963947,-7.000912666320801,attack,yes
4183,0,1,0.9997388095965861,-0.00026353701832704246,-8.250263214111328,attack,yes
4184,0,1,0.9980732654790533,-0.0019292091019451618,-6.25192928314209,attack,yes
4185,0,1,0.9947798750052788,-0.005234583746641874,-5.255234718322754,attack,yes
4186,0,0,0.0011695102998688749,-6.751170635223389,-0.0011706650257110596,attack,no
4187,0,1,0.9706877686656669,-0.029752036556601524,-3.529752016067505,attack,yes
4188,0,0,0.004070137783849419,-5.504078388214111,-0.004078404977917671,attack,no
4189,0,1,0.9994472213160612,-0.0005536930402740836,-7.500553607940674,attack,yes
4190,0,1,0.9984988178299887,-0.0015034097013995051,-6.5015034675598145,attack,yes
4191,0,1,0.9999785550515847,-2.288792165927589e-05,-10.750022888183594,attack,yes
4192,0,1,0.7310585903489892,-0.3132621645927429,-1.3132622241973877,attack,yes
4193,0,1,0.9997388095654046,-0.0002627027570270002,-8.250262260437012,attack,yes
4194,0,0,1.9947306726684962e-06,-13.125003814697266,-4.291525328881107e-06,attack,no
4195,0,1,0.9968273173158309,-0.0031785464379936457,-5.753178596496582,attack,yes
4196,0,1,0.9988304897008111,-0.0011711412807926536,-6.751171112060547,attack,yes
4197,0,1,0.9933071503945015,-0.006717006675899029,-5.006717205047607,attack,yes
4198,0,0,0.0015011825291288126,-6.501502513885498,-0.0015026956098154187,attack,no
4199,0,1,0.9997965730020175,-0.0002060916303889826,-8.500205993652344,attack,yes
4200,0,0,0.008577485223634738,-4.758615016937256,-0.008614994585514069,attack,no
4201,0,0,0.5,-0.6931476593017578,-0.6931476593017578,attack,no
4202,0,1,0.9820137861886837,-0.01815054751932621,-4.018150329589844,attack,yes
4203,0,0,0.0009110511411538918,-7.000912189483643,-0.0009121309849433601,attack,no
4204,0,0,0.00013982212414933676,-8.87514591217041,-0.00014625910262111574,attack,no
4205,0,0,3.120190021861736e-05,-10.375033378601074,-3.302042750874534e-05,attack,no
4206,0,1,0.9999339478789202,-6.83045873302035e-05,-9.625068664550781,attack,yes
4207,0,0,0.0001233946191424094,-9.00012493133545,-0.000125281119835563,attack,no
4208,0,0,0.004070138265185266,-5.504078388214111,-0.004078523721545935,attack,no
4209,0,1,0.9998766054396822,-0.0001248043408850208,-9.00012493133545,attack,yes
4210,0,1,0.9241418163225626,-0.0788908526301384,-2.578890800476074,attack,yes
4211,0,0,0.00037998444179017404,-7.875381946563721,-0.0003817544784396887,attack,no
4212,0,1,0.9997388095654046,-0.0002627027570270002,-8.250262260437012,attack,yes
4213,0,1,0.99994170874834,-5.98412734689191e-05,-9.750060081481934,attack,yes
4214,0,1,0.9984988178299887,-0.0015034097013995051,-6.5015034675598145,attack,yes
4215,0,0,0.00017952796636908967,-8.625182151794434,-0.0001821352052502334,attack,no
4216,0,1,0.999088948858846,-0.0009121309849433601,-7.000912189483643,attack,yes
4217,0,1,0.9975273773533248,-0.0024760086089372635,-6.002476215362549,attack,yes
4218,0,1,0.9990889486424153,-0.0009128456003963947,-7.000912666320801,attack,yes
4219,0,1,0.9890130598184381,-0.011048568412661552,-4.511048793792725,attack,yes
4220,0,1,0.9999785550413589,-2.2411095415009186e-05,-10.750021934509277,attack,yes
4221,0,0,5.1442238193224754e-05,-9.875054359436035,-5.4834770708112046e-05,attack,no
4222,0,0,0.00043055698971337334,-7.750432968139648,-0.00043275527423247695,attack,no
4223,0,1,0.9999546021313491,-4.768258077092469e-05,-10.00004768371582,attack,yes
4224,0,1,0.9968273169351358,-0.0031781899742782116,-5.753178119659424,attack,yes
4225,0,0,1.2098662604324707e-06,-13.625001907348633,-2.3841830625315197e-06,attack,no
4226,0,0,2.2603240284165705e-06,-13.000005722045898,-5.602820692729438e-06,attack,no
4227,0,0,2.2603251062013478e-06,-13.000006675720215,-7.033323527139146e-06,attack,no
4228,0,1,0.9980732650266135,-0.0019308748887851834,-6.2519307136535645,attack,yes
4229,0,0,6.962254589617333e-06,-11.87501335144043,-1.3112935448589269e-05,attack,no
4230,0,1,0.9997965730261801,-0.0002040654799202457,-8.500204086303711,attack,yes
4231,0,0,1.01299946023704e-05,-11.500015258789062,-1.5616295058862306e-05,attack,no
4232,0,1,0.9998415637451441,-0.00015948931104503572,-8.75015926361084,attack,yes
4233,0,0,0.00020342699805948146,-8.500204086303711,-0.00020418466010596603,attack,no
4234,0,0,0.00013982210754460409,-8.875143051147461,-0.00014327930693980306,attack,no
4235,0,1,0.9984988174719182,-0.0015031717484816909,-6.501502990722656,attack,yes
4236,0,0,4.539787406217992e-05,-10.00004768371582,-4.7801782784517854e-05,attack,no
4237,0,1,0.9998415637262623,-0.00015960850578267127,-8.75015926361084,attack,yes
4238,0,0,4.0063696964463355e-05,-10.125044822692871,-4.494089080253616e-05,attack,no
4239,0,0,0.00013982210754460409,-8.875143051147461,-0.00014327930693980306,attack,no
4240,0,1,0.9998766053955637,-0.00012516192509792745,-9.00012493133545,attack,yes
4241,0,1,0.9999546021313491,-4.768258077092469e-05,-10.00004768371582,attack,yes
4242,0,1,0.9984988180093728,-0.0015037668636068702,-6.501503944396973,attack,yes
4243,0,1,0.9990889488604356,-0.0009140365873463452,-7.000914096832275,attack,yes
4244,0,1,0.9994472212505229,-0.0005547653418034315,-7.50055456161499,attack,yes
4245,0,0,1.6701429808298613e-05,-11.000020027160645,-2.0503786799963564e-05,attack,no
4246,0,0,2.1444945855248125e-05,-10.750029563903809,-2.9444261599564925e-05,attack,no
4247,0,0,1.3709572068354011e-06,-13.500005722045898,-5.722029527532868e-06,attack,no
4248,0,0,1.99472995928244e-06,-13.125005722045898,-5.8412379075889476e-06,attack,no
4249,0,0,0.00023050679815207037,-8.375232696533203,-0.0002330270071979612,attack,no
4250,0,1,0.9998766054249905,-0.00012587709352374077,-9.000125885009766,attack,yes
4251,0,1,0.9890130559222517,-0.011048450134694576,-4.511048316955566,attack,yes
4252,0,1,0.9770226279573947,-0.023246144875884056,-3.7732460498809814,attack,yes
4253,0,0,8.93969417229051e-06,-11.625016212463379,-1.597391747054644e-05,attack,no
4254,0,0,2.14449407453714e-05,-10.750024795532227,-2.4437606043647975e-05,attack,no
4255,0,1,0.9914225127330346,-0.008614758029580116,-4.758614540100098,attack,yes
4256,0,1,0.9998415638395737,-0.00015984688070602715,-8.750160217285156,attack,yes
4257,0,1,0.9999417087205447,-5.936446541454643e-05,-9.750059127807617,attack,yes
4258,0,0,4.539785782175988e-05,-10.00005054473877,-5.030505417380482e-05,attack,no
4259,0,1,0.9947798743886578,-0.005234702490270138,-5.255234718322754,attack,yes
4260,0,0,0.09534945847239201,-2.3502070903778076,-0.10020701587200165,attack,no
4261,0,1,0.9990889488592171,-0.0009126074146479368,-7.000912666320801,attack,yes
4262,0,0,0.005220126868765487,-5.2552337646484375,-0.0052339909598231316,attack,no
4263,0,1,0.9990889486420444,-0.000912369170691818,-7.000912189483643,attack,yes
4264,0,0,0.0001584362737377285,-8.75015926361084,-0.00015960850578267127,attack,no
4265,0,1,0.9914225158534696,-0.008615821599960327,-4.758615970611572,attack,yes
4266,0,1,0.9914225138418188,-0.00861605815589428,-4.758615970611572,attack,yes
4267,0,1,0.9999417087066518,-6.05564855504781e-05,-9.750060081481934,attack,yes
4268,0,0,8.939700567004841e-06,-11.62501049041748,-1.0967194612021558e-05,attack,no
4269,0,1,0.9947798731457431,-0.005234465003013611,-5.255234241485596,attack,yes
4270,0,0,0.00015843621709470967,-8.75015926361084,-0.00015925093612167984,attack,no
4271,0,1,0.9968273165647497,-0.0031787839252501726,-5.753178596496582,attack,yes
4272,0,0,0.00010889690936027806,-9.125110626220703,-0.00011062010162277147,attack,no
4273,0,1,0.9975273770661855,-0.0024770786985754967,-6.002477169036865,attack,yes
4274,0,0,2.5612831267086116e-06,-12.875004768371582,-5.125986263010418e-06,attack,no
4275,0,1,0.9947798737865454,-0.0052352952770888805,-5.255235195159912,attack,yes
4276,0,0,4.006368263612517e-05,-10.125045776367188,-4.5536911784438416e-05,attack,no
4277,0,0,7.484622727591569e-05,-9.500079154968262,-7.915183232398704e-05,attack,no
4278,0,0,2.260324028372372e-06,-13.000008583068848,-8.4638240878121e-06,attack,no
4279,0,0,0.0001795279449767558,-8.625182151794434,-0.0001820160250645131,attack,no
4280,0,0,1.1478772231086046e-05,-11.37501335144043,-1.3708974620385561e-05,attack,no
4281,0,1,0.9994472212502334,-0.0005538121913559735,-7.500553607940674,attack,yes
4282,0,1,0.9999646437492826,-3.71926071238704e-05,-10.25003719329834,attack,yes
4283,0,1,0.9975273770604427,-0.002476127352565527,-6.002476215362549,attack,yes
4284,0,0,0.0011695102998688749,-6.751170635223389,-0.0011706650257110596,attack,no
4285,0,1,0.9999832985721816,-1.7523612768854946e-05,-11.000017166137695,attack,yes
4286,0,1,0.8175744828610095,-0.20141489803791046,-1.701414942741394,attack,yes
4287,0,1,0.9999546021421719,-4.7444173105759546e-05,-10.00004768371582,attack,yes
4288,0,1,0.9999038976193261,-9.786603914108127e-05,-9.25009822845459,attack,yes
4289,0,0,0.006692850435157538,-5.006716251373291,-0.006716177798807621,attack,no
4290,0,0,0.1480471961522176,-1.9102243185043335,-0.1602243036031723,attack,no
4291,0,1,0.9995694430100236,-0.00043132537393830717,-7.750431537628174,attack,yes
4292,0,1,0.9990889486443757,-0.0009152276325039566,-7.000915050506592,attack,yes
4293,0,0,0.0001795280519750188,-8.625181198120117,-0.00018165845540352166,attack,no
4294,0,1,0.9990889486420444,-0.000912369170691818,-7.000912189483643,attack,yes
4295,0,1,0.9933071495865127,-0.006716651376336813,-5.006716728210449,attack,yes
4296,0,1,0.9988304895644134,-0.0011731653939932585,-6.75117301940918,attack,yes
4297,0,1,0.9984988178310356,-0.0015038858400657773,-6.501503944396973,attack,yes
4298,0,1,0.9990889486424153,-0.0009128456003963947,-7.000912666320801,attack,yes
4299,0,1,0.9997388096898796,-0.00026222606538794935,-8.250262260437012,attack,yes
4300,0,0,0.000203426998021006,-8.500205039978027,-0.0002051381452474743,attack,no
4301,0,1,0.8519528019683106,-0.16022419929504395,-1.910224199295044,attack,yes
4302,0,0,8.481101105723458e-05,-9.375089645385742,-8.928377064876258e-05,attack,no
4303,0,1,0.9999898700078121,-1.156323378381785e-05,-11.500011444091797,attack,yes
4304,0,0,4.006367786224834e-05,-10.125044822692871,-4.446407547220588e-05,attack,no
4305,0,0,0.006692851221476155,-5.006716251373291,-0.006716296076774597,attack,no
4306,0,1,0.9975273764764009,-0.002476840978488326,-6.002476692199707,attack,yes
4307,0,0,0.004070138265185266,-5.504078388214111,-0.004078523721545935,attack,no
4308,0,1,0.9995694430103743,-0.0004332319076638669,-7.750433444976807,attack,yes
4309,0,0,1.6701421844419295e-05,-11.000020980834961,-2.098061486321967e-05,attack,no
4310,0,1,0.9999724643088975,-2.95634672511369e-05,-10.500029563903809,attack,yes
4311,0,1,0.999796572929219,-0.00020454221521504223,-8.500204086303711,attack,yes
4312,0,1,0.9999251537905489,-7.60526381782256e-05,-9.500076293945312,attack,yes
4313,0,0,6.9622537595817514e-06,-11.875014305114746,-1.3947389561508317e-05,attack,no
4314,0,1,0.999447221448006,-0.0005544078885577619,-7.50055456161499,attack,yes
4315,0,0,2.9023119851464256e-06,-12.750006675720215,-6.6756979322235566e-06,attack,no
4316,0,1,0.9997388096588956,-0.00026425207033753395,-8.250264167785645,attack,yes
4317,0,0,1.067703124595367e-06,-13.750003814697266,-4.0531076592742465e-06,attack,no
4318,0,0,8.481102118021275e-05,-9.37508773803711,-8.749579137656838e-05,attack,no
4319,0,1,0.9998415638395737,-0.00015984688070602715,-8.750160217285156,attack,yes
4320,0,0,8.481101105723458e-05,-9.375089645385742,-8.928377064876258e-05,attack,no
4321,0,1,0.9995694429075401,-0.0004320403386373073,-7.750432014465332,attack,yes
4322,0,1,0.9859363754878143,-0.014164742082357407,-4.264164924621582,attack,yes
4323,0,1,0.9997388097833095,-0.0002628219372127205,-8.250263214111328,attack,yes
4324,0,1,0.9994472212505229,-0.0005547653418034315,-7.50055456161499,attack,yes
4325,0,1,0.9992903295273403,-0.0007124984404072165,-7.2507123947143555,attack,yes
4326,0,1,0.9998415638206688,-0.00015901254664640874,-8.75015926361084,attack,yes
4327,0,0,0.00015843616040330224,-8.750161170959473,-0.00016080040950328112,attack,no
4328,0,1,0.9933071480107795,-0.006716888397932053,-5.006716728210449,attack,yes
4329,0,1,0.9984988176514769,-0.001503528794273734,-6.5015034675598145,attack,yes
4330,0,0,8.939699501132075e-06,-11.625012397766113,-1.2755313036905136e-05,attack,no
4331,0,0,0.00013982210752426014,-8.875144004821777,-0.00014423283573705703,attack,no
4332,0,1,0.9980732657094149,-0.001929566147737205,-6.251929759979248,attack,yes
4333,0,1,0.5621765008857981,-0.5759400725364685,-0.8259400725364685,attack,yes
4334,0,0,0.00033535011136285936,-8.000337600708008,-0.0003375437227077782,attack,no
4335,0,1,0.9995694430103743,-0.0004332319076638669,-7.750433444976807,attack,yes
4336,0,0,3.535625914235191e-05,-10.250040054321289,-4.029192859889008e-05,attack,no
4337,0,0,0.0002611902166904114,-8.250263214111328,-0.0002628219372127205,attack,no
4338,0,1,0.9959298622331388,-0.004079354461282492,-5.504079341888428,attack,yes
4339,0,1,0.9998415637074057,-0.00016068121476564556,-8.750160217285156,attack,yes
4340,0,1,0.9933071479891094,-0.006716414820402861,-5.006716251373291,attack,yes
4341,0,0,0.010986942792512623,-4.511048316955566,-0.0110483318567276,attack,no
4342,0,0,3.535625914492433e-05,-10.250038146972656,-3.838465272565372e-05,attack,no
4343,0,1,0.9999038975391474,-9.870042413240299e-05,-9.25009822845459,attack,yes
4344,0,0,1.3709575337078827e-06,-13.500003814697266,-4.0531076592742465e-06,attack,no
4345,0,1,0.9890130598184381,-0.011048568412661552,-4.511048793792725,attack,yes
4346,0,0,0.00037998453238427516,-7.8753814697265625,-0.0003815161471720785,attack,no
4347,0,0,1.1478769494250384e-05,-11.375014305114746,-1.4424220353248529e-05,attack,no
4348,0,1,0.9992903296120448,-0.0007128558354452252,-7.250712871551514,attack,yes
4349,0,0,5.82912516391202e-05,-9.750065803527832,-6.55629628454335e-05,attack,no
4350,0,1,0.9988304895644134,-0.0011731653939932585,-6.75117301940918,attack,yes
4351,0,0,0.00033535003157257815,-8.000336647033691,-0.0003363520372658968,attack,no
4352,0,0,0.0052201262400538425,-5.255234241485596,-0.005234346725046635,attack,no
4353,0,0,3.535625914492433e-05,-10.250038146972656,-3.838465272565372e-05,attack,no
4354,0,0,0.14804719427274565,-1.910224437713623,-0.16022440791130066,attack,no
4355,0,0,8.315278294038927e-07,-14.000004768371582,-4.529942543740617e-06,attack,no
4356,0,1,0.9999251537727072,-7.629103492945433e-05,-9.500076293945312,attack,yes
4357,0,0,0.00017952796636908967,-8.625182151794434,-0.0001821352052502334,attack,no
4358,0,1,0.8175744806385543,-0.20141372084617615,-1.7014137506484985,attack,yes
4359,0,1,0.998073265251826,-0.0019298041006550193,-6.251929759979248,attack,yes
4360,0,0,9.422450432014836e-07,-13.875001907348633,-2.3841830625315197e-06,attack,no
4361,0,1,0.9996646497685711,-0.0003359945258125663,-8.000335693359375,attack,yes
4362,0,0,7.889264466639054e-06,-11.750011444091797,-1.168244216387393e-05,attack,no
4363,0,1,0.9997965729535385,-0.00020632999076042324,-8.500205993652344,attack,yes
4364,0,0,8.315277302701984e-07,-14.000006675720215,-6.318072337307967e-06,attack,no
4365,0,0,7.484623620251483e-05,-9.500078201293945,-7.83174327807501e-05,attack,no
4366,0,0,0.0005527787496058222,-7.500554084777832,-0.000554288737475872,attack,no
4367,0,1,0.9995694430103743,-0.0004332319076638669,-7.750433444976807,attack,yes
4368,0,1,0.9997388096276458,-0.00026246439665555954,-8.250262260437012,attack,yes
4369,0,0,0.37754067580180184,-0.9740777015686035,-0.4740777313709259,attack,no
4370,0,1,0.9998766053955637,-0.00012516192509792745,-9.00012493133545,attack,yes
4371,0,0,0.0005527785508361978,-7.500558376312256,-0.000558220490347594,attack,no
4372,0,0,2.1444948412722414e-05,-10.750027656555176,-2.7656173188006505e-05,attack,no
4373,0,1,0.9770226277065029,-0.02324567921459675,-3.7732455730438232,attack,yes
4374,0,0,1.8925157265332104e-05,-10.875021934509277,-2.2411095415009186e-05,attack,no
4375,0,1,0.9995694428560857,-0.0004312062228564173,-7.750431060791016,attack,yes
4376,0,1,0.9990889487516109,-0.0009136793087236583,-7.000913619995117,attack,yes
4377,0,0,4.539786865090791e-05,-10.00004768371582,-4.768258077092469e-05,attack,no
4378,0,0,5.8291251649722695e-05,-9.750062942504883,-6.270212179515511e-05,attack,no
4379,0,0,8.939695238439078e-06,-11.625012397766113,-1.2278481335670222e-05,attack,no
4380,0,1,0.9968273169351358,-0.0031781899742782116,-5.753178119659424,attack,yes
4381,0,0,1.8925155009354805e-05,-10.875021934509277,-2.2291887944447808e-05,attack,no
4382,0,0,0.11920292515117029,-2.1269283294677734,-0.12692835927009583,attack,no
4383,0,1,0.9998415637451694,-0.00016044282529037446,-8.750160217285156,attack,yes
4384,0,1,0.9994472213820177,-0.0005540504935197532,-7.500554084777832,attack,yes
4385,0,1,0.9890130559829716,-0.011048921383917332,-4.511048793792725,attack,yes
4386,0,0,0.00017952792361315651,-8.625181198120117,-0.00018094333063345402,attack,no
4387,0,1,0.9997388096276458,-0.00026246439665555954,-8.250262260437012,attack,yes
4388,0,1,0.8519528057272543,-0.16022440791130066,-1.910224437713623,attack,yes
4389,0,1,0.9933071479488647,-0.006715467199683189,-5.006715297698975,attack,yes
4390,0,1,0.9859363703223857,-0.014163684099912643,-4.264163494110107,attack,yes
4391,0,0,0.02931223255328453,-3.5297505855560303,-0.029750648885965347,attack,no
4392,0,0,0.006692851243146353,-5.006715774536133,-0.006715822499245405,attack,no
4393,0,0,0.0009110510327530481,-7.000912189483643,-0.0009120118920691311,attack,no
4394,0,1,0.9997965729535385,-0.00020632999076042324,-8.500205993652344,attack,yes
4395,0,0,5.422217030663578e-06,-12.125009536743164,-9.179073458653875e-06,attack,no
4396,0,1,0.6224593312018546,-0.4740772247314453,-0.9740772247314453,attack,yes
4397,0,0,0.0003353501512092237,-8.000338554382324,-0.00033861625706776977,attack,no
4398,0,1,0.9997965729777395,-0.00020525732543319464,-8.500205039978027,attack,yes
4399,0,1,0.9992903295273403,-0.0007124984404072165,-7.2507123947143555,attack,yes
4400,0,0,0.00048785712266873326,-7.625488758087158,-0.0004887578543275595,attack,no
4401,0,1,0.99992515379947,-7.593343616463244e-05,-9.500076293945312,attack,yes
4402,0,1,0.9997040428292329,-0.0002996472467202693,-8.125299453735352,attack,yes
4403,0,1,0.9998415637829308,-0.00016020445036701858,-8.750160217285156,attack,yes
4404,0,1,0.9992903296115494,-0.00071190285962075,-7.250711917877197,attack,yes
4405,0,1,0.9984988180083259,-0.001503290724940598,-6.5015034675598145,attack,yes
4406,0,1,0.9998415637451441,-0.00015948931104503572,-8.75015926361084,attack,yes
4407,0,1,0.8519528076067262,-0.16022451221942902,-1.9102245569229126,attack,yes
4408,0,0,1.0129993395336818e-05,-11.500011444091797,-1.168244216387393e-05,attack,no
4409,0,0,0.0003353502313215046,-8.000336647033691,-0.0003369478799868375,attack,no
4410,0,0,4.0063696967815485e-05,-10.125042915344238,-4.303362584323622e-05,attack,no
4411,0,1,0.9997388095965861,-0.00026353701832704246,-8.250263214111328,attack,yes
4412,0,1,0.9999251537727072,-7.629103492945433e-05,-9.500076293945312,attack,yes
4413,0,0,0.0019267342921522673,-6.25192928314209,-0.0019290901254862547,attack,no
4414,0,1,0.9999417087344405,-5.9126061387360096e-05,-9.750059127807617,attack,yes
4415,0,0,0.00010889694827288516,-9.125112533569336,-0.00011288482346571982,attack,no
4416,0,0,0.0001398221075812232,-8.875141143798828,-0.00014137222024146467,attack,no
4417,0,1,0.9626731151992686,-0.03804175928235054,-3.288041830062866,attack,yes
4418,0,0,3.7266383956340114e-06,-12.500005722045898,-5.483612312673358e-06,attack,no
4419,0,0,0.0001795279449454117,-8.62518310546875,-0.0001829695247579366,attack,no
4420,0,0,7.889259763972262e-06,-11.750015258789062,-1.490105023549404e-05,attack,no
4421,0,0,0.010986944138468074,-4.511047840118408,-0.01104797888547182,attack,no
4422,0,1,0.9975273770661855,-0.0024770786985754967,-6.002477169036865,attack,yes
4423,0,0,2.9023109468073506e-06,-12.750018119812012,-1.7762025890988298e-05,attack,no
4424,0,0,1.6701425826829356e-05,-11.000019073486328,-1.9311717551317997e-05,attack,no
4425,0,1,0.9770226304244968,-0.02324579656124115,-3.7732458114624023,attack,yes
4426,0,0,3.53562549292501e-05,-10.250039100646973,-3.9219088648678735e-05,attack,no
4427,0,0,3.72664061681327e-06,-12.500007629394531,-7.986990567587782e-06,attack,no
4428,0,0,2.7535691102562893e-05,-10.500029563903809,-2.95634672511369e-05,attack,no
4429,0,0,1.6701425826829356e-05,-11.000019073486328,-1.9311717551317997e-05,attack,no
4430,0,1,0.9999417087275062,-6.305972783593461e-05,-9.750062942504883,attack,yes
4431,0,0,0.006692851243146353,-5.006715774536133,-0.006715822499245405,attack,no
4432,0,1,0.9959298617593534,-0.004079948179423809,-5.504079818725586,attack,yes
4433,0,0,7.484625405571629e-05,-9.500076293945312,-7.664863369427621e-05,attack,no
4434,0,0,2.4300237834601515e-05,-10.625031471252441,-3.135155202471651e-05,attack,no
4435,0,0,0.00247262323588527,-6.002475738525391,-0.0024757706560194492,attack,no
4436,0,0,1.994729483715462e-06,-13.125004768371582,-4.6491513785440475e-06,attack,no
4437,0,0,0.0009110512487600208,-7.000913143157959,-0.0009132028790190816,attack,no
4438,0,1,0.9997388097521206,-0.0002619877050165087,-8.250262260437012,attack,yes
4439,0,0,6.605213683024312e-05,-9.625067710876465,-6.758938252460212e-05,attack,no
4440,0,1,0.8807970889295664,-0.12692846357822418,-2.1269285678863525,attack,yes
4441,0,1,0.9999646437492815,-3.6238969187252223e-05,-10.250036239624023,attack,yes
4442,0,0,0.0009110512491838755,-7.000912666320801,-0.0009127265075221658,attack,no
4443,0,0,0.0758581784543034,-2.578890323638916,-0.07889030128717422,attack,no
4444,0,1,0.9990889489676177,-0.0009124883217737079,-7.000912666320801,attack,yes
4445,0,0,0.000709670304447988,-7.250710964202881,-0.0007108307327143848,attack,no
4446,0,0,4.22283243777401e-06,-12.375006675720215,-6.437280717364047e-06,attack,no
4447,0,1,0.9992903296967904,-0.000713213172275573,-7.250713348388672,attack,yes
4448,0,0,0.0002034269495804164,-8.500204086303711,-0.00020394629973452538,attack,no
4449,0,1,0.9997965729534586,-0.0002044230350293219,-8.500204086303711,attack,yes
4450,0,1,0.9933071495431723,-0.006715704221278429,-5.006715774536133,attack,yes
4451,0,0,0.0001233945603033627,-9.000125885009766,-0.00012575789878610522,attack,no
4452,0,0,0.0003799844417238452,-7.875382423400879,-0.00038223114097490907,attack,no
4453,0,0,0.006692852051135265,-5.006715297698975,-0.006715467199683189,attack,no
4454,0,0,0.0004305569900640863,-7.750431060791016,-0.00043084874050691724,attack,no
4455,0,1,0.9975273773619391,-0.002477435627952218,-6.002477645874023,attack,yes
4456,0,0,7.48462272819056e-05,-9.500078201293945,-7.819823804311454e-05,attack,no
4457,0,0,0.00013982204087139384,-8.875144004821777,-0.00014375607133843005,attack,no
4458,0,1,0.9999485577924629,-5.328513361746445e-05,-9.875053405761719,attack,yes
4459,0,0,7.484620942871052e-05,-9.500080108642578,-7.986703712958843e-05,attack,no
4460,0,1,0.9999869928668833,-1.5616295058862306e-05,-11.250015258789062,attack,yes
4461,0,1,0.9914225127330346,-0.008614758029580116,-4.758614540100098,attack,yes
4462,0,0,1.1478765388711021e-05,-11.375017166137695,-1.6927575416048057e-05,attack,no
4463,0,1,0.9990889489672469,-0.0009120118920691311,-7.000912189483643,attack,yes
4464,0,0,0.0004305570923720753,-7.75043249130249,-0.0004325169720686972,attack,no
4465,0,0,5.82912516531155e-05,-9.750061988830566,-6.174850568640977e-05,attack,no
4466,0,1,0.9890130572074874,-0.0110483318567276,-4.511048316955566,attack,yes
4467,0,1,0.9995694429075401,-0.0004320403386373073,-7.750432014465332,attack,yes
4468,0,1,0.999290329611343,-0.0007114263135008514,-7.250711441040039,attack,yes
4469,0,0,0.0001233945749933723,-9.000126838684082,-0.00012683063687290996,attack,no
4470,0,1,0.9999546021151111,-4.6132929128361866e-05,-10.000045776367188,attack,yes
4471,0,0,2.9023119851266288e-06,-12.750007629394531,-7.629365427419543e-06,attack,no
4472,0,1,0.9959298632184616,-0.004080541897565126,-5.504080772399902,attack,yes
4473,0,1,0.9998415638396221,-0.00016175392374861985,-8.750162124633789,attack,yes
4474,0,0,0.060086656696110546,-2.811967611312866,-0.06196772679686546,attack,no
4475,0,0,4.222832941170849e-06,-12.375006675720215,-6.556489552167477e-06,attack,no
4476,0,1,0.999447221381889,-0.0005535738891921937,-7.500553607940674,attack,yes
4477,0,1,0.9984988178277202,-0.0015024575404822826,-6.501502513885498,attack,yes
4478,0,1,0.9980732650196737,-0.0019289711490273476,-6.251928806304932,attack,yes
4479,0,1,0.9626731151992686,-0.03804175928235054,-3.288041830062866,attack,yes
4480,0,0,0.00029595717102552703,-8.125296592712402,-0.0002967870968859643,attack,no
4481,0,0,7.484624510678901e-05,-9.500081062316895,-8.129743218887597e-05,attack,no
4482,0,1,0.9995694428562609,-0.00043215948971919715,-7.750432014465332,attack,yes
4483,0,0,9.61024150359243e-05,-9.25009822845459,-9.822363062994555e-05,attack,no
4484,0,0,0.22270014398423357,-1.5019292831420898,-0.25192931294441223,attack,no
4485,0,0,8.315283250305683e-07,-14.000004768371582,-5.125986263010418e-06,attack,no
4486,0,0,0.00037998453196419257,-7.875384330749512,-0.0003843760641757399,attack,no
4487,0,0,0.00010889688337946373,-9.125112533569336,-0.00011228884250158444,attack,no
4488,0,0,0.0011695102998688749,-6.751170635223389,-0.0011706650257110596,attack,no
4489,0,0,5.829128640005914e-05,-9.750060081481934,-6.0437283536884934e-05,attack,no
4490,0,0,0.0005527785521546823,-7.500554084777832,-0.0005539313424378633,attack,no
4491,0,1,0.9998415637262623,-0.00015960850578267127,-8.75015926361084,attack,yes
4492,0,1,0.9046505395995929,-0.10020679980516434,-2.3502068519592285,attack,yes
4493,0,1,0.6224593312018546,-0.4740772843360901,-0.9740772843360901,attack,yes
4494,0,1,0.9770226304244968,-0.02324579656124115,-3.7732458114624023,attack,yes
4495,0,1,0.9997388095655338,-0.0002646096108946949,-8.250264167785645,attack,yes
4496,0,1,0.998830489701491,-0.0011716175358742476,-6.751171588897705,attack,yes
4497,0,1,0.9999546021421699,-4.649054244509898e-05,-10.000046730041504,attack,yes
4498,0,1,0.9984988176504299,-0.001503052655607462,-6.501502990722656,attack,yes
4499,0,1,0.9975273767698575,-0.002476722002029419,-6.002476692199707,attack,yes
4500,0,1,0.9770226278319489,-0.023245912045240402,-3.7732458114624023,attack,yes
4501,0,0,2.4300240731964197e-05,-10.625030517578125,-3.0517112463712692e-05,attack,no
4502,0,1,0.9998415638207172,-0.00016091958968900144,-8.750161170959473,attack,yes
4503,0,0,0.004070137294963264,-5.5040788650512695,-0.004078761208802462,attack,no
4504,0,0,4.7850950652041615e-06,-12.250006675720215,-6.794906312279636e-06,attack,no
4505,0,0,9.61024264988155e-05,-9.250097274780273,-9.738924563862383e-05,attack,no
4506,0,1,0.9984988176535708,-0.0015044810716062784,-6.501504421234131,attack,yes
4507,0,0,2.1444945858485726e-05,-10.75002384185791,-2.372236667724792e-05,attack,no
4508,0,0,4.539787947147078e-05,-10.000048637390137,-4.8874615458771586e-05,attack,no
4509,0,1,0.999290329696295,-0.0007122601964510977,-7.2507123947143555,attack,yes
4510,0,1,0.9980732654790533,-0.0019292091019451618,-6.25192928314209,attack,yes
4511,0,0,0.0007096703046543827,-7.250710487365723,-0.0007103541865944862,attack,no
4512,0,1,0.9996646498085152,-0.0003358753747306764,-8.000335693359375,attack,yes
4513,0,0,6.962258739796719e-06,-11.875007629394531,-7.986990567587782e-06,attack,no
4514,0,0,3.726637951367136e-06,-12.500006675720215,-6.318072337307967e-06,attack,no
4515,0,1,0.9947798737744549,-0.005234820768237114,-5.255234718322754,attack,yes
4516,0,0,0.0024726235293418383,-6.002475738525391,-0.0024758896324783564,attack,no
4517,0,1,0.9998415637640259,-0.00015937011630740017,-8.75015926361084,attack,yes
4518,0,1,0.9999898700066044,-1.07287787614041e-05,-11.50001049041748,attack,yes
4519,0,0,0.004070138265185266,-5.504078388214111,-0.004078523721545935,attack,no
4520,0,1,0.9999038975391474,-9.870042413240299e-05,-9.25009822845459,attack,yes
4521,0,1,0.9933071488404388,-0.00671771727502346,-5.006717681884766,attack,yes
4522,0,0,1.3007125363719486e-05,-11.250016212463379,-1.597391747054644e-05,attack,no
4523,0,0,0.0007096703046543827,-7.250710487365723,-0.0007103541865944862,attack,no
4524,0,1,0.9999038975620468,-9.7508447652217e-05,-9.250097274780273,attack,yes
4525,0,1,0.9988304897008111,-0.0011711412807926536,-6.751171112060547,attack,yes
4526,0,0,5.82912516565083e-05,-9.75006103515625,-6.0794889577664435e-05,attack,no
4527,0,1,0.9984988180104198,-0.0015042430022731423,-6.501504421234131,attack,yes
4528,0,1,0.9995694428563486,-0.0004326361231505871,-7.75043249130249,attack,yes
4529,0,0,5.715005151485975e-07,-14.375006675720215,-6.794906312279636e-06,attack,no
4530,0,0,8.315277302819206e-07,-14.000003814697266,-3.4570634852570947e-06,attack,no
4531,0,1,0.9996646500084787,-0.00033718624035827816,-8.000337600708008,attack,yes
4532,0,0,0.00015843625478218564,-8.750162124633789,-0.00016234986833296716,attack,no
4533,0,1,0.9998766054396822,-0.0001248043408850208,-9.00012493133545,attack,yes
4534,0,1,0.9997388097833095,-0.0002628219372127205,-8.250263214111328,attack,yes
4535,0,0,9.61024035730345e-05,-9.250099182128906,-9.905801562126726e-05,attack,no
4536,0,0,0.07585818054355695,-2.578889846801758,-0.07888985425233841,attack,no
4537,0,0,2.753569110176152e-05,-10.500030517578125,-3.0517112463712692e-05,attack,no
4538,0,1,0.999841563801787,-0.0001591317413840443,-8.75015926361084,attack,yes
4539,0,1,0.9998204719694174,-0.00018153927521780133,-8.625181198120117,attack,yes
4540,0,0,8.48110514911537e-05,-9.375089645385742,-8.976056415122002e-05,attack,no
4541,0,1,0.9999785550439152,-2.2291887944447808e-05,-10.750021934509277,attack,yes
4542,0,1,0.9947798737599461,-0.005234346725046635,-5.255234241485596,attack,yes
4543,0,1,0.9999546021313491,-4.768258077092469e-05,-10.00004768371582,attack,yes
4544,0,1,0.9980732657094149,-0.001929566147737205,-6.251929759979248,attack,yes
4545,0,1,0.9997965729534586,-0.0002044230350293219,-8.500204086303711,attack,yes
4546,0,0,0.0002305066883403574,-8.375231742858887,-0.0002315968304174021,attack,no
4547,0,0,1.3007125363719486e-05,-11.250016212463379,-1.597391747054644e-05,attack,no
4548,0,0,3.7266406167488732e-06,-12.500009536743164,-9.894321920000948e-06,attack,no
4549,0,1,0.9770226305499425,-0.023246029391884804,-3.7732460498809814,attack,yes
4550,0,1,0.9992903295265972,-0.0007110689766705036,-7.250710964202881,attack,yes
4551,0,1,0.9990889487512399,-0.0009132028790190816,-7.000913143157959,attack,yes
4552,0,1,0.9997388096587665,-0.0002623452164698392,-8.250262260437012,attack,yes
4553,0,1,0.9992903295265972,-0.0007110689766705036,-7.250710964202881,attack,yes
4554,0,0,3.53562549292501e-05,-10.250039100646973,-3.9219088648678735e-05,attack,no
4555,0,1,0.9626731158685837,-0.03804221749305725,-3.2880423069000244,attack,yes
4556,0,1,0.9993736659658411,-0.0006292270263656974,-7.375629425048828,attack,yes
4557,0,1,0.9997388097210685,-0.00026306029758416116,-8.250263214111328,attack,yes
4558,0,1,0.5621765008857981,-0.5759397149085999,-0.8259397149085999,attack,yes
4559,0,1,0.9999898700078126,-1.3470558769768104e-05,-11.50001335144043,attack,yes
4560,0,0,0.22270014398423357,-1.5019292831420898,-0.25192931294441223,attack,no
4561,0,1,0.9980732657094149,-0.001929566147737205,-6.251929759979248,attack,yes
4562,0,1,0.9999038975391299,-9.679325739853084e-05,-9.250096321105957,attack,yes
4563,0,1,0.9992903296110953,-0.0007109498255886137,-7.250710964202881,attack,yes
4564,0,0,0.0004878571225552006,-7.625489234924316,-0.0004892344586551189,attack,no
4565,0,1,0.9525741274956179,-0.04858778417110443,-3.0485877990722656,attack,yes
4566,0,1,0.9996200155583534,-0.000382707774406299,-7.875382900238037,attack,yes
4567,0,1,0.9859363704127807,-0.014164154417812824,-4.264163970947266,attack,yes
4568,0,1,0.9980732654842024,-0.0019306369358673692,-6.2519307136535645,attack,yes
4569,0,0,0.0007096705583547517,-7.2507100105285645,-0.0007102350937202573,attack,no
4570,0,1,0.9997388097210685,-0.00026306029758416116,-8.250263214111328,attack,yes
4571,0,1,0.9998766053661514,-0.00012540031457319856,-9.00012493133545,attack,yes
4572,0,0,0.00043055698997640805,-7.750431537628174,-0.00043132537393830717,attack,no
4573,0,1,0.9988304898399285,-0.0011710221879184246,-6.751171112060547,attack,yes
4574,0,0,0.060086655854548844,-2.8119678497314453,-0.06196795031428337,attack,no
4575,0,1,0.9997965729536183,-0.00020823694649152458,-8.500207901000977,attack,yes
4576,0,1,0.9980732654790533,-0.0019292091019451618,-6.25192928314209,attack,yes
4577,0,1,0.9990889486420444,-0.000912369170691818,-7.000912189483643,attack,yes
4578,0,1,0.9996646497288322,-0.00033802041434682906,-8.000337600708008,attack,yes
4579,0,0,0.00043055704027866797,-7.750436782836914,-0.0004366874636616558,attack,no
4580,0,0,0.0006263340347418369,-7.3756279945373535,-0.0006277974462136626,attack,no
4581,0,0,9.610246085253877e-05,-9.25009822845459,-9.870042413240299e-05,attack,no
4582,0,0,9.61024035821237e-05,-9.25009822845459,-9.810443589231e-05,attack,no
4583,0,0,0.0005527786838102066,-7.500554084777832,-0.0005541696446016431,attack,no
4584,0,0,1.0129988564578197e-05,-11.500015258789062,-1.5020257706055418e-05,attack,no
4585,0,0,5.1442195268327955e-05,-9.875055313110352,-5.495397272170521e-05,attack,no
4586,0,1,0.9999251537905489,-7.60526381782256e-05,-9.500076293945312,attack,yes
4587,0,0,0.000203426998021006,-8.500205039978027,-0.0002051381452474743,attack,no
4588,0,0,0.004070137285525307,-5.504079341888428,-0.004079235717654228,attack,no
4589,0,0,3.726638839833152e-06,-12.500007629394531,-7.510157047363464e-06,attack,no
4590,0,1,0.9999417087274927,-5.924526340095326e-05,-9.750059127807617,attack,yes
4591,0,0,0.001169510438306388,-6.751171112060547,-0.0011712603736668825,attack,no
4592,0,1,0.9999646437408537,-3.7431014789035544e-05,-10.25003719329834,attack,yes
4593,0,0,0.0005527785515758354,-7.500555992126465,-0.0005558376433327794,attack,no
4594,0,1,0.9990889487500213,-0.0009117737063206732,-7.000911712646484,attack,yes
4595,0,0,8.481105150596239e-05,-9.37508773803711,-8.785339014139026e-05,attack,no
4596,0,1,0.9995694429587317,-0.0004314445541240275,-7.750431537628174,attack,yes
4597,0,1,0.9998766053955637,-0.00012516192509792745,-9.00012493133545,attack,yes
4598,0,1,0.9968273169402904,-0.003178665181621909,-5.753178596496582,attack,yes
4599,0,1,0.9968273176921079,-0.0031784274615347385,-5.753178596496582,attack,yes
4600,0,0,9.61024378980836e-05,-9.250102996826172,-0.00010322991875000298,attack,no
4601,0,0,0.001169510438850347,-6.751170635223389,-0.0011707840021699667,attack,no
4602,0,1,0.9997388097211977,-0.0002649671514518559,-8.250265121459961,attack,yes
4603,0,0,3.1201907654207106e-05,-10.375036239624023,-3.611976353568025e-05,attack,no
4604,0,1,0.999903897619317,-9.691245941212401e-05,-9.250097274780273,attack,yes
4605,0,0,0.0007096705583547517,-7.2507100105285645,-0.0007102350937202573,attack,no
4606,0,0,7.484624512911504e-05,-9.500077247619629,-7.748303323751315e-05,attack,no
4607,0,1,0.9999599363030304,-4.207999518257566e-05,-10.125041961669922,attack,yes
4608,0,1,0.9890130585433228,-0.011048685759305954,-4.511048793792725,attack,yes
4609,0,0,0.00023050677068656142,-8.375232696533203,-0.0002329078270122409,attack,no
4610,0,0,0.0019267347515319684,-6.251928806304932,-0.0019288521725684404,attack,no
4611,0,0,1.0677033791107183e-06,-13.750009536743164,-1.0013530300057027e-05,attack,no
4612,0,0,1.5534983101549164e-06,-13.375003814697266,-4.172316494077677e-06,attack,no
4613,0,1,0.9525741219418441,-0.04858766868710518,-3.0485875606536865,attack,yes
4614,0,1,0.9999485577985974,-5.411955135059543e-05,-9.875054359436035,attack,yes
4615,0,1,0.9980732652500351,-0.0019293281948193908,-6.25192928314209,attack,yes
4616,0,0,0.00013982205757173517,-8.875142097473145,-0.0001419681793777272,attack,no
4617,0,0,5.043474081977821e-07,-14.500003814697266,-3.814689989667386e-06,attack,no
4618,0,0,9.61024035730345e-05,-9.250099182128906,-9.905801562126726e-05,attack,no
4619,0,1,0.9988304895616935,-0.0011712603736668825,-6.751171112060547,attack,yes
4620,0,1,0.9999898700126424,-1.1086402082582936e-05,-11.500011444091797,attack,yes
4621,0,1,0.9999417087205447,-5.936446541454643e-05,-9.750059127807617,attack,yes
4622,0,0,0.0004305570409926193,-7.750432968139648,-0.0004328744253143668,attack,no
4623,0,1,0.9995694429075401,-0.0004320403386373073,-7.750432014465332,attack,yes
4624,0,0,0.00015843625483059453,-8.750160217285156,-0.00016044282529037446,attack,no
4625,0,0,0.2689414272294874,-1.3132622241973877,-0.3132622539997101,attack,no
4626,0,0,0.03732688948593843,-3.288041353225708,-0.03804141283035278,attack,no
4627,0,1,0.9995694429075401,-0.0004320403386373073,-7.750432014465332,attack,yes
4628,0,0,0.0005527786834886249,-7.500555038452148,-0.0005551227368414402,attack,no
4629,0,0,4.0063711297761996e-05,-10.125041007995605,-4.1483970562694594e-05,attack,no
4630,0,0,4.539785782605374e-05,-10.000048637390137,-4.8397800128441304e-05,attack,no
4631,0,0,2.9023109470211603e-06,-12.75001335144043,-1.2993727978027891e-05,attack,no
4632,0,1,0.998073265248468,-0.0019288521725684404,-6.251928806304932,attack,yes
4633,0,1,0.9999417087274993,-6.115249561844394e-05,-9.75006103515625,attack,yes
4634,0,0,0.00013982210746729706,-8.875146865844727,-0.00014709345123264939,attack,no
4635,0,0,5.144219526552093e-05,-9.875056266784668,-5.590759246842936e-05,attack,no
4636,0,1,0.9999251537548709,-7.748303323751315e-05,-9.500077247619629,attack,yes
4637,0,1,0.9988304895616935,-0.0011712603736668825,-6.751171112060547,attack,yes
4638,0,1,0.9995694429075401,-0.0004320403386373073,-7.750432014465332,attack,yes
4639,0,1,0.9998766053955637,-0.00012516192509792745,-9.00012493133545,attack,yes
4640,0,0,0.029312229267415526,-3.5297505855560303,-0.029750533401966095,attack,no
4641,0,0,3.4663253846718004e-07,-14.87500286102295,-2.622600959512056e-06,attack,no
4642,0,0,2.4300249422639875e-05,-10.625029563903809,-2.992108420585282e-05,attack,no
4643,0,0,4.785096776133645e-06,-12.25001335144043,-1.3828182090946939e-05,attack,no
4644,0,1,0.9968273169447085,-0.0031791406217962503,-5.75317907333374,attack,yes
4645,0,1,0.9984988174708712,-0.0015026956098154187,-6.501502513885498,attack,yes
4646,0,0,1.6701427818034747e-05,-11.000018119812012,-1.847726889536716e-05,attack,no
4647,0,0,9.61024378980836e-05,-9.250102996826172,-0.00010322991875000298,attack,no
4648,0,1,0.99994170874834,-5.98412734689191e-05,-9.750060081481934,attack,yes
4649,0,0,7.484620051899522e-05,-9.500078201293945,-7.784063927829266e-05,attack,no
4650,0,0,6.605215257197525e-05,-9.625068664550781,-6.878139538457617e-05,attack,no
4651,0,1,0.9959298631958104,-0.004079116974025965,-5.504079341888428,attack,yes
4652,0,1,0.9990889486416205,-0.0009118927991949022,-7.000911712646484,attack,yes
4653,0,0,0.18242553047372242,-1.7014133930206299,-0.20141343772411346,attack,no
4654,0,1,0.9996646497288322,-0.00033802041434682906,-8.000337600708008,attack,yes
4655,0,0,1.8925155008941717e-05,-10.875022888183594,-2.3245540432981215e-05,attack,no
4656,0,1,0.9997388096587665,-0.0002623452164698392,-8.250262260437012,attack,yes
4657,0,0,4.006371128770558e-05,-10.125046730041504,-4.7205765440594405e-05,attack,no
4658,0,1,0.7310585786300049,-0.3132627010345459,-1.313262701034546,attack,yes
4659,0,0,1.209865827748979e-06,-13.62500286102295,-2.9802276912960224e-06,attack,no
4660,0,0,7.484622728735096e-05,-9.500077247619629,-7.724463648628443e-05,attack,no
4661,0,1,0.989013055861532,-0.01104797888547182,-4.511047840118408,attack,yes
4662,0,1,0.9997388096276458,-0.00026246439665555954,-8.250262260437012,attack,yes
4663,0,1,0.9995694429075401,-0.0004320403386373073,-7.750432014465332,attack,yes
4664,0,1,0.8175744761936437,-0.2014141082763672,-1.7014141082763672,attack,yes
4665,0,0,0.0001584362736893196,-8.750161170959473,-0.00016151554882526398,attack,no
4666,0,0,0.0002034270462603509,-8.500210762023926,-0.00021109737281221896,attack,no
4667,0,0,2.7535700945316296e-05,-10.50003433227539,-3.4689302992774174e-05,attack,no
4668,0,0,7.889259763857458e-06,-11.750016212463379,-1.585470999998506e-05,attack,no
4669,0,1,0.999841563801787,-0.0001591317413840443,-8.75015926361084,attack,yes
4670,0,0,0.014063626320085508,-4.264163970947266,-0.014163918793201447,attack,no
4671,0,0,0.00013982207423545934,-8.875142097473145,-0.00014208737411536276,attack,no
4672,0,0,3.1201922533564516e-05,-10.37503433227539,-3.4689302992774174e-05,attack,no
4673,0,0,3.535626335944147e-05,-10.250038146972656,-3.85038583772257e-05,attack,no
4674,0,0,0.2689414272294874,-1.313261866569519,-0.31326189637184143,attack,no
4675,0,0,2.4300246527928213e-05,-10.62502670288086,-2.6940935640595853e-05,attack,no
4676,0,1,0.9992903294425945,-0.0007121411035768688,-7.250711917877197,attack,yes
4677,0,0,0.017986209665997375,-4.018150329589844,-0.018150312826037407,attack,no
4678,0,1,0.9992903294423884,-0.0007116645574569702,-7.250711441040039,attack,yes
4679,0,0,0.00023050674327135888,-8.375231742858887,-0.00023183519078884274,attack,no
4680,0,1,0.9999869928653331,-1.6689160474925302e-05,-11.250016212463379,attack,yes
4681,0,1,0.99142251582179,-0.008615348488092422,-4.758615493774414,attack,yes
4682,0,1,0.9914225148159647,-0.008615466766059399,-4.758615493774414,attack,yes
4683,0,0,1.6701421842566163e-05,-11.000025749206543,-2.5748875486897305e-05,attack,no
4684,0,1,0.9995694428562609,-0.00043215948971919715,-7.750432014465332,attack,yes
4685,0,1,0.9994472213821782,-0.0005545270396396518,-7.50055456161499,attack,yes
4686,0,0,0.11920292828022305,-2.1269280910491943,-0.1269281506538391,attack,no
4687,0,0,2.4300240733997425e-05,-10.625027656555176,-2.7656173188006505e-05,attack,no
4688,0,0,0.00037998457744365543,-7.875382900238037,-0.0003830652858596295,attack,no
4689,0,1,0.9994472213821782,-0.0005545270396396518,-7.50055456161499,attack,yes
4690,0,0,7.338208930421942e-07,-14.125003814697266,-3.6954811548639555e-06,attack,no
4691,0,0,7.484620051899522e-05,-9.500078201293945,-7.784063927829266e-05,attack,no
4692,0,0,3.5356238067201306e-05,-10.250041961669922,-4.160317621426657e-05,attack,no
4693,0,0,0.0002611902475449935,-8.250267028808594,-0.00026675479602999985,attack,no
4694,0,1,0.9998415637074057,-0.00016068121476564556,-8.750160217285156,attack,yes
4695,0,1,0.9996646500083713,-0.00033623288618400693,-8.000336647033691,attack,yes
4696,0,1,0.9988304897008111,-0.0011711412807926536,-6.751171112060547,attack,yes
4697,0,1,0.9968273165595951,-0.003178308717906475,-5.753178119659424,attack,yes
4698,0,1,0.9997965729535385,-0.00020632999076042324,-8.500205993652344,attack,yes
4699,0,0,1.2098659719601036e-06,-13.625005722045898,-5.960446742392378e-06,attack,no
4700,0,0,4.539785782175988e-05,-10.00005054473877,-5.030505417380482e-05,attack,no
4701,0,0,1.4738980213663584e-05,-11.125022888183594,-2.276871418871451e-05,attack,no
4702,0,0,1.760343633025915e-06,-13.250003814697266,-4.0531076592742465e-06,attack,no
4703,0,1,0.9994472213160612,-0.0005536930402740836,-7.500553607940674,attack,yes
4704,0,1,0.9997965729534586,-0.0002044230350293219,-8.500204086303711,attack,yes
4705,0,0,0.0015011819916741457,-6.5015034675598145,-0.001503290724940598,attack,no
4706,0,1,0.9997965730989401,-0.00020466140995267779,-8.500205039978027,attack,yes
4707,0,1,0.9990889488592171,-0.0009126074146479368,-7.000912666320801,attack,yes
4708,0,1,0.9999038975620468,-9.7508447652217e-05,-9.250097274780273,attack,yes
4709,0,1,0.9046505325302034,-0.10020712018013,-2.3502070903778076,attack,yes
4710,0,1,0.9933071487785239,-0.006716296076774597,-5.006716251373291,attack,yes
4711,0,1,0.9399133441454511,-0.06196795031428337,-2.8119678497314453,attack,yes
4712,0,0,2.144494841482881e-05,-10.75002384185791,-2.3841574147809297e-05,attack,no
4713,0,0,0.0007096705583547517,-7.2507100105285645,-0.0007102350937202573,attack,no
4714,0,0,9.610244938894429e-05,-9.250099182128906,-9.953480184776708e-05,attack,no
4715,0,1,0.9999724643056144,-2.8729025871143676e-05,-10.500028610229492,attack,yes
4716,0,1,0.9996646500084787,-0.00033718624035827816,-8.000337600708008,attack,yes
4717,0,1,0.999664649928581,-0.00033742457162588835,-8.000337600708008,attack,yes
4718,0,1,0.9975273767641146,-0.0024757706560194492,-6.002475738525391,attack,yes
4719,0,1,0.9994472214478453,-0.0005539313424378633,-7.500554084777832,attack,yes
4720,0,1,0.9975273767698575,-0.002476722002029419,-6.002476692199707,attack,yes
4721,0,0,0.0009110512499786032,-7.000911712646484,-0.0009117737063206732,attack,no
4722,0,0,3.535624649751729e-05,-10.250041007995605,-4.088794958079234e-05,attack,no
4723,0,1,0.9984988174719182,-0.0015031717484816909,-6.501502990722656,attack,yes
4724,0,1,0.9990889486424153,-0.0009128456003963947,-7.000912666320801,attack,yes
4725,0,0,0.060086649542836414,-2.8119678497314453,-0.06196783855557442,attack,no
4726,0,1,0.9959298627050367,-0.004078761208802462,-5.5040788650512695,attack,yes
4727,0,0,2.7535700946217837e-05,-10.500033378601074,-3.373566141817719e-05,attack,no
4728,0,1,0.9995694428560857,-0.0004312062228564173,-7.750431060791016,attack,yes
4729,0,1,0.989013058715362,-0.011050100438296795,-4.511050224304199,attack,yes
4730,0,1,0.9992903296110953,-0.0007109498255886137,-7.250710964202881,attack,yes
4731,0,1,0.9998415637074057,-0.00016068121476564556,-8.750160217285156,attack,yes
4732,0,1,0.9770226306753883,-0.023246262222528458,-3.7732462882995605,attack,yes
4733,0,1,0.9859363706064843,-0.014165094122290611,-4.264164924621582,attack,yes
4734,0,0,0.00017952796633774557,-8.62518310546875,-0.00018308870494365692,attack,no
4735,0,0,2.9023133690637e-06,-12.750006675720215,-7.152531907195225e-06,attack,no
4736,0,1,0.9820137925711584,-0.018150663003325462,-4.018150806427002,attack,yes
4737,0,1,0.9984988176514769,-0.001503528794273734,-6.5015034675598145,attack,yes
4738,0,1,0.9998766053661514,-0.00012540031457319856,-9.00012493133545,attack,yes
4739,0,0,0.2689414272294874,-1.313261866569519,-0.31326189637184143,attack,no
4740,0,0,6.60521604406802e-05,-9.625069618225098,-6.985420623095706e-05,attack,no
4741,0,1,0.9984988176514769,-0.001503528794273734,-6.5015034675598145,attack,yes
4742,0,0,9.610238066473816e-05,-9.250099182128906,-9.881961887003854e-05,attack,no
4743,0,1,0.9995694429074525,-0.00043156370520591736,-7.750431537628174,attack,yes
4744,0,0,0.0015011823506170625,-6.501502513885498,-0.0015025765169411898,attack,no
4745,0,0,0.010986942853232415,-4.511047840118408,-0.011047860607504845,attack,no
4746,0,1,0.9770226279573947,-0.023246144875884056,-3.7732460498809814,attack,yes
4747,0,0,1.3007130015299356e-05,-11.250016212463379,-1.6331539882230572e-05,attack,no
4748,0,0,6.475947981860791e-07,-14.250007629394531,-7.629365427419543e-06,attack,no
4749,0,1,0.9820137860570862,-0.018150078132748604,-4.0181498527526855,attack,yes
4750,0,1,0.9980732650196737,-0.0019289711490273476,-6.251928806304932,attack,yes
4751,0,1,0.9933071480107795,-0.006716888397932053,-5.006716728210449,attack,yes
4752,0,1,0.9914225127330346,-0.008614758029580116,-4.758614540100098,attack,yes
4753,0,0,0.0001584361981391736,-8.750162124633789,-0.00016199229867197573,attack,no
4754,0,0,0.0001584361981391736,-8.750162124633789,-0.00016199229867197573,attack,no
4755,0,0,0.18242551713899047,-1.701413869857788,-0.2014138251543045,attack,no
4756,0,0,0.00023050677068656142,-8.375232696533203,-0.0002329078270122409,attack,no
4757,0,0,1.1478773599269227e-05,-11.375014305114746,-1.4781842764932662e-05,attack,no
4758,0,0,1.0677024881887838e-06,-13.750005722045898,-5.364403477869928e-06,attack,no
4759,0,1,0.9998415637074057,-0.00016068121476564556,-8.750160217285156,attack,yes
4760,0,0,0.0001088969092652089,-9.125118255615234,-0.00011824862303910777,attack,no
4761,0,0,0.0002034269010184927,-8.500205993652344,-0.00020561488054227084,attack,no
4762,0,1,0.9997965730262185,-0.000205018965061754,-8.500205039978027,attack,yes
4763,0,0,6.144174601935314e-06,-12.000009536743164,-9.536697689327411e-06,attack,no
4764,0,1,0.9890130572580872,-0.01104880403727293,-4.511048793792725,attack,yes
4765,0,1,0.9998415638206688,-0.00015901254664640874,-8.75015926361084,attack,yes
4766,0,0,4.0063696969564425e-05,-10.125041961669922,-4.207999518257566e-05,attack,no
4767,0,1,0.9968273173158309,-0.0031785464379936457,-5.753178596496582,attack,yes
4768,0,1,0.9998415638395737,-0.00015984688070602715,-8.750160217285156,attack,yes
4769,0,1,0.9997388095653363,-0.00026174934464506805,-8.250261306762695,attack,yes
4770,0,1,0.9914225157821905,-0.008614876307547092,-4.758615016937256,attack,yes
4771,0,1,0.9999038975620649,-9.941560711013153e-05,-9.250099182128906,attack,yes
4772,0,0,0.005220126868765487,-5.2552337646484375,-0.0052339909598231316,attack,no
4773,0,0,2.7535691102562893e-05,-10.500029563903809,-2.95634672511369e-05,attack,no
4774,0,1,0.9997965729777395,-0.00020525732543319464,-8.500205039978027,attack,yes
4775,0,1,0.9984988178299887,-0.0015034097013995051,-6.5015034675598145,attack,yes
4776,0,1,0.9999646437619261,-3.683499380713329e-05,-10.25003719329834,attack,yes
4777,0,1,0.9999038975849549,-9.727005090098828e-05,-9.250097274780273,attack,yes
4778,0,1,0.9997388097211977,-0.0002649671514518559,-8.250265121459961,attack,yes
4779,0,0,4.539785241676547e-05,-10.00004768371582,-4.732496745418757e-05,attack,no
4780,0,1,0.9999339478474324,-6.97350042173639e-05,-9.625069618225098,attack,yes
4781,0,1,0.9998415638395737,-0.00015984688070602715,-8.750160217285156,attack,yes
4782,0,1,0.9998766053808738,-0.0001262346631847322,-9.000125885009766,attack,yes
4783,0,1,0.9933071503728311,-0.006716533098369837,-5.006716728210449,attack,yes
4784,0,1,0.9996646498085152,-0.0003358753747306764,-8.000335693359375,attack,yes
4785,0,0,4.222833947960867e-06,-12.375006675720215,-6.794906312279636e-06,attack,no
4786,0,1,0.999290329441893,-0.0007107115816324949,-7.250710487365723,attack,yes
4787,0,1,0.9999810748472462,-2.1219027985353023e-05,-10.875020980834961,attack,yes
4788,0,0,0.017986213811316386,-4.018150329589844,-0.01815054751932621,attack,no
4789,0,0,0.0001398220575534256,-8.875143051147461,-0.0001429217227268964,attack,no
4790,0,1,0.9994472213820177,-0.0005540504935197532,-7.500554084777832,attack,yes
4791,0,1,0.9998415637829052,-0.00015925093612167984,-8.75015926361084,attack,yes
4792,0,1,0.9999417087135966,-5.94836674281396e-05,-9.750059127807617,attack,yes
4793,0,1,0.9990889487512399,-0.0009132028790190816,-7.000913143157959,attack,yes
4794,0,1,0.9990889486436338,-0.0009142747730948031,-7.000914096832275,attack,yes
4795,0,1,0.999447221448006,-0.0005544078885577619,-7.50055456161499,attack,yes
4796,0,0,1.0129990979381404e-05,-11.500017166137695,-1.7165990357170813e-05,attack,no
4797,0,0,0.00037998448719224253,-7.875380992889404,-0.00038092033355496824,attack,no
4798,0,0,0.022977369575503337,-3.7732458114624023,-0.02324579656124115,attack,no
4799,0,0,0.0011695100176903014,-6.751173496246338,-0.0011732844868674874,attack,no
4800,0,1,0.9999417087413955,-6.09140915912576e-05,-9.75006103515625,attack,yes
4801,0,0,0.2689414213699951,-1.3132630586624146,-0.31326305866241455,attack,no
4802,0,0,0.0005527787498952457,-7.500553131103516,-0.000553335587028414,attack,no
4803,0,0,0.00015843617916058795,-8.750165939331055,-0.0001656871900195256,attack,no
4804,0,0,7.889264466639054e-06,-11.750011444091797,-1.168244216387393e-05,attack,no
4805,0,1,0.9999251537727072,-7.629103492945433e-05,-9.500076293945312,attack,yes
4806,0,0,0.002472623526470443,-6.002476215362549,-0.0024763653054833412,attack,no
4807,0,0,1.892515726402399e-05,-10.875024795532227,-2.52720492426306e-05,attack,no
4808,0,0,3.726640616840385e-06,-12.500006675720215,-7.033323527139146e-06,attack,no
4809,0,0,0.0009110511415777466,-7.000911712646484,-0.0009116546134464443,attack,no
4810,0,1,0.9999546021313491,-4.768258077092469e-05,-10.00004768371582,attack,yes
4811,0,1,0.9975273764735295,-0.0024763653054833412,-6.002476215362549,attack,yes
4812,0,1,0.9984988174719182,-0.0015031717484816909,-6.501502990722656,attack,yes
4813,0,1,0.9988304897008111,-0.0011711412807926536,-6.751171112060547,attack,yes
4814,0,0,0.0003799845323179464,-7.875381946563721,-0.0003819928097072989,attack,no
4815,0,1,0.9959298627050367,-0.004078761208802462,-5.5040788650512695,attack,yes
4816,0,0,0.005220125623432879,-5.255234241485596,-0.005234227981418371,attack,no
4817,0,1,0.999447221381889,-0.0005535738891921937,-7.500553607940674,attack,yes
4818,0,0,1.7603427936335398e-06,-13.250003814697266,-3.576272320060525e-06,attack,no
4819,0,0,0.0001584361792827627,-8.750161170959473,-0.00016091958968900144,attack,no
4820,0,1,0.9990889489676177,-0.0009124883217737079,-7.000912666320801,attack,yes
4821,0,0,0.0005527785521546823,-7.500554084777832,-0.0005539313424378633,attack,no
4822,0,0,0.000379984441513804,-7.8753838539123535,-0.00038366109947673976,attack,no
4823,0,1,0.9984988178287671,-0.0015029336791485548,-6.501502990722656,attack,yes
4824,0,0,6.144172404520557e-06,-12.000011444091797,-1.1086402082582936e-05,attack,no
4825,0,1,0.9859363703223857,-0.014163684099912643,-4.264163494110107,attack,yes
4826,0,1,0.9999546021313491,-4.768258077092469e-05,-10.00004768371582,attack,yes
4827,0,1,0.989013055861532,-0.01104797888547182,-4.511047840118408,attack,yes
4828,0,1,0.6224593382055109,-0.474077433347702,-0.9740774631500244,attack,yes
4829,0,0,4.53978902983119e-05,-10.000046730041504,-4.7205765440594405e-05,attack,no
4830,0,1,0.9999646437619261,-3.683499380713329e-05,-10.25003719329834,attack,yes
4831,0,1,0.9998766054396822,-0.0001248043408850208,-9.00012493133545,attack,yes
4832,0,0,8.764240137829087e-08,-16.250003814697266,-2.9802276912960224e-06,attack,no
4833,0,0,3.7266397279943386e-06,-12.500015258789062,-1.537788011773955e-05,attack,no
4834,0,1,0.9984988180114668,-0.0015047191409394145,-6.501504898071289,attack,yes
4835,0,0,2.1444953522913026e-05,-10.750031471252441,-3.1709168979432434e-05,attack,no
4836,0,1,0.99994170874834,-5.98412734689191e-05,-9.750060081481934,attack,yes
4837,0,0,6.605214468549049e-05,-9.62507152557373,-7.152301259338856e-05,attack,no
4838,0,0,0.0001233946338036995,-9.000127792358398,-0.0001282609737245366,attack,no
4839,0,1,0.9770226306753883,-0.023246262222528458,-3.7732462882995605,attack,yes
4840,0,1,0.999796572929219,-0.00020454221521504223,-8.500204086303711,attack,yes
4841,0,1,0.9706877674467155,-0.029750648885965347,-3.5297505855560303,attack,yes
4842,0,0,0.00043055704108029756,-7.75043249130249,-0.0004323977918829769,attack,no
4843,0,1,0.9994472214484241,-0.0005558376433327794,-7.500555992126465,attack,yes
4844,0,0,0.0031726834448229284,-5.753177642822266,-0.003177833277732134,attack,no
4845,0,1,0.9998766054544027,-0.00012563870404846966,-9.000125885009766,attack,yes
4846,0,0,2.7535687818640727e-05,-10.500031471252441,-3.135155202471651e-05,attack,no
4847,0,1,0.9990889488636144,-0.0009178477921523154,-7.000917911529541,attack,yes
4848,0,0,1.1478773599102191e-05,-11.375015258789062,-1.5735502529423684e-05,attack,no
4849,0,1,0.9947798737599461,-0.005234346725046635,-5.255234241485596,attack,yes
4850,0,0,3.059022998576898e-07,-15.000001907348633,-2.145764938177308e-06,attack,no
4851,0,1,0.9968273176921079,-0.0031784274615347385,-5.753178596496582,attack,yes
4852,0,1,0.9914225147763652,-0.008614994585514069,-4.758615016937256,attack,yes
4853,0,0,0.0024726229395573424,-6.002476215362549,-0.002476127352565527,attack,no
4854,0,0,5.829125860453825e-05,-9.75006103515625,-6.09140915912576e-05,attack,no
4855,0,1,0.9998766053955943,-0.00012706902634818107,-9.000126838684082,attack,yes
4856,0,0,0.00015843621704630077,-8.750161170959473,-0.00016115797916427255,attack,no
4857,0,1,0.9968273177016804,-0.0031793781090527773,-5.753179550170898,attack,yes
4858,0,1,0.9992903296957998,-0.0007113072206266224,-7.250711441040039,attack,yes
4859,0,1,0.9995694428563486,-0.0004326361231505871,-7.75043249130249,attack,yes
4860,0,1,0.9820137861886837,-0.01815054751932621,-4.018150329589844,attack,yes
4861,0,1,0.9990889488592171,-0.0009126074146479368,-7.000912666320801,attack,yes
4862,0,1,0.8807970889295664,-0.12692846357822418,-2.1269285678863525,attack,yes
4863,0,0,0.0001233945896995423,-9.000126838684082,-0.00012694983161054552,attack,no
4864,0,0,4.222832940500659e-06,-12.375019073486328,-1.8954096958623268e-05,attack,no
4865,0,0,1.6701415871413568e-05,-11.000021934509277,-2.1576648578047752e-05,attack,no
4866,0,0,0.0006263341096878229,-7.375627040863037,-0.0006269635050557554,attack,no
4867,0,1,0.9859363753070244,-0.014163801446557045,-4.264163970947266,attack,yes
4868,0,1,0.9914225127330346,-0.008614758029580116,-4.758614540100098,attack,yes
4869,0,1,0.9706877674467155,-0.029750648885965347,-3.5297505855560303,attack,yes
4870,0,0,0.0031726830648641457,-5.753178119659424,-0.0031781899742782116,attack,no
4871,0,0,3.5356238062828204e-05,-10.250044822692871,-4.446407547220588e-05,attack,no
4872,0,0,0.0002305067982023735,-8.375231742858887,-0.0002320735511602834,attack,no
4873,0,0,5.144220750234469e-05,-9.875064849853516,-6.472854875028133e-05,attack,no
4874,0,1,0.9992903296108476,-0.0007104733376763761,-7.250710487365723,attack,yes
4875,0,1,0.9999785550566973,-2.2649508537142538e-05,-10.750022888183594,attack,yes
4876,0,1,0.9933071503511611,-0.006716059520840645,-5.006716251373291,attack,yes
4877,0,0,1.8925145985104067e-05,-10.875022888183594,-2.276871418871451e-05,attack,no
4878,0,0,4.2228354580829695e-06,-12.375008583068848,-9.059865078597795e-06,attack,no
4879,0,1,0.9770226280828407,-0.02324637770652771,-3.7732462882995605,attack,yes
4880,0,1,0.9995694428560857,-0.0004312062228564173,-7.750431060791016,attack,yes
4881,0,1,0.9992903296108476,-0.0007104733376763761,-7.250710487365723,attack,yes
4882,0,0,0.37754066879814546,-0.9740772247314453,-0.4740772247314453,attack,no
4883,0,0,0.00015843627366396256,-8.750162124633789,-0.00016246906307060272,attack,no
4884,0,0,0.0008040859620054443,-7.125805854797363,-0.0008058876264840364,attack,no
4885,0,0,1.4738981971813964e-05,-11.125019073486328,-1.9073304429184645e-05,attack,no
4886,0,1,0.9996646497686785,-0.0003369478799868375,-8.000336647033691,attack,yes
4887,0,1,0.9859363706064843,-0.014165094122290611,-4.264164924621582,attack,yes
4888,0,0,3.7266406167488732e-06,-12.500009536743164,-9.894321920000948e-06,attack,no
4889,0,0,3.288749065310943e-06,-12.625009536743164,-9.536697689327411e-06,attack,no
4890,0,1,0.989013055861532,-0.01104797888547182,-4.511047840118408,attack,yes
4891,0,0,1.8925141472360678e-05,-10.875024795532227,-2.4437606043647975e-05,attack,no
4892,0,0,5.422220262505698e-06,-12.125009536743164,-9.775113539944869e-06,attack,no
4893,0,1,0.9999038975620468,-9.7508447652217e-05,-9.250097274780273,attack,yes
4894,0,0,0.0004878570641142607,-7.625490665435791,-0.0004905451205559075,attack,no
4895,0,0,6.9622537595817514e-06,-11.875014305114746,-1.3947389561508317e-05,attack,no
4896,0,1,0.9984988178320827,-0.0015043619787320495,-6.501504421234131,attack,yes
4897,0,1,0.6224593312018546,-0.4740772247314453,-0.9740772247314453,attack,yes
4898,0,1,0.9999546021367585,-4.660974445869215e-05,-10.000046730041504,attack,yes
4899,0,0,1.7603438428564603e-06,-13.250005722045898,-6.079655122448457e-06,attack,no
4900,0,1,0.9997388095965861,-0.00026353701832704246,-8.250263214111328,attack,yes
4901,0,1,0.9968273173158309,-0.0031785464379936457,-5.753178596496582,attack,yes
4902,0,1,0.9999251537370176,-7.581423415103927e-05,-9.500075340270996,attack,yes
4903,0,1,0.9525741274956179,-0.04858778417110443,-3.0485877990722656,attack,yes
4904,0,0,0.07585818837825822,-2.578889846801758,-0.07888996601104736,attack,no
4905,0,1,0.8519528076067262,-0.16022451221942902,-1.9102245569229126,attack,yes
4906,0,0,1.9947290081177566e-06,-13.125006675720215,-6.318072337307967e-06,attack,no
4907,0,0,8.939694172144161e-06,-11.625017166137695,-1.6927575416048057e-05,attack,no
4908,0,1,0.9998415638206688,-0.00015901254664640874,-8.75015926361084,attack,yes
4909,0,1,0.9994472212502334,-0.0005538121913559735,-7.500553607940674,attack,yes
4910,0,0,4.006369219073056e-05,-10.125043869018555,-4.386805812828243e-05,attack,no
4911,0,0,1.8925155009354805e-05,-10.875021934509277,-2.2291887944447808e-05,attack,no
4912,0,1,0.9990889487504453,-0.000912250077817589,-7.000912189483643,attack,yes
4913,0,1,0.9998766054690947,-0.0001245659514097497,-9.00012493133545,attack,yes
4914,0,0,1.370957043417892e-06,-13.500003814697266,-3.6954811548639555e-06,attack,no
4915,0,1,0.9995694429074525,-0.00043156370520591736,-7.750431537628174,attack,yes
4916,0,1,0.9984988178341765,-0.0015053142560645938,-6.501505374908447,attack,yes
4917,0,0,0.00170072237052103,-6.376705169677734,-0.0017051455797627568,attack,no
4918,0,1,0.9998415637640259,-0.00015937011630740017,-8.75015926361084,attack,yes
4919,0,0,3.535625493182252e-05,-10.25003719329834,-3.731181277544238e-05,attack,no
4920,0,0,1.2098653950551882e-06,-13.625005722045898,-5.483612312673358e-06,attack,no
4921,0,1,0.9999038975849549,-9.727005090098828e-05,-9.250097274780273,attack,yes
4922,0,0,0.07585818054355695,-2.578889846801758,-0.07888985425233841,attack,no
4923,0,0,8.481108183851025e-05,-9.375086784362793,-8.725739462533966e-05,attack,no
4924,0,0,0.02297736970094919,-3.7732455730438232,-0.023245563730597496,attack,no
4925,0,0,0.00033535011157750683,-8.000335693359375,-0.00033563701435923576,attack,no
4926,0,1,0.9999646437534958,-3.611976353568025e-05,-10.250036239624023,attack,yes
4927,0,1,0.9975273773561962,-0.0024764842819422483,-6.002476692199707,attack,yes
4928,0,1,0.998073265251826,-0.0019298041006550193,-6.251929759979248,attack,yes
4929,0,0,5.829127944184748e-05,-9.750062942504883,-6.317892984952778e-05,attack,no
4930,0,0,0.00013982210754460409,-8.875143051147461,-0.00014327930693980306,attack,no
4931,0,1,0.9525741214369554,-0.04858744144439697,-3.0485873222351074,attack,yes
4932,0,0,6.144176799334096e-06,-12.000007629394531,-7.986990567587782e-06,attack,no
4933,0,0,0.0002305066333054092,-8.37523365020752,-0.00023326536756940186,attack,no
4934,0,0,0.37754066879814546,-0.9740772247314453,-0.4740772247314453,attack,no
4935,0,0,0.01798621394291383,-4.0181498527526855,-0.018150078132748604,attack,no
4936,0,0,0.037326885068457556,-3.288041591644287,-0.038041528314352036,attack,no
4937,0,0,8.939696303758459e-06,-11.625015258789062,-1.5258672647178173e-05,attack,no
4938,0,1,0.9997965729777395,-0.00020525732543319464,-8.500205039978027,attack,yes
4939,0,1,0.9933071503511611,-0.006716059520840645,-5.006716251373291,attack,yes
4940,0,1,0.9046505395995929,-0.10020679980516434,-2.3502068519592285,attack,yes
4941,0,0,0.00010889689639284516,-9.125109672546387,-0.00010954733443213627,attack,no
4942,0,1,0.9998415638206688,-0.00015901254664640874,-8.75015926361084,attack,yes
4943,0,1,0.9975273767813431,-0.0024786246940493584,-6.00247859954834,attack,yes
4944,0,1,0.9980732657078478,-0.0019290901254862547,-6.25192928314209,attack,yes
4945,0,0,0.07585818837825822,-2.578889846801758,-0.07888996601104736,attack,no
4946,0,0,0.00055277868409963,-7.500553131103516,-0.0005532164941541851,attack,no
4947,0,0,2.1024339115915e-07,-15.375004768371582,-5.006777428206988e-06,attack,no
4948,0,1,0.9997388096588273,-0.0002632986579556018,-8.250263214111328,attack,yes
4949,0,1,0.9999724643154622,-2.932505594799295e-05,-10.500029563903809,attack,yes
4950,0,1,0.999876605424976,-0.00012492353562265635,-9.00012493133545,attack,yes
4951,0,0,0.00015843616040330224,-8.750161170959473,-0.00016080040950328112,attack,no
4952,0,0,5.829127944184748e-05,-9.750062942504883,-6.317892984952778e-05,attack,no
4953,0,0,4.2228324375973415e-06,-12.375011444091797,-1.1205610462639015e-05,attack,no
4954,0,0,8.481108183851025e-05,-9.375086784362793,-8.725739462533966e-05,attack,no
4955,0,1,0.9998415637829308,-0.00016020445036701858,-8.750160217285156,attack,yes
4956,0,0,0.0009110511411538918,-7.000912189483643,-0.0009121309849433601,attack,no
4957,0,0,0.0011695100216340016,-6.751170635223389,-0.0011704268399626017,attack,no
4958,0,0,0.00023050674332166204,-8.37523078918457,-0.0002308817347511649,attack,no
4959,0,1,0.952574122951621,-0.04858812317252159,-3.0485880374908447,attack,yes
4960,0,1,0.9998766054690947,-0.0001245659514097497,-9.00012493133545,attack,yes
4961,0,1,0.99994170874834,-5.98412734689191e-05,-9.750060081481934,attack,yes
4962,0,1,0.970687767658707,-0.029750879853963852,-3.5297508239746094,attack,yes
4963,0,1,0.9990889487512399,-0.0009132028790190816,-7.000913143157959,attack,yes
4964,0,0,2.430023204270604e-05,-10.625029563903809,-2.9205850296420977e-05,attack,no
4965,0,1,0.9997388096898796,-0.00026222606538794935,-8.250262260437012,attack,yes
4966,0,0,0.00013982202422598323,-8.875143051147461,-0.0001426833332516253,attack,no
4967,0,1,0.999978555049028,-2.2053474822314456e-05,-10.750021934509277,attack,yes
4968,0,0,0.4378234991142019,-0.8259396553039551,-0.5759396553039551,attack,no
4969,0,0,6.605213682159302e-05,-9.625069618225098,-6.949660019017756e-05,attack,no
4970,0,1,0.9968273165691678,-0.003179259365424514,-5.75317907333374,attack,yes
4971,0,0,1.994729245934737e-06,-13.125003814697266,-3.576272320060525e-06,attack,no
4972,0,1,0.9999546021205244,-4.6967357775429264e-05,-10.000046730041504,attack,yes
4973,0,0,0.01406362805050406,-4.264163494110107,-0.014163566753268242,attack,no
4974,0,0,0.0002959572060289925,-8.125299453735352,-0.00029976642690598965,attack,no
4975,0,0,2.9023112931477826e-06,-12.750008583068848,-8.34461570775602e-06,attack,no
4976,0,0,0.00857748525531428,-4.758614540100098,-0.008614521473646164,attack,no
4977,0,0,2.7535681255605805e-05,-10.500029563903809,-2.9205850296420977e-05,attack,no
4978,0,1,0.999447221448006,-0.0005544078885577619,-7.50055456161499,attack,yes
4979,0,0,2.14449407453714e-05,-10.750024795532227,-2.4437606043647975e-05,attack,no
4980,0,1,0.9399133512987253,-0.061968062072992325,-2.8119680881500244,attack,yes
4981,0,1,0.9968273173158309,-0.0031785464379936457,-5.753178596496582,attack,yes
4982,0,0,0.006692852051135265,-5.006715297698975,-0.006715467199683189,attack,no
4983,0,1,0.9399133504571636,-0.06196783855557442,-2.8119678497314453,attack,yes
4984,0,0,0.00013982205757173517,-8.875142097473145,-0.0001419681793777272,attack,no
4985,0,0,0.00023050671580585652,-8.375231742858887,-0.0002317160106031224,attack,no
4986,0,0,3.535625914492433e-05,-10.250038146972656,-3.838465272565372e-05,attack,no
4987,0,1,0.9997965729535385,-0.00020632999076042324,-8.500205993652344,attack,yes
4988,0,0,6.605215257197525e-05,-9.625068664550781,-6.878139538457617e-05,attack,no
4989,0,1,0.999447221381889,-0.0005535738891921937,-7.500553607940674,attack,yes
4990,0,1,0.8519528076067262,-0.16022451221942902,-1.9102245569229126,attack,yes
4991,0,0,5.144222592963322e-05,-9.875054359436035,-5.4596363042946905e-05,attack,no
4992,0,1,0.9626731110495138,-0.03804187476634979,-3.288041830062866,attack,yes
4993,0,1,0.9997388095654046,-0.0002627027570270002,-8.250262260437012,attack,yes
4994,0,0,2.14449407443182e-05,-10.75002670288086,-2.634490556374658e-05,attack,no
4995,0,0,0.4378234991142019,-0.8259395956993103,-0.5759395956993103,attack,no
4996,0,1,0.9399133441454511,-0.06196795031428337,-2.8119678497314453,attack,yes
4997,0,0,0.04742587856304458,-3.0485873222351074,-0.04858744144439697,attack,no
4998,0,0,9.610241500865668e-05,-9.250101089477539,-0.00010108436981681734,attack,no
4999,0,1,0.9984988174719182,-0.0015031717484816909,-6.501502990722656,attack,yes
5000,0,0,2.753569110176152e-05,-10.500030517578125,-3.0517112463712692e-05,attack,no
5001,0,1,0.9999417087205447,-5.936446541454643e-05,-9.750059127807617,attack,yes
5002,0,1,0.9399133458285746,-0.061968397349119186,-2.8119683265686035,attack,yes
5003,0,1,0.9859363753070244,-0.014163801446557045,-4.264163970947266,attack,yes
5004,0,1,0.9988304895630534,-0.0011722128838300705,-6.751172065734863,attack,yes
5005,0,0,0.00023050677042833873,-8.375237464904785,-0.00023767507809679955,attack,no
5006,0,1,0.9998415638206688,-0.00015901254664640874,-8.75015926361084,attack,yes
5007,0,0,0.010986942853232415,-4.511047840118408,-0.011047860607504845,attack,no
5008,0,1,0.998830489701491,-0.0011716175358742476,-6.751171588897705,attack,yes
5009,0,0,0.0009110510323821751,-7.000912666320801,-0.0009124883217737079,attack,no
5010,0,0,0.0002305067982526766,-8.37523078918457,-0.00023112009512260556,attack,no
5011,0,0,0.01798620742884147,-4.018150806427002,-0.018150663003325462,attack,no
5012,0,0,0.0001233946043751921,-9.000128746032715,-0.0001289761275984347,attack,no
5013,0,0,0.0010322309762529134,-6.876034736633301,-0.0010346779599785805,attack,no
5014,0,1,0.9626731156008578,-0.038041986525058746,-3.2880420684814453,attack,yes
5015,0,0,0.32082129433083023,-1.1368712186813354,-0.38687118887901306,attack,no
5016,0,1,0.999088948858846,-0.0009121309849433601,-7.000912189483643,attack,yes
5017,0,1,0.9947798737599461,-0.005234346725046635,-5.255234241485596,attack,yes
5018,0,0,6.1441746019911955e-06,-12.000008583068848,-8.583032467868179e-06,attack,no
5019,0,1,0.9988304895611497,-0.0011707840021699667,-6.751170635223389,attack,yes
5020,0,1,0.9988304897008111,-0.0011711412807926536,-6.751171112060547,attack,yes
5021,0,1,0.9959298617423651,-0.004078998696058989,-5.5040788650512695,attack,yes
5022,0,1,0.9859363753070244,-0.014163801446557045,-4.264163970947266,attack,yes
5023,0,0,0.0004878572387559054,-7.625489234924316,-0.0004894727608188987,attack,no
5024,0,1,0.9859363720398908,-0.014164037071168423,-4.264163970947266,attack,yes
5025,0,1,0.9984988176504299,-0.001503052655607462,-6.501502990722656,attack,yes
5026,0,0,0.00033535003146525444,-8.000337600708008,-0.000337305391440168,attack,no
5027,0,0,1.3709567165530085e-06,-13.500004768371582,-4.410734163684538e-06,attack,no
5028,0,0,0.0009110513583794728,-7.000911712646484,-0.0009118927991949022,attack,no
5029,0,1,0.9999251537816338,-7.712543447269127e-05,-9.500077247619629,attack,yes
5030,0,1,0.999569443009936,-0.00043084874050691724,-7.750431060791016,attack,yes
5031,0,0,0.060086656696110546,-2.811967611312866,-0.06196772679686546,attack,no
5032,0,0,3.9278615344062223e-07,-14.750003814697266,-3.6954811548639555e-06,attack,no
5033,0,1,0.9975273767669861,-0.002476246329024434,-6.002476215362549,attack,yes
5034,0,0,2.9023130230133794e-06,-12.750009536743164,-9.894321920000948e-06,attack,no
5035,0,1,0.9947798731457431,-0.005234465003013611,-5.255234241485596,attack,yes
5036,0,0,2.1444958639580074e-05,-10.750024795532227,-2.52720492426306e-05,attack,no
5037,0,0,0.0006263342582681759,-7.375628471374512,-0.0006286313873715699,attack,no
5038,0,0,2.561282210729555e-06,-12.875004768371582,-4.768360213347478e-06,attack,no
5039,0,1,0.9975273773561962,-0.0024764842819422483,-6.002476692199707,attack,yes
5040,0,1,0.9975273773561962,-0.0024764842819422483,-6.002476692199707,attack,yes
5041,0,0,1.5534979397394736e-06,-13.375007629394531,-7.748573807475623e-06,attack,no
5042,0,1,0.9999546021259359,-4.684815212385729e-05,-10.000046730041504,attack,yes
5043,0,1,0.9997388095655338,-0.0002646096108946949,-8.250264167785645,attack,yes
5044,0,1,0.9990889486424153,-0.0009128456003963947,-7.000912666320801,attack,yes
5045,0,0,5.043472278312808e-07,-14.50000286102295,-2.50339189733495e-06,attack,no
5046,0,1,0.9820137884258401,-0.018150897696614265,-4.018150806427002,attack,yes
5047,0,0,0.02931223234129297,-3.5297508239746094,-0.029750879853963852,attack,no
5048,0,1,0.9999546021205244,-4.6967357775429264e-05,-10.000046730041504,attack,yes
5049,0,1,0.995929862223701,-0.004078879952430725,-5.5040788650512695,attack,yes
5050,0,0,0.11920292828022305,-2.1269280910491943,-0.1269281506538391,attack,no
5051,0,1,0.8175744806385543,-0.20141372084617615,-1.7014137506484985,attack,yes
5052,0,1,0.9999251537994756,-7.688703772146255e-05,-9.500077247619629,attack,yes
5053,0,1,0.9988304898412884,-0.0011719746980816126,-6.751172065734863,attack,yes
5054,0,1,0.9990889489684125,-0.0009134411229752004,-7.000913619995117,attack,yes
5055,0,0,1.89251482406672e-05,-10.87502384185791,-2.3841574147809297e-05,attack,no
5056,0,0,0.00029595702997839445,-8.125296592712402,-0.000296310376143083,attack,no
5057,0,0,1.1478772231086046e-05,-11.37501335144043,-1.3708974620385561e-05,attack,no
5058,0,1,0.993307147970535,-0.006715940777212381,-5.006715774536133,attack,yes
5059,0,1,0.9995694429074525,-0.00043156370520591736,-7.750431537628174,attack,yes
5060,0,1,0.9999417087066518,-6.05564855504781e-05,-9.750060081481934,attack,yes
5061,0,0,2.7535700948722127e-05,-10.500030517578125,-3.0874729418428615e-05,attack,no
5062,0,1,0.7310585669110203,-0.3132625222206116,-1.3132624626159668,attack,yes
5063,0,0,4.222833947960867e-06,-12.375006675720215,-6.794906312279636e-06,attack,no
5064,0,0,0.0009110511411538918,-7.000912189483643,-0.0009121309849433601,attack,no
5065,0,0,6.1441746018794346e-06,-12.00001049041748,-1.0490362910786644e-05,attack,no
5066,0,0,8.481106161413667e-05,-9.37508773803711,-8.797258487902582e-05,attack,no
5067,0,0,4.539785782605374e-05,-10.000048637390137,-4.8397800128441304e-05,attack,no
5068,0,0,0.4378234991142019,-0.8259395360946655,-0.5759395360946655,attack,no
5069,0,1,0.9984988180093728,-0.0015037668636068702,-6.501503944396973,attack,yes
5070,0,0,5.04347408195718e-07,-14.500004768371582,-4.768360213347478e-06,attack,no
5071,0,1,0.9525741280005063,-0.04858801141381264,-3.0485880374908447,attack,yes
5072,0,0,0.029312229267415526,-3.5297505855560303,-0.029750533401966095,attack,no
5073,0,0,5.8291251649722695e-05,-9.750062942504883,-6.270212179515511e-05,attack,no
5074,0,0,1.9947294836809925e-06,-13.125007629394531,-7.510157047363464e-06,attack,no
5075,0,0,0.00013982205757173517,-8.875142097473145,-0.0001419681793777272,attack,no
5076,0,0,1.209865683500459e-06,-13.625006675720215,-6.6756979322235566e-06,attack,no
5077,0,1,0.9999251537370176,-7.581423415103927e-05,-9.500075340270996,attack,yes
5078,0,0,1.1478772229989872e-05,-11.375019073486328,-1.9430925021879375e-05,attack,no
5079,0,1,0.9820137925711584,-0.018150663003325462,-4.018150806427002,attack,yes
5080,0,0,0.00037998444179017404,-7.875381946563721,-0.0003817544784396887,attack,no
5081,0,0,1.892514598627448e-05,-10.875020027160645,-1.9907753085135482e-05,attack,no
5082,0,1,0.9980732654824114,-0.0019301610300317407,-6.251930236816406,attack,yes
5083,0,0,1.760343213322473e-06,-13.250004768371582,-4.768360213347478e-06,attack,no
5084,0,0,4.006371128581089e-05,-10.12504768371582,-4.815939246327616e-05,attack,no
5085,0,0,5.043474082005343e-07,-14.500001907348633,-1.9073468138230965e-06,attack,no
5086,0,0,0.060086656696110546,-2.811967611312866,-0.06196772679686546,attack,no
5087,0,0,0.0019267345209466268,-6.25192928314209,-0.0019292091019451618,attack,no
5088,0,1,0.9999546021205244,-4.6967357775429264e-05,-10.000046730041504,attack,yes
5089,0,0,4.222832941111319e-06,-12.375008583068848,-8.4638240878121e-06,attack,no
5090,0,0,6.962256249606473e-06,-11.875012397766113,-1.2397689715726301e-05,attack,no
5091,0,1,0.993307147970535,-0.006715940777212381,-5.006715774536133,attack,yes
5092,0,1,0.9959298627220252,-0.004079710692167282,-5.504079818725586,attack,yes
5093,0,0,8.481102118700006e-05,-9.375086784362793,-8.654219709569588e-05,attack,no
5094,0,1,0.9990889487512399,-0.0009132028790190816,-7.000913143157959,attack,yes
5095,0,0,3.927863407362516e-07,-14.75000286102295,-3.2186455882765586e-06,attack,no
5096,0,1,0.9999832985761636,-1.823885577323381e-05,-11.000018119812012,attack,yes
5097,0,1,0.9997965729292574,-0.00020549570035655051,-8.500205039978027,attack,yes
5098,0,0,6.605214470327124e-05,-9.625067710876465,-6.770858453819528e-05,attack,no
5099,0,0,0.00033535003157257815,-8.000336647033691,-0.0003363520372658968,attack,no
5100,0,0,0.006692852029465064,-5.006715774536133,-0.006715940777212381,attack,no
5101,0,1,0.9914225128043136,-0.008615703321993351,-4.758615493774414,attack,yes
5102,0,0,8.481101104304292e-05,-9.375091552734375,-9.119095193454996e-05,attack,no
5103,0,0,1.7603440527286572e-06,-13.25000286102295,-3.3378546504536644e-06,attack,no
5104,0,1,0.9241418126663687,-0.07889018952846527,-2.578890085220337,attack,yes
5105,0,0,0.32082129433083023,-1.1368714570999146,-0.38687142729759216,attack,no
5106,0,1,0.9999038975735103,-9.83428253675811e-05,-9.25009822845459,attack,yes
5107,0,0,0.04742587856304458,-3.0485873222351074,-0.04858744144439697,attack,no
5108,0,0,0.00020342699805948146,-8.500204086303711,-0.00020418466010596603,attack,no
5109,0,1,0.9995694428562609,-0.00043215948971919715,-7.750432014465332,attack,yes
5110,0,1,0.9995694430101112,-0.0004318020073696971,-7.750432014465332,attack,yes
5111,0,1,0.9999417087274927,-5.924526340095326e-05,-9.750059127807617,attack,yes
5112,0,1,0.9998415638018354,-0.000161038784426637,-8.750161170959473,attack,yes
5113,0,1,0.9994472213821782,-0.0005545270396396518,-7.50055456161499,attack,yes
5114,0,1,0.998830489979726,-0.0011713793501257896,-6.751171588897705,attack,yes
5115,0,0,0.01798620759333822,-4.018150329589844,-0.018150195479393005,attack,no
5116,0,0,0.00043055698988872976,-7.750432014465332,-0.0004318020073696971,attack,no
5117,0,1,0.9999038976078815,-9.893881360767409e-05,-9.250099182128906,attack,yes
5118,0,1,0.9770226277065029,-0.02324567921459675,-3.7732455730438232,attack,yes
5119,0,1,0.9984988178287671,-0.0015029336791485548,-6.501502990722656,attack,yes
5120,0,1,0.9999646437408526,-3.6477376852417365e-05,-10.250036239624023,attack,yes
5121,0,0,9.610246086092881e-05,-9.250097274780273,-9.77468371274881e-05,attack,no
5122,0,1,0.999796573050461,-0.00020489977032411844,-8.500205039978027,attack,yes
5123,0,1,0.9046505434556232,-0.10020723193883896,-2.3502073287963867,attack,yes
5124,0,1,0.9820137903340027,-0.018150312826037407,-4.018150329589844,attack,yes
5125,0,1,0.9990889487516109,-0.0009136793087236583,-7.000913619995117,attack,yes
5126,0,1,0.9999546021097017,-4.7205765440594405e-05,-10.000046730041504,attack,yes
5127,0,0,2.2603253756874524e-06,-13.000003814697266,-4.291525328881107e-06,attack,no
5128,0,0,0.0003799844870485301,-7.875381946563721,-0.00038187362952157855,attack,no
5129,0,1,0.817574471748733,-0.20141401886940002,-1.7014139890670776,attack,yes
5130,0,0,1.9947290081177566e-06,-13.125006675720215,-6.318072337307967e-06,attack,no
5131,0,0,0.0011695102998688749,-6.751170635223389,-0.0011706650257110596,attack,no
5132,0,0,2.2603253756874524e-06,-13.000003814697266,-4.291525328881107e-06,attack,no
5133,0,0,1.0129992187105678e-05,-11.500016212463379,-1.6331539882230572e-05,attack,no
5134,0,0,0.0001795279449454117,-8.62518310546875,-0.0001829695247579366,attack,no
5135,0,0,0.00010889687042391759,-9.125110626220703,-0.0001102625101339072,attack,no
5136,0,0,5.144223818199658e-05,-9.8750581741333,-5.864924969500862e-05,attack,no
5137,0,1,0.9999038975850102,-0.00010299152199877426,-9.250102996826172,attack,yes
5138,0,1,0.9984988180093728,-0.0015037668636068702,-6.501503944396973,attack,yes
5139,0,1,0.9998766054102843,-0.00012599628826137632,-9.000125885009766,attack,yes
5140,0,0,2.430024652598337e-05,-10.625029563903809,-2.9801878554280847e-05,attack,no
5141,0,1,0.7772998611746911,-0.2519294023513794,-1.5019294023513794,attack,yes
5142,0,0,0.14804719239327382,-1.9102245569229126,-0.16022451221942902,attack,no
5143,0,0,3.120190021453106e-05,-10.37503719329834,-3.683499380713329e-05,attack,no
5144,0,0,0.00043055698980105147,-7.75043249130249,-0.000432278640801087,attack,no
5145,0,1,0.9990889487516109,-0.0009136793087236583,-7.000913619995117,attack,yes
5146,0,0,0.00029595706499045417,-8.125299453735352,-0.0002992897352669388,attack,no
5147,0,1,0.9999546021097017,-4.7205765440594405e-05,-10.000046730041504,attack,yes
5148,0,1,0.9996646497686785,-0.0003369478799868375,-8.000336647033691,attack,yes
5149,0,0,1.4738976701411702e-05,-11.125017166137695,-1.680836794548668e-05,attack,no
5150,0,0,0.00062633403492401,-7.375627517700195,-0.0006273209000937641,attack,no
5151,0,1,0.9997388096900163,-0.0002641328901518136,-8.250264167785645,attack,yes
5152,0,1,0.9999785550413589,-2.2411095415009186e-05,-10.750021934509277,attack,yes
5153,0,0,3.2887490653647827e-06,-12.625007629394531,-7.629365427419543e-06,attack,no
5154,0,0,0.005220126868765487,-5.2552337646484375,-0.0052339909598231316,attack,no
5155,0,1,0.9859363721431996,-0.014164506457746029,-4.264164447784424,attack,yes
5156,0,0,0.00010889688339134739,-9.12511157989502,-0.0001113352773245424,attack,no
5157,0,0,1.012999460278499e-05,-11.500012397766113,-1.2755313036905136e-05,attack,no
5158,0,0,0.0002305067982526766,-8.37523078918457,-0.00023112009512260556,attack,no
5159,0,0,2.1444953525877583e-05,-10.75002670288086,-2.6940935640595853e-05,attack,no
5160,0,0,0.00017952796636908967,-8.625182151794434,-0.0001821352052502334,attack,no
5161,0,1,0.9999724643187435,-2.825220326485578e-05,-10.500028610229492,attack,yes
5162,0,1,0.9933071495865127,-0.006716651376336813,-5.006716728210449,attack,yes
5163,0,1,0.9990889487512399,-0.0009132028790190816,-7.000913143157959,attack,yes
5164,0,0,5.422221555192784e-06,-12.12501049041748,-1.0967194612021558e-05,attack,no
5165,0,0,0.000552778551704468,-7.500555515289307,-0.0005553610390052199,attack,no
5166,0,1,0.9999724643088975,-2.95634672511369e-05,-10.500029563903809,attack,yes
5167,0,0,0.037326885068457556,-3.288041591644287,-0.038041528314352036,attack,no
5168,0,0,0.00013982210748560663,-8.87514591217041,-0.0001461399078834802,attack,no
5169,0,1,0.9997965730019405,-0.00020418466010596603,-8.500204086303711,attack,yes
5170,0,1,0.9914225138101391,-0.008615585044026375,-4.758615493774414,attack,yes
5171,0,0,2.2603251062013478e-06,-13.000006675720215,-7.033323527139146e-06,attack,no
5172,0,0,3.0590233632073814e-07,-15.000004768371582,-5.125986263010418e-06,attack,no
5173,0,1,0.9820137903340027,-0.018150312826037407,-4.018150329589844,attack,yes
5174,0,1,0.9933071503511611,-0.006716059520840645,-5.006716251373291,attack,yes
5175,0,1,0.9998911030387961,-0.00011681827891152352,-9.125116348266602,attack,yes
5176,0,1,0.9997965730019405,-0.00020418466010596603,-8.500204086303711,attack,yes
5177,0,1,0.9999038976193261,-9.786603914108127e-05,-9.25009822845459,attack,yes
5178,0,1,0.9999038975735103,-9.83428253675811e-05,-9.25009822845459,attack,yes
5179,0,1,0.9988304895623736,-0.0011717366287484765,-6.751171588897705,attack,yes
5180,0,1,0.9859363703223857,-0.014163684099912643,-4.264163494110107,attack,yes
5181,0,1,0.9997388096587665,-0.0002623452164698392,-8.250262260437012,attack,yes
5182,0,0,1.6701421843356024e-05,-11.00002384185791,-2.3841574147809297e-05,attack,no
5183,0,0,0.000804086057081396,-7.12580680847168,-0.0008069596369750798,attack,no
5184,0,0,7.484625403339027e-05,-9.500080108642578,-8.046303264563903e-05,attack,no
5185,0,1,0.9992903296957998,-0.0007113072206266224,-7.250711441040039,attack,yes
5186,0,1,0.999796573050461,-0.00020489977032411844,-8.500205039978027,attack,yes
5187,0,1,0.924141819456443,-0.07888985425233841,-2.578889846801758,attack,yes
5188,0,1,0.9996646498086224,-0.00033682872890494764,-8.000336647033691,attack,yes
5189,0,1,0.7310585786300049,-0.31326234340667725,-1.3132623434066772,attack,yes
5190,0,0,0.01406362967761423,-4.264163494110107,-0.014163684099912643,attack,no
5191,0,0,0.0001233945308461464,-9.000128746032715,-0.00012838016846217215,attack,no
5192,0,0,0.00015843623595112507,-8.750160217285156,-0.00016032364510465413,attack,no
5193,0,0,0.060086655854548844,-2.8119678497314453,-0.06196795031428337,attack,no
5194,0,0,1.8925155008941717e-05,-10.875022888183594,-2.3245540432981215e-05,attack,no
5195,0,0,5.1442201405453086e-05,-9.875053405761719,-5.3165931603871286e-05,attack,no
5196,0,0,0.0003353502313215046,-8.000336647033691,-0.0003369478799868375,attack,no
5197,0,1,0.9997388096900163,-0.0002641328901518136,-8.250264167785645,attack,yes
5198,0,1,0.7772998714925403,-0.25192970037460327,-1.501929759979248,attack,yes
5199,0,1,0.9525741290102833,-0.04858846589922905,-3.048588514328003,attack,yes
5200,0,0,6.96225873967641e-06,-11.875009536743164,-9.894321920000948e-06,attack,no
5201,0,1,0.9997965730989401,-0.00020466140995267779,-8.500205039978027,attack,yes
5202,0,1,0.9859363704127807,-0.014164154417812824,-4.264163970947266,attack,yes
5203,0,0,1.670142582254589e-05,-11.000029563903809,-2.9801878554280847e-05,attack,no
5204,0,0,1.7603430034655858e-06,-13.250005722045898,-5.602820692729438e-06,attack,no
5205,0,0,5.829128638988074e-05,-9.750062942504883,-6.329813186312094e-05,attack,no
5206,0,0,0.00043055704118050137,-7.750432014465332,-0.0004319211875554174,attack,no
5207,0,1,0.731058584489497,-0.3132624328136444,-1.3132624626159668,attack,yes
5208,0,0,0.00247262323588527,-6.002475738525391,-0.0024757706560194492,attack,no
5209,0,0,4.539787405788604e-05,-10.000049591064453,-4.970903682988137e-05,attack,no
5210,0,0,9.42244930849811e-07,-13.875007629394531,-7.986990567587782e-06,attack,no
5211,0,0,0.0006263341831399989,-7.375629901885986,-0.0006299418746493757,attack,no
5212,0,1,0.9988304899790459,-0.0011709030950441957,-6.751171112060547,attack,yes
5213,0,0,0.0002034269737015615,-8.50020694732666,-0.00020692592079285532,attack,no
5214,0,0,7.889260704818233e-06,-11.750011444091797,-1.1205610462639015e-05,attack,no
5215,0,1,0.9995694429075401,-0.0004320403386373073,-7.750432014465332,attack,yes
5216,0,0,7.484625405027094e-05,-9.500077247619629,-7.760223525110632e-05,attack,no
5217,0,1,0.9992903295263496,-0.000710592488758266,-7.250710487365723,attack,yes
5218,0,0,1.8925155008941717e-05,-10.875022888183594,-2.3245540432981215e-05,attack,no
5219,0,1,0.9999417087135966,-5.94836674281396e-05,-9.750059127807617,attack,yes
5220,0,0,1.3709567165386693e-06,-13.500006675720215,-6.318072337307967e-06,attack,no
5221,0,1,0.9997965729534586,-0.0002044230350293219,-8.500204086303711,attack,yes
5222,0,0,4.539788488687281e-05,-10.000046730041504,-4.708655978902243e-05,attack,no
5223,0,1,0.6224593312018546,-0.4740775227546692,-0.9740775227546692,attack,yes
5224,0,1,0.9999724643154613,-2.8371408916427754e-05,-10.500028610229492,attack,yes
5225,0,0,0.0005527786830705686,-7.500556468963623,-0.0005565524916164577,attack,no
5226,0,0,0.001501182172279832,-6.501502513885498,-0.0015024575404822826,attack,no
5227,0,0,2.6995784182073116e-07,-15.12500286102295,-3.099436753473128e-06,attack,no
5228,0,0,2.1444953525877583e-05,-10.75002670288086,-2.6940935640595853e-05,attack,no
5229,0,0,0.0005527787498952457,-7.500553131103516,-0.000553335587028414,attack,no
5230,0,0,4.53978848784502e-05,-10.00005054473877,-5.090107151772827e-05,attack,no
5231,0,0,4.0063687418310045e-05,-10.125041961669922,-4.184158387943171e-05,attack,no
5232,0,0,0.00020342697374003697,-8.500205993652344,-0.00020597243565134704,attack,no
5233,0,0,1.3007128463873487e-05,-11.250020027160645,-2.002696055569686e-05,attack,no
5234,0,0,4.785094494716039e-06,-12.250008583068848,-8.583032467868179e-06,attack,no
5235,0,1,0.9999251537459443,-7.664863369427621e-05,-9.500076293945312,attack,yes
5236,0,0,0.2689414272294874,-1.313261866569519,-0.31326189637184143,attack,no
5237,0,0,0.0009110512499786032,-7.000911712646484,-0.0009117737063206732,attack,no
5238,0,0,5.1442195260093975e-05,-9.8750581741333,-5.781483559985645e-05,attack,no
5239,0,0,0.37754066879814546,-0.9740772247314453,-0.4740772247314453,attack,no
5240,0,1,0.9996646498086224,-0.00033682872890494764,-8.000336647033691,attack,yes
5241,0,1,0.9992903296110953,-0.0007109498255886137,-7.250710964202881,attack,yes
5242,0,0,0.00013982204087139384,-8.875144004821777,-0.00014375607133843005,attack,no
5243,0,1,0.9959298622331388,-0.004079354461282492,-5.504079341888428,attack,yes
5244,0,0,2.9023123311055552e-06,-12.750007629394531,-7.748573807475623e-06,attack,no
5245,0,1,0.9995694428561733,-0.0004316828562878072,-7.750431537628174,attack,yes
5246,0,0,5.422219615967477e-06,-12.125012397766113,-1.2516897186287679e-05,attack,no
5247,0,1,0.6791787121629466,-0.3868712782859802,-1.136871337890625,attack,yes
5248,0,1,0.9999417087413889,-5.900685573578812e-05,-9.750059127807617,attack,yes
5249,0,0,0.00017952800921906524,-8.6251802444458,-0.00018046658078674227,attack,no
5250,0,0,2.9023112932045342e-06,-12.750005722045898,-5.483612312673358e-06,attack,no
5251,0,0,0.22270013882530884,-1.5019294023513794,-0.2519294023513794,attack,no
5252,0,0,1.9947294836809925e-06,-13.125007629394531,-7.510157047363464e-06,attack,no
5253,0,1,0.7772998663336157,-0.2519291341304779,-1.5019291639328003,attack,yes
5254,0,0,4.006369219073056e-05,-10.125043869018555,-4.386805812828243e-05,attack,no
5255,0,0,0.0024726226466751226,-6.002476215362549,-0.0024760086089372635,attack,no
5256,0,0,8.481101106463894e-05,-9.375088691711426,-8.83301836438477e-05,attack,no
5257,0,1,0.9968273165595951,-0.003178308717906475,-5.753178119659424,attack,yes
5258,0,0,1.4738981971250963e-05,-11.125020980834961,-2.098061486321967e-05,attack,no
5259,0,1,0.9997040428290607,-0.00029774048016406596,-8.125297546386719,attack,yes
5260,0,1,0.9933071495648425,-0.006716177798807621,-5.006716251373291,attack,yes
5261,0,0,0.0007096703894000376,-7.2507100105285645,-0.0007099968497641385,attack,no
5262,0,0,0.0001795280519750188,-8.625181198120117,-0.00018165845540352166,attack,no
5263,0,1,0.9984988178310356,-0.0015038858400657773,-6.501503944396973,attack,yes
5264,0,0,8.481101106463894e-05,-9.375088691711426,-8.83301836438477e-05,attack,no
5265,0,0,0.0006263340347418369,-7.3756279945373535,-0.0006277974462136626,attack,no
5266,0,0,0.00033535019148488756,-8.000335693359375,-0.0003358753747306764,attack,no
5267,0,0,0.07585818054355695,-2.578889846801758,-0.07888985425233841,attack,no
5268,0,0,0.0003353501112555357,-8.000338554382324,-0.00033849707688204944,attack,no
5269,0,1,0.9998766053808433,-0.00012432756193447858,-9.000123977661133,attack,yes
5270,0,1,0.9988304897008111,-0.0011711412807926536,-6.751171112060547,attack,yes
5271,0,0,4.006370174344354e-05,-10.125042915344238,-4.31528314948082e-05,attack,no
5272,0,0,0.0001233945749933723,-9.000126838684082,-0.00012683063687290996,attack,no
5273,0,0,1.6701415871413568e-05,-11.000021934509277,-2.1576648578047752e-05,attack,no
5274,0,1,0.9859363753070244,-0.014163801446557045,-4.264163970947266,attack,yes
5275,0,1,0.9998766054690947,-0.0001245659514097497,-9.00012493133545,attack,yes
5276,0,1,0.9998415638206919,-0.0001599660754436627,-8.750160217285156,attack,yes
5277,0,0,0.2689414213699951,-1.3132619857788086,-0.3132619857788086,attack,no
5278,0,0,0.04742587856304458,-3.0485873222351074,-0.04858744144439697,attack,no
5279,0,0,0.00023050663335906588,-8.375232696533203,-0.00023231192608363926,attack,no
5280,0,0,0.037326885068457556,-3.288041591644287,-0.038041528314352036,attack,no
5281,0,1,0.9820137903340027,-0.018150312826037407,-4.018150329589844,attack,yes
5282,0,1,0.9626731091754309,-0.03804359585046768,-3.28804349899292,attack,yes
5283,0,1,0.9998766053661514,-0.00012540031457319856,-9.00012493133545,attack,yes
5284,0,0,0.001926734980326383,-6.251928806304932,-0.0019289711490273476,attack,no
5285,0,0,3.5356242284416974e-05,-10.250040054321289,-3.981510963058099e-05,attack,no
5286,0,1,0.9998766054396822,-0.0001248043408850208,-9.00012493133545,attack,yes
5287,0,0,0.01406362805050406,-4.264163494110107,-0.014163566753268242,attack,no
5288,0,0,0.0005527785521546823,-7.500554084777832,-0.0005539313424378633,attack,no
5289,0,0,7.338210679816025e-07,-14.125007629394531,-7.748573807475623e-06,attack,no
5290,0,1,0.9998415637074057,-0.00016068121476564556,-8.750160217285156,attack,yes
5291,0,1,0.9998415637829308,-0.00016020445036701858,-8.750160217285156,attack,yes
5292,0,1,0.9999785550413589,-2.2411095415009186e-05,-10.750021934509277,attack,yes
5293,0,1,0.7310585786300049,-0.31326234340667725,-1.3132623434066772,attack,yes
5294,0,1,0.9996646498486834,-0.00033766290289349854,-8.000337600708008,attack,yes
5295,0,1,0.9988304895611497,-0.0011707840021699667,-6.751170635223389,attack,yes
5296,0,0,0.0024726232330138753,-6.002476215362549,-0.002476246329024434,attack,no
5297,0,1,0.9992903295265972,-0.0007110689766705036,-7.250710964202881,attack,yes
5298,0,1,0.9914225138418188,-0.00861605815589428,-4.758615970611572,attack,yes
5299,0,1,0.9890130597678383,-0.011048096232116222,-4.511048316955566,attack,yes
5300,0,1,0.9998415637641227,-0.00016318420239258558,-8.750163078308105,attack,yes
5301,0,1,0.9914225147763652,-0.008614994585514069,-4.758615016937256,attack,yes
5302,0,0,1.0129987357158385e-05,-11.500014305114746,-1.3947389561508317e-05,attack,no
5303,0,1,0.9933071503511611,-0.006716059520840645,-5.006716251373291,attack,yes
5304,0,0,0.00015843619818758245,-8.750160217285156,-0.00016008525562938303,attack,no
5305,0,0,0.00023050682551362274,-8.375234603881836,-0.00023505308490712196,attack,no
5306,0,0,1.3007123812980297e-05,-11.250017166137695,-1.680836794548668e-05,attack,no
5307,0,1,0.7772998663336157,-0.2519291341304779,-1.5019291639328003,attack,yes
5308,0,1,0.9998415637640259,-0.00015937011630740017,-8.75015926361084,attack,yes
5309,0,1,0.9984988174708712,-0.0015026956098154187,-6.501502513885498,attack,yes
5310,0,1,0.9820137903340027,-0.018150312826037407,-4.018150329589844,attack,yes
5311,0,0,3.535625493182252e-05,-10.25003719329834,-3.731181277544238e-05,attack,no
5312,0,0,0.5,-0.6931473016738892,-0.6931473016738892,attack,no
5313,0,1,0.9859363704127807,-0.014164154417812824,-4.264163970947266,attack,yes
5314,0,1,0.999972464312179,-2.8490614567999728e-05,-10.500028610229492,attack,yes
5315,0,0,4.006369695163779e-05,-10.125051498413086,-5.1616290875244886e-05,attack,no
5316,0,1,0.9997388097210685,-0.00026306029758416116,-8.250263214111328,attack,yes
5317,0,0,1.4738980213663584e-05,-11.125022888183594,-2.276871418871451e-05,attack,no
5318,0,0,0.00010889693531733127,-9.125110626220703,-0.00011085849109804258,attack,no
5319,0,0,0.00023050671580585652,-8.375231742858887,-0.0002317160106031224,attack,no
5320,0,1,0.999978555049028,-2.2053474822314456e-05,-10.750021934509277,attack,yes
5321,0,0,4.0063696967815485e-05,-10.125042915344238,-4.303362584323622e-05,attack,no
5322,0,1,0.9995694429075401,-0.0004320403386373073,-7.750432014465332,attack,yes
5323,0,0,2.9023112932045342e-06,-12.750005722045898,-5.483612312673358e-06,attack,no
5324,0,0,3.7266406167488732e-06,-12.500009536743164,-9.894321920000948e-06,attack,no
5325,0,1,0.9996646497686785,-0.0003369478799868375,-8.000336647033691,attack,yes
5326,0,1,0.9859363703223857,-0.014163684099912643,-4.264163494110107,attack,yes
5327,0,0,1.1478772230198667e-05,-11.375018119812012,-1.847726889536716e-05,attack,no
5328,0,1,0.6224593312018546,-0.4740772843360901,-0.9740772843360901,attack,yes
5329,0,0,0.00015843621694717783,-8.750164985656738,-0.00016497205069754273,attack,no
5330,0,0,1.4738976701411702e-05,-11.125017166137695,-1.680836794548668e-05,attack,no
5331,0,1,0.9820137861886837,-0.01815054751932621,-4.018150329589844,attack,yes
5332,0,0,1.6701423835320418e-05,-11.000020980834961,-2.109982233378105e-05,attack,no
5333,0,1,0.9996646498086224,-0.00033682872890494764,-8.000336647033691,attack,yes
5334,0,0,0.11920292515117029,-2.1269283294677734,-0.12692835927009583,attack,no
5335,0,0,0.00017952803051998656,-8.62518310546875,-0.00018344627460464835,attack,no
5336,0,1,0.9999546021097017,-4.7205765440594405e-05,-10.000046730041504,attack,yes
5337,0,0,7.889260704818233e-06,-11.750011444091797,-1.1205610462639015e-05,attack,no
5338,0,1,0.9998766053955637,-0.00012516192509792745,-9.00012493133545,attack,yes
5339,0,1,0.9996646498885299,-0.000336590368533507,-8.000336647033691,attack,yes
5340,0,1,0.9994472214484241,-0.0005558376433327794,-7.500555992126465,attack,yes
5341,0,0,8.481107173712087e-05,-9.375085830688477,-8.618460560683161e-05,attack,no
5342,0,0,0.1480471961522176,-1.9102243185043335,-0.1602243036031723,attack,no
5343,0,1,0.9996646497686785,-0.0003369478799868375,-8.000336647033691,attack,yes
5344,0,0,4.222833947960867e-06,-12.375006675720215,-6.794906312279636e-06,attack,no
5345,0,0,0.029312229267415526,-3.5297505855560303,-0.029750533401966095,attack,no
5346,0,0,0.006692849670509208,-5.006715774536133,-0.006715585943311453,attack,no
5347,0,0,0.0052201262521444506,-5.2552337646484375,-0.005233872216194868,attack,no
5348,0,1,0.9996646497288322,-0.00033802041434682906,-8.000337600708008,attack,yes
5349,0,1,0.9914225128043136,-0.008615703321993351,-4.758615493774414,attack,yes
5350,0,0,0.00020342694950050582,-8.500205993652344,-0.00020585325546562672,attack,no
5351,0,0,8.939696303758459e-06,-11.625015258789062,-1.5258672647178173e-05,attack,no
5352,0,0,0.0003353500715262566,-8.000336647033691,-0.0003364712174516171,attack,no
5353,0,1,0.9626731156008578,-0.038041986525058746,-3.2880420684814453,attack,yes
5354,0,0,1.8925148241493373e-05,-10.875021934509277,-2.1934269170742482e-05,attack,no
5355,0,0,0.00013982207417849628,-8.875144958496094,-0.00014494798961095512,attack,no
5356,0,0,0.00026119043453447834,-8.250263214111328,-0.0002636561985127628,attack,no
5357,0,0,1.6701429808298613e-05,-11.000020027160645,-2.0503786799963564e-05,attack,no
5358,0,0,0.2689414096510108,-1.3132622241973877,-0.3132621645927429,attack,no
5359,0,0,0.0002611902166296142,-8.250264167785645,-0.0002637753786984831,attack,no
5360,0,1,0.999447221381889,-0.0005535738891921937,-7.500553607940674,attack,yes
5361,0,1,0.9990889486424153,-0.0009128456003963947,-7.000912666320801,attack,yes
5362,0,1,0.9975273767669861,-0.002476246329024434,-6.002476215362549,attack,yes
5363,0,1,0.5621765008857981,-0.5759396553039551,-0.8259396553039551,attack,yes
5364,0,0,5.422218323448523e-06,-12.125008583068848,-8.4638240878121e-06,attack,no
5365,0,0,0.00026119031012052904,-8.250262260437012,-0.00026222606538794935,attack,no
5366,0,1,0.9984988176514769,-0.001503528794273734,-6.5015034675598145,attack,yes
5367,0,0,0.01798621394291383,-4.0181498527526855,-0.018150078132748604,attack,no
5368,0,0,5.144222592963322e-05,-9.875054359436035,-5.4596363042946905e-05,attack,no
5369,0,0,1.4738976700661031e-05,-11.125020027160645,-1.966933996300213e-05,attack,no
5370,0,0,3.120190393590123e-05,-10.375035285949707,-3.504691630951129e-05,attack,no
5371,0,0,0.0015011819927211354,-6.501502990722656,-0.0015028145862743258,attack,no
5372,0,1,0.9999785550464715,-2.2172682292875834e-05,-10.750021934509277,attack,yes
5373,0,1,0.9999417087413955,-6.09140915912576e-05,-9.75006103515625,attack,yes
5374,0,1,0.9706877674467155,-0.029750648885965347,-3.5297505855560303,attack,yes
5375,0,0,0.2689414272294874,-1.313261866569519,-0.31326189637184143,attack,no
5376,0,1,0.9975273764821437,-0.002477792324498296,-6.002477645874023,attack,yes
5377,0,0,1.89251482406672e-05,-10.87502384185791,-2.3841574147809297e-05,attack,no
5378,0,0,5.1442195268327955e-05,-9.875055313110352,-5.495397272170521e-05,attack,no
5379,0,0,0.003172683435250323,-5.753178596496582,-0.0031787839252501726,attack,no
5380,0,1,0.9859363737703095,-0.014164389111101627,-4.264164447784424,attack,yes
5381,0,0,3.535624649751729e-05,-10.250041007995605,-4.088794958079234e-05,attack,no
5382,0,1,0.9996646498885299,-0.000336590368533507,-8.000336647033691,attack,yes
5383,0,1,0.9988304895630534,-0.0011722128838300705,-6.751172065734863,attack,yes
5384,0,1,0.9626731121204184,-0.03804256021976471,-3.2880425453186035,attack,yes
5385,0,0,0.0007096705583547517,-7.2507100105285645,-0.0007102350937202573,attack,no
5386,0,1,0.998830489979726,-0.0011713793501257896,-6.751171588897705,attack,yes
5387,0,1,0.8807970889295664,-0.12692846357822418,-2.1269285678863525,attack,yes
5388,0,1,0.9399133512987253,-0.061968062072992325,-2.8119680881500244,attack,yes
5389,0,0,0.0001398220575534256,-8.875143051147461,-0.0001429217227268964,attack,no
5390,0,1,0.9995694428561733,-0.0004316828562878072,-7.750431537628174,attack,yes
5391,0,0,0.0003799845323179464,-7.875381946563721,-0.0003819928097072989,attack,no
5392,0,1,0.994779874993188,-0.005234109237790108,-5.255234241485596,attack,yes
5393,0,1,0.9933071503511611,-0.006716059520840645,-5.006716251373291,attack,yes
5394,0,1,0.9626731149315425,-0.038041528314352036,-3.288041591644287,attack,yes
5395,0,0,0.5,-0.6931474208831787,-0.6931474208831787,attack,no
5396,0,0,1.892515726357648e-05,-10.875025749206543,-2.6225699912174605e-05,attack,no
5397,0,1,0.9968273169402904,-0.003178665181621909,-5.753178596496582,attack,yes
5398,0,1,0.9998415638395737,-0.00015984688070602715,-8.750160217285156,attack,yes
5399,0,0,1.0129990979381404e-05,-11.500017166137695,-1.7165990357170813e-05,attack,no
5400,0,1,0.9999038975391474,-9.870042413240299e-05,-9.25009822845459,attack,yes
5401,0,0,1.3007123812980297e-05,-11.250017166137695,-1.680836794548668e-05,attack,no
5402,0,0,0.0003799845321742338,-7.875382900238037,-0.0003829461056739092,attack,no
5403,0,0,0.0001233946191424094,-9.00012493133545,-0.000125281119835563,attack,no
5404,0,0,0.001169510438850347,-6.751170635223389,-0.0011707840021699667,attack,no
5405,0,1,0.9998415638395737,-0.00015984688070602715,-8.750160217285156,attack,yes
5406,0,0,8.315277302819206e-07,-14.000003814697266,-3.4570634852570947e-06,attack,no
5407,0,0,1.3709567165530085e-06,-13.500004768371582,-4.410734163684538e-06,attack,no
5408,0,0,0.5,-0.6931487321853638,-0.6931487321853638,attack,no
5409,0,0,5.1442201402646046e-05,-9.875054359436035,-5.411955135059543e-05,attack,no
5410,0,0,8.939695237666677e-06,-11.625018119812012,-1.8000440832111053e-05,attack,no
5411,0,0,0.00033535015142387105,-8.000336647033691,-0.0003367095487192273,attack,no
5412,0,0,0.00017952798782411427,-8.6251802444458,-0.00018034738604910672,attack,no
5413,0,0,0.00017952805194367474,-8.625182151794434,-0.00018261195509694517,attack,no
5414,0,0,7.889260704732132e-06,-11.750012397766113,-1.2159273865108844e-05,attack,no
5415,0,0,0.0002034270219793761,-8.500211715698242,-0.0002119316632160917,attack,no
5416,0,0,0.0003353502314288283,-8.000335693359375,-0.0003359945258125663,attack,no
5417,0,1,0.999088948642839,-0.0009133219718933105,-7.000913143157959,attack,yes
5418,0,0,0.00026119024781098133,-8.250263214111328,-0.00026294111739844084,attack,no
5419,0,1,0.9975273764735295,-0.0024763653054833412,-6.002476215362549,attack,yes
5420,0,0,0.37754066879814546,-0.9740776419639587,-0.47407764196395874,attack,no
5421,0,0,0.0003353501913775638,-8.000336647033691,-0.00033682872890494764,attack,no
5422,0,0,2.260324028372372e-06,-13.000008583068848,-8.4638240878121e-06,attack,no
5423,0,1,0.989013055861532,-0.01104797888547182,-4.511047840118408,attack,yes
5424,0,1,0.9525741224467326,-0.048587895929813385,-3.0485877990722656,attack,yes
5425,0,0,3.53562549292501e-05,-10.250039100646973,-3.9219088648678735e-05,attack,no
5426,0,0,6.144176066850983e-06,-12.000008583068848,-8.821448318485636e-06,attack,no
5427,0,0,0.0010322309778134785,-6.876033306121826,-0.0010332489619031549,attack,no
5428,0,1,0.9997388095655338,-0.0002646096108946949,-8.250264167785645,attack,yes
5429,0,0,5.422217677078203e-06,-12.125008583068848,-8.34461570775602e-06,attack,no
5430,0,0,5.829127944863307e-05,-9.75006103515625,-6.12716976320371e-05,attack,no
5431,0,1,0.9996646497685711,-0.0003359945258125663,-8.000335693359375,attack,yes
5432,0,1,0.9984988178299887,-0.0015034097013995051,-6.5015034675598145,attack,yes
5433,0,1,0.9997388096588273,-0.0002632986579556018,-8.250263214111328,attack,yes
5434,0,0,4.539785782390681e-05,-10.000049591064453,-4.935142715112306e-05,attack,no
5435,0,1,0.9914225147763652,-0.008614994585514069,-4.758615016937256,attack,yes
5436,0,1,0.9996646498088372,-0.0003387354372534901,-8.000338554382324,attack,yes
5437,0,1,0.9706877682416838,-0.029751574620604515,-3.5297515392303467,attack,yes
5438,0,0,0.0066928504568277356,-5.006715774536133,-0.006715704221278429,attack,no
5439,0,0,0.0009110512499786032,-7.000911712646484,-0.0009117737063206732,attack,no
5440,0,1,0.924141814233309,-0.07889040559530258,-2.578890323638916,attack,yes
5441,0,1,0.9998601779757741,-0.0001426833332516253,-8.875143051147461,attack,yes
5442,0,1,0.9980732657094149,-0.001929566147737205,-6.251929759979248,attack,yes
5443,0,0,0.03732688480073145,-3.288041830062866,-0.03804175928235054,attack,no
5444,0,0,6.962257079832313e-06,-11.875008583068848,-8.702239938429557e-06,attack,no
5445,0,0,0.00020342707074258492,-8.500205039978027,-0.00020549570035655051,attack,no
5446,0,0,2.9023123311425104e-06,-12.750005722045898,-5.8412379075889476e-06,attack,no
5447,0,1,0.9994472213821782,-0.0005545270396396518,-7.50055456161499,attack,yes
5448,0,1,0.9968273165595951,-0.003178308717906475,-5.753178119659424,attack,yes
5449,0,0,0.0009110510315874477,-7.000913619995117,-0.0009134411229752004,attack,no
5450,0,1,0.9992903296955521,-0.0007108307327143848,-7.250710964202881,attack,yes
5451,0,0,0.0009110512491838755,-7.000912666320801,-0.0009127265075221658,attack,no
5452,0,1,0.9999869928699844,-1.4424220353248529e-05,-11.250014305114746,attack,yes
5453,0,0,7.484625403339027e-05,-9.500080108642578,-8.046303264563903e-05,attack,no
5454,0,0,4.222832437551254e-06,-12.375012397766113,-1.2159273865108844e-05,attack,no
5455,0,0,2.4300240733997425e-05,-10.625027656555176,-2.7656173188006505e-05,attack,no
5456,0,0,0.00055277868409963,-7.500553131103516,-0.0005532164941541851,attack,no
5457,0,0,0.00013982207417849628,-8.875144958496094,-0.00014494798961095512,attack,no
5458,0,1,0.9968273165595951,-0.003178308717906475,-5.753178119659424,attack,yes
5459,0,0,2.4300237837960777e-05,-10.62502670288086,-2.658331868587993e-05,attack,no
5460,0,0,7.484620051899522e-05,-9.500078201293945,-7.784063927829266e-05,attack,no
5461,0,1,0.999447221381889,-0.0005535738891921937,-7.500553607940674,attack,yes
5462,0,1,0.9770226278319489,-0.023245912045240402,-3.7732458114624023,attack,yes
5463,0,0,2.260323489435463e-06,-13.00001049041748,-1.0132738680113107e-05,attack,no
5464,0,1,0.989013058482603,-0.011048214510083199,-4.511048316955566,attack,yes
5465,0,0,4.539787946255273e-05,-10.000052452087402,-5.2689116273541003e-05,attack,no
5466,0,1,0.9984988176514769,-0.001503528794273734,-6.5015034675598145,attack,yes
5467,0,0,0.01798620759333822,-4.018150329589844,-0.018150195479393005,attack,no
5468,0,1,0.9995694429079036,-0.00043394684325903654,-7.750433921813965,attack,yes
5469,0,0,3.1201907654207106e-05,-10.375036239624023,-3.611976353568025e-05,attack,no
5470,0,1,0.9994472213821782,-0.0005545270396396518,-7.50055456161499,attack,yes
5471,0,1,0.9988304895689011,-0.00117649941239506,-6.751176357269287,attack,yes
5472,0,1,0.9975273767698575,-0.002476722002029419,-6.002476692199707,attack,yes
5473,0,0,9.610239210944684e-05,-9.250100135803223,-9.989239333663136e-05,attack,no
5474,0,1,0.9933071495865127,-0.006716651376336813,-5.006716728210449,attack,yes
5475,0,0,0.004070137294963264,-5.5040788650512695,-0.004078761208802462,attack,no
5476,0,0,1.3007125363293616e-05,-11.250018119812012,-1.7881233361549675e-05,attack,no
5477,0,1,0.9997388096276458,-0.00026246439665555954,-8.250262260437012,attack,yes
5478,0,1,0.9996646499684274,-0.0003363520372658968,-8.000336647033691,attack,yes
5479,0,0,6.962259569630267e-06,-11.875009536743164,-1.0013530300057027e-05,attack,no
5480,0,0,2.2603251062013478e-06,-13.000006675720215,-7.033323527139146e-06,attack,no
5481,0,0,1.3709570433786157e-06,-13.500008583068848,-8.4638240878121e-06,attack,no
5482,0,0,1.3007130015299356e-05,-11.250016212463379,-1.6331539882230572e-05,attack,no
5483,0,0,5.1442219797932106e-05,-9.875054359436035,-5.447716102935374e-05,attack,no
5484,0,0,3.5356242285703183e-05,-10.250039100646973,-3.886147169396281e-05,attack,no
5485,0,0,3.288749457469787e-06,-12.625004768371582,-4.887569048150908e-06,attack,no
5486,0,1,0.9999724643088966,-2.8609820219571702e-05,-10.500028610229492,attack,yes
5487,0,0,9.610246086092881e-05,-9.250097274780273,-9.77468371274881e-05,attack,no
5488,0,1,0.9990889487512399,-0.0009132028790190816,-7.000913143157959,attack,yes
5489,0,1,0.9998415637451694,-0.00016044282529037446,-8.750160217285156,attack,yes
5490,0,1,0.9980732657078478,-0.0019290901254862547,-6.25192928314209,attack,yes
5491,0,0,0.00020342694950050582,-8.500205993652344,-0.00020585325546562672,attack,no
5492,0,0,0.0002034269737015615,-8.50020694732666,-0.00020692592079285532,attack,no
5493,0,0,1.8925148241493373e-05,-10.875021934509277,-2.1934269170742482e-05,attack,no
5494,0,1,0.9999646437577117,-3.6954195820726454e-05,-10.25003719329834,attack,yes
5495,0,1,0.9998601779257645,-0.00014208737411536276,-8.875142097473145,attack,yes
5496,0,0,0.0009110510327530481,-7.000912189483643,-0.0009120118920691311,attack,no
5497,0,0,1.4738985486265492e-05,-11.125017166137695,-1.7404405298293568e-05,attack,no
5498,0,0,0.010986942853232415,-4.511047840118408,-0.011047860607504845,attack,no
5499,0,0,6.962258739530771e-06,-11.875011444091797,-1.1801649634435307e-05,attack,no
5500,0,1,0.7772998714925403,-0.25192922353744507,-1.5019292831420898,attack,yes
5501,0,0,0.00043055704126817955,-7.750431537628174,-0.0004314445541240275,attack,no
5502,0,0,0.029312229267415526,-3.5297505855560303,-0.029750533401966095,attack,no
5503,0,1,0.9947798750052788,-0.005234583746641874,-5.255234718322754,attack,yes
5504,0,1,0.9998415637829052,-0.00015925093612167984,-8.75015926361084,attack,yes
5505,0,0,0.00033535027095323564,-8.00033950805664,-0.0003399271226953715,attack,no
5506,0,0,4.00637112961588e-05,-10.125041961669922,-4.2437604861333966e-05,attack,no
5507,0,0,1.5534983101549164e-06,-13.375003814697266,-4.172316494077677e-06,attack,no
5508,0,0,0.0005527786834886249,-7.500555038452148,-0.0005551227368414402,attack,no
5509,0,1,0.9626731107817877,-0.03804164379835129,-3.288041591644287,attack,yes
5510,0,0,4.785096776433934e-06,-12.250007629394531,-8.106198947643861e-06,attack,no
5511,0,1,0.9995694429074525,-0.00043156370520591736,-7.750431537628174,attack,yes
5512,0,0,0.00015843623597417694,-8.75015926361084,-0.00015937011630740017,attack,no
5513,0,0,7.889259763857458e-06,-11.750016212463379,-1.585470999998506e-05,attack,no
5514,0,0,0.000379984577299943,-7.8753838539123535,-0.0003840185818262398,attack,no
5515,0,1,0.99992515379947,-7.593343616463244e-05,-9.500076293945312,attack,yes
5516,0,0,1.553497384196656e-06,-13.375004768371582,-4.529942543740617e-06,attack,no
5517,0,0,1.3007130013856122e-05,-11.250021934509277,-2.2053474822314456e-05,attack,no
5518,0,0,0.0006263341838686911,-7.3756279945373535,-0.0006280356901697814,attack,no
5519,0,0,1.2098655392222467e-06,-13.625011444091797,-1.1324817933200393e-05,attack,no
5520,0,0,2.4300252320622747e-05,-10.625027656555176,-2.8132995794294402e-05,attack,no
5521,0,1,0.9997388095654046,-0.0002627027570270002,-8.250262260437012,attack,yes
5522,0,0,2.4300232043987867e-05,-10.625027656555176,-2.729855441430118e-05,attack,no
5523,0,1,0.999447221448006,-0.0005544078885577619,-7.50055456161499,attack,yes
5524,0,1,0.9996646499684274,-0.0003363520372658968,-8.000336647033691,attack,yes
5525,0,0,0.017986211738656763,-4.018150329589844,-0.01815043017268181,attack,no
5526,0,0,0.0009110512495547487,-7.000912189483643,-0.000912250077817589,attack,no
5527,0,1,0.9998766053808433,-0.00012432756193447858,-9.000123977661133,attack,yes
5528,0,0,0.00020342704634026146,-8.500208854675293,-0.00020919041708111763,attack,no
5529,0,0,8.939695238333382e-06,-11.62501335144043,-1.3232143828645349e-05,attack,no
5530,0,1,0.9984988180083259,-0.001503290724940598,-6.5015034675598145,attack,yes
5531,0,1,0.9980732654790533,-0.0019292091019451618,-6.25192928314209,attack,yes
5532,0,0,1.4738976701411702e-05,-11.125017166137695,-1.680836794548668e-05,attack,no
5533,0,0,6.96225458985162e-06,-11.87501049041748,-1.0251946150674485e-05,attack,no
5534,0,0,0.01798621187025419,-4.0181498527526855,-0.018149960786104202,attack,no
5535,0,0,0.09534945654437685,-2.3502073287963867,-0.10020723193883896,attack,no
5536,0,1,0.5621765008857981,-0.5759404897689819,-0.8259404897689819,attack,yes
5537,0,0,0.00017952796643177783,-8.6251802444458,-0.0001802282058633864,attack,no
5538,0,0,0.0011695100209540533,-6.751171112060547,-0.0011709030950441957,attack,no
5539,0,0,4.5397879464864824e-05,-10.000051498413086,-5.173549288883805e-05,attack,no
5540,0,0,9.422443692527586e-07,-13.875003814697266,-3.576272320060525e-06,attack,no
5541,0,0,2.1444943296369872e-05,-10.750033378601074,-3.313963316031732e-05,attack,no
5542,0,1,0.9997388096898796,-0.00026222606538794935,-8.250262260437012,attack,yes
5543,0,0,0.00043055704126817955,-7.750431537628174,-0.0004314445541240275,attack,no
5544,0,1,0.999903897550593,-9.762764238985255e-05,-9.250097274780273,attack,yes
5545,0,0,0.022977372293497,-3.7732455730438232,-0.02324567921459675,attack,no
5546,0,1,0.6224593312018546,-0.4740772843360901,-0.9740772843360901,attack,yes
5547,0,0,3.53562549292501e-05,-10.250039100646973,-3.9219088648678735e-05,attack,no
5548,0,1,0.9999869928730853,-1.4185804502631072e-05,-11.250014305114746,attack,yes
5549,0,0,1.2098659719601036e-06,-13.625005722045898,-5.960446742392378e-06,attack,no
5550,0,0,0.4378234991142019,-0.8259395360946655,-0.5759395360946655,attack,no
5551,0,1,0.9999546021475852,-4.827859811484814e-05,-10.000048637390137,attack,yes
5552,0,0,0.0004305570413558578,-7.750431060791016,-0.00043096792069263756,attack,no
5553,0,1,0.9998766054544027,-0.00012563870404846966,-9.000125885009766,attack,yes
5554,0,0,0.0002959572062787097,-8.125296592712402,-0.00029690624796785414,attack,no
5555,0,1,0.9626731110495138,-0.03804187476634979,-3.288041830062866,attack,yes
5556,0,1,0.9968273176921079,-0.0031784274615347385,-5.753178596496582,attack,yes
5557,0,1,0.998830489700131,-0.0011706650257110596,-6.751170635223389,attack,yes
5558,0,1,0.9859363754878143,-0.014164742082357407,-4.264164924621582,attack,yes
5559,0,1,0.9994472213821782,-0.0005545270396396518,-7.50055456161499,attack,yes
5560,0,1,0.9996646498885299,-0.000336590368533507,-8.000336647033691,attack,yes
5561,0,0,6.605216830890552e-05,-9.625070571899414,-7.092700980138034e-05,attack,no
5562,0,1,0.9984988176514769,-0.001503528794273734,-6.5015034675598145,attack,yes
5563,0,1,0.9706877674467155,-0.029750648885965347,-3.5297505855560303,attack,yes
5564,0,1,0.9998766054690947,-0.0001245659514097497,-9.00012493133545,attack,yes
5565,0,0,1.2098661161982044e-06,-13.625003814697266,-4.172316494077677e-06,attack,no
5566,0,0,1.7603438428564603e-06,-13.250005722045898,-6.079655122448457e-06,attack,no
5567,0,0,0.07585818733363135,-2.578890085220337,-0.07889018952846527,attack,no
5568,0,0,2.9023123311425104e-06,-12.750005722045898,-5.8412379075889476e-06,attack,no
5569,0,0,2.260323758882316e-06,-13.00001049041748,-1.0251946150674485e-05,attack,no
5570,0,1,0.8175744806385543,-0.20141372084617615,-1.7014137506484985,attack,yes
5571,0,0,0.001169510439530295,-6.7511701583862305,-0.0011703077470883727,attack,no
5572,0,0,0.0002959571002522352,-8.125299453735352,-0.00029940891545265913,attack,no
5573,0,1,0.999841563801787,-0.0001591317413840443,-8.75015926361084,attack,yes
5574,0,0,0.0019267345227375813,-6.251928806304932,-0.0019287331961095333,attack,no
5575,0,1,0.9997388095654046,-0.0002627027570270002,-8.250262260437012,attack,yes
5576,0,0,3.1201907654207106e-05,-10.375036239624023,-3.611976353568025e-05,attack,no
5577,0,0,0.017986209665997375,-4.018150329589844,-0.018150312826037407,attack,no
5578,0,1,0.9995694428562609,-0.00043215948971919715,-7.750432014465332,attack,yes
5579,0,0,0.00012339458973006418,-9.00012493133545,-0.0001250427303602919,attack,no
5580,0,0,0.00062633403492401,-7.375627517700195,-0.0006273209000937641,attack,no
5581,0,0,3.535625914492433e-05,-10.250038146972656,-3.838465272565372e-05,attack,no
5582,0,0,6.475951069961737e-07,-14.250003814697266,-4.291525328881107e-06,attack,no
5583,0,0,0.00020342702210072175,-8.500208854675293,-0.0002090712368953973,attack,no
5584,0,0,0.005220126854256756,-5.255234241485596,-0.005234465003013611,attack,no
5585,0,0,2.7535687818640727e-05,-10.500031471252441,-3.135155202471651e-05,attack,no
5586,0,0,0.000552778552283315,-7.500553607940674,-0.0005534547381103039,attack,no
5587,0,1,0.9770226304244968,-0.02324579656124115,-3.7732458114624023,attack,yes
5588,0,1,0.9990889489680417,-0.0009129646932706237,-7.000913143157959,attack,yes
5589,0,1,0.9241418116217418,-0.07888996601104736,-2.578889846801758,attack,yes
5590,0,0,3.7266406167488732e-06,-12.500009536743164,-9.894321920000948e-06,attack,no
5591,0,0,7.889265407177056e-06,-11.75001049041748,-1.0847986231965479e-05,attack,no
5592,0,0,0.26894141551050293,-1.3132624626159668,-0.3132624328136444,attack,no
5593,0,0,0.0002611903720957068,-8.250266075134277,-0.000266278104390949,attack,no
5594,0,0,0.00029595717093941764,-8.125297546386719,-0.00029774048016406596,attack,no
5595,0,0,6.962258739530771e-06,-11.875011444091797,-1.1801649634435307e-05,attack,no
5596,0,1,0.9999038976193261,-9.786603914108127e-05,-9.25009822845459,attack,yes
5597,0,0,0.00023050671580585652,-8.375231742858887,-0.0002317160106031224,attack,no
5598,0,1,0.9998766053955637,-0.00012516192509792745,-9.00012493133545,attack,yes
5599,0,1,0.999964643745067,-3.635817120084539e-05,-10.250036239624023,attack,yes
5600,0,0,0.00023050666082455844,-8.375232696533203,-0.0002324311062693596,attack,no
5601,0,1,0.9999417087205447,-5.936446541454643e-05,-9.750059127807617,attack,yes
5602,0,0,9.610238063677137e-05,-9.250102043151855,-0.00010168035078095272,attack,no
5603,0,1,0.9997388096588273,-0.0002632986579556018,-8.250263214111328,attack,yes
5604,0,0,7.889260704818233e-06,-11.750011444091797,-1.1205610462639015e-05,attack,no
5605,0,1,0.9859363737703095,-0.014164389111101627,-4.264164447784424,attack,yes
5606,0,0,6.144173869156298e-06,-12.000014305114746,-1.4185804502631072e-05,attack,no
5607,0,1,0.9997388096587665,-0.0002623452164698392,-8.250262260437012,attack,yes
5608,0,0,3.288749849498566e-06,-12.625005722045898,-5.960446742392378e-06,attack,no
5609,0,0,0.00017952798770134995,-8.625184059143066,-0.00018416139937471598,attack,no
5610,0,0,0.00026119043453447834,-8.250263214111328,-0.0002636561985127628,attack,no
5611,0,1,0.9997388095965861,-0.00026353701832704246,-8.250263214111328,attack,yes
5612,0,0,0.32082129433083023,-1.1368712186813354,-0.38687118887901306,attack,no
5613,0,0,0.017986209665997375,-4.018150329589844,-0.018150312826037407,attack,no
5614,0,0,3.53562549329801e-05,-10.250036239624023,-3.635817120084539e-05,attack,no
5615,0,0,0.00013982214083137844,-8.875144958496094,-0.0001454247540095821,attack,no
5616,0,1,0.9820137903340027,-0.018150312826037407,-4.018150329589844,attack,yes
5617,0,0,0.00012339458973006418,-9.00012493133545,-0.0001250427303602919,attack,no
5618,0,0,0.00010889692233880389,-9.125110626220703,-0.00011073929636040702,attack,no
5619,0,0,8.315279285292798e-07,-14.000004768371582,-4.6491513785440475e-06,attack,no
5620,0,1,0.9859363722335944,-0.01416497677564621,-4.264164924621582,attack,yes
5621,0,0,5.422219616184461e-06,-12.125008583068848,-8.702239938429557e-06,attack,no
5622,0,1,0.9996646497288322,-0.00033802041434682906,-8.000337600708008,attack,yes
5623,0,0,0.00020342697378147206,-8.500205039978027,-0.000205018965061754,attack,no
5624,0,1,0.9999785550541406,-2.1815061700181104e-05,-10.750021934509277,attack,yes
5625,0,1,0.9525741285053948,-0.048588238656520844,-3.048588275909424,attack,yes
5626,0,1,0.9984988180083259,-0.001503290724940598,-6.5015034675598145,attack,yes
5627,0,1,0.9770226305499425,-0.023246029391884804,-3.7732460498809814,attack,yes
5628,0,1,0.9990889489676177,-0.0009124883217737079,-7.000912666320801,attack,yes
5629,0,1,0.9994472212505229,-0.0005547653418034315,-7.50055456161499,attack,yes
5630,0,0,0.00116951016075143,-6.751170635223389,-0.0011705459328368306,attack,no
5631,0,0,2.9023112931477826e-06,-12.750008583068848,-8.34461570775602e-06,attack,no
5632,0,1,0.9999756997679548,-2.539125671319198e-05,-10.625025749206543,attack,yes
5633,0,1,0.9996646500083713,-0.00033623288618400693,-8.000336647033691,attack,yes
5634,0,1,0.924141814233309,-0.07889040559530258,-2.578890323638916,attack,yes
5635,0,0,1.8925155008941717e-05,-10.875022888183594,-2.3245540432981215e-05,attack,no
5636,0,0,5.829124470847916e-05,-9.75006103515625,-6.067568756407127e-05,attack,no
5637,0,0,0.01798620759333822,-4.018150329589844,-0.018150195479393005,attack,no
5638,0,1,0.9998766053955637,-0.00012516192509792745,-9.00012493133545,attack,yes
5639,0,0,0.0009110513583794728,-7.000911712646484,-0.0009118927991949022,attack,no
5640,0,0,0.000430557092284397,-7.750432968139648,-0.00043299360550008714,attack,no
5641,0,1,0.9994472212502334,-0.0005538121913559735,-7.500553607940674,attack,yes
5642,0,1,0.999088948858846,-0.0009121309849433601,-7.000912189483643,attack,yes
5643,0,1,0.9988304898399285,-0.0011710221879184246,-6.751171112060547,attack,yes
5644,0,0,1.1478768125577024e-05,-11.375016212463379,-1.6212332411669195e-05,attack,no
5645,0,1,0.9980732654842024,-0.0019306369358673692,-6.2519307136535645,attack,yes
5646,0,0,0.5,-0.6931474208831787,-0.6931474208831787,attack,no
5647,0,1,0.9980732654790533,-0.0019292091019451618,-6.25192928314209,attack,yes
5648,0,0,3.726640616840385e-06,-12.500006675720215,-7.033323527139146e-06,attack,no
5649,0,0,0.0011695102998688749,-6.751170635223389,-0.0011706650257110596,attack,no
5650,0,0,1.4738981971813964e-05,-11.125019073486328,-1.9073304429184645e-05,attack,no
5651,0,1,0.9997965730262185,-0.000205018965061754,-8.500205039978027,attack,yes
5652,0,0,0.010986944138468074,-4.511047840118408,-0.01104797888547182,attack,no
5653,0,0,1.8925152751656582e-05,-10.875025749206543,-2.5987286790041253e-05,attack,no
5654,0,1,0.9999251537370287,-7.772143726469949e-05,-9.500077247619629,attack,yes
5655,0,0,3.535626335686906e-05,-10.250040054321289,-4.0411134250462055e-05,attack,no
5656,0,0,0.01406362805050406,-4.264163494110107,-0.014163566753268242,attack,no
5657,0,1,0.8519528076067262,-0.16022451221942902,-1.9102245569229126,attack,yes
5658,0,0,0.00020342702210072175,-8.500208854675293,-0.0002090712368953973,attack,no
5659,0,1,0.9399133433038893,-0.06196772679686546,-2.811967611312866,attack,yes
5660,0,1,0.9980732657147876,-0.0019309938652440906,-6.251931190490723,attack,yes
5661,0,1,0.9995694428563486,-0.0004326361231505871,-7.75043249130249,attack,yes
5662,0,1,0.989013058482603,-0.011048214510083199,-4.511048316955566,attack,yes
5663,0,0,1.0129990979215566e-05,-11.500018119812012,-1.811964830267243e-05,attack,no
5664,0,1,0.9990889489676177,-0.0009124883217737079,-7.000912666320801,attack,yes
5665,0,1,0.9994472213161899,-0.0005541696446016431,-7.500554084777832,attack,yes
5666,0,1,0.9996646500084787,-0.00033718624035827816,-8.000337600708008,attack,yes
5667,0,1,0.999903897550593,-9.762764238985255e-05,-9.250097274780273,attack,yes
5668,0,0,0.18242552380635632,-1.7014141082763672,-0.2014141082763672,attack,no
5669,0,1,0.9999151889687183,-8.856858039507642e-05,-9.375088691711426,attack,yes
5670,0,1,0.9984988178287671,-0.0015029336791485548,-6.501502990722656,attack,yes
5671,0,0,0.11920291419948606,-2.1269283294677734,-0.12692825496196747,attack,no
5672,0,1,0.9999832985821364,-1.7881233361549675e-05,-11.000018119812012,attack,yes
5673,0,0,0.18242551491653522,-1.7014133930206299,-0.2014133334159851,attack,no
5674,0,0,2.7535691100960147e-05,-10.500031471252441,-3.1470757676288486e-05,attack,no
5675,0,1,0.9770226278319489,-0.023245912045240402,-3.7732458114624023,attack,yes
5676,0,0,0.0007096705583547517,-7.2507100105285645,-0.0007102350937202573,attack,no
5677,0,1,0.9990889488604356,-0.0009140365873463452,-7.000914096832275,attack,yes
5678,0,0,0.00010889688339134739,-9.12511157989502,-0.0001113352773245424,attack,no
5679,0,0,0.0019267347515319684,-6.251928806304932,-0.0019288521725684404,attack,no
5680,0,0,0.0005527786178216496,-7.50055456161499,-0.0005545270396396518,attack,no
5681,0,1,0.9999038976193261,-9.786603914108127e-05,-9.25009822845459,attack,yes
5682,0,1,0.9999417087552881,-5.972207145532593e-05,-9.750060081481934,attack,yes
5683,0,1,0.9998766054396679,-0.00012385078298393637,-9.000123977661133,attack,yes
5684,0,0,1.473898372822193e-05,-11.125020980834961,-2.109982233378105e-05,attack,no
5685,0,0,4.222833947960867e-06,-12.375006675720215,-6.794906312279636e-06,attack,no
5686,0,0,0.029312229267415526,-3.5297505855560303,-0.029750533401966095,attack,no
5687,0,0,1.3007130015299356e-05,-11.250016212463379,-1.6331539882230572e-05,attack,no
5688,0,0,5.8291244701693575e-05,-9.750062942504883,-6.258291978156194e-05,attack,no
5689,0,1,0.993307147970535,-0.006715940777212381,-5.006715774536133,attack,yes
5690,0,1,0.9706877709445761,-0.0297507643699646,-3.5297508239746094,attack,yes
5691,0,0,0.0005527786181110731,-7.500553607940674,-0.0005535738891921937,attack,no
5692,0,1,0.9998415637262623,-0.00015960850578267127,-8.75015926361084,attack,yes
5693,0,0,0.004070138265185266,-5.504078388214111,-0.004078523721545935,attack,no
5694,0,0,0.00037998457708990173,-7.875385284423828,-0.0003854485403280705,attack,no
5695,0,1,0.9988304895623736,-0.0011717366287484765,-6.751171588897705,attack,yes
5696,0,0,9.610240356394529e-05,-9.250100135803223,-0.00010001159535022452,attack,no
5697,0,0,0.04742587300927061,-3.0485875606536865,-0.048587556928396225,attack,no
5698,0,0,0.0007096705581070778,-7.250710487365723,-0.0007107115816324949,attack,no
5699,0,0,0.09534946040040723,-2.3502068519592285,-0.10020679980516434,attack,no
5700,0,0,0.5,-0.6931474208831787,-0.6931474208831787,attack,no
5701,0,1,0.9997388097210685,-0.00026306029758416116,-8.250263214111328,attack,yes
5702,0,1,0.904650530602188,-0.1002069041132927,-2.3502068519592285,attack,yes
5703,0,1,0.9990889487500213,-0.0009117737063206732,-7.000911712646484,attack,yes
5704,0,1,0.9999546021205264,-4.792098479811102e-05,-10.00004768371582,attack,yes
5705,0,0,1.8925157266089436e-05,-10.875020027160645,-2.0503786799963564e-05,attack,no
5706,0,0,0.00010889689636987013,-9.12511157989502,-0.00011145447206217796,attack,no
5707,0,0,0.00020342707058276376,-8.500208854675293,-0.00020930961181875318,attack,no
5708,0,0,0.00020342690105992778,-8.500205039978027,-0.00020466140995267779,attack,no
5709,0,0,3.535626757524533e-05,-10.25003719329834,-3.766942609217949e-05,attack,no
5710,0,1,0.9997388097832411,-0.0002618685248307884,-8.250262260437012,attack,yes
5711,0,1,0.9992903296955521,-0.0007108307327143848,-7.250710964202881,attack,yes
5712,0,0,0.01798621394291383,-4.0181498527526855,-0.018150078132748604,attack,no
5713,0,1,0.9998766053661514,-0.00012540031457319856,-9.00012493133545,attack,yes
5714,0,0,4.00637112961588e-05,-10.125041961669922,-4.2437604861333966e-05,attack,no
5715,0,0,0.00020342699805948146,-8.500204086303711,-0.00020418466010596603,attack,no
5716,0,1,0.9947798750052788,-0.005234583746641874,-5.255234718322754,attack,yes
5717,0,1,0.9996646497686785,-0.0003369478799868375,-8.000336647033691,attack,yes
5718,0,0,1.9947290081286418e-06,-13.125005722045898,-5.364403477869928e-06,attack,no
5719,0,1,0.9975273770633141,-0.002476603025570512,-6.002476692199707,attack,yes
5720,0,1,0.9770226302990508,-0.023245563730597496,-3.7732455730438232,attack,yes
5721,0,1,0.9947798737599461,-0.005234346725046635,-5.255234241485596,attack,yes
5722,0,1,0.9980732657078478,-0.0019290901254862547,-6.25192928314209,attack,yes
5723,0,1,0.9995694429589197,-0.0004323977918829769,-7.75043249130249,attack,yes
5724,0,1,0.9999785550541415,-2.372236667724792e-05,-10.75002384185791,attack,yes
5725,0,1,0.7772998560157665,-0.25192931294441223,-1.5019292831420898,attack,yes
5726,0,0,1.760343213322473e-06,-13.250004768371582,-4.768360213347478e-06,attack,no
5727,0,0,3.288749849498566e-06,-12.625005722045898,-5.960446742392378e-06,attack,no
5728,0,1,0.9998415637640259,-0.00015937011630740017,-8.75015926361084,attack,yes
5729,0,0,0.0007096704734026817,-7.250710964202881,-0.0007110689766705036,attack,no
5730,0,1,0.9999251537637861,-7.64102369430475e-05,-9.500076293945312,attack,yes
5731,0,0,0.0005527786181110731,-7.500553607940674,-0.0005535738891921937,attack,no
5732,0,1,0.9992903296110953,-0.0007109498255886137,-7.250710964202881,attack,yes
5733,0,1,0.7310585727705126,-0.31326261162757874,-1.3132625818252563,attack,yes
5734,0,1,0.5621765008857981,-0.5759395956993103,-0.8259395956993103,attack,yes
5735,0,1,0.9999869928684336,-1.3589766240329482e-05,-11.25001335144043,attack,yes
5736,0,1,0.9770226305499425,-0.023246029391884804,-3.7732460498809814,attack,yes
5737,0,1,0.731058584489497,-0.31326207518577576,-1.3132621049880981,attack,yes
5738,0,1,0.999664649968642,-0.00033825874561443925,-8.000338554382324,attack,yes
5739,0,1,0.9999417087135966,-5.94836674281396e-05,-9.750059127807617,attack,yes
5740,0,0,6.475948753991907e-07,-14.250003814697266,-3.933898824470816e-06,attack,no
5741,0,0,0.0002611902474841963,-8.25026798248291,-0.00026770823751576245,attack,no
5742,0,0,1.8925141472360678e-05,-10.875024795532227,-2.4437606043647975e-05,attack,no
5743,0,0,0.01406362805050406,-4.264163494110107,-0.014163566753268242,attack,no
5744,0,1,0.9999417087552881,-5.972207145532593e-05,-9.750060081481934,attack,yes
5745,0,0,0.037326885068457556,-3.288041591644287,-0.038041528314352036,attack,no
5746,0,1,0.9999251537370287,-7.772143726469949e-05,-9.500077247619629,attack,yes
5747,0,1,0.9770226302990508,-0.023245563730597496,-3.7732455730438232,attack,yes
5748,0,0,0.003172682303474009,-5.75317907333374,-0.0031789029017090797,attack,no
5749,0,0,0.0024726235293418383,-6.002475738525391,-0.0024758896324783564,attack,no
5750,0,1,0.9996200154223462,-0.0003816353273577988,-7.8753814697265625,attack,yes
5751,0,0,0.010986942853232415,-4.511047840118408,-0.011047860607504845,attack,no
5752,0,0,2.5612825159887044e-06,-12.875008583068848,-8.702239938429557e-06,attack,no
5753,0,0,7.889262585541864e-06,-11.75001335144043,-1.3351351299206726e-05,attack,no
5754,0,0,0.0002959572412046809,-8.125300407409668,-0.00030083899036981165,attack,no
5755,0,0,3.535623806990234e-05,-10.250040054321289,-3.969590397900902e-05,attack,no
5756,0,0,0.0009110510323821751,-7.000912666320801,-0.0009124883217737079,attack,no
5757,0,1,0.9999869928668831,-1.3708974620385561e-05,-11.25001335144043,attack,yes
5758,0,1,0.9995694430101112,-0.0004318020073696971,-7.750432014465332,attack,yes
5759,0,1,0.9706877711565677,-0.029750995337963104,-3.5297510623931885,attack,yes
5760,0,1,0.9999832985841277,-1.8715683836489916e-05,-11.000019073486328,attack,yes
5761,0,0,3.120190765625026e-05,-10.37503433227539,-3.421248038648628e-05,attack,no
5762,0,1,0.9770226279573947,-0.023246144875884056,-3.7732460498809814,attack,yes
5763,0,0,0.03732688895048618,-3.288041830062866,-0.03804187476634979,attack,no
5764,0,1,0.999290329441893,-0.0007107115816324949,-7.250710487365723,attack,yes
5765,0,0,0.37754066879814546,-0.9740775227546692,-0.4740775227546692,attack,no
5766,0,0,0.00048785712244166793,-7.625489711761475,-0.0004897110629826784,attack,no
5767,0,1,0.9988304899790459,-0.0011709030950441957,-6.751171112060547,attack,yes
5768,0,0,0.0002611904035430805,-8.250261306762695,-0.0002616301644593477,attack,no
5769,0,1,0.9999724642957675,-2.90866428258596e-05,-10.500028610229492,attack,yes
5770,0,1,0.8175744695262777,-0.20141343772411346,-1.7014133930206299,attack,yes
5771,0,0,3.1201922530272776e-05,-10.37503719329834,-3.755022044060752e-05,attack,no
5772,0,1,0.9990889486424153,-0.0009128456003963947,-7.000912666320801,attack,yes
5773,0,0,0.0001584362165829586,-8.750178337097168,-0.00017832119192462415,attack,no
5774,0,1,0.9990889489680417,-0.0009129646932706237,-7.000913143157959,attack,yes
5775,0,0,0.0003353501114701831,-8.000336647033691,-0.000336590368533507,attack,no
5776,0,0,4.006367785875047e-05,-10.125046730041504,-4.637133679352701e-05,attack,no
5777,0,1,0.9994472214478453,-0.0005539313424378633,-7.500554084777832,attack,yes
5778,0,1,0.9990889489696311,-0.0009148702956736088,-7.000915050506592,attack,yes
5779,0,0,0.00033535019148488756,-8.000335693359375,-0.0003358753747306764,attack,no
5780,0,0,4.539785782820069e-05,-10.00004768371582,-4.7444173105759546e-05,attack,no
5781,0,1,0.99994170874834,-5.98412734689191e-05,-9.750060081481934,attack,yes
5782,0,1,0.8175744828610095,-0.2014138251543045,-1.701413869857788,attack,yes
5783,0,1,0.9968273173114128,-0.0031780709978193045,-5.753178119659424,attack,yes
5784,0,1,0.9999417087274927,-5.924526340095326e-05,-9.750059127807617,attack,yes
5785,0,0,0.004070136813627531,-5.5040788650512695,-0.004078642465174198,attack,no
5786,0,1,0.9980732657078478,-0.0019290901254862547,-6.25192928314209,attack,yes
5787,0,0,5.4222209089700225e-06,-12.125007629394531,-7.986990567587782e-06,attack,no
5788,0,1,0.9999546021151111,-4.6132929128361866e-05,-10.000045776367188,attack,yes
5789,0,0,2.9023112932045342e-06,-12.750005722045898,-5.483612312673358e-06,attack,no
5790,0,1,0.9984988178287671,-0.0015029336791485548,-6.501502990722656,attack,yes
5791,0,0,0.000203427022301978,-8.500204086303711,-0.00020430385484360158,attack,no
5792,0,1,0.9995694429073649,-0.00043108707177452743,-7.750431060791016,attack,yes
5793,0,0,0.003172682307892133,-5.753178596496582,-0.0031784274615347385,attack,no
5794,0,1,0.9990889489676177,-0.0009124883217737079,-7.000912666320801,attack,yes
5795,0,0,0.07585818054355695,-2.578889846801758,-0.07888985425233841,attack,no
5796,0,1,0.9997965730989401,-0.00020466140995267779,-8.500205039978027,attack,yes
5797,0,0,3.726640616840385e-06,-12.500006675720215,-7.033323527139146e-06,attack,no
5798,0,1,0.9997965729292574,-0.00020549570035655051,-8.500205039978027,attack,yes
5799,0,1,0.9999832985841273,-1.7762025890988298e-05,-11.000018119812012,attack,yes
5800,0,1,0.9890130571467677,-0.011047860607504845,-4.511047840118408,attack,yes
5801,0,1,0.9959298632109113,-0.0040800669230520725,-5.504080295562744,attack,yes
5802,0,1,0.5621765008857981,-0.5759395360946655,-0.8259395360946655,attack,yes
5803,0,1,0.9968273176921079,-0.0031784274615347385,-5.753178596496582,attack,yes
5804,0,0,0.00010889692235068753,-9.125109672546387,-0.00010978573118336499,attack,no
5805,0,0,0.0009110512499786032,-7.000911712646484,-0.0009117737063206732,attack,no
5806,0,1,0.9988304899790459,-0.0011709030950441957,-6.751171112060547,attack,yes
5807,0,1,0.9992903295265972,-0.0007110689766705036,-7.250710964202881,attack,yes
5808,0,1,0.9947798744152571,-0.005235651042312384,-5.25523567199707,attack,yes
5809,0,0,2.9023130230133794e-06,-12.750009536743164,-9.894321920000948e-06,attack,no
5810,0,1,0.999941708720548,-6.031808152329177e-05,-9.750060081481934,attack,yes
5811,0,0,4.0063696969564425e-05,-10.125041961669922,-4.207999518257566e-05,attack,no
5812,0,1,0.9933071487568537,-0.006715822499245405,-5.006715774536133,attack,yes
5813,0,0,1.6701425827436946e-05,-11.000017166137695,-1.7404405298293568e-05,attack,no
5814,0,0,0.00029595702964256804,-8.125300407409668,-0.00030012393835932016,attack,no
5815,0,1,0.5621765008857981,-0.5759396553039551,-0.8259396553039551,attack,yes
5816,0,1,0.9995694429589197,-0.0004323977918829769,-7.75043249130249,attack,yes
5817,0,0,0.00013982202422598323,-8.875143051147461,-0.0001426833332516253,attack,no
5818,0,0,2.9023112932045342e-06,-12.750005722045898,-5.483612312673358e-06,attack,no
5819,0,1,0.731058584489497,-0.31326183676719666,-1.313261866569519,attack,yes
5820,0,0,8.481104140395962e-05,-9.375086784362793,-8.67805938469246e-05,attack,no
5821,0,1,0.9626731149315425,-0.038041528314352036,-3.288041591644287,attack,yes
5822,0,1,0.9968273165595951,-0.003178308717906475,-5.753178119659424,attack,yes
5823,0,1,0.9999038975391299,-9.679325739853084e-05,-9.250096321105957,attack,yes
5824,0,1,0.9998766054396679,-0.00012385078298393637,-9.000123977661133,attack,yes
5825,0,0,0.00062633403492401,-7.375627517700195,-0.0006273209000937641,attack,no
5826,0,1,0.999796572929219,-0.00020454221521504223,-8.500204086303711,attack,yes
5827,0,1,0.9992903294423884,-0.0007116645574569702,-7.250711441040039,attack,yes
5828,0,0,0.00033535003103595976,-8.000341415405273,-0.0003411188081372529,attack,no
5829,0,1,0.9995694428561733,-0.0004316828562878072,-7.750431537628174,attack,yes
5830,0,1,0.993307147970535,-0.006715940777212381,-5.006715774536133,attack,yes
5831,0,1,0.9968273173209854,-0.003179021645337343,-5.75317907333374,attack,yes
5832,0,0,0.01798621394291383,-4.0181498527526855,-0.018150078132748604,attack,no
5833,0,1,0.9999151889687041,-8.666139910928905e-05,-9.375086784362793,attack,yes
5834,0,0,0.0003353502711678831,-8.000337600708008,-0.00033802041434682906,attack,no
5835,0,0,0.37754066879814546,-0.9740773439407349,-0.47407734394073486,attack,no
5836,0,0,2.699577774579753e-07,-15.12500286102295,-2.861018856492592e-06,attack,no
5837,0,1,0.9998204720980012,-0.00018749863374978304,-8.625187873840332,attack,yes
5838,0,0,0.00048785706456839134,-7.625488758087158,-0.0004886387032456696,attack,no
5839,0,0,0.004070138257634899,-5.5040788650512695,-0.004078998696058989,attack,no
5840,0,1,0.9999646437577103,-3.6000557884108275e-05,-10.250036239624023,attack,yes
5841,0,1,0.9995694429587317,-0.0004314445541240275,-7.750431537628174,attack,yes
5842,0,0,0.00017952800921906524,-8.6251802444458,-0.00018046658078674227,attack,no
5843,0,0,2.5612812947240366e-06,-12.875006675720215,-6.318072337307967e-06,attack,no
5844,0,1,0.9859363753070244,-0.014163801446557045,-4.264163970947266,attack,yes
5845,0,1,0.9999724643088975,-2.95634672511369e-05,-10.500029563903809,attack,yes
5846,0,0,0.0009110512495547487,-7.000912189483643,-0.000912250077817589,attack,no
5847,0,1,0.9998601779758107,-0.0001445904199499637,-8.875144958496094,attack,yes
5848,0,1,0.9999038976078815,-9.893881360767409e-05,-9.250099182128906,attack,yes
5849,0,0,0.000911051357584745,-7.000912666320801,-0.0009128456003963947,attack,no
5850,0,1,0.9999038975964095,-9.715084888739511e-05,-9.250097274780273,attack,yes
5851,0,0,8.939695238089464e-06,-11.625015258789062,-1.5139465176616795e-05,attack,no
5852,0,0,6.605217619923757e-05,-9.625066757202148,-6.723177648382261e-05,attack,no
5853,0,0,0.0011695100216340016,-6.751170635223389,-0.0011704268399626017,attack,no
5854,0,0,4.0063711294555596e-05,-10.125042915344238,-4.339123915997334e-05,attack,no
5855,0,0,0.00012339463381806276,-9.000126838684082,-0.00012730741582345217,attack,no
5856,0,1,0.9997388096587665,-0.0002623452164698392,-8.250262260437012,attack,yes
5857,0,0,0.00010889688332004552,-9.125117301940918,-0.00011705666838679463,attack,no
5858,0,1,0.9992903296965427,-0.0007127366843633354,-7.250712871551514,attack,yes
5859,0,1,0.9959298627144747,-0.004079235717654228,-5.504079341888428,attack,yes
5860,0,1,0.9988304898418323,-0.0011724510695785284,-6.7511725425720215,attack,yes
5861,0,0,4.450850519403407e-07,-14.625001907348633,-1.9073468138230965e-06,attack,no
5862,0,1,0.994779874993188,-0.005234109237790108,-5.255234241485596,attack,yes
5863,0,1,0.9996646498486834,-0.00033766290289349854,-8.000337600708008,attack,yes
5864,0,0,1.0129990979381404e-05,-11.500017166137695,-1.7165990357170813e-05,attack,no
5865,0,0,0.0002034269010184927,-8.500205993652344,-0.00020561488054227084,attack,no
5866,0,0,0.00037998457736627186,-7.875383377075195,-0.00038354191929101944,attack,no
5867,0,0,0.00013982209089918548,-8.875142097473145,-0.00014220656885299832,attack,no
5868,0,1,0.9980732657094149,-0.001929566147737205,-6.251929759979248,attack,yes
5869,0,1,0.9994472214484241,-0.0005558376433327794,-7.500555992126465,attack,yes
5870,0,0,0.0011695101593915333,-6.751171588897705,-0.0011714984430000186,attack,no
5871,0,0,0.0002034269009385822,-8.500207901000977,-0.00020752183627337217,attack,no
5872,0,1,0.9995694430101112,-0.0004318020073696971,-7.750432014465332,attack,yes
5873,0,0,0.0002305067982526766,-8.37523078918457,-0.00023112009512260556,attack,no
5874,0,0,0.00015843625480754269,-8.750161170959473,-0.00016139635408762842,attack,no
5875,0,0,0.00017952800921906524,-8.6251802444458,-0.00018046658078674227,attack,no
5876,0,1,0.8519527982093668,-0.16022470593452454,-1.9102246761322021,attack,yes
5877,0,1,0.9992903296955521,-0.0007108307327143848,-7.250710964202881,attack,yes
5878,0,0,0.0019267349787592976,-6.25192928314209,-0.001929447171278298,attack,no
5879,0,1,0.9996646500084787,-0.00033718624035827816,-8.000337600708008,attack,yes
5880,0,1,0.9992903294416453,-0.0007102350937202573,-7.2507100105285645,attack,yes
5881,0,1,0.9984988176514769,-0.001503528794273734,-6.5015034675598145,attack,yes
5882,0,1,0.9968273165647497,-0.0031787839252501726,-5.753178596496582,attack,yes
5883,0,1,0.9996646500084787,-0.00033718624035827816,-8.000337600708008,attack,yes
5884,0,0,1.01299946023704e-05,-11.500015258789062,-1.5616295058862306e-05,attack,no
5885,0,0,2.5612825160271403e-06,-12.875006675720215,-6.794906312279636e-06,attack,no
5886,0,1,0.9996646500084787,-0.00033718624035827816,-8.000337600708008,attack,yes
5887,0,0,2.1444956084249965e-05,-10.750022888183594,-2.3245540432981215e-05,attack,no
5888,0,0,0.00116951016075143,-6.751170635223389,-0.0011705459328368306,attack,no
5889,0,0,0.0003353501114701831,-8.000336647033691,-0.000336590368533507,attack,no
5890,0,0,0.022977372042605262,-3.7732460498809814,-0.023246144875884056,attack,no
5891,0,1,0.9988304899816297,-0.0011728082317858934,-6.75117301940918,attack,yes
5892,0,1,0.9995694429592704,-0.0004343043256085366,-7.750434398651123,attack,yes
5893,0,0,0.0001088968963231278,-9.125115394592285,-0.00011526874004630372,attack,no
5894,0,1,0.9914225127647143,-0.008615231141448021,-4.758615016937256,attack,yes
5895,0,1,0.9988304897028509,-0.0011725700460374355,-6.7511725425720215,attack,yes
5896,0,0,0.0019267342921522673,-6.25192928314209,-0.0019290901254862547,attack,no
5897,0,1,0.8519528019683106,-0.16022419929504395,-1.910224199295044,attack,yes
5898,0,1,0.7772998560157665,-0.25192978978157043,-1.501929759979248,attack,yes
5899,0,1,0.9990889488592171,-0.0009126074146479368,-7.000912666320801,attack,yes
5900,0,0,1.0129990979215566e-05,-11.500018119812012,-1.811964830267243e-05,attack,no
5901,0,0,1.0129987357158385e-05,-11.500014305114746,-1.3947389561508317e-05,attack,no
5902,0,1,0.9947798744273476,-0.00523612555116415,-5.2552361488342285,attack,yes
5903,0,0,7.484620050755993e-05,-9.500080108642578,-7.974783511599526e-05,attack,no
5904,0,0,0.001169510439530295,-6.7511701583862305,-0.0011703077470883727,attack,no
5905,0,0,9.422448185187191e-07,-13.875008583068848,-8.821448318485636e-06,attack,no
5906,0,1,0.9770226277065029,-0.02324567921459675,-3.7732455730438232,attack,yes
5907,0,0,0.00015843621709470967,-8.75015926361084,-0.00015925093612167984,attack,no
5908,0,0,7.889265407004852e-06,-11.750012397766113,-1.2755313036905136e-05,attack,no
5909,0,1,0.9997388097210002,-0.000262106885202229,-8.250262260437012,attack,yes
5910,0,0,2.1444948414321714e-05,-10.750024795532227,-2.47952248173533e-05,attack,no
5911,0,1,0.9994472212502334,-0.0005538121913559735,-7.500553607940674,attack,yes
5912,0,1,0.9626731158685837,-0.03804221749305725,-3.2880423069000244,attack,yes
5913,0,1,0.9984988180083259,-0.001503290724940598,-6.5015034675598145,attack,yes
5914,0,0,0.37754066879814546,-0.9740772247314453,-0.4740772247314453,attack,no
5915,0,1,0.9975273764735295,-0.0024763653054833412,-6.002476215362549,attack,yes
5916,0,0,3.2887490653872164e-06,-12.625006675720215,-6.6756979322235566e-06,attack,no
5917,0,1,0.9525741269907294,-0.048587556928396225,-3.0485875606536865,attack,yes
5918,0,1,0.9975273767669861,-0.002476246329024434,-6.002476215362549,attack,yes
5919,0,1,0.9890130585433228,-0.011048685759305954,-4.511048793792725,attack,yes
5920,0,0,3.535625914492433e-05,-10.250038146972656,-3.838465272565372e-05,attack,no
5921,0,0,0.00023050674327135888,-8.375231742858887,-0.00023183519078884274,attack,no
5922,0,0,6.144173869240118e-06,-12.00001335144043,-1.3232143828645349e-05,attack,no
5923,0,1,0.962673111451103,-0.038042102009058,-3.2880420684814453,attack,yes
5924,0,1,0.9999038975849549,-9.727005090098828e-05,-9.250097274780273,attack,yes
5925,0,1,0.9992903294423884,-0.0007116645574569702,-7.250711441040039,attack,yes
5926,0,1,0.9999417087552881,-5.972207145532593e-05,-9.750060081481934,attack,yes
5927,0,0,0.0002611904034746835,-8.250262260437012,-0.00026258357684127986,attack,no
5928,0,0,0.0019267347515319684,-6.251928806304932,-0.0019288521725684404,attack,no
5929,0,0,8.939699501132075e-06,-11.625012397766113,-1.2755313036905136e-05,attack,no
5930,0,1,0.9997965729292574,-0.00020549570035655051,-8.500205039978027,attack,yes
5931,0,1,0.9990889489680417,-0.0009129646932706237,-7.000913143157959,attack,yes
5932,0,0,3.726639284103522e-06,-12.500006675720215,-6.6756979322235566e-06,attack,no
5933,0,0,5.42221961626583e-06,-12.125006675720215,-6.794906312279636e-06,attack,no
5934,0,0,0.0005527786179824405,-7.500554084777832,-0.0005540504935197532,attack,no
5935,0,1,0.9996646500083713,-0.00033623288618400693,-8.000336647033691,attack,yes
5936,0,1,0.9992903295265972,-0.0007110689766705036,-7.250710964202881,attack,yes
5937,0,1,0.9933071495431723,-0.006715704221278429,-5.006715774536133,attack,yes
5938,0,1,0.9968273169447085,-0.0031791406217962503,-5.75317907333374,attack,yes
5939,0,1,0.9975273767698575,-0.002476722002029419,-6.002476692199707,attack,yes
5940,0,0,6.605216831803617e-05,-9.625068664550781,-6.90197994117625e-05,attack,no
5941,0,1,0.9959298622331388,-0.004079354461282492,-5.504079341888428,attack,yes
5942,0,1,0.9975273767669861,-0.002476246329024434,-6.002476215362549,attack,yes
5943,0,1,0.9998766054544027,-0.00012563870404846966,-9.000125885009766,attack,yes
5944,0,0,0.0011695101600714818,-6.751171112060547,-0.0011710221879184246,attack,no
5945,0,0,7.484620051899522e-05,-9.500078201293945,-7.784063927829266e-05,attack,no
5946,0,1,0.999290329441893,-0.0007107115816324949,-7.250710487365723,attack,yes
5947,0,0,5.144221980055201e-05,-9.875053405761719,-5.352353764465079e-05,attack,no
5948,0,0,0.37754067580180184,-0.9740771055221558,-0.47407713532447815,attack,no
5949,0,1,0.9984988174741866,-0.0015041239093989134,-6.501503944396973,attack,yes
5950,0,0,4.222832941142044e-06,-12.375007629394531,-7.510157047363464e-06,attack,no
5951,0,0,4.0063696967815485e-05,-10.125042915344238,-4.303362584323622e-05,attack,no
5952,0,1,0.9975273773533248,-0.0024760086089372635,-6.002476215362549,attack,yes
5953,0,1,0.9996646497286175,-0.0003361137059982866,-8.000335693359375,attack,yes
5954,0,0,7.889262585541864e-06,-11.75001335144043,-1.3351351299206726e-05,attack,no
5955,0,1,0.9988304895611497,-0.0011707840021699667,-6.751170635223389,attack,yes
5956,0,0,0.0002959570651626729,-8.125297546386719,-0.00029738296871073544,attack,no
5957,0,1,0.999876605366137,-0.00012444675667211413,-9.000123977661133,attack,yes
5958,0,0,0.0001584361981391736,-8.750162124633789,-0.00016199229867197573,attack,no
5959,0,0,1.300713001508642e-05,-11.250017166137695,-1.728519782773219e-05,attack,no
5960,0,0,2.430024652598337e-05,-10.625029563903809,-2.9801878554280847e-05,attack,no
5961,0,1,0.9975273767698575,-0.002476722002029419,-6.002476692199707,attack,yes
5962,0,0,3.120190020476935e-05,-10.375044822692871,-4.446407547220588e-05,attack,no
5963,0,1,0.9980732657112059,-0.0019300420535728335,-6.251930236816406,attack,yes
5964,0,0,0.00020342692529945307,-8.500205039978027,-0.0002047805901383981,attack,no
5965,0,1,0.9998415638206919,-0.0001599660754436627,-8.750160217285156,attack,yes
5966,0,1,0.731058584489497,-0.31326279044151306,-1.3132628202438354,attack,yes
5967,0,1,0.9399133473013074,-0.0619688481092453,-2.8119688034057617,attack,yes
5968,0,0,0.0024726235293418383,-6.002475738525391,-0.0024758896324783564,attack,no
5969,0,0,0.00013982202424632712,-8.875142097473145,-0.00014172980445437133,attack,no
5970,0,0,0.00026119027860476985,-8.25026798248291,-0.00026782741770148277,attack,no
5971,0,0,0.00015843623595112507,-8.750160217285156,-0.00016032364510465413,attack,no
5972,0,1,0.9999417087344405,-5.9126061387360096e-05,-9.750059127807617,attack,yes
5973,0,0,9.610246082457197e-05,-9.250101089477539,-0.00010156115604331717,attack,no
5974,0,0,1.3709578605617394e-06,-13.500004768371582,-5.245195097813848e-06,attack,no
5975,0,1,0.9975273764706583,-0.0024758896324783564,-6.002475738525391,attack,yes
5976,0,1,0.731058584489497,-0.31326207518577576,-1.3132621049880981,attack,yes
5977,0,1,0.9770226277065029,-0.02324567921459675,-3.7732455730438232,attack,yes
5978,0,0,0.0002611902166904114,-8.250263214111328,-0.0002628219372127205,attack,no
5979,0,0,0.00029595717051748166,-8.1253023147583,-0.00030250742565840483,attack,no
5980,0,0,0.00012339458973006418,-9.00012493133545,-0.0001250427303602919,attack,no
5981,0,1,0.9999546021475813,-4.637133679352701e-05,-10.000046730041504,attack,yes
5982,0,1,0.9992903294423884,-0.0007116645574569702,-7.250711441040039,attack,yes
5983,0,1,0.9997965730504196,-0.00020394629973452538,-8.500204086303711,attack,yes
5984,0,0,0.0005527786178216496,-7.50055456161499,-0.0005545270396396518,attack,no
5985,0,1,0.9980732657129966,-0.001930517959408462,-6.2519307136535645,attack,yes
5986,0,1,0.9999339478474237,-6.782778655178845e-05,-9.625067710876465,attack,yes
5987,0,1,0.9998415637074057,-0.00016068121476564556,-8.750160217285156,attack,yes
5988,0,1,0.9998415637451441,-0.00015948931104503572,-8.75015926361084,attack,yes
5989,0,1,0.9984988178287671,-0.0015029336791485548,-6.501502990722656,attack,yes
5990,0,0,2.9023119851464256e-06,-12.750006675720215,-6.6756979322235566e-06,attack,no
5991,0,0,0.0003353500715262566,-8.000336647033691,-0.0003364712174516171,attack,no
5992,0,1,0.9933071503511611,-0.006716059520840645,-5.006716251373291,attack,yes
5993,0,0,5.715004470170916e-07,-14.375007629394531,-7.629365427419543e-06,attack,no
5994,0,0,0.029312229267415526,-3.5297505855560303,-0.029750533401966095,attack,no
5995,0,0,0.00012339453087487287,-9.000126838684082,-0.0001264730526600033,attack,no
5996,0,0,0.00015843623592576804,-8.750161170959473,-0.00016127715934999287,attack,no
5997,0,0,0.00010889688333272142,-9.125116348266602,-0.0001161031104857102,attack,no
5998,0,1,0.9998415638206919,-0.0001599660754436627,-8.750160217285156,attack,yes
5999,0,0,8.939695238089464e-06,-11.625015258789062,-1.5139465176616795e-05,attack,no
