idx,y_true,y_pred,p_yes,lp_yes,lp_no,mode,raw_text
0,1,1,0.9875683499700582,-0.06664412468671799,-4.441644191741943,base,Yes
1,1,1,0.9740426422370712,-0.09103228896856308,-3.7160322666168213,base,Yes
2,1,1,0.8175744806385543,-0.39012405276298523,-1.8901240825653076,base,Yes
3,1,1,0.867035752930664,-0.28042250871658325,-2.1554224491119385,base,Yes
4,1,1,0.9706877688246606,-0.12273241579532623,-3.622732400894165,base,Yes
5,1,1,0.6513548511303336,-0.655504047870636,-1.2805039882659912,base,Yes
6,1,1,0.7057850154599563,-0.6653690934181213,-1.5403690338134766,base,Yes
7,1,1,0.9796676450248561,-0.09566148370504379,-3.9706614017486572,base,Yes
8,1,1,0.9626731142622272,-0.1278948336839676,-3.377894878387451,base,Yes
9,1,1,0.9953904271027266,-0.07146469503641129,-5.446464538574219,base,Yes
10,1,1,0.9241418231126367,-0.1779126673936844,-2.677912712097168,base,Yes
11,1,1,0.9968273170632613,-0.0352044403553009,-5.7852044105529785,base,Yes
12,1,1,0.9840936066554105,-0.0955720990896225,-4.220571994781494,base,Yes
13,1,1,0.9579122714836206,-0.13938452303409576,-3.2643845081329346,base,Yes
14,1,1,0.9933071475402265,-0.06449722498655319,-5.064496994018555,base,Yes
15,1,1,0.9859363760560114,-0.051065221428871155,-4.301065444946289,base,Yes
16,1,1,0.9579122684798184,-0.131612628698349,-3.256612539291382,base,Yes
17,1,1,0.8175744761936437,-0.391129732131958,-1.891129732131958,base,Yes
18,1,1,0.679178699175393,-0.6096125841140747,-1.3596125841140747,base,Yes
19,1,1,0.8933094174159129,-0.24289071559906006,-2.3678908348083496,base,Yes
20,1,1,0.9046505376715775,-0.18252035975456238,-2.4325203895568848,base,Yes
21,1,1,0.9579122750881832,-0.09608952701091766,-3.2210896015167236,base,Yes
22,1,1,0.991422514586288,-0.04629325866699219,-4.796293258666992,base,Yes
23,1,1,0.9796676459895064,-0.05758384242653847,-3.932583808898926,base,Yes
24,1,1,0.9975273768157998,-0.03531457111239433,-6.035314559936523,base,Yes
25,1,1,0.5621765008857981,-0.7450842261314392,-0.9950842261314392,base,Yes
26,1,1,0.9525741227833249,-0.1541667878627777,-3.1541666984558105,base,Yes
27,1,1,0.9890130571670076,-0.05310966446995735,-4.553109645843506,base,Yes
28,1,1,0.9626731142622272,-0.09695620834827423,-3.346956253051758,base,Yes
29,1,1,0.8807970701552504,-0.23905809223651886,-2.239058017730713,base,Yes
30,1,1,0.9924227583679631,-0.044660139828920364,-4.9196600914001465,base,Yes
31,1,1,0.9626731158685837,-0.13308730721473694,-3.383087396621704,base,Yes
32,1,1,0.904650527388829,-0.21567949652671814,-2.465679407119751,base,Yes
33,1,1,0.914900945711678,-0.2251683473587036,-2.600168228149414,base,Yes
34,1,1,0.9241418126663687,-0.15848122537136078,-2.6584811210632324,base,Yes
35,1,1,0.9706877690366521,-0.0916295126080513,-3.5916295051574707,base,Yes
36,1,1,0.9820137874059599,-0.08497682213783264,-4.084976673126221,base,Yes
37,1,1,0.9465966694469009,-0.11670161783695221,-2.991701602935791,base,Yes
38,1,1,0.924141816844876,-0.20231084525585175,-2.702310800552368,base,Yes
39,1,1,0.9149009526726544,-0.2886665165424347,-2.6636664867401123,base,Yes
40,1,1,0.9525741308615412,-0.1075071394443512,-3.1075072288513184,base,Yes
41,1,1,0.9933071496205658,-0.0674847736954689,-5.0674848556518555,base,Yes
42,1,1,0.9324533022906132,-0.1850825399160385,-2.81008243560791,base,Yes
43,1,1,0.9149009526726544,-0.17602995038032532,-2.551029920578003,base,Yes
44,1,1,0.9525741214369554,-0.15300476551055908,-3.1530046463012695,base,Yes
45,1,1,0.9914225137942995,-0.05297479405999184,-4.802974700927734,base,Yes
46,1,1,0.9914225151565197,-0.06491892784833908,-4.8149189949035645,base,Yes
47,1,1,0.9914225163603422,-0.056897908449172974,-4.80689811706543,base,Yes
48,1,1,0.9890130572884471,-0.07018185406923294,-4.570181846618652,base,Yes
49,1,1,0.9324533051062237,-0.20749884843826294,-2.832498788833618,base,Yes
50,1,1,0.9465966739665496,-0.1423591822385788,-3.0173592567443848,base,Yes
51,1,1,0.9914225144912494,-0.0473179928958416,-4.797317981719971,base,Yes
52,1,1,0.9980732650286284,-0.03607479855418205,-6.286074638366699,base,Yes
53,1,1,0.8354835330070839,-0.2857495844364166,-1.9107495546340942,base,Yes
54,1,1,0.9978172836276763,-0.04341217502951622,-6.168412208557129,base,Yes
55,1,1,0.9924227594604912,-0.04675092548131943,-4.921751022338867,base,Yes
56,1,1,0.9579122756889438,-0.11407485604286194,-3.239074945449829,base,Yes
57,1,1,0.9984988176930074,-0.033312831073999405,-6.533312797546387,base,Yes
58,1,1,0.9241418272911436,-0.1361164003610611,-2.6361165046691895,base,Yes
59,1,1,0.9525741244662869,-0.12440162152051926,-3.124401569366455,base,Yes
60,1,1,0.9890130552644538,-0.03840513527393341,-4.538404941558838,base,Yes
61,1,1,0.9890130551025345,-0.050311774015426636,-4.55031156539917,base,Yes
62,1,1,0.9964063967249464,-0.04622621834278107,-5.6712260246276855,base,Yes
63,1,1,0.9706877664927535,-0.08798370510339737,-3.5879836082458496,base,Yes
64,1,1,0.9890130548596552,-0.06500505656003952,-4.565004825592041,base,Yes
65,1,1,0.9579122687801985,-0.11103042215108871,-3.236030340194702,base,Yes
66,1,1,0.9933071477383542,-0.05660506337881088,-5.056604862213135,base,Yes
67,1,1,0.9770226275810572,-0.07682596892118454,-3.8268258571624756,base,Yes
68,1,1,0.9964063980055005,-0.02482493221759796,-5.649825096130371,base,Yes
69,1,1,0.9875683464026671,-0.09114144742488861,-4.466141223907471,base,Yes
70,1,1,0.9770226295881911,-0.06598379462957382,-3.815983772277832,base,Yes
71,1,1,0.9046505415276079,-0.18617050349712372,-2.4361705780029297,base,Yes
72,1,1,0.9902915239124993,-0.05948348715901375,-4.684483528137207,base,Yes
73,1,1,0.9947798755058297,-0.04992366582155228,-5.299923896789551,base,Yes
74,1,1,0.9933071506112032,-0.06109977513551712,-5.061100006103516,base,Yes
75,1,1,0.9902915231603684,-0.03925517946481705,-4.664255142211914,base,Yes
76,1,1,0.9820137905642982,-0.07174345850944519,-4.071743488311768,base,Yes
77,1,1,0.9706877696726267,-0.07676933705806732,-3.5767693519592285,base,Yes
78,1,1,0.9820137875375574,-0.11657919734716415,-4.116579055786133,base,Yes
79,1,1,0.9149009538328171,-0.16291214525699615,-2.537912130355835,base,Yes
80,1,1,0.9890130562359708,-0.07426939904689789,-4.5742692947387695,base,Yes
81,1,1,0.9947798744418563,-0.05471799150109291,-5.304718017578125,base,Yes
82,1,1,0.9796676463605257,-0.06939174234867096,-3.9443917274475098,base,Yes
83,1,1,0.9959298619820892,-0.0322309285402298,-5.532230854034424,base,Yes
84,1,1,0.9914225142061334,-0.05886416137218475,-4.808864116668701,base,Yes
85,1,1,0.9324533107374443,-0.16492030024528503,-2.7899203300476074,base,Yes
86,1,1,0.9465966732132748,-0.1122397780418396,-2.9872398376464844,base,Yes
87,1,1,0.9914225159801877,-0.055526092648506165,-4.805526256561279,base,Yes
88,1,1,0.9399133439350607,-0.10957656800746918,-2.859576463699341,base,Yes
89,1,1,0.9947798748094108,-0.06494607776403427,-5.314946174621582,base,Yes
90,1,1,0.9770226312608022,-0.07532591372728348,-3.8253259658813477,base,Yes
91,1,1,0.9669140235181256,-0.079647958278656,-3.454648017883301,base,Yes
92,1,1,0.9525741301883566,-0.12765447795391083,-3.127654552459717,base,Yes
93,1,1,0.9914225139526973,-0.05590684711933136,-4.805906772613525,base,Yes
94,1,1,0.9465966762263737,-0.13839662075042725,-3.013396739959717,base,Yes
95,1,1,0.9959298618612834,-0.05346308648586273,-5.553462982177734,base,Yes
96,1,1,0.9859363750229257,-0.06580957770347595,-4.315809726715088,base,Yes
97,1,1,0.9840936085214388,-0.06782101094722748,-4.192821025848389,base,Yes
98,1,1,0.8670357701094303,-0.24525848031044006,-2.1202585697174072,base,Yes
99,1,1,0.9940889305964992,-0.0401369072496891,-5.165136814117432,base,Yes
100,1,1,0.9984988178158544,-0.0458645336329937,-6.545864582061768,base,Yes
101,1,1,0.7057850278370112,-0.5176904201507568,-1.3926904201507568,base,Yes
102,1,1,0.9626731089077046,-0.07855688035488129,-3.328556776046753,base,Yes
103,1,1,0.9890130564788499,-0.04593285173177719,-4.545932769775391,base,Yes
104,1,1,0.9820137885903367,-0.06412609666585922,-4.064126014709473,base,Yes
105,1,1,0.9840936105040935,-0.08765635639429092,-4.212656497955322,base,Yes
106,1,1,0.9740426439324669,-0.07383866608142853,-3.698838710784912,base,Yes
107,1,1,0.9933071485308645,-0.052845560014247894,-5.052845478057861,base,Yes
108,1,1,0.9959298622086004,-0.040613193064928055,-5.540613174438477,base,Yes
109,1,1,0.9924227578917331,-0.07068692892789841,-4.9456868171691895,base,Yes
110,1,1,0.9964063971251195,-0.03686007112264633,-5.66185998916626,base,Yes
111,1,1,0.9840936113204808,-0.08549384772777557,-4.210494041442871,base,Yes
112,1,1,0.9669140251866016,-0.0893474891781807,-3.4643476009368896,base,Yes
113,1,1,0.9924227570513267,-0.04206298291683197,-4.917062759399414,base,Yes
114,1,1,0.9890130589481213,-0.05818495526909828,-4.55818510055542,base,Yes
115,1,1,0.9626731102463355,-0.10289794951677322,-3.352897882461548,base,Yes
116,1,1,0.893309411735131,-0.19661468267440796,-2.3216147422790527,base,Yes
117,1,1,0.904650527388829,-0.16252455115318298,-2.412524461746216,base,Yes
118,1,1,0.977022630759019,-0.07579800486564636,-3.8257980346679688,base,Yes
119,1,1,0.9971990736155613,-0.045336514711380005,-5.920336723327637,base,Yes
120,1,1,0.9706877715805505,-0.0886787548661232,-3.5886788368225098,base,Yes
121,1,1,0.9324533126145177,-0.12989920377731323,-2.754899263381958,base,Yes
122,1,1,0.990291524736262,-0.05745159834623337,-4.6824517250061035,base,Yes
123,1,1,0.9046505325302034,-0.17253997921943665,-2.4225399494171143,base,Yes
124,1,1,0.9924227592083693,-0.04958861693739891,-4.924588680267334,base,Yes
125,1,1,0.98593637507458,-0.058668460696935654,-4.308668613433838,base,Yes
126,1,1,0.9980732651002666,-0.03718769922852516,-6.287187576293945,base,Yes
127,1,1,0.9933071481841413,-0.03365291655063629,-5.0336527824401855,base,Yes
128,1,1,0.9975273771925268,-0.03725752979516983,-6.037257671356201,base,Yes
129,1,1,0.979667648883457,-0.07143772393465042,-3.9464378356933594,base,Yes
130,1,1,0.9902915231245524,-0.055489104241132736,-4.6804890632629395,base,Yes
131,1,1,0.9875683498785867,-0.044337689876556396,-4.419337749481201,base,Yes
132,1,1,0.9149009584734678,-0.24530763924121857,-2.620307683944702,base,Yes
133,1,1,0.997527376779046,-0.030806567519903183,-6.030806541442871,base,Yes
134,1,1,0.9924227589002204,-0.062421299517154694,-4.9374213218688965,base,Yes
135,1,1,0.7549149813536518,-0.35768917202949524,-1.4826891422271729,base,Yes
136,1,1,0.9964063970851023,-0.04981241002678871,-5.674812316894531,base,Yes
137,1,1,0.994088929830339,-0.040694460272789,-5.165694236755371,base,Yes
138,1,1,0.9859363731633717,-0.07374332845211029,-4.3237433433532715,base,Yes
139,1,1,0.990291525022788,-0.043293796479701996,-4.6682939529418945,base,Yes
140,1,1,0.9902915223007897,-0.042739517986774445,-4.667739391326904,base,Yes
141,1,1,0.9859363727501375,-0.041235461831092834,-4.291235446929932,base,Yes
142,1,1,0.9984988176399601,-0.028259823098778725,-6.528259754180908,base,Yes
143,1,1,0.9399133519298963,-0.12187334150075912,-2.871873378753662,base,Yes
144,1,1,0.9859363719236689,-0.054482534527778625,-4.304482460021973,base,Yes
145,1,1,0.9978172833031362,-0.02815401181578636,-6.153153896331787,base,Yes
146,1,1,0.987568347729005,-0.06201803311705589,-4.437017917633057,base,Yes
147,1,1,0.9914225162336241,-0.048437878489494324,-4.79843807220459,base,Yes
148,1,1,0.9947798744612014,-0.050883740186691284,-5.300883769989014,base,Yes
149,1,1,0.9770226324316302,-0.06951774656772614,-3.8195178508758545,base,Yes
150,1,1,0.9914225142378131,-0.05879930779337883,-4.8087992668151855,base,Yes
151,1,1,0.9933071496205658,-0.0438489094376564,-5.043848991394043,base,Yes
152,1,1,0.952574129515172,-0.13197749853134155,-3.1319775581359863,base,Yes
153,1,1,0.979667646212118,-0.07291557639837265,-3.947915554046631,base,Yes
154,1,1,0.9902915241990256,-0.0496777780354023,-4.674677848815918,base,Yes
155,1,1,0.9579122735862822,-0.11784502118825912,-3.242845058441162,base,Yes
156,1,1,0.9959298625785681,-0.02805607207119465,-5.5280561447143555,base,Yes
157,1,1,0.9933071482089072,-0.03913654014468193,-5.0391364097595215,base,Yes
158,1,1,0.995929862676723,-0.03268422931432724,-5.532684326171875,base,Yes
159,1,1,0.957912274787803,-0.12242954224348068,-3.247429609298706,base,Yes
160,1,1,0.9890130586647624,-0.05740916728973389,-4.557409286499023,base,Yes
161,1,1,0.9890130569646081,-0.05329040437936783,-4.553290367126465,base,Yes
162,1,1,0.8519527963298947,-0.23335044085979462,-1.983350396156311,base,Yes
163,1,1,0.9859363707872744,-0.05744282156229019,-4.307442665100098,base,Yes
164,1,1,0.9875683519824322,-0.06293321400880814,-4.437933444976807,base,Yes
165,1,1,0.9859363710972001,-0.06588424742221832,-4.315884113311768,base,Yes
166,1,1,0.8519528038477825,-0.23033712804317474,-1.980337142944336,base,Yes
167,1,1,0.96267311131724,-0.11402443796396255,-3.3640244007110596,base,Yes
168,1,1,0.9968273169690082,-0.040775835514068604,-5.790775775909424,base,Yes
169,1,1,0.9859363744547287,-0.060817133635282516,-4.310817241668701,base,Yes
170,1,1,0.9859363760560114,-0.04396893084049225,-4.29396915435791,base,Yes
171,1,1,0.9324533032291502,-0.1337808072566986,-2.7587807178497314,base,Yes
172,1,1,0.9046505261034853,-0.19943152368068695,-2.4494314193725586,base,Yes
173,1,1,0.9579122684798184,-0.09507760405540466,-3.2200775146484375,base,Yes
174,1,1,0.996827317287113,-0.02667566016316414,-5.776675701141357,base,Yes
175,1,1,0.9975273771052363,-0.02651442401111126,-6.026514530181885,base,Yes
176,1,1,0.9947798734359179,-0.06195943430066109,-5.311959266662598,base,Yes
177,1,1,0.9740426399765436,-0.10444390028715134,-3.7294437885284424,base,Yes
178,1,1,0.9890130556692526,-0.048668064177036285,-4.548667907714844,base,Yes
179,1,1,0.9959298623294062,-0.03851984813809395,-5.538519859313965,base,Yes
180,1,1,0.9959298617857796,-0.02980387583374977,-5.52980375289917,base,Yes
181,1,1,0.9796676475477876,-0.08163495361804962,-3.956634998321533,base,Yes
182,1,1,0.9859363739898402,-0.07808201014995575,-4.328082084655762,base,Yes
183,1,1,0.9890130578146853,-0.05546756461262703,-4.55546760559082,base,Yes
184,1,1,0.9924227586480986,-0.04481984302401543,-4.9198198318481445,base,Yes
185,1,1,0.9820137901695059,-0.06528138369321823,-4.065281391143799,base,Yes
186,1,1,0.9626731142622272,-0.11086483299732208,-3.3608648777008057,base,Yes
187,1,1,0.9914225126855153,-0.04128144681453705,-4.791281223297119,base,Yes
188,1,1,0.8175744761936437,-0.2943497896194458,-1.7943497896194458,base,Yes
189,1,1,0.993307150400693,-0.026957789435982704,-5.026957988739014,base,Yes
190,1,1,0.9953904269830766,-0.03585929051041603,-5.410859107971191,base,Yes
191,1,1,0.9241418220680101,-0.17206165194511414,-2.6720616817474365,base,Yes
192,1,1,0.9964063977253792,-0.042225275188684464,-5.667225360870361,base,Yes
193,1,1,0.9859363700641142,-0.06868192553520203,-4.318681716918945,base,Yes
194,1,1,0.9796676460637103,-0.05607321858406067,-3.9310731887817383,base,Yes
195,1,1,0.9579122717840008,-0.08715749531984329,-3.2121574878692627,base,Yes
196,1,1,0.9964063973185366,-0.03100779466331005,-5.656007766723633,base,Yes
197,1,1,0.9840936119036142,-0.047851331532001495,-4.1728515625,base,Yes
198,1,1,0.992422758564058,-0.06532862037420273,-4.940328598022461,base,Yes
199,1,1,0.9959298616800746,-0.024065643548965454,-5.5240654945373535,base,Yes
200,1,1,0.9959298618310818,-0.034891240298748016,-5.534891128540039,base,Yes
201,1,1,0.9959298616423227,-0.0280939731746912,-5.5280938148498535,base,Yes
202,1,1,0.9740426401649208,-0.08417092263698578,-3.7091708183288574,base,Yes
203,1,1,0.9890130589886011,-0.05120691657066345,-4.551207065582275,base,Yes
204,1,1,0.9669140230414182,-0.10101981461048126,-3.476019859313965,base,Yes
205,1,1,0.9626731142622272,-0.0737888365983963,-3.32378888130188,base,Yes
206,1,1,0.9875683498328508,-0.05773395672440529,-4.43273401260376,base,Yes
207,1,1,0.9940889306402797,-0.033120717853307724,-5.158120632171631,base,Yes
208,1,1,0.9902915252018669,-0.039408985525369644,-4.664409160614014,base,Yes
209,1,1,0.9796676453216716,-0.07701284438371658,-3.952012777328491,base,Yes
210,1,1,0.9706877690366521,-0.07300711423158646,-3.573007106781006,base,Yes
211,1,1,0.9626731129235966,-0.09208440035581589,-3.3420844078063965,base,Yes
212,1,1,0.9890130592719601,-0.05832654610276222,-4.558326721191406,base,Yes
213,1,1,0.914900950352329,-0.18368273973464966,-2.558682680130005,base,Yes
214,1,1,0.9840936058973365,-0.05908218398690224,-4.18408203125,base,Yes
215,1,1,0.9980732650357923,-0.05055014044046402,-6.3005499839782715,base,Yes
216,1,1,0.9840936054891429,-0.056068599224090576,-4.181068420410156,base,Yes
217,1,1,0.9840936096877062,-0.05741873383522034,-4.1824188232421875,base,Yes
218,1,1,0.9933071487042261,-0.04626947268843651,-5.046269416809082,base,Yes
219,1,1,0.9986749773363092,-0.04041595011949539,-6.6654157638549805,base,Yes
220,1,1,0.9890130585028429,-0.06616725027561188,-4.56616735458374,base,Yes
221,1,1,0.880797068590724,-0.21650037169456482,-2.2165002822875977,base,Yes
222,1,1,0.977022630759019,-0.10004016757011414,-3.8500401973724365,base,Yes
223,1,1,0.9975273773211654,-0.03276233375072479,-6.03276252746582,base,Yes
224,1,1,0.9924227571913946,-0.034350600093603134,-4.909350395202637,base,Yes
225,1,1,0.9626731107817877,-0.10583477467298508,-3.355834722518921,base,Yes
226,1,1,0.9859363732666802,-0.05578611046075821,-4.3057861328125,base,Yes
227,1,1,0.99592986261632,-0.04512254148721695,-5.5451226234436035,base,Yes
228,1,1,0.9669140213729421,-0.08053494244813919,-3.4555349349975586,base,Yes
229,1,1,0.9933071482089072,-0.03406156226992607,-5.034061431884766,base,Yes
230,1,1,0.9975273769995691,-0.038615163415670395,-6.0386152267456055,base,Yes
231,1,1,0.9947798743451315,-0.07796811312437057,-5.327968120574951,base,Yes
232,1,1,0.9770226305917578,-0.06927607208490372,-3.8192760944366455,base,Yes
233,1,1,0.996827317711253,-0.040950123220682144,-5.790950298309326,base,Yes
234,1,1,0.9947798738228173,-0.042688462883234024,-5.292688369750977,base,Yes
235,1,1,0.991422515061481,-0.058702412992715836,-4.80870246887207,base,Yes
236,1,1,0.9914225157267513,-0.04885755479335785,-4.798857688903809,base,Yes
237,1,1,0.9902915241273939,-0.044311460107564926,-4.6693115234375,base,Yes
238,1,1,0.9947798736583852,-0.02431977353990078,-5.274319648742676,base,Yes
239,1,1,0.9924227574155029,-0.05050152167677879,-4.925501346588135,base,Yes
240,1,1,0.9902915238766835,-0.03529592603445053,-4.6602959632873535,base,Yes
241,1,1,0.9964063972051542,-0.03021293878555298,-5.655212879180908,base,Yes
242,1,1,0.9953904287778247,-0.05267265439033508,-5.427672863006592,base,Yes
243,1,1,0.9859363715620887,-0.05709991976618767,-4.30709981918335,base,Yes
244,1,1,0.9914225130973494,-0.05434435233473778,-4.804344177246094,base,Yes
245,1,1,0.9964063979321355,-0.02426276169717312,-5.64926290512085,base,Yes
246,1,1,0.9964063969917284,-0.03946983814239502,-5.6644697189331055,base,Yes
247,1,1,0.9959298626918236,-0.040103811770677567,-5.540103912353516,base,Yes
248,1,1,0.9940889304432671,-0.07042419910430908,-5.1954240798950195,base,Yes
249,1,1,0.9924227574435163,-0.041268520057201385,-4.916268348693848,base,Yes
250,1,1,0.9770226287518852,-0.06107813119888306,-3.8110780715942383,base,Yes
251,1,1,0.9820137904327008,-0.042998768389225006,-4.042998790740967,base,Yes
252,1,1,0.9770226279155795,-0.10032067447900772,-3.85032057762146,base,Yes
253,1,1,0.9875683500615298,-0.05444900691509247,-4.429449081420898,base,Yes
254,1,1,0.9796676469541566,-0.04837416112422943,-3.9233741760253906,base,Yes
255,1,1,0.8670357477770336,-0.21589671075344086,-2.0908966064453125,base,Yes
256,1,1,0.9669140199428197,-0.09881692379713058,-3.4738168716430664,base,Yes
257,1,1,0.9706877658567789,-0.07994997501373291,-3.5799498558044434,base,Yes
258,1,1,0.9579122696813394,-0.0948529839515686,-3.219852924346924,base,Yes
259,1,1,0.9820137920118697,-0.08894480019807816,-4.088944911956787,base,Yes
260,1,1,0.995929862510615,-0.03641647472977638,-5.536416530609131,base,Yes
261,1,1,0.991422514522929,-0.053048618137836456,-4.803048610687256,base,Yes
262,1,1,0.9940889305964992,-0.04134664312005043,-5.166346549987793,base,Yes
263,1,1,0.9859363746613458,-0.05523860082030296,-4.305238723754883,base,Yes
264,1,1,0.9940889300054613,-0.046567633748054504,-5.171567440032959,base,Yes
265,1,1,0.9968273178231789,-0.028223780915141106,-5.778223991394043,base,Yes
266,1,1,0.9706877669167365,-0.07470449060201645,-3.57470440864563,base,Yes
267,1,1,0.9975273769857863,-0.024088801816105843,-6.0240888595581055,base,Yes
268,1,1,0.9968273164977416,-0.0409066379070282,-5.7909064292907715,base,Yes
269,1,1,0.924141816844876,-0.1367693394422531,-2.6367692947387695,base,Yes
270,1,1,0.939913350667554,-0.13477443158626556,-2.8847744464874268,base,Yes
271,1,1,0.9706877710505719,-0.058201488107442856,-3.558201551437378,base,Yes
272,1,1,0.9740426399765436,-0.07449161261320114,-3.699491500854492,base,Yes
273,1,1,0.9579122729855218,-0.1072835698723793,-3.232283592224121,base,Yes
274,1,1,0.994779875235,-0.039314091205596924,-5.289314270019531,base,Yes
275,1,1,0.994088929830339,-0.033035025000572205,-5.158034801483154,base,Yes
276,1,1,0.984093606713724,-0.05708370730280876,-4.182083606719971,base,Yes
277,1,1,0.9933071497443955,-0.048450369387865067,-5.048450469970703,base,Yes
278,1,1,0.9525741221101401,-0.10131631791591644,-3.101316213607788,base,Yes
279,1,1,0.9525741248028792,-0.13059000670909882,-3.1305899620056152,base,Yes
280,1,1,0.8519528132451416,-0.2629918158054352,-2.0129919052124023,base,Yes
281,1,1,0.9525741214369554,-0.10496008396148682,-3.1049599647521973,base,Yes
282,1,1,0.9933071476269074,-0.0311038289219141,-5.031103610992432,base,Yes
283,1,1,0.9978172838629681,-0.031945087015628815,-6.15694522857666,base,Yes
284,1,1,0.9706877696726267,-0.07868216931819916,-3.5786821842193604,base,Yes
285,1,1,0.9964063969717198,-0.02843201719224453,-5.6534318923950195,base,Yes
286,1,1,0.9770226281664712,-0.058047618716955185,-3.8080475330352783,base,Yes
287,1,1,0.9968273173695849,-0.03476851433515549,-5.784768581390381,base,Yes
288,1,1,0.985936370529003,-0.05421608313918114,-4.304215908050537,base,Yes
289,1,1,0.991422514586288,-0.06429100036621094,-4.814291000366211,base,Yes
290,1,1,0.974042644685976,-0.0667530745267868,-3.6917531490325928,base,Yes
291,1,1,0.9875683515708102,-0.05655459687113762,-4.431554794311523,base,Yes
292,1,1,0.9980732656447167,-0.02822621539235115,-6.278226375579834,base,Yes
293,1,1,0.9902915247004462,-0.05799519643187523,-4.682995319366455,base,Yes
294,1,1,0.9875683469972323,-0.055056747049093246,-4.430056571960449,base,Yes
295,1,1,0.991422512843913,-0.04106351360678673,-4.79106330871582,base,Yes
296,1,1,0.9706877713685592,-0.09534184634685516,-3.595341920852661,base,Yes
297,1,1,0.9978172834775765,-0.030890023335814476,-6.155889987945557,base,Yes
298,1,1,0.9964063976586838,-0.055651597678661346,-5.680651664733887,base,Yes
299,1,1,0.9968273165684315,-0.07562703639268875,-5.825626850128174,base,Yes
300,1,1,0.8933094131553264,-0.2373317927122116,-2.3623318672180176,base,Yes
301,1,1,0.9579122708828604,-0.08103898167610168,-3.2060389518737793,base,Yes
302,1,1,0.9875683511134525,-0.04161723330616951,-4.416617393493652,base,Yes
303,1,1,0.9971990724710068,-0.05549880117177963,-5.9304986000061035,base,Yes
304,1,1,0.9940889303775963,-0.04594196006655693,-5.1709418296813965,base,Yes
305,1,1,0.9820137880639471,-0.06350146979093552,-4.063501358032227,base,Yes
306,1,1,0.9902915240199466,-0.04957432299852371,-4.674574375152588,base,Yes
307,1,1,0.9890130555882929,-0.08105294406414032,-4.581052780151367,base,Yes
308,1,1,0.9796676471025644,-0.06424639374017715,-3.939246416091919,base,Yes
309,1,1,0.9820137909590904,-0.06920666247606277,-4.069206714630127,base,Yes
310,1,1,0.9740426422370712,-0.11390998214483261,-3.738909959793091,base,Yes
311,1,1,0.9933071502892462,-0.04765778407454491,-5.0476579666137695,base,Yes
312,1,1,0.9241418252018903,-0.17893140017986298,-2.678931474685669,base,Yes
313,1,1,0.9890130559930914,-0.07544387131929398,-4.575443744659424,base,Yes
314,1,1,0.9947798739195423,-0.045090749859809875,-5.295090675354004,base,Yes
315,1,1,0.9859363732150259,-0.058553677052259445,-4.308553695678711,base,Yes
316,1,1,0.9964063966315727,-0.03985045477747917,-5.664850234985352,base,Yes
317,1,1,0.9465966702001757,-0.13866138458251953,-3.0136613845825195,base,Yes
318,1,1,0.851952809486198,-0.36693233251571655,-2.1169323921203613,base,Yes
319,1,1,0.9706877671287282,-0.09137256443500519,-3.591372489929199,base,Yes
320,1,1,0.8519528132451416,-0.32267633080482483,-2.072676420211792,base,Yes
321,1,1,0.9626731158685837,-0.1133820116519928,-3.36338210105896,base,Yes
322,1,1,0.996827317463838,-0.04090823978185654,-5.790908336639404,base,Yes
323,1,1,0.9740426450627306,-0.08697381615638733,-3.7119739055633545,base,Yes
324,1,1,0.817574471748733,-0.2815382778644562,-1.7815382480621338,base,Yes
325,1,1,0.982013793854233,-0.059788964688777924,-4.059789180755615,base,Yes
326,1,1,0.8933094046341532,-0.22686339914798737,-2.351863384246826,base,Yes
327,1,1,0.9324533022906132,-0.16107188165187836,-2.78607177734375,base,Yes
328,1,1,0.9968273167451565,-0.01976216956973076,-5.76976203918457,base,Yes
329,1,1,0.9924227604129512,-0.07457758486270905,-4.949577808380127,base,Yes
330,1,1,0.9626731097108832,-0.10783799737691879,-3.3578379154205322,base,Yes
331,1,1,0.9859363750229257,-0.061255306005477905,-4.31125545501709,base,Yes
332,1,1,0.9902915217635531,-0.04684704914689064,-4.671846866607666,base,Yes
333,1,1,0.9465966754730989,-0.11728371679782867,-2.992283821105957,base,Yes
334,1,1,0.9796676487350494,-0.0930258184671402,-3.9680259227752686,base,Yes
335,1,1,0.9626731094431571,-0.1389225423336029,-3.3889224529266357,base,Yes
336,1,1,0.9933071488528218,-0.056556735187768936,-5.056556701660156,base,Yes
337,1,1,0.9902915223007897,-0.05354512482881546,-4.678544998168945,base,Yes
338,1,1,0.9914225127488744,-0.05386326462030411,-4.803863048553467,base,Yes
339,1,1,0.6513548646660542,-0.5211833715438843,-1.1461833715438843,base,Yes
340,1,1,0.9940889311875367,-0.05273722857236862,-5.177737236022949,base,Yes
341,1,1,0.9902915242348413,-0.052822038531303406,-4.677822113037109,base,Yes
342,1,1,0.9820137903011033,-0.07907150685787201,-4.079071521759033,base,Yes
343,1,1,0.996406397491945,-0.026117781177163124,-5.65111780166626,base,Yes
344,1,1,0.9046505299595163,-0.29835325479507446,-2.5483531951904297,base,Yes
345,1,1,0.9902915217993689,-0.05543440580368042,-4.680434226989746,base,Yes
346,1,1,0.9914225147130061,-0.052308544516563416,-4.802308559417725,base,Yes
347,1,1,0.9706877677647029,-0.07366614788770676,-3.5736660957336426,base,Yes
348,1,1,0.9984988175171132,-0.018167169764637947,-6.518167018890381,base,Yes
349,1,1,0.9706877715805505,-0.10717669874429703,-3.6071767807006836,base,Yes
350,1,1,0.9875683489638711,-0.06008054316043854,-4.435080528259277,base,Yes
351,1,1,0.9968273177701613,-0.060820385813713074,-5.810820579528809,base,Yes
352,1,1,0.9890130578146853,-0.03897615149617195,-4.538976192474365,base,Yes
353,1,1,0.9940889322601605,-0.03941230848431587,-5.164412498474121,base,Yes
354,1,1,0.9924227583399496,-0.06978993862867355,-4.944789886474609,base,Yes
355,1,1,0.9959298625861186,-0.04395239055156708,-5.543952465057373,base,Yes
356,1,1,0.9840936066554105,-0.09421645104885101,-4.219216346740723,base,Yes
357,1,1,0.9971990729964613,-0.02900458686053753,-5.9040045738220215,base,Yes
358,1,1,0.9964063980055005,-0.043567970395088196,-5.668568134307861,base,Yes
359,1,1,0.9890130567622089,-0.04837518557906151,-4.548375129699707,base,Yes
360,1,1,0.9770226275810572,-0.07053529471158981,-3.820535182952881,base,Yes
361,1,1,0.9902915238408678,-0.05560728535056114,-4.680607318878174,base,Yes
362,1,1,0.9770226324316302,-0.07419170439243317,-3.8241918087005615,base,Yes
363,1,1,0.9796676456184871,-0.06849770992994308,-3.943497657775879,base,Yes
364,1,1,0.9579122750881832,-0.15911810100078583,-3.284118175506592,base,Yes
365,1,1,0.979667648883457,-0.06440199166536331,-3.9394021034240723,base,Yes
366,1,1,0.9940889324352827,-0.03950192406773567,-5.164502143859863,base,Yes
367,1,1,0.9902915223007897,-0.05824006348848343,-4.683239936828613,base,Yes
368,1,1,0.9875683476375334,-0.04490054026246071,-4.419900417327881,base,Yes
369,1,1,0.9959298632127987,-0.031144389882683754,-5.531144618988037,base,Yes
370,1,1,0.9859363758493941,-0.06438377499580383,-4.3143839836120605,base,Yes
371,1,1,0.9770226327661524,-0.06954610347747803,-3.8195462226867676,base,Yes
372,1,1,0.5926665999540697,-0.6859018802642822,-1.0609018802642822,base,Yes
373,1,1,0.996406397578649,-0.044424012303352356,-5.669424057006836,base,Yes
374,1,1,0.9940889308810729,-0.03481583297252655,-5.159815788269043,base,Yes
375,1,1,0.9940889305308283,-0.03562556207180023,-5.160625457763672,base,Yes
376,1,1,0.994779874035612,-0.06682544201612473,-5.3168253898620605,base,Yes
377,1,1,0.9902915244855517,-0.056677717715501785,-4.68167781829834,base,Yes
378,1,1,0.992422758928234,-0.0456833578646183,-4.92068338394165,base,Yes
379,1,1,0.993307148753758,-0.03605513647198677,-5.036055088043213,base,Yes
380,1,1,0.9933071498186933,-0.04493940621614456,-5.0449395179748535,base,Yes
381,1,1,0.9890130549406149,-0.05286048352718353,-4.552860260009766,base,Yes
382,1,1,0.987568347317383,-0.0906473696231842,-4.465647220611572,base,Yes
383,1,1,0.9579122756889438,-0.17612281441688538,-3.3011229038238525,base,Yes
384,1,1,0.985936375642777,-0.08475188910961151,-4.334752082824707,base,Yes
385,1,1,0.9902915224082369,-0.04754411801695824,-4.672544002532959,base,Yes
386,1,1,0.9324533032291502,-0.1301325261592865,-2.7551324367523193,base,Yes
387,1,1,0.9840936063055303,-0.07244933396577835,-4.197449207305908,base,Yes
388,1,1,0.9770226302572356,-0.0913696214556694,-3.84136962890625,base,Yes
389,1,1,0.9959298613780599,-0.032378897070884705,-5.532378673553467,base,Yes
390,1,1,0.9740426424254486,-0.0642852932214737,-3.6892852783203125,base,Yes
391,1,1,0.9968273167569381,-0.0445329025387764,-5.794532775878906,base,Yes
392,1,1,0.9959298627522266,-0.03246152773499489,-5.532461643218994,base,Yes
393,1,1,0.9241418231126367,-0.14147944748401642,-2.6414794921875,base,Yes
394,1,1,0.995929861649873,-0.05961433798074722,-5.559614181518555,base,Yes
395,1,1,0.9933071490014174,-0.04993058368563652,-5.049930572509766,base,Yes
396,1,1,0.9978172831652067,-0.044366538524627686,-6.169366359710693,base,Yes
397,1,1,0.7772998663336157,-0.3792055547237396,-1.629205584526062,base,Yes
398,1,1,0.9859363731633717,-0.06366871297359467,-4.313668727874756,base,Yes
399,1,1,0.9465966668104392,-0.12454540282487869,-2.9995453357696533,base,Yes
400,1,1,0.9959298629938382,-0.03131181374192238,-5.531311988830566,base,Yes
401,1,1,0.9706877688246606,-0.0783388763666153,-3.578338861465454,base,Yes
402,1,1,0.754914975839675,-0.5146036744117737,-1.639603614807129,base,Yes
403,1,1,0.9149009468718409,-0.13874636590480804,-2.5137462615966797,base,Yes
404,1,1,0.9933071489271196,-0.06612350791692734,-5.0661234855651855,base,Yes
405,1,1,0.9924227594885046,-0.05002583935856819,-4.925025939941406,base,Yes
406,1,1,0.9465966686936261,-0.11287739872932434,-2.987877368927002,base,Yes
407,1,1,0.9914225128122336,-0.04874822497367859,-4.798748016357422,base,Yes
408,1,1,0.9740426412951848,-0.08067065477371216,-3.7056705951690674,base,Yes
409,1,1,0.9669140218496496,-0.11086558550596237,-3.485865592956543,base,Yes
410,1,1,0.9947798753897598,-0.03856733441352844,-5.288567543029785,base,Yes
411,1,1,0.9820137879981483,-0.05560886487364769,-4.055608749389648,base,Yes
412,1,1,0.9971990732982076,-0.02616109885275364,-5.901161193847656,base,Yes
413,1,1,0.9579122729855218,-0.10289547592401505,-3.227895498275757,base,Yes
414,1,1,0.9796676469541566,-0.06898115575313568,-3.943981170654297,base,Yes
415,1,1,0.9940889308372923,-0.04568677395582199,-5.170686721801758,base,Yes
416,1,1,0.9940889311656464,-0.04583310708403587,-5.170833110809326,base,Yes
417,1,1,0.9770226314280634,-0.06914013624191284,-3.8191401958465576,base,Yes
418,1,1,0.880797081106935,-0.2386762797832489,-2.2386763095855713,base,Yes
419,1,1,0.9465966694469009,-0.13019992411136627,-3.005199909210205,base,Yes
420,1,1,0.9840936047893822,-0.07618735730648041,-4.2011871337890625,base,Yes
421,1,1,0.9740426437440897,-0.08087297528982162,-3.7058730125427246,base,Yes
422,1,1,0.9669140235181256,-0.09186714887619019,-3.466867208480835,base,Yes
423,1,1,0.990291522873842,-0.04205281287431717,-4.667052745819092,base,Yes
424,1,1,0.8519528019683106,-0.31573987007141113,-2.065739870071411,base,Yes
425,1,1,0.9669140199428197,-0.10120492428541183,-3.4762048721313477,base,Yes
426,1,1,0.9579122753885635,-0.09883204847574234,-3.223832130432129,base,Yes
427,1,1,0.9796676450248561,-0.08065756410360336,-3.955657482147217,base,Yes
428,1,1,0.9968273166744666,-0.048646602779626846,-5.798646450042725,base,Yes
429,1,1,0.9241418189341297,-0.16850067675113678,-2.6685006618499756,base,Yes
430,1,1,0.9796676456184871,-0.07032542675733566,-3.9453253746032715,base,Yes
431,1,1,0.8354835411997897,-0.2674659192562103,-1.8924659490585327,base,Yes
432,1,1,0.9947798747707209,-0.03778925538063049,-5.287789344787598,base,Yes
433,1,1,0.9914225165187399,-0.06206251308321953,-4.812062740325928,base,Yes
434,1,1,0.8175744850834649,-0.28127068281173706,-1.7812707424163818,base,Yes
435,1,1,0.9840936095710796,-0.052365221083164215,-4.177365303039551,base,Yes
436,1,1,0.9933071498929912,-0.04182898625731468,-5.0418291091918945,base,Yes
437,1,1,0.9875683467685533,-0.09328527748584747,-4.468285083770752,base,Yes
438,1,1,0.9940889317129035,-0.04451169818639755,-5.169511795043945,base,Yes
439,1,1,0.6224593171945417,-0.6793583035469055,-1.1793582439422607,base,Yes
440,1,1,0.9914225164870603,-0.06031109392642975,-4.810311317443848,base,Yes
441,1,1,0.9875683480948912,-0.05134066566824913,-4.426340579986572,base,Yes
442,1,1,0.9984988180001244,-0.038371868431568146,-6.538372039794922,base,Yes
443,1,1,0.9971990733814479,-0.029057854786515236,-5.90405797958374,base,Yes
444,1,1,0.9859363698574972,-0.05411027371883392,-4.304110050201416,base,Yes
445,1,1,0.9770226322643691,-0.08981671184301376,-3.8398168087005615,base,Yes
446,1,1,0.9902915244855517,-0.061061758548021317,-4.686061859130859,base,Yes
447,1,1,0.9465966664338019,-0.11595518887042999,-2.990955114364624,base,Yes
448,1,1,0.9770226310935413,-0.08834214508533478,-3.8383421897888184,base,Yes
449,1,1,0.9525741274956179,-0.16860149800777435,-3.1686015129089355,base,Yes
450,1,1,0.9859363705806572,-0.06912534683942795,-4.319125175476074,base,Yes
451,1,1,0.9324533126145177,-0.22448581457138062,-2.8494858741760254,base,Yes
452,1,1,0.9579122702820998,-0.11525993049144745,-3.240259885787964,base,Yes
453,1,1,0.9706877684006775,-0.08070781826972961,-3.5807077884674072,base,Yes
454,1,1,0.9324533126145177,-0.12570899724960327,-2.750709056854248,base,Yes
455,1,1,0.9947798741516819,-0.037959128618240356,-5.287959098815918,base,Yes
456,1,1,0.9953904279744613,-0.042933907359838486,-5.417933940887451,base,Yes
457,1,1,0.9953904287778247,-0.053368836641311646,-5.428369045257568,base,Yes
458,1,1,0.9914225161385855,-0.053775604814291,-4.803775787353516,base,Yes
459,1,1,0.9820137900379085,-0.06289291381835938,-4.062892913818359,base,Yes
460,1,1,0.962673116671762,-0.10003865510225296,-3.350038766860962,base,Yes
461,1,1,0.985936375642777,-0.06541471183300018,-4.315414905548096,base,Yes
462,1,1,0.9525741271590255,-0.10212229937314987,-3.1021223068237305,base,Yes
463,1,1,0.9875683504274161,-0.03813160955905914,-4.4131317138671875,base,Yes
464,1,1,0.9820137876691548,-0.06602586805820465,-4.066025733947754,base,Yes
465,1,1,0.9964063975186231,-0.030032606795430183,-5.655032634735107,base,Yes
466,1,1,0.9993736658663747,-0.025303801521658897,-7.400303840637207,base,Yes
467,1,1,0.987568351616546,-0.08105162531137466,-4.456051826477051,base,Yes
468,1,1,0.9902915229096578,-0.04469114914536476,-4.66969108581543,base,Yes
469,1,1,0.9820137933278436,-0.06883316487073898,-4.068833351135254,base,Yes
470,1,1,0.9975273771373959,-0.0511859655380249,-6.0511860847473145,base,Yes
471,1,1,0.9840936097460198,-0.06054249033331871,-4.185542583465576,base,Yes
472,1,1,0.9914225164870603,-0.05436636507511139,-4.804366588592529,base,Yes
473,1,1,0.9924227592924099,-0.04087631404399872,-4.915876388549805,base,Yes
474,1,1,0.9914225127805538,-0.031834814697504044,-4.781834602355957,base,Yes
475,1,1,0.9947798754284498,-0.041750214993953705,-5.291750431060791,base,Yes
476,1,1,0.9914225138576584,-0.03952988609671593,-4.789529800415039,base,Yes
477,1,1,0.9988304898916046,-0.024383410811424255,-6.774383544921875,base,Yes
478,1,1,0.9978172833274767,-0.07049952447414398,-6.195499420166016,base,Yes
479,1,1,0.9971990730172715,-0.03120470605790615,-5.906204700469971,base,Yes
480,1,1,0.994088929830339,-0.03274272382259369,-5.157742500305176,base,Yes
481,1,1,0.9579122750881832,-0.13706104457378387,-3.26206111907959,base,Yes
482,1,1,0.9820137861557843,-0.06176064535975456,-4.061760425567627,base,Yes
483,1,1,0.9940889317129035,-0.06363000720739365,-5.188630104064941,base,Yes
484,1,1,0.9626731099786093,-0.09220583736896515,-3.342205762863159,base,Yes
485,1,1,0.9820137923408632,-0.06193052604794502,-4.0619306564331055,base,Yes
486,1,1,0.9933071475649925,-0.043301332741975784,-5.043301105499268,base,Yes
487,1,1,0.9525741234565097,-0.12898214161396027,-3.1289820671081543,base,Yes
488,1,1,0.996406397905457,-0.03067813627421856,-5.6556782722473145,base,Yes
489,1,1,0.9840936058973365,-0.049986038357019424,-4.174985885620117,base,Yes
490,1,1,0.9968273170986065,-0.03438999131321907,-5.784389972686768,base,Yes
491,1,1,0.9706877675527112,-0.06156259775161743,-3.5615625381469727,base,Yes
492,1,1,0.9840936075884248,-0.057347819209098816,-4.182347774505615,base,Yes
493,1,1,0.9947798743064417,-0.0517120361328125,-5.3017120361328125,base,Yes
494,1,1,0.9875683504731518,-0.06043947860598564,-4.435439586639404,base,Yes
495,1,1,0.9978172832220011,-0.031796131283044815,-6.156795978546143,base,Yes
496,1,1,0.9964063980321786,-0.03697139769792557,-5.661971569061279,base,Yes
497,1,1,0.9241418137109955,-0.15368542075157166,-2.6536853313446045,base,Yes
498,1,1,0.97068777009661,-0.19078609347343445,-3.690786123275757,base,Yes
499,1,1,0.9399133540338004,-0.14218060672283173,-2.8921806812286377,base,Yes
500,1,1,0.9740426412951848,-0.07827979326248169,-3.703279733657837,base,Yes
501,1,1,0.9465966758497364,-0.11948908120393753,-2.9944891929626465,base,Yes
502,1,1,0.893309411735131,-0.2558581233024597,-2.3808581829071045,base,Yes
503,1,1,0.9975273768893075,-0.03690717741847038,-6.036907196044922,base,Yes
504,1,1,0.9875683463111955,-0.06469368189573288,-4.439693450927734,base,Yes
505,1,1,0.9924227583399496,-0.07201104611158371,-4.9470109939575195,base,Yes
506,1,1,0.974042644685976,-0.12198297679424286,-3.746983051300049,base,Yes
507,1,1,0.970687766704745,-0.13701114058494568,-3.6370110511779785,base,Yes
508,1,1,0.9968273168040648,-0.027512185275554657,-5.777512073516846,base,Yes
509,1,1,0.9324533116759811,-0.14592643082141876,-2.7709264755249023,base,Yes
510,1,1,0.990291524879525,-0.0790918841958046,-4.704092025756836,base,Yes
511,1,1,0.9953904284530609,-0.05246816202998161,-5.427468299865723,base,Yes
512,1,1,0.9706877671287282,-0.1350470334291458,-3.63504695892334,base,Yes
513,1,1,0.9902915244497359,-0.04092540591955185,-4.6659255027771,base,Yes
514,1,1,0.9914225150298016,-0.038216061890125275,-4.7882161140441895,base,Yes
515,1,1,0.9875683507018305,-0.04925810545682907,-4.424258232116699,base,Yes
516,1,1,0.9859363755911228,-0.05241375043988228,-4.3024139404296875,base,Yes
517,1,1,0.9902915253451299,-0.045186806470155716,-4.670186996459961,base,Yes
518,1,1,0.996827316827628,-0.04390059411525726,-5.793900489807129,base,Yes
519,1,1,0.9626731137267751,-0.08745452761650085,-3.3374545574188232,base,Yes
520,1,1,0.9875683512049241,-0.06082756444811821,-4.435827732086182,base,Yes
521,1,1,0.9770226289191464,-0.05553274601697922,-3.805532693862915,base,Yes
522,1,1,0.9953904277009759,-0.05138256773352623,-5.426382541656494,base,Yes
523,1,1,0.8670357477770336,-0.19278155267238617,-2.067781448364258,base,Yes
524,1,1,0.9902915212621323,-0.05541252717375755,-4.680412292480469,base,Yes
525,1,1,0.9465966653038896,-0.11823878437280655,-2.993238687515259,base,Yes
526,1,1,0.9669140228030646,-0.11589785665273666,-3.4908978939056396,base,Yes
527,1,1,0.9875683482320986,-0.07337673008441925,-4.448376655578613,base,Yes
528,1,1,0.9796676479930108,-0.06716268509626389,-3.9421627521514893,base,Yes
529,1,1,0.9947798753123799,-0.031124398112297058,-5.281124591827393,base,Yes
530,1,1,0.9669140187510509,-0.10236725211143494,-3.4773671627044678,base,Yes
531,1,1,0.9982992775379655,-0.043880969285964966,-6.418880939483643,base,Yes
532,1,1,0.9924227588722069,-0.04414699599146843,-4.91914701461792,base,Yes
533,1,1,0.985936373783223,-0.0465053915977478,-4.296505451202393,base,Yes
534,1,1,0.9740426431789577,-0.1077561229467392,-3.7327561378479004,base,Yes
535,1,1,0.9579122711832406,-0.11670830100774765,-3.241708278656006,base,Yes
536,1,1,0.9324533149608596,-0.11282362788915634,-2.737823724746704,base,Yes
537,1,1,0.9959298623520573,-0.02721164934337139,-5.527211666107178,base,Yes
538,1,1,0.9820137929330514,-0.05907757580280304,-4.059077739715576,base,Yes
539,1,1,0.9820137913538827,-0.07625286281108856,-4.0762529373168945,base,Yes
540,1,1,0.9975273764390729,-0.04802052676677704,-6.048020362854004,base,Yes
541,1,1,0.94659667246,-0.1666550189256668,-3.0416550636291504,base,Yes
542,1,1,0.9978172839441031,-0.021591484546661377,-6.146591663360596,base,Yes
543,1,1,0.9933071497939273,-0.060443293303251266,-5.06044340133667,base,Yes
544,1,1,0.9940889318661355,-0.040153857320547104,-5.165153980255127,base,Yes
545,1,1,0.9399133473013074,-0.1762130707502365,-2.926213026046753,base,Yes
546,1,1,0.9740426452511078,-0.06477703899145126,-3.689777135848999,base,Yes
547,1,1,0.989013059029081,-0.06176647171378136,-4.561766624450684,base,Yes
548,1,1,0.9924227593204236,-0.05653611943125725,-4.9315361976623535,base,Yes
549,1,1,0.995929862389809,-0.038089726120233536,-5.538089752197266,base,Yes
550,1,1,0.9820137925382593,-0.06799588352441788,-4.067996025085449,base,Yes
551,1,1,0.7981867777396212,-0.33256781101226807,-1.707567811012268,base,Yes
552,1,1,0.990291521297948,-0.04882644861936569,-4.673826217651367,base,Yes
553,1,1,0.9324533079218341,-0.12354208528995514,-2.748542070388794,base,Yes
554,1,1,0.9820137929330514,-0.06636984646320343,-4.066370010375977,base,Yes
555,1,1,0.9770226304244968,-0.07101820409297943,-3.8210182189941406,base,Yes
556,1,1,0.9796676448764484,-0.06404313445091248,-3.9390430450439453,base,Yes
557,1,1,0.9626731131913229,-0.10513351857662201,-3.355133533477783,base,Yes
558,1,1,0.9840936109122871,-0.05125267431139946,-4.176252841949463,base,Yes
559,1,1,0.9324533097989077,-0.146970734000206,-2.771970748901367,base,Yes
560,1,1,0.9465966671870767,-0.12740641832351685,-3.002406358718872,base,Yes
561,1,1,0.9914225157267513,-0.056092604994773865,-4.806092739105225,base,Yes
562,1,1,0.9875683462654598,-0.0540306530892849,-4.429030418395996,base,Yes
563,1,1,0.9046505428129514,-0.17297235131263733,-2.4229724407196045,base,Yes
564,1,1,0.997817283879195,-0.030130237340927124,-6.155130386352539,base,Yes
565,1,1,0.9924227603569241,-0.06292559951543808,-4.937925815582275,base,Yes
566,1,1,0.8175744806385543,-0.27922627329826355,-1.779226303100586,base,Yes
567,1,1,0.9626731118526922,-0.11809303611516953,-3.3680930137634277,base,Yes
568,1,1,0.9902915227305791,-0.07037075608968735,-4.695370674133301,base,Yes
569,1,1,0.987568349787115,-0.07696671038866043,-4.451966762542725,base,Yes
570,1,1,0.9579122750881832,-0.10989777743816376,-3.2348978519439697,base,Yes
571,1,1,0.9940889297646681,-0.04561400040984154,-5.170613765716553,base,Yes
572,1,1,0.998073265358164,-0.033226002007722855,-6.283226013183594,base,Yes
573,1,1,0.9820137900379085,-0.06992244720458984,-4.06992244720459,base,Yes
574,1,1,0.9959298630542412,-0.042044926434755325,-5.5420451164245605,base,Yes
575,1,1,0.9770226284173629,-0.07005293667316437,-3.8200528621673584,base,Yes
576,1,1,0.9933071497691615,-0.05527390539646149,-5.05527400970459,base,Yes
577,1,1,0.993307149917757,-0.04789053648710251,-5.047890663146973,base,Yes
578,1,1,0.9940889306183894,-0.04474791884422302,-5.169747829437256,base,Yes
579,1,1,0.9940889302462546,-0.055633220821619034,-5.180633068084717,base,Yes
580,1,1,0.9740426428022031,-0.07280230522155762,-3.6978023052215576,base,Yes
581,1,1,0.9740426399765436,-0.07599126547574997,-3.700991153717041,base,Yes
582,1,1,0.9964063971584675,-0.02310474030673504,-5.648104667663574,base,Yes
583,1,1,0.9890130548596552,-0.07487749308347702,-4.5748772621154785,base,Yes
584,1,1,0.974042644685976,-0.0674692839384079,-3.692469358444214,base,Yes
585,1,1,0.9940889300054613,-0.04636211693286896,-5.171361923217773,base,Yes
586,1,1,0.9706877692486436,-0.07741022109985352,-3.5774102210998535,base,Yes
587,1,1,0.9964063974452582,-0.02524661272764206,-5.650246620178223,base,Yes
588,1,1,0.9770226299227133,-0.07185817509889603,-3.8218581676483154,base,Yes
589,1,1,0.9706877711565677,-0.07289307564496994,-3.5728931427001953,base,Yes
590,1,1,0.9914225147130061,-0.045242294669151306,-4.7952423095703125,base,Yes
591,1,1,0.8807970654616711,-0.24601423740386963,-2.24601411819458,base,Yes
592,1,1,0.979667648438234,-0.07830062508583069,-3.953300714492798,base,Yes
593,1,1,0.9740426412951848,-0.08167296648025513,-3.7066729068756104,base,Yes
594,1,1,0.9626731142622272,-0.09704752266407013,-3.3470475673675537,base,Yes
595,1,1,0.9947798751576203,-0.03216536343097687,-5.28216552734375,base,Yes
596,1,1,0.9820137895115189,-0.06128266453742981,-4.061282634735107,base,Yes
597,1,1,0.9770226300899744,-0.06797003746032715,-3.817970037460327,base,Yes
598,1,1,0.9149009515124917,-0.1665506809949875,-2.541550636291504,base,Yes
599,1,1,0.9933071504378417,-0.03893831744790077,-5.038938522338867,base,Yes
600,1,1,0.977022630759019,-0.09788462519645691,-3.8478846549987793,base,Yes
601,1,1,0.7057850278370112,-0.5217882394790649,-1.396788239479065,base,Yes
602,1,1,0.679178699175393,-0.6457633972167969,-1.3957633972167969,base,Yes
603,1,1,0.9740426422370712,-0.07268192619085312,-3.6976819038391113,base,Yes
604,1,1,0.9796676466573412,-0.06423163414001465,-3.9392316341400146,base,Yes
605,1,1,0.9933071478869497,-0.03784722089767456,-5.03784704208374,base,Yes
606,1,1,0.9890130579766047,-0.04658788815140724,-4.546587944030762,base,Yes
607,1,1,0.9890130557906922,-0.04538026079535484,-4.545380115509033,base,Yes
608,1,1,0.5926665855647394,-0.7180855870246887,-1.093085527420044,base,Yes
609,1,1,0.9978172840211813,-0.030913138762116432,-6.155913352966309,base,Yes
610,1,1,0.996827317287113,-0.04093833640217781,-5.790938377380371,base,Yes
611,1,1,0.8354835330070839,-0.2539311945438385,-1.8789311647415161,base,Yes
612,1,1,0.9975273763104343,-0.024956442415714264,-6.024956226348877,base,Yes
613,1,1,0.9149009480320036,-0.23047837615013123,-2.605478286743164,base,Yes
614,1,1,0.9820137879323497,-0.07141363620758057,-4.071413516998291,base,Yes
615,1,1,0.9914225146496473,-0.041540615260601044,-4.791540622711182,base,Yes
616,1,1,0.9770226284173629,-0.07865341007709503,-3.828653335571289,base,Yes
617,1,1,0.974042641483562,-0.11907844990491867,-3.7440783977508545,base,Yes
618,1,1,0.9399133515091156,-0.1693720519542694,-2.919372081756592,base,Yes
619,1,1,0.9669140220880033,-0.0994717925786972,-3.4744718074798584,base,Yes
620,1,1,0.9875683500615298,-0.05153791606426239,-4.426537990570068,base,Yes
621,1,1,0.9940889323477216,-0.042117390781641006,-5.167117595672607,base,Yes
622,1,1,0.9964063966915986,-0.03035947121679783,-5.655359268188477,base,Yes
623,1,1,0.9875683477747408,-0.03798782080411911,-4.41298770904541,base,Yes
624,1,1,0.9947798737067476,-0.0517345629632473,-5.301734447479248,base,Yes
625,1,1,0.9890130552644538,-0.05795593559741974,-4.557955741882324,base,Yes
626,1,1,0.9706877707325846,-0.08921665698289871,-3.589216709136963,base,Yes
627,1,1,0.9740426416719393,-0.06833796203136444,-3.693337917327881,base,Yes
628,1,1,0.9399133557169234,-0.144949808716774,-2.8949499130249023,base,Yes
629,1,1,0.9740426411068074,-0.07755882292985916,-3.702558755874634,base,Yes
630,1,1,0.970687768188686,-0.10182646661996841,-3.6018264293670654,base,Yes
631,1,1,0.9964063974052407,-0.03364277258515358,-5.658642768859863,base,Yes
632,1,1,0.994779875235,-0.03907853364944458,-5.289078712463379,base,Yes
633,1,1,0.9924227598526806,-0.06826481223106384,-4.943264961242676,base,Yes
634,1,1,0.9924227602448701,-0.07170561701059341,-4.9467058181762695,base,Yes
635,1,1,0.9890130555073332,-0.044390372931957245,-4.5443902015686035,base,Yes
636,1,1,0.9241418272911436,-0.172662153840065,-2.6726622581481934,base,Yes
637,1,1,0.9149009631141181,-0.18276347219944,-2.5577635765075684,base,Yes
638,1,1,0.9859363719236689,-0.046724870800971985,-4.296724796295166,base,Yes
639,1,1,0.9579122726851417,-0.08868573606014252,-3.2136857509613037,base,Yes
640,1,1,0.9770226295881911,-0.06818463653326035,-3.8181846141815186,base,Yes
641,1,1,0.9770226325988914,-0.06739462167024612,-3.817394733428955,base,Yes
642,1,1,0.9669140208962347,-0.08204653114080429,-3.4570465087890625,base,Yes
643,1,1,0.9840936070052908,-0.06766995042562485,-4.192669868469238,base,Yes
644,1,1,0.9840936074134845,-0.05789428576827049,-4.182894229888916,base,Yes
645,1,1,0.9959298620877943,-0.036119986325502396,-5.5361199378967285,base,Yes
646,1,1,0.9959298614686644,-0.03919144719839096,-5.539191246032715,base,Yes
647,1,1,0.8933094131553264,-0.1819271296262741,-2.30692720413208,base,Yes
648,1,1,0.9924227604409648,-0.05935026332736015,-4.934350490570068,base,Yes
649,1,1,0.9959298631750471,-0.0412919707596302,-5.541292190551758,base,Yes
650,1,1,0.9740426424254486,-0.11744643747806549,-3.7424464225769043,base,Yes
651,1,1,0.9465966717067252,-0.12954089045524597,-3.0045409202575684,base,Yes
652,1,1,0.9859363702707314,-0.070783331990242,-4.3207831382751465,base,Yes
653,1,1,0.9924227596285723,-0.030841708183288574,-4.905841827392578,base,Yes
654,1,1,0.9953904275215011,-0.0269437488168478,-5.401943683624268,base,Yes
655,1,1,0.9902915249511566,-0.08346208930015564,-4.708462238311768,base,Yes
656,1,1,0.974042641483562,-0.08367996662855148,-3.7086799144744873,base,Yes
657,1,1,0.9324533126145177,-0.16853803396224976,-2.7935380935668945,base,Yes
658,1,1,0.9465966641739773,-0.15597736835479736,-3.030977249145508,base,Yes
659,1,1,0.9840936084048121,-0.06196402758359909,-4.18696403503418,base,Yes
660,1,1,0.9669140189894047,-0.10438569635152817,-3.4793856143951416,base,Yes
661,1,1,0.9740426437440897,-0.1010567769408226,-3.7260568141937256,base,Yes
662,1,1,0.96267311131724,-0.1061568632721901,-3.356156826019287,base,Yes
663,1,1,0.9947798733488654,-0.0277139600366354,-5.277713775634766,base,Yes
664,1,1,0.9959298615743694,-0.037505801767110825,-5.537505626678467,base,Yes
665,1,1,0.8807970654616711,-0.2079106569290161,-2.2079105377197266,base,Yes
666,1,1,0.9770226309262801,-0.07235618680715561,-3.8223562240600586,base,Yes
667,1,1,0.9525741301883566,-0.11154215037822723,-3.111542224884033,base,Yes
668,1,1,0.9525741278322103,-0.11617777496576309,-3.116177797317505,base,Yes
669,1,1,0.8807970670261975,-0.20590220391750336,-2.205902099609375,base,Yes
670,1,1,0.9924227582839227,-0.04895597696304321,-4.923955917358398,base,Yes
671,1,1,0.9859363756944313,-0.060222428292036057,-4.310222625732422,base,Yes
672,1,1,0.9796676469541566,-0.07545636594295502,-3.950456380844116,base,Yes
673,1,1,0.9875683501987371,-0.05854693427681923,-4.433547019958496,base,Yes
674,1,1,0.9975273768709305,-0.053569305688142776,-6.053569316864014,base,Yes
675,1,1,0.9890130559930914,-0.04303611069917679,-4.543035984039307,base,Yes
676,1,1,0.9959298622992045,-0.038474079221487045,-5.538474082946777,base,Yes
677,1,1,0.9933071493976723,-0.06044812127947807,-5.060448169708252,base,Yes
678,1,1,0.9924227593484369,-0.04370776563882828,-4.918707847595215,base,Yes
679,1,1,0.9959298615894702,-0.042423419654369354,-5.542423248291016,base,Yes
680,1,1,0.9959298613252072,-0.030408618971705437,-5.5304083824157715,base,Yes
681,1,1,0.9796676444312252,-0.07126056402921677,-3.946260452270508,base,Yes
682,1,1,0.9964063980055005,-0.03852064907550812,-5.663520812988281,base,Yes
683,1,1,0.9959298622690032,-0.033586982637643814,-5.5335869789123535,base,Yes
684,1,1,0.9770226282501017,-0.07767685502767563,-3.827676773071289,base,Yes
685,1,1,0.9579122750881832,-0.09501950442790985,-3.220019578933716,base,Yes
686,1,1,0.9940889321507093,-0.04341251403093338,-5.168412685394287,base,Yes
687,1,1,0.9820137863531804,-0.10715410113334656,-4.10715389251709,base,Yes
688,1,1,0.9914225162019444,-0.04633503034710884,-4.796335220336914,base,Yes
689,1,1,0.9953904284274216,-0.02874504216015339,-5.403745174407959,base,Yes
690,1,1,0.997527376797423,-0.02895166352391243,-6.028951644897461,base,Yes
691,1,1,0.9399133485636499,-0.10689403861761093,-2.856894016265869,base,Yes
692,1,1,0.7772998663336157,-0.3769408166408539,-1.6269408464431763,base,Yes
693,1,1,0.9706877673407197,-0.10224349051713943,-3.602243423461914,base,Yes
694,1,1,0.9525741248028792,-0.18351773917675018,-3.1835176944732666,base,Yes
695,1,1,0.9770226305917578,-0.09613511711359024,-3.846135139465332,base,Yes
696,1,1,0.8354835411997897,-0.25568172335624695,-1.8806817531585693,base,Yes
697,1,1,0.8175744673038221,-0.2827931046485901,-1.7827930450439453,base,Yes
698,1,1,0.9968273174167114,-0.04710046201944351,-5.79710054397583,base,Yes
699,1,1,0.9953904270343552,-0.03854244202375412,-5.4135422706604,base,Yes
700,1,1,0.9706877698846185,-0.08073113113641739,-3.580731153488159,base,Yes
701,1,1,0.9770226295881911,-0.05596783012151718,-3.8059678077697754,base,Yes
702,1,1,0.9859363716137431,-0.05690488964319229,-4.3069047927856445,base,Yes
703,1,1,0.9924227604129512,-0.03447176516056061,-4.9094719886779785,base,Yes
704,1,1,0.9820137896431163,-0.07421018928289413,-4.074210166931152,base,Yes
705,1,1,0.9924227596845995,-0.0442575141787529,-4.919257640838623,base,Yes
706,1,1,0.9933071477135882,-0.05313464626669884,-5.053134441375732,base,Yes
707,1,1,0.9940889315596716,-0.04928295686841011,-5.174283027648926,base,Yes
708,1,1,0.9914225163603422,-0.0460985004901886,-4.796098709106445,base,Yes
709,1,1,0.9953904269232516,-0.027242856100201607,-5.402242660522461,base,Yes
710,1,1,0.9706877709445761,-0.07488435506820679,-3.5748844146728516,base,Yes
711,1,1,0.9840936110872273,-0.06685811281204224,-4.191858291625977,base,Yes
712,1,1,0.9740426418603167,-0.07251075655221939,-3.6975107192993164,base,Yes
713,1,1,0.9947798738905248,-0.02131565473973751,-5.271315574645996,base,Yes
714,1,1,0.9924227593904573,-0.01977911777794361,-4.894779205322266,base,Yes
715,1,1,0.7057850154599563,-0.5093815922737122,-1.3843815326690674,base,Yes
716,1,1,0.6513548646660542,-0.6205722093582153,-1.2455722093582153,base,Yes
717,1,1,0.9982992772976189,-0.0430404469370842,-6.4180402755737305,base,Yes
718,1,1,0.9241418199787566,-0.12949848175048828,-2.6294984817504883,base,Yes
719,1,1,0.9796676442828175,-0.05915510654449463,-3.934154987335205,base,Yes
720,1,1,0.966914023279772,-0.08341164141893387,-3.458411693572998,base,Yes
721,1,1,0.9940889321944898,-0.0490153431892395,-5.174015522003174,base,Yes
722,1,1,0.9706877673407197,-0.06315023452043533,-3.56315016746521,base,Yes
723,1,1,0.9947798733005029,-0.040869906544685364,-5.29086971282959,base,Yes
724,1,1,0.9626731086399787,-0.12479197233915329,-3.3747918605804443,base,Yes
725,1,1,0.9924227574155029,-0.03908460959792137,-4.914084434509277,base,Yes
726,1,1,0.9971990727467404,-0.026714427396655083,-5.901714324951172,base,Yes
727,1,1,0.9953904284017823,-0.03364311903715134,-5.4086432456970215,base,Yes
728,1,1,0.9890130580980442,-0.053257398307323456,-4.553257465362549,base,Yes
729,1,1,0.9859363735766059,-0.04822297394275665,-4.29822301864624,base,Yes
730,1,1,0.7772998663336157,-0.3786409795284271,-1.6286410093307495,base,Yes
731,1,1,0.9924227586761121,-0.04031611233949661,-4.915316104888916,base,Yes
732,1,1,0.9947798746933411,-0.04387800395488739,-5.293878078460693,base,Yes
733,1,1,0.9859363729567544,-0.060414791107177734,-4.310414791107178,base,Yes
734,1,1,0.9953904268121483,-0.023139219731092453,-5.398138999938965,base,Yes
735,1,1,0.9859363709422372,-0.058295395225286484,-4.308295249938965,base,Yes
736,1,1,0.9669140216112958,-0.07910752296447754,-3.4541075229644775,base,Yes
737,1,1,0.9626731158685837,-0.13532081246376038,-3.3853209018707275,base,Yes
738,1,1,0.9975273768020171,-0.029133813455700874,-6.0291337966918945,base,Yes
739,1,1,0.982013788985129,-0.06533151865005493,-4.06533145904541,base,Yes
740,1,1,0.9953904278206259,-0.05691671371459961,-5.4319167137146,base,Yes
741,1,1,0.9924227583679631,-0.03874831274151802,-4.913748264312744,base,Yes
742,1,1,0.9902915242348413,-0.042591020464897156,-4.667591094970703,base,Yes
743,1,1,0.9875683463111955,-0.05308603495359421,-4.428085803985596,base,Yes
744,1,1,0.9982992772280449,-0.03978893533349037,-6.414788722991943,base,Yes
745,1,1,0.9902915232319999,-0.06268647313117981,-4.687686443328857,base,Yes
746,1,1,0.9770226325988914,-0.08343971520662308,-3.833439826965332,base,Yes
747,1,1,0.9579122720843811,-0.12061715126037598,-3.245617151260376,base,Yes
748,1,1,0.9933071504378417,-0.05152014270424843,-5.051520347595215,base,Yes
749,1,1,0.9706877660687704,-0.08420740813016891,-3.58420729637146,base,Yes
750,1,1,0.9465966732132748,-0.15252989530563354,-3.0275299549102783,base,Yes
751,1,1,0.9959298618914848,-0.04116544872522354,-5.541165351867676,base,Yes
752,1,1,0.9964063977653967,-0.045603178441524506,-5.670603275299072,base,Yes
753,1,1,0.9706877703086015,-0.08445163816213608,-3.584451675415039,base,Yes
754,1,1,0.9890130576932457,-0.03746744990348816,-4.5374674797058105,base,Yes
755,1,1,0.970687768612669,-0.11614253371953964,-3.616142511367798,base,Yes
756,1,1,0.9859363706323114,-0.052216220647096634,-4.302216053009033,base,Yes
757,1,1,0.9947798749641705,-0.06689535826444626,-5.316895484924316,base,Yes
758,1,1,0.9525741217735477,-0.11475955694913864,-3.1147594451904297,base,Yes
759,1,1,0.9859363733699887,-0.08034464716911316,-4.3303446769714355,base,Yes
760,1,1,0.8807970873650403,-0.2699560225009918,-2.269956111907959,base,Yes
761,1,1,0.9940889318223549,-0.04232538118958473,-5.167325496673584,base,Yes
762,1,1,0.9840936054891429,-0.06304234266281128,-4.188042163848877,base,Yes
763,1,1,0.9947798755058297,-0.049676187336444855,-5.299676418304443,base,Yes
764,1,1,0.9890130572074874,-0.05041934549808502,-4.550419330596924,base,Yes
765,1,1,0.939913354875362,-0.12460413575172424,-2.8746042251586914,base,Yes
766,1,1,0.9626731105140616,-0.10356670618057251,-3.3535666465759277,base,Yes
767,1,1,0.998073265429802,-0.04280085489153862,-6.2928009033203125,base,Yes
768,1,1,0.9902915242348413,-0.042258188128471375,-4.667258262634277,base,Yes
769,1,1,0.9706877705205931,-0.07367511093616486,-3.5736751556396484,base,Yes
770,1,1,0.9465966664338019,-0.1190839558839798,-2.994083881378174,base,Yes
771,1,1,0.9947798733391929,-0.053593821823596954,-5.303593635559082,base,Yes
772,1,1,0.9968273173872573,-0.030935214832425117,-5.780935287475586,base,Yes
773,1,1,0.9840936073551713,-0.07549339532852173,-4.200493335723877,base,Yes
774,1,1,0.9465966686936261,-0.13144591450691223,-3.00644588470459,base,Yes
775,1,1,0.9890130574098868,-0.05024194344878197,-4.550241947174072,base,Yes
776,1,1,0.9875683464026671,-0.048251375555992126,-4.423251152038574,base,Yes
777,1,1,0.8354835330070839,-0.25542858242988586,-1.8804285526275635,base,Yes
778,1,1,0.9875683469514964,-0.048350989818573,-4.423350811004639,base,Yes
779,1,1,0.8175744850834649,-0.3121718764305115,-1.8121719360351562,base,Yes
780,1,1,0.8670357494949105,-0.2718885838985443,-2.146888494491577,base,Yes
781,1,1,0.9947798730877083,-0.0505831204354763,-5.3005828857421875,base,Yes
782,1,1,0.9740426437440897,-0.07168098539113998,-3.696681022644043,base,Yes
783,1,1,0.9706877694606352,-0.09571575373411179,-3.5957157611846924,base,Yes
784,1,1,0.9890130571265278,-0.07777931541204453,-4.577779293060303,base,Yes
785,1,1,0.9465966683169889,-0.12142304331064224,-2.9964230060577393,base,Yes
786,1,1,0.9859363730084088,-0.05429839715361595,-4.304298400878906,base,Yes
787,1,1,0.9770226292536686,-0.07346800714731216,-3.823467969894409,base,Yes
788,1,1,0.996406397578649,-0.07630963623523712,-5.701309680938721,base,Yes
789,1,1,0.9796676471025644,-0.06510279327630997,-3.9401028156280518,base,Yes
790,1,1,0.966914024233187,-0.08519283682107925,-3.460192918777466,base,Yes
791,1,1,0.9984988180447959,-0.04157332330942154,-6.541573524475098,base,Yes
792,1,1,0.8933094046341532,-0.1880178600549698,-2.3130178451538086,base,Yes
793,1,1,0.9890130574908464,-0.03990887477993965,-4.5399088859558105,base,Yes
794,1,1,0.9706877664927535,-0.10239586979150772,-3.60239577293396,base,Yes
795,1,1,0.9953904270258087,-0.031006986275315285,-5.406006813049316,base,Yes
796,1,1,0.9924227576396112,-0.05220332369208336,-4.927203178405762,base,Yes
797,1,1,0.9796676443570214,-0.04660427197813988,-3.9216041564941406,base,Yes
798,1,1,0.9924227600487753,-0.05318957939743996,-4.928189754486084,base,Yes
799,1,1,0.9902915239841308,-0.05331368371844292,-4.678313732147217,base,Yes
800,1,1,0.9975273768479594,-0.028854845091700554,-6.028854846954346,base,Yes
801,1,1,0.9770226279992099,-0.06029448285698891,-3.8102943897247314,base,Yes
802,1,1,0.9875683487351923,-0.061129603534936905,-4.436129570007324,base,Yes
803,1,1,0.985936375642777,-0.06521157920360565,-4.315211772918701,base,Yes
804,1,1,0.9924227587881663,-0.03817509859800339,-4.913175106048584,base,Yes
805,1,1,0.8175744850834649,-0.4284743666648865,-1.9284744262695312,base,Yes
806,1,1,0.9953904268463337,-0.038593027740716934,-5.41359281539917,base,Yes
807,1,1,0.9890130585838026,-0.04367101937532425,-4.543671131134033,base,Yes
808,1,1,0.9465966671870767,-0.09581714868545532,-2.9708170890808105,base,Yes
809,1,1,0.9840936063638437,-0.06155217066407204,-4.186552047729492,base,Yes
810,1,1,0.9933071501901825,-0.033939193934202194,-5.033939361572266,base,Yes
811,1,1,0.9740426411068074,-0.08873111754655838,-3.713731050491333,base,Yes
812,1,1,0.987568349009607,-0.04809380695223808,-4.423093795776367,base,Yes
813,1,1,0.9914225141110948,-0.043885763734579086,-4.793885707855225,base,Yes
814,1,1,0.9890130568026887,-0.08849196881055832,-4.588491916656494,base,Yes
815,1,1,0.9890130557906922,-0.049146320670843124,-4.5491461753845215,base,Yes
816,1,1,0.9796676450248561,-0.06640108674764633,-3.9414010047912598,base,Yes
817,1,1,0.9796676454700793,-0.07853847742080688,-3.953538417816162,base,Yes
818,1,1,0.995929862042492,-0.028239309787750244,-5.5282392501831055,base,Yes
819,1,1,0.9924227574995436,-0.06696860492229462,-4.9419684410095215,base,Yes
820,1,1,0.991422515758431,-0.0385654978454113,-4.788565635681152,base,Yes
821,1,1,0.9706877717925421,-0.08041372895240784,-3.580413818359375,base,Yes
822,1,1,0.9525741258126562,-0.10996057838201523,-3.1099605560302734,base,Yes
823,1,1,0.957912274487423,-0.11509674787521362,-3.2400968074798584,base,Yes
824,1,1,0.9046505428129514,-0.18789783120155334,-2.4378979206085205,base,Yes
825,1,1,0.9324533163686646,-0.1810377836227417,-2.8060379028320312,base,Yes
826,1,1,0.9579122765900844,-0.11929262429475784,-3.244292736053467,base,Yes
827,1,1,0.9947798745966161,-0.057629529386758804,-5.307629585266113,base,Yes
828,1,1,0.9820137942490252,-0.09014487266540527,-4.090145111083984,base,Yes
829,1,1,0.990291523661789,-0.06382082402706146,-4.688820838928223,base,Yes
830,1,1,0.987568347317383,-0.05319896340370178,-4.42819881439209,base,Yes
831,1,1,0.9924227580318008,-0.03466615453362465,-4.909666061401367,base,Yes
832,1,1,0.9579122759893238,-0.10427346080541611,-3.229273557662964,base,Yes
833,1,1,0.989013058421883,-0.06630458682775497,-4.566304683685303,base,Yes
834,1,1,0.9980732655014404,-0.019362840801477432,-6.269362926483154,base,Yes
835,1,1,0.9859363750229257,-0.06574472784996033,-4.315744876861572,base,Yes
836,1,1,0.9770226320971079,-0.06636181473731995,-3.816361904144287,base,Yes
837,1,1,0.9947798737647825,-0.036700353026390076,-5.286700248718262,base,Yes
838,1,1,0.9770226277483183,-0.0559912770986557,-3.8059911727905273,base,Yes
839,1,1,0.9978172836398466,-0.020692309364676476,-6.145692348480225,base,Yes
840,1,1,0.9959298619820892,-0.028046682476997375,-5.528046607971191,base,Yes
841,1,1,0.9982992772217201,-0.04228184372186661,-6.417281627655029,base,Yes
842,1,1,0.9890130557502124,-0.057688385248184204,-4.557688236236572,base,Yes
843,1,1,0.9840936092211993,-0.09290546178817749,-4.217905521392822,base,Yes
844,1,1,0.9820137867479727,-0.06689424067735672,-4.066894054412842,base,Yes
845,1,1,0.998299277702413,-0.03132336586713791,-6.406323432922363,base,Yes
846,1,1,0.9964063981655696,-0.04413536190986633,-5.669135570526123,base,Yes
847,1,1,0.9525741261492485,-0.12039639055728912,-3.120396375656128,base,Yes
848,1,1,0.9046505299595163,-0.2898409962654114,-2.5398409366607666,base,Yes
849,1,1,0.9796676442828175,-0.12655460834503174,-4.001554489135742,base,Yes
850,1,1,0.9796676460637103,-0.06566837430000305,-3.9406683444976807,base,Yes
851,1,1,0.9859363696508799,-0.07278656959533691,-4.322786331176758,base,Yes
852,1,1,0.9978172833599307,-0.04007872939109802,-6.165078639984131,base,Yes
853,1,1,0.9971990730797017,-0.027060015127062798,-5.902060031890869,base,Yes
854,1,1,0.9796676457668948,-0.06555919349193573,-3.940559148788452,base,Yes
855,1,1,0.9914225134458245,-0.04834951460361481,-4.798349380493164,base,Yes
856,1,1,0.9796676475477876,-0.0960514098405838,-3.9710514545440674,base,Yes
857,1,1,0.9902915225515002,-0.058387380093336105,-4.683387279510498,base,Yes
858,1,1,0.9875683485522491,-0.05176501348614693,-4.426764965057373,base,Yes
859,1,1,0.9706877675527112,-0.10482698678970337,-3.6048269271850586,base,Yes
860,1,1,0.9953904275471404,-0.049929678440093994,-5.424929618835449,base,Yes
861,1,1,0.9875683512963958,-0.04945928230881691,-4.424459457397461,base,Yes
862,1,1,0.9933071476392904,-0.04209921509027481,-5.0420989990234375,base,Yes
863,1,1,0.9579122684798184,-0.09444436430931091,-3.2194442749023438,base,Yes
864,1,1,0.9820137892483239,-0.07461266219615936,-4.074612617492676,base,Yes
865,1,1,0.962673116404036,-0.08711685240268707,-3.3371169567108154,base,Yes
866,1,1,0.987568349009607,-0.05165339633822441,-4.4266533851623535,base,Yes
867,1,1,0.9859363700641142,-0.08027765154838562,-4.330277442932129,base,Yes
868,1,1,0.9859363746096915,-0.06342685222625732,-4.313426971435547,base,Yes
869,1,1,0.985936370890583,-0.10005202889442444,-4.3500518798828125,base,Yes
870,1,1,0.9971990724189815,-0.01865742728114128,-5.893657207489014,base,Yes
871,1,1,0.9740426413893734,-0.06090002879500389,-3.6858999729156494,base,Yes
872,1,1,0.970687768612669,-0.07251884788274765,-3.572518825531006,base,Yes
873,1,1,0.9796676481414185,-0.06453220546245575,-3.9395322799682617,base,Yes
874,1,1,0.9770226283337324,-0.06205590441823006,-3.812055826187134,base,Yes
875,1,1,0.9796676466573412,-0.07644271850585938,-3.9514427185058594,base,Yes
876,1,1,0.990291524736262,-0.04416262358427048,-4.669162750244141,base,Yes
877,1,1,0.9796676466573412,-0.08787703514099121,-3.962877035140991,base,Yes
878,1,1,0.9626731158685837,-0.10722842812538147,-3.3572285175323486,base,Yes
879,1,1,0.9914225134458245,-0.07049097120761871,-4.820490837097168,base,Yes
880,1,1,0.9859363703740401,-0.06709212809801102,-4.317091941833496,base,Yes
881,1,1,0.9770226310935413,-0.07140941917896271,-3.8214094638824463,base,Yes
882,1,1,0.9875683492382856,-0.05628632754087448,-4.431286334991455,base,Yes
883,1,1,0.9959298616045708,-0.04925696924328804,-5.549256801605225,base,Yes
884,1,1,0.8354835452961425,-0.30111163854599,-1.9261116981506348,base,Yes
885,1,1,0.9902915252734984,-0.03397065028548241,-4.658970832824707,base,Yes
886,1,1,0.990291524592999,-0.05686367303133011,-4.681863784790039,base,Yes
887,1,1,0.9984988177544308,-0.03974150866270065,-6.539741516113281,base,Yes
888,1,1,0.9820137862873818,-0.05837366357445717,-4.05837345123291,base,Yes
889,1,1,0.9875683507933021,-0.031156405806541443,-4.406156539916992,base,Yes
890,1,1,0.9914225136359017,-0.05339347571134567,-4.803393363952637,base,Yes
891,1,1,0.9964063973652235,-0.033899322152137756,-5.658899307250977,base,Yes
892,1,1,0.9465966694469009,-0.1310124546289444,-3.006012439727783,base,Yes
893,1,1,0.9933071491500131,-0.04850863292813301,-5.048508644104004,base,Yes
894,1,1,0.9399133456181842,-0.21004565060138702,-2.960045576095581,base,Yes
895,1,1,0.9914225126538357,-0.051878202706575394,-4.801877975463867,base,Yes
896,1,1,0.9770226304244968,-0.07826016843318939,-3.8282601833343506,base,Yes
897,1,1,0.9978172831408662,-0.035385798662900925,-6.160385608673096,base,Yes
898,1,1,0.9706877696726267,-0.08512638509273529,-3.5851263999938965,base,Yes
899,1,1,0.9740426443092215,-0.08688420057296753,-3.7118842601776123,base,Yes
900,1,1,0.9859363738865317,-0.07505743950605392,-4.325057506561279,base,Yes
901,1,1,0.9859363749712715,-0.048448894172906876,-4.2984490394592285,base,Yes
902,1,1,0.9740426424254486,-0.07484962046146393,-3.6998496055603027,base,Yes
903,1,1,0.9971990733450302,-0.04274500161409378,-5.917745113372803,base,Yes
904,1,1,0.9984988179121774,-0.012908822856843472,-6.512908935546875,base,Yes
905,1,1,0.996827316444724,-0.028146015480160713,-5.778145790100098,base,Yes
906,1,1,0.9984988174612738,-0.031006524339318275,-6.531006336212158,base,Yes
907,1,1,0.9046505351008906,-0.16814565658569336,-2.4181456565856934,base,Yes
908,1,1,0.9626731102463355,-0.12237817794084549,-3.37237811088562,base,Yes
909,1,1,0.9902915230887366,-0.06775383651256561,-4.692753791809082,base,Yes
910,1,1,0.9902915234827102,-0.051459793001413345,-4.676459789276123,base,Yes
911,1,1,0.9978172832828525,-0.02804911695420742,-6.153048992156982,base,Yes
912,1,1,0.9579122732859019,-0.12968561053276062,-3.254685640335083,base,Yes
913,1,1,0.8933094131553264,-0.22347299754619598,-2.348473072052002,base,Yes
914,1,1,0.9924227576956381,-0.03670896962285042,-4.911708831787109,base,Yes
915,1,1,0.989013059595799,-0.03973463550209999,-4.539734840393066,base,Yes
916,1,1,0.9324533055754921,-0.11759047955274582,-2.7425904273986816,base,Yes
917,1,1,0.9933071500663527,-0.034200042486190796,-5.034200191497803,base,Yes
918,1,1,0.9241418158002492,-0.220325767993927,-2.7203257083892822,base,Yes
919,1,1,0.9959298625710178,-0.042812276631593704,-5.542812347412109,base,Yes
920,1,1,0.9968273175698731,-0.027729380875825882,-5.777729511260986,base,Yes
921,1,1,0.9796676447280407,-0.0694635882973671,-3.9444634914398193,base,Yes
922,1,1,0.985936372130286,-0.04740053415298462,-4.29740047454834,base,Yes
923,1,1,0.9626731094431571,-0.13215884566307068,-3.3821587562561035,base,Yes
924,1,1,0.9525741308615412,-0.1327308714389801,-3.1327309608459473,base,Yes
925,1,1,0.9959298631448454,-0.03360727056860924,-5.533607482910156,base,Yes
926,1,1,0.9241418210233833,-0.13982079923152924,-2.6398208141326904,base,Yes
927,1,1,0.9859363717170516,-0.05534180998802185,-4.305341720581055,base,Yes
928,1,1,0.9859363697541884,-0.0694568082690239,-4.319456577301025,base,Yes
929,1,1,0.9796676474735837,-0.05566783621907234,-3.9306678771972656,base,Yes
930,1,1,0.9046505351008906,-0.15019965171813965,-2.4001996517181396,base,Yes
931,1,1,0.989013056721729,-0.06537920236587524,-4.5653791427612305,base,Yes
932,1,1,0.8354835411997897,-0.29274365305900574,-1.9177436828613281,base,Yes
933,1,1,0.9820137893141225,-0.05901150032877922,-4.059011459350586,base,Yes
934,1,1,0.9924227603008972,-0.04270628094673157,-4.917706489562988,base,Yes
935,1,1,0.9770226289191464,-0.12151151150465012,-3.871511459350586,base,Yes
936,1,1,0.9770226286682546,-0.052362505346536636,-3.8023624420166016,base,Yes
937,1,1,0.966914017797636,-0.08199942111968994,-3.4569993019104004,base,Yes
938,1,1,0.9149009480320036,-0.2220068871974945,-2.5970067977905273,base,Yes
939,1,1,0.9859363712005087,-0.08275044709444046,-4.33275032043457,base,Yes
940,1,1,0.9971990729184235,-0.05718807503581047,-5.932188034057617,base,Yes
941,1,1,0.9875683504274161,-0.06385840475559235,-4.438858509063721,base,Yes
942,1,1,0.9770226289191464,-0.07987337559461594,-3.8298733234405518,base,Yes
943,1,1,0.9820137912222852,-0.07060139626264572,-4.070601463317871,base,Yes
944,1,1,0.99142251582179,-0.03950009122490883,-4.7895002365112305,base,Yes
945,1,1,0.9820137908274928,-0.09387584030628204,-4.093875885009766,base,Yes
946,1,1,0.9840936054891429,-0.0950743556022644,-4.22007417678833,base,Yes
947,1,1,0.9933071486794601,-0.06706815958023071,-5.067068099975586,base,Yes
948,1,1,0.9924227600767889,-0.049098312854766846,-4.924098491668701,base,Yes
949,1,1,0.9959298628277302,-0.03939615190029144,-5.539396286010742,base,Yes
950,1,1,0.995929862163298,-0.03786042332649231,-5.53786039352417,base,Yes
951,1,1,0.9982992775822399,-0.029049400240182877,-6.404049396514893,base,Yes
952,1,1,0.9875683491468141,-0.06288003921508789,-4.437880039215088,base,Yes
953,1,1,0.9924227592643963,-0.03827469423413277,-4.913274765014648,base,Yes
954,1,1,0.9796676470283605,-0.059000711888074875,-3.9340007305145264,base,Yes
955,1,1,0.9770226287518852,-0.1446571946144104,-3.8946571350097656,base,Yes
956,1,1,0.9324533088603709,-0.14502620697021484,-2.770026206970215,base,Yes
957,1,1,0.9890130597981982,-0.06847645342350006,-4.568476676940918,base,Yes
958,1,1,0.9924227588441933,-0.06667278707027435,-4.9416728019714355,base,Yes
959,1,1,0.9914225162336241,-0.06847934424877167,-4.818479537963867,base,Yes
960,1,1,0.9968273169100998,-0.04447372630238533,-5.794473648071289,base,Yes
961,1,1,0.9914225130656699,-0.065349280834198,-4.815349102020264,base,Yes
962,1,1,0.9820137918802723,-0.08981551229953766,-4.089815616607666,base,Yes
963,1,1,0.9902915239483151,-0.08386655151844025,-4.708866596221924,base,Yes
964,1,1,0.9770226294209299,-0.09200862050056458,-3.842008590698242,base,Yes
965,1,1,0.9947798749835155,-0.05482994392514229,-5.304830074310303,base,Yes
966,1,1,0.9324533126145177,-0.14667481184005737,-2.771674871444702,base,Yes
967,1,1,0.9579122765900844,-0.0975114181637764,-3.2225115299224854,base,Yes
968,1,1,0.9859363731633717,-0.06619022786617279,-4.316190242767334,base,Yes
969,1,1,0.8933094060543487,-0.23321533203125,-2.35821533203125,base,Yes
970,1,1,0.995390426726684,-0.03956151008605957,-5.4145612716674805,base,Yes
971,1,1,0.994779875254345,-0.04372864589095116,-5.293728828430176,base,Yes
972,1,1,0.8354835371034369,-0.26222264766693115,-1.8872226476669312,base,Yes
973,1,1,0.9399133439350607,-0.12260018289089203,-2.8726000785827637,base,Yes
974,1,1,0.9890130575313263,-0.051072582602500916,-4.551072597503662,base,Yes
975,1,1,0.9740426411068074,-0.07827670127153397,-3.7032766342163086,base,Yes
976,1,1,0.7981867777396212,-0.37858831882476807,-1.753588318824768,base,Yes
977,1,1,0.9971990725542471,-0.031495265662670135,-5.906495094299316,base,Yes
978,1,1,0.9959298627295755,-0.030658135190606117,-5.53065824508667,base,Yes
979,1,1,0.992422758620085,-0.057818904519081116,-4.93281888961792,base,Yes
980,1,1,0.9924227601888429,-0.04357127845287323,-4.918571472167969,base,Yes
981,1,1,0.9890130571670076,-0.040013331919908524,-4.540013313293457,base,Yes
982,1,1,0.9840936081715584,-0.07282591611146927,-4.197825908660889,base,Yes
983,1,1,0.9924227593764505,-0.04021397605538368,-4.9152140617370605,base,Yes
984,1,1,0.9890130581790039,-0.0532335489988327,-4.553233623504639,base,Yes
985,1,1,0.9914225129072721,-0.045609671622514725,-4.795609474182129,base,Yes
986,1,1,0.9947798755058297,-0.03811956197023392,-5.288119792938232,base,Yes
987,1,1,0.9875683491468141,-0.06457042694091797,-4.439570426940918,base,Yes
988,1,1,0.9902915218710006,-0.04590051621198654,-4.670900344848633,base,Yes
989,1,1,0.9740426405416754,-0.11050519347190857,-3.7355051040649414,base,Yes
990,1,1,0.9859363722335944,-0.08000236004590988,-4.330002307891846,base,Yes
991,1,1,0.9840936047310687,-0.04994272068142891,-4.174942493438721,base,Yes
992,1,1,0.9914225164553807,-0.03377797082066536,-4.783778190612793,base,Yes
993,1,1,0.9959298621330965,-0.05036357790231705,-5.550363540649414,base,Yes
994,1,1,0.998830489517361,-0.020423121750354767,-6.77042293548584,base,Yes
995,1,1,0.9770226299227133,-0.06861091405153275,-3.818610906600952,base,Yes
996,1,1,0.989013056721729,-0.06648117303848267,-4.566481113433838,base,Yes
997,1,1,0.9399133456181842,-0.12418349087238312,-2.874183416366577,base,Yes
998,1,1,0.9964063979988309,-0.019053297117352486,-5.6440534591674805,base,Yes
999,1,1,0.9940889301149127,-0.056136783212423325,-5.181136608123779,base,Yes
1000,1,1,0.9989677691120991,-0.015379761345684528,-6.890379905700684,base,Yes
1001,1,1,0.9875683475460618,-0.05273688957095146,-4.427736759185791,base,Yes
1002,1,1,0.996827317287113,-0.05545707419514656,-5.80545711517334,base,Yes
1003,1,1,0.9940889308482374,-0.03004174493253231,-5.155041694641113,base,Yes
1004,1,1,0.8354835330070839,-0.29088810086250305,-1.9158880710601807,base,Yes
1005,1,1,0.8175744850834649,-0.3089532256126404,-1.8089532852172852,base,Yes
1006,1,1,0.9669140192277585,-0.0726986676454544,-3.4476985931396484,base,Yes
1007,1,1,0.9902915234468944,-0.07548952847719193,-4.700489521026611,base,Yes
1008,1,1,0.9859363710972001,-0.06732095777988434,-4.317320823669434,base,Yes
1009,1,1,0.9820137875375574,-0.07952895015478134,-4.07952880859375,base,Yes
1010,1,1,0.9669140235181256,-0.11042684316635132,-3.485426902770996,base,Yes
1011,1,1,0.9579122750881832,-0.09770171344280243,-3.2227017879486084,base,Yes
1012,1,1,0.9740426450627306,-0.09650245308876038,-3.7215025424957275,base,Yes
1013,1,1,0.9740426424254486,-0.05825783312320709,-3.683257818222046,base,Yes
1014,1,1,0.9978172835789952,-0.028511036187410355,-6.153511047363281,base,Yes
1015,1,1,0.9875683496956434,-0.05074448883533478,-4.425744533538818,base,Yes
1016,1,1,0.9706877694606352,-0.10396742075681686,-3.6039674282073975,base,Yes
1017,1,1,0.9940889305746089,-0.04652462154626846,-5.171524524688721,base,Yes
1018,1,1,0.5926665855647394,-0.6887176632881165,-1.0637176036834717,base,Yes
1019,1,1,0.974042644685976,-0.09163658320903778,-3.7166366577148438,base,Yes
1020,1,1,0.9859363733183345,-0.0541062094271183,-4.30410623550415,base,Yes
1021,1,1,0.9914225126538357,-0.04393504932522774,-4.7939348220825195,base,Yes
1022,1,1,0.9978172832057742,-0.03558460995554924,-6.160584449768066,base,Yes
1023,1,1,0.9890130579361248,-0.059357114136219025,-4.559357166290283,base,Yes
1024,1,1,0.9046505402422645,-0.15802258253097534,-2.40802264213562,base,Yes
1025,1,1,0.990291522587316,-0.04643688350915909,-4.671436786651611,base,Yes
1026,1,1,0.9465966720833627,-0.10923238843679428,-2.9842324256896973,base,Yes
1027,1,1,0.9770226305917578,-0.09163854271173477,-3.8416385650634766,base,Yes
1028,1,1,0.9959298628881332,-0.06302723288536072,-5.563027381896973,base,Yes
1029,1,1,0.9669140182743434,-0.08935032784938812,-3.4643502235412598,base,Yes
1030,1,1,0.9840936075884248,-0.046057745814323425,-4.17105770111084,base,Yes
1031,1,1,0.9875683466770817,-0.06347104161977768,-4.438470840454102,base,Yes
1032,1,1,0.9626731094431571,-0.15046724677085876,-3.4004671573638916,base,Yes
1033,1,1,0.9953904269659838,-0.04299134761095047,-5.4179911613464355,base,Yes
1034,1,1,0.9959298626918236,-0.049063581973314285,-5.549063682556152,base,Yes
1035,1,1,0.9959298622690032,-0.041817668825387955,-5.541817665100098,base,Yes
1036,1,1,0.9924227580318008,-0.03909263387322426,-4.914092540740967,base,Yes
1037,1,1,0.995929861936787,-0.04765233024954796,-5.547652244567871,base,Yes
1038,1,1,0.9933071475154607,-0.04704689607024193,-5.047046661376953,base,Yes
1039,1,1,0.9971990734178655,-0.03947625681757927,-5.91447639465332,base,Yes
1040,1,1,0.9706877694606352,-0.07271241396665573,-3.5727124214172363,base,Yes
1041,1,1,0.992422759040288,-0.049093205481767654,-4.924093246459961,base,Yes
1042,1,1,0.9740426403532982,-0.11391530185937881,-3.738915205001831,base,Yes
1043,1,1,0.957912274787803,-0.11312239617109299,-3.2381224632263184,base,Yes
1044,1,1,0.9902915233752629,-0.04286481440067291,-4.667864799499512,base,Yes
1045,1,1,0.9940889301368031,-0.04906051605939865,-5.174060344696045,base,Yes
1046,1,1,0.9968273164859597,-0.04102346673607826,-5.791023254394531,base,Yes
1047,1,1,0.9953904277522545,-0.04332496225833893,-5.418324947357178,base,Yes
1048,1,1,0.893309401793762,-0.1797652691602707,-2.304765224456787,base,Yes
1049,1,1,0.9902915249869723,-0.052490558475255966,-4.677490711212158,base,Yes
1050,1,1,0.9968273175168556,-0.025662308558821678,-5.775662422180176,base,Yes
1051,1,1,0.8933094046341532,-0.21399356424808502,-2.338993549346924,base,Yes
1052,1,1,0.9959298623747084,-0.042077042162418365,-5.54207706451416,base,Yes
1053,1,1,0.9859363749196173,-0.06661400943994522,-4.316614151000977,base,Yes
1054,1,1,0.9947798743451315,-0.04113387316465378,-5.291133880615234,base,Yes
1055,1,1,0.9947798748094108,-0.05276527255773544,-5.302765369415283,base,Yes
1056,1,1,0.9953904277180687,-0.043782733380794525,-5.418782711029053,base,Yes
1057,1,1,0.8354835371034369,-0.28641557693481445,-1.9114155769348145,base,Yes
1058,1,1,0.9902915247720777,-0.041340697556734085,-4.6663408279418945,base,Yes
1059,1,1,0.979667646212118,-0.06349565833806992,-3.938495635986328,base,Yes
1060,1,1,0.9940889305964992,-0.05656394734978676,-5.181563854217529,base,Yes
1061,1,1,0.9914225130339904,-0.047178927809000015,-4.797178745269775,base,Yes
1062,1,1,0.9890130561145309,-0.04855882748961449,-4.548558712005615,base,Yes
1063,1,1,0.9959298630542412,-0.02697925642132759,-5.526979446411133,base,Yes
1064,1,1,0.9947798736874026,-0.05795919895172119,-5.307959079742432,base,Yes
1065,1,1,0.9149009607937928,-0.21286408603191376,-2.5878641605377197,base,Yes
1066,1,1,0.9924227602728836,-0.06008986011147499,-4.935090065002441,base,Yes
1067,1,1,0.994088931209427,-0.033723343163728714,-5.1587233543396,base,Yes
1068,1,1,0.9046505325302034,-0.20614436268806458,-2.456144332885742,base,Yes
1069,1,1,0.996827317781943,-0.04458455368876457,-5.79458475112915,base,Yes
1070,1,1,0.9706877694606352,-0.11359953135251999,-3.6135995388031006,base,Yes
1071,1,1,0.987568347729005,-0.03508865460753441,-4.410088539123535,base,Yes
1072,1,1,0.9796676474735837,-0.05520983412861824,-3.9302098751068115,base,Yes
1073,1,1,0.9940889300054613,-0.06133289635181427,-5.186332702636719,base,Yes
1074,1,1,0.9924227589562475,-0.042021721601486206,-4.917021751403809,base,Yes
1075,1,1,0.9820137930646489,-0.08089859038591385,-4.080898761749268,base,Yes
1076,1,1,0.9770226297554521,-0.07772041857242584,-3.8277204036712646,base,Yes
1077,1,1,0.9902915252018669,-0.059675995260477066,-4.684676170349121,base,Yes
1078,1,1,0.9890130587862019,-0.04858051612973213,-4.548580646514893,base,Yes
1079,1,1,0.9940889308591826,-0.04135899618268013,-5.166358947753906,base,Yes
1080,1,1,0.9933071493233745,-0.04053112119436264,-5.040531158447266,base,Yes
1081,1,1,0.9940889299179002,-0.030126303434371948,-5.155126094818115,base,Yes
1082,1,1,0.9964063980588568,-0.028852760791778564,-5.653852939605713,base,Yes
1083,1,1,0.993307149917757,-0.03816591948270798,-5.038166046142578,base,Yes
1084,1,1,0.9940889318880257,-0.038960330188274384,-5.1639604568481445,base,Yes
1085,1,1,0.994779873223123,-0.04915449023246765,-5.299154281616211,base,Yes
1086,1,1,0.9399133439350607,-0.17490898072719574,-2.9249088764190674,base,Yes
1087,1,1,0.9940889310343047,-0.03638555482029915,-5.161385536193848,base,Yes
1088,1,1,0.9964063968316592,-0.042316123843193054,-5.66731595993042,base,Yes
1089,1,1,0.9947798732424681,-0.04887935146689415,-5.298879146575928,base,Yes
1090,1,1,0.996827316827628,-0.07827340066432953,-5.828273296356201,base,Yes
1091,1,1,0.9971990736259663,-0.015567567199468613,-5.890567779541016,base,Yes
1092,1,1,0.9579122708828604,-0.1284661591053009,-3.2534661293029785,base,Yes
1093,1,1,0.9940889305417733,-0.025172336027026176,-5.150172233581543,base,Yes
1094,1,1,0.9924227594885046,-0.0413907952606678,-4.916390895843506,base,Yes
1095,1,1,0.9859363733699887,-0.09205624461174011,-4.3420562744140625,base,Yes
1096,1,1,0.9796676453958755,-0.06179863587021828,-3.936798572540283,base,Yes
1097,1,1,0.9796676458410987,-0.05846170708537102,-3.9334616661071777,base,Yes
1098,1,1,0.9840936113204808,-0.06377105414867401,-4.1887712478637695,base,Yes
1099,1,1,0.987568350610359,-0.04743373394012451,-4.422433853149414,base,Yes
1100,1,1,0.9971990729964613,-0.028402818366885185,-5.903402805328369,base,Yes
1101,1,1,0.9914225143645312,-0.05227663740515709,-4.802276611328125,base,Yes
1102,1,1,0.9975273766595959,-0.022951200604438782,-6.022951126098633,base,Yes
1103,1,1,0.9770226290864076,-0.0917234867811203,-3.8417234420776367,base,Yes
1104,1,1,0.9902915254167615,-0.04707316681742668,-4.6720733642578125,base,Yes
1105,1,1,0.9902915238766835,-0.06475826352834702,-4.68975830078125,base,Yes
1106,1,1,0.9875683507475663,-0.05449472740292549,-4.429494857788086,base,Yes
1107,1,1,0.96267311131724,-0.0998251810669899,-3.349825143814087,base,Yes
1108,1,1,0.9840936119036142,-0.07669425755739212,-4.201694488525391,base,Yes
1109,1,1,0.9324533051062237,-0.148517906665802,-2.7735178470611572,base,Yes
1110,1,1,0.9875683464941386,-0.09272978454828262,-4.467729568481445,base,Yes
1111,1,1,0.9465966709534505,-0.17401646077632904,-3.0490164756774902,base,Yes
1112,1,1,0.9924227592643963,-0.0453900583088398,-4.9203901290893555,base,Yes
1113,1,1,0.9740426450627306,-0.06315818428993225,-3.6881582736968994,base,Yes
1114,1,1,0.9924227582278954,-0.04962117224931717,-4.924621105194092,base,Yes
1115,1,1,0.9859363750229257,-0.05786976218223572,-4.307869911193848,base,Yes
1116,1,1,0.9465966656805269,-0.17530712485313416,-3.050307035446167,base,Yes
1117,1,1,0.9149009491921662,-0.21296389400959015,-2.587963819503784,base,Yes
1118,1,1,0.9902915256674717,-0.054321542382240295,-4.679321765899658,base,Yes
1119,1,1,0.9820137870769664,-0.05632035806775093,-4.0563201904296875,base,Yes
1120,1,1,0.9947798748094108,-0.04117574542760849,-5.291175842285156,base,Yes
1121,1,1,0.9706877692486436,-0.10488033294677734,-3.6048803329467773,base,Yes
1122,1,1,0.9914225160435468,-0.06325990706682205,-4.813260078430176,base,Yes
1123,1,1,0.9875683495584361,-0.04371735081076622,-4.418717384338379,base,Yes
1124,1,1,0.9875683508390378,-0.05929027125239372,-4.434290409088135,base,Yes
1125,1,1,0.9820137881955446,-0.06231747567653656,-4.062317371368408,base,Yes
1126,1,1,0.9902915227305791,-0.08407744020223618,-4.70907735824585,base,Yes
1127,1,1,0.9978172831976607,-0.04303519427776337,-6.16803503036499,base,Yes
1128,1,1,0.9770226294209299,-0.06597498059272766,-3.8159749507904053,base,Yes
1129,1,1,0.9964063972718497,-0.03669885918498039,-5.661698818206787,base,Yes
1130,1,1,0.9465966702001757,-0.12346601486206055,-2.9984660148620605,base,Yes
1131,1,1,0.99029152162029,-0.04064055159687996,-4.665640354156494,base,Yes
1132,1,1,0.9820137872743625,-0.07350078970193863,-4.073500633239746,base,Yes
1133,1,1,0.9740426450627306,-0.08532419800758362,-3.710324287414551,base,Yes
1134,1,1,0.9770226305917578,-0.0751929059624672,-3.825192928314209,base,Yes
1135,1,1,0.904650527388829,-0.20979341864585876,-2.4597933292388916,base,Yes
1136,1,1,0.9959298613931605,-0.04000256583094597,-5.540002346038818,base,Yes
1137,1,1,0.9796676479930108,-0.05452340096235275,-3.929523468017578,base,Yes
1138,1,1,0.8670357649558007,-0.23133940994739532,-2.106339454650879,base,Yes
1139,1,1,0.9324533126145177,-0.1588405966758728,-2.7838406562805176,base,Yes
1140,1,1,0.9940889308591826,-0.03321366384625435,-5.1582136154174805,base,Yes
1141,1,1,0.9706877703086015,-0.06587453931570053,-3.5658745765686035,base,Yes
1142,1,1,0.9975273774130499,-0.02799869328737259,-6.027998924255371,base,Yes
1143,1,1,0.9770226305917578,-0.07485006004571915,-3.824850082397461,base,Yes
1144,1,1,0.9706877713685592,-0.09016840159893036,-3.5901684761047363,base,Yes
1145,1,1,0.9579122711832406,-0.08343269675970078,-3.208432674407959,base,Yes
1146,1,1,0.9525741221101401,-0.1335364431142807,-3.1335363388061523,base,Yes
1147,1,1,0.9964063965848857,-0.026175731793045998,-5.651175498962402,base,Yes
1148,1,1,0.9890130556692526,-0.06582609564065933,-4.565825939178467,base,Yes
1149,1,1,0.9940889318004645,-0.027614004909992218,-5.152614116668701,base,Yes
1150,1,1,0.990291524736262,-0.051889292895793915,-4.676889419555664,base,Yes
1151,1,1,0.9241418283357702,-0.16440331935882568,-2.6644034385681152,base,Yes
1152,1,1,0.9940889319318064,-0.037254199385643005,-5.162254333496094,base,Yes
1153,1,1,0.995929861710276,-0.02867426723241806,-5.528674125671387,base,Yes
1154,1,1,0.9964063973518844,-0.052029628306627274,-5.677029609680176,base,Yes
1155,1,1,0.9964063971384586,-0.047198373824357986,-5.672198295593262,base,Yes
1156,1,1,0.9914225148080448,-0.05619809404015541,-4.8061981201171875,base,Yes
1157,1,1,0.9890130583004435,-0.05578509345650673,-4.555785179138184,base,Yes
1158,1,1,0.89330940889474,-0.2569722831249237,-2.381972312927246,base,Yes
1159,1,1,0.9770226287518852,-0.09577089548110962,-3.845770835876465,base,Yes
1160,1,1,0.9770226314280634,-0.08698529005050659,-3.8369853496551514,base,Yes
1161,1,1,0.9924227576396112,-0.047892238944768906,-4.922892093658447,base,Yes
1162,1,1,0.9964063970050677,-0.05974876508116722,-5.684748649597168,base,Yes
1163,1,1,0.9940889313845493,-0.05185409262776375,-5.176854133605957,base,Yes
1164,1,1,0.9859363737315687,-0.04654783383011818,-4.296547889709473,base,Yes
1165,1,1,0.9859363709938916,-0.04811539500951767,-4.298115253448486,base,Yes
1166,1,1,0.9875683500615298,-0.06897203624248505,-4.443972110748291,base,Yes
1167,1,1,0.9902915237334206,-0.05864856392145157,-4.683648586273193,base,Yes
1168,1,1,0.9914225154099561,-0.033902548253536224,-4.783902645111084,base,Yes
1169,1,1,0.9796676444312252,-0.06265746802091599,-3.937657356262207,base,Yes
1170,1,1,0.9902915219068164,-0.050324130803346634,-4.675323963165283,base,Yes
1171,1,1,0.9953904284017823,-0.0523904487490654,-5.4273905754089355,base,Yes
1172,1,1,0.9947798736100227,-0.03430141508579254,-5.284301280975342,base,Yes
1173,1,1,0.9579122750881832,-0.09566657245159149,-3.2206666469573975,base,Yes
1174,1,1,0.9914225129389516,-0.07261009514331818,-4.822609901428223,base,Yes
1175,1,1,0.9924227574995436,-0.035027191042900085,-4.910027027130127,base,Yes
1176,1,1,0.9947798733391929,-0.03716392070055008,-5.287163734436035,base,Yes
1177,1,1,0.9859363755911228,-0.0542333610355854,-4.304233551025391,base,Yes
1178,1,1,0.9959298628126294,-0.04001699760556221,-5.540017127990723,base,Yes
1179,1,1,0.9890130597981982,-0.05028320848941803,-4.550283432006836,base,Yes
1180,1,1,0.9796676487350494,-0.0796440988779068,-3.954644203186035,base,Yes
1181,1,1,0.9968273164977416,-0.032015055418014526,-5.782014846801758,base,Yes
1182,1,1,0.9669140230414182,-0.0775424987077713,-3.452542543411255,base,Yes
1183,1,1,0.9465966671870767,-0.1380189061164856,-3.013018846511841,base,Yes
1184,1,1,0.924141816844876,-0.13538651168346405,-2.6353864669799805,base,Yes
1185,1,1,0.9465966735899123,-0.12137024849653244,-2.996370315551758,base,Yes
1186,1,1,0.9770226297554521,-0.0803682953119278,-3.8303682804107666,base,Yes
1187,1,1,0.9959298620877943,-0.05784039571881294,-5.557840347290039,base,Yes
1188,1,1,0.8670357701094303,-0.3663159906864166,-2.241316080093384,base,Yes
1189,1,1,0.9875683507018305,-0.056530825793743134,-4.431530952453613,base,Yes
1190,1,1,0.9953904285385249,-0.02924426645040512,-5.404244422912598,base,Yes
1191,1,1,0.9940889305308283,-0.08213339745998383,-5.2071332931518555,base,Yes
1192,1,1,0.9465966743431868,-0.10493389517068863,-2.979933977127075,base,Yes
1193,1,1,0.9964063966449118,-0.04542753845453262,-5.670427322387695,base,Yes
1194,1,1,0.9241418199787566,-0.14363503456115723,-2.6436350345611572,base,Yes
1195,1,1,0.9902915252376826,-0.04128533601760864,-4.666285514831543,base,Yes
1196,1,1,0.995390427051448,-0.03877847269177437,-5.413778305053711,base,Yes
1197,1,1,0.9820137904327008,-0.08145234733819962,-4.081452369689941,base,Yes
1198,1,1,0.9924227590683016,-0.06409020721912384,-4.939090251922607,base,Yes
1199,1,1,0.9669140244715405,-0.10930100083351135,-3.4843010902404785,base,Yes
1200,1,1,0.9959298615592685,-0.03554123640060425,-5.53554105758667,base,Yes
1201,1,1,0.9706877715805505,-0.08508554846048355,-3.58508563041687,base,Yes
1202,1,1,0.991422514522929,-0.08059168606996536,-4.830591678619385,base,Yes
1203,1,1,0.9525741258126562,-0.11171390861272812,-3.1117138862609863,base,Yes
1204,1,1,0.995929861770679,-0.04096568375825882,-5.540965557098389,base,Yes
1205,1,1,0.9947798754091048,-0.04212310537695885,-5.292123317718506,base,Yes
1206,1,1,0.9959298616649738,-0.05017868056893349,-5.550178527832031,base,Yes
1207,1,1,0.9840936071219176,-0.06176479160785675,-4.186764717102051,base,Yes
1208,1,1,0.914900950352329,-0.16179877519607544,-2.5367987155914307,base,Yes
1209,1,1,0.9933071485060986,-0.03923901543021202,-5.039238929748535,base,Yes
1210,1,1,0.9978172834004982,-0.03469045087695122,-6.1596903800964355,base,Yes
1211,1,1,0.9975273768433653,-0.031493186950683594,-6.031493186950684,base,Yes
1212,1,1,0.9978172833680442,-0.041363801807165146,-6.166363716125488,base,Yes
1213,1,1,0.9924227599367211,-0.05708201602101326,-4.932082176208496,base,Yes
1214,1,1,0.994088931209427,-0.03869246318936348,-5.163692474365234,base,Yes
1215,1,1,0.9820137876691548,-0.07066215574741364,-4.070662021636963,base,Yes
1216,1,1,0.9975273772017151,-0.032400939613580704,-6.032401084899902,base,Yes
1217,1,1,0.9902915217277373,-0.05691356211900711,-4.681913375854492,base,Yes
1218,1,1,0.9875683472259114,-0.05671421438455582,-4.431714057922363,base,Yes
1219,1,1,0.9933071483822689,-0.03287135064601898,-5.032871246337891,base,Yes
1220,1,1,0.9914225138576584,-0.038261499255895615,-4.788261413574219,base,Yes
1221,1,1,0.9399133523506772,-0.1683189421892166,-2.9183189868927,base,Yes
1222,1,1,0.9953904280428327,-0.04669756814837456,-5.421697616577148,base,Yes
1223,1,1,0.9859363755394686,-0.0933111235499382,-4.343311309814453,base,Yes
1224,1,1,0.9953904273762121,-0.035418130457401276,-5.4104180335998535,base,Yes
1225,1,1,0.9740426416719393,-0.06374029815196991,-3.6887402534484863,base,Yes
1226,1,1,0.9149009491921662,-0.1475277692079544,-2.5225276947021484,base,Yes
1227,1,1,0.9796676465089335,-0.09520865231752396,-3.9702086448669434,base,Yes
1228,1,1,0.9890130571265278,-0.07176830619573593,-4.571768283843994,base,Yes
1229,1,1,0.9796676479930108,-0.06444614380598068,-3.939446210861206,base,Yes
1230,1,1,0.9947798753123799,-0.03525714576244354,-5.285257339477539,base,Yes
1231,1,1,0.9975273771833383,-0.046273570507764816,-6.046273708343506,base,Yes
1232,1,1,0.9706877703086015,-0.07861252874135971,-3.5786125659942627,base,Yes
1233,1,1,0.9968273164918505,-0.028937073424458504,-5.778936862945557,base,Yes
1234,1,1,0.9933071501158847,-0.039677463471889496,-5.039677619934082,base,Yes
1235,1,1,0.9820137865505766,-0.05867453292012215,-4.058674335479736,base,Yes
1236,1,1,0.966914024233187,-0.08659235388040543,-3.461592435836792,base,Yes
1237,1,1,0.9840936094544529,-0.07662050426006317,-4.201620578765869,base,Yes
1238,1,1,0.9626731110495138,-0.11802344024181366,-3.36802339553833,base,Yes
1239,1,1,0.9959298623294062,-0.042068470269441605,-5.5420684814453125,base,Yes
1240,1,1,0.9914225153465969,-0.05876007676124573,-4.808760166168213,base,Yes
1241,1,1,0.9986749778489826,-0.07563046365976334,-6.7006306648254395,base,Yes
1242,1,1,0.9964063970717632,-0.06246385723352432,-5.687463760375977,base,Yes
1243,1,1,0.9324533013520764,-0.17784082889556885,-2.8028407096862793,base,Yes
1244,1,1,0.9875683472259114,-0.07873836904764175,-4.453738212585449,base,Yes
1245,1,1,0.9324533079218341,-0.134737029671669,-2.759737014770508,base,Yes
1246,1,1,0.9770226285846242,-0.0787859633564949,-3.8287858963012695,base,Yes
1247,1,1,0.9465966709534505,-0.14064358174800873,-3.01564359664917,base,Yes
1248,1,1,0.9902915245213675,-0.0662769228219986,-4.691277027130127,base,Yes
1249,1,1,0.9770226322643691,-0.07153882831335068,-3.8215389251708984,base,Yes
1250,1,1,0.970687768188686,-0.08620265871286392,-3.586202621459961,base,Yes
1251,1,1,0.990291523805052,-0.05658242106437683,-4.681582450866699,base,Yes
1252,1,1,0.9859363726984832,-0.041110534220933914,-4.291110515594482,base,Yes
1253,1,1,0.9890130582599637,-0.05583278089761734,-4.555832862854004,base,Yes
1254,1,1,0.9964063965782162,-0.03491806611418724,-5.659917831420898,base,Yes
1255,1,1,0.9924227580037871,-0.04563484340906143,-4.920634746551514,base,Yes
1256,1,1,0.9875683475917977,-0.06670010834932327,-4.441699981689453,base,Yes
1257,1,1,0.995929862555917,-0.03550188988447189,-5.535501956939697,base,Yes
1258,1,1,0.9859363699091515,-0.05127928778529167,-4.301279067993164,base,Yes
1259,1,1,0.9770226324316302,-0.07284153997898102,-3.8228416442871094,base,Yes
1260,1,1,0.9740426428022031,-0.06709480285644531,-3.6920948028564453,base,Yes
1261,1,1,0.9859363716653974,-0.06045541539788246,-4.310455322265625,base,Yes
1262,1,1,0.989013057612286,-0.05243060737848282,-4.552430629730225,base,Yes
1263,1,1,0.9959298628277302,-0.04327712953090668,-5.543277263641357,base,Yes
1264,1,1,0.9525741278322103,-0.11379573494195938,-3.113795757293701,base,Yes
1265,1,1,0.9964063975119536,-0.04825398698449135,-5.673254013061523,base,Yes
1266,1,1,0.9964063973652235,-0.04588605463504791,-5.670886039733887,base,Yes
1267,1,1,0.9525741231199173,-0.08048709481954575,-3.080487012863159,base,Yes
1268,1,1,0.9902915237692362,-0.05706355348229408,-4.682063579559326,base,Yes
1269,1,1,0.914900957313305,-0.26753780245780945,-2.642537832260132,base,Yes
1270,1,1,0.9149009526726544,-0.169662743806839,-2.5446627140045166,base,Yes
1271,1,1,0.9940889308154021,-0.04844241961836815,-5.173442363739014,base,Yes
1272,1,1,0.9975273764252901,-0.024288823828101158,-6.024288654327393,base,Yes
1273,1,1,0.9902915218710006,-0.07979743927717209,-4.704797267913818,base,Yes
1274,1,1,0.679178699175393,-0.5079032182693481,-1.2579032182693481,base,Yes
1275,1,1,0.9890130557502124,-0.057970672845840454,-4.5579705238342285,base,Yes
1276,1,1,0.9980732653689096,-0.028924448415637016,-6.278924465179443,base,Yes
1277,1,1,0.9947798744612014,-0.07942149043083191,-5.329421520233154,base,Yes
1278,1,1,0.9902915227663948,-0.05059536173939705,-4.675595283508301,base,Yes
1279,1,1,0.9840936119619278,-0.05560660734772682,-4.180606842041016,base,Yes
1280,1,1,0.9626731097108832,-0.07955988496541977,-3.329559803009033,base,Yes
1281,1,1,0.9669140228030646,-0.0695466622710228,-3.444546699523926,base,Yes
1282,1,1,0.9525741291785796,-0.10457629710435867,-3.104576349258423,base,Yes
1283,1,1,0.9399133481428692,-0.15205171704292297,-2.9020516872406006,base,Yes
1284,1,1,0.9241418116217418,-0.15169870853424072,-2.651698589324951,base,Yes
1285,1,1,0.9940889303338156,-0.04822172597050667,-5.173221588134766,base,Yes
1286,1,1,0.9971990729184235,-0.034022849053144455,-5.909022808074951,base,Yes
1287,1,1,0.9924227583679631,-0.035030413419008255,-4.910030364990234,base,Yes
1288,1,1,0.9324533116759811,-0.17126603424549103,-2.7962660789489746,base,Yes
1289,1,1,0.9859363755394686,-0.06596069782972336,-4.315960884094238,base,Yes
1290,1,1,0.974042644685976,-0.09227649867534637,-3.7172765731811523,base,Yes
1291,1,1,0.9953904286239892,-0.03710729256272316,-5.412107467651367,base,Yes
1292,1,1,0.9953904270685409,-0.03881470859050751,-5.413814544677734,base,Yes
1293,1,1,0.994779874093647,-0.03269438073039055,-5.282694339752197,base,Yes
1294,1,1,0.9968273176759082,-0.037028148770332336,-5.7870283126831055,base,Yes
1295,1,1,0.9626731099786093,-0.0838828831911087,-3.3338828086853027,base,Yes
1296,1,1,0.9796676469541566,-0.058341726660728455,-3.9333417415618896,base,Yes
1297,1,1,0.9740426409184302,-0.07383401691913605,-3.69883394241333,base,Yes
1298,1,1,0.9840936086380656,-0.06340167671442032,-4.188401699066162,base,Yes
1299,1,1,0.9149009607937928,-0.1713663786649704,-2.5463664531707764,base,Yes
1300,1,1,0.9924227573874893,-0.06654185056686401,-4.94154167175293,base,Yes
1301,1,1,0.9399133481428692,-0.12725117802619934,-2.877251148223877,base,Yes
1302,1,1,0.9982992777308751,-0.02483121119439602,-6.399831295013428,base,Yes
1303,1,1,0.9875683501072655,-0.05267469212412834,-4.427674770355225,base,Yes
1304,1,1,0.9964063981188829,-0.027484698221087456,-5.652484893798828,base,Yes
1305,1,1,0.9933071501406505,-0.061313945800065994,-5.061314105987549,base,Yes
1306,1,1,0.9890130594743595,-0.08088760077953339,-4.580887794494629,base,Yes
1307,1,1,0.9971990733762454,-0.039101000875234604,-5.9141011238098145,base,Yes
1308,1,1,0.880797071719777,-0.2938998341560364,-2.2938997745513916,base,Yes
1309,1,1,0.9820137924066618,-0.09088121354579926,-4.09088134765625,base,Yes
1310,1,1,0.9669140239948331,-0.09164158999919891,-3.466641664505005,base,Yes
1311,1,1,0.9978172840414651,-0.022928014397621155,-6.147928237915039,base,Yes
1312,1,1,0.8175744806385543,-0.3305198848247528,-1.8305199146270752,base,Yes
1313,1,1,0.9953904284188752,-0.03569113090634346,-5.410691261291504,base,Yes
1314,1,1,0.880797068590724,-0.21833953261375427,-2.218339443206787,base,Yes
1315,1,1,0.9149009561531425,-0.15324543416500092,-2.528245449066162,base,Yes
1316,1,1,0.9770226297554521,-0.062623992562294,-3.812623977661133,base,Yes
1317,1,1,0.9525741288419872,-0.11707229912281036,-3.117072343826294,base,Yes
1318,1,1,0.7772998560157665,-0.37505999207496643,-1.625059962272644,base,Yes
1319,1,1,0.9933071491252471,-0.043120376765728,-5.043120384216309,base,Yes
1320,1,1,0.9902915228022106,-0.09586437046527863,-4.720864295959473,base,Yes
1321,1,1,0.9968273165625406,-0.030138680711388588,-5.7801384925842285,base,Yes
1322,1,1,0.9875683491010783,-0.046554092317819595,-4.421554088592529,base,Yes
1323,1,1,0.9740426403532982,-0.07025275379419327,-3.6952526569366455,base,Yes
1324,1,1,0.9947798733972278,-0.03840559348464012,-5.288405418395996,base,Yes
1325,1,1,0.9820137926698564,-0.0903685986995697,-4.090368747711182,base,Yes
1326,1,1,0.9933071482584391,-0.03979409113526344,-5.039793968200684,base,Yes
1327,1,1,0.9924227586480986,-0.04208184406161308,-4.917081832885742,base,Yes
1328,1,1,0.9959298627069244,-0.051976099610328674,-5.551976203918457,base,Yes
1329,1,1,0.9465966720833627,-0.10861917585134506,-2.983619213104248,base,Yes
1330,1,1,0.9241418189341297,-0.14871980249881744,-2.6487197875976562,base,Yes
1331,1,1,0.9902915223724212,-0.042394280433654785,-4.667394161224365,base,Yes
1332,1,1,0.9770226292536686,-0.06737188249826431,-3.8173718452453613,base,Yes
1333,1,1,0.9399133498259924,-0.15250921249389648,-2.9025092124938965,base,Yes
1334,1,1,0.9626731115849659,-0.10029986500740051,-3.350299835205078,base,Yes
1335,1,1,0.9964063965782162,-0.0331728421151638,-5.658172607421875,base,Yes
1336,1,1,0.9984988180392121,-0.03594474121928215,-6.535944938659668,base,Yes
1337,1,1,0.9770226322643691,-0.09185018390417099,-3.8418502807617188,base,Yes
1338,1,1,0.9525741281688026,-0.10914346575737,-3.1091434955596924,base,Yes
1339,1,1,0.9933071493481404,-0.06148524954915047,-5.061485290527344,base,Yes
1340,1,1,0.9770226274974265,-0.05959951505064964,-3.8095993995666504,base,Yes
1341,1,1,0.9924227600487753,-0.03856641426682472,-4.913566589355469,base,Yes
1342,1,1,0.984093610737347,-0.066792331635952,-4.1917924880981445,base,Yes
1343,1,1,0.970687768188686,-0.07181457430124283,-3.57181453704834,base,Yes
1344,1,1,0.9859363757460856,-0.048083581030368805,-4.298083782196045,base,Yes
1345,1,1,0.9859363748163087,-0.07810626924037933,-4.32810640335083,base,Yes
1346,1,1,0.9840936047310687,-0.05500100925564766,-4.1800007820129395,base,Yes
1347,1,1,0.867035763237924,-0.22618266940116882,-2.101182699203491,base,Yes
1348,1,1,0.9890130596767587,-0.04442765936255455,-4.544427871704102,base,Yes
1349,1,1,0.9953904283163181,-0.03832138702273369,-5.413321495056152,base,Yes
1350,1,1,0.9706877688246606,-0.08402515947818756,-3.5840251445770264,base,Yes
1351,1,1,0.8354835330070839,-0.33731451630592346,-1.962314486503601,base,Yes
1352,1,1,0.9982992775537778,-0.027596494182944298,-6.402596473693848,base,Yes
1353,1,1,0.7981867825403176,-0.4195927083492279,-1.7945927381515503,base,Yes
1354,1,1,0.990291524879525,-0.060415126383304596,-4.685415267944336,base,Yes
1355,1,1,0.989013059879158,-0.05002141743898392,-4.550021648406982,base,Yes
1356,1,1,0.9669140185126972,-0.09352979809045792,-3.46852970123291,base,Yes
1357,1,1,0.9525741301883566,-0.11196963489055634,-3.1119697093963623,base,Yes
1358,1,1,0.9669140247098942,-0.09495272487401962,-3.4699528217315674,base,Yes
1359,1,1,0.9947798743451315,-0.0470123216509819,-5.2970123291015625,base,Yes
1360,1,1,0.9914225131607085,-0.05957143381237984,-4.809571266174316,base,Yes
1361,1,1,0.9953904288120105,-0.03967597335577011,-5.414676189422607,base,Yes
1362,1,1,0.9770226290864076,-0.0728033035993576,-3.822803258895874,base,Yes
1363,1,1,0.9902915220142636,-0.07812467962503433,-4.703124523162842,base,Yes
1364,1,1,0.9626731158685837,-0.09891811013221741,-3.3489181995391846,base,Yes
1365,1,1,0.9991959139925377,-0.0530296266078949,-7.178029537200928,base,Yes
1366,1,1,0.9971990726895127,-0.02406180277466774,-5.899061679840088,base,Yes
1367,1,1,0.9890130563169305,-0.05434570461511612,-4.554345607757568,base,Yes
1368,1,1,0.9890130581790039,-0.06230728328227997,-4.562307357788086,base,Yes
1369,1,1,0.9980732655265138,-0.025152107700705528,-6.275152206420898,base,Yes
1370,1,1,0.977022630759019,-0.08121320605278015,-3.8312132358551025,base,Yes
1371,1,1,0.9796676460637103,-0.0573137104511261,-3.9323136806488037,base,Yes
1372,1,1,0.9669140180359896,-0.10425745695829391,-3.479257345199585,base,Yes
1373,1,1,0.9978172834654062,-0.029581110924482346,-6.154581069946289,base,Yes
1374,1,1,0.9964063979788222,-0.029292427003383636,-5.654292583465576,base,Yes
1375,1,1,0.9914225137626198,-0.05744180828332901,-4.807441711425781,base,Yes
1376,1,1,0.9579122714836206,-0.10270573198795319,-3.227705717086792,base,Yes
1377,1,1,0.9890130555882929,-0.06474463641643524,-4.564744472503662,base,Yes
1378,1,1,0.9924227594044641,-0.048185259103775024,-4.923185348510742,base,Yes
1379,1,1,0.9959298631297449,-0.040765076875686646,-5.540765285491943,base,Yes
1380,1,1,0.9947798739001972,-0.04599626734852791,-5.295996189117432,base,Yes
1381,1,1,0.98901305643837,-0.05031880363821983,-4.550318717956543,base,Yes
1382,1,1,0.9465966679403514,-0.18590931594371796,-3.0609092712402344,base,Yes
1383,1,1,0.9840936111455405,-0.06075363978743553,-4.18575382232666,base,Yes
1384,1,1,0.9968273177583797,-0.04102449491620064,-5.791024684906006,base,Yes
1385,1,1,0.9859363734732974,-0.0649380311369896,-4.314938068389893,base,Yes
1386,1,1,0.998073264960572,-0.02755613811314106,-6.2775559425354,base,Yes
1387,1,1,0.9840936078216783,-0.08380845189094543,-4.208808422088623,base,Yes
1388,1,1,0.9890130559526116,-0.03704560920596123,-4.537045478820801,base,Yes
1389,1,1,0.9968273176405631,-0.0303400419652462,-5.780340194702148,base,Yes
1390,1,1,0.9796676481414185,-0.04485289752483368,-3.9198529720306396,base,Yes
1391,1,1,0.9706877669167365,-0.08297856897115707,-3.5829784870147705,base,Yes
1392,1,1,0.9980732649032615,-0.025040851905941963,-6.275040626525879,base,Yes
1393,1,1,0.9947798742290618,-0.03664208948612213,-5.286642074584961,base,Yes
1394,1,1,0.9859363730600632,-0.07720565050840378,-4.327205657958984,base,Yes
1395,1,1,0.9924227603569241,-0.03916909545660019,-4.9141693115234375,base,Yes
1396,1,1,0.8807970732843035,-0.1907539814710617,-2.190753936767578,base,Yes
1397,1,1,0.9959298629032338,-0.032516803592443466,-5.532516956329346,base,Yes
1398,1,1,0.9890130587862019,-0.05435406044125557,-4.554354190826416,base,Yes
1399,1,1,0.9964063982456042,-0.038573987782001495,-5.66357421875,base,Yes
1400,1,1,0.9740426416719393,-0.13463763892650604,-3.7596375942230225,base,Yes
1401,1,1,0.9971990730744991,-0.029606804251670837,-5.904606819152832,base,Yes
1402,1,1,0.977022631929847,-0.07953015714883804,-3.8295302391052246,base,Yes
1403,1,1,0.9796676486608455,-0.05733813717961311,-3.932338237762451,base,Yes
1404,1,1,0.9902915232319999,-0.0573602020740509,-4.6823601722717285,base,Yes
1405,1,1,0.9820137858925894,-0.06126999482512474,-4.061269760131836,base,Yes
1406,1,1,0.9947798746353061,-0.03603213652968407,-5.286032199859619,base,Yes
1407,1,1,0.9875683517537533,-0.040030743926763535,-4.4150309562683105,base,Yes
1408,1,1,0.9933071480355454,-0.03944221884012222,-5.03944206237793,base,Yes
1409,1,1,0.9465966732132748,-0.15672868490219116,-3.031728744506836,base,Yes
1410,1,1,0.9924227591803558,-0.07341760396957397,-4.948417663574219,base,Yes
1411,1,1,0.9324533126145177,-0.15735191106796265,-2.7823519706726074,base,Yes
1412,1,1,0.9859363761076656,-0.056759607046842575,-4.306759834289551,base,Yes
1413,1,1,0.9579122729855218,-0.08058927208185196,-3.2055892944335938,base,Yes
1414,1,1,0.9579122714836206,-0.11270882189273834,-3.237708806991577,base,Yes
1415,1,1,0.9968273175816548,-0.05753837525844574,-5.8075385093688965,base,Yes
1416,1,1,0.982013792801454,-0.05174192041158676,-4.051742076873779,base,Yes
1417,1,1,0.9968273174461656,-0.031075863167643547,-5.781075954437256,base,Yes
1418,1,1,0.9964063981522306,-0.033610615879297256,-5.658610820770264,base,Yes
1419,1,1,0.9796676455442832,-0.05710678920149803,-3.9321067333221436,base,Yes
1420,1,1,0.9959298617253768,-0.028269905596971512,-5.5282697677612305,base,Yes
1421,1,1,0.985936375281197,-0.04937441274523735,-4.299374580383301,base,Yes
1422,1,1,0.9924227597966535,-0.05301413685083389,-4.928014278411865,base,Yes
1423,1,1,0.9953904277522545,-0.03502799570560455,-5.410027980804443,base,Yes
1424,1,1,0.992422757219408,-0.04239245504140854,-4.917392253875732,base,Yes
1425,1,1,0.9875683469057607,-0.05322236195206642,-4.428222179412842,base,Yes
1426,1,1,0.9796676476961953,-0.08421201258897781,-3.959212064743042,base,Yes
1427,1,1,0.9770226275810572,-0.09159361571073532,-3.8415935039520264,base,Yes
1428,1,1,0.9947798751382753,-0.04644234851002693,-5.29644250869751,base,Yes
1429,1,1,0.9706877690366521,-0.08018303662538528,-3.5801830291748047,base,Yes
1430,1,1,0.924141816844876,-0.13579849898815155,-2.635798454284668,base,Yes
1431,1,1,0.9947798747610483,-0.02953377552330494,-5.279533863067627,base,Yes
1432,1,1,0.9820137907616943,-0.056119877845048904,-4.056119918823242,base,Yes
1433,1,1,0.9914225134458245,-0.1011134535074234,-4.851113319396973,base,Yes
1434,1,1,0.9859363753845057,-0.0468023456633091,-4.296802520751953,base,Yes
1435,1,1,0.982013787142765,-0.09271685779094696,-4.092716693878174,base,Yes
1436,1,1,0.9820137900379085,-0.05562543869018555,-4.0556254386901855,base,Yes
1437,1,1,0.9740426441208441,-0.07729382067918777,-3.702293872833252,base,Yes
1438,1,1,0.9875683518909607,-0.06683804094791412,-4.441838264465332,base,Yes
1439,1,1,0.9964063975252927,-0.03131100535392761,-5.65631103515625,base,Yes
1440,1,1,0.9626731129235966,-0.08651375025510788,-3.3365137577056885,base,Yes
1441,1,1,0.798186768138228,-0.3335750699043274,-1.7085750102996826,base,Yes
1442,1,1,0.977022631929847,-0.09928075224161148,-3.849280834197998,base,Yes
1443,1,1,0.9740426441208441,-0.09266752749681473,-3.717667579650879,base,Yes
1444,1,1,0.9890130589481213,-0.053369853645563126,-4.553369998931885,base,Yes
1445,1,1,0.9820137924066618,-0.07909904420375824,-4.079099178314209,base,Yes
1446,1,1,0.9933071500911187,-0.03486856445670128,-5.0348687171936035,base,Yes
1447,1,1,0.9933071484813326,-0.029875844717025757,-5.029875755310059,base,Yes
1448,1,1,0.9324533163686646,-0.17547357082366943,-2.800473690032959,base,Yes
1449,1,1,0.9947798748867906,-0.04020298272371292,-5.290203094482422,base,Yes
1450,1,1,0.9820137939858306,-0.06674839556217194,-4.06674861907959,base,Yes
1451,1,1,0.991422515283238,-0.06108037382364273,-4.811080455780029,base,Yes
1452,1,1,0.9324533107374443,-0.17401406168937683,-2.799014091491699,base,Yes
1453,1,1,0.9971990730640942,-0.04653691127896309,-5.921536922454834,base,Yes
1454,1,1,0.9902915240199466,-0.05686468631029129,-4.6818647384643555,base,Yes
1455,1,1,0.996406396911694,-0.02983870357275009,-5.654838562011719,base,Yes
1456,1,1,0.9924227594044641,-0.04870644211769104,-4.923706531524658,base,Yes
1457,1,1,0.9626731097108832,-0.09465726464986801,-3.3446571826934814,base,Yes
1458,1,1,0.9706877690366521,-0.09173131734132767,-3.591731309890747,base,Yes
1459,1,1,0.7549149923816048,-0.41910073161125183,-1.5441007614135742,base,Yes
1460,1,1,0.9875683511591884,-0.06606514751911163,-4.441065311431885,base,Yes
1461,1,1,0.9902915257391033,-0.06443429738283157,-4.68943452835083,base,Yes
1462,1,1,0.997199072543842,-0.05205124244093895,-5.927051067352295,base,Yes
1463,1,1,0.9840936078216783,-0.10270121693611145,-4.227701187133789,base,Yes
1464,1,1,0.9579122690805788,-0.09259374439716339,-3.2175936698913574,base,Yes
1465,1,1,0.9940889305746089,-0.046627141535282135,-5.171627044677734,base,Yes
1466,1,1,0.9940889320850383,-0.049700576812028885,-5.174700736999512,base,Yes
1467,1,1,0.9525741234565097,-0.12736590206623077,-3.127365827560425,base,Yes
1468,1,1,0.9324533107374443,-0.13597676157951355,-2.760976791381836,base,Yes
1469,1,1,0.8807970842359877,-0.2175235152244568,-2.2175235748291016,base,Yes
1470,1,1,0.9902915243064728,-0.05059615522623062,-4.675596237182617,base,Yes
1471,1,1,0.9399133447766225,-0.13580641150474548,-2.8858063220977783,base,Yes
1472,1,1,0.9859363735766059,-0.06897158920764923,-4.318971633911133,base,Yes
1473,1,1,0.997817283814287,-0.03644073009490967,-6.161440849304199,base,Yes
1474,1,1,0.9890130588266818,-0.07201038300991058,-4.572010517120361,base,Yes
1475,1,1,0.9525741301883566,-0.13315407931804657,-3.1331541538238525,base,Yes
1476,1,1,0.9975273772154979,-0.031198350712656975,-6.031198501586914,base,Yes
1477,1,1,0.924141817889503,-0.17398932576179504,-2.6739892959594727,base,Yes
1478,1,1,0.9840936099209598,-0.09540165960788727,-4.220401763916016,base,Yes
1479,1,1,0.9914225126855153,-0.05676005780696869,-4.806759834289551,base,Yes
1480,1,1,0.9924227603289105,-0.05553319677710533,-4.930533409118652,base,Yes
1481,1,1,0.9706877692486436,-0.09649801254272461,-3.5964980125427246,base,Yes
1482,1,1,0.9953904287094533,-0.031026169657707214,-5.406026363372803,base,Yes
1483,1,1,0.9890130577337255,-0.06029459461569786,-4.5602946281433105,base,Yes
1484,1,1,0.9820137904327008,-0.06567618995904922,-4.065676212310791,base,Yes
1485,1,1,0.999195914148176,-0.03344334661960602,-7.158443450927734,base,Yes
1486,1,1,0.9964063975719796,-0.029412703588604927,-5.654412746429443,base,Yes
1487,1,1,0.9859363704256944,-0.05198640003800392,-4.301986217498779,base,Yes
1488,1,1,0.9968273176641265,-0.04051383212208748,-5.79051399230957,base,Yes
1489,1,1,0.9924227590122746,-0.06841989606618881,-4.943419933319092,base,Yes
1490,1,1,0.9914225140160562,-0.053775377571582794,-4.803775310516357,base,Yes
1491,1,1,0.9914225138576584,-0.0437680147588253,-4.793767929077148,base,Yes
1492,1,1,0.9971990728663985,-0.030923426151275635,-5.905923366546631,base,Yes
1493,1,1,0.9149009561531425,-0.16071127355098724,-2.5357112884521484,base,Yes
1494,1,1,0.9978172835222008,-0.04864455759525299,-6.173644542694092,base,Yes
1495,1,1,0.9324533135530545,-0.15618817508220673,-2.7811882495880127,base,Yes
1496,1,1,0.9940889302681448,-0.06207337975502014,-5.187073230743408,base,Yes
1497,1,1,0.9626731134590488,-0.08235595375299454,-3.3323559761047363,base,Yes
1498,1,1,0.998073265318763,-0.028625497594475746,-6.27862548828125,base,Yes
1499,1,1,0.9626731134590488,-0.1245550885796547,-3.3745551109313965,base,Yes
1500,1,1,0.9875683465856102,-0.08821412920951843,-4.463213920593262,base,Yes
1501,1,1,0.9988304896914277,-0.041802920401096344,-6.791802883148193,base,Yes
1502,1,1,0.9875683491468141,-0.07181024551391602,-4.446810245513916,base,Yes
1503,1,1,0.9875683517080176,-0.07977178692817688,-4.454771995544434,base,Yes
1504,1,1,0.9706877688246606,-0.10696698725223541,-3.606966972351074,base,Yes
1505,1,1,0.8933093989533708,-0.22516758739948273,-2.3501675128936768,base,Yes
1506,1,1,0.9399133515091156,-0.1449248492717743,-2.8949248790740967,base,Yes
1507,1,1,0.9770226277483183,-0.096946582198143,-3.8469464778900146,base,Yes
1508,1,1,0.9890130563169305,-0.06340894848108292,-4.563408851623535,base,Yes
1509,1,1,0.9579122702820998,-0.11504702270030975,-3.240046977996826,base,Yes
1510,1,1,0.9820137893799213,-0.06542543321847916,-4.065425395965576,base,Yes
1511,1,1,0.9465966747198243,-0.1417023241519928,-3.01670241355896,base,Yes
1512,1,1,0.9706877669167365,-0.1037956103682518,-3.6037955284118652,base,Yes
1513,1,1,0.9859363717170516,-0.06153020262718201,-4.311530113220215,base,Yes
1514,1,1,0.9796676466573412,-0.0645132064819336,-3.9395132064819336,base,Yes
1515,1,1,0.987568347317383,-0.06504359841346741,-4.4400434494018555,base,Yes
1516,1,1,0.9875683478204765,-0.05413590744137764,-4.429135799407959,base,Yes
1517,1,1,0.9890130597577184,-0.04566456750035286,-4.5456647872924805,base,Yes
1518,1,1,0.9740426411068074,-0.07630068808794022,-3.701300621032715,base,Yes
1519,1,1,0.9324533022906132,-0.18082033097743988,-2.8058202266693115,base,Yes
1520,1,1,0.9902915233752629,-0.04941083490848541,-4.674410820007324,base,Yes
1521,1,1,0.9940889302462546,-0.055418167263269424,-5.180418014526367,base,Yes
1522,1,1,0.9796676468057489,-0.09039735049009323,-3.965397357940674,base,Yes
1523,1,1,0.9740426405416754,-0.06910476088523865,-3.6941046714782715,base,Yes
1524,1,1,0.9525741264858409,-0.10869146138429642,-3.108691453933716,base,Yes
1525,1,1,0.9953904284872463,-0.04638180509209633,-5.421381950378418,base,Yes
1526,1,1,0.9820137935910384,-0.07369593530893326,-4.073696136474609,base,Yes
1527,1,1,0.893309411735131,-0.25705164670944214,-2.382051706314087,base,Yes
1528,1,1,0.9840936083464987,-0.05242585763335228,-4.177425861358643,base,Yes
1529,1,1,0.9859363716137431,-0.0700756087899208,-4.320075511932373,base,Yes
1530,1,1,0.9706877703086015,-0.11779829114675522,-3.617798328399658,base,Yes
1531,1,1,0.987568347317383,-0.0616699755191803,-4.436669826507568,base,Yes
1532,1,1,0.9902915213695798,-0.052474722266197205,-4.677474498748779,base,Yes
1533,1,1,0.9890130595553192,-0.10614088922739029,-4.606141090393066,base,Yes
1534,1,1,0.9947798743451315,-0.04374074190855026,-5.293740749359131,base,Yes
1535,1,1,0.9796676447280407,-0.07391772419214249,-3.9489176273345947,base,Yes
1536,1,1,0.9525741288419872,-0.13625569641590118,-3.1362557411193848,base,Yes
1537,1,1,0.9933071498682252,-0.09611833095550537,-5.096118450164795,base,Yes
1538,1,1,0.9859363708389287,-0.04968038573861122,-4.299680233001709,base,Yes
1539,1,1,0.9902915217277373,-0.061740584671497345,-4.686740398406982,base,Yes
1540,1,1,0.9971990734490805,-0.028196662664413452,-5.903196811676025,base,Yes
1541,1,1,0.9579122690805788,-0.11359889805316925,-3.2385988235473633,base,Yes
1542,1,1,0.9902915215486585,-0.05246182903647423,-4.677461624145508,base,Yes
1543,1,1,0.9706877660687704,-0.10862099379301071,-3.6086208820343018,base,Yes
1544,1,1,0.9706877698846185,-0.07595513015985489,-3.5759551525115967,base,Yes
1545,1,1,0.9875683500615298,-0.046355172991752625,-4.421355247497559,base,Yes
1546,1,1,0.9875683489638711,-0.07716228067874908,-4.452162265777588,base,Yes
1547,1,1,0.9914225143962109,-0.0627160295844078,-4.812716007232666,base,Yes
1548,1,1,0.9820137933278436,-0.08889561146497726,-4.088895797729492,base,Yes
1549,1,1,0.985936370890583,-0.07358995079994202,-4.32358980178833,base,Yes
1550,1,1,0.9626731123881445,-0.0903177335858345,-3.340317726135254,base,Yes
1551,1,1,0.9465966645506146,-0.11367284506559372,-2.9886727333068848,base,Yes
1552,1,1,0.9859363728534459,-0.07342768460512161,-4.323427677154541,base,Yes
1553,1,1,0.957912274487423,-0.09949392080307007,-3.224493980407715,base,Yes
1554,1,1,0.9669140228030646,-0.09335466474294662,-3.4683547019958496,base,Yes
1555,1,1,0.9770226325988914,-0.07712972909212112,-3.82712984085083,base,Yes
1556,1,1,0.9820137880639471,-0.07536040991544724,-4.075360298156738,base,Yes
1557,1,1,0.9924227577516652,-0.0422755591571331,-4.917275428771973,base,Yes
1558,1,1,0.9947798753123799,-0.054881855845451355,-5.304882049560547,base,Yes
1559,1,1,0.9875683490553425,-0.0847792699933052,-4.459779262542725,base,Yes
1560,1,1,0.7981867729389246,-0.3422774374485016,-1.7172774076461792,base,Yes
1561,1,1,0.8519527944504226,-0.340900719165802,-2.0909006595611572,base,Yes
1562,1,1,0.9399133473013074,-0.15182499587535858,-2.901824951171875,base,Yes
1563,1,1,0.9840936080549317,-0.072877898812294,-4.197877883911133,base,Yes
1564,1,1,0.9706877669167365,-0.09284766763448715,-3.5928475856781006,base,Yes
1565,1,1,0.9924227590122746,-0.07071491330862045,-4.945714950561523,base,Yes
1566,1,1,0.984093611203854,-0.07448320835828781,-4.199483394622803,base,Yes
1567,1,1,0.9820137917486748,-0.0700930580496788,-4.070093154907227,base,Yes
1568,1,1,0.9859363719236689,-0.060375288128852844,-4.310375213623047,base,Yes
1569,1,1,0.990291523661789,-0.06958769261837006,-4.694587707519531,base,Yes
1570,1,1,0.9149009607937928,-0.1840483397245407,-2.5590484142303467,base,Yes
1571,1,1,0.9914225133191062,-0.06450381875038147,-4.8145036697387695,base,Yes
1572,1,1,0.9465966705768132,-0.11864065378904343,-2.993640661239624,base,Yes
1573,1,1,0.995390426931798,-0.062456801533699036,-5.4374566078186035,base,Yes
1574,1,1,0.8807970654616711,-0.2037588357925415,-2.203758716583252,base,Yes
1575,1,1,0.9988304900090996,-0.05418277159333229,-6.804183006286621,base,Yes
1576,1,1,0.9626731169394882,-0.08149278163909912,-3.3314929008483887,base,Yes
1577,1,1,0.9859363739898402,-0.0575212687253952,-4.307521343231201,base,Yes
1578,1,1,0.9933071488775878,-0.0476851761341095,-5.047685146331787,base,Yes
1579,1,1,0.9924227586761121,-0.07057429105043411,-4.9455742835998535,base,Yes
1580,1,1,0.9890130591910005,-0.05452091619372368,-4.554521083831787,base,Yes
1581,1,1,0.9770226279155795,-0.11726102977991104,-3.8672609329223633,base,Yes
1582,1,1,0.9669140182743434,-0.1104050725698471,-3.4854049682617188,base,Yes
1583,1,1,0.9914225138893381,-0.06426819413900375,-4.814268112182617,base,Yes
1584,1,1,0.9740426454394852,-0.08627308905124664,-3.711273193359375,base,Yes
1585,1,1,0.9820137916170774,-0.07245531678199768,-4.072455406188965,base,Yes
1586,1,1,0.9890130552644538,-0.061026766896247864,-4.561026573181152,base,Yes
1587,1,1,0.974042642048694,-0.07170417904853821,-3.696704149246216,base,Yes
1588,1,1,0.9971990726478925,-0.052165646106004715,-5.927165508270264,base,Yes
1589,1,1,0.9953904271710978,-0.050717972218990326,-5.425717830657959,base,Yes
1590,1,1,0.994088930355706,-0.051087990403175354,-5.176087856292725,base,Yes
1591,1,1,0.9902915226589475,-0.13279590010643005,-4.757795810699463,base,Yes
1592,1,1,0.9890130597981982,-0.07021786272525787,-4.570218086242676,base,Yes
1593,1,1,0.9796676447280407,-0.07788596302270889,-3.952885866165161,base,Yes
1594,1,1,0.9914225165504194,-0.04198194295167923,-4.791982173919678,base,Yes
1595,1,1,0.9770226315953247,-0.11387317627668381,-3.863873243331909,base,Yes
1596,1,1,0.9924227589002204,-0.07017085701227188,-4.945170879364014,base,Yes
1597,1,1,0.9740426448743534,-0.08328167349100113,-3.7082817554473877,base,Yes
1598,1,1,0.9399133531922388,-0.11218255758285522,-2.8621826171875,base,Yes
1599,1,1,0.9978172835222008,-0.02238704264163971,-6.1473870277404785,base,Yes
1600,1,1,0.9875683464026671,-0.10247538983821869,-4.477475166320801,base,Yes
1601,1,1,0.9740426405416754,-0.08064612746238708,-3.70564603805542,base,Yes
1602,1,1,0.9902915224082369,-0.04884302243590355,-4.673842906951904,base,Yes
1603,1,1,0.9924227570793404,-0.04633639380335808,-4.9213361740112305,base,Yes
1604,1,1,0.9902915243781044,-0.04211464524269104,-4.667114734649658,base,Yes
1605,1,1,0.9947798744031665,-0.03584526106715202,-5.2858452796936035,base,Yes
1606,1,1,0.817574471748733,-0.2968222200870514,-1.796822190284729,base,Yes
1607,1,1,0.966914017797636,-0.08423721790313721,-3.4592370986938477,base,Yes
1608,1,1,0.97966764509906,-0.05731089785695076,-3.9323108196258545,base,Yes
1609,1,1,0.9924227580037871,-0.05239734798669815,-4.92739725112915,base,Yes
1610,1,1,0.9840936082881853,-0.053914546966552734,-4.178914546966553,base,Yes
1611,1,1,0.9706877671287282,-0.06791479885578156,-3.5679147243499756,base,Yes
1612,1,1,0.9840936103874667,-0.08081613481044769,-4.205816268920898,base,Yes
1613,1,1,0.9579122726851417,-0.12315820157527924,-3.2481582164764404,base,Yes
1614,1,1,0.9859363715104345,-0.06298123300075531,-4.312981128692627,base,Yes
1615,1,1,0.9940889307059506,-0.03916175663471222,-5.164161682128906,base,Yes
1616,1,1,0.9740426407300528,-0.08221849054098129,-3.7072184085845947,base,Yes
1617,1,1,0.9875683465856102,-0.06616613268852234,-4.441165924072266,base,Yes
1618,1,1,0.924141817889503,-0.1791534721851349,-2.6791534423828125,base,Yes
1619,1,1,0.9902915222291582,-0.06603111326694489,-4.691030979156494,base,Yes
1620,1,1,0.9820137880639471,-0.05792533606290817,-4.057925224304199,base,Yes
1621,1,1,0.979667647844603,-0.07976287603378296,-3.9547629356384277,base,Yes
1622,1,1,0.9940889300711322,-0.03631991520524025,-5.161319732666016,base,Yes
1623,1,1,0.9914225127488744,-0.03877422958612442,-4.788774013519287,base,Yes
1624,1,1,0.9149009619539553,-0.17102423310279846,-2.5460243225097656,base,Yes
1625,1,1,0.9706877671287282,-0.11698491871356964,-3.6169848442077637,base,Yes
1626,1,1,0.9875683511591884,-0.05639393627643585,-4.431394100189209,base,Yes
1627,1,1,0.985936374299766,-0.04759492725133896,-4.297595024108887,base,Yes
1628,1,1,0.9964063982322651,-0.05888630077242851,-5.683886528015137,base,Yes
1629,1,1,0.9820137888535316,-0.0736284926533699,-4.0736284255981445,base,Yes
1630,1,1,0.9940889313407687,-0.03678366169333458,-5.161783695220947,base,Yes
1631,1,1,0.994088932303941,-0.0550253801047802,-5.180025577545166,base,Yes
1632,1,1,0.9959298624049098,-0.0449194610118866,-5.544919490814209,base,Yes
1633,1,1,0.9324533013520764,-0.15255415439605713,-2.7775540351867676,base,Yes
1634,1,1,0.9953904275044083,-0.026781627908349037,-5.4017815589904785,base,Yes
1635,1,1,0.9796676481414185,-0.08336798846721649,-3.9583680629730225,base,Yes
1636,1,1,0.9241418126663687,-0.14636097848415375,-2.6463608741760254,base,Yes
1637,1,1,0.9241418283357702,-0.1534970998764038,-2.6534972190856934,base,Yes
1638,1,1,0.9770226295881911,-0.06885864585638046,-3.8188586235046387,base,Yes
1639,1,1,0.9324533126145177,-0.16059178113937378,-2.7855918407440186,base,Yes
1640,1,1,0.9947798739775771,-0.044279638677835464,-5.2942795753479,base,Yes
1641,1,1,0.9940889309467438,-0.0377984382212162,-5.1627984046936035,base,Yes
1642,1,1,0.9770226325988914,-0.07453764230012894,-3.824537754058838,base,Yes
1643,1,1,0.9940889322601605,-0.04237394407391548,-5.167374134063721,base,Yes
1644,1,1,0.9820137920118697,-0.07106483727693558,-4.0710649490356445,base,Yes
1645,1,1,0.89330940889474,-0.19335314631462097,-2.3183531761169434,base,Yes
1646,1,1,0.8933093975331751,-0.19714149832725525,-2.322141408920288,base,Yes
1647,1,1,0.9046505312448597,-0.1769457310438156,-2.426945686340332,base,Yes
1648,1,1,0.9875683474545903,-0.04931892827153206,-4.424318790435791,base,Yes
1649,1,1,0.9984988178884456,-0.04584016650915146,-6.545840263366699,base,Yes
1650,1,1,0.9959298623747084,-0.056467510759830475,-5.556467533111572,base,Yes
1651,1,1,0.9796676471025644,-0.07109115272760391,-3.9460911750793457,base,Yes
1652,1,1,0.9933071496700977,-0.050455957651138306,-5.0504560470581055,base,Yes
1653,1,1,0.9669140182743434,-0.07096634805202484,-3.4459662437438965,base,Yes
1654,1,1,0.9859363743514202,-0.05060567334294319,-4.300605773925781,base,Yes
1655,1,1,0.9859363720269774,-0.05979020148515701,-4.309790134429932,base,Yes
1656,1,1,0.9626731123881445,-0.09085465222597122,-3.3408546447753906,base,Yes
1657,1,1,0.9706877711565677,-0.1107734963297844,-3.6107735633850098,base,Yes
1658,1,1,0.9525741322079105,-0.11023318767547607,-3.1102333068847656,base,Yes
1659,1,1,0.9875683509762452,-0.05738338828086853,-4.4323835372924805,base,Yes
1660,1,1,0.9770226276646877,-0.05204807594418526,-3.8020479679107666,base,Yes
1661,1,1,0.9933071501654165,-0.06291563808917999,-5.062915802001953,base,Yes
1662,1,1,0.932453315430128,-0.1971205621957779,-2.8221206665039062,base,Yes
1663,1,1,0.9820137922750644,-0.08755337446928024,-4.08755350112915,base,Yes
1664,1,1,0.9706877688246606,-0.09092976152896881,-3.5909297466278076,base,Yes
1665,1,1,0.9706877722165251,-0.06716670095920563,-3.567166805267334,base,Yes
1666,1,1,0.9820137870111676,-0.07464950531721115,-4.074649333953857,base,Yes
1667,1,1,0.9796676476961953,-0.06081051379442215,-3.9358105659484863,base,Yes
1668,1,1,0.9968273171575148,-0.03338766098022461,-5.783387660980225,base,Yes
1669,1,1,0.9968273172753315,-0.044541798532009125,-5.794541835784912,base,Yes
1670,1,1,0.9924227588722069,-0.05710599943995476,-4.932106018066406,base,Yes
1671,1,1,0.9933071479117157,-0.05434006080031395,-5.05433988571167,base,Yes
1672,1,1,0.993307149942523,-0.053210604935884476,-5.053210735321045,base,Yes
1673,1,1,0.9933071488280558,-0.042219676077365875,-5.042219638824463,base,Yes
1674,1,1,0.8670357598021706,-0.27684712409973145,-2.1518471240997314,base,Yes
1675,1,1,0.990291523661789,-0.049206241965293884,-4.674206256866455,base,Yes
1676,1,1,0.7549149868676283,-0.38826847076416016,-1.5132684707641602,base,Yes
1677,1,1,0.992422758620085,-0.054715171456336975,-4.929715156555176,base,Yes
1678,1,1,0.9706877703086015,-0.07304545491933823,-3.573045492172241,base,Yes
1679,1,1,0.9953904269147051,-0.035862166434526443,-5.410861968994141,base,Yes
1680,1,1,0.9975273767606692,-0.031969103962183,-6.03196907043457,base,Yes
1681,1,1,0.9875683486894564,-0.05879739671945572,-4.433797359466553,base,Yes
1682,1,1,0.9933071480107795,-0.04100195690989494,-5.041001796722412,base,Yes
1683,1,1,0.9525741241296944,-0.09913426637649536,-3.0991342067718506,base,Yes
1684,1,1,0.9959298620575928,-0.03426605090498924,-5.534265995025635,base,Yes
1685,1,1,0.9149009561531425,-0.14241717755794525,-2.5174171924591064,base,Yes
1686,1,1,0.9820137918802723,-0.06730546057224274,-4.067305564880371,base,Yes
1687,1,1,0.9890130595553192,-0.07014540582895279,-4.570145606994629,base,Yes
1688,1,1,0.9820137903011033,-0.06661222875118256,-4.066612243652344,base,Yes
1689,1,1,0.9626731107817877,-0.09554653614759445,-3.3455464839935303,base,Yes
1690,1,1,0.9933071492986085,-0.04630657657980919,-5.046306610107422,base,Yes
1691,1,1,0.9914225139843768,-0.04174621030688286,-4.791746139526367,base,Yes
1692,1,1,0.9914225159485083,-0.061524707823991776,-4.811524868011475,base,Yes
1693,1,1,0.9964063974252494,-0.030735014006495476,-5.655735015869141,base,Yes
1694,1,1,0.9933071478374179,-0.06302947551012039,-5.0630292892456055,base,Yes
1695,1,1,0.9988304898829014,-0.03688465803861618,-6.786884784698486,base,Yes
1696,1,1,0.9924227596845995,-0.03822409361600876,-4.913224220275879,base,Yes
1697,1,1,0.9796676448764484,-0.09467396140098572,-3.9696738719940186,base,Yes
1698,1,1,0.9953904284017823,-0.046586863696575165,-5.421586990356445,base,Yes
1699,1,1,0.9984988174975694,-0.03448788821697235,-6.534487724304199,base,Yes
1700,1,1,0.9953904288632888,-0.04519535228610039,-5.420195579528809,base,Yes
1701,1,1,0.9875683477747408,-0.04272901266813278,-4.417728900909424,base,Yes
1702,1,1,0.9914225163286626,-0.05612686648964882,-4.806127071380615,base,Yes
1703,1,1,0.9890130595553192,-0.04474381357431412,-4.54474401473999,base,Yes
1704,1,1,0.9940889304213768,-0.048438671976327896,-5.173438549041748,base,Yes
1705,1,1,0.9971990729184235,-0.050143759697675705,-5.925143718719482,base,Yes
1706,1,1,0.9859363698058429,-0.056011904031038284,-4.30601167678833,base,Yes
1707,1,1,0.9770226292536686,-0.06842903047800064,-3.8184289932250977,base,Yes
1708,1,1,0.9924227596285723,-0.04577195644378662,-4.920772075653076,base,Yes
1709,1,1,0.9820137888535316,-0.05012471228837967,-4.050124645233154,base,Yes
1710,1,1,0.9975273762920575,-0.038882479071617126,-6.038882255554199,base,Yes
1711,1,1,0.9902915253809457,-0.08822755515575409,-4.71322774887085,base,Yes
1712,1,1,0.9875683513878672,-0.04927569255232811,-4.424275875091553,base,Yes
1713,1,1,0.9706877698846185,-0.0625285878777504,-3.562528610229492,base,Yes
1714,1,1,0.9988304895956911,-0.032028794288635254,-6.782028675079346,base,Yes
1715,1,1,0.867035771827307,-0.24570025503635406,-2.1207003593444824,base,Yes
1716,1,1,0.9953904276326044,-0.04554657265543938,-5.420546531677246,base,Yes
1717,1,1,0.9840936080549317,-0.05385829508304596,-4.178858280181885,base,Yes
1718,1,1,0.987568347729005,-0.04826318845152855,-4.423263072967529,base,Yes
1719,1,1,0.9902915230887366,-0.0589623898267746,-4.683962345123291,base,Yes
1720,1,1,0.9964063974052407,-0.02638578787446022,-5.65138578414917,base,Yes
1721,1,1,0.9669140185126972,-0.07619795948266983,-3.451197862625122,base,Yes
1722,1,1,0.9940889320412578,-0.03319486603140831,-5.1581950187683105,base,Yes
1723,1,1,0.9669140180359896,-0.06943856924772263,-3.4444384574890137,base,Yes
1724,1,1,0.9626731123881445,-0.08350683003664017,-3.3335068225860596,base,Yes
1725,1,1,0.9971990736675865,-0.02072979137301445,-5.895730018615723,base,Yes
1726,1,1,0.962673116404036,-0.10322345793247223,-3.3532235622406006,base,Yes
1727,1,1,0.9626731091754309,-0.12499461323022842,-3.3749945163726807,base,Yes
1728,1,1,0.9324533144915912,-0.13092461228370667,-2.755924701690674,base,Yes
1729,1,1,0.9947798735326429,-0.04264608025550842,-5.2926459312438965,base,Yes
1730,1,1,0.9933071492243107,-0.03466937690973282,-5.034669399261475,base,Yes
1731,1,1,0.9840936109706004,-0.05214244872331619,-4.17714262008667,base,Yes
1732,1,1,0.9669140225647107,-0.09529134631156921,-3.4702913761138916,base,Yes
1733,1,1,0.9770226297554521,-0.0761718899011612,-3.826171875,base,Yes
1734,1,1,0.9947798731650882,-0.0387861542403698,-5.288785934448242,base,Yes
1735,1,1,0.9959298622388018,-0.043217193335294724,-5.543217182159424,base,Yes
1736,1,1,0.9924227585920716,-0.05657340958714485,-4.931573390960693,base,Yes
1737,1,1,0.9859363760560114,-0.05836702883243561,-4.3083672523498535,base,Yes
1738,1,1,0.9740426437440897,-0.07659455388784409,-3.701594591140747,base,Yes
1739,1,1,0.9840936054891429,-0.07192152738571167,-4.196921348571777,base,Yes
1740,1,1,0.9770226290864076,-0.07500557601451874,-3.825005531311035,base,Yes
1741,1,1,0.9940889313407687,-0.04373070225119591,-5.168730735778809,base,Yes
1742,1,1,0.993307147787886,-0.07957001030445099,-5.0795698165893555,base,Yes
1743,1,1,0.9959298617480279,-0.029783857986330986,-5.529783725738525,base,Yes
1744,1,1,0.995929862102895,-0.0388207882642746,-5.538820743560791,base,Yes
1745,1,1,0.9924227571353673,-0.046826574951410294,-4.921826362609863,base,Yes
1746,1,1,0.9770226295881911,-0.07893326133489609,-3.8289332389831543,base,Yes
1747,1,1,0.9975273774130499,-0.03229118138551712,-6.032291412353516,base,Yes
1748,1,1,0.9579122738866624,-0.10912604629993439,-3.234126091003418,base,Yes
1749,1,1,0.9924227587881663,-0.03620242327451706,-4.911202430725098,base,Yes
1750,1,1,0.995390427051448,-0.041052985936403275,-5.41605281829834,base,Yes
1751,1,1,0.9669140199428197,-0.08855252712965012,-3.463552474975586,base,Yes
1752,1,1,0.9902915248437093,-0.05275283381342888,-4.67775297164917,base,Yes
1753,1,1,0.9820137935252395,-0.05328158661723137,-4.053281784057617,base,Yes
1754,1,1,0.9994472214546629,-0.014648271724581718,-7.5146484375,base,Yes
1755,1,1,0.9959298616951752,-0.04925503954291344,-5.549254894256592,base,Yes
1756,1,1,0.9933071502892462,-0.04661303386092186,-5.0466132164001465,base,Yes
1757,1,1,0.9796676450248561,-0.06576593965291977,-3.940765857696533,base,Yes
1758,1,1,0.9953904282479469,-0.03248253092169762,-5.407482624053955,base,Yes
1759,1,1,0.9984988175813286,-0.025045502930879593,-6.525045394897461,base,Yes
1760,1,1,0.9902915214412112,-0.06065580993890762,-4.68565559387207,base,Yes
1761,1,1,0.9626731094431571,-0.08143696188926697,-3.3314368724823,base,Yes
1762,1,1,0.9859363723885575,-0.057513277977705,-4.307513236999512,base,Yes
1763,1,1,0.9902915224798687,-0.054302800446748734,-4.67930269241333,base,Yes
1764,1,1,0.9875683505646232,-0.048296812921762466,-4.423296928405762,base,Yes
1765,1,1,0.9940889322163801,-0.04621153697371483,-5.1712117195129395,base,Yes
1766,1,1,0.994088931581562,-0.04297010600566864,-5.167970180511475,base,Yes
1767,1,1,0.9914225146496473,-0.053083889186382294,-4.803083896636963,base,Yes
1768,1,1,0.9924227599087075,-0.05373414605855942,-4.928734302520752,base,Yes
1769,1,1,0.9890130573694068,-0.04380989074707031,-4.54380989074707,base,Yes
1770,1,1,0.9525741285053948,-0.11247917264699936,-3.1124792098999023,base,Yes
1771,1,1,0.9953904283334108,-0.037026770412921906,-5.412026882171631,base,Yes
1772,1,1,0.9840936046727554,-0.04578232020139694,-4.170782089233398,base,Yes
1773,1,1,0.9796676482898262,-0.06747619062662125,-3.942476272583008,base,Yes
1774,1,1,0.974042642048694,-0.08257034420967102,-3.7075703144073486,base,Yes
1775,1,1,0.997817283895422,-0.012253127992153168,-6.137253284454346,base,Yes
1776,1,1,0.9770226282501017,-0.06613834947347641,-3.81613826751709,base,Yes
1777,1,1,0.9968273172399864,-0.03964183107018471,-5.789641857147217,base,Yes
1778,1,1,0.9914225154099561,-0.04409589618444443,-4.794095993041992,base,Yes
1779,1,1,0.9875683517994891,-0.06942155212163925,-4.444421768188477,base,Yes
1780,1,1,0.9971990735323208,-0.04477721452713013,-5.9197773933410645,base,Yes
1781,1,1,0.9947798748481008,-0.06657017767429352,-5.316570281982422,base,Yes
1782,1,1,0.9840936070636044,-0.05976875498890877,-4.1847686767578125,base,Yes
1783,1,1,0.982013793459441,-0.07164458930492401,-4.0716447830200195,base,Yes
1784,1,1,0.9924227586480986,-0.04310370609164238,-4.9181036949157715,base,Yes
1785,1,1,0.9947798743838215,-0.039826855063438416,-5.2898268699646,base,Yes
1786,1,1,0.966914017797636,-0.07931578159332275,-3.454315662384033,base,Yes
1787,1,1,0.9975273764115075,-0.03678768500685692,-6.036787509918213,base,Yes
1788,1,1,0.9980732654011469,-0.023782696574926376,-6.273782730102539,base,Yes
1789,1,1,0.8175744761936437,-0.2788550853729248,-1.7788550853729248,base,Yes
1790,1,1,0.9980732657665016,-0.01882578432559967,-6.268826007843018,base,Yes
1791,1,1,0.9796676455442832,-0.06026821956038475,-3.9352681636810303,base,Yes
1792,1,1,0.9940889321069286,-0.035076454281806946,-5.16007661819458,base,Yes
1793,1,1,0.9964063970050677,-0.04712354764342308,-5.672123432159424,base,Yes
1794,1,1,0.9964063977253792,-0.03395405784249306,-5.65895414352417,base,Yes
1795,1,1,0.996406397938805,-0.034462783485651016,-5.659462928771973,base,Yes
1796,1,1,0.9971990723877665,-0.04356979578733444,-5.918569564819336,base,Yes
1797,1,1,0.9940889322382701,-0.03761177510023117,-5.162611961364746,base,Yes
1798,1,1,0.996827317887978,-0.03910375386476517,-5.789103984832764,base,Yes
1799,1,1,0.9324533126145177,-0.14016932249069214,-2.765169382095337,base,Yes
1800,1,1,0.9875683487351923,-0.05315307155251503,-4.428153038024902,base,Yes
1801,1,1,0.939913350667554,-0.14334701001644135,-2.8933470249176025,base,Yes
1802,1,1,0.9820137900379085,-0.08202314376831055,-4.0820231437683105,base,Yes
1803,1,1,0.9525741241296944,-0.1337760090827942,-3.1337759494781494,base,Yes
1804,1,1,0.9706877707325846,-0.10698551684617996,-3.606985569000244,base,Yes
1805,1,1,0.9840936058390233,-0.09009138494729996,-4.215091228485107,base,Yes
1806,1,1,0.932453315430128,-0.20733870565891266,-2.832338809967041,base,Yes
1807,1,1,0.9770226312608022,-0.09657616168260574,-3.84657621383667,base,Yes
1808,1,1,0.9796676447280407,-0.09399066120386124,-3.9689905643463135,base,Yes
1809,1,1,0.979667648883457,-0.06219089776277542,-3.9371910095214844,base,Yes
1810,1,1,0.9933071495710338,-0.07681934535503387,-5.07681941986084,base,Yes
1811,1,1,0.9706877703086015,-0.12297268956899643,-3.6229727268218994,base,Yes
1812,1,1,0.9770226300899744,-0.09474444389343262,-3.8447444438934326,base,Yes
1813,1,1,0.893309401793762,-0.21938781440258026,-2.3443877696990967,base,Yes
1814,1,1,0.9902915225156844,-0.060705289244651794,-4.685705184936523,base,Yes
1815,1,1,0.9626731110495138,-0.15490250289440155,-3.404902458190918,base,Yes
1816,1,1,0.970687766704745,-0.09899887442588806,-3.598998785018921,base,Yes
1817,1,1,0.9525741254760638,-0.1461215317249298,-3.1461215019226074,base,Yes
1818,1,1,0.9902915246646304,-0.0984724760055542,-4.723472595214844,base,Yes
1819,1,1,0.9525741248028792,-0.12547211349010468,-3.125472068786621,base,Yes
1820,1,1,0.6513548511303336,-0.6523371338844299,-1.2773370742797852,base,Yes
1821,1,1,0.9947798733391929,-0.0877048447728157,-5.337704658508301,base,Yes
1822,1,1,0.9914225164237013,-0.06822516769170761,-4.818225383758545,base,Yes
1823,1,1,0.6513548646660542,-0.706427812576294,-1.331427812576294,base,Yes
1824,1,1,0.9820137892483239,-0.08645777404308319,-4.0864577293396,base,Yes
1825,1,1,0.9940889305746089,-0.04942808300256729,-5.1744279861450195,base,Yes
1826,1,1,0.9796676448764484,-0.07483181357383728,-3.94983172416687,base,Yes
1827,1,1,0.9626731142622272,-0.14693637192249298,-3.3969364166259766,base,Yes
1828,1,1,0.9740426458162398,-0.06732118129730225,-3.692321300506592,base,Yes
1829,1,1,0.9924227579197465,-0.0428844578564167,-4.917884349822998,base,Yes
1830,1,1,0.9241418189341297,-0.17723943293094635,-2.677239418029785,base,Yes
1831,1,1,0.9914225162336241,-0.07784681022167206,-4.827847003936768,base,Yes
1832,1,1,0.9770226314280634,-0.11463350057601929,-3.864633560180664,base,Yes
1833,1,1,0.9241418163225626,-0.12220507115125656,-2.6222050189971924,base,Yes
1834,1,1,0.8519528019683106,-0.2954893112182617,-2.0454893112182617,base,Yes
1835,1,1,0.924141816844876,-0.14802198112010956,-2.648021936416626,base,Yes
1836,1,1,0.8933094159957173,-0.20575083792209625,-2.3307509422302246,base,Yes
1837,1,1,0.9902915240915781,-0.07302850484848022,-4.698028564453125,base,Yes
1838,1,1,0.9933071491252471,-0.053384773433208466,-5.053384780883789,base,Yes
1839,1,1,0.9890130575313263,-0.036922916769981384,-4.536922931671143,base,Yes
1840,1,1,0.9947798738034723,-0.044083692133426666,-5.294083595275879,base,Yes
1841,1,1,0.9890130580170845,-0.0433616042137146,-4.543361663818359,base,Yes
1842,1,1,0.9975273769306556,-0.02145334519445896,-6.021453380584717,base,Yes
1843,1,1,0.9859363730600632,-0.07549428194761276,-4.325494289398193,base,Yes
1844,1,1,0.7057850402140659,-0.4796983599662781,-1.3546984195709229,base,Yes
1845,1,1,0.992422758928234,-0.05866048112511635,-4.933660507202148,base,Yes
1846,1,1,0.9953904270856337,-0.04288594052195549,-5.417885780334473,base,Yes
1847,1,1,0.9669140237564795,-0.09961240738630295,-3.4746124744415283,base,Yes
1848,1,1,0.9968273166626846,-0.0478312149643898,-5.797831058502197,base,Yes
1849,1,1,0.9626731153331315,-0.13712017238140106,-3.387120246887207,base,Yes
1850,1,1,0.9859363749196173,-0.06423745304346085,-4.314237594604492,base,Yes
1851,1,1,0.9940889322820508,-0.058295056223869324,-5.183295249938965,base,Yes
1852,1,1,0.9902915239124993,-0.04303451254963875,-4.668034553527832,base,Yes
1853,1,1,0.9924227604689783,-0.035772569477558136,-4.910772800445557,base,Yes
1854,1,1,0.9399133473013074,-0.1334116905927658,-2.8834116458892822,base,Yes
1855,1,1,0.9859363705806572,-0.06777923554182053,-4.317779064178467,base,Yes
1856,1,1,0.9796676475477876,-0.08257122337818146,-3.957571268081665,base,Yes
1857,1,1,0.9971990724606017,-0.058421339839696884,-5.9334211349487305,base,Yes
1858,1,1,0.9241418147556224,-0.1458960324525833,-2.6458959579467773,base,Yes
1859,1,1,0.9770226325988914,-0.07803405076265335,-3.8280341625213623,base,Yes
1860,1,1,0.9914225136042221,-0.05493127927184105,-4.804931163787842,base,Yes
1861,1,1,0.9046505428129514,-0.24521604180335999,-2.495216131210327,base,Yes
1862,1,1,0.9890130591505206,-0.04366953670978546,-4.543669700622559,base,Yes
1863,1,1,0.9947798733875555,-0.030119596049189568,-5.2801194190979,base,Yes
1864,1,1,0.9902915233036313,-0.044146083295345306,-4.6691460609436035,base,Yes
1865,1,1,0.9740426450627306,-0.09628215432167053,-3.7212822437286377,base,Yes
1866,1,1,0.9525741227833249,-0.12984737753868103,-3.129847288131714,base,Yes
1867,1,1,0.987568347042968,-0.051307372748851776,-4.426307201385498,base,Yes
1868,1,1,0.9940889314064396,-0.033181145787239075,-5.158181190490723,base,Yes
1869,1,1,0.9924227581718684,-0.048499658703804016,-4.923499584197998,base,Yes
1870,1,1,0.9890130597172385,-0.06158759444952011,-4.561587810516357,base,Yes
1871,1,1,0.9626731137267751,-0.11503979563713074,-3.365039825439453,base,Yes
1872,1,1,0.9149009596336303,-0.16540497541427612,-2.540405035018921,base,Yes
1873,1,1,0.9875683465856102,-0.05146715044975281,-4.426466941833496,base,Yes
1874,1,1,0.9914225125587972,-0.0473330020904541,-4.797332763671875,base,Yes
1875,1,1,0.9706877698846185,-0.09253571182489395,-3.5925357341766357,base,Yes
1876,1,1,0.7981867729389246,-0.3149317800998688,-1.6899317502975464,base,Yes
1877,1,1,0.9914225134458245,-0.04458250105381012,-4.794582366943359,base,Yes
1878,1,1,0.9840936093378261,-0.07374709099531174,-4.198747158050537,base,Yes
1879,1,1,0.9859363736799145,-0.06743473559617996,-4.317434787750244,base,Yes
1880,1,1,0.9840936068886641,-0.07702454924583435,-4.202024459838867,base,Yes
1881,1,1,0.9770226324316302,-0.11104215681552887,-3.8610422611236572,base,Yes
1882,1,1,0.9820137887219341,-0.09060914814472198,-4.090609073638916,base,Yes
1883,1,1,0.6224593312018546,-0.5948443412780762,-1.0948443412780762,base,Yes
1884,1,1,0.8933094103149354,-0.19349737465381622,-2.3184974193573,base,Yes
1885,1,1,0.9859363755394686,-0.06265287846326828,-4.312653064727783,base,Yes
1886,1,1,0.9770226312608022,-0.08351702243089676,-3.833517074584961,base,Yes
1887,1,1,0.984093607471798,-0.05587821453809738,-4.180878162384033,base,Yes
1888,1,1,0.9770226296718215,-0.06195618584752083,-3.8119561672210693,base,Yes
1889,1,1,0.9975273766917555,-0.027582230046391487,-6.027582168579102,base,Yes
1890,1,1,0.9859363746613458,-0.04471861943602562,-4.2947187423706055,base,Yes
1891,1,1,0.997817283372101,-0.02848299778997898,-6.153482913970947,base,Yes
1892,1,1,0.9902915255958402,-0.06708934158086777,-4.692089557647705,base,Yes
1893,1,1,0.9770226320971079,-0.06881514191627502,-3.818815231323242,base,Yes
1894,1,1,0.995390428230854,-0.04149475693702698,-5.416494846343994,base,Yes
1895,1,1,0.904650538956921,-0.16973920166492462,-2.419739246368408,base,Yes
1896,1,1,0.970687766704745,-0.12415274977684021,-3.624152660369873,base,Yes
1897,1,1,0.9924227574995436,-0.0499369353055954,-4.924936771392822,base,Yes
1898,1,1,0.9914225144595697,-0.054606929421424866,-4.804606914520264,base,Yes
1899,1,1,0.9706877690366521,-0.10117960721254349,-3.601179599761963,base,Yes
1900,1,1,0.9971990724918168,-0.02740640938282013,-5.902406215667725,base,Yes
1901,1,1,0.9820137901695059,-0.07256364077329636,-4.072563648223877,base,Yes
1902,1,1,0.9890130594743595,-0.0789373368024826,-4.578937530517578,base,Yes
1903,1,1,0.9914225140794153,-0.07375484704971313,-4.823754787445068,base,Yes
1904,1,1,0.9820137931962463,-0.06698733568191528,-4.06698751449585,base,Yes
1905,1,1,0.9579122762897041,-0.09886778891086578,-3.223867893218994,base,Yes
1906,1,1,0.9940889325009536,-0.050287969410419464,-5.175288200378418,base,Yes
1907,1,1,0.9706877694606352,-0.09835266321897507,-3.5983526706695557,base,Yes
1908,1,1,0.9770226280828407,-0.07299813628196716,-3.822998046875,base,Yes
1909,1,1,0.9964063966582509,-0.020782683044672012,-5.645782470703125,base,Yes
1910,1,1,0.9924227586761121,-0.04898310452699661,-4.923983097076416,base,Yes
1911,1,1,0.9875683513878672,-0.04511433467268944,-4.420114517211914,base,Yes
1912,1,1,0.9859363752295428,-0.05379040539264679,-4.30379056930542,base,Yes
1913,1,1,0.98409360595565,-0.07011428475379944,-4.1951141357421875,base,Yes
1914,1,1,0.9924227573594756,-0.041237059980630875,-4.916236877441406,base,Yes
1915,1,1,0.997817283075958,-0.022462110966444016,-6.147461891174316,base,Yes
1916,1,1,0.9324533060447605,-0.1538563221693039,-2.7788562774658203,base,Yes
1917,1,1,0.9902915246288148,-0.056506041437387466,-4.681506156921387,base,Yes
1918,1,1,0.9902915243781044,-0.04651346802711487,-4.671513557434082,base,Yes
1919,1,1,0.9046505338155469,-0.18845750391483307,-2.438457489013672,base,Yes
1920,1,1,0.9940889316253425,-0.05172482877969742,-5.176724910736084,base,Yes
1921,1,1,0.985936374713,-0.06444346159696579,-4.314443588256836,base,Yes
1922,1,1,0.817574471748733,-0.3323613703250885,-1.8323613405227661,base,Yes
1923,1,1,0.8807970904940926,-0.32868897914886475,-2.3286890983581543,base,Yes
1924,1,1,0.9579122723847614,-0.10430192202329636,-3.229301929473877,base,Yes
1925,1,1,0.9953904283334108,-0.04328478127717972,-5.418284893035889,base,Yes
1926,1,1,0.998073265164741,-0.029785245656967163,-6.27978515625,base,Yes
1927,1,1,0.9626731121204184,-0.08485318720340729,-3.334853172302246,base,Yes
1928,1,1,0.9669140220880033,-0.10268948972225189,-3.477689504623413,base,Yes
1929,1,1,0.9914225156950719,-0.03198515251278877,-4.781985282897949,base,Yes
1930,1,1,0.9914225141744539,-0.05899958685040474,-4.808999538421631,base,Yes
1931,1,1,0.9669140237564795,-0.08873002976179123,-3.4637300968170166,base,Yes
1932,1,1,0.9626731147976793,-0.10922950506210327,-3.359229564666748,base,Yes
1933,1,1,0.9940889317347937,-0.042572397738695145,-5.167572498321533,base,Yes
1934,1,1,0.9770226275810572,-0.0625523254275322,-3.8125522136688232,base,Yes
1935,1,1,0.9149009538328171,-0.19655944406986237,-2.571559429168701,base,Yes
1936,1,1,0.9940889310343047,-0.04162980988621712,-5.166629791259766,base,Yes
1937,1,1,0.9940889307716214,-0.040242258459329605,-5.1652421951293945,base,Yes
1938,1,1,0.9859363696508799,-0.07978653907775879,-4.32978630065918,base,Yes
1939,1,1,0.9626731121204184,-0.08364345133304596,-3.3336434364318848,base,Yes
1940,1,1,0.9914225142061334,-0.04669813811779022,-4.796698093414307,base,Yes
1941,1,1,0.9902915227305791,-0.06213768571615219,-4.687137603759766,base,Yes
1942,1,1,0.985936370890583,-0.07293906807899475,-4.322938919067383,base,Yes
1943,1,1,0.798186768138228,-0.3342297673225403,-1.7092297077178955,base,Yes
1944,1,1,0.9840936068303507,-0.05501184239983559,-4.180011749267578,base,Yes
1945,1,1,0.9875683512963958,-0.04930621758103371,-4.424306392669678,base,Yes
1946,1,1,0.9914225153782766,-0.05451956018805504,-4.8045196533203125,base,Yes
1947,1,1,0.9975273762736806,-0.03317999094724655,-6.033179759979248,base,Yes
1948,1,1,0.9964063979988309,-0.025974111631512642,-5.650974273681641,base,Yes
1949,1,1,0.9953904274445833,-0.033152662217617035,-5.4081525802612305,base,Yes
1950,1,1,0.9796676468057489,-0.0753314420580864,-3.950331449508667,base,Yes
1951,1,1,0.9933071492490766,-0.04773995652794838,-5.0477399826049805,base,Yes
1952,1,1,0.9875683503359445,-0.048651598393917084,-4.423651695251465,base,Yes
1953,1,1,0.9149009607937928,-0.23167364299297333,-2.6066737174987793,base,Yes
1954,1,1,0.9796676451732639,-0.07003648579120636,-3.9450364112854004,base,Yes
1955,1,1,0.9953904270001694,-0.044670283794403076,-5.419670104980469,base,Yes
1956,1,1,0.9914225134458245,-0.06843437254428864,-4.818434238433838,base,Yes
1957,1,1,0.9859363703223857,-0.04802722856402397,-4.298027038574219,base,Yes
1958,1,1,0.9626731142622272,-0.10111398994922638,-3.35111403465271,base,Yes
1959,1,1,0.9840936056057696,-0.07407968491315842,-4.199079513549805,base,Yes
1960,1,1,0.9959298619896395,-0.028594566509127617,-5.528594493865967,base,Yes
1961,1,1,0.966914024233187,-0.08508554846048355,-3.46008563041687,base,Yes
1962,1,1,0.9399133510883347,-0.12311551719903946,-2.8731155395507812,base,Yes
1963,1,1,0.9933071477259712,-0.027734482660889626,-5.027734279632568,base,Yes
1964,1,1,0.9859363717170516,-0.07584485411643982,-4.325844764709473,base,Yes
1965,1,1,0.9924227596565859,-0.052715178579092026,-4.927715301513672,base,Yes
1966,1,1,0.8519528038477825,-0.2202303260564804,-1.9702303409576416,base,Yes
1967,1,1,0.9968273169690082,-0.046600401401519775,-5.796600341796875,base,Yes
1968,1,1,0.9820137941832265,-0.05932307615876198,-4.059323310852051,base,Yes
1969,1,1,0.9875683490553425,-0.047347553074359894,-4.422347545623779,base,Yes
1970,1,1,0.9859363713554716,-0.05497133359313011,-4.304971218109131,base,Yes
1971,1,1,0.9840936072385444,-0.0484662726521492,-4.173466205596924,base,Yes
1972,1,1,0.9820137866163753,-0.04515524208545685,-4.045155048370361,base,Yes
1973,1,1,0.9914225153782766,-0.04756059870123863,-4.797560691833496,base,Yes
1974,1,1,0.9914225126221561,-0.07364820688962936,-4.823647975921631,base,Yes
1975,1,1,0.9933071492738426,-0.036732643842697144,-5.0367326736450195,base,Yes
1976,1,1,0.9875683468600249,-0.06230134516954422,-4.437301158905029,base,Yes
1977,1,1,0.9924227599087075,-0.03860839456319809,-4.913608551025391,base,Yes
1978,1,1,0.9796676485866417,-0.07458677142858505,-3.949586868286133,base,Yes
1979,1,1,0.9740426416719393,-0.07575611770153046,-3.700756072998047,base,Yes
1980,1,1,0.9859363718203602,-0.08190210908651352,-4.331902027130127,base,Yes
1981,1,1,0.9465966702001757,-0.11709976196289062,-2.9920997619628906,base,Yes
1982,1,1,0.9890130591100408,-0.03724225237965584,-4.537242412567139,base,Yes
1983,1,1,0.9964063978587703,-0.027275916188955307,-5.652276039123535,base,Yes
1984,1,1,0.9914225127488744,-0.0548999086022377,-4.8048996925354,base,Yes
1985,1,1,0.9940889309905241,-0.0437026284635067,-5.168702602386475,base,Yes
1986,1,1,0.9924227583399496,-0.06863551586866379,-4.9436354637146,base,Yes
1987,1,1,0.9875683520281681,-0.044629815965890884,-4.41963005065918,base,Yes
1988,1,1,0.9980732655480052,-0.02719772793352604,-6.27719783782959,base,Yes
1989,1,1,0.9770226280828407,-0.0656341016292572,-3.81563401222229,base,Yes
1990,1,1,0.9982992775664277,-0.02733994834125042,-6.402339935302734,base,Yes
1991,1,1,0.8519527944504226,-0.25562578439712524,-2.0056257247924805,base,Yes
1992,1,1,0.9626731126558706,-0.10204124450683594,-3.352041244506836,base,Yes
1993,1,1,0.9964063975386318,-0.032854046672582626,-5.657854080200195,base,Yes
1994,1,1,0.9902915233752629,-0.043550506234169006,-4.668550491333008,base,Yes
1995,1,1,0.9940889320412578,-0.043645229190588,-5.16864538192749,base,Yes
1996,1,1,0.9859363733699887,-0.047671765089035034,-4.297671794891357,base,Yes
1997,1,1,0.99752737717415,-0.029387816786766052,-6.029387950897217,base,Yes
1998,1,1,0.9982992772343698,-0.0365121066570282,-6.4115118980407715,base,Yes
1999,1,1,0.9902915217993689,-0.04015225172042847,-4.665152072906494,base,Yes
2000,1,1,0.9980732655623328,-0.02579963393509388,-6.275799751281738,base,Yes
2001,1,1,0.9940889324133925,-0.03954913467168808,-5.164549350738525,base,Yes
2002,1,1,0.9947798754091048,-0.03583743795752525,-5.285837650299072,base,Yes
2003,1,1,0.9964063982589435,-0.04343009367585182,-5.668430328369141,base,Yes
2004,1,1,0.9947798739775771,-0.04160076752305031,-5.291600704193115,base,Yes
2005,1,1,0.9890130590695609,-0.06389173120260239,-4.563891887664795,base,Yes
2006,1,1,0.9902915218710006,-0.04008834809064865,-4.665088176727295,base,Yes
2007,1,1,0.9840936071219176,-0.07677419483661652,-4.2017741203308105,base,Yes
2008,1,1,0.9796676451732639,-0.07689650356769562,-3.9518964290618896,base,Yes
2009,1,1,0.9626731102463355,-0.10305292159318924,-3.353052854537964,base,Yes
2010,1,1,0.9875683465856102,-0.04475566744804382,-4.419755458831787,base,Yes
2011,1,1,0.9982992773102688,-0.018874332308769226,-6.393874168395996,base,Yes
2012,1,1,0.9975273770546997,-0.024473104625940323,-6.024473190307617,base,Yes
2013,1,1,0.9984988177907266,-0.030258623883128166,-6.530258655548096,base,Yes
2014,1,1,0.9933071479860135,-0.05167977511882782,-5.051679611206055,base,Yes
2015,1,1,0.9940889317129035,-0.04103364795446396,-5.166033744812012,base,Yes
2016,1,1,0.9669140201811735,-0.08521012961864471,-3.460210084915161,base,Yes
2017,1,1,0.9669140228030646,-0.09177275747060776,-3.4667727947235107,base,Yes
2018,1,1,0.9914225163920216,-0.04960086569190025,-4.799601078033447,base,Yes
2019,1,1,0.9914225154733152,-0.04381217062473297,-4.793812274932861,base,Yes
2020,1,1,0.998674977646871,-0.020474862307310104,-6.645474910736084,base,Yes
2021,1,1,0.990291525183959,-0.02992374263703823,-4.654923915863037,base,Yes
2022,1,1,0.9820137920118697,-0.06859243661165237,-4.068592548370361,base,Yes
2023,1,1,0.9740426409184302,-0.06023724377155304,-3.685237169265747,base,Yes
2024,1,1,0.9959298627069244,-0.0376066118478775,-5.537606716156006,base,Yes
2025,1,1,0.992422758564058,-0.03623392432928085,-4.911233901977539,base,Yes
2026,1,1,0.9924227593764505,-0.04431191459298134,-4.919312000274658,base,Yes
2027,1,1,0.9914225130339904,-0.0360838808119297,-4.786083698272705,base,Yes
2028,1,1,0.9875683492382856,-0.07260798662900925,-4.44760799407959,base,Yes
2029,1,1,0.9953904278719042,-0.049910057336091995,-5.424910068511963,base,Yes
2030,1,1,0.9940889301368031,-0.021997623145580292,-5.146997451782227,base,Yes
2031,1,1,0.8807970748488297,-0.19453147053718567,-2.1945314407348633,base,Yes
2032,1,1,0.9940889303994865,-0.03370536118745804,-5.158705234527588,base,Yes
2033,1,1,0.994779873377883,-0.030275046825408936,-5.280274868011475,base,Yes
2034,1,1,0.9626731089077046,-0.08147893846035004,-3.3314788341522217,base,Yes
2035,1,1,0.9669140180359896,-0.08113681524991989,-3.456136703491211,base,Yes
2036,1,1,0.99029152162029,-0.050272662192583084,-4.675272464752197,base,Yes
2037,1,1,0.9947798739098695,-0.028623180463910103,-5.278623104095459,base,Yes
2038,1,1,0.9399133523506772,-0.13072223961353302,-2.8807222843170166,base,Yes
2039,1,1,0.9940889306840602,-0.041100580245256424,-5.16610050201416,base,Yes
2040,1,1,0.9953904287778247,-0.038451939821243286,-5.4134521484375,base,Yes
2041,1,1,0.9890130595148393,-0.05547026917338371,-4.5554704666137695,base,Yes
2042,1,1,0.9988304898176262,-0.02198164537549019,-6.771981716156006,base,Yes
2043,1,1,0.9924227572474216,-0.05309982970356941,-4.928099632263184,base,Yes
2044,1,1,0.9820137895115189,-0.053527384996414185,-4.053527355194092,base,Yes
2045,1,1,0.9875683512506599,-0.06590444594621658,-4.44090461730957,base,Yes
2046,1,1,0.9914225141110948,-0.04802757129073143,-4.798027515411377,base,Yes
2047,1,1,0.970687766704745,-0.07301077246665955,-3.5730106830596924,base,Yes
2048,1,1,0.9902915227663948,-0.053365785628557205,-4.678365707397461,base,Yes
2049,1,1,0.9964063980455177,-0.03478843346238136,-5.659788608551025,base,Yes
2050,1,1,0.9978172832625687,-0.02867044508457184,-6.153670310974121,base,Yes
2051,1,1,0.9914225152515583,-0.040604036301374435,-4.790604114532471,base,Yes
2052,1,1,0.996406397491945,-0.026723364368081093,-5.651723384857178,base,Yes
2053,1,1,0.970687768612669,-0.08952190726995468,-3.589521884918213,base,Yes
2054,1,1,0.9875683495127003,-0.0697927176952362,-4.444792747497559,base,Yes
2055,1,1,0.9902915230887366,-0.050813719630241394,-4.675813674926758,base,Yes
2056,1,1,0.9914225150298016,-0.04362959414720535,-4.7936296463012695,base,Yes
2057,1,1,0.9324533088603709,-0.15213322639465332,-2.7771332263946533,base,Yes
2058,1,1,0.9959298623218557,-0.029049864038825035,-5.529049873352051,base,Yes
2059,1,1,0.9740426416719393,-0.06422023475170135,-3.6892201900482178,base,Yes
2060,1,1,0.989013058138524,-0.04544394090771675,-4.545444011688232,base,Yes
2061,1,1,0.9840936099209598,-0.054863348603248596,-4.179863452911377,base,Yes
2062,1,1,0.9840936063055303,-0.061056263744831085,-4.186056137084961,base,Yes
2063,1,1,0.990291521297948,-0.04818844050168991,-4.673188209533691,base,Yes
2064,1,1,0.9968273167098114,-0.04449333995580673,-5.794493198394775,base,Yes
2065,1,1,0.9914225136992609,-0.05148945748806,-4.801489353179932,base,Yes
2066,1,1,0.9947798748481008,-0.035801783204078674,-5.285801887512207,base,Yes
2067,1,1,0.9982992773608681,-0.0352713018655777,-6.410271167755127,base,Yes
2068,1,1,0.9959298630466907,-0.025779535993933678,-5.525779724121094,base,Yes
2069,1,1,0.9796676476961953,-0.094891257584095,-3.969891309738159,base,Yes
2070,1,1,0.990291523661789,-0.06702278554439545,-4.692022800445557,base,Yes
2071,1,1,0.9959298630995432,-0.038992203772068024,-5.538992404937744,base,Yes
2072,1,1,0.9626731083722525,-0.07516205310821533,-3.325161933898926,base,Yes
2073,1,1,0.9940889319318064,-0.03732000291347504,-5.162320137023926,base,Yes
2074,1,1,0.9796676447280407,-0.0678771510720253,-3.9428770542144775,base,Yes
2075,1,1,0.9890130557906922,-0.050980713218450546,-4.550980567932129,base,Yes
2076,1,1,0.9978172837412655,-0.031803522258996964,-6.156803607940674,base,Yes
2077,1,1,0.9399133477220882,-0.11605338007211685,-2.866053342819214,base,Yes
2078,1,1,0.9740426450627306,-0.09676328301429749,-3.7217633724212646,base,Yes
2079,1,1,0.9902915257391033,-0.04202914983034134,-4.66702938079834,base,Yes
2080,1,1,0.9770226318462162,-0.05189291760325432,-3.8018929958343506,base,Yes
2081,1,1,0.9947798731070533,-0.027163736522197723,-5.277163505554199,base,Yes
2082,1,1,0.9796676481414185,-0.0600992888212204,-3.9350993633270264,base,Yes
2083,1,1,0.9902915250586038,-0.05280383303761482,-4.677803993225098,base,Yes
2084,1,1,0.9859363745063829,-0.05427253991365433,-4.304272651672363,base,Yes
2085,1,1,0.9933071505121395,-0.04920317977666855,-5.049203395843506,base,Yes
2086,1,1,0.9840936058390233,-0.05260197073221207,-4.1776018142700195,base,Yes
2087,1,1,0.9933071496948636,-0.03699150308966637,-5.036991596221924,base,Yes
2088,1,1,0.9933071484318008,-0.06398353725671768,-5.06398344039917,base,Yes
2089,1,1,0.9933071488032899,-0.03474859520792961,-5.034748554229736,base,Yes
2090,1,1,0.9626731150654055,-0.08217709511518478,-3.33217716217041,base,Yes
2091,1,1,0.9796676450248561,-0.0637560710310936,-3.938755989074707,base,Yes
2092,1,1,0.9914225141744539,-0.04943375661969185,-4.799433708190918,base,Yes
2093,1,1,0.9796676448022446,-0.061758849769830704,-3.9367587566375732,base,Yes
2094,1,1,0.9770226325988914,-0.05264223366975784,-3.802642345428467,base,Yes
2095,1,1,0.9947798731360707,-0.026314960792660713,-5.276314735412598,base,Yes
2096,1,1,0.9859363749196173,-0.06662783771753311,-4.3166279792785645,base,Yes
2097,1,1,0.9933071497443955,-0.036533255130052567,-5.036533355712891,base,Yes
2098,1,1,0.9740426441208441,-0.0683106854557991,-3.6933107376098633,base,Yes
2099,1,1,0.9959298626012192,-0.03346006199717522,-5.5334601402282715,base,Yes
2100,1,1,0.962673116404036,-0.13678087294101715,-3.3867809772491455,base,Yes
2101,1,1,0.9579122696813394,-0.10224801301956177,-3.227247953414917,base,Yes
2102,1,1,0.966914024948248,-0.09759391844272614,-3.4725940227508545,base,Yes
2103,1,1,0.9740426418603167,-0.11621598154306412,-3.741215944290161,base,Yes
2104,1,1,0.9626731102463355,-0.09401995688676834,-3.344019889831543,base,Yes
2105,1,1,0.9914225157267513,-0.05878053605556488,-4.808780670166016,base,Yes
2106,1,1,0.991422514522929,-0.06916094571352005,-4.8191609382629395,base,Yes
2107,1,1,0.9933071501406505,-0.04618581011891365,-5.0461859703063965,base,Yes
2108,1,1,0.9796676471025644,-0.08340165764093399,-3.958401679992676,base,Yes
2109,1,1,0.9971990727259303,-0.024628272280097008,-5.899628162384033,base,Yes
2110,1,1,0.8175744761936437,-0.3373279571533203,-1.8373279571533203,base,Yes
2111,1,1,0.9859363736799145,-0.08500189334154129,-4.3350019454956055,base,Yes
2112,1,1,0.9875683490553425,-0.06232453137636185,-4.437324523925781,base,Yes
2113,1,1,0.9046505325302034,-0.2882080376148224,-2.5382080078125,base,Yes
2114,1,1,0.9914225146813267,-0.058996666222810745,-4.808996677398682,base,Yes
2115,1,1,0.9706877713685592,-0.11596314609050751,-3.6159632205963135,base,Yes
2116,1,1,0.8807970873650403,-0.29122963547706604,-2.291229724884033,base,Yes
2117,1,1,0.9626731139945011,-0.1164214238524437,-3.3664214611053467,base,Yes
2118,1,1,0.7981867729389246,-0.2852419912815094,-1.660241961479187,base,Yes
2119,1,1,0.9859363728534459,-0.09014607220888138,-4.340146064758301,base,Yes
2120,1,1,0.9525741315347259,-0.1306551843881607,-3.130655288696289,base,Yes
2121,1,1,0.9875683502444729,-0.07314673066139221,-4.448146820068359,base,Yes
2122,1,1,0.9820137909590904,-0.08553356677293777,-4.085533618927002,base,Yes
2123,1,1,0.9914225159168286,-0.053489528596401215,-4.803489685058594,base,Yes
2124,1,1,0.9579122756889438,-0.13921776413917542,-3.2642178535461426,base,Yes
2125,1,1,0.9399133523506772,-0.16601867973804474,-2.9160187244415283,base,Yes
2126,1,1,0.5621765008857981,-0.6857703924179077,-0.9357703924179077,base,Yes
2127,1,1,0.679178699175393,-0.5306481122970581,-1.280648112297058,base,Yes
2128,1,1,0.754914997895581,-0.4024896025657654,-1.5274896621704102,base,Yes
2129,1,1,0.9820137887219341,-0.07885129749774933,-4.078851222991943,base,Yes
2130,1,1,0.9796676454700793,-0.06910187005996704,-3.9441018104553223,base,Yes
2131,1,1,0.979667647844603,-0.08119386434555054,-3.9561939239501953,base,Yes
2132,1,1,0.851952809486198,-0.3261961340904236,-2.0761961936950684,base,Yes
2133,1,1,0.9902915246288148,-0.04557550325989723,-4.6705756187438965,base,Yes
2134,1,1,0.9626731110495138,-0.12673263251781464,-3.376732587814331,base,Yes
2135,1,1,0.9770226287518852,-0.07583314180374146,-3.8258330821990967,base,Yes
2136,1,1,0.97068777009661,-0.10056445002555847,-3.600564479827881,base,Yes
2137,1,1,0.9933071496205658,-0.048320211470127106,-5.048320293426514,base,Yes
2138,1,1,0.9399133481428692,-0.1856384575366974,-2.935638427734375,base,Yes
2139,1,1,0.995390426931798,-0.06390447914600372,-5.438904285430908,base,Yes
2140,1,1,0.9525741214369554,-0.13966810703277588,-3.1396679878234863,base,Yes
2141,1,1,0.9046505338155469,-0.2162771373987198,-2.4662771224975586,base,Yes
2142,1,1,0.9770226280828407,-0.08952507376670837,-3.839524984359741,base,Yes
2143,1,1,0.9980732650071369,-0.026583842933177948,-6.276583671569824,base,Yes
2144,1,1,0.9706877709445761,-0.1250271201133728,-3.6250271797180176,base,Yes
2145,1,1,0.9740426448743534,-0.09575096517801285,-3.7207510471343994,base,Yes
2146,1,1,0.8354835330070839,-0.3378197252750397,-1.9628196954727173,base,Yes
2147,1,1,0.9626731094431571,-0.10067257285118103,-3.350672483444214,base,Yes
2148,1,1,0.9241418262465169,-0.17790070176124573,-2.677900791168213,base,Yes
2149,1,1,0.7549149923816048,-0.4103970229625702,-1.5353970527648926,base,Yes
2150,1,1,0.9859363715620887,-0.05127249285578728,-4.301272392272949,base,Yes
2151,1,1,0.9626731137267751,-0.10418173670768738,-3.3541817665100098,base,Yes
2152,1,1,0.994088932457173,-0.04758526384830475,-5.172585487365723,base,Yes
2153,1,1,0.9626731105140616,-0.09901410341262817,-3.3490140438079834,base,Yes
2154,1,1,0.9706877713685592,-0.09606234729290009,-3.596062421798706,base,Yes
2155,1,1,0.9924227597686399,-0.053794246166944504,-4.9287943840026855,base,Yes
2156,1,1,0.966914019704466,-0.1386457085609436,-3.513645648956299,base,Yes
2157,1,1,0.9820137917486748,-0.07101764529943466,-4.071017742156982,base,Yes
2158,1,1,0.9924227576676248,-0.043138645589351654,-4.91813850402832,base,Yes
2159,1,1,0.9840936072968579,-0.05829674378037453,-4.1832966804504395,base,Yes
2160,1,1,0.9820137917486748,-0.06930532306432724,-4.069305419921875,base,Yes
2161,1,1,0.9796676473993798,-0.10245462507009506,-3.977454662322998,base,Yes
2162,1,1,0.9840936108539738,-0.057096317410469055,-4.182096481323242,base,Yes
2163,1,1,0.9626731137267751,-0.08812233805656433,-3.3381223678588867,base,Yes
2164,1,1,0.9796676472509721,-0.07093736529350281,-3.945937395095825,base,Yes
2165,1,1,0.9579122726851417,-0.14038442075252533,-3.2653844356536865,base,Yes
2166,1,1,0.9669140194661121,-0.10116560012102127,-3.476165533065796,base,Yes
2167,1,1,0.98593637543616,-0.09249430894851685,-4.342494487762451,base,Yes
2168,1,1,0.9959298627522266,-0.04184282198548317,-5.541842937469482,base,Yes
2169,1,1,0.9399133473013074,-0.17617778480052948,-2.926177740097046,base,Yes
2170,1,1,0.9465966649272521,-0.12221108376979828,-2.99721097946167,base,Yes
2171,1,1,0.9706877671287282,-0.08987195789813995,-3.589871883392334,base,Yes
2172,1,1,0.9840936081715584,-0.07654906064271927,-4.201549053192139,base,Yes
2173,1,1,0.9947798731457431,-0.040688738226890564,-5.290688514709473,base,Yes
2174,1,1,0.9669140187510509,-0.07162794470787048,-3.4466278553009033,base,Yes
2175,1,1,0.9947798748771183,-0.0287484023720026,-5.278748512268066,base,Yes
2176,1,1,0.9740426401649208,-0.08734475076198578,-3.7123446464538574,base,Yes
2177,1,1,0.9525741241296944,-0.09502178430557251,-3.0950217247009277,base,Yes
2178,1,1,0.9840936089879457,-0.05348964035511017,-4.178489685058594,base,Yes
2179,1,1,0.9740426401649208,-0.10514746606349945,-3.730147361755371,base,Yes
2180,1,1,0.9971990724397918,-0.027055952697992325,-5.902055740356445,base,Yes
2181,1,1,0.9975273764574498,-0.041651882231235504,-6.041651725769043,base,Yes
2182,1,1,0.9890130557906922,-0.062132980674505234,-4.562132835388184,base,Yes
2183,1,1,0.9978172832057742,-0.045969169586896896,-6.170969009399414,base,Yes
2184,1,1,0.9706877713685592,-0.09858720004558563,-3.5985872745513916,base,Yes
2185,1,1,0.9940889311437562,-0.0557856559753418,-5.180785655975342,base,Yes
2186,1,1,0.9968273174167114,-0.03507748991250992,-5.7850775718688965,base,Yes
2187,1,1,0.9859363720269774,-0.049470968544483185,-4.299470901489258,base,Yes
2188,1,1,0.9968273164506148,-0.03783677518367767,-5.78783655166626,base,Yes
2189,1,1,0.9740426455336738,-0.058517586439847946,-3.6835176944732666,base,Yes
2190,1,1,0.9964063982189261,-0.04876162111759186,-5.67376184463501,base,Yes
2191,1,1,0.9940889320193674,-0.07551130652427673,-5.200511455535889,base,Yes
2192,1,1,0.9914225163603422,-0.04609087109565735,-4.796091079711914,base,Yes
2193,1,1,0.9465966656805269,-0.14777716994285583,-3.0227770805358887,base,Yes
2194,1,1,0.9924227592924099,-0.061972543597221375,-4.936972618103027,base,Yes
2195,1,1,0.970687768612669,-0.07030131667852402,-3.5703012943267822,base,Yes
2196,1,1,0.9890130597981982,-0.06252981722354889,-4.562530040740967,base,Yes
2197,1,1,0.9840936065387837,-0.07307969778776169,-4.198079586029053,base,Yes
2198,1,1,0.9890130576932457,-0.04502055048942566,-4.545020580291748,base,Yes
2199,1,1,0.9953904286068963,-0.042795486748218536,-5.417795658111572,base,Yes
2200,1,1,0.9953904270001694,-0.04031485319137573,-5.415314674377441,base,Yes
2201,1,1,0.9940889304213768,-0.03778994455933571,-5.162789821624756,base,Yes
2202,1,1,0.9706877669167365,-0.1160636767745018,-3.6160635948181152,base,Yes
2203,1,1,0.9933071488775878,-0.04702141880989075,-5.047021389007568,base,Yes
2204,1,1,0.9465966686936261,-0.13212206959724426,-3.007122039794922,base,Yes
2205,1,1,0.9796676450248561,-0.08491834253072739,-3.959918260574341,base,Yes
2206,1,1,0.9875683465398745,-0.05604526773095131,-4.431045055389404,base,Yes
2207,1,1,0.9968273169925714,-0.031319670379161835,-5.781319618225098,base,Yes
2208,1,1,0.984093610737347,-0.06117614358663559,-4.186176300048828,base,Yes
2209,1,1,0.9840936064221572,-0.06976091861724854,-4.194760799407959,base,Yes
2210,1,1,0.9399133527714579,-0.11860127002000809,-2.8686013221740723,base,Yes
2211,1,1,0.9796676460637103,-0.07175067067146301,-3.9467506408691406,base,Yes
2212,1,1,0.9820137888535316,-0.07401902228593826,-4.074018955230713,base,Yes
2213,1,1,0.9914225150298016,-0.05210680514574051,-4.802106857299805,base,Yes
2214,1,1,0.9840936057223965,-0.07119528949260712,-4.196195125579834,base,Yes
2215,1,1,0.979667647844603,-0.06303328275680542,-3.93803334236145,base,Yes
2216,1,1,0.9859363747646542,-0.04675661399960518,-4.296756744384766,base,Yes
2217,1,1,0.9324533097989077,-0.14275477826595306,-2.7677547931671143,base,Yes
2218,1,1,0.9933071494719701,-0.04987376928329468,-5.0498738288879395,base,Yes
2219,1,1,0.9890130596362788,-0.059322625398635864,-4.559322834014893,base,Yes
2220,1,1,0.987568350610359,-0.060665011405944824,-4.435665130615234,base,Yes
2221,1,1,0.9796676465089335,-0.07235241681337357,-3.947352409362793,base,Yes
2222,1,1,0.9924227587041257,-0.05013752356171608,-4.925137519836426,base,Yes
2223,1,1,0.9740426456278624,-0.0856863334774971,-3.710686445236206,base,Yes
2224,1,1,0.6224593312018546,-0.6207720041275024,-1.1207720041275024,base,Yes
2225,1,1,0.9890130580170845,-0.05159848928451538,-4.55159854888916,base,Yes
2226,1,1,0.9859363741964572,-0.09063854813575745,-4.340638637542725,base,Yes
2227,1,1,0.9953904276667902,-0.04069617763161659,-5.415696144104004,base,Yes
2228,1,1,0.9465966690702636,-0.1157236322760582,-2.9907236099243164,base,Yes
2229,1,1,0.990291525631656,-0.04980923607945442,-4.674809455871582,base,Yes
2230,1,1,0.9796676457668948,-0.05682019889354706,-3.9318201541900635,base,Yes
2231,1,1,0.9706877673407197,-0.0750480368733406,-3.5750479698181152,base,Yes
2232,1,1,0.994088931909916,-0.05848633125424385,-5.183486461639404,base,Yes
2233,1,1,0.9875683473631187,-0.05087580904364586,-4.425875663757324,base,Yes
2234,1,1,0.9770226293372993,-0.059931788593530655,-3.809931755065918,base,Yes
2235,1,1,0.9902915251302353,-0.06164867803454399,-4.686648845672607,base,Yes
2236,1,1,0.9324533144915912,-0.1267494261264801,-2.7517495155334473,base,Yes
2237,1,1,0.9902915228380264,-0.04939563199877739,-4.674395561218262,base,Yes
2238,1,1,0.9953904285556178,-0.061994392424821854,-5.436994552612305,base,Yes
2239,1,1,0.9840936117869877,-0.08581139147281647,-4.210811614990234,base,Yes
2240,1,1,0.9940889318661355,-0.04269063100218773,-5.167690753936768,base,Yes
2241,1,1,0.9890130559930914,-0.06223548203706741,-4.562235355377197,base,Yes
2242,1,1,0.9964063976987011,-0.04284517094492912,-5.667845249176025,base,Yes
2243,1,1,0.9149009538328171,-0.14427782595157623,-2.519277811050415,base,Yes
2244,1,1,0.9940889321507093,-0.03495294600725174,-5.1599531173706055,base,Yes
2245,1,1,0.9046505286741726,-0.20306523144245148,-2.4530651569366455,base,Yes
2246,1,1,0.9890130557097324,-0.05131450667977333,-4.551314353942871,base,Yes
2247,1,1,0.9953904274958618,-0.033315252512693405,-5.408315181732178,base,Yes
2248,1,1,0.957912274487423,-0.10625666379928589,-3.2312567234039307,base,Yes
2249,1,1,0.867035771827307,-0.21694053709506989,-2.0919406414031982,base,Yes
2250,1,1,0.9964063971784761,-0.03507000952959061,-5.660069942474365,base,Yes
2251,1,1,0.932453304167687,-0.11269433796405792,-2.737694263458252,base,Yes
2252,1,1,0.9890130551025345,-0.0649397075176239,-4.564939498901367,base,Yes
2253,1,1,0.9947798736100227,-0.051486626267433167,-5.301486492156982,base,Yes
2254,1,1,0.9149009619539553,-0.15570083260536194,-2.530700922012329,base,Yes
2255,1,1,0.9947798745772711,-0.036255307495594025,-5.286255359649658,base,Yes
2256,1,1,0.9770226280828407,-0.06480273604393005,-3.814802646636963,base,Yes
2257,1,1,0.9914225149347631,-0.059731919318437576,-4.809731960296631,base,Yes
2258,1,1,0.9820137910906878,-0.06405442953109741,-4.064054489135742,base,Yes
2259,1,1,0.9968273177230348,-0.034612953662872314,-5.784613132476807,base,Yes
2260,1,1,0.9959298627673272,-0.038309454917907715,-5.538309574127197,base,Yes
2261,1,1,0.9669140244715405,-0.09480896592140198,-3.469809055328369,base,Yes
2262,1,1,0.9940889314283299,-0.05256600305438042,-5.177566051483154,base,Yes
2263,1,1,0.9984988179275331,-0.03888213261961937,-6.538882255554199,base,Yes
2264,1,1,0.9840936081715584,-0.06869316846132278,-4.193693161010742,base,Yes
2265,1,1,0.9770226314280634,-0.09122055768966675,-3.8412206172943115,base,Yes
2266,1,1,0.9669140225647107,-0.0834948718547821,-3.4584949016571045,base,Yes
2267,1,1,0.9947798735519876,-0.06224074587225914,-5.3122406005859375,base,Yes
2268,1,1,0.9968273178526331,-0.04470517113804817,-5.794705390930176,base,Yes
2269,1,1,0.9924227582839227,-0.057814180850982666,-4.932814121246338,base,Yes
2270,1,1,0.9947798751769651,-0.0371292345225811,-5.2871294021606445,base,Yes
2271,1,1,0.9988304898306811,-0.020977415144443512,-6.77097749710083,base,Yes
2272,1,1,0.9902915251302353,-0.046372245997190475,-4.671372413635254,base,Yes
2273,1,1,0.9924227591243286,-0.03924841433763504,-4.914248466491699,base,Yes
2274,1,1,0.9890130587052423,-0.044569846242666245,-4.544569969177246,base,Yes
2275,1,1,0.9875683485979849,-0.06185869872570038,-4.436858654022217,base,Yes
2276,1,1,0.9933071487289921,-0.049637846648693085,-5.049637794494629,base,Yes
2277,1,1,0.9947798737647825,-0.02602730691432953,-5.276027202606201,base,Yes
2278,1,1,0.9940889298741196,-0.06953976303339005,-5.194539546966553,base,Yes
2279,1,1,0.9984988176706717,-0.03753714635968208,-6.537537097930908,base,Yes
2280,1,1,0.9914225128122336,-0.08133432269096375,-4.831334114074707,base,Yes
2281,1,1,0.9820137862873818,-0.05774948373436928,-4.057749271392822,base,Yes
2282,1,1,0.984093609162886,-0.055826131254434586,-4.180826187133789,base,Yes
2283,1,1,0.8175744850834649,-0.3401326537132263,-1.840132713317871,base,Yes
2284,1,1,0.9968273170986065,-0.039943236857652664,-5.789943218231201,base,Yes
2285,1,1,0.9959298619896395,-0.02699143998324871,-5.526991367340088,base,Yes
2286,1,1,0.9959298622086004,-0.028776664286851883,-5.5287766456604,base,Yes
2287,1,1,0.9978172831002985,-0.021031111478805542,-6.146030902862549,base,Yes
2288,1,1,0.9924227594604912,-0.04161014407873154,-4.916610240936279,base,Yes
2289,1,1,0.9924227582278954,-0.037828512489795685,-4.91282844543457,base,Yes
2290,1,1,0.9626731126558706,-0.12099313735961914,-3.370993137359619,base,Yes
2291,1,1,0.9914225158851491,-0.05071910843253136,-4.800719261169434,base,Yes
2292,1,1,0.9989677690554385,-0.035519033670425415,-6.910519123077393,base,Yes
2293,1,1,0.9933071475154607,-0.044934507459402084,-5.044934272766113,base,Yes
2294,1,1,0.9770226284173629,-0.0716458112001419,-3.821645736694336,base,Yes
2295,1,1,0.9964063967116072,-0.05541105940937996,-5.680410861968994,base,Yes
2296,1,1,0.9947798754284498,-0.046793244779109955,-5.296793460845947,base,Yes
2297,1,1,0.9971990727051202,-0.027673838660120964,-5.902673721313477,base,Yes
2298,1,1,0.9940889316472328,-0.033547792583703995,-5.158547878265381,base,Yes
2299,1,1,0.9971990727831581,-0.03452739119529724,-5.90952730178833,base,Yes
2300,1,1,0.9149009538328171,-0.16725899279117584,-2.5422589778900146,base,Yes
2301,1,1,0.9978172837006978,-0.03616850823163986,-6.161168575286865,base,Yes
2302,1,1,0.9902915238766835,-0.05469699949026108,-4.679697036743164,base,Yes
2303,1,1,0.9953904279744613,-0.03438469395041466,-5.409384727478027,base,Yes
2304,1,1,0.9820137863531804,-0.06047460436820984,-4.060474395751953,base,Yes
2305,1,1,0.993307147800269,-0.02845449559390545,-5.028454303741455,base,Yes
2306,1,1,0.9740426443092215,-0.07336753606796265,-3.6983675956726074,base,Yes
2307,1,1,0.9859363745580373,-0.05816257372498512,-4.308162689208984,base,Yes
2308,1,1,0.9940889314940008,-0.05898374319076538,-5.18398380279541,base,Yes
2309,1,1,0.9465966743431868,-0.1194249764084816,-2.994425058364868,base,Yes
2310,1,1,0.995929861936787,-0.05167445167899132,-5.5516743659973145,base,Yes
2311,1,1,0.9975273768295826,-0.030245786532759666,-6.030245780944824,base,Yes
2312,1,1,0.989013058421883,-0.060364626348018646,-4.560364723205566,base,Yes
2313,1,1,0.9914225147446858,-0.04666946455836296,-4.7966694831848145,base,Yes
2314,1,1,0.9968273167098114,-0.041084907948970795,-5.7910847663879395,base,Yes
2315,1,1,0.9626731153331315,-0.10483567416667938,-3.3548357486724854,base,Yes
2316,1,1,0.9959298626691725,-0.028992081061005592,-5.528992176055908,base,Yes
2317,1,1,0.9890130570860479,-0.04169132933020592,-4.541691303253174,base,Yes
2318,1,1,0.9820137896431163,-0.06063797324895859,-4.060637950897217,base,Yes
2319,1,1,0.9626731145299533,-0.10427851229906082,-3.354278564453125,base,Yes
2320,1,1,0.9959298631599462,-0.02606656402349472,-5.526066780090332,base,Yes
2321,1,1,0.9875683510677168,-0.05744203180074692,-4.4324421882629395,base,Yes
2322,1,1,0.9706877690366521,-0.06343580037355423,-3.5634357929229736,base,Yes
2323,1,1,0.9924227574995436,-0.051582977175712585,-4.9265828132629395,base,Yes
2324,1,1,0.9626731086399787,-0.11911379545927048,-3.3691136837005615,base,Yes
2325,1,1,0.9465966717067252,-0.13972708582878113,-3.0147271156311035,base,Yes
2326,1,1,0.9902915226589475,-0.045396894216537476,-4.67039680480957,base,Yes
2327,1,1,0.9953904277693473,-0.04925299808382988,-5.424252986907959,base,Yes
2328,1,1,0.9890130597981982,-0.045053258538246155,-4.545053482055664,base,Yes
2329,1,1,0.9933071502397144,-0.028795544058084488,-5.0287957191467285,base,Yes
2330,1,1,0.9706877671287282,-0.09206993877887726,-3.5920698642730713,base,Yes
2331,1,1,0.9980732653474184,-0.027597421780228615,-6.277597427368164,base,Yes
2332,1,1,0.9914225130023108,-0.03372449427843094,-4.783724308013916,base,Yes
2333,1,1,0.9924227595445319,-0.040550123900175095,-4.915550231933594,base,Yes
2334,1,1,0.9525741231199173,-0.10177715867757797,-3.1017770767211914,base,Yes
2335,1,1,0.982013793459441,-0.06321458518505096,-4.0632147789001465,base,Yes
2336,1,1,0.994779874316114,-0.028066156432032585,-5.278066158294678,base,Yes
2337,1,1,0.8933093961129795,-0.20031248033046722,-2.325312376022339,base,Yes
2338,1,1,0.997817283992784,-0.03274468332529068,-6.157744884490967,base,Yes
2339,1,1,0.9399133489844308,-0.12146379053592682,-2.8714637756347656,base,Yes
2340,1,1,0.9840936064804704,-0.058733101934194565,-4.183732986450195,base,Yes
2341,1,1,0.9924227596565859,-0.05791127309203148,-4.932911396026611,base,Yes
2342,1,1,0.9953904277351616,-0.03980256989598274,-5.414802551269531,base,Yes
2343,1,1,0.8354835330070839,-0.26312056183815,-1.8881205320358276,base,Yes
2344,1,1,0.9902915215128427,-0.06018897891044617,-4.6851887702941895,base,Yes
2345,1,1,0.994779874074302,-0.02928166091442108,-5.2792816162109375,base,Yes
2346,1,1,0.991422515061481,-0.04288000240921974,-4.792880058288574,base,Yes
2347,1,1,0.9947798746256336,-0.02902740053832531,-5.279027462005615,base,Yes
2348,1,1,0.9959298629334352,-0.03491910174489021,-5.534919261932373,base,Yes
2349,1,1,0.9324533107374443,-0.14959308505058289,-2.7745931148529053,base,Yes
2350,1,1,0.9959298619518878,-0.03516634553670883,-5.535166263580322,base,Yes
2351,1,1,0.9796676469541566,-0.06438802182674408,-3.9393880367279053,base,Yes
2352,1,1,0.9924227594604912,-0.04753866046667099,-4.922538757324219,base,Yes
2353,1,1,0.9940889311437562,-0.04042625427246094,-5.165426254272461,base,Yes
2354,1,1,0.9669140208962347,-0.0785374864935875,-3.4535374641418457,base,Yes
2355,1,1,0.9859363701157686,-0.051408495754003525,-4.301408290863037,base,Yes
2356,1,1,0.9988304896196252,-0.017500976100564003,-6.767500877380371,base,Yes
2357,1,1,0.9902915223007897,-0.05475343018770218,-4.679753303527832,base,Yes
2358,1,1,0.994088931581562,-0.04042522609233856,-5.1654253005981445,base,Yes
2359,1,1,0.9971990732149673,-0.021992141380906105,-5.896992206573486,base,Yes
2360,1,1,0.9975273773900788,-0.023918883875012398,-6.023919105529785,base,Yes
2361,1,1,0.9740426443092215,-0.06756967306137085,-3.6925697326660156,base,Yes
2362,1,1,0.9669140237564795,-0.07744806259870529,-3.4524481296539307,base,Yes
2363,1,1,0.9399133540338004,-0.10925857722759247,-2.8592586517333984,base,Yes
2364,1,1,0.9933071479364817,-0.03728692978620529,-5.037286758422852,base,Yes
2365,1,1,0.9940889310780853,-0.028915416449308395,-5.1539154052734375,base,Yes
2366,1,1,0.966914024233187,-0.0764557495713234,-3.45145583152771,base,Yes
2367,1,1,0.9669140251866016,-0.10710633546113968,-3.4821064472198486,base,Yes
2368,1,1,0.9740426424254486,-0.07601357996463776,-3.7010135650634766,base,Yes
2369,1,1,0.9964063979321355,-0.025303220376372337,-5.650303363800049,base,Yes
2370,1,1,0.9959298615894702,-0.03712337464094162,-5.537123203277588,base,Yes
2371,1,1,0.9890130568026887,-0.06676679104566574,-4.566766738891602,base,Yes
2372,1,1,0.9820137895115189,-0.06296589970588684,-4.0629658699035645,base,Yes
2373,1,1,0.9875683476375334,-0.033611420542001724,-4.408611297607422,base,Yes
2374,1,1,0.9975273771190191,-0.022866614162921906,-6.022866725921631,base,Yes
2375,1,1,0.9706877722165251,-0.09474672377109528,-3.5947468280792236,base,Yes
2376,1,1,0.9914225139526973,-0.06870563328266144,-4.8187055587768555,base,Yes
2377,1,1,0.9914225158851491,-0.04090389236807823,-4.7909040451049805,base,Yes
2378,1,1,0.9940889320850383,-0.026050884276628494,-5.151051044464111,base,Yes
2379,1,1,0.9149009515124917,-0.14937977492809296,-2.5243797302246094,base,Yes
2380,1,1,0.9465966679403514,-0.11271457374095917,-2.9877145290374756,base,Yes
2381,1,1,0.9953904276838831,-0.03200581669807434,-5.407005786895752,base,Yes
2382,1,1,0.9525741217735477,-0.11387168616056442,-3.1138715744018555,base,Yes
2383,1,1,0.9740426409184302,-0.08128102123737335,-3.7062809467315674,base,Yes
2384,1,1,0.9820137919460709,-0.055405985563993454,-4.055406093597412,base,Yes
2385,1,1,0.9971990727727531,-0.04377851262688637,-5.918778419494629,base,Yes
2386,1,1,0.9964063977653967,-0.03797473758459091,-5.662974834442139,base,Yes
2387,1,1,0.9933071489023536,-0.044715430587530136,-5.044715404510498,base,Yes
2388,1,1,0.9968273172753315,-0.03836532682180405,-5.788365364074707,base,Yes
2389,1,1,0.8519528038477825,-0.23308561742305756,-1.9830856323242188,base,Yes
2390,1,1,0.9875683466770817,-0.05205746740102768,-4.427057266235352,base,Yes
2391,1,1,0.9914225125904766,-0.0402061901986599,-4.790205955505371,base,Yes
2392,1,1,0.9968273175168556,-0.026801472529768944,-5.776801586151123,base,Yes
2393,1,1,0.9933071487785239,-0.04835133254528046,-5.048351287841797,base,Yes
2394,1,1,0.9890130572074874,-0.07932998239994049,-4.579329967498779,base,Yes
2395,1,1,0.9890130548596552,-0.08157705515623093,-4.581576824188232,base,Yes
2396,1,1,0.997817283781833,-0.024502649903297424,-6.149502754211426,base,Yes
2397,1,1,0.995390428658175,-0.039974506944417953,-5.414974689483643,base,Yes
2398,1,1,0.9669140220880033,-0.09152410924434662,-3.466524124145508,base,Yes
2399,1,1,0.94659667246,-0.13270945847034454,-3.007709503173828,base,Yes
2400,1,1,0.7981867729389246,-0.3634893000125885,-1.7384892702102661,base,Yes
2401,1,1,0.9902915233036313,-0.0744481310248375,-4.699448108673096,base,Yes
2402,1,1,0.9525741261492485,-0.127196803689003,-3.127196788787842,base,Yes
2403,1,1,0.9149009584734678,-0.2470981627702713,-2.622098207473755,base,Yes
2404,1,1,0.994088930968634,-0.050451308488845825,-5.175451278686523,base,Yes
2405,1,1,0.9902915225515002,-0.04731617495417595,-4.672316074371338,base,Yes
2406,1,1,0.9579122750881832,-0.14335505664348602,-3.268355131149292,base,Yes
2407,1,1,0.9465966754730989,-0.14611400663852692,-3.0211141109466553,base,Yes
2408,1,1,0.8519528019683106,-0.29907870292663574,-2.0490787029266357,base,Yes
2409,1,1,0.9924227577236518,-0.07907260954380035,-4.95407247543335,base,Yes
2410,1,1,0.9964063968583374,-0.05191532522439957,-5.676915168762207,base,Yes
2411,1,1,0.9859363716137431,-0.09294424206018448,-4.342944145202637,base,Yes
2412,1,1,0.8670357460591569,-0.27213823795318604,-2.1471381187438965,base,Yes
2413,1,1,0.8175744850834649,-0.41816800832748413,-1.918168067932129,base,Yes
2414,1,1,0.9525741322079105,-0.16096532344818115,-3.1609654426574707,base,Yes
2415,1,1,0.9706877684006775,-0.14026382565498352,-3.640263795852661,base,Yes
2416,1,1,0.8354835411997897,-0.29607507586479187,-1.9210751056671143,base,Yes
2417,1,1,0.992422758984261,-0.0528235100209713,-4.927823543548584,base,Yes
2418,1,1,0.8807970732843035,-0.24094180762767792,-2.2409417629241943,base,Yes
2419,1,1,0.9840936091045726,-0.09015936404466629,-4.2151594161987305,base,Yes
2420,1,1,0.9953904270685409,-0.040158435702323914,-5.415158271789551,base,Yes
2421,1,1,0.8933094145755219,-0.23826304078102112,-2.3632631301879883,base,Yes
2422,1,1,0.9465966694469009,-0.1754908710718155,-3.0504908561706543,base,Yes
2423,1,1,0.6513548782017746,-0.52004474401474,-1.1450448036193848,base,Yes
2424,1,1,0.9324533060447605,-0.18467192351818085,-2.8096718788146973,base,Yes
2425,1,1,0.9875683499700582,-0.06925671547651291,-4.444256782531738,base,Yes
2426,1,1,0.9902915242706571,-0.06201736256480217,-4.687017440795898,base,Yes
2427,1,1,0.6224593312018546,-0.7466146945953369,-1.246614694595337,base,Yes
2428,1,1,0.9770226325988914,-0.0969463661313057,-3.8469464778900146,base,Yes
2429,1,1,0.754914975839675,-0.42393308877944946,-1.5489330291748047,base,Yes
2430,1,1,0.9875683504274161,-0.06532515585422516,-4.4403252601623535,base,Yes
2431,1,1,0.9875683467685533,-0.060225680470466614,-4.435225486755371,base,Yes
2432,1,1,0.9324533126145177,-0.15976351499557495,-2.7847635746002197,base,Yes
2433,1,1,0.9046505299595163,-0.17841893434524536,-2.4284188747406006,base,Yes
2434,1,1,0.9940889306840602,-0.054179269820451736,-5.1791791915893555,base,Yes
2435,1,1,0.9820137884587394,-0.07647761702537537,-4.076477527618408,base,Yes
2436,1,1,0.9465966732132748,-0.12213438749313354,-2.9971344470977783,base,Yes
2437,1,1,0.9959298627975288,-0.06623541563749313,-5.566235542297363,base,Yes
2438,1,1,0.9840936101542134,-0.12147319316864014,-4.24647331237793,base,Yes
2439,1,1,0.994779874074302,-0.044524237513542175,-5.294524192810059,base,Yes
2440,1,1,0.952574129515172,-0.1568698287010193,-3.156869888305664,base,Yes
2441,1,1,0.7310585786300049,-0.42188823223114014,-1.4218882322311401,base,Yes
2442,1,1,0.9875683477747408,-0.08339463919401169,-4.458394527435303,base,Yes
2443,1,1,0.9953904272907478,-0.03701126202940941,-5.41201114654541,base,Yes
2444,1,1,0.8175744850834649,-0.2935745120048523,-1.793574571609497,base,Yes
2445,1,1,0.9046505261034853,-0.18262921273708344,-2.432629108428955,base,Yes
2446,1,1,0.9740426401649208,-0.0793217271566391,-3.7043216228485107,base,Yes
2447,1,1,0.9968273177701613,-0.04029206931591034,-5.790292263031006,base,Yes
2448,1,1,0.9626731123881445,-0.11000991612672806,-3.3600099086761475,base,Yes
2449,1,1,0.7981867777396212,-0.3299485445022583,-1.7049485445022583,base,Yes
2450,1,1,0.9964063982322651,-0.032684575766325,-5.657684803009033,base,Yes
2451,1,1,0.9669140216112958,-0.09866809844970703,-3.473668098449707,base,Yes
2452,1,1,0.9902915235543417,-0.05299186334013939,-4.67799186706543,base,Yes
2453,1,1,0.9859363717170516,-0.07159098982810974,-4.321590900421143,base,Yes
2454,1,1,0.984093610737347,-0.06361278146505356,-4.188612937927246,base,Yes
2455,1,1,0.9820137916170774,-0.06065121293067932,-4.0606513023376465,base,Yes
2456,1,1,0.9953904285043392,-0.06311878561973572,-5.438118934631348,base,Yes
2457,1,1,0.9399133557169234,-0.13557972013950348,-2.885579824447632,base,Yes
2458,1,1,0.9046505325302034,-0.2206757366657257,-2.4706757068634033,base,Yes
2459,1,1,0.9399133447766225,-0.16060122847557068,-2.9106011390686035,base,Yes
2460,1,1,0.9579122696813394,-0.10230666399002075,-3.227306604385376,base,Yes
2461,1,1,0.9989677688211137,-0.03842176869511604,-6.913421630859375,base,Yes
2462,1,1,0.939913354875362,-0.1480661928653717,-2.898066282272339,base,Yes
2463,1,1,0.89330940889474,-0.33203622698783875,-2.457036256790161,base,Yes
2464,1,1,0.9796676465089335,-0.10148025304079056,-3.97648024559021,base,Yes
2465,1,1,0.979667646212118,-0.07382228225469589,-3.948822259902954,base,Yes
2466,1,1,0.9525741308615412,-0.1607164442539215,-3.1607165336608887,base,Yes
2467,1,1,0.9149009549929797,-0.22051644325256348,-2.5955164432525635,base,Yes
2468,1,1,0.9914225142694926,-0.08117011934518814,-4.831170082092285,base,Yes
2469,1,1,0.9859363713038174,-0.08434832096099854,-4.334348201751709,base,Yes
2470,1,1,0.9525741244662869,-0.10743122547864914,-3.107431173324585,base,Yes
2471,1,1,0.9859363722335944,-0.06625895947217941,-4.316258907318115,base,Yes
2472,1,1,0.9924227587881663,-0.05200337618589401,-4.927003383636475,base,Yes
2473,1,1,0.9924227580318008,-0.043182943016290665,-4.918182849884033,base,Yes
2474,1,1,0.9579122762897041,-0.14650072157382965,-3.271500825881958,base,Yes
2475,1,1,0.904650527388829,-0.1747661530971527,-2.4247660636901855,base,Yes
2476,1,1,0.9968273166509031,-0.02770630642771721,-5.777706146240234,base,Yes
2477,1,1,0.9875683481406271,-0.06412609666585922,-4.439126014709473,base,Yes
2478,1,1,0.9740426450627306,-0.09694257378578186,-3.721942663192749,base,Yes
2479,1,1,0.9525741274956179,-0.10397838056087494,-3.103978395462036,base,Yes
2480,1,1,0.9820137885245381,-0.0613609217107296,-4.061360836029053,base,Yes
2481,1,1,0.9046505312448597,-0.22405104339122772,-2.474050998687744,base,Yes
2482,1,1,0.996406396911694,-0.029338501393795013,-5.654338359832764,base,Yes
2483,1,1,0.9859363748163087,-0.07451950013637543,-4.324519634246826,base,Yes
2484,1,1,0.8519527906914787,-0.3471916615962982,-2.097191572189331,base,Yes
2485,1,1,0.9770226289191464,-0.07670264691114426,-3.82670259475708,base,Yes
2486,1,1,0.9149009584734678,-0.20620818436145782,-2.5812082290649414,base,Yes
2487,1,1,0.8519528019683106,-0.26615285873413086,-2.016152858734131,base,Yes
2488,1,1,0.97068777009661,-0.08321377635002136,-3.5832138061523438,base,Yes
2489,1,1,0.9859363699091515,-0.05920432135462761,-4.3092041015625,base,Yes
2490,1,1,0.9859363714071259,-0.060159794986248016,-4.310159683227539,base,Yes
2491,1,1,0.9959298631599462,-0.037572167813777924,-5.537572383880615,base,Yes
2492,1,1,0.9770226295881911,-0.07636430114507675,-3.826364278793335,base,Yes
2493,1,1,0.9796676469541566,-0.08027742803096771,-3.955277442932129,base,Yes
2494,1,1,0.9953904277009759,-0.04699423536658287,-5.421994209289551,base,Yes
2495,1,1,0.9859363744030745,-0.08921851217746735,-4.339218616485596,base,Yes
2496,1,1,0.9241418272911436,-0.17202772200107574,-2.672027826309204,base,Yes
2497,1,1,0.9796676472509721,-0.08472439646720886,-3.9597244262695312,base,Yes
2498,1,1,0.9964063976653533,-0.02488272450864315,-5.649882793426514,base,Yes
2499,1,1,0.9924227604969919,-0.051729921251535416,-4.926730155944824,base,Yes
2500,1,1,0.9890130554668531,-0.046299632638692856,-4.546299457550049,base,Yes
2501,1,1,0.9964063973785626,-0.04154301807284355,-5.666543006896973,base,Yes
2502,1,1,0.9947798746159612,-0.05487102270126343,-5.304871082305908,base,Yes
2503,1,1,0.9947798735906777,-0.03494419530034065,-5.2849440574646,base,Yes
2504,1,1,0.9902915244855517,-0.04937543347477913,-4.674375534057617,base,Yes
2505,1,1,0.9933071486546943,-0.06012016907334328,-5.060120105743408,base,Yes
2506,1,1,0.9940889306840602,-0.040904123336076736,-5.1659040451049805,base,Yes
2507,1,1,0.9924227570233133,-0.03579925373196602,-4.910799026489258,base,Yes
2508,1,1,0.9324533088603709,-0.13247966766357422,-2.757479667663574,base,Yes
2509,1,1,0.946596671330088,-0.09926078468561172,-2.9742608070373535,base,Yes
2510,1,1,0.8670357580842941,-0.2135934978723526,-2.0885934829711914,base,Yes
2511,1,1,0.9914225133507857,-0.05151572450995445,-4.801515579223633,base,Yes
2512,1,1,0.9875683467685533,-0.05173082649707794,-4.426730632781982,base,Yes
2513,1,1,0.9840936057223965,-0.08080832660198212,-4.205808162689209,base,Yes
2514,1,1,0.9968273175698731,-0.03489815071225166,-5.784898281097412,base,Yes
2515,1,1,0.9669140201811735,-0.10941128432750702,-3.4844112396240234,base,Yes
2516,1,1,0.9902915254167615,-0.06195954605937004,-4.686959743499756,base,Yes
2517,1,1,0.9770226304244968,-0.06779716908931732,-3.8177971839904785,base,Yes
2518,1,1,0.970687766704745,-0.07667526602745056,-3.5766751766204834,base,Yes
2519,1,1,0.9902915246288148,-0.050125960260629654,-4.675126075744629,base,Yes
2520,1,1,0.9840936086963789,-0.05205056443810463,-4.177050590515137,base,Yes
2521,1,1,0.9902915227305791,-0.06435783952474594,-4.689357757568359,base,Yes
2522,1,1,0.9706877688246606,-0.06725074350833893,-3.5672507286071777,base,Yes
2523,1,1,0.9953904287949176,-0.05220773443579674,-5.427207946777344,base,Yes
2524,1,1,0.9964063966649204,-0.030223580077290535,-5.655223369598389,base,Yes
2525,1,1,0.994088931756684,-0.041792288422584534,-5.166792392730713,base,Yes
2526,1,1,0.9902915256674717,-0.05208994448184967,-4.677090167999268,base,Yes
2527,1,1,0.9525741241296944,-0.10472661256790161,-3.104726552963257,base,Yes
2528,1,1,0.9902915254883929,-0.05223873630166054,-4.677238941192627,base,Yes
2529,1,1,0.9324533097989077,-0.18530701100826263,-2.810307025909424,base,Yes
2530,1,1,0.9947798735713327,-0.03466811031103134,-5.28466796875,base,Yes
2531,1,1,0.9859363757460856,-0.08122233301401138,-4.3312225341796875,base,Yes
2532,1,1,0.7981867777396212,-0.33585453033447266,-1.7108545303344727,base,Yes
2533,1,1,0.993307149917757,-0.04098879545927048,-5.040988922119141,base,Yes
2534,1,1,0.9940889315158911,-0.043348249047994614,-5.16834831237793,base,Yes
2535,1,1,0.9626731091754309,-0.0985475555062294,-3.3485474586486816,base,Yes
2536,1,1,0.9740426424254486,-0.06664468348026276,-3.6916446685791016,base,Yes
2537,1,1,0.9914225159168286,-0.06594451516866684,-4.815944671630859,base,Yes
2538,1,1,0.987568350610359,-0.08055484294891357,-4.455554962158203,base,Yes
2539,1,1,0.9914225156317127,-0.04809414967894554,-4.798094272613525,base,Yes
2540,1,1,0.994779875012533,-0.017855031415820122,-5.267855167388916,base,Yes
2541,1,1,0.9626731107817877,-0.1025586649775505,-3.3525586128234863,base,Yes
2542,1,1,0.9933071498434592,-0.03969705477356911,-5.039697170257568,base,Yes
2543,1,1,0.989013058421883,-0.05052747577428818,-4.550527572631836,base,Yes
2544,1,1,0.9902915215128427,-0.06676456332206726,-4.6917643547058105,base,Yes
2545,1,1,0.991422516296983,-0.054721154272556305,-4.804721355438232,base,Yes
2546,1,1,0.9914225165187399,-0.05275226756930351,-4.802752494812012,base,Yes
2547,1,1,0.9820137885903367,-0.07459219545125961,-4.074592113494873,base,Yes
2548,1,1,0.9924227580878278,-0.057763662189245224,-4.932763576507568,base,Yes
2549,1,1,0.982013793459441,-0.07383756339550018,-4.073837757110596,base,Yes
2550,1,1,0.9964063966449118,-0.07049963623285294,-5.695499420166016,base,Yes
2551,1,1,0.9740426454394852,-0.07041420042514801,-3.6954143047332764,base,Yes
2552,1,1,0.9840936095710796,-0.11216870695352554,-4.237168788909912,base,Yes
2553,1,1,0.9770226304244968,-0.06776665151119232,-3.8177666664123535,base,Yes
2554,1,1,0.9669140185126972,-0.09336791187524796,-3.4683678150177,base,Yes
2555,1,1,0.9840936106790336,-0.04456266388297081,-4.169562816619873,base,Yes
2556,1,1,0.9820137903011033,-0.06823919713497162,-4.068239212036133,base,Yes
2557,1,1,0.9840936047310687,-0.05054878070950508,-4.175548553466797,base,Yes
2558,1,1,0.9940889324133925,-0.054462216794490814,-5.179462432861328,base,Yes
2559,1,1,0.9953904268463337,-0.0402357317507267,-5.41523551940918,base,Yes
2560,1,1,0.9933071478621839,-0.04526633396744728,-5.045266151428223,base,Yes
2561,1,1,0.9902915240915781,-0.047270238399505615,-4.67227029800415,base,Yes
2562,1,1,0.9740426418603167,-0.0710935965180397,-3.6960935592651367,base,Yes
2563,1,1,0.9579122741870427,-0.11573881655931473,-3.240738868713379,base,Yes
2564,1,1,0.8807970873650403,-0.26825276017189026,-2.2682528495788574,base,Yes
2565,1,1,0.9525741234565097,-0.12853963673114777,-3.128539562225342,base,Yes
2566,1,1,0.9914225130023108,-0.03792733699083328,-4.787927150726318,base,Yes
2567,1,1,0.9933071505369054,-0.042476434260606766,-5.042476654052734,base,Yes
2568,1,1,0.9740426456278624,-0.09813893586397171,-3.7231390476226807,base,Yes
2569,1,1,0.9933071500415868,-0.05156407132744789,-5.0515642166137695,base,Yes
2570,1,1,0.9953904279573685,-0.043266743421554565,-5.418266773223877,base,Yes
2571,1,1,0.9465966735899123,-0.12170141190290451,-2.99670147895813,base,Yes
2572,1,1,0.9626731147976793,-0.11026233434677124,-3.360262393951416,base,Yes
2573,1,1,0.9947798742484067,-0.037913333624601364,-5.2879133224487305,base,Yes
2574,1,1,0.9914225140160562,-0.04974991828203201,-4.799749851226807,base,Yes
2575,1,1,0.9796676471025644,-0.0601792111992836,-3.9351792335510254,base,Yes
2576,1,1,0.9820137922750644,-0.07771479338407516,-4.077714920043945,base,Yes
2577,1,1,0.9890130563574103,-0.05512342229485512,-4.555123329162598,base,Yes
2578,1,1,0.9902915221575267,-0.06286682933568954,-4.687866687774658,base,Yes
2579,1,1,0.985936373783223,-0.050215184688568115,-4.300215244293213,base,Yes
2580,1,1,0.9740426450627306,-0.07240620255470276,-3.69740629196167,base,Yes
2581,1,1,0.9890130575313263,-0.05067060887813568,-4.550670623779297,base,Yes
2582,1,1,0.9820137870111676,-0.06700294464826584,-4.067002773284912,base,Yes
2583,1,1,0.974042642048694,-0.08862999081611633,-3.713629961013794,base,Yes
2584,1,1,0.9914225155683538,-0.05513131991028786,-4.805131435394287,base,Yes
2585,1,1,0.9933071497691615,-0.03874911367893219,-5.0387492179870605,base,Yes
2586,1,1,0.9902915215128427,-0.06447955965995789,-4.689479351043701,base,Yes
2587,1,1,0.9859363753328515,-0.06782657653093338,-4.317826747894287,base,Yes
2588,1,1,0.9902915252376826,-0.06971722841262817,-4.6947174072265625,base,Yes
2589,1,1,0.9875683503359445,-0.06126394122838974,-4.4362640380859375,base,Yes
2590,1,1,0.9840936073551713,-0.0643797516822815,-4.189379692077637,base,Yes
2591,1,1,0.9149009538328171,-0.14669395983219147,-2.5216939449310303,base,Yes
2592,1,1,0.9890130555882929,-0.04447190463542938,-4.544471740722656,base,Yes
2593,1,1,0.9796676482898262,-0.07982484251260757,-3.954824924468994,base,Yes
2594,1,1,0.9796676476961953,-0.06799287348985672,-3.942992925643921,base,Yes
2595,1,1,0.9706877707325846,-0.07527870684862137,-3.5752787590026855,base,Yes
2596,1,1,0.96267311131724,-0.09379509836435318,-3.34379506111145,base,Yes
2597,1,1,0.9875683497413793,-0.0601777546107769,-4.435177803039551,base,Yes
2598,1,1,0.9706877679766944,-0.06926517188549042,-3.569265127182007,base,Yes
2599,1,1,0.9820137886561355,-0.04342039301991463,-4.043420314788818,base,Yes
2600,1,1,0.9964063965782162,-0.026920076459646225,-5.651919841766357,base,Yes
2601,1,1,0.9940889302243642,-0.03611055761575699,-5.1611104011535645,base,Yes
2602,1,1,0.9924227593484369,-0.07262793928384781,-4.947628021240234,base,Yes
2603,1,1,0.9924227590683016,-0.03665013611316681,-4.91165018081665,base,Yes
2604,1,1,0.9820137901037073,-0.05778121575713158,-4.057781219482422,base,Yes
2605,1,1,0.9975273771006421,-0.04067648947238922,-6.040676593780518,base,Yes
2606,1,1,0.993307147787886,-0.038868144154548645,-5.038867950439453,base,Yes
2607,1,1,0.914900945711678,-0.15836584568023682,-2.5333657264709473,base,Yes
2608,1,1,0.9525741285053948,-0.10864301770925522,-3.108643054962158,base,Yes
2609,1,1,0.9978172839562733,-0.019991690292954445,-6.144991874694824,base,Yes
2610,1,1,0.9940889306074442,-0.028263183310627937,-5.153263092041016,base,Yes
2611,1,1,0.9933071479612476,-0.04655568674206734,-5.046555519104004,base,Yes
2612,1,1,0.9940889298960098,-0.05465862527489662,-5.17965841293335,base,Yes
2613,1,1,0.9933071498929912,-0.06208884343504906,-5.062088966369629,base,Yes
2614,1,1,0.9796676448764484,-0.09849581122398376,-3.9734957218170166,base,Yes
2615,1,1,0.993307149521502,-0.04218333214521408,-5.0421833992004395,base,Yes
2616,1,1,0.9953904289145673,-0.03413748741149902,-5.409137725830078,base,Yes
2617,1,1,0.995390427598419,-0.03502707555890083,-5.410027027130127,base,Yes
2618,1,1,0.9820137909590904,-0.0629395917057991,-4.062939643859863,base,Yes
2619,1,1,0.9399133439350607,-0.13155566155910492,-2.8815555572509766,base,Yes
2620,1,1,0.9740426443092215,-0.09084028005599976,-3.7158403396606445,base,Yes
2621,1,1,0.9914225150298016,-0.04426378756761551,-4.79426383972168,base,Yes
2622,1,1,0.9770226310935413,-0.07637567818164825,-3.826375722885132,base,Yes
2623,1,1,0.9890130571265278,-0.061156295239925385,-4.561156272888184,base,Yes
2624,1,1,0.992422758564058,-0.05786087363958359,-4.932860851287842,base,Yes
2625,1,1,0.9902915218710006,-0.04289930313825607,-4.667899131774902,base,Yes
2626,1,1,0.9953904276326044,-0.04121784493327141,-5.416217803955078,base,Yes
2627,1,1,0.9953904283334108,-0.03975284844636917,-5.414752960205078,base,Yes
2628,1,1,0.9890130559930914,-0.04896415024995804,-4.548964023590088,base,Yes
2629,1,1,0.9579122684798184,-0.08745846152305603,-3.212458372116089,base,Yes
2630,1,1,0.9924227577236518,-0.03509153425693512,-4.910091400146484,base,Yes
2631,1,1,0.8519528019683106,-0.266218900680542,-2.016218900680542,base,Yes
2632,1,1,0.9820137904984994,-0.058431122452020645,-4.058431148529053,base,Yes
2633,1,1,0.9399133498259924,-0.14687275886535645,-2.8968727588653564,base,Yes
2634,1,1,0.9890130548191752,-0.06142449006438255,-4.561424255371094,base,Yes
2635,1,1,0.9241418189341297,-0.14198948442935944,-2.6419894695281982,base,Yes
2636,1,1,0.9820137903011033,-0.059030041098594666,-4.059030055999756,base,Yes
2637,1,1,0.9924227576956381,-0.040808338671922684,-4.915808200836182,base,Yes
2638,1,1,0.977022631929847,-0.07559553533792496,-3.8255956172943115,base,Yes
2639,1,1,0.9924227583539565,-0.02791314385831356,-4.9029130935668945,base,Yes
2640,1,1,0.9902915248078935,-0.04191289842128754,-4.666913032531738,base,Yes
2641,1,1,0.9971990727571454,-0.024638274684548378,-5.8996381759643555,base,Yes
2642,1,1,0.9579122678790578,-0.08518801629543304,-3.2101879119873047,base,Yes
2643,1,1,0.990291523661789,-0.06630514562129974,-4.691305160522461,base,Yes
2644,1,1,0.9399133435142799,-0.11232864111661911,-2.86232852935791,base,Yes
2645,1,1,0.9770226310935413,-0.075269415974617,-3.8252694606781006,base,Yes
2646,1,1,0.9626731169394882,-0.09111249446868896,-3.3411126136779785,base,Yes
2647,1,1,0.9982992773007814,-0.02915685437619686,-6.404156684875488,base,Yes
2648,1,1,0.9796676469541566,-0.062228426337242126,-3.9372284412384033,base,Yes
2649,1,1,0.9914225164553807,-0.058972615748643875,-4.8089728355407715,base,Yes
2650,1,1,0.9669140237564795,-0.07436125725507736,-3.4493613243103027,base,Yes
2651,1,1,0.9859363745063829,-0.058269865810871124,-4.30826997756958,base,Yes
2652,1,1,0.9902915228380264,-0.04811198636889458,-4.673111915588379,base,Yes
2653,1,1,0.9706877660687704,-0.08348094671964645,-3.5834808349609375,base,Yes
2654,1,1,0.9840936106207203,-0.04140886664390564,-4.166409015655518,base,Yes
2655,1,1,0.9924227591803558,-0.03415292501449585,-4.909152984619141,base,Yes
2656,1,1,0.984093611845301,-0.047489892691373825,-4.172490119934082,base,Yes
2657,1,1,0.9933071477135882,-0.04666730388998985,-5.046667098999023,base,Yes
2658,1,1,0.994088931756684,-0.037193670868873596,-5.162193775177002,base,Yes
2659,1,1,0.9968273171928599,-0.046306122094392776,-5.796306133270264,base,Yes
2660,1,1,0.9902915238766835,-0.04189392179250717,-4.66689395904541,base,Yes
2661,1,1,0.9875683479119481,-0.05310593172907829,-4.42810583114624,base,Yes
2662,1,1,0.9980732655587509,-0.024579886347055435,-6.274580001831055,base,Yes
2663,1,1,0.9914225145546084,-0.03345060721039772,-4.783450603485107,base,Yes
2664,1,1,0.9902915235185259,-0.05110645294189453,-4.6761064529418945,base,Yes
2665,1,1,0.9980732657020271,-0.03631715849041939,-6.286317348480225,base,Yes
2666,1,1,0.9959298616045708,-0.03563373163342476,-5.535633563995361,base,Yes
2667,1,1,0.9914225128755927,-0.07331868261098862,-4.8233184814453125,base,Yes
2668,1,1,0.9924227579197465,-0.03547393158078194,-4.910473823547363,base,Yes
2669,1,1,0.9975273765125805,-0.026805534958839417,-6.026805400848389,base,Yes
2670,1,1,0.9964063979921614,-0.036332447081804276,-5.661332607269287,base,Yes
2671,1,1,0.9971990725230321,-0.03731173649430275,-5.912311553955078,base,Yes
2672,1,1,0.9796676489576609,-0.06047404184937477,-3.935474157333374,base,Yes
2673,1,1,0.9626731169394882,-0.10174119472503662,-3.351741313934326,base,Yes
2674,1,1,0.9626731158685837,-0.082787424325943,-3.33278751373291,base,Yes
2675,1,1,0.9669140211345884,-0.07290937006473541,-3.447909355163574,base,Yes
2676,1,1,0.9902915216919216,-0.051717471331357956,-4.676717281341553,base,Yes
2677,1,1,0.9324533032291502,-0.12653979659080505,-2.751539707183838,base,Yes
2678,1,1,0.9875683475460618,-0.05584157630801201,-4.430841445922852,base,Yes
2679,1,1,0.994088932303941,-0.05871657654643059,-5.183716773986816,base,Yes
2680,1,1,0.9840936115537341,-0.07402876019477844,-4.199028968811035,base,Yes
2681,1,1,0.987568351845225,-0.061645764857530594,-4.436645984649658,base,Yes
2682,1,1,0.9859363747646542,-0.05757652595639229,-4.307576656341553,base,Yes
2683,1,1,0.982013790366902,-0.06112287566065788,-4.061122894287109,base,Yes
2684,1,1,0.9914225146179675,-0.0593719445168972,-4.8093719482421875,base,Yes
2685,1,1,0.9820137890509278,-0.057966288179159164,-4.057966232299805,base,Yes
2686,1,1,0.9975273766871613,-0.031784120947122574,-6.0317840576171875,base,Yes
2687,1,1,0.9902915235901575,-0.06700896471738815,-4.692008972167969,base,Yes
2688,1,1,0.9706877677647029,-0.07510333508253098,-3.575103282928467,base,Yes
2689,1,1,0.9890130592314803,-0.06352407485246658,-4.56352424621582,base,Yes
2690,1,1,0.9740426458162398,-0.06828963756561279,-3.6932897567749023,base,Yes
2691,1,1,0.9859363750229257,-0.05372747778892517,-4.303727626800537,base,Yes
2692,1,1,0.9940889301586934,-0.03540628030896187,-5.160406112670898,base,Yes
2693,1,1,0.9933071485556304,-0.03908403590321541,-5.039083957672119,base,Yes
2694,1,1,0.9859363726468289,-0.057141803205013275,-4.3071417808532715,base,Yes
2695,1,1,0.9964063970851023,-0.04280576482415199,-5.6678056716918945,base,Yes
2696,1,1,0.9859363723369031,-0.04962162673473358,-4.29962158203125,base,Yes
2697,1,1,0.9902915251660511,-0.047412700951099396,-4.672412872314453,base,Yes
2698,1,1,0.9968273174226023,-0.019707119092345238,-5.769707202911377,base,Yes
2699,1,1,0.995929862782428,-0.049291010946035385,-5.549291133880615,base,Yes
2700,1,1,0.9820137912222852,-0.09337323158979416,-4.0933732986450195,base,Yes
2701,1,1,0.9968273178172881,-0.040301114320755005,-5.790301322937012,base,Yes
2702,1,1,0.9399133557169234,-0.1286877542734146,-2.878687858581543,base,Yes
2703,1,1,0.9890130556287727,-0.05708472058176994,-4.557084560394287,base,Yes
2704,1,1,0.994779873377883,-0.05447643995285034,-5.304476261138916,base,Yes
2705,1,1,0.9796676479930108,-0.09669964760541916,-3.9716997146606445,base,Yes
2706,1,1,0.9964063981922479,-0.0431683287024498,-5.668168544769287,base,Yes
2707,1,1,0.8933094074745443,-0.21973560750484467,-2.344735622406006,base,Yes
2708,1,1,0.9770226309262801,-0.12410136312246323,-3.874101400375366,base,Yes
2709,1,1,0.9324533107374443,-0.15470215678215027,-2.7797021865844727,base,Yes
2710,1,1,0.9324533107374443,-0.1878018081188202,-2.8128018379211426,base,Yes
2711,1,1,0.9525741322079105,-0.13063132762908936,-3.130631446838379,base,Yes
2712,1,1,0.9399133540338004,-0.19962017238140106,-2.949620246887207,base,Yes
2713,1,1,0.9859363740931487,-0.07308856397867203,-4.323088645935059,base,Yes
2714,1,1,0.9890130597172385,-0.04320075362920761,-4.543200969696045,base,Yes
2715,1,1,0.974042641483562,-0.10823111981153488,-3.7332310676574707,base,Yes
2716,1,1,0.9669140235181256,-0.09392684698104858,-3.4689269065856934,base,Yes
2717,1,1,0.9525741261492485,-0.16912032663822174,-3.1691203117370605,base,Yes
2718,1,1,0.9947798754091048,-0.055053021758794785,-5.305053234100342,base,Yes
2719,1,1,0.9933071500663527,-0.05463108420372009,-5.054631233215332,base,Yes
2720,1,1,0.9740426433673349,-0.08674714714288712,-3.711747169494629,base,Yes
2721,1,1,0.9924227578076924,-0.05105173960328102,-4.926051616668701,base,Yes
2722,1,1,0.962673116671762,-0.11343682557344437,-3.3634369373321533,base,Yes
2723,1,1,0.9399133515091156,-0.16264602541923523,-2.9126460552215576,base,Yes
2724,1,1,0.9399133523506772,-0.11868448555469513,-2.8686845302581787,base,Yes
2725,1,1,0.9706877694606352,-0.10922598093748093,-3.6092259883880615,base,Yes
2726,1,1,0.9740426407300528,-0.10094913095235825,-3.7259490489959717,base,Yes
2727,1,1,0.9626731089077046,-0.09266959130764008,-3.3426694869995117,base,Yes
2728,1,1,0.9706877694606352,-0.09822916239500046,-3.598229169845581,base,Yes
2729,1,1,0.9465966649272521,-0.17011748254299164,-3.0451173782348633,base,Yes
2730,1,1,0.7057850278370112,-0.5006017684936523,-1.3756017684936523,base,Yes
2731,1,1,0.9924227576956381,-0.056969303637742996,-4.931969165802002,base,Yes
2732,1,1,0.9579122732859019,-0.11206075549125671,-3.237060785293579,base,Yes
2733,1,1,0.982013793854233,-0.0932638868689537,-4.093264102935791,base,Yes
2734,1,1,0.9579122714836206,-0.09973789751529694,-3.2247378826141357,base,Yes
2735,1,1,0.9399133481428692,-0.13127020001411438,-2.881270170211792,base,Yes
2736,1,1,0.9324533032291502,-0.13909205794334412,-2.764091968536377,base,Yes
2737,1,1,0.9525741308615412,-0.14018622040748596,-3.140186309814453,base,Yes
2738,1,1,0.9820137895115189,-0.08675578236579895,-4.086755752563477,base,Yes
2739,1,1,0.9859363744547287,-0.060807596892118454,-4.310807704925537,base,Yes
2740,1,1,0.6513548646660542,-0.5896785259246826,-1.2146785259246826,base,Yes
2741,1,1,0.8933094003735664,-0.1930730938911438,-2.318073034286499,base,Yes
2742,1,1,0.8519528132451416,-0.30646029114723206,-2.056460380554199,base,Yes
2743,1,1,0.9933071474906947,-0.054564714431762695,-5.054564476013184,base,Yes
2744,1,1,0.8670357666736773,-0.2655584216117859,-2.1405584812164307,base,Yes
2745,1,1,0.9914225125587972,-0.06792092323303223,-4.817920684814453,base,Yes
2746,1,1,0.9902915246646304,-0.07138144969940186,-4.696381568908691,base,Yes
2747,1,1,0.8670357580842941,-0.23612333834171295,-2.1111233234405518,base,Yes
2748,1,1,0.9947798736100227,-0.04549850523471832,-5.295498371124268,base,Yes
2749,1,1,0.9669140218496496,-0.08455275744199753,-3.459552764892578,base,Yes
2750,1,1,0.9740426435557125,-0.09679314494132996,-3.7217931747436523,base,Yes
2751,1,1,0.9796676465089335,-0.09637666493654251,-3.971376657485962,base,Yes
2752,1,1,0.9902915240199466,-0.04540247470140457,-4.670402526855469,base,Yes
2753,1,1,0.7772998508568416,-0.41274338960647583,-1.662743330001831,base,Yes
2754,1,1,0.9706877688246606,-0.08767940104007721,-3.587679386138916,base,Yes
2755,1,1,0.9933071497443955,-0.03163756802678108,-5.031637668609619,base,Yes
2756,1,1,0.8670357563664174,-0.22273042798042297,-2.0977303981781006,base,Yes
2757,1,1,0.9890130593529198,-0.05793028697371483,-4.5579304695129395,base,Yes
2758,1,1,0.9959298619820892,-0.0526166707277298,-5.552616596221924,base,Yes
2759,1,1,0.9947798742290618,-0.06365920603275299,-5.313659191131592,base,Yes
2760,1,1,0.9902915229096578,-0.05623776093125343,-4.681237697601318,base,Yes
2761,1,1,0.9875683496499077,-0.05254598334431648,-4.42754602432251,base,Yes
2762,1,1,0.8933094174159129,-0.16375482082366943,-2.288754940032959,base,Yes
2763,1,1,0.7981867729389246,-0.3231014311313629,-1.6981014013290405,base,Yes
2764,1,1,0.9947798742677516,-0.053153522312641144,-5.3031535148620605,base,Yes
2765,1,1,0.9890130568431685,-0.05297999456524849,-4.552979946136475,base,Yes
2766,1,1,0.904650527388829,-0.2305491864681244,-2.4805490970611572,base,Yes
2767,1,1,0.9669140251866016,-0.117180235683918,-3.492180347442627,base,Yes
2768,1,1,0.9324533069832973,-0.17460349202156067,-2.7996034622192383,base,Yes
2769,1,1,0.9953904270001694,-0.032441794872283936,-5.40744161605835,base,Yes
2770,1,1,0.924141816844876,-0.176988884806633,-2.6769888401031494,base,Yes
2771,1,1,0.9399133489844308,-0.17742682993412018,-2.927426815032959,base,Yes
2772,1,1,0.9820137874059599,-0.06335893273353577,-4.063358783721924,base,Yes
2773,1,1,0.9859363705806572,-0.06555908173322678,-4.315558910369873,base,Yes
2774,1,1,0.9626731153331315,-0.13589279353618622,-3.385892868041992,base,Yes
2775,1,1,0.9820137930646489,-0.07792455703020096,-4.077924728393555,base,Yes
2776,1,1,0.9914225133191062,-0.054421573877334595,-4.804421424865723,base,Yes
2777,1,1,0.995390427051448,-0.03800170496106148,-5.413001537322998,base,Yes
2778,1,1,0.9947798731747606,-0.030540207400918007,-5.2805399894714355,base,Yes
2779,1,1,0.9953904284188752,-0.04403578117489815,-5.419035911560059,base,Yes
2780,1,1,0.9579122750881832,-0.11907283961772919,-3.244072914123535,base,Yes
2781,1,1,0.9924227569392726,-0.0719749927520752,-4.946974754333496,base,Yes
2782,1,1,0.9964063977253792,-0.04559269919991493,-5.670592784881592,base,Yes
2783,1,1,0.9947798739388872,-0.055073332041502,-5.305073261260986,base,Yes
2784,1,1,0.9770226299227133,-0.06375528126955032,-3.8137552738189697,base,Yes
2785,1,1,0.9953904267437769,-0.02805780991911888,-5.40305757522583,base,Yes
2786,1,1,0.9947798748481008,-0.059025660157203674,-5.309025764465332,base,Yes
2787,1,1,0.9890130566812492,-0.05348116531968117,-4.553481101989746,base,Yes
2788,1,1,0.9890130589886011,-0.055473655462265015,-4.555473804473877,base,Yes
2789,1,1,0.9924227570513267,-0.07101653516292572,-4.946016311645508,base,Yes
2790,1,1,0.9669140201811735,-0.1178014725446701,-3.4928014278411865,base,Yes
2791,1,1,0.9706877711565677,-0.09410350769758224,-3.5941035747528076,base,Yes
2792,1,1,0.9947798738808522,-0.03350790590047836,-5.283507823944092,base,Yes
2793,1,1,0.9626731094431571,-0.12200197577476501,-3.372001886367798,base,Yes
2794,1,1,0.9770226277483183,-0.0958024114370346,-3.8458023071289062,base,Yes
2795,1,1,0.9940889307716214,-0.054805342108011246,-5.179805278778076,base,Yes
2796,1,1,0.9978172840171246,-0.02416827902197838,-6.149168491363525,base,Yes
2797,1,1,0.9914225161069058,-0.06638222932815552,-4.81638240814209,base,Yes
2798,1,1,0.9740426444975988,-0.0754493996500969,-3.7004494667053223,base,Yes
2799,1,1,0.9241418220680101,-0.15961119532585144,-2.659611225128174,base,Yes
2800,1,1,0.9669140244715405,-0.08298888802528381,-3.457988977432251,base,Yes
2801,1,1,0.9626731156008578,-0.11230222135782242,-3.362302303314209,base,Yes
2802,1,1,0.9399133489844308,-0.12534834444522858,-2.8753483295440674,base,Yes
2803,1,1,0.9820137914854798,-0.10957614332437515,-4.109576225280762,base,Yes
2804,1,1,0.9525741221101401,-0.12693487107753754,-3.126934766769409,base,Yes
2805,1,1,0.9820137877349534,-0.050433289259672165,-4.050433158874512,base,Yes
2806,1,1,0.9770226312608022,-0.08324427157640457,-3.8332443237304688,base,Yes
2807,1,1,0.9579122723847614,-0.12313174456357956,-3.24813175201416,base,Yes
2808,1,1,0.9940889319318064,-0.06396900117397308,-5.188969135284424,base,Yes
2809,1,1,0.966914017797636,-0.08013594150543213,-3.4551358222961426,base,Yes
2810,1,1,0.995390428230854,-0.050356775522232056,-5.425356864929199,base,Yes
2811,1,1,0.9465966717067252,-0.162258118391037,-3.0372581481933594,base,Yes
2812,1,1,0.9859363698574972,-0.05590842664241791,-4.305908203125,base,Yes
2813,1,1,0.9875683468142891,-0.05850477144122124,-4.433504581451416,base,Yes
2814,1,1,0.9902915242348413,-0.06099693477153778,-4.685997009277344,base,Yes
2815,1,1,0.970687766704745,-0.08850058913230896,-3.588500499725342,base,Yes
2816,1,1,0.9740426444975988,-0.07449858635663986,-3.6994986534118652,base,Yes
2817,1,1,0.9859363724402117,-0.0810714140534401,-4.331071376800537,base,Yes
2818,1,1,0.9968273169807897,-0.03885656222701073,-5.788856506347656,base,Yes
2819,1,1,0.9840936096877062,-0.044715315103530884,-4.169715404510498,base,Yes
2820,1,1,0.9940889312532076,-0.05276821181178093,-5.177768230438232,base,Yes
2821,1,1,0.9740426407300528,-0.1108444556593895,-3.735844373703003,base,Yes
2822,1,1,0.9770226305917578,-0.07014463096857071,-3.8201446533203125,base,Yes
2823,1,1,0.9740426454394852,-0.053903475403785706,-3.678903579711914,base,Yes
2824,1,1,0.9902915224798687,-0.0534282810986042,-4.6784281730651855,base,Yes
2825,1,1,0.9525741301883566,-0.147378608584404,-3.14737868309021,base,Yes
2826,1,1,0.9902915229096578,-0.04336697235703468,-4.6683669090271,base,Yes
2827,1,1,0.9953904279915542,-0.0405397042632103,-5.415539741516113,base,Yes
2828,1,1,0.9875683494212288,-0.0804285779595375,-4.455428600311279,base,Yes
2829,1,1,0.9947798737260924,-0.04473697394132614,-5.294736862182617,base,Yes
2830,1,1,0.9890130565598096,-0.0721016675233841,-4.572101593017578,base,Yes
2831,1,1,0.9840936074134845,-0.05914836749434471,-4.18414831161499,base,Yes
2832,1,1,0.9982992775442905,-0.02538016065955162,-6.4003801345825195,base,Yes
2833,1,1,0.9740426428022031,-0.07804584503173828,-3.7030458450317383,base,Yes
2834,1,1,0.932453304167687,-0.12757904827594757,-2.7525789737701416,base,Yes
2835,1,1,0.9820137939858306,-0.06498695909976959,-4.0649871826171875,base,Yes
2836,1,1,0.9796676450248561,-0.061022840440273285,-3.9360227584838867,base,Yes
2837,1,1,0.9706877705205931,-0.09802956879138947,-3.598029613494873,base,Yes
2838,1,1,0.798186768138228,-0.3403194546699524,-1.7153193950653076,base,Yes
2839,1,1,0.94659667246,-0.13038106262683868,-3.0053811073303223,base,Yes
2840,1,1,0.9988304896566144,-0.04065806418657303,-6.790657997131348,base,Yes
2841,1,1,0.9626731115849659,-0.09853556752204895,-3.3485355377197266,base,Yes
2842,1,1,0.9914225145546084,-0.05381536856293678,-4.8038153648376465,base,Yes
2843,1,1,0.9914225136042221,-0.042468663305044174,-4.792468547821045,base,Yes
2844,1,1,0.9914225125904766,-0.05760454759001732,-4.8076043128967285,base,Yes
2845,1,1,0.9914225128755927,-0.050418101251125336,-4.800417900085449,base,Yes
2846,1,1,0.9820137942490252,-0.08159804344177246,-4.081598281860352,base,Yes
2847,1,1,0.995929862842831,-0.03811107203364372,-5.538111209869385,base,Yes
2848,1,1,0.9902915255242087,-0.05074766278266907,-4.675747871398926,base,Yes
2849,1,1,0.9579122687801985,-0.11148723214864731,-3.2364871501922607,base,Yes
2850,1,1,0.9933071501901825,-0.03208143636584282,-5.032081604003906,base,Yes
2851,1,1,0.995929862842831,-0.04226241633296013,-5.542262554168701,base,Yes
2852,1,1,0.9875683511591884,-0.04893667995929718,-4.42393684387207,base,Yes
2853,1,1,0.9947798746159612,-0.03742450475692749,-5.287424564361572,base,Yes
2854,1,1,0.9875683510677168,-0.07537444680929184,-4.450374603271484,base,Yes
2855,1,1,0.9933071505121395,-0.058249734342098236,-5.0582499504089355,base,Yes
2856,1,1,0.9980732655766603,-0.024790162220597267,-6.274790287017822,base,Yes
2857,1,1,0.9940889303447609,-0.030171530321240425,-5.1551713943481445,base,Yes
2858,1,1,0.9933071489271196,-0.0564584955573082,-5.056458473205566,base,Yes
2859,1,1,0.9924227571353673,-0.04754946008324623,-4.922549247741699,base,Yes
2860,1,1,0.966914019704466,-0.09300094842910767,-3.468000888824463,base,Yes
2861,1,1,0.9740426450627306,-0.06725731492042542,-3.6922574043273926,base,Yes
2862,1,1,0.9796676459153025,-0.08103326708078384,-3.956033229827881,base,Yes
2863,1,1,0.9840936081715584,-0.06113005429506302,-4.186130046844482,base,Yes
2864,1,1,0.9706877688246606,-0.06949950754642487,-3.5694994926452637,base,Yes
2865,1,1,0.9980732652578705,-0.0166955403983593,-6.266695499420166,base,Yes
2866,1,1,0.9875683512506599,-0.05091840773820877,-4.4259185791015625,base,Yes
2867,1,1,0.985936375642777,-0.05734376609325409,-4.30734395980835,base,Yes
2868,1,1,0.9914225151881993,-0.04414026811718941,-4.794140338897705,base,Yes
2869,1,1,0.9959298625710178,-0.05994312837719917,-5.559943199157715,base,Yes
2870,1,1,0.9947798751576203,-0.04375489056110382,-5.293755054473877,base,Yes
2871,1,1,0.9796676471025644,-0.08322189003229141,-3.958221912384033,base,Yes
2872,1,1,0.9902915236259733,-0.03988837078213692,-4.664888381958008,base,Yes
2873,1,1,0.9971990733866505,-0.032229773700237274,-5.907229900360107,base,Yes
2874,1,1,0.9890130589886011,-0.06721195578575134,-4.567212104797363,base,Yes
2875,1,1,0.9770226305917578,-0.08108899742364883,-3.8310890197753906,base,Yes
2876,1,1,0.9840936110289139,-0.039506737142801285,-4.164506912231445,base,Yes
2877,1,1,0.9840936106790336,-0.055954303592443466,-4.180954456329346,base,Yes
2878,1,1,0.9241418189341297,-0.16016508638858795,-2.6601650714874268,base,Yes
2879,1,1,0.9968273178408513,-0.03846433013677597,-5.788464546203613,base,Yes
2880,1,1,0.9924227576115976,-0.049888283014297485,-4.9248881340026855,base,Yes
2881,1,1,0.9875683517994891,-0.06654765456914902,-4.441547870635986,base,Yes
2882,1,1,0.7310585903489892,-0.456856906414032,-1.4568569660186768,base,Yes
2883,1,1,0.9740426409184302,-0.08278973400592804,-3.707789659500122,base,Yes
2884,1,1,0.9465966747198243,-0.13096895813941956,-3.0059690475463867,base,Yes
2885,1,1,0.9902915240557624,-0.056970540434122086,-4.681970596313477,base,Yes
2886,1,1,0.9796676469541566,-0.06015799939632416,-3.9351580142974854,base,Yes
2887,1,1,0.9975273765401459,-0.032792214304208755,-6.032792091369629,base,Yes
2888,1,1,0.9796676459153025,-0.04913429170846939,-3.9241342544555664,base,Yes
2889,1,1,0.9902915212621323,-0.054247137159109116,-4.67924690246582,base,Yes
2890,1,1,0.9968273168983183,-0.043736062943935394,-5.793735980987549,base,Yes
2891,1,1,0.914900950352329,-0.14994078874588013,-2.5249407291412354,base,Yes
2892,1,1,0.9914225149664425,-0.0530976802110672,-4.803097724914551,base,Yes
2893,1,1,0.9964063979654831,-0.050920333713293076,-5.675920486450195,base,Yes
2894,1,1,0.9902915242348413,-0.04179994761943817,-4.666800022125244,base,Yes
2895,1,1,0.9924227579477601,-0.03840743005275726,-4.913407325744629,base,Yes
2896,1,1,0.9796676445054291,-0.058003295212984085,-3.9330031871795654,base,Yes
2897,1,1,0.977022631929847,-0.06005898863077164,-3.810059070587158,base,Yes
2898,1,1,0.9840936086380656,-0.06724784523248672,-4.1922478675842285,base,Yes
2899,1,1,0.9796676482898262,-0.06646768003702164,-3.941467761993408,base,Yes
2900,1,1,0.9875683475917977,-0.049250729382038116,-4.424250602722168,base,Yes
2901,1,1,0.9465966702001757,-0.1525273323059082,-3.027527332305908,base,Yes
2902,1,1,0.9859363697025342,-0.060026880353689194,-4.3100266456604,base,Yes
2903,1,1,0.9980732654763669,-0.020847247913479805,-6.270847320556641,base,Yes
2904,1,1,0.9820137899063109,-0.08034992963075638,-4.080349922180176,base,Yes
2905,1,1,0.9875683491468141,-0.05347585678100586,-4.428475856781006,base,Yes
2906,1,1,0.987568349787115,-0.06394428759813309,-4.438944339752197,base,Yes
2907,1,1,0.992422758984261,-0.055377449840307236,-4.93037748336792,base,Yes
2908,1,1,0.9914225164237013,-0.05378272384405136,-4.803782939910889,base,Yes
2909,1,1,0.8519528000888387,-0.24851764738559723,-1.998517632484436,base,Yes
2910,1,1,0.994779874654651,-0.04218333214521408,-5.2921833992004395,base,Yes
2911,1,1,0.9975273765952766,-0.039223771542310715,-6.039223670959473,base,Yes
2912,1,1,0.9964063969783894,-0.032265786081552505,-5.657265663146973,base,Yes
2913,1,1,0.9968273175463098,-0.0336221419274807,-5.7836222648620605,base,Yes
2914,1,1,0.9968273165213047,-0.041459761559963226,-5.791459560394287,base,Yes
2915,1,1,0.9669140220880033,-0.08551047742366791,-3.460510492324829,base,Yes
2916,1,1,0.9940889310343047,-0.03667070344090462,-5.161670684814453,base,Yes
2917,1,1,0.9875683500615298,-0.05092565715312958,-4.4259257316589355,base,Yes
2918,1,1,0.9984988176176243,-0.023266876116394997,-6.523266792297363,base,Yes
2919,1,1,0.9933071497939273,-0.051003824919462204,-5.051003932952881,base,Yes
2920,1,1,0.9933071506359692,-0.04750228300690651,-5.047502517700195,base,Yes
2921,1,1,0.9875683489638711,-0.0525670200586319,-4.427567005157471,base,Yes
2922,1,1,0.9770226291700381,-0.05860213562846184,-3.8086020946502686,base,Yes
2923,1,1,0.9933071498682252,-0.04707896709442139,-5.047079086303711,base,Yes
2924,1,1,0.9820137888535316,-0.054367609322071075,-4.054367542266846,base,Yes
2925,1,1,0.995929862676723,-0.05070199817419052,-5.550702095031738,base,Yes
2926,1,1,0.9959298630240396,-0.033054169267416,-5.533054351806641,base,Yes
2927,1,1,0.9859363718203602,-0.043156228959560394,-4.293156147003174,base,Yes
2928,1,1,0.9933071495957998,-0.035393159836530685,-5.035393238067627,base,Yes
2929,1,1,0.991422513477504,-0.035008084028959274,-4.785007953643799,base,Yes
2930,1,1,0.9706877690366521,-0.07045675069093704,-3.5704567432403564,base,Yes
2931,1,1,0.9399133443558416,-0.1224118247628212,-2.8724117279052734,base,Yes
2932,1,1,0.9669140251866016,-0.08844221383333206,-3.463442325592041,base,Yes
2933,1,1,0.9669140251866016,-0.07905233651399612,-3.454052448272705,base,Yes
2934,1,1,0.98901305643837,-0.04687890037894249,-4.546878814697266,base,Yes
2935,1,1,0.991422514522929,-0.06433392316102982,-4.814333915710449,base,Yes
2936,1,1,0.94659667246,-0.10861296951770782,-2.9836130142211914,base,Yes
2937,1,1,0.9964063976453447,-0.038883622735738754,-5.663883686065674,base,Yes
2938,1,1,0.9924227576115976,-0.05843415856361389,-4.933434009552002,base,Yes
2939,1,1,0.9959298629183346,-0.03419002145528793,-5.5341901779174805,base,Yes
2940,1,1,0.9984988178940295,-0.03849782422184944,-6.5384979248046875,base,Yes
2941,1,1,0.9890130583814032,-0.054148104041814804,-4.554148197174072,base,Yes
2942,1,1,0.9796676448764484,-0.06487211585044861,-3.9398720264434814,base,Yes
2943,1,1,0.9579122723847614,-0.0961148664355278,-3.2211148738861084,base,Yes
2944,1,1,0.9465966732132748,-0.10863393545150757,-2.9836339950561523,base,Yes
2945,1,1,0.9924227587041257,-0.04085731878876686,-4.915857315063477,base,Yes
2946,1,1,0.9902915241273939,-0.05301707610487938,-4.6780171394348145,base,Yes
2947,1,1,0.9820137914854798,-0.06789151579141617,-4.067891597747803,base,Yes
2948,1,1,0.9902915254883929,-0.053338322788476944,-4.678338527679443,base,Yes
2949,1,1,0.9940889315158911,-0.035790856927633286,-5.160790920257568,base,Yes
2950,1,1,0.9399133456181842,-0.12565644085407257,-2.8756563663482666,base,Yes
2951,1,1,0.9988304895304159,-0.03891676291823387,-6.78891658782959,base,Yes
2952,1,1,0.9933071497443955,-0.050407785922288895,-5.050407886505127,base,Yes
2953,1,1,0.9978172837574926,-0.03402319177985191,-6.159023284912109,base,Yes
2954,1,1,0.9324533022906132,-0.12544141709804535,-2.750441312789917,base,Yes
2955,1,1,0.9875683481863629,-0.047010499984025955,-4.42201042175293,base,Yes
2956,1,1,0.9964063969650503,-0.041663773357868195,-5.666663646697998,base,Yes
2957,1,1,0.9626731139945011,-0.10452862828969955,-3.3545286655426025,base,Yes
2958,1,1,0.9859363759010485,-0.05628373846411705,-4.306283950805664,base,Yes
2959,1,1,0.9875683485979849,-0.049400851130485535,-4.424400806427002,base,Yes
2960,1,1,0.9875683469514964,-0.046655356884002686,-4.421655178070068,base,Yes
2961,1,1,0.9796676447280407,-0.07029042392969131,-3.9452903270721436,base,Yes
2962,1,1,0.939913356558485,-0.1244281530380249,-2.8744282722473145,base,Yes
2963,1,1,0.9989677689401969,-0.02323915809392929,-6.8982391357421875,base,Yes
2964,1,1,0.9971990734386754,-0.035490844398736954,-5.910490989685059,base,Yes
2965,1,1,0.9947798743644765,-0.028834808617830276,-5.278834819793701,base,Yes
2966,1,1,0.9982992771932577,-0.02647518552839756,-6.401474952697754,base,Yes
2967,1,1,0.9770226310935413,-0.07052774727344513,-3.8205277919769287,base,Yes
2968,1,1,0.9465966702001757,-0.1672229766845703,-3.0422229766845703,base,Yes
2969,1,1,0.9875683495127003,-0.04615780711174011,-4.4211578369140625,base,Yes
2970,1,1,0.9947798735132978,-0.030576858669519424,-5.280576705932617,base,Yes
2971,1,1,0.9940889304213768,-0.05648959055542946,-5.18148946762085,base,Yes
2972,1,1,0.979667648438234,-0.06252041459083557,-3.9375205039978027,base,Yes
2973,1,1,0.990291521477027,-0.05144903436303139,-4.676448822021484,base,Yes
2974,1,1,0.9902915217635531,-0.03836888447403908,-4.6633687019348145,base,Yes
2975,1,1,0.9859363751262342,-0.05994065850973129,-4.309940814971924,base,Yes
2976,1,1,0.9975273769995691,-0.025323327630758286,-6.025323390960693,base,Yes
2977,1,1,0.996827317357803,-0.034548696130514145,-5.784548759460449,base,Yes
2978,1,1,0.9840936100375866,-0.06645763665437698,-4.191457748413086,base,Yes
2979,1,1,0.9902915244139202,-0.05145254358649254,-4.67645263671875,base,Yes
2980,1,1,0.9975273762920575,-0.04419444501399994,-6.044194221496582,base,Yes
2981,1,1,0.9914225131607085,-0.03510730341076851,-4.785107135772705,base,Yes
2982,1,1,0.9875683485522491,-0.060629893094301224,-4.435629844665527,base,Yes
2983,1,1,0.9980732650071369,-0.027845554053783417,-6.27784538269043,base,Yes
2984,1,1,0.9859363728017917,-0.058100711554288864,-4.308100700378418,base,Yes
2985,1,1,0.9914225156633925,-0.039514414966106415,-4.789514541625977,base,Yes
2986,1,1,0.9959298623822587,-0.026275133714079857,-5.526275157928467,base,Yes
2987,1,1,0.9706877673407197,-0.07665164023637772,-3.5766515731811523,base,Yes
2988,1,1,0.994779874093647,-0.054327528923749924,-5.304327487945557,base,Yes
2989,1,1,0.9875683475917977,-0.057738907635211945,-4.432738780975342,base,Yes
2990,1,1,0.9626731110495138,-0.1122158020734787,-3.362215757369995,base,Yes
2991,1,1,0.9933071492738426,-0.031702011823654175,-5.031702041625977,base,Yes
2992,1,1,0.9820137939858306,-0.0604107528924942,-4.060410976409912,base,Yes
2993,1,1,0.9149009538328171,-0.1603722721338272,-2.535372257232666,base,Yes
2994,1,1,0.9947798750995852,-0.03497251495718956,-5.284972667694092,base,Yes
2995,1,1,0.9465966686936261,-0.12511232495307922,-3.000112295150757,base,Yes
2996,1,1,0.9241418231126367,-0.1423308402299881,-2.6423308849334717,base,Yes
2997,1,1,0.9890130552644538,-0.06542129814624786,-4.565421104431152,base,Yes
2998,1,1,0.9933071480355454,-0.027407802641391754,-5.027407646179199,base,Yes
2999,1,1,0.9982992772185576,-0.02383158542215824,-6.398831367492676,base,Yes
3000,0,1,0.9859363745580373,-0.055619124323129654,-4.305619239807129,base,Yes
3001,0,1,0.9940889303994865,-0.04851783066987991,-5.17351770401001,base,Yes
3002,0,1,0.9875683513421315,-0.0532267689704895,-4.428226947784424,base,Yes
3003,0,1,0.9579122672782973,-0.10457909107208252,-3.229578971862793,base,Yes
3004,0,1,0.9324533013520764,-0.15031874179840088,-2.7753186225891113,base,Yes
3005,0,1,0.9324533051062237,-0.21549278497695923,-2.8404927253723145,base,Yes
3006,0,1,0.9924227600207618,-0.043712444603443146,-4.918712615966797,base,Yes
3007,0,1,0.9933071484318008,-0.04596290737390518,-5.045962810516357,base,Yes
3008,0,1,0.9875683465856102,-0.06775495409965515,-4.442754745483398,base,Yes
3009,0,1,0.9914225165187399,-0.05193592235445976,-4.801936149597168,base,Yes
3010,0,1,0.9875683493297572,-0.07243059575557709,-4.447430610656738,base,Yes
3011,0,1,0.9968273170514798,-0.05136207118630409,-5.801362037658691,base,Yes
3012,0,1,0.932453315430128,-0.1293586641550064,-2.7543587684631348,base,Yes
3013,0,1,0.9890130599601177,-0.06669497489929199,-4.566695213317871,base,Yes
3014,0,1,0.9579122756889438,-0.10630050301551819,-3.2313005924224854,base,Yes
3015,0,1,0.996406397165137,-0.04596860334277153,-5.670968532562256,base,Yes
3016,0,1,0.9947798732811581,-0.04035206511616707,-5.290351867675781,base,Yes
3017,0,1,0.9669140206578809,-0.11642959713935852,-3.491429567337036,base,Yes
3018,0,1,0.9975273771925268,-0.042002059519290924,-6.042002201080322,base,Yes
3019,0,1,0.9968273178290696,-0.04207589849829674,-5.792076110839844,base,Yes
3020,0,1,0.9980732650931028,-0.04028714448213577,-6.290287017822266,base,Yes
3021,0,1,0.9706877705205931,-0.14531035721302032,-3.645310401916504,base,Yes
3022,0,1,0.9046505312448597,-0.1673307865858078,-2.417330741882324,base,Yes
3023,0,1,0.9968273176169998,-0.04894575849175453,-5.798945903778076,base,Yes
3024,0,1,0.9740426425196371,-0.056013595312833786,-3.681013584136963,base,Yes
3025,0,1,0.9770226284173629,-0.09652550518512726,-3.8465254306793213,base,Yes
3026,0,1,0.9399133498259924,-0.1238093376159668,-2.873809337615967,base,Yes
3027,0,1,0.9770226282501017,-0.08317264169454575,-3.833172559738159,base,Yes
3028,0,1,0.9820137884587394,-0.07589778304100037,-4.075897693634033,base,Yes
3029,0,1,0.9933071500663527,-0.06396374106407166,-5.063963890075684,base,Yes
3030,0,1,0.9914225144595697,-0.07932712137699127,-4.82932710647583,base,Yes
3031,0,1,0.9890130563978902,-0.07613334059715271,-4.5761332511901855,base,Yes
3032,0,1,0.9820137906958954,-0.06772609800100327,-4.067726135253906,base,Yes
3033,0,1,0.9924227599647348,-0.06365282833576202,-4.938652992248535,base,Yes
3034,0,1,0.9914225146496473,-0.05559014528989792,-4.8055901527404785,base,Yes
3035,0,1,0.9796676448764484,-0.06381568312644958,-3.9388155937194824,base,Yes
3036,0,1,0.9149009619539553,-0.16320624947547913,-2.5382063388824463,base,Yes
3037,0,1,0.9890130582599637,-0.06323663145303726,-4.563236713409424,base,Yes
3038,0,1,0.994088931581562,-0.03617517650127411,-5.16117525100708,base,Yes
3039,0,1,0.9914225159801877,-0.06738169491291046,-4.817381858825684,base,Yes
3040,0,1,0.9933071482832051,-0.06692278385162354,-5.066922664642334,base,Yes
3041,0,1,0.7981867777396212,-0.32789599895477295,-1.702895998954773,base,Yes
3042,0,1,0.9465966739665496,-0.17512552440166473,-3.0501255989074707,base,Yes
3043,0,1,0.9241418199787566,-0.14258980751037598,-2.642589807510376,base,Yes
3044,0,1,0.966914024948248,-0.0737694650888443,-3.4487695693969727,base,Yes
3045,0,1,0.9796676450248561,-0.10043033212423325,-3.9754302501678467,base,Yes
3046,0,1,0.9971990724293867,-0.039098478853702545,-5.914098262786865,base,Yes
3047,0,1,0.9914225158534696,-0.07718214392662048,-4.827182292938232,base,Yes
3048,0,1,0.9890130599601177,-0.04704928398132324,-4.547049522399902,base,Yes
3049,0,1,0.9796676456184871,-0.05848722904920578,-3.9334871768951416,base,Yes
3050,0,1,0.9964063979921614,-0.03234704211354256,-5.657347202301025,base,Yes
3051,0,1,0.9933071489766515,-0.04013587534427643,-5.040135860443115,base,Yes
3052,0,1,0.9971990725750571,-0.033160850405693054,-5.90816068649292,base,Yes
3053,0,1,0.5312093733737563,-0.7653694152832031,-0.8903694152832031,base,Yes
3054,0,1,0.9953904288461961,-0.03321816027164459,-5.4082183837890625,base,Yes
3055,0,1,0.9947798731457431,-0.038361772894859314,-5.288361549377441,base,Yes
3056,0,1,0.9840936106207203,-0.09269556403160095,-4.217695713043213,base,Yes
3057,0,1,0.9579122735862822,-0.10820480436086655,-3.2332048416137695,base,Yes
3058,0,1,0.9399133489844308,-0.11358548700809479,-2.8635854721069336,base,Yes
3059,0,1,0.9796676487350494,-0.10982717573642731,-3.9848272800445557,base,Yes
3060,0,1,0.8670357735451834,-0.22802197933197021,-2.1030220985412598,base,Yes
3061,0,1,0.952574123793102,-0.11768681555986404,-3.1176867485046387,base,Yes
3062,0,1,0.9890130596362788,-0.07216766476631165,-4.572167873382568,base,Yes
3063,0,1,0.9890130571265278,-0.06700851768255234,-4.5670084953308105,base,Yes
3064,0,1,0.9914225158534696,-0.05976662039756775,-4.80976676940918,base,Yes
3065,0,1,0.9796676471767682,-0.06020233407616615,-3.9352023601531982,base,Yes
3066,0,1,0.9890130557097324,-0.052247676998376846,-4.552247524261475,base,Yes
3067,0,1,0.9940889297865585,-0.06470083445310593,-5.189700603485107,base,Yes
3068,0,1,0.9953904281453897,-0.050651002675294876,-5.4256510734558105,base,Yes
3069,0,1,0.9964063969783894,-0.04843151941895485,-5.673431396484375,base,Yes
3070,0,1,0.9953904268121483,-0.031351786106824875,-5.406351566314697,base,Yes
3071,0,1,0.9947798746159612,-0.051388680934906006,-5.301388740539551,base,Yes
3072,0,1,0.9959298630240396,-0.051856812089681625,-5.551856994628906,base,Yes
3073,0,1,0.9940889320631481,-0.044732414186000824,-5.169732570648193,base,Yes
3074,0,1,0.9914225147130061,-0.051281437277793884,-4.801281452178955,base,Yes
3075,0,1,0.9902915251660511,-0.07462770491838455,-4.699627876281738,base,Yes
3076,0,1,0.9241418158002492,-0.15473085641860962,-2.654730796813965,base,Yes
3077,0,1,0.9982992777340375,-0.049394045025110245,-6.424394130706787,base,Yes
3078,0,1,0.9968273174402749,-0.05264177918434143,-5.802641868591309,base,Yes
3079,0,1,0.9964063972051542,-0.03715473413467407,-5.662154674530029,base,Yes
3080,0,1,0.99408893066217,-0.05646570771932602,-5.1814656257629395,base,Yes
3081,0,1,0.9399133523506772,-0.1514236479997635,-2.901423692703247,base,Yes
3082,0,1,0.990291522873842,-0.07854420691728592,-4.7035441398620605,base,Yes
3083,0,1,0.9820137884587394,-0.06585511565208435,-4.065855026245117,base,Yes
3084,0,1,0.9859363735766059,-0.06597085297107697,-4.3159708976745605,base,Yes
3085,0,1,0.8807970904940926,-0.21554362773895264,-2.215543746948242,base,Yes
3086,0,1,0.9770226297554521,-0.0864422470331192,-3.836442232131958,base,Yes
3087,0,1,0.99029152162029,-0.060421187430620193,-4.685420989990234,base,Yes
3088,0,1,0.9947798745385813,-0.04198594391345978,-5.291985988616943,base,Yes
3089,0,1,0.9914225130973494,-0.04576319083571434,-4.79576301574707,base,Yes
3090,0,1,0.9914225149664425,-0.05318064987659454,-4.803180694580078,base,Yes
3091,0,1,0.9914225139526973,-0.042516306042671204,-4.792516231536865,base,Yes
3092,0,1,0.9924227588161799,-0.045516956597566605,-4.9205169677734375,base,Yes
3093,0,1,0.9959298615894702,-0.04210584610700607,-5.542105674743652,base,Yes
3094,0,1,0.9947798736293675,-0.04674113914370537,-5.296741008758545,base,Yes
3095,0,1,0.994088932457173,-0.0474407821893692,-5.172441005706787,base,Yes
3096,0,1,0.979667646212118,-0.0670325979590416,-3.9420325756073,base,Yes
3097,0,1,0.9046505402422645,-0.17798560857772827,-2.427985668182373,base,Yes
3098,0,1,0.9770226305917578,-0.09030292183160782,-3.8403029441833496,base,Yes
3099,0,1,0.9947798733391929,-0.06270427256822586,-5.312704086303711,base,Yes
3100,0,1,0.9902915226589475,-0.1709056794643402,-4.795905590057373,base,Yes
3101,0,1,0.9669140206578809,-0.0993824303150177,-3.4743824005126953,base,Yes
3102,0,1,0.9971990736779913,-0.04817128926515579,-5.923171520233154,base,Yes
3103,0,1,0.9953904267608698,-0.061128370463848114,-5.43612813949585,base,Yes
3104,0,1,0.9924227598246671,-0.05444178357720375,-4.929441928863525,base,Yes
3105,0,1,0.9933071493233745,-0.06526228040456772,-5.065262317657471,base,Yes
3106,0,1,0.9859363705806572,-0.04833429306745529,-4.298334121704102,base,Yes
3107,0,1,0.982013788985129,-0.07503896951675415,-4.075038909912109,base,Yes
3108,0,1,0.9924227576956381,-0.060949940234422684,-4.935949802398682,base,Yes
3109,0,1,0.9241418126663687,-0.15098606050014496,-2.6509859561920166,base,Yes
3110,0,1,0.9933071492738426,-0.06250092387199402,-5.062500953674316,base,Yes
3111,0,1,0.9579122720843811,-0.13747930526733398,-3.262479305267334,base,Yes
3112,0,1,0.9859363749196173,-0.06254706531763077,-4.312547206878662,base,Yes
3113,0,1,0.9890130553454136,-0.041586585342884064,-4.541586399078369,base,Yes
3114,0,1,0.9770226285846242,-0.07620889693498611,-3.8262088298797607,base,Yes
3115,0,1,0.994779875235,-0.05631810426712036,-5.306318283081055,base,Yes
3116,0,1,0.9859363725435202,-0.09315398335456848,-4.343153953552246,base,Yes
3117,0,1,0.9840936058973365,-0.05722061172127724,-4.182220458984375,base,Yes
3118,0,1,0.8519527869325346,-0.3170815706253052,-2.0670814514160156,base,Yes
3119,0,1,0.9820137906958954,-0.0721573457121849,-4.072157382965088,base,Yes
3120,0,1,0.9968273175109648,-0.042725928127765656,-5.792726039886475,base,Yes
3121,0,1,0.9796676450248561,-0.055431924760341644,-3.930431842803955,base,Yes
3122,0,1,0.9579122678790578,-0.1134568303823471,-3.2384567260742188,base,Yes
3123,0,1,0.9465966754730989,-0.14458240568637848,-3.019582509994507,base,Yes
3124,0,1,0.9399133447766225,-0.2305041253566742,-2.980504035949707,base,Yes
3125,0,1,0.9875683502444729,-0.06539908051490784,-4.440399169921875,base,Yes
3126,0,1,0.9740426454394852,-0.0795520693063736,-3.704552173614502,base,Yes
3127,0,1,0.9840936063638437,-0.05690443888306618,-4.181904315948486,base,Yes
3128,0,1,0.9971990732409798,-0.04144088923931122,-5.916440963745117,base,Yes
3129,0,1,0.9982992772533446,-0.03926010802388191,-6.414259910583496,base,Yes
3130,0,1,0.9399133464597458,-0.20688945055007935,-2.9568893909454346,base,Yes
3131,0,1,0.9796676460637103,-0.049874335527420044,-3.9248743057250977,base,Yes
3132,0,1,0.9626731118526922,-0.0971088632941246,-3.347108840942383,base,Yes
3133,0,1,0.9914225159485083,-0.059788066893815994,-4.809788227081299,base,Yes
3134,0,1,0.995390427051448,-0.052962470799684525,-5.427962303161621,base,Yes
3135,0,1,0.880797071719777,-0.22093182802200317,-2.2209317684173584,base,Yes
3136,0,1,0.9859363724402117,-0.08054021745920181,-4.330540180206299,base,Yes
3137,0,1,0.7057850154599563,-0.4846351742744446,-1.3596351146697998,base,Yes
3138,0,1,0.9840936116703609,-0.06271054595708847,-4.187710762023926,base,Yes
3139,0,1,0.979667648438234,-0.0740458071231842,-3.9490458965301514,base,Yes
3140,0,1,0.9968273170396982,-0.03593830019235611,-5.785938262939453,base,Yes
3141,0,1,0.99330714776312,-0.040151793509721756,-5.040151596069336,base,Yes
3142,0,1,0.9706877673407197,-0.07095391303300858,-3.570953845977783,base,Yes
3143,0,1,0.9626731099786093,-0.08754332363605499,-3.337543249130249,base,Yes
3144,0,1,0.9241418252018903,-0.14082376658916473,-2.6408238410949707,base,Yes
3145,0,1,0.9890130590695609,-0.09490188211202621,-4.594902038574219,base,Yes
3146,0,1,0.9840936114954209,-0.05232313647866249,-4.177323341369629,base,Yes
3147,0,1,0.9875683494212288,-0.06933925300836563,-4.444339275360107,base,Yes
3148,0,1,0.9324533032291502,-0.13349899649620056,-2.7584989070892334,base,Yes
3149,0,1,0.8354835371034369,-0.25258588790893555,-1.8775858879089355,base,Yes
3150,0,1,0.9933071489766515,-0.0800342708826065,-5.080034255981445,base,Yes
3151,0,1,0.9940889320631481,-0.05823882669210434,-5.183238983154297,base,Yes
3152,0,1,0.9924227594044641,-0.055055052042007446,-4.930055141448975,base,Yes
3153,0,1,0.9959298622539026,-0.08461333066225052,-5.58461332321167,base,Yes
3154,0,1,0.9924227599087075,-0.05616935342550278,-4.931169509887695,base,Yes
3155,0,1,0.9924227603849378,-0.0507981963455677,-4.925798416137695,base,Yes
3156,0,1,0.9933071502149484,-0.054529495537281036,-5.054529666900635,base,Yes
3157,0,1,0.9706877690366521,-0.07772494107484818,-3.5777249336242676,base,Yes
3158,0,1,0.9626731131913229,-0.07786963880062103,-3.3278696537017822,base,Yes
3159,0,1,0.9902915233752629,-0.04924584925174713,-4.674245834350586,base,Yes
3160,0,1,0.985936370167423,-0.06511899083852768,-4.315118789672852,base,Yes
3161,0,1,0.9840936080549317,-0.06288720667362213,-4.187887191772461,base,Yes
3162,0,1,0.9933071492490766,-0.048922035843133926,-5.048922061920166,base,Yes
3163,0,1,0.9933071485803964,-0.054807260632514954,-5.054807186126709,base,Yes
3164,0,1,0.9399133561377042,-0.1166776493191719,-2.866677761077881,base,Yes
3165,0,1,0.9914225165504194,-0.056292302906513214,-4.806292533874512,base,Yes
3166,0,1,0.8670357666736773,-0.21122115850448608,-2.086221218109131,base,Yes
3167,0,1,0.979667646212118,-0.0761115774512291,-3.9511115550994873,base,Yes
3168,0,1,0.9890130560740511,-0.0650244951248169,-4.565024375915527,base,Yes
3169,0,1,0.9626731097108832,-0.114918552339077,-3.3649184703826904,base,Yes
3170,0,1,0.9890130563978902,-0.06577453017234802,-4.565774440765381,base,Yes
3171,0,1,0.9940889312532076,-0.05474327132105827,-5.17974328994751,base,Yes
3172,0,1,0.9740426403532982,-0.08622322231531143,-3.7112231254577637,base,Yes
3173,0,1,0.9959298614233622,-0.043834421783685684,-5.543834209442139,base,Yes
3174,0,1,0.8354835330070839,-0.23514249920845032,-1.860142469406128,base,Yes
3175,0,1,0.9740426397881662,-0.06945669651031494,-3.6944565773010254,base,Yes
3176,0,1,0.9933071478869497,-0.06342953443527222,-5.063429355621338,base,Yes
3177,0,1,0.9902915224798687,-0.05715857818722725,-4.682158470153809,base,Yes
3178,0,1,0.9902915237334206,-0.058155037462711334,-4.683155059814453,base,Yes
3179,0,1,0.9770226294209299,-0.06658557057380676,-3.8165855407714844,base,Yes
3180,0,1,0.9940889311218658,-0.05198526754975319,-5.176985263824463,base,Yes
3181,0,1,0.9820137874059599,-0.05636802315711975,-4.056367874145508,base,Yes
3182,0,1,0.9626731118526922,-0.1057901605963707,-3.355790138244629,base,Yes
3183,0,1,0.8807970779778823,-0.18120646476745605,-2.181206464767456,base,Yes
3184,0,1,0.9933071502149484,-0.05959445983171463,-5.059594631195068,base,Yes
3185,0,1,0.9890130561145309,-0.05748378857970238,-4.557483673095703,base,Yes
3186,0,1,0.9796676448764484,-0.0668698251247406,-3.9418697357177734,base,Yes
3187,0,1,0.9399133473013074,-0.1277342289686203,-2.8777341842651367,base,Yes
3188,0,1,0.9770226304244968,-0.07046197354793549,-3.8204619884490967,base,Yes
3189,0,1,0.946596667563714,-0.11942296475172043,-2.9944229125976562,base,Yes
3190,0,1,0.9964063968449983,-0.03572909161448479,-5.660728931427002,base,Yes
3191,0,1,0.9149009480320036,-0.16361817717552185,-2.5386180877685547,base,Yes
3192,0,1,0.9933071475649925,-0.025607813149690628,-5.025607585906982,base,Yes
3193,0,1,0.9770226290864076,-0.08557657897472382,-3.8355765342712402,base,Yes
3194,0,1,0.8175744673038221,-0.327975332736969,-1.8279752731323242,base,Yes
3195,0,1,0.9947798754864847,-0.037916433066129684,-5.287916660308838,base,Yes
3196,0,1,0.9740426412951848,-0.0811036229133606,-3.706103563308716,base,Yes
3197,0,1,0.9859363712005087,-0.0663830116391182,-4.316382884979248,base,Yes
3198,0,1,0.9984988177991024,-0.04684921354055405,-6.546849250793457,base,Yes
3199,0,1,0.9324533051062237,-0.13184314966201782,-2.756843090057373,base,Yes
3200,0,1,0.992422758564058,-0.06190016120672226,-4.9369001388549805,base,Yes
3201,0,1,0.9953904274616762,-0.04542024806141853,-5.420420169830322,base,Yes
3202,0,1,0.9933071481346094,-0.052454136312007904,-5.052453994750977,base,Yes
3203,0,1,0.994779873223123,-0.0357801616191864,-5.28577995300293,base,Yes
3204,0,1,0.9924227602448701,-0.042475976049900055,-4.917476177215576,base,Yes
3205,0,1,0.9914225158534696,-0.06027922034263611,-4.810279369354248,base,Yes
3206,0,1,0.9914225143011722,-0.04427245631814003,-4.794272422790527,base,Yes
3207,0,1,0.9796676473993798,-0.0954403504729271,-3.97044038772583,base,Yes
3208,0,1,0.9875683463111955,-0.10168003290891647,-4.476679801940918,base,Yes
3209,0,1,0.9890130556692526,-0.056742824614048004,-4.5567426681518555,base,Yes
3210,0,1,0.9740426444975988,-0.09602086991071701,-3.7210209369659424,base,Yes
3211,0,1,0.9241418137109955,-0.148932546377182,-2.648932456970215,base,Yes
3212,0,1,0.98593637543616,-0.059559643268585205,-4.3095598220825195,base,Yes
3213,0,1,0.9924227600767889,-0.05643731355667114,-4.9314374923706055,base,Yes
3214,0,1,0.8519527906914787,-0.3197425305843353,-2.069742441177368,base,Yes
3215,0,1,0.9740426416719393,-0.11774234473705292,-3.7427423000335693,base,Yes
3216,0,1,0.9840936088713189,-0.08046003431081772,-4.205460071563721,base,Yes
3217,0,1,0.9241418241572634,-0.12067431211471558,-2.6206743717193604,base,Yes
3218,0,1,0.9914225147130061,-0.06582163274288177,-4.815821647644043,base,Yes
3219,0,1,0.9953904287265462,-0.0350673608481884,-5.410067558288574,base,Yes
3220,0,1,0.9971990735115109,-0.03848440200090408,-5.913484573364258,base,Yes
3221,0,1,0.9890130552644538,-0.07544918358325958,-4.575448989868164,base,Yes
3222,0,1,0.8175744761936437,-0.29091715812683105,-1.790917158126831,base,Yes
3223,0,1,0.9875683514793386,-0.0529821403324604,-4.427982330322266,base,Yes
3224,0,1,0.9947798747900659,-0.03524437174201012,-5.285244464874268,base,Yes
3225,0,1,0.979667647844603,-0.09091919660568237,-3.965919256210327,base,Yes
3226,0,1,0.982013787142765,-0.10551182925701141,-4.105511665344238,base,Yes
3227,0,1,0.9890130563978902,-0.06371602416038513,-4.563715934753418,base,Yes
3228,0,1,0.9669140185126972,-0.08974871784448624,-3.4647486209869385,base,Yes
3229,0,1,0.9953904278719042,-0.05788945034146309,-5.432889461517334,base,Yes
3230,0,1,0.996406397938805,-0.03766045346856117,-5.662660598754883,base,Yes
3231,0,1,0.904650536386234,-0.17975281178951263,-2.429752826690674,base,Yes
3232,0,1,0.9820137891167265,-0.08050590008497238,-4.080505847930908,base,Yes
3233,0,1,0.9902915241632099,-0.0698360726237297,-4.694836139678955,base,Yes
3234,0,1,0.9953904286752676,-0.06499176472425461,-5.4399919509887695,base,Yes
3235,0,1,0.9953904279402757,-0.053595516830682755,-5.428595542907715,base,Yes
3236,0,1,0.8354835452961425,-0.26105087995529175,-1.8860509395599365,base,Yes
3237,0,1,0.9859363713038174,-0.07223331928253174,-4.322233200073242,base,Yes
3238,0,1,0.9933071484070348,-0.045353036373853683,-5.045352935791016,base,Yes
3239,0,1,0.939913356558485,-0.14268624782562256,-2.892686367034912,base,Yes
3240,0,1,0.9859363709938916,-0.05070652812719345,-4.300706386566162,base,Yes
3241,0,1,0.9626731158685837,-0.11013880372047424,-3.3601388931274414,base,Yes
3242,0,1,0.9940889312750979,-0.08177755028009415,-5.206777572631836,base,Yes
3243,0,1,0.9940889321069286,-0.06486876308917999,-5.189868927001953,base,Yes
3244,0,1,0.9924227596565859,-0.04206549748778343,-4.917065620422363,base,Yes
3245,0,1,0.9940889300492419,-0.09161395579576492,-5.21661376953125,base,Yes
3246,0,1,0.9953904272223764,-0.041175972670316696,-5.416175842285156,base,Yes
3247,0,1,0.9914225159168286,-0.061745963990688324,-4.811746120452881,base,Yes
3248,0,1,0.9978172835222008,-0.03888465464115143,-6.16388463973999,base,Yes
3249,0,1,0.9399133439350607,-0.1887591928243637,-2.9387590885162354,base,Yes
3250,0,1,0.9914225158851491,-0.0524042509496212,-4.802404403686523,base,Yes
3251,0,1,0.9902915249153408,-0.0578216053545475,-4.682821750640869,base,Yes
3252,0,1,0.9859363714071259,-0.07335435599088669,-4.323354244232178,base,Yes
3253,0,1,0.9975273774130499,-0.048347242176532745,-6.048347473144531,base,Yes
3254,0,1,0.9740426407300528,-0.06303104013204575,-3.688030958175659,base,Yes
3255,0,1,0.8519528132451416,-0.3739568293094635,-2.1239569187164307,base,Yes
3256,0,1,0.9947798748287557,-0.049657244235277176,-5.299657344818115,base,Yes
3257,0,1,0.9947798733391929,-0.04389876872301102,-5.293898582458496,base,Yes
3258,0,1,0.9525741248028792,-0.13110332190990448,-3.131103277206421,base,Yes
3259,0,1,0.9579122678790578,-0.14808665215969086,-3.2730865478515625,base,Yes
3260,0,1,0.9947798739582321,-0.051569052040576935,-5.301568984985352,base,Yes
3261,0,1,0.9933071498434592,-0.04357755556702614,-5.043577671051025,base,Yes
3262,0,1,0.9914225140477358,-0.0545082725584507,-4.804508209228516,base,Yes
3263,0,1,0.9706877724285167,-0.07987821847200394,-3.579878330230713,base,Yes
3264,0,1,0.9796676459153025,-0.07794693857431412,-3.952946901321411,base,Yes
3265,0,1,0.9940889297865585,-0.06149601191282272,-5.186495780944824,base,Yes
3266,0,1,0.9796676447280407,-0.06697473675012589,-3.941974639892578,base,Yes
3267,0,1,0.9399133447766225,-0.14751943945884705,-2.89751935005188,base,Yes
3268,0,1,0.9890130555073332,-0.07348649948835373,-4.573486328125,base,Yes
3269,0,1,0.9770226289191464,-0.09090929478406906,-3.840909242630005,base,Yes
3270,0,1,0.8354835330070839,-0.26013270020484924,-1.8851326704025269,base,Yes
3271,0,1,0.9971990724814119,-0.027996260672807693,-5.902996063232422,base,Yes
3272,0,1,0.9890130562764506,-0.05493364855647087,-4.554933547973633,base,Yes
3273,0,1,0.9964063982322651,-0.04254795238375664,-5.667548179626465,base,Yes
3274,0,1,0.9669140194661121,-0.06972534209489822,-3.444725275039673,base,Yes
3275,0,1,0.9399133473013074,-0.12377099692821503,-2.8737709522247314,base,Yes
3276,0,1,0.9399133439350607,-0.12634240090847015,-2.876342296600342,base,Yes
3277,0,1,0.9890130567622089,-0.04360586032271385,-4.543605804443359,base,Yes
3278,0,1,0.9890130576932457,-0.057175129652023315,-4.557175159454346,base,Yes
3279,0,1,0.9959298623294062,-0.055333126336336136,-5.555333137512207,base,Yes
3280,0,1,0.9902915225156844,-0.08302651345729828,-4.70802640914917,base,Yes
3281,0,1,0.8807970842359877,-0.32520216703414917,-2.325202226638794,base,Yes
3282,0,1,0.9669140239948331,-0.15519683063030243,-3.5301969051361084,base,Yes
3283,0,1,0.9796676447280407,-0.09207472950220108,-3.9670746326446533,base,Yes
3284,0,1,0.9465966717067252,-0.12520667910575867,-3.000206708908081,base,Yes
3285,0,1,0.9902915240199466,-0.06971878558397293,-4.694718837738037,base,Yes
3286,0,1,0.9947798748094108,-0.04302491992712021,-5.293025016784668,base,Yes
3287,0,1,0.9902915226589475,-0.07587966322898865,-4.7008795738220215,base,Yes
3288,0,1,0.9525741234565097,-0.10626180469989777,-3.106261730194092,base,Yes
3289,0,1,0.9959298618612834,-0.03126917779445648,-5.531269073486328,base,Yes
3290,0,1,0.9971990731889547,-0.045732442289590836,-5.920732498168945,base,Yes
3291,0,1,0.9796676468057489,-0.07714914530515671,-3.9521491527557373,base,Yes
3292,0,1,0.9324533060447605,-0.13973383605480194,-2.7647337913513184,base,Yes
3293,0,1,0.9399133523506772,-0.16279788315296173,-2.9127979278564453,base,Yes
3294,0,1,0.9740426424254486,-0.15140725672245026,-3.776407241821289,base,Yes
3295,0,1,0.994088931909916,-0.030482161790132523,-5.155482292175293,base,Yes
3296,0,1,0.9980732649928094,-0.032589614391326904,-6.282589435577393,base,Yes
3297,0,1,0.9875683499243224,-0.05814975127577782,-4.433149814605713,base,Yes
3298,0,1,0.9924227580598144,-0.05624350905418396,-4.931243419647217,base,Yes
3299,0,1,0.9770226304244968,-0.09452484548091888,-3.84452486038208,base,Yes
3300,0,1,0.9859363755394686,-0.09261732548475266,-4.342617511749268,base,Yes
3301,0,1,0.9971990724293867,-0.052884794771671295,-5.927884578704834,base,Yes
3302,0,1,0.9706877698846185,-0.08481190353631973,-3.5848119258880615,base,Yes
3303,0,1,0.9924227582839227,-0.06393533945083618,-4.938935279846191,base,Yes
3304,0,1,0.9940889297865585,-0.04884790629148483,-5.173847675323486,base,Yes
3305,0,1,0.985936370529003,-0.058358367532491684,-4.308358192443848,base,Yes
3306,0,1,0.9796676448764484,-0.08089980483055115,-3.955899715423584,base,Yes
3307,0,1,0.9706877709445761,-0.0764884352684021,-3.576488494873047,base,Yes
3308,0,1,0.9902915229454736,-0.06486374139785767,-4.689863681793213,base,Yes
3309,0,1,0.9978172838061735,-0.04648149386048317,-6.171481609344482,base,Yes
3310,0,1,0.9902915212263165,-0.06834530830383301,-4.693345069885254,base,Yes
3311,0,1,0.9840936101542134,-0.05665147304534912,-4.181651592254639,base,Yes
3312,0,1,0.990291525631656,-0.0489971823990345,-4.673997402191162,base,Yes
3313,0,1,0.9924227576396112,-0.05366816744208336,-4.928668022155762,base,Yes
3314,0,1,0.9840936075884248,-0.0978885143995285,-4.222888469696045,base,Yes
3315,0,1,0.9840936109706004,-0.07157356292009354,-4.196573734283447,base,Yes
3316,0,1,0.9875683472259114,-0.07627693563699722,-4.451276779174805,base,Yes
3317,0,1,0.9840936114371074,-0.07763747125864029,-4.202637672424316,base,Yes
3318,0,1,0.9947798736100227,-0.0558248907327652,-5.3058247566223145,base,Yes
3319,0,1,0.9947798741516819,-0.04562857747077942,-5.295628547668457,base,Yes
3320,0,1,0.9525741261492485,-0.1295647770166397,-3.1295647621154785,base,Yes
3321,0,1,0.9840936066554105,-0.10127268731594086,-4.2262725830078125,base,Yes
3322,0,1,0.9975273773257596,-0.029588980600237846,-6.0295891761779785,base,Yes
3323,0,1,0.9399133531922388,-0.1549956202507019,-2.9049956798553467,base,Yes
3324,0,1,0.9890130585028429,-0.07214392721652985,-4.572144031524658,base,Yes
3325,0,1,0.9706877690366521,-0.08350683003664017,-3.5835068225860596,base,Yes
3326,0,1,0.9626731156008578,-0.08637730032205582,-3.3363773822784424,base,Yes
3327,0,1,0.9859363704773486,-0.09077757596969604,-4.340777397155762,base,Yes
3328,0,1,0.998674977338774,-0.017563527449965477,-6.642563343048096,base,Yes
3329,0,1,0.9959298614384627,-0.03480455279350281,-5.534804344177246,base,Yes
3330,0,1,0.9525741274956179,-0.11655639111995697,-3.116556406021118,base,Yes
3331,0,1,0.9968273167922832,-0.05194961652159691,-5.801949501037598,base,Yes
3332,0,1,0.9859363708389287,-0.05073610320687294,-4.300735950469971,base,Yes
3333,0,1,0.9975273770730769,-0.036606695502996445,-6.036606788635254,base,Yes
3334,0,1,0.9770226309262801,-0.07734104245901108,-3.827341079711914,base,Yes
3335,0,1,0.9324533060447605,-0.14369730651378632,-2.7686972618103027,base,Yes
3336,0,1,0.9706877664927535,-0.07394871860742569,-3.573948621749878,base,Yes
3337,0,1,0.9796676456184871,-0.08494430035352707,-3.959944248199463,base,Yes
3338,0,1,0.9914225126855153,-0.06915782392024994,-4.819157600402832,base,Yes
3339,0,1,0.9914225164870603,-0.05328203737735748,-4.803282260894775,base,Yes
3340,0,1,0.9324533022906132,-0.17776738107204437,-2.802767276763916,base,Yes
3341,0,1,0.8354835330070839,-0.28432217240333557,-1.9093221426010132,base,Yes
3342,0,1,0.9859363703740401,-0.10551805049180984,-4.355517864227295,base,Yes
3343,0,1,0.9465966645506146,-0.1239079162478447,-2.9989078044891357,base,Yes
3344,0,1,0.993307149942523,-0.0509403832256794,-5.05094051361084,base,Yes
3345,0,1,0.9740426441208441,-0.08980483561754227,-3.7148048877716064,base,Yes
3346,0,1,0.9796676476961953,-0.07933229953050613,-3.9543323516845703,base,Yes
3347,0,1,0.984093611845301,-0.05851961299777031,-4.1835198402404785,base,Yes
3348,0,1,0.9902915224798687,-0.054664719849824905,-4.679664611816406,base,Yes
3349,0,1,0.9940889298741196,-0.06959936767816544,-5.194599151611328,base,Yes
3350,0,1,0.9706877717925421,-0.12811079621315002,-3.628110885620117,base,Yes
3351,0,1,0.9840936053725161,-0.06171435862779617,-4.186714172363281,base,Yes
3352,0,1,0.9820137891167265,-0.096989206969738,-4.096989154815674,base,Yes
3353,0,1,0.9465966702001757,-0.17399072647094727,-3.0489907264709473,base,Yes
3354,0,1,0.982013788985129,-0.06296354532241821,-4.062963485717773,base,Yes
3355,0,1,0.9820137870111676,-0.08209913223981857,-4.082098960876465,base,Yes
3356,0,1,0.9890130570860479,-0.05724909529089928,-4.557249069213867,base,Yes
3357,0,1,0.9796676454700793,-0.06533151865005493,-3.94033145904541,base,Yes
3358,0,1,0.9875683513421315,-0.06301671266555786,-4.438016891479492,base,Yes
3359,0,1,0.9890130591100408,-0.05525811389088631,-4.555258274078369,base,Yes
3360,0,1,0.9914225128597528,-0.02872535027563572,-4.7787251472473145,base,Yes
3361,0,1,0.9890130585028429,-0.07062472403049469,-4.570624828338623,base,Yes
3362,0,1,0.9914225130023108,-0.053837962448596954,-4.803837776184082,base,Yes
3363,0,1,0.994088931581562,-0.0317033976316452,-5.156703472137451,base,Yes
3364,0,1,0.991422514586288,-0.063690185546875,-4.813690185546875,base,Yes
3365,0,1,0.9971990731265243,-0.04905983433127403,-5.924059867858887,base,Yes
3366,0,1,0.9982992774304421,-0.03275022283196449,-6.407750129699707,base,Yes
3367,0,1,0.9875683485522491,-0.05699925497174263,-4.431999206542969,base,Yes
3368,0,1,0.9902915230171051,-0.07863765209913254,-4.703637599945068,base,Yes
3369,0,1,0.9149009561531425,-0.15952633321285248,-2.5345263481140137,base,Yes
3370,0,1,0.9770226275810572,-0.08703195303678513,-3.837031841278076,base,Yes
3371,0,1,0.9579122759893238,-0.10517611354589462,-3.2301762104034424,base,Yes
3372,0,1,0.9859363709938916,-0.07823481410741806,-4.328234672546387,base,Yes
3373,0,1,0.9840936052558893,-0.09100170433521271,-4.216001510620117,base,Yes
3374,0,1,0.9924227591803558,-0.06094926595687866,-4.935949325561523,base,Yes
3375,0,1,0.995929862842831,-0.04165874049067497,-5.541658878326416,base,Yes
3376,0,1,0.9953904269830766,-0.04065817967057228,-5.415657997131348,base,Yes
3377,0,1,0.9706877669167365,-0.0842336043715477,-3.584233522415161,base,Yes
3378,0,1,0.9149009596336303,-0.17231744527816772,-2.5473175048828125,base,Yes
3379,0,1,0.9914225164237013,-0.05402161926031113,-4.804021835327148,base,Yes
3380,0,1,0.679178699175393,-0.5236755609512329,-1.273675560951233,base,Yes
3381,0,1,0.9924227600487753,-0.05326158180832863,-4.928261756896973,base,Yes
3382,0,1,0.9890130587052423,-0.06054103001952171,-4.560541152954102,base,Yes
3383,0,1,0.9980732652220515,-0.035514891147613525,-6.285514831542969,base,Yes
3384,0,1,0.9890130565193297,-0.042285043746232986,-4.542284965515137,base,Yes
3385,0,1,0.9579122750881832,-0.09411685168743134,-3.2191169261932373,base,Yes
3386,0,1,0.9241418220680101,-0.13017627596855164,-2.630176305770874,base,Yes
3387,0,1,0.9953904268463337,-0.0436236597597599,-5.418623447418213,base,Yes
3388,0,1,0.9947798753897598,-0.05381706357002258,-5.303817272186279,base,Yes
3389,0,1,0.9988304900047479,-0.04582525044679642,-6.795825481414795,base,Yes
3390,0,1,0.9968273167333749,-0.05151142179965973,-5.801511287689209,base,Yes
3391,0,1,0.9968273178997596,-0.05734849348664284,-5.807348728179932,base,Yes
3392,0,1,0.9914225149664425,-0.06273360550403595,-4.8127336502075195,base,Yes
3393,0,1,0.9968273169807897,-0.03366571292281151,-5.783665657043457,base,Yes
3394,0,1,0.8933093946927838,-0.3545595407485962,-2.4795594215393066,base,Yes
3395,0,1,0.9940889321288189,-0.046344589442014694,-5.171344757080078,base,Yes
3396,0,1,0.9840936056057696,-0.0545765683054924,-4.179576396942139,base,Yes
3397,0,1,0.9890130554263733,-0.08545225858688354,-4.585452079772949,base,Yes
3398,0,1,0.9875683464941386,-0.04424736648797989,-4.419247150421143,base,Yes
3399,0,1,0.9840936085214388,-0.09214256703853607,-4.217142581939697,base,Yes
3400,0,1,0.9890130584623629,-0.05194701626896858,-4.551947116851807,base,Yes
3401,0,1,0.9914225156000332,-0.05468785762786865,-4.804687976837158,base,Yes
3402,0,1,0.979667646212118,-0.0757458433508873,-3.9507458209991455,base,Yes
3403,0,1,0.9933071493976723,-0.04829544946551323,-5.048295497894287,base,Yes
3404,0,1,0.9770226297554521,-0.11247874796390533,-3.862478733062744,base,Yes
3405,0,1,0.9740426418603167,-0.07487539201974869,-3.6998753547668457,base,Yes
3406,0,1,0.9933071480107795,-0.05641714856028557,-5.056416988372803,base,Yes
3407,0,1,0.9875683501530014,-0.05488196760416031,-4.429882049560547,base,Yes
3408,0,1,0.9740426435557125,-0.08409091830253601,-3.7090909481048584,base,Yes
3409,0,1,0.9947798749254807,-0.04094874858856201,-5.290948867797852,base,Yes
3410,0,1,0.9875683489638711,-0.07342292368412018,-4.448422908782959,base,Yes
3411,0,1,0.9947798751382753,-0.04517586901783943,-5.295176029205322,base,Yes
3412,0,1,0.9740426428022031,-0.07716250419616699,-3.702162504196167,base,Yes
3413,0,1,0.9890130582599637,-0.073480524122715,-4.573480606079102,base,Yes
3414,0,1,0.9796676450248561,-0.08062490075826645,-3.95562481880188,base,Yes
3415,0,1,0.9796676460637103,-0.10500290989875793,-3.9800028800964355,base,Yes
3416,0,1,0.9914225150298016,-0.0625881627202034,-4.812588214874268,base,Yes
3417,0,1,0.9968273164270514,-0.040628187358379364,-5.790627956390381,base,Yes
3418,0,1,0.9947798743257866,-0.06198453530669212,-5.311984539031982,base,Yes
3419,0,1,0.9820137917486748,-0.07777347415685654,-4.077773571014404,base,Yes
3420,0,1,0.9953904284872463,-0.055049750953912735,-5.430049896240234,base,Yes
3421,0,1,0.9324533069832973,-0.14323142170906067,-2.7682313919067383,base,Yes
3422,0,1,0.9914225152515583,-0.03760902211070061,-4.787609100341797,base,Yes
3423,0,1,0.9902915251660511,-0.06788093596696854,-4.692881107330322,base,Yes
3424,0,1,0.9924227587321393,-0.05912971496582031,-4.93412971496582,base,Yes
3425,0,1,0.9940889305746089,-0.07542143017053604,-5.200421333312988,base,Yes
3426,0,1,0.9947798749835155,-0.036849845200777054,-5.2868499755859375,base,Yes
3427,0,1,0.9953904279915542,-0.03213592618703842,-5.407135963439941,base,Yes
3428,0,1,0.9924227603569241,-0.04920079559087753,-4.924201011657715,base,Yes
3429,0,1,0.9980732657056092,-0.031120585277676582,-6.281120777130127,base,Yes
3430,0,1,0.9626731118526922,-0.11739756911993027,-3.3673975467681885,base,Yes
3431,0,1,0.9626731153331315,-0.13841716945171356,-3.3884172439575195,base,Yes
3432,0,1,0.9902915237334206,-0.08379409462213516,-4.708794116973877,base,Yes
3433,0,1,0.997527376898496,-0.04939744621515274,-6.0493974685668945,base,Yes
3434,0,1,0.9914225133191062,-0.16437307000160217,-4.91437292098999,base,Yes
3435,0,1,0.9988304895739326,-0.034947533160448074,-6.784947395324707,base,Yes
3436,0,1,0.9933071486051623,-0.04342324659228325,-5.043423175811768,base,Yes
3437,0,1,0.9859363710455459,-0.061195988208055496,-4.3111958503723145,base,Yes
3438,0,1,0.9968273165330864,-0.03700276091694832,-5.7870025634765625,base,Yes
3439,0,1,0.990291523661789,-0.07061527669429779,-4.695615291595459,base,Yes
3440,0,1,0.9796676482898262,-0.0891825333237648,-3.9641826152801514,base,Yes
3441,0,1,0.94659667246,-0.20836015045642853,-3.083360195159912,base,Yes
3442,0,1,0.9875683485522491,-0.05384688451886177,-4.428846836090088,base,Yes
3443,0,1,0.9940889313188784,-0.07317587733268738,-5.19817590713501,base,Yes
3444,0,1,0.979667646212118,-0.1008002981543541,-3.9758002758026123,base,Yes
3445,0,1,0.9978172831814337,-0.03901880234479904,-6.164018630981445,base,Yes
3446,0,1,0.992422758508031,-0.03353741765022278,-4.9085373878479,base,Yes
3447,0,1,0.9875683517994891,-0.073533795773983,-4.44853401184082,base,Yes
3448,0,1,0.9579122720843811,-0.14333295822143555,-3.2683329582214355,base,Yes
3449,0,1,0.993307149967289,-0.05314956605434418,-5.053149700164795,base,Yes
3450,0,1,0.9914225145546084,-0.062242988497018814,-4.8122429847717285,base,Yes
3451,0,1,0.9840936054891429,-0.0760461688041687,-4.201045989990234,base,Yes
3452,0,1,0.7981867825403176,-0.3605594336986542,-1.7355594635009766,base,Yes
3453,0,1,0.9914225142061334,-0.08142904937267303,-4.8314290046691895,base,Yes
3454,0,1,0.9875683486894564,-0.0781584158539772,-4.453158378601074,base,Yes
3455,0,1,0.9840936084048121,-0.06778859347105026,-4.192788600921631,base,Yes
3456,0,1,0.9940889316034522,-0.051881711930036545,-5.176881790161133,base,Yes
3457,0,1,0.98593637543616,-0.08816272020339966,-4.338162899017334,base,Yes
3458,0,1,0.9947798755445195,-0.05832362174987793,-5.308323860168457,base,Yes
3459,0,1,0.9914225151565197,-0.06404011696577072,-4.814040184020996,base,Yes
3460,0,1,0.9959298631750471,-0.03221442177891731,-5.532214641571045,base,Yes
3461,0,1,0.9706877711565677,-0.08159320801496506,-3.5815932750701904,base,Yes
3462,0,1,0.9902915239483151,-0.041863396763801575,-4.666863441467285,base,Yes
3463,0,1,0.7310585903489892,-0.4656478762626648,-1.4656479358673096,base,Yes
3464,0,1,0.98409360595565,-0.08454957604408264,-4.209549427032471,base,Yes
3465,0,1,0.9933071500168209,-0.0631936565041542,-5.0631937980651855,base,Yes
3466,0,1,0.9890130579361248,-0.06704229861497879,-4.567042350769043,base,Yes
3467,0,1,0.9924227581438548,-0.055997926741838455,-4.930997848510742,base,Yes
3468,0,1,0.9770226294209299,-0.07270076870918274,-3.8227007389068604,base,Yes
3469,0,1,0.9968273170514798,-0.04933980479836464,-5.799339771270752,base,Yes
3470,0,1,0.679178699175393,-0.538524866104126,-1.288524866104126,base,Yes
3471,0,1,0.9982992775442905,-0.03963759168982506,-6.414637565612793,base,Yes
3472,0,1,0.9324533088603709,-0.15731239318847656,-2.7823123931884766,base,Yes
3473,0,1,0.9820137933936424,-0.0551178939640522,-4.055118083953857,base,Yes
3474,0,1,0.9890130586647624,-0.06818664073944092,-4.5681867599487305,base,Yes
3475,0,1,0.9875683507933021,-0.06359611451625824,-4.438596248626709,base,Yes
3476,0,1,0.996406396925033,-0.038017887622117996,-5.663017749786377,base,Yes
3477,0,1,0.997527376797423,-0.04775859788060188,-6.04775857925415,base,Yes
3478,0,1,0.9924227572474216,-0.04361601546406746,-4.918615818023682,base,Yes
3479,0,1,0.9626731150654055,-0.08986585587263107,-3.3398659229278564,base,Yes
3480,0,1,0.9968273178526331,-0.04694487527012825,-5.796945095062256,base,Yes
3481,0,1,0.987568351616546,-0.07811001688241959,-4.453110218048096,base,Yes
3482,0,1,0.9579122708828604,-0.18110373616218567,-3.3061037063598633,base,Yes
3483,0,1,0.977022631929847,-0.11663690954446793,-3.8666369915008545,base,Yes
3484,0,1,0.9740426444975988,-0.10232441872358322,-3.7273244857788086,base,Yes
3485,0,1,0.9840936060722768,-0.10212530940771103,-4.22712516784668,base,Yes
3486,0,1,0.9947798747513759,-0.05831709876656532,-5.308317184448242,base,Yes
3487,0,1,0.9669140201811735,-0.11288027465343475,-3.487880229949951,base,Yes
3488,0,1,0.993307149967289,-0.04455171525478363,-5.044551849365234,base,Yes
3489,0,1,0.9902915226947633,-0.054127778857946396,-4.6791276931762695,base,Yes
3490,0,1,0.9914225141427745,-0.04641776531934738,-4.796417713165283,base,Yes
3491,0,1,0.9914225142061334,-0.054463908076286316,-4.804463863372803,base,Yes
3492,0,1,0.9840936079966184,-0.04810335114598274,-4.173103332519531,base,Yes
3493,0,1,0.9890130568836484,-0.07995371520519257,-4.579953670501709,base,Yes
3494,0,1,0.9740426441208441,-0.07437963038682938,-3.6993796825408936,base,Yes
3495,0,1,0.9890130591505206,-0.09596617519855499,-4.595966339111328,base,Yes
3496,0,1,0.9980732656518804,-0.038756683468818665,-6.288756847381592,base,Yes
3497,0,1,0.9914225149664425,-0.05234904587268829,-4.802349090576172,base,Yes
3498,0,1,0.9902915240915781,-0.06221050024032593,-4.687210559844971,base,Yes
3499,0,1,0.9770226275810572,-0.07668697088956833,-3.8266868591308594,base,Yes
3500,0,1,0.8354835289107309,-0.27986985445022583,-1.904869794845581,base,Yes
3501,0,1,0.9964063980988742,-0.04439573362469673,-5.669395923614502,base,Yes
3502,0,1,0.9579122711832406,-0.10633137077093124,-3.2313313484191895,base,Yes
3503,0,1,0.9940889323477216,-0.0599086619913578,-5.184908866882324,base,Yes
3504,0,1,0.9924227574715299,-0.061144519597291946,-4.9361443519592285,base,Yes
3505,0,1,0.9914225142378131,-0.04357675835490227,-4.793576717376709,base,Yes
3506,0,1,0.9975273767331037,-0.049436137080192566,-6.049436092376709,base,Yes
3507,0,1,0.9968273172282047,-0.0423259511590004,-5.792325973510742,base,Yes
3508,0,1,0.9933071478374179,-0.04588241130113602,-5.045882225036621,base,Yes
3509,0,1,0.9947798738808522,-0.04306419938802719,-5.293064117431641,base,Yes
3510,0,1,0.9770226277483183,-0.07721172273159027,-3.827211618423462,base,Yes
3511,0,1,0.880797071719777,-0.26594382524490356,-2.265943765640259,base,Yes
3512,0,1,0.9796676490318648,-0.07125890254974365,-3.946259021759033,base,Yes
3513,0,1,0.9902915217635531,-0.0522581972181797,-4.677258014678955,base,Yes
3514,0,1,0.9796676451732639,-0.0912216454744339,-3.966221570968628,base,Yes
3515,0,1,0.9968273168629731,-0.036109063774347305,-5.78610897064209,base,Yes
3516,0,1,0.9875683482320986,-0.055104807019233704,-4.430104732513428,base,Yes
3517,0,1,0.9796676454700793,-0.10108834505081177,-3.976088285446167,base,Yes
3518,0,1,0.9933071500168209,-0.04661212116479874,-5.04661226272583,base,Yes
3519,0,1,0.982013794117428,-0.087264783680439,-4.0872650146484375,base,Yes
3520,0,1,0.9959298631297449,-0.043952733278274536,-5.543952941894531,base,Yes
3521,0,1,0.9914225164870603,-0.06226135790348053,-4.812261581420898,base,Yes
3522,0,1,0.9914225139843768,-0.04567105695605278,-4.795670986175537,base,Yes
3523,0,1,0.9859363724402117,-0.09512237459421158,-4.345122337341309,base,Yes
3524,0,1,0.9940889314064396,-0.06504817306995392,-5.1900482177734375,base,Yes
3525,0,1,0.9978172833680442,-0.03731736168265343,-6.162317276000977,base,Yes
3526,0,1,0.9947798735326429,-0.08961597084999084,-5.339615821838379,base,Yes
3527,0,1,0.9902915225515002,-0.051206689327955246,-4.676206588745117,base,Yes
3528,0,1,0.9149009584734678,-0.17045541107654572,-2.5454554557800293,base,Yes
3529,0,1,0.989013055547813,-0.05469338968396187,-4.554693222045898,base,Yes
3530,0,1,0.996827317004353,-0.053682852536439896,-5.803682804107666,base,Yes
3531,0,1,0.9924227595445319,-0.061976801604032516,-4.936976909637451,base,Yes
3532,0,1,0.9875683509762452,-0.07947048544883728,-4.454470634460449,base,Yes
3533,0,1,0.9399133557169234,-0.19504322111606598,-2.9450433254241943,base,Yes
3534,0,1,0.9525741254760638,-0.11088255047798157,-3.110882520675659,base,Yes
3535,0,1,0.9924227594324776,-0.04233589395880699,-4.9173359870910645,base,Yes
3536,0,1,0.9933071484565666,-0.042816732078790665,-5.042816638946533,base,Yes
3537,0,1,0.9859363740931487,-0.08120957762002945,-4.331209659576416,base,Yes
3538,0,1,0.9940889298084488,-0.043125856667757034,-5.168125629425049,base,Yes
3539,0,1,0.9740426422370712,-0.08517958968877792,-3.710179567337036,base,Yes
3540,0,1,0.9940889305964992,-0.056342218071222305,-5.181342124938965,base,Yes
3541,0,1,0.993307149496736,-0.055772241204977036,-5.055772304534912,base,Yes
3542,0,1,0.9890130575313263,-0.06732653081417084,-4.567326545715332,base,Yes
3543,0,1,0.9890130561550109,-0.05916892737150192,-4.559168815612793,base,Yes
3544,0,1,0.9740426454394852,-0.14669622480869293,-3.7716963291168213,base,Yes
3545,0,1,0.9964063981388915,-0.04694441705942154,-5.671944618225098,base,Yes
3546,0,1,0.9902915218710006,-0.08256452530622482,-4.707564353942871,base,Yes
3547,0,1,0.9964063979521441,-0.06370338797569275,-5.688703536987305,base,Yes
3548,0,1,0.9840936066554105,-0.08138476312160492,-4.206384658813477,base,Yes
3549,0,1,0.9940889319974772,-0.046717021614313126,-5.171717166900635,base,Yes
3550,0,1,0.9875683464026671,-0.05328916013240814,-4.42828893661499,base,Yes
3551,0,1,0.9890130572884471,-0.06478262692689896,-4.564782619476318,base,Yes
3552,0,1,0.9859363707872744,-0.08102051168680191,-4.331020355224609,base,Yes
3553,0,1,0.9740426407300528,-0.0997815951704979,-3.7247815132141113,base,Yes
3554,0,1,0.9525741254760638,-0.17962482571601868,-3.1796247959136963,base,Yes
3555,0,1,0.996827317357803,-0.031825002282857895,-5.781825065612793,base,Yes
3556,0,1,0.9914225152515583,-0.05580369755625725,-4.8058037757873535,base,Yes
3557,0,1,0.987568351021981,-0.053200092166662216,-4.4282002449035645,base,Yes
3558,0,1,0.9859363707872744,-0.05704418569803238,-4.30704402923584,base,Yes
3559,0,1,0.9940889313626591,-0.05298372358083725,-5.17798376083374,base,Yes
3560,0,1,0.9740426441208441,-0.10324377566576004,-3.728243827819824,base,Yes
3561,0,1,0.9924227594044641,-0.0740908682346344,-4.949090957641602,base,Yes
3562,0,1,0.9465966732132748,-0.1519600749015808,-3.0269601345062256,base,Yes
3563,0,1,0.9740426456278624,-0.10093630105257034,-3.7259364128112793,base,Yes
3564,0,1,0.9986749777282087,-0.022010216489434242,-6.647010326385498,base,Yes
3565,0,1,0.9964063972585105,-0.039651915431022644,-5.664651870727539,base,Yes
3566,0,1,0.98593637543616,-0.07043486833572388,-4.320435047149658,base,Yes
3567,0,1,0.7981867777396212,-0.3532019853591919,-1.728201985359192,base,Yes
3568,0,1,0.9971990729392337,-0.03564075008034706,-5.910640716552734,base,Yes
3569,0,1,0.9902915217277373,-0.06743306666612625,-4.692432880401611,base,Yes
3570,0,1,0.9740426418603167,-0.08644203096628189,-3.711441993713379,base,Yes
3571,0,1,0.9820137876691548,-0.07375539839267731,-4.073755264282227,base,Yes
3572,0,1,0.9947798741516819,-0.044251471757888794,-5.294251441955566,base,Yes
3573,0,1,0.989013059029081,-0.05514034256339073,-4.555140495300293,base,Yes
3574,0,1,0.9914225131923879,-0.11224190890789032,-4.862241744995117,base,Yes
3575,0,1,0.9859363698574972,-0.05027221143245697,-4.300271987915039,base,Yes
3576,0,1,0.966914023279772,-0.1198234036564827,-3.494823455810547,base,Yes
3577,0,1,0.996827317357803,-0.042921002954244614,-5.79292106628418,base,Yes
3578,0,1,0.989013057612286,-0.06416366249322891,-4.564163684844971,base,Yes
3579,0,1,0.996406396791642,-0.051953013986349106,-5.676952838897705,base,Yes
3580,0,1,0.9959298627220252,-0.04966677352786064,-5.549666881561279,base,Yes
3581,0,1,0.9902915227305791,-0.08033760637044907,-4.7053375244140625,base,Yes
3582,0,1,0.9796676482898262,-0.06738559156656265,-3.942385673522949,base,Yes
3583,0,1,0.9924227583259428,-0.030714089050889015,-4.90571403503418,base,Yes
3584,0,1,0.9924227590122746,-0.08763834089040756,-4.9626383781433105,base,Yes
3585,0,1,0.9770226314280634,-0.11962193250656128,-3.869621992111206,base,Yes
3586,0,1,0.9914225163603422,-0.05110815167427063,-4.801108360290527,base,Yes
3587,0,1,0.9975273763931305,-0.0316583551466465,-6.031658172607422,base,Yes
3588,0,1,0.9324533032291502,-0.12740358710289001,-2.752403497695923,base,Yes
3589,0,1,0.9902915218710006,-0.04941719025373459,-4.674417018890381,base,Yes
3590,0,1,0.979667648883457,-0.10988987237215042,-3.9848899841308594,base,Yes
3591,0,1,0.9859363696508799,-0.06796669960021973,-4.317966461181641,base,Yes
3592,0,1,0.9706877717925421,-0.13204947113990784,-3.632049560546875,base,Yes
3593,0,1,0.9924227587041257,-0.045804981142282486,-4.920804977416992,base,Yes
3594,0,1,0.9940889306402797,-0.05409344658255577,-5.179093360900879,base,Yes
3595,0,1,0.9740426429905805,-0.1163632795214653,-3.741363286972046,base,Yes
3596,0,1,0.9968273175580915,-0.03345095366239548,-5.783451080322266,base,Yes
3597,0,1,0.9626731094431571,-0.12548527121543884,-3.3754851818084717,base,Yes
3598,0,1,0.987568350610359,-0.07247006893157959,-4.447470188140869,base,Yes
3599,0,1,0.952574130524949,-0.0992533341050148,-3.0992534160614014,base,Yes
3600,0,1,0.998073265351,-0.03413771837949753,-6.284137725830078,base,Yes
3601,0,1,0.9626731110495138,-0.08594398200511932,-3.3359439373016357,base,Yes
3602,0,1,0.9770226300899744,-0.08351778984069824,-3.8335177898406982,base,Yes
3603,0,1,0.9924227583959767,-0.06163601577281952,-4.936635971069336,base,Yes
3604,0,1,0.9046505428129514,-0.23155751824378967,-2.481557607650757,base,Yes
3605,0,1,0.9890130587862019,-0.051380980759859085,-4.5513811111450195,base,Yes
3606,0,1,0.8933094046341532,-0.21554948389530182,-2.3405494689941406,base,Yes
3607,0,1,0.9669140211345884,-0.12527967989444733,-3.500279664993286,base,Yes
3608,0,1,0.9933071506359692,-0.04852509871125221,-5.048525333404541,base,Yes
3609,0,1,0.9770226290864076,-0.08269886672496796,-3.8326988220214844,base,Yes
3610,0,1,0.9840936116703609,-0.06265523284673691,-4.187655448913574,base,Yes
3611,0,1,0.9241418283357702,-0.2063525915145874,-2.706352710723877,base,Yes
3612,0,1,0.9959298621934995,-0.051258109509944916,-5.551258087158203,base,Yes
3613,0,1,0.9953904274103975,-0.040131181478500366,-5.415131092071533,base,Yes
3614,0,1,0.9947798748481008,-0.045488253235816956,-5.295488357543945,base,Yes
3615,0,1,0.9940889301149127,-0.03389471396803856,-5.1588945388793945,base,Yes
3616,0,1,0.998073265322345,-0.050046928226947784,-6.300046920776367,base,Yes
3617,0,1,0.9669140180359896,-0.09233247488737106,-3.467332363128662,base,Yes
3618,0,1,0.9980732653080171,-0.04058457911014557,-6.290584564208984,base,Yes
3619,0,1,0.9875683482320986,-0.07498367130756378,-4.449983596801758,base,Yes
3620,0,1,0.9914225133191062,-0.05490747094154358,-4.804907321929932,base,Yes
3621,0,1,0.9770226284173629,-0.07905443012714386,-3.829054355621338,base,Yes
3622,0,1,0.9924227586761121,-0.055315978825092316,-4.930315971374512,base,Yes
3623,0,1,0.9796676472509721,-0.07676050066947937,-3.9517605304718018,base,Yes
3624,0,1,0.9740426429905805,-0.09399770945310593,-3.7189977169036865,base,Yes
3625,0,1,0.9988304894825476,-0.04897425323724747,-6.79897403717041,base,Yes
3626,0,1,0.9579122753885635,-0.1226610317826271,-3.2476611137390137,base,Yes
3627,0,1,0.9924227577516652,-0.05273688957095146,-4.927736759185791,base,Yes
3628,0,1,0.9669140251866016,-0.10184014588594437,-3.4768402576446533,base,Yes
3629,0,1,0.9241418158002492,-0.16668730974197388,-2.666687250137329,base,Yes
3630,0,1,0.8807970670261975,-0.19914065301418304,-2.1991405487060547,base,Yes
3631,0,1,0.9626731099786093,-0.09214289486408234,-3.3421428203582764,base,Yes
3632,0,1,0.9770226309262801,-0.09506579488515854,-3.8450658321380615,base,Yes
3633,0,1,0.9968273165919947,-0.049230754375457764,-5.799230575561523,base,Yes
3634,0,1,0.9914225131607085,-0.06165282800793648,-4.811652660369873,base,Yes
3635,0,1,0.9975273768066113,-0.05685330927371979,-6.056853294372559,base,Yes
3636,0,1,0.9669140251866016,-0.09941232949495316,-3.474412441253662,base,Yes
3637,0,1,0.9980732654083108,-0.0399446114897728,-6.289944648742676,base,Yes
3638,0,1,0.9933071480355454,-0.04109302908182144,-5.041092872619629,base,Yes
3639,0,1,0.9669140230414182,-0.07922668755054474,-3.4542267322540283,base,Yes
3640,0,1,0.9947798753123799,-0.06119184195995331,-5.311192035675049,base,Yes
3641,0,1,0.9706877671287282,-0.0747874528169632,-3.5747873783111572,base,Yes
3642,0,1,0.9968273169100998,-0.03423460200428963,-5.784234523773193,base,Yes
3643,0,1,0.9324533022906132,-0.1397000402212143,-2.764699935913086,base,Yes
3644,0,1,0.9770226312608022,-0.09747118502855301,-3.847471237182617,base,Yes
3645,0,1,0.9859363698574972,-0.05988238751888275,-4.309882164001465,base,Yes
3646,0,1,0.9933071498682252,-0.04785144329071045,-5.0478515625,base,Yes
3647,0,1,0.9968273167098114,-0.03623070567846298,-5.786230564117432,base,Yes
3648,0,1,0.9465966679403514,-0.13222245872020721,-3.0072224140167236,base,Yes
3649,0,1,0.9770226274974265,-0.060935135930776596,-3.8109350204467773,base,Yes
3650,0,1,0.9947798749641705,-0.04021202772855759,-5.290212154388428,base,Yes
3651,0,1,0.9902915229096578,-0.04763323441147804,-4.672633171081543,base,Yes
3652,0,1,0.9820137878007522,-0.07333529740571976,-4.07333517074585,base,Yes
3653,0,1,0.9875683481863629,-0.04897697642445564,-4.423976898193359,base,Yes
3654,0,1,0.9465966754730989,-0.16547884047031403,-3.0404789447784424,base,Yes
3655,0,1,0.9875683495127003,-0.0707230269908905,-4.445723056793213,base,Yes
3656,0,1,0.9706877724285167,-0.07923472672700882,-3.5792348384857178,base,Yes
3657,0,1,0.998674977526097,-0.025174660608172417,-6.650174617767334,base,Yes
3658,0,1,0.9840936105040935,-0.06643376499414444,-4.191433906555176,base,Yes
3659,0,1,0.9669140244715405,-0.14710822701454163,-3.522108316421509,base,Yes
3660,0,1,0.9890130594743595,-0.04982738196849823,-4.549827575683594,base,Yes
3661,0,1,0.9770226282501017,-0.09961327165365219,-3.8496131896972656,base,Yes
3662,0,1,0.9988304895891635,-0.02715027891099453,-6.7771501541137695,base,Yes
3663,0,1,0.9840936057223965,-0.10356681048870087,-4.228566646575928,base,Yes
3664,0,1,0.9796676442828175,-0.0848923921585083,-3.9598922729492188,base,Yes
3665,0,1,0.9890130582599637,-0.08937779814004898,-4.5893778800964355,base,Yes
3666,0,1,0.8175744806385543,-0.3469029366970062,-1.8469029664993286,base,Yes
3667,0,1,0.9859363709938916,-0.04878535121679306,-4.298785209655762,base,Yes
3668,0,1,0.9924227576956381,-0.04811062291264534,-4.923110485076904,base,Yes
3669,0,1,0.9669140228030646,-0.0829441174864769,-3.45794415473938,base,Yes
3670,0,1,0.9914225128755927,-0.09718533605337143,-4.847185134887695,base,Yes
3671,0,1,0.9953904286239892,-0.03296167030930519,-5.407961845397949,base,Yes
3672,0,1,0.9706877698846185,-0.0883767381310463,-3.588376760482788,base,Yes
3673,0,1,0.9971990732305749,-0.05460207536816597,-5.929602146148682,base,Yes
3674,0,1,0.9924227578357059,-0.06623184680938721,-4.941231727600098,base,Yes
3675,0,1,0.9399133557169234,-0.13351120054721832,-2.8835113048553467,base,Yes
3676,0,1,0.9953904275471404,-0.04522520303726196,-5.420225143432617,base,Yes
3677,0,1,0.9525741227833249,-0.10015115141868591,-3.1001510620117188,base,Yes
3678,0,1,0.8354835411997897,-0.26538190245628357,-1.890381932258606,base,Yes
3679,0,1,0.9840936065387837,-0.06867992132902145,-4.1936798095703125,base,Yes
3680,0,1,0.9982992778352361,-0.056723449379205704,-6.431723594665527,base,Yes
3681,0,1,0.9924227581158414,-0.04043301194906235,-4.915432929992676,base,Yes
3682,0,1,0.9859363739898402,-0.06828062236309052,-4.3182806968688965,base,Yes
3683,0,1,0.9796676471025644,-0.0936877503991127,-3.9686877727508545,base,Yes
3684,0,1,0.9890130557097324,-0.06075397506356239,-4.56075382232666,base,Yes
3685,0,1,0.9046505351008906,-0.2068004608154297,-2.4568004608154297,base,Yes
3686,0,1,0.9525741251394714,-0.1243927851319313,-3.1243927478790283,base,Yes
3687,0,1,0.9924227580318008,-0.04644450917840004,-4.921444416046143,base,Yes
3688,0,1,0.9859363743514202,-0.0526970811188221,-4.30269718170166,base,Yes
3689,0,1,0.991422513825979,-0.09875687956809998,-4.848756790161133,base,Yes
3690,0,1,0.9924227578917331,-0.04723464697599411,-4.922234535217285,base,Yes
3691,0,1,0.7057850154599563,-0.45813947916030884,-1.333139419555664,base,Yes
3692,0,1,0.9820137918802723,-0.09403981268405914,-4.0940399169921875,base,Yes
3693,0,1,0.9820137867479727,-0.07417554408311844,-4.0741753578186035,base,Yes
3694,0,1,0.9859363716137431,-0.06556186825037003,-4.315561771392822,base,Yes
3695,0,1,0.8519528057272543,-0.2427346408367157,-1.992734670639038,base,Yes
3696,0,1,0.9924227572754352,-0.05554075539112091,-4.930540561676025,base,Yes
3697,0,1,0.9875683471344399,-0.07288376986980438,-4.447883605957031,base,Yes
3698,0,1,0.9859363720269774,-0.07639987021684647,-4.326399803161621,base,Yes
3699,0,1,0.9953904273762121,-0.03637704998254776,-5.411376953125,base,Yes
3700,0,1,0.9840936094544529,-0.06744186580181122,-4.192441940307617,base,Yes
3701,0,1,0.9890130597981982,-0.04215933382511139,-4.542159557342529,base,Yes
3702,0,1,0.9796676472509721,-0.05982467532157898,-3.9348247051239014,base,Yes
3703,0,1,0.9626731123881445,-0.07981658726930618,-3.3298165798187256,base,Yes
3704,0,1,0.9924227587881663,-0.06187819689512253,-4.936878204345703,base,Yes
3705,0,1,0.9933071494719701,-0.06622928380966187,-5.066229343414307,base,Yes
3706,0,1,0.990291522587316,-0.07144460827112198,-4.696444511413574,base,Yes
3707,0,1,0.9940889314721105,-0.054548684507608414,-5.179548740386963,base,Yes
3708,0,1,0.9579122762897041,-0.0879444032907486,-3.212944507598877,base,Yes
3709,0,1,0.9241418189341297,-0.16155244410037994,-2.6615524291992188,base,Yes
3710,0,1,0.9740426418603167,-0.06562785059213638,-3.6906278133392334,base,Yes
3711,0,1,0.9975273771098306,-0.038552653044462204,-6.038552761077881,base,Yes
3712,0,1,0.9914225132240676,-0.042555492371320724,-4.792555332183838,base,Yes
3713,0,1,0.9875683501072655,-0.054461877793073654,-4.42946195602417,base,Yes
3714,0,1,0.9324533149608596,-0.12480344623327255,-2.7498035430908203,base,Yes
3715,0,1,0.9933071477135882,-0.04281684383749962,-5.042816638946533,base,Yes
3716,0,1,0.9706877671287282,-0.16138680279254913,-3.661386728286743,base,Yes
3717,0,1,0.9933071484318008,-0.04674682766199112,-5.046746730804443,base,Yes
3718,0,1,0.9579122726851417,-0.1320929378271103,-3.2570929527282715,base,Yes
3719,0,1,0.9959298618310818,-0.033615224063396454,-5.5336151123046875,base,Yes
3720,0,1,0.9953904285385249,-0.04469331353902817,-5.419693470001221,base,Yes
3721,0,1,0.9626731123881445,-0.11715913563966751,-3.367159128189087,base,Yes
3722,0,1,0.9669140180359896,-0.1187201663851738,-3.493720054626465,base,Yes
3723,0,1,0.6513548782017746,-0.6235596537590027,-1.2485597133636475,base,Yes
3724,0,1,0.9626731150654055,-0.08768027275800705,-3.3376803398132324,base,Yes
3725,0,1,0.996827316438833,-0.03950856998562813,-5.78950834274292,base,Yes
3726,0,1,0.9820137922750644,-0.07681404799222946,-4.0768141746521,base,Yes
3727,0,1,0.9975273769811922,-0.05273813381791115,-6.052738189697266,base,Yes
3728,0,1,0.9964063981122133,-0.046362683176994324,-5.67136287689209,base,Yes
3729,0,1,0.9579122738866624,-0.1459188014268875,-3.270918846130371,base,Yes
3730,0,1,0.9902915241632099,-0.06284802407026291,-4.687848091125488,base,Yes
3731,0,1,0.9968273174284932,-0.05617848411202431,-5.806178569793701,base,Yes
3732,0,1,0.9859363740931487,-0.054525770246982574,-4.304525852203369,base,Yes
3733,0,1,0.9890130578551651,-0.0556616336107254,-4.555661678314209,base,Yes
3734,0,1,0.985936373783223,-0.08397573232650757,-4.333975791931152,base,Yes
3735,0,1,0.9975273765585229,-0.03584158048033714,-6.035841464996338,base,Yes
3736,0,1,0.9947798736680575,-0.030342701822519302,-5.2803425788879395,base,Yes
3737,0,1,0.9859363762626283,-0.07003092765808105,-4.32003116607666,base,Yes
3738,0,1,0.987568347042968,-0.0661265179514885,-4.441126346588135,base,Yes
3739,0,1,0.9933071478621839,-0.036586467176675797,-5.036586284637451,base,Yes
3740,0,1,0.8670357649558007,-0.2159566432237625,-2.090956687927246,base,Yes
3741,0,1,0.9579122759893238,-0.1141754612326622,-3.23917555809021,base,Yes
3742,0,1,0.9770226325988914,-0.07214558869600296,-3.822145700454712,base,Yes
3743,0,1,0.9978172832990795,-0.02914249710738659,-6.154142379760742,base,Yes
3744,0,1,0.9940889319755869,-0.052955009043216705,-5.177955150604248,base,Yes
3745,0,1,0.9933071496205658,-0.043103136122226715,-5.043103218078613,base,Yes
3746,0,1,0.9796676465089335,-0.06033039838075638,-3.935330390930176,base,Yes
3747,0,1,0.9669140244715405,-0.1367124617099762,-3.5117125511169434,base,Yes
3748,0,1,0.9933071503387781,-0.05752115324139595,-5.057521343231201,base,Yes
3749,0,1,0.9964063976053275,-0.04509348422288895,-5.670093536376953,base,Yes
3750,0,1,0.9890130550215748,-0.065382219851017,-4.56538200378418,base,Yes
3751,0,1,0.9940889302024739,-0.05155150219798088,-5.176551342010498,base,Yes
3752,0,1,0.9964063978854485,-0.03633486106991768,-5.661334991455078,base,Yes
3753,0,1,0.998674977415182,-0.04112780839204788,-6.666127681732178,base,Yes
3754,0,1,0.9820137880639471,-0.06776820868253708,-4.067768096923828,base,Yes
3755,0,1,0.9859363703740401,-0.08597297221422195,-4.335972785949707,base,Yes
3756,0,1,0.9840936117869877,-0.09834553301334381,-4.223345756530762,base,Yes
3757,0,1,0.9324533013520764,-0.13003790378570557,-2.755037784576416,base,Yes
3758,0,1,0.9149009642742806,-0.16845786571502686,-2.5434579849243164,base,Yes
3759,0,1,0.984093610737347,-0.06560786813497543,-4.190608024597168,base,Yes
3760,0,1,0.8354835371034369,-0.25716495513916016,-1.8821649551391602,base,Yes
3761,0,1,0.9740426441208441,-0.08420390635728836,-3.7092039585113525,base,Yes
3762,0,1,0.9978172835952223,-0.04089496657252312,-6.165894985198975,base,Yes
3763,0,1,0.9953904268463337,-0.02460024133324623,-5.399600028991699,base,Yes
3764,0,1,0.9579122702820998,-0.09862284362316132,-3.2236227989196777,base,Yes
3765,0,1,0.9149009607937928,-0.20266835391521454,-2.5776684284210205,base,Yes
3766,0,1,0.982013794117428,-0.08873439580202103,-4.0887346267700195,base,Yes
3767,0,1,0.7310585903489892,-0.4152836203575134,-1.4152836799621582,base,Yes
3768,0,1,0.9875683507933021,-0.05923162400722504,-4.434231758117676,base,Yes
3769,0,1,0.9940889322382701,-0.032758526504039764,-5.157758712768555,base,Yes
3770,0,1,0.9890130596362788,-0.05674293637275696,-4.556743144989014,base,Yes
3771,0,1,0.9626731158685837,-0.13784661889076233,-3.3878467082977295,base,Yes
3772,0,1,0.9980732654799489,-0.04089634120464325,-6.290896415710449,base,Yes
3773,0,1,0.9947798753510699,-0.08118704706430435,-5.3311872482299805,base,Yes
3774,0,1,0.9859363761076656,-0.0537569634616375,-4.303757190704346,base,Yes
3775,0,1,0.9626731115849659,-0.09537771344184875,-3.3453776836395264,base,Yes
3776,0,1,0.9859363703223857,-0.04860277101397514,-4.29860258102417,base,Yes
3777,0,1,0.880797068590724,-0.26725587248802185,-2.2672557830810547,base,Yes
3778,0,1,0.9924227569672861,-0.04744362458586693,-4.922443389892578,base,Yes
3779,0,1,0.979667647844603,-0.08025091886520386,-3.9552509784698486,base,Yes
3780,0,1,0.995929863008939,-0.06054574251174927,-5.560545921325684,base,Yes
3781,0,1,0.9964063972585105,-0.05096440017223358,-5.67596435546875,base,Yes
3782,0,1,0.9940889322820508,-0.05460004508495331,-5.179600238800049,base,Yes
3783,0,1,0.9706877711565677,-0.11529987305402756,-3.615299940109253,base,Yes
3784,0,1,0.9933071480107795,-0.0487014465034008,-5.048701286315918,base,Yes
3785,0,1,0.9669140230414182,-0.11148424446582794,-3.4864842891693115,base,Yes
3786,0,1,0.9840936095710796,-0.08626357465982437,-4.211263656616211,base,Yes
3787,0,1,0.9924227591523422,-0.049780312925577164,-4.924780368804932,base,Yes
3788,0,1,0.9796676466573412,-0.07282280921936035,-3.9478228092193604,base,Yes
3789,0,1,0.9924227571633809,-0.07208558917045593,-4.947085380554199,base,Yes
3790,0,1,0.9149009584734678,-0.1965591460466385,-2.571559190750122,base,Yes
3791,0,1,0.9968273176405631,-0.04361852630972862,-5.793618679046631,base,Yes
3792,0,1,0.9924227593764505,-0.04768267646431923,-4.922682762145996,base,Yes
3793,0,1,0.9740426458162398,-0.10442864894866943,-3.729428768157959,base,Yes
3794,0,1,0.9890130577742053,-0.0518159493803978,-4.551815986633301,base,Yes
3795,0,1,0.9149009480320036,-0.19658765196800232,-2.571587562561035,base,Yes
3796,0,1,0.9525741254760638,-0.12740138173103333,-3.127401351928711,base,Yes
3797,0,1,0.9902915227663948,-0.05055626109242439,-4.675556182861328,base,Yes
3798,0,1,0.9706877707325846,-0.08049864321947098,-3.580498695373535,base,Yes
3799,0,1,0.9914225143962109,-0.0687432512640953,-4.8187432289123535,base,Yes
3800,0,1,0.8933094046341532,-0.23037196695804596,-2.3553719520568848,base,Yes
3801,0,1,0.9975273764758267,-0.0422612726688385,-6.042261123657227,base,Yes
3802,0,1,0.9859363738348774,-0.04672282561659813,-4.296722888946533,base,Yes
3803,0,1,0.996827317711253,-0.04574519768357277,-5.795745372772217,base,Yes
3804,0,1,0.97068777009661,-0.1036963164806366,-3.603696346282959,base,Yes
3805,0,1,0.9324533032291502,-0.16274461150169373,-2.7877445220947266,base,Yes
3806,0,1,0.9975273763104343,-0.03145287185907364,-6.031452655792236,base,Yes
3807,0,1,0.9924227592083693,-0.044904645532369614,-4.919904708862305,base,Yes
3808,0,1,0.9740426403532982,-0.10264215618371964,-3.727642059326172,base,Yes
3809,0,1,0.9770226324316302,-0.07951892912387848,-3.829519033432007,base,Yes
3810,0,1,0.9875683467685533,-0.0770232230424881,-4.452023029327393,base,Yes
3811,0,1,0.798186768138228,-0.33373433351516724,-1.7087342739105225,base,Yes
3812,0,1,0.990291521297948,-0.06672453135251999,-4.6917243003845215,base,Yes
3813,0,1,0.9914225135725426,-0.04083454608917236,-4.790834426879883,base,Yes
3814,0,1,0.9953904275129547,-0.04164273291826248,-5.416642665863037,base,Yes
3815,0,1,0.9914225151248403,-0.05547421798110008,-4.805474281311035,base,Yes
3816,0,1,0.9914225145546084,-0.04877853766083717,-4.798778533935547,base,Yes
3817,0,1,0.9525741254760638,-0.09326627850532532,-3.093266248703003,base,Yes
3818,0,1,0.6224593452091672,-0.5953318476676941,-1.0953319072723389,base,Yes
3819,0,1,0.9875683462197239,-0.06540131568908691,-4.440401077270508,base,Yes
3820,0,1,0.9840936117869877,-0.10323549807071686,-4.228235721588135,base,Yes
3821,0,1,0.9820137933278436,-0.08327322453260422,-4.083273410797119,base,Yes
3822,0,1,0.9933071490261833,-0.049554355442523956,-5.049554347991943,base,Yes
3823,0,1,0.9796676444312252,-0.10479413717985153,-3.9797940254211426,base,Yes
3824,0,1,0.9796676465089335,-0.08079887181520462,-3.955798864364624,base,Yes
3825,0,1,0.9914225161385855,-0.04943590983748436,-4.799436092376709,base,Yes
3826,0,1,0.9890130551430143,-0.052618708461523056,-4.552618503570557,base,Yes
3827,0,1,0.9924227574435163,-0.05762975662946701,-4.932629585266113,base,Yes
3828,0,1,0.9924227593764505,-0.040353212505578995,-4.915353298187256,base,Yes
3829,0,1,0.9975273771373959,-0.05885112285614014,-6.05885124206543,base,Yes
3830,0,1,0.9859363698574972,-0.06715510785579681,-4.317154884338379,base,Yes
3831,0,1,0.9964063974852755,-0.03070114180445671,-5.655701160430908,base,Yes
3832,0,1,0.893309411735131,-0.21007627248764038,-2.335076332092285,base,Yes
3833,0,1,0.9914225148397244,-0.05558010935783386,-4.805580139160156,base,Yes
3834,0,1,0.979667648438234,-0.08101359009742737,-3.9560136795043945,base,Yes
3835,0,1,0.867035763237924,-0.25210878252983093,-2.1271088123321533,base,Yes
3836,0,1,0.9740426407300528,-0.07835563272237778,-3.703355550765991,base,Yes
3837,0,1,0.9820137864847778,-0.0857374295592308,-4.085737228393555,base,Yes
3838,0,1,0.9820137920118697,-0.08055055886507034,-4.080550670623779,base,Yes
3839,0,1,0.9399133481428692,-0.15370085835456848,-2.903700828552246,base,Yes
3840,0,1,0.9924227584520038,-0.053360022604465485,-4.9283599853515625,base,Yes
3841,0,1,0.997817283765606,-0.04330863803625107,-6.168308734893799,base,Yes
3842,0,1,0.9740426422370712,-0.10350801795721054,-3.7285079956054688,base,Yes
3843,0,1,0.9875683509305094,-0.05984196439385414,-4.434842109680176,base,Yes
3844,0,1,0.9770226317625857,-0.07216589152812958,-3.8221659660339355,base,Yes
3845,0,1,0.7310585669110203,-0.40449315309524536,-1.4044930934906006,base,Yes
3846,0,1,0.9399133540338004,-0.12651531398296356,-2.8765153884887695,base,Yes
3847,0,1,0.9914225148397244,-0.06584116816520691,-4.815841197967529,base,Yes
3848,0,1,0.9525741214369554,-0.0906602144241333,-3.0906600952148438,base,Yes
3849,0,1,0.9840936095710796,-0.07389823347330093,-4.1988983154296875,base,Yes
3850,0,1,0.9626731129235966,-0.08387159556150436,-3.333871603012085,base,Yes
3851,0,1,0.9947798737260924,-0.06798040121793747,-5.3179802894592285,base,Yes
3852,0,1,0.9968273175757639,-0.027805672958493233,-5.777805805206299,base,Yes
3853,0,1,0.9968273172635498,-0.04055401310324669,-5.790554046630859,base,Yes
3854,0,1,0.9890130571670076,-0.056944865733385086,-4.556944847106934,base,Yes
3855,0,1,0.9706877673407197,-0.09785468131303787,-3.5978546142578125,base,Yes
3856,0,1,0.9964063967783029,-0.041712939739227295,-5.666712760925293,base,Yes
3857,0,1,0.9820137901695059,-0.0721282884478569,-4.0721282958984375,base,Yes
3858,0,1,0.9840936101542134,-0.07838141918182373,-4.203381538391113,base,Yes
3859,0,1,0.9959298631297449,-0.059945374727249146,-5.559945583343506,base,Yes
3860,0,1,0.9740426433673349,-0.07144782692193985,-3.6964478492736816,base,Yes
3861,0,1,0.9770226314280634,-0.1142382025718689,-3.8642382621765137,base,Yes
3862,0,1,0.9626731126558706,-0.09986186027526855,-3.3498618602752686,base,Yes
3863,0,1,0.977022631929847,-0.06277290731668472,-3.8127729892730713,base,Yes
3864,0,1,0.9875683465398745,-0.04690859094262123,-4.421908378601074,base,Yes
3865,0,1,0.9968273172340956,-0.027427172288298607,-5.7774271965026855,base,Yes
3866,0,1,0.9149009538328171,-0.18581201136112213,-2.560811996459961,base,Yes
3867,0,1,0.9875683507933021,-0.05831991136074066,-4.433320045471191,base,Yes
3868,0,1,0.9947798748867906,-0.0462578609585762,-5.296257972717285,base,Yes
3869,0,1,0.9964063967516247,-0.041804976761341095,-5.666804790496826,base,Yes
3870,0,1,0.98201378944572,-0.05377820506691933,-4.053778171539307,base,Yes
3871,0,1,0.979667648883457,-0.07137168198823929,-3.9463717937469482,base,Yes
3872,0,1,0.9740426448743534,-0.08183971792459488,-3.7068397998809814,base,Yes
3873,0,1,0.9875683491925499,-0.05909061059355736,-4.434090614318848,base,Yes
3874,0,1,0.9940889310780853,-0.05403472110629082,-5.17903470993042,base,Yes
3875,0,1,0.9241418184118162,-0.12347128242254257,-2.623471260070801,base,Yes
3876,0,1,0.9940889305964992,-0.05014047399163246,-5.175140380859375,base,Yes
3877,0,1,0.9914225132557472,-0.06906381994485855,-4.819063663482666,base,Yes
3878,0,1,0.9579122690805788,-0.11250932514667511,-3.237509250640869,base,Yes
3879,0,1,0.9820137920118697,-0.06613767892122269,-4.066137790679932,base,Yes
3880,0,1,0.9626731123881445,-0.12141681462526321,-3.3714168071746826,base,Yes
3881,0,1,0.9924227603008972,-0.0386369526386261,-4.913637161254883,base,Yes
3882,0,1,0.9840936088130057,-0.059370484203100204,-4.184370517730713,base,Yes
3883,0,1,0.9770226310935413,-0.06094713509082794,-3.8109471797943115,base,Yes
3884,0,1,0.9820137904327008,-0.06872031837701797,-4.06872034072876,base,Yes
3885,0,1,0.9902915215844743,-0.04892464727163315,-4.673924446105957,base,Yes
3886,0,1,0.9820137878007522,-0.08547414094209671,-4.085474014282227,base,Yes
3887,0,1,0.8807970779778823,-0.2741682529449463,-2.2741682529449463,base,Yes
3888,0,1,0.9840936066554105,-0.0559912770986557,-4.180991172790527,base,Yes
3889,0,1,0.9820137880639471,-0.08288728445768356,-4.082887172698975,base,Yes
3890,0,1,0.9940889321725995,-0.061878982931375504,-5.1868791580200195,base,Yes
3891,0,1,0.9902915249153408,-0.05639157071709633,-4.681391716003418,base,Yes
3892,0,1,0.9914225135091834,-0.050796158611774445,-4.800796031951904,base,Yes
3893,0,1,0.9975273766136538,-0.05051002278923988,-6.050509929656982,base,Yes
3894,0,1,0.8933094060543487,-0.21187925338745117,-2.336879253387451,base,Yes
3895,0,1,0.9796676472509721,-0.12372538447380066,-3.998725414276123,base,Yes
3896,0,1,0.994088931909916,-0.05244814231991768,-5.177448272705078,base,Yes
3897,0,1,0.9399133447766225,-0.1312611997127533,-2.881261110305786,base,Yes
3898,0,1,0.9706877662807619,-0.07312856614589691,-3.5731284618377686,base,Yes
3899,0,1,0.9740426412951848,-0.09168606996536255,-3.7166860103607178,base,Yes
3900,0,1,0.9953904286068963,-0.04638988524675369,-5.421390056610107,base,Yes
3901,0,1,0.9820137897747135,-0.05634976923465729,-4.056349754333496,base,Yes
3902,0,1,0.9924227601608295,-0.045786190778017044,-4.920786380767822,base,Yes
3903,0,1,0.998073265279362,-0.03364899754524231,-6.28364896774292,base,Yes
3904,0,1,0.9820137870111676,-0.0678216740489006,-4.067821502685547,base,Yes
3905,0,1,0.9924227578076924,-0.04199040308594704,-4.916990280151367,base,Yes
3906,0,1,0.9525741271590255,-0.11374019831418991,-3.1137402057647705,base,Yes
3907,0,1,0.9890130561145309,-0.06001531705260277,-4.5600152015686035,base,Yes
3908,0,1,0.9770226284173629,-0.07232935726642609,-3.82232928276062,base,Yes
3909,0,1,0.9982992773798428,-0.032439831644296646,-6.407439708709717,base,Yes
3910,0,1,0.9890130559930914,-0.052928097546100616,-4.5529279708862305,base,Yes
3911,0,1,0.984093610737347,-0.0826624259352684,-4.207662582397461,base,Yes
3912,0,1,0.9940889302024739,-0.03301922604441643,-5.158019065856934,base,Yes
3913,0,1,0.9840936060722768,-0.06925883144140244,-4.194258689880371,base,Yes
3914,0,1,0.977022631929847,-0.06163422018289566,-3.8116343021392822,base,Yes
3915,0,1,0.995929861710276,-0.03263392299413681,-5.5326337814331055,base,Yes
3916,0,1,0.9971990733450302,-0.03444135934114456,-5.9094414710998535,base,Yes
3917,0,1,0.993307148753758,-0.04302697256207466,-5.043026924133301,base,Yes
3918,0,1,0.9875683495127003,-0.06600901484489441,-4.441009044647217,base,Yes
3919,0,1,0.979667648438234,-0.07444491982460022,-3.9494450092315674,base,Yes
3920,0,1,0.9706877696726267,-0.10000036656856537,-3.6000003814697266,base,Yes
3921,0,1,0.9980732651575771,-0.04037198796868324,-6.290371894836426,base,Yes
3922,0,1,0.9940889315158911,-0.06192391738295555,-5.186923980712891,base,Yes
3923,0,1,0.9399133481428692,-0.11321809887886047,-2.863218069076538,base,Yes
3924,0,1,0.9840936051392626,-0.08305712789297104,-4.208056926727295,base,Yes
3925,0,1,0.9796676465089335,-0.08379507809877396,-3.9587950706481934,base,Yes
3926,0,1,0.9706877690366521,-0.10261870175600052,-3.60261869430542,base,Yes
3927,0,1,0.994088931209427,-0.04574679210782051,-5.170746803283691,base,Yes
3928,0,1,0.9986749774989845,-0.043736521154642105,-6.668736457824707,base,Yes
3929,0,1,0.9975273769903807,-0.0438351035118103,-6.043835163116455,base,Yes
3930,0,1,0.9796676456184871,-0.07073812931776047,-3.9457380771636963,base,Yes
3931,0,1,0.9770226310935413,-0.0881936103105545,-3.838193655014038,base,Yes
3932,0,1,0.9890130574098868,-0.05855941399931908,-4.558559417724609,base,Yes
3933,0,1,0.9933071498186933,-0.05086696892976761,-5.050867080688477,base,Yes
3934,0,1,0.9968273171692964,-0.03421306237578392,-5.784213066101074,base,Yes
3935,0,1,0.993307150363544,-0.09047107398509979,-5.090471267700195,base,Yes
3936,0,1,0.9902915214412112,-0.05200359970331192,-4.677003383636475,base,Yes
3937,0,1,0.9940889315377813,-0.03868477791547775,-5.163684844970703,base,Yes
3938,0,1,0.9626731094431571,-0.09280714392662048,-3.3428070545196533,base,Yes
3939,0,1,0.9978172838224005,-0.06151663884520531,-6.186516761779785,base,Yes
3940,0,1,0.9626731147976793,-0.1379513144493103,-3.387951374053955,base,Yes
3941,0,1,0.9986749773806751,-0.037287387996912,-6.66228723526001,base,Yes
3942,0,1,0.9933071488280558,-0.06800178438425064,-5.068001747131348,base,Yes
3943,0,1,0.9770226277483183,-0.06258569657802582,-3.8125855922698975,base,Yes
3944,0,1,0.9820137906958954,-0.10975166410207748,-4.1097517013549805,base,Yes
3945,0,1,0.9859363741964572,-0.07326450943946838,-4.3232645988464355,base,Yes
3946,0,1,0.9840936082881853,-0.0789785385131836,-4.203978538513184,base,Yes
3947,0,1,0.8670357683915538,-0.23650376498699188,-2.111503839492798,base,Yes
3948,0,1,0.7981867825403176,-0.3640950620174408,-1.7390950918197632,base,Yes
3949,0,1,0.9820137893799213,-0.07410625368356705,-4.074106216430664,base,Yes
3950,0,1,0.9947798743644765,-0.039262283593416214,-5.289262294769287,base,Yes
3951,0,1,0.9859363707356201,-0.048868339508771896,-4.298868179321289,base,Yes
3952,0,1,0.9940889316034522,-0.04906551167368889,-5.174065589904785,base,Yes
3953,0,1,0.9971990735219158,-0.030391041189432144,-5.905391216278076,base,Yes
3954,0,1,0.9914225138576584,-0.04839381203055382,-4.798393726348877,base,Yes
3955,0,1,0.9626731158685837,-0.1102687418460846,-3.3602688312530518,base,Yes
3956,0,1,0.9706877669167365,-0.07610925287008286,-3.5761091709136963,base,Yes
3957,0,1,0.9796676468057489,-0.08141564577817917,-3.9564156532287598,base,Yes
3958,0,1,0.9959298620726936,-0.044790320098400116,-5.544790267944336,base,Yes
3959,0,1,0.982013793459441,-0.05416278541088104,-4.054162979125977,base,Yes
3960,0,1,0.995390428743639,-0.05456618219614029,-5.429566383361816,base,Yes
3961,0,1,0.9980732650895208,-0.026103148236870766,-6.2761030197143555,base,Yes
3962,0,1,0.9859363733699887,-0.06114575266838074,-4.311145782470703,base,Yes
3963,0,1,0.982013792801454,-0.07366260141134262,-4.073662757873535,base,Yes
3964,0,1,0.9046505351008906,-0.15242314338684082,-2.402423143386841,base,Yes
3965,0,1,0.9770226302572356,-0.09614204615354538,-3.846142053604126,base,Yes
3966,0,1,0.9975273765309574,-0.044564373791217804,-6.044564247131348,base,Yes
3967,0,1,0.9947798750028606,-0.05346094071865082,-5.303461074829102,base,Yes
3968,0,1,0.9840936088713189,-0.09154172986745834,-4.216541767120361,base,Yes
3969,0,1,0.9770226289191464,-0.08201270550489426,-3.83201265335083,base,Yes
3970,0,1,0.9840936106207203,-0.06507810950279236,-4.190078258514404,base,Yes
3971,0,1,0.987568349604172,-0.06071516126394272,-4.435715198516846,base,Yes
3972,0,1,0.974042642048694,-0.08389022946357727,-3.708890199661255,base,Yes
3973,0,1,0.9971990727207278,-0.048301808536052704,-5.923301696777344,base,Yes
3974,0,1,0.9933071484318008,-0.050219155848026276,-5.0502190589904785,base,Yes
3975,0,1,0.9968273170161349,-0.036417052149772644,-5.786417007446289,base,Yes
3976,0,1,0.994088932457173,-0.05944563448429108,-5.184445858001709,base,Yes
3977,0,1,0.9626731121204184,-0.11126114428043365,-3.3612611293792725,base,Yes
3978,0,1,0.9902915256674717,-0.05835510790348053,-4.683355331420898,base,Yes
3979,0,1,0.9940889317129035,-0.07048597186803818,-5.195486068725586,base,Yes
3980,0,1,0.9890130576527658,-0.049963925033807755,-4.54996395111084,base,Yes
3981,0,1,0.9465966671870767,-0.13639122247695923,-3.0113911628723145,base,Yes
3982,0,1,0.97068777009661,-0.08520433306694031,-3.5852043628692627,base,Yes
3983,0,1,0.96267311613631,-0.1008991226553917,-3.3508992195129395,base,Yes
3984,0,1,0.9964063965915553,-0.05095171183347702,-5.6759514808654785,base,Yes
3985,0,1,0.9820137905642982,-0.07522961497306824,-4.075229644775391,base,Yes
3986,0,1,0.9902915218351847,-0.04894178733229637,-4.673941612243652,base,Yes
3987,0,1,0.9820137939858306,-0.07540728151798248,-4.0754075050354,base,Yes
3988,0,1,0.9940889319536966,-0.055756907910108566,-5.18075704574585,base,Yes
3989,0,1,0.9959298629032338,-0.049263324588537216,-5.5492634773254395,base,Yes
3990,0,1,0.9706877679766944,-0.08354191482067108,-3.5835418701171875,base,Yes
3991,0,1,0.6513548511303336,-0.5685988068580627,-1.193598747253418,base,Yes
3992,0,1,0.9399133473013074,-0.14780215919017792,-2.8978021144866943,base,Yes
3993,0,1,0.9964063978587703,-0.03220784291625023,-5.65720796585083,base,Yes
3994,0,1,0.9953904285898035,-0.045415233820676804,-5.42041540145874,base,Yes
3995,0,1,0.979667646731545,-0.0592040978372097,-3.9342041015625,base,Yes
3996,0,1,0.9978172832463417,-0.03796543926000595,-6.162965297698975,base,Yes
3997,0,1,0.99330715038831,-0.05779246613383293,-5.057792663574219,base,Yes
3998,0,1,0.9924227598526806,-0.06921467185020447,-4.944214820861816,base,Yes
3999,0,1,0.987568349787115,-0.07469696551561356,-4.449697017669678,base,Yes
4000,0,1,0.9914225130656699,-0.06608456373214722,-4.816084384918213,base,Yes
4001,0,1,0.9875683474088545,-0.0569244846701622,-4.431924343109131,base,Yes
4002,0,1,0.9971990731265243,-0.02983662113547325,-5.904836654663086,base,Yes
4003,0,1,0.9902915257391033,-0.06613422185182571,-4.691134452819824,base,Yes
4004,0,1,0.9820137888535316,-0.08449513465166092,-4.0844950675964355,base,Yes
4005,0,1,0.9980732655515869,-0.04848421365022659,-6.2984843254089355,base,Yes
4006,0,1,0.9924227573034486,-0.05095024034380913,-4.925950050354004,base,Yes
4007,0,1,0.9933071490509493,-0.044981006532907486,-5.044981002807617,base,Yes
4008,0,1,0.9669140201811735,-0.0755498856306076,-3.450549840927124,base,Yes
4009,0,1,0.9669140235181256,-0.10675305128097534,-3.48175311088562,base,Yes
4010,0,1,0.9978172834004982,-0.039936136454343796,-6.164936065673828,base,Yes
4011,0,1,0.9324533060447605,-0.1479502171278,-2.7729501724243164,base,Yes
4012,0,1,0.8933094131553264,-0.18120329082012177,-2.3062033653259277,base,Yes
4013,0,1,0.9924227598526806,-0.07403883337974548,-4.949038982391357,base,Yes
4014,0,1,0.9740426412951848,-0.13253313302993774,-3.757533073425293,base,Yes
4015,0,1,0.9933071495957998,-0.04534141346812248,-5.045341491699219,base,Yes
4016,0,1,0.9953904269488909,-0.043175410479307175,-5.418175220489502,base,Yes
4017,0,1,0.9875683481406271,-0.09372910112142563,-4.468729019165039,base,Yes
4018,0,1,0.9971990726791077,-0.06341946870088577,-5.938419342041016,base,Yes
4019,0,1,0.970687766704745,-0.10239371657371521,-3.602393627166748,base,Yes
4020,0,1,0.880797071719777,-0.23116856813430786,-2.231168508529663,base,Yes
4021,0,1,0.9796676475477876,-0.11513467133045197,-3.9901347160339355,base,Yes
4022,0,1,0.9579122741870427,-0.12045282870531082,-3.245452880859375,base,Yes
4023,0,1,0.9914225147130061,-0.03541134297847748,-4.785411357879639,base,Yes
4024,0,1,0.9968273172164231,-0.029792767018079758,-5.779792785644531,base,Yes
4025,0,1,0.9940889307278409,-0.03155047819018364,-5.156550407409668,base,Yes
4026,0,1,0.9953904271540049,-0.04573836550116539,-5.420738220214844,base,Yes
4027,0,1,0.9978172836601302,-0.04438204690814018,-6.169382095336914,base,Yes
4028,0,1,0.9947798734939528,-0.05106703191995621,-5.301066875457764,base,Yes
4029,0,1,0.9820137904327008,-0.09390590339899063,-4.093905925750732,base,Yes
4030,0,1,0.952574129515172,-0.13725394010543823,-3.137253999710083,base,Yes
4031,0,1,0.9626731137267751,-0.10014888644218445,-3.350148916244507,base,Yes
4032,0,1,0.9770226310935413,-0.09084267914295197,-3.8408427238464355,base,Yes
4033,0,1,0.9902915254167615,-0.06040458008646965,-4.6854047775268555,base,Yes
4034,0,1,0.9840936110872273,-0.059615910053253174,-4.1846160888671875,base,Yes
4035,0,1,0.9990889485953675,-0.03048204630613327,-7.030481815338135,base,Yes
4036,0,1,0.9399133498259924,-0.16412687301635742,-2.9141268730163574,base,Yes
4037,0,1,0.9982992771900953,-0.03263115510344505,-6.407630920410156,base,Yes
4038,0,1,0.9890130556692526,-0.05695883184671402,-4.5569586753845215,base,Yes
4039,0,1,0.9859363744030745,-0.059502020478248596,-4.309502124786377,base,Yes
4040,0,1,0.9890130578551651,-0.05288739502429962,-4.552887439727783,base,Yes
4041,0,1,0.9947798751576203,-0.06224186718463898,-5.312242031097412,base,Yes
4042,0,1,0.9940889312313173,-0.06955955922603607,-5.194559574127197,base,Yes
4043,0,1,0.9989677689728486,-0.02881430648267269,-6.903814315795898,base,Yes
4044,0,1,0.9820137897747135,-0.06386376917362213,-4.063863754272461,base,Yes
4045,0,1,0.9770226322643691,-0.06834997981786728,-3.818350076675415,base,Yes
4046,0,1,0.998073265429802,-0.049703072756528854,-6.299703121185303,base,Yes
4047,0,1,0.9579122717840008,-0.11132097989320755,-3.236320972442627,base,Yes
4048,0,1,0.9740426452511078,-0.09169640392065048,-3.7166965007781982,base,Yes
4049,0,1,0.9924227588441933,-0.04958532750606537,-4.924585342407227,base,Yes
4050,0,1,0.9875683502444729,-0.05215206742286682,-4.427152156829834,base,Yes
4051,0,1,0.9968273164741781,-0.06357262283563614,-5.813572406768799,base,Yes
4052,0,1,0.9953904271540049,-0.04538026079535484,-5.420380115509033,base,Yes
4053,0,1,0.9964063967783029,-0.06422537565231323,-5.689225196838379,base,Yes
4054,0,1,0.939913356558485,-0.1514343023300171,-2.9014344215393066,base,Yes
4055,0,1,0.9525741224467326,-0.09704027324914932,-3.0970401763916016,base,Yes
4056,0,1,0.9770226280828407,-0.07023653388023376,-3.8202364444732666,base,Yes
4057,0,1,0.9924227596005588,-0.044736746698617935,-4.919736862182617,base,Yes
4058,0,1,0.939913343093499,-0.12179481983184814,-2.8717947006225586,base,Yes
4059,0,1,0.9953904268121483,-0.055213671177625656,-5.430213451385498,base,Yes
4060,0,1,0.9980732657808291,-0.02549196034669876,-6.275492191314697,base,Yes
4061,0,1,0.985936374299766,-0.05852928012609482,-4.308529376983643,base,Yes
4062,0,1,0.97068777009661,-0.08197042346000671,-3.581970453262329,base,Yes
4063,0,1,0.9626731150654055,-0.11988251656293869,-3.369882583618164,base,Yes
4064,0,1,0.9241418241572634,-0.19998067617416382,-2.6999807357788086,base,Yes
4065,0,1,0.9525741254760638,-0.07983353734016418,-3.079833507537842,base,Yes
4066,0,1,0.7772998611746911,-0.3501155376434326,-1.6001155376434326,base,Yes
4067,0,1,0.9924227573034486,-0.0526697151362896,-4.927669525146484,base,Yes
4068,0,1,0.9975273772981941,-0.02954893745481968,-6.0295491218566895,base,Yes
4069,0,1,0.9902915215486585,-0.061723437160253525,-4.686723232269287,base,Yes
4070,0,1,0.9859363759527028,-0.06570889800786972,-4.315709114074707,base,Yes
4071,0,1,0.9959298623747084,-0.060436226427555084,-5.560436248779297,base,Yes
4072,0,1,0.9924227582559091,-0.04645020142197609,-4.921450138092041,base,Yes
4073,0,1,0.9324533144915912,-0.14101377129554749,-2.7660138607025146,base,Yes
4074,0,1,0.9964063967783029,-0.05015963315963745,-5.675159454345703,base,Yes
4075,0,1,0.9706877669167365,-0.0917876586318016,-3.591787576675415,base,Yes
4076,0,1,0.9840936114371074,-0.08359126001596451,-4.208591461181641,base,Yes
4077,0,1,0.9924227598526806,-0.04914030432701111,-4.924140453338623,base,Yes
4078,0,1,0.9902915215128427,-0.05887719988822937,-4.683876991271973,base,Yes
4079,0,1,0.9149009480320036,-0.1409803330898285,-2.5159802436828613,base,Yes
4080,0,1,0.9770226314280634,-0.1334649920463562,-3.883465051651001,base,Yes
4081,0,1,0.9980732651933961,-0.04381616413593292,-6.293816089630127,base,Yes
4082,0,1,0.990291523661789,-0.0612625926733017,-4.686262607574463,base,Yes
4083,0,1,0.997199073563536,-0.037633705884218216,-5.912633895874023,base,Yes
4084,0,1,0.9975273771190191,-0.050823576748371124,-6.05082368850708,base,Yes
4085,0,1,0.9875683502902087,-0.05464496836066246,-4.42964506149292,base,Yes
4086,0,1,0.989013056721729,-0.076907217502594,-4.576907157897949,base,Yes
4087,0,1,0.996827316827628,-0.029479607939720154,-5.779479503631592,base,Yes
4088,0,1,0.9924227586761121,-0.08725691586732864,-4.962256908416748,base,Yes
4089,0,1,0.9859363738865317,-0.0476798340678215,-4.297679901123047,base,Yes
4090,0,1,0.9968273164623964,-0.052911024540662766,-5.802910804748535,base,Yes
4091,0,1,0.9579122678790578,-0.0849073976278305,-3.209907293319702,base,Yes
4092,0,1,0.9840936047893822,-0.07692597806453705,-4.201925754547119,base,Yes
4093,0,1,0.9914225149030833,-0.0533113107085228,-4.803311347961426,base,Yes
4094,0,1,0.9840936058390233,-0.07230440527200699,-4.1973042488098145,base,Yes
4095,0,1,0.962673116404036,-0.12721790373325348,-3.377218008041382,base,Yes
4096,0,1,0.9947798744225114,-0.05243060737848282,-5.302430629730225,base,Yes
4097,0,1,0.9959298627220252,-0.04248751327395439,-5.542487621307373,base,Yes
4098,0,1,0.9902915217277373,-0.06403083354234695,-4.689030647277832,base,Yes
4099,0,1,0.9399133439350607,-0.1509464830160141,-2.9009463787078857,base,Yes
4100,0,1,0.9840936079383049,-0.06792738288640976,-4.192927360534668,base,Yes
4101,0,1,0.9914225131923879,-0.05874411761760712,-4.808743953704834,base,Yes
4102,0,1,0.9980732648781881,-0.02649712562561035,-6.276496887207031,base,Yes
4103,0,1,0.9968273167098114,-0.04064478725194931,-5.790644645690918,base,Yes
4104,0,1,0.985936374299766,-0.07203855365514755,-4.322038650512695,base,Yes
4105,0,1,0.9770226297554521,-0.09731675684452057,-3.8473167419433594,base,Yes
4106,0,1,0.9740426426138259,-0.11354590207338333,-3.7385458946228027,base,Yes
4107,0,1,0.9740426412951848,-0.16347748041152954,-3.7884774208068848,base,Yes
4108,0,1,0.9964063970851023,-0.03604087606072426,-5.661040782928467,base,Yes
4109,0,1,0.9875683513421315,-0.05105525255203247,-4.426055431365967,base,Yes
4110,0,1,0.9525741298517642,-0.11922448128461838,-3.1192245483398438,base,Yes
4111,0,1,0.9964063968449983,-0.048715751618146896,-5.673715591430664,base,Yes
4112,0,1,0.904650527388829,-0.26162227988243103,-2.511622190475464,base,Yes
4113,0,1,0.9968273177583797,-0.05192403867840767,-5.801924228668213,base,Yes
4114,0,1,0.9890130583409233,-0.06324043869972229,-4.5632405281066895,base,Yes
4115,0,1,0.979667644579633,-0.06987820565700531,-3.944878101348877,base,Yes
4116,0,1,0.9626731142622272,-0.159558966755867,-3.4095590114593506,base,Yes
4117,0,1,0.9924227572474216,-0.047077376395463943,-4.922077178955078,base,Yes
4118,0,1,0.9669140225647107,-0.09023615717887878,-3.465236186981201,base,Yes
4119,0,1,0.9740426418603167,-0.08196405321359634,-3.7069640159606934,base,Yes
4120,0,1,0.9933071493481404,-0.0483674593269825,-5.048367500305176,base,Yes
4121,0,1,0.9914225132557472,-0.06677738577127457,-4.816777229309082,base,Yes
4122,0,1,0.9933071496205658,-0.038014329969882965,-5.0380144119262695,base,Yes
4123,0,1,0.9770226300899744,-0.05911993980407715,-3.809119939804077,base,Yes
4124,0,1,0.9947798731844332,-0.06409714370965958,-5.314096927642822,base,Yes
4125,0,1,0.9978172831489797,-0.052191443741321564,-6.177191257476807,base,Yes
4126,0,1,0.9669140206578809,-0.1187756359577179,-3.4937756061553955,base,Yes
4127,0,1,0.9978172834086118,-0.04401547461748123,-6.169015407562256,base,Yes
4128,0,1,0.9953904287607318,-0.047221455723047256,-5.422221660614014,base,Yes
4129,0,1,0.9770226275810572,-0.1065291091799736,-3.8565289974212646,base,Yes
4130,0,1,0.9902915223366054,-0.052074555307626724,-4.677074432373047,base,Yes
4131,0,1,0.966914024948248,-0.10700501501560211,-3.4820051193237305,base,Yes
4132,0,1,0.9940889310343047,-0.046141643077135086,-5.171141624450684,base,Yes
4133,0,1,0.9933071487289921,-0.047996096312999725,-5.0479960441589355,base,Yes
4134,0,1,0.9914225155366742,-0.054916270077228546,-4.8049163818359375,base,Yes
4135,0,1,0.8807970748488297,-0.2160671055316925,-2.21606707572937,base,Yes
4136,0,1,0.9875683481406271,-0.06450661271810532,-4.439506530761719,base,Yes
4137,0,1,0.997199073272195,-0.04836359992623329,-5.92336368560791,base,Yes
4138,0,1,0.8933093989533708,-0.19329340755939484,-2.318293333053589,base,Yes
4139,0,1,0.9740426407300528,-0.08273991197347641,-3.70773983001709,base,Yes
4140,0,1,0.9902915227305791,-0.07580717653036118,-4.700807094573975,base,Yes
4141,0,1,0.9971990725854623,-0.03791872784495354,-5.912918567657471,base,Yes
4142,0,1,0.9669140220880033,-0.08294390141963959,-3.457943916320801,base,Yes
4143,0,1,0.9933071492243107,-0.0944647565484047,-5.0944647789001465,base,Yes
4144,0,1,0.9968273167569381,-0.0635157898068428,-5.813515663146973,base,Yes
4145,0,1,0.9859363715104345,-0.049847230315208435,-4.29984712600708,base,Yes
4146,0,1,0.9579122702820998,-0.1262073963880539,-3.2512073516845703,base,Yes
4147,0,1,0.9525741227833249,-0.19518336653709412,-3.195183277130127,base,Yes
4148,0,1,0.9324533079218341,-0.14593817293643951,-2.7709381580352783,base,Yes
4149,0,1,0.9959298614082613,-0.04994986206293106,-5.549949645996094,base,Yes
4150,0,1,0.9924227574435163,-0.0518299862742424,-4.926829814910889,base,Yes
4151,0,1,0.9953904282137611,-0.029712114483118057,-5.404712200164795,base,Yes
4152,0,1,0.9669140201811735,-0.11929039657115936,-3.494290351867676,base,Yes
4153,0,1,0.9840936060722768,-0.06901898235082626,-4.194018840789795,base,Yes
4154,0,1,0.9980732652005601,-0.03303248807787895,-6.283032417297363,base,Yes
4155,0,1,0.9933071503387781,-0.04918842390179634,-5.049188613891602,base,Yes
4156,0,1,0.9940889315158911,-0.04025119170546532,-5.1652512550354,base,Yes
4157,0,1,0.985936370167423,-0.07648821920156479,-4.326488018035889,base,Yes
4158,0,1,0.9770226322643691,-0.08878817409276962,-3.8387882709503174,base,Yes
4159,0,1,0.9579122702820998,-0.11055044829845428,-3.2355504035949707,base,Yes
4160,0,1,0.9525741271590255,-0.11867284029722214,-3.1186728477478027,base,Yes
4161,0,1,0.9924227573874893,-0.05090254545211792,-4.925902366638184,base,Yes
4162,0,1,0.9975273765585229,-0.038689251989126205,-6.038689136505127,base,Yes
4163,0,1,0.9796676448764484,-0.07190832495689392,-3.9469082355499268,base,Yes
4164,0,1,0.9902915235901575,-0.049844734370708466,-4.674844741821289,base,Yes
4165,0,1,0.9890130594743595,-0.06093434989452362,-4.560934543609619,base,Yes
4166,0,1,0.9953904278377187,-0.045409198850393295,-5.420409202575684,base,Yes
4167,0,1,0.9984988178465659,-0.02353518269956112,-6.523535251617432,base,Yes
4168,0,1,0.9953904274445833,-0.06652077287435532,-5.441520690917969,base,Yes
4169,0,1,0.9940889308591826,-0.05741839483380318,-5.182418346405029,base,Yes
4170,0,1,0.9940889304213768,-0.03422987833619118,-5.159229755401611,base,Yes
4171,0,1,0.9859363702190772,-0.05531473830342293,-4.305314540863037,base,Yes
4172,0,1,0.9399133473013074,-0.13308291137218475,-2.883082866668701,base,Yes
4173,0,1,0.9980732656697898,-0.028072183951735497,-6.278072357177734,base,Yes
4174,0,1,0.987568349009607,-0.0546579472720623,-4.429657936096191,base,Yes
4175,0,1,0.995929862782428,-0.049295779317617416,-5.549295902252197,base,Yes
4176,0,1,0.9933071482584391,-0.056150082498788834,-5.056149959564209,base,Yes
4177,0,1,0.9465966750964616,-0.10700812190771103,-2.982008218765259,base,Yes
4178,0,1,0.9964063966982681,-0.04846831411123276,-5.673468112945557,base,Yes
4179,0,1,0.9770226309262801,-0.11879225820302963,-3.8687922954559326,base,Yes
4180,0,1,0.9890130574503666,-0.06435202807188034,-4.564352035522461,base,Yes
4181,0,1,0.9940889314940008,-0.036080777645111084,-5.161080837249756,base,Yes
4182,0,1,0.9241418272911436,-0.14961208403110504,-2.6496121883392334,base,Yes
4183,0,1,0.9669140182743434,-0.10375724732875824,-3.47875714302063,base,Yes
4184,0,1,0.9840936054891429,-0.06825846433639526,-4.193258285522461,base,Yes
4185,0,1,0.999290329713178,-0.023688634857535362,-7.273688793182373,base,Yes
4186,0,1,0.9796676459153025,-0.08175305277109146,-3.9567530155181885,base,Yes
4187,0,1,0.9947798743451315,-0.049049846827983856,-5.2990498542785645,base,Yes
4188,0,1,0.9933071486051623,-0.05340726301074028,-5.053407192230225,base,Yes
4189,0,1,0.9796676451732639,-0.06872732937335968,-3.9437272548675537,base,Yes
4190,0,1,0.9740426409184302,-0.09200938045978546,-3.7170093059539795,base,Yes
4191,0,1,0.9859363715104345,-0.06727848947048187,-4.3172783851623535,base,Yes
4192,0,1,0.7549149923816048,-0.438644140958786,-1.5636441707611084,base,Yes
4193,0,1,0.9980732653474184,-0.027919286862015724,-6.277919292449951,base,Yes
4194,0,1,0.9947798741903717,-0.0660729631781578,-5.316072940826416,base,Yes
4195,0,1,0.985936373938186,-0.06013386324048042,-4.310133934020996,base,Yes
4196,0,1,0.9890130580170845,-0.08243411779403687,-4.582434177398682,base,Yes
4197,0,1,0.9770226302572356,-0.11309599131345749,-3.863095998764038,base,Yes
4198,0,1,0.9947798734165729,-0.03704135864973068,-5.287041187286377,base,Yes
4199,0,1,0.9964063980455177,-0.04837257042527199,-5.673372745513916,base,Yes
4200,0,1,0.9947798747900659,-0.06054821237921715,-5.310548305511475,base,Yes
4201,0,1,0.9953904279060899,-0.04774473235011101,-5.4227447509765625,base,Yes
4202,0,1,0.9924227603008972,-0.04479864239692688,-4.919798851013184,base,Yes
4203,0,1,0.9964063980055005,-0.04159767925739288,-5.666597843170166,base,Yes
4204,0,1,0.982013792143467,-0.06923091411590576,-4.069231033325195,base,Yes
4205,0,1,0.9953904288974744,-0.031833890825510025,-5.406834125518799,base,Yes
4206,0,1,0.9959298628730324,-0.05444178357720375,-5.554441928863525,base,Yes
4207,0,1,0.998073265358164,-0.03643463924527168,-6.286434650421143,base,Yes
4208,0,1,0.9820137935910384,-0.07438305765390396,-4.07438325881958,base,Yes
4209,0,1,0.9982992779743841,-0.04033924266695976,-6.415339469909668,base,Yes
4210,0,1,0.9669140189894047,-0.08542927354574203,-3.4604291915893555,base,Yes
4211,0,1,0.9669140218496496,-0.08991216868162155,-3.464912176132202,base,Yes
4212,0,1,0.9959298623294062,-0.04775427654385567,-5.547754287719727,base,Yes
4213,0,1,0.9796676447280407,-0.08685622364282608,-3.9618561267852783,base,Yes
4214,0,1,0.9840936082881853,-0.0681309700012207,-4.193130970001221,base,Yes
4215,0,1,0.9875683509305094,-0.045924995094537735,-4.420925140380859,base,Yes
4216,0,1,0.9740426412951848,-0.08466535806655884,-3.709665298461914,base,Yes
4217,0,1,0.9914225149030833,-0.06887956708669662,-4.8188796043396,base,Yes
4218,0,1,0.9525741308615412,-0.1272362768650055,-3.1272363662719727,base,Yes
4219,0,1,0.9902915243064728,-0.05320969969034195,-4.6782097816467285,base,Yes
4220,0,1,0.9940889307716214,-0.042950693517923355,-5.167950630187988,base,Yes
4221,0,1,0.9914225150931606,-0.03212207555770874,-4.7821221351623535,base,Yes
4222,0,1,0.9988304895347675,-0.03650348633527756,-6.786503314971924,base,Yes
4223,0,1,0.9947798745385813,-0.05159373581409454,-5.301593780517578,base,Yes
4224,0,1,0.9914225163286626,-0.04932335391640663,-4.799323558807373,base,Yes
4225,0,1,0.9770226292536686,-0.07613996416330338,-3.8261399269104004,base,Yes
4226,0,1,0.9959298627975288,-0.03359781950712204,-5.533597946166992,base,Yes
4227,0,1,0.9046505338155469,-0.18911100924015045,-2.4391109943389893,base,Yes
4228,0,1,0.9986749774299707,-0.044687386602163315,-6.669687271118164,base,Yes
4229,0,1,0.7057850278370112,-0.47179651260375977,-1.3467965126037598,base,Yes
4230,0,1,0.9706877698846185,-0.08002755790948868,-3.5800275802612305,base,Yes
4231,0,1,0.9859363759527028,-0.06758048385381699,-4.317580699920654,base,Yes
4232,0,1,0.9959298614384627,-0.04880067706108093,-5.548800468444824,base,Yes
4233,0,1,0.9914225144912494,-0.03498793765902519,-4.784987926483154,base,Yes
4234,0,1,0.9820137916170774,-0.14448729157447815,-4.144487380981445,base,Yes
4235,0,1,0.9840936103874667,-0.0756295770406723,-4.200629711151123,base,Yes
4236,0,1,0.9940889305964992,-0.05156860128045082,-5.176568508148193,base,Yes
4237,0,1,0.9890130551025345,-0.045767515897750854,-4.545767307281494,base,Yes
4238,0,1,0.9399133557169234,-0.23762144148349762,-2.987621545791626,base,Yes
4239,0,1,0.9933071490261833,-0.04443074017763138,-5.044430732727051,base,Yes
4240,0,1,0.997817283814287,-0.03887307643890381,-6.163873195648193,base,Yes
4241,0,1,0.9902915240915781,-0.06914514303207397,-4.694145202636719,base,Yes
4242,0,1,0.9770226324316302,-0.07701052725315094,-3.8270106315612793,base,Yes
4243,0,1,0.9820137896431163,-0.08455374091863632,-4.0845537185668945,base,Yes
4244,0,1,0.9940889311437562,-0.04632091522216797,-5.171320915222168,base,Yes
4245,0,1,0.9940889313188784,-0.04267212748527527,-5.167672157287598,base,Yes
4246,0,1,0.9953904268805195,-0.027572836726903915,-5.4025726318359375,base,Yes
4247,0,1,0.962673116404036,-0.08377040922641754,-3.333770513534546,base,Yes
4248,0,1,0.9796676460637103,-0.10730317234992981,-3.9823031425476074,base,Yes
4249,0,1,0.9875683466770817,-0.06515618413686752,-4.440155982971191,base,Yes
4250,0,1,0.9149009549929797,-0.25963711738586426,-2.6346371173858643,base,Yes
4251,0,1,0.9947798741903717,-0.039569877088069916,-5.289569854736328,base,Yes
4252,0,1,0.9875683466770817,-0.07417842000722885,-4.449178218841553,base,Yes
4253,0,1,0.9924227586761121,-0.053449638187885284,-4.928449630737305,base,Yes
4254,0,1,0.9465966679403514,-0.1626773327589035,-3.03767728805542,base,Yes
4255,0,1,0.9324533116759811,-0.14496012032032013,-2.7699601650238037,base,Yes
4256,0,1,0.9978172834167253,-0.04510647431015968,-6.170106410980225,base,Yes
4257,0,1,0.9875683490553425,-0.061182983219623566,-4.436182975769043,base,Yes
4258,0,1,0.8670357701094303,-0.23028674721717834,-2.1052868366241455,base,Yes
4259,0,1,0.9914225140794153,-0.05030542612075806,-4.800305366516113,base,Yes
4260,0,1,0.9959298627975288,-0.07409750670194626,-5.574097633361816,base,Yes
4261,0,1,0.8670357683915538,-0.23294179141521454,-2.1079418659210205,base,Yes
4262,0,1,0.9924227580598144,-0.04094943404197693,-4.91594934463501,base,Yes
4263,0,1,0.9959298627975288,-0.038939349353313446,-5.538939476013184,base,Yes
4264,0,1,0.9796676482898262,-0.07332245260477066,-3.9483225345611572,base,Yes
4265,0,1,0.9933071480355454,-0.04922882467508316,-5.049228668212891,base,Yes
4266,0,1,0.979667644579633,-0.10321055352687836,-3.97821044921875,base,Yes
4267,0,1,0.982013788985129,-0.09097057580947876,-4.090970516204834,base,Yes
4268,0,1,0.9924227587041257,-0.052717212587594986,-4.927717208862305,base,Yes
4269,0,1,0.9986749777454621,-0.03593289479613304,-6.660933017730713,base,Yes
4270,0,1,0.9859363726468289,-0.08056595176458359,-4.330565929412842,base,Yes
4271,0,1,0.9149009515124917,-0.15033678710460663,-2.525336742401123,base,Yes
4272,0,1,0.977022630759019,-0.08699938654899597,-3.8369994163513184,base,Yes
4273,0,1,0.9940889316253425,-0.04957953840494156,-5.174579620361328,base,Yes
4274,0,1,0.9953904280941112,-0.05255073308944702,-5.427550792694092,base,Yes
4275,0,1,0.9859363753328515,-0.06329090148210526,-4.313291072845459,base,Yes
4276,0,1,0.9820137920118697,-0.07467926293611526,-4.074679374694824,base,Yes
4277,0,1,0.924141817889503,-0.14397791028022766,-2.6439778804779053,base,Yes
4278,0,1,0.9579122693809591,-0.10310227423906326,-3.228102207183838,base,Yes
4279,0,1,0.9902915230171051,-0.04624181240797043,-4.671241760253906,base,Yes
4280,0,1,0.9796676442828175,-0.08530580997467041,-3.960305690765381,base,Yes
4281,0,1,0.9902915232319999,-0.06451991200447083,-4.689519882202148,base,Yes
4282,0,1,0.9525741261492485,-0.1387028843164444,-3.138702869415283,base,Yes
4283,0,1,0.9706877713685592,-0.11026756465435028,-3.6102676391601562,base,Yes
4284,0,1,0.9975273764298843,-0.031928230077028275,-6.031928062438965,base,Yes
4285,0,1,0.9924227584800174,-0.05758384242653847,-4.932583808898926,base,Yes
4286,0,1,0.9947798739969221,-0.05198866128921509,-5.30198860168457,base,Yes
4287,0,1,0.9947798739388872,-0.04369361326098442,-5.293693542480469,base,Yes
4288,0,1,0.9933071500663527,-0.055806964635849,-5.055807113647461,base,Yes
4289,0,1,0.9964063967382856,-0.0491454117000103,-5.674145221710205,base,Yes
4290,0,1,0.9579122693809591,-0.0951579287648201,-3.2201578617095947,base,Yes
4291,0,1,0.9924227593204236,-0.04550306126475334,-4.92050313949585,base,Yes
4292,0,1,0.9933071487289921,-0.05691581219434738,-5.056915760040283,base,Yes
4293,0,1,0.9465966668104392,-0.1205645278096199,-2.9955644607543945,base,Yes
4294,0,1,0.9669140194661121,-0.10519725829362869,-3.4801971912384033,base,Yes
4295,0,1,0.9820137908274928,-0.07025475800037384,-4.070254802703857,base,Yes
4296,0,1,0.9669140247098942,-0.0869831070303917,-3.4619832038879395,base,Yes
4297,0,1,0.9964063975919883,-0.03887123987078667,-5.6638712882995605,base,Yes
4298,0,1,0.9968273175109648,-0.039570219814777374,-5.789570331573486,base,Yes
4299,0,1,0.9924227605250054,-0.05725359916687012,-4.932253837585449,base,Yes
4300,0,1,0.9940889322820508,-0.05036573112010956,-5.175365924835205,base,Yes
4301,0,1,0.9933071484318008,-0.05934105068445206,-5.059340953826904,base,Yes
4302,0,1,0.8807970748488297,-0.37331631779670715,-2.3733162879943848,base,Yes
4303,0,1,0.9947798731263984,-0.04426025226712227,-5.294260025024414,base,Yes
4304,0,1,0.9971990723877665,-0.042372457683086395,-5.917372226715088,base,Yes
4305,0,1,0.974042644685976,-0.11322490870952606,-3.738224983215332,base,Yes
4306,0,1,0.9875683467685533,-0.075299933552742,-4.4502997398376465,base,Yes
4307,0,1,0.9875683513421315,-0.06290847063064575,-4.43790864944458,base,Yes
4308,0,1,0.990291523661789,-0.055935367941856384,-4.680935382843018,base,Yes
4309,0,1,0.9924227599647348,-0.05560953915119171,-4.930609703063965,base,Yes
4310,0,1,0.9875683492382856,-0.0638875886797905,-4.438887596130371,base,Yes
4311,0,1,0.9840936056057696,-0.11836450546979904,-4.243364334106445,base,Yes
4312,0,1,0.9740426433673349,-0.11298153549432755,-3.7379815578460693,base,Yes
4313,0,1,0.9875683487351923,-0.042437586933374405,-4.417437553405762,base,Yes
4314,0,1,0.9875683493297572,-0.06620071828365326,-4.4412007331848145,base,Yes
4315,0,1,0.9820137868795701,-0.13582056760787964,-4.135820388793945,base,Yes
4316,0,1,0.9914225156633925,-0.04680382460355759,-4.796803951263428,base,Yes
4317,0,1,0.9859363699608057,-0.054607607424259186,-4.304607391357422,base,Yes
4318,0,1,0.9875683488266638,-0.05345585569739342,-4.428455829620361,base,Yes
4319,0,1,0.9940889305308283,-0.0640789121389389,-5.1890788078308105,base,Yes
4320,0,1,0.9940889324790634,-0.047056447714567184,-5.172056674957275,base,Yes
4321,0,1,0.9890130559930914,-0.056565411388874054,-4.556565284729004,base,Yes
4322,0,1,0.9924227582559091,-0.053624216467142105,-4.928624153137207,base,Yes
4323,0,1,0.977022630759019,-0.07376381754875183,-3.823763847351074,base,Yes
4324,0,1,0.9859363719236689,-0.06862170994281769,-4.318621635437012,base,Yes
4325,0,1,0.979667647844603,-0.07636088132858276,-3.9513609409332275,base,Yes
4326,0,1,0.990291524879525,-0.06898961216211319,-4.6939897537231445,base,Yes
4327,0,1,0.9924227583679631,-0.05877356603741646,-4.933773517608643,base,Yes
4328,0,1,0.9940889317785743,-0.04317129775881767,-5.168171405792236,base,Yes
4329,0,1,0.9859363713038174,-0.06553518772125244,-4.315535068511963,base,Yes
4330,0,1,0.9740426458162398,-0.08619916439056396,-3.7111992835998535,base,Yes
4331,0,1,0.9465966747198243,-0.1390461027622223,-3.0140461921691895,base,Yes
4332,0,1,0.9796676490318648,-0.07441604137420654,-3.949416160583496,base,Yes
4333,0,1,0.9924227604129512,-0.06340290606021881,-4.938403129577637,base,Yes
4334,0,1,0.914900950352329,-0.20858293771743774,-2.583582878112793,base,Yes
4335,0,1,0.9740426412951848,-0.13822013139724731,-3.7632200717926025,base,Yes
4336,0,1,0.9947798751769651,-0.03732092306017876,-5.287321090698242,base,Yes
4337,0,1,0.9914225155366742,-0.08169878274202347,-4.831698894500732,base,Yes
4338,0,1,0.9706877713685592,-0.0689653605222702,-3.568965435028076,base,Yes
4339,0,1,0.9947798739582321,-0.05630356818437576,-5.30630350112915,base,Yes
4340,0,1,0.9706877715805505,-0.08119694143533707,-3.5811970233917236,base,Yes
4341,0,1,0.9968273165978856,-0.030216870829463005,-5.780216693878174,base,Yes
4342,0,1,0.9840936058390233,-0.06707016378641129,-4.192070007324219,base,Yes
4343,0,1,0.9978172836195628,-0.03921505808830261,-6.164215087890625,base,Yes
4344,0,1,0.9953904287607318,-0.0565812923014164,-5.431581497192383,base,Yes
4345,0,1,0.8933094060543487,-0.20272374153137207,-2.327723741531372,base,Yes
4346,0,1,0.9525741221101401,-0.11668549478054047,-3.116685390472412,base,Yes
4347,0,1,0.984093604906009,-0.06605265289545059,-4.191052436828613,base,Yes
4348,0,1,0.9933071479860135,-0.04139582812786102,-5.041395664215088,base,Yes
4349,0,1,0.9796676453216716,-0.083194799721241,-3.9581947326660156,base,Yes
4350,0,1,0.9875683469057607,-0.05009001865983009,-4.4250898361206055,base,Yes
4351,0,1,0.952574129515172,-0.139964759349823,-3.1399648189544678,base,Yes
4352,0,1,0.9875683462197239,-0.07609677314758301,-4.451096534729004,base,Yes
4353,0,1,0.9149009538328171,-0.24808789789676666,-2.6230878829956055,base,Yes
4354,0,1,0.9820137866163753,-0.062121108174324036,-4.0621209144592285,base,Yes
4355,0,1,0.99330714776312,-0.05742998793721199,-5.057429790496826,base,Yes
4356,0,1,0.9149009596336303,-0.16812390089035034,-2.543123960494995,base,Yes
4357,0,1,0.9933071490509493,-0.04418611899018288,-5.044186115264893,base,Yes
4358,0,1,0.9669140251866016,-0.0903102234005928,-3.4653103351593018,base,Yes
4359,0,1,0.9964063969783894,-0.047841671854257584,-5.672841548919678,base,Yes
4360,0,1,0.9933071498186933,-0.05116308480501175,-5.051163196563721,base,Yes
4361,0,1,0.966914024233187,-0.09337464720010757,-3.468374729156494,base,Yes
4362,0,1,0.9953904288461961,-0.051255956292152405,-5.42625617980957,base,Yes
4363,0,1,0.9875683517080176,-0.06827905774116516,-4.443279266357422,base,Yes
4364,0,1,0.9978172838467411,-0.03541789948940277,-6.1604180335998535,base,Yes
4365,0,1,0.9669140237564795,-0.0954548642039299,-3.4704549312591553,base,Yes
4366,0,1,0.9890130597981982,-0.0812380462884903,-4.581238269805908,base,Yes
4367,0,1,0.9902915254525771,-0.07480791956186295,-4.699808120727539,base,Yes
4368,0,1,0.9914225154733152,-0.05680646002292633,-4.806806564331055,base,Yes
4369,0,1,0.9947798746933411,-0.0698641985654831,-5.319864273071289,base,Yes
4370,0,1,0.9953904275300476,-0.04408175125718117,-5.419081687927246,base,Yes
4371,0,1,0.9840936054891429,-0.10983198881149292,-4.234831809997559,base,Yes
4372,0,1,0.9875683513421315,-0.08252841234207153,-4.457528591156006,base,Yes
4373,0,1,0.966914024948248,-0.11960257589817047,-3.494602680206299,base,Yes
4374,0,1,0.9933071498682252,-0.04633605480194092,-5.0463361740112305,base,Yes
4375,0,1,0.9770226290864076,-0.08040504157543182,-3.8304049968719482,base,Yes
4376,0,1,0.9875683514793386,-0.05915241315960884,-4.434152603149414,base,Yes
4377,0,1,0.9914225126221561,-0.06421016901731491,-4.814209938049316,base,Yes
4378,0,1,0.924141817889503,-0.1978771984577179,-2.6978771686553955,base,Yes
4379,0,1,0.9149009468718409,-0.15136729180812836,-2.5263671875,base,Yes
4380,0,1,0.798186768138228,-0.3934341073036194,-1.7684340476989746,base,Yes
4381,0,1,0.979667644579633,-0.09338007867336273,-3.9683799743652344,base,Yes
4382,0,1,0.9914225142061334,-0.06651787459850311,-4.8165178298950195,base,Yes
4383,0,1,0.9770226275810572,-0.10810648649930954,-3.8581063747406006,base,Yes
4384,0,1,0.957912274487423,-0.09387725591659546,-3.2188773155212402,base,Yes
4385,0,1,0.9924227585920716,-0.05668594315648079,-4.931685924530029,base,Yes
4386,0,1,0.9875683482320986,-0.06396587193012238,-4.438965797424316,base,Yes
4387,0,1,0.9978172840333516,-0.042894620448350906,-6.1678948402404785,base,Yes
4388,0,1,0.9975273765585229,-0.050624486058950424,-6.050624370574951,base,Yes
4389,0,1,0.8519528076067262,-0.2426327019929886,-1.9926327466964722,base,Yes
4390,0,1,0.9890130591505206,-0.07896168529987335,-4.5789618492126465,base,Yes
4391,0,1,0.9890130589076415,-0.08668790012598038,-4.586688041687012,base,Yes
4392,0,1,0.9875683517080176,-0.08687666058540344,-4.46187686920166,base,Yes
4393,0,1,0.9933071494472042,-0.04251379147171974,-5.042513847351074,base,Yes
4394,0,1,0.9914225151565197,-0.05521243065595627,-4.805212497711182,base,Yes
4395,0,1,0.9890130588671616,-0.04699025675654411,-4.546990394592285,base,Yes
4396,0,1,0.9820137903011033,-0.08768366277217865,-4.08768367767334,base,Yes
4397,0,1,0.7981867729389246,-0.33473971486091614,-1.7097396850585938,base,Yes
4398,0,1,0.9579122735862822,-0.10835596174001694,-3.23335599899292,base,Yes
4399,0,1,0.9940889302900351,-0.04279914125800133,-5.16779899597168,base,Yes
4400,0,1,0.9796676475477876,-0.07667846977710724,-3.951678514480591,base,Yes
4401,0,1,0.991422512843913,-0.048263754695653915,-4.7982635498046875,base,Yes
4402,0,1,0.9902915253809457,-0.053973957896232605,-4.678974151611328,base,Yes
4403,0,1,0.9940889303119254,-0.05317511409521103,-5.17817497253418,base,Yes
4404,0,1,0.9890130552644538,-0.05713482201099396,-4.557134628295898,base,Yes
4405,0,1,0.9947798751189303,-0.04875548928976059,-5.298755645751953,base,Yes
4406,0,1,0.9875683507018305,-0.0578073188662529,-4.432807445526123,base,Yes
4407,0,1,0.9975273765125805,-0.056384697556495667,-6.056384563446045,base,Yes
4408,0,1,0.9740426435557125,-0.08978554606437683,-3.714785575866699,base,Yes
4409,0,1,0.9890130595553192,-0.062362946569919586,-4.562363147735596,base,Yes
4410,0,1,0.9902915225156844,-0.055877313017845154,-4.680877208709717,base,Yes
4411,0,1,0.9796676489576609,-0.0575178898870945,-3.9325180053710938,base,Yes
4412,0,1,0.9796676451732639,-0.08731897175312042,-3.9623188972473145,base,Yes
4413,0,1,0.984093604906009,-0.07088539749383926,-4.195885181427002,base,Yes
4414,0,1,0.9859363738865317,-0.06959670037031174,-4.319596767425537,base,Yes
4415,0,1,0.9924227604969919,-0.04767346754670143,-4.92267370223999,base,Yes
4416,0,1,0.9149009631141181,-0.1815744787454605,-2.556574583053589,base,Yes
4417,0,1,0.9971990726478925,-0.03816523030400276,-5.913165092468262,base,Yes
4418,0,1,0.9953904283675966,-0.044062018394470215,-5.41906213760376,base,Yes
4419,0,1,0.99477987527369,-0.03551845997571945,-5.285518646240234,base,Yes
4420,0,1,0.9914225126221561,-0.055021993815898895,-4.8050217628479,base,Yes
4421,0,1,0.9924227571353673,-0.05368206277489662,-4.92868185043335,base,Yes
4422,0,1,0.9241418283357702,-0.16845262050628662,-2.668452739715576,base,Yes
4423,0,1,0.9669140194661121,-0.1071353629231453,-3.48213529586792,base,Yes
4424,0,1,0.9947798750415504,-0.04145655781030655,-5.291456699371338,base,Yes
4425,0,1,0.9914225157267513,-0.054652079939842224,-4.804652214050293,base,Yes
4426,0,1,0.9046505299595163,-0.1830180287361145,-2.4330179691314697,base,Yes
4427,0,1,0.9579122705824801,-0.10723046213388443,-3.2322304248809814,base,Yes
4428,0,1,0.9902915242348413,-0.0765036791563034,-4.701503753662109,base,Yes
4429,0,1,0.9669140211345884,-0.09621383249759674,-3.4712138175964355,base,Yes
4430,0,1,0.8807970779778823,-0.3772554397583008,-2.377255439758301,base,Yes
4431,0,1,0.9875683503359445,-0.0714649185538292,-4.446465015411377,base,Yes
4432,0,1,0.993307149174779,-0.042419418692588806,-5.04241943359375,base,Yes
4433,0,1,0.9875683498328508,-0.047650281339883804,-4.422650337219238,base,Yes
4434,0,1,0.9968273169336631,-0.028840135782957077,-5.778840065002441,base,Yes
4435,0,1,0.9770226280828407,-0.08506211638450623,-3.835062026977539,base,Yes
4436,0,1,0.9914225150931606,-0.0548667311668396,-4.804866790771484,base,Yes
4437,0,1,0.9890130587052423,-0.062215205281972885,-4.562215328216553,base,Yes
4438,0,1,0.9149009515124917,-0.1680334061384201,-2.5430333614349365,base,Yes
4439,0,1,0.9980732651074303,-0.031377434730529785,-6.28137731552124,base,Yes
4440,0,1,0.9840936058390233,-0.08723703771829605,-4.2122368812561035,base,Yes
4441,0,1,0.9859363702707314,-0.05860157310962677,-4.308601379394531,base,Yes
4442,0,1,0.8933094145755219,-0.22155681252479553,-2.3465569019317627,base,Yes
4443,0,1,0.9046505312448597,-0.17831210792064667,-2.428312063217163,base,Yes
4444,0,1,0.9740426439324669,-0.07118196785449982,-3.6961820125579834,base,Yes
4445,0,1,0.9964063981989174,-0.03005053661763668,-5.655050754547119,base,Yes
4446,0,1,0.9914225137942995,-0.05091104283928871,-4.800910949707031,base,Yes
4447,0,1,0.9840936116703609,-0.0547192320227623,-4.1797194480896,base,Yes
4448,0,1,0.9399133498259924,-0.16499590873718262,-2.9149959087371826,base,Yes
4449,0,1,0.9875683485979849,-0.0754571408033371,-4.4504570960998535,base,Yes
4450,0,1,0.9940889320412578,-0.05135425552725792,-5.17635440826416,base,Yes
4451,0,1,0.990291525774919,-0.05193829908967018,-4.676938533782959,base,Yes
4452,0,1,0.9902915225515002,-0.056982140988111496,-4.681982040405273,base,Yes
4453,0,1,0.9953904274103975,-0.0530448853969574,-5.42804479598999,base,Yes
4454,0,1,0.9875683463111955,-0.060443632304668427,-4.43544340133667,base,Yes
4455,0,1,0.9971990728039681,-0.042282186448574066,-5.9172821044921875,base,Yes
4456,0,1,0.9796676448764484,-0.09153422713279724,-3.96653413772583,base,Yes
4457,0,1,0.9968273173460214,-0.03947728872299194,-5.789477348327637,base,Yes
4458,0,1,0.9953904270001694,-0.07522696256637573,-5.450226783752441,base,Yes
4459,0,1,0.9902915241273939,-0.0385393463075161,-4.663539409637451,base,Yes
4460,0,1,0.9953904283846895,-0.023840781301259995,-5.39884090423584,base,Yes
4461,0,1,0.9241418231126367,-0.15686269104480743,-2.656862735748291,base,Yes
4462,0,1,0.9947798731457431,-0.06159566342830658,-5.311595439910889,base,Yes
4463,0,1,0.9953904285385249,-0.05539640039205551,-5.430396556854248,base,Yes
4464,0,1,0.9890130568836484,-0.05542425811290741,-4.555424213409424,base,Yes
4465,0,1,0.8354835330070839,-0.32832959294319153,-1.9533295631408691,base,Yes
4466,0,1,0.9875683499243224,-0.0425524078309536,-4.417552471160889,base,Yes
4467,0,1,0.9940889302681448,-0.04487147927284241,-5.1698713302612305,base,Yes
4468,0,1,0.9933071492738426,-0.08592221140861511,-5.0859222412109375,base,Yes
4469,0,1,0.9971990726374874,-0.036890171468257904,-5.911890029907227,base,Yes
4470,0,1,0.9890130563169305,-0.0798097625374794,-4.579809665679932,base,Yes
4471,0,1,0.9706877726405082,-0.1335238218307495,-3.633523941040039,base,Yes
4472,0,1,0.9902915218351847,-0.05712908133864403,-4.68212890625,base,Yes
4473,0,1,0.9978172834004982,-0.03325183317065239,-6.158251762390137,base,Yes
4474,0,1,0.9241418199787566,-0.1724381446838379,-2.672438144683838,base,Yes
4475,0,1,0.9953904281112039,-0.03654187545180321,-5.411541938781738,base,Yes
4476,0,1,0.97068777009661,-0.07046052813529968,-3.570460557937622,base,Yes
4477,0,1,0.9796676487350494,-0.09240616858005524,-3.9674062728881836,base,Yes
4478,0,1,0.9840936102708402,-0.09671198576688766,-4.221712112426758,base,Yes
4479,0,1,0.9875683517994891,-0.06986453384160995,-4.444864749908447,base,Yes
4480,0,1,0.9940889321944898,-0.0693696141242981,-5.194369792938232,base,Yes
4481,0,1,0.9947798734359179,-0.037711311131715775,-5.287711143493652,base,Yes
4482,0,1,0.9914225163603422,-0.04853418469429016,-4.798534393310547,base,Yes
4483,0,1,0.9820137926698564,-0.06290993094444275,-4.062910079956055,base,Yes
4484,0,1,0.9859363745063829,-0.07249534875154495,-4.322495460510254,base,Yes
4485,0,1,0.9890130568836484,-0.12514261901378632,-4.625142574310303,base,Yes
4486,0,1,0.9859363731633717,-0.0823364108800888,-4.33233642578125,base,Yes
4487,0,1,0.9626731139945011,-0.10420461744070053,-3.3542046546936035,base,Yes
4488,0,1,0.9796676463605257,-0.11227728426456451,-3.9872772693634033,base,Yes
4489,0,1,0.9875683496956434,-0.0654882937669754,-4.440488338470459,base,Yes
4490,0,1,0.9770226275810572,-0.07581888884305954,-3.8258187770843506,base,Yes
4491,0,1,0.9953904278548114,-0.04283808916807175,-5.417838096618652,base,Yes
4492,0,1,0.9959298629787374,-0.04958135634660721,-5.549581527709961,base,Yes
4493,0,1,0.9324533097989077,-0.17655514180660248,-2.8015551567077637,base,Yes
4494,0,1,0.9964063975119536,-0.04368779435753822,-5.66868782043457,base,Yes
4495,0,1,0.9820137920118697,-0.08708418160676956,-4.0870842933654785,base,Yes
4496,0,1,0.9241418262465169,-0.1467987596988678,-2.646798849105835,base,Yes
4497,0,1,0.9796676453216716,-0.0815635398030281,-3.9565634727478027,base,Yes
4498,0,1,0.9953904281966682,-0.054525770246982574,-5.429525852203369,base,Yes
4499,0,1,0.9046505261034853,-0.1677781194448471,-2.4177780151367188,base,Yes
4500,0,1,0.987568350610359,-0.07459628582000732,-4.449596405029297,base,Yes
4501,0,1,0.9914225133191062,-0.049139171838760376,-4.799139022827148,base,Yes
4502,0,1,0.9982992775189908,-0.04890875145792961,-6.423908710479736,base,Yes
4503,0,1,0.9933071483079711,-0.055076714605093,-5.055076599121094,base,Yes
4504,0,1,0.9924227583679631,-0.059952784329652786,-4.934952735900879,base,Yes
4505,0,1,0.9902915253093142,-0.05819159001111984,-4.683191776275635,base,Yes
4506,0,1,0.9770226295881911,-0.11336519569158554,-3.8633651733398438,base,Yes
4507,0,1,0.9579122693809591,-0.0925188735127449,-3.2175188064575195,base,Yes
4508,0,1,0.904650536386234,-0.16437600553035736,-2.4143760204315186,base,Yes
4509,0,1,0.9399133531922388,-0.13852781057357788,-2.8885278701782227,base,Yes
4510,0,1,0.9890130563169305,-0.07342968136072159,-4.573429584503174,base,Yes
4511,0,1,0.9770226292536686,-0.08287981897592545,-3.8328797817230225,base,Yes
4512,0,1,0.9465966732132748,-0.15735262632369995,-3.0323526859283447,base,Yes
4513,0,1,0.9933071506112032,-0.06672597676515579,-5.066726207733154,base,Yes
4514,0,1,0.9796676446538368,-0.06027708575129509,-3.935276985168457,base,Yes
4515,0,1,0.9840936061889036,-0.06344665586948395,-4.188446521759033,base,Yes
4516,0,1,0.979667648438234,-0.08084383606910706,-3.955843925476074,base,Yes
4517,0,1,0.9875683464941386,-0.06671259552240372,-4.441712379455566,base,Yes
4518,0,1,0.9924227588441933,-0.0408005565404892,-4.91580057144165,base,Yes
4519,0,1,0.9740426405416754,-0.06707629561424255,-3.6920762062072754,base,Yes
4520,0,1,0.9706877684006775,-0.07130363583564758,-3.571303606033325,base,Yes
4521,0,1,0.9840936095710796,-0.07375041395425797,-4.1987504959106445,base,Yes
4522,0,1,0.989013057612286,-0.04367969185113907,-4.543679714202881,base,Yes
4523,0,1,0.9975273767376979,-0.030291123315691948,-6.0302910804748535,base,Yes
4524,0,1,0.9465966660571644,-0.11740192025899887,-2.9924018383026123,base,Yes
4525,0,1,0.9840936052558893,-0.12401027977466583,-4.24901008605957,base,Yes
4526,0,1,0.9796676459895064,-0.046438250690698624,-3.921438217163086,base,Yes
4527,0,1,0.9706877679766944,-0.10184197127819061,-3.601841926574707,base,Yes
4528,0,1,0.9465966686936261,-0.13651135563850403,-3.0115113258361816,base,Yes
4529,0,1,0.9924227601048025,-0.06105738505721092,-4.9360575675964355,base,Yes
4530,0,1,0.8519527963298947,-0.24408142268657684,-1.9940813779830933,base,Yes
4531,0,1,0.9959298616272219,-0.029321832582354546,-5.529321670532227,base,Yes
4532,0,1,0.9465966694469009,-0.13079167902469635,-3.005791664123535,base,Yes
4533,0,1,0.9875683492382856,-0.04893588274717331,-4.423935890197754,base,Yes
4534,0,1,0.9902915235185259,-0.06482362747192383,-4.689823627471924,base,Yes
4535,0,1,0.9890130562359708,-0.05059252679347992,-4.550592422485352,base,Yes
4536,0,1,0.8519527869325346,-0.29064905643463135,-2.040648937225342,base,Yes
4537,0,1,0.9579122687801985,-0.0983022078871727,-3.223302125930786,base,Yes
4538,0,1,0.9740426411068074,-0.08878762274980545,-3.71378755569458,base,Yes
4539,0,1,0.9525741261492485,-0.15474535524845123,-3.15474534034729,base,Yes
4540,0,1,0.9770226291700381,-0.058952610939741135,-3.808952569961548,base,Yes
4541,0,1,0.974042644685976,-0.1079973429441452,-3.732997417449951,base,Yes
4542,0,1,0.9902915223007897,-0.06216491013765335,-4.687164783477783,base,Yes
4543,0,1,0.9525741258126562,-0.11727883666753769,-3.117278814315796,base,Yes
4544,0,1,0.997527376383942,-0.04584426432847977,-6.045844078063965,base,Yes
4545,0,1,0.880797081106935,-0.25412771105766296,-2.2541277408599854,base,Yes
4546,0,1,0.9399133439350607,-0.1358874887228012,-2.885887384414673,base,Yes
4547,0,1,0.995390427803533,-0.03866482153534889,-5.413664817810059,base,Yes
4548,0,1,0.9914225129072721,-0.0595981664955616,-4.809597969055176,base,Yes
4549,0,1,0.9947798747707209,-0.042241960763931274,-5.292242050170898,base,Yes
4550,0,1,0.9964063981922479,-0.06969621032476425,-5.694696426391602,base,Yes
4551,0,1,0.9820137860899855,-0.07651637494564056,-4.076516151428223,base,Yes
4552,0,1,0.9875683504731518,-0.055862318724393845,-4.4308624267578125,base,Yes
4553,0,1,0.9840936092211993,-0.06708186864852905,-4.192081928253174,base,Yes
4554,0,1,0.9971990729808539,-0.027745265513658524,-5.902745246887207,base,Yes
4555,0,1,0.974042641483562,-0.06379633396863937,-3.688796281814575,base,Yes
4556,0,1,0.9840936086380656,-0.0740651860833168,-4.199065208435059,base,Yes
4557,0,1,0.8670357683915538,-0.21141831576824188,-2.086418390274048,base,Yes
4558,0,1,0.9924227578917331,-0.04488527029752731,-4.919885158538818,base,Yes
4559,0,1,0.9820137935252395,-0.05896834656596184,-4.058968544006348,base,Yes
4560,0,1,0.9046505428129514,-0.1802331507205963,-2.4302332401275635,base,Yes
4561,0,1,0.9924227593204236,-0.05250684544444084,-4.927506923675537,base,Yes
4562,0,1,0.9859363709938916,-0.06822695583105087,-4.3182268142700195,base,Yes
4563,0,1,0.9924227597406265,-0.05473266541957855,-4.929732799530029,base,Yes
4564,0,1,0.9971990735531311,-0.03137951344251633,-5.906379699707031,base,Yes
4565,0,1,0.8519528132451416,-0.30977240204811096,-2.059772491455078,base,Yes
4566,0,1,0.9820137917486748,-0.05631055682897568,-4.056310653686523,base,Yes
4567,0,1,0.9959298620575928,-0.04111247882246971,-5.541112422943115,base,Yes
4568,0,1,0.9770226279155795,-0.08685622364282608,-3.8368561267852783,base,Yes
4569,0,1,0.9706877720045336,-0.06794609874486923,-3.567946195602417,base,Yes
4570,0,1,0.9914225154099561,-0.057994745671749115,-4.807994842529297,base,Yes
4571,0,1,0.9579122750881832,-0.08244125545024872,-3.2074413299560547,base,Yes
4572,0,1,0.9465966694469009,-0.1025557667016983,-2.977555751800537,base,Yes
4573,0,1,0.8933094103149354,-0.1882605105638504,-2.313260555267334,base,Yes
4574,0,1,0.9706877675527112,-0.08183389902114868,-3.581833839416504,base,Yes
4575,0,1,0.9770226292536686,-0.08077577501535416,-3.830775737762451,base,Yes
4576,0,1,0.8354835411997897,-0.2846618592739105,-1.909661889076233,base,Yes
4577,0,1,0.9953904274787689,-0.05364997684955597,-5.42864990234375,base,Yes
4578,0,1,0.9875683518909607,-0.05420614778995514,-4.429206371307373,base,Yes
4579,0,1,0.8670357598021706,-0.25304675102233887,-2.128046751022339,base,Yes
4580,0,1,0.9964063970984414,-0.05221995711326599,-5.677219867706299,base,Yes
4581,0,1,0.9149009480320036,-0.22476491332054138,-2.599764823913574,base,Yes
4582,0,1,0.98901305931244,-0.09580641984939575,-4.59580659866333,base,Yes
4583,0,1,0.9820137907616943,-0.05565114691853523,-4.0556511878967285,base,Yes
4584,0,1,0.9890130569646081,-0.05763200670480728,-4.557631969451904,base,Yes
4585,0,1,0.8670357735451834,-0.21080386638641357,-2.085803985595703,base,Yes
4586,0,1,0.996827316438833,-0.05202125385403633,-5.802021026611328,base,Yes
4587,0,1,0.9953904270172623,-0.05750292167067528,-5.432502746582031,base,Yes
4588,0,1,0.9740426444975988,-0.07895176857709885,-3.703951835632324,base,Yes
4589,0,1,0.9399133439350607,-0.1785937398672104,-2.928593635559082,base,Yes
4590,0,1,0.9964063973118672,-0.04445651173591614,-5.669456481933594,base,Yes
4591,0,1,0.9669140244715405,-0.12351837754249573,-3.498518466949463,base,Yes
4592,0,1,0.9902915237334206,-0.06826303154230118,-4.693263053894043,base,Yes
4593,0,1,0.9820137878007522,-0.07709849625825882,-4.077098369598389,base,Yes
4594,0,1,0.9890130558716519,-0.049356598407030106,-4.549356460571289,base,Yes
4595,0,1,0.9980732649713179,-0.033980559557676315,-6.283980369567871,base,Yes
4596,0,1,0.994088931909916,-0.04569326713681221,-5.170693397521973,base,Yes
4597,0,1,0.9796676471025644,-0.0785817876458168,-3.9535818099975586,base,Yes
4598,0,1,0.9820137900379085,-0.061679840087890625,-4.061679840087891,base,Yes
4599,0,1,0.9626731110495138,-0.13171963393688202,-3.3817195892333984,base,Yes
4600,0,1,0.9840936092211993,-0.08070462942123413,-4.205704689025879,base,Yes
4601,0,1,0.9964063982456042,-0.04450679570436478,-5.669507026672363,base,Yes
4602,0,1,0.9964063982456042,-0.0409400537610054,-5.665940284729004,base,Yes
4603,0,1,0.9924227597406265,-0.06435571610927582,-4.939355850219727,base,Yes
4604,0,1,0.9579122708828604,-0.13468816876411438,-3.259688138961792,base,Yes
4605,0,1,0.9933071506359692,-0.05387568846344948,-5.053875923156738,base,Yes
4606,0,1,0.9820137918802723,-0.07603920996189117,-4.0760393142700195,base,Yes
4607,0,1,0.9859363718203602,-0.06864508241415024,-4.318645000457764,base,Yes
4608,0,1,0.9902915223724212,-0.10986530780792236,-4.734865188598633,base,Yes
4609,0,1,0.9933071479364817,-0.037562064826488495,-5.037561893463135,base,Yes
4610,0,1,0.9902915252734984,-0.057363804429769516,-4.682363986968994,base,Yes
4611,0,1,0.994779873455263,-0.05084340274333954,-5.300843238830566,base,Yes
4612,0,1,0.982013793854233,-0.07311227172613144,-4.073112487792969,base,Yes
4613,0,1,0.9940889316472328,-0.04132548347115517,-5.166325569152832,base,Yes
4614,0,1,0.8670357512127872,-0.23639948666095734,-2.1113994121551514,base,Yes
4615,0,1,0.9626731123881445,-0.08819437772035599,-3.3381943702697754,base,Yes
4616,0,1,0.9975273769444384,-0.061346013098955154,-6.061346054077148,base,Yes
4617,0,1,0.9525741254760638,-0.12604954838752747,-3.126049518585205,base,Yes
4618,0,1,0.992422758620085,-0.06111671030521393,-4.936116695404053,base,Yes
4619,0,1,0.9902915235185259,-0.06763362884521484,-4.692633628845215,base,Yes
4620,0,1,0.974042641483562,-0.11024194210767746,-3.7352418899536133,base,Yes
4621,0,1,0.9859363718720144,-0.04352768138051033,-4.293527603149414,base,Yes
4622,0,1,0.96267311613631,-0.08951177448034286,-3.3395118713378906,base,Yes
4623,0,1,0.9924227602168565,-0.05864552780985832,-4.933645725250244,base,Yes
4624,0,1,0.9964063966315727,-0.039226751774549484,-5.664226531982422,base,Yes
4625,0,1,0.9859363758493941,-0.06221655011177063,-4.312216758728027,base,Yes
4626,0,1,0.9914225159168286,-0.05985959619283676,-4.809859752655029,base,Yes
4627,0,1,0.9796676473993798,-0.09553428739309311,-3.970534324645996,base,Yes
4628,0,1,0.9982992779364347,-0.050469670444726944,-6.425469875335693,base,Yes
4629,0,1,0.9149009549929797,-0.17147302627563477,-2.5464730262756348,base,Yes
4630,0,1,0.952574129515172,-0.1318168044090271,-3.131816864013672,base,Yes
4631,0,1,0.9324533126145177,-0.17058438062667847,-2.7955844402313232,base,Yes
4632,0,1,0.994088932457173,-0.04612661898136139,-5.171126842498779,base,Yes
4633,0,1,0.9465966754730989,-0.1516360193490982,-3.0266361236572266,base,Yes
4634,0,1,0.9820137875375574,-0.0715886577963829,-4.071588516235352,base,Yes
4635,0,1,0.9770226275810572,-0.07440530508756638,-3.8244051933288574,base,Yes
4636,0,1,0.9890130588671616,-0.05368838831782341,-4.5536885261535645,base,Yes
4637,0,1,0.991422515283238,-0.06969109922647476,-4.819691181182861,base,Yes
4638,0,1,0.9968273177583797,-0.04537468031048775,-5.795374870300293,base,Yes
4639,0,1,0.9947798743644765,-0.04536055400967598,-5.295360565185547,base,Yes
4640,0,1,0.9875683507933021,-0.06754003465175629,-4.442540168762207,base,Yes
4641,0,1,0.9947798750802405,-0.04038938879966736,-5.290389537811279,base,Yes
4642,0,1,0.9796676444312252,-0.07394229620695114,-3.948942184448242,base,Yes
4643,0,1,0.9046505299595163,-0.17390376329421997,-2.423903703689575,base,Yes
4644,0,1,0.9579122750881832,-0.07716934382915497,-3.202169418334961,base,Yes
4645,0,1,0.957912274487423,-0.11303967237472534,-3.23803973197937,base,Yes
4646,0,1,0.993307149496736,-0.05404895171523094,-5.054049015045166,base,Yes
4647,0,1,0.990291522873842,-0.06460864096879959,-4.689608573913574,base,Yes
4648,0,1,0.9525741227833249,-0.11347779631614685,-3.1134777069091797,base,Yes
4649,0,1,0.9859363719236689,-0.06716068089008331,-4.317160606384277,base,Yes
4650,0,1,0.9902915233752629,-0.06416846811771393,-4.689168453216553,base,Yes
4651,0,1,0.9149009631141181,-0.16608108580112457,-2.541081190109253,base,Yes
4652,0,1,0.9241418126663687,-0.15666018426418304,-2.6566600799560547,base,Yes
4653,0,1,0.9914225148397244,-0.06318280100822449,-4.813182830810547,base,Yes
4654,0,1,0.9914225130656699,-0.06984251737594604,-4.819842338562012,base,Yes
4655,0,1,0.9840936084048121,-0.08882950991392136,-4.213829517364502,base,Yes
4656,0,1,0.9525741288419872,-0.15652747452259064,-3.156527519226074,base,Yes
4657,0,1,0.994088930968634,-0.04514077305793762,-5.170140743255615,base,Yes
4658,0,1,0.9947798733972278,-0.03960150107741356,-5.2896013259887695,base,Yes
4659,0,1,0.9046505299595163,-0.20675092935562134,-2.4567508697509766,base,Yes
4660,0,1,0.9579122714836206,-0.1792154461145401,-3.304215431213379,base,Yes
4661,0,1,0.9890130589886011,-0.06402334570884705,-4.564023494720459,base,Yes
4662,0,1,0.7549149813536518,-0.4982779324054718,-1.6232779026031494,base,Yes
4663,0,1,0.9933071497691615,-0.05842055380344391,-5.058420658111572,base,Yes
4664,0,1,0.9859363736799145,-0.06032175570726395,-4.310321807861328,base,Yes
4665,0,1,0.9914225130023108,-0.06244582682847977,-4.812445640563965,base,Yes
4666,0,1,0.9669140211345884,-0.14557649195194244,-3.5205764770507812,base,Yes
4667,0,1,0.9890130593529198,-0.042994316667318344,-4.542994499206543,base,Yes
4668,0,1,0.9579122753885635,-0.09457723051309586,-3.2195773124694824,base,Yes
4669,0,1,0.9241418272911436,-0.14000476896762848,-2.640004873275757,base,Yes
4670,0,1,0.9914225146496473,-0.07217931002378464,-4.822179317474365,base,Yes
4671,0,1,0.9890130594743595,-0.062058255076408386,-4.562058448791504,base,Yes
4672,0,1,0.9890130588671616,-0.04068313166499138,-4.540683269500732,base,Yes
4673,0,1,0.9626731121204184,-0.08204247057437897,-3.3320424556732178,base,Yes
4674,0,1,0.9964063969517112,-0.03750384971499443,-5.662503719329834,base,Yes
4675,0,1,0.9859363733699887,-0.04672953486442566,-4.296729564666748,base,Yes
4676,0,1,0.9770226284173629,-0.07220204174518585,-3.82220196723938,base,Yes
4677,0,1,0.9770226304244968,-0.08877824246883392,-3.838778257369995,base,Yes
4678,0,1,0.9626731105140616,-0.10218149423599243,-3.3521814346313477,base,Yes
4679,0,1,0.9964063973385453,-0.04528524726629257,-5.670285224914551,base,Yes
4680,0,1,0.9820137909590904,-0.07624954730272293,-4.076249599456787,base,Yes
4681,0,1,0.9465966747198243,-0.1295551359653473,-3.0045552253723145,base,Yes
4682,0,1,0.987568349009607,-0.060487281531095505,-4.435487270355225,base,Yes
4683,0,1,0.9840936096877062,-0.08063402771949768,-4.205634117126465,base,Yes
4684,0,1,0.9859363716137431,-0.06842146068811417,-4.318421363830566,base,Yes
4685,0,1,0.9982992773102688,-0.058968231081962585,-6.4339680671691895,base,Yes
4686,0,1,0.9669140187510509,-0.10820373892784119,-3.483203649520874,base,Yes
4687,0,1,0.9770226284173629,-0.08066900074481964,-3.8306689262390137,base,Yes
4688,0,1,0.9820137930646489,-0.0764358714222908,-4.0764360427856445,base,Yes
4689,0,1,0.9875683493297572,-0.05990169942378998,-4.434901714324951,base,Yes
4690,0,1,0.9706877711565677,-0.08812015503644943,-3.588120222091675,base,Yes
4691,0,1,0.9890130585433228,-0.048272501677274704,-4.548272609710693,base,Yes
4692,0,1,0.9875683490553425,-0.0691542699933052,-4.444154262542725,base,Yes
4693,0,1,0.9770226310935413,-0.081800177693367,-3.8318002223968506,base,Yes
4694,0,1,0.9740426401649208,-0.09342871606349945,-3.718428611755371,base,Yes
4695,0,1,0.9902915254167615,-0.042473118752241135,-4.667473316192627,base,Yes
4696,0,1,0.9770226302572356,-0.1010889932513237,-3.8510890007019043,base,Yes
4697,0,1,0.9914225161069058,-0.0835006833076477,-4.833500862121582,base,Yes
4698,0,1,0.9875683501530014,-0.07030431181192398,-4.4453043937683105,base,Yes
4699,0,1,0.9982992779427595,-0.021783143281936646,-6.396783351898193,base,Yes
4700,0,1,0.9968273171103881,-0.05877019464969635,-5.808770179748535,base,Yes
4701,0,1,0.9859363702707314,-0.06943579018115997,-4.3194355964660645,base,Yes
4702,0,1,0.9902915227305791,-0.05727442353963852,-4.682274341583252,base,Yes
4703,0,1,0.9796676466573412,-0.09055089950561523,-3.9655508995056152,base,Yes
4704,0,1,0.9875683492840215,-0.058770645409822464,-4.433770656585693,base,Yes
4705,0,1,0.9579122738866624,-0.12050957977771759,-3.245509624481201,base,Yes
4706,0,1,0.9947798743064417,-0.03156757354736328,-5.281567573547363,base,Yes
4707,0,1,0.9149009596336303,-0.17787975072860718,-2.552879810333252,base,Yes
4708,0,1,0.9914225160118671,-0.042085956782102585,-4.792086124420166,base,Yes
4709,0,1,0.9968273172282047,-0.055194832384586334,-5.805194854736328,base,Yes
4710,0,1,0.9964063968183201,-0.03883569315075874,-5.663835525512695,base,Yes
4711,0,1,0.8933094074745443,-0.23496316373348236,-2.3599631786346436,base,Yes
4712,0,1,0.9940889319318064,-0.04883132874965668,-5.173831462860107,base,Yes
4713,0,1,0.9840936114954209,-0.054939065128564835,-4.179939270019531,base,Yes
4714,0,1,0.9971990729288286,-0.0536528006196022,-5.928652763366699,base,Yes
4715,0,1,0.9953904278719042,-0.05787943676114082,-5.432879447937012,base,Yes
4716,0,1,0.9241418252018903,-0.13337819278240204,-2.633378267288208,base,Yes
4717,0,1,0.9706877688246606,-0.1086747795343399,-3.6086747646331787,base,Yes
4718,0,1,0.904650538956921,-0.18327780067920685,-2.4332778453826904,base,Yes
4719,0,1,0.9933071502149484,-0.06612283736467361,-5.066123008728027,base,Yes
4720,0,1,0.9859363738865317,-0.0703548714518547,-4.32035493850708,base,Yes
4721,0,1,0.9890130557502124,-0.06913724541664124,-4.569137096405029,base,Yes
4722,0,1,0.9947798750415504,-0.03158316761255264,-5.281583309173584,base,Yes
4723,0,1,0.9959298615894702,-0.03413598984479904,-5.534135818481445,base,Yes
4724,0,1,0.9933071481841413,-0.05747140944004059,-5.05747127532959,base,Yes
4725,0,1,0.9706877724285167,-0.07795465737581253,-3.5779547691345215,base,Yes
4726,0,1,0.9840936073551713,-0.07114988565444946,-4.196149826049805,base,Yes
4727,0,1,0.9968273178997596,-0.0431525744497776,-5.793152809143066,base,Yes
4728,0,1,0.9924227595445319,-0.040492426604032516,-4.915492534637451,base,Yes
4729,0,1,0.9947798743451315,-0.041394226253032684,-5.291394233703613,base,Yes
4730,0,1,0.9796676459153025,-0.11031369119882584,-3.985313653945923,base,Yes
4731,0,1,0.9947798746933411,-0.044741079211235046,-5.294741153717041,base,Yes
4732,0,1,0.9914225157901105,-0.08490882068872452,-4.834908962249756,base,Yes
4733,0,1,0.9770226277483183,-0.07086573541164398,-3.8208656311035156,base,Yes
4734,0,1,0.982013793459441,-0.0645482987165451,-4.064548492431641,base,Yes
4735,0,1,0.9626731158685837,-0.16135373711585999,-3.411353826522827,base,Yes
4736,0,1,0.9770226300899744,-0.0974264144897461,-3.847426414489746,base,Yes
4737,0,1,0.9859363755911228,-0.05391578748822212,-4.303915977478027,base,Yes
4738,0,1,0.9770226324316302,-0.08598150312900543,-3.835981607437134,base,Yes
4739,0,1,0.96267311613631,-0.10517611354589462,-3.3551762104034424,base,Yes
4740,0,1,0.9964063975919883,-0.05855221673846245,-5.683552265167236,base,Yes
4741,0,1,0.8670357512127872,-0.23069770634174347,-2.1056976318359375,base,Yes
4742,0,1,0.9964063979254659,-0.06665215641260147,-5.691652297973633,base,Yes
4743,0,1,0.9940889316034522,-0.04702369496226311,-5.172023773193359,base,Yes
4744,0,1,0.9706877711565677,-0.0951496884226799,-3.5951497554779053,base,Yes
4745,0,1,0.9241418252018903,-0.12780062854290009,-2.627800703048706,base,Yes
4746,0,1,0.9940889304651574,-0.05453502759337425,-5.179534912109375,base,Yes
4747,0,1,0.8175744806385543,-0.331797331571579,-1.8317973613739014,base,Yes
4748,0,1,0.9241418158002492,-0.13146859407424927,-2.6314685344696045,base,Yes
4749,0,1,0.9947798735906777,-0.04857267811894417,-5.298572540283203,base,Yes
4750,0,1,0.9924227570513267,-0.044528231024742126,-4.919528007507324,base,Yes
4751,0,1,0.997527376521769,-0.03961146995425224,-6.039611339569092,base,Yes
4752,0,1,0.9971990724501966,-0.06819888949394226,-5.9431986808776855,base,Yes
4753,0,1,0.9820137908274928,-0.06875081360340118,-4.068750858306885,base,Yes
4754,0,1,0.9525741227833249,-0.12350162863731384,-3.1235015392303467,base,Yes
4755,0,1,0.9324533116759811,-0.17412133514881134,-2.799121379852295,base,Yes
4756,0,1,0.995929861649873,-0.04817787557840347,-5.548177719116211,base,Yes
4757,0,1,0.9902915229812893,-0.052136000245809555,-4.677135944366455,base,Yes
4758,0,1,0.9947798748094108,-0.03972902148962021,-5.289729118347168,base,Yes
4759,0,1,0.9840936110872273,-0.06348592042922974,-4.188486099243164,base,Yes
4760,0,1,0.9820137887219341,-0.062028005719184875,-4.062027931213379,base,Yes
4761,0,1,0.9968273170986065,-0.05575420334935188,-5.8057541847229,base,Yes
4762,0,1,0.9933071475402265,-0.08013176172971725,-5.080131530761719,base,Yes
4763,0,1,0.9740426416719393,-0.08527712523937225,-3.7102770805358887,base,Yes
4764,0,1,0.9890130589076415,-0.08755479007959366,-4.587554931640625,base,Yes
4765,0,1,0.9940889312313173,-0.03350017964839935,-5.1585001945495605,base,Yes
4766,0,1,0.9875683496956434,-0.057767823338508606,-4.432767868041992,base,Yes
4767,0,1,0.9859363729567544,-0.10302495956420898,-4.353024959564209,base,Yes
4768,0,1,0.9706877709445761,-0.12792032957077026,-3.627920389175415,base,Yes
4769,0,1,0.9740426443092215,-0.10713857412338257,-3.7321386337280273,base,Yes
4770,0,1,0.9525741311981335,-0.09641065448522568,-3.0964107513427734,base,Yes
4771,0,1,0.9669140228030646,-0.09919925779104233,-3.4741992950439453,base,Yes
4772,0,1,0.9875683519824322,-0.05164218693971634,-4.426642417907715,base,Yes
4773,0,1,0.9840936108539738,-0.05677683651447296,-4.181777000427246,base,Yes
4774,0,1,0.9978172836844708,-0.0330008864402771,-6.158000946044922,base,Yes
4775,0,1,0.9940889318223549,-0.03213107958436012,-5.157131195068359,base,Yes
4776,0,1,0.9914225136992609,-0.06302700936794281,-4.8130269050598145,base,Yes
4777,0,1,0.9902915232678157,-0.04683544859290123,-4.671835422515869,base,Yes
4778,0,1,0.9706877673407197,-0.10896570235490799,-3.6089656352996826,base,Yes
4779,0,1,0.9770226315953247,-0.07224219292402267,-3.822242259979248,base,Yes
4780,0,1,0.9840936078216783,-0.06890538334846497,-4.193905353546143,base,Yes
4781,0,1,0.9890130590695609,-0.06762393563985825,-4.567624092102051,base,Yes
4782,0,1,0.974042644685976,-0.06015126407146454,-3.6851513385772705,base,Yes
4783,0,1,0.9890130568431685,-0.06228308752179146,-4.562283039093018,base,Yes
4784,0,1,0.9770226295881911,-0.07363369315862656,-3.8236336708068848,base,Yes
4785,0,1,0.8933094046341532,-0.18101908266544342,-2.3060190677642822,base,Yes
4786,0,1,0.9859363756944313,-0.0555746965110302,-4.305574893951416,base,Yes
4787,0,1,0.9669140247098942,-0.09402766078710556,-3.4690277576446533,base,Yes
4788,0,1,0.9859363698058429,-0.055575598031282425,-4.305575370788574,base,Yes
4789,0,1,0.9525741227833249,-0.12468180060386658,-3.1246817111968994,base,Yes
4790,0,1,0.9968273178172881,-0.04726341366767883,-5.7972636222839355,base,Yes
4791,0,1,0.9933071476640563,-0.04189083352684975,-5.041890621185303,base,Yes
4792,0,1,0.9820137895115189,-0.07270243763923645,-4.072702407836914,base,Yes
4793,0,1,0.9241418220680101,-0.17883989214897156,-2.678839921951294,base,Yes
4794,0,1,0.9796676468057489,-0.08161067217588425,-3.956610679626465,base,Yes
4795,0,1,0.9820137926698564,-0.07783445715904236,-4.077834606170654,base,Yes
4796,0,1,0.9399133464597458,-0.3168640732765198,-3.066864013671875,base,Yes
4797,0,1,0.9924227598806942,-0.051113929599523544,-4.926114082336426,base,Yes
4798,0,1,0.9820137920118697,-0.08674419671297073,-4.08674430847168,base,Yes
4799,0,1,0.9820137908274928,-0.079525426030159,-4.079525470733643,base,Yes
4800,0,1,0.9859363736799145,-0.0877503827214241,-4.337750434875488,base,Yes
4801,0,1,0.9914225156000332,-0.06484496593475342,-4.814845085144043,base,Yes
4802,0,1,0.9241418262465169,-0.14224234223365784,-2.642242431640625,base,Yes
4803,0,1,0.9924227596845995,-0.04351889342069626,-4.918519020080566,base,Yes
4804,0,1,0.9947798754864847,-0.05583120509982109,-5.305831432342529,base,Yes
4805,0,1,0.989013058421883,-0.07206573337316513,-4.572065830230713,base,Yes
4806,0,1,0.966914024233187,-0.10522548109292984,-3.4802255630493164,base,Yes
4807,0,1,0.9902915236976048,-0.05294178053736687,-4.677941799163818,base,Yes
4808,0,1,0.9770226315953247,-0.09714596718549728,-3.8471460342407227,base,Yes
4809,0,1,0.9669140230414182,-0.10822577774524689,-3.4832258224487305,base,Yes
4810,0,1,0.9770226285846242,-0.1075330451130867,-3.8575329780578613,base,Yes
4811,0,1,0.9924227592363829,-0.04044526070356369,-4.915445327758789,base,Yes
4812,0,1,0.977022630759019,-0.07762953639030457,-3.827629566192627,base,Yes
4813,0,1,0.9978172831570932,-0.048179809004068375,-6.173179626464844,base,Yes
4814,0,1,0.9959298627673272,-0.06724917888641357,-5.567249298095703,base,Yes
4815,0,1,0.9840936061889036,-0.05353845655918121,-4.1785383224487305,base,Yes
4816,0,1,0.979667647844603,-0.07495325803756714,-3.949953317642212,base,Yes
4817,0,1,0.9933071486299283,-0.05248648673295975,-5.052486419677734,base,Yes
4818,0,1,0.9924227579197465,-0.06244145706295967,-4.937441349029541,base,Yes
4819,0,1,0.9902915247720777,-0.054762233048677444,-4.679762363433838,base,Yes
4820,0,1,0.9465966717067252,-0.20152375102043152,-3.076523780822754,base,Yes
4821,0,1,0.9902915230887366,-0.04846672713756561,-4.673466682434082,base,Yes
4822,0,1,0.9820137925382593,-0.0586308017373085,-4.05863094329834,base,Yes
4823,0,1,0.9914225143328517,-0.07280352711677551,-4.822803497314453,base,Yes
4824,0,1,0.9924227587041257,-0.05291939154267311,-4.927919387817383,base,Yes
4825,0,1,0.9324533060447605,-0.14019636809825897,-2.7651963233947754,base,Yes
4826,0,1,0.9890130561145309,-0.04770052060484886,-4.54770040512085,base,Yes
4827,0,1,0.8807970779778823,-0.26757383346557617,-2.267573833465576,base,Yes
4828,0,1,0.9971990727207278,-0.04022371023893356,-5.915223598480225,base,Yes
4829,0,1,0.9465966747198243,-0.13235321640968323,-3.0073533058166504,base,Yes
4830,0,1,0.9940889316253425,-0.03931466490030289,-5.1643147468566895,base,Yes
4831,0,1,0.893309411735131,-0.25644320249557495,-2.3814432621002197,base,Yes
4832,0,1,0.9914225150931606,-0.046792447566986084,-4.796792507171631,base,Yes
4833,0,1,0.9465966754730989,-0.10600794851779938,-2.9810080528259277,base,Yes
4834,0,1,0.9890130591100408,-0.05426057055592537,-4.554260730743408,base,Yes
4835,0,1,0.9890130575313263,-0.05269335210323334,-4.5526933670043945,base,Yes
4836,0,1,0.9770226289191464,-0.09058552235364914,-3.840585470199585,base,Yes
4837,0,1,0.9706877673407197,-0.11560756713151932,-3.615607500076294,base,Yes
4838,0,1,0.9465966747198243,-0.1480371057987213,-3.0230371952056885,base,Yes
4839,0,1,0.995390426871973,-0.02821752242743969,-5.403217315673828,base,Yes
4840,0,1,0.9933071500168209,-0.05022606998682022,-5.050226211547852,base,Yes
4841,0,1,0.996406397058424,-0.04654703661799431,-5.671546936035156,base,Yes
4842,0,1,0.9820137897747135,-0.06716491281986237,-4.067164897918701,base,Yes
4843,0,1,0.924141817889503,-0.18902042508125305,-2.6890203952789307,base,Yes
4844,0,1,0.9796676451732639,-0.06279070675373077,-3.937790632247925,base,Yes
4845,0,1,0.974042642048694,-0.12029841542243958,-3.745298385620117,base,Yes
4846,0,1,0.995390428743639,-0.06482485681772232,-5.439825057983398,base,Yes
4847,0,1,0.9953904268634266,-0.055155009031295776,-5.430154800415039,base,Yes
4848,0,1,0.9953904281453897,-0.06105368211865425,-5.43605375289917,base,Yes
4849,0,1,0.9626731129235966,-0.08913444727659225,-3.339134454727173,base,Yes
4850,0,1,0.9914225151881993,-0.061907220631837845,-4.8119072914123535,base,Yes
4851,0,1,0.9940889320850383,-0.04554064944386482,-5.170540809631348,base,Yes
4852,0,1,0.9959298631599462,-0.03808238357305527,-5.538082599639893,base,Yes
4853,0,1,0.9971990727155252,-0.027159327641129494,-5.902159214019775,base,Yes
4854,0,1,0.9914225165187399,-0.05713392421603203,-4.80713415145874,base,Yes
4855,0,1,0.9975273769995691,-0.04309457167983055,-6.043094635009766,base,Yes
4856,0,1,0.9875683488266638,-0.044535186141729355,-4.419535160064697,base,Yes
4857,0,1,0.9840936072968579,-0.06001812592148781,-4.185018062591553,base,Yes
4858,0,1,0.9046505376715775,-0.17566749453544617,-2.4256675243377686,base,Yes
4859,0,1,0.9875683489638711,-0.05643607676029205,-4.431436061859131,base,Yes
4860,0,1,0.9890130567622089,-0.053555067628622055,-4.553555011749268,base,Yes
4861,0,1,0.9982992772280449,-0.024306509643793106,-6.399306297302246,base,Yes
4862,0,1,0.9914225128755927,-0.05091353505849838,-4.800913333892822,base,Yes
4863,0,1,0.9525741281688026,-0.13622376322746277,-3.136223793029785,base,Yes
4864,0,1,0.9890130561145309,-0.0513378344476223,-4.551337718963623,base,Yes
4865,0,1,0.974042644685976,-0.09646694362163544,-3.7214670181274414,base,Yes
4866,0,1,0.9859363706839659,-0.05926387012004852,-4.309263706207275,base,Yes
4867,0,1,0.9978172831895472,-0.02598874643445015,-6.150988578796387,base,Yes
4868,0,1,0.9875683494669646,-0.04440257325768471,-4.419402599334717,base,Yes
4869,0,1,0.9859363725435202,-0.07477429509162903,-4.324774265289307,base,Yes
4870,0,1,0.9875683464941386,-0.07249090820550919,-4.447490692138672,base,Yes
4871,0,1,0.985936373783223,-0.06839841604232788,-4.318398475646973,base,Yes
4872,0,1,0.9820137909590904,-0.07350201159715652,-4.073502063751221,base,Yes
4873,0,1,0.9890130556692526,-0.06758371740579605,-4.5675835609436035,base,Yes
4874,0,1,0.9964063982189261,-0.050266996026039124,-5.675267219543457,base,Yes
4875,0,1,0.9953904269147051,-0.05055399611592293,-5.425553798675537,base,Yes
4876,0,1,0.9968273170279165,-0.04616646096110344,-5.79616641998291,base,Yes
4877,0,1,0.995390428658175,-0.04917174205183983,-5.4241719245910645,base,Yes
4878,0,1,0.9959298617404774,-0.051689282059669495,-5.551689147949219,base,Yes
4879,0,1,0.8933094145755219,-0.18531671166419983,-2.310316801071167,base,Yes
4880,0,1,0.9953904269147051,-0.03877468779683113,-5.413774490356445,base,Yes
4881,0,1,0.946596667563714,-0.11202483624219894,-2.9870247840881348,base,Yes
4882,0,1,0.998073264885352,-0.038208719342947006,-6.288208484649658,base,Yes
4883,0,1,0.9902915220142636,-0.05888000875711441,-4.683879852294922,base,Yes
4884,0,1,0.9890130577337255,-0.05469271168112755,-4.55469274520874,base,Yes
4885,0,1,0.94659667246,-0.133602574467659,-3.0086026191711426,base,Yes
4886,0,1,0.9875683463111955,-0.056218378245830536,-4.431218147277832,base,Yes
4887,0,1,0.9820137937226356,-0.06770303845405579,-4.0677032470703125,base,Yes
4888,0,1,0.9525741248028792,-0.105655238032341,-3.1056551933288574,base,Yes
4889,0,1,0.9706877705205931,-0.10635538399219513,-3.6063554286956787,base,Yes
4890,0,1,0.9875683495127003,-0.0535111129283905,-4.428511142730713,base,Yes
4891,0,1,0.98409360613059,-0.05928768590092659,-4.1842875480651855,base,Yes
4892,0,1,0.962673116404036,-0.122841015458107,-3.3728411197662354,base,Yes
4893,0,1,0.9933071478374179,-0.056891150772571564,-5.056890964508057,base,Yes
4894,0,1,0.9579122678790578,-0.1696978658437729,-3.2946977615356445,base,Yes
4895,0,1,0.9940889308154021,-0.03212219104170799,-5.1571221351623535,base,Yes
4896,0,1,0.9914225157901105,-0.05542121082544327,-4.805421352386475,base,Yes
4897,0,1,0.9924227591523422,-0.027646008878946304,-4.902646064758301,base,Yes
4898,0,1,0.9149009631141181,-0.1758831888437271,-2.5508832931518555,base,Yes
4899,0,1,0.9940889307497311,-0.06584317237138748,-5.190843105316162,base,Yes
4900,0,1,0.9933071478621839,-0.05364150181412697,-5.053641319274902,base,Yes
4901,0,1,0.9902915230171051,-0.042768530547618866,-4.667768478393555,base,Yes
4902,0,1,0.9890130577742053,-0.06839462369680405,-4.568394660949707,base,Yes
4903,0,1,0.9796676447280407,-0.092917300760746,-3.9679172039031982,base,Yes
4904,0,1,0.9859363720269774,-0.05190808326005936,-4.301908016204834,base,Yes
4905,0,1,0.9324533022906132,-0.18456636369228363,-2.8095662593841553,base,Yes
4906,0,1,0.9902915240915781,-0.056938111782073975,-4.681938171386719,base,Yes
4907,0,1,0.9859363715104345,-0.050617799162864685,-4.300617694854736,base,Yes
4908,0,1,0.9796676473993798,-0.0618114098906517,-3.9368114471435547,base,Yes
4909,0,1,0.9890130582599637,-0.0577344074845314,-4.557734489440918,base,Yes
4910,0,1,0.9706877669167365,-0.11004718393087387,-3.6100471019744873,base,Yes
4911,0,1,0.9914225157901105,-0.05308852344751358,-4.803088665008545,base,Yes
4912,0,1,0.9978172837006978,-0.05833666771650314,-6.1833367347717285,base,Yes
4913,0,1,0.9525741268224334,-0.12932252883911133,-3.1293225288391113,base,Yes
4914,0,1,0.995390426726684,-0.04568028450012207,-5.420680046081543,base,Yes
4915,0,1,0.9770226327661524,-0.06743228435516357,-3.817432403564453,base,Yes
4916,0,1,0.991422513825979,-0.04563245177268982,-4.795632362365723,base,Yes
4917,0,1,0.9669140225647107,-0.08416697382926941,-3.459167003631592,base,Yes
4918,0,1,0.798186768138228,-0.39124661684036255,-1.7662465572357178,base,Yes
4919,0,1,0.9820137926698564,-0.07242760062217712,-4.072427749633789,base,Yes
4920,0,1,0.9241418252018903,-0.16887609660625458,-2.6688761711120605,base,Yes
4921,0,1,0.9859363717170516,-0.05180463194847107,-4.301804542541504,base,Yes
4922,0,1,0.995390427051448,-0.03650682047009468,-5.411506652832031,base,Yes
4923,0,1,0.9770226315953247,-0.07917492836713791,-3.8291749954223633,base,Yes
4924,0,1,0.9924227583959767,-0.051944300532341,-4.926944255828857,base,Yes
4925,0,1,0.9740426416719393,-0.06997446715831757,-3.694974422454834,base,Yes
4926,0,1,0.9940889304432671,-0.037839531898498535,-5.162839412689209,base,Yes
4927,0,1,0.9890130563978902,-0.07283744215965271,-4.5728373527526855,base,Yes
4928,0,1,0.9875683493297572,-0.06663988530635834,-4.4416399002075195,base,Yes
4929,0,1,0.9770226322643691,-0.09551944583654404,-3.845519542694092,base,Yes
4930,0,1,0.9241418210233833,-0.15027688443660736,-2.6502768993377686,base,Yes
4931,0,1,0.996406397058424,-0.03799114748835564,-5.662991046905518,base,Yes
4932,0,1,0.9924227590122746,-0.04016920179128647,-4.9151692390441895,base,Yes
4933,0,1,0.9399133456181842,-0.13496287167072296,-2.884962797164917,base,Yes
4934,0,1,0.9669140254249554,-0.08416259288787842,-3.459162712097168,base,Yes
4935,0,1,0.9579122672782973,-0.1418997049331665,-3.266899585723877,base,Yes
4936,0,1,0.9669140192277585,-0.15138132870197296,-3.526381254196167,base,Yes
4937,0,1,0.9324533116759811,-0.12186236679553986,-2.7468624114990234,base,Yes
4938,0,1,0.9875683481406271,-0.06352385133504868,-4.438523769378662,base,Yes
4939,0,1,0.9947798739195423,-0.05267627537250519,-5.302676200866699,base,Yes
4940,0,1,0.9940889319318064,-0.03759180009365082,-5.162591934204102,base,Yes
4941,0,1,0.992422759040288,-0.04880567267537117,-4.9238057136535645,base,Yes
4942,0,1,0.9933071490261833,-0.04802609235048294,-5.048026084899902,base,Yes
4943,0,1,0.9669140220880033,-0.10020755231380463,-3.475207567214966,base,Yes
4944,0,1,0.9890130556692526,-0.043448127806186676,-4.543447971343994,base,Yes
4945,0,1,0.974042642048694,-0.07279565930366516,-3.6977956295013428,base,Yes
4946,0,1,0.997527376264492,-0.04850601777434349,-6.048505783081055,base,Yes
4947,0,1,0.9875683464941386,-0.06682655960321426,-4.441826343536377,base,Yes
4948,0,1,0.9902915247720777,-0.05537496879696846,-4.680375099182129,base,Yes
4949,0,1,0.9770226300899744,-0.0810704231262207,-3.8310704231262207,base,Yes
4950,0,1,0.99029152162029,-0.055106837302446365,-4.6801066398620605,base,Yes
4951,0,1,0.9975273770914538,-0.053592581301927567,-6.053592681884766,base,Yes
4952,0,1,0.9770226327661524,-0.12745940685272217,-3.8774595260620117,base,Yes
4953,0,1,0.8933094174159129,-0.2120741605758667,-2.3370742797851562,base,Yes
4954,0,1,0.9914225152515583,-0.054461877793073654,-4.80446195602417,base,Yes
4955,0,1,0.9399133464597458,-0.11715584993362427,-2.8671557903289795,base,Yes
4956,0,1,0.8175744761936437,-0.3328218460083008,-1.8328218460083008,base,Yes
4957,0,1,0.9579122732859019,-0.10838505625724792,-3.2333850860595703,base,Yes
4958,0,1,0.9914225165820988,-0.05566287413239479,-4.805663108825684,base,Yes
4959,0,1,0.9859363719236689,-0.060966089367866516,-4.3109660148620605,base,Yes
4960,0,1,0.9770226290864076,-0.10680083930492401,-3.8568007946014404,base,Yes
4961,0,1,0.9933071504626076,-0.05917814373970032,-5.059178352355957,base,Yes
4962,0,1,0.9914225127488744,-0.05317375808954239,-4.803173542022705,base,Yes
4963,0,1,0.9933071479860135,-0.04915778338909149,-5.049157619476318,base,Yes
4964,0,1,0.970687768612669,-0.0778205618262291,-3.5778205394744873,base,Yes
4965,0,1,0.9626731110495138,-0.09629730880260468,-3.346297264099121,base,Yes
4966,0,1,0.9953904285898035,-0.04711706563830376,-5.422117233276367,base,Yes
4967,0,1,0.9924227591803558,-0.0460776686668396,-4.921077728271484,base,Yes
4968,0,1,0.9940889307497311,-0.05563885718584061,-5.180638790130615,base,Yes
4969,0,1,0.9796676444312252,-0.10808765143156052,-3.9830875396728516,base,Yes
4970,0,1,0.9706877677647029,-0.10959868878126144,-3.6095986366271973,base,Yes
4971,0,1,0.991422516296983,-0.050941742956638336,-4.8009419441223145,base,Yes
4972,0,1,0.9796676459153025,-0.08233169466257095,-3.957331657409668,base,Yes
4973,0,1,0.9840936050226358,-0.06331607699394226,-4.1883158683776855,base,Yes
4974,0,1,0.9669140204195272,-0.09250811487436295,-3.46750807762146,base,Yes
4975,0,1,0.9465966649272521,-0.18230758607387543,-3.057307481765747,base,Yes
4976,0,1,0.9959298613478583,-0.0726158544421196,-5.572615623474121,base,Yes
4977,0,1,0.985936370167423,-0.0678841695189476,-4.3178839683532715,base,Yes
4978,0,1,0.9989677689209898,-0.03254703804850578,-6.9075469970703125,base,Yes
4979,0,1,0.9875683484607776,-0.054995592683553696,-4.429995536804199,base,Yes
4980,0,1,0.9947798746933411,-0.06174652278423309,-5.311746597290039,base,Yes
4981,0,1,0.9971990730744991,-0.043031200766563416,-5.918031215667725,base,Yes
4982,0,1,0.9940889319318064,-0.05101571977138519,-5.176015853881836,base,Yes
4983,0,1,0.9914225157901105,-0.04716096073389053,-4.797161102294922,base,Yes
4984,0,1,0.9978172840455218,-0.029000533744692802,-6.154000759124756,base,Yes
4985,0,1,0.9740426418603167,-0.0796237364411354,-3.7046236991882324,base,Yes
4986,0,1,0.9914225162336241,-0.04070739448070526,-4.790707588195801,base,Yes
4987,0,1,0.9840936106207203,-0.06008705496788025,-4.185087203979492,base,Yes
4988,0,1,0.9820137859583881,-0.10733293741941452,-4.107332706451416,base,Yes
4989,0,1,0.9902915223724212,-0.06281578540802002,-4.6878156661987305,base,Yes
4990,0,1,0.9933071501158847,-0.04311021417379379,-5.043110370635986,base,Yes
4991,0,1,0.9902915216561058,-0.08226175606250763,-4.707261562347412,base,Yes
4992,0,1,0.9840936088713189,-0.06343647092580795,-4.188436508178711,base,Yes
4993,0,1,0.9740426443092215,-0.11037987470626831,-3.735379934310913,base,Yes
4994,0,1,0.8519528019683106,-0.24755215644836426,-1.9975521564483643,base,Yes
4995,0,1,0.9890130579361248,-0.04701323062181473,-4.547013282775879,base,Yes
4996,0,1,0.985936374713,-0.051541201770305634,-4.301541328430176,base,Yes
4997,0,1,0.9706877662807619,-0.09771619737148285,-3.5977160930633545,base,Yes
4998,0,1,0.9875683472259114,-0.07660261541604996,-4.451602458953857,base,Yes
4999,0,1,0.9770226295881911,-0.07363059371709824,-3.8236305713653564,base,Yes
5000,0,1,0.987568348780928,-0.07300522923469543,-4.448005199432373,base,Yes
5001,0,1,0.9924227597966535,-0.07614979892969131,-4.951149940490723,base,Yes
5002,0,1,0.9914225156633925,-0.06845318526029587,-4.818453311920166,base,Yes
5003,0,1,0.9465966694469009,-0.15520836412906647,-3.0302083492279053,base,Yes
5004,0,1,0.9953904272394692,-0.034356243908405304,-5.409356117248535,base,Yes
5005,0,1,0.9947798738808522,-0.04706486314535141,-5.297064781188965,base,Yes
5006,0,1,0.9525741248028792,-0.1126735657453537,-3.11267352104187,base,Yes
5007,0,1,0.9940889300492419,-0.0674244835972786,-5.192424297332764,base,Yes
5008,0,1,0.9933071498434592,-0.04655158892273903,-5.046551704406738,base,Yes
5009,0,1,0.9978172832220011,-0.034927044063806534,-6.159926891326904,base,Yes
5010,0,1,0.9940889300492419,-0.05274028331041336,-5.177740097045898,base,Yes
5011,0,1,0.9820137903011033,-0.06269453465938568,-4.062694549560547,base,Yes
5012,0,1,0.9579122717840008,-0.10880041867494583,-3.2338004112243652,base,Yes
5013,0,1,0.9924227578917331,-0.06371938437223434,-4.938719272613525,base,Yes
5014,0,1,0.9924227580598144,-0.0644741952419281,-4.939474105834961,base,Yes
5015,0,1,0.9875683485065133,-0.06296735256910324,-4.437967300415039,base,Yes
5016,0,1,0.9525741285053948,-0.11134263128042221,-3.111342668533325,base,Yes
5017,0,1,0.9933071492738426,-0.04417368769645691,-5.044173717498779,base,Yes
5018,0,1,0.9579122759893238,-0.10021176189184189,-3.2252118587493896,base,Yes
5019,0,1,0.9859363709422372,-0.047892238944768906,-4.297892093658447,base,Yes
5020,0,1,0.9924227582278954,-0.0742374137043953,-4.94923734664917,base,Yes
5021,0,1,0.9902915217993689,-0.06511229276657104,-4.690112113952637,base,Yes
5022,0,1,0.9859363752295428,-0.0634821206331253,-4.313482284545898,base,Yes
5023,0,1,0.9914225136359017,-0.06663810461759567,-4.816637992858887,base,Yes
5024,0,1,0.9875683503359445,-0.08361329883337021,-4.458613395690918,base,Yes
5025,0,1,0.9914225153465969,-0.06392136216163635,-4.8139214515686035,base,Yes
5026,0,1,0.957912274487423,-0.14518851041793823,-3.270188570022583,base,Yes
5027,0,1,0.9859363716137431,-0.0805722251534462,-4.330572128295898,base,Yes
5028,0,1,0.9579122726851417,-0.16074679791927338,-3.2857468128204346,base,Yes
5029,0,1,0.9669140211345884,-0.07341982424259186,-3.4484198093414307,base,Yes
5030,0,1,0.9902915228022106,-0.058712080121040344,-4.683712005615234,base,Yes
5031,0,1,0.9953904271027266,-0.035653747618198395,-5.410653591156006,base,Yes
5032,0,1,0.9968273171457331,-0.04054165259003639,-5.790541648864746,base,Yes
5033,0,1,0.9947798744418563,-0.05703303590416908,-5.307033061981201,base,Yes
5034,0,1,0.9933071489271196,-0.0349440798163414,-5.0349440574646,base,Yes
5035,0,1,0.9940889297427778,-0.059638261795043945,-5.184638023376465,base,Yes
5036,0,1,0.992422758564058,-0.041649363934993744,-4.916649341583252,base,Yes
5037,0,1,0.9840936115537341,-0.06697919964790344,-4.19197940826416,base,Yes
5038,0,1,0.8933094145755219,-0.28697553277015686,-2.411975622177124,base,Yes
5039,0,1,0.9840936115537341,-0.0736258327960968,-4.1986260414123535,base,Yes
5040,0,1,0.9149009561531425,-0.16607926785945892,-2.54107928276062,base,Yes
5041,0,1,0.9740426416719393,-0.11979083716869354,-3.74479079246521,base,Yes
5042,0,1,0.9525741285053948,-0.10533138364553452,-3.1053314208984375,base,Yes
5043,0,1,0.9626731139945011,-0.08197613805532455,-3.3319761753082275,base,Yes
5044,0,1,0.9933071496205658,-0.033561624586582184,-5.033561706542969,base,Yes
5045,0,1,0.9706877715805505,-0.10895458608865738,-3.608954668045044,base,Yes
5046,0,1,0.9875683479576839,-0.06551084667444229,-4.4405107498168945,base,Yes
5047,0,1,0.979667647325176,-0.06238075718283653,-3.937380790710449,base,Yes
5048,0,1,0.9953904272736549,-0.06264078617095947,-5.43764066696167,base,Yes
5049,0,1,0.9902915243781044,-0.06133165955543518,-4.686331748962402,base,Yes
5050,0,1,0.9399133498259924,-0.16067290306091309,-2.910672903060913,base,Yes
5051,0,1,0.957912274487423,-0.10241502523422241,-3.227415084838867,base,Yes
5052,0,1,0.9579122756889438,-0.1432112753391266,-3.2682113647460938,base,Yes
5053,0,1,0.9840936071802311,-0.06098515912890434,-4.185985088348389,base,Yes
5054,0,1,0.9149009515124917,-0.16718868911266327,-2.5421886444091797,base,Yes
5055,0,1,0.966914024233187,-0.11388222128152847,-3.488882303237915,base,Yes
5056,0,1,0.9465966686936261,-0.10199549794197083,-2.9769954681396484,base,Yes
5057,0,1,0.9875683485065133,-0.06972890347242355,-4.444728851318359,base,Yes
5058,0,1,0.9914225140794153,-0.05770593881607056,-4.807705879211426,base,Yes
5059,0,1,0.9890130584623629,-0.0391930527985096,-4.539193153381348,base,Yes
5060,0,1,0.9980732651790686,-0.033845506608486176,-6.2838454246521,base,Yes
5061,0,1,0.9914225158851491,-0.049090709537267685,-4.79909086227417,base,Yes
5062,0,1,0.9324533097989077,-0.14153645932674408,-2.7665364742279053,base,Yes
5063,0,1,0.8354835289107309,-0.35183531045913696,-1.9768352508544922,base,Yes
5064,0,1,0.9820137925382593,-0.08502040058374405,-4.085020542144775,base,Yes
5065,0,1,0.9902915239124993,-0.05378814414143562,-4.678788185119629,base,Yes
5066,0,1,0.9796676469541566,-0.08395479619503021,-3.9589548110961914,base,Yes
5067,0,1,0.9820137860899855,-0.08059905469417572,-4.080598831176758,base,Yes
5068,0,1,0.9890130583814032,-0.06056537851691246,-4.56056547164917,base,Yes
5069,0,1,0.9924227581858752,-0.031247688457369804,-4.906247615814209,base,Yes
5070,0,1,0.9914225148397244,-0.06299063563346863,-4.812990665435791,base,Yes
5071,0,1,0.8807970826714613,-0.20685096085071564,-2.206851005554199,base,Yes
5072,0,1,0.9890130592719601,-0.059126678854227066,-4.559126853942871,base,Yes
5073,0,1,0.9947798741516819,-0.06396105885505676,-5.313961029052734,base,Yes
5074,0,1,0.9465966656805269,-0.15388759970664978,-3.0288875102996826,base,Yes
5075,0,1,0.994779874093647,-0.031924765557050705,-5.281924724578857,base,Yes
5076,0,1,0.9890130580170845,-0.05244678258895874,-4.5524468421936035,base,Yes
5077,0,1,0.9953904274274904,-0.05493601784110069,-5.429935932159424,base,Yes
5078,0,1,0.8354835411997897,-0.26355084776878357,-1.888550877571106,base,Yes
5079,0,1,0.970687768612669,-0.09353663772344589,-3.593536615371704,base,Yes
5080,0,1,0.9796676456926909,-0.05882673338055611,-3.9338266849517822,base,Yes
5081,0,1,0.9465966671870767,-0.12646132707595825,-3.0014612674713135,base,Yes
5082,0,1,0.977022627413796,-0.07170450687408447,-3.821704387664795,base,Yes
5083,0,1,0.9890130589076415,-0.03975949436426163,-4.539759635925293,base,Yes
5084,0,1,0.9914225141427745,-0.06360965222120285,-4.813609600067139,base,Yes
5085,0,1,0.9740426429905805,-0.07681106775999069,-3.7018110752105713,base,Yes
5086,0,1,0.9959298625257156,-0.038955628871917725,-5.5389556884765625,base,Yes
5087,0,1,0.9669140199428197,-0.08088045567274094,-3.4558804035186768,base,Yes
5088,0,1,0.9924227586761121,-0.05087614804506302,-4.925876140594482,base,Yes
5089,0,1,0.9740426441208441,-0.08963722735643387,-3.714637279510498,base,Yes
5090,0,1,0.9465966709534505,-0.14712809026241302,-3.022128105163574,base,Yes
5091,0,1,0.985936370167423,-0.07787581533193588,-4.32787561416626,base,Yes
5092,0,1,0.9964063979521441,-0.04588446021080017,-5.670884609222412,base,Yes
5093,0,1,0.993307147812652,-0.03486890718340874,-5.0348687171936035,base,Yes
5094,0,1,0.9241418126663687,-0.16399990022182465,-2.6639997959136963,base,Yes
5095,0,1,0.9902915218351847,-0.05287235602736473,-4.677872180938721,base,Yes
5096,0,1,0.9940889323696119,-0.04102495312690735,-5.166025161743164,base,Yes
5097,0,1,0.9953904286410821,-0.04397326707839966,-5.418973445892334,base,Yes
5098,0,1,0.9796676456184871,-0.06777244061231613,-3.942772388458252,base,Yes
5099,0,1,0.9933071503140122,-0.04194193333387375,-5.041942119598389,base,Yes
5100,0,1,0.9968273178055064,-0.038207802921533585,-5.7882080078125,base,Yes
5101,0,1,0.9875683467685533,-0.07440729439258575,-4.44940710067749,base,Yes
5102,0,1,0.98901305931244,-0.05221825838088989,-4.552218437194824,base,Yes
5103,0,1,0.9796676468057489,-0.08736681193113327,-3.962366819381714,base,Yes
5104,0,1,0.8175744761936437,-0.3056464195251465,-1.8056464195251465,base,Yes
5105,0,1,0.9968273176287814,-0.04786905646324158,-5.7978692054748535,base,Yes
5106,0,1,0.8354835411997897,-0.2952028214931488,-1.9202028512954712,base,Yes
5107,0,1,0.9579122690805788,-0.12008149921894073,-3.2450814247131348,base,Yes
5108,0,1,0.982013792143467,-0.094291090965271,-4.0942912101745605,base,Yes
5109,0,1,0.9840936061889036,-0.08781589567661285,-4.212815761566162,base,Yes
5110,0,1,0.9914225164237013,-0.033940576016902924,-4.78394079208374,base,Yes
5111,0,1,0.9465966743431868,-0.10781637579202652,-2.982816457748413,base,Yes
5112,0,1,0.9770226320971079,-0.08233729004859924,-3.8323373794555664,base,Yes
5113,0,1,0.9820137899063109,-0.07990837842226028,-4.07990837097168,base,Yes
5114,0,1,0.9859363745063829,-0.07329452782869339,-4.323294639587402,base,Yes
5115,0,1,0.9149009491921662,-0.18899162113666534,-2.5639915466308594,base,Yes
5116,0,1,0.9940889313626591,-0.055906735360622406,-5.180906772613525,base,Yes
5117,0,1,0.9706877707325846,-0.08436388522386551,-3.5843639373779297,base,Yes
5118,0,1,0.952574129515172,-0.1556193232536316,-3.1556193828582764,base,Yes
5119,0,1,0.9940889318004645,-0.06820858269929886,-5.193208694458008,base,Yes
5120,0,1,0.9890130585028429,-0.05430878698825836,-4.554308891296387,base,Yes
5121,0,1,0.9959298615894702,-0.03701608628034592,-5.537015914916992,base,Yes
5122,0,1,0.9706877660687704,-0.07579623907804489,-3.575796127319336,base,Yes
5123,0,1,0.982013794117428,-0.06467557698488235,-4.064675807952881,base,Yes
5124,0,1,0.9890130579766047,-0.05389398708939552,-4.55389404296875,base,Yes
5125,0,1,0.9840936109706004,-0.06440288573503494,-4.189403057098389,base,Yes
5126,0,1,0.880797068590724,-0.303536981344223,-2.303536891937256,base,Yes
5127,0,1,0.9933071506607352,-0.04413866996765137,-5.0441389083862305,base,Yes
5128,0,1,0.9324533126145177,-0.14243930578231812,-2.767439365386963,base,Yes
5129,0,1,0.9465966705768132,-0.11205553263425827,-2.987055540084839,base,Yes
5130,0,1,0.9968273176169998,-0.060640666633844376,-5.810640811920166,base,Yes
5131,0,1,0.9796676471025644,-0.09268806129693985,-3.9676880836486816,base,Yes
5132,0,1,0.9902915257391033,-0.08603072911500931,-4.711030960083008,base,Yes
5133,0,1,0.9840936096877062,-0.07135048508644104,-4.196350574493408,base,Yes
5134,0,1,0.9859363700124599,-0.05371877923607826,-4.303718566894531,base,Yes
5135,0,1,0.9902915234468944,-0.0706329420208931,-4.6956329345703125,base,Yes
5136,0,1,0.9399133540338004,-0.16232602298259735,-2.9123260974884033,base,Yes
5137,0,1,0.9890130553858935,-0.05539673939347267,-4.555396556854248,base,Yes
5138,0,1,0.9820137909590904,-0.08427853137254715,-4.084278583526611,base,Yes
5139,0,1,0.9875683508847737,-0.06935582309961319,-4.4443559646606445,base,Yes
5140,0,1,0.9859363710972001,-0.0694514662027359,-4.319451332092285,base,Yes
5141,0,1,0.9890130597172385,-0.07536914199590683,-4.575369358062744,base,Yes
5142,0,1,0.9579122678790578,-0.13467608392238617,-3.259675979614258,base,Yes
5143,0,1,0.8933093961129795,-0.187245711684227,-2.3122456073760986,base,Yes
5144,0,1,0.9959298614686644,-0.053066931664943695,-5.553066730499268,base,Yes
5145,0,1,0.9046505376715775,-0.19135281443595886,-2.4413528442382812,base,Yes
5146,0,1,0.8933094131553264,-0.20740072429180145,-2.3324007987976074,base,Yes
5147,0,1,0.9796676450248561,-0.0772758349776268,-3.9522757530212402,base,Yes
5148,0,1,0.9924227580598144,-0.053807348012924194,-4.928807258605957,base,Yes
5149,0,1,0.9669140206578809,-0.12810376286506653,-3.503103733062744,base,Yes
5150,0,1,0.9890130569646081,-0.07140354067087173,-4.571403503417969,base,Yes
5151,0,1,0.984093607471798,-0.06996779888868332,-4.194967746734619,base,Yes
5152,0,1,0.9902915239841308,-0.046031903475522995,-4.671031951904297,base,Yes
5153,0,1,0.9669140199428197,-0.085148386657238,-3.460148334503174,base,Yes
5154,0,1,0.9706877713685592,-0.1350051611661911,-3.635005235671997,base,Yes
5155,0,1,0.9241418199787566,-0.1615464687347412,-2.661546468734741,base,Yes
5156,0,1,0.9770226320971079,-0.08085241913795471,-3.830852508544922,base,Yes
5157,0,1,0.9964063981388915,-0.04541853815317154,-5.670418739318848,base,Yes
5158,0,1,0.9820137868795701,-0.08899420499801636,-4.088994026184082,base,Yes
5159,0,1,0.9820137908274928,-0.0689215213060379,-4.0689215660095215,base,Yes
5160,0,1,0.9770226279992099,-0.055869195610284805,-3.8058691024780273,base,Yes
5161,0,1,0.5312093733737563,-0.8136224150657654,-0.9386224150657654,base,Yes
5162,0,1,0.9579122672782973,-0.108193039894104,-3.2331929206848145,base,Yes
5163,0,1,0.9953904271198194,-0.055088672786951065,-5.430088520050049,base,Yes
5164,0,1,0.8933093975331751,-0.17962512373924255,-2.3046250343322754,base,Yes
5165,0,1,0.9626731137267751,-0.09676620364189148,-3.346766233444214,base,Yes
5166,0,1,0.9324533126145177,-0.14639228582382202,-2.771392345428467,base,Yes
5167,0,1,0.9840936054891429,-0.05205792188644409,-4.17705774307251,base,Yes
5168,0,1,0.9820137904984994,-0.05772540345788002,-4.057725429534912,base,Yes
5169,0,1,0.9796676469541566,-0.08443520963191986,-3.959435224533081,base,Yes
5170,0,1,0.9914225126538357,-0.057492006570100784,-4.807491779327393,base,Yes
5171,0,1,0.9241418252018903,-0.21466772258281708,-2.714667797088623,base,Yes
5172,0,1,0.9924227577236518,-0.06318582594394684,-4.938185691833496,base,Yes
5173,0,1,0.9875683463111955,-0.07993721216917038,-4.454936981201172,base,Yes
5174,0,1,0.9324533107374443,-0.1813044250011444,-2.806304454803467,base,Yes
5175,0,1,0.9859363709938916,-0.10114588588476181,-4.3511457443237305,base,Yes
5176,0,1,0.9940889318442452,-0.065146803855896,-5.1901469230651855,base,Yes
5177,0,1,0.9820137942490252,-0.07034087181091309,-4.070341110229492,base,Yes
5178,0,1,0.979667646731545,-0.061369892209768295,-3.9363698959350586,base,Yes
5179,0,1,0.9840936112621673,-0.05738811567425728,-4.1823883056640625,base,Yes
5180,0,1,0.9859363713038174,-0.0613170862197876,-4.311316967010498,base,Yes
5181,0,1,0.9968273169807897,-0.04495912417769432,-5.79495906829834,base,Yes
5182,0,1,0.9924227578076924,-0.0528184212744236,-4.927818298339844,base,Yes
5183,0,1,0.9902915249511566,-0.07442411780357361,-4.6994242668151855,base,Yes
5184,0,1,0.9959298620877943,-0.046755362302064896,-5.546755313873291,base,Yes
5185,0,1,0.939913343093499,-0.13228094577789307,-2.8822808265686035,base,Yes
5186,0,1,0.984093608229872,-0.05386066809296608,-4.178860664367676,base,Yes
5187,0,1,0.9669140211345884,-0.10547353327274323,-3.480473518371582,base,Yes
5188,0,1,0.9399133540338004,-0.19634787738323212,-2.946347951889038,base,Yes
5189,0,1,0.994779875254345,-0.06199103221297264,-5.311991214752197,base,Yes
5190,0,1,0.9525741248028792,-0.13544563949108124,-3.1354455947875977,base,Yes
5191,0,1,0.9959298631750471,-0.048982877284288406,-5.548983097076416,base,Yes
5192,0,1,0.9859363745063829,-0.06543291360139847,-4.315433025360107,base,Yes
5193,0,1,0.991422512717195,-0.050112467259168625,-4.800112247467041,base,Yes
5194,0,1,0.995929862555917,-0.039757661521434784,-5.53975772857666,base,Yes
5195,0,1,0.9820137918144733,-0.04571809247136116,-4.045718193054199,base,Yes
5196,0,1,0.9914225134141449,-0.058479923754930496,-4.8084797859191895,base,Yes
5197,0,1,0.924141816844876,-0.1482706516981125,-2.648270606994629,base,Yes
5198,0,1,0.952574129515172,-0.1327306628227234,-3.132730722427368,base,Yes
5199,0,1,0.9820137884587394,-0.06726846098899841,-4.067268371582031,base,Yes
5200,0,1,0.9820137884587394,-0.06567105650901794,-4.065670967102051,base,Yes
5201,0,1,0.9933071485060986,-0.0432182215154171,-5.04321813583374,base,Yes
5202,0,1,0.9525741318713181,-0.11303413659334183,-3.113034248352051,base,Yes
5203,0,1,0.9669140187510509,-0.16320523619651794,-3.538205146789551,base,Yes
5204,0,1,0.9706877720045336,-0.08671369403600693,-3.5867137908935547,base,Yes
5205,0,1,0.9820137902353044,-0.06052588298916817,-4.060525894165039,base,Yes
5206,0,1,0.9875683462654598,-0.05766081437468529,-4.4326605796813965,base,Yes
5207,0,1,0.9840936105040935,-0.07320866733789444,-4.198208808898926,base,Yes
5208,0,1,0.9968273173342398,-0.034976426512002945,-5.784976482391357,base,Yes
5209,0,1,0.9978172832544552,-0.020661015063524246,-6.145660877227783,base,Yes
5210,0,1,0.9796676453216716,-0.06621868163347244,-3.941218614578247,base,Yes
5211,0,1,0.9924227601888429,-0.059023186564445496,-4.934023380279541,base,Yes
5212,0,1,0.9740426431789577,-0.08286665380001068,-3.707866668701172,base,Yes
5213,0,1,0.9820137863531804,-0.07066604495048523,-4.0706658363342285,base,Yes
5214,0,1,0.7549149868676283,-0.38628125190734863,-1.5112812519073486,base,Yes
5215,0,1,0.9924227578637195,-0.059715863317251205,-4.934715747833252,base,Yes
5216,0,1,0.9859363759527028,-0.07053162902593613,-4.320531845092773,base,Yes
5217,0,1,0.9953904278548114,-0.030879966914653778,-5.405879974365234,base,Yes
5218,0,1,0.9770226302572356,-0.08182071894407272,-3.8318207263946533,base,Yes
5219,0,1,0.9820137868137715,-0.05644959583878517,-4.0564494132995605,base,Yes
5220,0,1,0.9859363720786317,-0.04619366303086281,-4.296193599700928,base,Yes
5221,0,1,0.9796676456184871,-0.0771053358912468,-3.9521052837371826,base,Yes
5222,0,1,0.9740426435557125,-0.09743139147758484,-3.7224314212799072,base,Yes
5223,0,1,0.9914225143962109,-0.04790689796209335,-4.797906875610352,base,Yes
5224,0,1,0.9902915243064728,-0.05563727766275406,-4.680637359619141,base,Yes
5225,0,1,0.9859363709938916,-0.06756176799535751,-4.317561626434326,base,Yes
5226,0,1,0.991422512717195,-0.05552981421351433,-4.805529594421387,base,Yes
5227,0,1,0.9579122687801985,-0.11556752771139145,-3.240567445755005,base,Yes
5228,0,1,0.9914225135725426,-0.05737888813018799,-4.807378768920898,base,Yes
5229,0,1,0.9875683501987371,-0.06204167380928993,-4.437041759490967,base,Yes
5230,0,1,0.9953904273078407,-0.04026138037443161,-5.415261268615723,base,Yes
5231,0,1,0.9706877677647029,-0.0869026705622673,-3.586902618408203,base,Yes
5232,0,1,0.9770226297554521,-0.0775313526391983,-3.827531337738037,base,Yes
5233,0,1,0.9626731105140616,-0.09035760164260864,-3.340357542037964,base,Yes
5234,0,1,0.9978172836520168,-0.033410027623176575,-6.15841007232666,base,Yes
5235,0,1,0.9149009631141181,-0.16476501524448395,-2.5397651195526123,base,Yes
5236,0,1,0.9964063975519709,-0.04357048124074936,-5.668570518493652,base,Yes
5237,0,1,0.966914024948248,-0.11463679373264313,-3.4896368980407715,base,Yes
5238,0,1,0.9770226279155795,-0.08372173458337784,-3.83372163772583,base,Yes
5239,0,1,0.9914225164870603,-0.05831743776798248,-4.8083176612854,base,Yes
5240,0,1,0.9982992774241172,-0.04014263302087784,-6.41514253616333,base,Yes
5241,0,1,0.9579122765900844,-0.11477220803499222,-3.239772319793701,base,Yes
5242,0,1,0.9924227575835841,-0.048641834408044815,-4.923641681671143,base,Yes
5243,0,1,0.9875683467685533,-0.06898994743824005,-4.4439897537231445,base,Yes
5244,0,1,0.9947798750028606,-0.04770074784755707,-5.297700881958008,base,Yes
5245,0,1,0.9902915255958402,-0.05032231658697128,-4.675322532653809,base,Yes
5246,0,1,0.9859363732666802,-0.06313703209161758,-4.313137054443359,base,Yes
5247,0,1,0.992422758564058,-0.05295851081609726,-4.9279584884643555,base,Yes
5248,0,1,0.8175744850834649,-0.3466147780418396,-1.8466148376464844,base,Yes
5249,0,1,0.9933071492986085,-0.04666229709982872,-5.046662330627441,base,Yes
5250,0,1,0.9626731129235966,-0.08763670176267624,-3.337636709213257,base,Yes
5251,0,1,0.9940889308591826,-0.04874425008893013,-5.173744201660156,base,Yes
5252,0,1,0.798186768138228,-0.3914678692817688,-1.766467809677124,base,Yes
5253,0,1,0.8670357477770336,-0.2362137883901596,-2.1112136840820312,base,Yes
5254,0,1,0.9924227571633809,-0.07729503512382507,-4.952294826507568,base,Yes
5255,0,1,0.9465966732132748,-0.16199487447738647,-3.0369949340820312,base,Yes
5256,0,1,0.8670357546485407,-0.23815397918224335,-2.1131539344787598,base,Yes
5257,0,1,0.9241418283357702,-0.20929372310638428,-2.709293842315674,base,Yes
5258,0,1,0.880797071719777,-0.20537453889846802,-2.2053744792938232,base,Yes
5259,0,1,0.9978172834167253,-0.05603748932480812,-6.181037425994873,base,Yes
5260,0,1,0.904650538956921,-0.18619771301746368,-2.4361977577209473,base,Yes
5261,0,1,0.987568351021981,-0.05733093246817589,-4.432331085205078,base,Yes
5262,0,1,0.9971990735011058,-0.04318077489733696,-5.9181809425354,base,Yes
5263,0,1,0.9770226297554521,-0.10877443850040436,-3.858774423599243,base,Yes
5264,0,1,0.9953904289145673,-0.04958033561706543,-5.4245805740356445,base,Yes
5265,0,1,0.9940889320850383,-0.046777088195085526,-5.171777248382568,base,Yes
5266,0,1,0.904650527388829,-0.20644840598106384,-2.4564483165740967,base,Yes
5267,0,1,0.9940889302024739,-0.04781166836619377,-5.172811508178711,base,Yes
5268,0,1,0.9971990724606017,-0.03206273540854454,-5.907062530517578,base,Yes
5269,0,1,0.9770226310935413,-0.07955999672412872,-3.8295600414276123,base,Yes
5270,0,1,0.9740426416719393,-0.0965152233839035,-3.72151517868042,base,Yes
5271,0,1,0.9740426431789577,-0.07645486295223236,-3.7014548778533936,base,Yes
5272,0,1,0.9959298627069244,-0.07023419439792633,-5.570234298706055,base,Yes
5273,0,1,0.9626731142622272,-0.11325545608997345,-3.363255500793457,base,Yes
5274,0,1,0.9875683507933021,-0.059008464217185974,-4.434008598327637,base,Yes
5275,0,1,0.9770226299227133,-0.07639456540346146,-3.826394557952881,base,Yes
5276,0,1,0.9964063970317459,-0.05712615326046944,-5.682126045227051,base,Yes
5277,0,1,0.9953904284701537,-0.07256064563989639,-5.447560787200928,base,Yes
5278,0,1,0.9324533032291502,-0.1607578694820404,-2.7857577800750732,base,Yes
5279,0,1,0.9902915214412112,-0.06653092056512833,-4.691530704498291,base,Yes
5280,0,1,0.9796676482898262,-0.06458059698343277,-3.9395806789398193,base,Yes
5281,0,1,0.9968273166391215,-0.05841605365276337,-5.80841588973999,base,Yes
5282,0,1,0.9820137913538827,-0.07291214168071747,-4.072912216186523,base,Yes
5283,0,1,0.9933071481346094,-0.05656924098730087,-5.0565690994262695,base,Yes
5284,0,1,0.982013792143467,-0.06228196620941162,-4.062282085418701,base,Yes
5285,0,1,0.9859363749196173,-0.07637391239404678,-4.326374053955078,base,Yes
5286,0,1,0.9796676453216716,-0.06342584639787674,-3.9384257793426514,base,Yes
5287,0,1,0.9241418116217418,-0.15845263004302979,-2.6584525108337402,base,Yes
5288,0,1,0.8933094145755219,-0.191826730966568,-2.316826820373535,base,Yes
5289,0,1,0.9859363753328515,-0.07734567672014236,-4.327345848083496,base,Yes
5290,0,1,0.9947798749448254,-0.04345976933836937,-5.293459892272949,base,Yes
5291,0,1,0.989013055547813,-0.05353133752942085,-4.553531169891357,base,Yes
5292,0,1,0.9890130593933997,-0.04402380436658859,-4.5440239906311035,base,Yes
5293,0,1,0.9959298624200106,-0.03752371296286583,-5.5375237464904785,base,Yes
5294,0,1,0.9875683505188876,-0.06010378152132034,-4.435103893280029,base,Yes
5295,0,1,0.9902915216919216,-0.05953807756304741,-4.684537887573242,base,Yes
5296,0,1,0.9964063971784761,-0.036067552864551544,-5.661067485809326,base,Yes
5297,0,1,0.962673116404036,-0.12634481489658356,-3.376344919204712,base,Yes
5298,0,1,0.9890130594743595,-0.057814404368400574,-4.557814598083496,base,Yes
5299,0,1,0.9796676442828175,-0.08697283267974854,-3.961972713470459,base,Yes
5300,0,1,0.9968273178526331,-0.04270102456212044,-5.792701244354248,base,Yes
5301,0,1,0.9770226324316302,-0.06830967962741852,-3.818309783935547,base,Yes
5302,0,1,0.995929862163298,-0.04166606068611145,-5.541666030883789,base,Yes
5303,0,1,0.9840936070052908,-0.05145605653524399,-4.176455974578857,base,Yes
5304,0,1,0.9902915254883929,-0.05554560199379921,-4.680545806884766,base,Yes
5305,0,1,0.9820137906958954,-0.045915089547634125,-4.045915126800537,base,Yes
5306,0,1,0.9324533013520764,-0.1919327974319458,-2.8169326782226562,base,Yes
5307,0,1,0.9465966717067252,-0.167082279920578,-3.0420823097229004,base,Yes
5308,0,1,0.9924227603289105,-0.05754974111914635,-4.932549953460693,base,Yes
5309,0,1,0.9975273770822652,-0.0313505157828331,-6.031350612640381,base,Yes
5310,0,1,0.995929862948536,-0.041001155972480774,-5.541001319885254,base,Yes
5311,0,1,0.9859363752295428,-0.08307917416095734,-4.3330793380737305,base,Yes
5312,0,1,0.9525741281688026,-0.17468997836112976,-3.174690008163452,base,Yes
5313,0,1,0.9978172830516174,-0.03696703165769577,-6.161966800689697,base,Yes
5314,0,1,0.966914024233187,-0.1047159805893898,-3.4797160625457764,base,Yes
5315,0,1,0.9740426411068074,-0.11743933707475662,-3.7424392700195312,base,Yes
5316,0,1,0.9579122672782973,-0.1424809694290161,-3.2674808502197266,base,Yes
5317,0,1,0.9241418147556224,-0.13232333958148956,-2.6323232650756836,base,Yes
5318,0,1,0.9968273168040648,-0.04267703741788864,-5.79267692565918,base,Yes
5319,0,1,0.9706877662807619,-0.08247385919094086,-3.5824737548828125,base,Yes
5320,0,1,0.9933071478374179,-0.056416697800159454,-5.0564165115356445,base,Yes
5321,0,1,0.9324533144915912,-0.13444319367408752,-2.7594432830810547,base,Yes
5322,0,1,0.9796676487350494,-0.07063283026218414,-3.9456329345703125,base,Yes
5323,0,1,0.9796676471025644,-0.0825030580163002,-3.957503080368042,base,Yes
5324,0,1,0.9840936053725161,-0.07018107920885086,-4.195180892944336,base,Yes
5325,0,1,0.9626731153331315,-0.09031860530376434,-3.3403186798095703,base,Yes
5326,0,1,0.7981867777396212,-0.3099050521850586,-1.6849050521850586,base,Yes
5327,0,1,0.9933071479364817,-0.0689050480723381,-5.068904876708984,base,Yes
5328,0,1,0.9924227587881663,-0.08062457293272018,-4.955624580383301,base,Yes
5329,0,1,0.9579122750881832,-0.18385712802410126,-3.3088572025299072,base,Yes
5330,0,1,0.992422758620085,-0.0711989551782608,-4.9461989402771,base,Yes
5331,0,1,0.9902915254525771,-0.05318573862314224,-4.678185939788818,base,Yes
5332,0,1,0.9924227581158414,-0.05002459138631821,-4.925024509429932,base,Yes
5333,0,1,0.9940889298741196,-0.0428302064538002,-5.167829990386963,base,Yes
5334,0,1,0.990291521297948,-0.07165168970823288,-4.696651458740234,base,Yes
5335,0,1,0.982013792801454,-0.0487268790602684,-4.048727035522461,base,Yes
5336,0,1,0.9796676465089335,-0.09432841092348099,-3.9693284034729004,base,Yes
5337,0,1,0.9770226300899744,-0.07518649101257324,-3.8251864910125732,base,Yes
5338,0,1,0.9890130569241282,-0.05619482323527336,-4.55619478225708,base,Yes
5339,0,1,0.9706877675527112,-0.08266550302505493,-3.58266544342041,base,Yes
5340,0,1,0.9875683482320986,-0.06760700047016144,-4.4426069259643555,base,Yes
5341,0,1,0.9924227596005588,-0.039318446069955826,-4.914318561553955,base,Yes
5342,0,1,0.867035763237924,-0.23141953349113464,-2.106419563293457,base,Yes
5343,0,1,0.9241418220680101,-0.15779730677604675,-2.657797336578369,base,Yes
5344,0,1,0.9933071494719701,-0.04542058706283569,-5.0454206466674805,base,Yes
5345,0,1,0.9770226310935413,-0.0750846415758133,-3.825084686279297,base,Yes
5346,0,1,0.9924227580878278,-0.04610737785696983,-4.921107292175293,base,Yes
5347,0,1,0.9959298623445068,-0.057739242911338806,-5.5577392578125,base,Yes
5348,0,1,0.9890130560740511,-0.07107794284820557,-4.571077823638916,base,Yes
5349,0,1,0.9902915223366054,-0.061771515756845474,-4.686771392822266,base,Yes
5350,0,1,0.7772998663336157,-0.33135101199150085,-1.5813510417938232,base,Yes
5351,0,1,0.995390426726684,-0.05093789100646973,-5.425937652587891,base,Yes
5352,0,1,0.9964063972184933,-0.056695517152547836,-5.681695461273193,base,Yes
5353,0,1,0.987568349375493,-0.05211065337061882,-4.42711067199707,base,Yes
5354,0,1,0.9840936060139633,-0.04068770632147789,-4.165687561035156,base,Yes
5355,0,1,0.9875683471344399,-0.07918517291545868,-4.4541850090026855,base,Yes
5356,0,1,0.9770226275810572,-0.0943683311343193,-3.8443682193756104,base,Yes
5357,0,1,0.9980732654262203,-0.031225157901644707,-6.281225204467773,base,Yes
5358,0,1,0.9820137875375574,-0.07643189281225204,-4.076431751251221,base,Yes
5359,0,1,0.9820137933278436,-0.07125978916883469,-4.07125997543335,base,Yes
5360,0,1,0.9820137917486748,-0.08125486224889755,-4.081254959106445,base,Yes
5361,0,1,0.9924227602168565,-0.05505065247416496,-4.930050849914551,base,Yes
5362,0,1,0.9924227569952997,-0.05737899988889694,-4.932378768920898,base,Yes
5363,0,1,0.9796676453958755,-0.058433596044778824,-3.9334335327148438,base,Yes
5364,0,1,0.9859363728017917,-0.055332671850919724,-4.305332660675049,base,Yes
5365,0,1,0.9933071500663527,-0.0484369695186615,-5.048437118530273,base,Yes
5366,0,1,0.9933071503387781,-0.05524187162518501,-5.05524206161499,base,Yes
5367,0,1,0.9669140220880033,-0.11137078702449799,-3.486370801925659,base,Yes
5368,0,1,0.9914225131923879,-0.06268803775310516,-4.812687873840332,base,Yes
5369,0,1,0.9940889316253425,-0.0634717121720314,-5.188471794128418,base,Yes
5370,0,1,0.9525741227833249,-0.12289604544639587,-3.1228959560394287,base,Yes
5371,0,1,0.7772998663336157,-0.33905598521232605,-1.5890560150146484,base,Yes
5372,0,1,0.8807970873650403,-0.2030743658542633,-2.2030744552612305,base,Yes
5373,0,1,0.9914225146496473,-0.04703950136899948,-4.79703950881958,base,Yes
5374,0,1,0.9902915219426321,-0.04883973300457001,-4.673839569091797,base,Yes
5375,0,1,0.8933094060543487,-0.21435046195983887,-2.339350461959839,base,Yes
5376,0,1,0.9924227595165183,-0.05318392813205719,-4.9281840324401855,base,Yes
5377,0,1,0.989013058421883,-0.05114688724279404,-4.551146984100342,base,Yes
5378,0,1,0.9959298613629591,-0.0454246886074543,-5.545424461364746,base,Yes
5379,0,1,0.9902915231603684,-0.0519891157746315,-4.6769890785217285,base,Yes
5380,0,1,0.9820137887219341,-0.06973512470722198,-4.069735050201416,base,Yes
5381,0,1,0.9770226325988914,-0.06323159486055374,-3.8132317066192627,base,Yes
5382,0,1,0.9859363759527028,-0.0630209669470787,-4.313021183013916,base,Yes
5383,0,1,0.9890130551025345,-0.08940908312797546,-4.589408874511719,base,Yes
5384,0,1,0.982013787142765,-0.06403844058513641,-4.064038276672363,base,Yes
5385,0,1,0.9940889319755869,-0.04025015980005264,-5.165250301361084,base,Yes
5386,0,1,0.9924227574995436,-0.059806033968925476,-4.934805870056152,base,Yes
5387,0,1,0.9940889317347937,-0.04414357617497444,-5.1691436767578125,base,Yes
5388,0,1,0.9890130564788499,-0.08164890855550766,-4.581648826599121,base,Yes
5389,0,1,0.8933094103149354,-0.16785402595996857,-2.292854070663452,base,Yes
5390,0,1,0.9740426426138259,-0.09821868687868118,-3.7232186794281006,base,Yes
5391,0,1,0.9924227570513267,-0.05097697675228119,-4.925976753234863,base,Yes
5392,0,1,0.9579122678790578,-0.13113437592983246,-3.256134271621704,base,Yes
5393,0,1,0.9465966694469009,-0.14430858194828033,-3.019308567047119,base,Yes
5394,0,1,0.924141816844876,-0.20056895911693573,-2.700568914413452,base,Yes
5395,0,1,0.9968273164270514,-0.05255197733640671,-5.802551746368408,base,Yes
5396,0,1,0.9859363755394686,-0.09184246510267258,-4.3418426513671875,base,Yes
5397,0,1,0.995929862223701,-0.04720212519168854,-5.547202110290527,base,Yes
5398,0,1,0.9933071498186933,-0.040885813534259796,-5.040885925292969,base,Yes
5399,0,1,0.9820137924066618,-0.06371580064296722,-4.063715934753418,base,Yes
5400,0,1,0.9875683489638711,-0.05128766596317291,-4.426287651062012,base,Yes
5401,0,1,0.9933071501654165,-0.04456551373004913,-5.044565677642822,base,Yes
5402,0,1,0.9740426407300528,-0.08980210870504379,-3.7148020267486572,base,Yes
5403,0,1,0.9975273767239151,-0.03472142294049263,-6.034721374511719,base,Yes
5404,0,1,0.6791786861878392,-0.5691197514533997,-1.3191196918487549,base,Yes
5405,0,1,0.9971990733658402,-0.04763209819793701,-5.922632217407227,base,Yes
5406,0,1,0.9770226297554521,-0.08006860315799713,-3.830068588256836,base,Yes
5407,0,1,0.9933071493976723,-0.049752186983823776,-5.049752235412598,base,Yes
5408,0,1,0.9971990733970555,-0.04008995369076729,-5.915090084075928,base,Yes
5409,0,1,0.9968273167098114,-0.0683685764670372,-5.818368434906006,base,Yes
5410,0,1,0.957912274487423,-0.11834448575973511,-3.24334454536438,base,Yes
5411,0,1,0.9770226289191464,-0.06670122593641281,-3.8167011737823486,base,Yes
5412,0,1,0.9971990736363714,-0.060022614896297455,-5.935022830963135,base,Yes
5413,0,1,0.995929861710276,-0.05541624873876572,-5.555416107177734,base,Yes
5414,0,1,0.9820137908274928,-0.06492038071155548,-4.064920425415039,base,Yes
5415,0,1,0.9959298620273914,-0.05204445496201515,-5.55204439163208,base,Yes
5416,0,1,0.9902915231961841,-0.062188658863306046,-4.687188625335693,base,Yes
5417,0,1,0.9796676457668948,-0.0734444111585617,-3.948444366455078,base,Yes
5418,0,1,0.9859363741964572,-0.0578407347202301,-4.307840824127197,base,Yes
5419,0,1,0.9579122756889438,-0.09776917099952698,-3.222769260406494,base,Yes
5420,0,1,0.9740426456278624,-0.07685864716768265,-3.7018587589263916,base,Yes
5421,0,1,0.8519527944504226,-0.2526620030403137,-2.002661943435669,base,Yes
5422,0,1,0.9933071502149484,-0.040265388786792755,-5.0402655601501465,base,Yes
5423,0,1,0.995929862510615,-0.03657049313187599,-5.5365705490112305,base,Yes
5424,0,1,0.984093612020241,-0.07221579551696777,-4.197216033935547,base,Yes
5425,0,1,0.9796676444312252,-0.08150970190763474,-3.956509590148926,base,Yes
5426,0,1,0.9890130566407693,-0.0754295065999031,-4.575429439544678,base,Yes
5427,0,1,0.962673116671762,-0.09646142274141312,-3.346461534500122,base,Yes
5428,0,1,0.9796676485124378,-0.058913614600896835,-3.9339137077331543,base,Yes
5429,0,1,0.9241418189341297,-0.16700007021427155,-2.6670000553131104,base,Yes
5430,0,1,0.9840936079966184,-0.05734016373753548,-4.182340145111084,base,Yes
5431,0,1,0.9875683472259114,-0.06533018499612808,-4.4403300285339355,base,Yes
5432,0,1,0.9968273169218814,-0.050201013684272766,-5.800200939178467,base,Yes
5433,0,1,0.9924227576956381,-0.05207647755742073,-4.92707633972168,base,Yes
5434,0,1,0.9149009596336303,-0.18051165342330933,-2.555511713027954,base,Yes
5435,0,1,0.8933094145755219,-0.2523113787174225,-2.3773114681243896,base,Yes
5436,0,1,0.9840936046727554,-0.05443500727415085,-4.179434776306152,base,Yes
5437,0,1,0.966914023279772,-0.10977024585008621,-3.4847702980041504,base,Yes
5438,0,1,0.9890130552644538,-0.06569929420948029,-4.565699100494385,base,Yes
5439,0,1,0.9902915219426321,-0.05272309482097626,-4.677722930908203,base,Yes
5440,0,1,0.9947798750415504,-0.0456603541970253,-5.295660495758057,base,Yes
5441,0,1,0.9953904284017823,-0.04211556166410446,-5.417115688323975,base,Yes
5442,0,1,0.9953904286410821,-0.03511697053909302,-5.410117149353027,base,Yes
5443,0,1,0.974042644685976,-0.07216589152812958,-3.6971659660339355,base,Yes
5444,0,1,0.952574123793102,-0.10695917159318924,-3.106959104537964,base,Yes
5445,0,1,0.9740426454394852,-0.08878053724765778,-3.713780641555786,base,Yes
5446,0,1,0.9947798744418563,-0.0549907423555851,-5.304990768432617,base,Yes
5447,0,1,0.9840936082881853,-0.10175895690917969,-4.22675895690918,base,Yes
5448,0,1,0.8670357666736773,-0.27939027547836304,-2.154390335083008,base,Yes
5449,0,1,0.9959298631297449,-0.04795530438423157,-5.547955513000488,base,Yes
5450,0,1,0.9940889304213768,-0.04506123438477516,-5.170061111450195,base,Yes
5451,0,1,0.9924227580037871,-0.07554922252893448,-4.950549125671387,base,Yes
5452,0,1,0.9953904273420263,-0.032189950346946716,-5.407189846038818,base,Yes
5453,0,1,0.9859363706323114,-0.05916802957653999,-4.309167861938477,base,Yes
5454,0,1,0.9859363740414945,-0.054072778671979904,-4.304072856903076,base,Yes
5455,0,1,0.9579122717840008,-0.10642815381288528,-3.2314281463623047,base,Yes
5456,0,1,0.9626731137267751,-0.1200692355632782,-3.3700692653656006,base,Yes
5457,0,1,0.9796676487350494,-0.06769980490207672,-3.942699909210205,base,Yes
5458,0,1,0.8670357666736773,-0.23844808340072632,-2.113448143005371,base,Yes
5459,0,1,0.9933071480603116,-0.04809824004769325,-5.048098087310791,base,Yes
5460,0,1,0.9953904276496973,-0.04951385408639908,-5.424513816833496,base,Yes
5461,0,1,0.9465966664338019,-0.18226845562458038,-3.0572683811187744,base,Yes
5462,0,1,0.9953904272907478,-0.05838119611144066,-5.433381080627441,base,Yes
5463,0,1,0.9840936053142026,-0.06196470186114311,-4.186964511871338,base,Yes
5464,0,1,0.9740426452511078,-0.0892261490225792,-3.714226245880127,base,Yes
5465,0,1,0.914900950352329,-0.1679883599281311,-2.5429883003234863,base,Yes
5466,0,1,0.9820137899063109,-0.08324909955263138,-4.083249092102051,base,Yes
5467,0,1,0.9902915242348413,-0.08202259242534637,-4.707022666931152,base,Yes
5468,0,1,0.9933071496205658,-0.043184198439121246,-5.043184280395508,base,Yes
5469,0,1,0.9859363752295428,-0.08956082165241241,-4.3395609855651855,base,Yes
5470,0,1,0.9914225133507857,-0.053832199424505234,-4.803832054138184,base,Yes
5471,0,1,0.7549149868676283,-0.43029332160949707,-1.555293321609497,base,Yes
5472,0,1,0.9840936066554105,-0.06763039529323578,-4.192630290985107,base,Yes
5473,0,1,0.9669140204195272,-0.1108723059296608,-3.485872268676758,base,Yes
5474,0,1,0.9840936114954209,-0.05361393466591835,-4.178614139556885,base,Yes
5475,0,1,0.9525741217735477,-0.09544359892606735,-3.0954434871673584,base,Yes
5476,0,1,0.9902915257391033,-0.09594321995973587,-4.720943450927734,base,Yes
5477,0,1,0.9669140206578809,-0.0973072350025177,-3.4723072052001953,base,Yes
5478,0,1,0.9902915219784478,-0.047359149903059006,-4.672358989715576,base,Yes
5479,0,1,0.9820137916170774,-0.08097687363624573,-4.080976963043213,base,Yes
5480,0,1,0.9890130570455681,-0.05069497227668762,-4.550694942474365,base,Yes
5481,0,1,0.9840936095710796,-0.06904546171426773,-4.194045543670654,base,Yes
5482,0,1,0.9706877722165251,-0.12530197203159332,-3.6253020763397217,base,Yes
5483,0,1,0.9933071484813326,-0.05033025145530701,-5.05033016204834,base,Yes
5484,0,1,0.9840936070052908,-0.06286963075399399,-4.187869548797607,base,Yes
5485,0,1,0.9902915247720777,-0.051442015916109085,-4.6764421463012695,base,Yes
5486,0,1,0.9964063981122133,-0.04156188666820526,-5.666562080383301,base,Yes
5487,0,1,0.9982992777403624,-0.06560507416725159,-6.440605163574219,base,Yes
5488,0,1,0.9940889302243642,-0.05948416143655777,-5.184484004974365,base,Yes
5489,0,1,0.990291525022788,-0.04768165200948715,-4.67268180847168,base,Yes
5490,0,1,0.7772998663336157,-0.36915645003318787,-1.6191564798355103,base,Yes
5491,0,1,0.9241418126663687,-0.21769104897975922,-2.717690944671631,base,Yes
5492,0,1,0.9940889304870477,-0.04127561300992966,-5.166275501251221,base,Yes
5493,0,1,0.9890130592314803,-0.08186037093400955,-4.581860542297363,base,Yes
5494,0,1,0.9890130582194838,-0.0458931140601635,-4.54589319229126,base,Yes
5495,0,1,0.994088931209427,-0.042416561394929886,-5.167416572570801,base,Yes
5496,0,1,0.9924227573594756,-0.052612487226724625,-4.9276123046875,base,Yes
5497,0,1,0.9669140180359896,-0.09152280539274216,-3.466522693634033,base,Yes
5498,0,1,0.9859363727501375,-0.06269218027591705,-4.312692165374756,base,Yes
5499,0,1,0.9959298624804134,-0.04202217981219292,-5.542022228240967,base,Yes
5500,0,1,0.9399133531922388,-0.1281384825706482,-2.878138542175293,base,Yes
5501,0,1,0.9875683479576839,-0.0808006301522255,-4.455800533294678,base,Yes
5502,0,1,0.8670357494949105,-0.22767409682273865,-2.1026740074157715,base,Yes
5503,0,1,0.9626731094431571,-0.115407794713974,-3.365407705307007,base,Yes
5504,0,1,0.9796676468057489,-0.08788751810789108,-3.9628875255584717,base,Yes
5505,0,1,0.9940889318442452,-0.05770289897918701,-5.182703018188477,base,Yes
5506,0,1,0.9626731158685837,-0.08984199166297913,-3.3398420810699463,base,Yes
5507,0,1,0.993307149917757,-0.05602013319730759,-5.056020259857178,base,Yes
5508,0,1,0.9579122693809591,-0.12201864272356033,-3.247018575668335,base,Yes
5509,0,1,0.9324533060447605,-0.14817361533641815,-2.7731735706329346,base,Yes
5510,0,1,0.9940889325009536,-0.05161071568727493,-5.176610946655273,base,Yes
5511,0,1,0.8807970779778823,-0.24864697456359863,-2.2486469745635986,base,Yes
5512,0,1,0.9875683478662124,-0.06055842339992523,-4.435558319091797,base,Yes
5513,0,1,0.9626731147976793,-0.10472553968429565,-3.3547255992889404,base,Yes
5514,0,1,0.9241418137109955,-0.17634519934654236,-2.676345109939575,base,Yes
5515,0,1,0.9796676457668948,-0.07375817000865936,-3.948758125305176,base,Yes
5516,0,1,0.9324533144915912,-0.15312209725379944,-2.7781221866607666,base,Yes
5517,0,1,0.9940889308154021,-0.039745863527059555,-5.164745807647705,base,Yes
5518,0,1,0.9924227605250054,-0.06450247764587402,-4.939502716064453,base,Yes
5519,0,1,0.9796676472509721,-0.0633980929851532,-3.9383981227874756,base,Yes
5520,0,1,0.7310585727705126,-0.41307035088539124,-1.4130703210830688,base,Yes
5521,0,1,0.9933071492490766,-0.05231759324669838,-5.0523176193237305,base,Yes
5522,0,1,0.9840936108539738,-0.07367832958698273,-4.198678493499756,base,Yes
5523,0,1,0.9978172833274767,-0.050581082701683044,-6.175580978393555,base,Yes
5524,0,1,0.9933071505121395,-0.09068133682012558,-5.090681552886963,base,Yes
5525,0,1,0.9933071501158847,-0.06684573739767075,-5.066845893859863,base,Yes
5526,0,1,0.9740426443092215,-0.08628982305526733,-3.711289882659912,base,Yes
5527,0,1,0.9978172839197625,-0.04055435582995415,-6.165554523468018,base,Yes
5528,0,1,0.9902915252018669,-0.059913937002420425,-4.6849141120910645,base,Yes
5529,0,1,0.9902915248437093,-0.05630097910761833,-4.681301116943359,base,Yes
5530,0,1,0.9971990733138152,-0.03661002591252327,-5.911610126495361,base,Yes
5531,0,1,0.9978172839522166,-0.035722073167562485,-6.160722255706787,base,Yes
5532,0,1,0.9940889307059506,-0.03998859226703644,-5.1649885177612305,base,Yes
5533,0,1,0.9924227601888429,-0.0770295113325119,-4.952029705047607,base,Yes
5534,0,1,0.9953904282479469,-0.04458227381110191,-5.419582366943359,base,Yes
5535,0,1,0.984093609804333,-0.07789125293493271,-4.2028913497924805,base,Yes
5536,0,1,0.9241418126663687,-0.1527782529592514,-2.652778148651123,base,Yes
5537,0,1,0.9947798741903717,-0.04830124229192734,-5.2983012199401855,base,Yes
5538,0,1,0.9465966649272521,-0.12656532227993011,-3.0015652179718018,base,Yes
5539,0,1,0.9859363747646542,-0.052629340440034866,-4.302629470825195,base,Yes
5540,0,1,0.9875683505188876,-0.08114088326692581,-4.456140995025635,base,Yes
5541,0,1,0.9770226275810572,-0.07072912901639938,-3.8207290172576904,base,Yes
5542,0,1,0.9933071500663527,-0.046251147985458374,-5.04625129699707,base,Yes
5543,0,1,0.987568349375493,-0.05851219221949577,-4.433512210845947,base,Yes
5544,0,1,0.982013787142765,-0.0698954313993454,-4.069895267486572,base,Yes
5545,0,1,0.982013793854233,-0.07891871780157089,-4.078918933868408,base,Yes
5546,0,1,0.9933071504130759,-0.04504755884408951,-5.045047760009766,base,Yes
5547,0,1,0.995929861649873,-0.05106703191995621,-5.551066875457764,base,Yes
5548,0,1,0.9324533051062237,-0.15059810876846313,-2.7755980491638184,base,Yes
5549,0,1,0.9840936102125266,-0.05791127309203148,-4.182911396026611,base,Yes
5550,0,1,0.9840936077050516,-0.07214359194040298,-4.1971435546875,base,Yes
5551,0,1,0.9980732650286284,-0.04610077664256096,-6.296100616455078,base,Yes
5552,0,1,0.9902915220500794,-0.05485454574227333,-4.679854393005371,base,Yes
5553,0,1,0.9947798730683632,-0.05384564399719238,-5.303845405578613,base,Yes
5554,0,1,0.9465966671870767,-0.11227494478225708,-2.9872748851776123,base,Yes
5555,0,1,0.9706877662807619,-0.10684047639369965,-3.6068403720855713,base,Yes
5556,0,1,0.9924227594324776,-0.045021917670965195,-4.920022010803223,base,Yes
5557,0,1,0.9465966709534505,-0.11550115048885345,-2.9905011653900146,base,Yes
5558,0,1,0.9840936112621673,-0.0596044547855854,-4.184604644775391,base,Yes
5559,0,1,0.9626731134590488,-0.10146162658929825,-3.35146164894104,base,Yes
5560,0,1,0.9859363704773486,-0.08143872022628784,-4.3314385414123535,base,Yes
5561,0,1,0.9465966709534505,-0.17863701283931732,-3.0536370277404785,base,Yes
5562,0,1,0.9953904269830766,-0.05104607716202736,-5.426045894622803,base,Yes
5563,0,1,0.9968273175227463,-0.0411762036383152,-5.7911763191223145,base,Yes
5564,0,1,0.9859363746096915,-0.06109797954559326,-4.311098098754883,base,Yes
5565,0,1,0.9968273166744666,-0.04642072692513466,-5.796420574188232,base,Yes
5566,0,1,0.9820137893141225,-0.04967788979411125,-4.049677848815918,base,Yes
5567,0,1,0.9820137868795701,-0.08055847883224487,-4.0805583000183105,base,Yes
5568,0,1,0.8354835452961425,-0.2793988585472107,-1.9043989181518555,base,Yes
5569,0,1,0.8354835371034369,-0.2859766483306885,-1.9109766483306885,base,Yes
5570,0,1,0.9770226305917578,-0.10121343284845352,-3.8512134552001953,base,Yes
5571,0,1,0.9914225143645312,-0.058968570083379745,-4.808968544006348,base,Yes
5572,0,1,0.9890130571265278,-0.09601881355047226,-4.5960187911987305,base,Yes
5573,0,1,0.9859363703223857,-0.044118594378232956,-4.294118404388428,base,Yes
5574,0,1,0.9975273763379998,-0.05929633602499962,-6.059296131134033,base,Yes
5575,0,1,0.9914225131290291,-0.04361122101545334,-4.7936110496521,base,Yes
5576,0,1,0.9959298621783987,-0.04514601454138756,-5.5451459884643555,base,Yes
5577,0,1,0.9914225150931606,-0.03609699010848999,-4.786097049713135,base,Yes
5578,0,1,0.9953904276155118,-0.04515080153942108,-5.4201507568359375,base,Yes
5579,0,1,0.9902915231961841,-0.045822177082300186,-4.6708221435546875,base,Yes
5580,0,1,0.9964063981789087,-0.04717233404517174,-5.672172546386719,base,Yes
5581,0,1,0.979667648438234,-0.07659974694252014,-3.9515998363494873,base,Yes
5582,0,1,0.990291522873842,-0.053874559700489044,-4.678874492645264,base,Yes
5583,0,1,0.9820137876691548,-0.08355869352817535,-4.083558559417725,base,Yes
5584,0,1,0.9914225152198789,-0.05895845592021942,-4.808958530426025,base,Yes
5585,0,1,0.9953904282821323,-0.05952920392155647,-5.4345293045043945,base,Yes
5586,0,1,0.9971990736155613,-0.03994587063789368,-5.91494607925415,base,Yes
5587,0,1,0.9933071498186933,-0.052842505276203156,-5.052842617034912,base,Yes
5588,0,1,0.9902915224440529,-0.05737697333097458,-4.682376861572266,base,Yes
5589,0,1,0.989013056721729,-0.07030731439590454,-4.57030725479126,base,Yes
5590,0,1,0.9940889302681448,-0.061748653650283813,-5.186748504638672,base,Yes
5591,0,1,0.9924227584520038,-0.03318218141794205,-4.908182144165039,base,Yes
5592,0,1,0.9796676490318648,-0.0719527006149292,-3.9469528198242188,base,Yes
5593,0,1,0.9465966641739773,-0.14468824863433838,-3.019688129425049,base,Yes
5594,0,1,0.9914225153465969,-0.05620947480201721,-4.806209564208984,base,Yes
5595,0,1,0.9465966747198243,-0.23521128296852112,-3.1102113723754883,base,Yes
5596,0,1,0.9924227602728836,-0.0568101741373539,-4.93181037902832,base,Yes
5597,0,1,0.9953904287094533,-0.06484965980052948,-5.439849853515625,base,Yes
5598,0,1,0.9875683512506599,-0.08716470748186111,-4.462164878845215,base,Yes
5599,0,1,0.9796676451732639,-0.062430933117866516,-3.9374308586120605,base,Yes
5600,0,1,0.9770226292536686,-0.09450510889291763,-3.8445050716400146,base,Yes
5601,0,1,0.9933071491004812,-0.04415988549590111,-5.044159889221191,base,Yes
5602,0,1,0.9953904283334108,-0.048873789608478546,-5.4238739013671875,base,Yes
5603,0,1,0.9964063974852755,-0.04359148070216179,-5.668591499328613,base,Yes
5604,0,1,0.9324533022906132,-0.12994180619716644,-2.754941701889038,base,Yes
5605,0,1,0.9953904270685409,-0.052716419100761414,-5.427716255187988,base,Yes
5606,0,1,0.9978172839035355,-0.032671768218278885,-6.157671928405762,base,Yes
5607,0,1,0.9770226314280634,-0.08699315786361694,-3.8369932174682617,base,Yes
5608,0,1,0.9933071498558422,-0.030750157311558723,-5.030750274658203,base,Yes
5609,0,1,0.998073265748592,-0.02680518664419651,-6.276805400848389,base,Yes
5610,0,1,0.9525741288419872,-0.09952564537525177,-3.0995256900787354,base,Yes
5611,0,1,0.9971990731057143,-0.04096934571862221,-5.915969371795654,base,Yes
5612,0,1,0.9940889312969882,-0.044386837631464005,-5.169386863708496,base,Yes
5613,0,1,0.9859363732666802,-0.056160904467105865,-4.306160926818848,base,Yes
5614,0,1,0.9940889320850383,-0.04466469958424568,-5.1696648597717285,base,Yes
5615,0,1,0.9324533051062237,-0.19255906343460083,-2.817559003829956,base,Yes
5616,0,1,0.9840936113204808,-0.07371453940868378,-4.198714733123779,base,Yes
5617,0,1,0.979667646212118,-0.05972125381231308,-3.9347212314605713,base,Yes
5618,0,1,0.9465966641739773,-0.1062699556350708,-2.9812698364257812,base,Yes
5619,0,1,0.9940889322820508,-0.041115567088127136,-5.166115760803223,base,Yes
5620,0,1,0.9914225136992609,-0.08923541009426117,-4.839235305786133,base,Yes
5621,0,1,0.9980732649784817,-0.042626090347766876,-6.292625904083252,base,Yes
5622,0,1,0.984093612020241,-0.0645453929901123,-4.189545631408691,base,Yes
5623,0,1,0.9964063967516247,-0.04148263484239578,-5.666482448577881,base,Yes
5624,0,1,0.9525741268224334,-0.13097000122070312,-3.130970001220703,base,Yes
5625,0,1,0.924141817889503,-0.1553373634815216,-2.655337333679199,base,Yes
5626,0,1,0.9840936070052908,-0.07865913957357407,-4.2036590576171875,base,Yes
5627,0,1,0.9890130566812492,-0.061772409826517105,-4.561772346496582,base,Yes
5628,0,1,0.9947798739001972,-0.05331142619252205,-5.303311347961426,base,Yes
5629,0,1,0.9324533088603709,-0.16614651679992676,-2.7911465167999268,base,Yes
5630,0,1,0.9924227600207618,-0.058316536247730255,-4.933316707611084,base,Yes
5631,0,1,0.9465966686936261,-0.1047840416431427,-2.9797840118408203,base,Yes
5632,0,1,0.9840936094544529,-0.06718342006206512,-4.192183494567871,base,Yes
5633,0,1,0.8933093975331751,-0.18786296248435974,-2.3128628730773926,base,Yes
5634,0,1,0.9975273766871613,-0.03412539139389992,-6.034125328063965,base,Yes
5635,0,1,0.9820137864847778,-0.06412430852651596,-4.06412410736084,base,Yes
5636,0,1,0.9840936066554105,-0.060636624693870544,-4.185636520385742,base,Yes
5637,0,1,0.9975273772384692,-0.037893135100603104,-6.037893295288086,base,Yes
5638,0,1,0.9924227597126128,-0.05969463661313057,-4.934694766998291,base,Yes
5639,0,1,0.9924227587041257,-0.052717212587594986,-4.927717208862305,base,Yes
5640,0,1,0.9890130580575643,-0.05739205703139305,-4.557392120361328,base,Yes
5641,0,1,0.9740426428022031,-0.08450126647949219,-3.709501266479492,base,Yes
5642,0,1,0.970687768188686,-0.10313109308481216,-3.603131055831909,base,Yes
5643,0,1,0.9902915237334206,-0.052492596209049225,-4.677492618560791,base,Yes
5644,0,1,0.9953904277693473,-0.036823760718107224,-5.411823749542236,base,Yes
5645,0,1,0.9149009584734678,-0.18541069328784943,-2.560410737991333,base,Yes
5646,0,1,0.9840936072968579,-0.06079155579209328,-4.185791492462158,base,Yes
5647,0,1,0.9770226287518852,-0.08040481805801392,-3.830404758453369,base,Yes
5648,0,1,0.9953904286923604,-0.05527334287762642,-5.430273532867432,base,Yes
5649,0,1,0.984093610737347,-0.07171948999166489,-4.196719646453857,base,Yes
5650,0,1,0.9875683507018305,-0.07399355620145798,-4.448993682861328,base,Yes
5651,0,1,0.994088930355706,-0.0573665052652359,-5.182366371154785,base,Yes
5652,0,1,0.997199072512627,-0.04397840052843094,-5.918978214263916,base,Yes
5653,0,1,0.9975273769444384,-0.039695221930742264,-6.0396952629089355,base,Yes
5654,0,1,0.9933071490757153,-0.04033374786376953,-5.0403337478637695,base,Yes
5655,0,1,0.9465966758497364,-0.10281813889741898,-2.977818250656128,base,Yes
5656,0,1,0.8519527982093668,-0.28487470746040344,-2.034874677658081,base,Yes
5657,0,1,0.987568349375493,-0.059028130024671555,-4.434028148651123,base,Yes
5658,0,1,0.7772998611746911,-0.3647289276123047,-1.6147289276123047,base,Yes
5659,0,1,0.8933094145755219,-0.21171942353248596,-2.336719512939453,base,Yes
5660,0,1,0.9859363762109741,-0.05678010359406471,-4.3067803382873535,base,Yes
5661,0,1,0.9953904284872463,-0.04100355878472328,-5.416003704071045,base,Yes
5662,0,1,0.9933071476640563,-0.05030939355492592,-5.050309181213379,base,Yes
5663,0,1,0.9933071479860135,-0.07283799350261688,-5.072837829589844,base,Yes
5664,0,1,0.9669140199428197,-0.08457093685865402,-3.45957088470459,base,Yes
5665,0,1,0.977022630759019,-0.08432838320732117,-3.8343284130096436,base,Yes
5666,0,1,0.9924227590122746,-0.04552265256643295,-4.920522689819336,base,Yes
5667,0,1,0.9953904274787689,-0.029997900128364563,-5.404997825622559,base,Yes
5668,0,1,0.9046505428129514,-0.2411002218723297,-2.491100311279297,base,Yes
5669,0,1,0.996406396804981,-0.037995509803295135,-5.662995338439941,base,Yes
5670,0,1,0.9875683502444729,-0.05410090088844299,-4.42910099029541,base,Yes
5671,0,1,0.8933094060543487,-0.21388864517211914,-2.338888645172119,base,Yes
5672,0,1,0.9947798742677516,-0.047663696110248566,-5.297663688659668,base,Yes
5673,0,1,0.995929862510615,-0.03647750988602638,-5.536477565765381,base,Yes
5674,0,1,0.9796676471025644,-0.10996506363153458,-3.9849650859832764,base,Yes
5675,0,1,0.9968273172988947,-0.03228183090686798,-5.782281875610352,base,Yes
5676,0,1,0.9399133481428692,-0.13869884610176086,-2.8886988162994385,base,Yes
5677,0,1,0.9796676473993798,-0.08601661771535873,-3.9610166549682617,base,Yes
5678,0,1,0.9241418116217418,-0.15754520893096924,-2.6575450897216797,base,Yes
5679,0,1,0.9953904271369121,-0.050989776849746704,-5.425989627838135,base,Yes
5680,0,1,0.9924227604129512,-0.045228734612464905,-4.920228958129883,base,Yes
5681,0,1,0.9399133531922388,-0.21371787786483765,-2.9637179374694824,base,Yes
5682,0,1,0.9959298622992045,-0.04610681161284447,-5.546106815338135,base,Yes
5683,0,1,0.9964063982322651,-0.05657554790377617,-5.681575775146484,base,Yes
5684,0,1,0.991422514586288,-0.08417749404907227,-4.834177494049072,base,Yes
5685,0,1,0.9914225159168286,-0.06012757867574692,-4.8101277351379395,base,Yes
5686,0,1,0.8175744673038221,-0.3021863102912903,-1.8021862506866455,base,Yes
5687,0,1,0.9953904285385249,-0.05476268380880356,-5.429762840270996,base,Yes
5688,0,1,0.9964063977653967,-0.04686536639928818,-5.671865463256836,base,Yes
5689,0,1,0.9669140201811735,-0.10272197425365448,-3.477721929550171,base,Yes
5690,0,1,0.9875683489638711,-0.07102586328983307,-4.446025848388672,base,Yes
5691,0,1,0.8670357563664174,-0.22860053181648254,-2.10360050201416,base,Yes
5692,0,1,0.9975273764666381,-0.038213882595300674,-6.038213729858398,base,Yes
5693,0,1,0.9399133531922388,-0.14753907918930054,-2.8975391387939453,base,Yes
5694,0,1,0.9953904275129547,-0.046856947243213654,-5.421856880187988,base,Yes
5695,0,1,0.993307149942523,-0.04026733711361885,-5.040267467498779,base,Yes
5696,0,1,0.9046505428129514,-0.217325359582901,-2.467325448989868,base,Yes
5697,0,1,0.9971990733242201,-0.04551638662815094,-5.920516490936279,base,Yes
5698,0,1,0.914900957313305,-0.17217585444450378,-2.547175884246826,base,Yes
5699,0,1,0.9933071495957998,-0.04672805592417717,-5.046728134155273,base,Yes
5700,0,1,0.9971990734698908,-0.0437067374587059,-5.918706893920898,base,Yes
5701,0,1,0.9525741261492485,-0.15526939928531647,-3.1552693843841553,base,Yes
5702,0,1,0.9902915224798687,-0.042303670197725296,-4.667303562164307,base,Yes
5703,0,1,0.9924227596285723,-0.046245455741882324,-4.921245574951172,base,Yes
5704,0,1,0.9964063968650071,-0.022538339719176292,-5.647538185119629,base,Yes
5705,0,1,0.9890130593933997,-0.08176689594984055,-4.5817670822143555,base,Yes
5706,0,1,0.9964063968583374,-0.03844562917947769,-5.663445472717285,base,Yes
5707,0,1,0.9820137931962463,-0.053909122943878174,-4.0539093017578125,base,Yes
5708,0,1,0.994779874074302,-0.0479307621717453,-5.297930717468262,base,Yes
5709,0,1,0.9902915232319999,-0.05010226368904114,-4.675102233886719,base,Yes
5710,0,1,0.9940889302681448,-0.06122604012489319,-5.186225891113281,base,Yes
5711,0,1,0.8670357460591569,-0.22968065738677979,-2.1046805381774902,base,Yes
5712,0,1,0.9902915229454736,-0.0522804856300354,-4.677280426025391,base,Yes
5713,0,1,0.9706877713685592,-0.09573070704936981,-3.595730781555176,base,Yes
5714,0,1,0.9953904281624826,-0.03294794261455536,-5.407948017120361,base,Yes
5715,0,1,0.9399133515091156,-0.13297459483146667,-2.882974624633789,base,Yes
5716,0,1,0.9820137881955446,-0.09188900887966156,-4.091888904571533,base,Yes
5717,0,1,0.994088931581562,-0.052058145403862,-5.177058219909668,base,Yes
5718,0,1,0.9914225129389516,-0.06094713509082794,-4.810946941375732,base,Yes
5719,0,1,0.9914225146179675,-0.036995407193899155,-4.7869954109191895,base,Yes
5720,0,1,0.9968273171928599,-0.05689047649502754,-5.806890487670898,base,Yes
5721,0,1,0.98901305931244,-0.06659203767776489,-4.566592216491699,base,Yes
5722,0,1,0.9706877696726267,-0.06742571294307709,-3.5674257278442383,base,Yes
5723,0,1,0.9902915244855517,-0.05611886456608772,-4.681118965148926,base,Yes
5724,0,1,0.9890130570455681,-0.032966166734695435,-4.532966136932373,base,Yes
5725,0,1,0.9796676456184871,-0.07621961086988449,-3.9512195587158203,base,Yes
5726,0,1,0.987568350610359,-0.08342063426971436,-4.458420753479004,base,Yes
5727,0,1,0.9933071492738426,-0.03571459650993347,-5.035714626312256,base,Yes
5728,0,1,0.9924227578357059,-0.0455857515335083,-4.920585632324219,base,Yes
5729,0,1,0.9669140189894047,-0.08709510415792465,-3.462095022201538,base,Yes
5730,0,1,0.9820137864847778,-0.08003207296133041,-4.080031871795654,base,Yes
5731,0,1,0.9947798735519876,-0.04850068315863609,-5.2985005378723145,base,Yes
5732,0,1,0.8519528057272543,-0.2477690875530243,-1.9977691173553467,base,Yes
5733,0,1,0.8933094159957173,-0.1941787153482437,-2.319178819656372,base,Yes
5734,0,1,0.9706877664927535,-0.10018954426050186,-3.600189447402954,base,Yes
5735,0,1,0.9902915228022106,-0.061547353863716125,-4.68654727935791,base,Yes
5736,0,1,0.9324533060447605,-0.144792839884758,-2.7697927951812744,base,Yes
5737,0,1,0.9324533013520764,-0.12805521488189697,-2.7530550956726074,base,Yes
5738,0,1,0.9940889321507093,-0.04521734267473221,-5.170217514038086,base,Yes
5739,0,1,0.9875683474088545,-0.07056917995214462,-4.445569038391113,base,Yes
5740,0,1,0.9465966679403514,-0.11336998641490936,-2.988369941711426,base,Yes
5741,0,1,0.9669140208962347,-0.08731033653020859,-3.462310314178467,base,Yes
5742,0,1,0.8933094046341532,-0.18651868402957916,-2.311518669128418,base,Yes
5743,0,1,0.994779873261813,-0.035688601434230804,-5.285688400268555,base,Yes
5744,0,1,0.9875683477747408,-0.06795322149991989,-4.442953109741211,base,Yes
5745,0,1,0.9924227592083693,-0.060656484216451645,-4.935656547546387,base,Yes
5746,0,1,0.9959298623445068,-0.051063522696495056,-5.551063537597656,base,Yes
5747,0,1,0.9820137884587394,-0.07349070906639099,-4.073490619659424,base,Yes
5748,0,1,0.9933071476640563,-0.05422613397240639,-5.054225921630859,base,Yes
5749,0,1,0.9933071492243107,-0.06969688087701797,-5.06969690322876,base,Yes
5750,0,1,0.9820137872743625,-0.07474962621927261,-4.07474946975708,base,Yes
5751,0,1,0.946596671330088,-0.1213061586022377,-2.9963061809539795,base,Yes
5752,0,1,0.9820137913538827,-0.06869260966777802,-4.068692684173584,base,Yes
5753,0,1,0.9924227599927482,-0.04941446706652641,-4.92441463470459,base,Yes
5754,0,1,0.9940889300711322,-0.028413478285074234,-5.15341329574585,base,Yes
5755,0,1,0.9740426433673349,-0.10717508941888809,-3.73217511177063,base,Yes
5756,0,1,0.9770226304244968,-0.06605599820613861,-3.8160560131073,base,Yes
5757,0,1,0.952574130524949,-0.12281075865030289,-3.1228108406066895,base,Yes
5758,0,1,0.9953904278719042,-0.05369042232632637,-5.428690433502197,base,Yes
5759,0,1,0.9959298613629591,-0.048700083047151566,-5.548699855804443,base,Yes
5760,0,1,0.9959298615592685,-0.06849592924118042,-5.568495750427246,base,Yes
5761,0,1,0.9149009584734678,-0.2063107043504715,-2.581310749053955,base,Yes
5762,0,1,0.9914225162653035,-0.04680280014872551,-4.796802997589111,base,Yes
5763,0,1,0.9933071492738426,-0.04323431849479675,-5.043234348297119,base,Yes
5764,0,1,0.9579122750881832,-0.09795801341533661,-3.2229580879211426,base,Yes
5765,0,1,0.9940889306840602,-0.05111177638173103,-5.176111698150635,base,Yes
5766,0,1,0.9046505286741726,-0.16845424473285675,-2.418454170227051,base,Yes
5767,0,1,0.9980732649784817,-0.030770964920520782,-6.280770778656006,base,Yes
5768,0,1,0.9933071489766515,-0.07785750925540924,-5.077857494354248,base,Yes
5769,0,1,0.9706877673407197,-0.12081081420183182,-3.6208107471466064,base,Yes
5770,0,1,0.9859363706323114,-0.05449788644909859,-4.304497718811035,base,Yes
5771,0,1,0.970687766704745,-0.07085618376731873,-3.5708560943603516,base,Yes
5772,0,1,0.9399133498259924,-0.13652300834655762,-2.8865230083465576,base,Yes
5773,0,1,0.9875683501530014,-0.0668429508805275,-4.441843032836914,base,Yes
5774,0,1,0.9820137884587394,-0.12828025221824646,-4.128280162811279,base,Yes
5775,0,1,0.9890130589481213,-0.04621824994683266,-4.546218395233154,base,Yes
5776,0,1,0.9796676454700793,-0.07762104272842407,-3.9526209831237793,base,Yes
5777,0,1,0.9975273773579192,-0.040621548891067505,-6.040621757507324,base,Yes
5778,0,1,0.9978172839765571,-0.04708795249462128,-6.172088146209717,base,Yes
5779,0,1,0.9890130562764506,-0.05766306445002556,-4.5576629638671875,base,Yes
5780,0,1,0.9933071490757153,-0.050107479095458984,-5.050107479095459,base,Yes
5781,0,1,0.9875683486894564,-0.06256822496652603,-4.437568187713623,base,Yes
5782,0,1,0.9902915227663948,-0.04412897303700447,-4.669128894805908,base,Yes
5783,0,1,0.9840936051975758,-0.062020499259233475,-4.187020301818848,base,Yes
5784,0,1,0.9875683517080176,-0.06479290127754211,-4.439793109893799,base,Yes
5785,0,1,0.9770226322643691,-0.07994117587804794,-3.8299412727355957,base,Yes
5786,0,1,0.9525741268224334,-0.12510371208190918,-3.125103712081909,base,Yes
5787,0,1,0.990291524736262,-0.07070481032133102,-4.695704936981201,base,Yes
5788,0,1,0.9820137866163753,-0.07194681465625763,-4.071946620941162,base,Yes
5789,0,1,0.9669140251866016,-0.09241116791963577,-3.4674112796783447,base,Yes
5790,0,1,0.9859363710972001,-0.06315292418003082,-4.31315279006958,base,Yes
5791,0,1,0.989013058421883,-0.07810726016759872,-4.5781073570251465,base,Yes
5792,0,1,0.9902915258107348,-0.05852770805358887,-4.683527946472168,base,Yes
5793,0,1,0.9859363719236689,-0.06818731129169464,-4.318187236785889,base,Yes
5794,0,1,0.9933071484318008,-0.04158029705286026,-5.0415802001953125,base,Yes
5795,0,1,0.9465966754730989,-0.10516442358493805,-2.9801645278930664,base,Yes
5796,0,1,0.9933071498434592,-0.05144393816590309,-5.051444053649902,base,Yes
5797,0,1,0.9890130587862019,-0.0490025170147419,-4.549002647399902,base,Yes
5798,0,1,0.893309401793762,-0.20012502372264862,-2.325124979019165,base,Yes
5799,0,1,0.9740426448743534,-0.11155430227518082,-3.7365543842315674,base,Yes
5800,0,1,0.9840936116703609,-0.06765200942754745,-4.192652225494385,base,Yes
5801,0,1,0.9465966747198243,-0.13832250237464905,-3.013322591781616,base,Yes
5802,0,1,0.9859363729567544,-0.06460428237915039,-4.31460428237915,base,Yes
5803,0,1,0.9706877724285167,-0.07897842675447464,-3.5789785385131836,base,Yes
5804,0,1,0.9740426437440897,-0.09692450612783432,-3.7219245433807373,base,Yes
5805,0,1,0.9579122732859019,-0.09887167811393738,-3.2238717079162598,base,Yes
5806,0,1,0.9820137918802723,-0.08731307089328766,-4.087313175201416,base,Yes
5807,0,1,0.9626731094431571,-0.10234507918357849,-3.3523449897766113,base,Yes
5808,0,1,0.9947798753897598,-0.04693964123725891,-5.296939849853516,base,Yes
5809,0,1,0.9902915246646304,-0.05507457256317139,-4.680074691772461,base,Yes
5810,0,1,0.9770226322643691,-0.11065974086523056,-3.8606598377227783,base,Yes
5811,0,1,0.9770226292536686,-0.09425333887338638,-3.8442533016204834,base,Yes
5812,0,1,0.9875683479576839,-0.08228788524866104,-4.457287788391113,base,Yes
5813,0,1,0.9902915219426321,-0.08241765201091766,-4.7074174880981445,base,Yes
5814,0,1,0.9626731115849659,-0.09148505330085754,-3.341485023498535,base,Yes
5815,0,1,0.9980732656447167,-0.03355344012379646,-6.283553600311279,base,Yes
5816,0,1,0.9902915227305791,-0.07653769105672836,-4.701537609100342,base,Yes
5817,0,1,0.9770226277483183,-0.0746379941701889,-3.8246378898620605,base,Yes
5818,0,1,0.989013059838678,-0.05448795482516289,-4.554488182067871,base,Yes
5819,0,1,0.9796676461379141,-0.05802467092871666,-3.9330246448516846,base,Yes
5820,0,1,0.996827316544868,-0.07050485908985138,-5.820504665374756,base,Yes
5821,0,1,0.9875683472259114,-0.062028564512729645,-4.437028408050537,base,Yes
5822,0,1,0.9241418158002492,-0.19358283281326294,-2.693582773208618,base,Yes
5823,0,1,0.9953904279744613,-0.04387709125876427,-5.418877124786377,base,Yes
5824,0,1,0.977022627413796,-0.07655966281890869,-3.826559543609619,base,Yes
5825,0,1,0.9968273165802131,-0.0372740663588047,-5.78727388381958,base,Yes
5826,0,1,0.9890130559121317,-0.09233345091342926,-4.5923333168029785,base,Yes
5827,0,1,0.9525741254760638,-0.11614444851875305,-3.1161444187164307,base,Yes
5828,0,1,0.9706877684006775,-0.06837013363838196,-3.5683701038360596,base,Yes
5829,0,1,0.9982992774146298,-0.02435932867228985,-6.399359226226807,base,Yes
5830,0,1,0.9740426441208441,-0.09664434939622879,-3.721644401550293,base,Yes
5831,0,1,0.9875683481863629,-0.05233343318104744,-4.427333354949951,base,Yes
5832,0,1,0.9840936108539738,-0.07331879436969757,-4.198318958282471,base,Yes
5833,0,1,0.9968273169100998,-0.02742346003651619,-5.77742338180542,base,Yes
5834,0,1,0.9968273164506148,-0.040585264563560486,-5.790585041046143,base,Yes
5835,0,1,0.9933071496700977,-0.04140177369117737,-5.0414018630981445,base,Yes
5836,0,1,0.9924227577236518,-0.094825878739357,-4.969825744628906,base,Yes
5837,0,1,0.939913356558485,-0.14582669734954834,-2.895826816558838,base,Yes
5838,0,1,0.9840936102708402,-0.05524288862943649,-4.180243015289307,base,Yes
5839,0,1,0.9940889305964992,-0.040525052696466446,-5.165524959564209,base,Yes
5840,0,1,0.9940889302243642,-0.059388794004917145,-5.184388637542725,base,Yes
5841,0,1,0.984093605664083,-0.04799859598278999,-4.172998428344727,base,Yes
5842,0,1,0.6224593171945417,-0.6709750294685364,-1.1709749698638916,base,Yes
5843,0,1,0.9706877688246606,-0.11050988733768463,-3.6105098724365234,base,Yes
5844,0,1,0.985936372130286,-0.07477384805679321,-4.324773788452148,base,Yes
5845,0,1,0.979667647325176,-0.05462690815329552,-3.929626941680908,base,Yes
5846,0,1,0.9324533060447605,-0.14222197234630585,-2.7672219276428223,base,Yes
5847,0,1,0.995929863008939,-0.04421120882034302,-5.544211387634277,base,Yes
5848,0,1,0.9964063978587703,-0.04787098988890648,-5.672871112823486,base,Yes
5849,0,1,0.9706877694606352,-0.10927652567625046,-3.609276533126831,base,Yes
5850,0,1,0.979667648883457,-0.07461465150117874,-3.9496147632598877,base,Yes
5851,0,1,0.9859363713038174,-0.08762228488922119,-4.337622165679932,base,Yes
5852,0,1,0.9875683513421315,-0.057750046253204346,-4.432750225067139,base,Yes
5853,0,1,0.9890130561550109,-0.0804668590426445,-4.5804667472839355,base,Yes
5854,0,1,0.9964063980321786,-0.04749853163957596,-5.67249870300293,base,Yes
5855,0,1,0.9975273764115075,-0.03405683860182762,-6.034056663513184,base,Yes
5856,0,1,0.9978172833031362,-0.03509199246764183,-6.160091876983643,base,Yes
5857,0,1,0.9924227600767889,-0.05614501237869263,-4.931145191192627,base,Yes
5858,0,1,0.9796676485866417,-0.07189955562353134,-3.946899652481079,base,Yes
5859,0,1,0.9770226300899744,-0.07492184638977051,-3.8249218463897705,base,Yes
5860,0,1,0.9820137904327008,-0.06945035606622696,-4.069450378417969,base,Yes
5861,0,1,0.9840936050226358,-0.08705970644950867,-4.212059497833252,base,Yes
5862,0,1,0.9740426403532982,-0.08909616619348526,-3.7140960693359375,base,Yes
5863,0,1,0.9465966641739773,-0.16320574283599854,-3.038205623626709,base,Yes
5864,0,1,0.9525741281688026,-0.15024468302726746,-3.15024471282959,base,Yes
5865,0,1,0.9669140182743434,-0.13551340997219086,-3.5105133056640625,base,Yes
5866,0,1,0.995390426931798,-0.04204149544239044,-5.417041301727295,base,Yes
5867,0,1,0.9947798745192362,-0.052171189337968826,-5.302171230316162,base,Yes
5868,0,1,0.9324533163686646,-0.20556294918060303,-2.8305630683898926,base,Yes
5869,0,1,0.9669140251866016,-0.08306897431612015,-3.458069086074829,base,Yes
5870,0,1,0.994088929830339,-0.05819867551326752,-5.18319845199585,base,Yes
5871,0,1,0.8933094046341532,-0.17631341516971588,-2.3013134002685547,base,Yes
5872,0,1,0.9940889320193674,-0.09054359793663025,-5.215543746948242,base,Yes
5873,0,1,0.9796676442828175,-0.07092726230621338,-3.945927143096924,base,Yes
5874,0,1,0.9859363722852489,-0.04798894003033638,-4.2979888916015625,base,Yes
5875,0,1,0.880797068590724,-0.21577748656272888,-2.2157773971557617,base,Yes
5876,0,1,0.9890130565598096,-0.04546649754047394,-4.545466423034668,base,Yes
5877,0,1,0.9875683509762452,-0.05580076575279236,-4.430800914764404,base,Yes
5878,0,1,0.9579122693809591,-0.10407764464616776,-3.2290775775909424,base,Yes
5879,0,1,0.9626731142622272,-0.11271734535694122,-3.362717390060425,base,Yes
5880,0,1,0.9399133456181842,-0.16744382679462433,-2.9174437522888184,base,Yes
5881,0,1,0.979667648438234,-0.07706990838050842,-3.9520699977874756,base,Yes
5882,0,1,0.9914225156000332,-0.059033751487731934,-4.8090338706970215,base,Yes
5883,0,1,0.9579122768904644,-0.12989699840545654,-3.254897117614746,base,Yes
5884,0,1,0.9914225144912494,-0.047256480902433395,-4.7972564697265625,base,Yes
5885,0,1,0.9820137859583881,-0.06914114207029343,-4.069140911102295,base,Yes
5886,0,1,0.9959298617253768,-0.052498478442430496,-5.5524983406066895,base,Yes
5887,0,1,0.9940889321069286,-0.05828268826007843,-5.183282852172852,base,Yes
5888,0,1,0.9914225143645312,-0.04056122526526451,-4.790561199188232,base,Yes
5889,0,1,0.994088930355706,-0.05452407896518707,-5.179523944854736,base,Yes
5890,0,1,0.9820137908274928,-0.08824916183948517,-4.088249206542969,base,Yes
5891,0,1,0.9924227580598144,-0.04493245482444763,-4.9199323654174805,base,Yes
5892,0,1,0.9770226305081273,-0.060997944325208664,-3.81099796295166,base,Yes
5893,0,1,0.9626731118526922,-0.09750892966985703,-3.3475089073181152,base,Yes
5894,0,1,0.817574471748733,-0.3289920389652252,-1.8289920091629028,base,Yes
5895,0,1,0.9914225155683538,-0.06120193377137184,-4.811202049255371,base,Yes
5896,0,1,0.9902915234827102,-0.05704880133271217,-4.682048797607422,base,Yes
5897,0,1,0.9740426397881662,-0.06994879245758057,-3.694948673248291,base,Yes
5898,0,1,0.9964063975252927,-0.054965466260910034,-5.679965496063232,base,Yes
5899,0,1,0.9940889308591826,-0.047765303403139114,-5.172765254974365,base,Yes
5900,0,1,0.9796676463605257,-0.06827761232852936,-3.943277597427368,base,Yes
5901,0,1,0.9875683469057607,-0.0528985895216465,-4.427898406982422,base,Yes
5902,0,1,0.9796676463605257,-0.07050563395023346,-3.9455056190490723,base,Yes
5903,0,1,0.9840936071219176,-0.0771065503358841,-4.202106475830078,base,Yes
5904,0,1,0.9914225135725426,-0.08131992816925049,-4.831319808959961,base,Yes
5905,0,1,0.979667646212118,-0.063324473798275,-3.938324451446533,base,Yes
5906,0,1,0.9914225141744539,-0.042368460446596146,-4.792368412017822,base,Yes
5907,0,1,0.9706877694606352,-0.08073519915342331,-3.580735206604004,base,Yes
5908,0,1,0.9924227572754352,-0.05267401039600372,-4.927673816680908,base,Yes
5909,0,1,0.9740426403532982,-0.08778510242700577,-3.712785005569458,base,Yes
5910,0,1,0.9902915228380264,-0.042461466044187546,-4.667461395263672,base,Yes
5911,0,1,0.9959298630542412,-0.053063202649354935,-5.55306339263916,base,Yes
5912,0,1,0.9875683479576839,-0.07570848613977432,-4.450708389282227,base,Yes
5913,0,1,0.9875683502444729,-0.06331339478492737,-4.4383134841918945,base,Yes
5914,0,1,0.984093607471798,-0.08364444226026535,-4.208644390106201,base,Yes
5915,0,1,0.9902915233036313,-0.06557180732488632,-4.6905717849731445,base,Yes
5916,0,1,0.9525741271590255,-0.11313580721616745,-3.113135814666748,base,Yes
5917,0,1,0.970687766704745,-0.09876951575279236,-3.598769426345825,base,Yes
5918,0,1,0.9706877677647029,-0.09277563542127609,-3.592775583267212,base,Yes
5919,0,1,0.991422515758431,-0.04368768259882927,-4.79368782043457,base,Yes
5920,0,1,0.9959298629183346,-0.047679267823696136,-5.547679424285889,base,Yes
5921,0,1,0.8807970670261975,-0.20191679894924164,-2.2019166946411133,base,Yes
5922,0,1,0.987568347042968,-0.07274787873029709,-4.447747707366943,base,Yes
5923,0,1,0.9840936046727554,-0.05396198481321335,-4.178961753845215,base,Yes
5924,0,1,0.9770226320971079,-0.07644382119178772,-3.826443910598755,base,Yes
5925,0,1,0.9875683478662124,-0.05616484582424164,-4.431164741516113,base,Yes
5926,0,1,0.9890130574908464,-0.05515049770474434,-4.555150508880615,base,Yes
5927,0,1,0.9914225151565197,-0.0480155274271965,-4.798015594482422,base,Yes
5928,0,1,0.9626731097108832,-0.12414105981588364,-3.374140977859497,base,Yes
5929,0,1,0.9770226302572356,-0.09210418909788132,-3.842104196548462,base,Yes
5930,0,1,0.9975273766871613,-0.04741770401597023,-6.047417640686035,base,Yes
5931,0,1,0.8933094103149354,-0.16661949455738068,-2.2916195392608643,base,Yes
5932,0,1,0.9933071486051623,-0.04624898359179497,-5.046248912811279,base,Yes
5933,0,1,0.9626731145299533,-0.09297270327806473,-3.342972755432129,base,Yes
5934,0,1,0.9859363705806572,-0.06392829865217209,-4.313928127288818,base,Yes
5935,0,1,0.9890130555882929,-0.04611842334270477,-4.546118259429932,base,Yes
5936,0,1,0.9914225147763652,-0.0632467046380043,-4.813246726989746,base,Yes
5937,0,1,0.9770226310935413,-0.08861537277698517,-3.8386154174804688,base,Yes
5938,0,1,0.9740426403532982,-0.08878479152917862,-3.713784694671631,base,Yes
5939,0,1,0.9924227595725452,-0.07648313790559769,-4.951483249664307,base,Yes
5940,0,1,0.994088931909916,-0.04963909462094307,-5.1746392250061035,base,Yes
5941,0,1,0.9875683463111955,-0.12067484110593796,-4.4956746101379395,base,Yes
5942,0,1,0.9890130560335713,-0.044773224741220474,-4.544773101806641,base,Yes
5943,0,1,0.9953904286239892,-0.05512601509690285,-5.430126190185547,base,Yes
5944,0,1,0.9933071506359692,-0.047367338091135025,-5.047367572784424,base,Yes
5945,0,1,0.9933071497691615,-0.04159344732761383,-5.041593551635742,base,Yes
5946,0,1,0.9975273763196227,-0.04589197412133217,-6.045891761779785,base,Yes
5947,0,1,0.9914225138893381,-0.0506182536482811,-4.8006181716918945,base,Yes
5948,0,1,0.9770226294209299,-0.11703422665596008,-3.8670341968536377,base,Yes
5949,0,1,0.7772998611746911,-0.40529143810272217,-1.6552914381027222,base,Yes
5950,0,1,0.880797071719777,-0.26220375299453735,-2.2622036933898926,base,Yes
5951,0,1,0.9968273179115414,-0.04622530937194824,-5.796225547790527,base,Yes
5952,0,1,0.9241418252018903,-0.12713949382305145,-2.6271395683288574,base,Yes
5953,0,1,0.9975273766504076,-0.04741247370839119,-6.047412395477295,base,Yes
5954,0,1,0.9525741322079105,-0.14825522899627686,-3.1482553482055664,base,Yes
5955,0,1,0.9902915212263165,-0.06727147102355957,-4.6922712326049805,base,Yes
5956,0,1,0.9947798742290618,-0.03160049021244049,-5.281600475311279,base,Yes
5957,0,1,0.9964063967783029,-0.04348248243331909,-5.668482303619385,base,Yes
5958,0,1,0.9947798736100227,-0.040013447403907776,-5.290013313293457,base,Yes
5959,0,1,0.9525741288419872,-0.132029727101326,-3.1320297718048096,base,Yes
5960,0,1,0.9820137926698564,-0.08687862753868103,-4.086878776550293,base,Yes
5961,0,1,0.9859363719236689,-0.06604249775409698,-4.316042423248291,base,Yes
5962,0,1,0.9740426450627306,-0.1145414412021637,-3.739541530609131,base,Yes
5963,0,1,0.7057850402140659,-0.47104543447494507,-1.3460454940795898,base,Yes
5964,0,1,0.9875683489638711,-0.060748592019081116,-4.43574857711792,base,Yes
5965,0,1,0.9796676453216716,-0.12241203337907791,-3.9974119663238525,base,Yes
5966,0,1,0.993307147787886,-0.0567748099565506,-5.056774616241455,base,Yes
5967,0,1,0.9840936102708402,-0.06130778044462204,-4.186307907104492,base,Yes
5968,0,1,0.9796676459153025,-0.09299258142709732,-3.9679925441741943,base,Yes
5969,0,1,0.9914225154416355,-0.06228913739323616,-4.812289237976074,base,Yes
5970,0,1,0.9902915241632099,-0.05964129418134689,-4.684641361236572,base,Yes
5971,0,1,0.9796676485866417,-0.0864051803946495,-3.9614052772521973,base,Yes
5972,0,1,0.9924227592924099,-0.05106918513774872,-4.926069259643555,base,Yes
5973,0,1,0.9770226290864076,-0.08682660758495331,-3.8368265628814697,base,Yes
5974,0,1,0.9579122678790578,-0.1554475873708725,-3.280447483062744,base,Yes
5975,0,1,0.9796676457668948,-0.08321838080883026,-3.9582183361053467,base,Yes
5976,0,1,0.9796676476961953,-0.09158415347337723,-3.9665842056274414,base,Yes
5977,0,1,0.9796676469541566,-0.09132860600948334,-3.9663286209106445,base,Yes
5978,0,1,0.9953904281282968,-0.060509614646434784,-5.43550968170166,base,Yes
5979,0,1,0.9890130563978902,-0.07136735320091248,-4.571367263793945,base,Yes
5980,0,1,0.9902915248078935,-0.053367480635643005,-4.678367614746094,base,Yes
5981,0,1,0.9579122687801985,-0.10533460229635239,-3.230334520339966,base,Yes
5982,0,1,0.9626731126558706,-0.12448477745056152,-3.3744847774505615,base,Yes
5983,0,1,0.8519527982093668,-0.32136037945747375,-2.0713603496551514,base,Yes
5984,0,1,0.9924227601888429,-0.07177285850048065,-4.946773052215576,base,Yes
5985,0,1,0.9859363735766059,-0.04953427612781525,-4.299534320831299,base,Yes
5986,0,1,0.9465966747198243,-0.1392911970615387,-3.014291286468506,base,Yes
5987,0,1,0.9046505299595163,-0.1599636673927307,-2.409963607788086,base,Yes
5988,0,1,0.9953904269659838,-0.06653661280870438,-5.4415364265441895,base,Yes
5989,0,1,0.9890130572479673,-0.05902959033846855,-4.559029579162598,base,Yes
5990,0,1,0.989013055831172,-0.04521574825048447,-4.545215606689453,base,Yes
5991,0,1,0.8933094003735664,-0.20838028192520142,-2.3333802223205566,base,Yes
5992,0,1,0.979667648438234,-0.07115831971168518,-3.9461584091186523,base,Yes
5993,0,1,0.9924227571913946,-0.05612393841147423,-4.931123733520508,base,Yes
5994,0,1,0.9947798750802405,-0.03657612204551697,-5.286576271057129,base,Yes
5995,0,1,0.9940889310999755,-0.06261111050844193,-5.187611103057861,base,Yes
5996,0,1,0.9525741271590255,-0.12314175814390182,-3.1231417655944824,base,Yes
5997,0,1,0.7981867777396212,-0.30874621868133545,-1.6837462186813354,base,Yes
5998,0,1,0.9914225139526973,-0.06944568455219269,-4.819445610046387,base,Yes
5999,0,1,0.9902915231961841,-0.04809335246682167,-4.673093318939209,base,Yes
