idx,y_true,y_pred,p_yes,lp_yes,lp_no,mode,raw_text
0,1,0,0.037326887344129464,-3.836749315261841,-0.5867493152618408,base,No
1,1,0,0.22270013882530884,-2.18221116065979,-0.93221116065979,base,No
2,1,0,0.6513548646660542,-1.4048044681549072,-2.0298044681549072,base,1
3,1,0,0.9924227591803558,-0.9819316267967224,-5.856931686401367,base,1
4,1,0,0.7549150089235336,-1.188940405845642,-2.3139405250549316,base,1
5,1,0,0.29421497216298875,-1.9958481788635254,-1.1208481788635254,base,no
6,1,0,0.8175744939732856,-1.1201332807540894,-2.620133399963379,base,1
7,1,0,0.9991959140643708,-1.077773094177246,-8.202773094177246,base,1
8,1,0,0.32082130082460697,-1.8928289413452148,-1.1428289413452148,base,no
9,1,1,0.9579122696813394,-0.7986169457435608,-3.923616886138916,base,Yes
10,1,0,0.02931223583915389,-4.310326099395752,-0.8103262782096863,base,no
11,1,0,0.9988304896653178,-0.945505678653717,-7.695505619049072,base,1
12,1,0,0.08509904500702024,-3.2153382301330566,-0.8403382301330566,base,No
13,1,0,0.8519528019683106,-1.095327377319336,-2.845327377319336,base,1
14,1,0,0.977022627413796,-0.8643213510513306,-4.614321231842041,base,1
15,1,1,0.9525741322079105,-0.7890785932540894,-3.789078712463379,base,Yes
16,1,0,0.9241418199787566,-1.0900819301605225,-3.5900819301605225,base,1
17,1,0,0.8670357735451834,-1.0742524862289429,-2.9492526054382324,base,1
18,1,0,0.9859363729567544,-1.0193681716918945,-5.2693681716918945,base,1
19,1,0,0.9241418283357702,-1.022055983543396,-3.5220561027526855,base,1
20,1,1,0.9924227582839227,-0.7522016167640686,-5.627201557159424,base,Yes
21,1,0,0.9890130573694068,-0.7857775688171387,-5.285777568817139,base,1
22,1,0,0.977022627413796,-1.2031804323196411,-4.953180313110352,base,1
23,1,0,0.9890130573694068,-0.9927306175231934,-5.492730617523193,base,1
24,1,0,0.9914225156000332,-0.9241465330123901,-5.67414665222168,base,1
25,1,0,0.1480471829959148,-2.673640727996826,-0.9236406087875366,base,no
26,1,0,0.34864513533394575,-1.8836908340454102,-1.2586908340454102,base,no
27,1,0,0.9933071506607352,-1.1251657009124756,-6.125165939331055,base,1
28,1,0,0.13296424019782924,-2.8096418380737305,-0.9346418380737305,base,no
29,1,0,0.9933071482832051,-0.8190604448318481,-5.819060325622559,base,1
30,1,1,0.9626731126558706,-0.7796730995178223,-4.029673099517822,base,Yes
31,1,0,0.16451645470385742,-2.5383405685424805,-0.9133405089378357,base,No
32,1,0,0.014063628696182679,-4.831753730773926,-0.5817538499832153,base,No
33,1,0,0.05340332377362639,-3.5584793090820312,-0.6834791898727417,base,No
34,1,0,0.9890130573694068,-1.284505844116211,-5.784505844116211,base,1
35,1,0,0.8933094060543487,-1.214066743850708,-3.339066743850708,base,1
36,1,0,0.033085978388704126,-4.174884796142578,-0.7998847961425781,base,no
37,1,0,0.9626731126558706,-1.0367202758789062,-4.286720275878906,base,1
38,1,0,0.7981867777396212,-1.1898717880249023,-2.5648717880249023,base,1
39,1,0,0.1824255415859996,-2.343824863433838,-0.8438249826431274,base,No
40,1,1,0.9875683491468141,-0.7077922821044922,-5.082792282104492,base,Yes
41,1,0,0.9770226247376173,-0.8491318225860596,-4.5991315841674805,base,1
42,1,1,0.9875683513421315,-0.7874796986579895,-5.162479877471924,base,Yes
43,1,0,0.20181324146316565,-2.3206534385681152,-0.9456535577774048,base,No
44,1,0,0.9796676419082933,-1.1335794925689697,-5.008579254150391,base,1
45,1,0,0.24508499107646636,-2.1831822395324707,-1.0581821203231812,base,no
46,1,1,0.9465966702001757,-0.8244752883911133,-3.6994752883911133,base,Yes
47,1,0,0.9626731126558706,-0.988161563873291,-4.238161563873291,base,1
48,1,0,0.5,-1.6149226427078247,-1.6149226427078247,base,1
49,1,0,0.05340332678672523,-3.497251272201538,-0.6222512125968933,base,No
50,1,0,0.007577242164294059,-5.57033109664917,-0.6953312158584595,base,no
51,1,0,0.9978172840739191,-1.1628682613372803,-7.287868499755859,base,1
52,1,0,0.9875683491468141,-1.0985774993896484,-5.473577499389648,base,1
53,1,0,0.02033235452992065,-4.43389892578125,-0.5588989853858948,base,no
54,1,0,0.9770226314280634,-0.8526820540428162,-4.602682113647461,base,1
55,1,0,0.32082130082460697,-1.9246751070022583,-1.1746751070022583,base,no
56,1,0,0.20181322226037882,-2.4577479362487793,-1.0827479362487793,base,no
57,1,0,0.9875683462197239,-0.89394211769104,-5.268941879272461,base,1
58,1,0,0.985936373783223,-0.9278268218040466,-5.177826881408691,base,1
59,1,0,0.995929862284104,-1.0933465957641602,-6.59334659576416,base,1
60,1,1,0.9241418283357702,-0.8619617223739624,-3.361961841583252,base,Yes
61,1,0,0.9669140254249554,-1.033603549003601,-4.408603668212891,base,1
62,1,0,0.9046505351008906,-1.1204943656921387,-3.3704943656921387,base,1
63,1,0,0.20181322226037882,-2.469993829727173,-1.0949938297271729,base,no
64,1,0,0.18242552380635632,-2.537034273147583,-1.037034273147583,base,No
65,1,0,0.9875683491468141,-1.146697998046875,-5.521697998046875,base,1
66,1,0,0.9982992775885648,-1.105616569519043,-7.480616569519043,base,1
67,1,1,0.982013792143467,-0.7613562345504761,-4.761356353759766,base,Yes
68,1,0,0.9988304900134513,-1.0665075778961182,-7.816507816314697,base,1
69,1,0,0.6513548646660542,-1.3072361946105957,-1.9322361946105957,base,1
70,1,0,0.46879062662624377,-1.3635140657424927,-1.2385140657424927,base,No
71,1,0,0.9990889492396265,-1.055985927581787,-8.055986404418945,base,1
72,1,0,0.07585818419975078,-3.3387553691864014,-0.8387554287910461,base,no
73,1,0,0.4378234991142019,-1.5198488235473633,-1.2698488235473633,base,no
74,1,0,0.1645164792819756,-2.401993751525879,-0.7769938707351685,base,No
75,1,0,0.09534947518185825,-2.9643774032592773,-0.7143775224685669,base,no
76,1,0,0.08509904500702024,-3.169917106628418,-0.794917106628418,base,No
77,1,0,0.8670357735451834,-1.0878218412399292,-2.9628219604492188,base,1
78,1,0,0.957912262472213,-1.0234949588775635,-4.148494720458984,base,1
79,1,0,0.8519528019683106,-1.043517827987671,-2.793517827987671,base,1
80,1,0,0.9890130547786954,-1.1355631351470947,-5.635562896728516,base,1
81,1,0,0.9840936045561286,-1.0884888172149658,-5.213488578796387,base,1
82,1,0,0.9914225156000332,-0.8065155744552612,-5.556515693664551,base,1
83,1,0,0.9324533088603709,-0.9128727912902832,-3.537872791290283,base,1
84,1,0,0.10669059394565118,-2.889869451522827,-0.7648694515228271,base,No
85,1,0,0.9978172840739191,-0.9191443920135498,-7.044144630432129,base,1
86,1,0,0.04208772791561884,-3.852604866027832,-0.727604866027832,base,no
87,1,0,0.9933071506607352,-1.0504825115203857,-6.050482749938965,base,1
88,1,0,0.996827317534528,-0.9019688367843628,-6.651968955993652,base,1
89,1,0,0.9940889325447342,-1.0594170093536377,-6.184417247772217,base,1
90,1,0,0.6513548646660542,-1.3556123971939087,-1.9806123971939087,base,1
91,1,0,0.9626731212231052,-1.0502173900604248,-4.300217628479004,base,1
92,1,0,0.020332348593611837,-4.569528579711914,-0.694528341293335,base,no
93,1,0,0.8807970779778823,-1.0112051963806152,-3.0112051963806152,base,1
94,1,0,0.6224593312018546,-1.3095425367355347,-1.8095425367355347,base,1
95,1,0,0.9399133531922388,-0.9344555735588074,-3.684455633163452,base,1
96,1,0,0.20181320305759334,-2.443783760070801,-1.0687836408615112,base,no
97,1,1,0.7057850278370112,-1.030334711074829,-1.905334711074829,base,Yes
98,1,0,0.9241418199787566,-1.2651386260986328,-3.765138626098633,base,1
99,1,0,0.9324533088603709,-0.8575596809387207,-3.4825596809387207,base,1
100,1,0,0.033085978388704126,-4.129404067993164,-0.7544040679931641,base,No
101,1,0,0.9933071498682252,-0.862899661064148,-5.8628997802734375,base,1
102,1,1,0.9940889304432671,-0.7647939920425415,-5.889793872833252,base,Yes
103,1,0,0.1480471829959148,-2.6458630561828613,-0.8958629369735718,base,No
104,1,1,0.9149009549929797,-0.8601763248443604,-3.2351763248443604,base,Yes
105,1,0,0.9525741375933872,-1.2050273418426514,-4.2050275802612305,base,1
106,1,0,0.996827317534528,-1.1769522428512573,-6.926952362060547,base,1
107,1,0,0.8354835371034369,-1.0724146366119385,-2.6974146366119385,base,1
108,1,0,0.5621765008857981,-1.5963672399520874,-1.8463672399520874,base,1
109,1,0,0.679178699175393,-1.4129633903503418,-2.162963390350342,base,1
110,1,0,0.9046505402422645,-0.9182013869285583,-3.168201446533203,base,1
111,1,0,0.22270013882530884,-2.3465542793273926,-1.0965542793273926,base,No
112,1,0,0.7772998611746911,-1.1070220470428467,-2.3570220470428467,base,1
113,1,0,0.7057850278370112,-1.2283596992492676,-2.1033596992492676,base,1
114,1,0,0.18242552380635632,-2.4506664276123047,-0.9506664276123047,base,no
115,1,0,0.9579122816965473,-1.1307718753814697,-4.255772113800049,base,1
116,1,0,0.22270011818961086,-2.381377696990967,-1.1313775777816772,base,no
117,1,0,0.22270013882530884,-2.2635388374328613,-1.0135388374328613,base,No
118,1,0,0.9706877692486436,-1.0307321548461914,-4.530732154846191,base,1
119,1,0,0.9840936101542134,-1.2149513959884644,-5.339951515197754,base,1
120,1,0,0.29421497216298875,-2.1561625003814697,-1.2811625003814697,base,1
121,1,0,0.9982992777909617,-0.7688645124435425,-7.143864631652832,base,1
122,1,0,0.9902915235185259,-1.0161633491516113,-5.641163349151611,base,1
123,1,0,0.9994472213630764,-1.0659599304199219,-8.565959930419922,base,1
124,1,0,0.7772998611746911,-1.1563777923583984,-2.4063777923583984,base,1
125,1,0,0.9902915246646304,-1.1108850240707397,-5.735885143280029,base,1
126,1,0,0.0159063898457867,-4.868981838226318,-0.7439817190170288,base,no
127,1,0,0.835483553488848,-1.0124238729476929,-2.6374239921569824,base,1
128,1,0,0.8354835371034369,-1.0954020023345947,-2.7204020023345947,base,1
129,1,0,0.9465966702001757,-0.9867727756500244,-3.8617727756500244,base,1
130,1,0,0.9840936082881853,-1.1305594444274902,-5.25555944442749,base,1
131,1,0,0.9940889311437562,-0.8750433921813965,-6.0000433921813965,base,1
132,1,0,0.20181320305759334,-2.529761791229248,-1.1547616720199585,base,no
133,1,1,0.9859363746096915,-0.7569278478622437,-5.006927967071533,base,Yes
134,1,0,0.11920291576401235,-2.8981988430023193,-0.8981987833976746,base,no
135,1,0,0.9579122720843811,-1.0058293342590332,-4.130829334259033,base,1
136,1,0,0.7549149868676283,-1.1310155391693115,-2.2560155391693115,base,1
137,1,0,0.9149009549929797,-1.1133809089660645,-3.4883809089660645,base,1
138,1,0,0.2689414213699951,-2.127591371536255,-1.1275913715362549,base,No
139,1,0,0.5,-1.6833553314208984,-1.6833553314208984,base,1
140,1,0,0.9971990735323208,-0.9875519871711731,-6.862552165985107,base,1
141,1,0,0.9579122768904644,-0.9500969648361206,-4.07509708404541,base,1
142,1,0,0.1645164628965632,-2.6924915313720703,-1.0674915313720703,base,no
143,1,0,0.7057850278370112,-1.1972849369049072,-2.0722849369049072,base,1
144,1,0,0.7057850278370112,-1.2448070049285889,-2.119807004928589,base,1
145,1,0,0.9947798730683632,-1.298203706741333,-6.548203468322754,base,1
146,1,0,0.9947798743064417,-0.8742914199829102,-6.12429141998291,base,1
147,1,0,0.8175744761936437,-1.1124846935272217,-2.6124846935272217,base,1
148,1,0,0.9046505351008906,-1.1580986976623535,-3.4080986976623535,base,1
149,1,0,0.7310585786300049,-1.250795841217041,-2.250795841217041,base,1
150,1,0,0.37754066879814546,-1.7759214639663696,-1.2759214639663696,base,No
151,1,1,0.9770226314280634,-0.6458877921104431,-4.395887851715088,base,Yes
152,1,0,0.9579122768904644,-0.919453501701355,-4.0444536209106445,base,1
153,1,1,0.9324533051062237,-0.6652620434761047,-3.29026198387146,base,Yes
154,1,0,0.9940889297427778,-0.8618528842926025,-5.986852645874023,base,1
155,1,0,0.16451647108926923,-2.521559953689575,-0.89656001329422,base,no
156,1,1,0.9840936101542134,-0.7244271039962769,-4.849427223205566,base,Yes
157,1,0,0.7981867777396212,-1.145218849182129,-2.520218849182129,base,1
158,1,0,0.9890130554263733,-0.8793994784355164,-5.379399299621582,base,1
159,1,0,0.9626731083722525,-1.0354171991348267,-4.285417079925537,base,1
160,1,0,0.7549149868676283,-1.146151065826416,-2.271151065826416,base,1
161,1,1,0.9579122720843811,-0.6562228202819824,-3.7812228202819824,base,Yes
162,1,0,0.7772998818103892,-1.2049754858016968,-2.4549756050109863,base,1
163,1,0,0.9914225135725426,-0.8701850175857544,-5.620184898376465,base,1
164,1,0,0.8354835371034369,-1.130373477935791,-2.755373477935791,base,1
165,1,0,0.34864513533394575,-1.9107495546340942,-1.2857495546340942,base,no
166,1,0,0.9924227587321393,-0.9652485847473145,-5.8402485847473145,base,1
167,1,0,0.22270013882530884,-2.3124091625213623,-1.0624091625213623,base,No
168,1,0,0.9820137900379085,-1.05145263671875,-5.05145263671875,base,1
169,1,0,0.8175744939732856,-1.0623611211776733,-2.562361240386963,base,1
170,1,0,0.9626731169394882,-0.9734853506088257,-4.223485469818115,base,1
171,1,0,0.5312093733737563,-1.4619296789169312,-1.5869296789169312,base,1
172,1,0,0.34864513533394575,-1.9107720851898193,-1.2857720851898193,base,1
173,1,0,0.22270013882530884,-2.3478853702545166,-1.0978853702545166,base,No
174,1,0,0.9770226300899744,-0.8532190322875977,-4.603219032287598,base,1
175,1,0,0.9796676419082933,-1.187654733657837,-5.062654495239258,base,1
176,1,1,0.8354835289107309,-0.7734878659248352,-2.3984878063201904,base,Yes
177,1,0,0.0534033328129234,-3.681948184967041,-0.8069482445716858,base,No
178,1,0,0.053403329799824234,-3.7339818477630615,-0.8589818477630615,base,no
179,1,0,0.06754669489377622,-3.4311351776123047,-0.8061352372169495,base,no
180,1,1,0.9579122696813394,-0.7551887631416321,-3.8801887035369873,base,Yes
181,1,0,0.9914225166137784,-0.9520032405853271,-5.702003479003906,base,1
182,1,1,0.957912274487423,-0.7553190588951111,-3.880319118499756,base,Yes
183,1,0,0.07585818002124356,-3.285754919052124,-0.785754919052124,base,No
184,1,1,0.9859363729567544,-0.757194995880127,-5.007194995880127,base,Yes
185,1,0,0.01098694263059318,-5.096595287322998,-0.596595287322998,base,no
186,1,0,0.7310585786300049,-1.213261604309082,-2.213261604309082,base,1
187,1,0,0.01098694327827096,-5.207479000091553,-0.7074790596961975,base,no
188,1,0,0.4073334000459302,-1.684195637702942,-1.309195637702942,base,no
189,1,0,0.9399133464597458,-0.9657896161079407,-3.715789556503296,base,1
190,1,0,0.8175744761936437,-1.2314159870147705,-2.7314159870147705,base,1
191,1,0,0.8175744761936437,-1.071122407913208,-2.571122407913208,base,1
192,1,0,0.037326887344129464,-4.0577898025512695,-0.8077898025512695,base,no
193,1,0,0.9933071486794601,-0.9364925026893616,-5.936492443084717,base,1
194,1,1,0.9626731105140616,-0.6641028523445129,-3.914102792739868,base,Yes
195,1,0,0.5621765008857981,-1.4440916776657104,-1.6940916776657104,base,1
196,1,0,0.5312093733737563,-1.4230862855911255,-1.5480862855911255,base,1
197,1,0,0.8519528019683106,-1.0673768520355225,-2.8173768520355225,base,1
198,1,0,0.5,-1.705145239830017,-1.705145239830017,base,1
199,1,0,0.9149009549929797,-1.2174556255340576,-3.5924556255340576,base,1
200,1,1,0.893309411735131,-0.8483390212059021,-2.973339080810547,base,Yes
201,1,0,0.9149009549929797,-1.0009958744049072,-3.3759958744049072,base,1
202,1,0,0.11920290950590741,-2.663862705230713,-0.6638625860214233,base,No
203,1,0,0.010986944573626636,-5.157329082489014,-0.657329261302948,base,No
204,1,0,0.007577240371427665,-5.574410915374756,-0.6994107961654663,base,No
205,1,0,0.8807970779778823,-1.0784876346588135,-3.0784876346588135,base,1
206,1,0,0.9241418199787566,-1.183654546737671,-3.683654546737671,base,1
207,1,0,0.9971990736988016,-0.9192683696746826,-6.794268608093262,base,1
208,1,0,0.04742587856304458,-3.6846232414245605,-0.6846233606338501,base,No
209,1,0,0.9796676514063881,-1.0701391696929932,-4.945139408111572,base,1
210,1,0,0.6224593312018546,-1.3826652765274048,-1.8826652765274048,base,1
211,1,0,0.9465966762263737,-1.0915859937667847,-3.966586112976074,base,1
212,1,0,0.7310585786300049,-1.2622623443603516,-2.2622623443603516,base,1
213,1,1,0.9875683491468141,-0.8025288581848145,-5.1775288581848145,base,Yes
214,1,0,0.7772998611746911,-1.1201624870300293,-2.3701624870300293,base,1
215,1,0,0.9840936045561286,-1.0344417095184326,-5.1594414710998535,base,1
216,1,0,0.7057850525911202,-1.245219111442566,-2.1202192306518555,base,1
217,1,0,0.9706877641608461,-0.9672643542289734,-4.467264175415039,base,1
218,1,0,0.9995694430725882,-1.19863760471344,-8.948637962341309,base,1
219,1,0,0.9579122720843811,-0.8917932510375977,-4.016793251037598,base,1
220,1,1,0.9706877658567789,-0.7221556901931763,-4.222155570983887,base,Yes
221,1,0,0.9859363729567544,-0.8967270851135254,-5.146727085113525,base,1
222,1,0,0.9525741322079105,-1.0558747053146362,-4.055874824523926,base,1
223,1,0,0.7310585786300049,-1.2133309841156006,-2.2133309841156006,base,1
224,1,0,0.9241418283357702,-1.028607726097107,-3.5286078453063965,base,1
225,1,0,0.0040701369910610885,-6.18907356262207,-0.689073383808136,base,No
226,1,0,0.5312093733737563,-1.4530258178710938,-1.5780258178710938,base,1
227,1,0,0.9149009549929797,-1.185239553451538,-3.560239553451538,base,1
228,1,0,0.07585818002124356,-3.3454954624176025,-0.8454954624176025,base,no
229,1,0,0.13296424019782924,-2.784172773361206,-0.909172773361206,base,No
230,1,0,0.9964063967783029,-0.8872391581535339,-6.5122389793396,base,1
231,1,0,0.5926665999540697,-1.4075417518615723,-1.7825417518615723,base,1
232,1,0,0.7549149868676283,-1.187387228012085,-2.312387228012085,base,1
233,1,0,0.02595736171885236,-4.312070369720459,-0.6870705485343933,base,no
234,1,0,0.9770226247376173,-1.04006028175354,-4.790060043334961,base,1
235,1,0,0.9796676502191265,-0.9173606038093567,-4.792360782623291,base,1
236,1,1,0.9241418283357702,-0.5510610342025757,-3.0510611534118652,base,Yes
237,1,0,0.5926665999540697,-1.4331207275390625,-1.8081207275390625,base,1
238,1,0,0.9046505351008906,-1.042567253112793,-3.292567253112793,base,1
239,1,0,0.34864513533394575,-1.8793082237243652,-1.2543082237243652,base,no
240,1,0,0.9324533126145177,-0.9410733580589294,-3.566073417663574,base,1
241,1,0,0.5312093733737563,-1.5025047063827515,-1.6275047063827515,base,1
242,1,0,0.02297736857193652,-4.357311725616455,-0.6073116660118103,base,No
243,1,0,0.9796676430955554,-0.9616743922233582,-4.836674213409424,base,1
244,1,0,0.7549149868676283,-1.2273211479187012,-2.352321147918701,base,1
245,1,0,0.9914225156000332,-1.061759352684021,-5.8117594718933105,base,1
246,1,0,0.679178699175393,-1.305842638015747,-2.055842638015747,base,1
247,1,0,0.9978172840739191,-1.207533597946167,-7.332533836364746,base,1
248,1,0,0.9984988173858904,-1.1396644115447998,-7.639664173126221,base,1
249,1,0,0.8807970779778823,-0.9932339191436768,-2.9932339191436768,base,1
250,1,0,0.6224593312018546,-1.3666759729385376,-1.8666759729385376,base,1
251,1,0,0.9465966671870767,-0.8909626603126526,-3.765962600708008,base,1
252,1,0,0.2689414448079646,-2.115342140197754,-1.1153422594070435,base,No
253,1,0,0.9399133498259924,-1.1122677326202393,-3.8622677326202393,base,1
254,1,0,0.4378234991142019,-1.8077698945999146,-1.5577698945999146,base,1
255,1,0,0.029312227359491745,-4.289018630981445,-0.7890185117721558,base,No
256,1,0,0.9859363762626283,-0.9110457897186279,-5.161046028137207,base,1
257,1,0,0.6224593312018546,-1.247652292251587,-1.747652292251587,base,1
258,1,0,0.9669140292386145,-0.9283864498138428,-4.303386688232422,base,1
259,1,0,0.7549149868676283,-1.1156926155090332,-2.240692615509033,base,1
260,1,0,0.29421497216298875,-2.1217072010040283,-1.2467072010040283,base,no
261,1,0,0.8670357598021706,-1.1397619247436523,-3.0147619247436523,base,1
262,1,0,0.939913343093499,-0.8836327791213989,-3.6336326599121094,base,1
263,1,0,0.03732688948593843,-3.999850273132324,-0.749850332736969,base,No
264,1,0,0.9241418199787566,-0.9788939952850342,-3.478893995285034,base,1
265,1,0,0.029312227359491745,-4.194136619567871,-0.6941365003585815,base,No
266,1,0,0.9324533126145177,-0.9034966826438904,-3.528496742248535,base,1
267,1,0,0.9046505299595163,-0.9401484131813049,-3.19014835357666,base,1
268,1,0,0.1480471980316895,-2.739267349243164,-0.9892673492431641,base,No
269,1,0,0.9964063978454312,-0.9117244482040405,-6.53672456741333,base,1
270,1,0,0.7981867777396212,-1.2438807487487793,-2.6188807487487793,base,1
271,1,0,0.8175744761936437,-1.0718591213226318,-2.571859121322632,base,1
272,1,0,0.679178699175393,-1.354980707168579,-2.104980707168579,base,1
273,1,1,0.9796676442828175,-0.7634865045547485,-4.638486385345459,base,Yes
274,1,0,0.37754066879814546,-1.7419308423995972,-1.2419308423995972,base,No
275,1,0,0.9940889318442452,-1.1931618452072144,-6.318161964416504,base,1
276,1,0,0.34864513533394575,-1.9041860103607178,-1.2791860103607178,base,1
277,1,0,0.966914017797636,-0.8985401391983032,-4.273540019989014,base,1
278,1,0,0.029312230751356316,-4.32679557800293,-0.8267955780029297,base,no
279,1,1,0.9980732657951566,-0.5789763927459717,-6.828976631164551,base,Yes
280,1,0,0.9902915258107348,-1.0969302654266357,-5.721930503845215,base,1
281,1,0,0.985936372130286,-0.9864173531532288,-5.236417293548584,base,1
282,1,0,0.9953904275471404,-0.9233523011207581,-6.298352241516113,base,1
283,1,0,0.9324533163686646,-0.9374994039535522,-3.562499523162842,base,1
284,1,0,0.29421497216298875,-1.991107702255249,-1.116107702255249,base,No
285,1,0,0.37754066879814546,-1.8528995513916016,-1.3528995513916016,base,1
286,1,0,0.9706877641608461,-0.9690858721733093,-4.469085693359375,base,1
287,1,0,0.9984988174752337,-0.8588277697563171,-7.358827590942383,base,1
288,1,0,0.9706877675527112,-0.9996686577796936,-4.499668598175049,base,1
289,1,0,0.9706877692486436,-1.1392898559570312,-4.639289855957031,base,1
290,1,0,0.6513548646660542,-1.3349848985671997,-1.9599848985671997,base,1
291,1,0,0.5312093733737563,-1.4794951677322388,-1.6044951677322388,base,1
292,1,0,0.9740426428022031,-1.0432305335998535,-4.6682305335998535,base,1
293,1,0,0.4378234991142019,-1.743765115737915,-1.493765115737915,base,1
294,1,0,0.9902915235185259,-1.0164737701416016,-5.641473770141602,base,1
295,1,0,0.9859363746096915,-1.1293872594833374,-5.379387378692627,base,1
296,1,0,0.7981867777396212,-1.0211825370788574,-2.3961825370788574,base,1
297,1,1,0.9902915223724212,-0.6315184831619263,-5.256518363952637,base,Yes
298,1,0,0.5,-1.512475609779358,-1.512475609779358,base,1
299,1,0,0.009708474189265195,-5.23918342590332,-0.6141831874847412,base,no
300,1,0,0.060086656906500974,-3.326653003692627,-0.5766531229019165,base,No
301,1,0,0.18242551491653522,-2.4203243255615234,-0.9203242659568787,base,No
302,1,0,0.9046505351008906,-1.2480354309082031,-3.498035430908203,base,1
303,1,0,0.9740426367741291,-1.013563871383667,-4.638563632965088,base,1
304,1,0,0.679178699175393,-1.2672579288482666,-2.0172579288482666,base,1
305,1,0,0.029312234143221275,-4.26615571975708,-0.7661558389663696,base,No
306,1,0,0.9986749777405325,-1.4672116041183472,-8.092211723327637,base,1
307,1,0,0.20181324146316565,-2.2836427688598633,-0.9086428880691528,base,no
308,1,0,0.9796676454700793,-0.8623815178871155,-4.737381458282471,base,1
309,1,0,0.9399133498259924,-0.9494318962097168,-3.699431896209717,base,1
310,1,0,0.34864513533394575,-1.8815503120422363,-1.2565503120422363,base,no
311,1,0,0.24508501313237172,-2.2762036323547363,-1.1512036323547363,base,no
312,1,0,0.0534033328129234,-3.557539463043213,-0.6825395226478577,base,No
313,1,0,0.46879062662624377,-1.635709524154663,-1.510709524154663,base,1
314,1,0,0.9980732655659147,-0.9610799551010132,-7.211080074310303,base,1
315,1,1,0.99849881765392,-0.5567155480384827,-7.056715488433838,base,Yes
316,1,0,0.999195914016482,-0.9096670746803284,-8.034667015075684,base,1
317,1,0,0.9465966732132748,-0.8584420084953308,-3.7334420680999756,base,1
318,1,0,0.9820137900379085,-1.0776433944702148,-5.077643394470215,base,1
319,1,1,0.851952809486198,-0.8580357432365417,-2.6080358028411865,base,Yes
320,1,0,0.7057850278370112,-1.1593186855316162,-2.034318685531616,base,1
321,1,0,0.9669140139839756,-0.8902666568756104,-4.265266418457031,base,1
322,1,0,0.9706877692486436,-1.0738029479980469,-4.573802947998047,base,1
323,1,1,0.7772998818103892,-0.9858783483505249,-2.2358784675598145,base,Yes
324,1,0,0.9975273772844113,-0.9875066876411438,-6.987506866455078,base,1
325,1,1,0.9149009642742806,-0.790434718132019,-3.1654348373413086,base,Yes
326,1,0,0.9149009549929797,-1.0155441761016846,-3.3905441761016846,base,1
327,1,0,0.7981867777396212,-1.1903765201568604,-2.5653765201568604,base,1
328,1,0,0.9706877658567789,-0.9095674753189087,-4.409567356109619,base,1
329,1,0,0.9149009549929797,-1.0422494411468506,-3.4172494411468506,base,1
330,1,0,0.9953904272736549,-0.9890099763870239,-6.364009857177734,base,1
331,1,0,0.7981867777396212,-1.1451468467712402,-2.5201468467712402,base,1
332,1,0,0.6513548646660542,-1.3010631799697876,-1.9260631799697876,base,1
333,1,0,0.9241418199787566,-1.0227417945861816,-3.5227417945861816,base,1
334,1,0,0.5926665999540697,-1.3205502033233643,-1.6955502033233643,base,1
335,1,0,0.008577485160275657,-5.172831058502197,-0.4228310286998749,base,no
336,1,0,0.8519528019683106,-1.1536290645599365,-2.9036290645599365,base,1
337,1,0,0.015906388912772775,-4.902421951293945,-0.777421772480011,base,no
338,1,0,0.8519528019683106,-1.1549067497253418,-2.904906749725342,base,1
339,1,0,0.9840936082881853,-1.0881571769714355,-5.2131571769714355,base,1
340,1,0,0.26894139793202687,-2.262028217315674,-1.2620280981063843,base,1
341,1,0,0.9947798736874026,-1.1649104356765747,-6.414910316467285,base,1
342,1,0,0.9399133531922388,-0.894002377986908,-3.6440024375915527,base,1
343,1,0,0.8807970779778823,-1.0610949993133545,-3.0610949993133545,base,1
344,1,1,0.7310585786300049,-0.8228764533996582,-1.8228764533996582,base,Yes
345,1,0,0.02931222905542399,-4.071417808532715,-0.5714177489280701,base,No
346,1,0,0.9046505351008906,-1.0982751846313477,-3.3482751846313477,base,1
347,1,0,0.8519528019683106,-1.022026538848877,-2.772026538848877,base,1
348,1,0,0.03308597457504463,-4.064789772033691,-0.6897896528244019,base,No
349,1,0,0.4073334000459302,-1.7286121845245361,-1.3536121845245361,base,1
350,1,0,0.9046505351008906,-1.1089890003204346,-3.3589890003204346,base,1
351,1,0,0.1645164792819756,-2.5893402099609375,-0.964340329170227,base,no
352,1,0,0.7310585786300049,-1.1991844177246094,-2.1991844177246094,base,1
353,1,0,0.9971990723669563,-1.238154649734497,-7.113154411315918,base,1
354,1,0,0.9669140292386145,-1.0469105243682861,-4.421910762786865,base,1
355,1,0,0.9986749775039139,-0.7781477570533752,-7.4031476974487305,base,1
356,1,0,0.6513548646660542,-1.2258191108703613,-1.8508191108703613,base,1
357,1,0,0.995929862284104,-1.05790376663208,-6.55790376663208,base,1
358,1,0,0.7772998611746911,-1.1028661727905273,-2.3528661727905273,base,1
359,1,1,0.9840936082881853,-0.5318398475646973,-4.656839847564697,base,Yes
360,1,0,0.9740426428022031,-1.0716562271118164,-4.696656227111816,base,1
361,1,0,0.5,-1.538295865058899,-1.538295865058899,base,1
362,1,0,0.8807970654616711,-1.07784903049469,-3.0778489112854004,base,1
363,1,0,0.07585818837825822,-3.172557830810547,-0.6725579500198364,base,No
364,1,0,0.37754066879814546,-1.6868340969085693,-1.1868340969085693,base,No
365,1,0,0.8354835207180245,-1.1745668649673462,-2.7995667457580566,base,1
366,1,0,0.9465966641739773,-1.0469032526016235,-3.921903133392334,base,1
367,1,0,0.8670357598021706,-1.1182012557983398,-2.99320125579834,base,1
368,1,0,0.7057850278370112,-1.2368059158325195,-2.1118059158325195,base,1
369,1,0,0.4378234991142019,-1.6880838871002197,-1.4380838871002197,base,1
370,1,0,0.03308597648187432,-4.0360941886901855,-0.6610941290855408,base,No
371,1,0,0.5312093733737563,-1.4699575901031494,-1.5949575901031494,base,1
372,1,0,0.991422514586288,-1.1549410820007324,-5.904941082000732,base,1
373,1,0,0.9579122768904644,-0.9213837385177612,-4.046383857727051,base,1
374,1,1,0.7981867777396212,-0.8174214363098145,-2.1924214363098145,base,Yes
375,1,0,0.939913343093499,-0.9495135545730591,-3.6995134353637695,base,1
376,1,0,0.8354835371034369,-1.104217767715454,-2.729217767715454,base,1
377,1,0,0.2689414213699951,-2.0991053581237793,-1.0991053581237793,base,no
378,1,0,0.8354835371034369,-1.1581411361694336,-2.7831411361694336,base,1
379,1,0,0.9669140216112958,-0.8833189010620117,-4.258318901062012,base,1
380,1,0,0.05340332678672523,-3.6952109336853027,-0.820210874080658,base,No
381,1,0,0.9964063976320057,-0.9474677443504333,-6.572467803955078,base,1
382,1,0,0.8807970654616711,-1.2096396684646606,-3.209639549255371,base,1
383,1,0,0.060086646807761206,-3.5588977336883545,-0.8088976740837097,base,No
384,1,0,0.9770226327661524,-1.0549668073654175,-4.804966926574707,base,1
385,1,0,0.5312093733737563,-1.5897629261016846,-1.7147629261016846,base,1
386,1,0,0.9626731126558706,-1.0236015319824219,-4.273601531982422,base,1
387,1,0,0.4378234991142019,-1.5844449996948242,-1.3344449996948242,base,1
388,1,0,0.9740426488302759,-1.1777942180633545,-4.802794456481934,base,1
389,1,0,0.5926665999540697,-1.3619805574417114,-1.7369805574417114,base,1
390,1,0,0.9525741241296944,-0.9238930344581604,-3.9238929748535156,base,1
391,1,0,0.34864513533394575,-1.7473676204681396,-1.1223676204681396,base,No
392,1,1,0.9669140254249554,-0.7763866186141968,-4.151386737823486,base,Yes
393,1,0,0.37754066879814546,-1.6160640716552734,-1.1160640716552734,base,No
394,1,0,0.18242550602671442,-2.3823189735412598,-0.8823188543319702,base,No
395,1,0,0.16451645470385742,-2.475355625152588,-0.8503555655479431,base,no
396,1,0,0.9902915235185259,-1.0167865753173828,-5.641786575317383,base,1
397,1,0,0.8807970779778823,-0.9006266593933105,-2.9006266593933105,base,1
398,1,0,0.9669140292386145,-1.1003391742706299,-4.475339412689209,base,1
399,1,0,0.6224593312018546,-1.2342640161514282,-1.7342640161514282,base,1
400,1,1,0.9324533051062237,-0.7879388928413391,-3.4129388332366943,base,Yes
401,1,0,0.9241418241572634,-0.9312035441398621,-3.431203603744507,base,1
402,1,0,0.5312093733737563,-1.4628978967666626,-1.5878978967666626,base,1
403,1,0,0.0953494648991095,-3.1637282371520996,-0.9137282371520996,base,no
404,1,0,0.731058602067973,-1.2545374631881714,-2.254537582397461,base,1
405,1,0,0.18242551491653522,-2.4114184379577637,-0.9114183783531189,base,No
406,1,0,0.24508503518827837,-2.282954216003418,-1.1579543352127075,base,no
407,1,0,0.9875683513421315,-0.9939454197883606,-5.368945598602295,base,1
408,1,0,0.679178699175393,-1.2482091188430786,-1.9982091188430786,base,1
409,1,0,0.4073334000459302,-1.8692059516906738,-1.4942059516906738,base,1
410,1,0,0.9902915223724212,-1.0971328020095825,-5.722132682800293,base,1
411,1,0,0.042087723109535534,-3.8570590019226074,-0.7320588827133179,base,No
412,1,0,0.8519528170040853,-1.1550544500350952,-2.9050545692443848,base,1
413,1,0,0.9465966762263737,-1.140903353691101,-4.015903472900391,base,1
414,1,0,0.9924227587321393,-1.0289149284362793,-5.903914928436279,base,1
415,1,0,0.8807970779778823,-1.0659301280975342,-3.065930128097534,base,1
416,1,0,0.9820137900379085,-0.9979190826416016,-4.997919082641602,base,1
417,1,0,0.7057850278370112,-1.265676498413086,-2.140676498413086,base,1
418,1,1,0.952574129515172,-0.7450222373008728,-3.7450222969055176,base,Yes
419,1,0,0.7772998611746911,-1.2251152992248535,-2.4751152992248535,base,1
420,1,0,0.9991959140643708,-1.0660781860351562,-8.191078186035156,base,1
421,1,0,0.997817283814287,-1.047308325767517,-7.172308444976807,base,1
422,1,0,0.1480471829959148,-2.714773654937744,-0.9647735357284546,base,No
423,1,1,0.9579122768904644,-0.7821282148361206,-3.90712833404541,base,Yes
424,1,0,0.022977371248114782,-4.390713691711426,-0.6407137513160706,base,No
425,1,0,0.022977371248114782,-4.490215301513672,-0.7402153611183167,base,no
426,1,0,0.1480471980316895,-2.676949977874756,-0.9269499778747559,base,no
427,1,0,0.9149009549929797,-0.9477505683898926,-3.3227505683898926,base,1
428,1,0,0.009708477627578704,-5.329306125640869,-0.7043062448501587,base,No
429,1,0,0.9890130573694068,-0.9278335571289062,-5.427833557128906,base,1
430,1,0,0.46879062662624377,-1.656346321105957,-1.531346321105957,base,1
431,1,0,0.20181322226037882,-2.367748975753784,-0.9927489757537842,base,no
432,1,0,0.05340332377362639,-3.6092305183410645,-0.7342303991317749,base,No
433,1,0,0.995929862284104,-1.0408353805541992,-6.540835380554199,base,1
434,1,0,0.9241418199787566,-0.8621957302093506,-3.3621957302093506,base,1
435,1,0,0.9740426473232578,-0.905595600605011,-4.530595779418945,base,1
436,1,0,0.1329642333263228,-2.761589288711548,-0.8865892291069031,base,No
437,1,1,0.8519528019683106,-0.9368159770965576,-2.6868159770965576,base,Yes
438,1,0,0.7549150089235336,-1.2181791067123413,-2.343179225921631,base,1
439,1,0,0.8519528170040853,-1.1252025365829468,-2.8752026557922363,base,1
440,1,0,0.20181324146316565,-2.365776538848877,-0.9907766580581665,base,no
441,1,0,0.05340332678672523,-3.549041271209717,-0.674041211605072,base,No
442,1,0,0.022977367233847502,-4.537424087524414,-0.7874239683151245,base,no
443,1,0,0.9046505351008906,-0.9337902069091797,-3.1837902069091797,base,1
444,1,0,0.01798620785653302,-4.79119348526001,-0.7911933660507202,base,no
445,1,0,0.7772998611746911,-1.1840589046478271,-2.434058904647827,base,1
446,1,1,0.9706877658567789,-0.6548725366592407,-4.154872417449951,base,Yes
447,1,1,0.835483553488848,-0.5957425832748413,-2.220742702484131,base,Yes
448,1,0,0.34864513533394575,-1.7637271881103516,-1.1387271881103516,base,No
449,1,0,0.9241418199787566,-0.9170780181884766,-3.4170780181884766,base,1
450,1,0,0.5621765008857981,-1.3430135250091553,-1.5930135250091553,base,1
451,1,0,0.8670357598021706,-1.0612902641296387,-2.9362902641296387,base,1
452,1,0,0.9959298618008804,-1.1936317682266235,-6.693631649017334,base,1
453,1,0,0.18242552380635632,-2.5086636543273926,-1.0086636543273926,base,No
454,1,0,0.939913343093499,-1.0167914628982544,-3.766791343688965,base,1
455,1,1,0.9241418241572634,-0.8664988875389099,-3.3664989471435547,base,Yes
456,1,0,0.29421497216298875,-2.064225912094116,-1.1892259120941162,base,no
457,1,0,0.24508501313237172,-2.2691164016723633,-1.1441164016723633,base,no
458,1,1,0.754914975839675,-0.9587917923927307,-2.083791732788086,base,Yes
459,1,0,0.46879062662624377,-1.848613977432251,-1.723613977432251,base,1
460,1,0,0.32082130082460697,-1.908378005027771,-1.158378005027771,base,no
461,1,0,0.9525741268224334,-0.893946647644043,-3.893946647644043,base,1
462,1,0,0.4378234991142019,-1.580688714981079,-1.330688714981079,base,no
463,1,0,0.9820137868795701,-0.9596287608146667,-4.959628582000732,base,1
464,1,0,0.9971990730328789,-0.933502197265625,-6.808502197265625,base,1
465,1,0,0.5,-1.62225341796875,-1.62225341796875,base,1
466,1,0,0.4378234991142019,-1.7591335773468018,-1.5091335773468018,base,1
467,1,0,0.46879062662624377,-1.5563852787017822,-1.4313852787017822,base,1
468,1,0,0.7310585786300049,-1.2294485569000244,-2.2294485569000244,base,1
469,1,0,0.9324533013520764,-0.8874708414077759,-3.5124707221984863,base,1
470,1,0,0.9796676466573412,-1.260828971862793,-5.135828971862793,base,1
471,1,0,0.9796676490318648,-0.8880666494369507,-4.76306676864624,base,1
472,1,0,0.9968273167805015,-1.0792418718338013,-6.829241752624512,base,1
473,1,0,0.7549149648117217,-1.1826692819595337,-2.307669162750244,base,1
474,1,0,0.32082130082460697,-1.9546151161193848,-1.2046151161193848,base,no
475,1,0,0.9241418199787566,-0.9627609252929688,-3.4627609252929688,base,1
476,1,0,0.2689414213699951,-2.1934914588928223,-1.1934914588928223,base,no
477,1,0,0.05340332678672523,-3.643291473388672,-0.7682914137840271,base,no
478,1,0,0.8807970904940926,-1.1947640180587769,-3.1947641372680664,base,1
479,1,0,0.7549150089235336,-1.1849302053451538,-2.3099303245544434,base,1
480,1,0,0.679178699175393,-1.2142667770385742,-1.9642667770385742,base,1
481,1,0,0.9796676490318648,-0.8622859716415405,-4.73728609085083,base,1
482,1,0,0.9914225150931606,-0.9382719397544861,-5.688271999359131,base,1
483,1,0,0.9924227569392726,-0.951275110244751,-5.826274871826172,base,1
484,1,0,0.01798621417320936,-4.674243927001953,-0.6742441654205322,base,No
485,1,1,0.982013788985129,-0.6898680329322815,-4.689867973327637,base,Yes
486,1,1,0.9924227596285723,-0.7829302549362183,-5.657930374145508,base,Yes
487,1,0,0.11920292202211755,-2.899284839630127,-0.899284839630127,base,No
488,1,0,0.01243164865786858,-5.080313682556152,-0.705313503742218,base,no
489,1,0,0.9796676430955554,-0.9010159373283386,-4.776015758514404,base,1
490,1,0,0.20181324146316565,-2.275055408477783,-0.9000555276870728,base,No
491,1,0,0.8519528170040853,-1.028410792350769,-2.7784109115600586,base,1
492,1,0,0.26894139793202687,-2.019340991973877,-1.0193408727645874,base,no
493,1,0,0.5926665999540697,-1.418738603591919,-1.793738603591919,base,1
494,1,1,0.9241418241572634,-0.8275155425071716,-3.3275156021118164,base,Yes
495,1,0,0.8807970779778823,-1.0364389419555664,-3.0364389419555664,base,1
496,1,0,0.34864513533394575,-1.9541524648666382,-1.3291524648666382,base,1
497,1,0,0.9964063978454312,-1.0680450201034546,-6.693045139312744,base,1
498,1,0,0.9968273179115414,-0.9472272396087646,-6.697227478027344,base,1
499,1,0,0.8807970654616711,-1.2408438920974731,-3.2408437728881836,base,1
500,1,0,0.982013792143467,-1.0674413442611694,-5.067441463470459,base,1
501,1,0,0.9740426397881662,-1.0426307916641235,-4.667630672454834,base,1
502,1,0,0.18242552380635632,-2.576448440551758,-1.0764484405517578,base,no
503,1,0,0.9669140254249554,-0.8581222295761108,-4.2331223487854,base,1
504,1,0,0.991422514586288,-1.143918514251709,-5.893918514251709,base,1
505,1,0,0.2689414213699951,-2.006201982498169,-1.006201982498169,base,No
506,1,0,0.7057850278370112,-1.2415134906768799,-2.11651349067688,base,1
507,1,0,0.6513548646660542,-1.2900456190109253,-1.9150456190109253,base,1
508,1,0,0.18242550602671442,-2.488821029663086,-0.9888209104537964,base,No
509,1,0,0.9465966762263737,-1.0165985822677612,-3.891598701477051,base,1
510,1,0,0.9740426443092215,-0.952300488948822,-4.577300548553467,base,1
511,1,0,0.0534033328129234,-3.6134181022644043,-0.7384181618690491,base,no
512,1,1,0.9465966702001757,-0.8243365287780762,-3.699336528778076,base,Yes
513,1,0,0.04742587317756679,-3.840439558029175,-0.8404395580291748,base,no
514,1,0,0.01098694263059318,-5.170584201812744,-0.6705842018127441,base,No
515,1,0,0.20181324146316565,-2.3207712173461914,-0.945771336555481,base,No
516,1,0,0.9840936082881853,-1.0658669471740723,-5.190866947174072,base,1
517,1,0,0.8519528019683106,-1.140821933746338,-2.890821933746338,base,1
518,1,0,0.22270013882530884,-2.2869222164154053,-1.0369222164154053,base,no
519,1,0,0.9902915246646304,-0.9670027494430542,-5.592002868652344,base,1
520,1,0,0.7057850525911202,-1.228345274925232,-2.1033453941345215,base,1
521,1,0,0.9971990733658402,-1.199990153312683,-7.074990272521973,base,1
522,1,0,0.2689414213699951,-2.2313971519470215,-1.2313971519470215,base,no
523,1,0,0.9626731105140616,-0.9000969529151917,-4.150096893310547,base,1
524,1,0,0.9933071490757153,-1.0280075073242188,-6.028007507324219,base,1
525,1,0,0.02297737258620403,-4.4798078536987305,-0.72980797290802,base,no
526,1,0,0.29421497216298875,-2.0644097328186035,-1.1894097328186035,base,no
527,1,1,0.9241418241572634,-0.5233892798423767,-3.0233893394470215,base,Yes
528,1,0,0.014063625390308462,-5.02660608291626,-0.7766059637069702,base,no
529,1,1,0.9149009549929797,-0.8563728332519531,-3.231372833251953,base,Yes
530,1,1,0.7057850154599563,-0.9772735238075256,-1.8522734642028809,base,Yes
531,1,0,0.8807970779778823,-1.0567057132720947,-3.0567057132720947,base,1
532,1,0,0.010986940687560063,-5.068007946014404,-0.56800776720047,base,No
533,1,0,0.9579122768904644,-0.991939902305603,-4.116940021514893,base,1
534,1,0,0.9940889311437562,-1.0813093185424805,-6.2063093185424805,base,1
535,1,0,0.9399133498259924,-1.145646572113037,-3.895646572113037,base,1
536,1,0,0.060086656906500974,-3.4667882919311523,-0.7167884111404419,base,No
537,1,0,0.07585818002124356,-3.4146728515625,-0.9146728515625,base,No
538,1,0,0.9046505351008906,-1.1738824844360352,-3.423882484436035,base,1
539,1,0,0.9940889307935117,-0.9895544648170471,-6.114554405212402,base,1
540,1,0,0.7981867969424066,-1.1831105947494507,-2.5581107139587402,base,1
541,1,0,0.9579122672782973,-0.8643499612808228,-3.989349842071533,base,1
542,1,0,0.9399133498259924,-1.081212043762207,-3.831212043762207,base,1
543,1,0,0.8807970904940926,-0.9829534292221069,-2.9829535484313965,base,1
544,1,0,0.9399133498259924,-0.9796528816223145,-3.7296528816223145,base,1
545,1,0,0.997817283814287,-1.0477064847946167,-7.172706604003906,base,1
546,1,0,0.5621765008857981,-1.344283103942871,-1.594283103942871,base,1
547,1,0,0.8933094003735664,-0.9462619423866272,-3.0712618827819824,base,1
548,1,0,0.9626731212231052,-1.004239797592163,-4.254240036010742,base,1
549,1,0,0.07585818002124356,-3.320997953414917,-0.820997953414917,base,No
550,1,1,0.9740426458162398,-0.615930438041687,-4.240930557250977,base,Yes
551,1,0,0.9940889304432671,-1.000634789466858,-6.125634670257568,base,1
552,1,0,0.6513548646660542,-1.4045073986053467,-2.0295073986053467,base,1
553,1,0,0.9324533088603709,-1.0591590404510498,-3.68415904045105,base,1
554,1,0,0.9982992779933588,-0.8010213375091553,-7.176021575927734,base,1
555,1,0,0.7772998405389918,-1.1526137590408325,-2.402613639831543,base,1
556,1,0,0.9840936073551713,-0.9718771576881409,-5.096877098083496,base,1
557,1,0,0.04742587856304458,-3.777007579803467,-0.7770076990127563,base,No
558,1,1,0.9046505299595163,-0.8903873562812805,-3.1403872966766357,base,Yes
559,1,0,0.03308598220236406,-4.055200099945068,-0.6802002191543579,base,No
560,1,0,0.46879062662624377,-1.463370680809021,-1.338370680809021,base,1
561,1,0,0.9626731169394882,-0.9454110860824585,-4.195411205291748,base,1
562,1,0,0.7057850278370112,-1.2283930778503418,-2.103393077850342,base,1
563,1,0,0.1480471829959148,-2.6506385803222656,-0.9006384611129761,base,no
564,1,0,0.0373268852023206,-3.9997775554656982,-0.7497774958610535,base,No
565,1,0,0.966914019704466,-0.9269347786903381,-4.301934719085693,base,1
566,1,1,0.8519528170040853,-0.7953747510910034,-2.545374870300293,base,Yes
567,1,0,0.9980732649928094,-0.9607450366020203,-7.210744857788086,base,1
568,1,0,0.4378234991142019,-1.7335337400436401,-1.4835337400436401,base,1
569,1,0,0.9975273762553034,-1.2379348278045654,-7.237934589385986,base,1
570,1,0,0.939913343093499,-1.0276557207107544,-3.777655601501465,base,1
571,1,0,0.4378234991142019,-1.2668323516845703,-1.0168323516845703,base,No
572,1,0,0.9046505351008906,-0.9221310615539551,-3.172131061553955,base,1
573,1,0,0.46879062662624377,-1.538271188735962,-1.413271188735962,base,1
574,1,0,0.8354835371034369,-1.0307228565216064,-2.6557228565216064,base,1
575,1,0,0.2689414213699951,-1.9910179376602173,-0.9910179376602173,base,No
576,1,0,0.98901305931244,-0.9252813458442688,-5.425281524658203,base,1
577,1,0,0.9241418199787566,-1.0485286712646484,-3.5485286712646484,base,1
578,1,0,0.9399133498259924,-1.1744983196258545,-3.9244983196258545,base,1
579,1,0,0.7772998611746911,-1.090419054031372,-2.340419054031372,base,1
580,1,0,0.9820137900379085,-1.0360307693481445,-5.0360307693481445,base,1
581,1,0,0.04742587317756679,-3.5851829051971436,-0.5851829051971436,base,No
582,1,0,0.9579122672782973,-0.8205162286758423,-3.9455161094665527,base,1
583,1,0,0.4378234991142019,-1.615360975265503,-1.365360975265503,base,1
584,1,0,0.20181320305759334,-2.337697982788086,-0.9626978635787964,base,no
585,1,0,0.9669140216112958,-1.0965113639831543,-4.471511363983154,base,1
586,1,0,0.9933071506607352,-1.0132768154144287,-6.013277053833008,base,1
587,1,0,0.18242552380635632,-2.3742668628692627,-0.8742668628692627,base,no
588,1,1,0.9770226354423304,-0.7794339656829834,-4.5294342041015625,base,Yes
589,1,0,0.9975273772844113,-0.9463294148445129,-6.946329593658447,base,1
590,1,0,0.9399133498259924,-1.0546164512634277,-3.8046164512634277,base,1
591,1,0,0.5,-1.5831563472747803,-1.5831563472747803,base,1
592,1,0,0.13296425394084313,-2.585325241088867,-0.7103253602981567,base,No
593,1,0,0.7310585786300049,-1.2526929378509521,-2.252692937850952,base,1
594,1,0,0.651354837594613,-1.3944288492202759,-2.0194287300109863,base,1
595,1,0,0.9902915223724212,-1.0160895586013794,-5.64108943939209,base,1
596,1,0,0.9924227578357059,-0.8765302896499634,-5.751530170440674,base,1
597,1,0,0.9796676466573412,-0.8177633285522461,-4.692763328552246,base,1
598,1,0,0.9947798743064417,-1.058922290802002,-6.308922290802002,base,1
599,1,0,0.9324533126145177,-0.8734495043754578,-3.4984495639801025,base,1
600,1,0,0.24508501313237172,-2.1747703552246094,-1.0497703552246094,base,no
601,1,0,0.24508503518827837,-2.264251232147217,-1.1392513513565063,base,No
602,1,0,0.8519528019683106,-1.2045423984527588,-2.954542398452759,base,1
603,1,0,0.939913356558485,-1.1336749792099,-3.8836750984191895,base,1
604,1,0,0.025957351169724027,-4.374784469604492,-0.7497842311859131,base,No
605,1,0,0.679178699175393,-1.3176977634429932,-2.067697763442993,base,1
606,1,0,0.16451644651115205,-2.644150733947754,-1.0191506147384644,base,no
607,1,0,0.46879062662624377,-1.5562934875488281,-1.4312934875488281,base,1
608,1,0,0.8354835371034369,-1.159269094467163,-2.784269094467163,base,1
609,1,0,0.4073334000459302,-1.7315313816070557,-1.3565313816070557,base,1
610,1,0,0.46879062662624377,-1.6224933862686157,-1.4974933862686157,base,1
611,1,1,0.8175744584140004,-0.9925605058670044,-2.492560386657715,base,Yes
612,1,0,0.8519528019683106,-1.005753993988037,-2.755753993988037,base,1
613,1,0,0.009708476481474066,-5.187082290649414,-0.5620822906494141,base,No
614,1,0,0.9914225156000332,-1.0157212018966675,-5.765721321105957,base,1
615,1,0,0.9740426428022031,-1.1082816123962402,-4.73328161239624,base,1
616,1,0,0.11920292202211755,-2.834347724914551,-0.8343477249145508,base,No
617,1,0,0.9959298632505507,-1.0259253978729248,-6.525925636291504,base,1
618,1,0,0.979667647844603,-0.917454183101654,-4.792454242706299,base,1
619,1,0,0.9964063980588568,-0.9619086384773254,-6.58690881729126,base,1
620,1,0,0.9968273173460214,-0.978334367275238,-6.728334426879883,base,1
621,1,0,0.4073334000459302,-1.6601358652114868,-1.2851358652114868,base,no
622,1,0,0.9770226314280634,-0.9918789267539978,-4.741878986358643,base,1
623,1,0,0.05340332678672523,-3.7201147079467773,-0.8451146483421326,base,no
624,1,0,0.5926665999540697,-1.5737563371658325,-1.9487563371658325,base,1
625,1,0,0.9940889311437562,-1.042391300201416,-6.167391300201416,base,1
626,1,0,0.9465966641739773,-0.8572026491165161,-3.7322025299072266,base,1
627,1,0,0.29421497216298875,-2.021507740020752,-1.146507740020752,base,No
628,1,0,0.9579122672782973,-1.1206132173538208,-4.245613098144531,base,1
629,1,0,0.06008664344151498,-3.3867788314819336,-0.636778712272644,base,No
630,1,0,0.9046505453836383,-1.2123640775680542,-3.4623641967773438,base,1
631,1,0,0.16451645470385742,-2.557474136352539,-0.9324740767478943,base,No
632,1,0,0.5312093733737563,-1.4247941970825195,-1.5497941970825195,base,1
633,1,0,0.7057850278370112,-1.331268548965454,-2.206268548965454,base,1
634,1,0,0.9859363704773486,-0.9956747889518738,-5.2456746101379395,base,1
635,1,0,0.991422514586288,-0.8917312622070312,-5.641731262207031,base,1
636,1,0,0.24508501313237172,-2.1516332626342773,-1.0266332626342773,base,No
637,1,0,0.9626731190812967,-0.9305723309516907,-4.180572509765625,base,1
638,1,0,0.9324533126145177,-0.9715530276298523,-3.596553087234497,base,1
639,1,0,0.984093612020241,-1.0762054920196533,-5.201205730438232,base,1
640,1,0,0.9820137910906878,-0.958551824092865,-4.95855188369751,base,1
641,1,1,0.9579122672782973,-0.6634241342544556,-3.788424015045166,base,Yes
642,1,0,0.9241418199787566,-1.2332749366760254,-3.7332749366760254,base,1
643,1,0,0.9914225135725426,-0.93751060962677,-5.6875104904174805,base,1
644,1,0,0.9990889488598527,-0.8448542952537537,-7.844854354858398,base,1
645,1,0,0.9820137900379085,-0.8773550987243652,-4.877355098724365,base,1
646,1,0,0.02931222905542399,-4.128100395202637,-0.6281003355979919,base,No
647,1,1,0.9940889300930225,-0.6690780520439148,-5.7940778732299805,base,Yes
648,1,0,0.9324533013520764,-0.9062243700027466,-3.531224250793457,base,1
649,1,0,0.14804719051380197,-2.5850324630737305,-0.8350324034690857,base,no
650,1,0,0.9626731147976793,-0.9828519225120544,-4.232851982116699,base,1
651,1,0,0.9953904278206259,-1.17791748046875,-6.55291748046875,base,1
652,1,0,0.9971990730328789,-1.0792264938354492,-6.954226493835449,base,1
653,1,0,0.46879062662624377,-1.5897071361541748,-1.4647071361541748,base,1
654,1,0,0.6224593312018546,-1.4306708574295044,-1.9306708574295044,base,1
655,1,1,0.9324533088603709,-0.7783992290496826,-3.4033992290496826,base,Yes
656,1,0,0.8807970842359877,-0.9180290102958679,-2.9180290699005127,base,1
657,1,0,0.9669140235181256,-0.9116482138633728,-4.286648273468018,base,1
658,1,0,0.9465966671870767,-0.9289186596870422,-3.8039186000823975,base,1
659,1,1,0.9740426428022031,-0.7073163986206055,-4.3323163986206055,base,Yes
660,1,0,0.8354835371034369,-1.1186180114746094,-2.7436180114746094,base,1
661,1,0,0.9890130560740511,-1.097183346748352,-5.5971832275390625,base,1
662,1,0,0.9933071482832051,-0.9498921632766724,-5.949892044067383,base,1
663,1,0,0.4073334000459302,-1.7138832807540894,-1.3388832807540894,base,1
664,1,0,0.7310585786300049,-1.2750389575958252,-2.275038957595825,base,1
665,1,0,0.9465966732132748,-0.9162835478782654,-3.79128360748291,base,1
666,1,0,0.02297737258620403,-4.447752952575684,-0.6977530717849731,base,No
667,1,1,0.9324533013520764,-0.7731600999832153,-3.398159980773926,base,Yes
668,1,1,0.5312093733737563,-1.3091282844543457,-1.4341282844543457,base,Yes
669,1,0,0.4378234991142019,-1.5993866920471191,-1.3493866920471191,base,1
670,1,0,0.320821326799715,-2.023440361022949,-1.2734404802322388,base,1
671,1,0,0.1066905825840872,-2.977572441101074,-0.8525723218917847,base,no
672,1,0,0.9890130573694068,-1.0976805686950684,-5.597680568695068,base,1
673,1,0,0.5926665999540697,-1.4719247817993164,-1.8469247817993164,base,1
674,1,1,0.7057850278370112,-1.0628093481063843,-1.9378093481063843,base,Yes
675,1,0,0.679178699175393,-1.258516788482666,-2.008516788482666,base,1
676,1,0,0.20181322226037882,-2.4886367321014404,-1.1136367321014404,base,no
677,1,0,0.8807970654616711,-0.9959622621536255,-2.995962142944336,base,1
678,1,0,0.9796676466573412,-1.0789027214050293,-4.953902721405029,base,1
679,1,0,0.1480471980316895,-2.667799234390259,-0.9177992343902588,base,No
680,1,0,0.8175744761936437,-1.1817150115966797,-2.6817150115966797,base,1
681,1,0,0.7057850278370112,-1.1986277103424072,-2.0736277103424072,base,1
682,1,0,0.9890130554263733,-0.9271876215934753,-5.427187442779541,base,1
683,1,0,0.20181322226037882,-2.469432830810547,-1.0944328308105469,base,no
684,1,0,0.9902915217993689,-0.8533627390861511,-5.478362560272217,base,1
685,1,0,0.9964063974185798,-1.227403163909912,-6.852403163909912,base,1
686,1,0,0.7772998405389918,-1.201377511024475,-2.4513773918151855,base,1
687,1,0,0.9933071474906947,-0.904364824295044,-5.904364585876465,base,1
688,1,1,0.9902915223724212,-0.524549126625061,-5.1495490074157715,base,Yes
689,1,0,0.03732688306051187,-3.984022617340088,-0.7340224981307983,base,No
690,1,0,0.9980732655659147,-0.9208611249923706,-7.17086124420166,base,1
691,1,0,0.9579122696813394,-0.9491167664527893,-4.0741167068481445,base,1
692,1,0,0.8175744939732856,-1.1136215925216675,-2.613621711730957,base,1
693,1,0,0.8933093946927838,-1.0506831407546997,-3.17568302154541,base,1
694,1,0,0.987568350610359,-0.8802913427352905,-5.25529146194458,base,1
695,1,0,0.010986945221304533,-5.155861854553223,-0.6558620929718018,base,no
696,1,0,0.9890130586647624,-1.0984443426132202,-5.59844446182251,base,1
697,1,0,0.7310585786300049,-1.438612699508667,-2.438612699508667,base,1
698,1,0,0.09534945975773548,-2.9520485401153564,-0.7020484805107117,base,No
699,1,0,0.8354835371034369,-1.0956370830535889,-2.720637083053589,base,1
700,1,0,0.9975273765493344,-1.207666039466858,-7.207665920257568,base,1
701,1,0,0.9964063982722826,-0.9221808910369873,-6.547181129455566,base,1
702,1,0,0.9924227605250054,-1.1544620990753174,-6.0294623374938965,base,1
703,1,0,0.7310585786300049,-1.1180839538574219,-2.118083953857422,base,1
704,1,1,0.6513548646660542,-1.1200523376464844,-1.7450523376464844,base,Yes
705,1,0,0.20181322226037882,-2.3675060272216797,-0.9925060272216797,base,no
706,1,0,0.46879062662624377,-1.4397245645523071,-1.3147245645523071,base,No
707,1,0,0.9902915235185259,-0.983553409576416,-5.608553409576416,base,1
708,1,1,0.9770226341042414,-0.7961671948432922,-4.546167373657227,base,Yes
709,1,0,0.7310585786300049,-1.3183515071868896,-2.3183515071868896,base,1
710,1,0,0.9241418199787566,-0.9762165546417236,-3.4762165546417236,base,1
711,1,0,0.8354835371034369,-1.005178689956665,-2.630178689956665,base,1
712,1,1,0.8354835207180245,-0.9463835954666138,-2.571383476257324,base,Yes
713,1,0,0.7057850278370112,-1.2279138565063477,-2.1029138565063477,base,1
714,1,0,0.9525741268224334,-1.0446882247924805,-4.0446882247924805,base,1
715,1,1,0.8354835289107309,-0.8954632878303528,-2.520463228225708,base,Yes
716,1,0,0.9796676466573412,-1.0091476440429688,-4.884147644042969,base,1
717,1,0,0.06008665354025422,-3.4250376224517822,-0.675037682056427,base,No
718,1,0,0.4378234991142019,-1.586057424545288,-1.336057424545288,base,1
719,1,0,0.9626731190812967,-0.8875153660774231,-4.137515544891357,base,1
720,1,0,0.6513548646660542,-1.2637150287628174,-1.8887150287628174,base,1
721,1,0,0.679178699175393,-1.2153903245925903,-1.9653903245925903,base,1
722,1,0,0.4073334000459302,-1.811728596687317,-1.436728596687317,base,1
723,1,0,0.9902915246646304,-0.8079508543014526,-5.432950973510742,base,1
724,1,1,0.9046505351008906,-0.8012971878051758,-3.051297187805176,base,Yes
725,1,0,0.1480471980316895,-2.6303606033325195,-0.8803606033325195,base,no
726,1,0,0.7549150089235336,-1.282570242881775,-2.4075703620910645,base,1
727,1,0,0.7981867777396212,-1.0089926719665527,-2.3839926719665527,base,1
728,1,0,0.9740426397881662,-1.1368600130081177,-4.761859893798828,base,1
729,1,0,0.966914019704466,-0.8568387627601624,-4.231838703155518,base,1
730,1,0,0.005220125074519377,-5.8589324951171875,-0.608932375907898,base,no
731,1,0,0.11920290950590741,-2.9944748878479004,-0.9944747686386108,base,no
732,1,0,0.8354835207180245,-1.103775143623352,-2.7287750244140625,base,1
733,1,0,0.060086656906500974,-3.615044593811035,-0.8650447130203247,base,no
734,1,0,0.03732689162774753,-3.9261155128479004,-0.6761156320571899,base,No
735,1,0,0.07585817584273653,-3.335952043533325,-0.8359519839286804,base,No
736,1,0,0.006692850924284856,-5.666948318481445,-0.6669483184814453,base,no
737,1,0,0.7772998611746911,-1.2159793376922607,-2.4659793376922607,base,1
738,1,0,0.022977367233847502,-4.429262161254883,-0.6792620420455933,base,No
739,1,0,0.7310585786300049,-1.3090505599975586,-2.3090505599975586,base,1
740,1,0,0.9914225125587972,-1.096498727798462,-5.846498489379883,base,1
741,1,0,0.9241418116217418,-0.8986598253250122,-3.3986597061157227,base,1
742,1,0,0.9796676490318648,-1.1871713399887085,-5.062171459197998,base,1
743,1,1,0.9796676490318648,-0.8713763952255249,-4.7463765144348145,base,Yes
744,1,0,0.2689414213699951,-2.0391082763671875,-1.0391082763671875,base,no
745,1,0,0.9149009549929797,-0.9355759620666504,-3.3105759620666504,base,1
746,1,0,0.5621765008857981,-1.503333568572998,-1.753333568572998,base,1
747,1,0,0.5312093733737563,-1.4729065895080566,-1.5979065895080566,base,1
748,1,1,0.9046505299595163,-0.8112562298774719,-3.061256170272827,base,Yes
749,1,0,0.9933071490757153,-1.0138282775878906,-6.013828277587891,base,1
750,1,0,0.9669140216112958,-0.827700138092041,-4.202700138092041,base,1
751,1,0,0.8807970904940926,-1.0298675298690796,-3.029867649078369,base,1
752,1,0,0.24508503518827837,-2.160813331604004,-1.0358134508132935,base,no
753,1,0,0.1645164628965632,-2.4833011627197266,-0.8583011627197266,base,No
754,1,0,0.2689414213699951,-2.102864980697632,-1.1028649806976318,base,no
755,1,0,0.4073334000459302,-1.660014033317566,-1.285014033317566,base,no
756,1,1,0.9770226341042414,-0.7202308773994446,-4.470231056213379,base,Yes
757,1,0,0.37754066879814546,-1.839510440826416,-1.339510440826416,base,1
758,1,0,0.9706877658567789,-1.0308305025100708,-4.530830383300781,base,1
759,1,1,0.9971990730328789,-0.5944867134094238,-6.469486713409424,base,Yes
760,1,1,0.679178699175393,-1.0266586542129517,-1.7766586542129517,base,Yes
761,1,0,0.9840936073551713,-0.8830142617225647,-5.00801420211792,base,1
762,1,0,0.9399133498259924,-1.0217373371124268,-3.7717373371124268,base,1
763,1,0,0.977022627413796,-0.9498668909072876,-4.699866771697998,base,1
764,1,0,0.9964063978454312,-0.9117974042892456,-6.536797523498535,base,1
765,1,0,0.8670357598021706,-1.0490736961364746,-2.9240736961364746,base,1
766,1,0,0.24508499107646636,-2.11541748046875,-0.9904173612594604,base,No
767,1,0,0.9046505351008906,-1.1712899208068848,-3.4212899208068848,base,1
768,1,0,0.9998601778910212,-1.2062456607818604,-10.081245422363281,base,1
769,1,0,0.9964063965648771,-1.0403635501861572,-6.665363311767578,base,1
770,1,0,0.02595735569077852,-4.347457408905029,-0.7224573493003845,base,No
771,1,0,0.07585818002124356,-3.3105862140655518,-0.8105862140655518,base,No
772,1,0,0.9706877641608461,-0.9549090266227722,-4.454908847808838,base,1
773,1,0,0.9902915223724212,-0.9261494874954224,-5.551149368286133,base,1
774,1,0,0.9924227591803558,-0.9372701048851013,-5.812270164489746,base,1
775,1,0,0.18242552380635632,-2.5010735988616943,-1.0010735988616943,base,no
776,1,0,0.9241418116217418,-0.9766484498977661,-3.4766483306884766,base,1
777,1,0,0.8354835371034369,-1.0521025657653809,-2.677102565765381,base,1
778,1,0,0.07585818419975078,-3.345674753189087,-0.8456748127937317,base,no
779,1,0,0.679178699175393,-1.2917580604553223,-2.0417580604553223,base,1
780,1,0,0.9525741268224334,-1.1352605819702148,-4.135260581970215,base,1
781,1,0,0.06754669489377622,-3.3958213329315186,-0.7708213925361633,base,no
782,1,0,0.9324533013520764,-1.0851675271987915,-3.710167407989502,base,1
783,1,0,0.5621765008857981,-1.507928729057312,-1.757928729057312,base,1
784,1,0,0.14804721306746543,-2.7818822860717773,-1.031882405281067,base,no
785,1,0,0.22270013882530884,-2.3333749771118164,-1.0833749771118164,base,no
786,1,0,0.6224593312018546,-1.348249912261963,-1.848249912261963,base,1
787,1,0,0.34864513533394575,-1.95167076587677,-1.32667076587677,base,1
788,1,0,0.9820137900379085,-1.0366935729980469,-5.036693572998047,base,1
789,1,0,0.0534033328129234,-3.610830545425415,-0.7358306050300598,base,No
790,1,0,0.9964063974185798,-1.0484185218811035,-6.6734185218811035,base,1
791,1,0,0.00359360194114313,-6.350793838500977,-0.7257936596870422,base,No
792,1,0,0.4378234991142019,-1.5830485820770264,-1.3330485820770264,base,1
793,1,0,0.9706877641608461,-0.9240104556083679,-4.424010276794434,base,1
794,1,0,0.29421497216298875,-1.9456192255020142,-1.0706192255020142,base,No
795,1,0,0.8670357598021706,-1.0710177421569824,-2.9460177421569824,base,1
796,1,0,0.9626731169394882,-0.8921669721603394,-4.142167091369629,base,1
797,1,0,0.8175744939732856,-1.159593939781189,-2.6595940589904785,base,1
798,1,0,0.0953494648991095,-3.046034812927246,-0.7960348129272461,base,No
799,1,0,0.9796676430955554,-0.9608857035636902,-4.835885524749756,base,1
800,1,0,0.9465966702001757,-1.0142698287963867,-3.8892698287963867,base,1
801,1,0,0.9579122768904644,-1.0417922735214233,-4.166792392730713,base,1
802,1,0,0.4378234991142019,-1.651757001876831,-1.401757001876831,base,1
803,1,0,0.04208772791561884,-3.899254322052002,-0.774254322052002,base,No
804,1,0,0.9399133498259924,-1.0063416957855225,-3.7563416957855225,base,1
805,1,0,0.7772998818103892,-1.1140798330307007,-2.3640799522399902,base,1
806,1,0,0.005220125074519377,-5.946125507354736,-0.6961253881454468,base,no
807,1,0,0.9820137868795701,-0.9456960558891296,-4.945695877075195,base,1
808,1,0,0.6513548646660542,-1.4485061168670654,-2.0735061168670654,base,1
809,1,0,0.8933094060543487,-1.0510783195495605,-3.1760783195495605,base,1
810,1,0,0.985936373783223,-0.8249987959861755,-5.07499885559082,base,1
811,1,0,0.5,-1.5661870241165161,-1.5661870241165161,base,1
812,1,0,0.29421497216298875,-1.913480520248413,-1.038480520248413,base,No
813,1,0,0.5,-1.5341227054595947,-1.5341227054595947,base,1
814,1,0,0.8519528019683106,-1.022385597229004,-2.772385597229004,base,1
815,1,0,0.9924227596285723,-0.8344200849533081,-5.709420204162598,base,1
816,1,0,0.9859363713038174,-1.0069671869277954,-5.256967067718506,base,1
817,1,0,0.020332353342658753,-4.493871212005615,-0.6188712120056152,base,No
818,1,0,0.8807970779778823,-1.0559508800506592,-3.055950880050659,base,1
819,1,0,0.08509904500702024,-3.304994583129883,-0.9299945831298828,base,no
820,1,0,0.06008665017400762,-3.510232925415039,-0.7602329254150391,base,No
821,1,0,0.7772998611746911,-1.204028606414795,-2.454028606414795,base,1
822,1,0,0.9465966702001757,-1.1011276245117188,-3.9761276245117188,base,1
823,1,0,0.2689414213699951,-2.16469669342041,-1.1646966934204102,base,no
824,1,0,0.966914019704466,-0.9810052514076233,-4.3560051918029785,base,1
825,1,0,0.34864513533394575,-1.7731162309646606,-1.1481162309646606,base,No
826,1,0,0.7772998611746911,-1.2086513042449951,-2.458651304244995,base,1
827,1,0,0.01243164865786858,-4.931206226348877,-0.5562060475349426,base,No
828,1,0,0.1645164628965632,-2.6948392391204834,-1.0698392391204834,base,no
829,1,0,0.8354835371034369,-1.1040048599243164,-2.7290048599243164,base,1
830,1,0,0.1480472055495773,-2.6745593547821045,-0.9245594143867493,base,No
831,1,0,0.9947798755445195,-1.0587708950042725,-6.308771133422852,base,1
832,1,0,0.8670357598021706,-1.113149881362915,-2.988149881362915,base,1
833,1,0,0.9399133498259924,-1.0067200660705566,-3.7567200660705566,base,1
834,1,0,0.8519528170040853,-1.1459168195724487,-2.8959169387817383,base,1
835,1,0,0.0675466911396291,-3.3671395778656006,-0.7421395778656006,base,no
836,1,0,0.995929862284104,-1.0259394645690918,-6.525939464569092,base,1
837,1,0,0.24508499107646636,-2.0558114051818848,-0.9308112859725952,base,No
838,1,1,0.9465966641739773,-0.779671311378479,-3.6546711921691895,base,Yes
839,1,0,0.9669140216112958,-1.1402244567871094,-4.515224456787109,base,1
840,1,0,0.5926665999540697,-1.4517849683761597,-1.8267849683761597,base,1
841,1,0,0.9706877641608461,-0.9819943308830261,-4.481994152069092,base,1
842,1,0,0.005220126312597491,-5.941206932067871,-0.6912070512771606,base,No
843,1,0,0.09534947518185825,-3.0343170166015625,-0.784317135810852,base,no
844,1,1,0.5926665999540697,-1.221968412399292,-1.596968412399292,base,Yes
845,1,0,0.5312093733737563,-1.4341849088668823,-1.5591849088668823,base,1
846,1,0,0.9902915235185259,-1.1262054443359375,-5.7512054443359375,base,1
847,1,0,0.7310585551920353,-1.283474087715149,-2.2834739685058594,base,1
848,1,0,0.9669140216112958,-0.9577903747558594,-4.332790374755859,base,1
849,1,0,0.01590639544387138,-4.737505912780762,-0.6125061511993408,base,No
850,1,0,0.46879062662624377,-1.682267189025879,-1.557267189025879,base,1
851,1,0,0.053403329799824234,-3.6345510482788086,-0.7595510482788086,base,No
852,1,0,0.03308598220236406,-4.096317291259766,-0.7213174104690552,base,no
853,1,0,0.7310585786300049,-1.2443783283233643,-2.2443783283233643,base,1
854,1,0,0.9902915258107348,-1.0619370937347412,-5.68693733215332,base,1
855,1,0,0.9978172830353904,-1.1509387493133545,-7.275938510894775,base,1
856,1,0,0.03732688948593843,-4.018422603607178,-0.7684226632118225,base,No
857,1,0,0.9149009642742806,-0.9750231504440308,-3.3500232696533203,base,1
858,1,0,0.9465966702001757,-1.0766475200653076,-3.9516475200653076,base,1
859,1,0,0.8519527869325346,-1.0800977945327759,-2.8300976753234863,base,1
860,1,0,0.939913356558485,-0.9522536993026733,-3.702253818511963,base,1
861,1,1,0.7310585786300049,-0.8525636196136475,-1.8525636196136475,base,Yes
862,1,0,0.06008665354025422,-3.468674421310425,-0.7186744809150696,base,No
863,1,1,0.985936373783223,-0.7335118651390076,-4.983511924743652,base,Yes
864,1,0,0.8670357460591569,-1.1249619722366333,-2.9999618530273438,base,1
865,1,0,0.8354835207180245,-1.1860567331314087,-2.811056613922119,base,1
866,1,0,0.9820137900379085,-1.4559926986694336,-5.455992698669434,base,1
867,1,0,0.7772998818103892,-1.1624726057052612,-2.412472724914551,base,1
868,1,0,0.11920292202211755,-2.9177985191345215,-0.9177985191345215,base,No
869,1,0,0.0474258704848281,-3.727492570877075,-0.7274925112724304,base,no
870,1,0,0.6224593312018546,-1.269843339920044,-1.769843339920044,base,1
871,1,1,0.9046505453836383,-0.8264774084091187,-3.076477527618408,base,Yes
872,1,0,0.9940889307935117,-0.924077570438385,-6.04907751083374,base,1
873,1,0,0.01590639077880068,-4.771157741546631,-0.6461576819419861,base,no
874,1,0,0.10669059962643358,-3.0473384857177734,-0.9223385453224182,base,no
875,1,0,0.7310585786300049,-1.1581251621246338,-2.158125162124634,base,1
876,1,0,0.7549149648117217,-1.200560212135315,-2.3255600929260254,base,1
877,1,0,0.7310585551920353,-1.1524630784988403,-2.152462959289551,base,1
878,1,0,0.05340333582602272,-3.7380099296569824,-0.863010048866272,base,no
879,1,0,0.5,-1.5759375095367432,-1.5759375095367432,base,1
880,1,0,0.9740426397881662,-0.9644395112991333,-4.589439392089844,base,1
881,1,0,0.8175744761936437,-1.065108060836792,-2.565108060836792,base,1
882,1,0,0.9669140254249554,-0.928604006767273,-4.3036041259765625,base,1
883,1,0,0.4378234991142019,-1.531914472579956,-1.281914472579956,base,1
884,1,0,0.4073334000459302,-1.8690487146377563,-1.4940487146377563,base,1
885,1,0,0.02595736171885236,-4.252417087554932,-0.627417266368866,base,No
886,1,0,0.9465966702001757,-1.124983310699463,-3.999983310699463,base,1
887,1,0,0.4378234991142019,-1.6582190990447998,-1.4082190990447998,base,1
888,1,0,0.9626731126558706,-1.1420249938964844,-4.392024993896484,base,1
889,1,0,0.8519528019683106,-1.0811848640441895,-2.8311848640441895,base,1
890,1,0,0.34864513533394575,-1.8084774017333984,-1.1834774017333984,base,No
891,1,0,0.8519528019683106,-1.1263134479522705,-2.8763134479522705,base,1
892,1,0,0.731058602067973,-1.3635462522506714,-2.363546371459961,base,1
893,1,0,0.7310585786300049,-1.098036766052246,-2.098036766052246,base,1
894,1,0,0.06008665354025422,-3.5489208698272705,-0.7989209294319153,base,no
895,1,1,0.9924227596285723,-0.7516010999679565,-5.626601219177246,base,Yes
896,1,0,0.9902915235185259,-0.8360819816589355,-5.4610819816589355,base,1
897,1,0,0.13296424019782924,-2.8214409351348877,-0.9464409351348877,base,no
898,1,0,0.9890130573694068,-1.1118884086608887,-5.611888408660889,base,1
899,1,0,0.9149009549929797,-1.1009907722473145,-3.4759907722473145,base,1
900,1,0,0.06008665354025422,-3.429605484008789,-0.6796055436134338,base,No
901,1,0,0.9241418116217418,-0.9222513437271118,-3.4222512245178223,base,1
902,1,0,0.9959298627673272,-0.9996041059494019,-6.499604225158691,base,1
903,1,0,0.5621765008857981,-1.3447265625,-1.5947265625,base,1
904,1,0,0.9626731126558706,-1.1297383308410645,-4.3797383308410645,base,1
905,1,0,0.7057850278370112,-1.2305212020874023,-2.1055212020874023,base,1
906,1,0,0.8519528019683106,-1.0765738487243652,-2.8265738487243652,base,1
907,1,0,0.18242552380635632,-2.45054030418396,-0.95054030418396,base,no
908,1,0,0.9947798749254807,-0.9351376295089722,-6.185137748718262,base,1
909,1,0,0.9740426428022031,-1.072662353515625,-4.697662353515625,base,1
910,1,0,0.020332355717182622,-4.620683193206787,-0.7456833124160767,base,no
911,1,0,0.5312093733737563,-1.4022215604782104,-1.5272215604782104,base,1
912,1,0,0.01798621101487092,-4.781696796417236,-0.7816968560218811,base,no
913,1,0,0.8933093946927838,-1.1130915880203247,-3.238091468811035,base,1
914,1,0,0.982013788985129,-0.7911062836647034,-4.791106224060059,base,1
915,1,0,0.893309411735131,-0.9696373343467712,-3.094637393951416,base,1
916,1,0,0.8807970779778823,-0.937122106552124,-2.937122106552124,base,1
917,1,0,0.9940889297427778,-0.8628866672515869,-5.987886428833008,base,1
918,1,0,0.7772998611746911,-1.1406843662261963,-2.3906843662261963,base,1
919,1,0,0.9796676419082933,-0.9741823673248291,-4.84918212890625,base,1
920,1,0,0.2689414096510108,-1.9039924144744873,-0.9039923548698425,base,No
921,1,0,0.5312093733737563,-1.4272061586380005,-1.5522061586380005,base,1
922,1,0,0.5621765008857981,-1.4190707206726074,-1.6690707206726074,base,1
923,1,0,0.9149009642742806,-0.9482568502426147,-3.3232569694519043,base,1
924,1,0,0.07585818419975078,-3.1643893718719482,-0.664389431476593,base,No
925,1,1,0.9465966732132748,-0.7048797011375427,-3.5798797607421875,base,Yes
926,1,0,0.9859363696508799,-0.9420645236968994,-5.19206428527832,base,1
927,1,0,0.997817283814287,-1.0669993162155151,-7.191999435424805,base,1
928,1,0,0.24508499107646636,-2.179987907409668,-1.0549877882003784,base,no
929,1,0,0.04742587587030561,-3.7890446186065674,-0.7890446782112122,base,no
930,1,0,0.1329642333263228,-2.701669692993164,-0.8266696333885193,base,No
931,1,0,0.9982992775885648,-1.091231346130371,-7.466231346130371,base,1
932,1,0,0.46879062662624377,-1.6495254039764404,-1.5245254039764404,base,1
933,1,0,0.998967769209094,-1.0467970371246338,-7.921797275543213,base,1
934,1,0,0.9626731040886339,-1.1299102306365967,-4.379909992218018,base,1
935,1,0,0.16451644651115205,-2.69419002532959,-1.0691899061203003,base,no
936,1,0,0.46879062662624377,-1.5371042490005493,-1.4121042490005493,base,1
937,1,0,0.06754668738548215,-3.245675563812256,-0.6206755042076111,base,No
938,1,0,0.01243164865786858,-5.068759918212891,-0.6937597393989563,base,no
939,1,1,0.8933094060543487,-0.7766716480255127,-2.9016716480255127,base,Yes
940,1,1,0.8807970842359877,-0.7411186099052429,-2.7411186695098877,base,Yes
941,1,0,0.9324533088603709,-1.183349370956421,-3.808349370956421,base,1
942,1,0,0.8519528170040853,-1.0755738019943237,-2.8255739212036133,base,1
943,1,0,0.8807970779778823,-1.1227741241455078,-3.122774124145508,base,1
944,1,0,0.37754066879814546,-1.7229329347610474,-1.2229329347610474,base,no
945,1,0,0.996827317534528,-0.921859622001648,-6.6718597412109375,base,1
946,1,1,0.9902915252376826,-0.6585829854011536,-5.283583164215088,base,Yes
947,1,0,0.9875683520739038,-1.086486577987671,-5.46148681640625,base,1
948,1,0,0.9399133498259924,-0.9953422546386719,-3.745342254638672,base,1
949,1,0,0.22270013882530884,-2.265141487121582,-1.015141487121582,base,no
950,1,0,0.005911068505999277,-5.868917465209961,-0.7439174056053162,base,no
951,1,0,0.6224593312018546,-1.4342293739318848,-1.9342293739318848,base,1
952,1,0,0.6224593312018546,-1.311370849609375,-1.811370849609375,base,1
953,1,0,0.004609571358918011,-6.128347873687744,-0.7533476948738098,base,no
954,1,0,0.9399133498259924,-1.0190908908843994,-3.7690908908843994,base,1
955,1,0,0.8354835371034369,-1.3493387699127197,-2.9743387699127197,base,1
956,1,0,0.982013792143467,-1.0356143712997437,-5.035614490509033,base,1
957,1,0,0.9399133531922388,-0.9657918810844421,-3.715791940689087,base,1
958,1,0,0.09534947518185825,-3.226685047149658,-0.9766851663589478,base,no
959,1,0,0.9706877692486436,-0.8714632987976074,-4.371463298797607,base,1
960,1,0,0.5,-1.5144240856170654,-1.5144240856170654,base,1
961,1,0,0.07585818002124356,-3.3872876167297363,-0.8872876167297363,base,no
962,1,0,0.8175744761936437,-1.1606554985046387,-2.6606554985046387,base,1
963,1,0,0.731058602067973,-1.2215484380722046,-2.221548557281494,base,1
964,1,0,0.9953904272736549,-1.1778193712234497,-6.55281925201416,base,1
965,1,0,0.9626731040886339,-1.0364325046539307,-4.286432266235352,base,1
966,1,1,0.9933071502644802,-0.7006166577339172,-5.700616836547852,base,Yes
967,1,0,0.9890130560740511,-0.9931012392044067,-5.493101119995117,base,1
968,1,1,0.9241418241572634,-0.6526815295219421,-3.152681589126587,base,Yes
969,1,0,0.6224593312018546,-1.3201687335968018,-1.8201687335968018,base,1
970,1,0,0.9465966762263737,-1.1389654874801636,-4.013965606689453,base,1
971,1,0,0.29421497216298875,-2.079268217086792,-1.204268217086792,base,No
972,1,0,0.9525741322079105,-0.9239300489425659,-3.9239301681518555,base,1
973,1,0,0.9669140158908057,-0.8279559016227722,-4.202955722808838,base,1
974,1,0,0.8670357598021706,-1.0609986782073975,-2.9359986782073975,base,1
975,1,0,0.07585818419975078,-3.248847007751465,-0.7488470673561096,base,no
976,1,0,0.9924227591803558,-0.9371117949485779,-5.812111854553223,base,1
977,1,0,0.9465966702001757,-1.0144269466400146,-3.8894269466400146,base,1
978,1,0,0.9740426428022031,-0.9207792282104492,-4.545779228210449,base,1
979,1,0,0.9953904278206259,-1.0414643287658691,-6.416464328765869,base,1
980,1,0,0.18242550602671442,-2.3544411659240723,-0.8544410467147827,base,no
981,1,0,0.9840936082881853,-1.115553855895996,-5.240553855895996,base,1
982,1,0,0.8354835207180245,-1.1042858362197876,-2.729285717010498,base,1
983,1,0,0.9859363729567544,-1.1976933479309082,-5.447693347930908,base,1
984,1,0,0.9740426397881662,-0.907046914100647,-4.532046794891357,base,1
985,1,0,0.014063627043245474,-4.816592216491699,-0.5665922164916992,base,No
986,1,0,0.7549149868676283,-1.0479636192321777,-2.1729636192321777,base,1
987,1,0,0.9820137879323497,-0.9744616746902466,-4.974461555480957,base,1
988,1,0,0.04208773031866069,-3.940703868865967,-0.8157039284706116,base,no
989,1,0,0.4073334000459302,-1.7418495416641235,-1.3668495416641235,base,1
990,1,0,0.060086656906500974,-3.438542366027832,-0.6885424852371216,base,No
991,1,0,0.08509904964767095,-3.0612244606018066,-0.6862245202064514,base,No
992,1,0,0.18242553269617778,-2.414799451828003,-0.9147995114326477,base,No
993,1,0,0.9669140216112958,-1.094963550567627,-4.469963550567627,base,1
994,1,0,0.9525741268224334,-0.9986803531646729,-3.998680353164673,base,1
995,1,1,0.7981867873410141,-0.9485763907432556,-2.3235764503479004,base,Yes
996,1,0,0.8354835371034369,-1.0311765670776367,-2.6561765670776367,base,1
997,1,0,0.32082130082460697,-1.8971129655838013,-1.1471129655838013,base,no
998,1,0,0.9980732656805357,-0.9011572003364563,-7.151157379150391,base,1
999,1,0,0.34864513533394575,-1.8394250869750977,-1.2144250869750977,base,No
1000,1,0,0.08509904036636974,-3.015526056289673,-0.6405259966850281,base,No
1001,1,0,0.9840936082881853,-1.0081782341003418,-5.133178234100342,base,1
1002,1,0,0.9933071490757153,-1.1429429054260254,-6.142942905426025,base,1
1003,1,1,0.9840936064221572,-0.7344290018081665,-4.859428882598877,base,Yes
1004,1,0,0.9914225125587972,-0.877417802810669,-5.62741756439209,base,1
1005,1,0,0.020332353342658753,-4.648595809936523,-0.7735958099365234,base,No
1006,1,0,0.9859363762626283,-1.129441499710083,-5.379441738128662,base,1
1007,1,0,0.9706877760323724,-1.006603479385376,-4.506603717803955,base,1
1008,1,0,0.8354835371034369,-1.0050218105316162,-2.630021810531616,base,1
1009,1,1,0.9399133498259924,-0.8048553466796875,-3.5548553466796875,base,Yes
1010,1,0,0.9940889318442452,-0.949579119682312,-6.074579238891602,base,1
1011,1,0,0.7772998611746911,-1.2234516143798828,-2.473451614379883,base,1
1012,1,0,0.18242552380635632,-2.5806992053985596,-1.0806992053985596,base,no
1013,1,0,0.9241418199787566,-1.079310417175293,-3.579310417175293,base,1
1014,1,0,0.867035752930664,-0.987572968006134,-2.8625729084014893,base,1
1015,1,0,0.7310585551920353,-1.1131078004837036,-2.113107681274414,base,1
1016,1,1,0.5621765008857981,-1.303788423538208,-1.553788423538208,base,Yes
1017,1,0,0.34864513533394575,-1.8717204332351685,-1.2467204332351685,base,1
1018,1,0,0.07585817166422973,-3.4422831535339355,-0.942283034324646,base,no
1019,1,0,0.6224593312018546,-1.26813542842865,-1.76813542842865,base,1
1020,1,0,0.24508499107646636,-2.23207950592041,-1.1070793867111206,base,No
1021,1,0,0.9149009549929797,-1.1698863506317139,-3.544886350631714,base,1
1022,1,0,0.03308598410919419,-4.079296112060547,-0.7042962908744812,base,no
1023,1,0,0.9046505351008906,-1.0785741806030273,-3.3285741806030273,base,1
1024,1,0,0.991422514586288,-1.3195528984069824,-6.069552898406982,base,1
1025,1,0,0.5312093733737563,-1.5508837699890137,-1.6758837699890137,base,1
1026,1,0,0.9740426458162398,-1.121970534324646,-4.7469706535339355,base,1
1027,1,0,0.5926665999540697,-1.4057481288909912,-1.7807481288909912,base,1
1028,1,0,0.9840936082881853,-1.1148982048034668,-5.239898204803467,base,1
1029,1,0,0.4378234991142019,-1.4373356103897095,-1.1873356103897095,base,No
1030,1,0,0.04742587587030561,-3.818204641342163,-0.8182047009468079,base,No
1031,1,0,0.4378234991142019,-1.6432602405548096,-1.3932602405548096,base,1
1032,1,0,0.9924227605250054,-1.1430327892303467,-6.018033027648926,base,1
1033,1,0,0.0675466911396291,-3.4266891479492188,-0.8016891479492188,base,No
1034,1,0,0.060086646807761206,-3.640685558319092,-0.890685498714447,base,no
1035,1,0,0.06754668363133542,-3.2380824089050293,-0.6130822896957397,base,No
1036,1,0,0.9978172832950227,-1.0246549844741821,-7.149654865264893,base,1
1037,1,0,0.9241418116217418,-0.9520307779312134,-3.452030658721924,base,1
1038,1,0,0.9991959142559255,-1.055875539779663,-8.180875778198242,base,1
1039,1,0,0.7310585786300049,-1.147669792175293,-2.147669792175293,base,1
1040,1,0,0.9399133498259924,-0.9777050018310547,-3.7277050018310547,base,1
1041,1,0,0.01798620785653302,-4.705749034881592,-0.7057489156723022,base,no
1042,1,0,0.5,-1.5061616897583008,-1.5061616897583008,base,1
1043,1,0,0.9989677690861697,-0.8003777265548706,-7.67537784576416,base,1
1044,1,0,0.8354835371034369,-1.1399309635162354,-2.7649309635162354,base,1
1045,1,0,0.24508503518827837,-2.169593334197998,-1.0445934534072876,base,No
1046,1,0,0.37754066879814546,-1.8155431747436523,-1.3155431747436523,base,1
1047,1,0,0.9875683476832692,-0.8383594751358032,-5.213359355926514,base,1
1048,1,0,0.5621765008857981,-1.5923619270324707,-1.8423619270324707,base,1
1049,1,0,0.9940889318442452,-1.0697511434555054,-6.194751262664795,base,1
1050,1,0,0.46879062662624377,-1.7298415899276733,-1.6048415899276733,base,1
1051,1,0,0.996827317534528,-0.9987677335739136,-6.748767852783203,base,1
1052,1,0,0.34864513533394575,-1.9561991691589355,-1.3311991691589355,base,1
1053,1,0,0.9988304897349445,-0.9206371307373047,-7.670637130737305,base,1
1054,1,0,0.34864513533394575,-1.7579076290130615,-1.1329076290130615,base,no
1055,1,0,0.02033235096813516,-4.618852138519287,-0.7438520193099976,base,No
1056,1,0,0.01243164865786858,-5.11477518081665,-0.7397750020027161,base,No
1057,1,0,0.9770226300899744,-1.012941837310791,-4.762941837310791,base,1
1058,1,0,0.9924227587321393,-0.9060225486755371,-5.781022548675537,base,1
1059,1,0,0.11920292828022305,-2.921566963195801,-0.9215670228004456,base,No
1060,1,0,0.10669058826486906,-2.9715569019317627,-0.8465568423271179,base,No
1061,1,0,0.979667647844603,-0.9015054106712341,-4.776505470275879,base,1
1062,1,0,0.939913343093499,-1.0534931421279907,-3.803493022918701,base,1
1063,1,1,0.8933094060543487,-0.8841087818145752,-3.009108781814575,base,Yes
1064,1,0,0.22270013882530884,-2.2336676120758057,-0.9836676120758057,base,no
1065,1,0,0.9947798755445195,-1.356825590133667,-6.606825828552246,base,1
1066,1,0,0.060086646807761206,-3.4085662364959717,-0.6585661768913269,base,No
1067,1,0,0.4073334000459302,-1.6482293605804443,-1.2732293605804443,base,no
1068,1,0,0.03732688948593843,-3.878235340118408,-0.628235399723053,base,No
1069,1,0,0.9964063974185798,-0.9222660064697266,-6.547266006469727,base,1
1070,1,0,0.16451644651115205,-2.5811567306518555,-0.9561566114425659,base,No
1071,1,0,0.34864513533394575,-1.9753386974334717,-1.3503386974334717,base,1
1072,1,0,0.9669140139839756,-1.1018354892730713,-4.476835250854492,base,1
1073,1,0,0.9706877624649134,-1.2550017833709717,-4.755001544952393,base,1
1074,1,0,0.5312093733737563,-1.5240740776062012,-1.6490740776062012,base,1
1075,1,0,0.8670357598021706,-1.1256566047668457,-3.0006566047668457,base,1
1076,1,1,0.939913356558485,-0.738240122795105,-3.4882402420043945,base,Yes
1077,1,0,0.9796676490318648,-1.0910967588424683,-4.966096878051758,base,1
1078,1,0,0.5,-1.6351629495620728,-1.6351629495620728,base,1
1079,1,0,0.34864513533394575,-1.8398921489715576,-1.2148921489715576,base,No
1080,1,0,0.9525741268224334,-1.1365914344787598,-4.13659143447876,base,1
1081,1,0,0.9241418241572634,-0.9762832522392273,-3.476283311843872,base,1
1082,1,0,0.06754668738548215,-3.4461286067962646,-0.8211285471916199,base,No
1083,1,0,0.294214996917099,-2.083482265472412,-1.2084823846817017,base,no
1084,1,0,0.46879062662624377,-1.6657078266143799,-1.5407078266143799,base,1
1085,1,1,0.8933094060543487,-0.7962610721588135,-2.9212610721588135,base,Yes
1086,1,0,0.7981867969424066,-1.0841163396835327,-2.4591164588928223,base,1
1087,1,0,0.9324533163686646,-0.944872260093689,-3.5698723793029785,base,1
1088,1,0,0.02931223244728875,-4.2525529861450195,-0.7525530457496643,base,No
1089,1,0,0.02595735569077852,-4.384598731994629,-0.7595986723899841,base,no
1090,1,1,0.9947798736874026,-0.5893503427505493,-5.83935022354126,base,Yes
1091,1,0,0.8807970779778823,-1.1226921081542969,-3.122692108154297,base,1
1092,1,1,0.9241418158002492,-0.7299538254737854,-3.2299537658691406,base,Yes
1093,1,0,0.9626731083722525,-1.0969172716140747,-4.346917152404785,base,1
1094,1,0,0.9241418283357702,-0.9523690938949585,-3.452369213104248,base,1
1095,1,0,0.9740426397881662,-1.0953212976455688,-4.720321178436279,base,1
1096,1,0,0.012431650121413363,-5.034696102142334,-0.6596960425376892,base,no
1097,1,0,0.9740426488302759,-1.071995496749878,-4.696995735168457,base,1
1098,1,0,0.679178699175393,-1.165196180343628,-1.915196180343628,base,1
1099,1,0,0.9890130573694068,-0.9402170181274414,-5.440217018127441,base,1
1100,1,0,0.9241418199787566,-1.139061689376831,-3.639061689376831,base,1
1101,1,0,0.5621765008857981,-1.4834973812103271,-1.7334973812103271,base,1
1102,1,0,0.9997388097742888,-1.0771270990371704,-9.327127456665039,base,1
1103,1,0,0.9149009596336303,-0.9281782507896423,-3.303178310394287,base,1
1104,1,0,0.9980732653366725,-0.9208211898803711,-7.170821189880371,base,1
1105,1,0,0.9241418199787566,-1.0053725242614746,-3.5053725242614746,base,1
1106,1,0,0.9947798743064417,-1.1240720748901367,-6.374072074890137,base,1
1107,1,0,0.9669140216112958,-1.0201759338378906,-4.395175933837891,base,1
1108,1,0,0.8670357598021706,-0.9713034629821777,-2.8463034629821777,base,1
1109,1,0,0.9914225130656699,-0.9660670161247253,-5.716066837310791,base,1
1110,1,0,0.995929862284104,-1.2391877174377441,-6.739187717437744,base,1
1111,1,0,0.08509904964767095,-3.130816698074341,-0.7558167576789856,base,No
1112,1,0,0.7549149868676283,-1.1405580043792725,-2.2655580043792725,base,1
1113,1,0,0.22270013882530884,-2.249242067337036,-0.9992420673370361,base,no
1114,1,0,0.37754066879814546,-1.7942174673080444,-1.2942174673080444,base,1
1115,1,0,0.9706877726405082,-0.9675153493881226,-4.467515468597412,base,1
1116,1,0,0.9914225156000332,-0.8538311719894409,-5.6038312911987305,base,1
1117,1,0,0.9399133498259924,-1.0049304962158203,-3.7549304962158203,base,1
1118,1,0,0.9840936101542134,-0.9718426465988159,-5.0968427658081055,base,1
1119,1,0,0.32082130082460697,-1.9508814811706543,-1.2008814811706543,base,1
1120,1,0,0.991422514586288,-1.1551704406738281,-5.905170440673828,base,1
1121,1,0,0.9968273173460214,-0.9468116164207458,-6.696811676025391,base,1
1122,1,0,0.9324533163686646,-0.9698313474655151,-3.5948314666748047,base,1
1123,1,0,0.9465966702001757,-1.0509140491485596,-3.9259140491485596,base,1
1124,1,0,0.7057850278370112,-1.1590855121612549,-2.034085512161255,base,1
1125,1,0,0.7981867777396212,-1.031780481338501,-2.406780481338501,base,1
1126,1,0,0.1645164628965632,-2.505389928817749,-0.880389928817749,base,No
1127,1,0,0.20181320305759334,-2.3980255126953125,-1.023025393486023,base,No
1128,1,0,0.9046505453836383,-1.179716944694519,-3.4297170639038086,base,1
1129,1,0,0.9241418199787566,-1.031346321105957,-3.531346321105957,base,1
1130,1,0,0.0675466911396291,-3.506925344467163,-0.8819253444671631,base,no
1131,1,0,0.03732688948593843,-3.9466488361358643,-0.696648895740509,base,No
1132,1,0,0.24508503518827837,-2.300523281097412,-1.1755234003067017,base,No
1133,1,0,0.9626731126558706,-1.0386686325073242,-4.288668632507324,base,1
1134,1,0,0.7549149868676283,-1.1907365322113037,-2.3157365322113037,base,1
1135,1,0,0.29421497216298875,-2.009552240371704,-1.134552240371704,base,No
1136,1,0,0.05340332377362639,-3.433216094970703,-0.5582159757614136,base,no
1137,1,0,0.8807970779778823,-1.208045244216919,-3.208045244216919,base,1
1138,1,0,0.835483553488848,-1.1320174932479858,-2.7570176124572754,base,1
1139,1,0,0.9465966671870767,-0.9129584431648254,-3.7879583835601807,base,1
1140,1,0,0.9740426458162398,-0.9947084188461304,-4.61970853805542,base,1
1141,1,0,0.9046505248181417,-0.9922434091567993,-3.2422432899475098,base,1
1142,1,0,0.37754066879814546,-1.8583601713180542,-1.3583601713180542,base,1
1143,1,0,0.5621765008857981,-1.339842677116394,-1.589842677116394,base,1
1144,1,1,0.9579122720843811,-0.677119255065918,-3.802119255065918,base,Yes
1145,1,0,0.5621765008857981,-1.5333099365234375,-1.7833099365234375,base,1
1146,1,0,0.9840936082881853,-1.0353503227233887,-5.160350322723389,base,1
1147,1,0,0.679178699175393,-1.1773110628128052,-1.9273110628128052,base,1
1148,1,0,0.9959298632505507,-1.0797584056854248,-6.579758644104004,base,1
1149,1,0,0.989013056721729,-0.8219075798988342,-5.3219075202941895,base,1
1150,1,0,0.46879062662624377,-1.6315759420394897,-1.5065759420394897,base,1
1151,1,0,0.4378234991142019,-1.6921002864837646,-1.4421002864837646,base,1
1152,1,0,0.966914017797636,-0.9119998216629028,-4.286999702453613,base,1
1153,1,0,0.8807970779778823,-1.0076043605804443,-3.0076043605804443,base,1
1154,1,0,0.020332353342658753,-4.41475248336792,-0.5397524833679199,base,No
1155,1,0,0.9940889325447342,-1.108696699142456,-6.233696937561035,base,1
1156,1,0,0.7772998611746911,-1.1394197940826416,-2.3894197940826416,base,1
1157,1,0,0.9968273169690082,-0.8729720711708069,-6.622972011566162,base,1
1158,1,0,0.0675466911396291,-3.4374208450317383,-0.8124208450317383,base,No
1159,1,0,0.880797071719777,-0.993591845035553,-2.993591785430908,base,1
1160,1,0,0.6224593312018546,-1.3310538530349731,-1.8310538530349731,base,1
1161,1,0,0.9770226327661524,-1.0392745733261108,-4.7892746925354,base,1
1162,1,0,0.9706877658567789,-1.0853930711746216,-4.585392951965332,base,1
1163,1,0,0.6224593312018546,-1.4832857847213745,-1.9832857847213745,base,1
1164,1,0,0.8175744761936437,-1.2641754150390625,-2.7641754150390625,base,1
1165,1,0,0.04742587587030561,-3.7695422172546387,-0.7695422768592834,base,No
1166,1,0,0.6513548646660542,-1.1580928564071655,-1.7830928564071655,base,1
1167,1,0,0.9324533163686646,-1.0121177434921265,-3.637117862701416,base,1
1168,1,1,0.9796676466573412,-0.745150089263916,-4.620150089263916,base,Yes
1169,1,0,0.9940889304432671,-0.9644938707351685,-6.089493751525879,base,1
1170,1,0,0.9465966702001757,-1.1466436386108398,-4.02164363861084,base,1
1171,1,0,0.9324533051062237,-0.9336381554603577,-3.558638095855713,base,1
1172,1,0,0.04742587856304458,-3.8268728256225586,-0.8268729448318481,base,no
1173,1,0,0.24508503518827837,-2.028670310974121,-0.9036704301834106,base,No
1174,1,0,0.014063623737371644,-4.863378524780273,-0.6133782863616943,base,No
1175,1,0,0.9626731040886339,-1.0500376224517822,-4.300037384033203,base,1
1176,1,0,0.8807970779778823,-1.1225323677062988,-3.122532367706299,base,1
1177,1,0,0.0024726230831270705,-6.416965484619141,-0.41696545481681824,base,no
1178,1,0,0.6224593312018546,-1.3111909627914429,-1.8111909627914429,base,1
1179,1,0,0.9241418158002492,-0.9625898003578186,-3.462589740753174,base,1
1180,1,0,0.9975273766963499,-0.9332142472267151,-6.93321418762207,base,1
1181,1,0,0.07585818837825822,-3.3527626991271973,-0.8527628183364868,base,No
1182,1,0,0.966914017797636,-0.8260904550552368,-4.201090335845947,base,1
1183,1,0,0.851952809486198,-0.9436027407646179,-2.6936028003692627,base,1
1184,1,0,0.053403329799824234,-3.716949701309204,-0.8419497013092041,base,No
1185,1,0,0.5,-1.6139308214187622,-1.6139308214187622,base,1
1186,1,0,0.7310585786300049,-1.2507109642028809,-2.250710964202881,base,1
1187,1,0,0.9324533088603709,-0.9693467617034912,-3.594346761703491,base,1
1188,1,0,0.32082130082460697,-1.955337643623352,-1.205337643623352,base,no
1189,1,0,0.679178699175393,-1.2318227291107178,-1.9818227291107178,base,1
1190,1,0,0.014063627869714051,-4.79757022857666,-0.5475702881813049,base,No
1191,1,0,0.6224593312018546,-1.3754091262817383,-1.8754091262817383,base,1
1192,1,0,0.10669060530721626,-3.0695648193359375,-0.944564938545227,base,no
1193,1,0,0.7772998611746911,-1.337815761566162,-2.587815761566162,base,1
1194,1,0,0.9975273768433653,-1.0110321044921875,-7.0110321044921875,base,1
1195,1,0,0.2689414213699951,-2.130096435546875,-1.130096435546875,base,No
1196,1,0,0.952574129515172,-0.9264087080955505,-3.9264087677001953,base,1
1197,1,0,0.1480472055495773,-2.602971315383911,-0.8529713749885559,base,No
1198,1,0,0.9940889297427778,-0.9360325336456299,-6.061032295227051,base,1
1199,1,0,0.6224593312018546,-1.34027099609375,-1.84027099609375,base,1
1200,1,0,0.04742587587030561,-3.6501641273498535,-0.6501641869544983,base,No
1201,1,0,0.7549149868676283,-1.129316806793213,-2.254316806793213,base,1
1202,1,0,0.24508501313237172,-2.238619804382324,-1.1136198043823242,base,no
1203,1,0,0.29421497216298875,-1.952897548675537,-1.077897548675537,base,No
1204,1,0,0.9399133498259924,-0.9382274150848389,-3.688227415084839,base,1
1205,1,0,0.8519528019683106,-1.1022202968597412,-2.852220296859741,base,1
1206,1,0,0.9465966641739773,-1.2198020219802856,-4.094801902770996,base,1
1207,1,0,0.0953494648991095,-2.917546510696411,-0.6675465106964111,base,No
1208,1,0,0.015906394510857135,-4.8744587898254395,-0.7494589686393738,base,no
1209,1,0,0.731058602067973,-1.0888360738754272,-2.088836193084717,base,1
1210,1,0,0.9978172831652067,-0.7892686724662781,-6.914268493652344,base,1
1211,1,0,0.9046505453836383,-0.9282187223434448,-3.1782188415527344,base,1
1212,1,0,0.1066905825840872,-2.9178876876831055,-0.7928875684738159,base,no
1213,1,0,0.24508501313237172,-2.214160442352295,-1.089160442352295,base,no
1214,1,0,0.9971990723669563,-1.237797498703003,-7.112797260284424,base,1
1215,1,0,0.7772998405389918,-1.0556069612503052,-2.3056068420410156,base,1
1216,1,0,0.005220126622117065,-5.746591567993164,-0.4965917468070984,base,no
1217,1,1,0.9465966702001757,-0.8252770900726318,-3.700277090072632,base,Yes
1218,1,0,0.9796676466573412,-0.9341616630554199,-4.80916166305542,base,1
1219,1,0,0.9980732653366725,-1.067277431488037,-7.317277431488037,base,1
1220,1,0,0.46879062662624377,-1.627047061920166,-1.502047061920166,base,1
1221,1,0,0.10669059962643358,-2.9760630130767822,-0.851063072681427,base,No
1222,1,0,0.9890130573694068,-1.2309179306030273,-5.730917930603027,base,1
1223,1,0,0.9241418199787566,-1.183779239654541,-3.683779239654541,base,1
1224,1,0,0.982013792143467,-0.9731792211532593,-4.973179340362549,base,1
1225,1,0,0.015906392644828796,-4.748533248901367,-0.623533308506012,base,No
1226,1,0,0.7772998611746911,-1.2801916599273682,-2.530191659927368,base,1
1227,1,0,0.9796676454700793,-0.9902897477149963,-4.865289688110352,base,1
1228,1,0,0.9992903293895513,-0.9201453328132629,-8.170145034790039,base,1
1229,1,0,0.7549149868676283,-1.344144344329834,-2.469144344329834,base,1
1230,1,0,0.029312223967627556,-4.122941017150879,-0.6229407787322998,base,No
1231,1,0,0.2942149474088797,-2.0537362098693848,-1.1787360906600952,base,No
1232,1,0,0.008577486427457372,-5.410528182983398,-0.660528302192688,base,no
1233,1,0,0.7057850278370112,-1.1315782070159912,-2.006578207015991,base,1
1234,1,0,0.7310585786300049,-1.201087474822998,-2.201087474822998,base,1
1235,1,0,0.37754066879814546,-1.784916877746582,-1.284916877746582,base,no
1236,1,0,0.8807970779778823,-0.9931714534759521,-2.993171453475952,base,1
1237,1,0,0.9796676466573412,-1.0515060424804688,-4.926506042480469,base,1
1238,1,0,0.10669059962643358,-2.932492733001709,-0.8074927926063538,base,No
1239,1,0,0.9975273768433653,-0.9465632438659668,-6.946563243865967,base,1
1240,1,0,0.9964063982722826,-1.1230137348175049,-6.748013973236084,base,1
1241,1,0,0.9796676442828175,-0.9742838144302368,-4.849283695220947,base,1
1242,1,0,0.29421497216298875,-2.0676302909851074,-1.1926302909851074,base,1
1243,1,0,0.10669059394565118,-3.0609304904937744,-0.9359304904937744,base,no
1244,1,0,0.679178699175393,-1.2740941047668457,-2.0240941047668457,base,1
1245,1,0,0.9820137900379085,-1.0908870697021484,-5.090887069702148,base,1
1246,1,0,0.9914225140794153,-0.982542097568512,-5.732542037963867,base,1
1247,1,0,0.835483553488848,-1.0972431898117065,-2.722243309020996,base,1
1248,1,0,0.5926665999540697,-1.4627103805541992,-1.8377103805541992,base,1
1249,1,0,0.294214996917099,-2.1167426109313965,-1.241742730140686,base,1
1250,1,0,0.6513548646660542,-1.2918856143951416,-1.9168856143951416,base,1
1251,1,0,0.9968273173460214,-0.9786152243614197,-6.7286152839660645,base,1
1252,1,0,0.9399133498259924,-1.0796456336975098,-3.8296456336975098,base,1
1253,1,1,0.8933094060543487,-0.6756801605224609,-2.800680160522461,base,Yes
1254,1,0,0.11920292828022305,-2.803267002105713,-0.8032670617103577,base,No
1255,1,0,0.9626731169394882,-0.9174717664718628,-4.167471885681152,base,1
1256,1,0,0.9859363696508799,-0.9708073139190674,-5.220807075500488,base,1
1257,1,1,0.9399133464597458,-0.7891753315925598,-3.539175271987915,base,Yes
1258,1,0,0.32082130082460697,-2.096630096435547,-1.3466300964355469,base,1
1259,1,0,0.9947798749254807,-0.9215835332870483,-6.171583652496338,base,1
1260,1,0,0.009708475908421797,-5.294003009796143,-0.6690029501914978,base,No
1261,1,0,0.7981867777396212,-1.163280963897705,-2.538280963897705,base,1
1262,1,0,0.320821326799715,-2.0179882049560547,-1.2679883241653442,base,no
1263,1,0,0.9740426367741291,-1.0280444622039795,-4.6530442237854,base,1
1264,1,0,0.03308597648187432,-4.108413219451904,-0.7334131598472595,base,No
1265,1,1,0.9706877675527112,-0.7721524834632874,-4.272152423858643,base,Yes
1266,1,0,0.015906394510857135,-4.808926105499268,-0.6839262843132019,base,No
1267,1,0,0.2689414213699951,-2.229840040206909,-1.2298400402069092,base,no
1268,1,0,0.033085986016024416,-4.0038299560546875,-0.6288301944732666,base,no
1269,1,0,0.0675466911396291,-3.5206618309020996,-0.8956618309020996,base,no
1270,1,0,0.005220126622117065,-5.89449405670166,-0.6444942355155945,base,no
1271,1,0,0.1480471980316895,-2.717298746109009,-0.9672987461090088,base,no
1272,1,0,0.29421497216298875,-2.0132243633270264,-1.1382243633270264,base,No
1273,1,0,0.1645164792819756,-2.664806365966797,-1.0398064851760864,base,no
1274,1,0,0.7310585786300049,-1.239349365234375,-2.239349365234375,base,1
1275,1,0,0.4073334000459302,-1.716409683227539,-1.341409683227539,base,1
1276,1,0,0.20181320305759334,-2.2595481872558594,-0.8845480680465698,base,no
1277,1,0,0.679178673200285,-1.3026200532913208,-2.0526199340820312,base,1
1278,1,0,0.9241418199787566,-1.0053298473358154,-3.5053298473358154,base,1
1279,1,0,0.966914017797636,-1.0324307680130005,-4.407430648803711,base,1
1280,1,0,0.6224593312018546,-1.4679791927337646,-1.9679791927337646,base,1
1281,1,0,0.977022627413796,-0.8754898309707642,-4.625489711761475,base,1
1282,1,0,0.8519528170040853,-1.2051714658737183,-2.955171585083008,base,1
1283,1,0,0.9978172835546547,-0.8862338066101074,-7.011233806610107,base,1
1284,1,0,0.9890130573694068,-1.017280101776123,-5.517280101776123,base,1
1285,1,0,0.9953904289145673,-1.068763017654419,-6.443763256072998,base,1
1286,1,0,0.9988304897349445,-1.0559992790222168,-7.805999279022217,base,1
1287,1,0,0.9975273765493344,-0.9335304498672485,-6.933530330657959,base,1
1288,1,0,0.9740426428022031,-0.9922537803649902,-4.61725378036499,base,1
1289,1,0,0.1480471980316895,-2.7141780853271484,-0.9641780853271484,base,No
1290,1,0,0.7057850278370112,-1.17279052734375,-2.04779052734375,base,1
1291,1,0,0.9399133498259924,-0.9326460361480713,-3.6826460361480713,base,1
1292,1,0,0.5312093733737563,-1.4999288320541382,-1.6249288320541382,base,1
1293,1,0,0.9947798730683632,-1.0940964221954346,-6.3440961837768555,base,1
1294,1,0,0.679178699175393,-1.424314260482788,-2.174314260482788,base,1
1295,1,0,0.13296425394084313,-2.8740906715393066,-0.9990907907485962,base,no
1296,1,0,0.9740426473232578,-0.8790186047554016,-4.504018783569336,base,1
1297,1,0,0.8354835371034369,-1.102952241897583,-2.727952241897583,base,1
1298,1,0,0.8175744850834649,-0.9679188132286072,-2.467918872833252,base,1
1299,1,0,0.8933094060543487,-1.1134979724884033,-3.2384979724884033,base,1
1300,1,0,0.32082130082460697,-1.8751455545425415,-1.1251455545425415,base,No
1301,1,0,0.8354835371034369,-1.0917565822601318,-2.716756582260132,base,1
1302,1,0,0.0293122256635596,-4.281070232391357,-0.7810700535774231,base,No
1303,1,1,0.9626731126558706,-0.7196259498596191,-3.969625949859619,base,Yes
1304,1,0,0.9820137942490252,-0.958763837814331,-4.95876407623291,base,1
1305,1,0,0.18242552380635632,-2.430431842803955,-0.9304318428039551,base,No
1306,1,0,0.9525741375933872,-1.0706031322479248,-4.070603370666504,base,1
1307,1,0,0.042087723109535534,-3.9629015922546387,-0.8379014730453491,base,no
1308,1,0,0.9626731169394882,-1.1296194791793823,-4.379619598388672,base,1
1309,1,0,0.06754668738548215,-3.440727710723877,-0.8157276511192322,base,no
1310,1,0,0.8175744939732856,-1.062571406364441,-2.5625715255737305,base,1
1311,1,0,0.9902915246646304,-0.9270685911178589,-5.552068710327148,base,1
1312,1,0,0.0850990357257195,-3.0867133140563965,-0.7117131948471069,base,no
1313,1,0,0.1480471980316895,-2.7687997817993164,-1.0187997817993164,base,No
1314,1,0,0.9149009549929797,-1.0969128608703613,-3.4719128608703613,base,1
1315,1,0,0.9964063974185798,-1.0577540397644043,-6.682754039764404,base,1
1316,1,0,0.9933071490757153,-1.081559181213379,-6.081559181213379,base,1
1317,1,0,0.8670357735451834,-1.207985281944275,-3.0829854011535645,base,1
1318,1,0,0.06754668738548215,-3.4123315811157227,-0.7873315215110779,base,no
1319,1,0,0.004609571358918011,-5.781050682067871,-0.40605050325393677,base,no
1320,1,0,0.37754066879814546,-1.7667217254638672,-1.2667217254638672,base,1
1321,1,0,0.8354835371034369,-1.1257541179656982,-2.7507541179656982,base,1
1322,1,0,0.939913356558485,-0.8515948057174683,-3.601594924926758,base,1
1323,1,0,0.9706877624649134,-1.0146152973175049,-4.514615058898926,base,1
1324,1,0,0.4073334000459302,-1.5848474502563477,-1.2098474502563477,base,No
1325,1,0,0.2942149474088797,-2.0596060752868652,-1.1846059560775757,base,no
1326,1,0,0.07585818419975078,-3.2748875617980957,-0.7748876214027405,base,No
1327,1,0,0.32082130082460697,-1.957141637802124,-1.207141637802124,base,no
1328,1,0,0.9840936064221572,-1.0353409051895142,-5.160340785980225,base,1
1329,1,0,0.9465966671870767,-0.9870224595069885,-3.8620223999023438,base,1
1330,1,0,0.7310585551920353,-1.2064987421035767,-2.206498622894287,base,1
1331,1,0,0.9525741268224334,-1.138598918914795,-4.138598918914795,base,1
1332,1,0,0.060086656906500974,-3.574990749359131,-0.8249908685684204,base,No
1333,1,0,0.8175744939732856,-1.04885995388031,-2.5488600730895996,base,1
1334,1,0,0.9241418283357702,-1.0345553159713745,-3.534555435180664,base,1
1335,1,0,0.7549149868676283,-1.1540496349334717,-2.2790496349334717,base,1
1336,1,0,0.9933071494719701,-0.9136728644371033,-5.913672924041748,base,1
1337,1,0,0.5312093733737563,-1.398283839225769,-1.523283839225769,base,1
1338,1,0,0.9980732655659147,-0.7785142660140991,-7.028514385223389,base,1
1339,1,0,0.46879062662624377,-1.4360569715499878,-1.3110569715499878,base,No
1340,1,0,0.1066905825840872,-3.019287109375,-0.8942869901657104,base,No
1341,1,0,0.1329642264548166,-2.616001605987549,-0.7410014867782593,base,no
1342,1,0,0.8175744584140004,-1.0249601602554321,-2.5249600410461426,base,1
1343,1,0,0.6224593312018546,-1.438679575920105,-1.938679575920105,base,1
1344,1,0,0.995929863008939,-0.9203055500984192,-6.4203057289123535,base,1
1345,1,0,0.4073334000459302,-1.482730507850647,-1.107730507850647,base,No
1346,1,0,0.09534947518185825,-2.951965808868408,-0.7019659280776978,base,No
1347,1,0,0.6513548646660542,-1.1977550983428955,-1.8227550983428955,base,1
1348,1,0,0.7772998611746911,-1.0693957805633545,-2.3193957805633545,base,1
1349,1,0,0.7310585551920353,-1.2530566453933716,-2.253056526184082,base,1
1350,1,0,0.9465966702001757,-1.0764803886413574,-3.9514803886413574,base,1
1351,1,1,0.7310585786300049,-1.0139679908752441,-2.013967990875244,base,Yes
1352,1,0,0.8175744761936437,-1.1715521812438965,-2.6715521812438965,base,1
1353,1,0,0.1329642333263228,-2.701002836227417,-0.8260027766227722,base,No
1354,1,0,0.9964063978454312,-1.192355990409851,-6.817356109619141,base,1
1355,1,0,0.1329642333263228,-2.691443920135498,-0.8164438605308533,base,no
1356,1,0,0.014063625390308462,-4.8588666915893555,-0.6088665723800659,base,no
1357,1,0,0.5926665999540697,-1.5117549896240234,-1.8867549896240234,base,1
1358,1,0,0.9971990735323208,-0.9075482487678528,-6.782548427581787,base,1
1359,1,0,0.03308598220236406,-4.0240983963012695,-0.6490985155105591,base,No
1360,1,0,0.5926665999540697,-1.318748116493225,-1.693748116493225,base,1
1361,1,0,0.9820137868795701,-0.8434941172599792,-4.843493938446045,base,1
1362,1,0,0.017986212067650338,-4.802745342254639,-0.8027454614639282,base,no
1363,1,0,0.6513548646660542,-1.3408474922180176,-1.9658474922180176,base,1
1364,1,1,0.9241418116217418,-0.8764749765396118,-3.3764748573303223,base,Yes
1365,1,1,0.9995121429062822,-0.5776070952415466,-8.202607154846191,base,Yes
1366,1,0,0.998498817743263,-1.0564656257629395,-7.5564656257629395,base,1
1367,1,0,0.679178699175393,-1.2118728160858154,-1.9618728160858154,base,1
1368,1,0,0.1645164792819756,-2.574911117553711,-0.9499112367630005,base,no
1369,1,0,0.18242552380635632,-2.449314832687378,-0.9493148326873779,base,no
1370,1,0,0.9924227569392726,-0.9369652271270752,-5.811964988708496,base,1
1371,1,0,0.9740426382811477,-0.9510647654533386,-4.576064586639404,base,1
1372,1,0,0.914900945711678,-1.0415889024734497,-3.41658878326416,base,1
1373,1,0,0.8519528019683106,-1.187382698059082,-2.937382698059082,base,1
1374,1,0,0.9997388096809043,-1.037938117980957,-9.287938117980957,base,1
1375,1,0,0.32082130082460697,-1.8572206497192383,-1.1072206497192383,base,No
1376,1,0,0.37754066879814546,-1.8903546333312988,-1.3903546333312988,base,1
1377,1,0,0.7772998405389918,-1.1022578477859497,-2.35225772857666,base,1
1378,1,0,0.0031726835965119127,-6.285280227661133,-0.5352804660797119,base,no
1379,1,0,0.9840936082881853,-1.1991362571716309,-5.324136257171631,base,1
1380,1,1,0.5621765008857981,-1.308194875717163,-1.558194875717163,base,Yes
1381,1,0,0.11920292828022305,-2.7897212505340576,-0.7897213101387024,base,no
1382,1,0,0.06754669489377622,-3.3818492889404297,-0.7568493485450745,base,no
1383,1,0,0.294214996917099,-2.0367274284362793,-1.1617275476455688,base,no
1384,1,0,0.9399133498259924,-0.979865550994873,-3.729865550994873,base,1
1385,1,0,0.835483553488848,-1.039244532585144,-2.6642446517944336,base,1
1386,1,0,0.7772998611746911,-1.1943442821502686,-2.4443442821502686,base,1
1387,1,0,0.5312093733737563,-1.3984311819076538,-1.5234311819076538,base,1
1388,1,0,0.24508499107646636,-2.1946754455566406,-1.069675326347351,base,No
1389,1,0,0.01590639544387138,-4.9272966384887695,-0.8022968769073486,base,no
1390,1,0,0.5926665999540697,-1.2964820861816406,-1.6714820861816406,base,1
1391,1,0,0.18242553269617778,-2.4301822185516357,-0.9301822781562805,base,no
1392,1,0,0.24508501313237172,-2.3261001110076904,-1.2011001110076904,base,1
1393,1,0,0.9465966822525709,-1.3398463726043701,-4.214846611022949,base,1
1394,1,0,0.09534947004048376,-3.072070360183716,-0.8220704197883606,base,No
1395,1,0,0.9953904272736549,-0.8031378984451294,-6.17813777923584,base,1
1396,1,0,0.9859363746096915,-1.0044153928756714,-5.254415512084961,base,1
1397,1,0,0.9840936082881853,-1.2715959548950195,-5.3965959548950195,base,1
1398,1,0,0.26894139793202687,-2.097343921661377,-1.0973438024520874,base,No
1399,1,0,0.9940889297427778,-1.042823076248169,-6.16782283782959,base,1
1400,1,0,0.9914225150931606,-0.9510192275047302,-5.701019287109375,base,1
1401,1,0,0.8175744761936437,-1.1188750267028809,-2.618875026702881,base,1
1402,1,0,0.24508501313237172,-2.2659552097320557,-1.1409552097320557,base,No
1403,1,0,0.9959298613176569,-1.080113172531128,-6.580112934112549,base,1
1404,1,0,0.06008665017400762,-3.615457534790039,-0.8654575347900391,base,no
1405,1,0,0.9890130573694068,-1.0976181030273438,-5.597618103027344,base,1
1406,1,0,0.9859363696508799,-1.214264154434204,-5.464263916015625,base,1
1407,1,0,0.5621765008857981,-1.43454909324646,-1.68454909324646,base,1
1408,1,0,0.6224593312018546,-1.4240366220474243,-1.9240366220474243,base,1
1409,1,0,0.03308597457504463,-4.131676197052002,-0.7566760778427124,base,no
1410,1,0,0.04208773031866069,-3.786417007446289,-0.6614170670509338,base,No
1411,1,0,0.2689414213699951,-2.080324649810791,-1.080324649810791,base,no
1412,1,0,0.06008665354025422,-3.544346332550049,-0.7943463921546936,base,No
1413,1,0,0.06754668363133542,-3.3650522232055664,-0.7400521039962769,base,No
1414,1,0,0.9947798730683632,-1.069195032119751,-6.319194793701172,base,1
1415,1,0,0.22270013882530884,-2.2027275562286377,-0.9527275562286377,base,No
1416,1,0,0.5621765008857981,-1.4957014322280884,-1.7457014322280884,base,1
1417,1,0,0.09534945461636171,-3.075000762939453,-0.8250006437301636,base,no
1418,1,0,0.6224593312018546,-1.289518117904663,-1.789518117904663,base,1
1419,1,0,0.4378234991142019,-1.8296458721160889,-1.5796458721160889,base,1
1420,1,0,0.9982992777909617,-0.9457792043685913,-7.320779323577881,base,1
1421,1,0,0.6513548646660542,-1.3554655313491821,-1.9804655313491821,base,1
1422,1,1,0.9859363713038174,-0.7583032846450806,-5.008303165435791,base,Yes
1423,1,0,0.7981867777396212,-1.1423335075378418,-2.517333507537842,base,1
1424,1,0,0.008577484653403024,-5.236665725708008,-0.48666563630104065,base,no
1425,1,0,0.13296424019782924,-2.902799606323242,-1.0277996063232422,base,no
1426,1,0,0.9626731126558706,-1.064751148223877,-4.314751148223877,base,1
1427,1,0,0.9149009642742806,-0.8900517225265503,-3.26505184173584,base,1
1428,1,0,0.9890130599601177,-0.9271895885467529,-5.427189826965332,base,1
1429,1,1,0.9465966641739773,-0.7789736986160278,-3.6539735794067383,base,Yes
1430,1,0,0.02595736021183377,-4.401100158691406,-0.7761002779006958,base,no
1431,1,0,0.679178699175393,-1.161975383758545,-1.911975383758545,base,1
1432,1,0,0.6224593312018546,-1.330685019493103,-1.830685019493103,base,1
1433,1,0,0.006692851716795015,-5.600425720214844,-0.6004258394241333,base,No
1434,1,0,0.05340333582602272,-3.4867310523986816,-0.6117311716079712,base,no
1435,1,0,0.9324533013520764,-1.0568801164627075,-3.681879997253418,base,1
1436,1,0,0.006692851320539924,-5.7263712882995605,-0.7263713479042053,base,No
1437,1,0,0.9933071490757153,-0.8896899223327637,-5.889689922332764,base,1
1438,1,0,0.06008665017400762,-3.5113208293914795,-0.7613208293914795,base,No
1439,1,0,0.1824255415859996,-2.574333667755127,-1.0743337869644165,base,no
1440,1,0,0.004609571358918011,-5.963381767272949,-0.5883815884590149,base,no
1441,1,0,0.11920291576401235,-2.8945820331573486,-0.8945819735527039,base,No
1442,1,0,0.1645164628965632,-2.6236727237701416,-0.9986727237701416,base,no
1443,1,0,0.005911068155754778,-5.709529399871826,-0.5845292806625366,base,no
1444,1,0,0.9706877692486436,-1.123563289642334,-4.623563289642334,base,1
1445,1,0,0.20181323186177208,-2.172311544418335,-0.7973116040229797,base,No
1446,1,0,0.06008665017400762,-3.4316210746765137,-0.6816210746765137,base,no
1447,1,0,0.9046505351008906,-1.1084129810333252,-3.358412981033325,base,1
1448,1,0,0.4073334000459302,-1.5248483419418335,-1.1498483419418335,base,No
1449,1,0,0.9579122768904644,-1.0554536581039429,-4.180453777313232,base,1
1450,1,0,0.1645164628965632,-2.55491042137146,-0.92991042137146,base,no
1451,1,0,0.939913356558485,-1.0676015615463257,-3.8176016807556152,base,1
1452,1,0,0.8175744761936437,-1.0775957107543945,-2.5775957107543945,base,1
1453,1,0,0.1329642264548166,-2.8044886589050293,-0.9294885396957397,base,no
1454,1,0,0.008577486934330109,-5.310884952545166,-0.5608851313591003,base,no
1455,1,0,0.9902915223724212,-0.9392663240432739,-5.564266204833984,base,1
1456,1,0,0.9989677688403206,-0.7776728868484497,-7.65267276763916,base,1
1457,1,0,0.9890130573694068,-1.1567611694335938,-5.656761169433594,base,1
1458,1,1,0.5621765008857981,-1.2195000648498535,-1.4695000648498535,base,Yes
1459,1,0,0.9525741268224334,-0.8552730083465576,-3.8552730083465576,base,1
1460,1,0,0.9840936054891429,-0.8837921023368835,-5.008791923522949,base,1
1461,1,0,0.03308597266821503,-4.049734592437744,-0.6747344136238098,base,No
1462,1,1,0.9525741268224334,-0.7880284786224365,-3.7880284786224365,base,Yes
1463,1,0,0.5312093733737563,-1.5086987018585205,-1.6336987018585205,base,1
1464,1,0,0.8933093946927838,-1.059759259223938,-3.1847591400146484,base,1
1465,1,0,0.5621765008857981,-1.4276090860366821,-1.6776090860366821,base,1
1466,1,0,0.9820137910906878,-0.9342784285545349,-4.93427848815918,base,1
1467,1,0,0.9399133531922388,-0.8640145659446716,-3.6140146255493164,base,1
1468,1,0,0.9046505351008906,-1.085963249206543,-3.335963249206543,base,1
1469,1,0,0.4378234991142019,-1.6545448303222656,-1.4045448303222656,base,1
1470,1,0,0.9875683520739038,-0.9690921306610107,-5.34409236907959,base,1
1471,1,1,0.9324533013520764,-0.7435899972915649,-3.3685898780822754,base,Yes
1472,1,0,0.991422514586288,-0.9153318405151367,-5.665331840515137,base,1
1473,1,0,0.07585818837825822,-3.404224395751953,-0.9042245149612427,base,no
1474,1,0,0.6513548646660542,-1.330758810043335,-1.955758810043335,base,1
1475,1,0,0.9579122720843811,-1.0820374488830566,-4.207037448883057,base,1
1476,1,0,0.5,-1.757382869720459,-1.757382869720459,base,1
1477,1,0,0.9914225135725426,-1.1106420755386353,-5.860641956329346,base,1
1478,1,0,0.9399133531922388,-0.9684178233146667,-3.7184178829193115,base,1
1479,1,0,0.9947798736874026,-1.1417824029922485,-6.391782283782959,base,1
1480,1,0,0.9046505299595163,-0.9050367474555969,-3.155036687850952,base,1
1481,1,0,0.9579122720843811,-0.8354034423828125,-3.9604034423828125,base,1
1482,1,0,0.8807970904940926,-1.1156615018844604,-3.11566162109375,base,1
1483,1,0,0.9241418283357702,-0.9759582281112671,-3.4759583473205566,base,1
1484,1,0,0.9933071474906947,-1.1089308261871338,-6.108930587768555,base,1
1485,1,0,0.6224593312018546,-1.146338701248169,-1.646338701248169,base,1
1486,1,0,0.7981867777396212,-1.1415600776672363,-2.5165600776672363,base,1
1487,1,0,0.4073334000459302,-1.7971347570419312,-1.4221347570419312,base,1
1488,1,0,0.8354835371034369,-1.1996433734893799,-2.82464337348938,base,1
1489,1,0,0.02595736171885236,-4.318757057189941,-0.6937572360038757,base,no
1490,1,0,0.9890130573694068,-1.1563224792480469,-5.656322479248047,base,1
1491,1,0,0.01406363034912007,-4.969608306884766,-0.7196085453033447,base,No
1492,1,0,0.9820137942490252,-0.9714639186859131,-4.971464157104492,base,1
1493,1,0,0.7549149868676283,-1.275214433670044,-2.400214433670044,base,1
1494,1,0,0.9770226341042414,-0.9374955296516418,-4.687495708465576,base,1
1495,1,1,0.5312093733737563,-1.29179847240448,-1.41679847240448,base,Yes
1496,1,0,0.5,-1.5341811180114746,-1.5341811180114746,base,1
1497,1,0,0.09534947004048376,-3.098257064819336,-0.8482571244239807,base,No
1498,1,0,0.24508499107646636,-2.1273412704467773,-1.0023411512374878,base,no
1499,1,0,0.6513548646660542,-1.3035413026809692,-1.9285413026809692,base,1
1500,1,0,0.9859363729567544,-0.9305038452148438,-5.180503845214844,base,1
1501,1,0,0.8175744584140004,-1.0102192163467407,-2.510219097137451,base,1
1502,1,0,0.5926665999540697,-1.3303627967834473,-1.7053627967834473,base,1
1503,1,0,0.8175744761936437,-1.1340281963348389,-2.634028196334839,base,1
1504,1,0,0.9046505351008906,-1.0102026462554932,-3.260202646255493,base,1
1505,1,0,0.9796676454700793,-0.804148256778717,-4.679148197174072,base,1
1506,1,0,0.5926665999540697,-1.2930033206939697,-1.6680033206939697,base,1
1507,1,0,0.7981867777396212,-1.1091647148132324,-2.4841647148132324,base,1
1508,1,0,0.025957358704815272,-4.1027021408081055,-0.47770220041275024,base,No
1509,1,0,0.9940889311437562,-1.1529803276062012,-6.277980327606201,base,1
1510,1,0,0.5,-1.589735746383667,-1.589735746383667,base,1
1511,1,0,0.7772998611746911,-1.1658103466033936,-2.4158103466033936,base,1
1512,1,0,0.9579122720843811,-1.0532665252685547,-4.178266525268555,base,1
1513,1,0,0.5926665999540697,-1.5293796062469482,-1.9043796062469482,base,1
1514,1,0,0.9046505351008906,-1.1537284851074219,-3.403728485107422,base,1
1515,1,0,0.05340333582602272,-3.590284824371338,-0.7152849435806274,base,No
1516,1,0,0.8519528019683106,-1.3459627628326416,-3.0959627628326416,base,1
1517,1,0,0.9669140216112958,-1.0475049018859863,-4.422504901885986,base,1
1518,1,0,0.9525741241296944,-0.9563320279121399,-3.956331968307495,base,1
1519,1,1,0.9525741268224334,-0.8513545989990234,-3.8513545989990234,base,Yes
1520,1,0,0.9149009549929797,-1.069082260131836,-3.444082260131836,base,1
1521,1,0,0.10669059962643358,-2.968454599380493,-0.8434546589851379,base,No
1522,1,0,0.9465966702001757,-1.108579397201538,-3.983579397201538,base,1
1523,1,0,0.04742587317756679,-3.723625421524048,-0.7236254215240479,base,no
1524,1,0,0.9890130547786954,-1.0726416110992432,-5.572641372680664,base,1
1525,1,0,0.0040701369910610885,-6.076659202575684,-0.5766590237617493,base,no
1526,1,0,0.9924227569392726,-1.241302728652954,-6.116302490234375,base,1
1527,1,0,0.7057850278370112,-1.1830530166625977,-2.0580530166625977,base,1
1528,1,0,0.9770226300899744,-0.976926326751709,-4.726926326751709,base,1
1529,1,0,0.9626731190812967,-0.9472644925117493,-4.197264671325684,base,1
1530,1,0,0.9046505351008906,-1.03560209274292,-3.28560209274292,base,1
1531,1,0,0.7310585786300049,-1.08750319480896,-2.08750319480896,base,1
1532,1,0,0.7772998611746911,-1.102607250213623,-2.352607250213623,base,1
1533,1,0,0.9940889311437562,-1.1533942222595215,-6.2783942222595215,base,1
1534,1,0,0.9241418199787566,-0.9494245052337646,-3.4494245052337646,base,1
1535,1,0,0.04742587587030561,-3.723830223083496,-0.7238302826881409,base,No
1536,1,0,0.5,-1.5914841890335083,-1.5914841890335083,base,1
1537,1,0,0.9796676514063881,-1.0923573970794678,-4.967357635498047,base,1
1538,1,0,0.7057850278370112,-1.343576431274414,-2.218576431274414,base,1
1539,1,0,0.8807970779778823,-1.0609896183013916,-3.0609896183013916,base,1
1540,1,0,0.29421497216298875,-2.0278913974761963,-1.1528913974761963,base,no
1541,1,0,0.2689414448079646,-2.1180591583251953,-1.1180592775344849,base,No
1542,1,0,0.8670357598021706,-1.3405025005340576,-3.2155025005340576,base,1
1543,1,1,0.9770226354423304,-0.7494122982025146,-4.499412536621094,base,Yes
1544,1,0,0.20181320305759334,-2.467710494995117,-1.0927103757858276,base,no
1545,1,0,0.7310585551920353,-1.1574112176895142,-2.1574110984802246,base,1
1546,1,0,0.9706877709445761,-0.9410004019737244,-4.441000461578369,base,1
1547,1,0,0.679178699175393,-1.417609691619873,-2.167609691619873,base,1
1548,1,0,0.9740426428022031,-1.0149760246276855,-4.6399760246276855,base,1
1549,1,0,0.9890130599601177,-1.063319444656372,-5.563319683074951,base,1
1550,1,0,0.46879062662624377,-1.7354212999343872,-1.6104212999343872,base,1
1551,1,0,0.012431650121413363,-5.0817484855651855,-0.7067484259605408,base,No
1552,1,0,0.4073334000459302,-1.8692337274551392,-1.4942337274551392,base,1
1553,1,0,0.32082130082460697,-1.9116345643997192,-1.1616345643997192,base,No
1554,1,0,0.7549150089235336,-1.0978788137435913,-2.222878932952881,base,1
1555,1,0,0.34864513533394575,-1.956062912940979,-1.331062912940979,base,1
1556,1,0,0.9953904272736549,-1.0127002000808716,-6.387700080871582,base,1
1557,1,0,0.0953494648991095,-3.064042806625366,-0.8140428066253662,base,No
1558,1,0,0.9947798755445195,-1.0587260723114014,-6.3087263107299805,base,1
1559,1,0,0.5926665999540697,-1.5156641006469727,-1.8906641006469727,base,1
1560,1,0,0.9525741268224334,-1.0464324951171875,-4.0464324951171875,base,1
1561,1,1,0.8175744761936437,-0.9619395732879639,-2.461939573287964,base,Yes
1562,1,0,0.9959298627673272,-1.0801280736923218,-6.580128192901611,base,1
1563,1,0,0.9706877743364403,-0.9695571064949036,-4.469557285308838,base,1
1564,1,0,0.7310585786300049,-1.0657072067260742,-2.065707206726074,base,1
1565,1,0,0.06008665017400762,-3.5947110652923584,-0.8447110652923584,base,No
1566,1,0,0.9820137900379085,-1.050511360168457,-5.050511360168457,base,1
1567,1,0,0.9525741375933872,-1.0121471881866455,-4.012147426605225,base,1
1568,1,1,0.851952809486198,-0.8973798155784607,-2.6473798751831055,base,Yes
1569,1,0,0.9840936064221572,-1.035164475440979,-5.1601643562316895,base,1
1570,1,0,0.9669140158908057,-0.8910824656486511,-4.266082286834717,base,1
1571,1,0,0.4073334000459302,-1.5180745124816895,-1.1430745124816895,base,No
1572,1,0,0.32082130082460697,-2.0361578464508057,-1.2861578464508057,base,1
1573,1,0,0.01798621101487092,-4.5311808586120605,-0.5311809182167053,base,No
1574,1,0,0.957912262472213,-1.068413496017456,-4.193413257598877,base,1
1575,1,0,0.9924227591803558,-0.8189148306846619,-5.693914890289307,base,1
1576,1,0,0.9924227578357059,-1.0831705331802368,-5.958170413970947,base,1
1577,1,0,0.32082130082460697,-1.9466044902801514,-1.1966044902801514,base,No
1578,1,1,0.914900945711678,-0.7332483530044556,-3.108248233795166,base,Yes
1579,1,0,0.9740426428022031,-1.1207280158996582,-4.745728015899658,base,1
1580,1,0,0.8354835371034369,-1.1099834442138672,-2.734983444213867,base,1
1581,1,0,0.6224593312018546,-1.3669581413269043,-1.8669581413269043,base,1
1582,1,0,0.9980732648781881,-0.9459850788116455,-7.195984840393066,base,1
1583,1,1,0.9770226287518852,-0.49937158823013306,-4.249371528625488,base,Yes
1584,1,0,0.4073334000459302,-1.8200464248657227,-1.4450464248657227,base,1
1585,1,0,0.8519528019683106,-1.1555898189544678,-2.9055898189544678,base,1
1586,1,0,0.05340332377362639,-3.631805419921875,-0.7568053007125854,base,No
1587,1,0,0.8933094060543487,-1.1792023181915283,-3.3042023181915283,base,1
1588,1,0,0.6513548646660542,-1.2999264001846313,-1.9249264001846313,base,1
1589,1,0,0.24508502416032488,-2.100480556488037,-0.9754806160926819,base,No
1590,1,0,0.9947798730683632,-1.1321818828582764,-6.382181644439697,base,1
1591,1,0,0.9046505351008906,-1.097548484802246,-3.347548484802246,base,1
1592,1,0,0.06008665017400762,-3.47210431098938,-0.7221043109893799,base,no
1593,1,1,0.8933093946927838,-0.8131757974624634,-2.938175678253174,base,Yes
1594,1,0,0.9840936073551713,-0.93137127161026,-5.056371212005615,base,1
1595,1,0,0.9770226354423304,-1.1060359477996826,-4.856036186218262,base,1
1596,1,0,0.7310585786300049,-1.1896564960479736,-2.1896564960479736,base,1
1597,1,0,0.2227001594610082,-2.246143341064453,-0.9961434602737427,base,No
1598,1,0,0.01590639171181471,-4.846134185791016,-0.7211341857910156,base,No
1599,1,0,0.8519528019683106,-1.094991683959961,-2.844991683959961,base,1
1600,1,0,0.9241418199787566,-1.0668089389801025,-3.5668089389801025,base,1
1601,1,1,0.6513548646660542,-1.1304913759231567,-1.7554913759231567,base,Yes
1602,1,0,0.9902915258107348,-1.0033748149871826,-5.628375053405762,base,1
1603,1,0,0.5926665999540697,-1.468754529953003,-1.843754529953003,base,1
1604,1,0,0.8807970779778823,-1.0969123840332031,-3.096912384033203,base,1
1605,1,0,0.08509904036636974,-3.302994966506958,-0.9279949069023132,base,no
1606,1,0,0.9241418241572634,-0.9729050993919373,-3.472905158996582,base,1
1607,1,0,0.9902915229454736,-0.8656778931617737,-5.490677833557129,base,1
1608,1,0,0.02595736171885236,-4.374691486358643,-0.7496916651725769,base,No
1609,1,0,0.08509904036636974,-3.0654075145721436,-0.6904074549674988,base,No
1610,1,0,0.9579122816965473,-1.0669429302215576,-4.191943168640137,base,1
1611,1,0,0.04208773031866069,-3.9738237857818604,-0.8488238453865051,base,no
1612,1,0,0.060086646807761206,-3.555349111557007,-0.8053490519523621,base,no
1613,1,0,0.24508500210441886,-2.0087194442749023,-0.8837193846702576,base,No
1614,1,0,0.9875683469514964,-0.940776526927948,-5.315776348114014,base,1
1615,1,0,0.9399133498259924,-1.019728422164917,-3.769728422164917,base,1
1616,1,0,0.6224593312018546,-1.468942403793335,-1.968942403793335,base,1
1617,1,0,0.08509904500702024,-3.2312965393066406,-0.8562965393066406,base,No
1618,1,0,0.9241418199787566,-1.082176685333252,-3.582176685333252,base,1
1619,1,0,0.1645164628965632,-2.409184455871582,-0.784184455871582,base,no
1620,1,0,0.5926665999540697,-1.457850694656372,-1.832850694656372,base,1
1621,1,0,0.7772998611746911,-1.1298847198486328,-2.379884719848633,base,1
1622,1,0,0.0534033328129234,-3.5741519927978516,-0.6991520524024963,base,No
1623,1,0,0.012431651584958318,-4.947427272796631,-0.5724273324012756,base,no
1624,1,0,0.984093612020241,-1.1847846508026123,-5.309784889221191,base,1
1625,1,0,0.9988304896653178,-0.9600659012794495,-7.710065841674805,base,1
1626,1,0,0.7772998611746911,-1.2912116050720215,-2.5412116050720215,base,1
1627,1,0,0.06754669864792355,-3.52669620513916,-0.9016963243484497,base,no
1628,1,0,0.0019267343767748358,-6.611875057220459,-0.36187490820884705,base,no
1629,1,0,0.5621765008857981,-1.5111396312713623,-1.7611396312713623,base,1
1630,1,0,0.11920292202211755,-2.859447956085205,-0.8594479560852051,base,no
1631,1,0,0.9740426488302759,-0.9060113430023193,-4.531011581420898,base,1
1632,1,1,0.9995121429644108,-0.6948030591011047,-8.319803237915039,base,Yes
1633,1,0,0.8670357598021706,-1.032231330871582,-2.907231330871582,base,1
1634,1,0,0.8354835371034369,-1.1258330345153809,-2.750833034515381,base,1
1635,1,0,0.9902915229454736,-0.9523420929908752,-5.5773420333862305,base,1
1636,1,0,0.8175744761936437,-1.3989973068237305,-2.8989973068237305,base,1
1637,1,0,0.9626731083722525,-1.0929585695266724,-4.342958450317383,base,1
1638,1,0,0.9465966822525709,-1.152540922164917,-4.027541160583496,base,1
1639,1,0,0.9914225125587972,-1.0156886577606201,-5.765688419342041,base,1
1640,1,0,0.8175744761936437,-1.173393964767456,-2.673393964767456,base,1
1641,1,0,0.10669058826486906,-2.8734073638916016,-0.7484073042869568,base,No
1642,1,0,0.9241418199787566,-1.0096380710601807,-3.5096380710601807,base,1
1643,1,0,0.9149009549929797,-1.073042869567871,-3.448042869567871,base,1
1644,1,0,0.01098694263059318,-5.214730262756348,-0.7147302627563477,base,No
1645,1,0,0.025957352676742106,-4.315680980682373,-0.6906808018684387,base,No
1646,1,0,0.32082130082460697,-1.9301996231079102,-1.1801996231079102,base,no
1647,1,0,0.2689414213699951,-2.0699827671051025,-1.0699827671051025,base,No
1648,1,0,0.9796676430955554,-0.9613901972770691,-4.836390018463135,base,1
1649,1,0,0.9706877658567789,-1.0319329500198364,-4.531932830810547,base,1
1650,1,1,0.9953904278206259,-0.6863069534301758,-6.061306953430176,base,Yes
1651,1,0,0.9933071490757153,-1.1538162231445312,-6.153816223144531,base,1
1652,1,0,0.02297736857193652,-4.372875213623047,-0.6228751540184021,base,no
1653,1,0,0.6513548646660542,-1.3808581829071045,-2.0058581829071045,base,1
1654,1,0,0.017986213120429816,-4.4721174240112305,-0.4721176028251648,base,no
1655,1,0,0.03732688948593843,-3.8703548908233643,-0.620354950428009,base,No
1656,1,0,0.8670357598021706,-1.006910800933838,-2.881910800933838,base,1
1657,1,0,0.8807970779778823,-1.0550081729888916,-3.0550081729888916,base,1
1658,1,0,0.9149009642742806,-0.974486231803894,-3.3494863510131836,base,1
1659,1,1,0.8354835289107309,-0.9049316048622131,-2.5299315452575684,base,Yes
1660,1,0,0.010986940687560063,-5.229587078094482,-0.7295868992805481,base,no
1661,1,0,0.1480471980316895,-2.689526081085205,-0.9395260810852051,base,no
1662,1,0,0.006692852113050128,-5.697794437408447,-0.6977946162223816,base,No
1663,1,1,0.9626731169394882,-0.5725306272506714,-3.822530746459961,base,Yes
1664,1,0,0.9399133498259924,-1.133993148803711,-3.883993148803711,base,1
1665,1,0,0.9324533088603709,-1.0886330604553223,-3.7136330604553223,base,1
1666,1,0,0.4073334000459302,-1.7392096519470215,-1.3642096519470215,base,1
1667,1,0,0.24508501313237172,-2.171778678894043,-1.046778678894043,base,no
1668,1,1,0.9465966671870767,-0.8384202122688293,-3.7134201526641846,base,Yes
1669,1,0,0.9399133498259924,-1.1742186546325684,-3.9242186546325684,base,1
1670,1,0,0.7772998611746911,-1.164771556854248,-2.414771556854248,base,1
1671,1,0,0.9840936092211993,-0.8830270171165466,-5.008027076721191,base,1
1672,1,0,0.8175744584140004,-1.0232664346694946,-2.523266315460205,base,1
1673,1,0,0.7310585786300049,-1.1651926040649414,-2.1651926040649414,base,1
1674,1,0,0.8519528019683106,-1.064525842666626,-2.814525842666626,base,1
1675,1,0,0.7981867969424066,-1.0713943243026733,-2.446394443511963,base,1
1676,1,0,0.37754066879814546,-1.8605985641479492,-1.3605985641479492,base,1
1677,1,0,0.7772998818103892,-1.0493377447128296,-2.299337863922119,base,1
1678,1,1,0.9324533163686646,-0.6835988759994507,-3.3085989952087402,base,Yes
1679,1,0,0.9820137900379085,-1.0361757278442383,-5.036175727844238,base,1
1680,1,0,0.9975273768433653,-1.024651050567627,-7.024651050567627,base,1
1681,1,1,0.8807970779778823,-0.6344406604766846,-2.6344406604766846,base,Yes
1682,1,0,0.5312093733737563,-1.4719903469085693,-1.5969903469085693,base,1
1683,1,0,0.9669140235181256,-0.959894597530365,-4.33489465713501,base,1
1684,1,0,0.34864513533394575,-1.775408387184143,-1.150408387184143,base,No
1685,1,0,0.4073334000459302,-1.8497560024261475,-1.4747560024261475,base,1
1686,1,0,0.4378234991142019,-1.6969141960144043,-1.4469141960144043,base,1
1687,1,0,0.020332349780873466,-4.613330841064453,-0.7383306622505188,base,No
1688,1,0,0.7981867777396212,-0.9991979598999023,-2.3741979598999023,base,1
1689,1,1,0.9241418158002492,-0.8172038197517395,-3.3172037601470947,base,Yes
1690,1,0,0.5926665999540697,-1.5019524097442627,-1.8769524097442627,base,1
1691,1,0,0.008577486427457372,-5.457784175872803,-0.7077842950820923,base,No
1692,1,0,0.294214996917099,-2.0504236221313477,-1.1754237413406372,base,No
1693,1,1,0.9579122696813394,-0.8001022934913635,-3.9251022338867188,base,Yes
1694,1,0,0.20181320305759334,-2.4623923301696777,-1.0873922109603882,base,no
1695,1,0,0.9890130599601177,-1.0631563663482666,-5.563156604766846,base,1
1696,1,0,0.5926665999540697,-1.3863725662231445,-1.7613725662231445,base,1
1697,1,0,0.9706877624649134,-1.0440962314605713,-4.544095993041992,base,1
1698,1,0,0.9669140216112958,-1.2252821922302246,-4.600282192230225,base,1
1699,1,0,0.9914225135725426,-0.9385806322097778,-5.688580513000488,base,1
1700,1,0,0.9820137900379085,-0.9588160514831543,-4.958816051483154,base,1
1701,1,0,0.7057850278370112,-1.27803373336792,-2.15303373336792,base,1
1702,1,0,0.014063628696182679,-5.059674263000488,-0.8096743822097778,base,no
1703,1,0,0.9940889314940008,-0.9638981223106384,-6.088898181915283,base,1
1704,1,0,0.991422514586288,-0.9658589363098145,-5.7158589363098145,base,1
1705,1,1,0.6513548646660542,-1.1420066356658936,-1.7670066356658936,base,Yes
1706,1,0,0.9947798746159612,-0.7920979857444763,-6.042098045349121,base,1
1707,1,0,0.18242552380635632,-2.309952974319458,-0.809952974319458,base,No
1708,1,0,0.042087723109535534,-3.6690258979797363,-0.5440257787704468,base,No
1709,1,0,0.08509904036636974,-3.1217522621154785,-0.7467522025108337,base,no
1710,1,0,0.0159063898457867,-4.862421035766602,-0.737420916557312,base,No
1711,1,0,0.01098694263059318,-5.207146644592285,-0.7071466445922852,base,No
1712,1,0,0.9770226260757067,-0.8491560816764832,-4.599155902862549,base,1
1713,1,0,0.8354835371034369,-1.044917106628418,-2.669917106628418,base,1
1714,1,0,0.14804719051380197,-2.7370352745056152,-0.9870352149009705,base,no
1715,1,0,0.5312093733737563,-1.604997158050537,-1.729997158050537,base,1
1716,1,0,0.029312234143221275,-4.173786640167236,-0.6737867593765259,base,No
1717,1,0,0.8354835371034369,-1.0592749118804932,-2.684274911880493,base,1
1718,1,1,0.9820137879323497,-0.6242228746414185,-4.624222755432129,base,Yes
1719,1,0,0.8519528019683106,-1.1334006786346436,-2.8834006786346436,base,1
1720,1,0,0.9579122720843811,-0.8645889759063721,-3.989588975906372,base,1
1721,1,0,0.8354835371034369,-1.2187507152557373,-2.8437507152557373,base,1
1722,1,0,0.5312093733737563,-1.53716242313385,-1.66216242313385,base,1
1723,1,0,0.9399133498259924,-0.9381470680236816,-3.6881470680236816,base,1
1724,1,1,0.5621765008857981,-1.2265125513076782,-1.4765125513076782,base,Yes
1725,1,0,0.7549149868676283,-1.140587568283081,-2.265587568283081,base,1
1726,1,0,0.24508501313237172,-2.2149147987365723,-1.0899147987365723,base,no
1727,1,0,0.9840936082881853,-1.0209980010986328,-5.145998001098633,base,1
1728,1,0,0.24508503518827837,-2.0995054244995117,-0.9745055437088013,base,No
1729,1,0,0.7981867585368343,-1.2151910066604614,-2.590190887451172,base,1
1730,1,0,0.003172683219498529,-6.2753825187683105,-0.5253826379776001,base,no
1731,1,0,0.8519528019683106,-1.0953307151794434,-2.8453307151794434,base,1
1732,1,0,0.04208773031866069,-3.881085157394409,-0.756085216999054,base,no
1733,1,0,0.9324533163686646,-1.0017751455307007,-3.6267752647399902,base,1
1734,1,0,0.34864513533394575,-1.8854366540908813,-1.2604366540908813,base,1
1735,1,0,0.9988304897349445,-0.9097733497619629,-7.659773349761963,base,1
1736,1,0,0.7310585786300049,-1.1992616653442383,-2.1992616653442383,base,1
1737,1,0,0.46879062662624377,-1.5976276397705078,-1.4726276397705078,base,1
1738,1,0,0.012431651584958318,-5.045406818389893,-0.6704068779945374,base,no
1739,1,0,0.37754066879814546,-1.8012535572052002,-1.3012535572052002,base,no
1740,1,0,0.29421497216298875,-2.014195442199707,-1.139195442199707,base,no
1741,1,0,0.017986206803753842,-4.755873680114746,-0.7558735013008118,base,no
1742,1,1,0.9046505402422645,-0.8157963156700134,-3.065796375274658,base,Yes
1743,1,0,0.8807970779778823,-0.9459807872772217,-2.9459807872772217,base,1
1744,1,0,0.9399133498259924,-0.8806722164154053,-3.6306722164154053,base,1
1745,1,0,0.24508501313237172,-2.1318798065185547,-1.0068798065185547,base,no
1746,1,0,0.9947798730683632,-1.164797067642212,-6.414796829223633,base,1
1747,1,0,0.9820137942490252,-1.0073254108428955,-5.007325649261475,base,1
1748,1,0,0.9046505351008906,-1.0421795845031738,-3.292179584503174,base,1
1749,1,0,0.03308597266821503,-4.122961044311523,-0.7479608654975891,base,No
1750,1,0,0.6513548646660542,-1.3995707035064697,-2.0245707035064697,base,1
1751,1,0,0.29421497216298875,-2.0042660236358643,-1.1292660236358643,base,no
1752,1,0,0.5,-1.475152850151062,-1.475152850151062,base,1
1753,1,0,0.32082130082460697,-1.9755632877349854,-1.2255632877349854,base,no
1754,1,0,0.4378234991142019,-1.6436963081359863,-1.3936963081359863,base,1
1755,1,0,0.11920292828022305,-2.8990588188171387,-0.8990588784217834,base,No
1756,1,0,0.9993736656926545,-1.4082443714141846,-8.783244132995605,base,1
1757,1,0,0.8670357735451834,-1.0775622129440308,-2.9525623321533203,base,1
1758,1,0,0.02595736021183377,-4.218301773071289,-0.5933018922805786,base,No
1759,1,0,0.46879062662624377,-1.6974904537200928,-1.5724904537200928,base,1
1760,1,0,0.9770226327661524,-0.8885735273361206,-4.63857364654541,base,1
1761,1,0,0.8519528019683106,-1.0819759368896484,-2.8319759368896484,base,1
1762,1,0,0.025957351169724027,-4.338768005371094,-0.7137677669525146,base,No
1763,1,0,0.07585818002124356,-3.2588717937469482,-0.7588717937469482,base,No
1764,1,0,0.9971990728663985,-0.933415949344635,-6.80841588973999,base,1
1765,1,0,0.03732688948593843,-3.9588403701782227,-0.7088404297828674,base,no
1766,1,0,0.0850990542883219,-3.1255173683166504,-0.7505174875259399,base,No
1767,1,0,0.9940889325447342,-1.239760160446167,-6.364760398864746,base,1
1768,1,0,0.03732688306051187,-3.8960318565368652,-0.6460317373275757,base,No
1769,1,0,0.5312093733737563,-1.4713573455810547,-1.5963573455810547,base,1
1770,1,0,0.9796676454700793,-0.9487424492835999,-4.823742389678955,base,1
1771,1,0,0.9859363746096915,-1.0481013059616089,-5.298101425170898,base,1
1772,1,0,0.033085978388704126,-4.116483211517334,-0.741483211517334,base,no
1773,1,0,0.6513548646660542,-1.3567447662353516,-1.9817447662353516,base,1
1774,1,0,0.20181322226037882,-2.4587314128875732,-1.0837314128875732,base,No
1775,1,0,0.9933071506607352,-0.937143087387085,-5.937143325805664,base,1
1776,1,0,0.7549149868676283,-1.1759960651397705,-2.3009960651397705,base,1
1777,1,1,0.9924227587321393,-0.7089571952819824,-5.583957195281982,base,Yes
1778,1,0,0.24508501313237172,-2.0657949447631836,-0.9407949447631836,base,No
1779,1,0,0.679178699175393,-1.2559843063354492,-2.005984306335449,base,1
1780,1,0,0.6224593312018546,-1.2183918952941895,-1.7183918952941895,base,1
1781,1,0,0.9986749772672955,-1.0779178142547607,-7.702917575836182,base,1
1782,1,0,0.9924227596285723,-1.070886492729187,-5.945886611938477,base,1
1783,1,0,0.9940889311437562,-0.7922143936157227,-5.917214393615723,base,1
1784,1,0,0.047425867792089564,-3.76393461227417,-0.7639344930648804,base,no
1785,1,0,0.9241418199787566,-1.0632407665252686,-3.5632407665252686,base,1
1786,1,0,0.46879062662624377,-1.4053046703338623,-1.2803046703338623,base,No
1787,1,0,0.9241418158002492,-0.8812409043312073,-3.3812408447265625,base,1
1788,1,0,0.9626731126558706,-1.1601719856262207,-4.410171985626221,base,1
1789,1,0,0.08509904500702024,-3.238682508468628,-0.8636825084686279,base,no
1790,1,0,0.9947798736874026,-1.0423213243484497,-6.29232120513916,base,1
1791,1,0,0.9706877726405082,-1.030633807182312,-4.530633926391602,base,1
1792,1,0,0.9902915223724212,-1.1679822206497192,-5.79298210144043,base,1
1793,1,0,0.04208772791561884,-3.974301815032959,-0.849301815032959,base,no
1794,1,0,0.8670357460591569,-0.9505316019058228,-2.825531482696533,base,1
1795,1,0,0.9902915223724212,-1.0618664026260376,-5.686866283416748,base,1
1796,1,0,0.9706877692486436,-1.0589866638183594,-4.558986663818359,base,1
1797,1,0,0.8670357598021706,-1.1186950206756592,-2.993695020675659,base,1
1798,1,0,0.11920292202211755,-2.967235565185547,-0.9672355651855469,base,no
1799,1,0,0.9579122696813394,-0.9939356446266174,-4.118935585021973,base,1
1800,1,0,0.13296424706933604,-2.764244794845581,-0.8892448544502258,base,No
1801,1,0,0.46879062662624377,-1.4892175197601318,-1.3642175197601318,base,no
1802,1,0,0.8519528019683106,-1.2146649360656738,-2.964664936065674,base,1
1803,1,0,0.7981867777396212,-1.2367219924926758,-2.611721992492676,base,1
1804,1,0,0.09534945461636171,-3.032297134399414,-0.7822970151901245,base,No
1805,1,0,0.7057850030829009,-1.2320486307144165,-2.107048511505127,base,1
1806,1,0,0.6224593312018546,-1.3842830657958984,-1.8842830657958984,base,1
1807,1,0,0.5621765008857981,-1.5017170906066895,-1.7517170906066895,base,1
1808,1,0,0.9465966702001757,-0.9182798862457275,-3.7932798862457275,base,1
1809,1,0,0.1645164628965632,-2.551370143890381,-0.9263701438903809,base,No
1810,1,0,0.9706877743364403,-0.9675577282905579,-4.467557907104492,base,1
1811,1,0,0.005911070257222078,-5.755399703979492,-0.6303999423980713,base,no
1812,1,0,0.679178673200285,-1.3516026735305786,-2.101602554321289,base,1
1813,1,0,0.7772998818103892,-1.1718376874923706,-2.42183780670166,base,1
1814,1,0,0.9993736656180362,-0.7677968740463257,-8.142796516418457,base,1
1815,1,0,0.9971990726999176,-1.079002022743225,-6.9540019035339355,base,1
1816,1,0,0.34864513533394575,-1.860275149345398,-1.235275149345398,base,no
1817,1,0,0.8670357735451834,-1.0676649808883667,-2.9426651000976562,base,1
1818,1,0,0.8670357460591569,-1.0777393579483032,-2.9527392387390137,base,1
1819,1,0,0.8670357460591569,-1.0611916780471802,-2.9361915588378906,base,1
1820,1,0,0.9933071506607352,-1.3307359218597412,-6.33073616027832,base,1
1821,1,0,0.37754066879814546,-1.8808844089508057,-1.3808844089508057,base,1
1822,1,0,0.0373268852023206,-3.9505157470703125,-0.7005156874656677,base,No
1823,1,0,0.9740426397881662,-0.9276939630508423,-4.552693843841553,base,1
1824,1,0,0.9626731212231052,-1.0500948429107666,-4.300095081329346,base,1
1825,1,0,0.9890130586647624,-1.0460270643234253,-5.546027183532715,base,1
1826,1,0,0.18242551491653522,-2.445559501647949,-0.9455594420433044,base,no
1827,1,0,0.9902915229454736,-0.8209667801856995,-5.445966720581055,base,1
1828,1,0,0.9579122720843811,-0.848527193069458,-3.973527193069458,base,1
1829,1,0,0.033085978388704126,-4.058638095855713,-0.6836380958557129,base,No
1830,1,0,0.9525741214369554,-0.9931708574295044,-3.993170738220215,base,1
1831,1,0,0.957912262472213,-1.2015578746795654,-4.326557636260986,base,1
1832,1,0,0.010986945221304533,-5.117453575134277,-0.6174538135528564,base,No
1833,1,0,0.9796676514063881,-1.023249864578247,-4.898250102996826,base,1
1834,1,0,0.7981867777396212,-1.174241065979004,-2.549241065979004,base,1
1835,1,0,0.991422514586288,-1.0295472145080566,-5.779547214508057,base,1
1836,1,0,0.9875683476832692,-0.9545150995254517,-5.329514980316162,base,1
1837,1,0,0.009708477054526368,-5.245209217071533,-0.620209276676178,base,No
1838,1,0,0.37754066879814546,-1.7133572101593018,-1.2133572101593018,base,no
1839,1,0,0.7310585786300049,-1.2158334255218506,-2.2158334255218506,base,1
1840,1,0,0.2689414213699951,-2.091447591781616,-1.0914475917816162,base,No
1841,1,0,0.982013792143467,-1.2001484632492065,-5.200148582458496,base,1
1842,1,0,0.7772998818103892,-1.1404231786727905,-2.39042329788208,base,1
1843,1,0,0.32082130082460697,-1.9098594188690186,-1.1598594188690186,base,No
1844,1,0,0.20181324146316565,-2.4051456451416016,-1.0301457643508911,base,no
1845,1,0,0.29421497216298875,-1.917906403541565,-1.042906403541565,base,No
1846,1,0,0.7057850030829009,-1.2170921564102173,-2.0920920372009277,base,1
1847,1,0,0.4378234991142019,-1.6896708011627197,-1.4396708011627197,base,1
1848,1,0,0.020332356904444657,-4.56256103515625,-0.6875612139701843,base,No
1849,1,0,0.7057850278370112,-1.2888641357421875,-2.1638641357421875,base,1
1850,1,0,0.1066905825840872,-3.0116729736328125,-0.886672854423523,base,No
1851,1,0,0.1480472055495773,-2.610433340072632,-0.8604333996772766,base,no
1852,1,0,0.9149009549929797,-1.1506788730621338,-3.525678873062134,base,1
1853,1,0,0.5926665999540697,-1.3697969913482666,-1.7447969913482666,base,1
1854,1,0,0.37754066879814546,-1.8150867223739624,-1.3150867223739624,base,1
1855,1,0,0.9525741241296944,-0.9391646981239319,-3.939164638519287,base,1
1856,1,0,0.9149009642742806,-0.9151991605758667,-3.2901992797851562,base,1
1857,1,0,0.10669059394565118,-3.014854907989502,-0.889854907989502,base,No
1858,1,0,0.00669285052802981,-5.644735336303711,-0.6447352766990662,base,No
1859,1,0,0.9740426382811477,-0.9382249712944031,-4.563224792480469,base,1
1860,1,0,0.5312093733737563,-1.4005393981933594,-1.5255393981933594,base,1
1861,1,0,0.9914225125587972,-1.0027449131011963,-5.752744674682617,base,1
1862,1,0,0.2227001594610082,-2.246088981628418,-0.9960891008377075,base,No
1863,1,0,0.9840936064221572,-0.9294277429580688,-5.054427623748779,base,1
1864,1,0,0.9770226354423304,-0.9923293590545654,-4.7423295974731445,base,1
1865,1,0,0.24508503518827837,-2.2309622764587402,-1.1059623956680298,base,No
1866,1,0,0.977022627413796,-1.0270639657974243,-4.777063846588135,base,1
1867,1,0,0.7057850278370112,-1.103196144104004,-1.978196144104004,base,1
1868,1,0,0.9940889325447342,-1.0596287250518799,-6.184628963470459,base,1
1869,1,0,0.8175744761936437,-1.1646842956542969,-2.664684295654297,base,1
1870,1,0,0.9820137942490252,-0.8844907283782959,-4.884490966796875,base,1
1871,1,1,0.997817283814287,-0.6835988759994507,-6.80859899520874,base,Yes
1872,1,0,0.025957352676742106,-4.296163082122803,-0.6711629033088684,base,No
1873,1,0,0.9968273171575148,-1.0484857559204102,-6.79848575592041,base,1
1874,1,0,0.9953904283675966,-0.9792197942733765,-6.354219913482666,base,1
1875,1,1,0.9465966671870767,-0.4988430142402649,-3.37384295463562,base,Yes
1876,1,1,0.9933071482832051,-0.6168142557144165,-5.616814136505127,base,Yes
1877,1,0,0.8519528019683106,-1.0367441177368164,-2.7867441177368164,base,1
1878,1,1,0.9914225140794153,-0.7344751954078674,-5.484475135803223,base,Yes
1879,1,1,0.893309411735131,-0.8571037650108337,-2.9821038246154785,base,Yes
1880,1,0,0.9740426428022031,-1.0730366706848145,-4.6980366706848145,base,1
1881,1,0,0.46879062662624377,-1.7174497842788696,-1.5924497842788696,base,1
1882,1,0,0.8933094060543487,-1.045316457748413,-3.170316457748413,base,1
1883,1,0,0.8519528019683106,-1.0362014770507812,-2.7862014770507812,base,1
1884,1,0,0.9669140158908057,-0.9865948557853699,-4.3615946769714355,base,1
1885,1,0,0.10669059962643358,-3.0482473373413086,-0.9232473969459534,base,no
1886,1,0,0.9465966641739773,-1.074546456336975,-3.9495463371276855,base,1
1887,1,0,0.017986212067650338,-4.700720310211182,-0.7007204294204712,base,no
1888,1,0,0.9740426428022031,-1.0904216766357422,-4.715421676635742,base,1
1889,1,0,0.835483553488848,-1.0661815404891968,-2.6911816596984863,base,1
1890,1,1,0.8807970842359877,-0.6593329310417175,-2.6593329906463623,base,Yes
1891,1,1,0.998967769147632,-0.6822212338447571,-7.557221412658691,base,Yes
1892,1,0,0.9984988175645767,-1.091239094734192,-7.591238975524902,base,1
1893,1,0,0.995929863008939,-0.9348281025886536,-6.434828281402588,base,1
1894,1,0,0.9840936045561286,-0.9582359790802002,-5.083235740661621,base,1
1895,1,0,0.995390426726684,-1.1077773571014404,-6.482777118682861,base,1
1896,1,1,0.9465966732132748,-0.7497298121452332,-3.624729871749878,base,Yes
1897,1,0,0.0675466911396291,-3.495069742202759,-0.8700697422027588,base,no
1898,1,0,0.2689414213699951,-2.1270041465759277,-1.1270041465759277,base,no
1899,1,0,0.9626731169394882,-1.0637515783309937,-4.313751697540283,base,1
1900,1,0,0.9914225156000332,-0.9238170385360718,-5.673817157745361,base,1
1901,1,0,0.9706877760323724,-1.073821783065796,-4.573822021484375,base,1
1902,1,0,0.8933094174159129,-1.0018609762191772,-3.126861095428467,base,1
1903,1,0,0.8807970904940926,-1.0254138708114624,-3.025413990020752,base,1
1904,1,0,0.7549149648117217,-1.2174636125564575,-2.342463493347168,base,1
1905,1,0,0.9626731212231052,-1.0662167072296143,-4.316216945648193,base,1
1906,1,0,0.9980732657951566,-1.010680913925171,-7.26068115234375,base,1
1907,1,0,0.9859363762626283,-1.0997841358184814,-5.3497843742370605,base,1
1908,1,0,0.9796676490318648,-0.8624547719955444,-4.737454891204834,base,1
1909,1,0,0.9875683498785867,-0.8124212622642517,-5.1874213218688965,base,1
1910,1,0,0.46879062662624377,-1.4227994680404663,-1.2977994680404663,base,1
1911,1,0,0.9525741241296944,-0.9845994114875793,-3.9845993518829346,base,1
1912,1,0,0.1329642264548166,-2.8549985885620117,-0.9799984693527222,base,No
1913,1,0,0.8519528019683106,-1.2468383312225342,-2.996838331222534,base,1
1914,1,0,0.939913343093499,-1.11943781375885,-3.8694376945495605,base,1
1915,1,0,0.18242553269617778,-2.410451650619507,-0.9104517102241516,base,no
1916,1,0,0.4378234991142019,-1.5265945196151733,-1.2765945196151733,base,No
1917,1,0,0.9399133464597458,-0.9216952919960022,-3.6716952323913574,base,1
1918,1,0,0.9991959142559255,-1.0661485195159912,-8.19114875793457,base,1
1919,1,0,0.8175744761936437,-1.2889511585235596,-2.7889511585235596,base,1
1920,1,0,0.8175744761936437,-1.1807861328125,-2.6807861328125,base,1
1921,1,0,0.7772998611746911,-1.0486528873443604,-2.2986528873443604,base,1
1922,1,0,0.9980732652220515,-0.9210291504859924,-7.171029090881348,base,1
1923,1,1,0.9914225156000332,-0.7177356481552124,-5.467735767364502,base,Yes
1924,1,0,0.6224593312018546,-1.320969820022583,-1.820969820022583,base,1
1925,1,0,0.9241418199787566,-0.9634497165679932,-3.463449716567993,base,1
1926,1,0,0.9770226300899744,-0.9031510353088379,-4.653151035308838,base,1
1927,1,0,0.9626731105140616,-0.9133267998695374,-4.163326740264893,base,1
1928,1,0,0.4378234991142019,-1.6112991571426392,-1.3612991571426392,base,1
1929,1,0,0.46879062662624377,-1.5203787088394165,-1.3953787088394165,base,1
1930,1,0,0.8670357598021706,-0.9447386264801025,-2.8197386264801025,base,1
1931,1,0,0.9914225125587972,-1.0444982051849365,-5.794497966766357,base,1
1932,1,0,0.998498817743263,-0.7782425880432129,-7.278242588043213,base,1
1933,1,0,0.8175744584140004,-1.0572396516799927,-2.557239532470703,base,1
1934,1,0,0.9968273177230348,-0.9221132397651672,-6.672113418579102,base,1
1935,1,0,0.10669060530721626,-2.948807716369629,-0.8238078355789185,base,No
1936,1,0,0.6224593312018546,-1.3220000267028809,-1.8220000267028809,base,1
1937,1,0,0.9399133531922388,-0.9066633582115173,-3.656663417816162,base,1
1938,1,1,0.9525741322079105,-0.7286480665206909,-3.7286481857299805,base,Yes
1939,1,0,0.9992903295163602,-0.8134022951126099,-8.06340217590332,base,1
1940,1,1,0.9796676514063881,-0.7620465755462646,-4.637046813964844,base,Yes
1941,1,0,0.9796676514063881,-1.0686085224151611,-4.94360876083374,base,1
1942,1,0,0.10669058826486906,-2.8761794567108154,-0.7511793971061707,base,No
1943,1,0,0.9820137900379085,-1.1033601760864258,-5.103360176086426,base,1
1944,1,0,0.957912262472213,-1.0226166248321533,-4.147616386413574,base,1
1945,1,0,0.6513548646660542,-1.2891864776611328,-1.9141864776611328,base,1
1946,1,0,0.9840936101542134,-0.9967793226242065,-5.121779441833496,base,1
1947,1,0,0.9796676514063881,-1.1182267665863037,-4.993227005004883,base,1
1948,1,0,0.9947798743064417,-1.081141471862793,-6.331141471862793,base,1
1949,1,0,0.9525741160514771,-1.2330563068389893,-4.23305606842041,base,1
1950,1,0,0.6224593312018546,-1.3384120464324951,-1.8384120464324951,base,1
1951,1,0,0.979667647844603,-0.9014105200767517,-4.7764105796813965,base,1
1952,1,0,0.09534945975773548,-2.875561475753784,-0.6255614161491394,base,No
1953,1,0,0.9914225156000332,-0.8913849592208862,-5.641385078430176,base,1
1954,1,0,0.5312093733737563,-1.509242057800293,-1.634242057800293,base,1
1955,1,0,0.9924227596285723,-1.1660679578781128,-6.041068077087402,base,1
1956,1,0,0.37754066879814546,-1.8422008752822876,-1.3422008752822876,base,1
1957,1,0,0.8933094060543487,-1.030853509902954,-3.155853509902954,base,1
1958,1,0,0.04742587587030561,-3.7090418338775635,-0.7090418934822083,base,no
1959,1,0,0.014063625390308462,-4.852773666381836,-0.6027735471725464,base,No
1960,1,0,0.34864513533394575,-1.8802937269210815,-1.2552937269210815,base,no
1961,1,1,0.9740426458162398,-0.750789999961853,-4.375790119171143,base,Yes
1962,1,0,0.9669140216112958,-0.9091401100158691,-4.284140110015869,base,1
1963,1,0,0.6224593312018546,-1.3405885696411133,-1.8405885696411133,base,1
1964,1,0,0.6224593312018546,-1.4229446649551392,-1.9229446649551392,base,1
1965,1,0,0.7057850525911202,-1.2438710927963257,-2.1188712120056152,base,1
1966,1,0,0.8175744761936437,-1.155088186264038,-2.655088186264038,base,1
1967,1,1,0.8807970779778823,-0.7546539306640625,-2.7546539306640625,base,Yes
1968,1,0,0.9940889297427778,-0.9896423816680908,-6.114642143249512,base,1
1969,1,0,0.9241418199787566,-1.3331408500671387,-3.8331408500671387,base,1
1970,1,0,0.9706877692486436,-1.0455207824707031,-4.545520782470703,base,1
1971,1,0,0.05340332377362639,-3.538382053375244,-0.6633819341659546,base,No
1972,1,0,0.029312230751356316,-4.266261577606201,-0.7662615776062012,base,no
1973,1,1,0.9046505351008906,-0.8560969829559326,-3.1060969829559326,base,Yes
1974,1,0,0.998967769147632,-0.8003047108650208,-7.675304889678955,base,1
1975,1,0,0.9465966641739773,-0.8878055810928345,-3.762805461883545,base,1
1976,1,0,0.9579122792935059,-0.9645398259162903,-4.089540004730225,base,1
1977,1,0,0.9706877726405082,-1.0323199033737183,-4.532320022583008,base,1
1978,1,0,0.8519528019683106,-1.056222915649414,-2.806222915649414,base,1
1979,1,0,0.7549149868676283,-1.2957737445831299,-2.42077374458313,base,1
1980,1,0,0.9820137868795701,-0.9741160273551941,-4.97411584854126,base,1
1981,1,0,0.9947798739969221,-0.923340380191803,-6.173340320587158,base,1
1982,1,0,0.6224593312018546,-1.291281819343567,-1.791281819343567,base,1
1983,1,0,0.8354835371034369,-1.2120697498321533,-2.8370697498321533,base,1
1984,1,0,0.679178699175393,-1.1516344547271729,-1.9016344547271729,base,1
1985,1,1,0.985936373783223,-0.7567419409751892,-5.006742000579834,base,Yes
1986,1,0,0.9982992777909617,-0.7784155607223511,-7.153415679931641,base,1
1987,1,1,0.9465966762263737,-0.827621340751648,-3.7026214599609375,base,Yes
1988,1,0,0.22270013882530884,-2.3159780502319336,-1.0659780502319336,base,no
1989,1,1,0.7981867873410141,-0.9420956969261169,-2.3170957565307617,base,Yes
1990,1,0,0.9525741268224334,-1.0463972091674805,-4.0463972091674805,base,1
1991,1,0,0.0474258704848281,-3.7070839405059814,-0.7070838809013367,base,no
1992,1,1,0.9706877743364403,-0.7394621968269348,-4.239462375640869,base,Yes
1993,1,1,0.8519528170040853,-0.9263728857040405,-2.67637300491333,base,Yes
1994,1,0,0.9740426412951848,-0.9663987755775452,-4.5913987159729,base,1
1995,1,0,0.5926665999540697,-1.413746953010559,-1.788746953010559,base,1
1996,1,0,0.5,-1.5125819444656372,-1.5125819444656372,base,1
1997,1,0,0.9241418199787566,-0.87764573097229,-3.37764573097229,base,1
1998,1,0,0.13296424019782924,-2.8298957347869873,-0.9548957347869873,base,no
1999,1,0,0.03308598029553404,-4.1943278312683105,-0.8193278908729553,base,no
2000,1,0,0.9626731062304432,-0.9740363955497742,-4.22403621673584,base,1
2001,1,0,0.6224593312018546,-1.3084455728530884,-1.8084455728530884,base,1
2002,1,0,0.9669140216112958,-1.1821527481079102,-4.55715274810791,base,1
2003,1,0,0.9706877726405082,-0.9438666105270386,-4.443866729736328,base,1
2004,1,0,0.966914017797636,-0.999886155128479,-4.3748860359191895,base,1
2005,1,0,0.9579122816965473,-1.1080405712127686,-4.233040809631348,base,1
2006,1,0,0.9579122768904644,-1.0839070081710815,-4.208907127380371,base,1
2007,1,0,0.03308598410919419,-4.161008358001709,-0.7860085368156433,base,no
2008,1,0,0.16451647108926923,-2.556920289993286,-0.9319203495979309,base,No
2009,1,0,0.8175744761936437,-0.9803376197814941,-2.480337619781494,base,1
2010,1,0,0.9975273765493344,-1.0248295068740845,-7.024829387664795,base,1
2011,1,1,0.9964063980588568,-0.5687921643257141,-6.193792343139648,base,Yes
2012,1,0,0.9399133498259924,-1.0192310810089111,-3.769231081008911,base,1
2013,1,0,0.4378234991142019,-1.6944538354873657,-1.4444538354873657,base,1
2014,1,0,0.9859363704773486,-0.869027316570282,-5.119027137756348,base,1
2015,1,0,0.9046505351008906,-1.1527845859527588,-3.402784585952759,base,1
2016,1,0,0.9995121429934752,-1.1207234859466553,-8.745723724365234,base,1
2017,1,1,0.9914225161069058,-0.7680848240852356,-5.51808500289917,base,Yes
2018,1,0,0.6513548646660542,-1.3348990678787231,-1.9598990678787231,base,1
2019,1,0,0.29421497216298875,-2.0647244453430176,-1.1897244453430176,base,no
2020,1,0,0.8670357735451834,-0.9692610502243042,-2.8442611694335938,base,1
2021,1,0,0.010986945221304533,-5.0543107986450195,-0.5543110370635986,base,no
2022,1,0,0.9840936064221572,-0.9970270395278931,-5.1220269203186035,base,1
2023,1,0,0.5,-1.5679755210876465,-1.5679755210876465,base,1
2024,1,0,0.9740426397881662,-1.172622799873352,-4.7976226806640625,base,1
2025,1,0,0.24508501313237172,-2.1059913635253906,-0.9809913635253906,base,No
2026,1,1,0.8519527869325346,-0.8134971857070923,-2.5634970664978027,base,Yes
2027,1,0,0.9669140216112958,-1.0606422424316406,-4.435642242431641,base,1
2028,1,0,0.1480471980316895,-2.669182300567627,-0.919182300567627,base,no
2029,1,0,0.9820137900379085,-0.9188203811645508,-4.918820381164551,base,1
2030,1,0,0.8175744761936437,-0.9880599975585938,-2.4880599975585938,base,1
2031,1,0,0.982013788985129,-0.803166925907135,-4.80316686630249,base,1
2032,1,1,0.7772998611746911,-1.0301055908203125,-2.2801055908203125,base,Yes
2033,1,0,0.07585817584273653,-3.3202507495880127,-0.8202506899833679,base,No
2034,1,0,0.7310585786300049,-1.1546738147735596,-2.1546738147735596,base,1
2035,1,0,0.7981867969424066,-1.0694369077682495,-2.444437026977539,base,1
2036,1,0,0.9399133531922388,-0.9635311961174011,-3.713531255722046,base,1
2037,1,0,0.4073334000459302,-1.8502390384674072,-1.4752390384674072,base,1
2038,1,0,0.7549149868676283,-1.1264400482177734,-2.2514400482177734,base,1
2039,1,0,0.9971990726999176,-1.0676828622817993,-6.94268274307251,base,1
2040,1,0,0.679178699175393,-1.2957701683044434,-2.0457701683044434,base,1
2041,1,1,0.9740426382811477,-0.7990877032279968,-4.4240875244140625,base,Yes
2042,1,0,0.9399133498259924,-0.9213762283325195,-3.6713762283325195,base,1
2043,1,0,0.8807970779778823,-1.1178112030029297,-3.1178112030029297,base,1
2044,1,0,0.9890130586647624,-1.0628827810287476,-5.562882900238037,base,1
2045,1,0,0.995929862284104,-1.107348918914795,-6.607348918914795,base,1
2046,1,0,0.9840936064221572,-0.9963957071304321,-5.121395587921143,base,1
2047,1,0,0.893309411735131,-0.9909715056419373,-3.115971565246582,base,1
2048,1,0,0.9579122816965473,-1.0400817394256592,-4.165081977844238,base,1
2049,1,0,0.9890130547786954,-1.2828295230865479,-5.782829284667969,base,1
2050,1,0,0.9399133531922388,-0.9068588614463806,-3.6568589210510254,base,1
2051,1,0,0.4073334000459302,-1.7330392599105835,-1.3580392599105835,base,1
2052,1,0,0.06754668738548215,-3.3470284938812256,-0.7220284342765808,base,No
2053,1,0,0.9964063969917284,-1.2272177934646606,-6.852217674255371,base,1
2054,1,0,0.8175744939732856,-1.0127061605453491,-2.5127062797546387,base,1
2055,1,0,0.5312093733737563,-1.4397417306900024,-1.5647417306900024,base,1
2056,1,1,0.8175744584140004,-0.9092041254043579,-2.4092040061950684,base,Yes
2057,1,0,0.7549149868676283,-1.2348048686981201,-2.35980486869812,base,1
2058,1,0,0.9859363729567544,-1.1583757400512695,-5.4083757400512695,base,1
2059,1,0,0.0373268852023206,-3.9949543476104736,-0.7449542880058289,base,No
2060,1,0,0.9924227605250054,-1.1799895763397217,-6.054989814758301,base,1
2061,1,0,0.5312093733737563,-1.5442302227020264,-1.6692302227020264,base,1
2062,1,0,0.996827317534528,-1.250851035118103,-7.000851154327393,base,1
2063,1,0,0.9525741268224334,-0.984499454498291,-3.984499454498291,base,1
2064,1,0,0.0075772430607274135,-5.5838212966918945,-0.7088215351104736,base,No
2065,1,0,0.34864513533394575,-1.9116846323013306,-1.2866846323013306,base,no
2066,1,0,0.984093612020241,-1.159391164779663,-5.284391403198242,base,1
2067,1,0,0.9324533013520764,-1.1260515451431274,-3.751051425933838,base,1
2068,1,0,0.9579122672782973,-0.9653397798538208,-4.090339660644531,base,1
2069,1,0,0.9924227569392726,-1.195554494857788,-6.070554256439209,base,1
2070,1,0,0.9914225140794153,-0.864131510257721,-5.614131450653076,base,1
2071,1,0,0.02297737258620403,-4.445164680480957,-0.6951647996902466,base,No
2072,1,0,0.5621765008857981,-1.2609388828277588,-1.5109388828277588,base,1
2073,1,0,0.8175744761936437,-1.0606446266174316,-2.5606446266174316,base,1
2074,1,0,0.9740426428022031,-1.1546926498413086,-4.779692649841309,base,1
2075,1,0,0.5926665999540697,-1.5546208620071411,-1.9296208620071411,base,1
2076,1,1,0.9241418241572634,-0.6807889342308044,-3.180788993835449,base,Yes
2077,1,0,0.9149009642742806,-1.031931757926941,-3.4069318771362305,base,1
2078,1,0,0.9902915235185259,-1.073117733001709,-5.698117733001709,base,1
2079,1,0,0.9840936045561286,-1.148555040359497,-5.273554801940918,base,1
2080,1,0,0.9890130573694068,-1.046351432800293,-5.546351432800293,base,1
2081,1,0,0.46879062662624377,-1.5713180303573608,-1.4463180303573608,base,1
2082,1,0,0.09534947518185825,-3.095179557800293,-0.8451796770095825,base,No
2083,1,0,0.9324533126145177,-0.9406589865684509,-3.5656590461730957,base,1
2084,1,0,0.22270011818961086,-2.3356480598449707,-1.0856479406356812,base,No
2085,1,0,0.22270013882530884,-2.3165066242218018,-1.0665066242218018,base,no
2086,1,0,0.1824255415859996,-2.3776817321777344,-0.8776818513870239,base,No
2087,1,1,0.9940889314940008,-0.5514740347862244,-5.676474094390869,base,Yes
2088,1,0,0.009708475335369565,-5.337632656097412,-0.7126325368881226,base,no
2089,1,0,0.9399133498259924,-1.0194425582885742,-3.769442558288574,base,1
2090,1,0,0.9840936073551713,-0.987117350101471,-5.112117290496826,base,1
2091,1,0,0.18242550602671442,-2.4431309700012207,-0.9431308507919312,base,No
2092,1,0,0.08509904036636974,-3.2564263343811035,-0.8814262747764587,base,no
2093,1,0,0.985936373783223,-0.994994580745697,-5.244994640350342,base,1
2094,1,0,0.9953904278206259,-0.9131417274475098,-6.28814172744751,base,1
2095,1,0,0.9465966581477782,-1.1268184185028076,-4.0018181800842285,base,1
2096,1,0,0.9978172836844708,-0.7692374587059021,-6.894237518310547,base,1
2097,1,1,0.9525741214369554,-0.7323728799819946,-3.732372760772705,base,Yes
2098,1,0,0.9706877675527112,-0.9540210366249084,-4.454020977020264,base,1
2099,1,0,0.5,-1.330715537071228,-1.330715537071228,base,No
2100,1,0,0.6513548646660542,-1.3498868942260742,-1.9748868942260742,base,1
2101,1,0,0.20181320305759334,-2.374605178833008,-0.9996050596237183,base,No
2102,1,0,0.7549149868676283,-1.2048158645629883,-2.3298158645629883,base,1
2103,1,0,0.13296424706933604,-2.7233686447143555,-0.8483687043190002,base,No
2104,1,0,0.060086646807761206,-3.4421629905700684,-0.6921629309654236,base,No
2105,1,0,0.9324533088603709,-1.1357831954956055,-3.7607831954956055,base,1
2106,1,0,0.7772998818103892,-1.2602800130844116,-2.510280132293701,base,1
2107,1,0,0.8670357598021706,-1.1445443630218506,-3.0195443630218506,base,1
2108,1,0,0.017986212067650338,-4.662839412689209,-0.6628395318984985,base,No
2109,1,0,0.9669140158908057,-0.9568974375724792,-4.331897258758545,base,1
2110,1,0,0.9046505351008906,-0.9823288917541504,-3.2323288917541504,base,1
2111,1,0,0.9465966702001757,-1.0033364295959473,-3.8783364295959473,base,1
2112,1,0,0.9820137900379085,-1.234281063079834,-5.234281063079834,base,1
2113,1,1,0.9940889304432671,-0.6875530481338501,-5.8125529289245605,base,Yes
2114,1,0,0.16451644651115205,-2.5386223793029785,-0.913622260093689,base,No
2115,1,0,0.9706877692486436,-1.1248674392700195,-4.6248674392700195,base,1
2116,1,0,0.8354835371034369,-1.0920288562774658,-2.717028856277466,base,1
2117,1,0,0.9902915240915781,-0.9526452422142029,-5.577645301818848,base,1
2118,1,0,0.9626731126558706,-1.0363125801086426,-4.286312580108643,base,1
2119,1,0,0.017986212067650338,-4.683089733123779,-0.6830898523330688,base,No
2120,1,0,0.01243165304850344,-4.828308582305908,-0.45330876111984253,base,no
2121,1,0,0.07585818837825822,-3.3532891273498535,-0.8532892465591431,base,No
2122,1,0,0.1329642333263228,-2.781035900115967,-0.906035840511322,base,No
2123,1,0,0.9525741241296944,-0.9536486268043518,-3.953648567199707,base,1
2124,1,0,0.11920290950590741,-2.9482903480529785,-0.948290228843689,base,no
2125,1,0,0.18242550602671442,-2.4898805618286133,-0.9898804426193237,base,no
2126,1,0,0.9840936101542134,-0.9447554349899292,-5.069755554199219,base,1
2127,1,0,0.8670357598021706,-1.0672321319580078,-2.942232131958008,base,1
2128,1,0,0.7772998611746911,-1.1948232650756836,-2.4448232650756836,base,1
2129,1,0,0.6513548646660542,-1.399613618850708,-2.024613618850708,base,1
2130,1,0,0.9890130573694068,-1.1273841857910156,-5.627384185791016,base,1
2131,1,0,0.9706877658567789,-0.8678995370864868,-4.367899417877197,base,1
2132,1,0,0.1329642333263228,-2.7634358406066895,-0.8884357810020447,base,No
2133,1,0,0.08509904500702024,-3.254457712173462,-0.8794577121734619,base,no
2134,1,0,0.37754066879814546,-1.727304220199585,-1.227304220199585,base,no
2135,1,0,0.9933071482832051,-0.9646545648574829,-5.964654445648193,base,1
2136,1,0,0.13296425394084313,-2.622147560119629,-0.7471476793289185,base,No
2137,1,0,0.32082130082460697,-1.7834270000457764,-1.0334270000457764,base,No
2138,1,0,0.9669140139839756,-0.9564201831817627,-4.331419944763184,base,1
2139,1,1,0.8175744584140004,-0.7724300622940063,-2.272429943084717,base,Yes
2140,1,0,0.9940889304432671,-0.8175421953201294,-5.94254207611084,base,1
2141,1,0,0.9859363704773486,-0.9427420496940613,-5.192741870880127,base,1
2142,1,0,0.07585818002124356,-3.403716564178467,-0.9037165641784668,base,no
2143,1,1,0.7310585786300049,-1.0614917278289795,-2.0614917278289795,base,Yes
2144,1,0,0.4378234991142019,-1.744332194328308,-1.494332194328308,base,1
2145,1,0,0.8670357735451834,-1.1376904249191284,-3.012690544128418,base,1
2146,1,0,0.9149009549929797,-1.2209818363189697,-3.5959818363189697,base,1
2147,1,0,0.1824255415859996,-2.5108861923217773,-1.010886311531067,base,no
2148,1,0,0.9706877624649134,-1.0583646297454834,-4.558364391326904,base,1
2149,1,0,0.46879062662624377,-1.455033540725708,-1.330033540725708,base,No
2150,1,0,0.9241418283357702,-0.9105104207992554,-3.410510540008545,base,1
2151,1,0,0.37754066879814546,-1.7218220233917236,-1.2218220233917236,base,no
2152,1,0,0.9241418199787566,-1.093592882156372,-3.593592882156372,base,1
2153,1,0,0.4073334000459302,-1.6505706310272217,-1.2755706310272217,base,no
2154,1,0,0.9324533013520764,-1.0767594575881958,-3.7017593383789062,base,1
2155,1,0,0.9626731105140616,-0.8445387482643127,-4.094538688659668,base,1
2156,1,0,0.9820137942490252,-1.200336217880249,-5.200336456298828,base,1
2157,1,0,0.07585818002124356,-3.203634262084961,-0.7036342620849609,base,No
2158,1,0,0.9324533088603709,-0.928288459777832,-3.553288459777832,base,1
2159,1,0,0.7057850278370112,-1.2424147129058838,-2.117414712905884,base,1
2160,1,0,0.09534945975773548,-3.0553441047668457,-0.8053440451622009,base,no
2161,1,0,0.9324533088603709,-1.0397412776947021,-3.664741277694702,base,1
2162,1,0,0.02931223583915389,-4.25144624710083,-0.7514464259147644,base,No
2163,1,0,0.4378234991142019,-1.6979728937149048,-1.4479728937149048,base,1
2164,1,0,0.9820137879323497,-0.8853350877761841,-4.8853349685668945,base,1
2165,1,0,0.29421497216298875,-1.9577683210372925,-1.0827683210372925,base,No
2166,1,0,0.9914225156000332,-0.9519656896591187,-5.701965808868408,base,1
2167,1,0,0.8519528019683106,-1.2310597896575928,-2.9810597896575928,base,1
2168,1,0,0.9324533051062237,-0.9444411396980286,-3.569441080093384,base,1
2169,1,0,0.46879062662624377,-1.480281949043274,-1.355281949043274,base,No
2170,1,0,0.04208773031866069,-3.792618751525879,-0.6676188111305237,base,No
2171,1,0,0.1480472055495773,-2.6434311866760254,-0.8934312462806702,base,No
2172,1,1,0.9399133498259924,-0.7389645576477051,-3.488964557647705,base,Yes
2173,1,0,0.7057850278370112,-1.3449101448059082,-2.219910144805908,base,1
2174,1,0,0.9914225125587972,-1.1437900066375732,-5.893789768218994,base,1
2175,1,0,0.731058602067973,-1.2669771909713745,-2.266977310180664,base,1
2176,1,0,0.9706877692486436,-1.0456409454345703,-4.54564094543457,base,1
2177,1,1,0.9978172835546547,-0.6609148979187012,-6.785914897918701,base,Yes
2178,1,0,0.29421497216298875,-1.9658045768737793,-1.0908045768737793,base,No
2179,1,0,0.9902915258107348,-0.8529632091522217,-5.477963447570801,base,1
2180,1,0,0.09534945975773548,-3.087437868118286,-0.8374378085136414,base,no
2181,1,0,0.8519528019683106,-1.124319076538086,-2.874319076538086,base,1
2182,1,0,0.7772998611746911,-1.1501822471618652,-2.4001822471618652,base,1
2183,1,0,0.08509904036636974,-3.137375593185425,-0.76237553358078,base,No
2184,1,0,0.0159063898457867,-4.8179779052734375,-0.692977786064148,base,no
2185,1,0,0.8933094060543487,-1.0499966144561768,-3.1749966144561768,base,1
2186,1,0,0.9706877624649134,-1.1103765964508057,-4.610376358032227,base,1
2187,1,0,0.9964063974185798,-0.9621472358703613,-6.587147235870361,base,1
2188,1,1,0.7549149868676283,-0.8317141532897949,-1.956714153289795,base,Yes
2189,1,0,0.9669140292386145,-1.1126396656036377,-4.487639904022217,base,1
2190,1,0,0.09534947518185825,-3.080873489379883,-0.8308736085891724,base,no
2191,1,0,0.9940889307935117,-0.862676203250885,-5.98767614364624,base,1
2192,1,0,0.8175744584140004,-1.0784531831741333,-2.5784530639648438,base,1
2193,1,0,0.9324533163686646,-1.0015538930892944,-3.626554012298584,base,1
2194,1,1,0.9399133498259924,-0.7998206615447998,-3.5498206615448,base,Yes
2195,1,0,0.9626731190812967,-0.9023879170417786,-4.152388095855713,base,1
2196,1,0,0.9669140139839756,-1.008129358291626,-4.383129119873047,base,1
2197,1,0,0.9399133498259924,-1.0671653747558594,-3.8171653747558594,base,1
2198,1,0,0.13296424706933604,-2.695835828781128,-0.8208358883857727,base,No
2199,1,0,0.46879062662624377,-1.6726597547531128,-1.5476597547531128,base,1
2200,1,1,0.9740426473232578,-0.7989442944526672,-4.423944473266602,base,Yes
2201,1,0,0.9706877692486436,-1.058962345123291,-4.558962345123291,base,1
2202,1,0,0.4073334000459302,-1.5509999990463257,-1.1759999990463257,base,No
2203,1,0,0.9669140216112958,-1.1398320198059082,-4.514832019805908,base,1
2204,1,0,0.46879062662624377,-1.565364956855774,-1.440364956855774,base,1
2205,1,0,0.835483553488848,-1.1520298719406128,-2.7770299911499023,base,1
2206,1,0,0.9740426428022031,-1.1913704872131348,-4.816370487213135,base,1
2207,1,0,0.294214996917099,-2.096137046813965,-1.2211371660232544,base,no
2208,1,0,0.8670357735451834,-1.0673292875289917,-2.9423294067382812,base,1
2209,1,0,0.9933071482832051,-0.7820097208023071,-5.782009601593018,base,1
2210,1,0,0.32082130082460697,-2.009178876876831,-1.259178876876831,base,1
2211,1,1,0.9324533088603709,-0.7503461837768555,-3.3753461837768555,base,Yes
2212,1,0,0.46879062662624377,-1.5958232879638672,-1.4708232879638672,base,1
2213,1,0,0.22270013882530884,-2.270817756652832,-1.020817756652832,base,No
2214,1,0,0.01098694392594878,-5.263187885284424,-0.7631880044937134,base,no
2215,1,0,0.2689414213699951,-2.1332273483276367,-1.1332273483276367,base,no
2216,1,0,0.9964063974185798,-0.9993505477905273,-6.624350547790527,base,1
2217,1,0,0.01406362952265135,-4.790472030639648,-0.5404722094535828,base,No
2218,1,0,0.977022627413796,-0.9040461778640747,-4.654046058654785,base,1
2219,1,0,0.8519528019683106,-1.198594331741333,-2.948594331741333,base,1
2220,1,0,0.6791787251504998,-1.2715829610824585,-2.021583080291748,base,1
2221,1,0,0.9902915223724212,-0.9523974657058716,-5.577397346496582,base,1
2222,1,0,0.34864513533394575,-1.7964099645614624,-1.1714099645614624,base,no
2223,1,0,0.7057850278370112,-1.2450425624847412,-2.120042562484741,base,1
2224,1,0,0.13296424706933604,-2.676748752593994,-0.8017488121986389,base,no
2225,1,0,0.9324533013520764,-0.9246584177017212,-3.5496582984924316,base,1
2226,1,0,0.13296425394084313,-2.827230930328369,-0.9522310495376587,base,no
2227,1,0,0.9770226260757067,-0.8894678950309753,-4.639467716217041,base,1
2228,1,0,0.09534945975773548,-3.089465379714966,-0.839465320110321,base,No
2229,1,0,0.037326887344129464,-4.098605155944824,-0.8486051559448242,base,no
2230,1,0,0.9579122672782973,-0.9191943407058716,-4.044194221496582,base,1
2231,1,0,0.7549149868676283,-1.2893342971801758,-2.414334297180176,base,1
2232,1,0,0.9933071498682252,-1.0595005750656128,-6.059500694274902,base,1
2233,1,0,0.7772998405389918,-1.1521707773208618,-2.4021706581115723,base,1
2234,1,0,0.1480471980316895,-2.6584856510162354,-0.9084856510162354,base,no
2235,1,0,0.9940889297427778,-1.058983564376831,-6.183983325958252,base,1
2236,1,0,0.9669140216112958,-1.0011329650878906,-4.376132965087891,base,1
2237,1,1,0.8933094003735664,-0.8049867749214172,-2.9299867153167725,base,Yes
2238,1,0,0.32082130082460697,-1.9295978546142578,-1.1795978546142578,base,no
2239,1,0,0.9465966732132748,-0.9290739893913269,-3.8040740489959717,base,1
2240,1,0,0.4378234991142019,-1.2240153551101685,-0.9740153551101685,base,No
2241,1,0,0.5926665999540697,-1.3301864862442017,-1.7051864862442017,base,1
2242,1,0,0.05340332678672523,-3.6072912216186523,-0.7322911620140076,base,No
2243,1,0,0.914900950352329,-0.9931913018226624,-3.3681912422180176,base,1
2244,1,1,0.9241418241572634,-0.7671491503715515,-3.2671492099761963,base,Yes
2245,1,1,0.9770226327661524,-0.7625125646591187,-4.512512683868408,base,Yes
2246,1,1,0.9933071486794601,-0.738896906375885,-5.73889684677124,base,Yes
2247,1,0,0.05340333582602272,-3.6653895378112793,-0.7903896570205688,base,No
2248,1,0,0.679178673200285,-1.277281403541565,-2.0272812843322754,base,1
2249,1,0,0.9324533088603709,-1.0126495361328125,-3.6376495361328125,base,1
2250,1,0,0.13296424019782924,-2.7582809925079346,-0.8832809925079346,base,No
2251,1,0,0.9324533013520764,-0.8702808618545532,-3.4952807426452637,base,1
2252,1,0,0.06754668738548215,-3.3470780849456787,-0.7220780253410339,base,No
2253,1,1,0.9968273169690082,-0.672800600528717,-6.422800540924072,base,Yes
2254,1,0,0.6791787251504998,-1.4704407453536987,-2.2204408645629883,base,1
2255,1,0,0.34864513533394575,-1.8929399251937866,-1.2679399251937866,base,1
2256,1,0,0.022977371248114782,-4.480762481689453,-0.7307625412940979,base,no
2257,1,0,0.24508499107646636,-2.130413055419922,-1.0054129362106323,base,no
2258,1,0,0.5926665999540697,-1.2651245594024658,-1.6401245594024658,base,1
2259,1,1,0.7981867873410141,-0.9765395522117615,-2.3515396118164062,base,Yes
2260,1,0,0.9820137910906878,-0.9151853919029236,-4.915185451507568,base,1
2261,1,0,0.9525741268224334,-1.0422301292419434,-4.042230129241943,base,1
2262,1,0,0.9796676419082933,-0.7933332920074463,-4.668333053588867,base,1
2263,1,0,0.24508500210441886,-2.078073501586914,-0.9530734419822693,base,No
2264,1,0,0.8354835371034369,-1.23203706741333,-2.85703706741333,base,1
2265,1,0,0.9994472214289364,-1.065916895866394,-8.565917015075684,base,1
2266,1,0,0.09534945461636171,-3.071702003479004,-0.8217018842697144,base,No
2267,1,0,0.10669059394565118,-2.9279274940490723,-0.8029274940490723,base,No
2268,1,0,0.9669140292386145,-0.883986234664917,-4.258986473083496,base,1
2269,1,0,0.7549149868676283,-1.2385814189910889,-2.363581418991089,base,1
2270,1,0,0.6224593312018546,-1.278488278388977,-1.778488278388977,base,1
2271,1,1,0.8933094003735664,-0.802051842212677,-2.9270517826080322,base,Yes
2272,1,0,0.32082130082460697,-1.884545087814331,-1.134545087814331,base,No
2273,1,0,0.0373268852023206,-4.0296101570129395,-0.7796100974082947,base,no
2274,1,0,0.9324533163686646,-0.9597653150558472,-3.5847654342651367,base,1
2275,1,0,0.9968273179115414,-1.2271325588226318,-6.977132797241211,base,1
2276,1,0,0.8670357598021706,-1.0357916355133057,-2.9107916355133057,base,1
2277,1,0,0.9740426397881662,-0.8789573907852173,-4.503957271575928,base,1
2278,1,0,0.1480471829959148,-2.7932891845703125,-1.043289065361023,base,No
2279,1,0,0.9399133498259924,-1.0549445152282715,-3.8049445152282715,base,1
2280,1,0,0.9324533088603709,-1.0159425735473633,-3.6409425735473633,base,1
2281,1,0,0.060086646807761206,-3.5031676292419434,-0.7531675696372986,base,no
2282,1,0,0.7057850278370112,-1.3430547714233398,-2.21805477142334,base,1
2283,1,0,0.8933094174159129,-0.9455469846725464,-3.070547103881836,base,1
2284,1,0,0.9399133498259924,-1.1327929496765137,-3.8827929496765137,base,1
2285,1,0,0.9820137900379085,-1.0679435729980469,-5.067943572998047,base,1
2286,1,0,0.6513548646660542,-1.3992717266082764,-2.0242717266082764,base,1
2287,1,0,0.5,-1.598001480102539,-1.598001480102539,base,1
2288,1,0,0.995929863008939,-0.9024055600166321,-6.402405738830566,base,1
2289,1,0,0.9399133498259924,-0.8824512958526611,-3.632451295852661,base,1
2290,1,0,0.7981867777396212,-1.2550714015960693,-2.6300714015960693,base,1
2291,1,0,0.32082130082460697,-1.9126513004302979,-1.1626513004302979,base,No
2292,1,1,0.9902915252376826,-0.7674821019172668,-5.392482280731201,base,Yes
2293,1,0,0.9465966641739773,-0.8928400278091431,-3.7678399085998535,base,1
2294,1,0,0.9933071478869497,-0.913984477519989,-5.913984298706055,base,1
2295,1,0,0.02297737258620403,-4.347917079925537,-0.5979171991348267,base,no
2296,1,1,0.9796676430955554,-0.8103615641593933,-4.685361385345459,base,Yes
2297,1,0,0.5,-1.6589781045913696,-1.6589781045913696,base,1
2298,1,0,0.9669140254249554,-1.018581748008728,-4.393581867218018,base,1
2299,1,0,0.7981867873410141,-0.9784829020500183,-2.353482961654663,base,1
2300,1,0,0.5621765008857981,-1.3973443508148193,-1.6473443508148193,base,1
2301,1,0,0.9947798749254807,-0.9234665632247925,-6.173466682434082,base,1
2302,1,0,0.29421497216298875,-2.030492067337036,-1.1554920673370361,base,no
2303,1,0,0.2689414213699951,-2.0593302249908447,-1.0593302249908447,base,No
2304,1,0,0.8519528019683106,-1.0206375122070312,-2.7706375122070312,base,1
2305,1,1,0.8519528019683106,-0.882138729095459,-2.632138729095459,base,Yes
2306,1,1,0.7057850278370112,-1.0392894744873047,-1.9142894744873047,base,Yes
2307,1,0,0.9525741241296944,-0.9386757016181946,-3.93867564201355,base,1
2308,1,0,0.9959298618008804,-1.0683470964431763,-6.568346977233887,base,1
2309,1,0,0.9740426412951848,-0.9803138375282288,-4.605313777923584,base,1
2310,1,0,0.9046505299595163,-0.8841176629066467,-3.134117603302002,base,1
2311,1,0,0.9770226287518852,-0.8333831429481506,-4.583383083343506,base,1
2312,1,0,0.9740426458162398,-0.8788059949874878,-4.503806114196777,base,1
2313,1,1,0.9399133464597458,-0.5974612832069397,-3.347461223602295,base,Yes
2314,1,0,0.9669140216112958,-1.0877504348754883,-4.462750434875488,base,1
2315,1,0,0.999290329854517,-0.9597965478897095,-8.209796905517578,base,1
2316,1,0,0.7981867585368343,-1.0682817697525024,-2.443281650543213,base,1
2317,1,0,0.9875683469514964,-0.8678409457206726,-5.242840766906738,base,1
2318,1,0,0.9875683520739038,-1.1699798107147217,-5.544980049133301,base,1
2319,1,0,0.7057850278370112,-1.1832573413848877,-2.0582573413848877,base,1
2320,1,0,0.20181322226037882,-2.3374483585357666,-0.9624483585357666,base,No
2321,1,0,0.32082130082460697,-1.9233003854751587,-1.1733003854751587,base,no
2322,1,1,0.9399133498259924,-0.7560992240905762,-3.506099224090576,base,Yes
2323,1,1,0.8519528170040853,-0.8515170812606812,-2.6015172004699707,base,Yes
2324,1,0,0.37754066879814546,-1.7080998420715332,-1.2080998420715332,base,No
2325,1,0,0.05340333582602272,-3.6276612281799316,-0.7526613473892212,base,No
2326,1,0,0.2227001594610082,-2.413299560546875,-1.1632996797561646,base,no
2327,1,0,0.9465966641739773,-1.1126710176467896,-3.9876708984375,base,1
2328,1,0,0.4378234991142019,-1.695539116859436,-1.445539116859436,base,1
2329,1,0,0.7057850278370112,-1.1826705932617188,-2.0576705932617188,base,1
2330,1,0,0.7057850278370112,-1.1712837219238281,-2.046283721923828,base,1
2331,1,0,0.11920291576401235,-2.834279775619507,-0.8342797160148621,base,No
2332,1,0,0.9399133531922388,-0.9948961138725281,-3.744896173477173,base,1
2333,1,0,0.991422514586288,-1.21136474609375,-5.96136474609375,base,1
2334,1,0,0.014063625390308462,-4.800993919372559,-0.550993800163269,base,No
2335,1,0,0.731058602067973,-1.2646883726119995,-2.264688491821289,base,1
2336,1,1,0.7549149868676283,-1.0414354801177979,-2.166435480117798,base,Yes
2337,1,0,0.9840936064221572,-1.065963864326477,-5.1909637451171875,base,1
2338,1,0,0.9996200155305287,-0.9368447065353394,-8.811844825744629,base,1
2339,1,0,0.24508501313237172,-2.1298599243164062,-1.0048599243164062,base,no
2340,1,0,0.46879062662624377,-1.4687048196792603,-1.3437048196792603,base,No
2341,1,0,0.982013792143467,-0.9456766843795776,-4.945676803588867,base,1
2342,1,0,0.01243165304850344,-5.088943958282471,-0.713944137096405,base,no
2343,1,0,0.7057850278370112,-1.2090482711791992,-2.084048271179199,base,1
2344,1,0,0.06754669489377622,-3.33793568611145,-0.712935745716095,base,no
2345,1,0,0.006692850131774789,-5.583337783813477,-0.583337664604187,base,no
2346,1,0,0.9796676466573412,-1.0877695083618164,-4.962769508361816,base,1
2347,1,0,0.9975273768433653,-1.0918846130371094,-7.091884613037109,base,1
2348,1,0,0.835483553488848,-1.2723854780197144,-2.897385597229004,base,1
2349,1,1,0.7549150089235336,-0.9939903020858765,-2.118990421295166,base,Yes
2350,1,0,0.9465966702001757,-1.1405353546142578,-4.015535354614258,base,1
2351,1,0,0.5312093733737563,-1.6233410835266113,-1.7483410835266113,base,1
2352,1,0,0.9706877692486436,-0.9997682571411133,-4.499768257141113,base,1
2353,1,0,0.9982992776897631,-0.9007782340049744,-7.275778293609619,base,1
2354,1,0,0.9770226354423304,-1.2196762561798096,-4.969676494598389,base,1
2355,1,0,0.9902915246646304,-1.0039070844650269,-5.628907203674316,base,1
2356,1,0,0.9525741268224334,-0.88474440574646,-3.88474440574646,base,1
2357,1,0,0.8175744761936437,-1.0536293983459473,-2.5536293983459473,base,1
2358,1,0,0.5621765008857981,-1.4573601484298706,-1.7073601484298706,base,1
2359,1,0,0.5926665999540697,-1.4993358850479126,-1.8743358850479126,base,1
2360,1,0,0.46879062662624377,-1.6578195095062256,-1.5328195095062256,base,1
2361,1,0,0.29421497216298875,-2.0530025959014893,-1.1780025959014893,base,No
2362,1,0,0.34864513533394575,-1.9510619640350342,-1.3260619640350342,base,1
2363,1,0,0.9324533051062237,-0.9445021748542786,-3.569502115249634,base,1
2364,1,0,0.22270013882530884,-2.356745481491089,-1.1067454814910889,base,no
2365,1,0,0.13296424706933604,-2.7993221282958984,-0.9243221879005432,base,No
2366,1,0,0.9933071498682252,-1.0708216428756714,-6.070821762084961,base,1
2367,1,0,0.9770226327661524,-0.888999342918396,-4.6389994621276855,base,1
2368,1,0,0.002472622862603971,-6.529153347015381,-0.5291532278060913,base,no
2369,1,0,0.017986213120429816,-4.571437358856201,-0.5714375376701355,base,No
2370,1,0,0.9933071478869497,-0.9365732073783875,-5.936573028564453,base,1
2371,1,0,0.991422514586288,-1.0295772552490234,-5.779577255249023,base,1
2372,1,0,0.8933094060543487,-1.0150713920593262,-3.140071392059326,base,1
2373,1,0,0.9840936064221572,-1.0207048654556274,-5.145704746246338,base,1
2374,1,0,0.9975273768433653,-1.0919098854064941,-7.091909885406494,base,1
2375,1,0,0.008577486934330109,-5.455345153808594,-0.7053453326225281,base,no
2376,1,0,0.14804719051380197,-2.736624240875244,-0.9866241812705994,base,no
2377,1,0,0.5312093733737563,-1.5157490968704224,-1.6407490968704224,base,1
2378,1,0,0.9046505351008906,-1.1608972549438477,-3.4108972549438477,base,1
2379,1,0,0.8670357598021706,-0.9089353084564209,-2.783935308456421,base,1
2380,1,0,0.8807970779778823,-1.1183762550354004,-3.1183762550354004,base,1
2381,1,1,0.7981867969424066,-0.8711556196212769,-2.2461557388305664,base,Yes
2382,1,0,0.8933094060543487,-1.1753287315368652,-3.3003287315368652,base,1
2383,1,0,0.8354835371034369,-1.0434248447418213,-2.6684248447418213,base,1
2384,1,0,0.008577487441202876,-5.309632301330566,-0.5596325397491455,base,No
2385,1,0,0.20181322226037882,-2.3520126342773438,-0.9770126342773438,base,No
2386,1,0,0.05340332377362639,-3.6785755157470703,-0.8035753965377808,base,no
2387,1,0,0.9875683498785867,-0.8684706091880798,-5.243470668792725,base,1
2388,1,0,0.9770226341042414,-0.9944794774055481,-4.744479656219482,base,1
2389,1,0,0.7772998611746911,-1.2799670696258545,-2.5299670696258545,base,1
2390,1,0,0.9399133498259924,-1.00614333152771,-3.75614333152771,base,1
2391,1,0,0.7549149648117217,-1.2390586137771606,-2.364058494567871,base,1
2392,1,0,0.8175744761936437,-1.0399699211120605,-2.5399699211120605,base,1
2393,1,0,0.26894139793202687,-2.1395211219787598,-1.1395210027694702,base,no
2394,1,0,0.9902915235185259,-1.0301518440246582,-5.655151844024658,base,1
2395,1,0,0.7057850030829009,-1.2451602220535278,-2.1201601028442383,base,1
2396,1,0,0.9706877658567789,-0.9836694002151489,-4.483669281005859,base,1
2397,1,0,0.8670357598021706,-1.0407378673553467,-2.9157378673553467,base,1
2398,1,0,0.7981867777396212,-1.185098648071289,-2.560098648071289,base,1
2399,1,1,0.9669140216112958,-0.7242507934570312,-4.099250793457031,base,Yes
2400,1,0,0.9706877760323724,-1.0066707134246826,-4.506670951843262,base,1
2401,1,0,0.4073334000459302,-1.6797548532485962,-1.3047548532485962,base,1
2402,1,0,0.9986749774250413,-0.8284255266189575,-7.453425407409668,base,1
2403,1,0,0.07585817584273653,-3.2269580364227295,-0.7269579768180847,base,No
2404,1,0,0.03308598029553404,-4.090732097625732,-0.7157321572303772,base,no
2405,1,0,0.7981867777396212,-1.0332133769989014,-2.4082133769989014,base,1
2406,1,0,0.20181320305759334,-2.463137626647949,-1.0881375074386597,base,no
2407,1,0,0.9975273765493344,-0.9984647035598755,-6.998464584350586,base,1
2408,1,0,0.9840936064221572,-0.956391453742981,-5.081391334533691,base,1
2409,1,0,0.985936373783223,-0.9428867697715759,-5.192886829376221,base,1
2410,1,0,0.7549149868676283,-1.1750617027282715,-2.3000617027282715,base,1
2411,1,0,0.966914017797636,-0.8430191278457642,-4.218019008636475,base,1
2412,1,0,0.9796676514063881,-0.9605100154876709,-4.83551025390625,base,1
2413,1,0,0.006692852509305267,-5.761590003967285,-0.7615902423858643,base,no
2414,1,0,0.8807970904940926,-1.0292738676071167,-3.0292739868164062,base,1
2415,1,0,0.18242552380635632,-2.517441749572754,-1.017441749572754,base,no
2416,1,0,0.02931223244728875,-4.21442985534668,-0.7144299149513245,base,No
2417,1,0,0.9669140216112958,-1.0612177848815918,-4.436217784881592,base,1
2418,1,0,0.5621765008857981,-1.540701150894165,-1.790701150894165,base,1
2419,1,0,0.9902915246646304,-0.9672631025314331,-5.592263221740723,base,1
2420,1,0,0.5312093733737563,-1.475557804107666,-1.600557804107666,base,1
2421,1,0,0.010986941335237732,-5.121346473693848,-0.6213463544845581,base,No
2422,1,0,0.9982992775885648,-1.031662940979004,-7.406662940979004,base,1
2423,1,0,0.9986749773461684,-0.8003584742546082,-7.425358295440674,base,1
2424,1,0,0.9740426428022031,-0.907416820526123,-4.532416820526123,base,1
2425,1,0,0.03308598029553404,-4.110954284667969,-0.7359543442726135,base,no
2426,1,0,0.02297737526238275,-4.468286514282227,-0.7182867527008057,base,No
2427,1,0,0.99849881765392,-0.8587685227394104,-7.358768463134766,base,1
2428,1,0,0.8519528019683106,-1.067455530166626,-2.817455530166626,base,1
2429,1,0,0.10669060530721626,-3.06894588470459,-0.9439460039138794,base,no
2430,1,1,0.9399133498259924,-0.7884187698364258,-3.538418769836426,base,Yes
2431,1,0,0.9933071506607352,-1.1095058917999268,-6.109506130218506,base,1
2432,1,0,0.7549149868676283,-1.1680142879486084,-2.2930142879486084,base,1
2433,1,0,0.1329642333263228,-2.8127713203430176,-0.9377712607383728,base,No
2434,1,0,0.9706877692486436,-0.9834580421447754,-4.483458042144775,base,1
2435,1,0,0.9399133498259924,-1.0266213417053223,-3.7766213417053223,base,1
2436,1,0,0.1480471829959148,-2.698235511779785,-0.9482353925704956,base,No
2437,1,0,0.7772998611746911,-1.1200768947601318,-2.370076894760132,base,1
2438,1,0,0.29421497216298875,-2.133047103881836,-1.258047103881836,base,1
2439,1,0,0.5926665999540697,-1.3559541702270508,-1.7309541702270508,base,1
2440,1,0,0.34864513533394575,-1.9057003259658813,-1.2807003259658813,base,1
2441,1,0,0.9149009549929797,-1.0010826587677002,-3.3760826587677,base,1
2442,1,0,0.9995694427647625,-0.8833049535751343,-8.633304595947266,base,1
2443,1,0,0.009708475908421797,-5.344427585601807,-0.7194275259971619,base,no
2444,1,0,0.9706877624649134,-0.9089481830596924,-4.408947944641113,base,1
2445,1,1,0.9669140292386145,-0.8221156597137451,-4.197115898132324,base,Yes
2446,1,0,0.9465966581477782,-1.140777826309204,-4.015777587890625,base,1
2447,1,0,0.8933093946927838,-1.1587649583816528,-3.2837648391723633,base,1
2448,1,0,0.053403329799824234,-3.536970376968384,-0.6619703769683838,base,No
2449,1,0,0.006692850924284856,-5.709474086761475,-0.7094740867614746,base,no
2450,1,0,0.20181324146316565,-2.3867387771606445,-1.011738896369934,base,No
2451,1,0,0.914900950352329,-0.8991304039955139,-3.274130344390869,base,1
2452,1,0,0.20181324146316565,-2.255094528198242,-0.8800946474075317,base,no
2453,1,0,0.10669058826486906,-2.9958720207214355,-0.8708719611167908,base,no
2454,1,0,0.20181320305759334,-2.2530016899108887,-0.8780015707015991,base,no
2455,1,0,0.9324533126145177,-0.9179226756095886,-3.5429227352142334,base,1
2456,1,0,0.9241418158002492,-0.8658280968666077,-3.365828037261963,base,1
2457,1,0,0.8933094060543487,-1.2124247550964355,-3.3374247550964355,base,1
2458,1,0,0.16451644651115205,-2.6675353050231934,-1.0425351858139038,base,no
2459,1,0,0.5,-1.4501103162765503,-1.4501103162765503,base,1
2460,1,0,0.997199072533437,-0.9988633990287781,-6.873863220214844,base,1
2461,1,0,0.835483553488848,-1.1031440496444702,-2.7281441688537598,base,1
2462,1,0,0.047425867792089564,-3.7758684158325195,-0.77586829662323,base,no
2463,1,1,0.9399133464597458,-0.8502476811408997,-3.600247621536255,base,Yes
2464,1,0,0.6513548646660542,-1.2800495624542236,-1.9050495624542236,base,1
2465,1,0,0.5,-1.6748106479644775,-1.6748106479644775,base,1
2466,1,0,0.5,-1.567764401435852,-1.567764401435852,base,1
2467,1,0,0.9149009642742806,-1.0767182111740112,-3.451718330383301,base,1
2468,1,0,0.029312230751356316,-4.240800857543945,-0.7408008575439453,base,no
2469,1,1,0.5312093733737563,-1.2168548107147217,-1.3418548107147217,base,Yes
2470,1,0,0.5312093733737563,-1.4680687189102173,-1.5930687189102173,base,1
2471,1,0,0.37754066879814546,-1.803158164024353,-1.303158164024353,base,1
2472,1,0,0.07585817166422973,-3.337015151977539,-0.8370150327682495,base,no
2473,1,0,0.09534945975773548,-3.1892142295837402,-0.9392141699790955,base,no
2474,1,0,0.9324533088603709,-0.9984629154205322,-3.6234629154205322,base,1
2475,1,0,0.029312234143221275,-4.241782188415527,-0.7417823076248169,base,No
2476,1,0,0.977022627413796,-1.176888108253479,-4.9268879890441895,base,1
2477,1,0,0.9241418199787566,-1.0794548988342285,-3.5794548988342285,base,1
2478,1,0,0.9959298613176569,-1.0259687900543213,-6.525968551635742,base,1
2479,1,0,0.6513548646660542,-1.3437412977218628,-1.9687412977218628,base,1
2480,1,0,0.9626731212231052,-1.1439087390899658,-4.393908977508545,base,1
2481,1,0,0.9924227569392726,-1.2197997570037842,-6.094799518585205,base,1
2482,1,0,0.8519528019683106,-1.023184061050415,-2.773184061050415,base,1
2483,1,0,0.9933071478869497,-0.8198787569999695,-5.819878578186035,base,1
2484,1,0,0.9820137931962463,-0.9599135518074036,-4.959913730621338,base,1
2485,1,0,0.999704042815946,-1.055410623550415,-9.180410385131836,base,1
2486,1,0,0.8670357598021706,-1.1129820346832275,-2.9879820346832275,base,1
2487,1,0,0.20181324146316565,-2.4571261405944824,-1.082126259803772,base,no
2488,1,0,0.9964063965648771,-0.9023115634918213,-6.527311325073242,base,1
2489,1,0,0.8354835371034369,-1.110666275024414,-2.735666275024414,base,1
2490,1,0,0.8354835207180245,-1.0966006517410278,-2.7216005325317383,base,1
2491,1,0,0.9241418199787566,-1.1044707298278809,-3.604470729827881,base,1
2492,1,0,0.9241418199787566,-1.22318696975708,-3.72318696975708,base,1
2493,1,0,0.020332356904444657,-4.4987688064575195,-0.6237689852714539,base,No
2494,1,0,0.01243165231673086,-4.986824035644531,-0.6118241548538208,base,No
2495,1,0,0.18242550602671442,-2.6119303703308105,-1.111930251121521,base,no
2496,1,0,0.8807970779778823,-1.0543315410614014,-3.0543315410614014,base,1
2497,1,0,0.9740426458162398,-1.1660503149032593,-4.791050434112549,base,1
2498,1,0,0.9669140273317849,-0.9120205044746399,-4.287020683288574,base,1
2499,1,0,0.9324533051062237,-0.8879790902137756,-3.512979030609131,base,1
2500,1,0,0.9626731212231052,-1.065403699874878,-4.315403938293457,base,1
2501,1,1,0.9046505453836383,-0.6652802228927612,-2.915280342102051,base,Yes
2502,1,0,0.3486451082625054,-2.0214385986328125,-1.396438479423523,base,1
2503,1,0,0.5312093733737563,-1.3550057411193848,-1.4800057411193848,base,1
2504,1,0,0.9840936110872273,-0.9299495816230774,-5.054949760437012,base,1
2505,1,0,0.9706877624649134,-1.0452711582183838,-4.545270919799805,base,1
2506,1,0,0.05340332377362639,-3.6543474197387695,-0.77934730052948,base,No
2507,1,0,0.6224593312018546,-1.4224392175674438,-1.9224392175674438,base,1
2508,1,0,0.02931223244728875,-4.320956230163574,-0.820956289768219,base,no
2509,1,0,0.1645164628965632,-2.663179874420166,-1.038179874420166,base,no
2510,1,0,0.8175744584140004,-1.1119595766067505,-2.611959457397461,base,1
2511,1,0,0.9740426458162398,-1.2909554243087769,-4.915955543518066,base,1
2512,1,0,0.9399133531922388,-0.9949235320091248,-3.7449235916137695,base,1
2513,1,0,0.9525741322079105,-1.0318769216537476,-4.031877040863037,base,1
2514,1,0,0.957912262472213,-0.8920090198516846,-4.0170087814331055,base,1
2515,1,0,0.9525741375933872,-1.110358476638794,-4.110358715057373,base,1
2516,1,0,0.1480472055495773,-2.6699485778808594,-0.9199486374855042,base,No
2517,1,0,0.9859363696508799,-1.087043046951294,-5.337042808532715,base,1
2518,1,0,0.0534033328129234,-3.5442748069763184,-0.6692748665809631,base,No
2519,1,0,0.5312093733737563,-1.5021504163742065,-1.6271504163742065,base,1
2520,1,0,0.4073334000459302,-1.7343045473098755,-1.3593045473098755,base,1
2521,1,0,0.29421497216298875,-2.1502468585968018,-1.2752468585968018,base,1
2522,1,0,0.7310585786300049,-1.1546311378479004,-2.1546311378479004,base,1
2523,1,0,0.5,-1.5313303470611572,-1.5313303470611572,base,1
2524,1,0,0.014063627869714051,-4.9959187507629395,-0.7459188103675842,base,no
2525,1,0,0.9840936101542134,-1.1315144300460815,-5.256514549255371,base,1
2526,1,0,0.9980732648781881,-1.0671913623809814,-7.317191123962402,base,1
2527,1,0,0.5621765008857981,-1.3594013452529907,-1.6094013452529907,base,1
2528,1,0,0.9796676466573412,-1.0239043235778809,-4.898904323577881,base,1
2529,1,0,0.9914225166137784,-1.0294349193572998,-5.779435157775879,base,1
2530,1,0,0.32082130082460697,-1.9472081661224365,-1.1972081661224365,base,1
2531,1,0,0.9982992772849691,-0.9457599520683289,-7.3207597732543945,base,1
2532,1,0,0.8670357460591569,-1.107275128364563,-2.9822750091552734,base,1
2533,1,0,0.9324533088603709,-1.015716314315796,-3.640716314315796,base,1
2534,1,0,0.9924227605250054,-1.1431829929351807,-6.01818323135376,base,1
2535,1,0,0.9770226354423304,-0.8884875774383545,-4.638487815856934,base,1
2536,1,0,0.01590639357784294,-4.902515411376953,-0.7775155305862427,base,no
2537,1,0,0.966914017797636,-1.0620805025100708,-4.437080383300781,base,1
2538,1,0,0.025957354183760273,-4.429985523223877,-0.8049854040145874,base,no
2539,1,0,0.7981867777396212,-1.2414286136627197,-2.6164286136627197,base,1
2540,1,0,0.9324533088603709,-1.0622658729553223,-3.6872658729553223,base,1
2541,1,0,0.9706877692486436,-1.2218718528747559,-4.721871852874756,base,1
2542,1,0,0.014063627043245474,-4.777868747711182,-0.5278687477111816,base,no
2543,1,1,0.5621765008857981,-1.3042410612106323,-1.5542410612106323,base,Yes
2544,1,0,0.01243164865786858,-5.16506290435791,-0.7900627255439758,base,no
2545,1,0,0.8933094003735664,-0.9470148682594299,-3.072014808654785,base,1
2546,1,0,0.8175744761936437,-1.2182886600494385,-2.7182886600494385,base,1
2547,1,0,0.8807970654616711,-1.1450883150100708,-3.1450881958007812,base,1
2548,1,0,0.20181323186177208,-2.3723676204681396,-0.9973676800727844,base,no
2549,1,0,0.18242551491653522,-2.344597816467285,-0.8445977568626404,base,No
2550,1,0,0.6791787251504998,-1.3105195760726929,-2.0605196952819824,base,1
2551,1,1,0.9579122720843811,-0.740117073059082,-3.865117073059082,base,Yes
2552,1,0,0.1066905825840872,-2.9507293701171875,-0.825729250907898,base,no
2553,1,0,0.9706877760323724,-0.8934524059295654,-4.3934526443481445,base,1
2554,1,0,0.002472623303650189,-6.685829162597656,-0.685829222202301,base,No
2555,1,0,0.14804721306746543,-2.646463394165039,-0.8964635133743286,base,No
2556,1,0,0.9902915240915781,-0.8079079985618591,-5.432908058166504,base,1
2557,1,0,0.07585818419975078,-3.2903828620910645,-0.7903829216957092,base,No
2558,1,0,0.7772998611746911,-1.2038848400115967,-2.4538848400115967,base,1
2559,1,1,0.6224593312018546,-1.1001182794570923,-1.6001182794570923,base,Yes
2560,1,0,0.24508501313237172,-2.2062554359436035,-1.0812554359436035,base,no
2561,1,0,0.4073334000459302,-1.6839524507522583,-1.3089524507522583,base,1
2562,1,1,0.9046505402422645,-0.7879464030265808,-3.0379464626312256,base,Yes
2563,1,1,0.9964063965648771,-0.7624142169952393,-6.38741397857666,base,Yes
2564,1,0,0.005911067805510302,-5.638317108154297,-0.5133169293403625,base,No
2565,1,0,0.012431650853185818,-5.016678810119629,-0.6416788101196289,base,No
2566,1,1,0.851952809486198,-0.7309998869895935,-2.4809999465942383,base,Yes
2567,1,0,0.01590639077880068,-4.937206745147705,-0.8122066855430603,base,no
2568,1,0,0.8933093946927838,-0.9757958650588989,-3.1007957458496094,base,1
2569,1,0,0.9989677690861697,-1.0780566930770874,-7.953056812286377,base,1
2570,1,0,0.9770226287518852,-0.9187150597572327,-4.668715000152588,base,1
2571,1,0,0.5,-1.4803991317749023,-1.4803991317749023,base,1
2572,1,0,0.09534947518185825,-3.154534339904785,-0.9045344591140747,base,No
2573,1,0,0.08509904500702024,-3.159351110458374,-0.784351110458374,base,No
2574,1,0,0.8807970654616711,-0.987287163734436,-2.9872870445251465,base,1
2575,1,0,0.5926665999540697,-1.4546539783477783,-1.8296539783477783,base,1
2576,1,0,0.1480471980316895,-2.6338837146759033,-0.8838837146759033,base,no
2577,1,0,0.8519528019683106,-1.075587511062622,-2.825587511062622,base,1
2578,1,0,0.7772998818103892,-1.2098811864852905,-2.45988130569458,base,1
2579,1,0,0.9046505351008906,-1.0599868297576904,-3.3099868297576904,base,1
2580,1,0,0.5621765008857981,-1.4448199272155762,-1.6948199272155762,base,1
2581,1,0,0.9875683520739038,-1.0637967586517334,-5.4387969970703125,base,1
2582,1,0,0.996827317534528,-1.067846655845642,-6.817846775054932,base,1
2583,1,0,0.1480471829959148,-2.5689873695373535,-0.818987250328064,base,No
2584,1,0,0.9626731126558706,-1.0364203453063965,-4.2864203453063965,base,1
2585,1,0,0.34864513533394575,-1.9085016250610352,-1.2835016250610352,base,1
2586,1,0,0.7772998405389918,-1.265163540840149,-2.5151634216308594,base,1
2587,1,1,0.9149009549929797,-0.7343242168426514,-3.1093242168426514,base,Yes
2588,1,1,0.939913356558485,-0.7876118421554565,-3.537611961364746,base,Yes
2589,1,0,0.9525741160514771,-1.0084927082061768,-4.008492469787598,base,1
2590,1,0,0.4073334000459302,-1.569474458694458,-1.194474458694458,base,no
2591,1,0,0.34864513533394575,-1.827650785446167,-1.202650785446167,base,no
2592,1,0,0.7981867777396212,-1.0819411277770996,-2.4569411277770996,base,1
2593,1,0,0.9046505351008906,-1.1176247596740723,-3.3676247596740723,base,1
2594,1,0,0.99849881765392,-0.9009299874305725,-7.400929927825928,base,1
2595,1,0,0.08509904500702024,-3.2875587940216064,-0.9125587940216064,base,no
2596,1,0,0.11920292828022305,-2.898710250854492,-0.898710310459137,base,No
2597,1,0,0.033085978388704126,-3.9230945110321045,-0.5480945110321045,base,No
2598,1,0,0.939913356558485,-0.947661280632019,-3.6976613998413086,base,1
2599,1,0,0.0293122256635596,-4.199457168579102,-0.6994569897651672,base,No
2600,1,0,0.9859363696508799,-0.9283640384674072,-5.178363800048828,base,1
2601,1,0,0.985936373783223,-0.8115085959434509,-5.061508655548096,base,1
2602,1,0,0.9046505248181417,-1.1788989305496216,-3.428898811340332,base,1
2603,1,0,0.9525741268224334,-0.8505134582519531,-3.850513458251953,base,1
2604,1,0,0.09534945461636171,-3.1595582962036133,-0.9095581769943237,base,no
2605,1,0,0.7549150089235336,-1.1442674398422241,-2.2692675590515137,base,1
2606,1,1,0.9840936045561286,-0.6652853488922119,-4.790285110473633,base,Yes
2607,1,0,0.7981867777396212,-1.2483384609222412,-2.623338460922241,base,1
2608,1,0,0.8670357460591569,-1.001022458076477,-2.8760223388671875,base,1
2609,1,0,0.8807970779778823,-1.0429694652557373,-3.0429694652557373,base,1
2610,1,1,0.7549149868676283,-1.0419399738311768,-2.1669399738311768,base,Yes
2611,1,1,0.9669140273317849,-0.7626374363899231,-4.137637615203857,base,Yes
2612,1,0,0.9933071506607352,-1.1659443378448486,-6.165944576263428,base,1
2613,1,1,0.7310585786300049,-1.0302584171295166,-2.0302584171295166,base,Yes
2614,1,0,0.9984988173858904,-0.8140280246734619,-7.314027786254883,base,1
2615,1,0,0.11920291576401235,-2.8695456981658936,-0.8695456385612488,base,no
2616,1,0,0.9324533088603709,-0.9552395343780518,-3.5802395343780518,base,1
2617,1,0,0.7549149648117217,-1.1927510499954224,-2.317750930786133,base,1
2618,1,0,0.34864513533394575,-1.9732604026794434,-1.3482604026794434,base,1
2619,1,0,0.20181322226037882,-2.461740732192993,-1.0867407321929932,base,no
2620,1,0,0.9840936045561286,-1.0351650714874268,-5.160164833068848,base,1
2621,1,1,0.9626731147976793,-0.7185994982719421,-3.968599557876587,base,Yes
2622,1,0,0.8933093946927838,-0.9814907312393188,-3.1064906120300293,base,1
2623,1,0,0.5926665999540697,-1.371700644493103,-1.746700644493103,base,1
2624,1,0,0.8933094060543487,-1.0346043109893799,-3.15960431098938,base,1
2625,1,0,0.033085978388704126,-4.063477039337158,-0.6884770393371582,base,No
2626,1,0,0.9914225125587972,-1.1549789905548096,-5.9049787521362305,base,1
2627,1,0,0.8933094060543487,-1.1131470203399658,-3.238147020339966,base,1
2628,1,0,0.46879062662624377,-1.6543067693710327,-1.5293067693710327,base,1
2629,1,1,0.9995694428417189,-0.6947986483573914,-8.444798469543457,base,Yes
2630,1,0,0.2689414213699951,-2.1740059852600098,-1.1740059852600098,base,no
2631,1,0,0.9947798749254807,-1.1086076498031616,-6.358607769012451,base,1
2632,1,0,0.9046505351008906,-0.9841406345367432,-3.234140634536743,base,1
2633,1,0,0.9626731126558706,-1.0145092010498047,-4.264509201049805,base,1
2634,1,0,0.9399133498259924,-1.0289802551269531,-3.778980255126953,base,1
2635,1,0,0.995929862042492,-0.9224191308021545,-6.42241907119751,base,1
2636,1,0,0.09534947004048376,-3.1612815856933594,-0.9112816452980042,base,no
2637,1,0,0.0159063898457867,-4.921425819396973,-0.7964257001876831,base,no
2638,1,1,0.9988304896653178,-0.6957078576087952,-7.44570779800415,base,Yes
2639,1,0,0.8670357598021706,-1.0160562992095947,-2.8910562992095947,base,1
2640,1,0,0.014063627869714051,-4.997237205505371,-0.7472372651100159,base,no
2641,1,0,0.08509904036636974,-3.283630609512329,-0.9086305499076843,base,no
2642,1,0,0.34864513533394575,-1.9446637630462646,-1.3196637630462646,base,1
2643,1,0,0.9964063982722826,-1.0115735530853271,-6.636573791503906,base,1
2644,1,0,0.02595736021183377,-4.44078254699707,-0.8157826662063599,base,no
2645,1,0,0.20181322226037882,-2.4365432262420654,-1.0615432262420654,base,no
2646,1,0,0.20181322226037882,-2.3316690921783447,-0.9566690921783447,base,No
2647,1,0,0.984093612020241,-1.0354201793670654,-5.1604204177856445,base,1
2648,1,0,0.07585817166422973,-3.3182125091552734,-0.8182123899459839,base,No
2649,1,1,0.9740426458162398,-0.7359875440597534,-4.360987663269043,base,Yes
2650,1,0,0.24508501313237172,-2.243882656097412,-1.118882656097412,base,no
2651,1,0,0.7549150089235336,-1.25348699092865,-2.3784871101379395,base,1
2652,1,0,0.005220125074519377,-5.904271125793457,-0.6542710065841675,base,No
2653,1,0,0.9046505453836383,-1.1051706075668335,-3.355170726776123,base,1
2654,1,1,0.9982992778921603,-0.6605170369148254,-7.03551721572876,base,Yes
2655,1,0,0.6513548646660542,-1.3037140369415283,-1.9287140369415283,base,1
2656,1,0,0.5312093733737563,-1.5637258291244507,-1.6887258291244507,base,1
2657,1,0,0.939913356558485,-0.9797905683517456,-3.729790687561035,base,1
2658,1,0,0.9579122720843811,-1.0536284446716309,-4.178628444671631,base,1
2659,1,0,0.0850990357257195,-3.1553573608398438,-0.7803572416305542,base,no
2660,1,0,0.24508503518827837,-2.2080764770507812,-1.0830765962600708,base,no
2661,1,0,0.7981867777396212,-1.1319446563720703,-2.5069446563720703,base,1
2662,1,0,0.46879062662624377,-1.4966706037521362,-1.3716706037521362,base,No
2663,1,0,0.8175744939732856,-1.1834253072738647,-2.6834254264831543,base,1
2664,1,0,0.5621765008857981,-1.4925974607467651,-1.7425974607467651,base,1
2665,1,0,0.5,-1.4970558881759644,-1.4970558881759644,base,1
2666,1,0,0.006692852113050128,-5.653547286987305,-0.653547465801239,base,No
2667,1,0,0.8175744761936437,-1.2261977195739746,-2.7261977195739746,base,1
2668,1,0,0.9770226300899744,-0.8754997253417969,-4.625499725341797,base,1
2669,1,0,0.9241418241572634,-0.9520155787467957,-3.4520156383514404,base,1
2670,1,0,0.4073334000459302,-1.762947916984558,-1.387947916984558,base,1
2671,1,0,0.5,-1.4312214851379395,-1.4312214851379395,base,1
2672,1,0,0.9840936082881853,-1.185389518737793,-5.310389518737793,base,1
2673,1,1,0.9241418241572634,-0.707812488079071,-3.207812547683716,base,Yes
2674,1,0,0.22270013882530884,-2.4061222076416016,-1.1561222076416016,base,no
2675,1,0,0.9465966732132748,-0.9295305609703064,-3.804530620574951,base,1
2676,1,0,0.7057850030829009,-1.3877726793289185,-2.262772560119629,base,1
2677,1,0,0.9975273766963499,-0.8017011284828186,-6.801701068878174,base,1
2678,1,0,0.11920293453832885,-2.9443516731262207,-0.9443517923355103,base,no
2679,1,0,0.8933093946927838,-1.0053154230117798,-3.1303153038024902,base,1
2680,1,0,0.9770226354423304,-1.1889188289642334,-4.9389190673828125,base,1
2681,1,0,0.9740426458162398,-0.9507654905319214,-4.575765609741211,base,1
2682,1,0,0.32082130082460697,-1.9856377840042114,-1.2356377840042114,base,no
2683,1,0,0.009708476481474066,-5.350484848022461,-0.7254848480224609,base,No
2684,1,0,0.5312093733737563,-1.4239481687545776,-1.5489481687545776,base,1
2685,1,0,0.24508501313237172,-2.3032045364379883,-1.1782045364379883,base,No
2686,1,0,0.8670357598021706,-1.2526516914367676,-3.1276516914367676,base,1
2687,1,0,0.46879062662624377,-1.6121728420257568,-1.4871728420257568,base,1
2688,1,0,0.1480472055495773,-2.735642910003662,-0.9856429696083069,base,No
2689,1,0,0.020332356904444657,-4.5597710609436035,-0.6847712397575378,base,no
2690,1,0,0.9324533088603709,-1.067887544631958,-3.692887544631958,base,1
2691,1,0,0.9626731126558706,-1.1853704452514648,-4.435370445251465,base,1
2692,1,0,0.2689414213699951,-2.161344289779663,-1.161344289779663,base,no
2693,1,1,0.8807970779778823,-0.8140997886657715,-2.8140997886657715,base,Yes
2694,1,0,0.9820137900379085,-1.022395133972168,-5.022395133972168,base,1
2695,1,0,0.9399133498259924,-1.1426994800567627,-3.8926994800567627,base,1
2696,1,1,0.9924227596285723,-0.6779583692550659,-5.5529584884643555,base,Yes
2697,1,0,0.9959298632505507,-1.2174084186553955,-6.717408657073975,base,1
2698,1,0,0.7549149868676283,-1.135411262512207,-2.260411262512207,base,1
2699,1,0,0.29421497216298875,-2.1486968994140625,-1.2736968994140625,base,1
2700,1,0,0.982013792143467,-0.950222373008728,-4.950222492218018,base,1
2701,1,0,0.9947798743064417,-0.9481239318847656,-6.198123931884766,base,1
2702,1,0,0.9399133498259924,-0.9916102886199951,-3.741610288619995,base,1
2703,1,1,0.5312093733737563,-1.2350443601608276,-1.3600443601608276,base,Yes
2704,1,0,0.9859363746096915,-1.2575558423995972,-5.507555961608887,base,1
2705,1,0,0.9924227596285723,-1.1337541341781616,-6.008754253387451,base,1
2706,1,0,0.9859363729567544,-1.086977481842041,-5.336977481842041,base,1
2707,1,0,0.9840936045561286,-1.020754098892212,-5.145753860473633,base,1
2708,1,0,0.966914017797636,-1.1416388750076294,-4.51663875579834,base,1
2709,1,0,0.46879062662624377,-1.666971206665039,-1.541971206665039,base,1
2710,1,0,0.9953904283675966,-1.152185320854187,-6.527185440063477,base,1
2711,1,0,0.2689414448079646,-2.156276226043701,-1.1562763452529907,base,no
2712,1,0,0.9940889304432671,-1.000691533088684,-6.1256914138793945,base,1
2713,1,0,0.4073334000459302,-1.6225639581680298,-1.2475639581680298,base,1
2714,1,0,0.9740426397881662,-1.1729427576065063,-4.797942638397217,base,1
2715,1,0,0.0474258704848281,-3.739384174346924,-0.739384114742279,base,no
2716,1,0,0.02033235096813516,-4.463290214538574,-0.5882900953292847,base,no
2717,1,0,0.8807970779778823,-1.1129794120788574,-3.1129794120788574,base,1
2718,1,0,0.9820137942490252,-1.1032941341400146,-5.103294372558594,base,1
2719,1,0,0.9980732655659147,-1.0564154386520386,-7.306415557861328,base,1
2720,1,0,0.9149009549929797,-1.1245300769805908,-3.499530076980591,base,1
2721,1,0,0.7310585551920353,-1.2387639284133911,-2.2387638092041016,base,1
2722,1,0,0.9840936082881853,-1.1478919982910156,-5.272891998291016,base,1
2723,1,0,0.9940889297427778,-0.7925503253936768,-5.917550086975098,base,1
2724,1,0,0.46879062662624377,-1.6266591548919678,-1.5016591548919678,base,1
2725,1,0,0.9902915252376826,-0.8441179394721985,-5.469118118286133,base,1
2726,1,0,0.9399133498259924,-1.0566632747650146,-3.8066632747650146,base,1
2727,1,0,0.7981867777396212,-1.2551794052124023,-2.6301794052124023,base,1
2728,1,0,0.34864513533394575,-1.8223756551742554,-1.1973756551742554,base,1
2729,1,0,0.7549149868676283,-1.281925916671753,-2.406925916671753,base,1
2730,1,0,0.835483553488848,-1.1807841062545776,-2.805784225463867,base,1
2731,1,0,0.977022627413796,-1.0136271715164185,-4.763627052307129,base,1
2732,1,0,0.9796676514063881,-1.1039373874664307,-4.97893762588501,base,1
2733,1,0,0.9859363762626283,-1.114933729171753,-5.364933967590332,base,1
2734,1,0,0.01798620890931226,-4.8114519119262695,-0.8114518523216248,base,no
2735,1,0,0.46879062662624377,-1.7356127500534058,-1.6106127500534058,base,1
2736,1,0,0.9984988175645767,-1.2637492418289185,-7.763749122619629,base,1
2737,1,0,0.9996200153946871,-1.0555403232574463,-8.930540084838867,base,1
2738,1,1,0.9875683476832692,-0.9113746881484985,-5.286374568939209,base,Yes
2739,1,0,0.025957351169724027,-4.3099164962768555,-0.6849162578582764,base,No
2740,1,0,0.9465966822525709,-1.219691514968872,-4.094691753387451,base,1
2741,1,0,0.731058602067973,-1.1998380422592163,-2.199838161468506,base,1
2742,1,0,0.9947798730683632,-1.1526577472686768,-6.402657508850098,base,1
2743,1,0,0.9770226247376173,-1.236886739730835,-4.986886501312256,base,1
2744,1,0,0.37754066879814546,-1.8395620584487915,-1.3395620584487915,base,1
2745,1,0,0.987568350610359,-1.0061286687850952,-5.381128787994385,base,1
2746,1,0,0.4073334000459302,-1.563137412071228,-1.188137412071228,base,No
2747,1,1,0.914900950352329,-0.7444477677345276,-3.119447708129883,base,Yes
2748,1,0,0.24508501313237172,-2.2767791748046875,-1.1517791748046875,base,no
2749,1,0,0.01406362456384003,-4.804413795471191,-0.5544136166572571,base,No
2750,1,0,0.9947798743064417,-1.0491957664489746,-6.299195766448975,base,1
2751,1,0,0.9993736658418905,-1.0465822219848633,-8.421582221984863,base,1
2752,1,0,0.9964063969917284,-1.0490132570266724,-6.674013137817383,base,1
2753,1,0,0.22270013882530884,-2.1530654430389404,-0.9030654430389404,base,no
2754,1,0,0.9579122768904644,-0.906175971031189,-4.0311760902404785,base,1
2755,1,0,0.8175744761936437,-1.1211788654327393,-2.6211788654327393,base,1
2756,1,0,0.977022627413796,-1.0405761003494263,-4.790575981140137,base,1
2757,1,0,0.6513548646660542,-1.2868003845214844,-1.9118003845214844,base,1
2758,1,0,0.9953904280941112,-0.9230603575706482,-6.298060417175293,base,1
2759,1,0,0.9626731040886339,-0.8893702030181885,-4.139369964599609,base,1
2760,1,0,0.9399133531922388,-0.9643124938011169,-3.7143125534057617,base,1
2761,1,0,0.46879062662624377,-1.5651404857635498,-1.4401404857635498,base,1
2762,1,0,0.7981867585368343,-1.0322338342666626,-2.407233715057373,base,1
2763,1,0,0.9241418199787566,-1.03194260597229,-3.53194260597229,base,1
2764,1,0,0.9959298618008804,-0.7818909883499146,-6.281890869140625,base,1
2765,1,0,0.053403329799824234,-3.6528713703155518,-0.7778713703155518,base,No
2766,1,0,0.6513548646660542,-1.3513656854629517,-1.9763656854629517,base,1
2767,1,0,0.6513548646660542,-1.2356818914413452,-1.8606818914413452,base,1
2768,1,0,0.9940889297427778,-1.0416762828826904,-6.166676044464111,base,1
2769,1,0,0.9984988181006353,-1.0909855365753174,-7.5909857749938965,base,1
2770,1,0,0.2689414213699951,-2.0564868450164795,-1.0564868450164795,base,no
2771,1,0,0.7981867777396212,-1.1292667388916016,-2.5042667388916016,base,1
2772,1,0,0.9859363696508799,-1.019812822341919,-5.26981258392334,base,1
2773,1,0,0.5621765008857981,-1.358868956565857,-1.608868956565857,base,1
2774,1,0,0.952574129515172,-0.982327401638031,-3.982327461242676,base,1
2775,1,0,0.5621765008857981,-1.3416411876678467,-1.5916411876678467,base,1
2776,1,0,0.020332355717182622,-4.564005374908447,-0.6890054941177368,base,No
2777,1,0,0.9525741268224334,-1.1505274772644043,-4.150527477264404,base,1
2778,1,0,0.6224593312018546,-1.3555619716644287,-1.8555619716644287,base,1
2779,1,0,0.6224593312018546,-1.4169061183929443,-1.9169061183929443,base,1
2780,1,0,0.8354835371034369,-1.074547529220581,-2.699547529220581,base,1
2781,1,0,0.9933071490757153,-1.0816431045532227,-6.081643104553223,base,1
2782,1,0,0.679178699175393,-1.3325281143188477,-2.0825281143188477,base,1
2783,1,0,0.9465966702001757,-1.0145177841186523,-3.8895177841186523,base,1
2784,1,1,0.9149009549929797,-0.8149614334106445,-3.1899614334106445,base,Yes
2785,1,0,0.6513548646660542,-1.4263217449188232,-2.0513217449188232,base,1
2786,1,0,0.9324533088603709,-1.0726821422576904,-3.6976821422576904,base,1
2787,1,0,0.5621765008857981,-1.4463961124420166,-1.6963961124420166,base,1
2788,1,0,0.7772998818103892,-1.3974040746688843,-2.647404193878174,base,1
2789,1,0,0.9924227605250054,-1.240882158279419,-6.115882396697998,base,1
2790,1,0,0.6513548646660542,-1.439889907836914,-2.064889907836914,base,1
2791,1,0,0.9924227600767889,-0.9251115918159485,-5.800111770629883,base,1
2792,1,0,0.7549149868676283,-1.1996572017669678,-2.3246572017669678,base,1
2793,1,0,0.32082130082460697,-2.000667095184326,-1.2506670951843262,base,1
2794,1,0,0.991422514586288,-1.0024805068969727,-5.752480506896973,base,1
2795,1,0,0.24508501313237172,-2.2418737411499023,-1.1168737411499023,base,no
2796,1,0,0.5312093733737563,-1.5019633769989014,-1.6269633769989014,base,1
2797,1,0,0.7981867777396212,-1.2695658206939697,-2.6445658206939697,base,1
2798,1,0,0.9988304895956911,-1.0561705827713013,-7.806170463562012,base,1
2799,1,0,0.9241418199787566,-1.1044766902923584,-3.6044766902923584,base,1
2800,1,0,0.7057850278370112,-1.3379499912261963,-2.2129499912261963,base,1
2801,1,0,0.679178699175393,-1.2496776580810547,-1.9996776580810547,base,1
2802,1,0,0.9046505351008906,-1.3151624202728271,-3.565162420272827,base,1
2803,1,0,0.4378234991142019,-1.7190818786621094,-1.4690818786621094,base,1
2804,1,0,0.991422514586288,-1.1549925804138184,-5.904992580413818,base,1
2805,1,0,0.5926665999540697,-1.486040711402893,-1.861040711402893,base,1
2806,1,0,0.9964063974185798,-1.0925211906433105,-6.7175211906433105,base,1
2807,1,0,0.6513548917374945,-1.3878625631332397,-2.0128626823425293,base,1
2808,1,0,0.9924227578357059,-0.9062820672988892,-5.7812819480896,base,1
2809,1,0,0.9947798743064417,-1.0411205291748047,-6.291120529174805,base,1
2810,1,0,0.6224593312018546,-1.456526517868042,-1.956526517868042,base,1
2811,1,0,0.9669140216112958,-1.0635747909545898,-4.43857479095459,base,1
2812,1,0,0.7549149868676283,-1.1366674900054932,-2.261667490005493,base,1
2813,1,0,0.9924227605250054,-1.014357328414917,-5.889357566833496,base,1
2814,1,0,0.5,-1.2504256963729858,-1.2504256963729858,base,No
2815,1,0,0.9465966762263737,-0.9027227163314819,-3.7777228355407715,base,1
2816,1,0,0.8519528019683106,-1.1656992435455322,-2.9156992435455322,base,1
2817,1,0,0.7549149868676283,-1.239164113998413,-2.364164113998413,base,1
2818,1,0,0.9626731126558706,-1.1153535842895508,-4.365353584289551,base,1
2819,1,0,0.04742587317756679,-3.7137181758880615,-0.7137181758880615,base,no
2820,1,0,0.7772998611746911,-1.2725749015808105,-2.5225749015808105,base,1
2821,1,0,0.9933071498682252,-0.9248403310775757,-5.924840450286865,base,1
2822,1,0,0.9796676466573412,-1.052633285522461,-4.927633285522461,base,1
2823,1,0,0.10669058826486906,-3.065352201461792,-0.9403521418571472,base,no
2824,1,0,0.8670357598021706,-1.0743918418884277,-2.9493918418884277,base,1
2825,1,0,0.4378234991142019,-1.6650036573410034,-1.4150036573410034,base,1
2826,1,0,0.8175744761936437,-1.1116809844970703,-2.6116809844970703,base,1
2827,1,0,0.977022627413796,-0.8640366792678833,-4.614036560058594,base,1
2828,1,1,0.9875683476832692,-0.7215753793716431,-5.0965752601623535,base,Yes
2829,1,0,0.9669140254249554,-1.0199650526046753,-4.394965171813965,base,1
2830,1,0,0.7057850278370112,-1.2772002220153809,-2.152200222015381,base,1
2831,1,0,0.8670357598021706,-1.1643157005310059,-3.039315700531006,base,1
2832,1,0,0.9770226341042414,-0.90325528383255,-4.653255462646484,base,1
2833,1,0,0.9914225166137784,-1.0024240016937256,-5.752424240112305,base,1
2834,1,0,0.9241418199787566,-0.9478445053100586,-3.4478445053100586,base,1
2835,1,0,0.9947798736874026,-1.1082931756973267,-6.358293056488037,base,1
2836,1,0,0.9975273768433653,-0.9108781814575195,-6.9108781814575195,base,1
2837,1,0,0.9626731169394882,-1.051777720451355,-4.3017778396606445,base,1
2838,1,0,0.46879062662624377,-1.527862787246704,-1.402862787246704,base,1
2839,1,0,0.995929862284104,-1.0117754936218262,-6.511775493621826,base,1
2840,1,0,0.37754066879814546,-1.9172813892364502,-1.4172813892364502,base,1
2841,1,0,0.9740426458162398,-0.8486355543136597,-4.473635673522949,base,1
2842,1,0,0.8933093946927838,-1.0912286043167114,-3.216228485107422,base,1
2843,1,0,0.9770226247376173,-1.0549943447113037,-4.804994106292725,base,1
2844,1,0,0.9796676442828175,-1.0387803316116333,-4.913780212402344,base,1
2845,1,0,0.5312093733737563,-1.532033920288086,-1.657033920288086,base,1
2846,1,0,0.9992903297699778,-1.2254722118377686,-8.475472450256348,base,1
2847,1,0,0.7549149868676283,-1.237661361694336,-2.362661361694336,base,1
2848,1,0,0.9875683491468141,-1.0328197479248047,-5.407819747924805,base,1
2849,1,0,0.18242552380635632,-2.4940946102142334,-0.9940946102142334,base,No
2850,1,0,0.24508501313237172,-2.260221004486084,-1.135221004486084,base,No
2851,1,1,0.6224593312018546,-1.1933189630508423,-1.6933189630508423,base,Yes
2852,1,0,0.5926665999540697,-1.35908043384552,-1.73408043384552,base,1
2853,1,0,0.9968273167805015,-1.0677615404129028,-6.817761421203613,base,1
2854,1,0,0.24508501313237172,-2.2515387535095215,-1.1265387535095215,base,no
2855,1,1,0.7549149868676283,-1.0087780952453613,-2.1337780952453613,base,Yes
2856,1,0,0.18242552380635632,-2.5751194953918457,-1.0751194953918457,base,no
2857,1,0,0.9465966762263737,-1.1068633794784546,-3.981863498687744,base,1
2858,1,0,0.9971990726999176,-1.1515265703201294,-7.02652645111084,base,1
2859,1,0,0.8670357460591569,-1.013877511024475,-2.8888773918151855,base,1
2860,1,0,0.20181322226037882,-2.317190647125244,-0.9421906471252441,base,No
2861,1,0,0.9902915223724212,-0.9269386529922485,-5.551938533782959,base,1
2862,1,0,0.8807970779778823,-1.1838386058807373,-3.1838386058807373,base,1
2863,1,0,0.1645164628965632,-2.555013656616211,-0.9300136566162109,base,No
2864,1,0,0.1480471829959148,-2.5901074409484863,-0.8401073217391968,base,No
2865,1,1,0.9740426412951848,-0.6381517052650452,-4.2631516456604,base,Yes
2866,1,1,0.9770226260757067,-0.7335030436515808,-4.4835028648376465,base,Yes
2867,1,1,0.9914225135725426,-0.677564263343811,-5.4275641441345215,base,Yes
2868,1,0,0.9840936082881853,-0.9568748474121094,-5.081874847412109,base,1
2869,1,0,0.9579122816965473,-1.053175687789917,-4.178175926208496,base,1
2870,1,1,0.9626731169394882,-0.7185457944869995,-3.968545913696289,base,Yes
2871,1,0,0.042087725512577126,-3.802851915359497,-0.6778518557548523,base,no
2872,1,0,0.5312093733737563,-1.423710823059082,-1.548710823059082,base,1
2873,1,0,0.8519528019683106,-1.150902509689331,-2.900902509689331,base,1
2874,1,0,0.8807970904940926,-1.0203937292099,-3.0203938484191895,base,1
2875,1,0,0.9241418283357702,-1.034277319908142,-3.5342774391174316,base,1
2876,1,0,0.9995694431238925,-1.0555243492126465,-8.805524826049805,base,1
2877,1,0,0.16451647108926923,-2.5791168212890625,-0.9541168808937073,base,No
2878,1,0,0.017986212067650338,-4.63602876663208,-0.6360288858413696,base,no
2879,1,0,0.9579122672782973,-1.147217869758606,-4.272217750549316,base,1
2880,1,0,0.8670357598021706,-1.1333544254302979,-3.008354425430298,base,1
2881,1,0,0.32082130082460697,-1.9307024478912354,-1.1807024478912354,base,no
2882,1,0,0.1645164628965632,-2.4225594997406006,-0.7975594997406006,base,no
2883,1,0,0.9525741268224334,-0.9717104434967041,-3.971710443496704,base,1
2884,1,0,0.9770226354423304,-1.1345479488372803,-4.884548187255859,base,1
2885,1,0,0.02297736857193652,-4.4671525955200195,-0.7171525359153748,base,No
2886,1,0,0.9770226327661524,-0.863216757774353,-4.613216876983643,base,1
2887,1,0,0.7057850278370112,-1.2929999828338623,-2.1679999828338623,base,1
2888,1,0,0.7981867777396212,-1.1108922958374023,-2.4858922958374023,base,1
2889,1,0,0.9626731040886339,-1.065474271774292,-4.315474033355713,base,1
2890,1,0,0.9149009549929797,-1.1264474391937256,-3.5014474391937256,base,1
2891,1,0,0.6224593312018546,-1.289319396018982,-1.789319396018982,base,1
2892,1,0,0.9914225166137784,-1.002751111984253,-5.752751350402832,base,1
2893,1,0,0.4073334000459302,-1.688245415687561,-1.313245415687561,base,no
2894,1,0,0.01798620785653302,-4.777111530303955,-0.7771114110946655,base,No
2895,1,0,0.04208772791561884,-3.8458964824676514,-0.7208964824676514,base,No
2896,1,1,0.7549149868676283,-1.0066680908203125,-2.1316680908203125,base,Yes
2897,1,0,0.9959298625257156,-0.9627513289451599,-6.462751388549805,base,1
2898,1,0,0.8354835371034369,-1.0841615200042725,-2.7091615200042725,base,1
2899,1,0,0.06008664344151498,-3.3677525520324707,-0.6177524328231812,base,no
2900,1,0,0.9924227605250054,-1.0825679302215576,-5.957568168640137,base,1
2901,1,0,0.9525741375933872,-1.1250340938568115,-4.125034332275391,base,1
2902,1,0,0.5,-1.3664063215255737,-1.3664063215255737,base,no
2903,1,0,0.9947798743064417,-1.2099151611328125,-6.4599151611328125,base,1
2904,1,0,0.24508499107646636,-2.1553797721862793,-1.0303796529769897,base,no
2905,1,0,0.9579122816965473,-1.1081225872039795,-4.233122825622559,base,1
2906,1,0,0.9579122720843811,-0.9194545745849609,-4.044454574584961,base,1
2907,1,0,0.1480472055495773,-2.5476813316345215,-0.7976813912391663,base,No
2908,1,0,0.7981867777396212,-1.1958866119384766,-2.5708866119384766,base,1
2909,1,0,0.04742587856304458,-3.8169751167297363,-0.8169752359390259,base,no
2910,1,0,0.9740426367741291,-0.9056942462921143,-4.530694007873535,base,1
2911,1,0,0.9241418158002492,-0.9523921608924866,-3.452392101287842,base,1
2912,1,0,0.9740426382811477,-0.9648358225822449,-4.5898356437683105,base,1
2913,1,0,0.9324533163686646,-1.1502012014389038,-3.7752013206481934,base,1
2914,1,1,0.9989677688403206,-0.6057087182998657,-7.480708599090576,base,Yes
2915,1,0,0.0675466911396291,-3.3036937713623047,-0.6786937713623047,base,No
2916,1,0,0.679178699175393,-1.419935941696167,-2.169935941696167,base,1
2917,1,0,0.9902915235185259,-0.8078255653381348,-5.432825565338135,base,1
2918,1,0,0.985936373783223,-0.7727274298667908,-5.0227274894714355,base,1
2919,1,0,0.4073334000459302,-1.7042787075042725,-1.3292787075042725,base,1
2920,1,0,0.8354835371034369,-1.1591081619262695,-2.7841081619262695,base,1
2921,1,0,0.05340332678672523,-3.6674163341522217,-0.7924162745475769,base,No
2922,1,0,0.8670357598021706,-1.0300045013427734,-2.9050045013427734,base,1
2923,1,0,0.9465966702001757,-1.0347862243652344,-3.9097862243652344,base,1
2924,1,0,0.994779875235,-0.8408144116401672,-6.090814590454102,base,1
2925,1,1,0.9046505299595163,-0.7545741200447083,-3.0045740604400635,base,Yes
2926,1,0,0.04742587317756679,-3.8259167671203613,-0.8259167671203613,base,no
2927,1,0,0.022977367233847502,-4.542717933654785,-0.7927178144454956,base,no
2928,1,0,0.679178699175393,-1.1629161834716797,-1.9129161834716797,base,1
2929,1,0,0.9149009549929797,-1.1528229713439941,-3.527822971343994,base,1
2930,1,0,0.997199072533437,-0.8728086352348328,-6.747808456420898,base,1
2931,1,0,0.5621765008857981,-1.4398794174194336,-1.6898794174194336,base,1
2932,1,0,0.9770226327661524,-0.9778403043746948,-4.727840423583984,base,1
2933,1,0,0.5,-1.5028815269470215,-1.5028815269470215,base,1
2934,1,0,0.997817283814287,-0.9595769643783569,-7.0845770835876465,base,1
2935,1,0,0.9706877709445761,-0.8948425650596619,-4.394842624664307,base,1
2936,1,0,0.9399133498259924,-1.1711201667785645,-3.9211201667785645,base,1
2937,1,0,0.966914017797636,-1.448412537574768,-4.8234124183654785,base,1
2938,1,0,0.9924227587321393,-1.002185344696045,-5.877185344696045,base,1
2939,1,0,0.08509904036636974,-3.1057088375091553,-0.7307087779045105,base,No
2940,1,0,0.46879062662624377,-1.6147162914276123,-1.4897162914276123,base,1
2941,1,0,0.9669140273317849,-0.8729255795478821,-4.247925758361816,base,1
2942,1,0,0.835483553488848,-1.0920323133468628,-2.7170324325561523,base,1
2943,1,0,0.9740426458162398,-1.0530718564987183,-4.678071975708008,base,1
2944,1,0,0.025957358704815272,-4.432302474975586,-0.8073025345802307,base,no
2945,1,0,0.5926665999540697,-1.4065687656402588,-1.7815687656402588,base,1
2946,1,0,0.5926665999540697,-1.354610562324524,-1.729610562324524,base,1
2947,1,0,0.033085978388704126,-3.9421470165252686,-0.5671470165252686,base,No
2948,1,0,0.4073334000459302,-1.7446722984313965,-1.3696722984313965,base,1
2949,1,0,0.7772998818103892,-1.2985609769821167,-2.5485610961914062,base,1
2950,1,0,0.8933094060543487,-0.8890330791473389,-3.014033079147339,base,1
2951,1,0,0.9669140216112958,-1.0486946105957031,-4.423694610595703,base,1
2952,1,0,0.4073334000459302,-1.790560007095337,-1.415560007095337,base,1
2953,1,0,0.9902915223724212,-1.096906304359436,-5.7219061851501465,base,1
2954,1,1,0.9980732649928094,-0.7938606142997742,-7.04386043548584,base,Yes
2955,1,0,0.7981867969424066,-1.1944259405136108,-2.5694260597229004,base,1
2956,1,0,0.995390426726684,-0.9481947422027588,-6.32319450378418,base,1
2957,1,0,0.982013792143467,-1.0231131315231323,-5.023113250732422,base,1
2958,1,0,0.995390426726684,-1.0000379085540771,-6.375037670135498,base,1
2959,1,0,0.9465966762263737,-0.9286941289901733,-3.803694248199463,base,1
2960,1,1,0.9796676502191265,-0.8105462193489075,-4.685546398162842,base,Yes
2961,1,0,0.851952809486198,-0.9868234992027283,-2.736823558807373,base,1
2962,1,1,0.9465966702001757,-0.6545872688293457,-3.5295872688293457,base,Yes
2963,1,0,0.02297737258620403,-4.383279800415039,-0.6332799196243286,base,No
2964,1,0,0.9465966702001757,-1.0621285438537598,-3.9371285438537598,base,1
2965,1,0,0.9953904283675966,-1.0492037534713745,-6.424203872680664,base,1
2966,1,0,0.9740426412951848,-0.9508190751075745,-4.57581901550293,base,1
2967,1,0,0.8354835371034369,-1.0519394874572754,-2.6769394874572754,base,1
2968,1,0,0.1329642264548166,-2.873145580291748,-0.9981454610824585,base,no
2969,1,0,0.4378234991142019,-1.6944199800491333,-1.4444199800491333,base,1
2970,1,0,0.9933071498682252,-1.0946019887924194,-6.094602108001709,base,1
2971,1,0,0.914900945711678,-1.0975309610366821,-3.4725308418273926,base,1
2972,1,1,0.9940889307935117,-0.7644420266151428,-5.889441967010498,base,Yes
2973,1,0,0.8354835207180245,-1.1087008714675903,-2.733700752258301,base,1
2974,1,1,0.754914997895581,-0.9413694739341736,-2.0663695335388184,base,Yes
2975,1,0,0.294214996917099,-2.0838937759399414,-1.208893895149231,base,no
2976,1,0,0.966914019704466,-0.9705291390419006,-4.345529079437256,base,1
2977,1,1,0.880797071719777,-0.7482858300209045,-2.7482857704162598,base,Yes
2978,1,0,0.5312093733737563,-1.4025578498840332,-1.5275578498840332,base,1
2979,1,0,0.9964063978454312,-0.9620870351791382,-6.587087154388428,base,1
2980,1,0,0.9820137900379085,-1.1335344314575195,-5.1335344314575195,base,1
2981,1,0,0.9820137900379085,-1.150289535522461,-5.150289535522461,base,1
2982,1,0,0.9626731126558706,-1.1296963691711426,-4.379696369171143,base,1
2983,1,0,0.8807970779778823,-1.122234582901001,-3.122234582901001,base,1
2984,1,0,0.22270013882530884,-2.333193778991699,-1.0831937789916992,base,no
2985,1,1,0.7310585786300049,-0.956884503364563,-1.956884503364563,base,Yes
2986,1,0,0.34864513533394575,-1.9883657693862915,-1.3633657693862915,base,1
2987,1,0,0.029312230751356316,-4.127096652984619,-0.6270966529846191,base,no
2988,1,0,0.8519528019683106,-1.095672369003296,-2.845672369003296,base,1
2989,1,0,0.03732688091870324,-4.038973808288574,-0.7889736294746399,base,no
2990,1,0,0.9875683462197239,-0.9941122531890869,-5.369112014770508,base,1
2991,1,0,0.4073334000459302,-1.7086994647979736,-1.3336994647979736,base,1
2992,1,0,0.9953904270001694,-0.8030449748039246,-6.17804479598999,base,1
2993,1,0,0.9241418199787566,-1.1404380798339844,-3.6404380798339844,base,1
2994,1,1,0.9924227582839227,-0.7273684144020081,-5.602368354797363,base,Yes
2995,1,0,0.9626731126558706,-1.2271246910095215,-4.4771246910095215,base,1
2996,1,0,0.9579122720843811,-1.0681591033935547,-4.193159103393555,base,1
2997,1,0,0.9980732654512935,-0.8008994460105896,-7.050899505615234,base,1
2998,1,1,0.9964063969917284,-0.673319935798645,-6.2983198165893555,base,Yes
2999,1,0,0.3775406828054583,-1.4979643821716309,-0.9979644417762756,base,No
3000,0,0,0.0953494648991095,-3.1975815296173096,-0.9475815296173096,base,no
3001,0,0,0.04208772791561884,-3.7624313831329346,-0.6374313831329346,base,No
3002,0,0,0.014063627869714051,-4.91978120803833,-0.6697812676429749,base,no
3003,0,0,0.1480471980316895,-2.8344850540161133,-1.0844850540161133,base,no
3004,0,0,0.03308598410919419,-4.190761089324951,-0.8157612681388855,base,no
3005,0,1,0.9626731083722525,-0.5770279169082642,-3.8270277976989746,base,Yes
3006,0,0,0.06008665017400762,-3.567777395248413,-0.8177773952484131,base,no
3007,0,0,0.6513548646660542,-1.2918931245803833,-1.9168931245803833,base,1
3008,0,0,0.03308597457504463,-4.090033531188965,-0.7150334119796753,base,No
3009,0,0,0.01098694392594878,-5.157517433166504,-0.6575175523757935,base,No
3010,0,0,0.5926665999540697,-1.4771356582641602,-1.8521356582641602,base,1
3011,0,0,0.20181324146316565,-2.3511128425598145,-0.976112961769104,base,No
3012,0,0,0.4378234991142019,-1.6021881103515625,-1.3521881103515625,base,1
3013,0,0,0.0474258704848281,-3.7510530948638916,-0.7510530352592468,base,No
3014,0,0,0.005911067805510302,-5.825392723083496,-0.7003925442695618,base,no
3015,0,0,0.006692850131774789,-5.573025703430176,-0.5730255842208862,base,no
3016,0,0,0.020332356904444657,-4.5034708976745605,-0.6284710764884949,base,no
3017,0,0,0.07585817584273653,-3.233074188232422,-0.7330741286277771,base,no
3018,0,0,0.05340332678672523,-3.5973801612854004,-0.7223801016807556,base,no
3019,0,0,0.020332352155396922,-4.4194231033325195,-0.5444230437278748,base,No
3020,0,0,0.08509904964767095,-3.0882205963134766,-0.7132206559181213,base,No
3021,0,0,0.01590639544387138,-4.849637031555176,-0.7246372699737549,base,no
3022,0,0,0.02595736171885236,-4.317075729370117,-0.6920759081840515,base,no
3023,0,1,0.8807970779778823,-0.7910535335540771,-2.791053533554077,base,Yes
3024,0,0,0.46879062662624377,-1.6302680969238281,-1.5052680969238281,base,1
3025,0,0,0.2227001594610082,-2.287764549255371,-1.0377646684646606,base,No
3026,0,0,0.01798620575097472,-4.810422897338867,-0.8104226589202881,base,no
3027,0,0,0.9324533013520764,-0.8708568811416626,-3.495856761932373,base,1
3028,0,0,0.9149009549929797,-1.1136422157287598,-3.4886422157287598,base,1
3029,0,0,0.0028009274665629583,-6.487443447113037,-0.6124436259269714,base,No
3030,0,0,0.24508500210441886,-1.854006290435791,-0.7290062308311462,base,No
3031,0,0,0.008577483893094128,-5.509791374206543,-0.7597911953926086,base,no
3032,0,0,0.10669059962643358,-2.8759396076202393,-0.750939667224884,base,No
3033,0,0,0.2689414448079646,-2.19081449508667,-1.1908146142959595,base,no
3034,0,0,0.1645164628965632,-2.645608901977539,-1.020608901977539,base,no
3035,0,0,0.18242550602671442,-2.469900608062744,-0.9699004888534546,base,No
3036,0,0,0.009708475335369565,-5.135092735290527,-0.5100926160812378,base,No
3037,0,0,0.08509904500702024,-3.199392795562744,-0.8243927955627441,base,no
3038,0,0,0.06008665354025422,-3.562217950820923,-0.8122180104255676,base,no
3039,0,0,0.10669059394565118,-3.132735013961792,-1.007735013961792,base,no
3040,0,0,0.04208773272170267,-3.8364853858947754,-0.7114855051040649,base,no
3041,0,1,0.6513548646660542,-1.0980658531188965,-1.7230658531188965,base,Yes
3042,0,0,0.06754668363133542,-3.2685446739196777,-0.6435445547103882,base,No
3043,0,0,0.012431650853185818,-5.090743541717529,-0.7157435417175293,base,no
3044,0,1,0.7310585786300049,-0.9190012216567993,-1.9190012216567993,base,Yes
3045,0,0,0.5621765008857981,-1.4750683307647705,-1.7250683307647705,base,1
3046,0,0,0.07585818002124356,-3.3086822032928467,-0.8086822032928467,base,no
3047,0,1,0.679178699175393,-1.1005548238754272,-1.8505548238754272,base,Yes
3048,0,0,0.1066905825840872,-2.9246506690979004,-0.7996505498886108,base,No
3049,0,0,0.033085978388704126,-4.077908515930176,-0.7029085159301758,base,No
3050,0,0,0.009708478773683474,-5.222222328186035,-0.5972225666046143,base,no
3051,0,1,0.914900950352329,-0.8105395436286926,-3.185539484024048,base,Yes
3052,0,0,0.679178699175393,-1.3697545528411865,-2.1197545528411865,base,1
3053,0,0,0.060086646807761206,-3.6381282806396484,-0.8881282210350037,base,no
3054,0,0,0.34864513533394575,-1.8580619096755981,-1.2330619096755981,base,no
3055,0,0,0.4073334000459302,-1.5869604349136353,-1.2119604349136353,base,No
3056,0,0,0.5926665999540697,-1.557761549949646,-1.932761549949646,base,1
3057,0,0,0.014063627869714051,-4.921802043914795,-0.6718021035194397,base,No
3058,0,0,0.02595736171885236,-4.3087077140808105,-0.6837078928947449,base,No
3059,0,0,0.1645164628965632,-2.6087677478790283,-0.9837677478790283,base,no
3060,0,0,0.24508501313237172,-2.159433364868164,-1.034433364868164,base,No
3061,0,0,0.29421497216298875,-1.9437923431396484,-1.0687923431396484,base,no
3062,0,0,0.5926665999540697,-1.3909441232681274,-1.7659441232681274,base,1
3063,0,0,0.2227001594610082,-2.1788620948791504,-0.9288622140884399,base,No
3064,0,0,0.9626731105140616,-0.9170685410499573,-4.1670684814453125,base,1
3065,0,0,0.0031726826539785367,-6.325171947479248,-0.5751718878746033,base,No
3066,0,0,0.009708475335369565,-5.397015571594238,-0.7720154523849487,base,no
3067,0,0,0.8933094060543487,-1.019946813583374,-3.144946813583374,base,1
3068,0,0,0.04208772791561884,-3.86769700050354,-0.74269700050354,base,no
3069,0,0,0.9324533163686646,-1.0762637853622437,-3.701263904571533,base,1
3070,0,0,0.03308598220236406,-4.051354885101318,-0.6763550043106079,base,no
3071,0,0,0.1480471829959148,-2.6645102500915527,-0.9145101308822632,base,No
3072,0,0,0.04742587856304458,-3.864325523376465,-0.8643256425857544,base,no
3073,0,0,0.5312093733737563,-1.4338010549545288,-1.5588010549545288,base,1
3074,0,0,0.012431650853185818,-5.049838066101074,-0.6748380661010742,base,no
3075,0,0,0.07585818002124356,-3.1566760540008545,-0.6566760540008545,base,no
3076,0,0,0.0035936021545687705,-6.40688943862915,-0.7818893194198608,base,no
3077,0,0,0.8175744584140004,-1.1773401498794556,-2.677340030670166,base,1
3078,0,0,0.0075772408196442265,-5.644344329833984,-0.7693442702293396,base,no
3079,0,0,0.11920293453832885,-2.8673882484436035,-0.8673883676528931,base,No
3080,0,0,0.008577483386221569,-5.446228981018066,-0.6962287425994873,base,no
3081,0,0,0.01590639077880068,-4.780866622924805,-0.6558665633201599,base,No
3082,0,0,0.008577486934330109,-5.528092384338379,-0.7780925631523132,base,no
3083,0,0,0.07585817584273653,-3.393022298812866,-0.8930222392082214,base,No
3084,0,0,0.9740426412951848,-0.8379750847816467,-4.462975025177002,base,1
3085,0,0,0.0159063879797589,-4.8055877685546875,-0.6805875301361084,base,no
3086,0,0,0.008577485413711986,-5.304271697998047,-0.5542716979980469,base,No
3087,0,0,0.02595736171885236,-4.334141254425049,-0.7091414332389832,base,No
3088,0,0,0.029312234143221275,-4.291321754455566,-0.791321873664856,base,no
3089,0,0,0.012431650853185818,-4.959005355834961,-0.5840053558349609,base,no
3090,0,0,0.05340333582602272,-3.5320887565612793,-0.6570888757705688,base,no
3091,0,0,0.46879062662624377,-1.3713181018829346,-1.2463181018829346,base,no
3092,0,0,0.34864513533394575,-1.8974779844284058,-1.2724779844284058,base,1
3093,0,0,0.060086646807761206,-3.531635046005249,-0.7816349864006042,base,No
3094,0,1,0.9706877692486436,-0.7730617523193359,-4.273061752319336,base,Yes
3095,0,0,0.8933094060543487,-1.0448598861694336,-3.1698598861694336,base,1
3096,0,0,0.8519528019683106,-1.1731619834899902,-2.9231619834899902,base,1
3097,0,0,0.02931223244728875,-4.170955657958984,-0.6709557175636292,base,No
3098,0,0,0.10669059394565118,-2.906585693359375,-0.781585693359375,base,No
3099,0,0,0.01590639357784294,-4.638678073883057,-0.5136781930923462,base,No
3100,0,0,0.03308597266821503,-4.030762672424316,-0.6557624936103821,base,No
3101,0,0,0.4073334000459302,-1.5201008319854736,-1.1451008319854736,base,no
3102,0,0,0.7549149868676283,-1.3529479503631592,-2.477947950363159,base,1
3103,0,0,0.06008665354025422,-3.5973892211914062,-0.847389280796051,base,no
3104,0,0,0.00280092763304364,-6.5888776779174805,-0.7138779163360596,base,no
3105,0,0,0.679178699175393,-1.2409734725952148,-1.9909734725952148,base,1
3106,0,0,0.20181324146316565,-2.4003567695617676,-1.0253568887710571,base,no
3107,0,0,0.29421497216298875,-1.8264734745025635,-0.9514734745025635,base,No
3108,0,0,0.0675466911396291,-3.296110153198242,-0.6711101531982422,base,no
3109,0,0,0.8354835371034369,-1.2222795486450195,-2.8472795486450195,base,1
3110,0,0,0.16451644651115205,-2.5972843170166016,-0.972284197807312,base,No
3111,0,0,0.5621765008857981,-1.3492175340652466,-1.5992175340652466,base,1
3112,0,0,0.014063625390308462,-4.974416255950928,-0.7244161367416382,base,no
3113,0,1,0.9626731126558706,-0.8257279396057129,-4.075727939605713,base,Yes
3114,0,0,0.01590639171181471,-4.757778644561768,-0.6327786445617676,base,No
3115,0,0,0.014063627043245474,-4.7941789627075195,-0.5441789627075195,base,no
3116,0,0,0.022977373924293353,-4.481564998626709,-0.7315651774406433,base,No
3117,0,0,0.0035936023679944244,-6.216395378112793,-0.5913953185081482,base,No
3118,0,0,0.02297736991002561,-4.487203598022461,-0.7372035980224609,base,No
3119,0,0,0.08509904500702024,-3.0604476928710938,-0.6854476928710938,base,No
3120,0,0,0.0075772430607274135,-5.507254600524902,-0.6322548389434814,base,No
3121,0,0,0.37754066879814546,-1.8284451961517334,-1.3284451961517334,base,1
3122,0,0,0.1480471980316895,-2.6704351902008057,-0.9204351902008057,base,No
3123,0,0,0.0534033328129234,-3.7148213386535645,-0.8398213982582092,base,No
3124,0,0,0.03732688306051187,-4.011632442474365,-0.7616323232650757,base,No
3125,0,0,0.9626731126558706,-1.0497827529907227,-4.299782752990723,base,1
3126,0,0,0.03308598220236406,-4.188235759735107,-0.813235878944397,base,no
3127,0,0,0.005911067805510302,-5.763565540313721,-0.6385653614997864,base,No
3128,0,0,0.10669059962643358,-2.954941511154175,-0.8299415707588196,base,No
3129,0,1,0.6224593312018546,-0.928563117980957,-1.428563117980957,base,Yes
3130,0,0,0.2689414213699951,-2.192348003387451,-1.1923480033874512,base,no
3131,0,0,0.8175744761936437,-1.0487518310546875,-2.5487518310546875,base,1
3132,0,0,0.9324533088603709,-1.0016791820526123,-3.6266791820526123,base,1
3133,0,0,0.7549149868676283,-1.130577564239502,-2.255577564239502,base,1
3134,0,0,0.10669059962643358,-2.970266103744507,-0.8452661633491516,base,No
3135,0,0,0.20181324146316565,-2.3487110137939453,-0.9737111330032349,base,no
3136,0,0,0.01798620890931226,-4.745206832885742,-0.7452067732810974,base,No
3137,0,0,0.006692849735519792,-5.6362433433532715,-0.6362431645393372,base,No
3138,0,0,0.0850990357257195,-3.1598734855651855,-0.784873366355896,base,No
3139,0,0,0.5926665999540697,-1.421654224395752,-1.796654224395752,base,1
3140,0,0,0.8670357460591569,-1.0547906160354614,-2.929790496826172,base,1
3141,0,0,0.008577485413711986,-5.5093512535095215,-0.7593512535095215,base,no
3142,0,0,0.004609572999830552,-5.976799011230469,-0.6017991900444031,base,No
3143,0,0,0.18242553269617778,-2.4718644618988037,-0.9718645215034485,base,no
3144,0,0,0.0953494648991095,-2.937156915664673,-0.6871569156646729,base,no
3145,0,0,0.46879062662624377,-1.6234077215194702,-1.4984077215194702,base,1
3146,0,0,0.022977371248114782,-4.45905876159668,-0.7090588212013245,base,no
3147,0,0,0.04208773272170267,-3.8636794090270996,-0.7386795282363892,base,No
3148,0,0,0.37754066879814546,-1.8206977844238281,-1.3206977844238281,base,1
3149,0,0,0.017986209962091555,-4.811524391174316,-0.8115243911743164,base,no
3150,0,0,0.1824255415859996,-2.5540242195129395,-1.054024338722229,base,no
3151,0,0,0.020332349780873466,-4.556978225708008,-0.6819780468940735,base,No
3152,0,0,0.8175744761936437,-1.1097674369812012,-2.609767436981201,base,1
3153,0,0,0.0293122256635596,-4.040013790130615,-0.5400136113166809,base,No
3154,0,0,0.03308597266821503,-4.161681175231934,-0.7866809964179993,base,no
3155,0,0,0.2689414213699951,-2.1612956523895264,-1.1612956523895264,base,no
3156,0,0,0.34864513533394575,-1.9476027488708496,-1.3226027488708496,base,1
3157,0,0,0.014063623737371644,-4.958094596862793,-0.7080943584442139,base,No
3158,0,0,0.11920292202211755,-2.8008813858032227,-0.8008813858032227,base,no
3159,0,0,0.11920292202211755,-2.8375203609466553,-0.8375203609466553,base,No
3160,0,0,0.1066905825840872,-2.9358301162719727,-0.8108299970626831,base,No
3161,0,0,0.01098694327827096,-5.145252704620361,-0.6452527642250061,base,No
3162,0,0,0.11920291576401235,-2.9012959003448486,-0.9012958407402039,base,No
3163,0,0,0.005911068155754778,-5.824138164520264,-0.6991380453109741,base,no
3164,0,0,0.4378234991142019,-1.6445605754852295,-1.3945605754852295,base,1
3165,0,0,0.20181322226037882,-2.390291213989258,-1.0152912139892578,base,no
3166,0,0,0.20181322226037882,-2.4222965240478516,-1.0472965240478516,base,no
3167,0,0,0.9924227587321393,-1.0144472122192383,-5.889447212219238,base,1
3168,0,0,0.16451644651115205,-2.6234517097473145,-0.9984515905380249,base,No
3169,0,0,0.04742587587030561,-3.8386411666870117,-0.8386412262916565,base,No
3170,0,0,0.01590639357784294,-4.786431312561035,-0.6614314317703247,base,no
3171,0,0,0.003593603221697163,-6.330030918121338,-0.7050310969352722,base,no
3172,0,0,0.16451644651115205,-2.6444907188415527,-1.0194905996322632,base,No
3173,0,0,0.01406362456384003,-4.9556989669799805,-0.7056987881660461,base,No
3174,0,0,0.014063627869714051,-4.9511823654174805,-0.7011824250221252,base,No
3175,0,0,0.18242553269617778,-2.4386677742004395,-0.9386678338050842,base,No
3176,0,0,0.1066905825840872,-2.849544048309326,-0.7245439291000366,base,No
3177,0,0,0.09534947004048376,-3.006747245788574,-0.756747305393219,base,No
3178,0,0,0.04208773031866069,-3.852323532104492,-0.727323591709137,base,No
3179,0,0,0.009708476481474066,-5.27883243560791,-0.6538324356079102,base,No
3180,0,0,0.8175744761936437,-1.0099010467529297,-2.5099010467529297,base,1
3181,0,0,0.04208773031866069,-3.866370439529419,-0.7413704991340637,base,no
3182,0,0,0.34864513533394575,-1.7811857461929321,-1.1561857461929321,base,No
3183,0,0,0.07585817166422973,-3.0326685905456543,-0.5326684713363647,base,No
3184,0,0,0.03308597457504463,-4.081796169281006,-0.7067960500717163,base,No
3185,0,0,0.8670357735451834,-0.9952210187911987,-2.8702211380004883,base,1
3186,0,0,0.13296424706933604,-2.787799119949341,-0.9127991795539856,base,no
3187,0,0,0.02595736021183377,-4.317987442016602,-0.6929875612258911,base,No
3188,0,0,0.020332348593611837,-4.612748146057129,-0.7377479076385498,base,no
3189,0,0,0.017986212067650338,-4.795534133911133,-0.7955342531204224,base,no
3190,0,0,0.005911067455265844,-5.804398536682129,-0.6793982982635498,base,No
3191,0,0,0.294214996917099,-2.0875720977783203,-1.2125722169876099,base,no
3192,0,0,0.10669059962643358,-2.7950122356414795,-0.6700122952461243,base,No
3193,0,0,0.5,-1.6179015636444092,-1.6179015636444092,base,1
3194,0,0,0.914900945711678,-0.9762297868728638,-3.351229667663574,base,1
3195,0,1,0.5621765008857981,-1.2192250490188599,-1.4692250490188599,base,Yes
3196,0,0,0.5926665999540697,-1.2868965864181519,-1.6618965864181519,base,1
3197,0,0,0.1329642333263228,-2.7463390827178955,-0.8713390231132507,base,no
3198,0,0,0.03308598220236406,-4.145590305328369,-0.7705904245376587,base,No
3199,0,0,0.008577484399966718,-5.2919487953186035,-0.541948676109314,base,no
3200,0,0,0.32082130082460697,-1.9540352821350098,-1.2040352821350098,base,No
3201,0,0,0.0040701384407312935,-6.077663421630859,-0.5776636004447937,base,No
3202,0,0,0.10669059962643358,-3.065725326538086,-0.9407253861427307,base,no
3203,0,0,0.46879062662624377,-1.24661123752594,-1.12161123752594,base,No
3204,0,0,0.7981867585368343,-1.0586720705032349,-2.4336719512939453,base,1
3205,0,0,0.014063627043245474,-4.763258934020996,-0.5132589340209961,base,No
3206,0,0,0.01798620890931226,-4.709028244018555,-0.7090281844139099,base,no
3207,0,0,0.11920293453832885,-2.80935001373291,-0.8093501329421997,base,No
3208,0,0,0.03732688948593843,-3.99991774559021,-0.7499178051948547,base,no
3209,0,0,0.46879062662624377,-1.6238629817962646,-1.4988629817962646,base,1
3210,0,0,0.7057850278370112,-1.1957294940948486,-2.0707294940948486,base,1
3211,0,0,0.8807970779778823,-1.0709319114685059,-3.070931911468506,base,1
3212,0,0,0.029312223967627556,-4.09019660949707,-0.5901963710784912,base,No
3213,0,0,0.020332348593611837,-4.552016258239746,-0.677016019821167,base,no
3214,0,0,0.11920292202211755,-2.706183671951294,-0.706183671951294,base,No
3215,0,0,0.01590639357784294,-4.794339656829834,-0.6693397760391235,base,No
3216,0,0,0.008577483893094128,-5.378979682922363,-0.628979504108429,base,no
3217,0,0,0.9770226300899744,-1.0251216888427734,-4.775121688842773,base,1
3218,0,0,0.679178699175393,-1.1919198036193848,-1.9419198036193848,base,1
3219,0,0,0.11920292202211755,-2.8616108894348145,-0.8616108894348145,base,no
3220,0,0,0.24508501313237172,-2.1987195014953613,-1.0737195014953613,base,No
3221,0,0,0.07585817584273653,-3.3865160942077637,-0.8865160346031189,base,no
3222,0,0,0.06008665017400762,-3.6001999378204346,-0.8501999378204346,base,no
3223,0,0,0.20181324146316565,-2.369719982147217,-0.9947201013565063,base,no
3224,0,0,0.010986944573626636,-5.21443510055542,-0.7144352793693542,base,No
3225,0,0,0.05340332678672523,-3.518381357192993,-0.6433812975883484,base,no
3226,0,0,0.03308598220236406,-4.140288352966309,-0.7652884721755981,base,No
3227,0,0,0.1480471829959148,-2.5740766525268555,-0.8240765333175659,base,No
3228,0,0,0.04208772791561884,-3.953716278076172,-0.8287162780761719,base,no
3229,0,0,0.003172683219498529,-6.217215061187744,-0.4672151803970337,base,no
3230,0,0,0.05340332678672523,-3.700216054916382,-0.8252159953117371,base,No
3231,0,0,0.014063628696182679,-5.037808895111084,-0.7878090143203735,base,no
3232,0,0,0.4073334000459302,-1.6698753833770752,-1.2948753833770752,base,1
3233,0,0,0.03308597648187432,-4.001575946807861,-0.6265758872032166,base,No
3234,0,0,0.8933093946927838,-1.0599685907363892,-3.1849684715270996,base,1
3235,0,0,0.025957354183760273,-4.435008525848389,-0.8100084066390991,base,no
3236,0,0,0.10669058826486906,-3.044301986694336,-0.9193019270896912,base,no
3237,0,0,0.07585818837825822,-3.2257847785949707,-0.7257848978042603,base,No
3238,0,0,0.7310585786300049,-1.2008028030395508,-2.200802803039551,base,1
3239,0,0,0.02595736021183377,-4.387038230895996,-0.7620383501052856,base,no
3240,0,0,0.7772998611746911,-1.2092375755310059,-2.459237575531006,base,1
3241,0,0,0.8354835371034369,-1.0960302352905273,-2.7210302352905273,base,1
3242,0,0,0.20181324146316565,-2.348822593688965,-0.9738227128982544,base,no
3243,0,0,0.1824255415859996,-2.509554386138916,-1.0095545053482056,base,no
3244,0,0,0.06754669489377622,-3.317671537399292,-0.6926715970039368,base,No
3245,0,0,0.04208772791561884,-3.7775113582611084,-0.6525113582611084,base,No
3246,0,0,0.5926665999540697,-1.4356390237808228,-1.8106390237808228,base,1
3247,0,0,0.053403329799824234,-3.6072237491607666,-0.7322237491607666,base,no
3248,0,1,0.5621765008857981,-1.0500295162200928,-1.3000295162200928,base,Yes
3249,0,0,0.8519527869325346,-1.1005464792251587,-2.850546360015869,base,1
3250,0,0,0.022977364557669702,-4.529906272888184,-0.7799060344696045,base,no
3251,0,0,0.07585817584273653,-3.1683030128479004,-0.6683029532432556,base,No
3252,0,0,0.10669059394565118,-3.0277633666992188,-0.9027633666992188,base,No
3253,0,0,0.0059110695567328965,-5.753602027893066,-0.628602147102356,base,No
3254,0,0,0.9890130554263733,-0.9683482050895691,-5.468348026275635,base,1
3255,0,0,0.32082130082460697,-1.9268105030059814,-1.1768105030059814,base,no
3256,0,0,0.008577486934330109,-5.444291114807129,-0.6942912936210632,base,No
3257,0,0,0.053403329799824234,-3.636366128921509,-0.7613661289215088,base,No
3258,0,0,0.0534033328129234,-3.6529295444488525,-0.7779296040534973,base,no
3259,0,0,0.34864513533394575,-1.760373592376709,-1.135373592376709,base,no
3260,0,0,0.01098694263059318,-5.211999893188477,-0.7119998931884766,base,No
3261,0,0,0.5312093733737563,-1.5008310079574585,-1.6258310079574585,base,1
3262,0,0,0.9947798736874026,-1.178134560585022,-6.428134441375732,base,1
3263,0,0,0.24508501313237172,-2.2633702754974365,-1.1383702754974365,base,No
3264,0,0,0.010986941335237732,-5.201118469238281,-0.7011183500289917,base,no
3265,0,0,0.2942149845400438,-1.7458209991455078,-0.8708210587501526,base,No
3266,0,0,0.00280092763304364,-6.5608930587768555,-0.6858932971954346,base,no
3267,0,0,0.033085970761385544,-4.159910202026367,-0.7849099636077881,base,no
3268,0,0,0.679178699175393,-1.2981798648834229,-2.048179864883423,base,1
3269,0,0,0.06754668363133542,-3.428825855255127,-0.8038257360458374,base,no
3270,0,0,0.0850990357257195,-3.2364959716796875,-0.861495852470398,base,no
3271,0,0,0.46879062662624377,-1.443359375,-1.318359375,base,No
3272,0,0,0.02297736991002561,-4.473652362823486,-0.7236523628234863,base,No
3273,0,1,0.7981867777396212,-0.7436399459838867,-2.1186399459838867,base,Yes
3274,0,0,0.4073334000459302,-1.76353919506073,-1.38853919506073,base,1
3275,0,0,0.9740426458162398,-1.0570839643478394,-4.682084083557129,base,1
3276,0,0,0.009708478773683474,-5.208164215087891,-0.5831644535064697,base,no
3277,0,0,0.20181321265898594,-2.0689053535461426,-0.6939052939414978,base,No
3278,0,0,0.0675466911396291,-3.2810566425323486,-0.6560566425323486,base,No
3279,0,0,0.02931223583915389,-4.265975475311279,-0.7659756541252136,base,no
3280,0,0,0.006692850131774789,-5.699507236480713,-0.6995071172714233,base,no
3281,0,0,0.020332348593611837,-4.675235748291016,-0.8002355098724365,base,no
3282,0,0,0.11920290950590741,-2.8426294326782227,-0.8426293134689331,base,no
3283,0,0,0.01590639171181471,-4.787321090698242,-0.6623210906982422,base,No
3284,0,0,0.0059110692064883365,-5.738749980926514,-0.6137500405311584,base,no
3285,0,0,0.025957352676742106,-4.401252746582031,-0.7762525677680969,base,no
3286,0,0,0.8670357598021706,-1.0815393924713135,-2.9565393924713135,base,1
3287,0,0,0.1480472055495773,-2.6462209224700928,-0.8962209820747375,base,No
3288,0,0,0.37754066879814546,-1.7515830993652344,-1.2515830993652344,base,no
3289,0,1,0.5926665999540697,-1.2427308559417725,-1.6177308559417725,base,Yes
3290,0,0,0.5312093733737563,-1.5251879692077637,-1.6501879692077637,base,1
3291,0,0,0.1480471980316895,-2.610177993774414,-0.8601779937744141,base,no
3292,0,0,0.025957358704815272,-4.254765033721924,-0.6297650933265686,base,No
3293,0,0,0.010986944573626636,-5.292618274688721,-0.792618453502655,base,no
3294,0,0,0.9740426473232578,-0.8785012364387512,-4.5035014152526855,base,1
3295,0,0,0.09534947004048376,-3.0096824169158936,-0.7596824765205383,base,No
3296,0,0,0.835483553488848,-1.1021121740341187,-2.727112293243408,base,1
3297,0,0,0.20181322226037882,-2.333853244781494,-0.9588532447814941,base,No
3298,0,0,0.9626731147976793,-0.9596361517906189,-4.209636211395264,base,1
3299,0,0,0.37754066879814546,-1.8499304056167603,-1.3499304056167603,base,1
3300,0,0,0.1645164792819756,-2.625047206878662,-1.0000473260879517,base,No
3301,0,0,0.13296424706933604,-2.7027125358581543,-0.8277125954627991,base,No
3302,0,0,0.18242551491653522,-2.462390899658203,-0.9623908400535583,base,No
3303,0,0,0.00522012445548043,-5.953463554382324,-0.7034633159637451,base,no
3304,0,0,0.2227001594610082,-2.2255754470825195,-0.9755755662918091,base,No
3305,0,0,0.010986940039882433,-5.199921607971191,-0.6999213695526123,base,No
3306,0,0,0.5621765008857981,-1.489208459854126,-1.739208459854126,base,1
3307,0,0,0.34864513533394575,-1.8830381631851196,-1.2580381631851196,base,no
3308,0,0,0.005220125384038879,-5.802746295928955,-0.5527462363243103,base,No
3309,0,0,0.00280092763304364,-6.456229209899902,-0.5812294483184814,base,no
3310,0,0,0.020332355717182622,-4.569825172424316,-0.694825291633606,base,no
3311,0,0,0.9890130599601177,-0.9093005657196045,-5.409300804138184,base,1
3312,0,0,0.0075772408196442265,-5.593977451324463,-0.7189773917198181,base,no
3313,0,0,0.053403329799824234,-3.6692352294921875,-0.7942352294921875,base,No
3314,0,0,0.020332358091706755,-4.567050933837891,-0.6920511722564697,base,No
3315,0,0,0.04742587317756679,-3.6460511684417725,-0.6460511684417725,base,No
3316,0,1,0.8933093946927838,-0.8516212701797485,-2.976621150970459,base,Yes
3317,0,0,0.012431650121413363,-4.945013046264648,-0.5700129866600037,base,no
3318,0,0,0.24508503518827837,-2.275177478790283,-1.1501775979995728,base,no
3319,0,0,0.34864513533394575,-1.9006781578063965,-1.2756781578063965,base,1
3320,0,0,0.9399133498259924,-1.1057989597320557,-3.8557989597320557,base,1
3321,0,0,0.04208772791561884,-3.8312556743621826,-0.7062556743621826,base,no
3322,0,1,0.835483553488848,-0.6993187665939331,-2.3243188858032227,base,Yes
3323,0,0,0.37754066879814546,-1.8629534244537354,-1.3629534244537354,base,1
3324,0,0,0.06008665354025422,-3.5362298488616943,-0.7862299084663391,base,No
3325,0,0,0.014063627043245474,-4.992403030395508,-0.7424030303955078,base,no
3326,0,0,0.01406362456384003,-4.850680351257324,-0.6006801724433899,base,No
3327,0,0,0.060086656906500974,-3.436760425567627,-0.6867605447769165,base,No
3328,0,0,0.16451644651115205,-2.650463104248047,-1.0254629850387573,base,No
3329,0,0,0.005911067805510302,-5.7202229499816895,-0.5952227711677551,base,No
3330,0,0,0.11920291576401235,-2.8149802684783936,-0.8149802088737488,base,No
3331,0,0,0.14804719051380197,-2.715787887573242,-0.9657878279685974,base,no
3332,0,1,0.9770226341042414,-0.7534192204475403,-4.503419399261475,base,Yes
3333,0,0,0.24508499107646636,-2.133338451385498,-1.0083383321762085,base,No
3334,0,0,0.5312093733737563,-1.5522937774658203,-1.6772937774658203,base,1
3335,0,0,0.012431650121413363,-5.175707817077637,-0.8007077574729919,base,no
3336,0,0,0.07585818837825822,-3.3532400131225586,-0.8532401323318481,base,no
3337,0,0,0.006692851716795015,-5.704290390014648,-0.704290509223938,base,no
3338,0,1,0.798186768138228,-0.9791286587715149,-2.35412859916687,base,Yes
3339,0,0,0.4073334000459302,-1.728460669517517,-1.353460669517517,base,no
3340,0,0,0.9465966762263737,-1.0162471532821655,-3.891247272491455,base,1
3341,0,0,0.012431650121413363,-5.022435188293457,-0.6474351286888123,base,No
3342,0,0,0.34864513533394575,-1.895711064338684,-1.270711064338684,base,1
3343,0,1,0.7057850278370112,-1.101933240890503,-1.976933240890503,base,Yes
3344,0,0,0.006692851320539924,-5.6351518630981445,-0.6351519227027893,base,No
3345,0,0,0.7057850278370112,-1.2175695896148682,-2.092569589614868,base,1
3346,0,0,0.020332348593611837,-4.563882827758789,-0.68888258934021,base,No
3347,0,0,0.46879062662624377,-1.4834741353988647,-1.3584741353988647,base,No
3348,0,0,0.0474258704848281,-3.7558538913726807,-0.7558538317680359,base,No
3349,0,0,0.005911068155754778,-5.778160095214844,-0.6531599760055542,base,no
3350,0,0,0.0046095724528596406,-6.072520732879639,-0.6975207924842834,base,No
3351,0,1,0.867035752930664,-0.8327885270118713,-2.7077884674072266,base,Yes
3352,0,0,0.9968273167805015,-1.0924359560012817,-6.842435836791992,base,1
3353,0,0,0.06754668738548215,-3.315429925918579,-0.6904298663139343,base,No
3354,0,0,0.03732688306051187,-3.932901382446289,-0.6829012632369995,base,No
3355,0,0,0.09534945461636171,-3.1466994285583496,-0.8966993093490601,base,no
3356,0,0,0.37754066879814546,-1.8121719360351562,-1.3121719360351562,base,1
3357,0,0,0.004609572179374208,-6.134267807006836,-0.7592678070068359,base,no
3358,0,0,0.8175744761936437,-1.2149474620819092,-2.714947462081909,base,1
3359,0,0,0.014063625390308462,-5.0194244384765625,-0.769424319267273,base,no
3360,0,0,0.8519528019683106,-1.1513404846191406,-2.9013404846191406,base,1
3361,0,0,0.9525741268224334,-1.150658130645752,-4.150658130645752,base,1
3362,0,0,0.008577485920584663,-5.542163372039795,-0.7921634316444397,base,no
3363,0,1,0.6224593312018546,-1.0669008493423462,-1.5669008493423462,base,Yes
3364,0,0,0.029312234143221275,-4.286380767822266,-0.7863808870315552,base,no
3365,0,0,0.0059110695567328965,-5.670876979827881,-0.5458770990371704,base,no
3366,0,0,0.006692852509305267,-5.691852569580078,-0.6918528079986572,base,no
3367,0,0,0.020332353342658753,-4.642506122589111,-0.7675061225891113,base,no
3368,0,0,0.004070136749449438,-6.1333465576171875,-0.6333463191986084,base,no
3369,0,0,0.11920292202211755,-2.932467222213745,-0.9324672222137451,base,no
3370,0,0,0.8175744939732856,-1.061740756034851,-2.5617408752441406,base,1
3371,0,0,0.13296425394084313,-2.814897060394287,-0.9398971796035767,base,no
3372,0,0,0.02595736021183377,-4.331158638000488,-0.7061587572097778,base,No
3373,0,0,0.18242550602671442,-2.4243698120117188,-0.9243696928024292,base,No
3374,0,0,0.003593603008271459,-6.383222579956055,-0.7582226991653442,base,no
3375,0,0,0.008577486934330109,-5.342215061187744,-0.5922152400016785,base,no
3376,0,0,0.7772998405389918,-1.0324002504348755,-2.282400131225586,base,1
3377,0,0,0.32082130082460697,-1.9372444152832031,-1.1872444152832031,base,no
3378,0,0,0.009708475908421797,-5.294877052307129,-0.6698769927024841,base,no
3379,0,0,0.017986209962091555,-4.695342063903809,-0.6953420639038086,base,No
3380,0,0,0.4073334000459302,-1.5843698978424072,-1.2093698978424072,base,No
3381,0,0,0.01798621101487092,-4.6366286277771,-0.6366286873817444,base,no
3382,0,0,0.03308597457504463,-4.098691463470459,-0.7236913442611694,base,No
3383,0,0,0.8175744584140004,-0.9997125864028931,-2.4997124671936035,base,1
3384,0,0,0.03732689591136608,-4.118023872375488,-0.8680241107940674,base,no
3385,0,0,0.18242552380635632,-2.4835429191589355,-0.9835429191589355,base,No
3386,0,0,0.005911068856243796,-5.789091110229492,-0.6640911102294922,base,No
3387,0,0,0.5621765008857981,-1.4272241592407227,-1.6772241592407227,base,1
3388,0,0,0.029312237535086605,-4.182768821716309,-0.6827690601348877,base,no
3389,0,0,0.012431651584958318,-5.085177421569824,-0.710177481174469,base,no
3390,0,0,0.0059110695567328965,-5.651221752166748,-0.5262218713760376,base,no
3391,0,0,0.5621765008857981,-1.590833067893982,-1.840833067893982,base,1
3392,0,0,0.005220126312597491,-5.812235355377197,-0.5622354745864868,base,No
3393,0,0,0.008577483893094128,-5.498222827911377,-0.7482226490974426,base,no
3394,0,0,0.0675466911396291,-3.5193305015563965,-0.8943305015563965,base,no
3395,0,0,0.01098694327827096,-5.112244606018066,-0.6122446656227112,base,No
3396,0,0,0.0474258704848281,-3.818549871444702,-0.8185498118400574,base,No
3397,0,0,0.042087723109535534,-3.8877367973327637,-0.7627366781234741,base,No
3398,0,0,0.37754066879814546,-1.7857587337493896,-1.2857587337493896,base,1
3399,0,0,0.37754066879814546,-1.789489984512329,-1.289489984512329,base,no
3400,0,0,0.022977364557669702,-4.4386749267578125,-0.6886746883392334,base,no
3401,0,0,0.0534033328129234,-3.7073488235473633,-0.8323488831520081,base,no
3402,0,0,0.9149009549929797,-1.0428729057312012,-3.417872905731201,base,1
3403,0,0,0.009708474189265195,-5.340055465698242,-0.7150552272796631,base,No
3404,0,0,0.06754669864792355,-3.385066509246826,-0.7600666284561157,base,no
3405,0,0,0.13296424019782924,-2.8339669704437256,-0.9589669704437256,base,no
3406,0,1,0.5312093733737563,-1.3582415580749512,-1.4832415580749512,base,Yes
3407,0,0,0.020332356904444657,-4.675560474395752,-0.8005606532096863,base,no
3408,0,0,0.02595735719779685,-4.314899921417236,-0.6898999214172363,base,No
3409,0,0,0.29421497216298875,-2.0239970684051514,-1.1489970684051514,base,no
3410,0,0,0.9149009549929797,-1.195624589920044,-3.570624589920044,base,1
3411,0,0,0.1645164792819756,-2.6029052734375,-0.9779053926467896,base,no
3412,0,0,0.10669059394565118,-3.1101694107055664,-0.9851694107055664,base,no
3413,0,0,0.0675466911396291,-3.36853289604187,-0.7435328960418701,base,no
3414,0,0,0.009708475335369565,-5.209899425506592,-0.5848993062973022,base,No
3415,0,0,0.2227001594610082,-2.2942538261413574,-1.044253945350647,base,no
3416,0,0,0.7772998611746911,-1.2722597122192383,-2.5222597122192383,base,1
3417,0,0,0.10669060530721626,-3.015198230743408,-0.8901983499526978,base,No
3418,0,0,0.029312234143221275,-4.127559185028076,-0.6275593042373657,base,No
3419,0,0,0.06008665354025422,-3.531714916229248,-0.7817149758338928,base,no
3420,0,0,0.005911068155754778,-5.846728801727295,-0.7217286825180054,base,no
3421,0,0,0.4073334000459302,-1.6362196207046509,-1.2612196207046509,base,no
3422,0,0,0.11920290950590741,-2.9703235626220703,-0.9703234434127808,base,no
3423,0,0,0.005220125384038879,-5.70470666885376,-0.454706609249115,base,No
3424,0,0,0.025957363225871038,-4.355622291564941,-0.7306225299835205,base,No
3425,0,1,0.7549149868676283,-0.6702362298965454,-1.7952362298965454,base,Yes
3426,0,0,0.01406363034912007,-4.97518253326416,-0.7251827716827393,base,No
3427,0,0,0.1824255415859996,-2.4639101028442383,-0.9639102220535278,base,No
3428,0,0,0.22270013882530884,-2.2570290565490723,-1.0070290565490723,base,no
3429,0,0,0.014063627043245474,-4.928725719451904,-0.6787257194519043,base,no
3430,0,0,0.5926665999540697,-1.3453041315078735,-1.7203041315078735,base,1
3431,0,0,0.9579122768904644,-0.905788779258728,-4.030788898468018,base,1
3432,0,0,0.010986945221304533,-5.1551008224487305,-0.6551010608673096,base,No
3433,0,0,0.03732687877689474,-4.099251747131348,-0.8492515087127686,base,no
3434,0,0,0.4378234991142019,-1.6789408922195435,-1.4289408922195435,base,1
3435,0,0,0.0159063879797589,-4.843662261962891,-0.7186620235443115,base,No
3436,0,0,0.003593603008271459,-6.324484348297119,-0.6994844675064087,base,no
3437,0,0,0.02033235452992065,-4.6123270988464355,-0.7373271584510803,base,no
3438,0,0,0.006692852113050128,-5.584885120391846,-0.58488529920578,base,No
3439,0,0,0.007577242164294059,-5.598099708557129,-0.7230998277664185,base,No
3440,0,0,0.1645164628965632,-2.6478517055511475,-1.0228517055511475,base,no
3441,0,0,0.9399133531922388,-0.9929928183555603,-3.742992877960205,base,1
3442,0,0,0.0534033328129234,-3.639861822128296,-0.7648618817329407,base,no
3443,0,0,0.4073334000459302,-1.674754023551941,-1.299754023551941,base,No
3444,0,0,0.006692851320539924,-5.766351699829102,-0.7663517594337463,base,no
3445,0,0,0.29421497216298875,-1.9687515497207642,-1.0937515497207642,base,No
3446,0,0,0.025957358704815272,-4.431537628173828,-0.8065376877784729,base,no
3447,0,0,0.9046505351008906,-1.0257091522216797,-3.2757091522216797,base,1
3448,0,0,0.1645164792819756,-2.5254263877868652,-0.9004265069961548,base,no
3449,0,0,0.893309411735131,-0.990391194820404,-3.115391254425049,base,1
3450,0,0,0.005911068856243796,-5.928274154663086,-0.8032741546630859,base,no
3451,0,0,0.5312093733737563,-1.6044535636901855,-1.7294535636901855,base,1
3452,0,0,0.46879062662624377,-1.5408295392990112,-1.4158295392990112,base,1
3453,0,0,0.014063625390308462,-4.948001384735107,-0.6980012655258179,base,No
3454,0,0,0.06754668363133542,-3.495731830596924,-0.8707317113876343,base,No
3455,0,0,0.0675466911396291,-3.4007842540740967,-0.7757842540740967,base,No
3456,0,0,0.08509904036636974,-3.2773141860961914,-0.9023141264915466,base,No
3457,0,0,0.34864513533394575,-1.904986023902893,-1.279986023902893,base,1
3458,0,0,0.014063627043245474,-5.023712158203125,-0.773712158203125,base,no
3459,0,0,0.2227001594610082,-2.240633964538574,-0.9906340837478638,base,no
3460,0,0,0.1480471980316895,-2.622316360473633,-0.8723163604736328,base,No
3461,0,0,0.07585818419975078,-3.39306902885437,-0.8930690884590149,base,no
3462,0,0,0.7772998405389918,-1.056883454322815,-2.3068833351135254,base,1
3463,0,0,0.020332353342658753,-4.556992530822754,-0.6819925308227539,base,No
3464,0,0,0.04208773272170267,-3.9635868072509766,-0.8385869264602661,base,no
3465,0,0,0.16451645470385742,-2.558926582336426,-0.933926522731781,base,No
3466,0,0,0.020332356904444657,-4.551180362701416,-0.6761805415153503,base,no
3467,0,0,0.37754066879814546,-1.7347594499588013,-1.2347594499588013,base,no
3468,0,0,0.8807970654616711,-0.9366875886917114,-2.936687469482422,base,1
3469,0,0,0.004070138682343046,-6.149548530578613,-0.6495487689971924,base,No
3470,0,0,0.37754066879814546,-1.8177812099456787,-1.3177812099456787,base,no
3471,0,0,0.006692850131774789,-5.638190746307373,-0.6381906270980835,base,No
3472,0,0,0.11920293453832885,-2.8861923217773438,-0.8861924409866333,base,no
3473,0,0,0.8354835371034369,-1.0381383895874023,-2.6631383895874023,base,1
3474,0,1,0.5621765008857981,-1.226463794708252,-1.476463794708252,base,Yes
3475,0,0,0.1066905825840872,-2.9408040046691895,-0.8158038854598999,base,no
3476,0,0,0.1480471980316895,-2.582397222518921,-0.8323972225189209,base,No
3477,0,0,0.004609571632403393,-5.966719150543213,-0.5917190313339233,base,No
3478,0,0,0.014063626216776943,-4.968739032745361,-0.7187389731407166,base,no
3479,0,0,0.37754066879814546,-1.8816120624542236,-1.3816120624542236,base,1
3480,0,0,0.34864513533394575,-1.8496772050857544,-1.2246772050857544,base,No
3481,0,0,0.005911068856243796,-5.701517581939697,-0.5765175819396973,base,No
3482,0,0,0.10669059962643358,-2.924807071685791,-0.7998071312904358,base,no
3483,0,0,0.46879062662624377,-1.6483365297317505,-1.5233365297317505,base,1
3484,0,0,0.007577239923211134,-5.474393367767334,-0.5993931889533997,base,No
3485,0,0,0.008577486934330109,-5.397163391113281,-0.6471635699272156,base,no
3486,0,1,0.5621765008857981,-1.2361243963241577,-1.4861243963241577,base,Yes
3487,0,0,0.46879062662624377,-1.6734918355941772,-1.5484918355941772,base,1
3488,0,0,0.6513548646660542,-1.3350101709365845,-1.9600101709365845,base,1
3489,0,0,0.0675466911396291,-3.3489885330200195,-0.7239885330200195,base,No
3490,0,0,0.06008665354025422,-3.4688854217529297,-0.7188854813575745,base,No
3491,0,0,0.015906388912772775,-4.88231897354126,-0.7573187947273254,base,No
3492,0,0,0.6224593312018546,-1.2981971502304077,-1.7981971502304077,base,1
3493,0,0,0.9840936045561286,-1.1308376789093018,-5.255837440490723,base,1
3494,0,0,0.006692850131774789,-5.762720108032227,-0.762719988822937,base,no
3495,0,0,0.009708477054526368,-5.35158634185791,-0.7265864014625549,base,no
3496,0,0,0.07585818419975078,-3.428278684616089,-0.9282787442207336,base,no
3497,0,0,0.08509904964767095,-3.1439528465270996,-0.7689529061317444,base,No
3498,0,0,0.20181322226037882,-2.4728195667266846,-1.0978195667266846,base,no
3499,0,0,0.029312237535086605,-4.146683692932129,-0.646683931350708,base,No
3500,0,0,0.9241418199787566,-1.2236461639404297,-3.7236461639404297,base,1
3501,0,0,0.03732688948593843,-4.017500400543213,-0.7675004601478577,base,no
3502,0,0,0.004609571358918011,-6.090866565704346,-0.7158663868904114,base,no
3503,0,0,0.01590639077880068,-4.889227390289307,-0.7642273306846619,base,No
3504,0,0,0.1645164792819756,-2.411799430847168,-0.7867995500564575,base,No
3505,0,0,0.9149009549929797,-1.097308874130249,-3.472308874130249,base,1
3506,0,0,0.11920292828022305,-2.761899948120117,-0.761900007724762,base,No
3507,0,0,0.11920292828022305,-2.8161873817443848,-0.8161874413490295,base,No
3508,0,0,0.0075772408196442265,-5.536642551422119,-0.6616424918174744,base,No
3509,0,0,0.9241418199787566,-1.0197689533233643,-3.5197689533233643,base,1
3510,0,0,0.6513548646660542,-1.3194403648376465,-1.9444403648376465,base,1
3511,0,0,0.5926665999540697,-1.401886224746704,-1.776886224746704,base,1
3512,0,0,0.0953494648991095,-3.0069661140441895,-0.7569661140441895,base,No
3513,0,0,0.9046505248181417,-0.9291583299636841,-3.1791582107543945,base,1
3514,0,0,0.005220125384038879,-5.840569496154785,-0.5905694365501404,base,no
3515,0,0,0.37754066879814546,-1.8183836936950684,-1.3183836936950684,base,1
3516,0,0,0.017986209962091555,-4.716888904571533,-0.7168889045715332,base,No
3517,0,0,0.004070136749449438,-6.082446098327637,-0.5824458599090576,base,no
3518,0,1,0.9046505299595163,-0.5621915459632874,-2.8121914863586426,base,Yes
3519,0,0,0.008577486427457372,-5.512121200561523,-0.762121319770813,base,no
3520,0,0,0.7310585786300049,-1.1799757480621338,-2.179975748062134,base,1
3521,0,0,0.0850990357257195,-3.219484806060791,-0.8444846868515015,base,No
3522,0,0,0.37754066879814546,-1.6978079080581665,-1.1978079080581665,base,no
3523,0,0,0.09534945975773548,-3.0490353107452393,-0.7990352511405945,base,No
3524,0,0,0.5,-1.2241533994674683,-1.2241533994674683,base,No
3525,0,0,0.09534947518185825,-3.145500659942627,-0.8955007791519165,base,no
3526,0,0,0.8354835371034369,-1.1135096549987793,-2.7385096549987793,base,1
3527,0,0,0.1645164792819756,-2.4496378898620605,-0.8246380090713501,base,No
3528,0,0,0.03732688306051187,-4.085796356201172,-0.8357962369918823,base,no
3529,0,1,0.5926665999540697,-1.2808899879455566,-1.6558899879455566,base,Yes
3530,0,0,0.4378234991142019,-1.6835542917251587,-1.4335542917251587,base,1
3531,0,1,0.7981867585368343,-0.8425170183181763,-2.2175168991088867,base,Yes
3532,0,0,0.02595735569077852,-4.2574639320373535,-0.6324638724327087,base,no
3533,0,0,0.37754066879814546,-1.8455603122711182,-1.3455603122711182,base,1
3534,0,0,0.005220126003077935,-6.0328569412231445,-0.7828570008277893,base,no
3535,0,0,0.006692851716795015,-5.540421009063721,-0.5404211282730103,base,No
3536,0,0,0.0059110692064883365,-5.8810834884643555,-0.7560835480690002,base,no
3537,0,0,0.10669059394565118,-3.0191452503204346,-0.8941452503204346,base,no
3538,0,0,0.9902915235185259,-0.9122843742370605,-5.5372843742370605,base,1
3539,0,0,0.46879062662624377,-1.6013908386230469,-1.4763908386230469,base,1
3540,0,0,0.02297736991002561,-4.550174713134766,-0.8001747131347656,base,no
3541,0,0,0.4073334000459302,-1.7322999238967896,-1.3572999238967896,base,1
3542,0,0,0.05340332377362639,-3.6665539741516113,-0.7915538549423218,base,No
3543,0,0,0.37754066879814546,-1.742641806602478,-1.242641806602478,base,No
3544,0,0,0.7310585786300049,-1.1662492752075195,-2.1662492752075195,base,1
3545,0,0,0.8354835371034369,-1.1659417152404785,-2.7909417152404785,base,1
3546,0,0,0.7981867777396212,-1.0675759315490723,-2.4425759315490723,base,1
3547,0,0,0.029312234143221275,-4.293432712554932,-0.7934328317642212,base,No
3548,0,0,0.14804719051380197,-2.6527113914489746,-0.9027113318443298,base,No
3549,0,0,0.007577241267860811,-5.49941349029541,-0.6244134902954102,base,no
3550,0,0,0.06008665017400762,-3.6020994186401367,-0.8520994186401367,base,No
3551,0,0,0.32082130082460697,-1.941098928451538,-1.191098928451538,base,No
3552,0,0,0.7549150089235336,-1.2854760885238647,-2.4104762077331543,base,1
3553,0,0,0.006692851716795015,-5.693973541259766,-0.6939736604690552,base,No
3554,0,0,0.02297736991002561,-4.372899532318115,-0.6228995323181152,base,no
3555,0,0,0.10669059962643358,-3.064527988433838,-0.9395280480384827,base,no
3556,0,0,0.18242552380635632,-2.412416934967041,-0.912416934967041,base,No
3557,0,0,0.1480471980316895,-2.6291487216949463,-0.8791487216949463,base,No
3558,0,0,0.34864513533394575,-1.8763048648834229,-1.2513048648834229,base,no
3559,0,0,0.5621765008857981,-1.5518602132797241,-1.8018602132797241,base,1
3560,0,1,0.8519528019683106,-0.7962887287139893,-2.5462887287139893,base,Yes
3561,0,0,0.022977373924293353,-4.480308532714844,-0.7303087115287781,base,no
3562,0,0,0.06008665017400762,-3.405651807785034,-0.6556518077850342,base,No
3563,0,0,0.9525741375933872,-1.1229379177093506,-4.12293815612793,base,1
3564,0,0,0.004070137715896127,-6.021815776824951,-0.5218157768249512,base,No
3565,0,0,0.2689414213699951,-2.1700491905212402,-1.1700491905212402,base,no
3566,0,0,0.009708475335369565,-5.1757378578186035,-0.550737738609314,base,no
3567,0,0,0.0675466911396291,-3.3517518043518066,-0.7267518043518066,base,No
3568,0,0,0.7310585551920353,-1.155011773109436,-2.1550116539001465,base,1
3569,0,0,0.02033235452992065,-4.577470302581787,-0.7024703621864319,base,no
3570,0,0,0.005220125074519377,-5.90187931060791,-0.6518791913986206,base,no
3571,0,0,0.009708475335369565,-5.175799369812012,-0.5507992506027222,base,no
3572,0,0,0.0159063879797589,-4.849272727966309,-0.7242724895477295,base,no
3573,0,0,0.46879062662624377,-1.5654184818267822,-1.4404184818267822,base,1
3574,0,0,0.020332353342658753,-4.6042256355285645,-0.7292256355285645,base,No
3575,0,0,0.5,-1.539341926574707,-1.539341926574707,base,1
3576,0,0,0.06008665354025422,-3.468770742416382,-0.7187708020210266,base,No
3577,0,0,0.5312093733737563,-1.5314342975616455,-1.6564342975616455,base,1
3578,0,0,0.9241418199787566,-1.1460974216461182,-3.646097421646118,base,1
3579,0,1,0.9046505248181417,-0.7866479158401489,-3.0366477966308594,base,Yes
3580,0,0,0.0850990357257195,-3.283571243286133,-0.9085711240768433,base,no
3581,0,0,0.053403329799824234,-3.622121810913086,-0.7471218109130859,base,no
3582,0,0,0.10669058826486906,-2.7892136573791504,-0.6642135977745056,base,No
3583,0,0,0.9933071490757153,-1.0133914947509766,-6.013391494750977,base,1
3584,0,0,0.01798620785653302,-4.751395225524902,-0.7513951063156128,base,No
3585,0,0,0.014063625390308462,-4.963278293609619,-0.7132781744003296,base,No
3586,0,0,0.0953494648991095,-3.0928752422332764,-0.8428752422332764,base,no
3587,0,0,0.0850990357257195,-3.198817729949951,-0.8238176107406616,base,No
3588,0,0,0.014063627043245474,-5.027560710906982,-0.7775607109069824,base,no
3589,0,1,0.8354835207180245,-0.7400323152542114,-2.365032196044922,base,Yes
3590,0,0,0.10669058826486906,-2.842648983001709,-0.7176489233970642,base,No
3591,0,0,0.6224593312018546,-1.3225538730621338,-1.8225538730621338,base,1
3592,0,0,0.29421497216298875,-2.015005588531494,-1.1400055885314941,base,No
3593,0,0,0.11920292202211755,-2.8815016746520996,-0.8815016746520996,base,no
3594,0,0,0.006692852509305267,-5.67315673828125,-0.6731569766998291,base,no
3595,0,0,0.8670357598021706,-1.1315417289733887,-3.0065417289733887,base,1
3596,0,0,0.7057850278370112,-1.299863576889038,-2.174863576889038,base,1
3597,0,0,0.005911068505999277,-5.7612690925598145,-0.6362690329551697,base,No
3598,0,0,0.010986940687560063,-5.211864948272705,-0.7118647694587708,base,no
3599,0,0,0.5621765008857981,-1.4282435178756714,-1.6782435178756714,base,1
3600,0,0,0.008577485413711986,-5.47195291519165,-0.7219529151916504,base,No
3601,0,0,0.020332358091706755,-4.666353225708008,-0.7913534641265869,base,no
3602,0,0,0.060086646807761206,-3.376267194747925,-0.62626713514328,base,No
3603,0,0,0.02033235452992065,-4.643980026245117,-0.768980085849762,base,no
3604,0,0,0.012431650121413363,-4.9547929763793945,-0.5797929167747498,base,No
3605,0,0,0.34864513533394575,-1.7006771564483643,-1.0756771564483643,base,no
3606,0,0,0.11920292202211755,-2.9740288257598877,-0.9740288257598877,base,no
3607,0,1,0.8807970654616711,-0.8245421648025513,-2.8245420455932617,base,Yes
3608,0,0,0.07585818002124356,-3.261537551879883,-0.7615375518798828,base,No
3609,0,0,0.8519527869325346,-0.9954568147659302,-2.7454566955566406,base,1
3610,0,0,0.22270013882530884,-2.3127329349517822,-1.0627329349517822,base,no
3611,0,0,0.042087723109535534,-3.876044750213623,-0.7510446310043335,base,No
3612,0,0,0.7310585786300049,-1.2020797729492188,-2.2020797729492188,base,1
3613,0,0,0.24508503518827837,-2.2669477462768555,-1.141947865486145,base,No
3614,0,0,0.01243165231673086,-5.07656192779541,-0.7015620470046997,base,No
3615,0,0,0.005220126312597491,-5.98662805557251,-0.7366281747817993,base,no
3616,0,0,0.008577484399966718,-5.463989734649658,-0.7139896154403687,base,no
3617,0,0,0.037326887344129464,-3.9341440200805664,-0.6841440200805664,base,No
3618,0,0,0.009708475335369565,-5.302285671234131,-0.6772855520248413,base,no
3619,0,0,0.01098694327827096,-5.107645034790039,-0.6076450943946838,base,No
3620,0,0,0.010986944573626636,-4.957417011260986,-0.45741719007492065,base,no
3621,0,0,0.34864513533394575,-1.8829690217971802,-1.2579690217971802,base,no
3622,0,0,0.010986940687560063,-5.281543731689453,-0.7815435528755188,base,no
3623,0,0,0.08509904964767095,-3.1318271160125732,-0.756827175617218,base,No
3624,0,0,0.16451644651115205,-2.524897575378418,-0.8998974561691284,base,no
3625,0,0,0.24508503518827837,-2.1467690467834473,-1.0217691659927368,base,No
3626,0,0,0.02033235096813516,-4.553918838500977,-0.678918719291687,base,No
3627,0,0,0.6224593312018546,-1.3510661125183105,-1.8510661125183105,base,1
3628,0,0,0.05340333582602272,-3.7316880226135254,-0.8566881418228149,base,no
3629,0,0,0.0675466911396291,-3.4455151557922363,-0.8205151557922363,base,No
3630,0,0,0.022977371248114782,-4.358838081359863,-0.6088381409645081,base,No
3631,0,0,0.1329642264548166,-2.9000210762023926,-1.025020956993103,base,no
3632,0,0,0.880797071719777,-0.9684599041938782,-2.9684598445892334,base,1
3633,0,0,0.06008665354025422,-3.4709205627441406,-0.7209206223487854,base,No
3634,0,0,0.04208773031866069,-3.705277681350708,-0.5802777409553528,base,No
3635,0,0,0.46879062662624377,-1.624178171157837,-1.499178171157837,base,1
3636,0,0,0.0474258704848281,-3.8182032108306885,-0.8182031512260437,base,No
3637,0,0,0.07585817166422973,-3.1212754249572754,-0.6212753057479858,base,No
3638,0,0,0.047425867792089564,-3.7765512466430664,-0.7765511274337769,base,no
3639,0,0,0.0373268852023206,-3.9755311012268066,-0.7255310416221619,base,No
3640,0,0,0.04208773272170267,-3.9917874336242676,-0.8667875528335571,base,no
3641,0,0,0.11920292828022305,-2.9471499919891357,-0.9471500515937805,base,no
3642,0,0,0.06008665354025422,-3.340701103210449,-0.590701162815094,base,No
3643,0,0,0.04742587856304458,-3.667141914367676,-0.6671420335769653,base,No
3644,0,0,0.22270011818961086,-2.3134384155273438,-1.0634382963180542,base,No
3645,0,0,0.32082130082460697,-1.9925222396850586,-1.2425222396850586,base,1
3646,0,0,0.20181322226037882,-2.3950421810150146,-1.0200421810150146,base,no
3647,0,0,0.0024726234506656126,-6.480320453643799,-0.4803205728530884,base,no
3648,0,0,0.02297736857193652,-4.458481788635254,-0.7084817290306091,base,no
3649,0,0,0.025957354183760273,-4.193638324737549,-0.5686382055282593,base,No
3650,0,0,0.007577239923211134,-5.5273871421813965,-0.6523869633674622,base,no
3651,0,0,0.01243165304850344,-5.057559490203857,-0.6825596690177917,base,No
3652,0,0,0.09534945975773548,-3.0084190368652344,-0.7584189772605896,base,No
3653,0,0,0.11920292202211755,-2.931230068206787,-0.9312300682067871,base,no
3654,0,0,0.0059110695567328965,-5.6560869216918945,-0.5310870409011841,base,No
3655,0,0,0.24508501313237172,-2.3052635192871094,-1.1802635192871094,base,no
3656,0,0,0.004609572726345088,-6.084305286407471,-0.7093054056167603,base,No
3657,0,0,0.017986212067650338,-4.531259059906006,-0.5312591791152954,base,no
3658,0,0,0.9465966671870767,-0.8610723614692688,-3.736072301864624,base,1
3659,0,0,0.8175744761936437,-1.0250725746154785,-2.5250725746154785,base,1
3660,0,0,0.10669058826486906,-2.924546480178833,-0.7995464205741882,base,No
3661,0,0,0.1645164628965632,-2.6637985706329346,-1.0387985706329346,base,no
3662,0,0,0.7057850278370112,-1.248272180557251,-2.123272180557251,base,1
3663,0,0,0.0075772408196442265,-5.586843490600586,-0.7118434309959412,base,no
3664,0,0,0.8807970904940926,-0.9503473043441772,-2.950347423553467,base,1
3665,0,0,0.033085978388704126,-4.092190742492676,-0.7171907424926758,base,No
3666,0,0,0.9046505351008906,-0.9703447818756104,-3.2203447818756104,base,1
3667,0,0,0.29421497216298875,-2.0257487297058105,-1.1507487297058105,base,no
3668,0,0,0.34864513533394575,-1.8524541854858398,-1.2274541854858398,base,1
3669,0,0,0.20181322226037882,-2.286820650100708,-0.911820650100708,base,No
3670,0,0,0.32082130082460697,-1.9514671564102173,-1.2014671564102173,base,1
3671,0,0,0.7310585786300049,-1.3170840740203857,-2.3170840740203857,base,1
3672,0,0,0.10669059962643358,-2.9831466674804688,-0.8581467270851135,base,No
3673,0,0,0.4378234991142019,-1.6262832880020142,-1.3762832880020142,base,1
3674,0,0,0.4073334000459302,-1.749282956123352,-1.374282956123352,base,1
3675,0,0,0.7981867777396212,-1.2261021137237549,-2.601102113723755,base,1
3676,0,0,0.020332358091706755,-4.480428695678711,-0.60542893409729,base,No
3677,0,0,0.01098694327827096,-5.222818851470947,-0.722818911075592,base,No
3678,0,0,0.009708477054526368,-5.278383731842041,-0.6533837914466858,base,No
3679,0,0,0.5621765008857981,-1.50160551071167,-1.75160551071167,base,1
3680,0,1,0.754914975839675,-0.9350515007972717,-2.060051441192627,base,Yes
3681,0,0,0.995929862042492,-0.9623861908912659,-6.462386131286621,base,1
3682,0,0,0.7772998611746911,-1.0009534358978271,-2.250953435897827,base,1
3683,0,0,0.006692849735519792,-5.738274097442627,-0.7382739186286926,base,No
3684,0,0,0.8807970654616711,-1.211605191230774,-3.2116050720214844,base,1
3685,0,0,0.11920293453832885,-2.968477725982666,-0.9684778451919556,base,no
3686,0,0,0.13296424019782924,-2.883988618850708,-1.008988618850708,base,no
3687,0,0,0.5926665999540697,-1.4525022506713867,-1.8275022506713867,base,1
3688,0,0,0.004070136749449438,-6.227353096008301,-0.7273528575897217,base,No
3689,0,0,0.037326887344129464,-4.007277965545654,-0.7572779655456543,base,No
3690,0,0,0.8519527869325346,-1.090152382850647,-2.8401522636413574,base,1
3691,0,0,0.01243164938964095,-5.153896331787109,-0.7788962125778198,base,no
3692,0,0,0.04742587856304458,-3.8273401260375977,-0.8273402452468872,base,no
3693,0,0,0.01098694327827096,-5.17799711227417,-0.6779971718788147,base,no
3694,0,0,0.020332355717182622,-4.621692657470703,-0.7466927766799927,base,no
3695,0,0,0.008577485413711986,-5.318126201629639,-0.5681262016296387,base,no
3696,0,0,0.9324533088603709,-1.0403461456298828,-3.665346145629883,base,1
3697,0,0,0.2227001594610082,-2.2285890579223633,-0.9785891771316528,base,no
3698,0,0,0.03732689591136608,-4.019523620605469,-0.7695238590240479,base,No
3699,0,0,0.1824255415859996,-2.488039970397949,-0.9880400896072388,base,no
3700,0,0,0.46879062662624377,-1.5199230909347534,-1.3949230909347534,base,1
3701,0,0,0.060086656906500974,-3.629596710205078,-0.8795968294143677,base,no
3702,0,0,0.16451644651115205,-2.5922207832336426,-0.967220664024353,base,no
3703,0,0,0.04208772791561884,-3.766331195831299,-0.6413311958312988,base,no
3704,0,0,0.5,-1.342564344406128,-1.342564344406128,base,No
3705,0,0,0.00669285052802981,-5.74137544631958,-0.7413753867149353,base,no
3706,0,0,0.34864513533394575,-1.8808701038360596,-1.2558701038360596,base,no
3707,0,0,0.014063628696182679,-5.017243385314941,-0.767243504524231,base,No
3708,0,0,0.9859363729567544,-0.9420418739318848,-5.192041873931885,base,1
3709,0,1,0.9579122768904644,-0.8119643926620483,-3.936964511871338,base,Yes
3710,0,0,0.005911068856243796,-5.679864406585693,-0.5548644065856934,base,no
3711,0,0,0.006692851320539924,-5.65323543548584,-0.6532354950904846,base,No
3712,0,0,0.060086646807761206,-3.4742751121520996,-0.7242750525474548,base,no
3713,0,0,0.37754066879814546,-1.8806746006011963,-1.3806746006011963,base,1
3714,0,0,0.32082130082460697,-2.0849432945251465,-1.3349432945251465,base,1
3715,0,0,0.5,-1.5795061588287354,-1.5795061588287354,base,1
3716,0,0,0.7057850030829009,-1.2012320756912231,-2.0762319564819336,base,1
3717,0,0,0.6224593312018546,-1.2299336194992065,-1.7299336194992065,base,1
3718,0,0,0.5621765008857981,-1.375503420829773,-1.625503420829773,base,1
3719,0,0,0.005220126622117065,-5.823085784912109,-0.5730859637260437,base,no
3720,0,0,0.8670357460591569,-1.0674458742141724,-2.942445755004883,base,1
3721,0,0,0.007577241267860811,-5.468567371368408,-0.5935673713684082,base,No
3722,0,0,0.01098694392594878,-5.229375839233398,-0.729375958442688,base,no
3723,0,0,0.6224593312018546,-1.3491785526275635,-1.8491785526275635,base,1
3724,0,0,0.6224593312018546,-1.3922009468078613,-1.8922009468078613,base,1
3725,0,0,0.009708478200631072,-5.2921905517578125,-0.6671907305717468,base,no
3726,0,0,0.008577484399966718,-5.444443225860596,-0.6944431066513062,base,no
3727,0,0,0.10669059394565118,-2.906707763671875,-0.781707763671875,base,No
3728,0,0,0.007577241267860811,-5.642212390899658,-0.7672123908996582,base,no
3729,0,0,0.010986945221304533,-5.04379940032959,-0.543799638748169,base,No
3730,0,0,0.24508501313237172,-2.241258144378662,-1.116258144378662,base,no
3731,0,0,0.5621765008857981,-1.4271557331085205,-1.6771557331085205,base,1
3732,0,0,0.01798620890931226,-4.73005485534668,-0.7300547957420349,base,no
3733,0,0,0.2689414448079646,-2.1307239532470703,-1.1307240724563599,base,no
3734,0,0,0.02595735719779685,-4.324615001678467,-0.6996150016784668,base,No
3735,0,0,0.679178699175393,-1.2031946182250977,-1.9531946182250977,base,1
3736,0,1,0.7772998405389918,-0.9893137216567993,-2.2393136024475098,base,Yes
3737,0,0,0.005911070257222078,-5.842812538146973,-0.7178127765655518,base,no
3738,0,0,0.4378234991142019,-1.5185472965240479,-1.2685472965240479,base,No
3739,0,1,0.914900950352329,-0.8595820069313049,-3.23458194732666,base,Yes
3740,0,0,0.10669058826486906,-2.9573416709899902,-0.8323416113853455,base,No
3741,0,0,0.0474258704848281,-3.6483640670776367,-0.6483640074729919,base,No
3742,0,0,0.13296424019782924,-2.784480094909668,-0.909480094909668,base,no
3743,0,0,0.5312093733737563,-1.5236191749572754,-1.6486191749572754,base,1
3744,0,0,0.06008665354025422,-3.502272129058838,-0.7522721886634827,base,No
3745,0,0,0.8670357460591569,-0.9252115488052368,-2.8002114295959473,base,1
3746,0,0,0.06008665354025422,-3.5557594299316406,-0.8057594895362854,base,No
3747,0,0,0.02595735569077852,-4.111650466918945,-0.48665040731430054,base,No
3748,0,1,0.5312093733737563,-1.3338640928268433,-1.4588640928268433,base,Yes
3749,0,1,0.939913356558485,-0.5375756025314331,-3.2875757217407227,base,Yes
3750,0,0,0.7981867777396212,-1.1554718017578125,-2.5304718017578125,base,1
3751,0,0,0.5926665999540697,-1.4153378009796143,-1.7903378009796143,base,1
3752,0,0,0.5,-1.5419213771820068,-1.5419213771820068,base,1
3753,0,0,0.9740426367741291,-1.0431711673736572,-4.668170928955078,base,1
3754,0,0,0.006692851716795015,-5.566342830657959,-0.5663429498672485,base,no
3755,0,0,0.022977367233847502,-4.519054889678955,-0.7690547704696655,base,no
3756,0,0,0.015906394510857135,-4.848541259765625,-0.7235414385795593,base,No
3757,0,1,0.8807970842359877,-0.825192391872406,-2.825192451477051,base,Yes
3758,0,0,0.8670357460591569,-1.0565143823623657,-2.931514263153076,base,1
3759,0,0,0.9465966762263737,-0.9598597288131714,-3.834859848022461,base,1
3760,0,0,0.010986941335237732,-5.125842094421387,-0.6258419752120972,base,No
3761,0,0,0.29421497216298875,-2.0922348499298096,-1.2172348499298096,base,no
3762,0,1,0.754914975839675,-0.9274190068244934,-2.0524189472198486,base,Yes
3763,0,0,0.18242552380635632,-2.5777573585510254,-1.0777573585510254,base,no
3764,0,0,0.025957358704815272,-4.363879203796387,-0.7388792634010315,base,No
3765,0,0,0.03308597457504463,-4.119822978973389,-0.7448228597640991,base,no
3766,0,0,0.03732689162774753,-3.9542412757873535,-0.7042413949966431,base,No
3767,0,0,0.01798621101487092,-4.781129837036133,-0.7811298966407776,base,no
3768,0,0,0.679178699175393,-1.1703755855560303,-1.9203755855560303,base,1
3769,0,0,0.042087723109535534,-3.9486351013183594,-0.8236349821090698,base,no
3770,0,0,0.025957363225871038,-4.32502555847168,-0.7000257968902588,base,No
3771,0,0,0.053403329799824234,-3.6824705600738525,-0.8074705600738525,base,No
3772,0,0,0.007577239923211134,-5.528041839599609,-0.653041660785675,base,no
3773,0,0,0.004609572726345088,-6.075887680053711,-0.7008877992630005,base,No
3774,0,0,0.03308597266821503,-4.062925815582275,-0.6879256367683411,base,No
3775,0,0,0.03732688306051187,-3.9600558280944824,-0.7100557088851929,base,No
3776,0,0,0.04742587587030561,-3.813838243484497,-0.8138383030891418,base,no
3777,0,0,0.7772998611746911,-1.2698109149932861,-2.519810914993286,base,1
3778,0,0,0.04208772791561884,-3.8261866569519043,-0.7011866569519043,base,no
3779,0,0,0.9933071474906947,-1.1425573825836182,-6.142557144165039,base,1
3780,0,0,0.5312093733737563,-1.4176019430160522,-1.5426019430160522,base,1
3781,0,0,0.07585818002124356,-3.4466640949249268,-0.9466640949249268,base,no
3782,0,1,0.8519527869325346,-0.9506040811538696,-2.70060396194458,base,Yes
3783,0,0,0.0534033328129234,-3.574455976486206,-0.6994560360908508,base,No
3784,0,0,0.009708475335369565,-5.336791038513184,-0.711790919303894,base,No
3785,0,0,0.18242550602671442,-2.576653480529785,-1.0766533613204956,base,no
3786,0,0,0.04742587317756679,-3.6277918815612793,-0.6277918815612793,base,No
3787,0,0,0.009708477627578704,-5.223381519317627,-0.5983816385269165,base,No
3788,0,0,0.11920290950590741,-2.8726706504821777,-0.8726705312728882,base,No
3789,0,0,0.014063627869714051,-4.980876922607422,-0.7308769822120667,base,no
3790,0,0,0.2942149474088797,-2.0287461280822754,-1.1537460088729858,base,no
3791,0,0,0.16451647108926923,-2.575033664703369,-0.9500337243080139,base,no
3792,0,0,0.05340332678672523,-3.745054244995117,-0.8700541853904724,base,no
3793,0,0,0.1480471980316895,-2.371886730194092,-0.6218867301940918,base,No
3794,0,0,0.005220125693558397,-5.8044352531433105,-0.5544352531433105,base,no
3795,0,0,0.02931222905542399,-4.340991973876953,-0.8409919142723083,base,no
3796,0,0,0.00359360194114313,-6.2638139724731445,-0.6388137936592102,base,no
3797,0,0,0.5312093733737563,-1.5803974866867065,-1.7053974866867065,base,1
3798,0,0,0.0534033328129234,-3.653174877166748,-0.7781749367713928,base,No
3799,0,0,0.02595736021183377,-4.3136749267578125,-0.688675045967102,base,No
3800,0,0,0.9324533013520764,-1.2050024271011353,-3.8300023078918457,base,1
3801,0,0,0.004609571632403393,-5.854445934295654,-0.47944581508636475,base,no
3802,0,0,0.060086646807761206,-3.4837992191314697,-0.733799159526825,base,No
3803,0,0,0.006692852509305267,-5.595043182373047,-0.595043420791626,base,No
3804,0,0,0.20181324146316565,-2.379962921142578,-1.0049630403518677,base,no
3805,0,0,0.010986945221304533,-5.030421257019043,-0.5304214954376221,base,No
3806,0,0,0.012431651584958318,-5.081636905670166,-0.7066369652748108,base,No
3807,0,0,0.07585817166422973,-3.282937526702881,-0.7829374074935913,base,No
3808,0,0,0.22270013882530884,-2.380402088165283,-1.1304020881652832,base,no
3809,0,0,0.05340332678672523,-3.7197420597076416,-0.8447420001029968,base,no
3810,0,0,0.9953904289145673,-0.9126012325286865,-6.287601470947266,base,1
3811,0,0,0.46879062662624377,-1.608846664428711,-1.483846664428711,base,1
3812,0,0,0.1645164628965632,-2.6287577152252197,-1.0037577152252197,base,No
3813,0,0,0.03308597266821503,-4.2114057540893555,-0.8364055752754211,base,no
3814,0,0,0.9525741375933872,-1.0461137294769287,-4.046113967895508,base,1
3815,0,0,0.4073334000459302,-1.6741373538970947,-1.2991373538970947,base,1
3816,0,0,0.9241418199787566,-1.0938665866851807,-3.5938665866851807,base,1
3817,0,0,0.053403329799824234,-3.5489253997802734,-0.6739253997802734,base,No
3818,0,0,0.20181324146316565,-2.4156460762023926,-1.0406461954116821,base,no
3819,0,0,0.679178699175393,-1.3063037395477295,-2.0563037395477295,base,1
3820,0,0,0.9525741214369554,-0.9962722063064575,-3.996272087097168,base,1
3821,0,0,0.1645164628965632,-2.3927083015441895,-0.7677083015441895,base,No
3822,0,0,0.009708474762317362,-5.1433491706848145,-0.5183489918708801,base,no
3823,0,0,0.03732688948593843,-4.057772636413574,-0.807772696018219,base,no
3824,0,0,0.9324533088603709,-1.10127854347229,-3.72627854347229,base,1
3825,0,0,0.29421497216298875,-2.086101531982422,-1.2111015319824219,base,No
3826,0,0,0.01243164938964095,-4.980173587799072,-0.6051734685897827,base,No
3827,0,0,0.6224593312018546,-1.4174668788909912,-1.9174668788909912,base,1
3828,0,0,0.8670357598021706,-1.078261137008667,-2.953261137008667,base,1
3829,0,0,0.14804721306746543,-2.6879630088806152,-0.9379631280899048,base,no
3830,0,0,0.10669059962643358,-2.980846643447876,-0.8558467030525208,base,No
3831,0,0,0.8519528019683106,-0.9680163860321045,-2.7180163860321045,base,1
3832,0,0,0.9324533088603709,-0.9101243019104004,-3.5351243019104004,base,1
3833,0,0,0.4073334000459302,-1.8334636688232422,-1.4584636688232422,base,1
3834,0,0,0.8175744761936437,-1.123072862625122,-2.623072862625122,base,1
3835,0,0,0.5,-1.5714190006256104,-1.5714190006256104,base,1
3836,0,0,0.008577486934330109,-5.354031562805176,-0.6040317416191101,base,No
3837,0,0,0.08509904500702024,-3.2823119163513184,-0.9073119163513184,base,no
3838,0,0,0.042087725512577126,-3.9473605155944824,-0.8223604559898376,base,no
3839,0,0,0.020332349780873466,-4.549449920654297,-0.6744497418403625,base,No
3840,0,0,0.03732688306051187,-3.767652988433838,-0.5176528692245483,base,No
3841,0,0,0.01590639544387138,-4.871333122253418,-0.7463333606719971,base,No
3842,0,0,0.9399133531922388,-0.9800300002098083,-3.730030059814453,base,1
3843,0,0,0.010986941982915435,-5.201597690582275,-0.7015976309776306,base,no
3844,0,0,0.0028009274665629583,-6.409162521362305,-0.534162700176239,base,No
3845,0,0,0.03308598029553404,-4.187561511993408,-0.812561571598053,base,no
3846,0,0,0.7057850525911202,-1.3308533430099487,-2.2058534622192383,base,1
3847,0,0,0.3208213138121609,-1.6751022338867188,-0.9251022934913635,base,No
3848,0,0,0.0293122256635596,-4.245067119598389,-0.7450669407844543,base,No
3849,0,0,0.1645164628965632,-2.5761520862579346,-0.9511520862579346,base,No
3850,0,0,0.9324533163686646,-0.9410895109176636,-3.566089630126953,base,1
3851,0,0,0.4378234991142019,-1.6786773204803467,-1.4286773204803467,base,1
3852,0,0,0.09534947518185825,-3.2007365226745605,-0.9507366418838501,base,no
3853,0,0,0.20181322226037882,-2.28764009475708,-0.9126400947570801,base,No
3854,0,0,0.4073334000459302,-1.765552282333374,-1.390552282333374,base,1
3855,0,0,0.4378234991142019,-1.677807092666626,-1.427807092666626,base,1
3856,0,0,0.05340332377362639,-3.7171707153320312,-0.8421705961227417,base,No
3857,0,1,0.5926665999540697,-1.27382230758667,-1.64882230758667,base,Yes
3858,0,0,0.02595735719779685,-4.374464511871338,-0.7494645118713379,base,No
3859,0,0,0.5621765008857981,-1.5119999647140503,-1.7619999647140503,base,1
3860,0,0,0.9840936082881853,-1.0761661529541016,-5.201166152954102,base,1
3861,0,0,0.46879062662624377,-1.6010122299194336,-1.4760122299194336,base,1
3862,0,0,0.029312227359491745,-4.246692180633545,-0.7466920614242554,base,no
3863,0,0,0.13296424019782924,-2.8013272285461426,-0.9263272285461426,base,No
3864,0,1,0.9706877726405082,-0.8040879964828491,-4.304088115692139,base,Yes
3865,0,0,0.10669059394565118,-3.0225930213928223,-0.8975930213928223,base,no
3866,0,0,0.7057850278370112,-1.1332499980926514,-2.0082499980926514,base,1
3867,0,0,0.01590639357784294,-4.840853691101074,-0.7158538103103638,base,no
3868,0,0,0.01590639171181471,-4.727558612823486,-0.6025586128234863,base,No
3869,0,0,0.01098694327827096,-5.209019660949707,-0.7090197205543518,base,no
3870,0,0,0.5,-1.5257097482681274,-1.5257097482681274,base,1
3871,0,0,0.012431653780276067,-5.032397270202637,-0.6573975086212158,base,No
3872,0,0,0.009708478200631072,-5.420234203338623,-0.7952343821525574,base,no
3873,0,0,0.7549149868676283,-1.3539738655090332,-2.478973865509033,base,1
3874,0,0,0.01798620785653302,-4.742128849029541,-0.7421287298202515,base,no
3875,0,0,0.002800926967120973,-6.443938255310059,-0.5689382553100586,base,no
3876,0,0,0.03308598029553404,-3.990292549133301,-0.6152926087379456,base,No
3877,0,0,0.008577483386221569,-5.288228988647461,-0.5382287502288818,base,No
3878,0,0,0.1645164628965632,-2.5417888164520264,-0.9167888164520264,base,No
3879,0,0,0.32082130082460697,-1.931025505065918,-1.181025505065918,base,no
3880,0,0,0.4073334000459302,-1.7830853462219238,-1.4080853462219238,base,1
3881,0,0,0.29421497216298875,-2.079115152359009,-1.2041151523590088,base,1
3882,0,0,0.08509904500702024,-3.1341135501861572,-0.7591135501861572,base,no
3883,0,0,0.07585817584273653,-3.2914819717407227,-0.7914819121360779,base,No
3884,0,0,0.1824255415859996,-2.444262981414795,-0.9442631006240845,base,No
3885,0,0,0.7549149868676283,-1.1890747547149658,-2.314074754714966,base,1
3886,0,0,0.08509904500702024,-3.2175722122192383,-0.8425722122192383,base,No
3887,0,0,0.01798621417320936,-4.5832719802856445,-0.5832722187042236,base,No
3888,0,0,0.7549149868676283,-1.2089738845825195,-2.3339738845825195,base,1
3889,0,0,0.004609571905888793,-6.066553592681885,-0.69155353307724,base,No
3890,0,0,0.679178699175393,-1.319321632385254,-2.069321632385254,base,1
3891,0,0,0.9706877624649134,-0.9821102619171143,-4.482110023498535,base,1
3892,0,0,0.008577484399966718,-5.399699687957764,-0.6496995687484741,base,No
3893,0,0,0.01406362952265135,-4.8945817947387695,-0.6445819735527039,base,no
3894,0,0,0.29421497216298875,-1.9450855255126953,-1.0700855255126953,base,no
3895,0,0,0.46879062662624377,-1.593913197517395,-1.468913197517395,base,1
3896,0,0,0.9525741214369554,-0.9215637445449829,-3.9215636253356934,base,1
3897,0,0,0.01590639077880068,-4.839831352233887,-0.7148312926292419,base,No
3898,0,0,0.07585818002124356,-3.3211019039154053,-0.8211019039154053,base,no
3899,0,0,0.4073334000459302,-1.6775199174880981,-1.3025199174880981,base,no
3900,0,0,0.18242552380635632,-2.50128436088562,-1.0012843608856201,base,No
3901,0,0,0.9770226327661524,-1.2753976583480835,-5.025397777557373,base,1
3902,0,0,0.06754669864792355,-3.5414528846740723,-0.9164530038833618,base,no
3903,0,0,0.004609571905888793,-6.123168468475342,-0.748168408870697,base,no
3904,0,0,0.20181322226037882,-2.4541966915130615,-1.0791966915130615,base,no
3905,0,0,0.29421497216298875,-1.9227241277694702,-1.0477241277694702,base,No
3906,0,0,0.1480471980316895,-2.591571569442749,-0.841571569442749,base,no
3907,0,0,0.014063628696182679,-4.902109146118164,-0.6521092653274536,base,No
3908,0,0,0.679178699175393,-1.1946706771850586,-1.9446706771850586,base,1
3909,0,0,0.10669059394565118,-2.9506614208221436,-0.8256614208221436,base,No
3910,0,0,0.7310585786300049,-1.0631027221679688,-2.0631027221679688,base,1
3911,0,0,0.04208773272170267,-3.9100112915039062,-0.7850114107131958,base,No
3912,0,0,0.01243164865786858,-5.029274940490723,-0.6542747616767883,base,No
3913,0,0,0.32082130082460697,-2.0029618740081787,-1.2529618740081787,base,1
3914,0,0,0.0024726237446964848,-6.5390729904174805,-0.5390732288360596,base,no
3915,0,0,0.0953494648991095,-3.1144485473632812,-0.8644485473632812,base,no
3916,0,0,0.004070138561537168,-5.98074197769165,-0.4807421863079071,base,no
3917,0,0,0.5621765008857981,-1.5404688119888306,-1.7904688119888306,base,1
3918,0,0,0.5621765008857981,-1.4306037425994873,-1.6806037425994873,base,1
3919,0,0,0.5,-1.5375149250030518,-1.5375149250030518,base,1
3920,0,0,0.01798620785653302,-4.676886081695557,-0.6768859624862671,base,no
3921,0,0,0.0035936025814200896,-6.315418243408203,-0.6904182434082031,base,no
3922,0,0,0.5926665999540697,-1.4117236137390137,-1.7867236137390137,base,1
3923,0,0,0.004070138682343046,-6.268671989440918,-0.7686722278594971,base,no
3924,0,0,0.34864513533394575,-1.9082961082458496,-1.2832961082458496,base,1
3925,0,0,0.7772998611746911,-1.0578029155731201,-2.30780291557312,base,1
3926,0,0,0.13296424019782924,-2.7382545471191406,-0.8632545471191406,base,No
3927,0,0,0.014063627043245474,-4.95282506942749,-0.7028250694274902,base,No
3928,0,0,0.012431650121413363,-5.074190139770508,-0.699190080165863,base,No
3929,0,0,0.07585818419975078,-3.287773370742798,-0.7877734303474426,base,no
3930,0,1,0.5621765008857981,-1.2939507961273193,-1.5439507961273193,base,Yes
3931,0,0,0.18242552380635632,-2.3779985904693604,-0.8779985904693604,base,no
3932,0,0,0.982013792143467,-0.9154499769210815,-4.915450096130371,base,1
3933,0,0,0.010986945221304533,-5.149100303649902,-0.6491005420684814,base,no
3934,0,0,0.9046505248181417,-0.9533082246780396,-3.20330810546875,base,1
3935,0,0,0.014063627043245474,-4.888232707977295,-0.6382327079772949,base,no
3936,0,0,0.13296424019782924,-2.7603888511657715,-0.8853888511657715,base,No
3937,0,0,0.294214996917099,-2.0946197509765625,-1.219619870185852,base,no
3938,0,0,0.06754668738548215,-3.505842447280884,-0.880842387676239,base,no
3939,0,0,0.04742587317756679,-3.6195154190063477,-0.6195154190063477,base,no
3940,0,0,0.32082130082460697,-2.0464460849761963,-1.2964460849761963,base,1
3941,0,0,0.020332355717182622,-4.598006248474121,-0.7230063676834106,base,no
3942,0,0,0.8933094174159129,-0.8940180540084839,-3.0190181732177734,base,1
3943,0,0,0.32082130082460697,-1.9368375539779663,-1.1868375539779663,base,no
3944,0,0,0.009708478773683474,-5.2867431640625,-0.6617434024810791,base,no
3945,0,0,0.0675466911396291,-3.3067474365234375,-0.6817474365234375,base,No
3946,0,0,0.004070138199119559,-6.159443378448486,-0.6594434976577759,base,no
3947,0,0,0.4378234991142019,-1.5185166597366333,-1.2685166597366333,base,no
3948,0,0,0.06754669489377622,-3.295090913772583,-0.6700909733772278,base,No
3949,0,0,0.20181323186177208,-2.3281116485595703,-0.9531117081642151,base,No
3950,0,1,0.8354835289107309,-0.9113269448280334,-2.5363268852233887,base,Yes
3951,0,0,0.015906388912772775,-4.939431667327881,-0.8144314885139465,base,no
3952,0,0,0.10669059394565118,-2.7767584323883057,-0.6517584323883057,base,No
3953,0,0,0.025957352676742106,-4.323843479156494,-0.6988433003425598,base,No
3954,0,0,0.014063626216776943,-4.978756904602051,-0.728756844997406,base,No
3955,0,0,0.006692849339264817,-5.503525733947754,-0.5035254955291748,base,no
3956,0,0,0.017986206803753842,-4.706845760345459,-0.7068455815315247,base,no
3957,0,0,0.005911069906977476,-5.789793014526367,-0.6647931933403015,base,No
3958,0,0,0.04208773272170267,-3.868844509124756,-0.7438446283340454,base,No
3959,0,0,0.29421497216298875,-1.9893776178359985,-1.1143776178359985,base,No
3960,0,0,0.08509904036636974,-3.2068369388580322,-0.8318368792533875,base,no
3961,0,0,0.029312234143221275,-4.25463342666626,-0.7546335458755493,base,no
3962,0,0,0.8175744761936437,-1.2789497375488281,-2.778949737548828,base,1
3963,0,0,0.4073334000459302,-1.7449079751968384,-1.3699079751968384,base,1
3964,0,0,0.07585818419975078,-3.2188632488250732,-0.718863308429718,base,No
3965,0,0,0.004609572999830552,-6.0762810707092285,-0.7012812495231628,base,No
3966,0,0,0.04742587856304458,-3.614083766937256,-0.6140838861465454,base,No
3967,0,0,0.03732689162774753,-4.102065563201904,-0.8520656824111938,base,no
3968,0,0,0.1329642264548166,-2.789142608642578,-0.9141424894332886,base,No
3969,0,0,0.05340332377362639,-3.695605754852295,-0.8206056356430054,base,no
3970,0,0,0.10669059394565118,-3.020394802093506,-0.8953948020935059,base,No
3971,0,0,0.047425867792089564,-3.5929455757141113,-0.5929454565048218,base,No
3972,0,0,0.1645164628965632,-2.4717161655426025,-0.8467161655426025,base,No
3973,0,1,0.8807970842359877,-0.840171754360199,-2.8401718139648438,base,Yes
3974,0,0,0.08509904500702024,-3.052079200744629,-0.6770792007446289,base,No
3975,0,0,0.37754066879814546,-1.7214621305465698,-1.2214621305465698,base,1
3976,0,0,0.004609572726345088,-5.896953582763672,-0.5219537019729614,base,No
3977,0,0,0.008577484399966718,-5.3937530517578125,-0.643752932548523,base,no
3978,0,0,0.008577485413711986,-5.425805568695068,-0.6758055686950684,base,no
3979,0,0,0.10669058826486906,-2.95715069770813,-0.8321506381034851,base,no
3980,0,0,0.20181323186177208,-2.175867795944214,-0.8008678555488586,base,No
3981,0,0,0.014063627043245474,-5.030416965484619,-0.7804169654846191,base,no
3982,0,0,0.01243164938964095,-4.940028667449951,-0.5650285482406616,base,No
3983,0,0,0.01243165231673086,-5.115228652954102,-0.7402287721633911,base,No
3984,0,0,0.9149009549929797,-0.9142251014709473,-3.2892251014709473,base,1
3985,0,1,0.8933093946927838,-0.6929374933242798,-2.8179373741149902,base,Yes
3986,0,0,0.1480471980316895,-2.7185306549072266,-0.9685306549072266,base,no
3987,0,0,0.022977364557669702,-4.372699737548828,-0.622699499130249,base,No
3988,0,0,0.03732688948593843,-3.8975255489349365,-0.6475256085395813,base,No
3989,0,0,0.0075772430607274135,-5.59698486328125,-0.7219851016998291,base,no
3990,0,0,0.7981867969424066,-1.1324752569198608,-2.5074753761291504,base,1
3991,0,0,0.1480471829959148,-2.606266498565674,-0.8562663793563843,base,No
3992,0,0,0.014063627869714051,-4.916366100311279,-0.6663661599159241,base,No
3993,0,0,0.11920292828022305,-2.9936792850494385,-0.9936793446540833,base,no
3994,0,0,0.5926665999540697,-1.3249247074127197,-1.6999247074127197,base,1
3995,0,0,0.22270014914315833,-2.2037739753723145,-0.9537740349769592,base,No
3996,0,0,0.5926665999540697,-1.253248929977417,-1.628248929977417,base,1
3997,0,0,0.003172683219498529,-6.448240756988525,-0.6982408761978149,base,no
3998,0,0,0.9840936110872273,-0.9881137013435364,-5.113113880157471,base,1
3999,0,0,0.9840936101542134,-0.8836315870285034,-5.008631706237793,base,1
4000,0,0,0.053403329799824234,-3.678554058074951,-0.8035540580749512,base,No
4001,0,0,0.679178699175393,-1.3217053413391113,-2.0717053413391113,base,1
4002,0,0,0.08509904964767095,-3.1280999183654785,-0.7530999779701233,base,No
4003,0,0,0.5621765008857981,-1.3779011964797974,-1.6279011964797974,base,1
4004,0,0,0.29421497216298875,-2.006340265274048,-1.1313402652740479,base,no
4005,0,0,0.24508499107646636,-2.271317958831787,-1.1463178396224976,base,no
4006,0,0,0.0293122256635596,-4.265809535980225,-0.7658093571662903,base,No
4007,0,0,0.7772998611746911,-1.1022965908050537,-2.3522965908050537,base,1
4008,0,0,0.005220126003077935,-5.796269416809082,-0.5462694764137268,base,no
4009,0,0,0.03308597648187432,-3.9885237216949463,-0.6135236620903015,base,No
4010,0,0,0.012431650121413363,-4.992424488067627,-0.6174244284629822,base,No
4011,0,0,0.24508499107646636,-2.1183419227600098,-0.9933418035507202,base,no
4012,0,0,0.34864513533394575,-1.957577109336853,-1.332577109336853,base,1
4013,0,0,0.0040701369910610885,-6.255556583404541,-0.7555564045906067,base,no
4014,0,0,0.029312237535086605,-4.112514495849609,-0.6125147342681885,base,no
4015,0,0,0.9820137879323497,-1.0269776582717896,-5.0269775390625,base,1
4016,0,0,0.022977373924293353,-4.499980926513672,-0.7499811053276062,base,No
4017,0,0,0.014063623737371644,-5.043779373168945,-0.7937791347503662,base,no
4018,0,0,0.008577485413711986,-5.449695110321045,-0.6996951103210449,base,no
4019,0,0,0.9770226327661524,-1.0019811391830444,-4.751981258392334,base,1
4020,0,0,0.01098694327827096,-5.154540538787842,-0.6545405983924866,base,No
4021,0,0,0.32082130082460697,-1.9842385053634644,-1.2342385053634644,base,no
4022,0,0,0.7549149868676283,-1.2396204471588135,-2.3646204471588135,base,1
4023,0,0,0.04208773272170267,-3.865238666534424,-0.7402387857437134,base,No
4024,0,0,0.9820137879323497,-0.8786665201187134,-4.878666400909424,base,1
4025,0,0,0.08509904036636974,-3.015489101409912,-0.6404890418052673,base,No
4026,0,0,0.08509904036636974,-3.189030408859253,-0.8140303492546082,base,No
4027,0,0,0.01243164938964095,-5.03554105758667,-0.6605409383773804,base,no
4028,0,0,0.9324533013520764,-1.087809681892395,-3.7128095626831055,base,1
4029,0,0,0.8519528019683106,-1.0514731407165527,-2.8014731407165527,base,1
4030,0,0,0.01098694392594878,-5.004980564117432,-0.5049806833267212,base,no
4031,0,0,0.09534947518185825,-3.1147546768188477,-0.8647547960281372,base,no
4032,0,0,0.0040701369910610885,-6.171785831451416,-0.6717856526374817,base,No
4033,0,0,0.16451645470385742,-2.5758697986602783,-0.9508697390556335,base,no
4034,0,0,0.0474258704848281,-3.776763916015625,-0.7767638564109802,base,No
4035,0,0,0.34864513533394575,-1.88262140750885,-1.25762140750885,base,No
4036,0,0,0.02595735569077852,-4.340693950653076,-0.7156938910484314,base,No
4037,0,0,0.005911069906977476,-5.803416728973389,-0.678416907787323,base,No
4038,0,0,0.7549150089235336,-1.1627062559127808,-2.2877063751220703,base,1
4039,0,0,0.11920293453832885,-2.8590497970581055,-0.859049916267395,base,No
4040,0,0,0.987568350610359,-0.8803433179855347,-5.255343437194824,base,1
4041,0,0,0.006692851320539924,-5.687793254852295,-0.6877933144569397,base,No
4042,0,0,0.004070137715896127,-6.093994140625,-0.593994140625,base,No
4043,0,0,0.029312237535086605,-4.176887512207031,-0.6768877506256104,base,no
4044,0,0,0.08509904964767095,-3.037362575531006,-0.6623626351356506,base,No
4045,0,0,0.1480471829959148,-2.6648917198181152,-0.9148916006088257,base,No
4046,0,0,0.5312093733737563,-1.5109413862228394,-1.6359413862228394,base,1
4047,0,0,0.20181322226037882,-2.2466578483581543,-0.8716578483581543,base,No
4048,0,0,0.03308598410919419,-4.184072971343994,-0.8090731501579285,base,no
4049,0,0,0.7772998611746911,-1.0019917488098145,-2.2519917488098145,base,1
4050,0,0,0.053403329799824234,-3.494279384613037,-0.6192793846130371,base,No
4051,0,0,0.7549149648117217,-1.2382298707962036,-2.363229751586914,base,1
4052,0,0,0.03308598410919419,-4.050004005432129,-0.6750041842460632,base,no
4053,0,0,0.004070137232672753,-6.201113700866699,-0.7011135816574097,base,no
4054,0,0,0.017986212067650338,-4.757742881774902,-0.7577430009841919,base,no
4055,0,0,0.11920291576401235,-2.853079319000244,-0.8530792593955994,base,No
4056,0,0,0.06008665017400762,-3.3218557834625244,-0.5718557834625244,base,No
4057,0,0,0.22270011818961086,-2.3330860137939453,-1.0830858945846558,base,no
4058,0,0,0.037326887344129464,-4.0349812507629395,-0.7849812507629395,base,no
4059,0,0,0.04742587856304458,-3.7406668663024902,-0.7406669855117798,base,No
4060,0,0,0.22270013882530884,-2.2112278938293457,-0.9612278938293457,base,No
4061,0,0,0.06754669864792355,-3.4498958587646484,-0.824895977973938,base,no
4062,0,0,0.008577487441202876,-5.408672332763672,-0.658672571182251,base,no
4063,0,0,0.13296424706933604,-2.730565071105957,-0.8555651307106018,base,No
4064,0,0,0.02595735719779685,-4.374812602996826,-0.7498126029968262,base,No
4065,0,0,0.05340333582602272,-3.7482681274414062,-0.8732682466506958,base,no
4066,0,0,0.03732689162774753,-4.006392955780029,-0.7563930749893188,base,No
4067,0,1,0.9465966702001757,-0.7483358383178711,-3.623335838317871,base,Yes
4068,0,0,0.32082130082460697,-1.9812144041061401,-1.2312144041061401,base,1
4069,0,0,0.34864513533394575,-1.8185780048370361,-1.1935780048370361,base,No
4070,0,0,0.9770226260757067,-0.9619590640068054,-4.711958885192871,base,1
4071,0,0,0.34864513533394575,-1.9001928567886353,-1.2751928567886353,base,1
4072,0,0,0.9820137868795701,-0.9734260439872742,-4.97342586517334,base,1
4073,0,0,0.08509904500702024,-3.0513904094696045,-0.6763904094696045,base,No
4074,0,0,0.1480471980316895,-2.7417829036712646,-0.9917829036712646,base,No
4075,0,0,0.060086656906500974,-3.4998254776000977,-0.7498255968093872,base,no
4076,0,0,0.2227001594610082,-2.2296199798583984,-0.979620099067688,base,no
4077,0,0,0.012431653780276067,-5.095829010009766,-0.7208292484283447,base,No
4078,0,0,0.015906388912772775,-4.85972261428833,-0.7347224354743958,base,no
4079,0,0,0.09534947518185825,-3.0528974533081055,-0.802897572517395,base,No
4080,0,0,0.37754066879814546,-1.791499376296997,-1.291499376296997,base,1
4081,0,0,0.8519528019683106,-1.150792121887207,-2.900792121887207,base,1
4082,0,0,0.9046505453836383,-1.0275524854660034,-3.277552604675293,base,1
4083,0,0,0.9840936101542134,-0.8835996389389038,-5.008599758148193,base,1
4084,0,0,0.09534945975773548,-3.151275157928467,-0.901275098323822,base,no
4085,0,0,0.0031726824654718946,-6.294679641723633,-0.5446795225143433,base,no
4086,0,0,0.037326887344129464,-4.085296154022217,-0.8352961540222168,base,no
4087,0,0,0.11920292202211755,-2.9078171253204346,-0.9078171253204346,base,no
4088,0,0,0.9046505351008906,-1.021392583847046,-3.271392583847046,base,1
4089,0,0,0.020332349780873466,-4.5824761390686035,-0.7074759602546692,base,No
4090,0,0,0.006692852113050128,-5.667211055755615,-0.6672112345695496,base,no
4091,0,0,0.0534033328129234,-3.574115514755249,-0.6991155743598938,base,no
4092,0,0,0.5312093733737563,-1.5523099899291992,-1.6773099899291992,base,1
4093,0,0,0.20181322226037882,-2.4480807781219482,-1.0730807781219482,base,No
4094,0,0,0.7057850278370112,-1.1355819702148438,-2.0105819702148438,base,1
4095,0,0,0.015906394510857135,-4.769433498382568,-0.6444336771965027,base,No
4096,0,0,0.37754066879814546,-1.831462025642395,-1.331462025642395,base,1
4097,0,0,0.02033235452992065,-4.446031093597412,-0.5710311532020569,base,no
4098,0,0,0.0850990542883219,-3.1566643714904785,-0.7816644906997681,base,no
4099,0,0,0.9859363729567544,-1.1001920700073242,-5.350192070007324,base,1
4100,0,0,0.4378234991142019,-1.6558921337127686,-1.4058921337127686,base,1
4101,0,0,0.02297736857193652,-4.406252861022949,-0.6562528014183044,base,No
4102,0,1,0.7057850278370112,-1.0165162086486816,-1.8915162086486816,base,Yes
4103,0,0,0.01243165304850344,-4.999843120574951,-0.6248432993888855,base,No
4104,0,1,0.6513548646660542,-1.134392499923706,-1.759392499923706,base,Yes
4105,0,0,0.025957354183760273,-4.371747016906738,-0.7467468976974487,base,No
4106,0,1,0.9046505351008906,-0.8511998653411865,-3.1011998653411865,base,Yes
4107,0,0,0.05340332678672523,-3.651637077331543,-0.7766370177268982,base,no
4108,0,0,0.9859363746096915,-0.9551223516464233,-5.205122470855713,base,1
4109,0,0,0.18242552380635632,-2.3977253437042236,-0.8977253437042236,base,No
4110,0,0,0.06754668363133542,-3.368502140045166,-0.7435020208358765,base,No
4111,0,0,0.03732688091870324,-4.035100936889648,-0.7851007580757141,base,No
4112,0,0,0.02595736171885236,-4.309990406036377,-0.6849905848503113,base,No
4113,0,0,0.006692850131774789,-5.654657363891602,-0.654657244682312,base,No
4114,0,0,0.13296424019782924,-2.74330735206604,-0.86830735206604,base,no
4115,0,0,0.2689414213699951,-2.100261926651001,-1.100261926651001,base,no
4116,0,0,0.5926665999540697,-1.3907132148742676,-1.7657132148742676,base,1
4117,0,0,0.6513548646660542,-1.3196016550064087,-1.9446016550064087,base,1
4118,0,0,0.5926665999540697,-1.4439849853515625,-1.8189849853515625,base,1
4119,0,0,0.29421497216298875,-2.050410270690918,-1.175410270690918,base,No
4120,0,0,0.009708478773683474,-5.327151298522949,-0.7021515369415283,base,no
4121,0,0,0.731058602067973,-1.1185134649276733,-2.118513584136963,base,1
4122,0,1,0.5621765008857981,-1.213566541671753,-1.463566541671753,base,Yes
4123,0,0,0.009708474189265195,-5.2128496170043945,-0.5878493785858154,base,no
4124,0,0,0.053403329799824234,-3.6334903240203857,-0.7584903240203857,base,no
4125,0,0,0.02033235452992065,-4.5530877113342285,-0.6780877709388733,base,No
4126,0,0,0.9953904270001694,-0.9632675051689148,-6.3382673263549805,base,1
4127,0,0,0.5621765008857981,-1.453874111175537,-1.703874111175537,base,1
4128,0,0,0.1480472055495773,-2.6904654502868652,-0.94046550989151,base,no
4129,0,1,0.7310585669110203,-0.9674773812294006,-1.9674773216247559,base,Yes
4130,0,0,0.5,-1.4734776020050049,-1.4734776020050049,base,1
4131,0,0,0.9980732655659147,-0.9327787160873413,-7.182778835296631,base,1
4132,0,0,0.02931222905542399,-4.178413391113281,-0.6784133315086365,base,No
4133,0,0,0.7981867777396212,-1.0575041770935059,-2.432504177093506,base,1
4134,0,0,0.008577484399966718,-5.456899642944336,-0.7068995237350464,base,no
4135,0,0,0.020332353342658753,-4.595535755157471,-0.7205357551574707,base,no
4136,0,0,0.09534947004048376,-3.090557098388672,-0.8405571579933167,base,no
4137,0,1,0.9046505453836383,-0.6358979940414429,-2.8858981132507324,base,Yes
4138,0,0,0.010986941982915435,-5.202034950256348,-0.7020348906517029,base,no
4139,0,0,0.008577486427457372,-5.437918663024902,-0.6879187822341919,base,no
4140,0,0,0.07585818837825822,-3.370936393737793,-0.8709365129470825,base,No
4141,0,0,0.10669059394565118,-2.9146955013275146,-0.7896955013275146,base,no
4142,0,0,0.16451647108926923,-2.537322759628296,-0.9123228192329407,base,no
4143,0,0,0.03308598220236406,-4.1334123611450195,-0.7584124803543091,base,No
4144,0,0,0.9149009549929797,-1.0580828189849854,-3.4330828189849854,base,1
4145,0,0,0.025957363225871038,-4.306884765625,-0.6818850040435791,base,no
4146,0,0,0.1480471829959148,-2.6255011558532715,-0.8755010366439819,base,No
4147,0,0,0.0474258704848281,-3.6820836067199707,-0.6820835471153259,base,No
4148,0,0,0.5621765008857981,-1.419065237045288,-1.669065237045288,base,1
4149,0,0,0.07585817584273653,-3.294234275817871,-0.7942342162132263,base,no
4150,0,0,0.0953494648991095,-3.0496668815612793,-0.7996668815612793,base,No
4151,0,0,0.022977371248114782,-4.225356101989746,-0.47535616159439087,base,no
4152,0,0,0.0373268852023206,-4.060211181640625,-0.8102111220359802,base,no
4153,0,0,0.0850990357257195,-3.1910009384155273,-0.8160008192062378,base,No
4154,0,0,0.24508501313237172,-2.307464838027954,-1.182464838027954,base,no
4155,0,0,0.02297736857193652,-4.475675106048584,-0.7256750464439392,base,No
4156,0,0,0.004609572179374208,-5.974827766418457,-0.599827766418457,base,no
4157,0,0,0.009708477054526368,-5.278965950012207,-0.6539660096168518,base,no
4158,0,0,0.07585818002124356,-3.3703653812408447,-0.8703653812408447,base,no
4159,0,0,0.02297737258620403,-4.347010612487793,-0.5970107316970825,base,No
4160,0,0,0.03732688948593843,-3.9643075466156006,-0.7143076062202454,base,no
4161,0,0,0.37754066879814546,-1.7545065879821777,-1.2545065879821777,base,1
4162,0,1,0.982013792143467,-0.7385815382003784,-4.738581657409668,base,Yes
4163,0,0,0.01590639357784294,-4.926174163818359,-0.8011742830276489,base,no
4164,0,0,0.03732688948593843,-3.984441041946411,-0.7344411015510559,base,No
4165,0,0,0.18242550602671442,-2.509068489074707,-1.0090683698654175,base,No
4166,0,0,0.1645164628965632,-2.6336402893066406,-1.0086402893066406,base,no
4167,0,0,0.0675466911396291,-3.526247978210449,-0.9012479782104492,base,no
4168,0,0,0.9859363696508799,-1.100433111190796,-5.350432872772217,base,1
4169,0,0,0.06008664344151498,-3.5651702880859375,-0.815170168876648,base,no
4170,0,0,0.002800926967120973,-6.616278171539307,-0.7412781715393066,base,no
4171,0,0,0.1480471980316895,-2.645306348800659,-0.8953063488006592,base,no
4172,0,0,0.07585817584273653,-3.2748663425445557,-0.7748662829399109,base,No
4173,0,0,0.5312093733737563,-1.4373387098312378,-1.5623387098312378,base,1
4174,0,0,0.5926665999540697,-1.3224860429763794,-1.6974860429763794,base,1
4175,0,0,0.006692852509305267,-5.694899559020996,-0.6948997974395752,base,No
4176,0,0,0.20181320305759334,-2.427781105041504,-1.0527809858322144,base,no
4177,0,0,0.007577240371427665,-5.487154483795166,-0.6121543645858765,base,No
4178,0,0,0.22270013882530884,-2.2678074836730957,-1.0178074836730957,base,no
4179,0,0,0.10669059394565118,-2.963704824447632,-0.8387048244476318,base,no
4180,0,0,0.11920292828022305,-2.903989791870117,-0.903989851474762,base,no
4181,0,0,0.029312234143221275,-4.263413906097412,-0.7634140253067017,base,no
4182,0,0,0.015906388912772775,-4.870863437652588,-0.7458632588386536,base,no
4183,0,0,0.8175744761936437,-1.1745364665985107,-2.6745364665985107,base,1
4184,0,0,0.05340332678672523,-3.5572030544281006,-0.6822029948234558,base,no
4185,0,0,0.0953494648991095,-3.0340874195098877,-0.7840874195098877,base,no
4186,0,0,0.13296424706933604,-2.66525936126709,-0.7902594208717346,base,No
4187,0,0,0.025957354183760273,-4.280706882476807,-0.6557067632675171,base,No
4188,0,0,0.46879062662624377,-1.6365079879760742,-1.5115079879760742,base,1
4189,0,0,0.06754669864792355,-3.4399876594543457,-0.8149877786636353,base,no
4190,0,0,0.5,-1.4502371549606323,-1.4502371549606323,base,1
4191,0,0,0.01243165231673086,-5.135741233825684,-0.7607413530349731,base,no
4192,0,0,0.8807970779778823,-1.0105817317962646,-3.0105817317962646,base,1
4193,0,0,0.005911067455265844,-5.821773529052734,-0.6967732906341553,base,no
4194,0,0,0.893309411735131,-0.9762484431266785,-3.1012485027313232,base,1
4195,0,0,0.009708474189265195,-5.317839622497559,-0.6928393840789795,base,No
4196,0,0,0.009708476481474066,-5.277983665466309,-0.6529836654663086,base,no
4197,0,0,0.005911068505999277,-5.810390949249268,-0.6853908896446228,base,No
4198,0,0,0.004609572179374208,-5.9034953117370605,-0.5284953117370605,base,no
4199,0,0,0.029312227359491745,-4.1422529220581055,-0.6422528028488159,base,no
4200,0,0,0.24508501313237172,-2.192549467086792,-1.067549467086792,base,no
4201,0,0,0.08509904500702024,-3.125471591949463,-0.7504715919494629,base,No
4202,0,0,0.008577486934330109,-5.425983428955078,-0.6759836077690125,base,no
4203,0,0,0.1329642333263228,-2.7839863300323486,-0.9089862704277039,base,No
4204,0,0,0.006692852509305267,-5.603145599365234,-0.6031458377838135,base,No
4205,0,0,0.020332348593611837,-4.603618621826172,-0.7286183834075928,base,No
4206,0,0,0.09534947004048376,-3.1810789108276367,-0.9310789704322815,base,no
4207,0,0,0.010986945221304533,-5.013548851013184,-0.5135490894317627,base,no
4208,0,0,0.004070137232672753,-6.1320953369140625,-0.632095217704773,base,No
4209,0,0,0.006692849735519792,-5.689548015594482,-0.6895478367805481,base,no
4210,0,0,0.010986940687560063,-5.045347690582275,-0.5453475117683411,base,No
4211,0,0,0.01590639357784294,-4.8291449546813965,-0.704145073890686,base,No
4212,0,0,0.10669059394565118,-2.9977293014526367,-0.8727293014526367,base,No
4213,0,0,0.5,-1.2923245429992676,-1.2923245429992676,base,No
4214,0,0,0.11920292202211755,-2.897183895111084,-0.897183895111084,base,No
4215,0,0,0.18242553269617778,-2.3920280933380127,-0.8920281529426575,base,No
4216,0,0,0.34864513533394575,-1.6872661113739014,-1.0622661113739014,base,No
4217,0,0,0.047425867792089564,-3.6443371772766113,-0.6443370580673218,base,no
4218,0,0,0.06754668738548215,-3.3637290000915527,-0.738728940486908,base,No
4219,0,0,0.08509904036636974,-3.110586643218994,-0.7355865836143494,base,No
4220,0,1,0.9046505402422645,-0.6003596186637878,-2.8503596782684326,base,Yes
4221,0,0,0.8519528170040853,-1.0686663389205933,-2.818666458129883,base,1
4222,0,0,0.09534945975773548,-3.1327407360076904,-0.8827406764030457,base,no
4223,0,0,0.18242552380635632,-2.464416265487671,-0.9644162654876709,base,no
4224,0,0,0.08509904500702024,-3.277362585067749,-0.902362585067749,base,No
4225,0,0,0.0534033328129234,-3.5931191444396973,-0.718119204044342,base,No
4226,0,0,0.9241418241572634,-0.9195052981376648,-3.4195053577423096,base,1
4227,0,0,0.012431651584958318,-5.108982563018799,-0.7339826226234436,base,no
4228,0,0,0.03732688948593843,-3.850719690322876,-0.6007197499275208,base,No
4229,0,0,0.04208772791561884,-3.8747780323028564,-0.7497780323028564,base,no
4230,0,0,0.007577239923211134,-5.473859786987305,-0.5988596081733704,base,No
4231,0,0,0.0534033328129234,-3.666745662689209,-0.7917457222938538,base,no
4232,0,0,0.009708476481474066,-5.2912516593933105,-0.6662516593933105,base,No
4233,0,0,0.005220126312597491,-5.89676570892334,-0.6467658281326294,base,no
4234,0,0,0.005911068155754778,-5.817047119140625,-0.6920469999313354,base,No
4235,0,0,0.13296424019782924,-2.7688536643981934,-0.8938536643981934,base,no
4236,0,0,0.006692850924284856,-5.807500839233398,-0.8075008392333984,base,no
4237,0,0,0.005911068505999277,-5.875641822814941,-0.7506417632102966,base,no
4238,0,0,0.042087723109535534,-3.893237590789795,-0.7682374715805054,base,No
4239,0,0,0.012431651584958318,-5.051677227020264,-0.6766772866249084,base,no
4240,0,0,0.46879062662624377,-1.6488966941833496,-1.5238966941833496,base,1
4241,0,0,0.08509904500702024,-3.0912511348724365,-0.7162511348724365,base,no
4242,0,0,0.07585818419975078,-3.3735299110412598,-0.8735299706459045,base,no
4243,0,0,0.18242550602671442,-2.4479026794433594,-0.9479025602340698,base,no
4244,0,0,0.1645164628965632,-2.3637428283691406,-0.7387428283691406,base,No
4245,0,0,0.014063627043245474,-4.8095598220825195,-0.5595598220825195,base,No
4246,0,0,0.07585817584273653,-3.2726683616638184,-0.7726683020591736,base,No
4247,0,1,0.9046505402422645,-0.7429785132408142,-2.992978572845459,base,Yes
4248,0,0,0.012431647926096252,-4.998589515686035,-0.623589277267456,base,No
4249,0,0,0.009708476481474066,-5.323029518127441,-0.6980295181274414,base,No
4250,0,0,0.1824255415859996,-2.4002833366394043,-0.9002834558486938,base,No
4251,0,0,0.9706877709445761,-0.9976934790611267,-4.4976935386657715,base,1
4252,0,0,0.7772998611746911,-1.0679540634155273,-2.3179540634155273,base,1
4253,0,0,0.005220124764999895,-5.947662353515625,-0.6976621747016907,base,No
4254,0,0,0.010986944573626636,-5.148927211761475,-0.6489273905754089,base,No
4255,0,0,0.4378234991142019,-1.6634423732757568,-1.4134423732757568,base,1
4256,0,0,0.16451644651115205,-2.596592903137207,-0.9715927839279175,base,No
4257,0,0,0.09534945975773548,-3.0952248573303223,-0.8452247977256775,base,no
4258,0,0,0.01243164938964095,-5.1058573722839355,-0.730857253074646,base,No
4259,0,0,0.7057850278370112,-1.1301686763763428,-2.0051686763763428,base,1
4260,0,0,0.6224593312018546,-1.4132593870162964,-1.9132593870162964,base,1
4261,0,0,0.4378234991142019,-1.6653926372528076,-1.4153926372528076,base,1
4262,0,0,0.06008665354025422,-3.5291426181793213,-0.7791426777839661,base,No
4263,0,0,0.37754066879814546,-1.8260618448257446,-1.3260618448257446,base,1
4264,0,0,0.03308597457504463,-4.0553789138793945,-0.680378794670105,base,No
4265,0,0,0.014063627869714051,-5.018880367279053,-0.7688804268836975,base,no
4266,0,0,0.003593603221697163,-6.310112953186035,-0.6851131319999695,base,no
4267,0,1,0.7549149868676283,-1.0055732727050781,-2.130573272705078,base,Yes
4268,0,0,0.0040701369910610885,-6.196842670440674,-0.6968424916267395,base,No
4269,0,0,0.29421497216298875,-2.00399112701416,-1.1289911270141602,base,No
4270,0,0,0.24508499107646636,-2.27315616607666,-1.1481560468673706,base,no
4271,0,0,0.009708475335369565,-5.29414701461792,-0.6691468954086304,base,No
4272,0,0,0.0534033328129234,-3.676316499710083,-0.8013165593147278,base,No
4273,0,0,0.10669060530721626,-2.8337764739990234,-0.708776593208313,base,No
4274,0,0,0.005220126622117065,-6.020643711090088,-0.7706438899040222,base,no
4275,0,0,0.017986213120429816,-4.672110557556152,-0.6721107363700867,base,No
4276,0,0,0.8670357598021706,-1.0822091102600098,-2.9572091102600098,base,1
4277,0,0,0.020332353342658753,-4.574761867523193,-0.6997618675231934,base,No
4278,0,0,0.09534945461636171,-3.201019763946533,-0.9510196447372437,base,No
4279,0,0,0.07585818002124356,-3.2587578296661377,-0.7587578296661377,base,No
4280,0,0,0.3208212748495002,-2.1099863052368164,-1.3599861860275269,base,1
4281,0,0,0.0850990542883219,-3.101259708404541,-0.7262598276138306,base,No
4282,0,0,0.004070137232672753,-6.2130351066589355,-0.713034987449646,base,no
4283,0,0,0.01798620785653302,-4.7354865074157715,-0.7354863882064819,base,No
4284,0,0,0.8933094060543487,-1.236379861831665,-3.361379861831665,base,1
4285,0,0,0.005220126312597491,-5.886356353759766,-0.6363564729690552,base,No
4286,0,0,0.009708477627578704,-5.284567832946777,-0.6595679521560669,base,no
4287,0,0,0.09534945461636171,-3.036421298980713,-0.7864211797714233,base,No
4288,0,0,0.004070137957507836,-6.095261096954346,-0.5952611565589905,base,no
4289,0,0,0.5926665999540697,-1.2919596433639526,-1.6669596433639526,base,1
4290,0,0,0.34864513533394575,-1.9291839599609375,-1.3041839599609375,base,1
4291,0,0,0.017986213120429816,-4.788557529449463,-0.7885577082633972,base,no
4292,0,0,0.010986941982915435,-5.001698970794678,-0.501698911190033,base,No
4293,0,0,0.0953494648991095,-3.1310272216796875,-0.8810272216796875,base,No
4294,0,0,0.4378234991142019,-1.5935806035995483,-1.3435806035995483,base,no
4295,0,0,0.32082130082460697,-1.8726282119750977,-1.1226282119750977,base,no
4296,0,0,0.03308598220236406,-4.019261837005615,-0.6442619562149048,base,No
4297,0,0,0.009708474189265195,-5.342894554138184,-0.7178943157196045,base,No
4298,0,0,0.8519528019683106,-1.1319503784179688,-2.8819503784179688,base,1
4299,0,0,0.2689414213699951,-2.123061180114746,-1.123061180114746,base,No
4300,0,0,0.02931222905542399,-4.128634929656982,-0.6286348700523376,base,No
4301,0,0,0.01798621101487092,-4.618331432342529,-0.6183314919471741,base,No
4302,0,0,0.10669060530721626,-2.9901585578918457,-0.8651586771011353,base,no
4303,0,0,0.007577242612510723,-5.635556221008301,-0.7605563998222351,base,no
4304,0,0,0.11920292828022305,-2.9200570583343506,-0.9200571179389954,base,No
4305,0,0,0.20181322226037882,-2.3876450061798096,-1.0126450061798096,base,no
4306,0,0,0.0373268852023206,-4.111310958862305,-0.8613108992576599,base,no
4307,0,0,0.22270011818961086,-2.2705764770507812,-1.0205763578414917,base,No
4308,0,0,0.01590639357784294,-4.595549583435059,-0.47054970264434814,base,No
4309,0,0,0.2942149474088797,-2.158508777618408,-1.2835086584091187,base,1
4310,0,0,0.007577239923211134,-5.463611125946045,-0.5886109471321106,base,no
4311,0,0,0.012431650121413363,-4.892322063446045,-0.5173220038414001,base,No
4312,0,0,0.06008665017400762,-3.5424225330352783,-0.7924225330352783,base,No
4313,0,0,0.05340333582602272,-3.595824718475342,-0.7208248376846313,base,no
4314,0,0,0.46879062662624377,-1.5878214836120605,-1.4628214836120605,base,1
4315,0,0,0.6513548646660542,-1.3038932085037231,-1.9288932085037231,base,1
4316,0,0,0.03308597457504463,-4.081596851348877,-0.7065967321395874,base,No
4317,0,0,0.01406362456384003,-4.823353290557861,-0.573353111743927,base,No
4318,0,0,0.6513548646660542,-1.241602897644043,-1.866602897644043,base,1
4319,0,0,0.01590639077880068,-4.837001323699951,-0.7120012640953064,base,No
4320,0,0,0.006692851716795015,-5.67695951461792,-0.6769596338272095,base,no
4321,0,0,0.5,-1.561771035194397,-1.561771035194397,base,1
4322,0,0,0.5,-1.407747745513916,-1.407747745513916,base,1
4323,0,0,0.06754668363133542,-3.5001654624938965,-0.8751653432846069,base,no
4324,0,0,0.02595736171885236,-4.409274101257324,-0.7842742800712585,base,no
4325,0,0,0.11920293453832885,-2.9006786346435547,-0.9006787538528442,base,No
4326,0,0,0.053403329799824234,-3.6157989501953125,-0.7407989501953125,base,No
4327,0,0,0.0046095724528596406,-6.0671210289001465,-0.6921210885047913,base,no
4328,0,0,0.017986209962091555,-4.771043300628662,-0.7710433006286621,base,no
4329,0,0,0.004070136749449438,-6.178014755249023,-0.6780145168304443,base,no
4330,0,0,0.7549150089235336,-1.2435859441757202,-2.3685860633850098,base,1
4331,0,0,0.012431650853185818,-4.972133159637451,-0.5971331596374512,base,No
4332,0,0,0.007577242612510723,-5.567910194396973,-0.692910373210907,base,no
4333,0,0,0.9149009549929797,-1.1043639183044434,-3.4793639183044434,base,1
4334,0,0,0.1645164628965632,-2.4952309131622314,-0.8702309131622314,base,No
4335,0,1,0.9740426458162398,-0.7268804311752319,-4.3518805503845215,base,Yes
4336,0,0,0.16451644651115205,-2.597566604614258,-0.9725664854049683,base,No
4337,0,0,0.014063627043245474,-4.9642558097839355,-0.7142558097839355,base,no
4338,0,0,0.007577241267860811,-5.637601852416992,-0.7626018524169922,base,no
4339,0,0,0.0031726820884586454,-6.381718635559082,-0.6317183971405029,base,no
4340,0,0,0.04742587317756679,-3.8057892322540283,-0.8057892322540283,base,No
4341,0,0,0.8519528019683106,-1.0028929710388184,-2.7528929710388184,base,1
4342,0,0,0.022977364557669702,-4.411744117736816,-0.6617438793182373,base,No
4343,0,0,0.053403329799824234,-3.6636085510253906,-0.7886085510253906,base,no
4344,0,0,0.10669060530721626,-2.981663227081299,-0.8566633462905884,base,no
4345,0,0,0.01243165304850344,-4.946651935577393,-0.5716521143913269,base,no
4346,0,0,0.005220126003077935,-5.990180492401123,-0.7401805520057678,base,no
4347,0,0,0.008577484399966718,-5.459931373596191,-0.7099312543869019,base,no
4348,0,0,0.03732689376955674,-4.030989646911621,-0.7809898257255554,base,No
4349,0,0,0.8354835371034369,-1.1847007274627686,-2.8097007274627686,base,1
4350,0,0,0.03308597457504463,-4.095534801483154,-0.7205346822738647,base,no
4351,0,0,0.0028009273000822866,-6.464005947113037,-0.5890060663223267,base,no
4352,0,0,0.005220125693558397,-5.942865371704102,-0.6928653717041016,base,no
4353,0,0,0.008577485413711986,-5.521717071533203,-0.7717170715332031,base,no
4354,0,0,0.02931223244728875,-4.211938381195068,-0.7119384407997131,base,no
4355,0,0,0.09534947004048376,-3.1831161975860596,-0.9331162571907043,base,no
4356,0,0,0.02595736021183377,-4.4624924659729,-0.8374925851821899,base,no
4357,0,0,0.5621765008857981,-1.3941679000854492,-1.6441679000854492,base,1
4358,0,0,0.008577487441202876,-5.446149826049805,-0.6961500644683838,base,no
4359,0,0,0.06754669864792355,-3.2679786682128906,-0.6429787874221802,base,no
4360,0,0,0.005220126931636656,-5.992011070251465,-0.742011308670044,base,no
4361,0,0,0.015906394510857135,-4.779191970825195,-0.6541921496391296,base,no
4362,0,0,0.008577485920584663,-5.476512432098389,-0.7265124917030334,base,No
4363,0,0,0.009708478773683474,-5.36888313293457,-0.7438833713531494,base,No
4364,0,0,0.03308597457504463,-4.215906143188477,-0.840906023979187,base,no
4365,0,0,0.006692851716795015,-5.746301174163818,-0.7463012933731079,base,No
4366,0,0,0.008577485413711986,-5.394547462463379,-0.6445474624633789,base,No
4367,0,0,0.005911068505999277,-5.7670488357543945,-0.6420487761497498,base,No
4368,0,0,0.0046095724528596406,-5.948209762573242,-0.573209822177887,base,no
4369,0,0,0.5621765008857981,-1.4363439083099365,-1.6863439083099365,base,1
4370,0,0,0.29421497216298875,-2.0513322353363037,-1.1763322353363037,base,no
4371,0,0,0.037326887344129464,-3.910810947418213,-0.6608109474182129,base,No
4372,0,0,0.08509904500702024,-3.217501401901245,-0.8425014019012451,base,No
4373,0,0,0.004609572999830552,-6.00527286529541,-0.6302730441093445,base,no
4374,0,0,0.005911068155754778,-5.884974956512451,-0.7599748373031616,base,no
4375,0,0,0.4073334000459302,-1.714322805404663,-1.339322805404663,base,1
4376,0,0,0.2689414213699951,-2.0282251834869385,-1.0282251834869385,base,No
4377,0,0,0.1329642333263228,-2.7209582328796387,-0.8459581732749939,base,No
4378,0,0,0.9669140216112958,-1.0468292236328125,-4.4218292236328125,base,1
4379,0,0,0.01590639357784294,-4.946946620941162,-0.8219467401504517,base,no
4380,0,0,0.20181324146316565,-2.527721405029297,-1.1527215242385864,base,no
4381,0,0,0.07585818002124356,-3.338090181350708,-0.838090181350708,base,no
4382,0,0,0.2689414213699951,-2.195142984390259,-1.1951429843902588,base,No
4383,0,0,0.007577240371427665,-5.487435340881348,-0.6124352216720581,base,No
4384,0,0,0.07585817166422973,-3.3754067420959473,-0.8754066228866577,base,No
4385,0,0,0.006692850924284856,-5.717693328857422,-0.7176933288574219,base,No
4386,0,0,0.0040701384407312935,-6.070339202880859,-0.5703393816947937,base,no
4387,0,1,0.9947798736874026,-0.39373600482940674,-5.643735885620117,base,Yes
4388,0,0,0.0953494648991095,-3.068748712539673,-0.8187487125396729,base,No
4389,0,0,0.7310585786300049,-1.215484857559204,-2.215484857559204,base,1
4390,0,0,0.0040701374742844335,-6.200711250305176,-0.700711190700531,base,no
4391,0,0,0.00669285052802981,-5.598986625671387,-0.5989865660667419,base,no
4392,0,0,0.060086646807761206,-3.486311674118042,-0.7363116145133972,base,No
4393,0,0,0.08509904500702024,-3.186962842941284,-0.8119628429412842,base,no
4394,0,0,0.03732688306051187,-3.89628267288208,-0.6462825536727905,base,No
4395,0,0,0.006692849735519792,-5.732243537902832,-0.7322433590888977,base,no
4396,0,0,0.004609571905888793,-6.02581787109375,-0.6508178114891052,base,no
4397,0,0,0.1480471829959148,-2.6706905364990234,-0.9206904172897339,base,no
4398,0,0,0.8175744939732856,-1.1637238264083862,-2.663723945617676,base,1
4399,0,0,0.20181322226037882,-2.46639347076416,-1.0913934707641602,base,no
4400,0,0,0.007577242612510723,-5.392664909362793,-0.5176650881767273,base,no
4401,0,0,0.20181322226037882,-2.3304760456085205,-0.9554760456085205,base,No
4402,0,0,0.11920290950590741,-3.016176700592041,-1.0161765813827515,base,no
4403,0,0,0.0850990357257195,-3.251718044281006,-0.8767179250717163,base,no
4404,0,0,0.010986944573626636,-5.114677906036377,-0.6146780848503113,base,No
4405,0,0,0.015906392644828796,-4.730497360229492,-0.605497419834137,base,no
4406,0,0,0.008577485413711986,-5.483639240264893,-0.7336392402648926,base,No
4407,0,0,0.006692851716795015,-5.6434502601623535,-0.6434503793716431,base,No
4408,0,0,0.1480471980316895,-2.6455678939819336,-0.8955678939819336,base,No
4409,0,0,0.9324533051062237,-0.8733082413673401,-3.4983081817626953,base,1
4410,0,0,0.8354835371034369,-1.075697898864746,-2.700697898864746,base,1
4411,0,0,0.009708474762317362,-5.201825141906738,-0.576824963092804,base,No
4412,0,0,0.7057850278370112,-1.1748731136322021,-2.049873113632202,base,1
4413,0,0,0.014063627869714051,-4.915308475494385,-0.6653085350990295,base,no
4414,0,0,0.022977367233847502,-4.376419544219971,-0.6264194250106812,base,No
4415,0,0,0.32082130082460697,-2.021181106567383,-1.2711811065673828,base,no
4416,0,0,0.2227001594610082,-2.2734928131103516,-1.0234929323196411,base,No
4417,0,0,0.004609571358918011,-6.081016540527344,-0.7060163617134094,base,no
4418,0,0,0.005911068505999277,-5.865562915802002,-0.7405628561973572,base,no
4419,0,0,0.991422514586288,-1.1668057441711426,-5.916805744171143,base,1
4420,0,1,0.9399133531922388,-0.6264259219169617,-3.3764259815216064,base,Yes
4421,0,0,0.004609572726345088,-6.081639289855957,-0.7066394090652466,base,no
4422,0,0,0.46879062662624377,-1.6341882944107056,-1.5091882944107056,base,1
4423,0,0,0.8519528019683106,-0.9863729476928711,-2.736372947692871,base,1
4424,0,0,0.4378234991142019,-1.7783217430114746,-1.5283217430114746,base,1
4425,0,0,0.13296424019782924,-2.678637981414795,-0.8036379814147949,base,No
4426,0,0,0.05340333582602272,-3.6941652297973633,-0.8191653490066528,base,no
4427,0,0,0.06754669489377622,-3.366804599761963,-0.7418046593666077,base,no
4428,0,0,0.26894139793202687,-2.096432685852051,-1.0964325666427612,base,No
4429,0,0,0.13296424019782924,-2.7841086387634277,-0.9091086387634277,base,no
4430,0,0,0.0046095728630878175,-5.786422252655029,-0.41142240166664124,base,no
4431,0,0,0.34864513533394575,-1.7768007516860962,-1.1518007516860962,base,No
4432,0,0,0.005220124764999895,-5.866165637969971,-0.6161654591560364,base,No
4433,0,0,0.8670357598021706,-1.0717413425445557,-2.9467413425445557,base,1
4434,0,0,0.32082130082460697,-1.9860663414001465,-1.2360663414001465,base,1
4435,0,0,0.00522012445548043,-5.9950971603393555,-0.7450969219207764,base,no
4436,0,0,0.2689414213699951,-2.050222396850586,-1.050222396850586,base,no
4437,0,0,0.005911068155754778,-5.765333652496338,-0.6403335332870483,base,No
4438,0,0,0.5312093733737563,-1.488848328590393,-1.613848328590393,base,1
4439,0,0,0.04742587317756679,-3.681519031524658,-0.6815190315246582,base,No
4440,0,0,0.1824255415859996,-2.429898262023926,-0.9298983812332153,base,No
4441,0,0,0.07585817584273653,-3.1935596466064453,-0.6935595870018005,base,No
4442,0,0,0.01406362456384003,-4.980459213256836,-0.7304590344429016,base,No
4443,0,0,0.005911067805510302,-5.801150321960449,-0.6761501431465149,base,no
4444,0,1,0.7981867873410141,-0.8359162211418152,-2.21091628074646,base,Yes
4445,0,0,0.005911068155754778,-5.813156604766846,-0.6881564855575562,base,No
4446,0,0,0.939913356558485,-0.9315589666366577,-3.6815590858459473,base,1
4447,0,0,0.022977371248114782,-4.466360092163086,-0.7163601517677307,base,No
4448,0,0,0.012431653780276067,-5.0695295333862305,-0.6945297718048096,base,No
4449,0,0,0.06008664344151498,-3.4264416694641113,-0.6764415502548218,base,No
4450,0,0,0.007577241716077422,-5.4661149978637695,-0.5911150574684143,base,no
4451,0,0,0.9980732653366725,-1.0567359924316406,-7.306735992431641,base,1
4452,0,0,0.0028009266341596987,-6.450189590454102,-0.575189471244812,base,no
4453,0,0,0.11920293453832885,-2.7751035690307617,-0.7751036882400513,base,No
4454,0,0,0.11920293453832885,-2.815129280090332,-0.8151293992996216,base,No
4455,0,1,0.9770226341042414,-0.7031458020210266,-4.453145980834961,base,Yes
4456,0,0,0.4378234991142019,-1.6045104265213013,-1.3545104265213013,base,1
4457,0,0,0.01406362456384003,-5.043661594390869,-0.7936614155769348,base,no
4458,0,0,0.2942149474088797,-2.080015182495117,-1.2050150632858276,base,No
4459,0,0,0.24508501313237172,-2.026374340057373,-0.901374340057373,base,No
4460,0,0,0.1480471980316895,-2.7002501487731934,-0.9502501487731934,base,no
4461,0,0,0.01098694392594878,-5.207734107971191,-0.707734227180481,base,No
4462,0,0,0.04208773031866069,-3.8362271785736084,-0.7112272381782532,base,No
4463,0,0,0.007577239474994629,-5.529767990112305,-0.6547677516937256,base,no
4464,0,0,0.008577484399966718,-5.510276794433594,-0.7602766752243042,base,no
4465,0,0,0.32082130082460697,-1.7895803451538086,-1.0395803451538086,base,No
4466,0,0,0.22270011818961086,-2.2418270111083984,-0.9918268918991089,base,no
4467,0,0,0.03308598029553404,-4.155043125152588,-0.7800431847572327,base,no
4468,0,0,0.053403329799824234,-3.6655867099761963,-0.7905867099761963,base,No
4469,0,0,0.22270013882530884,-2.288440465927124,-1.038440465927124,base,no
4470,0,0,0.0293122256635596,-4.2012128829956055,-0.7012127041816711,base,No
4471,0,0,0.46879062662624377,-1.455212950706482,-1.330212950706482,base,No
4472,0,0,0.24508501313237172,-2.1588730812072754,-1.0338730812072754,base,No
4473,0,0,0.14804719051380197,-2.6295669078826904,-0.8795668482780457,base,No
4474,0,0,0.0024726230831270705,-6.464865684509277,-0.46486565470695496,base,no
4475,0,0,0.0953494648991095,-3.143505334854126,-0.893505334854126,base,no
4476,0,0,0.01798620890931226,-4.668582439422607,-0.6685823798179626,base,No
4477,0,0,0.0159063879797589,-4.736390113830566,-0.6113898754119873,base,no
4478,0,0,0.5621765008857981,-1.3937097787857056,-1.6437097787857056,base,1
4479,0,0,0.04208773031866069,-3.8473474979400635,-0.7223475575447083,base,no
4480,0,0,0.022977373924293353,-4.369377136230469,-0.6193773150444031,base,No
4481,0,0,0.6791787251504998,-1.2574743032455444,-2.007474422454834,base,1
4482,0,0,0.005220125693558397,-5.88865852355957,-0.6386585235595703,base,no
4483,0,0,0.20181322226037882,-2.3800787925720215,-1.0050787925720215,base,No
4484,0,0,0.022977373924293353,-4.509023666381836,-0.7590238451957703,base,No
4485,0,0,0.18242552380635632,-2.3907535076141357,-0.8907535076141357,base,no
4486,0,0,0.037326887344129464,-4.08573055267334,-0.8357305526733398,base,no
4487,0,0,0.0159063898457867,-4.848613739013672,-0.7236136198043823,base,no
4488,0,0,0.11920292202211755,-2.8818771839141846,-0.8818771839141846,base,no
4489,0,0,0.020332356904444657,-4.603449821472168,-0.7284500002861023,base,No
4490,0,0,0.00669285052802981,-5.725083351135254,-0.7250832915306091,base,No
4491,0,0,0.5926665999540697,-1.4074909687042236,-1.7824909687042236,base,1
4492,0,0,0.4073334000459302,-1.7720409631729126,-1.3970409631729126,base,1
4493,0,0,0.012431653780276067,-5.0891923904418945,-0.7141926288604736,base,No
4494,0,0,0.2689414213699951,-2.1575920581817627,-1.1575920581817627,base,No
4495,0,0,0.010986941335237732,-5.209979057312012,-0.7099789381027222,base,no
4496,0,0,0.9525741214369554,-0.9980303049087524,-3.998030185699463,base,1
4497,0,0,0.014063627869714051,-4.98261833190918,-0.7326183915138245,base,no
4498,0,0,0.0373268852023206,-4.043513298034668,-0.7935132384300232,base,No
4499,0,0,0.18242553269617778,-2.400575637817383,-0.9005756974220276,base,no
4500,0,0,0.01098694327827096,-5.2535881996154785,-0.7535882592201233,base,no
4501,0,0,0.0059110692064883365,-5.821584701538086,-0.6965847611427307,base,no
4502,0,0,0.008577485920584663,-5.449643135070801,-0.6996431946754456,base,no
4503,0,0,0.6224593312018546,-1.4170559644699097,-1.9170559644699097,base,1
4504,0,1,0.7549149868676283,-1.0048518180847168,-2.129851818084717,base,Yes
4505,0,0,0.060086646807761206,-3.577578544616699,-0.8275784850120544,base,No
4506,0,0,0.053403329799824234,-3.653301477432251,-0.778301477432251,base,no
4507,0,0,0.6224593312018546,-1.2941460609436035,-1.7941460609436035,base,1
4508,0,0,0.02931223244728875,-4.231250286102295,-0.7312503457069397,base,No
4509,0,0,0.1645164628965632,-2.4577062129974365,-0.8327062129974365,base,no
4510,0,0,0.01098694392594878,-5.197594165802002,-0.6975942850112915,base,No
4511,0,0,0.04208773272170267,-3.8596315383911133,-0.7346316576004028,base,No
4512,0,0,0.006692850131774789,-5.668466091156006,-0.6684659719467163,base,No
4513,0,0,0.8807970779778823,-1.128126859664917,-3.128126859664917,base,1
4514,0,0,0.8933094060543487,-1.0399086475372314,-3.1649086475372314,base,1
4515,0,0,0.7310585786300049,-1.3073511123657227,-2.3073511123657227,base,1
4516,0,0,0.008577486934330109,-5.374231338500977,-0.6242315173149109,base,No
4517,0,0,0.005220126622117065,-6.0147013664245605,-0.7647015452384949,base,no
4518,0,0,0.3208212748495002,-2.0401272773742676,-1.290127158164978,base,1
4519,0,0,0.9840936045561286,-0.9429123401641846,-5.0679121017456055,base,1
4520,0,0,0.16451645470385742,-2.557870864868164,-0.9328708052635193,base,No
4521,0,0,0.006692850924284856,-5.621292591094971,-0.6212925910949707,base,no
4522,0,0,0.08509904500702024,-3.188483953475952,-0.8134839534759521,base,No
4523,0,1,0.9465966671870767,-0.719490110874176,-3.5944900512695312,base,Yes
4524,0,1,0.731058602067973,-1.0210040807724,-2.0210041999816895,base,Yes
4525,0,0,0.7057850030829009,-1.1857653856277466,-2.060765266418457,base,1
4526,0,0,0.3208212748495002,-2.046023368835449,-1.2960232496261597,base,1
4527,0,1,0.6224593312018546,-0.9906259775161743,-1.4906259775161743,base,Yes
4528,0,0,0.9046505351008906,-1.0636742115020752,-3.313674211502075,base,1
4529,0,0,0.7772998611746911,-1.2514033317565918,-2.501403331756592,base,1
4530,0,0,0.6513548646660542,-1.3811120986938477,-2.0061120986938477,base,1
4531,0,0,0.9465966702001757,-1.0121405124664307,-3.8871405124664307,base,1
4532,0,0,0.006692849339264817,-5.640324592590332,-0.6403243541717529,base,No
4533,0,0,0.020332349780873466,-4.658353328704834,-0.7833531498908997,base,no
4534,0,0,0.20181322226037882,-2.3813586235046387,-1.0063586235046387,base,no
4535,0,0,0.042087725512577126,-3.8641340732574463,-0.7391340136528015,base,No
4536,0,0,0.5621765008857981,-1.4363107681274414,-1.6863107681274414,base,1
4537,0,0,0.9324533163686646,-1.0453475713729858,-3.6703476905822754,base,1
4538,0,0,0.03732689162774753,-4.032027721405029,-0.7820278406143188,base,No
4539,0,0,0.004609571905888793,-5.990572452545166,-0.6155723929405212,base,no
4540,0,0,0.6513548646660542,-1.2504737377166748,-1.8754737377166748,base,1
4541,0,0,0.04208773272170267,-3.8763599395751953,-0.7513600587844849,base,No
4542,0,0,0.007577239474994629,-5.557102203369141,-0.6821019649505615,base,No
4543,0,0,0.015906394510857135,-4.8500165939331055,-0.7250167727470398,base,no
4544,0,0,0.02595736171885236,-4.338037967681885,-0.7130381464958191,base,No
4545,0,0,0.07585818837825822,-3.307649612426758,-0.8076497316360474,base,No
4546,0,0,0.5621765008857981,-1.4006600379943848,-1.6506600379943848,base,1
4547,0,0,0.014063623737371644,-4.947314262390137,-0.6973140239715576,base,no
4548,0,0,0.00218271670497733,-6.561219215393066,-0.43621933460235596,base,no
4549,0,0,0.7310585786300049,-1.2642865180969238,-2.264286518096924,base,1
4550,0,0,0.24508501313237172,-2.33205246925354,-1.20705246925354,base,1
4551,0,0,0.006692849339264817,-5.695224761962891,-0.6952245235443115,base,no
4552,0,0,0.5621765008857981,-1.497621774673462,-1.747621774673462,base,1
4553,0,0,0.29421497216298875,-1.8705662488937378,-0.9955662488937378,base,No
4554,0,0,0.1329642333263228,-2.772430419921875,-0.8974303603172302,base,no
4555,0,0,0.005220125693558397,-5.954386234283447,-0.7043862342834473,base,no
4556,0,0,0.014063627043245474,-4.893787860870361,-0.6437878608703613,base,No
4557,0,0,0.1329642264548166,-2.659768581390381,-0.7847684621810913,base,No
4558,0,0,0.1480472055495773,-2.6895365715026855,-0.9395366311073303,base,no
4559,0,0,0.007577242164294059,-5.646496295928955,-0.7714964151382446,base,no
4560,0,0,0.007577239923211134,-5.570603370666504,-0.6956031918525696,base,no
4561,0,0,0.0159063898457867,-4.845813274383545,-0.7208131551742554,base,no
4562,0,0,0.03732689162774753,-4.044511318206787,-0.7945114374160767,base,No
4563,0,0,0.008577486427457372,-5.229463577270508,-0.47946369647979736,base,no
4564,0,0,0.24508503518827837,-2.144252300262451,-1.0192524194717407,base,no
4565,0,0,0.1329642264548166,-2.726313591003418,-0.8513134717941284,base,no
4566,0,0,0.012431653780276067,-5.082655906677246,-0.7076561450958252,base,no
4567,0,0,0.1645164628965632,-2.6232643127441406,-0.9982643127441406,base,No
4568,0,0,0.0046095710854326425,-6.024045944213867,-0.6490457057952881,base,no
4569,0,0,0.015906392644828796,-4.830234527587891,-0.7052345871925354,base,no
4570,0,0,0.9626731040886339,-1.1049792766571045,-4.354979038238525,base,1
4571,0,0,0.34864513533394575,-1.8773107528686523,-1.2523107528686523,base,No
4572,0,0,0.893309411735131,-0.9708101153373718,-3.0958101749420166,base,1
4573,0,0,0.9669140273317849,-0.9992983937263489,-4.374298572540283,base,1
4574,0,0,0.02297737258620403,-4.372116565704346,-0.6221166849136353,base,No
4575,0,0,0.9465966702001757,-1.003859281539917,-3.878859281539917,base,1
4576,0,0,0.0534033328129234,-3.595029592514038,-0.7200296521186829,base,No
4577,0,0,0.16451647108926923,-2.4738669395446777,-0.8488669991493225,base,No
4578,0,0,0.09534947518185825,-3.1127753257751465,-0.862775444984436,base,No
4579,0,0,0.004609571632403393,-6.061083793640137,-0.6860836744308472,base,no
4580,0,0,0.9971990723669563,-1.3989593982696533,-7.273959159851074,base,1
4581,0,0,0.8519528019683106,-1.0683860778808594,-2.8183860778808594,base,1
4582,0,0,0.015906394510857135,-4.739990234375,-0.6149904131889343,base,No
4583,0,0,0.4378234991142019,-1.6156892776489258,-1.3656892776489258,base,1
4584,0,0,0.004609571632403393,-6.023324966430664,-0.6483248472213745,base,No
4585,0,0,0.9940889311437562,-1.059980869293213,-6.184980869293213,base,1
4586,0,0,0.8354835371034369,-1.1132090091705322,-2.7382090091705322,base,1
4587,0,0,0.1329642333263228,-2.7194135189056396,-0.8444134593009949,base,No
4588,0,0,0.1824255415859996,-2.4451775550842285,-0.9451776742935181,base,no
4589,0,0,0.01098694327827096,-5.170734405517578,-0.6707344651222229,base,No
4590,0,0,0.5621765008857981,-1.4592785835266113,-1.7092785835266113,base,1
4591,0,0,0.6224593312018546,-1.2708854675292969,-1.7708854675292969,base,1
4592,0,0,0.11920292202211755,-2.98156476020813,-0.9815647602081299,base,no
4593,0,0,0.03732688948593843,-4.052496433258057,-0.8024964928627014,base,No
4594,0,0,0.18242552380635632,-2.503923177719116,-1.0039231777191162,base,No
4595,0,0,0.7772998405389918,-1.1427427530288696,-2.39274263381958,base,1
4596,0,0,0.008577487441202876,-5.535948753356934,-0.7859489917755127,base,no
4597,0,0,0.006692851716795015,-5.539863109588623,-0.5398632287979126,base,no
4598,0,0,0.24508501313237172,-2.169682025909424,-1.0446820259094238,base,No
4599,0,0,0.02931222905542399,-4.3031907081604,-0.8031906485557556,base,no
4600,0,0,0.9796676466573412,-1.1040034294128418,-4.979003429412842,base,1
4601,0,0,0.01406362456384003,-4.95062780380249,-0.7006276249885559,base,No
4602,0,0,0.7981867777396212,-1.0203871726989746,-2.3953871726989746,base,1
4603,0,1,0.9324533088603709,-0.7762315273284912,-3.401231527328491,base,Yes
4604,0,0,0.08509904036636974,-3.236889123916626,-0.8618890643119812,base,No
4605,0,0,0.2689414213699951,-2.1539130210876465,-1.1539130210876465,base,No
4606,0,0,0.03308598220236406,-4.101181983947754,-0.7261821031570435,base,No
4607,0,0,0.46879062662624377,-1.5431164503097534,-1.4181164503097534,base,1
4608,0,0,0.014063627043245474,-4.9637064933776855,-0.7137064933776855,base,No
4609,0,0,0.01798620785653302,-4.742956638336182,-0.7429565191268921,base,no
4610,0,0,0.005220124764999895,-5.978250980377197,-0.7282508015632629,base,no
4611,0,0,0.01098694327827096,-5.253805160522461,-0.7538052201271057,base,no
4612,0,0,0.9706877658567789,-0.982061505317688,-4.482061386108398,base,1
4613,0,0,0.01590639077880068,-4.841425895690918,-0.7164258360862732,base,no
4614,0,0,0.0031726826539785367,-6.44283390045166,-0.6928338408470154,base,no
4615,0,0,0.679178699175393,-1.4135823249816895,-2.1635823249816895,base,1
4616,0,0,0.009708476481474066,-5.233138561248779,-0.6081385612487793,base,No
4617,0,0,0.007577242612510723,-5.490825176239014,-0.615825355052948,base,No
4618,0,0,0.34864513533394575,-1.8787721395492554,-1.2537721395492554,base,1
4619,0,0,0.06754668738548215,-3.540463924407959,-0.9154638648033142,base,no
4620,0,0,0.835483553488848,-1.107587218284607,-2.7325873374938965,base,1
4621,0,0,0.679178699175393,-1.3635039329528809,-2.113503932952881,base,1
4622,0,0,0.2942149474088797,-2.1128792762756348,-1.2378791570663452,base,no
4623,0,0,0.01590639171181471,-4.857110023498535,-0.7321100234985352,base,No
4624,0,1,0.9046505248181417,-0.816559910774231,-3.0665597915649414,base,Yes
4625,0,0,0.13296425394084313,-2.7793402671813965,-0.904340386390686,base,No
4626,0,1,0.9669140158908057,-0.7595974802970886,-4.134597301483154,base,Yes
4627,0,0,0.03308598220236406,-4.116268157958984,-0.7412682771682739,base,no
4628,0,0,0.03308598029553404,-4.01304292678833,-0.6380429863929749,base,No
4629,0,0,0.020332349780873466,-4.540279388427734,-0.6652792096138,base,no
4630,0,0,0.0675466911396291,-3.352236270904541,-0.727236270904541,base,No
4631,0,0,0.005911068505999277,-5.88037633895874,-0.7553762793540955,base,no
4632,0,0,0.0059110695567328965,-5.821736812591553,-0.6967369318008423,base,no
4633,0,0,0.007577239923211134,-5.597584247589111,-0.722584068775177,base,No
4634,0,0,0.34864513533394575,-1.8762645721435547,-1.2512645721435547,base,no
4635,0,0,0.060086646807761206,-3.650624990463257,-0.9006249308586121,base,no
4636,0,0,0.01798621101487092,-4.774929046630859,-0.7749291062355042,base,no
4637,0,0,0.022977365895758564,-4.548338413238525,-0.7983382344245911,base,no
4638,0,0,0.37754066879814546,-1.844301700592041,-1.344301700592041,base,1
4639,0,0,0.18242552380635632,-2.405715227127075,-0.9057152271270752,base,no
4640,0,1,0.679178699175393,-1.1039526462554932,-1.8539526462554932,base,Yes
4641,0,0,0.5621765008857981,-1.4677109718322754,-1.7177109718322754,base,1
4642,0,0,0.14804719051380197,-2.5191285610198975,-0.7691285014152527,base,No
4643,0,0,0.06008665017400762,-3.6321847438812256,-0.8821847438812256,base,no
4644,0,0,0.09534945975773548,-3.1388096809387207,-0.8888096213340759,base,no
4645,0,0,0.7981867777396212,-1.0903141498565674,-2.4653141498565674,base,1
4646,0,0,0.07585818837825822,-3.1779026985168457,-0.6779028177261353,base,No
4647,0,0,0.008577484399966718,-5.42786169052124,-0.6778615713119507,base,no
4648,0,1,0.9046505453836383,-0.780173659324646,-3.0301737785339355,base,Yes
4649,0,0,0.32082130082460697,-2.007206916809082,-1.257206916809082,base,1
4650,0,0,0.008577484399966718,-5.4474334716796875,-0.697433352470398,base,no
4651,0,0,0.11920292202211755,-2.832056760787964,-0.8320567607879639,base,no
4652,0,0,0.06754669864792355,-3.310962677001953,-0.6859627962112427,base,No
4653,0,0,0.1066905825840872,-3.085110664367676,-0.9601105451583862,base,no
4654,0,0,0.004070138682343046,-6.120413780212402,-0.6204140186309814,base,No
4655,0,0,0.02595735719779685,-4.3746657371521,-0.7496657371520996,base,No
4656,0,0,0.10669059394565118,-3.039659023284912,-0.9146590232849121,base,no
4657,0,0,0.9993736658791996,-0.9001769423484802,-8.275177001953125,base,1
4658,0,0,0.029312234143221275,-4.144647598266602,-0.6446477174758911,base,No
4659,0,0,0.017986212067650338,-4.740373611450195,-0.7403737306594849,base,no
4660,0,0,0.01798620785653302,-4.685276031494141,-0.6852759122848511,base,No
4661,0,0,0.007577242164294059,-5.615005016326904,-0.7400051355361938,base,no
4662,0,0,0.014063628696182679,-4.880895137786865,-0.6308952569961548,base,no
4663,0,0,0.009708478773683474,-5.2131500244140625,-0.5881502628326416,base,No
4664,0,0,0.37754066879814546,-1.7741034030914307,-1.2741034030914307,base,no
4665,0,0,0.46879062662624377,-1.4970554113388062,-1.3720554113388062,base,1
4666,0,0,0.00359360194114313,-6.385902404785156,-0.7609022259712219,base,no
4667,0,0,0.24508500210441886,-2.1059844493865967,-0.9809843897819519,base,No
4668,0,0,0.9940889311437562,-0.9359593391418457,-6.060959339141846,base,1
4669,0,0,0.0031726822769652645,-6.437071800231934,-0.6870716214179993,base,no
4670,0,0,0.29421497216298875,-2.049165725708008,-1.1741657257080078,base,No
4671,0,0,0.008577486934330109,-5.5184407234191895,-0.7684409022331238,base,no
4672,0,0,0.7772998611746911,-1.271425485610962,-2.521425485610962,base,1
4673,0,0,0.03732688091870324,-4.020090579986572,-0.7700904011726379,base,no
4674,0,0,0.9770226260757067,-0.9781205058097839,-4.72812032699585,base,1
4675,0,0,0.32082130082460697,-1.953857183456421,-1.203857183456421,base,1
4676,0,0,0.10669059394565118,-2.9514126777648926,-0.8264126777648926,base,No
4677,0,0,0.29421497216298875,-1.8319159746170044,-0.9569159746170044,base,No
4678,0,0,0.01406363034912007,-4.919597625732422,-0.669597864151001,base,no
4679,0,0,0.03308597457504463,-4.081640243530273,-0.7066401243209839,base,No
4680,0,0,0.008577483893094128,-5.392240047454834,-0.6422398686408997,base,No
4681,0,0,0.007577239474994629,-5.569923400878906,-0.6949231624603271,base,No
4682,0,0,0.9770226247376173,-1.0712864398956299,-4.821286201477051,base,1
4683,0,0,0.0373268852023206,-3.9822769165039062,-0.7322768568992615,base,No
4684,0,0,0.11920292202211755,-2.817112922668457,-0.817112922668457,base,No
4685,0,0,0.9324533013520764,-1.0867658853530884,-3.711765766143799,base,1
4686,0,0,0.008577485413711986,-5.415173530578613,-0.6651735305786133,base,no
4687,0,0,0.46879062662624377,-1.5416133403778076,-1.4166133403778076,base,1
4688,0,0,0.005220124764999895,-5.7543158531188965,-0.5043156743049622,base,no
4689,0,0,0.6224593312018546,-1.4489575624465942,-1.9489575624465942,base,1
4690,0,0,0.04208773031866069,-3.910081386566162,-0.7850814461708069,base,No
4691,0,0,0.04208772791561884,-3.7806293964385986,-0.6556293964385986,base,No
4692,0,0,0.08509904500702024,-3.086374044418335,-0.711374044418335,base,No
4693,0,0,0.004609573273316032,-5.957056045532227,-0.5820562839508057,base,No
4694,0,0,0.9740426367741291,-1.1554014682769775,-4.780401229858398,base,1
4695,0,0,0.14804721306746543,-2.692783832550049,-0.9427839517593384,base,No
4696,0,0,0.033085978388704126,-4.135161399841309,-0.7601613998413086,base,no
4697,0,0,0.008577484399966718,-5.280733585357666,-0.5307334661483765,base,No
4698,0,0,0.029312230751356316,-4.196035861968994,-0.6960358619689941,base,no
4699,0,0,0.006692849339264817,-5.623072624206543,-0.6230723857879639,base,no
4700,0,0,0.9399133498259924,-1.0565268993377686,-3.8065268993377686,base,1
4701,0,0,0.01590639077880068,-4.79053258895874,-0.6655325293540955,base,No
4702,0,0,0.11920292202211755,-2.7440924644470215,-0.7440924644470215,base,No
4703,0,0,0.037326887344129464,-3.945549488067627,-0.695549488067627,base,No
4704,0,0,0.06754668738548215,-3.42887806892395,-0.8038780093193054,base,No
4705,0,0,0.0031726820884586454,-6.455367088317871,-0.705366849899292,base,no
4706,0,0,0.005911070257222078,-5.719271659851074,-0.5942718982696533,base,no
4707,0,0,0.20181322226037882,-2.399768352508545,-1.024768352508545,base,no
4708,0,0,0.010986944573626636,-5.217584133148193,-0.7175843119621277,base,No
4709,0,0,0.1480471980316895,-2.738308906555176,-0.9883089065551758,base,No
4710,0,0,0.005220125074519377,-5.967745304107666,-0.7177451848983765,base,no
4711,0,0,0.007577240371427665,-5.63336181640625,-0.7583616971969604,base,no
4712,0,0,0.6513548646660542,-1.3591583967208862,-1.9841583967208862,base,1
4713,0,0,0.34864513533394575,-1.7416222095489502,-1.1166222095489502,base,No
4714,0,0,0.003172683408005215,-6.383523464202881,-0.6335236430168152,base,No
4715,0,0,0.008577483386221569,-5.464232444763184,-0.7142322063446045,base,No
4716,0,0,0.01243164865786858,-5.164461135864258,-0.7894609570503235,base,no
4717,0,0,0.8175744761936437,-1.122157096862793,-2.622157096862793,base,1
4718,0,0,0.01590639357784294,-4.837259292602539,-0.7122594118118286,base,no
4719,0,0,0.9740426458162398,-1.1221226453781128,-4.747122764587402,base,1
4720,0,0,0.2942149474088797,-2.113555908203125,-1.2385557889938354,base,1
4721,0,0,0.8933093946927838,-0.9639288187026978,-3.088928699493408,base,1
4722,0,0,0.32082130082460697,-1.8844479322433472,-1.1344479322433472,base,No
4723,0,0,0.9740426367741291,-1.1788341999053955,-4.803833961486816,base,1
4724,0,0,0.0953494648991095,-2.8833141326904297,-0.6333141326904297,base,No
4725,0,0,0.5,-1.4464459419250488,-1.4464459419250488,base,1
4726,0,0,0.7981867777396212,-1.0965735912322998,-2.4715735912323,base,1
4727,0,0,0.5621765008857981,-1.4064913988113403,-1.6564913988113403,base,1
4728,0,0,0.014063628696182679,-4.966041088104248,-0.7160412073135376,base,No
4729,0,0,0.0075772430607274135,-5.541072845458984,-0.6660730838775635,base,No
4730,0,0,0.6513548646660542,-1.2314016819000244,-1.8564016819000244,base,1
4731,0,0,0.07585817166422973,-3.3551931381225586,-0.855193018913269,base,No
4732,0,0,0.005220125074519377,-6.019543170928955,-0.7695430517196655,base,no
4733,0,0,0.06008665354025422,-3.3345439434051514,-0.5845440030097961,base,No
4734,0,0,0.9796676514063881,-1.0247867107391357,-4.899786949157715,base,1
4735,0,0,0.46879062662624377,-1.606478214263916,-1.481478214263916,base,1
4736,0,0,0.11920292202211755,-2.943291664123535,-0.9432916641235352,base,No
4737,0,0,0.002472622715588583,-6.6994452476501465,-0.6994450688362122,base,No
4738,0,0,0.6224593312018546,-1.406755805015564,-1.906755805015564,base,1
4739,0,0,0.20181322226037882,-2.3170852661132812,-0.9420852661132812,base,no
4740,0,0,0.01406362952265135,-4.984952449798584,-0.7349526286125183,base,No
4741,0,0,0.0059110692064883365,-5.76407527923584,-0.6390753388404846,base,no
4742,0,0,0.012431650121413363,-5.168292045593262,-0.7932919859886169,base,no
4743,0,0,0.07585818419975078,-3.3018527030944824,-0.8018527626991272,base,No
4744,0,0,0.2227001594610082,-2.2412967681884766,-0.9912968873977661,base,No
4745,0,0,0.32082130082460697,-1.766380786895752,-1.016380786895752,base,No
4746,0,0,0.06008664344151498,-3.5605201721191406,-0.8105200529098511,base,No
4747,0,0,0.20181320305759334,-2.4680638313293457,-1.0930637121200562,base,no
4748,0,0,0.0031726830309918535,-6.498962879180908,-0.748962938785553,base,no
4749,0,0,0.8175744761936437,-1.1682007312774658,-2.668200731277466,base,1
4750,0,0,0.20181320305759334,-2.372976779937744,-0.9979766607284546,base,No
4751,0,0,0.0675466911396291,-3.4822123050689697,-0.8572123050689697,base,no
4752,0,0,0.46879062662624377,-1.7356263399124146,-1.6106263399124146,base,1
4753,0,0,0.004070137957507836,-6.294748306274414,-0.7947483658790588,base,no
4754,0,0,0.8354835207180245,-1.243406891822815,-2.8684067726135254,base,1
4755,0,0,0.0031726826539785367,-6.488132476806641,-0.7381324172019958,base,no
4756,0,0,0.37754066879814546,-1.7568196058273315,-1.2568196058273315,base,no
4757,0,0,0.1480471980316895,-2.6641671657562256,-0.9141671657562256,base,No
4758,0,0,0.009708478773683474,-5.17471981048584,-0.549720048904419,base,No
4759,0,0,0.014063627869714051,-4.971164703369141,-0.7211647629737854,base,no
4760,0,0,0.0035936021545687705,-6.2517266273498535,-0.626726508140564,base,no
4761,0,0,0.025957354183760273,-4.395950794219971,-0.7709506750106812,base,no
4762,0,0,0.002800926967120973,-6.645175457000732,-0.7701754570007324,base,no
4763,0,0,0.7057850278370112,-1.2321734428405762,-2.107173442840576,base,1
4764,0,0,0.4378234991142019,-1.7807400226593018,-1.5307400226593018,base,1
4765,0,0,0.9924227605250054,-1.0436632633209229,-5.918663501739502,base,1
4766,0,0,0.9706877624649134,-0.8869345188140869,-4.386934280395508,base,1
4767,0,0,0.20181322226037882,-2.4115562438964844,-1.0365562438964844,base,no
4768,0,0,0.9924227582839227,-0.863981306552887,-5.738981246948242,base,1
4769,0,0,0.008577484906839334,-5.3490424156188965,-0.5990423560142517,base,No
4770,0,0,0.9840936064221572,-0.8125420808792114,-4.937541961669922,base,1
4771,0,0,0.5,-1.442218542098999,-1.442218542098999,base,1
4772,0,0,0.7981867969424066,-1.184179663658142,-2.5591797828674316,base,1
4773,0,0,0.025957351169724027,-4.471157073974609,-0.8461568355560303,base,no
4774,0,0,0.5621765008857981,-1.374711275100708,-1.624711275100708,base,1
4775,0,0,0.008577485920584663,-5.470557689666748,-0.7205577492713928,base,no
4776,0,0,0.006692850131774789,-5.652785301208496,-0.6527851819992065,base,No
4777,0,1,0.9399133531922388,-0.7382721304893494,-3.488272190093994,base,Yes
4778,0,0,0.005220126622117065,-5.912021160125732,-0.6620213389396667,base,no
4779,0,0,0.9324533163686646,-1.2444161176681519,-3.8694162368774414,base,1
4780,0,0,0.014063627869714051,-5.034092426300049,-0.7840924859046936,base,no
4781,0,0,0.8933094060543487,-1.0594379901885986,-3.1844379901885986,base,1
4782,0,0,0.2689414213699951,-2.088991641998291,-1.088991641998291,base,No
4783,0,0,0.6513548646660542,-1.3399933576583862,-1.9649933576583862,base,1
4784,0,0,0.014063627869714051,-4.881068229675293,-0.6310682892799377,base,No
4785,0,0,0.46879062662624377,-1.5725820064544678,-1.4475820064544678,base,1
4786,0,0,0.022977367233847502,-4.4887375831604,-0.7387374639511108,base,No
4787,0,0,0.0474258704848281,-3.906963586807251,-0.9069635272026062,base,no
4788,0,0,0.1645164628965632,-2.6957404613494873,-1.0707404613494873,base,no
4789,0,0,0.9525741214369554,-0.9334455728530884,-3.933445453643799,base,1
4790,0,0,0.060086646807761206,-3.600534677505493,-0.8505346179008484,base,no
4791,0,0,0.1329642264548166,-2.7851881980895996,-0.9101880788803101,base,No
4792,0,0,0.1066905825840872,-3.0834479331970215,-0.9584478139877319,base,no
4793,0,0,0.8175744761936437,-1.072192907333374,-2.572192907333374,base,1
4794,0,0,0.20181322226037882,-2.3209075927734375,-0.9459075927734375,base,No
4795,0,0,0.04208773031866069,-3.9483888149261475,-0.8233888745307922,base,no
4796,0,0,0.13296424019782924,-2.805192470550537,-0.9301924705505371,base,No
4797,0,0,0.015906388912772775,-4.774820327758789,-0.6498201489448547,base,No
4798,0,0,0.1329642333263228,-2.842346668243408,-0.9673466086387634,base,no
4799,0,0,0.0534033328129234,-3.629608631134033,-0.754608690738678,base,No
4800,0,0,0.00522012445548043,-5.829790115356445,-0.5797898769378662,base,no
4801,0,0,0.34864513533394575,-1.946550965309143,-1.321550965309143,base,1
4802,0,0,0.2689414213699951,-2.045849323272705,-1.045849323272705,base,No
4803,0,0,0.8175744761936437,-1.1120595932006836,-2.6120595932006836,base,1
4804,0,0,0.37754066879814546,-1.7426165342330933,-1.2426165342330933,base,No
4805,0,1,0.8807970779778823,-0.8766496181488037,-2.8766496181488037,base,Yes
4806,0,0,0.012431650853185818,-5.1472487449646,-0.7722487449645996,base,no
4807,0,0,0.13296425394084313,-2.874962329864502,-0.9999624490737915,base,no
4808,0,0,0.01798620785653302,-4.7554144859313965,-0.7554143667221069,base,no
4809,0,1,0.8933093946927838,-0.8456493616104126,-2.970649242401123,base,Yes
4810,0,0,0.7057850278370112,-1.2819039821624756,-2.1569039821624756,base,1
4811,0,0,0.2689414448079646,-2.0694103240966797,-1.0694104433059692,base,no
4812,0,1,0.7057850278370112,-1.0476634502410889,-1.9226634502410889,base,Yes
4813,0,0,0.01406363034912007,-5.052957534790039,-0.8029577732086182,base,no
4814,0,0,0.9820137900379085,-1.0087013244628906,-5.008701324462891,base,1
4815,0,0,0.2227001594610082,-2.4109959602355957,-1.1609960794448853,base,no
4816,0,0,0.008577483893094128,-5.452212810516357,-0.7022126317024231,base,No
4817,0,0,0.11920293453832885,-2.9185290336608887,-0.9185291528701782,base,No
4818,0,0,0.037326887344129464,-3.8683547973632812,-0.6183547973632812,base,no
4819,0,0,0.01798620575097472,-4.725091934204102,-0.7250916957855225,base,No
4820,0,0,0.025957354183760273,-4.364471435546875,-0.7394713163375854,base,No
4821,0,0,0.26894139793202687,-2.1855311393737793,-1.1855310201644897,base,No
4822,0,0,0.11920292828022305,-2.923811435699463,-0.9238114953041077,base,no
4823,0,0,0.02297736857193652,-4.533481121063232,-0.7834810614585876,base,no
4824,0,0,0.37754066879814546,-1.818022608757019,-1.318022608757019,base,1
4825,0,0,0.4378234991142019,-1.6459925174713135,-1.3959925174713135,base,1
4826,0,0,0.8519528019683106,-1.0755424499511719,-2.825542449951172,base,1
4827,0,0,0.6513548646660542,-1.3270031213760376,-1.9520031213760376,base,1
4828,0,0,0.14804719051380197,-2.677281618118286,-0.9272815585136414,base,No
4829,0,0,0.8933094060543487,-1.1291778087615967,-3.2541778087615967,base,1
4830,0,1,0.9046505351008906,-0.885662317276001,-3.135662317276001,base,Yes
4831,0,0,0.06008665017400762,-3.612067699432373,-0.862067699432373,base,No
4832,0,0,0.025957358704815272,-4.391876697540283,-0.766876757144928,base,No
4833,0,0,0.4073334000459302,-1.677682638168335,-1.302682638168335,base,1
4834,0,0,0.37754066879814546,-1.673177719116211,-1.173177719116211,base,No
4835,0,0,0.4073334000459302,-1.7485074996948242,-1.3735074996948242,base,1
4836,0,0,0.24508499107646636,-2.2746691703796387,-1.1496690511703491,base,no
4837,0,0,0.007577241716077422,-5.662204742431641,-0.7872048020362854,base,no
4838,0,0,0.9902915240915781,-0.8438524603843689,-5.468852519989014,base,1
4839,0,0,0.9875683476832692,-0.9540482759475708,-5.329048156738281,base,1
4840,0,0,0.02297736857193652,-4.250629901885986,-0.5006298422813416,base,no
4841,0,0,0.5312093733737563,-1.56587553024292,-1.69087553024292,base,1
4842,0,0,0.012431647926096252,-5.106667518615723,-0.7316672801971436,base,no
4843,0,0,0.014063623737371644,-4.870433807373047,-0.6204335689544678,base,No
4844,0,0,0.22270012850745968,-2.210367441177368,-0.9603673815727234,base,No
4845,0,0,0.32082130082460697,-1.959971308708191,-1.209971308708191,base,no
4846,0,0,0.06008665354025422,-3.5500028133392334,-0.8000028729438782,base,No
4847,0,0,0.22270012850745968,-2.2043442726135254,-0.9543442130088806,base,No
4848,0,0,0.20181324146316565,-2.483950138092041,-1.1089502573013306,base,No
4849,0,0,0.009708474762317362,-5.271108150482178,-0.6461079716682434,base,no
4850,0,0,0.007577241267860811,-5.370811462402344,-0.49581146240234375,base,No
4851,0,0,0.46879062662624377,-1.721118688583374,-1.596118688583374,base,1
4852,0,0,0.0373268852023206,-4.008321762084961,-0.7583217024803162,base,no
4853,0,0,0.01098694263059318,-5.228276252746582,-0.728276252746582,base,no
4854,0,0,0.03732688091870324,-4.048200607299805,-0.7982004284858704,base,no
4855,0,1,0.9324533013520764,-0.8431559801101685,-3.468155860900879,base,Yes
4856,0,0,0.07585818002124356,-3.2631521224975586,-0.7631521224975586,base,No
4857,0,0,0.02297736991002561,-4.412176609039307,-0.6621766090393066,base,No
4858,0,0,0.9796676514063881,-1.1732308864593506,-5.04823112487793,base,1
4859,0,1,0.9626731105140616,-0.5764933228492737,-3.826493263244629,base,Yes
4860,0,0,0.008577486934330109,-5.359630107879639,-0.609630286693573,base,no
4861,0,0,0.34864513533394575,-1.8440790176391602,-1.2190790176391602,base,1
4862,0,0,0.03732688091870324,-4.024835586547852,-0.7748354077339172,base,no
4863,0,0,0.9626731212231052,-1.022855520248413,-4.272855758666992,base,1
4864,0,0,0.9626731126558706,-1.1028790473937988,-4.352879047393799,base,1
4865,0,0,0.04208773031866069,-3.8884546756744385,-0.7634547352790833,base,No
4866,0,0,0.6224593312018546,-1.3323533535003662,-1.8323533535003662,base,1
4867,0,0,0.7310585786300049,-1.2173171043395996,-2.2173171043395996,base,1
4868,0,0,0.005220126931636656,-5.957331657409668,-0.7073318958282471,base,no
4869,0,0,0.9840936101542134,-1.0882242918014526,-5.213224411010742,base,1
4870,0,0,0.005220126312597491,-5.860757827758789,-0.6107579469680786,base,No
4871,0,0,0.7772998818103892,-1.1400870084762573,-2.390087127685547,base,1
4872,0,0,0.2689414213699951,-2.108840227127075,-1.1088402271270752,base,no
4873,0,0,0.01243164938964095,-5.012637615203857,-0.6376374959945679,base,No
4874,0,0,0.08509904036636974,-3.186659574508667,-0.8116595149040222,base,no
4875,0,0,0.0046095724528596406,-6.135101795196533,-0.760101854801178,base,no
4876,0,0,0.03308598220236406,-4.040493488311768,-0.6654936075210571,base,no
4877,0,0,0.5312093733737563,-1.4129481315612793,-1.5379481315612793,base,1
4878,0,0,0.03732688948593843,-4.029691696166992,-0.779691755771637,base,No
4879,0,0,0.01406362456384003,-5.002494812011719,-0.7524946331977844,base,no
4880,0,0,0.20181321265898594,-2.2498273849487305,-0.8748273253440857,base,no
4881,0,0,0.11920292202211755,-2.837329864501953,-0.8373298645019531,base,No
4882,0,0,0.010986944573626636,-5.201005458831787,-0.7010056376457214,base,No
4883,0,0,0.6224593312018546,-1.2548282146453857,-1.7548282146453857,base,1
4884,0,0,0.679178699175393,-1.1649603843688965,-1.9149603843688965,base,1
4885,0,0,0.007577239474994629,-5.50340461730957,-0.6284043788909912,base,no
4886,0,0,0.1645164628965632,-2.618579864501953,-0.9935798645019531,base,No
4887,0,0,0.060086646807761206,-3.546269416809082,-0.7962693572044373,base,No
4888,0,0,0.2689414213699951,-2.13201642036438,-1.1320164203643799,base,no
4889,0,0,0.29421497216298875,-2.013646125793457,-1.138646125793457,base,no
4890,0,0,0.20181320305759334,-2.349865436553955,-0.9748653173446655,base,No
4891,0,1,0.8519527869325346,-0.7639704942703247,-2.513970375061035,base,Yes
4892,0,0,0.4378234991142019,-1.65952730178833,-1.40952730178833,base,1
4893,0,0,0.005911068856243796,-5.718213081359863,-0.5932130813598633,base,no
4894,0,0,0.08509904500702024,-3.1791954040527344,-0.8041954040527344,base,No
4895,0,0,0.008577486427457372,-5.444143772125244,-0.6941438913345337,base,No
4896,0,0,0.020332349780873466,-4.592285633087158,-0.7172854542732239,base,No
4897,0,0,0.8670357598021706,-1.0068514347076416,-2.8818514347076416,base,1
4898,0,0,0.017986209962091555,-4.5418782234191895,-0.5418782234191895,base,No
4899,0,0,0.005220125693558397,-5.836897850036621,-0.5868978500366211,base,No
4900,0,0,0.02595736171885236,-4.064784049987793,-0.4397842288017273,base,No
4901,0,0,0.9465966762263737,-0.8686755895614624,-3.743675708770752,base,1
4902,0,0,0.008577486934330109,-5.357570648193359,-0.6075708270072937,base,No
4903,0,0,0.09534945461636171,-3.14754056930542,-0.8975404500961304,base,no
4904,0,0,0.34864513533394575,-1.8580541610717773,-1.2330541610717773,base,no
4905,0,0,0.7549149648117217,-1.1048756837844849,-2.2298755645751953,base,1
4906,0,0,0.007577239474994629,-5.569252014160156,-0.6942517757415771,base,no
4907,0,0,0.008577483386221569,-5.401214599609375,-0.6512143611907959,base,no
4908,0,0,0.009708474762317362,-5.4080424308776855,-0.7830422520637512,base,no
4909,0,0,0.037326887344129464,-3.9740982055664062,-0.7240982055664062,base,No
4910,0,0,0.11920293453832885,-2.8381948471069336,-0.8381949663162231,base,no
4911,0,0,0.08509904964767095,-3.1855742931365967,-0.8105743527412415,base,No
4912,0,0,0.34864513533394575,-1.914909839630127,-1.289909839630127,base,1
4913,0,0,0.01243165231673086,-4.979877948760986,-0.6048780679702759,base,No
4914,0,0,0.14804721306746543,-2.6898183822631836,-0.9398185014724731,base,No
4915,0,0,0.08509904964767095,-3.266716957092285,-0.8917170166969299,base,no
4916,0,0,0.0075772430607274135,-5.5966081619262695,-0.7216084003448486,base,No
4917,0,0,0.9324533088603709,-1.2442305088043213,-3.8692305088043213,base,1
4918,0,0,0.7981867777396212,-1.1100406646728516,-2.4850406646728516,base,1
4919,0,0,0.6224593312018546,-1.4301644563674927,-1.9301644563674927,base,1
4920,0,0,0.014063628696182679,-5.046851634979248,-0.7968517541885376,base,no
4921,0,1,0.7981867777396212,-0.983637809753418,-2.358637809753418,base,Yes
4922,0,0,0.24508503518827837,-2.1992568969726562,-1.0742570161819458,base,No
4923,0,0,0.6513548646660542,-1.247223973274231,-1.872223973274231,base,1
4924,0,1,0.9902915235185259,-0.7683582305908203,-5.39335823059082,base,Yes
4925,0,0,0.04208772791561884,-3.911677122116089,-0.7866771221160889,base,no
4926,0,0,0.006692851716795015,-5.7739715576171875,-0.773971676826477,base,no
4927,0,0,0.7549149868676283,-1.1165893077850342,-2.241589307785034,base,1
4928,0,0,0.294214996917099,-2.024129867553711,-1.1491299867630005,base,No
4929,0,0,0.015906388912772775,-4.714878082275391,-0.5898779034614563,base,No
4930,0,0,0.04742587856304458,-3.6562371253967285,-0.6562372446060181,base,No
4931,0,0,0.037326887344129464,-3.9431064128875732,-0.6931064128875732,base,No
4932,0,0,0.02297736991002561,-4.278347969055176,-0.5283479690551758,base,no
4933,0,0,0.9525741268224334,-0.9692637920379639,-3.969263792037964,base,1
4934,0,0,0.009708478200631072,-5.393416404724121,-0.7684165835380554,base,no
4935,0,0,0.1645164628965632,-2.6426007747650146,-1.0176007747650146,base,no
4936,0,0,0.025957352676742106,-4.363344669342041,-0.7383444905281067,base,No
4937,0,0,0.029312234143221275,-4.254450798034668,-0.7544509172439575,base,no
4938,0,0,0.009708476481474066,-5.3285441398620605,-0.7035441398620605,base,No
4939,0,0,0.009708477054526368,-5.245014667510986,-0.6200147271156311,base,No
4940,0,0,0.009708478200631072,-5.1832404136657715,-0.5582405924797058,base,No
4941,0,0,0.880797071719777,-0.9964857697486877,-2.996485710144043,base,1
4942,0,0,0.06008665017400762,-3.5140774250030518,-0.7640774250030518,base,No
4943,0,0,0.37754066879814546,-1.8803973197937012,-1.3803973197937012,base,1
4944,0,0,0.010986940039882433,-5.018811225891113,-0.5188109874725342,base,No
4945,0,0,0.053403329799824234,-3.644580602645874,-0.769580602645874,base,no
4946,0,0,0.9579122672782973,-1.1459885835647583,-4.270988464355469,base,1
4947,0,0,0.06754668738548215,-3.469967842102051,-0.844967782497406,base,No
4948,0,0,0.04208772791561884,-3.865963935852051,-0.7409639358520508,base,no
4949,0,0,0.37754066879814546,-1.6419814825057983,-1.1419814825057983,base,No
4950,0,0,0.03308598220236406,-3.9789743423461914,-0.603974461555481,base,no
4951,0,0,0.9914225156000332,-0.8913825750350952,-5.641382694244385,base,1
4952,0,0,0.0293122256635596,-4.201916217803955,-0.7019160389900208,base,No
4953,0,0,0.05340332377362639,-3.5443620681762695,-0.66936194896698,base,No
4954,0,0,0.20181320305759334,-2.3275270462036133,-0.9525269269943237,base,No
4955,0,0,0.029312237535086605,-4.127052307128906,-0.6270525455474854,base,No
4956,0,0,0.957912274487423,-0.9781097769737244,-4.103109836578369,base,1
4957,0,0,0.00669285052802981,-5.667250633239746,-0.6672505736351013,base,No
4958,0,0,0.01798620575097472,-4.753417015075684,-0.7534167766571045,base,No
4959,0,1,0.9706877692486436,-0.6938252449035645,-4.1938252449035645,base,Yes
4960,0,0,0.294214996917099,-2.0843586921691895,-1.209358811378479,base,No
4961,0,0,0.0031726824654718946,-6.272497177124023,-0.5224970579147339,base,no
4962,0,0,0.9525741322079105,-0.9456461668014526,-3.945646286010742,base,1
4963,0,0,0.025957358704815272,-4.358903408050537,-0.7339034676551819,base,No
4964,0,0,0.9706877726405082,-0.9083627462387085,-4.408362865447998,base,1
4965,0,0,0.04742587587030561,-3.8376872539520264,-0.8376873135566711,base,no
4966,0,0,0.4378234991142019,-1.5152021646499634,-1.2652021646499634,base,No
4967,0,0,0.26894139793202687,-2.027493953704834,-1.0274938344955444,base,No
4968,0,0,0.32082130082460697,-1.7947840690612793,-1.0447840690612793,base,No
4969,0,0,0.042087725512577126,-3.9088845252990723,-0.7838844656944275,base,no
4970,0,0,0.014063628696182679,-4.874556064605713,-0.6245561838150024,base,No
4971,0,0,0.00359360194114313,-6.3346123695373535,-0.7096121907234192,base,No
4972,0,0,0.9579122768904644,-1.162901759147644,-4.287901878356934,base,1
4973,0,0,0.9046505402422645,-0.985022246837616,-3.2350223064422607,base,1
4974,0,0,0.06754669489377622,-3.348599433898926,-0.7235994935035706,base,No
4975,0,0,0.025957358704815272,-4.242910861968994,-0.6179109215736389,base,No
4976,0,0,0.5621765008857981,-1.3344213962554932,-1.5844213962554932,base,1
4977,0,0,0.5621765008857981,-1.3225977420806885,-1.5725977420806885,base,1
4978,0,0,0.05340332678672523,-3.5884013175964355,-0.7134012579917908,base,No
4979,0,0,0.01243164865786858,-5.153082370758057,-0.7780821919441223,base,no
4980,0,0,0.0474258704848281,-3.7535173892974854,-0.7535173296928406,base,No
4981,0,0,0.1645164628965632,-2.638176918029785,-1.0131769180297852,base,no
4982,0,0,0.007577242164294059,-5.522436141967773,-0.647436261177063,base,no
4983,0,0,0.007577242164294059,-5.468866348266602,-0.5938664674758911,base,No
4984,0,0,0.06754668738548215,-3.226386070251465,-0.6013860106468201,base,No
4985,0,0,0.8519528019683106,-1.0895795822143555,-2.8395795822143555,base,1
4986,0,0,0.14804721306746543,-2.6381726264953613,-0.8881727457046509,base,no
4987,0,0,0.7057850278370112,-1.2320094108581543,-2.1070094108581543,base,1
4988,0,0,0.7549149868676283,-1.1756315231323242,-2.300631523132324,base,1
4989,0,0,0.022977364557669702,-4.4517717361450195,-0.7017714977264404,base,No
4990,0,0,0.46879062662624377,-1.5784902572631836,-1.4534902572631836,base,1
4991,0,0,0.6513548646660542,-1.234753966331482,-1.859753966331482,base,1
4992,0,0,0.053403329799824234,-3.779512882232666,-0.904512882232666,base,no
4993,0,0,0.07585817166422973,-3.2625246047973633,-0.7625244855880737,base,No
4994,0,0,0.5621765008857981,-1.4568815231323242,-1.7068815231323242,base,1
4995,0,0,0.9669140216112958,-1.0354409217834473,-4.410440921783447,base,1
4996,0,1,0.679178699175393,-1.0996549129486084,-1.8496549129486084,base,Yes
4997,0,0,0.7772998818103892,-1.1945432424545288,-2.4445433616638184,base,1
4998,0,1,0.9324533088603709,-0.8480057716369629,-3.473005771636963,base,Yes
4999,0,0,0.029312234143221275,-4.1480793952941895,-0.648079514503479,base,No
5000,0,0,0.008577487441202876,-5.35213565826416,-0.6021358966827393,base,No
5001,0,0,0.008577487441202876,-5.476128578186035,-0.7261288166046143,base,no
5002,0,0,0.7549149868676283,-1.0712847709655762,-2.196284770965576,base,1
5003,0,0,0.37754066879814546,-1.787954330444336,-1.287954330444336,base,1
5004,0,0,0.8670357598021706,-1.2262403964996338,-3.101240396499634,base,1
5005,0,0,0.005220126312597491,-5.855104923248291,-0.6051050424575806,base,No
5006,0,0,0.11920293453832885,-2.8323864936828613,-0.8323866128921509,base,No
5007,0,0,0.008577484906839334,-5.465605735778809,-0.7156056761741638,base,No
5008,0,0,0.004609572999830552,-6.031733989715576,-0.6567341685295105,base,No
5009,0,0,0.06008665354025422,-3.4842190742492676,-0.7342191338539124,base,No
5010,0,0,0.07585818002124356,-3.227503538131714,-0.7275035381317139,base,No
5011,0,0,0.006692852113050128,-5.695835113525391,-0.695835292339325,base,No
5012,0,0,0.29421497216298875,-1.9791258573532104,-1.1041258573532104,base,No
5013,0,0,0.10669059394565118,-3.0859479904174805,-0.9609479904174805,base,no
5014,0,0,0.22270013882530884,-2.2729763984680176,-1.0229763984680176,base,No
5015,0,0,0.4378234991142019,-1.6237515211105347,-1.3737515211105347,base,1
5016,0,0,0.9241418199787566,-1.0462646484375,-3.5462646484375,base,1
5017,0,0,0.8670357460591569,-1.031854271888733,-2.9068541526794434,base,1
5018,0,0,0.014063626216776943,-5.053309440612793,-0.8033093810081482,base,no
5019,0,0,0.294214996917099,-2.056105136871338,-1.1811052560806274,base,no
5020,0,0,0.18242551491653522,-2.302104949951172,-0.8021048903465271,base,No
5021,0,0,0.0059110692064883365,-5.829718112945557,-0.7047181725502014,base,no
5022,0,1,0.7772998405389918,-0.9046903848648071,-2.1546902656555176,base,Yes
5023,0,0,0.04742587317756679,-3.6428749561309814,-0.6428749561309814,base,No
5024,0,0,0.09534947004048376,-3.140770196914673,-0.8907702565193176,base,no
5025,0,0,0.005911069906977476,-5.775389671325684,-0.6503898501396179,base,no
5026,0,0,0.7057850278370112,-1.2762439250946045,-2.1512439250946045,base,1
5027,0,0,0.029312234143221275,-4.316833019256592,-0.8168331384658813,base,no
5028,0,0,0.005911068856243796,-5.8176984786987305,-0.6926984786987305,base,no
5029,0,0,0.004609571358918011,-6.070804119110107,-0.6958039402961731,base,no
5030,0,0,0.03732689591136608,-4.084384918212891,-0.8343851566314697,base,no
5031,0,0,0.02595735569077852,-4.4214253425598145,-0.7964252829551697,base,no
5032,0,0,0.8519528019683106,-1.014958143234253,-2.764958143234253,base,1
5033,0,0,0.9241418116217418,-0.9526749849319458,-3.4526748657226562,base,1
5034,0,0,0.9324533126145177,-0.9515778422355652,-3.57657790184021,base,1
5035,0,0,0.06008665017400762,-3.6112844944000244,-0.8612844944000244,base,no
5036,0,0,0.007577240371427665,-5.627059459686279,-0.7520593404769897,base,no
5037,0,0,0.09534945975773548,-3.117217779159546,-0.8672177195549011,base,no
5038,0,0,0.32082130082460697,-2.0548362731933594,-1.3048362731933594,base,1
5039,0,0,0.005220126622117065,-6.007474899291992,-0.7574750781059265,base,no
5040,0,0,0.939913356558485,-0.9928635358810425,-3.742863655090332,base,1
5041,0,0,0.0059110695567328965,-5.7257819175720215,-0.600782036781311,base,no
5042,0,0,0.012431651584958318,-5.04823112487793,-0.6732311844825745,base,No
5043,0,0,0.005220125074519377,-5.978216648101807,-0.7282165288925171,base,No
5044,0,0,0.04208773272170267,-3.7922120094299316,-0.6672121286392212,base,No
5045,0,0,0.4073334000459302,-1.5121155977249146,-1.1371155977249146,base,No
5046,0,0,0.98901305931244,-0.7975028157234192,-5.2975029945373535,base,1
5047,0,1,0.7057850278370112,-1.0568811893463135,-1.9318811893463135,base,Yes
5048,0,1,0.835483553488848,-0.8691662549972534,-2.494166374206543,base,Yes
5049,0,0,0.5621765008857981,-1.4811691045761108,-1.7311691045761108,base,1
5050,0,0,0.03732688948593843,-3.8984766006469727,-0.6484766602516174,base,No
5051,0,0,0.006692851320539924,-5.636560440063477,-0.6365604996681213,base,No
5052,0,0,0.7981867777396212,-1.0789284706115723,-2.4539284706115723,base,1
5053,0,0,0.5,-1.6228828430175781,-1.6228828430175781,base,1
5054,0,0,0.20181324146316565,-2.4562578201293945,-1.081257939338684,base,no
5055,0,0,0.022977367233847502,-4.478818416595459,-0.7288182973861694,base,No
5056,0,0,0.02297737258620403,-4.412133693695068,-0.6621338129043579,base,No
5057,0,0,0.01798620785653302,-4.77254056930542,-0.7725404500961304,base,No
5058,0,0,0.8354835207180245,-1.1637808084487915,-2.788780689239502,base,1
5059,0,0,0.5926665999540697,-1.4102263450622559,-1.7852263450622559,base,1
5060,0,0,0.2227001594610082,-2.3228678703308105,-1.0728679895401,base,no
5061,0,0,0.0075772430607274135,-5.512577056884766,-0.6375772953033447,base,No
5062,0,0,0.01243165231673086,-5.021683216094971,-0.6466833353042603,base,No
5063,0,0,0.34864513533394575,-1.910092830657959,-1.285092830657959,base,no
5064,0,0,0.0028009266341596987,-6.579143047332764,-0.7041429281234741,base,No
5065,0,0,0.8354835371034369,-0.9496200084686279,-2.574620008468628,base,1
5066,0,0,0.14804719051380197,-2.596400737762451,-0.8464006781578064,base,No
5067,0,0,0.9324533088603709,-1.0760207176208496,-3.7010207176208496,base,1
5068,0,1,0.8670357598021706,-0.8558638095855713,-2.7308638095855713,base,Yes
5069,0,0,0.0040701384407312935,-6.037262916564941,-0.5372630953788757,base,no
5070,0,0,0.6513548646660542,-1.2205767631530762,-1.8455767631530762,base,1
5071,0,0,0.46879062662624377,-1.7019203901290894,-1.5769203901290894,base,1
5072,0,0,0.9947798736874026,-0.803712010383606,-6.053711891174316,base,1
5073,0,0,0.0850990357257195,-3.2546863555908203,-0.8796862363815308,base,No
5074,0,0,0.006692849735519792,-5.715171813964844,-0.7151716351509094,base,No
5075,0,0,0.7310585786300049,-1.160928726196289,-2.160928726196289,base,1
5076,0,0,0.017986206803753842,-4.619503021240234,-0.6195028424263,base,no
5077,0,0,0.7981867777396212,-1.15476393699646,-2.52976393699646,base,1
5078,0,0,0.07585817166422973,-3.3050074577331543,-0.8050073385238647,base,No
5079,0,0,0.24508501313237172,-2.1287386417388916,-1.0037386417388916,base,No
5080,0,0,0.0159063879797589,-4.822254180908203,-0.697253942489624,base,no
5081,0,0,0.29421497216298875,-2.050555944442749,-1.175555944442749,base,No
5082,0,0,0.32082130082460697,-1.8751542568206787,-1.1251542568206787,base,No
5083,0,0,0.1480471829959148,-2.7553114891052246,-1.005311369895935,base,no
5084,0,0,0.08509904964767095,-3.1845438480377197,-0.8095439076423645,base,No
5085,0,0,0.5312093733737563,-1.4013597965240479,-1.5263597965240479,base,1
5086,0,0,0.003593602901558612,-6.102414608001709,-0.47741469740867615,base,no
5087,0,0,0.020332358091706755,-4.615616798400879,-0.740617036819458,base,no
5088,0,0,0.06008665354025422,-3.497007131576538,-0.7470071911811829,base,no
5089,0,0,0.01590639544387138,-4.905901908874512,-0.7809021472930908,base,no
5090,0,0,0.08509904964767095,-3.2653396129608154,-0.8903396725654602,base,no
5091,0,0,0.26894139793202687,-2.0282721519470215,-1.028272032737732,base,No
5092,0,0,0.009708474762317362,-5.219109535217285,-0.5941093564033508,base,no
5093,0,0,0.9579122768904644,-0.8629673719406128,-3.9879674911499023,base,1
5094,0,0,0.06754669864792355,-3.423978328704834,-0.7989784479141235,base,no
5095,0,0,0.5312093733737563,-1.63774836063385,-1.76274836063385,base,1
5096,0,0,0.9324533126145177,-0.8588592410087585,-3.4838593006134033,base,1
5097,0,0,0.32082130082460697,-1.9281196594238281,-1.1781196594238281,base,1
5098,0,0,0.0031726828424851893,-6.430520057678223,-0.6805200576782227,base,no
5099,0,0,0.8354835207180245,-1.167364239692688,-2.7923641204833984,base,1
5100,0,0,0.32082130082460697,-2.017033100128174,-1.2670331001281738,base,1
5101,0,0,0.09534947518185825,-3.117382049560547,-0.8673821687698364,base,no
5102,0,0,0.5312093733737563,-1.4603533744812012,-1.5853533744812012,base,1
5103,0,0,0.32082130082460697,-1.9218997955322266,-1.1718997955322266,base,no
5104,0,0,0.6224593312018546,-1.3289995193481445,-1.8289995193481445,base,1
5105,0,0,0.010986940687560063,-5.1441216468811035,-0.6441214680671692,base,No
5106,0,0,0.0046095724528596406,-6.140994548797607,-0.7659946084022522,base,no
5107,0,0,0.020332352155396922,-4.644641399383545,-0.7696413397789001,base,no
5108,0,0,0.009708477054526368,-5.3906636238098145,-0.7656636834144592,base,no
5109,0,1,0.8175744584140004,-0.7672845125198364,-2.267284393310547,base,Yes
5110,0,0,0.029312234143221275,-4.329449653625488,-0.8294497728347778,base,no
5111,0,0,0.014063628696182679,-4.810546398162842,-0.5605465173721313,base,No
5112,0,0,0.11920292202211755,-2.886683225631714,-0.8866832256317139,base,No
5113,0,0,0.24508501313237172,-2.0980069637298584,-0.9730069637298584,base,no
5114,0,0,0.939913356558485,-1.0796269178390503,-3.82962703704834,base,1
5115,0,0,0.004609571905888793,-6.030652046203613,-0.6556519865989685,base,No
5116,0,1,0.9465966671870767,-0.7619431614875793,-3.6369431018829346,base,Yes
5117,0,0,0.014063626216776943,-4.8464765548706055,-0.5964764952659607,base,no
5118,0,0,0.9820137942490252,-0.974170446395874,-4.974170684814453,base,1
5119,0,0,0.009708478773683474,-5.3955583572387695,-0.7705585956573486,base,no
5120,0,0,0.8519528019683106,-1.0025179386138916,-2.7525179386138916,base,1
5121,0,0,0.34864513533394575,-1.9185881614685059,-1.2935881614685059,base,no
5122,0,0,0.8519528170040853,-1.1437782049179077,-2.8937783241271973,base,1
5123,0,0,0.02595736021183377,-4.357382774353027,-0.7323828935623169,base,No
5124,0,0,0.7549149868676283,-1.2834577560424805,-2.4084577560424805,base,1
5125,0,0,0.29421497216298875,-1.9864346981048584,-1.1114346981048584,base,No
5126,0,1,0.9579122768904644,-0.7836517095565796,-3.908651828765869,base,Yes
5127,0,0,0.010986941335237732,-5.272167682647705,-0.7721675634384155,base,no
5128,0,0,0.10669060530721626,-3.082085132598877,-0.9570852518081665,base,no
5129,0,0,0.0024726235976810437,-6.5368475914001465,-0.5368477702140808,base,no
5130,0,0,0.01406362456384003,-4.922472953796387,-0.6724727749824524,base,no
5131,0,0,0.009708477054526368,-5.178738594055176,-0.5537386536598206,base,No
5132,0,0,0.9579122696813394,-0.9220390915870667,-4.047039031982422,base,1
5133,0,0,0.01406362952265135,-4.806748867034912,-0.5567490458488464,base,no
5134,0,0,0.037326887344129464,-3.844264507293701,-0.5942645072937012,base,No
5135,0,0,0.03308598029553404,-4.119659900665283,-0.744659960269928,base,No
5136,0,0,0.5621765008857981,-1.4317357540130615,-1.6817357540130615,base,1
5137,0,0,0.006692851320539924,-5.6567301750183105,-0.6567302346229553,base,no
5138,0,0,0.7772998818103892,-1.2507799863815308,-2.5007801055908203,base,1
5139,0,0,0.020332348593611837,-4.427326202392578,-0.552325963973999,base,No
5140,0,0,0.9399133498259924,-1.0959725379943848,-3.8459725379943848,base,1
5141,0,0,0.10669059962643358,-3.059922933578491,-0.934922993183136,base,No
5142,0,0,0.08509904036636974,-3.2532856464385986,-0.8782855868339539,base,no
5143,0,0,0.9740426397881662,-1.0561124086380005,-4.681112289428711,base,1
5144,0,0,0.4073334000459302,-1.795072078704834,-1.420072078704834,base,1
5145,0,0,0.09534947004048376,-2.950472831726074,-0.700472891330719,base,No
5146,0,0,0.5926665999540697,-1.3634123802185059,-1.7384123802185059,base,1
5147,0,0,0.8175744761936437,-1.1086113452911377,-2.6086113452911377,base,1
5148,0,0,0.294214996917099,-2.145029067993164,-1.2700291872024536,base,1
5149,0,0,0.8807970779778823,-1.03090238571167,-3.03090238571167,base,1
5150,0,0,0.08509904500702024,-3.3151614665985107,-0.9401614665985107,base,no
5151,0,0,0.004070137715896127,-6.070988178253174,-0.5709881782531738,base,no
5152,0,0,0.07585818002124356,-3.399312973022461,-0.8993129730224609,base,no
5153,0,0,0.08509904500702024,-3.170677900314331,-0.795677900314331,base,No
5154,0,0,0.6513548646660542,-1.303886890411377,-1.928886890411377,base,1
5155,0,0,0.07585818002124356,-3.291559934616089,-0.7915599346160889,base,No
5156,0,0,0.029312230751356316,-4.2719807624816895,-0.7719807624816895,base,no
5157,0,0,0.020332348593611837,-4.528360366821289,-0.65336012840271,base,No
5158,0,0,0.060086646807761206,-3.488070487976074,-0.7380704283714294,base,No
5159,0,1,0.7310585551920353,-1.0458728075027466,-2.045872688293457,base,Yes
5160,0,0,0.37754066879814546,-1.729121446609497,-1.229121446609497,base,No
5161,0,0,0.4073334000459302,-1.7187023162841797,-1.3437023162841797,base,1
5162,0,0,0.5,-1.5539774894714355,-1.5539774894714355,base,1
5163,0,0,0.8175744761936437,-1.2348594665527344,-2.7348594665527344,base,1
5164,0,0,0.08509904500702024,-3.257756471633911,-0.8827564716339111,base,no
5165,0,0,0.11920292202211755,-2.9192371368408203,-0.9192371368408203,base,No
5166,0,0,0.34864513533394575,-1.9092493057250977,-1.2842493057250977,base,no
5167,0,0,0.29421497216298875,-2.0941905975341797,-1.2191905975341797,base,no
5168,0,0,0.02931223244728875,-4.182596206665039,-0.6825962662696838,base,No
5169,0,0,0.010986945221304533,-5.2315263748168945,-0.7315266132354736,base,No
5170,0,0,0.04208772791561884,-3.8645784854888916,-0.7395784854888916,base,No
5171,0,0,0.0850990542883219,-3.2079787254333496,-0.8329788446426392,base,No
5172,0,0,0.9706877726405082,-0.9688962697982788,-4.468896389007568,base,1
5173,0,0,0.029312234143221275,-4.202836036682129,-0.7028361558914185,base,No
5174,0,1,0.5621765008857981,-1.1988518238067627,-1.4488518238067627,base,Yes
5175,0,0,0.09534947518185825,-3.0694899559020996,-0.8194900751113892,base,No
5176,0,0,0.01406362456384003,-4.967714309692383,-0.7177141308784485,base,no
5177,0,0,0.022977367233847502,-4.508439064025879,-0.7584389448165894,base,No
5178,0,0,0.01798621417320936,-4.7355241775512695,-0.7355244159698486,base,No
5179,0,0,0.9770226247376173,-0.8645288944244385,-4.614528656005859,base,1
5180,0,0,0.015906394510857135,-4.630434989929199,-0.5054351687431335,base,no
5181,0,0,0.0850990357257195,-3.0930709838867188,-0.7180708646774292,base,no
5182,0,0,0.0675466911396291,-3.507570266723633,-0.8825702667236328,base,no
5183,0,0,0.32082130082460697,-1.8042254447937012,-1.0542254447937012,base,No
5184,0,0,0.008577486934330109,-5.47014856338501,-0.7201487421989441,base,No
5185,0,0,0.22270012850745968,-2.228501796722412,-0.9785017371177673,base,no
5186,0,0,0.01098694327827096,-5.114459037780762,-0.6144590973854065,base,No
5187,0,1,0.8354835371034369,-0.8013746738433838,-2.426374673843384,base,Yes
5188,0,0,0.679178699175393,-1.1503033638000488,-1.9003033638000488,base,1
5189,0,0,0.37754066879814546,-1.878917932510376,-1.378917932510376,base,1
5190,0,0,0.2689414213699951,-2.165292739868164,-1.165292739868164,base,no
5191,0,0,0.5621765008857981,-1.452919840812683,-1.702919840812683,base,1
5192,0,0,0.20181324146316565,-2.301971912384033,-0.9269720315933228,base,no
5193,0,0,0.46879062662624377,-1.6344002485275269,-1.5094002485275269,base,1
5194,0,0,0.09534945461636171,-3.0351624488830566,-0.7851623296737671,base,no
5195,0,1,0.957912274487423,-0.7819826006889343,-3.906982660293579,base,Yes
5196,0,0,0.0373268852023206,-4.015852451324463,-0.7658523917198181,base,No
5197,0,0,0.5,-1.5923542976379395,-1.5923542976379395,base,1
5198,0,0,0.06754668363133542,-3.3459010124206543,-0.7209008932113647,base,No
5199,0,0,0.16451644651115205,-2.6221847534179688,-0.9971846342086792,base,No
5200,0,0,0.008577484906839334,-5.476778030395508,-0.726777970790863,base,no
5201,0,0,0.4378234991142019,-1.6566059589385986,-1.4066059589385986,base,1
5202,0,0,0.5926665999540697,-1.3612494468688965,-1.7362494468688965,base,1
5203,0,0,0.004609572726345088,-6.115426063537598,-0.7404261827468872,base,no
5204,0,0,0.11920293453832885,-2.8556361198425293,-0.8556362390518188,base,No
5205,0,0,0.11920293453832885,-2.948223114013672,-0.9482232332229614,base,no
5206,0,0,0.9669140158908057,-0.8407980799674988,-4.2157979011535645,base,1
5207,0,0,0.5,-1.6563698053359985,-1.6563698053359985,base,1
5208,0,0,0.01243164865786858,-5.0822930335998535,-0.7072928547859192,base,No
5209,0,0,0.029312234143221275,-4.218482971191406,-0.7184830904006958,base,no
5210,0,0,0.914900945711678,-0.9524184465408325,-3.327418327331543,base,1
5211,0,0,0.4073334000459302,-1.7136027812957764,-1.3386027812957764,base,no
5212,0,0,0.004070137715896127,-6.2190656661987305,-0.7190656661987305,base,No
5213,0,0,0.020332358091706755,-4.572699546813965,-0.697699785232544,base,no
5214,0,0,0.007577240371427665,-5.474849224090576,-0.5998491048812866,base,No
5215,0,0,0.2689414213699951,-2.0256354808807373,-1.0256354808807373,base,No
5216,0,0,0.7772998611746911,-1.0896613597869873,-2.3396613597869873,base,1
5217,0,0,0.01098694327827096,-5.262265682220459,-0.7622657418251038,base,no
5218,0,0,0.5312093733737563,-1.4060968160629272,-1.5310968160629272,base,1
5219,0,0,0.060086646807761206,-3.466435194015503,-0.7164351344108582,base,No
5220,0,0,0.04208773031866069,-3.8448145389556885,-0.7198145985603333,base,no
5221,0,0,0.09534947004048376,-3.0677547454833984,-0.8177548050880432,base,no
5222,0,0,0.20181323186177208,-2.197037696838379,-0.8220377564430237,base,No
5223,0,0,0.984093612020241,-1.0205748081207275,-5.145575046539307,base,1
5224,0,0,0.34864513533394575,-1.6744749546051025,-1.0494749546051025,base,No
5225,0,0,0.022977364557669702,-4.480962753295898,-0.7309625148773193,base,No
5226,0,0,0.03732688948593843,-4.071561813354492,-0.821561872959137,base,no
5227,0,0,0.10669059962643358,-2.8890490531921387,-0.7640491127967834,base,No
5228,0,0,0.01798621101487092,-4.724391937255859,-0.7243919968605042,base,No
5229,0,1,0.7981867777396212,-1.007204294204712,-2.382204294204712,base,Yes
5230,0,0,0.13296424706933604,-2.851724624633789,-0.9767246842384338,base,no
5231,0,0,0.7981867777396212,-1.1362807750701904,-2.5112807750701904,base,1
5232,0,0,0.02033235452992065,-4.601346015930176,-0.7263460755348206,base,no
5233,0,0,0.07585817166422973,-3.394993305206299,-0.8949931859970093,base,no
5234,0,0,0.022977373924293353,-4.4388227462768555,-0.6888229250907898,base,No
5235,0,0,0.46879062662624377,-1.700563907623291,-1.575563907623291,base,1
5236,0,0,0.025957363225871038,-4.315092086791992,-0.6900923252105713,base,No
5237,0,0,0.006692851716795015,-5.598294258117676,-0.5982943773269653,base,no
5238,0,0,0.6513548646660542,-1.2464494705200195,-1.8714494705200195,base,1
5239,0,1,0.8933093946927838,-0.7053695917129517,-2.830369472503662,base,Yes
5240,0,0,0.06754668738548215,-3.4156928062438965,-0.7906927466392517,base,no
5241,0,1,0.9046505351008906,-0.8469972610473633,-3.0969972610473633,base,Yes
5242,0,0,0.06008665354025422,-3.4894793033599854,-0.7394793629646301,base,No
5243,0,0,0.37754066879814546,-1.7504472732543945,-1.2504472732543945,base,no
5244,0,0,0.033085978388704126,-3.9568755626678467,-0.5818755626678467,base,No
5245,0,0,0.0075772408196442265,-5.463804244995117,-0.5888041853904724,base,no
5246,0,0,0.4378234991142019,-1.6771878004074097,-1.4271878004074097,base,1
5247,0,0,0.01406363034912007,-4.945322036743164,-0.6953222751617432,base,No
5248,0,0,0.1066905825840872,-3.0230398178100586,-0.898039698600769,base,No
5249,0,0,0.017986212067650338,-4.570755958557129,-0.5707560777664185,base,No
5250,0,0,0.009708475335369565,-5.289915084838867,-0.6649149656295776,base,No
5251,0,0,0.0075772408196442265,-5.459351539611816,-0.5843514800071716,base,no
5252,0,0,0.2689414213699951,-2.23447585105896,-1.23447585105896,base,no
5253,0,0,0.0953494648991095,-2.991746187210083,-0.741746187210083,base,No
5254,0,0,0.08509904964767095,-3.087472915649414,-0.7124729752540588,base,No
5255,0,0,0.2689414213699951,-2.0563271045684814,-1.0563271045684814,base,No
5256,0,1,0.8354835371034369,-0.7081911563873291,-2.333191156387329,base,Yes
5257,0,0,0.029312234143221275,-4.141714572906494,-0.6417146921157837,base,No
5258,0,0,0.012431650853185818,-5.091928482055664,-0.7169284820556641,base,No
5259,0,0,0.8519528019683106,-1.0891389846801758,-2.839138984680176,base,1
5260,0,0,0.34864513533394575,-1.9151430130004883,-1.2901430130004883,base,no
5261,0,0,0.09534945975773548,-3.051724910736084,-0.8017248511314392,base,No
5262,0,0,0.004070137232672753,-6.092806339263916,-0.5928062200546265,base,no
5263,0,0,0.017986212067650338,-4.674700736999512,-0.6747008562088013,base,No
5264,0,0,0.9706877692486436,-0.9406251907348633,-4.440625190734863,base,1
5265,0,0,0.007577242612510723,-5.586076736450195,-0.7110769152641296,base,No
5266,0,0,0.835483553488848,-1.0057262182235718,-2.6307263374328613,base,1
5267,0,0,0.37754066879814546,-1.8171370029449463,-1.3171370029449463,base,1
5268,0,0,0.14804719051380197,-2.574042797088623,-0.8240427374839783,base,No
5269,0,0,0.7549149868676283,-1.085700511932373,-2.210700511932373,base,1
5270,0,0,0.679178699175393,-1.306372880935669,-2.056372880935669,base,1
5271,0,0,0.9820137942490252,-0.8434436321258545,-4.843443870544434,base,1
5272,0,0,0.010986941982915435,-5.1975836753845215,-0.6975836157798767,base,no
5273,0,0,0.7310585786300049,-1.1078917980194092,-2.107891798019409,base,1
5274,0,0,0.13296424019782924,-2.8030388355255127,-0.9280388355255127,base,No
5275,0,0,0.24508501313237172,-2.153534412384033,-1.0285344123840332,base,No
5276,0,0,0.008577485413711986,-5.453041076660156,-0.7030410766601562,base,no
5277,0,0,0.4073334000459302,-1.545161247253418,-1.170161247253418,base,No
5278,0,0,0.04742587587030561,-3.798638343811035,-0.7986384034156799,base,No
5279,0,0,0.060086646807761206,-3.5140798091888428,-0.764079749584198,base,no
5280,0,0,0.1824255415859996,-2.4447178840637207,-0.9447180032730103,base,No
5281,0,0,0.07585818837825822,-3.1968045234680176,-0.6968046426773071,base,No
5282,0,0,0.007577239923211134,-5.583460330963135,-0.7084601521492004,base,no
5283,0,0,0.8519528019683106,-1.0878078937530518,-2.8378078937530518,base,1
5284,0,0,0.0159063898457867,-4.836001396179199,-0.7110012769699097,base,no
5285,0,0,0.29421497216298875,-2.055553913116455,-1.180553913116455,base,1
5286,0,0,0.01590639357784294,-4.865384101867676,-0.7403842210769653,base,no
5287,0,0,0.0028009274665629583,-6.610260963439941,-0.7352611422538757,base,no
5288,0,0,0.9626731169394882,-0.887748122215271,-4.1377482414245605,base,1
5289,0,0,0.991422514586288,-0.9378290176391602,-5.68782901763916,base,1
5290,0,0,0.5621765008857981,-1.5332127809524536,-1.7832127809524536,base,1
5291,0,0,0.5,-1.4496057033538818,-1.4496057033538818,base,1
5292,0,0,0.07585818002124356,-3.1175386905670166,-0.6175386905670166,base,no
5293,0,0,0.9399133498259924,-1.2021138668060303,-3.9521138668060303,base,1
5294,0,0,0.005220126622117065,-5.835759162902832,-0.5857593417167664,base,No
5295,0,0,0.008577484906839334,-5.504918098449707,-0.7549180388450623,base,no
5296,0,0,0.010986941335237732,-5.222353458404541,-0.7223533391952515,base,No
5297,0,0,0.03732688091870324,-4.083068370819092,-0.8330681920051575,base,no
5298,0,0,0.34864513533394575,-2.016305923461914,-1.391305923461914,base,1
5299,0,0,0.5621765008857981,-1.5336328744888306,-1.7836328744888306,base,1
5300,0,0,0.025957358704815272,-4.362371444702148,-0.7373715043067932,base,No
5301,0,0,0.5,-1.545794129371643,-1.545794129371643,base,1
5302,0,0,0.9626731212231052,-1.0636770725250244,-4.3136773109436035,base,1
5303,0,0,0.11920292202211755,-2.9736316204071045,-0.9736316204071045,base,no
5304,0,0,0.014063626216776943,-4.865291595458984,-0.6152915358543396,base,No
5305,0,0,0.020332349780873466,-4.670135974884033,-0.7951357960700989,base,no
5306,0,0,0.2227001594610082,-2.2990288734436035,-1.049028992652893,base,No
5307,0,0,0.020332356904444657,-4.528629302978516,-0.65362948179245,base,no
5308,0,0,0.34864513533394575,-1.9211361408233643,-1.2961361408233643,base,1
5309,0,0,0.014063628696182679,-4.882741451263428,-0.6327415704727173,base,No
5310,0,0,0.5,-1.3401134014129639,-1.3401134014129639,base,1
5311,0,0,0.008577486427457372,-5.479060649871826,-0.7290607690811157,base,no
5312,0,0,0.01798621101487092,-4.635217666625977,-0.6352177262306213,base,No
5313,0,0,0.008577487441202876,-5.3762712478637695,-0.6262714862823486,base,No
5314,0,0,0.2942149474088797,-2.0524086952209473,-1.1774085760116577,base,No
5315,0,0,0.4378234991142019,-1.7601183652877808,-1.5101183652877808,base,1
5316,0,1,0.9399133531922388,-0.8312634825706482,-3.581263542175293,base,Yes
5317,0,0,0.007577242612510723,-5.526075839996338,-0.6510760188102722,base,No
5318,0,0,0.033085986016024416,-4.19622802734375,-0.8212282657623291,base,no
5319,0,0,0.14804721306746543,-2.7125868797302246,-0.9625869989395142,base,no
5320,0,0,0.033085986016024416,-4.159777641296387,-0.7847778797149658,base,No
5321,0,0,0.04208773031866069,-3.8518404960632324,-0.7268405556678772,base,No
5322,0,0,0.09534947518185825,-3.1174988746643066,-0.8674989938735962,base,No
5323,0,0,0.5926665999540697,-1.3695523738861084,-1.7445523738861084,base,1
5324,0,0,0.03732689591136608,-4.098868370056152,-0.8488686084747314,base,no
5325,0,0,0.0474258704848281,-3.6806387901306152,-0.6806387305259705,base,No
5326,0,0,0.01406362952265135,-4.855328559875488,-0.6053287386894226,base,No
5327,0,0,0.37754066879814546,-1.926291823387146,-1.426291823387146,base,1
5328,0,0,0.7057850278370112,-1.217993974685669,-2.092993974685669,base,1
5329,0,1,0.5926665999540697,-1.1778138875961304,-1.5528138875961304,base,Yes
5330,0,0,0.002800926967120973,-6.401103496551514,-0.5261034965515137,base,no
5331,0,0,0.0850990357257195,-3.0770440101623535,-0.702043890953064,base,No
5332,0,0,0.007577240371427665,-5.529305934906006,-0.6543058156967163,base,no
5333,0,0,0.033085986016024416,-4.0585737228393555,-0.6835739612579346,base,No
5334,0,0,0.022977365895758564,-4.604988098144531,-0.8549879193305969,base,no
5335,0,0,0.08509904964767095,-3.1329410076141357,-0.7579410672187805,base,No
5336,0,0,0.01798620785653302,-4.700262546539307,-0.7002624273300171,base,No
5337,0,0,0.1066905825840872,-3.059312343597412,-0.9343122243881226,base,No
5338,0,0,0.29421497216298875,-1.8870936632156372,-1.0120936632156372,base,no
5339,0,0,0.007577240371427665,-5.633550643920898,-0.7585505247116089,base,no
5340,0,0,0.34864513533394575,-1.8366377353668213,-1.2116377353668213,base,No
5341,0,0,0.08509904500702024,-3.2179617881774902,-0.8429617881774902,base,No
5342,0,0,0.06008665354025422,-3.504979133605957,-0.7549791932106018,base,No
5343,0,0,0.0474258704848281,-3.6141512393951416,-0.6141511797904968,base,no
5344,0,0,0.9796676490318648,-1.134238600730896,-5.0092387199401855,base,1
5345,0,0,0.1480471829959148,-2.6155881881713867,-0.8655880689620972,base,no
5346,0,0,0.006692850131774789,-5.710119247436523,-0.7101191282272339,base,No
5347,0,0,0.8175744761936437,-1.0728724002838135,-2.5728724002838135,base,1
5348,0,0,0.1480471829959148,-2.6990227699279785,-0.949022650718689,base,No
5349,0,0,0.13296425394084313,-2.8716559410095215,-0.996656060218811,base,no
5350,0,0,0.014063627043245474,-4.882407188415527,-0.6324071884155273,base,no
5351,0,0,0.014063627869714051,-5.036755084991455,-0.7867551445960999,base,no
5352,0,0,0.03732688948593843,-3.9953296184539795,-0.7453296780586243,base,No
5353,0,0,0.009708478200631072,-5.391738414764404,-0.7667385935783386,base,no
5354,0,0,0.0059110695567328965,-5.8226704597473145,-0.697670578956604,base,no
5355,0,0,0.0850990542883219,-3.199951648712158,-0.8249517679214478,base,No
5356,0,1,0.835483553488848,-0.8907040357589722,-2.5157041549682617,base,Yes
5357,0,0,0.01098694327827096,-5.1597795486450195,-0.6597796082496643,base,no
5358,0,0,0.5,-1.3903977870941162,-1.3903977870941162,base,no
5359,0,0,0.033085978388704126,-4.143104553222656,-0.7681045532226562,base,No
5360,0,0,0.679178699175393,-1.2705981731414795,-2.0205981731414795,base,1
5361,0,0,0.08509904500702024,-3.2162058353424072,-0.8412058353424072,base,No
5362,0,0,0.46879062662624377,-1.5778158903121948,-1.4528158903121948,base,1
5363,0,0,0.007577242164294059,-5.521408557891846,-0.6464086771011353,base,no
5364,0,0,0.11920292828022305,-2.906639814376831,-0.9066398739814758,base,no
5365,0,0,0.2689414448079646,-2.0760746002197266,-1.0760747194290161,base,No
5366,0,0,0.5,-1.5867152214050293,-1.5867152214050293,base,1
5367,0,0,0.6224593312018546,-1.5855157375335693,-2.0855157375335693,base,1
5368,0,0,0.8670357598021706,-1.0547456741333008,-2.929745674133301,base,1
5369,0,0,0.014063627869714051,-4.906447887420654,-0.6564479470252991,base,No
5370,0,0,0.007577242612510723,-5.57805061340332,-0.7030507922172546,base,No
5371,0,0,0.004609572179374208,-6.015815734863281,-0.6408157348632812,base,no
5372,0,0,0.0046095724528596406,-6.025955677032471,-0.6509557366371155,base,no
5373,0,0,0.8807970779778823,-1.0618431568145752,-3.061843156814575,base,1
5374,0,0,0.005911067455265844,-5.842302322387695,-0.7173020839691162,base,no
5375,0,0,0.02033235096813516,-4.526260852813721,-0.6512607336044312,base,No
5376,0,0,0.06008664344151498,-3.50955867767334,-0.7595585584640503,base,no
5377,0,0,0.01590639077880068,-4.819945812225342,-0.694945752620697,base,No
5378,0,0,0.9968273171575148,-1.0676774978637695,-6.8176774978637695,base,1
5379,0,0,0.0035936021545687705,-6.249448299407959,-0.6244481801986694,base,No
5380,0,0,0.005220125074519377,-5.8886895179748535,-0.638689398765564,base,No
5381,0,0,0.10669059962643358,-3.022883176803589,-0.8978832364082336,base,no
5382,0,0,0.1645164628965632,-2.5774340629577637,-0.9524340629577637,base,No
5383,0,0,0.06754669489377622,-3.5189969539642334,-0.8939970135688782,base,no
5384,0,0,0.4378234991142019,-1.6938024759292603,-1.4438024759292603,base,1
5385,0,0,0.07585817166422973,-3.2943191528320312,-0.7943190336227417,base,No
5386,0,0,0.010986941982915435,-5.1985015869140625,-0.6985015273094177,base,no
5387,0,0,0.9669140139839756,-1.0022976398468018,-4.377297401428223,base,1
5388,0,0,0.5312093733737563,-1.4210759401321411,-1.5460759401321411,base,1
5389,0,0,0.1329642333263228,-2.7223784923553467,-0.8473784327507019,base,No
5390,0,0,0.7057850278370112,-1.39375901222229,-2.26875901222229,base,1
5391,0,0,0.06754668363133542,-3.525141716003418,-0.9001415967941284,base,no
5392,0,0,0.05340332678672523,-3.6491858959198,-0.774185836315155,base,No
5393,0,0,0.01243164865786858,-5.149212837219238,-0.774212658405304,base,no
5394,0,0,0.32082130082460697,-1.9042836427688599,-1.1542836427688599,base,no
5395,0,0,0.09534947518185825,-3.201460838317871,-0.9514609575271606,base,no
5396,0,0,0.9890130586647624,-0.8219140768051147,-5.321914196014404,base,1
5397,0,0,0.06008664344151498,-3.5319366455078125,-0.781936526298523,base,No
5398,0,0,0.1645164628965632,-2.4574196338653564,-0.8324196338653564,base,No
5399,0,0,0.20181322226037882,-2.378106117248535,-1.0031061172485352,base,No
5400,0,0,0.0059110695567328965,-5.654645919799805,-0.5296460390090942,base,No
5401,0,0,0.9669140254249554,-1.046993613243103,-4.421993732452393,base,1
5402,0,0,0.1824255415859996,-2.484987735748291,-0.9849878549575806,base,No
5403,0,0,0.025957352676742106,-4.2645158767700195,-0.6395156979560852,base,No
5404,0,0,0.01590639171181471,-4.705633163452148,-0.5806331634521484,base,No
5405,0,0,0.06008665017400762,-3.5299949645996094,-0.7799949645996094,base,No
5406,0,0,0.7057850525911202,-1.1275604963302612,-2.002560615539551,base,1
5407,0,0,0.4378234991142019,-1.6468372344970703,-1.3968372344970703,base,1
5408,0,1,0.7057850278370112,-1.0023081302642822,-1.8773081302642822,base,Yes
5409,0,0,0.08509904036636974,-3.2508575916290283,-0.8758575320243835,base,No
5410,0,0,0.24508501313237172,-2.199840545654297,-1.0748405456542969,base,No
5411,0,0,0.4073334000459302,-1.5837650299072266,-1.2087650299072266,base,No
5412,0,0,0.008577486934330109,-5.509270191192627,-0.7592703700065613,base,no
5413,0,0,0.009708474189265195,-5.3341522216796875,-0.7091519832611084,base,No
5414,0,0,0.0675466911396291,-3.423513889312744,-0.7985138893127441,base,No
5415,0,0,0.020332356904444657,-4.534226417541504,-0.6592265963554382,base,No
5416,0,0,0.01406362952265135,-4.903740406036377,-0.6537405848503113,base,No
5417,0,0,0.835483553488848,-1.1259039640426636,-2.750904083251953,base,1
5418,0,0,0.0040701374742844335,-6.260689735412598,-0.7606896758079529,base,no
5419,0,0,0.6224593312018546,-1.3567465543746948,-1.8567465543746948,base,1
5420,0,0,0.003172683408005215,-6.385024547576904,-0.6350247263908386,base,no
5421,0,0,0.06008664344151498,-3.666092872619629,-0.9160927534103394,base,no
5422,0,0,0.9840936101542134,-1.0763911008834839,-5.201391220092773,base,1
5423,0,0,0.0024726234506656126,-6.596217632293701,-0.5962177515029907,base,No
5424,0,0,0.0953494648991095,-2.9907822608947754,-0.7407822608947754,base,No
5425,0,0,0.9324533051062237,-0.8907745480537415,-3.5157744884490967,base,1
5426,0,0,0.004070137232672753,-6.016402244567871,-0.5164021253585815,base,no
5427,0,0,0.007577241716077422,-5.634370803833008,-0.7593708634376526,base,no
5428,0,0,0.1645164628965632,-2.644385814666748,-1.019385814666748,base,No
5429,0,0,0.005220126003077935,-5.949228763580322,-0.699228823184967,base,No
5430,0,1,0.7057850278370112,-1.1157159805297852,-1.9907159805297852,base,Yes
5431,0,0,0.2689414448079646,-2.002167224884033,-1.0021673440933228,base,no
5432,0,0,0.008577484399966718,-5.356833457946777,-0.6068333387374878,base,No
5433,0,0,0.1329642333263228,-2.745760917663574,-0.8707608580589294,base,No
5434,0,0,0.01243165231673086,-5.1449384689331055,-0.769938588142395,base,no
5435,0,0,0.7772998611746911,-1.089714765548706,-2.339714765548706,base,1
5436,0,0,0.5,-1.6132556200027466,-1.6132556200027466,base,1
5437,0,0,0.01243165231673086,-4.98530387878418,-0.6103039979934692,base,no
5438,0,0,0.977022627413796,-0.875775933265686,-4.6257758140563965,base,1
5439,0,0,0.008577484399966718,-5.398874759674072,-0.6488746404647827,base,No
5440,0,0,0.01590639171181471,-4.805838108062744,-0.6808381080627441,base,No
5441,0,0,0.5312093733737563,-1.4214051961898804,-1.5464051961898804,base,1
5442,0,0,0.5312093733737563,-1.3635648488998413,-1.4885648488998413,base,1
5443,0,1,0.9626731169394882,-0.6562741994857788,-3.9062743186950684,base,Yes
5444,0,1,0.7310585786300049,-0.9744473695755005,-1.9744473695755005,base,Yes
5445,0,0,0.003593603008271459,-6.132226943969727,-0.5072270631790161,base,no
5446,0,0,0.29421497216298875,-2.0907793045043945,-1.2157793045043945,base,no
5447,0,0,0.06008665354025422,-3.5311403274536133,-0.7811403870582581,base,No
5448,0,0,0.07585818002124356,-3.1757729053497314,-0.6757729053497314,base,No
5449,0,0,0.9669140273317849,-0.858929455280304,-4.233929634094238,base,1
5450,0,0,0.679178699175393,-1.3192439079284668,-2.069243907928467,base,1
5451,0,0,0.022977371248114782,-4.4478840827941895,-0.6978841423988342,base,no
5452,0,0,0.9579122720843811,-0.9780120849609375,-4.1030120849609375,base,1
5453,0,0,0.22270013882530884,-2.3337385654449463,-1.0837385654449463,base,No
5454,0,0,0.03732688091870324,-4.016326427459717,-0.7663262486457825,base,no
5455,0,0,0.004609572726345088,-6.119505405426025,-0.7445055246353149,base,no
5456,0,0,0.22270013882530884,-2.313924789428711,-1.063924789428711,base,no
5457,0,0,0.006692850924284856,-5.736289024353027,-0.7362890243530273,base,No
5458,0,0,0.01590639077880068,-4.77031946182251,-0.645319402217865,base,No
5459,0,0,0.679178699175393,-1.221778392791748,-1.971778392791748,base,1
5460,0,0,0.6513548646660542,-1.2225004434585571,-1.8475004434585571,base,1
5461,0,0,0.0046095710854326425,-6.141299247741699,-0.7662990093231201,base,no
5462,0,0,0.01798620575097472,-4.7360076904296875,-0.7360074520111084,base,no
5463,0,0,0.01243165304850344,-4.996518611907959,-0.6215187907218933,base,No
5464,0,0,0.06008665017400762,-3.4794535636901855,-0.7294535636901855,base,No
5465,0,0,0.009708476481474066,-5.1361002922058105,-0.5111002922058105,base,no
5466,0,0,0.14804719051380197,-2.735795259475708,-0.9857951998710632,base,no
5467,0,0,0.08509904964767095,-3.2250421047210693,-0.8500421643257141,base,No
5468,0,0,0.009708474762317362,-5.342958927154541,-0.7179587483406067,base,No
5469,0,0,0.03308597648187432,-4.152762413024902,-0.7777623534202576,base,No
5470,0,0,0.6224593312018546,-1.3274694681167603,-1.8274694681167603,base,1
5471,0,0,0.0534033328129234,-3.640570640563965,-0.7655707001686096,base,No
5472,0,0,0.01406363034912007,-4.761129379272461,-0.51112961769104,base,No
5473,0,0,0.46879062662624377,-1.5926334857940674,-1.4676334857940674,base,1
5474,0,0,0.22270011818961086,-2.30049991607666,-1.0504997968673706,base,No
5475,0,0,0.0953494648991095,-2.989704132080078,-0.7397041320800781,base,No
5476,0,0,0.32082130082460697,-1.9924168586730957,-1.2424168586730957,base,no
5477,0,0,0.0293122256635596,-4.282210826873779,-0.782210648059845,base,no
5478,0,0,0.8354835371034369,-0.9507560729980469,-2.575756072998047,base,1
5479,0,0,0.01243164938964095,-5.130314350128174,-0.7553142309188843,base,no
5480,0,0,0.2689414213699951,-1.9720523357391357,-0.9720523357391357,base,No
5481,0,0,0.0675466911396291,-3.289409637451172,-0.6644096374511719,base,No
5482,0,0,0.5,-1.5772333145141602,-1.5772333145141602,base,1
5483,0,0,0.32082130082460697,-1.988345980644226,-1.238345980644226,base,no
5484,0,0,0.01798620575097472,-4.666332244873047,-0.6663320064544678,base,No
5485,0,0,0.008577487441202876,-5.38477897644043,-0.6347792148590088,base,no
5486,0,0,0.5,-1.4195412397384644,-1.4195412397384644,base,1
5487,0,0,0.46879062662624377,-1.5277564525604248,-1.4027564525604248,base,1
5488,0,0,0.0035936023679944244,-6.2311859130859375,-0.6061858534812927,base,No
5489,0,0,0.9399133498259924,-1.0960474014282227,-3.8460474014282227,base,1
5490,0,0,0.03732687877689474,-4.016613960266113,-0.7666137218475342,base,No
5491,0,1,0.9525741214369554,-0.7154146432876587,-3.715414524078369,base,Yes
5492,0,0,0.060086656906500974,-3.411160469055176,-0.6611605882644653,base,No
5493,0,0,0.022977367233847502,-4.474094390869141,-0.7240942716598511,base,No
5494,0,0,0.7310585551920353,-1.2519041299819946,-2.251904010772705,base,1
5495,0,0,0.5621765008857981,-1.3234994411468506,-1.5734994411468506,base,1
5496,0,0,0.029312234143221275,-4.2891435623168945,-0.7891436815261841,base,No
5497,0,0,0.24508501313237172,-2.2411751747131348,-1.1161751747131348,base,no
5498,0,0,0.9149009596336303,-0.9440891146659851,-3.31908917427063,base,1
5499,0,0,0.7057850030829009,-1.1709247827529907,-2.045924663543701,base,1
5500,0,0,0.5,-1.5762341022491455,-1.5762341022491455,base,1
5501,0,0,0.008577485413711986,-5.452139854431152,-0.7021398544311523,base,no
5502,0,0,0.03308597266821503,-4.046634197235107,-0.6716340184211731,base,no
5503,0,0,0.014063627043245474,-5.005434513092041,-0.755434513092041,base,no
5504,0,0,0.34864513533394575,-1.8900238275527954,-1.2650238275527954,base,1
5505,0,0,0.8519528019683106,-1.100229263305664,-2.850229263305664,base,1
5506,0,0,0.05340332678672523,-3.607963800430298,-0.7329637408256531,base,No
5507,0,0,0.04208772791561884,-3.9433538913726807,-0.8183538913726807,base,no
5508,0,0,0.004609572726345088,-6.126938819885254,-0.7519389390945435,base,no
5509,0,0,0.025957358704815272,-4.348708629608154,-0.7237086892127991,base,No
5510,0,0,0.8354835207180245,-1.0976368188858032,-2.7226366996765137,base,1
5511,0,0,0.10669058826486906,-3.089597463607788,-0.9645974040031433,base,No
5512,0,0,0.005911068505999277,-5.885511875152588,-0.7605118155479431,base,no
5513,0,1,0.7057850278370112,-0.9989913702011108,-1.8739913702011108,base,Yes
5514,0,0,0.22270014914315833,-2.2201271057128906,-0.9701271653175354,base,no
5515,0,0,0.10669059394565118,-3.0205631256103516,-0.8955631256103516,base,no
5516,0,0,0.5312093733737563,-1.5036077499389648,-1.6286077499389648,base,1
5517,0,0,0.01243164865786858,-5.0458903312683105,-0.6708901524543762,base,no
5518,0,0,0.008577487441202876,-5.409917831420898,-0.6599180698394775,base,No
5519,0,0,0.9740426412951848,-0.9648800492286682,-4.589879989624023,base,1
5520,0,0,0.37754066879814546,-1.8104941844940186,-1.3104941844940186,base,1
5521,0,0,0.009708477627578704,-5.3528218269348145,-0.727821946144104,base,no
5522,0,0,0.0059110695567328965,-5.775778293609619,-0.6507784128189087,base,No
5523,0,0,0.015906394510857135,-4.8591485023498535,-0.7341486811637878,base,no
5524,0,1,0.8175744584140004,-0.9137755632400513,-2.4137754440307617,base,Yes
5525,0,0,0.9740426397881662,-1.0722452402114868,-4.697245121002197,base,1
5526,0,0,0.32082130082460697,-1.6674082279205322,-0.9174082279205322,base,No
5527,0,0,0.9740426367741291,-1.0427734851837158,-4.667773246765137,base,1
5528,0,0,0.022977371248114782,-4.498708724975586,-0.7487087845802307,base,no
5529,0,0,0.867035752930664,-0.987941324710846,-2.862941265106201,base,1
5530,0,0,0.02297736991002561,-4.449814796447754,-0.6998147964477539,base,no
5531,0,0,0.004609572999830552,-6.081486701965332,-0.7064868807792664,base,No
5532,0,0,0.24508501313237172,-2.20550274848938,-1.0805027484893799,base,No
5533,0,0,0.002472622862603971,-6.581346035003662,-0.5813459157943726,base,No
5534,0,0,0.01243165231673086,-5.06760311126709,-0.6926032304763794,base,No
5535,0,0,0.4378234991142019,-1.8238234519958496,-1.5738234519958496,base,1
5536,0,0,0.26894139793202687,-2.128835678100586,-1.1288355588912964,base,No
5537,0,0,0.017986206803753842,-4.593868732452393,-0.5938685536384583,base,No
5538,0,0,0.5621765008857981,-1.345501184463501,-1.595501184463501,base,1
5539,0,0,0.06754669489377622,-3.455794334411621,-0.8307943940162659,base,No
5540,0,0,0.005911069906977476,-5.879787921905518,-0.7547881007194519,base,no
5541,0,0,0.022977371248114782,-4.295892238616943,-0.5458922982215881,base,No
5542,0,0,0.9626731126558706,-1.0041184425354004,-4.2541184425354,base,1
5543,0,0,0.01098694263059318,-5.21360969543457,-0.7136096954345703,base,No
5544,0,1,0.9465966732132748,-0.6560696959495544,-3.531069755554199,base,Yes
5545,0,0,0.005220126622117065,-5.896010398864746,-0.6460105776786804,base,no
5546,0,0,0.005911069906977476,-5.696251392364502,-0.5712515711784363,base,no
5547,0,0,0.04742587317756679,-3.789560556411743,-0.7895605564117432,base,No
5548,0,0,0.020332349780873466,-4.5701751708984375,-0.6951749920845032,base,no
5549,0,0,0.4378234991142019,-1.616791844367981,-1.366791844367981,base,1
5550,0,0,0.022977367233847502,-4.405063152313232,-0.6550630331039429,base,No
5551,0,0,0.5,-1.4293760061264038,-1.4293760061264038,base,1
5552,0,0,0.05340332377362639,-3.68756103515625,-0.8125609159469604,base,No
5553,0,0,0.05340333582602272,-3.575012683868408,-0.7000128030776978,base,No
5554,0,0,0.1329642333263228,-2.8313302993774414,-0.9563302397727966,base,no
5555,0,0,0.679178699175393,-1.2222342491149902,-1.9722342491149902,base,1
5556,0,0,0.06008665017400762,-3.5053293704986572,-0.7553293704986572,base,No
5557,0,0,0.5,-1.440004587173462,-1.440004587173462,base,1
5558,0,0,0.06008665354025422,-3.667534828186035,-0.9175348877906799,base,no
5559,0,0,0.8807970779778823,-1.0010106563568115,-3.0010106563568115,base,1
5560,0,1,0.5926665999540697,-1.2429064512252808,-1.6179064512252808,base,Yes
5561,0,0,0.2689414213699951,-2.0839715003967285,-1.0839715003967285,base,no
5562,0,0,0.5621765008857981,-1.350292682647705,-1.600292682647705,base,1
5563,0,0,0.005911068505999277,-5.802241325378418,-0.6772412657737732,base,No
5564,0,0,0.025957354183760273,-4.3383283615112305,-0.7133282423019409,base,No
5565,0,0,0.8175744939732856,-1.0804275274276733,-2.580427646636963,base,1
5566,0,0,0.006692851320539924,-5.674513339996338,-0.6745133996009827,base,No
5567,0,0,0.06008665017400762,-3.5791566371917725,-0.8291566371917725,base,No
5568,0,0,0.025957352676742106,-4.201561450958252,-0.5765612721443176,base,No
5569,0,0,0.060086646807761206,-3.6153221130371094,-0.8653220534324646,base,no
5570,0,0,0.8933094174159129,-0.981282114982605,-3.1062822341918945,base,1
5571,0,0,0.1645164792819756,-2.5564427375793457,-0.9314428567886353,base,No
5572,0,0,0.008577484906839334,-5.4595184326171875,-0.7095183730125427,base,No
5573,0,0,0.03308597266821503,-4.159085273742676,-0.7840850949287415,base,No
5574,0,0,0.0159063879797589,-4.587163925170898,-0.46216368675231934,base,No
5575,0,0,0.679178673200285,-1.2652703523635864,-2.015270233154297,base,1
5576,0,0,0.014063626216776943,-4.869645595550537,-0.6196455359458923,base,No
5577,0,0,0.04742587587030561,-3.5989439487457275,-0.5989440083503723,base,no
5578,0,0,0.8175744761936437,-1.1340196132659912,-2.634019613265991,base,1
5579,0,0,0.9525741268224334,-0.8406140804290771,-3.840614080429077,base,1
5580,0,0,0.04208773031866069,-3.9295384883880615,-0.8045385479927063,base,no
5581,0,0,0.0159063898457867,-4.748858451843262,-0.6238583326339722,base,no
5582,0,0,0.020332352155396922,-4.650450706481934,-0.7754506468772888,base,no
5583,0,0,0.11920292828022305,-2.829554796218872,-0.8295548558235168,base,No
5584,0,0,0.04742587317756679,-3.8534717559814453,-0.8534717559814453,base,no
5585,0,0,0.0035936025814200896,-6.324977874755859,-0.6999778747558594,base,no
5586,0,0,0.004609571358918011,-6.072963714599609,-0.697963535785675,base,No
5587,0,1,0.9046505453836383,-0.7502483129501343,-3.000248432159424,base,Yes
5588,0,0,0.9706877726405082,-1.0440915822982788,-4.544091701507568,base,1
5589,0,0,0.09534945975773548,-2.9515457153320312,-0.7015456557273865,base,No
5590,0,0,0.004609572179374208,-6.014528751373291,-0.639528751373291,base,no
5591,0,0,0.0028009266341596987,-6.413968086242676,-0.5389679670333862,base,no
5592,0,0,0.20181320305759334,-2.4196786880493164,-1.0446785688400269,base,No
5593,0,0,0.9525741268224334,-1.0707426071166992,-4.070742607116699,base,1
5594,0,0,0.020332353342658753,-4.596192359924316,-0.7211923599243164,base,No
5595,0,0,0.05340332678672523,-3.6346235275268555,-0.7596234679222107,base,No
5596,0,0,0.009708477627578704,-5.311681270599365,-0.6866813898086548,base,No
5597,0,0,0.008577483386221569,-5.397579193115234,-0.6475789546966553,base,no
5598,0,0,0.10669058826486906,-2.984466791152954,-0.8594667315483093,base,No
5599,0,0,0.006692851716795015,-5.720561504364014,-0.7205616235733032,base,No
5600,0,0,0.017986209962091555,-4.726433277130127,-0.726433277130127,base,no
5601,0,0,0.007577240371427665,-5.377491474151611,-0.5024913549423218,base,no
5602,0,0,0.08509904500702024,-3.0565059185028076,-0.6815059185028076,base,No
5603,0,0,0.06754668363133542,-3.4095540046691895,-0.7845538854598999,base,no
5604,0,0,0.01798620575097472,-4.720379829406738,-0.7203795909881592,base,no
5605,0,0,0.02931223583915389,-4.31314754486084,-0.8131477236747742,base,no
5606,0,0,0.7981867777396212,-1.034771203994751,-2.409771203994751,base,1
5607,0,0,0.0534033328129234,-3.6732723712921143,-0.798272430896759,base,No
5608,0,0,0.20181322226037882,-2.3836781978607178,-1.0086781978607178,base,no
5609,0,0,0.014063625390308462,-4.878257751464844,-0.6282576322555542,base,no
5610,0,0,0.679178699175393,-1.1519463062286377,-1.9019463062286377,base,1
5611,0,1,0.977022627413796,-0.560458779335022,-4.310458660125732,base,Yes
5612,0,0,0.06754669489377622,-3.3817508220672607,-0.7567508816719055,base,No
5613,0,0,0.005911068505999277,-5.767021179199219,-0.642021119594574,base,No
5614,0,0,0.012431653780276067,-5.053315162658691,-0.6783154010772705,base,No
5615,0,0,0.9465966702001757,-1.0488598346710205,-3.9238598346710205,base,1
5616,0,0,0.7057850278370112,-1.3023674488067627,-2.1773674488067627,base,1
5617,0,0,0.010986945221304533,-5.156735420227051,-0.6567356586456299,base,No
5618,0,0,0.952574129515172,-0.8403550982475281,-3.840355157852173,base,1
5619,0,0,0.008577484906839334,-5.354527950286865,-0.6045278906822205,base,No
5620,0,0,0.32082130082460697,-1.9550806283950806,-1.2050806283950806,base,no
5621,0,0,0.004609571632403393,-6.100398063659668,-0.7253979444503784,base,No
5622,0,0,0.06754669489377622,-3.4302029609680176,-0.8052030205726624,base,No
5623,0,0,0.020332348593611837,-4.612520217895508,-0.7375199794769287,base,No
5624,0,0,0.010986941982915435,-5.2498345375061035,-0.7498344779014587,base,no
5625,0,0,0.029312230751356316,-4.319947719573975,-0.8199477195739746,base,no
5626,0,1,0.8354835289107309,-0.9607368111610413,-2.5857367515563965,base,Yes
5627,0,0,0.24508501313237172,-2.2062275409698486,-1.0812275409698486,base,no
5628,0,0,0.2689414448079646,-2.1390137672424316,-1.1390138864517212,base,no
5629,0,1,0.9914225161069058,-0.7292864918708801,-5.4792866706848145,base,Yes
5630,0,0,0.017986206803753842,-4.705322742462158,-0.7053225636482239,base,No
5631,0,0,0.7549149648117217,-1.1271945238113403,-2.252194404602051,base,1
5632,0,0,0.00359360194114313,-6.383734226226807,-0.7587340474128723,base,no
5633,0,0,0.22270013882530884,-2.2391514778137207,-0.9891514778137207,base,no
5634,0,0,0.033085970761385544,-4.173187255859375,-0.7981870174407959,base,no
5635,0,1,0.5926665999540697,-1.1586891412734985,-1.5336891412734985,base,Yes
5636,0,0,0.04208772791561884,-3.778266429901123,-0.653266429901123,base,no
5637,0,0,0.10669059394565118,-2.8503222465515137,-0.7253222465515137,base,No
5638,0,0,0.37754066879814546,-1.7472419738769531,-1.2472419738769531,base,No
5639,0,0,0.14804719051380197,-2.5592527389526367,-0.8092526793479919,base,No
5640,0,0,0.0675466911396291,-3.4543957710266113,-0.8293957710266113,base,No
5641,0,0,0.08509904036636974,-3.0416200160980225,-0.6666199564933777,base,No
5642,0,0,0.0953494648991095,-3.083336591720581,-0.833336591720581,base,no
5643,0,0,0.042087723109535534,-3.8026585578918457,-0.6776584386825562,base,No
5644,0,0,0.9740426428022031,-1.0556354522705078,-4.680635452270508,base,1
5645,0,0,0.9241418199787566,-1.0157060623168945,-3.5157060623168945,base,1
5646,0,0,0.03732688306051187,-4.0345072746276855,-0.784507155418396,base,No
5647,0,0,0.4378234991142019,-1.627183198928833,-1.377183198928833,base,no
5648,0,0,0.004070138199119559,-6.250892162322998,-0.7508922815322876,base,no
5649,0,0,0.7310585551920353,-1.0999795198440552,-2.0999794006347656,base,1
5650,0,0,0.6224593312018546,-1.3390768766403198,-1.8390768766403198,base,1
5651,0,0,0.0040701384407312935,-6.085752010345459,-0.5857521891593933,base,no
5652,0,0,0.01243164865786858,-5.028763771057129,-0.6537635922431946,base,No
5653,0,0,0.0059110695567328965,-5.720882415771484,-0.5958825349807739,base,No
5654,0,0,0.1824255415859996,-2.547790050506592,-1.0477901697158813,base,no
5655,0,0,0.01590639357784294,-4.8010029792785645,-0.676003098487854,base,no
5656,0,0,0.731058602067973,-1.2284806966781616,-2.228480815887451,base,1
5657,0,0,0.020332352155396922,-4.515136241912842,-0.640136182308197,base,No
5658,0,0,0.03308597457504463,-4.184363842010498,-0.8093637228012085,base,no
5659,0,0,0.7981867585368343,-1.086487889289856,-2.4614877700805664,base,1
5660,0,0,0.0059110695567328965,-5.778928279876709,-0.6539283990859985,base,no
5661,0,0,0.09534947004048376,-3.0962061882019043,-0.8462062478065491,base,No
5662,0,0,0.5,-1.5898337364196777,-1.5898337364196777,base,1
5663,0,1,0.8519528019683106,-0.7045893669128418,-2.454589366912842,base,Yes
5664,0,0,0.1480472055495773,-2.6131350994110107,-0.8631351590156555,base,no
5665,0,0,0.9149009549929797,-1.023005723953247,-3.398005723953247,base,1
5666,0,0,0.009708477627578704,-5.2181315422058105,-0.5931316614151001,base,No
5667,0,0,0.7057850030829009,-1.1250578165054321,-2.0000576972961426,base,1
5668,0,0,0.7057850278370112,-1.154543399810791,-2.029543399810791,base,1
5669,0,0,0.042087725512577126,-3.873694896697998,-0.7486948370933533,base,no
5670,0,1,0.7772998611746911,-1.0057988166809082,-2.255798816680908,base,Yes
5671,0,0,0.010986941335237732,-5.1474199295043945,-0.647419810295105,base,no
5672,0,0,0.8175744761936437,-1.1097757816314697,-2.6097757816314697,base,1
5673,0,0,0.005911069906977476,-5.821572303771973,-0.696572482585907,base,no
5674,0,0,0.5926665999540697,-1.3625893592834473,-1.7375893592834473,base,1
5675,0,0,0.37754066879814546,-1.690604329109192,-1.190604329109192,base,1
5676,0,0,0.029312234143221275,-4.241825103759766,-0.7418252229690552,base,no
5677,0,0,0.24508503518827837,-2.259411334991455,-1.1344114542007446,base,No
5678,0,0,0.0675466911396291,-3.4310965538024902,-0.8060965538024902,base,No
5679,0,0,0.46879062662624377,-1.695209264755249,-1.570209264755249,base,1
5680,0,0,0.009708476481474066,-5.282123565673828,-0.6571235656738281,base,No
5681,0,0,0.7981867777396212,-1.0364363193511963,-2.4114363193511963,base,1
5682,0,0,0.004609572179374208,-6.021115779876709,-0.646115779876709,base,No
5683,0,0,0.07585818419975078,-3.285409688949585,-0.7854097485542297,base,No
5684,0,0,0.32082130082460697,-1.914892554283142,-1.164892554283142,base,No
5685,0,0,0.02595736171885236,-4.4332427978515625,-0.8082429766654968,base,no
5686,0,0,0.2689414213699951,-2.149423837661743,-1.1494238376617432,base,No
5687,0,0,0.9978172831652067,-0.7891690135002136,-6.914168834686279,base,1
5688,0,0,0.9982992771837703,-1.0668327808380127,-7.441832542419434,base,1
5689,0,0,0.2227001594610082,-2.4085588455200195,-1.158558964729309,base,No
5690,0,0,0.13296425394084313,-2.782130718231201,-0.9071308374404907,base,No
5691,0,0,0.04742587587030561,-3.531649112701416,-0.5316491723060608,base,No
5692,0,0,0.0059110692064883365,-5.825990676879883,-0.7009907364845276,base,no
5693,0,0,0.10669059394565118,-3.110215663909912,-0.9852156639099121,base,no
5694,0,0,0.015906394510857135,-4.816455841064453,-0.6914560198783875,base,No
5695,0,1,0.9914225156000332,-0.7173107862472534,-5.467310905456543,base,Yes
5696,0,0,0.16451647108926923,-2.586092710494995,-0.9610927700996399,base,no
5697,0,0,0.8807970779778823,-1.0612177848815918,-3.061217784881592,base,1
5698,0,0,0.10669059962643358,-3.0185043811798096,-0.8935044407844543,base,no
5699,0,0,0.04742587587030561,-3.7791385650634766,-0.7791386246681213,base,no
5700,0,0,0.04208773031866069,-3.9607093334198,-0.8357093930244446,base,No
5701,0,0,0.24508501313237172,-2.181652545928955,-1.056652545928955,base,no
5702,0,0,0.022977364557669702,-4.305569648742676,-0.5555694103240967,base,No
5703,0,0,0.006692851716795015,-5.594369411468506,-0.5943695306777954,base,No
5704,0,0,0.008577487441202876,-5.46164608001709,-0.711646318435669,base,no
5705,0,0,0.002800927133601626,-6.518526554107666,-0.6435266137123108,base,No
5706,0,0,0.01798621101487092,-4.766098499298096,-0.7660985589027405,base,no
5707,0,0,0.0021827165751612514,-6.811365127563477,-0.6863651871681213,base,no
5708,0,0,0.14804721306746543,-2.5678935050964355,-0.8178936243057251,base,No
5709,0,0,0.0159063879797589,-4.804944038391113,-0.6799437999725342,base,no
5710,0,0,0.022977371248114782,-4.400719165802002,-0.6507192254066467,base,No
5711,0,0,0.0534033328129234,-3.633983612060547,-0.7589836716651917,base,No
5712,0,0,0.007577240371427665,-5.480886936187744,-0.6058868169784546,base,No
5713,0,0,0.11920292828022305,-2.876664876937866,-0.876664936542511,base,no
5714,0,0,0.06008665017400762,-3.4445149898529053,-0.6945149898529053,base,no
5715,0,0,0.4378234991142019,-1.5852524042129517,-1.3352524042129517,base,1
5716,0,0,0.008577485920584663,-5.521520614624023,-0.7715206742286682,base,no
5717,0,0,0.7772998818103892,-1.1836422681808472,-2.4336423873901367,base,1
5718,0,0,0.5926665999540697,-1.4264698028564453,-1.8014698028564453,base,1
5719,0,0,0.9706877743364403,-0.8808696866035461,-4.3808698654174805,base,1
5720,0,0,0.007577242612510723,-5.62269401550293,-0.747694194316864,base,no
5721,0,0,0.5,-1.5132921934127808,-1.5132921934127808,base,1
5722,0,0,0.017986213120429816,-4.728901386260986,-0.7289015650749207,base,No
5723,0,0,0.0031726830309918535,-6.434308052062988,-0.6843081116676331,base,No
5724,0,0,0.01590639077880068,-4.809569358825684,-0.6845692992210388,base,No
5725,0,0,0.14804721306746543,-2.585751533508301,-0.8357516527175903,base,No
5726,0,0,0.020332353342658753,-4.5449957847595215,-0.6699957847595215,base,No
5727,0,0,0.18242552380635632,-2.6656954288482666,-1.1656954288482666,base,1
5728,0,0,0.10669059962643358,-2.952871561050415,-0.8278716206550598,base,No
5729,0,0,0.0373268852023206,-3.901448965072632,-0.6514489054679871,base,No
5730,0,0,0.01098694327827096,-5.215427398681641,-0.7154274582862854,base,No
5731,0,0,0.0534033328129234,-3.5190622806549072,-0.644062340259552,base,No
5732,0,0,0.1480472055495773,-2.670776605606079,-0.9207766652107239,base,No
5733,0,0,0.04208773272170267,-3.8632311820983887,-0.7382313013076782,base,No
5734,0,0,0.9933071498682252,-0.9900959730148315,-5.990096092224121,base,1
5735,0,1,0.9399133464597458,-0.6531618237495422,-3.4031617641448975,base,Yes
5736,0,0,0.1480471980316895,-2.724255323410034,-0.9742553234100342,base,no
5737,0,0,0.004609571632403393,-6.018054485321045,-0.6430543661117554,base,no
5738,0,0,0.014063625390308462,-4.82460355758667,-0.5746034383773804,base,No
5739,0,0,0.02595735569077852,-4.292357444763184,-0.6673573851585388,base,No
5740,0,0,0.32082130082460697,-2.0836076736450195,-1.3336076736450195,base,1
5741,0,0,0.005220124764999895,-5.784559726715088,-0.5345595479011536,base,no
5742,0,0,0.04208772791561884,-3.928363800048828,-0.8033638000488281,base,No
5743,0,0,0.1329642264548166,-2.7822208404541016,-0.907220721244812,base,no
5744,0,0,0.02931223583915389,-4.233588695526123,-0.7335888743400574,base,No
5745,0,0,0.08509904036636974,-3.165523052215576,-0.7905229926109314,base,no
5746,0,0,0.24508503518827837,-2.2743964195251465,-1.149396538734436,base,no
5747,0,0,0.7981867777396212,-1.3098413944244385,-2.6848413944244385,base,1
5748,0,0,0.03732688948593843,-3.9789576530456543,-0.7289577126502991,base,No
5749,0,0,0.014063626216776943,-4.906073093414307,-0.6560730338096619,base,No
5750,0,0,0.010986945221304533,-5.270254135131836,-0.770254373550415,base,no
5751,0,0,0.14804719051380197,-2.7139198780059814,-0.9639198184013367,base,No
5752,0,0,0.005911067455265844,-5.801238059997559,-0.6762378215789795,base,No
5753,0,0,0.5312093733737563,-1.6079555749893188,-1.7329555749893188,base,1
5754,0,0,0.04208773031866069,-3.8006443977355957,-0.6756444573402405,base,No
5755,0,0,0.9796676442828175,-0.879468560218811,-4.7544684410095215,base,1
5756,0,0,0.14804721306746543,-2.7323999404907227,-0.9824000597000122,base,no
5757,0,0,0.009708478200631072,-5.305406093597412,-0.6804062724113464,base,no
5758,0,0,0.07585818419975078,-3.2943172454833984,-0.7943173050880432,base,No
5759,0,0,0.022977371248114782,-4.479717254638672,-0.7297173142433167,base,no
5760,0,1,0.9149009596336303,-0.867099940776825,-3.2421000003814697,base,Yes
5761,0,1,0.9933071474906947,-0.5966637134552002,-5.596663475036621,base,Yes
5762,0,0,0.008577486934330109,-5.440371990203857,-0.6903721690177917,base,no
5763,0,0,0.042087725512577126,-3.9036502838134766,-0.7786502242088318,base,no
5764,0,0,0.06008665017400762,-3.5578744411468506,-0.8078744411468506,base,No
5765,0,0,0.02931223244728875,-4.122666358947754,-0.6226664185523987,base,No
5766,0,0,0.007577241267860811,-5.379495143890381,-0.5044951438903809,base,no
5767,0,0,0.060086646807761206,-3.5478110313415527,-0.797810971736908,base,No
5768,0,0,0.037326887344129464,-4.036601543426514,-0.7866015434265137,base,No
5769,0,0,0.022977371248114782,-4.524730205535889,-0.7747302651405334,base,No
5770,0,0,0.07585817584273653,-3.3371596336364746,-0.8371595740318298,base,no
5771,0,0,0.4073334000459302,-1.796633243560791,-1.421633243560791,base,1
5772,0,0,0.9859363746096915,-1.0066999197006226,-5.256700038909912,base,1
5773,0,0,0.0059110692064883365,-5.845780849456787,-0.7207809090614319,base,no
5774,0,0,0.5312093733737563,-1.4909249544143677,-1.6159249544143677,base,1
5775,0,0,0.957912262472213,-1.1193158626556396,-4.2443156242370605,base,1
5776,0,0,0.11920292202211755,-2.86037540435791,-0.8603754043579102,base,no
5777,0,0,0.320821326799715,-2.042847156524658,-1.2928472757339478,base,1
5778,0,0,0.8175744939732856,-1.0890458822250366,-2.589046001434326,base,1
5779,0,0,0.04208772791561884,-3.8206405639648438,-0.6956405639648438,base,No
5780,0,0,0.020332353342658753,-4.501441955566406,-0.6264419555664062,base,No
5781,0,0,0.18242552380635632,-2.612236738204956,-1.112236738204956,base,no
5782,0,0,0.6513548646660542,-1.4544651508331299,-2.07946515083313,base,1
5783,0,0,0.7549149868676283,-1.0814905166625977,-2.2064905166625977,base,1
5784,0,0,0.37754066879814546,-1.8337533473968506,-1.3337533473968506,base,1
5785,0,0,0.4378234991142019,-1.7231043577194214,-1.4731043577194214,base,1
5786,0,0,0.24508501313237172,-2.2625350952148438,-1.1375350952148438,base,No
5787,0,0,0.24508501313237172,-2.189286470413208,-1.064286470413208,base,no
5788,0,1,0.7772998611746911,-0.7416216135025024,-1.9916216135025024,base,Yes
5789,0,0,0.01590639077880068,-4.76672887802124,-0.6417288184165955,base,No
5790,0,0,0.6224593312018546,-1.3978805541992188,-1.8978805541992188,base,1
5791,0,0,0.029312234143221275,-4.184351444244385,-0.6843515634536743,base,no
5792,0,0,0.7057850278370112,-1.277862787246704,-2.152862787246704,base,1
5793,0,0,0.34864513533394575,-1.9813958406448364,-1.3563958406448364,base,1
5794,0,0,0.009708477627578704,-5.279509544372559,-0.6545096635818481,base,No
5795,0,0,0.6224593312018546,-1.2799705266952515,-1.7799705266952515,base,1
5796,0,0,0.7310585786300049,-1.2142376899719238,-2.214237689971924,base,1
5797,0,0,0.37754066879814546,-1.7429189682006836,-1.2429189682006836,base,No
5798,0,0,0.7981867969424066,-1.0833972692489624,-2.458397388458252,base,1
5799,0,0,0.02595736021183377,-4.2719645500183105,-0.6469646692276001,base,no
5800,0,0,0.0021827168347934166,-6.642475605010986,-0.5174757838249207,base,no
5801,0,0,0.004609572179374208,-5.954019546508789,-0.5790195465087891,base,No
5802,0,0,0.005220126003077935,-6.014815807342529,-0.7648158669471741,base,no
5803,0,0,0.4073334000459302,-1.7155730724334717,-1.3405730724334717,base,1
5804,0,0,0.20181320305759334,-2.4267959594726562,-1.0517958402633667,base,no
5805,0,0,0.06008664344151498,-3.5265841484069824,-0.7765840291976929,base,no
5806,0,0,0.07585818419975078,-3.2927024364471436,-0.7927024960517883,base,no
5807,0,0,0.957912262472213,-1.1063740253448486,-4.2313737869262695,base,1
5808,0,0,0.020332355717182622,-4.426766872406006,-0.5517669916152954,base,No
5809,0,0,0.20181322226037882,-2.3705408573150635,-0.9955408573150635,base,No
5810,0,0,0.005911067805510302,-5.827040672302246,-0.7020404934883118,base,no
5811,0,0,0.8670357598021706,-1.0742318630218506,-2.9492318630218506,base,1
5812,0,1,0.9820137879323497,-0.5827828645706177,-4.582782745361328,base,Yes
5813,0,0,0.7310585786300049,-1.3541700839996338,-2.354170083999634,base,1
5814,0,0,0.009708474762317362,-5.361358642578125,-0.7363584637641907,base,No
5815,0,0,0.4073334000459302,-1.801156997680664,-1.426156997680664,base,1
5816,0,1,0.8519528019683106,-0.7911927700042725,-2.5411927700042725,base,Yes
5817,0,0,0.4378234991142019,-1.5505996942520142,-1.3005996942520142,base,No
5818,0,0,0.07585818837825822,-3.3736162185668945,-0.8736163377761841,base,No
5819,0,0,0.06754668363133542,-3.440718173980713,-0.8157180547714233,base,No
5820,0,0,0.005220126003077935,-5.985114097595215,-0.7351141571998596,base,No
5821,0,0,0.047425867792089564,-3.6789193153381348,-0.6789191961288452,base,No
5822,0,0,0.29421497216298875,-2.0883405208587646,-1.2133405208587646,base,No
5823,0,0,0.01798620785653302,-4.791482925415039,-0.7914828062057495,base,no
5824,0,0,0.9740426397881662,-1.0951448678970337,-4.720144748687744,base,1
5825,0,0,0.14804719051380197,-2.5168817043304443,-0.7668816447257996,base,No
5826,0,0,0.11920292828022305,-2.8609771728515625,-0.8609772324562073,base,No
5827,0,0,0.004070138199119559,-6.202635288238525,-0.7026354074478149,base,No
5828,0,0,0.4073334000459302,-1.642406940460205,-1.267406940460205,base,No
5829,0,0,0.008577483386221569,-5.39076042175293,-0.6407601833343506,base,No
5830,0,0,0.9149009549929797,-1.025693655014038,-3.400693655014038,base,1
5831,0,1,0.995929862042492,-0.7128544449806213,-6.212854385375977,base,Yes
5832,0,0,0.29421497216298875,-1.915207862854004,-1.040207862854004,base,no
5833,0,0,0.05340332678672523,-3.547852039337158,-0.6728519797325134,base,no
5834,0,0,0.060086656906500974,-3.7006258964538574,-0.950626015663147,base,no
5835,0,0,0.015906388912772775,-4.748612880706787,-0.6236127018928528,base,No
5836,0,0,0.16451647108926923,-2.597722291946411,-0.9727223515510559,base,No
5837,0,0,0.16451647108926923,-2.499999523162842,-0.8749995827674866,base,No
5838,0,0,0.5312093733737563,-1.567555546760559,-1.692555546760559,base,1
5839,0,0,0.0031726826539785367,-6.340978145599365,-0.5909780859947205,base,no
5840,0,0,0.006692850924284856,-5.797991752624512,-0.7979917526245117,base,no
5841,0,0,0.06008665017400762,-3.4118235111236572,-0.6618235111236572,base,No
5842,0,0,0.014063627043245474,-4.971620082855225,-0.7216200828552246,base,no
5843,0,0,0.05340332678672523,-3.648193597793579,-0.7731935381889343,base,no
5844,0,0,0.020332349780873466,-4.6312665939331055,-0.7562664151191711,base,no
5845,0,0,0.22270013882530884,-2.371953010559082,-1.121953010559082,base,No
5846,0,0,0.022977373924293353,-4.319344520568848,-0.569344699382782,base,no
5847,0,0,0.09534947518185825,-3.069519519805908,-0.8195196390151978,base,No
5848,0,0,0.025957351169724027,-4.303824424743652,-0.6788241863250732,base,No
5849,0,0,0.01243164865786858,-5.154810905456543,-0.7798107266426086,base,no
5850,0,0,0.029312227359491745,-4.226902484893799,-0.7269023656845093,base,No
5851,0,0,0.22270013882530884,-2.3553707599639893,-1.1053707599639893,base,no
5852,0,0,0.02297737258620403,-4.5288987159729,-0.7788988351821899,base,no
5853,0,0,0.6224593312018546,-1.4224598407745361,-1.9224598407745361,base,1
5854,0,0,0.2689414213699951,-2.1275181770324707,-1.1275181770324707,base,no
5855,0,0,0.7772998611746911,-1.0579330921173096,-2.3079330921173096,base,1
5856,0,0,0.0675466911396291,-3.4156100749969482,-0.7906100749969482,base,No
5857,0,0,0.5926665999540697,-1.4255481958389282,-1.8005481958389282,base,1
5858,0,0,0.18242552380635632,-2.5335090160369873,-1.0335090160369873,base,no
5859,0,0,0.9740426397881662,-1.0161982774734497,-4.64119815826416,base,1
5860,0,0,0.4378234991142019,-1.5830470323562622,-1.3330470323562622,base,1
5861,0,0,0.006692850924284856,-5.6711955070495605,-0.6711955070495605,base,No
5862,0,0,0.6513548646660542,-1.3396437168121338,-1.9646437168121338,base,1
5863,0,0,0.8670357735451834,-0.9747313261032104,-2.8497314453125,base,1
5864,0,0,0.13296424706933604,-2.784179925918579,-0.9091799855232239,base,no
5865,0,0,0.2689414213699951,-2.1032168865203857,-1.1032168865203857,base,no
5866,0,0,0.015906388912772775,-4.767880439758301,-0.6428802609443665,base,No
5867,0,0,0.6224593312018546,-1.3610599040985107,-1.8610599040985107,base,1
5868,0,0,0.012431650853185818,-5.151326656341553,-0.7763266563415527,base,no
5869,0,0,0.047425867792089564,-3.578136444091797,-0.5781363248825073,base,No
5870,0,0,0.06754668738548215,-3.36372971534729,-0.7387296557426453,base,No
5871,0,0,0.007577240371427665,-5.527613162994385,-0.6526130437850952,base,No
5872,0,0,0.0850990542883219,-3.053680419921875,-0.6786805391311646,base,No
5873,0,0,0.8519528170040853,-1.074841856956482,-2.8248419761657715,base,1
5874,0,0,0.01798620890931226,-4.724187850952148,-0.7241877913475037,base,no
5875,0,0,0.006692852509305267,-5.601316452026367,-0.6013166904449463,base,No
5876,0,1,0.754914997895581,-0.9793636202812195,-2.1043636798858643,base,Yes
5877,0,0,0.014063623737371644,-4.8936357498168945,-0.6436355113983154,base,No
5878,0,0,0.9770226354423304,-1.012206792831421,-4.76220703125,base,1
5879,0,1,0.8519527944504226,-0.8553257584571838,-2.605325698852539,base,Yes
5880,0,0,0.9046505299595163,-0.9798834919929504,-3.2298834323883057,base,1
5881,0,1,0.8933094003735664,-0.6348126530647278,-2.759812593460083,base,Yes
5882,0,0,0.46879062662624377,-1.4754291772842407,-1.3504291772842407,base,1
5883,0,0,0.9706877658567789,-1.1101280450820923,-4.610127925872803,base,1
5884,0,0,0.05340332678672523,-3.6989591121673584,-0.8239590525627136,base,No
5885,0,0,0.1480471980316895,-2.7354390621185303,-0.9854390621185303,base,no
5886,0,0,0.7549149868676283,-1.2296884059906006,-2.3546884059906006,base,1
5887,0,0,0.2689414448079646,-2.094449996948242,-1.0944501161575317,base,No
5888,0,0,0.5926665999540697,-1.3890583515167236,-1.7640583515167236,base,1
5889,0,0,0.009708474189265195,-5.138476371765137,-0.5134761333465576,base,no
5890,0,0,0.01590639544387138,-4.846863746643066,-0.7218639850616455,base,no
5891,0,0,0.06754668738548215,-3.361570119857788,-0.7365700602531433,base,No
5892,0,0,0.13296424019782924,-2.782583475112915,-0.907583475112915,base,no
5893,0,0,0.01590639544387138,-4.838410377502441,-0.7134106159210205,base,no
5894,0,0,0.9796676466573412,-1.1336183547973633,-5.008618354797363,base,1
5895,0,0,0.029312234143221275,-4.329318046569824,-0.8293181657791138,base,no
5896,0,0,0.22270013882530884,-2.3210647106170654,-1.0710647106170654,base,No
5897,0,0,0.46879062662624377,-1.6610876321792603,-1.5360876321792603,base,1
5898,0,0,0.37754066879814546,-1.7628755569458008,-1.2628755569458008,base,1
5899,0,0,0.00359360194114313,-6.265662670135498,-0.6406624913215637,base,no
5900,0,0,0.03308597266821503,-4.062788009643555,-0.6877878308296204,base,no
5901,0,0,0.02931223583915389,-4.186096668243408,-0.6860968470573425,base,no
5902,0,0,0.005220125074519377,-5.895002365112305,-0.6450022459030151,base,no
5903,0,0,0.0028009273000822866,-6.410594940185547,-0.5355950593948364,base,no
5904,0,0,0.02595735569077852,-4.403460502624512,-0.7784604430198669,base,no
5905,0,0,0.004609571632403393,-5.9641313552856445,-0.589131236076355,base,No
5906,0,0,0.6513548646660542,-1.3155887126922607,-1.9405887126922607,base,1
5907,0,0,0.10669059962643358,-3.0368173122406006,-0.9118173718452454,base,No
5908,0,0,0.05340333582602272,-3.641319751739502,-0.7663198709487915,base,no
5909,0,0,0.07585818419975078,-3.278200387954712,-0.7782004475593567,base,no
5910,0,0,0.04742587587030561,-3.7562153339385986,-0.7562153935432434,base,No
5911,0,0,0.1645164628965632,-2.5375559329986572,-0.9125559329986572,base,No
5912,0,0,0.4378234991142019,-1.6192055940628052,-1.3692055940628052,base,1
5913,0,0,0.5,-1.5777140855789185,-1.5777140855789185,base,1
5914,0,0,0.009708477054526368,-5.216751575469971,-0.5917516350746155,base,No
5915,0,0,0.7549149648117217,-1.2103153467178345,-2.335315227508545,base,1
5916,0,0,0.46879062662624377,-1.5886999368667603,-1.4636999368667603,base,1
5917,0,0,0.37754066879814546,-1.7531391382217407,-1.2531391382217407,base,no
5918,0,0,0.1480471980316895,-2.548311948776245,-0.7983119487762451,base,No
5919,0,0,0.34864513533394575,-1.744005799293518,-1.119005799293518,base,No
5920,0,0,0.5,-1.642687439918518,-1.642687439918518,base,1
5921,0,0,0.01590639357784294,-4.8487629890441895,-0.723763108253479,base,No
5922,0,0,0.00522012445548043,-5.891567230224609,-0.6415669918060303,base,No
5923,0,0,0.1645164628965632,-2.633333444595337,-1.008333444595337,base,No
5924,0,0,0.9149009549929797,-0.9748094081878662,-3.349809408187866,base,1
5925,0,0,0.8670357598021706,-1.1327333450317383,-3.0077333450317383,base,1
5926,0,0,0.6224593312018546,-1.2634764909744263,-1.7634764909744263,base,1
5927,0,0,0.02297737258620403,-4.47735595703125,-0.7273560762405396,base,No
5928,0,0,0.010986940687560063,-5.2476701736450195,-0.7476699948310852,base,No
5929,0,0,0.8670357666736773,-0.994684636592865,-2.8696846961975098,base,1
5930,0,0,0.04208772791561884,-3.9579296112060547,-0.8329296112060547,base,no
5931,0,0,0.9740426367741291,-1.042168378829956,-4.667168140411377,base,1
5932,0,0,0.4073334000459302,-1.7100213766098022,-1.3350213766098022,base,1
5933,0,0,0.02297737526238275,-4.341821670532227,-0.5918219089508057,base,No
5934,0,0,0.02297737258620403,-4.4022722244262695,-0.6522723436355591,base,No
5935,0,0,0.037326887344129464,-4.0156049728393555,-0.7656049728393555,base,No
5936,0,0,0.22270013882530884,-2.1044702529907227,-0.8544702529907227,base,No
5937,0,0,0.007577239923211134,-5.495105743408203,-0.6201055645942688,base,no
5938,0,0,0.008577483893094128,-5.4415082931518555,-0.6915081143379211,base,no
5939,0,0,0.2689414448079646,-2.2709579467773438,-1.2709580659866333,base,1
5940,0,0,0.04208772791561884,-3.8104794025421143,-0.6854794025421143,base,No
5941,0,0,0.0373268852023206,-3.8965911865234375,-0.6465911269187927,base,No
5942,0,0,0.4073334000459302,-1.6756967306137085,-1.3006967306137085,base,1
5943,0,0,0.0040701384407312935,-6.236160755157471,-0.736160933971405,base,no
5944,0,0,0.952574129515172,-0.9566251635551453,-3.95662522315979,base,1
5945,0,0,0.46879062662624377,-1.5069023370742798,-1.3819023370742798,base,No
5946,0,0,0.11920292828022305,-2.906498908996582,-0.9064989686012268,base,No
5947,0,0,0.0059110692064883365,-5.662338733673096,-0.5373387932777405,base,No
5948,0,0,0.0021827160558970152,-6.821143627166748,-0.6961434483528137,base,No
5949,0,0,0.005220125693558397,-5.9059014320373535,-0.6559014320373535,base,no
5950,0,1,0.9740426367741291,-0.8548681735992432,-4.479867935180664,base,Yes
5951,0,0,0.7981867777396212,-1.1298367977142334,-2.5048367977142334,base,1
5952,0,1,0.893309411735131,-0.6761667132377625,-2.8011667728424072,base,Yes
5953,0,0,0.01798621101487092,-4.742502689361572,-0.742502748966217,base,No
5954,0,0,0.9740426382811477,-0.952288806438446,-4.577288627624512,base,1
5955,0,0,0.03732689376955674,-4.051110744476318,-0.8011109232902527,base,No
5956,0,0,0.007577242164294059,-5.534826278686523,-0.659826397895813,base,no
5957,0,0,0.8807970779778823,-1.0604629516601562,-3.0604629516601562,base,1
5958,0,0,0.8807970779778823,-1.119464635848999,-3.119464635848999,base,1
5959,0,0,0.020332348593611837,-4.602277755737305,-0.7272775173187256,base,no
5960,0,0,0.025957351169724027,-4.224987030029297,-0.5999867916107178,base,No
5961,0,0,0.5621765008857981,-1.4481571912765503,-1.6981571912765503,base,1
5962,0,0,0.06008665354025422,-3.45939564704895,-0.709395706653595,base,no
5963,0,0,0.009708474762317362,-5.335953235626221,-0.7109530568122864,base,No
5964,0,0,0.033085970761385544,-4.215985298156738,-0.8409850597381592,base,no
5965,0,0,0.18242553269617778,-2.430478811264038,-0.9304788708686829,base,No
5966,0,0,0.0474258704848281,-3.7834155559539795,-0.7834154963493347,base,No
5967,0,0,0.0059110695567328965,-5.829312324523926,-0.7043124437332153,base,No
5968,0,0,0.02595735719779685,-4.287167072296143,-0.6621670722961426,base,No
5969,0,0,0.05340332678672523,-3.6710121631622314,-0.7960121035575867,base,no
5970,0,0,0.679178699175393,-1.3765509128570557,-2.1265509128570557,base,1
5971,0,0,0.01243164938964095,-5.120593547821045,-0.7455934286117554,base,no
5972,0,0,0.01243165231673086,-5.078195571899414,-0.7031956911087036,base,No
5973,0,0,0.5,-1.5511136054992676,-1.5511136054992676,base,1
5974,0,0,0.01798621417320936,-4.721619606018066,-0.7216198444366455,base,no
5975,0,0,0.07585817584273653,-3.1154751777648926,-0.6154751181602478,base,No
5976,0,0,0.29421497216298875,-2.0277771949768066,-1.1527771949768066,base,no
5977,0,0,0.01798620785653302,-4.666323184967041,-0.6663230657577515,base,No
5978,0,0,0.5621765008857981,-1.4380412101745605,-1.6880412101745605,base,1
5979,0,0,0.002472622862603971,-6.525796890258789,-0.5257967710494995,base,no
5980,0,0,0.04208772791561884,-3.907012701034546,-0.7820127010345459,base,No
5981,0,0,0.9046505351008906,-1.1216785907745361,-3.371678590774536,base,1
5982,0,0,0.01243164938964095,-5.10857629776001,-0.7335761785507202,base,no
5983,0,0,0.01798620890931226,-4.6297712326049805,-0.6297711730003357,base,no
5984,0,0,0.0474258704848281,-3.7871694564819336,-0.7871693968772888,base,no
5985,0,0,0.7057850278370112,-1.3706116676330566,-2.2456116676330566,base,1
5986,0,0,0.05340332678672523,-3.5661277770996094,-0.6911277174949646,base,No
5987,0,0,0.6513548646660542,-1.2766804695129395,-1.9016804695129395,base,1
5988,0,0,0.22270013882530884,-2.22336745262146,-0.97336745262146,base,No
5989,0,0,0.037326887344129464,-3.9661006927490234,-0.7161006927490234,base,No
5990,0,0,0.005220126003077935,-5.841888904571533,-0.591888964176178,base,No
5991,0,0,0.13296424019782924,-2.8343749046325684,-0.9593749046325684,base,no
5992,0,0,0.06008664344151498,-3.4443674087524414,-0.6943672895431519,base,No
5993,0,0,0.017986213120429816,-4.635206699371338,-0.6352068781852722,base,No
5994,0,0,0.985936373783223,-0.9423531889915466,-5.192353248596191,base,1
5995,0,0,0.34864513533394575,-1.7974321842193604,-1.1724321842193604,base,no
5996,0,0,0.007577240371427665,-5.526258945465088,-0.6512588262557983,base,no
5997,0,0,0.007577239923211134,-5.594118595123291,-0.7191184163093567,base,No
5998,0,0,0.4378234991142019,-1.6287850141525269,-1.3787850141525269,base,1
5999,0,0,0.005220125384038879,-5.956191062927246,-0.7061910033226013,base,No
