idx,y_true,y_pred,p_yes,lp_yes,lp_no,mode,raw_text
0,1,0,0.34864513533394575,-1.4554749727249146,-0.8304749727249146,base,no
1,1,0,0.029312229903390143,-3.7674977779388428,-0.2674977481365204,base,no
2,1,0,0.20181323186177208,-2.0491952896118164,-0.6741953492164612,base,no
3,1,0,0.2689414096510108,-1.6087794303894043,-0.6087793707847595,base,no
4,1,0,0.11920292202211755,-2.3577656745910645,-0.35776567459106445,base,no
5,1,0,0.14804721306746543,-2.409083366394043,-0.6590834856033325,base,No
6,1,0,0.16451644651115205,-2.3235135078430176,-0.698513388633728,base,no
7,1,0,0.1480471980316895,-2.272395133972168,-0.522395133972168,base,no
8,1,0,0.20181322226037882,-2.228696823120117,-0.8536968231201172,base,no
9,1,0,0.4378234991142019,-1.3320614099502563,-1.0820614099502563,base,no
10,1,0,0.2689414213699951,-1.579798936843872,-0.5797989368438721,base,no
11,1,1,0.867035752930664,-0.7797167897224426,-2.654716730117798,base,Yes
12,1,0,0.09534946232842245,-2.516883611679077,-0.26688358187675476,base,no
13,1,0,0.20181321265898594,-1.7335381507873535,-0.35853809118270874,base,no
14,1,0,0.4073334000459302,-1.1189002990722656,-0.7439002990722656,base,no
15,1,1,0.8933094174159129,-0.7553552389144897,-2.8803553581237793,base,yes
16,1,1,0.6513548782017746,-0.72089022397995,-1.3458902835845947,base,yes
17,1,1,0.7057850278370112,-0.8311127424240112,-1.7061127424240112,base,Yes
18,1,0,0.37754066879814546,-1.5914956331253052,-1.0914956331253052,base,no
19,1,1,0.5621765008857981,-0.9531772136688232,-1.2031772136688232,base,yes
20,1,1,0.8354835452961425,-0.6512925028800964,-2.276292562484741,base,yes
21,1,1,0.8519528019683106,-0.546074390411377,-2.296074390411377,base,yes
22,1,1,0.679178699175393,-0.6732120513916016,-1.4232120513916016,base,yes
23,1,1,0.8519527944504226,-0.6387539505958557,-2.388753890991211,base,yes
24,1,1,0.9579122768904644,-0.7357586622238159,-3.8607587814331055,base,Yes
25,1,0,0.04742587317756679,-3.2040276527404785,-0.20402765274047852,base,no
26,1,0,0.34864513533394575,-1.6197984218597412,-0.9947984218597412,base,no
27,1,0,0.0758581737534831,-2.804239511489868,-0.304239422082901,base,no
28,1,1,0.6791787121629466,-0.9404270052909851,-1.6904270648956299,base,yes
29,1,1,0.8354835289107309,-0.7604711651802063,-2.3854711055755615,base,yes
30,1,1,0.7057850278370112,-0.5573053359985352,-1.4323053359985352,base,yes
31,1,1,0.5312093733737563,-1.3001503944396973,-1.4251503944396973,base,Yes
32,1,0,0.22270012850745968,-2.1086032390594482,-0.8586031794548035,base,no
33,1,0,0.04208773272170267,-3.4355783462524414,-0.31057846546173096,base,no
34,1,0,0.06754668926255561,-2.976093053817749,-0.35109302401542664,base,no
35,1,1,0.7772998611746911,-0.5221661329269409,-1.772166132926941,base,yes
36,1,0,0.1480471829959148,-2.3878836631774902,-0.6378835439682007,base,no
37,1,1,0.9324533126145177,-0.7627918124198914,-3.387791872024536,base,Yes
38,1,1,0.5621764862150634,-0.7895126938819885,-1.0395126342773438,base,yes
39,1,0,0.1645164628965632,-2.1370482444763184,-0.5120482444763184,base,no
40,1,1,0.754914997895581,-0.5495399832725525,-1.6745400428771973,base,yes
41,1,0,0.22270014914315833,-1.7556695938110352,-0.5056696534156799,base,no
42,1,1,0.6224593312018546,-1.0202020406723022,-1.5202020406723022,base,yes
43,1,1,0.6513548511303336,-0.7873831391334534,-1.4123830795288086,base,yes
44,1,0,0.2942149597859341,-1.6295311450958252,-0.7545310854911804,base,no
45,1,1,0.6224593171945417,-0.7869144082069397,-1.286914348602295,base,yes
46,1,1,0.7057850278370112,-0.9689702987670898,-1.8439702987670898,base,Yes
47,1,0,0.34864513533394575,-1.6472808122634888,-1.0222808122634888,base,no
48,1,0,0.5,-1.062067985534668,-1.062067985534668,base,no
49,1,0,0.1066905825840872,-2.5212197303771973,-0.3962196111679077,base,no
50,1,1,0.8670357598021706,-0.6150927543640137,-2.4900927543640137,base,yes
51,1,0,0.13296424706933604,-2.286464214324951,-0.41146427392959595,base,no
52,1,1,0.8175744584140004,-0.6658097505569458,-2.1658096313476562,base,yes
53,1,0,0.2689414213699951,-1.96943998336792,-0.9694399833679199,base,no
54,1,1,0.7981867873410141,-0.5271942019462585,-1.9021942615509033,base,yes
55,1,1,0.904650527388829,-0.4107137620449066,-2.6607136726379395,base,yes
56,1,0,0.5,-0.8419748544692993,-0.8419748544692993,base,no
57,1,1,0.7057850278370112,-0.5802733898162842,-1.4552733898162842,base,yes
58,1,0,0.2689414213699951,-1.5259130001068115,-0.5259130001068115,base,no
59,1,1,0.6791787121629466,-0.7941097617149353,-1.54410982131958,base,Yes
60,1,1,0.7772998508568416,-0.6613059639930725,-1.9113059043884277,base,yes
61,1,0,0.09534947004048376,-2.5148258209228516,-0.26482588052749634,base,no
62,1,0,0.2018132270610754,-1.8007007837295532,-0.4257008135318756,base,no
63,1,1,0.7310585903489892,-0.5526997447013855,-1.5526998043060303,base,yes
64,1,0,0.46879062662624377,-1.1593728065490723,-1.0343728065490723,base,no
65,1,0,0.1480472055495773,-2.106236457824707,-0.3562365174293518,base,no
66,1,1,0.8807970654616711,-0.7566195726394653,-2.756619453430176,base,yes
67,1,0,0.06754668363133542,-3.1475372314453125,-0.522537112236023,base,no
68,1,1,0.8933093946927838,-0.6307789087295532,-2.7557787895202637,base,yes
69,1,0,0.5,-1.2803959846496582,-1.2803959846496582,base,No
70,1,1,0.9525741268224334,-0.5270800590515137,-3.5270800590515137,base,yes
71,1,0,0.5,-0.9344813823699951,-0.9344813823699951,base,no
72,1,1,0.9046505325302034,-0.4140067398548126,-2.6640067100524902,base,yes
73,1,1,0.8519527869325346,-0.581910252571106,-2.3319101333618164,base,yes
74,1,1,0.9525741268224334,-0.6806948184967041,-3.680694818496704,base,Yes
75,1,1,0.7057850278370112,-0.7620298862457275,-1.6370298862457275,base,yes
76,1,1,0.798186768138228,-0.9020372033119202,-2.2770371437072754,base,Yes
77,1,1,0.7772998611746911,-0.629871129989624,-1.879871129989624,base,yes
78,1,1,0.8175744584140004,-0.6647154092788696,-2.16471529006958,base,yes
79,1,1,0.8175744673038221,-0.8399773240089417,-2.339977264404297,base,yes
80,1,0,0.4378234991142019,-1.075186014175415,-0.825186014175415,base,no
81,1,0,0.4378234991142019,-1.360397219657898,-1.110397219657898,base,no
82,1,0,0.22270014914315833,-1.6839594841003418,-0.4339595437049866,base,no
83,1,1,0.7057850154599563,-0.7855046391487122,-1.6605045795440674,base,yes
84,1,0,0.025957356444287677,-3.887826681137085,-0.2628266513347626,base,no
85,1,0,0.22270013882530884,-1.7548153400421143,-0.5048153400421143,base,no
86,1,1,0.9241418116217418,-0.5595384836196899,-3.0595383644104004,base,yes
87,1,1,0.8519528019683106,-0.7898581027984619,-2.539858102798462,base,Yes
88,1,1,0.893309411735131,-0.2942294478416443,-2.419229507446289,base,yes
89,1,1,0.754914997895581,-0.6978933215141296,-1.8228933811187744,base,Yes
90,1,1,0.7981867873410141,-0.7349047064781189,-2.1099047660827637,base,yes
91,1,1,0.6513548646660542,-0.827003002166748,-1.452003002166748,base,yes
92,1,0,0.46879062662624377,-1.1362910270690918,-1.0112910270690918,base,no
93,1,1,0.7057850278370112,-0.8521624803543091,-1.727162480354309,base,yes
94,1,1,0.6513548511303336,-0.7132619023323059,-1.3382618427276611,base,yes
95,1,1,0.8354835289107309,-0.43275362253189087,-2.057753562927246,base,yes
96,1,1,0.939913356558485,-0.5392407178878784,-3.289240837097168,base,yes
97,1,1,0.7310585669110203,-0.8086603283882141,-1.8086602687835693,base,yes
98,1,0,0.20181322226037882,-1.8252187967300415,-0.4502187967300415,base,no
99,1,1,0.9399133464597458,-0.6344981789588928,-3.384498119354248,base,Yes
100,1,1,0.9149009596336303,-0.7299417853355408,-3.1049418449401855,base,yes
101,1,0,0.32082130082460697,-1.7039291858673096,-0.9539291858673096,base,no
102,1,1,0.9706877658567789,-0.5544263124465942,-4.054426193237305,base,yes
103,1,1,0.7310585903489892,-0.6789504885673523,-1.678950548171997,base,yes
104,1,1,0.8519528170040853,-0.5413650274276733,-2.291365146636963,base,yes
105,1,1,0.5312093733737563,-0.9492899179458618,-1.0742899179458618,base,yes
106,1,1,0.9149009596336303,-0.4023382067680359,-2.7773382663726807,base,yes
107,1,0,0.46879062662624377,-1.353782296180725,-1.228782296180725,base,no
108,1,1,0.9626731158685837,-0.47021499276161194,-3.720215082168579,base,yes
109,1,1,0.8519528170040853,-0.5361865758895874,-2.286186695098877,base,yes
110,1,1,0.9324533013520764,-0.5009099245071411,-3.1259098052978516,base,Yes
111,1,1,0.798186768138228,-0.5377009510993958,-1.912700891494751,base,yes
112,1,1,0.7772998818103892,-0.8125470876693726,-2.062547206878662,base,yes
113,1,1,0.5621764862150634,-0.7930684685707092,-1.0430684089660645,base,yes
114,1,1,0.8933094003735664,-0.6990712285041809,-2.824071168899536,base,yes
115,1,1,0.6513548646660542,-0.6992348432540894,-1.3242348432540894,base,yes
116,1,1,0.7310585903489892,-0.6500827670097351,-1.6500828266143799,base,yes
117,1,1,0.9579122720843811,-0.6184360980987549,-3.743436098098755,base,Yes
118,1,1,0.5312093585306514,-0.8768559098243713,-1.0018558502197266,base,yes
119,1,1,0.754914975839675,-0.6205714344978333,-1.7455713748931885,base,yes
120,1,0,0.37754066879814546,-1.2156341075897217,-0.7156341075897217,base,no
121,1,1,0.9579122768904644,-0.5659559965133667,-3.6909561157226562,base,yes
122,1,1,0.7310585669110203,-0.858976423740387,-1.8589763641357422,base,yes
123,1,1,0.7981867873410141,-0.5658368468284607,-1.9408369064331055,base,yes
124,1,1,0.7310585786300049,-0.912755012512207,-1.912755012512207,base,yes
125,1,1,0.8354835371034369,-0.5595102310180664,-2.1845102310180664,base,yes
126,1,1,0.9626731126558706,-0.6119873523712158,-3.861987352371216,base,yes
127,1,1,0.9324533088603709,-0.6446008682250977,-3.2696008682250977,base,Yes
128,1,1,0.7310585786300049,-0.8756723403930664,-1.8756723403930664,base,Yes
129,1,1,0.7772998611746911,-0.49828553199768066,-1.7482855319976807,base,yes
130,1,1,0.9399133464597458,-0.7541175484657288,-3.504117488861084,base,Yes
131,1,1,0.8519528170040853,-0.6881145238876343,-2.438114643096924,base,Yes
132,1,0,0.29421497216298875,-1.4002957344055176,-0.5252957344055176,base,no
133,1,1,0.9465966762263737,-0.5338314771652222,-3.4088315963745117,base,yes
134,1,1,0.7310585903489892,-0.8933936953544617,-1.8933937549591064,base,Yes
135,1,1,0.9465966671870767,-0.6867759823799133,-3.5617759227752686,base,Yes
136,1,0,0.34864513533394575,-1.4351105690002441,-0.8101105690002441,base,no
137,1,1,0.9241418241572634,-0.5977367758750916,-3.0977368354797363,base,yes
138,1,1,0.5312093733737563,-0.808952271938324,-0.933952271938324,base,yes
139,1,1,0.9241418199787566,-0.6088497638702393,-3.1088497638702393,base,Yes
140,1,1,0.8670357598021706,-0.45569396018981934,-2.3306939601898193,base,yes
141,1,1,0.679178699175393,-0.8761199712753296,-1.6261199712753296,base,yes
142,1,1,0.9324533126145177,-0.45926016569137573,-3.0842602252960205,base,yes
143,1,1,0.9324533088603709,-0.648430347442627,-3.273430347442627,base,yes
144,1,1,0.8175744850834649,-0.7208570837974548,-2.2208571434020996,base,yes
145,1,1,0.9149009642742806,-0.6641906499862671,-3.0391907691955566,base,yes
146,1,1,0.8670357460591569,-0.6097818613052368,-2.4847817420959473,base,yes
147,1,1,0.8175744673038221,-0.7143083214759827,-2.214308261871338,base,yes
148,1,1,0.7549149868676283,-0.6495741605758667,-1.7745741605758667,base,yes
149,1,1,0.9465966671870767,-0.48821574449539185,-3.363215684890747,base,yes
150,1,1,0.8933094003735664,-0.6344984173774719,-2.759498357772827,base,yes
151,1,1,0.8354835289107309,-0.42812496423721313,-2.0531249046325684,base,yes
152,1,1,0.5926665999540697,-1.0360435247421265,-1.4110435247421265,base,yes
153,1,1,0.8175744761936437,-0.5806901454925537,-2.0806901454925537,base,yes
154,1,1,0.8175744850834649,-0.41974204778671265,-1.9197421073913574,base,yes
155,1,1,0.8807970842359877,-0.3528823256492615,-2.3528823852539062,base,yes
156,1,1,0.9525741268224334,-0.6861495971679688,-3.6861495971679688,base,yes
157,1,1,0.9525741268224334,-0.525688648223877,-3.525688648223877,base,Yes
158,1,1,0.9241418241572634,-0.65361088514328,-3.153610944747925,base,Yes
159,1,0,0.32082130082460697,-1.6749627590179443,-0.9249627590179443,base,no
160,1,1,0.9399133531922388,-0.6373569369316101,-3.387356996536255,base,yes
161,1,1,0.8933094003735664,-0.7559450268745422,-2.8809449672698975,base,Yes
162,1,0,0.08509904152653235,-2.6116528511047363,-0.23665280640125275,base,no
163,1,1,0.9241418158002492,-0.5522940754890442,-3.0522940158843994,base,yes
164,1,0,0.2018132174596823,-1.8093675374984741,-0.43436750769615173,base,no
165,1,1,0.9149009642742806,-0.6591461896896362,-3.034146308898926,base,yes
166,1,1,0.8354835452961425,-0.7449833750724792,-2.369983434677124,base,yes
167,1,1,0.6224593452091672,-0.8585748076438904,-1.3585748672485352,base,yes
168,1,1,0.8933094174159129,-0.5365422964096069,-2.6615424156188965,base,yes
169,1,0,0.2942149845400438,-1.4779736995697021,-0.6029737591743469,base,no
170,1,1,0.9465966656805269,-0.4461689889431,-3.321168899536133,base,yes
171,1,0,0.37754066879814546,-1.2183799743652344,-0.7183799743652344,base,no
172,1,0,0.06754668738548215,-3.1044511795043945,-0.47945111989974976,base,no
173,1,1,0.7549149868676283,-0.47425520420074463,-1.5992552042007446,base,yes
174,1,1,0.9149009549929797,-0.7802245616912842,-3.155224561691284,base,Yes
175,1,1,0.9149009549929797,-0.36591100692749023,-2.7409110069274902,base,yes
176,1,1,0.6791786861878392,-0.7050896286964417,-1.4550895690917969,base,yes
177,1,0,0.0953494648991095,-2.5743072032928467,-0.3243072032928467,base,no
178,1,1,0.8175744850834649,-0.37594884634017944,-1.8759489059448242,base,yes
179,1,1,0.924141817889503,-0.4657781422138214,-2.965778112411499,base,yes
180,1,1,0.9579122720843811,-0.7379848957061768,-3.8629848957061768,base,Yes
181,1,1,0.679178699175393,-0.7499089241027832,-1.4999089241027832,base,yes
182,1,0,0.1480472055495773,-2.0801937580108643,-0.33019381761550903,base,no
183,1,1,0.5926665999540697,-1.0795358419418335,-1.4545358419418335,base,Yes
184,1,1,0.914900945711678,-0.6151028871536255,-2.990102767944336,base,yes
185,1,1,0.8933094145755219,-0.338696151971817,-2.463696241378784,base,yes
186,1,1,0.7549149868676283,-0.658076286315918,-1.783076286315918,base,yes
187,1,1,0.8807970779778823,-0.5500099658966064,-2.5500099658966064,base,yes
188,1,1,0.9149009549929797,-0.7297933101654053,-3.1047933101654053,base,yes
189,1,1,0.754914975839675,-0.8044424653053284,-1.9294424057006836,base,Yes
190,1,1,0.6513548646660542,-0.6120564937591553,-1.2370564937591553,base,yes
191,1,1,0.6513548782017746,-0.7446920275688171,-1.369692087173462,base,yes
192,1,1,0.7310585786300049,-0.643021821975708,-1.643021821975708,base,yes
193,1,0,0.46879062662624377,-0.8827840089797974,-0.7577840089797974,base,no
194,1,1,0.893309411735131,-0.49901384115219116,-2.624013900756836,base,yes
195,1,0,0.2942149845400438,-1.6990230083465576,-0.8240230679512024,base,no
196,1,1,0.9149009596336303,-0.3730084300041199,-2.7480084896087646,base,yes
197,1,1,0.8670357735451834,-0.5656522512435913,-2.440652370452881,base,yes
198,1,1,0.8175744584140004,-0.8387938737869263,-2.3387937545776367,base,Yes
199,1,1,0.9149009642742806,-0.5652545690536499,-2.9402546882629395,base,yes
200,1,1,0.9046505351008906,-0.6221392154693604,-2.8721392154693604,base,yes
201,1,1,0.9626731105140616,-0.7308016419410706,-3.980801582336426,base,Yes
202,1,1,0.9046505351008906,-0.2971796989440918,-2.547179698944092,base,yes
203,1,1,0.8670357598021706,-0.5243761539459229,-2.399376153945923,base,yes
204,1,1,0.7310585669110203,-0.6788352131843567,-1.678835153579712,base,yes
205,1,1,0.9241418220680101,-0.4276528060436249,-2.9276528358459473,base,yes
206,1,1,0.7772998611746911,-0.9265975952148438,-2.1765975952148438,base,Yes
207,1,1,0.9241418283357702,-0.5524328947067261,-3.0524330139160156,base,Yes
208,1,1,0.9465966671870767,-0.5801442265510559,-3.455144166946411,base,yes
209,1,1,0.7981867777396212,-0.5663818120956421,-1.941381812095642,base,yes
210,1,1,0.754914997895581,-0.7987572550773621,-1.9237573146820068,base,yes
211,1,1,0.8175744673038221,-0.8202434182167053,-2.3202433586120605,base,yes
212,1,1,0.9149009549929797,-0.6731054782867432,-3.048105478286743,base,Yes
213,1,1,0.8519528019683106,-0.7899167537689209,-2.539916753768921,base,yes
214,1,1,0.8519527869325346,-0.546552300453186,-2.2965521812438965,base,yes
215,1,1,0.9465966732132748,-0.6902136206626892,-3.565213680267334,base,yes
216,1,1,0.9626731083722525,-0.6724673509597778,-3.9224672317504883,base,Yes
217,1,1,0.9399133498259924,-0.6368839740753174,-3.3868839740753174,base,yes
218,1,1,0.8933094003735664,-0.6872308850288391,-2.8122308254241943,base,yes
219,1,1,0.9324533126145177,-0.7015587687492371,-3.326558828353882,base,yes
220,1,1,0.7981867777396212,-0.7872028350830078,-2.162202835083008,base,yes
221,1,1,0.9149009526726544,-0.47545769810676575,-2.8504576683044434,base,yes
222,1,1,0.9669140216112958,-0.3483095169067383,-3.7233095169067383,base,yes
223,1,1,0.9399133498259924,-0.7013359069824219,-3.451335906982422,base,yes
224,1,1,0.8354835371034369,-0.7001957893371582,-2.325195789337158,base,yes
225,1,1,0.8670357666736773,-0.7304369807243347,-2.6054370403289795,base,Yes
226,1,1,0.7549149868676283,-0.9216971397399902,-2.0466971397399902,base,Yes
227,1,1,0.7057850278370112,-0.6767325401306152,-1.5517325401306152,base,yes
228,1,1,0.9046505453836383,-0.448513388633728,-2.6985135078430176,base,yes
229,1,1,0.8933094003735664,-0.49908286333084106,-2.6240828037261963,base,yes
230,1,1,0.9324533013520764,-0.6529098749160767,-3.277909755706787,base,Yes
231,1,1,0.8175744850834649,-0.5754086375236511,-2.075408697128296,base,yes
232,1,1,0.8807970842359877,-0.7067155241966248,-2.7067155838012695,base,Yes
233,1,1,0.9579122696813394,-0.6749888062477112,-3.7999887466430664,base,yes
234,1,1,0.9241418158002492,-0.7750523686408997,-3.275052309036255,base,Yes
235,1,1,0.9465966671870767,-0.5801883339881897,-3.455188274383545,base,yes
236,1,1,0.9740426443092215,-0.6022996306419373,-4.227299690246582,base,yes
237,1,1,0.914900950352329,-0.6152864098548889,-2.990286350250244,base,yes
238,1,1,0.7057850278370112,-0.677639365196228,-1.552639365196228,base,yes
239,1,1,0.8933094032139576,-0.4988611042499542,-2.623861074447632,base,yes
240,1,1,0.914900957313305,-0.40255996584892273,-2.777559995651245,base,yes
241,1,1,0.7549149868676283,-0.550186276435852,-1.675186276435852,base,yes
242,1,1,0.8519528019683106,-0.5412962436676025,-2.2912962436676025,base,yes
243,1,1,0.9465966732132748,-0.580112636089325,-3.4551126956939697,base,yes
244,1,1,0.754914975839675,-0.689453661441803,-1.8144536018371582,base,yes
245,1,1,0.9046505248181417,-0.5283690690994263,-2.7783689498901367,base,yes
246,1,1,0.867035752930664,-0.6579490303993225,-2.5329489707946777,base,yes
247,1,1,0.7057850402140659,-0.9729203581809998,-1.8479204177856445,base,Yes
248,1,1,0.9324533107374443,-0.4621393382549286,-3.087139368057251,base,yes
249,1,1,0.9046505248181417,-0.49046242237091064,-2.740462303161621,base,yes
250,1,1,0.880797071719777,-0.4713662266731262,-2.4713661670684814,base,yes
251,1,1,0.9324533088603709,-0.599409818649292,-3.224409818649292,base,yes
252,1,0,0.04208772791561884,-3.3887226581573486,-0.26372265815734863,base,no
253,1,1,0.8807970654616711,-0.695592999458313,-2.6955928802490234,base,yes
254,1,1,0.8807970779778823,-0.7571408748626709,-2.757140874862671,base,yes
255,1,1,0.679178699175393,-0.6241295337677002,-1.3741295337677002,base,yes
256,1,0,0.5,-1.0246614217758179,-1.0246614217758179,base,no
257,1,0,0.4378234991142019,-1.2070655822753906,-0.9570655822753906,base,no
258,1,1,0.7310585903489892,-0.5797185301780701,-1.5797185897827148,base,yes
259,1,1,0.6224593312018546,-1.0960012674331665,-1.5960012674331665,base,Yes
260,1,1,0.9626731169394882,-0.674911379814148,-3.9249114990234375,base,Yes
261,1,1,0.7981867825403176,-0.37836453318595886,-1.7533645629882812,base,yes
262,1,1,0.6791786861878392,-0.6512508988380432,-1.4012508392333984,base,yes
263,1,0,0.4378234844434674,-1.0609302520751953,-0.8109301924705505,base,no
264,1,1,0.851952809486198,-0.5822798609733582,-2.332279920578003,base,yes
265,1,1,0.9465966732132748,-0.6895846724510193,-3.564584732055664,base,Yes
266,1,1,0.9465966702001757,-0.3722090721130371,-3.247209072113037,base,yes
267,1,1,0.9324533051062237,-0.5434876084327698,-3.168487548828125,base,yes
268,1,1,0.9324533051062237,-0.6487482190132141,-3.2737481594085693,base,yes
269,1,1,0.9149009642742806,-0.6593774557113647,-3.0343775749206543,base,Yes
270,1,1,0.5312093733737563,-0.8699225187301636,-0.9949225187301636,base,yes
271,1,1,0.9149009480320036,-0.3729334771633148,-2.7479333877563477,base,yes
272,1,1,0.9525741322079105,-0.6219834089279175,-3.621983528137207,base,Yes
273,1,0,0.18242551936144574,-1.8780850172042847,-0.3780849874019623,base,no
274,1,1,0.8519527869325346,-0.5412465333938599,-2.2912464141845703,base,yes
275,1,1,0.9579122696813394,-0.521257221698761,-3.646257162094116,base,yes
276,1,1,0.8670357598021706,-0.6483192443847656,-2.5233192443847656,base,yes
277,1,1,0.893309411735131,-0.5364059805870056,-2.6614060401916504,base,yes
278,1,1,0.8175744761936437,-0.7393326759338379,-2.239332675933838,base,Yes
279,1,0,0.20181322226037882,-1.8592437505722046,-0.4842437505722046,base,no
280,1,1,0.5926665999540697,-0.9577043056488037,-1.3327043056488037,base,yes
281,1,1,0.5312093733737563,-1.0040266513824463,-1.1290266513824463,base,yes
282,1,1,0.679178699175393,-0.5780963897705078,-1.3280963897705078,base,yes
283,1,1,0.867035752930664,-0.76484614610672,-2.639846086502075,base,yes
284,1,1,0.9046505299595163,-0.4476678967475891,-2.6976678371429443,base,yes
285,1,1,0.9525741241296944,-0.5715571045875549,-3.57155704498291,base,Yes
286,1,1,0.8519527869325346,-0.6754261255264282,-2.4254260063171387,base,yes
287,1,1,0.9399133464597458,-0.6936946511268616,-3.443694591522217,base,yes
288,1,1,0.893309411735131,-0.8091129660606384,-2.934113025665283,base,Yes
289,1,1,0.7549149868676283,-0.9381301403045654,-2.0631301403045654,base,Yes
290,1,1,0.9579122672782973,-0.6186429262161255,-3.743642807006836,base,Yes
291,1,1,0.9465966702001757,-0.6839005947113037,-3.5589005947113037,base,Yes
292,1,1,0.8670357598021706,-0.7043590545654297,-2.5793590545654297,base,yes
293,1,0,0.3208212878370535,-1.5291721820831299,-0.7791721224784851,base,no
294,1,1,0.8354835452961425,-0.4880167841911316,-2.1130168437957764,base,yes
295,1,1,0.9579122696813394,-0.6186261773109436,-3.743626117706299,base,Yes
296,1,1,0.8519528019683106,-0.5816001892089844,-2.3316001892089844,base,yes
297,1,1,0.924141817889503,-0.39484313130378723,-2.894843101501465,base,yes
298,1,1,0.5926665999540697,-0.7719308137893677,-1.1469308137893677,base,yes
299,1,0,0.5,-1.142439842224121,-1.142439842224121,base,no
300,1,0,0.37754066879814546,-1.547729253768921,-1.047729253768921,base,no
301,1,1,0.835483553488848,-0.4876183271408081,-2.1126184463500977,base,yes
302,1,1,0.6224593452091672,-0.7326063513755798,-1.2326064109802246,base,yes
303,1,1,0.8354835452961425,-0.6443771719932556,-2.2693772315979004,base,yes
304,1,1,0.9626731126558706,-0.6704442501068115,-3.9204442501068115,base,Yes
305,1,1,0.9241418158002492,-0.6051073670387268,-3.105107307434082,base,Yes
306,1,1,0.754914975839675,-0.6495755314826965,-1.7745754718780518,base,yes
307,1,0,0.5,-1.1003398895263672,-1.1003398895263672,base,no
308,1,1,0.679178699175393,-0.939242959022522,-1.689242959022522,base,yes
309,1,1,0.5926665999540697,-1.122337818145752,-1.497337818145752,base,yes
310,1,0,0.2689414213699951,-1.8750293254852295,-0.8750293254852295,base,no
311,1,1,0.8354835207180245,-0.6923824548721313,-2.317382335662842,base,yes
312,1,1,0.8519528170040853,-0.5873388051986694,-2.337338924407959,base,yes
313,1,1,0.8807970779778823,-0.6429884433746338,-2.642988443374634,base,yes
314,1,1,0.914900950352329,-0.6150732636451721,-2.9900732040405273,base,yes
315,1,0,0.4073334000459302,-1.4517511129379272,-1.0767511129379272,base,no
316,1,1,0.6224593312018546,-1.0503504276275635,-1.5503504276275635,base,Yes
317,1,1,0.8670357735451834,-0.779962420463562,-2.6549625396728516,base,yes
318,1,0,0.16451644651115205,-2.385709762573242,-0.7607096433639526,base,no
319,1,0,0.10669058826486906,-2.7357866764068604,-0.6107866168022156,base,no
320,1,0,0.18242552825126704,-1.8911577463150024,-0.39115777611732483,base,no
321,1,1,0.8354835289107309,-0.6065242886543274,-2.2315242290496826,base,yes
322,1,1,0.9241418283357702,-0.7142947912216187,-3.214294910430908,base,yes
323,1,1,0.8175744850834649,-0.4772629141807556,-1.9772629737854004,base,yes
324,1,1,0.7057850402140659,-0.6515600085258484,-1.5265600681304932,base,yes
325,1,1,0.8175744761936437,-0.5378661155700684,-2.0378661155700684,base,yes
326,1,1,0.6791787121629466,-0.8423668742179871,-1.5923669338226318,base,yes
327,1,1,0.8670357598021706,-0.771597146987915,-2.646597146987915,base,yes
328,1,1,0.9820137931962463,-0.33121997117996216,-4.3312201499938965,base,Yes
329,1,0,0.46879062662624377,-1.158021092414856,-1.033021092414856,base,no
330,1,0,0.04208773272170267,-3.532654285430908,-0.40765440464019775,base,no
331,1,1,0.914900945711678,-0.475561261177063,-2.8505611419677734,base,yes
332,1,0,0.20181322226037882,-1.982534408569336,-0.6075344085693359,base,no
333,1,1,0.6224593312018546,-0.9111852645874023,-1.4111852645874023,base,yes
334,1,1,0.8807970748488297,-0.47526219487190247,-2.47526216506958,base,yes
335,1,0,0.24508501313237172,-1.65482759475708,-0.5298275947570801,base,no
336,1,1,0.8175744761936437,-0.8209667205810547,-2.3209667205810547,base,yes
337,1,1,0.7310585786300049,-0.6117227077484131,-1.611722707748413,base,yes
338,1,1,0.8933094060543487,-0.6929478645324707,-2.8179478645324707,base,yes
339,1,1,0.8933094003735664,-0.5450130105018616,-2.670012950897217,base,yes
340,1,0,0.3208212878370535,-1.5549535751342773,-0.8049535155296326,base,no
341,1,1,0.9465966702001757,-0.5339827537536621,-3.408982753753662,base,yes
342,1,1,0.5621765008857981,-0.8821887969970703,-1.1321887969970703,base,yes
343,1,1,0.9241418158002492,-0.7198284268379211,-3.2198283672332764,base,yes
344,1,0,0.02297736991002561,-4.097448825836182,-0.34744882583618164,base,no
345,1,1,0.8175744939732856,-0.5432161092758179,-2.0432162284851074,base,yes
346,1,1,0.7772998818103892,-0.7702072858810425,-2.020207405090332,base,yes
347,1,1,0.8933094060543487,-0.5450553894042969,-2.670055389404297,base,yes
348,1,1,0.9465966702001757,-0.5313448905944824,-3.4063448905944824,base,yes
349,1,1,0.5312093733737563,-1.2584924697875977,-1.3834924697875977,base,Yes
350,1,1,0.9324533088603709,-0.5954535007476807,-3.2204535007476807,base,yes
351,1,1,0.5621765155565327,-0.953556478023529,-1.2035565376281738,base,yes
352,1,1,0.851952809486198,-0.6322833895683289,-2.3822834491729736,base,yes
353,1,1,0.6224593171945417,-0.7000704407691956,-1.2000703811645508,base,yes
354,1,1,0.6791787121629466,-0.8207103610038757,-1.5707104206085205,base,yes
355,1,0,0.5,-0.9518020749092102,-0.9518020749092102,base,no
356,1,0,0.37754066879814546,-1.139976978302002,-0.639976978302002,base,no
357,1,1,0.957912274487423,-0.5682851672172546,-3.6932852268218994,base,Yes
358,1,1,0.7549149868676283,-0.8305180072784424,-1.9555180072784424,base,yes
359,1,1,0.9399133515091156,-0.415361613035202,-3.1653616428375244,base,yes
360,1,1,0.9399133464597458,-0.4573591351509094,-3.2073590755462646,base,Yes
361,1,1,0.9046505248181417,-0.48669350147247314,-2.7366933822631836,base,yes
362,1,1,0.9149009596336303,-0.7798685431480408,-3.1548686027526855,base,Yes
363,1,1,0.9669140216112958,-0.5557754039764404,-3.9307754039764404,base,Yes
364,1,0,0.029312229903390143,-3.795196294784546,-0.2951962649822235,base,no
365,1,0,0.18242552380635632,-2.166513681411743,-0.6665136814117432,base,no
366,1,1,0.6513548511303336,-0.881791889667511,-1.5067918300628662,base,yes
367,1,1,0.8933094174159129,-0.6925462484359741,-2.8175463676452637,base,Yes
368,1,1,0.8175744939732856,-0.5803769826889038,-2.0803771018981934,base,yes
369,1,1,0.9626731147976793,-0.4688562750816345,-3.7188563346862793,base,Yes
370,1,1,0.8807970842359877,-0.5995766520500183,-2.599576711654663,base,yes
371,1,1,0.9241418199787566,-0.5558829307556152,-3.0558829307556152,base,yes
372,1,1,0.7057850278370112,-0.6930683851242065,-1.5680683851242065,base,yes
373,1,1,0.952574129515172,-0.5741013884544373,-3.574101448059082,base,yes
374,1,1,0.9241418116217418,-0.6049548387527466,-3.104954719543457,base,Yes
375,1,1,0.9465966717067252,-0.44186779856681824,-3.3168678283691406,base,yes
376,1,0,0.24508502416032488,-1.746720552444458,-0.6217206120491028,base,no
377,1,0,0.07585818211049715,-2.7800252437591553,-0.28002527356147766,base,no
378,1,1,0.9399133498259924,-0.49283885955810547,-3.2428388595581055,base,yes
379,1,1,0.9525741241296944,-0.4795241951942444,-3.4795241355895996,base,yes
380,1,0,0.29421497216298875,-1.6125541925430298,-0.7375541925430298,base,no
381,1,1,0.8519528170040853,-0.5470584630966187,-2.297058582305908,base,yes
382,1,0,0.047425871831197425,-3.4198992252349854,-0.41989919543266296,base,no
383,1,0,0.18242553269617778,-1.9458215236663818,-0.4458215832710266,base,no
384,1,1,0.9324533163686646,-0.7102159261703491,-3.3352160453796387,base,Yes
385,1,1,0.7981867777396212,-0.6454269886016846,-2.0204269886016846,base,yes
386,1,1,0.6513548646660542,-0.9135433435440063,-1.5385433435440063,base,yes
387,1,1,0.7310585903489892,-0.8692283034324646,-1.8692283630371094,base,yes
388,1,0,0.4073334000459302,-1.1281179189682007,-0.7531179189682007,base,no
389,1,1,0.880797071719777,-0.6482539772987366,-2.648253917694092,base,yes
390,1,1,0.9324533051062237,-0.7052066922187805,-3.3302066326141357,base,Yes
391,1,1,0.8519527944504226,-0.7611618638038635,-2.5111618041992188,base,Yes
392,1,1,0.9149009596336303,-0.40008729696273804,-2.775087356567383,base,yes
393,1,1,0.9241418137109955,-0.429907888174057,-2.92990779876709,base,yes
394,1,1,0.7310585903489892,-0.9833266139030457,-1.9833266735076904,base,Yes
395,1,1,0.835483553488848,-0.5551050901412964,-2.180105209350586,base,yes
396,1,1,0.8670357460591569,-0.6580783128738403,-2.533078193664551,base,yes
397,1,1,0.9241418241572634,-0.6046928763389587,-3.1046929359436035,base,yes
398,1,1,0.7772998714925403,-0.5860077738761902,-1.836007833480835,base,yes
399,1,1,0.7772998714925403,-0.8685683608055115,-2.1185684204101562,base,yes
400,1,1,0.8519527944504226,-0.6265721917152405,-2.3765721321105957,base,yes
401,1,1,0.8354835207180245,-0.5177398920059204,-2.142739772796631,base,yes
402,1,0,0.05340332377362639,-3.378467559814453,-0.5034674406051636,base,no
403,1,1,0.939913343093499,-0.4148799180984497,-3.16487979888916,base,yes
404,1,1,0.6513548646660542,-0.8274059295654297,-1.4524059295654297,base,yes
405,1,1,0.8175744939732856,-0.5801342725753784,-2.080134391784668,base,yes
406,1,1,0.9046505351008906,-0.6225488185882568,-2.872548818588257,base,yes
407,1,1,0.9324533163686646,-0.7052410840988159,-3.3302412033081055,base,yes
408,1,1,0.9149009596336303,-0.4376789927482605,-2.8126790523529053,base,yes
409,1,0,0.4378235137849365,-1.0511465072631836,-0.8011465668678284,base,no
410,1,1,0.8670357598021706,-0.6593043804168701,-2.53430438041687,base,yes
411,1,1,0.9324533088603709,-0.45924973487854004,-3.08424973487854,base,Yes
412,1,1,0.9579122696813394,-0.6804733872413635,-3.8054733276367188,base,yes
413,1,1,0.7057850278370112,-0.7432107925415039,-1.618210792541504,base,yes
414,1,1,0.8175744761936437,-0.773038387298584,-2.273038387298584,base,yes
415,1,1,0.9241418158002492,-0.6049514412879944,-3.1049513816833496,base,yes
416,1,0,0.46879062662624377,-1.1595038175582886,-1.0345038175582886,base,no
417,1,0,0.16451647108926923,-2.242288112640381,-0.6172881722450256,base,no
418,1,0,0.10669060530721626,-2.742974281311035,-0.6179744005203247,base,no
419,1,1,0.5926665999540697,-0.7733471393585205,-1.1483471393585205,base,yes
420,1,1,0.8175744850834649,-0.6658796668052673,-2.165879726409912,base,yes
421,1,0,0.37754066879814546,-1.5744423866271973,-1.0744423866271973,base,no
422,1,0,0.10669059394565118,-2.476600408554077,-0.35160040855407715,base,no
423,1,1,0.9324533051062237,-0.7615252137184143,-3.3865251541137695,base,Yes
424,1,1,0.6224593312018546,-1.1164803504943848,-1.6164803504943848,base,Yes
425,1,0,0.4073334000459302,-1.252373218536377,-0.877373218536377,base,no
426,1,1,0.8933094060543487,-0.5001125335693359,-2.625112533569336,base,yes
427,1,1,0.9241418199787566,-0.7148771286010742,-3.214877128601074,base,yes
428,1,0,0.46879062662624377,-1.1846508979797363,-1.0596508979797363,base,no
429,1,0,0.2689414096510108,-1.4348461627960205,-0.43484610319137573,base,no
430,1,1,0.9399133447766225,-0.4090183675289154,-3.1590182781219482,base,yes
431,1,1,0.7772998714925403,-0.5848914980888367,-1.8348915576934814,base,yes
432,1,1,0.9579122720843811,-0.47542762756347656,-3.6004276275634766,base,yes
433,1,0,0.07585818315512395,-2.654618978500366,-0.1546190232038498,base,no
434,1,0,0.06754668550840877,-2.9762423038482666,-0.35124221444129944,base,no
435,1,0,0.5,-0.8868272304534912,-0.8868272304534912,base,no
436,1,1,0.9324533088603709,-0.705085277557373,-3.330085277557373,base,Yes
437,1,0,0.1480472055495773,-2.3442180156707764,-0.5942180752754211,base,no
438,1,1,0.8354835207180245,-0.7818647623062134,-2.406864643096924,base,Yes
439,1,0,0.32082130082460697,-1.597660779953003,-0.8476607799530029,base,no
440,1,1,0.6224593312018546,-1.044406533241272,-1.544406533241272,base,yes
441,1,1,0.9626731083722525,-0.4685016870498657,-3.718501567840576,base,yes
442,1,0,0.3208213138121609,-1.3693788051605225,-0.6193788647651672,base,no
443,1,1,0.7981867777396212,-0.863800048828125,-2.238800048828125,base,Yes
444,1,0,0.2689414330889798,-1.4170737266540527,-0.4170737862586975,base,no
445,1,1,0.7057850278370112,-0.9456720352172852,-1.8206720352172852,base,yes
446,1,0,0.5,-0.9096249938011169,-0.9096249938011169,base,no
447,1,1,0.9149009596336303,-0.6201450228691101,-2.995145082473755,base,yes
448,1,0,0.10669058400428263,-2.3465776443481445,-0.22157754004001617,base,no
449,1,0,0.05340332829327471,-3.1707677841186523,-0.29576775431632996,base,no
450,1,0,0.24508501313237172,-1.867936134338379,-0.7429361343383789,base,no
451,1,0,0.2942149597859341,-1.5930380821228027,-0.718038022518158,base,no
452,1,1,0.8807970873650403,-0.4054667055606842,-2.4054667949676514,base,yes
453,1,1,0.754914997895581,-0.6070443987846375,-1.7320444583892822,base,yes
454,1,1,0.8354835411997897,-0.4614576995372772,-2.0864577293395996,base,yes
455,1,1,0.8807970779778823,-0.5130298137664795,-2.5130298137664795,base,yes
456,1,1,0.7310585786300049,-0.6054751873016357,-1.6054751873016357,base,yes
457,1,1,0.8670357460591569,-0.6095753908157349,-2.4845752716064453,base,yes
458,1,1,0.9465966762263737,-0.6301649808883667,-3.5051651000976562,base,Yes
459,1,1,0.8933094060543487,-0.8031349182128906,-2.9281349182128906,base,Yes
460,1,1,0.9241418199787566,-0.4716188907623291,-2.971618890762329,base,yes
461,1,1,0.7310585786300049,-0.922717809677124,-1.922717809677124,base,yes
462,1,1,0.8670357666736773,-0.6155404448509216,-2.4905405044555664,base,yes
463,1,1,0.9626731126558706,-0.5180163383483887,-3.7680163383483887,base,yes
464,1,0,0.4378234844434674,-1.0118634700775146,-0.7618634104728699,base,no
465,1,1,0.9149009549929797,-0.7803442478179932,-3.155344247817993,base,Yes
466,1,1,0.9626731105140616,-0.5139904618263245,-3.7639904022216797,base,Yes
467,1,0,0.16451645470385742,-1.908492088317871,-0.2834920287132263,base,no
468,1,1,0.9241418283357702,-0.7190974950790405,-3.21909761428833,base,yes
469,1,1,0.9324533051062237,-0.6524854302406311,-3.2774853706359863,base,yes
470,1,1,0.9399133464597458,-0.7538664937019348,-3.50386643409729,base,Yes
471,1,1,0.8933094003735664,-0.7433140873908997,-2.868314027786255,base,yes
472,1,1,0.8933094174159129,-0.8040546178817749,-2.9290547370910645,base,Yes
473,1,1,0.9890130554263733,-0.5874025225639343,-5.08740234375,base,Yes
474,1,1,0.9241418283357702,-0.513968825340271,-3.0139689445495605,base,yes
475,1,1,0.8807970779778823,-0.6551613807678223,-2.6551613807678223,base,yes
476,1,1,0.893309411735131,-0.5810739398002625,-2.7060739994049072,base,yes
477,1,1,0.9324533013520764,-0.7614618539810181,-3.3864617347717285,base,Yes
478,1,0,0.34864513533394575,-1.5911624431610107,-0.9661624431610107,base,no
479,1,1,0.9324533163686646,-0.547207236289978,-3.1722073554992676,base,Yes
480,1,1,0.9626731126558706,-0.5627665519714355,-3.8127665519714355,base,Yes
481,1,0,0.02297737258620403,-4.207359790802002,-0.4573599100112915,base,no
482,1,1,0.9241418158002492,-0.4686487317085266,-2.968648672103882,base,yes
483,1,1,0.7772998611746911,-0.6694637537002563,-1.9194637537002563,base,yes
484,1,1,0.8807970842359877,-0.638931930065155,-2.6389319896698,base,yes
485,1,1,0.893309411735131,-0.42282265424728394,-2.5478227138519287,base,yes
486,1,1,0.9465966732132748,-0.7469941973686218,-3.6219942569732666,base,Yes
487,1,1,0.6224593312018546,-0.944206953048706,-1.444206953048706,base,yes
488,1,1,0.8519527944504226,-0.6743162274360657,-2.424316167831421,base,yes
489,1,1,0.9241418241572634,-0.6054758429527283,-3.105475902557373,base,yes
490,1,1,0.9399133498259924,-0.7007050514221191,-3.450705051422119,base,yes
491,1,1,0.8807970779778823,-0.5997014045715332,-2.599701404571533,base,yes
492,1,1,0.952574129515172,-0.40071767568588257,-3.4007177352905273,base,yes
493,1,1,0.867035752930664,-0.8188071846961975,-2.6938071250915527,base,Yes
494,1,1,0.8933094003735664,-0.5853291153907776,-2.710329055786133,base,yes
495,1,1,0.966914017797636,-0.5095149278640747,-3.884514808654785,base,Yes
496,1,1,0.957912274487423,-0.4754580855369568,-3.6004581451416016,base,yes
497,1,0,0.0953494738965146,-2.4330759048461914,-0.18307600915431976,base,no
498,1,0,0.29421497216298875,-1.8223096132278442,-0.9473096132278442,base,no
499,1,0,0.3208213138121609,-1.3970954418182373,-0.6470955014228821,base,no
500,1,1,0.8175744673038221,-0.870777428150177,-2.3707773685455322,base,Yes
501,1,0,0.09534946875514017,-2.457392930984497,-0.20739297568798065,base,no
502,1,0,0.20181323186177208,-1.8501150608062744,-0.4751151204109192,base,no
503,1,1,0.7057850278370112,-0.8413190841674805,-1.7163190841674805,base,yes
504,1,0,0.1066905911052601,-2.3469839096069336,-0.2219838798046112,base,no
505,1,1,0.5312093733737563,-1.018538475036621,-1.143538475036621,base,yes
506,1,0,0.16451645880021026,-2.020855188369751,-0.3958551585674286,base,no
507,1,1,0.8175744584140004,-0.6341348886489868,-2.1341347694396973,base,Yes
508,1,1,0.9525741268224334,-0.7383139133453369,-3.738313913345337,base,Yes
509,1,1,0.7772998714925403,-0.7239534258842468,-1.9739534854888916,base,yes
510,1,0,0.24508500210441886,-1.8096966743469238,-0.684696614742279,base,no
511,1,0,0.13296425394084313,-2.3765082359313965,-0.501508355140686,base,no
512,1,1,0.7310585786300049,-0.6591304540634155,-1.6591304540634155,base,yes
513,1,1,0.9046505325302034,-0.41682007908821106,-2.6668200492858887,base,yes
514,1,1,0.9525741227833249,-0.47579678893089294,-3.475796699523926,base,Yes
515,1,1,0.9046505453836383,-0.7423409223556519,-2.9923410415649414,base,Yes
516,1,1,0.5312093733737563,-1.243139386177063,-1.368139386177063,base,Yes
517,1,1,0.8933094060543487,-0.7563092708587646,-2.8813092708587646,base,Yes
518,1,1,0.7057850402140659,-0.7117802500724792,-1.586780309677124,base,yes
519,1,1,0.9149009619539553,-0.3702627718448639,-2.745262861251831,base,yes
520,1,0,0.5,-1.2929818630218506,-1.2929818630218506,base,no
521,1,1,0.6513548511303336,-0.6399973034858704,-1.2649972438812256,base,yes
522,1,0,0.46879062662624377,-0.9634271264076233,-0.8384271264076233,base,no
523,1,1,0.8175744673038221,-0.5385070443153381,-2.0385069847106934,base,yes
524,1,1,0.7981867873410141,-0.6444408297538757,-2.0194408893585205,base,yes
525,1,1,0.8670357460591569,-0.7891474962234497,-2.66414737701416,base,Yes
526,1,0,0.22270011818961086,-2.1175408363342285,-0.867540717124939,base,no
527,1,0,0.3208212878370535,-1.6040754318237305,-0.8540753722190857,base,No
528,1,1,0.8354835207180245,-0.8088513612747192,-2.4338512420654297,base,yes
529,1,1,0.9399133531922388,-0.7009257674217224,-3.450925827026367,base,yes
530,1,0,0.34864513533394575,-1.2659456729888916,-0.6409456729888916,base,no
531,1,1,0.914900945711678,-0.6593648195266724,-3.034364700317383,base,Yes
532,1,0,0.18242552380635632,-1.9456841945648193,-0.44568419456481934,base,no
533,1,1,0.9465966732132748,-0.6330112814903259,-3.5080113410949707,base,yes
534,1,0,0.4378234991142019,-1.1480979919433594,-0.8980979919433594,base,no
535,1,1,0.8933093975331751,-0.4267357289791107,-2.5517356395721436,base,yes
536,1,1,0.679178699175393,-0.650164008140564,-1.400164008140564,base,yes
537,1,1,0.939913343093499,-0.5412894487380981,-3.2912893295288086,base,yes
538,1,1,0.9149009642742806,-0.6681116819381714,-3.043111801147461,base,yes
539,1,0,0.16451645470385742,-2.242927074432373,-0.6179270148277283,base,no
540,1,1,0.7549149868676283,-0.8042906522750854,-1.9292906522750854,base,Yes
541,1,0,0.24508501313237172,-1.7832534313201904,-0.6582534313201904,base,no
542,1,1,0.9669140139839756,-0.6680920124053955,-4.043091773986816,base,yes
543,1,1,0.9324533144915912,-0.326503187417984,-2.951503276824951,base,yes
544,1,1,0.9626731083722525,-0.6123920679092407,-3.862391948699951,base,Yes
545,1,0,0.1645164628965632,-2.345658540725708,-0.720658540725708,base,No
546,1,1,0.8354835452961425,-0.817081868648529,-2.442081928253174,base,Yes
547,1,0,0.46879062662624377,-1.0526316165924072,-0.9276316165924072,base,no
548,1,1,0.7772998714925403,-0.7134379744529724,-1.9634380340576172,base,yes
549,1,1,0.9324533051062237,-0.7654145359992981,-3.3904144763946533,base,Yes
550,1,0,0.3486451217982255,-1.2891535758972168,-0.664153516292572,base,no
551,1,1,0.6224593312018546,-1.1051397323608398,-1.6051397323608398,base,Yes
552,1,1,0.9626731126558706,-0.6159458160400391,-3.865945816040039,base,yes
553,1,1,0.7057850154599563,-0.8900287747383118,-1.765028715133667,base,yes
554,1,1,0.7981867777396212,-0.6962316036224365,-2.0712316036224365,base,yes
555,1,1,0.8354835289107309,-0.6865487694740295,-2.3115487098693848,base,yes
556,1,1,0.9324533013520764,-0.6487113237380981,-3.2737112045288086,base,Yes
557,1,1,0.6513548511303336,-0.5927353501319885,-1.2177352905273438,base,yes
558,1,1,0.5312093733737563,-1.1037681102752686,-1.2287681102752686,base,yes
559,1,0,0.1192029188930649,-2.3385705947875977,-0.33857056498527527,base,no
560,1,0,0.1645164628965632,-2.0465707778930664,-0.4215707778930664,base,no
561,1,1,0.7057850154599563,-0.9328070282936096,-1.8078069686889648,base,Yes
562,1,0,0.18242553269617778,-1.974242925643921,-0.4742429852485657,base,no
563,1,1,0.8175744761936437,-0.5095329284667969,-2.009532928466797,base,yes
564,1,1,0.9820137879323497,-0.540690541267395,-4.5406904220581055,base,Yes
565,1,0,0.24508500210441886,-1.695075273513794,-0.5700752139091492,base,no
566,1,1,0.9626731169394882,-0.6747230291366577,-3.9247231483459473,base,yes
567,1,0,0.4073334000459302,-1.2705631256103516,-0.8955631256103516,base,no
568,1,1,0.5621765155565327,-0.8503612875938416,-1.1003613471984863,base,yes
569,1,1,0.6513548511303336,-0.7879183888435364,-1.4129183292388916,base,yes
570,1,1,0.8933094003735664,-0.49920111894607544,-2.6242010593414307,base,yes
571,1,0,0.5,-1.189555048942566,-1.189555048942566,base,no
572,1,1,0.957912274487423,-0.6238018870353699,-3.7488019466400146,base,yes
573,1,0,0.37754066879814546,-1.168383002281189,-0.668383002281189,base,no
574,1,0,0.02931222905542399,-3.825375556945801,-0.325375497341156,base,no
575,1,1,0.8807970904940926,-0.5505727529525757,-2.5505728721618652,base,yes
576,1,1,0.6513548646660542,-0.6924319267272949,-1.317431926727295,base,yes
577,1,1,0.9046505453836383,-0.7968758344650269,-3.0468759536743164,base,Yes
578,1,1,0.8354835371034369,-0.48350024223327637,-2.1085002422332764,base,yes
579,1,1,0.5621765155565327,-0.798224151134491,-1.0482242107391357,base,yes
580,1,1,0.8933094032139576,-0.36308053135871887,-2.4880805015563965,base,yes
581,1,0,0.13296424019782924,-2.2401938438415527,-0.36519384384155273,base,no
582,1,1,0.9241418241572634,-0.4249712824821472,-2.924971342086792,base,yes
583,1,0,0.34864513533394575,-1.2784993648529053,-0.6534993648529053,base,no
584,1,1,0.8670357598021706,-0.48650026321411133,-2.3615002632141113,base,yes
585,1,1,0.5312093733737563,-0.9036809206008911,-1.0286809206008911,base,yes
586,1,1,0.9669140216112958,-0.38248562812805176,-3.7574856281280518,base,Yes
587,1,1,0.9525741227833249,-0.43949636816978455,-3.4394962787628174,base,yes
588,1,1,0.8670357598021706,-0.4243447780609131,-2.299344778060913,base,yes
589,1,1,0.7772998508568416,-0.5927873253822327,-1.842787265777588,base,yes
590,1,1,0.5312093733737563,-0.8766952753067017,-1.0016952753067017,base,yes
591,1,0,0.033085976958581766,-3.529531240463257,-0.15453119575977325,base,no
592,1,1,0.7057850402140659,-0.5628558993339539,-1.4378559589385986,base,yes
593,1,1,0.679178699175393,-0.5495319366455078,-1.2995319366455078,base,yes
594,1,1,0.8354835452961425,-0.6007818579673767,-2.2257819175720215,base,yes
595,1,1,0.9525741214369554,-0.7409278154373169,-3.7409276962280273,base,Yes
596,1,1,0.9149009549929797,-0.43691015243530273,-2.8119101524353027,base,yes
597,1,1,0.952574129515172,-0.6833605170249939,-3.6833605766296387,base,yes
598,1,1,0.9399133498259924,-0.6369044780731201,-3.38690447807312,base,Yes
599,1,1,0.9324533088603709,-0.5956845283508301,-3.22068452835083,base,Yes
600,1,0,0.3486451217982255,-1.5209131240844727,-0.8959130644798279,base,no
601,1,1,0.6513548646660542,-0.9277967214584351,-1.552796721458435,base,yes
602,1,0,0.24508502416032488,-1.9131879806518555,-0.7881880402565002,base,no
603,1,1,0.9241418116217418,-0.5599910020828247,-3.059990882873535,base,yes
604,1,1,0.7772998611746911,-0.5577311515808105,-1.8077311515808105,base,yes
605,1,1,0.6513548646660542,-0.7444688081741333,-1.3694688081741333,base,yes
606,1,1,0.8670357735451834,-0.6101893186569214,-2.485189437866211,base,yes
607,1,1,0.8933094174159129,-0.8094290494918823,-2.934429168701172,base,Yes
608,1,0,0.08509904500702024,-2.667426824569702,-0.29242682456970215,base,no
609,1,1,0.8933094060543487,-0.3655436038970947,-2.4905436038970947,base,yes
610,1,1,0.8807970842359877,-0.47128766775131226,-2.471287727355957,base,yes
611,1,1,0.9046505453836383,-0.4904745817184448,-2.7404747009277344,base,yes
612,1,1,0.9241418283357702,-0.7702058553695679,-3.2702059745788574,base,Yes
613,1,0,0.1480471980316895,-2.238032579421997,-0.48803257942199707,base,no
614,1,1,0.7772998508568416,-0.5866444706916809,-1.8366444110870361,base,yes
615,1,1,0.6224593312018546,-0.8305016756057739,-1.330501675605774,base,yes
616,1,1,0.8670357494949105,-0.3918803632259369,-2.2668802738189697,base,yes
617,1,0,0.4378234844434674,-1.1692605018615723,-0.9192604422569275,base,no
618,1,0,0.18242553269617778,-2.0632688999176025,-0.5632689595222473,base,no
619,1,1,0.7310585903489892,-0.8703414797782898,-1.8703415393829346,base,yes
620,1,1,0.7981867777396212,-0.5669246912002563,-1.9419246912002563,base,yes
621,1,1,0.9046505248181417,-0.6794725656509399,-2.9294724464416504,base,yes
622,1,1,0.9046505402422645,-0.7914320826530457,-3.0414321422576904,base,Yes
623,1,1,0.8933094145755219,-0.4259568750858307,-2.550956964492798,base,yes
624,1,1,0.8354835493924953,-0.37613120675086975,-2.001131296157837,base,yes
625,1,1,0.9046505299595163,-0.27829867601394653,-2.5282986164093018,base,yes
626,1,1,0.7772998611746911,-0.5918983221054077,-1.8418983221054077,base,yes
627,1,1,0.5621765008857981,-1.0670289993286133,-1.3170289993286133,base,yes
628,1,1,0.5621765008857981,-0.8914672136306763,-1.1414672136306763,base,yes
629,1,1,0.7310585903489892,-0.7280091643333435,-1.7280092239379883,base,yes
630,1,1,0.5926665999540697,-0.9145965576171875,-1.2895965576171875,base,yes
631,1,1,0.8354835289107309,-0.5180445313453674,-2.1430444717407227,base,yes
632,1,1,0.939913356558485,-0.4961642026901245,-3.246164321899414,base,yes
633,1,1,0.6224593452091672,-0.7268680930137634,-1.2268681526184082,base,yes
634,1,0,0.34864513533394575,-1.3346816301345825,-0.7096816301345825,base,no
635,1,1,0.9525741268224334,-0.5737400054931641,-3.573740005493164,base,yes
636,1,0,0.1480471980316895,-2.195977210998535,-0.44597721099853516,base,no
637,1,0,0.18242551491653522,-2.0758697986602783,-0.5758697390556335,base,no
638,1,1,0.7981867777396212,-0.6958584785461426,-2.0708584785461426,base,yes
639,1,1,0.7057850278370112,-0.636961817741394,-1.511961817741394,base,yes
640,1,1,0.8519527869325346,-0.4738050699234009,-2.2238049507141113,base,yes
641,1,1,0.8807970904940926,-0.6477631330490112,-2.647763252258301,base,yes
642,1,1,0.9046505402422645,-0.4836358428001404,-2.733635902404785,base,yes
643,1,0,0.24508501313237172,-1.5841742753982544,-0.4591742753982544,base,no
644,1,1,0.7310585786300049,-0.643890380859375,-1.643890380859375,base,yes
645,1,1,0.952574129515172,-0.6265072226524353,-3.62650728225708,base,yes
646,1,1,0.9669140216112958,-0.3851189613342285,-3.7601189613342285,base,yes
647,1,1,0.9465966702001757,-0.48566770553588867,-3.3606677055358887,base,Yes
648,1,1,0.9465966732132748,-0.6360334753990173,-3.511033535003662,base,yes
649,1,1,0.9046505402422645,-0.6741947531700134,-2.924194812774658,base,Yes
650,1,1,0.6513548646660542,-0.789534330368042,-1.414534330368042,base,yes
651,1,1,0.9324533013520764,-0.648018479347229,-3.2730183601379395,base,yes
652,1,0,0.2689414330889798,-1.494443416595459,-0.49444347620010376,base,no
653,1,1,0.851952809486198,-0.38321560621261597,-2.1332156658172607,base,yes
654,1,1,0.851952809486198,-0.6825277209281921,-2.432527780532837,base,yes
655,1,1,0.7057850402140659,-0.6760105490684509,-1.5510106086730957,base,yes
656,1,1,0.8807970842359877,-0.6611220240592957,-2.6611220836639404,base,Yes
657,1,0,0.4378234991142019,-1.0019865036010742,-0.7519865036010742,base,no
658,1,0,0.4378234844434674,-1.0258705615997314,-0.7758705019950867,base,no
659,1,1,0.6513548511303336,-0.6404657959938049,-1.2654657363891602,base,yes
660,1,0,0.3208213138121609,-1.3351554870605469,-0.5851555466651917,base,no
661,1,0,0.2942149845400438,-1.3293085098266602,-0.45430856943130493,base,no
662,1,1,0.5621765008857981,-0.7306626439094543,-0.9806626439094543,base,yes
663,1,1,0.9669140187510509,-0.3851040303707123,-3.760103940963745,base,yes
664,1,1,0.867035752930664,-0.8401740193367004,-2.7151739597320557,base,Yes
665,1,1,0.754914975839675,-0.6977325081825256,-1.8227324485778809,base,yes
666,1,1,0.5621765155565327,-0.8805095553398132,-1.130509614944458,base,yes
667,1,1,0.5926665999540697,-0.7996792793273926,-1.1746792793273926,base,yes
668,1,1,0.6224593312018546,-0.629420280456543,-1.129420280456543,base,yes
669,1,0,0.4073333856566001,-1.0751242637634277,-0.700124204158783,base,no
670,1,1,0.9465966641739773,-0.5799142122268677,-3.454914093017578,base,Yes
671,1,0,0.2689414330889798,-1.5492925643920898,-0.5492926239967346,base,no
672,1,0,0.32082130082460697,-1.3444527387619019,-0.5944527387619019,base,no
673,1,1,0.8519527869325346,-0.6326600313186646,-2.382659912109375,base,yes
674,1,1,0.8933093946927838,-0.7558232545852661,-2.8808231353759766,base,yes
675,1,1,0.9324533126145177,-0.592869222164154,-3.217869281768799,base,yes
676,1,1,0.9046505351008906,-0.5821115970611572,-2.8321115970611572,base,yes
677,1,1,0.8807970779778823,-0.5137176513671875,-2.5137176513671875,base,yes
678,1,1,0.9046505402422645,-0.5249366164207458,-2.7749366760253906,base,yes
679,1,1,0.9324533013520764,-0.5408474206924438,-3.1658473014831543,base,yes
680,1,1,0.9399133498259924,-0.5879504680633545,-3.3379504680633545,base,yes
681,1,1,0.880797071719777,-0.47498995065689087,-2.474989891052246,base,yes
682,1,1,0.9241418199787566,-0.5522112846374512,-3.052211284637451,base,yes
683,1,1,0.9046505402422645,-0.742297351360321,-2.992297410964966,base,yes
684,1,1,0.5926665855647394,-0.9025686383247375,-1.2775685787200928,base,yes
685,1,0,0.13296425394084313,-2.1458168029785156,-0.2708169221878052,base,no
686,1,1,0.9740426428022031,-0.550910472869873,-4.175910472869873,base,Yes
687,1,0,0.2689414330889798,-1.5500242710113525,-0.5500243306159973,base,no
688,1,1,0.8354835371034369,-0.6388413906097412,-2.263841390609741,base,yes
689,1,1,0.9465966671870767,-0.5309951901435852,-3.4059951305389404,base,yes
690,1,1,0.6513548782017746,-0.6992151141166687,-1.3242151737213135,base,yes
691,1,1,0.9324533126145177,-0.5994243025779724,-3.224424362182617,base,yes
692,1,1,0.8807970779778823,-0.5601627826690674,-2.5601627826690674,base,yes
693,1,1,0.8670357735451834,-0.7884896993637085,-2.663489818572998,base,yes
694,1,0,0.09534947518185825,-2.8395590782165527,-0.5895591974258423,base,no
695,1,0,0.0953494674697966,-2.570604085922241,-0.3206041157245636,base,no
696,1,1,0.5621764862150634,-0.753754198551178,-1.0037541389465332,base,yes
697,1,0,0.22270013366638422,-1.684632420539856,-0.43463239073753357,base,no
698,1,1,0.7057850154599563,-0.9036934971809387,-1.778693437576294,base,yes
699,1,1,0.5621765008857981,-0.8226991891860962,-1.0726991891860962,base,yes
700,1,1,0.8933094174159129,-0.6867884397506714,-2.811788558959961,base,yes
701,1,1,0.9324533088603709,-0.4989142417907715,-3.1239142417907715,base,Yes
702,1,1,0.8354835289107309,-0.8604622483253479,-2.485462188720703,base,Yes
703,1,1,0.9046505351008906,-0.6264564990997314,-2.8764564990997314,base,yes
704,1,1,0.7772998611746911,-0.49353480339050293,-1.743534803390503,base,yes
705,1,1,0.5621765008857981,-1.1883703470230103,-1.4383703470230103,base,Yes
706,1,1,0.9149009596336303,-0.7854306101799011,-3.160430669784546,base,Yes
707,1,0,0.18242552825126704,-1.8483128547668457,-0.3483128845691681,base,no
708,1,0,0.22270013882530884,-1.6332234144210815,-0.38322341442108154,base,no
709,1,1,0.9626731126558706,-0.6749482154846191,-3.924948215484619,base,yes
710,1,1,0.6791787121629466,-0.7990333437919617,-1.5490334033966064,base,yes
711,1,1,0.7772998611746911,-0.5919877290725708,-1.8419877290725708,base,yes
712,1,1,0.9740426382811477,-0.6603562235832214,-4.285356044769287,base,yes
713,1,1,0.9241418262465169,-0.39522090554237366,-2.895220994949341,base,yes
714,1,1,0.904650527388829,-0.3820668160915375,-2.6320667266845703,base,yes
715,1,0,0.34864513533394575,-1.5205262899398804,-0.8955262899398804,base,no
716,1,0,0.29421497216298875,-1.4304181337356567,-0.5554181337356567,base,no
717,1,1,0.8807970779778823,-0.5997986793518066,-2.5997986793518066,base,yes
718,1,1,0.851952809486198,-0.6806618571281433,-2.430661916732788,base,yes
719,1,1,0.880797071719777,-0.7568526864051819,-2.756852626800537,base,yes
720,1,1,0.7981867969424066,-0.6883658170700073,-2.063365936279297,base,yes
721,1,1,0.8354835371034369,-0.7941610813140869,-2.419161081314087,base,yes
722,1,1,0.9324533126145177,-0.5499245524406433,-3.174924612045288,base,yes
723,1,0,0.34864513533394575,-1.6389977931976318,-1.0139977931976318,base,no
724,1,1,0.5926665999540697,-1.067600131034851,-1.442600131034851,base,yes
725,1,1,0.9046505299595163,-0.4489191174507141,-2.6989190578460693,base,yes
726,1,1,0.9626731147976793,-0.51202791929245,-3.7620279788970947,base,Yes
727,1,1,0.9525741241296944,-0.5715091824531555,-3.5715091228485107,base,Yes
728,1,1,0.9525741241296944,-0.5275545716285706,-3.527554512023926,base,yes
729,1,1,0.835483553488848,-0.5548537969589233,-2.179853916168213,base,yes
730,1,0,0.13296424706933604,-2.472522497177124,-0.5975225567817688,base,no
731,1,1,0.9149009619539553,-0.4373551905155182,-2.8123552799224854,base,yes
732,1,0,0.24508501313237172,-1.7610615491867065,-0.6360615491867065,base,no
733,1,1,0.5621764862150634,-0.7908614277839661,-1.0408613681793213,base,yes
734,1,1,0.7310585669110203,-0.7556379437446594,-1.7556378841400146,base,yes
735,1,1,0.893309411735131,-0.6399371027946472,-2.764937162399292,base,yes
736,1,1,0.8519527944504226,-0.5454919934272766,-2.295491933822632,base,yes
737,1,1,0.6224593171945417,-0.7958644032478333,-1.2958643436431885,base,yes
738,1,1,0.8354835248143776,-0.41431912779808044,-2.0393190383911133,base,Yes
739,1,0,0.5,-0.9146947264671326,-0.9146947264671326,base,no
740,1,0,0.06008665606493926,-2.9128246307373047,-0.16282473504543304,base,no
741,1,1,0.835483553488848,-0.5220645666122437,-2.147064685821533,base,yes
742,1,1,0.9046505351008906,-0.7310106754302979,-2.981010675430298,base,yes
743,1,1,0.6513548782017746,-0.7219101786613464,-1.3469102382659912,base,yes
744,1,1,0.8807970779778823,-0.7008459568023682,-2.700845956802368,base,yes
745,1,1,0.8175744584140004,-0.6601582765579224,-2.160158157348633,base,yes
746,1,1,0.5621765008857981,-0.9641005992889404,-1.2141005992889404,base,yes
747,1,0,0.24508500210441886,-1.7461175918579102,-0.6211175322532654,base,no
748,1,1,0.9241418241572634,-0.6534737944602966,-3.1534738540649414,base,Yes
749,1,1,0.914900945711678,-0.663007378578186,-3.0380072593688965,base,yes
750,1,0,0.18242551936144574,-1.8900036811828613,-0.39000365138053894,base,no
751,1,1,0.9046505402422645,-0.5737666487693787,-2.8237667083740234,base,yes
752,1,0,0.4378234991142019,-1.050451397895813,-0.800451397895813,base,no
753,1,1,0.754914975839675,-0.6275084614753723,-1.7525084018707275,base,yes
754,1,1,0.7981867777396212,-0.567153811454773,-1.942153811454773,base,yes
755,1,0,0.1066905911052601,-2.391376495361328,-0.26637646555900574,base,no
756,1,1,0.8807970654616711,-0.7636595964431763,-2.7636594772338867,base,yes
757,1,0,0.10669059962643358,-2.7212672233581543,-0.5962672829627991,base,no
758,1,1,0.8175744939732856,-0.820027232170105,-2.3200273513793945,base,yes
759,1,0,0.3486451488696663,-1.4370057582855225,-0.8120058178901672,base,no
760,1,0,0.14804720179063335,-2.1892101764678955,-0.4392102062702179,base,no
761,1,1,0.867035752930664,-0.7723293900489807,-2.647329330444336,base,Yes
762,1,1,0.7310585786300049,-0.5328160524368286,-1.5328160524368286,base,yes
763,1,1,0.7310585903489892,-0.9126598238945007,-1.9126598834991455,base,yes
764,1,1,0.9465966671870767,-0.6900349259376526,-3.565034866333008,base,yes
765,1,1,0.9399133464597458,-0.693538248538971,-3.443538188934326,base,yes
766,1,1,0.9706877726405082,-0.6113218069076538,-4.111321926116943,base,Yes
767,1,1,0.5621765008857981,-1.0851309299468994,-1.3351309299468994,base,yes
768,1,1,0.8670357460591569,-0.5706444978713989,-2.4456443786621094,base,yes
769,1,1,0.8933094003735664,-0.4956374764442444,-2.6206374168395996,base,yes
770,1,1,0.7981867873410141,-0.6041483283042908,-1.9791483879089355,base,yes
771,1,1,0.5926665999540697,-0.7543469667434692,-1.1293469667434692,base,yes
772,1,1,0.9324533126145177,-0.5464913249015808,-3.1714913845062256,base,yes
773,1,0,0.3208212878370535,-1.396211862564087,-0.6462118029594421,base,no
774,1,1,0.9796676496254957,-0.27381548285484314,-4.148815631866455,base,Yes
775,1,1,0.9579122720843811,-0.5191974639892578,-3.644197463989258,base,Yes
776,1,0,0.0600866518571309,-2.9567816257476807,-0.20678165555000305,base,no
777,1,1,0.8175744850834649,-0.6727976202964783,-2.172797679901123,base,yes
778,1,0,0.5,-0.9517536163330078,-0.9517536163330078,base,no
779,1,1,0.9669140216112958,-0.6115641593933105,-3.9865641593933105,base,Yes
780,1,0,0.08509904268669496,-2.6420655250549316,-0.26706549525260925,base,no
781,1,1,0.7549149868676283,-0.5865374803543091,-1.711537480354309,base,yes
782,1,1,0.8807970842359877,-0.7008535265922546,-2.7008535861968994,base,yes
783,1,1,0.5926665999540697,-1.0031788349151611,-1.3781788349151611,base,yes
784,1,1,0.6513548646660542,-0.8241535425186157,-1.4491535425186157,base,yes
785,1,1,0.7310585786300049,-0.5863548517227173,-1.5863548517227173,base,yes
786,1,1,0.9525741322079105,-0.5763424634933472,-3.5763425827026367,base,yes
787,1,1,0.6791787121629466,-0.9252030253410339,-1.6752030849456787,base,yes
788,1,1,0.8519527869325346,-0.7197915315628052,-2.4697914123535156,base,yes
789,1,1,0.679178699175393,-0.5989843606948853,-1.3489843606948853,base,yes
790,1,1,0.8807970779778823,-0.47475171089172363,-2.4747517108917236,base,yes
791,1,1,0.7772998611746911,-0.5473662614822388,-1.7973662614822388,base,yes
792,1,1,0.8807970904940926,-0.7004936933517456,-2.700493812561035,base,yes
793,1,1,0.9669140254249554,-0.6133517026901245,-3.988351821899414,base,yes
794,1,0,0.20181321265898594,-1.735459327697754,-0.36045926809310913,base,no
795,1,1,0.9525741322079105,-0.5692967176437378,-3.5692968368530273,base,Yes
796,1,1,0.9324533088603709,-0.7617485523223877,-3.3867485523223877,base,Yes
797,1,1,0.9465966762263737,-0.48803794384002686,-3.3630380630493164,base,yes
798,1,1,0.9669140235181256,-0.7283214926719666,-4.103321552276611,base,Yes
799,1,0,0.37754066879814546,-1.5813037157058716,-1.0813037157058716,base,no
800,1,1,0.7772998611746911,-0.8124725818634033,-2.0624725818634033,base,yes
801,1,1,0.9046505299595163,-0.621807873249054,-2.871807813644409,base,yes
802,1,1,0.914900950352329,-0.5665388703346252,-2.9415388107299805,base,yes
803,1,1,0.6513548646660542,-0.7875804901123047,-1.4125804901123047,base,yes
804,1,1,0.9465966762263737,-0.69005286693573,-3.5650529861450195,base,Yes
805,1,0,0.24508501313237172,-1.613765835762024,-0.4887658357620239,base,no
806,1,1,0.9669140216112958,-0.3463327884674072,-3.7213327884674072,base,yes
807,1,1,0.9525741214369554,-0.6833854913711548,-3.6833853721618652,base,yes
808,1,1,0.8354835411997897,-0.3961603343486786,-2.021160364151001,base,yes
809,1,1,0.7772998508568416,-0.7616463303565979,-2.011646270751953,base,yes
810,1,1,0.914900950352329,-0.40247899293899536,-2.7774789333343506,base,yes
811,1,0,0.18242553269617778,-2.2407710552215576,-0.7407711148262024,base,no
812,1,1,0.7057850154599563,-0.5355225205421448,-1.4105224609375,base,yes
813,1,1,0.9706877760323724,-0.6623914241790771,-4.162391662597656,base,Yes
814,1,0,0.37754066879814546,-1.3642245531082153,-0.8642245531082153,base,no
815,1,1,0.7310585786300049,-0.7719061374664307,-1.7719061374664307,base,yes
816,1,1,0.5926666143433998,-0.7753245234489441,-1.1503245830535889,base,yes
817,1,0,0.5,-0.9518107175827026,-0.9518107175827026,base,no
818,1,1,0.939913343093499,-0.5904098749160767,-3.340409755706787,base,yes
819,1,0,0.3486451217982255,-1.4543800354003906,-0.8293799757957458,base,no
820,1,1,0.9525741322079105,-0.4814714193344116,-3.481471538543701,base,yes
821,1,1,0.9149009642742806,-0.5589951276779175,-2.933995246887207,base,yes
822,1,1,0.8519527944504226,-0.5814726948738098,-2.331472635269165,base,yes
823,1,0,0.2942149845400438,-1.4090776443481445,-0.5340777039527893,base,no
824,1,1,0.7310585786300049,-0.91401207447052,-1.91401207447052,base,yes
825,1,1,0.6513548646660542,-0.9765795469284058,-1.6015795469284058,base,yes
826,1,0,0.3775406547908327,-1.4917709827423096,-0.9917709231376648,base,No
827,1,1,0.9241418116217418,-0.6009222269058228,-3.100922107696533,base,yes
828,1,0,0.1480472055495773,-2.355048894882202,-0.6050489544868469,base,no
829,1,0,0.46879062662624377,-1.0229113101959229,-0.8979113101959229,base,no
830,1,1,0.9241418283357702,-0.555965781211853,-3.0559659004211426,base,yes
831,1,1,0.9324533088603709,-0.592207670211792,-3.217207670211792,base,Yes
832,1,0,0.46879062662624377,-1.142284631729126,-1.017284631729126,base,no
833,1,1,0.5926665855647394,-0.9438171982765198,-1.318817138671875,base,yes
834,1,1,0.8933094060543487,-0.5409929752349854,-2.6659929752349854,base,yes
835,1,1,0.6224593171945417,-0.7090144753456116,-1.2090144157409668,base,yes
836,1,0,0.4073334000459302,-1.1440768241882324,-0.7690768241882324,base,no
837,1,1,0.9149009596336303,-0.514035165309906,-2.889035224914551,base,Yes
838,1,1,0.8933094003735664,-0.4996247887611389,-2.624624729156494,base,yes
839,1,0,0.2689414330889798,-1.7627501487731934,-0.7627502083778381,base,no
840,1,1,0.9399133464597458,-0.6971562504768372,-3.4471561908721924,base,Yes
841,1,1,0.8807970842359877,-0.6434058547019958,-2.6434059143066406,base,yes
842,1,1,0.9149009642742806,-0.6635826826095581,-3.0385828018188477,base,yes
843,1,0,0.3775406547908327,-1.158057451248169,-0.6580573916435242,base,no
844,1,1,0.9046505299595163,-0.6269333958625793,-2.8769333362579346,base,yes
845,1,1,0.9399133498259924,-0.5383551120758057,-3.2883551120758057,base,yes
846,1,1,0.8519528019683106,-0.6268711090087891,-2.376871109008789,base,yes
847,1,0,0.0675466911396291,-2.9173738956451416,-0.2923738956451416,base,no
848,1,0,0.04742586913845881,-3.3793551921844482,-0.3793551027774811,base,no
849,1,1,0.5312093733737563,-1.2037713527679443,-1.3287713527679443,base,yes
850,1,1,0.9324533032291502,-0.3228376805782318,-2.9478375911712646,base,Yes
851,1,0,0.3208213138121609,-1.4418747425079346,-0.6918748021125793,base,no
852,1,0,0.2942149597859341,-1.6723954677581787,-0.7973954081535339,base,no
853,1,1,0.9046505351008906,-0.4495730400085449,-2.699573040008545,base,yes
854,1,1,0.9324533051062237,-0.7654433846473694,-3.3904433250427246,base,Yes
855,1,1,0.9324533051062237,-0.5921342968940735,-3.2171342372894287,base,yes
856,1,1,0.5621765008857981,-1.0058443546295166,-1.2558443546295166,base,yes
857,1,0,0.04742587721667508,-3.3830814361572266,-0.3830815255641937,base,no
858,1,1,0.8175744761936437,-0.4787728786468506,-1.9787728786468506,base,yes
859,1,1,0.7981867873410141,-0.73700350522995,-2.1120035648345947,base,yes
860,1,0,0.4073334000459302,-1.2693768739700317,-0.8943768739700317,base,no
861,1,1,0.9241418199787566,-0.5072033405303955,-3.0072033405303955,base,yes
862,1,1,0.8807970904940926,-0.7641795873641968,-2.7641797065734863,base,Yes
863,1,1,0.8670357735451834,-0.5654047727584839,-2.4404048919677734,base,yes
864,1,1,0.6513548511303336,-0.7366910576820374,-1.3616909980773926,base,yes
865,1,1,0.7772998611746911,-0.5919785499572754,-1.8419785499572754,base,yes
866,1,1,0.7057850402140659,-0.7948645949363708,-1.6698646545410156,base,yes
867,1,0,0.5,-1.0229010581970215,-1.0229010581970215,base,no
868,1,1,0.9241418199787566,-0.7748317718505859,-3.274831771850586,base,Yes
869,1,1,0.6791787121629466,-0.8001388907432556,-1.5501389503479004,base,yes
870,1,1,0.7057850278370112,-0.7859747409820557,-1.6609747409820557,base,yes
871,1,1,0.9324533088603709,-0.546520471572876,-3.171520471572876,base,yes
872,1,1,0.9324533126145177,-0.550205409526825,-3.1752054691314697,base,yes
873,1,0,0.37754066879814546,-1.5223342180252075,-1.0223342180252075,base,no
874,1,1,0.7057850278370112,-0.5448704957962036,-1.4198704957962036,base,yes
875,1,1,0.7057850402140659,-0.6771063208580017,-1.5521063804626465,base,yes
876,1,1,0.9241418158002492,-0.7192581295967102,-3.2192580699920654,base,yes
877,1,0,0.07585818419975078,-2.803426742553711,-0.3034268021583557,base,no
878,1,1,0.7772998611746911,-0.7529284954071045,-2.0029284954071045,base,yes
879,1,0,0.1645164628965632,-1.9831360578536987,-0.35813605785369873,base,no
880,1,1,0.679178699175393,-1.0276384353637695,-1.7776384353637695,base,Yes
881,1,1,0.9399133464597458,-0.75739985704422,-3.507399797439575,base,Yes
882,1,1,0.9324533126145177,-0.4545847773551941,-3.079584836959839,base,yes
883,1,1,0.8933094145755219,-0.3604873716831207,-2.485487461090088,base,yes
884,1,0,0.2942149845400438,-1.6351828575134277,-0.7601829171180725,base,no
885,1,1,0.9324533144915912,-0.45882120728492737,-3.0838212966918945,base,yes
886,1,1,0.7981867585368343,-0.6965309381484985,-2.071530818939209,base,yes
887,1,1,0.8354835452961425,-0.5176336169242859,-2.1426336765289307,base,yes
888,1,1,0.952574129515172,-0.6805459856987,-3.6805460453033447,base,Yes
889,1,1,0.9324533088603709,-0.59979248046875,-3.22479248046875,base,yes
890,1,0,0.46879062662624377,-1.201404094696045,-1.076404094696045,base,no
891,1,1,0.9525741241296944,-0.47991591691970825,-3.4799158573150635,base,Yes
892,1,0,0.4073334000459302,-1.4752264022827148,-1.1002264022827148,base,No
893,1,1,0.6791786861878392,-0.5524230599403381,-1.3024230003356934,base,yes
894,1,0,0.020332352155396922,-4.220220565795898,-0.34522050619125366,base,no
895,1,1,0.9046505376715775,-0.32619449496269226,-2.5761945247650146,base,yes
896,1,0,0.0953494674697966,-2.60711669921875,-0.3571167290210724,base,no
897,1,1,0.9149009596336303,-0.7248246073722839,-3.0998246669769287,base,Yes
898,1,1,0.9324533163686646,-0.6036180257797241,-3.2286181449890137,base,yes
899,1,1,0.9149009549929797,-0.5209274291992188,-2.8959274291992188,base,yes
900,1,1,0.6224593312018546,-0.7954049110412598,-1.2954049110412598,base,yes
901,1,1,0.9525741268224334,-0.5251936912536621,-3.525193691253662,base,yes
902,1,1,0.5926665999540697,-0.9196392297744751,-1.294639229774475,base,yes
903,1,1,0.9324533107374443,-0.42325660586357117,-3.0482566356658936,base,yes
904,1,1,0.9324533051062237,-0.6485584378242493,-3.2735583782196045,base,yes
905,1,1,0.7981867873410141,-0.7869672179222107,-2.1619672775268555,base,yes
906,1,1,0.9324533088603709,-0.7053980827331543,-3.3303980827331543,base,yes
907,1,1,0.5312093733737563,-1.2716740369796753,-1.3966740369796753,base,Yes
908,1,1,0.9241418116217418,-0.6578608751296997,-3.15786075592041,base,Yes
909,1,1,0.8807970842359877,-0.5547143816947937,-2.5547144412994385,base,yes
910,1,1,0.867035752930664,-0.8255499005317688,-2.700549840927124,base,Yes
911,1,1,0.8670357666736773,-0.7100090384483337,-2.5850090980529785,base,yes
912,1,0,0.04742587385075148,-3.2449727058410645,-0.24497272074222565,base,no
913,1,0,0.2689414213699951,-1.8605235815048218,-0.8605235815048218,base,no
914,1,1,0.5621765008857981,-0.8512065410614014,-1.1012065410614014,base,yes
915,1,1,0.8519528170040853,-0.6808480024337769,-2.4308481216430664,base,yes
916,1,1,0.9324533126145177,-0.5957915186882019,-3.2207915782928467,base,yes
917,1,1,0.8354835207180245,-0.8007551431655884,-2.425755023956299,base,yes
918,1,1,0.6224593312018546,-0.9442328214645386,-1.4442328214645386,base,yes
919,1,1,0.851952809486198,-0.5364899039268494,-2.286489963531494,base,yes
920,1,1,0.9579122696813394,-0.6771824955940247,-3.80218243598938,base,yes
921,1,1,0.6224593312018546,-1.0430723428726196,-1.5430723428726196,base,yes
922,1,1,0.5926666143433998,-0.8664531111717224,-1.2414531707763672,base,yes
923,1,0,0.2942149597859341,-1.5390040874481201,-0.6640040278434753,base,no
924,1,0,0.07585818837825822,-2.693720817565918,-0.19372093677520752,base,no
925,1,1,0.9149009549929797,-0.6255028247833252,-3.000502824783325,base,Yes
926,1,1,0.7057850278370112,-0.7633312940597534,-1.6383312940597534,base,yes
927,1,0,0.08509904036636974,-2.626490354537964,-0.2514902949333191,base,no
928,1,1,0.7057850278370112,-0.6765661239624023,-1.5515661239624023,base,yes
929,1,1,0.9706877743364403,-0.5042694211006165,-4.004269599914551,base,Yes
930,1,1,0.8670357598021706,-0.8251206874847412,-2.700120687484741,base,Yes
931,1,0,0.14804720179063335,-2.0558359622955322,-0.3058359920978546,base,no
932,1,1,0.9241418199787566,-0.6087369918823242,-3.108736991882324,base,Yes
933,1,1,0.9706877692486436,-0.6639304161071777,-4.163930416107178,base,yes
934,1,0,0.5,-0.9518730640411377,-0.9518730640411377,base,no
935,1,1,0.6224593452091672,-0.8678686022758484,-1.3678686618804932,base,yes
936,1,1,0.9046505453836383,-0.7908018827438354,-3.040802001953125,base,Yes
937,1,1,0.939913356558485,-0.5945948362350464,-3.344594955444336,base,yes
938,1,0,0.22270013882530884,-1.8743784427642822,-0.6243784427642822,base,no
939,1,0,0.4073334000459302,-1.184107780456543,-0.809107780456543,base,no
940,1,0,0.4378234991142019,-1.2464686632156372,-0.9964686632156372,base,no
941,1,0,0.2689414213699951,-1.4760578870773315,-0.47605788707733154,base,no
942,1,1,0.8670357735451834,-0.4203728437423706,-2.29537296295166,base,yes
943,1,0,0.18242553269617778,-2.0623998641967773,-0.5623999238014221,base,no
944,1,1,0.8175744761936437,-0.7652864456176758,-2.265286445617676,base,yes
945,1,0,0.3208212878370535,-1.314643144607544,-0.5646430850028992,base,no
946,1,0,0.2689414213699951,-1.7102906703948975,-0.7102906703948975,base,No
947,1,0,0.09534947004048376,-2.8119029998779297,-0.5619030594825745,base,no
948,1,1,0.9241418241572634,-0.3945152163505554,-2.8945152759552,base,yes
949,1,1,0.9241418241572634,-0.6621076464653015,-3.1621077060699463,base,yes
950,1,1,0.9626731126558706,-0.621009349822998,-3.871009349822998,base,yes
951,1,1,0.9579122696813394,-0.6207788586616516,-3.745778799057007,base,yes
952,1,1,0.8354835207180245,-0.6446853876113892,-2.2696852684020996,base,yes
953,1,1,0.9324533051062237,-0.5391538739204407,-3.164153814315796,base,yes
954,1,1,0.7981867825403176,-0.442869633436203,-1.8178696632385254,base,yes
955,1,1,0.5312093882168609,-0.9455601572990417,-1.0705602169036865,base,yes
956,1,1,0.5621765008857981,-0.8926076889038086,-1.1426076889038086,base,yes
957,1,0,0.3208213138121609,-1.3573980331420898,-0.6073980927467346,base,no
958,1,1,0.5926665999540697,-1.142073631286621,-1.517073631286621,base,Yes
959,1,1,0.7981867873410141,-0.5272862315177917,-1.9022862911224365,base,yes
960,1,0,0.32082130082460697,-1.4260212182998657,-0.6760212182998657,base,no
961,1,0,0.5,-1.1422587633132935,-1.1422587633132935,base,no
962,1,1,0.8354835371034369,-0.6389095783233643,-2.2639095783233643,base,yes
963,1,1,0.7310585669110203,-0.8236175179481506,-1.8236174583435059,base,Yes
964,1,1,0.7310585903489892,-0.5856959223747253,-1.5856959819793701,base,yes
965,1,1,0.835483553488848,-0.6452502012252808,-2.2702503204345703,base,yes
966,1,1,0.9149009642742806,-0.4791330099105835,-2.854133129119873,base,yes
967,1,1,0.8670357460591569,-0.7160292863845825,-2.591029167175293,base,yes
968,1,0,0.37754066879814546,-1.341204047203064,-0.841204047203064,base,no
969,1,0,0.11920291576401235,-2.5963258743286133,-0.5963258147239685,base,no
970,1,0,0.37754066879814546,-1.5213679075241089,-1.0213679075241089,base,no
971,1,1,0.8807970654616711,-0.7510000467300415,-2.750999927520752,base,yes
972,1,0,0.4378234991142019,-1.1846586465835571,-0.9346586465835571,base,no
973,1,1,0.9241418199787566,-0.657618522644043,-3.157618522644043,base,yes
974,1,1,0.754914997895581,-0.8398522734642029,-1.9648523330688477,base,yes
975,1,1,0.9465966732132748,-0.33490389585494995,-3.2099039554595947,base,Yes
976,1,1,0.8670357735451834,-0.7651041746139526,-2.640104293823242,base,yes
977,1,0,0.22270014398423357,-1.6627086400985718,-0.41270866990089417,base,no
978,1,1,0.9669140244715405,-0.38383737206459045,-3.7588374614715576,base,yes
979,1,1,0.754914997895581,-0.6151108145713806,-1.7401108741760254,base,yes
980,1,1,0.9241418241572634,-0.5563341975212097,-3.0563342571258545,base,yes
981,1,1,0.8670357666736773,-0.5650953650474548,-2.4400954246520996,base,yes
982,1,0,0.5,-1.1425249576568604,-1.1425249576568604,base,no
983,1,1,0.9324533088603709,-0.7615411281585693,-3.3865411281585693,base,Yes
984,1,1,0.9046505453836383,-0.5246037244796753,-2.774603843688965,base,yes
985,1,1,0.835483553488848,-0.5223420858383179,-2.1473422050476074,base,yes
986,1,1,0.9525741268224334,-0.4029817581176758,-3.402981758117676,base,yes
987,1,1,0.7772998611746911,-0.7054240703582764,-1.9554240703582764,base,yes
988,1,1,0.9241418158002492,-0.36522918939590454,-2.8652291297912598,base,yes
989,1,0,0.11920292515117029,-2.4388678073883057,-0.43886783719062805,base,no
990,1,0,0.1329642333263228,-2.2114505767822266,-0.3364505171775818,base,no
991,1,1,0.9399133531922388,-0.5846268534660339,-3.3346269130706787,base,yes
992,1,1,0.9465966641739773,-0.6330024003982544,-3.508002281188965,base,Yes
993,1,1,0.8519528170040853,-0.6968005895614624,-2.446800708770752,base,Yes
994,1,1,0.8933094060543487,-0.7493758201599121,-2.874375820159912,base,Yes
995,1,1,0.6513548511303336,-0.868805468082428,-1.4938054084777832,base,yes
996,1,0,0.4073333856566001,-1.075425148010254,-0.7004250884056091,base,no
997,1,1,0.8354835289107309,-0.5954883694648743,-2.2204883098602295,base,yes
998,1,1,0.7549149868676283,-0.942864179611206,-2.067864179611206,base,Yes
999,1,1,0.5621765155565327,-0.9517669081687927,-1.2017669677734375,base,yes
1000,1,1,0.8807970873650403,-0.4365634024143219,-2.436563491821289,base,yes
1001,1,1,0.867035752930664,-0.7799959778785706,-2.654995918273926,base,Yes
1002,1,1,0.6513548646660542,-0.8270050287246704,-1.4520050287246704,base,yes
1003,1,1,0.754914975839675,-0.8401482701301575,-1.9651482105255127,base,yes
1004,1,1,0.9465966762263737,-0.6334608793258667,-3.5084609985351562,base,yes
1005,1,1,0.798186768138228,-0.6034069657325745,-1.9784069061279297,base,yes
1006,1,1,0.9149009549929797,-0.565593957901001,-2.940593957901001,base,yes
1007,1,0,0.1480471829959148,-2.3780393600463867,-0.6280392408370972,base,no
1008,1,1,0.798186768138228,-0.603816568851471,-1.9788165092468262,base,yes
1009,1,0,0.22270013366638422,-1.7408968210220337,-0.4908967912197113,base,no
1010,1,1,0.8354835289107309,-0.7443769574165344,-2.3693768978118896,base,yes
1011,1,1,0.9241418158002492,-0.6498706936836243,-3.1498706340789795,base,Yes
1012,1,0,0.22270013882530884,-1.718634843826294,-0.46863484382629395,base,no
1013,1,1,0.7310585786300049,-0.6794073581695557,-1.6794073581695557,base,yes
1014,1,1,0.7549149868676283,-0.7701506614685059,-1.8951506614685059,base,yes
1015,1,1,0.7981867969424066,-0.787350058555603,-2.1623501777648926,base,yes
1016,1,1,0.5312093733737563,-0.8093266487121582,-0.9343266487121582,base,yes
1017,1,1,0.5312093733737563,-0.8150914311408997,-0.9400914311408997,base,yes
1018,1,0,0.18242552380635632,-2.158997058868408,-0.6589970588684082,base,no
1019,1,0,0.34864513533394575,-1.434596061706543,-0.809596061706543,base,no
1020,1,1,0.9579122696813394,-0.5702334046363831,-3.6952333450317383,base,yes
1021,1,1,0.9399133498259924,-0.6441917419433594,-3.3941917419433594,base,yes
1022,1,1,0.9324533069832973,-0.46221044659614563,-3.0872104167938232,base,Yes
1023,1,1,0.9046505299595163,-0.7426186203956604,-2.9926185607910156,base,Yes
1024,1,1,0.8175744806385543,-0.4779072701931,-1.9779072999954224,base,yes
1025,1,1,0.8354835289107309,-0.4526069760322571,-2.0776069164276123,base,yes
1026,1,1,0.893309411735131,-0.58541339635849,-2.7104134559631348,base,yes
1027,1,0,0.2689414213699951,-1.5149779319763184,-0.5149779319763184,base,no
1028,1,0,0.04742587654349034,-3.1735379695892334,-0.17353804409503937,base,no
1029,1,1,0.7772998405389918,-0.8795868158340454,-2.129586696624756,base,yes
1030,1,1,0.9579122720843811,-0.6772291660308838,-3.802229166030884,base,Yes
1031,1,1,0.8354835289107309,-0.8684139847755432,-2.4934139251708984,base,Yes
1032,1,0,0.1480472055495773,-2.1175246238708496,-0.3675246834754944,base,no
1033,1,1,0.7981867729389246,-0.49593618512153625,-1.8709361553192139,base,yes
1034,1,1,0.679178699175393,-0.9891012907028198,-1.7391012907028198,base,Yes
1035,1,1,0.8933094145755219,-0.460747629404068,-2.585747718811035,base,yes
1036,1,1,0.9046505351008906,-0.5280759334564209,-2.778075933456421,base,yes
1037,1,1,0.7549149868676283,-0.9069314002990723,-2.0319314002990723,base,yes
1038,1,0,0.14804719427274565,-2.0056514739990234,-0.25565144419670105,base,no
1039,1,1,0.8519528170040853,-0.46518170833587646,-2.215181827545166,base,yes
1040,1,0,0.1329642333263228,-2.1768431663513184,-0.3018431067466736,base,no
1041,1,1,0.9465966732132748,-0.5286056399345398,-3.4036056995391846,base,yes
1042,1,0,0.10669060104662924,-2.3748586177825928,-0.24985869228839874,base,no
1043,1,1,0.5621765008857981,-0.8417072296142578,-1.0917072296142578,base,yes
1044,1,1,0.9241418241572634,-0.6088458895683289,-3.1088459491729736,base,yes
1045,1,1,0.9241418116217418,-0.5551921129226685,-3.055191993713379,base,Yes
1046,1,1,0.7549149868676283,-0.5793492794036865,-1.7043492794036865,base,yes
1047,1,0,0.22270014914315833,-1.785130500793457,-0.5351305603981018,base,no
1048,1,1,0.9241418241572634,-0.390481173992157,-2.8904812335968018,base,yes
1049,1,1,0.5312093733737563,-1.1348884105682373,-1.2598884105682373,base,yes
1050,1,1,0.9525741268224334,-0.7409615516662598,-3.7409615516662598,base,Yes
1051,1,1,0.7549149868676283,-0.9077939987182617,-2.0327939987182617,base,yes
1052,1,1,0.8933094003735664,-0.6871903538703918,-2.812190294265747,base,yes
1053,1,1,0.5621765155565327,-0.9149109721183777,-1.1649110317230225,base,yes
1054,1,1,0.5621765008857981,-0.825149416923523,-1.075149416923523,base,yes
1055,1,1,0.8933094003735664,-0.8034637570381165,-2.9284636974334717,base,Yes
1056,1,0,0.08509904964767095,-2.666646957397461,-0.2916470170021057,base,no
1057,1,1,0.754914975839675,-0.9076154828071594,-2.0326154232025146,base,yes
1058,1,1,0.9046505351008906,-0.41671109199523926,-2.6667110919952393,base,yes
1059,1,1,0.754914997895581,-0.7246453166007996,-1.8496453762054443,base,yes
1060,1,1,0.5312093733737563,-1.0880253314971924,-1.2130253314971924,base,yes
1061,1,1,0.867035752930664,-0.48678404092788696,-2.361783981323242,base,yes
1062,1,1,0.8933094003735664,-0.5407105088233948,-2.66571044921875,base,yes
1063,1,1,0.9324533163686646,-0.5433667898178101,-3.1683669090270996,base,yes
1064,1,1,0.6513548646660542,-0.8280335664749146,-1.4530335664749146,base,yes
1065,1,0,0.1645164792819756,-2.162896156311035,-0.5378962755203247,base,no
1066,1,1,0.8670357598021706,-0.5245530605316162,-2.399553060531616,base,yes
1067,1,1,0.9399133498259924,-0.4516124725341797,-3.2016124725341797,base,yes
1068,1,1,0.7772998714925403,-0.6695331931114197,-1.9195332527160645,base,yes
1069,1,1,0.9046505351008906,-0.6265912055969238,-2.876591205596924,base,Yes
1070,1,0,0.2689414213699951,-1.4728809595108032,-0.4728809595108032,base,no
1071,1,1,0.9399133464597458,-0.7539582848548889,-3.503958225250244,base,Yes
1072,1,1,0.893309411735131,-0.6869530081748962,-2.811953067779541,base,yes
1073,1,1,0.7772998818103892,-0.7531427145004272,-2.003142833709717,base,yes
1074,1,1,0.851952809486198,-0.6813809275627136,-2.4313809871673584,base,yes
1075,1,0,0.4073334000459302,-1.041059136390686,-0.666059136390686,base,no
1076,1,1,0.8933094003735664,-0.4996393322944641,-2.6246392726898193,base,yes
1077,1,1,0.798186768138228,-0.6375485062599182,-2.0125484466552734,base,yes
1078,1,0,0.46879062662624377,-1.0710783004760742,-0.9460783004760742,base,no
1079,1,1,0.9241418199787566,-0.5105907917022705,-3.0105907917022705,base,yes
1080,1,1,0.9465966747198243,-0.4020330011844635,-3.2770330905914307,base,yes
1081,1,1,0.7549149868676283,-0.7330799102783203,-1.8580799102783203,base,yes
1082,1,1,0.8807970779778823,-0.6947793960571289,-2.694779396057129,base,yes
1083,1,1,0.9324533163686646,-0.6485122442245483,-3.273512363433838,base,Yes
1084,1,1,0.880797071719777,-0.4364169239997864,-2.4364168643951416,base,yes
1085,1,1,0.5926665999540697,-1.0027339458465576,-1.3777339458465576,base,yes
1086,1,1,0.6224593312018546,-1.09417724609375,-1.59417724609375,base,Yes
1087,1,1,0.914900957313305,-0.4758867919445038,-2.850886821746826,base,yes
1088,1,0,0.29421497216298875,-1.4405455589294434,-0.5655455589294434,base,no
1089,1,1,0.9669140254249554,-0.6096185445785522,-3.984618663787842,base,Yes
1090,1,0,0.46879062662624377,-1.2288519144058228,-1.1038519144058228,base,no
1091,1,1,0.9046505453836383,-0.679183840751648,-2.9291839599609375,base,yes
1092,1,1,0.7057850278370112,-0.9562922716140747,-1.8312922716140747,base,yes
1093,1,1,0.9465966641739773,-0.6928473711013794,-3.56784725189209,base,yes
1094,1,1,0.9579122696813394,-0.7356396317481995,-3.8606395721435547,base,Yes
1095,1,1,0.8175744673038221,-0.7946963906288147,-2.29469633102417,base,Yes
1096,1,0,0.20181321265898594,-2.0367422103881836,-0.6617421507835388,base,no
1097,1,1,0.7310585786300049,-0.6512818336486816,-1.6512818336486816,base,yes
1098,1,1,0.9820137868795701,-0.597484290599823,-4.597484111785889,base,yes
1099,1,1,0.9149009480320036,-0.4045301377773285,-2.7795300483703613,base,yes
1100,1,1,0.9046505299595163,-0.5733523964881897,-2.823352336883545,base,yes
1101,1,1,0.9465966732132748,-0.6364380717277527,-3.5114381313323975,base,yes
1102,1,1,0.9465966671870767,-0.5805216431617737,-3.455521583557129,base,yes
1103,1,1,0.8175744939732856,-0.7142561674118042,-2.2142562866210938,base,yes
1104,1,1,0.851952809486198,-0.5473350882530212,-2.297335147857666,base,yes
1105,1,1,0.5926666143433998,-0.864752471446991,-1.2397525310516357,base,yes
1106,1,1,0.9149009549929797,-0.5206375122070312,-2.8956375122070312,base,yes
1107,1,0,0.18242551491653522,-2.160322427749634,-0.660322368144989,base,no
1108,1,0,0.16451645470385742,-2.113973379135132,-0.48897331953048706,base,no
1109,1,1,0.9465966702001757,-0.575209379196167,-3.450209379196167,base,Yes
1110,1,1,0.5926666143433998,-0.6726986765861511,-1.047698736190796,base,yes
1111,1,0,0.46879062662624377,-1.3708909749984741,-1.2458909749984741,base,no
1112,1,1,0.9706877658567789,-0.5056339502334595,-4.00563383102417,base,Yes
1113,1,1,0.679178699175393,-0.7323819398880005,-1.4823819398880005,base,yes
1114,1,1,0.8670357460591569,-0.6046410799026489,-2.4796409606933594,base,yes
1115,1,1,0.7981867585368343,-0.7352482080459595,-2.11024808883667,base,yes
1116,1,0,0.18242551491653522,-1.9952266216278076,-0.49522656202316284,base,no
1117,1,0,0.2689414213699951,-1.746069312095642,-0.7460693120956421,base,no
1118,1,1,0.9046505325302034,-0.46001341938972473,-2.7100133895874023,base,Yes
1119,1,1,0.9046505248181417,-0.4485570192337036,-2.698556900024414,base,yes
1120,1,1,0.9241418158002492,-0.604633629322052,-3.1046335697174072,base,yes
1121,1,1,0.8519528019683106,-0.5078351497650146,-2.2578351497650146,base,yes
1122,1,0,0.5,-0.9504117965698242,-0.9504117965698242,base,no
1123,1,1,0.9399133498259924,-0.537973165512085,-3.287973165512085,base,yes
1124,1,0,0.2689414213699951,-1.5389289855957031,-0.5389289855957031,base,no
1125,1,1,0.7549149868676283,-0.5496327877044678,-1.6746327877044678,base,yes
1126,1,0,0.29421497216298875,-1.6769779920578003,-0.8019779920578003,base,no
1127,1,1,0.9241418241572634,-0.6578742861747742,-3.157874345779419,base,Yes
1128,1,1,0.8519528170040853,-0.5030592679977417,-2.2530593872070312,base,yes
1129,1,1,0.9046505325302034,-0.3845408260822296,-2.6345407962799072,base,yes
1130,1,1,0.8175744673038221,-0.5088337063789368,-2.008833646774292,base,yes
1131,1,1,0.8354835289107309,-0.5729334950447083,-2.1979334354400635,base,yes
1132,1,1,0.5926665855647394,-0.8675735592842102,-1.2425734996795654,base,yes
1133,1,1,0.880797071719777,-0.6112452149391174,-2.6112451553344727,base,Yes
1134,1,1,0.9324533126145177,-0.5042254328727722,-3.129225492477417,base,yes
1135,1,0,0.24508501313237172,-1.9459326267242432,-0.8209326267242432,base,no
1136,1,1,0.8354835371034369,-0.8188035488128662,-2.443803548812866,base,Yes
1137,1,1,0.9046505299595163,-0.5282865166664124,-2.7782864570617676,base,yes
1138,1,1,0.7057850154599563,-0.6756470799446106,-1.5506470203399658,base,yes
1139,1,0,0.5,-1.0606025457382202,-1.0606025457382202,base,no
1140,1,1,0.9149009549929797,-0.6112020015716553,-2.9862020015716553,base,yes
1141,1,1,0.9046505453836383,-0.6319664716720581,-2.8819665908813477,base,yes
1142,1,1,0.9626731126558706,-0.6726858615875244,-3.9226858615875244,base,yes
1143,1,0,0.4378234991142019,-1.437671184539795,-1.187671184539795,base,no
1144,1,0,0.1645164628965632,-1.978462815284729,-0.353462815284729,base,no
1145,1,1,0.914900945711678,-0.4786630868911743,-2.8536629676818848,base,yes
1146,1,1,0.9324533088603709,-0.4597010612487793,-3.0847010612487793,base,Yes
1147,1,1,0.8175744761936437,-0.5389609336853027,-2.0389609336853027,base,yes
1148,1,1,0.9324533013520764,-0.6452780961990356,-3.270277976989746,base,yes
1149,1,1,0.9626731105140616,-0.6158073544502258,-3.865807294845581,base,Yes
1150,1,1,0.9796676430955554,-0.7149726748466492,-4.589972496032715,base,Yes
1151,1,0,0.06008665017400762,-3.1466641426086426,-0.3966641426086426,base,no
1152,1,1,0.9324533163686646,-0.4596480131149292,-3.0846481323242188,base,yes
1153,1,1,0.9241418137109955,-0.4628952443599701,-2.962895154953003,base,yes
1154,1,0,0.3208212878370535,-1.3361387252807617,-0.5861386656761169,base,no
1155,1,0,0.46879062662624377,-1.0852961540222168,-0.9602961540222168,base,no
1156,1,1,0.8670357598021706,-0.7397537231445312,-2.6147537231445312,base,Yes
1157,1,1,0.798186768138228,-0.6450141072273254,-2.0200140476226807,base,yes
1158,1,0,0.4073334000459302,-1.3078970909118652,-0.9328970909118652,base,no
1159,1,0,0.5,-1.0856072902679443,-1.0856072902679443,base,no
1160,1,1,0.7057850278370112,-0.8910379409790039,-1.766037940979004,base,yes
1161,1,1,0.7057850154599563,-0.5869703888893127,-1.461970329284668,base,yes
1162,1,1,0.939913356558485,-0.6409944295883179,-3.3909945487976074,base,Yes
1163,1,1,0.9399133531922388,-0.7009555697441101,-3.450955629348755,base,yes
1164,1,1,0.9149009549929797,-0.7305445671081543,-3.1055445671081543,base,yes
1165,1,1,0.8933094003735664,-0.7498689293861389,-2.874868869781494,base,Yes
1166,1,1,0.5312093733737563,-0.9453248977661133,-1.0703248977661133,base,yes
1167,1,1,0.8807970779778823,-0.4403200149536133,-2.4403200149536133,base,yes
1168,1,1,0.939913343093499,-0.7579799890518188,-3.5079798698425293,base,Yes
1169,1,1,0.7981867777396212,-0.7882027626037598,-2.1632027626037598,base,yes
1170,1,1,0.8807970904940926,-0.5183876752853394,-2.518387794494629,base,yes
1171,1,1,0.7981867777396212,-0.8187756538391113,-2.1937756538391113,base,Yes
1172,1,1,0.8933094003735664,-0.39752036333084106,-2.5225203037261963,base,yes
1173,1,1,0.8175744673038221,-0.8384507298469543,-2.3384506702423096,base,Yes
1174,1,0,0.24508501313237172,-1.8672415018081665,-0.7422415018081665,base,no
1175,1,1,0.9324533126145177,-0.42078179121017456,-3.0457818508148193,base,yes
1176,1,1,0.939913343093499,-0.584386944770813,-3.3343868255615234,base,Yes
1177,1,1,0.9241418241572634,-0.7144681811332703,-3.214468240737915,base,yes
1178,1,1,0.9046505428129514,-0.4079846441745758,-2.657984733581543,base,yes
1179,1,1,0.9149009549929797,-0.5591380596160889,-2.934138059616089,base,yes
1180,1,1,0.6513548646660542,-1.03421950340271,-1.65921950340271,base,Yes
1181,1,1,0.9579122720843811,-0.5703728199005127,-3.6953728199005127,base,yes
1182,1,0,0.0850990519679964,-2.741401195526123,-0.3664012849330902,base,no
1183,1,1,0.7772998611746911,-0.6289761066436768,-1.8789761066436768,base,yes
1184,1,1,0.8175744584140004,-0.5430198907852173,-2.0430197715759277,base,yes
1185,1,1,0.798186768138228,-0.60381680727005,-1.9788167476654053,base,yes
1186,1,0,0.24508501313237172,-1.637032151222229,-0.512032151222229,base,no
1187,1,1,0.8175744850834649,-0.7135249972343445,-2.2135250568389893,base,yes
1188,1,1,0.5312093733737563,-1.1908975839614868,-1.3158975839614868,base,yes
1189,1,0,0.11920293453832885,-2.445739269256592,-0.44573938846588135,base,no
1190,1,1,0.957912274487423,-0.6209856867790222,-3.745985746383667,base,Yes
1191,1,0,0.08509904732734556,-2.746887683868408,-0.3718877136707306,base,no
1192,1,1,0.7772998611746911,-0.5912830829620361,-1.8412830829620361,base,yes
1193,1,1,0.914900950352329,-0.785797655582428,-3.160797595977783,base,Yes
1194,1,1,0.8354835493924953,-0.4832972586154938,-2.108297348022461,base,yes
1195,1,1,0.9324533163686646,-0.6090787649154663,-3.234078884124756,base,Yes
1196,1,1,0.939913356558485,-0.7011297941207886,-3.451129913330078,base,yes
1197,1,0,0.06754669301670263,-2.7988524436950684,-0.17385247349739075,base,no
1198,1,1,0.8519528057272543,-0.49939510226249695,-2.2493951320648193,base,yes
1199,1,0,0.1066905854244781,-2.404364585876465,-0.2793644964694977,base,no
1200,1,1,0.8670357598021706,-0.4955582618713379,-2.370558261871338,base,yes
1201,1,0,0.18242553269617778,-2.115159749984741,-0.615159809589386,base,no
1202,1,0,0.20181322226037882,-1.868021845817566,-0.4930218458175659,base,no
1203,1,1,0.7772998611746911,-0.6224164962768555,-1.8724164962768555,base,yes
1204,1,1,0.7057850278370112,-0.7841418981552124,-1.6591418981552124,base,yes
1205,1,1,0.880797071719777,-0.7510038018226624,-2.7510037422180176,base,yes
1206,1,1,0.9706877726405082,-0.553024172782898,-4.0530242919921875,base,Yes
1207,1,1,0.9525741322079105,-0.5696271657943726,-3.569627285003662,base,Yes
1208,1,0,0.3775406828054583,-1.1058685779571533,-0.6058686375617981,base,no
1209,1,1,0.9149009549929797,-0.5620982646942139,-2.937098264694214,base,yes
1210,1,1,0.7772998714925403,-0.4687430262565613,-1.718743085861206,base,yes
1211,1,1,0.9324533051062237,-0.45650750398635864,-3.081507444381714,base,yes
1212,1,1,0.8354835371034369,-0.6923623085021973,-2.3173623085021973,base,yes
1213,1,0,0.5,-1.260237693786621,-1.260237693786621,base,no
1214,1,1,0.9399133498259924,-0.7541234493255615,-3.5041234493255615,base,Yes
1215,1,1,0.5621765008857981,-1.0225305557250977,-1.2725305557250977,base,yes
1216,1,1,0.9706877658567789,-0.4602609872817993,-3.9602608680725098,base,Yes
1217,1,1,0.867035763237924,-0.4245297610759735,-2.299529790878296,base,yes
1218,1,1,0.9046505402422645,-0.41110318899154663,-2.6611032485961914,base,yes
1219,1,1,0.9579122768904644,-0.5188783407211304,-3.64387845993042,base,Yes
1220,1,1,0.9324533051062237,-0.6483219265937805,-3.2733218669891357,base,Yes
1221,1,0,0.40733341443526055,-1.1865534782409668,-0.8115535378456116,base,no
1222,1,1,0.8175744850834649,-0.7649068236351013,-2.264906883239746,base,yes
1223,1,1,0.8519527869325346,-0.5083495378494263,-2.2583494186401367,base,yes
1224,1,1,0.9046505248181417,-0.7310577630996704,-2.981057643890381,base,Yes
1225,1,1,0.9465966671870767,-0.5773702263832092,-3.4523701667785645,base,Yes
1226,1,1,0.9324533051062237,-0.7659550309181213,-3.3909549713134766,base,Yes
1227,1,0,0.1480471829959148,-2.3779091835021973,-0.6279090642929077,base,no
1228,1,0,0.29421497216298875,-1.6996781826019287,-0.8246781826019287,base,no
1229,1,1,0.8519527944504226,-0.7894986271858215,-2.5394985675811768,base,yes
1230,1,1,0.9241418241572634,-0.7143978476524353,-3.21439790725708,base,Yes
1231,1,1,0.952574129515172,-0.626569926738739,-3.626569986343384,base,Yes
1232,1,0,0.37754066879814546,-1.1596683263778687,-0.6596683263778687,base,no
1233,1,1,0.9626731126558706,-0.470226526260376,-3.720226526260376,base,yes
1234,1,1,0.9465966762263737,-0.6398481130599976,-3.514848232269287,base,yes
1235,1,1,0.9241418199787566,-0.7747411727905273,-3.2747411727905273,base,Yes
1236,1,1,0.9241418158002492,-0.6540759205818176,-3.154075860977173,base,Yes
1237,1,1,0.9706877709445761,-0.7246713042259216,-4.224671363830566,base,Yes
1238,1,1,0.9525741268224334,-0.5247550010681152,-3.5247550010681152,base,Yes
1239,1,1,0.7549149868676283,-0.4706231355667114,-1.5956231355667114,base,yes
1240,1,1,0.6224593312018546,-0.8308521509170532,-1.3308521509170532,base,yes
1241,1,0,0.29421497216298875,-1.7263253927230835,-0.8513253927230835,base,no
1242,1,0,0.34864513533394575,-1.640486478805542,-1.015486478805542,base,no
1243,1,0,0.10669059678604234,-2.4300670623779297,-0.3050670921802521,base,no
1244,1,1,0.6224593312018546,-1.1167739629745483,-1.6167739629745483,base,Yes
1245,1,1,0.8354835207180245,-0.5230847597122192,-2.1480846405029297,base,yes
1246,1,0,0.20181322226037882,-1.8239850997924805,-0.44898509979248047,base,no
1247,1,1,0.6224593312018546,-0.7431249618530273,-1.2431249618530273,base,yes
1248,1,1,0.8175744673038221,-0.7520833611488342,-2.2520833015441895,base,yes
1249,1,1,0.8670357598021706,-0.5653226375579834,-2.4403226375579834,base,yes
1250,1,0,0.18242551936144574,-1.8774975538253784,-0.37749752402305603,base,no
1251,1,1,0.7549149868676283,-0.8835084438323975,-2.0085084438323975,base,yes
1252,1,1,0.5926666143433998,-0.6843900084495544,-1.0593900680541992,base,yes
1253,1,1,0.893309411735131,-0.3388323187828064,-2.463832378387451,base,yes
1254,1,1,0.9046505351008906,-0.791240930557251,-3.041240930557251,base,Yes
1255,1,1,0.9149009596336303,-0.6108617186546326,-2.9858617782592773,base,yes
1256,1,0,0.4073333856566001,-1.1089179515838623,-0.7339178919792175,base,no
1257,1,1,0.9706877760323724,-0.7228209972381592,-4.222821235656738,base,Yes
1258,1,0,0.4378234991142019,-1.0214481353759766,-0.7714481353759766,base,no
1259,1,1,0.9740426473232578,-0.6587556004524231,-4.283755779266357,base,Yes
1260,1,0,0.4073334000459302,-1.4780302047729492,-1.1030302047729492,base,no
1261,1,1,0.679178699175393,-0.576911211013794,-1.326911211013794,base,yes
1262,1,1,0.914900950352329,-0.566428005695343,-2.9414279460906982,base,yes
1263,1,0,0.5,-1.1889252662658691,-1.1889252662658691,base,no
1264,1,1,0.8175744761936437,-0.5091309547424316,-2.0091309547424316,base,yes
1265,1,1,0.7549149868676283,-0.6898171901702881,-1.814817190170288,base,yes
1266,1,0,0.4378234991142019,-1.0057792663574219,-0.7557792663574219,base,no
1267,1,0,0.46879062662624377,-0.9004732966423035,-0.7754732966423035,base,no
1268,1,1,0.939913356558485,-0.7536824941635132,-3.5036826133728027,base,Yes
1269,1,0,0.1480472055495773,-2.525996685028076,-0.775996744632721,base,no
1270,1,0,0.3486451217982255,-1.3044118881225586,-0.6794118285179138,base,no
1271,1,1,0.9241418158002492,-0.6537643074989319,-3.153764247894287,base,yes
1272,1,1,0.9465966762263737,-0.5343388319015503,-3.40933895111084,base,Yes
1273,1,0,0.34864513533394575,-1.3051196336746216,-0.6801196336746216,base,no
1274,1,1,0.7772998508568416,-0.6617258191108704,-1.9117257595062256,base,yes
1275,1,0,0.18242551491653522,-2.0274555683135986,-0.5274555087089539,base,no
1276,1,1,0.9626731169394882,-0.5613521337509155,-3.811352252960205,base,Yes
1277,1,0,0.29421497216298875,-1.6536158323287964,-0.7786158323287964,base,no
1278,1,1,0.7549149868676283,-0.649930477142334,-1.774930477142334,base,yes
1279,1,1,0.9669140273317849,-0.7264207005500793,-4.101420879364014,base,Yes
1280,1,1,0.9525741214369554,-0.5792242288589478,-3.579224109649658,base,yes
1281,1,1,0.8354835371034369,-0.5589828491210938,-2.1839828491210938,base,yes
1282,1,1,0.5926666143433998,-0.9303025603294373,-1.305302619934082,base,yes
1283,1,0,0.18242551491653522,-2.29369854927063,-0.7936984896659851,base,no
1284,1,0,0.3486451217982255,-1.278646469116211,-0.6536464095115662,base,no
1285,1,1,0.9399133531922388,-0.5906805396080017,-3.3406805992126465,base,yes
1286,1,1,0.8807970904940926,-0.5547312498092651,-2.5547313690185547,base,yes
1287,1,1,0.9706877624649134,-0.5052635669708252,-4.005263328552246,base,Yes
1288,1,1,0.798186768138228,-0.8422008156776428,-2.217200756072998,base,yes
1289,1,1,0.8354835452961425,-0.40235966444015503,-2.0273597240448,base,yes
1290,1,1,0.679178699175393,-0.7793196439743042,-1.5293196439743042,base,yes
1291,1,1,0.8807970842359877,-0.3743290305137634,-2.374329090118408,base,yes
1292,1,1,0.9796676430955554,-0.7138277888298035,-4.588827610015869,base,Yes
1293,1,1,0.8933094060543487,-0.540808916091919,-2.665808916091919,base,yes
1294,1,1,0.851952809486198,-0.8420674204826355,-2.5920674800872803,base,Yes
1295,1,1,0.9149009549929797,-0.7252135276794434,-3.1002135276794434,base,yes
1296,1,1,0.9046505299595163,-0.6790140271186829,-2.929013967514038,base,yes
1297,1,1,0.754914975839675,-0.7793086171150208,-1.904308557510376,base,yes
1298,1,1,0.835483553488848,-0.45231950283050537,-2.077319622039795,base,yes
1299,1,0,0.20181322226037882,-1.9938619136810303,-0.6188619136810303,base,no
1300,1,0,0.16451644651115205,-2.073688507080078,-0.4486883878707886,base,no
1301,1,1,0.9525741241296944,-0.4814761281013489,-3.481476068496704,base,yes
1302,1,1,0.9626731147976793,-0.5650457739830017,-3.8150458335876465,base,yes
1303,1,1,0.952574129515172,-0.6264495253562927,-3.6264495849609375,base,yes
1304,1,1,0.8519527869325346,-0.5765939950942993,-2.3265938758850098,base,yes
1305,1,0,0.24508501313237172,-1.676138997077942,-0.5511389970779419,base,no
1306,1,0,0.46879062662624377,-1.1061452627182007,-0.9811452627182007,base,no
1307,1,1,0.7772998611746911,-0.8135650157928467,-2.0635650157928467,base,yes
1308,1,0,0.32082130082460697,-1.6924985647201538,-0.9424985647201538,base,no
1309,1,1,0.5621765008857981,-0.6746832132339478,-0.9246832132339478,base,yes
1310,1,0,0.37754066879814546,-1.1513524055480957,-0.6513524055480957,base,no
1311,1,1,0.9579122720843811,-0.6773734092712402,-3.8023734092712402,base,Yes
1312,1,1,0.5621765008857981,-1.0063679218292236,-1.2563679218292236,base,yes
1313,1,1,0.8933094174159129,-0.7432941198348999,-2.8682942390441895,base,yes
1314,1,1,0.8933094003735664,-0.6349740624427795,-2.7599740028381348,base,yes
1315,1,0,0.29421497216298875,-1.49248468875885,-0.6174846887588501,base,no
1316,1,1,0.8933094003735664,-0.7431281208992004,-2.8681280612945557,base,yes
1317,1,1,0.7310585903489892,-0.7719928622245789,-1.7719929218292236,base,yes
1318,1,0,0.4073334000459302,-1.1446782350540161,-0.7696782350540161,base,no
1319,1,1,0.9046505402422645,-0.6742505431175232,-2.924250602722168,base,yes
1320,1,0,0.46879062662624377,-0.9713054895401001,-0.8463054895401001,base,no
1321,1,1,0.880797071719777,-0.5089009404182434,-2.5089008808135986,base,yes
1322,1,1,0.9149009549929797,-0.5250623226165771,-2.900062322616577,base,yes
1323,1,1,0.851952809486198,-0.7899467349052429,-2.5399467945098877,base,yes
1324,1,1,0.8519527944504226,-0.5818646550178528,-2.331864595413208,base,yes
1325,1,0,0.10669059962643358,-2.7036032676696777,-0.5786033272743225,base,no
1326,1,1,0.9241418283357702,-0.559346079826355,-3.0593461990356445,base,yes
1327,1,1,0.8519527869325346,-0.6811114549636841,-2.4311113357543945,base,yes
1328,1,1,0.9149009642742806,-0.5202816724777222,-2.8952817916870117,base,Yes
1329,1,1,0.867035763237924,-0.42793795466423035,-2.3029379844665527,base,yes
1330,1,1,0.914900950352329,-0.7804182171821594,-3.1554181575775146,base,Yes
1331,1,1,0.9046505351008906,-0.7909965515136719,-3.040996551513672,base,Yes
1332,1,1,0.5926665999540697,-0.7943041324615479,-1.1693041324615479,base,yes
1333,1,0,0.037326884666868405,-3.4831104278564453,-0.23311035335063934,base,no
1334,1,1,0.8519528019683106,-0.6550734043121338,-2.405073404312134,base,Yes
1335,1,1,0.9149009642742806,-0.4790085554122925,-2.854008674621582,base,yes
1336,1,1,0.9046505351008906,-0.6180322170257568,-2.868032217025757,base,yes
1337,1,0,0.2018132270610754,-1.8004844188690186,-0.42548444867134094,base,no
1338,1,1,0.5621765008857981,-0.9916993379592896,-1.2416993379592896,base,yes
1339,1,1,0.5621765008857981,-1.136845588684082,-1.386845588684082,base,yes
1340,1,1,0.8933094003735664,-0.7428742051124573,-2.8678741455078125,base,yes
1341,1,0,0.5,-1.2826213836669922,-1.2826213836669922,base,no
1342,1,1,0.7057850278370112,-0.9564839601516724,-1.8314839601516724,base,yes
1343,1,1,0.9149009596336303,-0.6635906100273132,-3.038590669631958,base,yes
1344,1,1,0.9149009526726544,-0.343507319688797,-2.7185072898864746,base,yes
1345,1,0,0.09534945975773548,-2.5804734230041504,-0.3304733633995056,base,no
1346,1,1,0.957912274487423,-0.47359246015548706,-3.598592519760132,base,yes
1347,1,1,0.754914997895581,-0.6817335486412048,-1.8067336082458496,base,yes
1348,1,0,0.40733341443526055,-1.133575439453125,-0.7585754990577698,base,no
1349,1,1,0.9241418137109955,-0.42741164565086365,-2.9274115562438965,base,yes
1350,1,1,0.6791787121629466,-0.6793507933616638,-1.4293508529663086,base,yes
1351,1,0,0.10669059394565118,-2.914083242416382,-0.7890832424163818,base,no
1352,1,1,0.9465966641739773,-0.6302772760391235,-3.505277156829834,base,yes
1353,1,0,0.34864513533394575,-1.6927489042282104,-1.0677489042282104,base,no
1354,1,1,0.7981867873410141,-0.6810154318809509,-2.0560154914855957,base,yes
1355,1,0,0.18242552380635632,-1.8366365432739258,-0.3366365432739258,base,no
1356,1,0,0.20181324146316565,-2.1627988815307617,-0.7877990007400513,base,no
1357,1,1,0.7310585669110203,-0.6810360550880432,-1.6810359954833984,base,yes
1358,1,1,0.9046505351008906,-0.5318961143493652,-2.7818961143493652,base,yes
1359,1,1,0.6224593312018546,-0.7958455085754395,-1.2958455085754395,base,yes
1360,1,1,0.9525741214369554,-0.6859995126724243,-3.6859993934631348,base,Yes
1361,1,0,0.3486451488696663,-1.2915058135986328,-0.6665058732032776,base,no
1362,1,0,0.5,-1.0996949672698975,-1.0996949672698975,base,no
1363,1,1,0.6224593171945417,-0.8585348725318909,-1.358534812927246,base,yes
1364,1,1,0.7772998714925403,-0.5580875277519226,-1.8080875873565674,base,yes
1365,1,1,0.9579122720843811,-0.6208128929138184,-3.7458128929138184,base,Yes
1366,1,1,0.9525741214369554,-0.5769020318984985,-3.576901912689209,base,yes
1367,1,1,0.9241418283357702,-0.6011732816696167,-3.1011734008789062,base,yes
1368,1,1,0.8807970779778823,-0.5997719764709473,-2.5997719764709473,base,yes
1369,1,1,0.9399133498259924,-0.44904589653015137,-3.1990458965301514,base,Yes
1370,1,0,0.34864513533394575,-1.2554595470428467,-0.6304595470428467,base,no
1371,1,0,0.08509904152653235,-2.60882830619812,-0.23382826149463654,base,no
1372,1,1,0.9149009549929797,-0.5631649494171143,-2.9381649494171143,base,yes
1373,1,1,0.9525741214369554,-0.6861063241958618,-3.6861062049865723,base,yes
1374,1,1,0.8670357598021706,-0.6056573390960693,-2.4806573390960693,base,yes
1375,1,1,0.9149009642742806,-0.5626157522201538,-2.9376158714294434,base,yes
1376,1,1,0.7549149868676283,-0.6491433382034302,-1.7741433382034302,base,yes
1377,1,1,0.880797071719777,-0.6608291268348694,-2.6608290672302246,base,Yes
1378,1,1,0.9579122720843811,-0.4300110340118408,-3.555011034011841,base,yes
1379,1,1,0.8519527906914787,-0.3800910413265228,-2.1300909519195557,base,yes
1380,1,1,0.914900950352329,-0.47596389055252075,-2.850963830947876,base,yes
1381,1,1,0.9324533088603709,-0.5433743000030518,-3.1683743000030518,base,yes
1382,1,0,0.06008665017400762,-3.189146041870117,-0.4391460418701172,base,no
1383,1,0,0.3208212878370535,-1.3492159843444824,-0.5992159247398376,base,no
1384,1,1,0.8354835371034369,-0.8001649379730225,-2.4251649379730225,base,yes
1385,1,1,0.9706877692486436,-0.6656007766723633,-4.165600776672363,base,Yes
1386,1,1,0.9324533088603709,-0.7095096111297607,-3.3345096111297607,base,yes
1387,1,1,0.893309411735131,-0.6300205588340759,-2.7550206184387207,base,yes
1388,1,1,0.9324533051062237,-0.7091847062110901,-3.3341846466064453,base,Yes
1389,1,1,0.9465966762263737,-0.7474883794784546,-3.622488498687744,base,Yes
1390,1,1,0.9525741241296944,-0.5694735646247864,-3.5694735050201416,base,yes
1391,1,1,0.8807970842359877,-0.6486596465110779,-2.6486597061157227,base,yes
1392,1,1,0.8807970842359877,-0.6427971720695496,-2.6427972316741943,base,yes
1393,1,1,0.9241418241572634,-0.7103437781333923,-3.210343837738037,base,yes
1394,1,1,0.9046505299595163,-0.4515865445137024,-2.7015864849090576,base,Yes
1395,1,1,0.8670357701094303,-0.4910215437412262,-2.3660216331481934,base,yes
1396,1,1,0.8354835452961425,-0.6517669558525085,-2.2767670154571533,base,yes
1397,1,1,0.679178699175393,-0.812043309211731,-1.562043309211731,base,yes
1398,1,1,0.9149009596336303,-0.6681711077690125,-3.0431711673736572,base,Yes
1399,1,1,0.679178699175393,-0.538969874382019,-1.288969874382019,base,yes
1400,1,0,0.37754066879814546,-1.286126732826233,-0.7861267328262329,base,no
1401,1,1,0.9525741268224334,-0.6264519691467285,-3.6264519691467285,base,Yes
1402,1,1,0.9046505325302034,-0.41660216450691223,-2.66660213470459,base,yes
1403,1,1,0.914900950352329,-0.5656188130378723,-2.9406187534332275,base,yes
1404,1,0,0.11920292515117029,-2.3912148475646973,-0.39121487736701965,base,no
1405,1,1,0.9324533126145177,-0.705488383769989,-3.330488443374634,base,yes
1406,1,1,0.957912274487423,-0.6186792254447937,-3.7436792850494385,base,Yes
1407,1,1,0.9399133464597458,-0.6970985531806946,-3.44709849357605,base,yes
1408,1,1,0.8933094060543487,-0.4299759864807129,-2.554975986480713,base,yes
1409,1,0,0.5,-1.2595744132995605,-1.2595744132995605,base,No
1410,1,0,0.14804719427274565,-1.999830961227417,-0.2498309314250946,base,no
1411,1,1,0.952574129515172,-0.7381138205528259,-3.7381138801574707,base,Yes
1412,1,0,0.07585817793199003,-2.890455722808838,-0.3904556930065155,base,no
1413,1,1,0.9149009480320036,-0.2917869985103607,-2.6667869091033936,base,yes
1414,1,0,0.13296425394084313,-2.4147863388061523,-0.5397864580154419,base,no
1415,1,1,0.7772998714925403,-0.5813557505607605,-1.8313558101654053,base,yes
1416,1,1,0.9579122720843811,-0.6231801509857178,-3.7481801509857178,base,yes
1417,1,1,0.9465966702001757,-0.5334463119506836,-3.4084463119506836,base,yes
1418,1,1,0.9579122756889438,-0.4354950487613678,-3.560495138168335,base,yes
1419,1,1,0.893309411735131,-0.4608084559440613,-2.585808515548706,base,yes
1420,1,1,0.9241418241572634,-0.5489739775657654,-3.04897403717041,base,Yes
1421,1,1,0.966914019704466,-0.556871235370636,-3.931871175765991,base,yes
1422,1,1,0.7772998611746911,-0.7138152122497559,-1.9638152122497559,base,yes
1423,1,1,0.880797081106935,-0.4404928386211395,-2.440492868423462,base,yes
1424,1,1,0.9046505299595163,-0.4455319046974182,-2.6955318450927734,base,yes
1425,1,1,0.8354835289107309,-0.6588495373725891,-2.2838494777679443,base,Yes
1426,1,0,0.2689414330889798,-1.494502305984497,-0.49450236558914185,base,no
1427,1,0,0.22270013882530884,-2.0359628200531006,-0.7859628200531006,base,no
1428,1,1,0.9241418158002492,-0.5072572827339172,-3.0072572231292725,base,yes
1429,1,1,0.5926666143433998,-0.8107377886772156,-1.1857378482818604,base,yes
1430,1,1,0.9241418262465169,-0.39503517746925354,-2.8950352668762207,base,yes
1431,1,1,0.8670357735451834,-0.7160962820053101,-2.5910964012145996,base,yes
1432,1,1,0.9241418158002492,-0.43012601137161255,-2.9301259517669678,base,yes
1433,1,0,0.16451646699291617,-1.958878993988037,-0.3338790237903595,base,no
1434,1,1,0.9149009619539553,-0.34377947449684143,-2.7187795639038086,base,yes
1435,1,1,0.6791787121629466,-0.8302235007286072,-1.580223560333252,base,yes
1436,1,1,0.9149009549929797,-0.3411695957183838,-2.716169595718384,base,yes
1437,1,1,0.9324533126145177,-0.5431985259056091,-3.168198585510254,base,yes
1438,1,1,0.5312093733737563,-0.7836788296699524,-0.9086788296699524,base,yes
1439,1,1,0.939913354875362,-0.49121180176734924,-3.2412118911743164,base,yes
1440,1,1,0.8933094145755219,-0.49554792046546936,-2.6205480098724365,base,yes
1441,1,0,0.3208213138121609,-1.4264585971832275,-0.6764586567878723,base,no
1442,1,0,0.32082130082460697,-1.4246139526367188,-0.6746139526367188,base,no
1443,1,0,0.29421497216298875,-1.6976611614227295,-0.8226611614227295,base,no
1444,1,0,0.34864513533394575,-1.159377932548523,-0.534377932548523,base,no
1445,1,1,0.851952809486198,-0.5405496954917908,-2.2905497550964355,base,yes
1446,1,1,0.867035752930664,-0.5285988450050354,-2.4035987854003906,base,yes
1447,1,1,0.952574129515172,-0.4774124026298523,-3.477412462234497,base,Yes
1448,1,0,0.1824255415859996,-2.1165924072265625,-0.616592526435852,base,no
1449,1,1,0.5621765008857981,-1.1897296905517578,-1.4397296905517578,base,Yes
1450,1,1,0.8354835289107309,-0.600107729434967,-2.2251076698303223,base,yes
1451,1,0,0.46879062662624377,-1.2012085914611816,-1.0762085914611816,base,no
1452,1,0,0.2942149597859341,-1.840682029724121,-0.9656819701194763,base,no
1453,1,1,0.6791787121629466,-0.6818267703056335,-1.4318268299102783,base,yes
1454,1,1,0.9046505453836383,-0.4206045866012573,-2.670604705810547,base,yes
1455,1,1,0.9149009549929797,-0.6682965755462646,-3.0432965755462646,base,yes
1456,1,1,0.8354835452961425,-0.7176105380058289,-2.3426105976104736,base,Yes
1457,1,1,0.7981867777396212,-0.5327861309051514,-1.9077861309051514,base,yes
1458,1,1,0.6513548782017746,-0.9035918116569519,-1.5285918712615967,base,yes
1459,1,0,0.16451647108926923,-2.13722562789917,-0.5122256875038147,base,no
1460,1,0,0.22270012850745968,-1.722017526626587,-0.47201746702194214,base,no
1461,1,0,0.2689414213699951,-1.6591041088104248,-0.6591041088104248,base,no
1462,1,1,0.7772998508568416,-0.6709473729133606,-1.9209473133087158,base,yes
1463,1,1,0.7057850278370112,-0.5882000923156738,-1.4632000923156738,base,yes
1464,1,1,0.9399133464597458,-0.5909014344215393,-3.3409013748168945,base,yes
1465,1,1,0.9046505351008906,-0.5733370780944824,-2.8233370780944824,base,yes
1466,1,1,0.8807970904940926,-0.824539065361023,-2.8245391845703125,base,Yes
1467,1,1,0.7057850278370112,-0.7135846614837646,-1.5885846614837646,base,yes
1468,1,1,0.7310585786300049,-0.5330322980880737,-1.5330322980880737,base,yes
1469,1,1,0.9324533069832973,-0.421237975358963,-3.0462379455566406,base,yes
1470,1,1,0.9241418158002492,-0.7097488045692444,-3.2097487449645996,base,yes
1471,1,1,0.9626731147976793,-0.6181020140647888,-3.8681020736694336,base,yes
1472,1,1,0.6513548646660542,-0.8693869113922119,-1.494386911392212,base,yes
1473,1,1,0.880797071719777,-0.5912640690803528,-2.591264009475708,base,yes
1474,1,1,0.8933094003735664,-0.6864691376686096,-2.811469078063965,base,yes
1475,1,1,0.8175744761936437,-0.4003969430923462,-1.9003969430923462,base,yes
1476,1,1,0.9241418241572634,-0.7062451243400574,-3.206245183944702,base,Yes
1477,1,0,0.20181322226037882,-2.0068705081939697,-0.6318705081939697,base,No
1478,1,1,0.6224593312018546,-0.8315436840057373,-1.3315436840057373,base,yes
1479,1,1,0.7310585903489892,-0.5600160956382751,-1.56001615524292,base,yes
1480,1,1,0.5621764862150634,-0.9520588517189026,-1.2020587921142578,base,yes
1481,1,1,0.7981867873410141,-0.4430803656578064,-1.8180804252624512,base,yes
1482,1,1,0.9706877709445761,-0.6640080809593201,-4.164008140563965,base,Yes
1483,1,1,0.817574471748733,-0.3787288963794708,-1.8787288665771484,base,yes
1484,1,1,0.867035752930664,-0.49015313386917114,-2.3651530742645264,base,yes
1485,1,1,0.6224593312018546,-0.9116342067718506,-1.4116342067718506,base,yes
1486,1,1,0.9626731105140616,-0.5631075501441956,-3.813107490539551,base,yes
1487,1,1,0.893309411735131,-0.5815076231956482,-2.706507682800293,base,yes
1488,1,1,0.7981867777396212,-0.6041772365570068,-1.9791772365570068,base,yes
1489,1,0,0.2689414330889798,-1.739335298538208,-0.7393353581428528,base,no
1490,1,0,0.5,-1.1896421909332275,-1.1896421909332275,base,no
1491,1,1,0.9740426458162398,-0.5046619176864624,-4.129662036895752,base,Yes
1492,1,1,0.9046505351008906,-0.7363219261169434,-2.9863219261169434,base,yes
1493,1,1,0.754914975839675,-0.6571794152259827,-1.782179355621338,base,yes
1494,1,1,0.8519528019683106,-0.5091075897216797,-2.2591075897216797,base,yes
1495,1,1,0.5312093733737563,-0.8877053260803223,-1.0127053260803223,base,yes
1496,1,1,0.679178699175393,-0.6517974138259888,-1.4017974138259888,base,yes
1497,1,1,0.893309411735131,-0.8033029437065125,-2.9283030033111572,base,Yes
1498,1,1,0.9579122708828604,-0.4319467842578888,-3.5569467544555664,base,Yes
1499,1,0,0.34864513533394575,-1.3181546926498413,-0.6931546926498413,base,no
1500,1,0,0.24508502416032488,-1.7841179370880127,-0.6591179966926575,base,no
1501,1,0,0.24508500210441886,-1.8847081661224365,-0.7597081065177917,base,no
1502,1,0,0.46879062662624377,-1.0974897146224976,-0.9724897146224976,base,no
1503,1,1,0.6791786861878392,-0.796685516834259,-1.5466854572296143,base,yes
1504,1,1,0.6513548782017746,-0.7116853594779968,-1.3366854190826416,base,yes
1505,1,1,0.6224593312018546,-1.084722876548767,-1.584722876548767,base,Yes
1506,1,0,0.46879062662624377,-1.3495339155197144,-1.2245339155197144,base,no
1507,1,0,0.11920291576401235,-2.2922472953796387,-0.2922472357749939,base,no
1508,1,1,0.9046505351008906,-0.5777835845947266,-2.8277835845947266,base,yes
1509,1,0,0.1480471980316895,-2.2282986640930176,-0.4782986640930176,base,no
1510,1,0,0.34864513533394575,-1.2252204418182373,-0.6002204418182373,base,no
1511,1,1,0.7549149648117217,-0.8770304918289185,-2.002030372619629,base,Yes
1512,1,0,0.04208772431105632,-3.4109013080596924,-0.2859012186527252,base,no
1513,1,1,0.851952809486198,-0.740301787853241,-2.4903018474578857,base,Yes
1514,1,1,0.8175744761936437,-0.8887507915496826,-2.3887507915496826,base,Yes
1515,1,1,0.5621765008857981,-0.7304993271827698,-0.9804993271827698,base,yes
1516,1,1,0.5312093882168609,-0.9359280467033386,-1.0609281063079834,base,yes
1517,1,1,0.679178699175393,-0.9720720052719116,-1.7220720052719116,base,Yes
1518,1,1,0.7981867777396212,-0.5318188667297363,-1.9068188667297363,base,yes
1519,1,0,0.08509904268669496,-2.8376927375793457,-0.4626927077770233,base,no
1520,1,1,0.7057850154599563,-0.6861522793769836,-1.5611522197723389,base,yes
1521,1,1,0.798186768138228,-0.796650230884552,-2.1716501712799072,base,yes
1522,1,1,0.7549150089235336,-0.9351829290390015,-2.060183048248291,base,Yes
1523,1,0,0.22270014398423357,-1.6583055257797241,-0.4083055555820465,base,no
1524,1,0,0.16451645470385742,-1.985180377960205,-0.3601803183555603,base,no
1525,1,1,0.9525741254760638,-0.4379713833332062,-3.437971353530884,base,Yes
1526,1,0,0.2942149845400438,-1.6789021492004395,-0.8039022088050842,base,no
1527,1,0,0.0600866518571309,-3.0820415019989014,-0.33204153180122375,base,no
1528,1,1,0.7772998714925403,-0.5276438593864441,-1.7776439189910889,base,yes
1529,1,0,0.29421497216298875,-1.7214055061340332,-0.8464055061340332,base,no
1530,1,1,0.7549149868676283,-0.7790851593017578,-1.9040851593017578,base,yes
1531,1,1,0.5926665999540697,-0.800703763961792,-1.175703763961792,base,yes
1532,1,1,0.7549149868676283,-0.5607472658157349,-1.6857472658157349,base,yes
1533,1,0,0.0953494648991095,-2.733800172805786,-0.48380017280578613,base,no
1534,1,1,0.8807970842359877,-0.5503894686698914,-2.550389528274536,base,yes
1535,1,1,0.8175744584140004,-0.8201013803482056,-2.320101261138916,base,yes
1536,1,1,0.6224593312018546,-1.0713472366333008,-1.5713472366333008,base,Yes
1537,1,1,0.8354835452961425,-0.6864897608757019,-2.3114898204803467,base,yes
1538,1,1,0.8354835371034369,-0.7446436882019043,-2.3696436882019043,base,yes
1539,1,1,0.7981867777396212,-0.5279685258865356,-1.9029685258865356,base,yes
1540,1,1,0.8807970842359877,-0.8171197772026062,-2.817119836807251,base,Yes
1541,1,0,0.22270013882530884,-1.8159013986587524,-0.5659013986587524,base,no
1542,1,1,0.6224593312018546,-0.6617670059204102,-1.1617670059204102,base,yes
1543,1,1,0.6791787121629466,-0.577575147151947,-1.3275752067565918,base,yes
1544,1,0,0.29421497216298875,-1.32919442653656,-0.45419442653656006,base,no
1545,1,1,0.6513548646660542,-0.7135684490203857,-1.3385684490203857,base,yes
1546,1,1,0.5621764862150634,-0.9524670243263245,-1.2024669647216797,base,yes
1547,1,0,0.2689414213699951,-1.859352946281433,-0.8593529462814331,base,no
1548,1,0,0.16451645470385742,-1.9430389404296875,-0.3180388808250427,base,no
1549,1,0,0.22270013366638422,-1.6727370023727417,-0.4227369725704193,base,no
1550,1,1,0.9149009642742806,-0.4756258726119995,-2.850625991821289,base,yes
1551,1,0,0.3486451217982255,-1.567751407623291,-0.9427513480186462,base,no
1552,1,1,0.8175744939732856,-0.6654161214828491,-2.1654162406921387,base,yes
1553,1,1,0.6224593312018546,-0.9565032720565796,-1.4565032720565796,base,yes
1554,1,0,0.09534947261117097,-2.484682559967041,-0.23468264937400818,base,no
1555,1,1,0.5621765008857981,-0.9661804437637329,-1.216180443763733,base,yes
1556,1,1,0.9525741322079105,-0.7408941984176636,-3.740894317626953,base,Yes
1557,1,1,0.8670357598021706,-0.7106869220733643,-2.5856869220733643,base,yes
1558,1,1,0.8933094032139576,-0.4262411892414093,-2.551241159439087,base,yes
1559,1,0,0.46879062662624377,-1.2453205585479736,-1.1203205585479736,base,no
1560,1,0,0.2942149597859341,-1.521953821182251,-0.6469537615776062,base,no
1561,1,1,0.754914975839675,-0.7879820466041565,-1.9129819869995117,base,yes
1562,1,0,0.34864513533394575,-1.4162747859954834,-0.7912747859954834,base,no
1563,1,1,0.9046505402422645,-0.7308854460716248,-2.9808855056762695,base,yes
1564,1,0,0.3208212878370535,-1.4111902713775635,-0.6611902117729187,base,no
1565,1,1,0.7981867777396212,-0.8641471862792969,-2.239147186279297,base,Yes
1566,1,1,0.5621765008857981,-0.7191269993782043,-0.9691269993782043,base,yes
1567,1,1,0.6513548646660542,-0.7880891561508179,-1.4130891561508179,base,yes
1568,1,0,0.20181322226037882,-2.0949316024780273,-0.7199316024780273,base,no
1569,1,1,0.7310585903489892,-0.7722699046134949,-1.7722699642181396,base,yes
1570,1,0,0.5,-1.3041102886199951,-1.3041102886199951,base,no
1571,1,1,0.8670357598021706,-0.4875147342681885,-2.3625147342681885,base,yes
1572,1,1,0.8933093946927838,-0.338873028755188,-2.4638729095458984,base,yes
1573,1,0,0.34864513533394575,-1.4172548055648804,-0.7922548055648804,base,no
1574,1,1,0.6791786861878392,-0.9935446381568909,-1.743544578552246,base,yes
1575,1,1,0.7310585786300049,-0.8588688373565674,-1.8588688373565674,base,yes
1576,1,1,0.7057850278370112,-0.6769243478775024,-1.5519243478775024,base,yes
1577,1,0,0.2942149597859341,-1.4287488460540771,-0.5537487864494324,base,no
1578,1,1,0.9669140292386145,-0.6701505184173584,-4.0451507568359375,base,yes
1579,1,0,0.03732688627322502,-3.481006622314453,-0.23100659251213074,base,no
1580,1,0,0.5,-1.2374205589294434,-1.2374205589294434,base,no
1581,1,0,0.042087731520181665,-3.408017873764038,-0.28301796317100525,base,no
1582,1,0,0.08509904732734556,-2.5499885082244873,-0.1749885380268097,base,no
1583,1,0,0.24508501313237172,-1.8860787153244019,-0.7610787153244019,base,no
1584,1,1,0.9149009642742806,-0.7158788442611694,-3.090878963470459,base,yes
1585,1,1,0.8807970654616711,-0.30207598209381104,-2.3020758628845215,base,yes
1586,1,1,0.9525741214369554,-0.47758686542510986,-3.4775867462158203,base,yes
1587,1,1,0.9740426443092215,-0.5525693297386169,-4.177569389343262,base,Yes
1588,1,1,0.9046505402422645,-0.7306062579154968,-2.9806063175201416,base,Yes
1589,1,1,0.851952809486198,-0.5462712645530701,-2.296271324157715,base,yes
1590,1,1,0.8933094174159129,-0.4954637289047241,-2.6204638481140137,base,yes
1591,1,0,0.24508501313237172,-2.006315231323242,-0.8813152313232422,base,No
1592,1,1,0.7981867873410141,-0.7287411093711853,-2.10374116897583,base,yes
1593,1,0,0.5,-0.9615774154663086,-0.9615774154663086,base,no
1594,1,1,0.9241418199787566,-0.706275224685669,-3.206275224685669,base,Yes
1595,1,0,0.2942149845400438,-1.6975855827331543,-0.8225856423377991,base,no
1596,1,1,0.5312093733737563,-1.2565529346466064,-1.3815529346466064,base,Yes
1597,1,1,0.8670357666736773,-0.5649701952934265,-2.4399702548980713,base,yes
1598,1,1,0.7772998508568416,-0.8124292492866516,-2.062429189682007,base,yes
1599,1,1,0.9706877658567789,-0.4587641954421997,-3.95876407623291,base,yes
1600,1,1,0.8354835207180245,-0.5218034982681274,-2.146803379058838,base,yes
1601,1,0,0.4378234991142019,-1.0774680376052856,-0.8274680376052856,base,no
1602,1,1,0.7057850154599563,-0.7045312523841858,-1.579531192779541,base,yes
1603,1,1,0.9399133531922388,-0.3779856562614441,-3.127985715866089,base,yes
1604,1,1,0.8175744673038221,-0.7647321820259094,-2.2647321224212646,base,yes
1605,1,1,0.7310585786300049,-0.4900308847427368,-1.4900308847427368,base,yes
1606,1,1,0.7981867777396212,-0.5980169773101807,-1.9730169773101807,base,yes
1607,1,1,0.8807970904940926,-0.6049216985702515,-2.604921817779541,base,yes
1608,1,0,0.3775406547908327,-1.1236770153045654,-0.6236769556999207,base,no
1609,1,0,0.29421497216298875,-1.8555892705917358,-0.9805892705917358,base,no
1610,1,0,0.3775406547908327,-1.1412017345428467,-0.6412016749382019,base,no
1611,1,1,0.6224593452091672,-0.8068479895591736,-1.3068480491638184,base,yes
1612,1,1,0.6224593452091672,-0.8596195578575134,-1.3596196174621582,base,yes
1613,1,1,0.754914975839675,-0.649914562702179,-1.7749145030975342,base,yes
1614,1,1,0.679178699175393,-0.5302692651748657,-1.2802692651748657,base,yes
1615,1,1,0.7981867777396212,-0.5559372901916504,-1.9309372901916504,base,yes
1616,1,1,0.9399133498259924,-0.4090440273284912,-3.159044027328491,base,yes
1617,1,0,0.4378234991142019,-0.9812262058258057,-0.7312262058258057,base,no
1618,1,0,0.13296424019782924,-2.5110034942626953,-0.6360034942626953,base,no
1619,1,1,0.9241418220680101,-0.4327943027019501,-2.9327943325042725,base,yes
1620,1,1,0.5312093733737563,-0.8081559538841248,-0.9331559538841248,base,yes
1621,1,1,0.6224593452091672,-0.8309227824211121,-1.3309228420257568,base,yes
1622,1,1,0.9046505351008906,-0.6800615787506104,-2.9300615787506104,base,yes
1623,1,1,0.835483553488848,-0.6855076551437378,-2.3105077743530273,base,yes
1624,1,0,0.11920291576401235,-2.5609235763549805,-0.5609235167503357,base,no
1625,1,0,0.4378234991142019,-1.114050030708313,-0.864050030708313,base,no
1626,1,1,0.9465966732132748,-0.6837717890739441,-3.558771848678589,base,yes
1627,1,1,0.7981867777396212,-0.468406081199646,-1.843406081199646,base,yes
1628,1,1,0.9149009642742806,-0.7806051969528198,-3.1556053161621094,base,Yes
1629,1,1,0.8670357666736773,-0.8328086733818054,-2.70780873298645,base,Yes
1630,1,0,0.2689414213699951,-1.6242282390594482,-0.6242282390594482,base,no
1631,1,1,0.7310585786300049,-0.9535281658172607,-1.9535281658172607,base,Yes
1632,1,1,0.8670357666736773,-0.6098019480705261,-2.484802007675171,base,yes
1633,1,1,0.7772998611746911,-0.7701370716094971,-2.020137071609497,base,Yes
1634,1,1,0.9399133464597458,-0.6406140923500061,-3.3906140327453613,base,yes
1635,1,1,0.5621765008857981,-1.1899936199188232,-1.4399936199188232,base,Yes
1636,1,1,0.6224593312018546,-1.116219162940979,-1.616219162940979,base,Yes
1637,1,1,0.8670357598021706,-0.3921477794647217,-2.2671477794647217,base,yes
1638,1,1,0.7772998611746911,-0.6153756380081177,-1.8653756380081177,base,yes
1639,1,0,0.20181322226037882,-1.8336576223373413,-0.4586576223373413,base,no
1640,1,1,0.914900950352329,-0.5661984086036682,-2.9411983489990234,base,Yes
1641,1,1,0.6513548646660542,-0.7989035844802856,-1.4239035844802856,base,yes
1642,1,1,0.7310585786300049,-0.5244807004928589,-1.5244807004928589,base,yes
1643,1,1,0.880797071719777,-0.550303041934967,-2.5503029823303223,base,yes
1644,1,1,0.7772998611746911,-0.5264663696289062,-1.7764663696289062,base,yes
1645,1,1,0.8670357598021706,-0.5286250114440918,-2.403625011444092,base,yes
1646,1,1,0.835483553488848,-0.40567052364349365,-2.030670642852783,base,yes
1647,1,1,0.7981867777396212,-0.5658484697341919,-1.940848469734192,base,yes
1648,1,0,0.2018132174596823,-1.7128899097442627,-0.3378898799419403,base,no
1649,1,0,0.34864513533394575,-1.5202865600585938,-0.8952865600585938,base,no
1650,1,1,0.6224593312018546,-0.8201982975006104,-1.3201982975006104,base,yes
1651,1,1,0.8807970842359877,-0.6054996848106384,-2.605499744415283,base,yes
1652,1,1,0.8933094003735664,-0.6875208020210266,-2.812520742416382,base,yes
1653,1,1,0.7549149868676283,-0.58034348487854,-1.70534348487854,base,yes
1654,1,1,0.9046505402422645,-0.6269850134849548,-2.8769850730895996,base,Yes
1655,1,1,0.8519528019683106,-0.8415505886077881,-2.591550588607788,base,Yes
1656,1,1,0.8670357666736773,-0.6579477190971375,-2.5329477787017822,base,yes
1657,1,0,0.20181322226037882,-1.8898531198501587,-0.5148531198501587,base,no
1658,1,1,0.9241418241572634,-0.662160336971283,-3.1621603965759277,base,yes
1659,1,1,0.939913343093499,-0.7007328271865845,-3.450732707977295,base,yes
1660,1,1,0.9241418283357702,-0.6578201055526733,-3.157820224761963,base,Yes
1661,1,1,0.8354835371034369,-0.5599372386932373,-2.1849372386932373,base,yes
1662,1,1,0.754914997895581,-0.7322081923484802,-1.857208251953125,base,yes
1663,1,1,0.7772998508568416,-0.8984082341194153,-2.1484081745147705,base,Yes
1664,1,0,0.46879062662624377,-1.3197723627090454,-1.1947723627090454,base,no
1665,1,1,0.9046505402422645,-0.6223840117454529,-2.8723840713500977,base,yes
1666,1,1,0.9465966762263737,-0.6329602003097534,-3.507960319519043,base,yes
1667,1,1,0.9241418241572634,-0.5137090086936951,-3.01370906829834,base,yes
1668,1,1,0.939913343093499,-0.5908857583999634,-3.340885639190674,base,Yes
1669,1,1,0.6224593312018546,-0.8998110294342041,-1.399811029434204,base,yes
1670,1,1,0.9241418241572634,-0.3952011466026306,-2.8952012062072754,base,yes
1671,1,0,0.2689414096510108,-1.6385445594787598,-0.638544499874115,base,no
1672,1,1,0.9241418283357702,-0.71452796459198,-3.2145280838012695,base,yes
1673,1,1,0.9149009549929797,-0.6679761409759521,-3.042976140975952,base,yes
1674,1,0,0.24508501313237172,-1.7124335765838623,-0.5874335765838623,base,no
1675,1,1,0.8354835371034369,-0.8091473579406738,-2.434147357940674,base,yes
1676,1,1,0.7772998611746911,-0.5269311666488647,-1.7769311666488647,base,yes
1677,1,1,0.8519527944504226,-0.4693623185157776,-2.219362258911133,base,yes
1678,1,1,0.9324533088603709,-0.45673632621765137,-3.0817363262176514,base,yes
1679,1,1,0.8933094003735664,-0.7497096657752991,-2.8747096061706543,base,yes
1680,1,1,0.7772998611746911,-0.5226857662200928,-1.7726857662200928,base,yes
1681,1,1,0.7310585903489892,-0.5289036631584167,-1.5289037227630615,base,yes
1682,1,1,0.6224593312018546,-0.7266193628311157,-1.2266193628311157,base,yes
1683,1,1,0.8354835289107309,-0.6870399117469788,-2.312039852142334,base,yes
1684,1,1,0.9399133464597458,-0.5846357941627502,-3.3346357345581055,base,Yes
1685,1,1,0.8807970654616711,-0.5134154558181763,-2.5134153366088867,base,yes
1686,1,1,0.8354835289107309,-0.5336881279945374,-2.1586880683898926,base,Yes
1687,1,1,0.9324533126145177,-0.5473331809043884,-3.172333240509033,base,yes
1688,1,1,0.9399133464597458,-0.5907586216926575,-3.3407585620880127,base,yes
1689,1,1,0.9579122720843811,-0.6777172088623047,-3.8027172088623047,base,Yes
1690,1,1,0.6224593312018546,-0.7650328874588013,-1.2650328874588013,base,yes
1691,1,1,0.9046505351008906,-0.35306239128112793,-2.603062391281128,base,yes
1692,1,0,0.32082130082460697,-1.459159255027771,-0.709159255027771,base,no
1693,1,1,0.9046505402422645,-0.7257043719291687,-2.9757044315338135,base,yes
1694,1,1,0.8354835207180245,-0.78199303150177,-2.4069929122924805,base,Yes
1695,1,1,0.679178699175393,-0.9458762407302856,-1.6958762407302856,base,Yes
1696,1,1,0.9046505453836383,-0.6220897436141968,-2.8720898628234863,base,yes
1697,1,1,0.7772998714925403,-0.6231247782707214,-1.8731248378753662,base,yes
1698,1,1,0.9399133464597458,-0.5821381211280823,-3.3321380615234375,base,Yes
1699,1,1,0.8807970654616711,-0.37943756580352783,-2.3794374465942383,base,yes
1700,1,1,0.8519528170040853,-0.5821231603622437,-2.332123279571533,base,yes
1701,1,1,0.7549149868676283,-0.5221261978149414,-1.6471261978149414,base,yes
1702,1,1,0.8807970748488297,-0.37683966755867004,-2.3768396377563477,base,yes
1703,1,1,0.9241418158002492,-0.555587112903595,-3.05558705329895,base,yes
1704,1,1,0.7310585786300049,-0.6168800592422485,-1.6168800592422485,base,yes
1705,1,0,0.3775406828054583,-1.4472613334655762,-0.947261393070221,base,no
1706,1,1,0.8807970779778823,-0.6481750011444092,-2.648175001144409,base,yes
1707,1,1,0.798186768138228,-0.44350558519363403,-1.8185055255889893,base,yes
1708,1,1,0.9324533013520764,-0.7016893625259399,-3.3266892433166504,base,yes
1709,1,1,0.7981867873410141,-0.5016350150108337,-1.8766350746154785,base,yes
1710,1,1,0.9241418241572634,-0.5103334784507751,-3.01033353805542,base,yes
1711,1,1,0.8933094060543487,-0.6820199489593506,-2.8070199489593506,base,yes
1712,1,1,0.8670357666736773,-0.4520658850669861,-2.327065944671631,base,yes
1713,1,1,0.8807970904940926,-0.4399060010910034,-2.439906120300293,base,yes
1714,1,1,0.8670357735451834,-0.7159947156906128,-2.5909948348999023,base,yes
1715,1,1,0.9324533013520764,-0.6450330018997192,-3.2700328826904297,base,yes
1716,1,1,0.9046505453836383,-0.48321378231048584,-2.7332139015197754,base,yes
1717,1,1,0.7310585786300049,-0.5240867137908936,-1.5240867137908936,base,yes
1718,1,1,0.9046505299595163,-0.618028461933136,-2.868028402328491,base,yes
1719,1,1,0.8519527944504226,-0.7594388127326965,-2.5094387531280518,base,Yes
1720,1,1,0.9241418199787566,-0.33331799507141113,-2.833317995071411,base,yes
1721,1,1,0.8933094003735664,-0.43011075258255005,-2.5551106929779053,base,yes
1722,1,1,0.8670357460591569,-0.4911571741104126,-2.366157054901123,base,yes
1723,1,1,0.9324533107374443,-0.42421290278434753,-3.04921293258667,base,yes
1724,1,1,0.9046505402422645,-0.3500921130180359,-2.6000921726226807,base,yes
1725,1,1,0.914900950352329,-0.6153808236122131,-2.9903807640075684,base,yes
1726,1,1,0.8670357598021706,-0.3717336654663086,-2.2467336654663086,base,Yes
1727,1,0,0.40733341443526055,-1.1725895404815674,-0.7975896000862122,base,no
1728,1,1,0.9399133464597458,-0.5413594841957092,-3.2913594245910645,base,yes
1729,1,1,0.8807970654616711,-0.8242617845535278,-2.8242616653442383,base,Yes
1730,1,1,0.9149009596336303,-0.6784593462944031,-3.053459405899048,base,Yes
1731,1,1,0.8175744673038221,-0.6595726609230042,-2.1595726013183594,base,yes
1732,1,1,0.939913356558485,-0.6970533132553101,-3.4470534324645996,base,yes
1733,1,1,0.880797068590724,-0.4750114381313324,-2.4750113487243652,base,yes
1734,1,1,0.9241418199787566,-0.5556550025939941,-3.055655002593994,base,yes
1735,1,1,0.8519528019683106,-0.8412861824035645,-2.5912861824035645,base,Yes
1736,1,1,0.9324533126145177,-0.7052549719810486,-3.3302550315856934,base,Yes
1737,1,1,0.5926665999540697,-1.1023807525634766,-1.4773807525634766,base,Yes
1738,1,1,0.9324533088603709,-0.700979471206665,-3.325979471206665,base,yes
1739,1,1,0.8670357460591569,-0.7102514505386353,-2.5852513313293457,base,yes
1740,1,1,0.6513548646660542,-1.0175721645355225,-1.6425721645355225,base,yes
1741,1,1,0.5312093733737563,-0.9040719270706177,-1.0290719270706177,base,yes
1742,1,1,0.8519527982093668,-0.38353946805000305,-2.1335394382476807,base,yes
1743,1,1,0.7310585669110203,-0.5811002850532532,-1.5811002254486084,base,yes
1744,1,1,0.6791787121629466,-0.994600236415863,-1.7446002960205078,base,yes
1745,1,1,0.679178699175393,-1.030872106552124,-1.780872106552124,base,Yes
1746,1,1,0.8519528019683106,-0.5778884887695312,-2.3278884887695312,base,yes
1747,1,1,0.9324533144915912,-0.4183427393436432,-3.0433428287506104,base,yes
1748,1,1,0.8807970779778823,-0.4748835563659668,-2.474883556365967,base,yes
1749,1,1,0.9525741268224334,-0.7381668090820312,-3.7381668090820312,base,Yes
1750,1,1,0.9465966762263737,-0.583271861076355,-3.4582719802856445,base,yes
1751,1,1,0.8519528019683106,-0.8577070236206055,-2.6077070236206055,base,Yes
1752,1,1,0.679178699175393,-0.778292179107666,-1.528292179107666,base,yes
1753,1,1,0.89330940889474,-0.39734169840812683,-2.522341728210449,base,yes
1754,1,1,0.8670357460591569,-0.5240188837051392,-2.3990187644958496,base,yes
1755,1,1,0.679178699175393,-0.7053217887878418,-1.4553217887878418,base,yes
1756,1,1,0.8670357666736773,-0.5660244822502136,-2.4410245418548584,base,yes
1757,1,1,0.9241418158002492,-0.5556681752204895,-3.0556681156158447,base,yes
1758,1,1,0.8175744761936437,-0.4501914978027344,-1.9501914978027344,base,yes
1759,1,1,0.880797071719777,-0.4754682183265686,-2.475468158721924,base,yes
1760,1,1,0.867035752930664,-0.7224929928779602,-2.5974929332733154,base,yes
1761,1,1,0.9324533051062237,-0.6521816849708557,-3.277181625366211,base,yes
1762,1,1,0.8519527906914787,-0.38314732909202576,-2.1331472396850586,base,yes
1763,1,1,0.893309411735131,-0.4991409182548523,-2.624140977859497,base,yes
1764,1,1,0.8933094003735664,-0.6345899701118469,-2.759589910507202,base,yes
1765,1,1,0.9046505428129514,-0.34935274720191956,-2.5993528366088867,base,yes
1766,1,1,0.9241418283357702,-0.5071243047714233,-3.007124423980713,base,yes
1767,1,1,0.8670357598021706,-0.7095668315887451,-2.584566831588745,base,yes
1768,1,1,0.9465966656805269,-0.3707018792629242,-3.245701789855957,base,Yes
1769,1,1,0.7981867777396212,-0.5973106622695923,-1.9723106622695923,base,yes
1770,1,1,0.9149009642742806,-0.517076849937439,-2.8920769691467285,base,yes
1771,1,1,0.9399133464597458,-0.49290233850479126,-3.2429022789001465,base,yes
1772,1,1,0.9579122672782973,-0.6260830163955688,-3.7510828971862793,base,yes
1773,1,1,0.8807970779778823,-0.8245956897735596,-2.8245956897735596,base,Yes
1774,1,0,0.18242553269617778,-1.946296215057373,-0.4462962746620178,base,no
1775,1,1,0.9579122708828604,-0.36167433857917786,-3.4866743087768555,base,yes
1776,1,1,0.9149009596336303,-0.5658733248710632,-2.940873384475708,base,Yes
1777,1,1,0.9465966671870767,-0.4460774064064026,-3.321077346801758,base,yes
1778,1,1,0.8933094145755219,-0.4583684504032135,-2.5833685398101807,base,yes
1779,1,1,0.880797071719777,-0.7071622014045715,-2.7071621417999268,base,yes
1780,1,1,0.939913356558485,-0.6406229734420776,-3.390623092651367,base,yes
1781,1,0,0.22270012850745968,-1.887953758239746,-0.6379536986351013,base,no
1782,1,1,0.8807970654616711,-0.509010910987854,-2.5090107917785645,base,yes
1783,1,1,0.5926666143433998,-0.8013502955436707,-1.1763503551483154,base,yes
1784,1,1,0.7310585669110203,-0.5798452496528625,-1.5798451900482178,base,yes
1785,1,1,0.8933094003735664,-0.7374165654182434,-2.8624165058135986,base,yes
1786,1,1,0.8933094003735664,-0.4651995301246643,-2.5901994705200195,base,yes
1787,1,0,0.3208213138121609,-1.513552188873291,-0.7635522484779358,base,no
1788,1,1,0.914900950352329,-0.6682572960853577,-3.043257236480713,base,yes
1789,1,1,0.867035752930664,-0.6705623269081116,-2.545562267303467,base,yes
1790,1,1,0.9399133531922388,-0.5910112261772156,-3.3410112857818604,base,yes
1791,1,1,0.9046505299595163,-0.41366487741470337,-2.6636648178100586,base,yes
1792,1,1,0.9241418199787566,-0.5558681488037109,-3.055868148803711,base,yes
1793,1,1,0.835483553488848,-0.565116286277771,-2.1901164054870605,base,yes
1794,1,1,0.9579122696813394,-0.5704177021980286,-3.695417642593384,base,yes
1795,1,1,0.8933094174159129,-0.39413726329803467,-2.519137382507324,base,yes
1796,1,1,0.9399133498259924,-0.5335936546325684,-3.2835936546325684,base,yes
1797,1,1,0.9241418158002492,-0.552091658115387,-3.052091598510742,base,yes
1798,1,1,0.9579122696813394,-0.677392303943634,-3.8023922443389893,base,Yes
1799,1,1,0.7772998508568416,-0.8021970391273499,-2.052196979522705,base,yes
1800,1,1,0.8175744850834649,-0.5814868807792664,-2.081486940383911,base,yes
1801,1,0,0.10669060246682488,-2.4261298179626465,-0.30112990736961365,base,no
1802,1,1,0.7981867969424066,-0.8334640264511108,-2.2084641456604004,base,Yes
1803,1,1,0.5312093733737563,-1.0172629356384277,-1.1422629356384277,base,yes
1804,1,0,0.22270012850745968,-1.7469851970672607,-0.49698513746261597,base,no
1805,1,0,0.03308597934211908,-3.645944833755493,-0.27094486355781555,base,no
1806,1,0,0.04742587856304458,-3.3760948181152344,-0.3760949373245239,base,no
1807,1,1,0.5312093733737563,-1.1187055110931396,-1.2437055110931396,base,yes
1808,1,0,0.16451645470385742,-2.2321465015411377,-0.6071464419364929,base,no
1809,1,1,0.754914997895581,-0.7885424494743347,-1.9135425090789795,base,yes
1810,1,1,0.8519528170040853,-0.6004699468612671,-2.3504700660705566,base,Yes
1811,1,1,0.7772998611746911,-0.5854661464691162,-1.8354661464691162,base,yes
1812,1,0,0.18242552380635632,-2.0283360481262207,-0.5283360481262207,base,no
1813,1,0,0.04208773272170267,-3.407891273498535,-0.2828913927078247,base,no
1814,1,0,0.2689414096510108,-1.5641751289367676,-0.5641750693321228,base,no
1815,1,0,0.13296424019782924,-2.3960988521575928,-0.5210988521575928,base,no
1816,1,0,0.2689414213699951,-1.5499619245529175,-0.5499619245529175,base,no
1817,1,0,0.11920293453832885,-2.312358856201172,-0.3123589754104614,base,no
1818,1,0,0.03732689162774753,-3.7250847816467285,-0.47508490085601807,base,no
1819,1,0,0.13296425050508953,-2.19035267829895,-0.31535276770591736,base,no
1820,1,0,0.07585817584273653,-3.0278542041778564,-0.5278541445732117,base,no
1821,1,0,0.4073333856566001,-1.290161371231079,-0.9151613116264343,base,no
1822,1,0,0.060086646807761206,-3.295215606689453,-0.5452155470848083,base,no
1823,1,0,0.5,-1.2804627418518066,-1.2804627418518066,base,no
1824,1,0,0.24508501313237172,-1.6651866436004639,-0.5401866436004639,base,no
1825,1,0,0.18242551936144574,-1.8647825717926025,-0.36478254199028015,base,no
1826,1,1,0.9046505453836383,-0.5731338262557983,-2.823133945465088,base,yes
1827,1,0,0.11920292515117029,-2.27907395362854,-0.2790739834308624,base,no
1828,1,1,0.9465966732132748,-0.6898588538169861,-3.564858913421631,base,Yes
1829,1,1,0.9399133498259924,-0.6939754486083984,-3.4439754486083984,base,Yes
1830,1,1,0.8175744939732856,-0.7915366888046265,-2.291536808013916,base,Yes
1831,1,1,0.6513548646660542,-0.5594550371170044,-1.1844550371170044,base,yes
1832,1,1,0.9626731126558706,-0.6154966354370117,-3.8654966354370117,base,yes
1833,1,0,0.4073334000459302,-1.2163902521133423,-0.8413902521133423,base,no
1834,1,0,0.32082130082460697,-1.7433539628982544,-0.9933539628982544,base,no
1835,1,0,0.4378234844434674,-1.0272929668426514,-0.7772929072380066,base,no
1836,1,0,0.46879062662624377,-1.317371129989624,-1.192371129989624,base,no
1837,1,1,0.9241418241572634,-0.6539637446403503,-3.153963804244995,base,yes
1838,1,1,0.9241418241572634,-0.7101909518241882,-3.210191011428833,base,yes
1839,1,1,0.5621764862150634,-0.8320971131324768,-1.082097053527832,base,yes
1840,1,1,0.914900945711678,-0.47556841373443604,-2.8505682945251465,base,yes
1841,1,1,0.9465966762263737,-0.6936620473861694,-3.568662166595459,base,Yes
1842,1,1,0.880797071719777,-0.5950940251350403,-2.5950939655303955,base,yes
1843,1,1,0.5621765008857981,-1.2075936794281006,-1.4575936794281006,base,Yes
1844,1,0,0.4378234991142019,-1.2536625862121582,-1.0036625862121582,base,No
1845,1,1,0.7057850278370112,-0.5619646310806274,-1.4369646310806274,base,yes
1846,1,1,0.9324533163686646,-0.761776328086853,-3.3867764472961426,base,Yes
1847,1,1,0.8519527869325346,-0.7404528856277466,-2.490452766418457,base,yes
1848,1,1,0.9241418158002492,-0.7144971489906311,-3.2144970893859863,base,yes
1849,1,0,0.4378234991142019,-1.262300729751587,-1.012300729751587,base,no
1850,1,1,0.5312093733737563,-0.8083316683769226,-0.9333316683769226,base,yes
1851,1,1,0.754914997895581,-0.5563146471977234,-1.6813147068023682,base,yes
1852,1,0,0.46879062662624377,-1.2028793096542358,-1.0778793096542358,base,no
1853,1,1,0.7772998611746911,-0.46564531326293945,-1.7156453132629395,base,yes
1854,1,1,0.8519527944504226,-0.6965191960334778,-2.446519136428833,base,Yes
1855,1,1,0.7057850278370112,-0.9025996923446655,-1.7775996923446655,base,yes
1856,1,1,0.817574471748733,-0.47724393010139465,-1.9772439002990723,base,yes
1857,1,0,0.13296423676207594,-2.3165924549102783,-0.44159242510795593,base,no
1858,1,1,0.851952809486198,-0.7404991984367371,-2.490499258041382,base,Yes
1859,1,1,0.8519528170040853,-0.5879601240158081,-2.3379602432250977,base,yes
1860,1,1,0.9046505248181417,-0.6331874132156372,-2.8831872940063477,base,Yes
1861,1,0,0.2689414213699951,-1.9587193727493286,-0.9587193727493286,base,no
1862,1,0,0.05340332829327471,-3.1227898597717285,-0.24778982996940613,base,no
1863,1,1,0.9626731147976793,-0.5158893465995789,-3.7658894062042236,base,yes
1864,1,1,0.7057850278370112,-0.5450007915496826,-1.4200007915496826,base,yes
1865,1,0,0.1066905854244781,-2.581573009490967,-0.45657292008399963,base,no
1866,1,1,0.5621765008857981,-1.0328751802444458,-1.2828751802444458,base,yes
1867,1,1,0.9149009549929797,-0.4751439094543457,-2.8501439094543457,base,yes
1868,1,0,0.3775406828054583,-1.1809358596801758,-0.6809359192848206,base,no
1869,1,1,0.9626731126558706,-0.5651817321777344,-3.8151817321777344,base,Yes
1870,1,0,0.46879062662624377,-0.9966894388198853,-0.8716894388198853,base,no
1871,1,0,0.16451647108926923,-2.1722371578216553,-0.5472372174263,base,no
1872,1,1,0.8175744850834649,-0.39401715993881226,-1.894017219543457,base,yes
1873,1,0,0.37754066879814546,-1.1396417617797852,-0.6396417617797852,base,no
1874,1,1,0.9399133498259924,-0.7539362907409668,-3.503936290740967,base,Yes
1875,1,1,0.5312093733737563,-0.9242240190505981,-1.0492240190505981,base,yes
1876,1,1,0.7772998611746911,-0.8482136726379395,-2.0982136726379395,base,Yes
1877,1,1,0.8807970654616711,-0.5177809000015259,-2.5177807807922363,base,yes
1878,1,0,0.0675466911396291,-3.2217957973480225,-0.5967957973480225,base,no
1879,1,1,0.5926666143433998,-0.8023528456687927,-1.1773529052734375,base,yes
1880,1,1,0.8519528019683106,-0.7504050731658936,-2.5004050731658936,base,Yes
1881,1,1,0.5926665999540697,-0.9428625106811523,-1.3178625106811523,base,yes
1882,1,0,0.1480472055495773,-2.273878574371338,-0.5238786339759827,base,no
1883,1,0,0.34864513533394575,-1.6251580715179443,-1.0001580715179443,base,no
1884,1,1,0.6791787121629466,-0.6729521155357361,-1.4229521751403809,base,yes
1885,1,1,0.7981867777396212,-0.6033223867416382,-1.9783223867416382,base,yes
1886,1,1,0.8175744761936437,-0.5429127216339111,-2.042912721633911,base,yes
1887,1,1,0.7981867873410141,-0.7448450922966003,-2.119845151901245,base,yes
1888,1,1,0.7549149868676283,-0.5853214263916016,-1.7103214263916016,base,yes
1889,1,1,0.9241418199787566,-0.549689769744873,-3.049689769744873,base,yes
1890,1,1,0.5621764862150634,-0.9914150834083557,-1.241415023803711,base,yes
1891,1,1,0.9820137900379085,-0.5416469573974609,-4.541646957397461,base,Yes
1892,1,1,0.7549149868676283,-0.6504325866699219,-1.7754325866699219,base,yes
1893,1,1,0.9241418158002492,-0.5595353245735168,-3.059535264968872,base,yes
1894,1,1,0.754914997895581,-0.7315163016319275,-1.8565163612365723,base,yes
1895,1,1,0.5312093733737563,-1.05998694896698,-1.18498694896698,base,yes
1896,1,1,0.867035752930664,-0.7324941754341125,-2.6074941158294678,base,Yes
1897,1,1,0.8519527944504226,-0.5825150609016418,-2.332515001296997,base,yes
1898,1,1,0.9241418199787566,-0.6151082515716553,-3.1151082515716553,base,Yes
1899,1,0,0.32082130082460697,-1.3950223922729492,-0.6450223922729492,base,no
1900,1,1,0.9241418241572634,-0.7755009531974792,-3.275501012802124,base,Yes
1901,1,1,0.880797081106935,-0.43703553080558777,-2.43703556060791,base,yes
1902,1,0,0.46879062662624377,-1.246512532234192,-1.121512532234192,base,no
1903,1,0,0.20181322226037882,-1.8990224599838257,-0.5240224599838257,base,no
1904,1,1,0.9626731126558706,-0.6182763576507568,-3.868276357650757,base,yes
1905,1,1,0.9796676430955554,-0.599310576915741,-4.474310398101807,base,yes
1906,1,0,0.20181322226037882,-2.0077388286590576,-0.6327388286590576,base,no
1907,1,1,0.914900950352329,-0.7804871201515198,-3.155487060546875,base,Yes
1908,1,0,0.34864513533394575,-1.2940009832382202,-0.6690009832382202,base,no
1909,1,1,0.9399133531922388,-0.4927811026573181,-3.242781162261963,base,yes
1910,1,0,0.5,-0.8731281757354736,-0.8731281757354736,base,no
1911,1,0,0.3775406547908327,-1.4231984615325928,-0.923198401927948,base,no
1912,1,1,0.9046505428129514,-0.38484421372413635,-2.6348443031311035,base,yes
1913,1,1,0.851952809486198,-0.6261429190635681,-2.376142978668213,base,yes
1914,1,1,0.8354835452961425,-0.4836985468864441,-2.108698606491089,base,yes
1915,1,1,0.977022627413796,-0.45367443561553955,-4.20367431640625,base,Yes
1916,1,1,0.6224593452091672,-0.7865716814994812,-1.286571741104126,base,yes
1917,1,0,0.29421497216298875,-1.7540370225906372,-0.8790370225906372,base,No
1918,1,1,0.9241418116217418,-0.3566247224807739,-2.8566246032714844,base,yes
1919,1,0,0.46879061178313897,-1.052320957183838,-0.9273208975791931,base,no
1920,1,1,0.893309411735131,-0.46503204107284546,-2.5900321006774902,base,yes
1921,1,1,0.8670357598021706,-0.6098320484161377,-2.4848320484161377,base,yes
1922,1,1,0.7772998508568416,-0.6214914917945862,-1.8714914321899414,base,yes
1923,1,0,0.24508503518827837,-2.0574965476989746,-0.9324966669082642,base,no
1924,1,0,0.4073334000459302,-1.3522660732269287,-0.9772660732269287,base,no
1925,1,1,0.7772998611746911,-0.8906612396240234,-2.1406612396240234,base,Yes
1926,1,1,0.8670357563664174,-0.39229491353034973,-2.2672948837280273,base,yes
1927,1,1,0.9399133464597458,-0.6404603123664856,-3.390460252761841,base,yes
1928,1,0,0.22270012850745968,-1.8040895462036133,-0.5540894865989685,base,no
1929,1,1,0.9465966717067252,-0.3398112952709198,-3.214811325073242,base,yes
1930,1,1,0.7549149868676283,-0.840569019317627,-1.965569019317627,base,yes
1931,1,1,0.7057850278370112,-0.8517137765884399,-1.72671377658844,base,yes
1932,1,0,0.13296424706933604,-2.4965670108795166,-0.6215670704841614,base,no
1933,1,1,0.9706877709445761,-0.6623348593711853,-4.16233491897583,base,Yes
1934,1,1,0.893309411735131,-0.5406448245048523,-2.665644884109497,base,yes
1935,1,1,0.5621765008857981,-1.2285236120224,-1.4785236120224,base,Yes
1936,1,1,0.8175744761936437,-0.7521491050720215,-2.2521491050720215,base,Yes
1937,1,1,0.8807970842359877,-0.550200879573822,-2.550200939178467,base,yes
1938,1,0,0.2689414213699951,-1.8973636627197266,-0.8973636627197266,base,no
1939,1,1,0.9525741214369554,-0.5762454271316528,-3.5762453079223633,base,yes
1940,1,1,0.914900950352329,-0.6152978539466858,-2.990297794342041,base,Yes
1941,1,1,0.8933094060543487,-0.634239912033081,-2.759239912033081,base,yes
1942,1,1,0.5312093733737563,-0.9347459077835083,-1.0597459077835083,base,yes
1943,1,1,0.7981867873410141,-0.4734131693840027,-1.8484132289886475,base,yes
1944,1,1,0.880797081106935,-0.43656083941459656,-2.436560869216919,base,yes
1945,1,1,0.8933094003735664,-0.8035679459571838,-2.928567886352539,base,Yes
1946,1,1,0.6513548646660542,-0.7437859773635864,-1.3687859773635864,base,yes
1947,1,1,0.9740426428022031,-0.5509963035583496,-4.17599630355835,base,Yes
1948,1,1,0.9669140225647107,-0.3839361369609833,-3.7589361667633057,base,Yes
1949,1,1,0.9399133531922388,-0.6406366229057312,-3.390636682510376,base,yes
1950,1,1,0.893309411735131,-0.7558574080467224,-2.880857467651367,base,Yes
1951,1,1,0.8933094003735664,-0.8100274205207825,-2.9350273609161377,base,Yes
1952,1,1,0.6513548646660542,-0.6639456748962402,-1.2889456748962402,base,yes
1953,1,0,0.07585817584273653,-2.8245270252227783,-0.32452696561813354,base,no
1954,1,1,0.8354835411997897,-0.37903520464897156,-2.004035234451294,base,yes
1955,1,1,0.5926665999540697,-0.8923126459121704,-1.2673126459121704,base,yes
1956,1,0,0.5,-0.8177153468132019,-0.8177153468132019,base,no
1957,1,1,0.8175744761936437,-0.47303175926208496,-1.973031759262085,base,yes
1958,1,1,0.914900950352329,-0.7301443219184875,-3.1051442623138428,base,Yes
1959,1,1,0.7310585669110203,-0.9284091591835022,-1.9284090995788574,base,Yes
1960,1,1,0.9149009549929797,-0.7245125770568848,-3.0995125770568848,base,yes
1961,1,1,0.8670357598021706,-0.7792046070098877,-2.6542046070098877,base,Yes
1962,1,0,0.3486451217982255,-1.2571296691894531,-0.6321296095848083,base,no
1963,1,1,0.8807970842359877,-0.40274685621261597,-2.4027469158172607,base,yes
1964,1,1,0.880797071719777,-0.6429927945137024,-2.6429927349090576,base,yes
1965,1,1,0.7549149868676283,-0.6124739646911621,-1.737473964691162,base,yes
1966,1,1,0.9241418283357702,-0.5141748189926147,-3.0141749382019043,base,yes
1967,1,1,0.8354835289107309,-0.6000965237617493,-2.2250964641571045,base,yes
1968,1,1,0.9465966732132748,-0.7503435015678406,-3.6253435611724854,base,Yes
1969,1,0,0.29421497216298875,-1.7475508451461792,-0.8725508451461792,base,no
1970,1,1,0.7981867969424066,-0.6872628927230835,-2.062263011932373,base,yes
1971,1,1,0.7057850154599563,-0.6684427857398987,-1.543442726135254,base,yes
1972,1,1,0.7057850278370112,-0.6764639616012573,-1.5514639616012573,base,yes
1973,1,0,0.4378234991142019,-1.2645357847213745,-1.0145357847213745,base,no
1974,1,0,0.08509904732734556,-2.7790637016296387,-0.40406373143196106,base,no
1975,1,1,0.7772998611746911,-0.5983681678771973,-1.8483681678771973,base,yes
1976,1,1,0.867035752930664,-0.7805591225624084,-2.6555590629577637,base,yes
1977,1,1,0.952574129515172,-0.6832768321037292,-3.683276891708374,base,Yes
1978,1,1,0.8933094003735664,-0.4576616883277893,-2.5826616287231445,base,yes
1979,1,1,0.8519528132451416,-0.43745604157447815,-2.1874561309814453,base,yes
1980,1,0,0.10669059394565118,-2.560361862182617,-0.4353618621826172,base,no
1981,1,1,0.8354835330070839,-0.48035529255867004,-2.1053552627563477,base,yes
1982,1,1,0.679178699175393,-0.7498288154602051,-1.499828815460205,base,yes
1983,1,1,0.9525741322079105,-0.48152482509613037,-3.48152494430542,base,yes
1984,1,1,0.8519528019683106,-0.849942684173584,-2.599942684173584,base,Yes
1985,1,1,0.9324533163686646,-0.6485408544540405,-3.27354097366333,base,yes
1986,1,1,0.754914975839675,-0.6494918465614319,-1.774491786956787,base,yes
1987,1,1,0.9399133498259924,-0.6402237415313721,-3.390223741531372,base,yes
1988,1,1,0.9770226300899744,-0.7162356376647949,-4.466235637664795,base,Yes
1989,1,1,0.8933093975331751,-0.4989076554775238,-2.6239075660705566,base,yes
1990,1,1,0.8354835493924953,-0.4835726320743561,-2.1085727214813232,base,yes
1991,1,0,0.0850990542883219,-2.747105121612549,-0.3721052408218384,base,no
1992,1,1,0.9046505299595163,-0.7422738671302795,-2.9922738075256348,base,Yes
1993,1,1,0.9324533051062237,-0.5956709980964661,-3.2206709384918213,base,Yes
1994,1,1,0.8354835452961425,-0.48782843351364136,-2.112828493118286,base,yes
1995,1,1,0.7772998611746911,-0.6690353155136108,-1.9190353155136108,base,yes
1996,1,1,0.8807970842359877,-0.5499560236930847,-2.5499560832977295,base,yes
1997,1,1,0.9525741241296944,-0.6835561394691467,-3.683556079864502,base,Yes
1998,1,0,0.3486451217982255,-1.418452501296997,-0.7934524416923523,base,no
1999,1,1,0.9324533051062237,-0.5995123982429504,-3.2245123386383057,base,yes
2000,1,1,0.9046505299595163,-0.6797719597816467,-2.929771900177002,base,yes
2001,1,1,0.9579122696813394,-0.6147533059120178,-3.739753246307373,base,Yes
2002,1,1,0.9465966702001757,-0.6300599575042725,-3.5050599575042725,base,Yes
2003,1,0,0.18242552380635632,-1.939322590827942,-0.4393225908279419,base,no
2004,1,1,0.754914997895581,-0.6895396113395691,-1.8145396709442139,base,yes
2005,1,0,0.3775406547908327,-1.4017794132232666,-0.9017793536186218,base,no
2006,1,1,0.8175744761936437,-0.6212143898010254,-2.1212143898010254,base,yes
2007,1,1,0.7981867873410141,-0.6965875029563904,-2.071587562561035,base,yes
2008,1,1,0.7310585669110203,-0.6881864666938782,-1.6881864070892334,base,yes
2009,1,1,0.9579122768904644,-0.5729454755783081,-3.6979455947875977,base,yes
2010,1,0,0.37754066879814546,-1.2597191333770752,-0.7597191333770752,base,no
2011,1,1,0.8933093946927838,-0.5363122224807739,-2.6613121032714844,base,yes
2012,1,1,0.9324533163686646,-0.7055209875106812,-3.3305211067199707,base,Yes
2013,1,1,0.9669140235181256,-0.6094042658805847,-3.9844043254852295,base,Yes
2014,1,1,0.9324533051062237,-0.6417153477668762,-3.2667152881622314,base,Yes
2015,1,1,0.8175744584140004,-0.6156021356582642,-2.1156020164489746,base,yes
2016,1,1,0.893309411735131,-0.4957506060600281,-2.620750665664673,base,yes
2017,1,0,0.3208212878370535,-1.263296127319336,-0.5132960677146912,base,no
2018,1,1,0.9324533163686646,-0.42083728313446045,-3.04583740234375,base,yes
2019,1,1,0.8933094060543487,-0.8032300472259521,-2.928230047225952,base,Yes
2020,1,1,0.7549149648117217,-0.8986784219741821,-2.0236783027648926,base,yes
2021,1,1,0.7981867873410141,-0.5327486395835876,-1.9077486991882324,base,yes
2022,1,1,0.6791787121629466,-0.552247941493988,-1.3022480010986328,base,yes
2023,1,1,0.7981867873410141,-0.6449591517448425,-2.0199592113494873,base,yes
2024,1,1,0.9324533088603709,-0.6484866142272949,-3.273486614227295,base,Yes
2025,1,1,0.7310585669110203,-0.8188374638557434,-1.8188374042510986,base,yes
2026,1,0,0.29421497216298875,-1.4303549528121948,-0.5553549528121948,base,no
2027,1,1,0.9740426397881662,-0.6603571176528931,-4.2853569984436035,base,Yes
2028,1,1,0.5621765008857981,-1.1508070230484009,-1.4008070230484009,base,yes
2029,1,1,0.8354835371034369,-0.602259635925293,-2.227259635925293,base,yes
2030,1,1,0.9669140254249554,-0.7265037298202515,-4.101503849029541,base,Yes
2031,1,1,0.9241418158002492,-0.6048458218574524,-3.1048457622528076,base,yes
2032,1,1,0.7981867873410141,-0.4965800642967224,-1.8715801239013672,base,yes
2033,1,1,0.9525741254760638,-0.4009409248828888,-3.4009408950805664,base,yes
2034,1,1,0.9626731105140616,-0.6118622422218323,-3.8618621826171875,base,Yes
2035,1,1,0.8670357598021706,-0.6210496425628662,-2.496049642562866,base,yes
2036,1,1,0.9525741308615412,-0.4395703375339508,-3.439570426940918,base,yes
2037,1,1,0.8354835452961425,-0.5666043162345886,-2.1916043758392334,base,yes
2038,1,0,0.34864513533394575,-1.3345437049865723,-0.7095437049865723,base,no
2039,1,1,0.9525741241296944,-0.68604975938797,-3.686049699783325,base,yes
2040,1,1,0.9399133498259924,-0.5446114540100098,-3.2946114540100098,base,yes
2041,1,1,0.8354835452961425,-0.7444795966148376,-2.3694796562194824,base,yes
2042,1,1,0.9399133531922388,-0.7007736563682556,-3.4507737159729004,base,yes
2043,1,1,0.9046505402422645,-0.5280510783195496,-2.7780511379241943,base,yes
2044,1,1,0.9324533051062237,-0.5951765179634094,-3.2201764583587646,base,yes
2045,1,1,0.9241418158002492,-0.6085858941078186,-3.108585834503174,base,yes
2046,1,1,0.9241418199787566,-0.5600099563598633,-3.0600099563598633,base,yes
2047,1,1,0.9324533088603709,-0.5502026081085205,-3.1752026081085205,base,yes
2048,1,0,0.29421497216298875,-1.429057240486145,-0.554057240486145,base,no
2049,1,1,0.9046505325302034,-0.3526456654071808,-2.6026456356048584,base,yes
2050,1,1,0.6513548511303336,-0.8713014721870422,-1.4963014125823975,base,yes
2051,1,1,0.7981867777396212,-0.5660039186477661,-1.9410039186477661,base,yes
2052,1,1,0.9324533013520764,-0.5438410043716431,-3.1688408851623535,base,yes
2053,1,1,0.7772998611746911,-0.5579227209091187,-1.8079227209091187,base,yes
2054,1,1,0.939913354875362,-0.4124990999698639,-3.162499189376831,base,yes
2055,1,1,0.8933094060543487,-0.8030977249145508,-2.928097724914551,base,Yes
2056,1,1,0.9399133498259924,-0.5906567573547363,-3.3406567573547363,base,yes
2057,1,1,0.8807970654616711,-0.47465813159942627,-2.4746580123901367,base,yes
2058,1,1,0.9626731105140616,-0.5648720860481262,-3.8148720264434814,base,yes
2059,1,1,0.7981867777396212,-0.6029622554779053,-1.9779622554779053,base,yes
2060,1,1,0.9626731147976793,-0.5142526030540466,-3.7642526626586914,base,yes
2061,1,1,0.9465966702001757,-0.487973690032959,-3.362973690032959,base,yes
2062,1,1,0.6791787121629466,-0.967815101146698,-1.7178151607513428,base,yes
2063,1,1,0.9046505299595163,-0.6265533566474915,-2.8765532970428467,base,yes
2064,1,1,0.7549149868676283,-0.8399680852890015,-1.9649680852890015,base,yes
2065,1,1,0.9149009642742806,-0.5625170469284058,-2.9375171661376953,base,yes
2066,1,1,0.9324533051062237,-0.5959692597389221,-3.2209692001342773,base,yes
2067,1,1,0.9149009549929797,-0.5662167072296143,-2.9412167072296143,base,yes
2068,1,1,0.9740426458162398,-0.660185694694519,-4.285185813903809,base,Yes
2069,1,0,0.24508501864634827,-1.5915497541427612,-0.4665497839450836,base,no
2070,1,0,0.2689414213699951,-1.9246182441711426,-0.9246182441711426,base,no
2071,1,1,0.9241418158002492,-0.5564032196998596,-3.056403160095215,base,Yes
2072,1,1,0.7981867873410141,-0.7784671187400818,-2.1534671783447266,base,yes
2073,1,1,0.8670357735451834,-0.5294374227523804,-2.40443754196167,base,yes
2074,1,1,0.9046505248181417,-0.4903942346572876,-2.740394115447998,base,yes
2075,1,1,0.9465966732132748,-0.6362771391868591,-3.511277198791504,base,yes
2076,1,1,0.8670357666736773,-0.44883793592453003,-2.323837995529175,base,yes
2077,1,1,0.9149009549929797,-0.5168094635009766,-2.8918094635009766,base,yes
2078,1,1,0.8175744673038221,-0.5811598896980286,-2.081159830093384,base,yes
2079,1,1,0.9579122720843811,-0.6798632144927979,-3.804863214492798,base,yes
2080,1,1,0.9241418283357702,-0.6535004377365112,-3.153500556945801,base,Yes
2081,1,1,0.9740426458162398,-0.6618789434432983,-4.286879062652588,base,yes
2082,1,1,0.880797071719777,-0.7642191052436829,-2.764219045639038,base,Yes
2083,1,1,0.914900950352329,-0.5209220051765442,-2.8959219455718994,base,yes
2084,1,1,0.9046505402422645,-0.44852298498153687,-2.6985230445861816,base,yes
2085,1,1,0.9046505351008906,-0.6219139099121094,-2.8719139099121094,base,yes
2086,1,1,0.9241418158002492,-0.6091175675392151,-3.1091175079345703,base,yes
2087,1,1,0.9324533032291502,-0.4163249433040619,-3.0413248538970947,base,yes
2088,1,1,0.6513548646660542,-0.881880521774292,-1.506880521774292,base,yes
2089,1,1,0.9399133498259924,-0.541541576385498,-3.291541576385498,base,yes
2090,1,1,0.9149009642742806,-0.5704392194747925,-2.945439338684082,base,yes
2091,1,0,0.3486451217982255,-1.3654789924621582,-0.7404789328575134,base,no
2092,1,1,0.679178699175393,-1.0222136974334717,-1.7722136974334717,base,Yes
2093,1,1,0.9740426458162398,-0.5524228811264038,-4.177423000335693,base,yes
2094,1,1,0.9626731105140616,-0.7308712601661682,-3.9808712005615234,base,Yes
2095,1,1,0.9579122768904644,-0.5678995847702026,-3.692899703979492,base,Yes
2096,1,1,0.9399133531922388,-0.7539030909538269,-3.5039031505584717,base,Yes
2097,1,1,0.9324533126145177,-0.7017387747764587,-3.3267388343811035,base,yes
2098,1,1,0.9046505402422645,-0.6794695258140564,-2.929469585418701,base,yes
2099,1,1,0.8175744761936437,-0.5814752578735352,-2.081475257873535,base,yes
2100,1,0,0.042087729117139754,-3.5332415103912354,-0.40824154019355774,base,no
2101,1,0,0.4378235137849365,-1.004511833190918,-0.7545118927955627,base,no
2102,1,0,0.3775406828054583,-1.2006299495697021,-0.7006300091743469,base,no
2103,1,1,0.679178699175393,-0.8864593505859375,-1.6364593505859375,base,yes
2104,1,1,0.6791787121629466,-0.6257182955741882,-1.375718355178833,base,yes
2105,1,0,0.40733341443526055,-1.2888686656951904,-0.9138687252998352,base,no
2106,1,0,0.46879062662624377,-1.2200381755828857,-1.0950381755828857,base,no
2107,1,1,0.7310585786300049,-0.9538605213165283,-1.9538605213165283,base,Yes
2108,1,1,0.9046505402422645,-0.7368575930595398,-2.9868576526641846,base,yes
2109,1,1,0.939913343093499,-0.6344720125198364,-3.384471893310547,base,yes
2110,1,0,0.5,-1.3363014459609985,-1.3363014459609985,base,no
2111,1,0,0.022977367233847502,-4.168419361114502,-0.4184192419052124,base,no
2112,1,1,0.7310585669110203,-0.5846336483955383,-1.5846335887908936,base,yes
2113,1,0,0.1066905911052601,-2.404040813446045,-0.27904078364372253,base,no
2114,1,1,0.957912274487423,-0.47334569692611694,-3.5983457565307617,base,yes
2115,1,0,0.32082130082460697,-1.4929122924804688,-0.7429122924804688,base,no
2116,1,0,0.020332355123551627,-4.187025547027588,-0.31202563643455505,base,no
2117,1,0,0.2018132174596823,-1.8230080604553223,-0.4480080306529999,base,no
2118,1,1,0.6224593171945417,-0.7345338463783264,-1.2345337867736816,base,yes
2119,1,0,0.37754066879814546,-1.5819182395935059,-1.0819182395935059,base,no
2120,1,0,0.14804719051380197,-2.080669403076172,-0.3306693434715271,base,no
2121,1,1,0.7310585903489892,-0.7715319991111755,-1.7715320587158203,base,yes
2122,1,0,0.11920292515117029,-2.274409532546997,-0.27440956234931946,base,no
2123,1,1,0.7981867777396212,-0.643885612487793,-2.018885612487793,base,yes
2124,1,0,0.053403325280175794,-3.107050657272339,-0.2320505678653717,base,no
2125,1,0,0.10669058826486906,-2.4462509155273438,-0.321250855922699,base,no
2126,1,1,0.8670357598021706,-0.7879190444946289,-2.662919044494629,base,Yes
2127,1,0,0.2942149597859341,-1.408677339553833,-0.5336772799491882,base,no
2128,1,1,0.8354835289107309,-0.5598476529121399,-2.184847593307495,base,yes
2129,1,0,0.32082130082460697,-1.3055347204208374,-0.5555347204208374,base,no
2130,1,1,0.5621765008857981,-0.9023321866989136,-1.1523321866989136,base,yes
2131,1,0,0.22270012850745968,-1.6725845336914062,-0.4225844740867615,base,no
2132,1,0,0.02297737057907019,-4.099083423614502,-0.34908345341682434,base,no
2133,1,1,0.9669140235181256,-0.667660653591156,-4.042660713195801,base,yes
2134,1,0,0.34864513533394575,-1.3484400510787964,-0.7234400510787964,base,no
2135,1,0,0.2018132270610754,-1.733891487121582,-0.3588915169239044,base,no
2136,1,0,0.22270014914315833,-1.730137586593628,-0.4801376461982727,base,no
2137,1,1,0.5926665999540697,-0.9174293279647827,-1.2924293279647827,base,yes
2138,1,0,0.29421497216298875,-1.5248345136642456,-0.6498345136642456,base,no
2139,1,1,0.7057850278370112,-0.8506708145141602,-1.7256708145141602,base,yes
2140,1,1,0.9626731105140616,-0.4670713543891907,-3.717071294784546,base,Yes
2141,1,0,0.1645164628965632,-2.201324701309204,-0.5763247013092041,base,no
2142,1,1,0.7310585669110203,-0.43608933687210083,-1.436089277267456,base,yes
2143,1,1,0.8807970904940926,-0.6607846021652222,-2.6607847213745117,base,yes
2144,1,0,0.11920291576401235,-2.4453353881835938,-0.445335328578949,base,no
2145,1,0,0.4378234991142019,-1.116847276687622,-0.8668472766876221,base,no
2146,1,1,0.7549149868676283,-0.6562577486038208,-1.7812577486038208,base,yes
2147,1,1,0.6791787121629466,-0.7224041819572449,-1.4724042415618896,base,yes
2148,1,1,0.8175744673038221,-0.820200502872467,-2.3202004432678223,base,yes
2149,1,0,0.3486451488696663,-1.381932258605957,-0.7569323182106018,base,no
2150,1,1,0.9046505299595163,-0.7418845295906067,-2.991884469985962,base,yes
2151,1,1,0.8354835207180245,-0.5327373743057251,-2.1577372550964355,base,yes
2152,1,1,0.9525741322079105,-0.5249780416488647,-3.5249781608581543,base,Yes
2153,1,1,0.9241418241572634,-0.7146028876304626,-3.2146029472351074,base,yes
2154,1,0,0.5,-1.100926160812378,-1.100926160812378,base,no
2155,1,0,0.10669060530721626,-2.5537109375,-0.42871105670928955,base,no
2156,1,1,0.798186768138228,-0.531968891620636,-1.9069688320159912,base,yes
2157,1,1,0.5621765008857981,-1.0988435745239258,-1.3488435745239258,base,yes
2158,1,0,0.46879062662624377,-0.9854437112808228,-0.8604437112808228,base,no
2159,1,1,0.9399133531922388,-0.6402599215507507,-3.3902599811553955,base,Yes
2160,1,0,0.16451647108926923,-2.3424794673919678,-0.7174795269966125,base,no
2161,1,1,0.8807970779778823,-0.5604000091552734,-2.5604000091552734,base,yes
2162,1,1,0.9706877726405082,-0.5054377317428589,-4.005437850952148,base,Yes
2163,1,1,0.8519527944504226,-0.5412343144416809,-2.291234254837036,base,yes
2164,1,1,0.8670357598021706,-0.8405117988586426,-2.7155117988586426,base,Yes
2165,1,1,0.867035752930664,-0.7783868908882141,-2.6533868312835693,base,Yes
2166,1,1,0.7549149868676283,-0.740912914276123,-1.865912914276123,base,yes
2167,1,0,0.18242552380635632,-2.129946231842041,-0.629946231842041,base,no
2168,1,1,0.9149009642742806,-0.673026442527771,-3.0480265617370605,base,yes
2169,1,0,0.0600866518571309,-3.2239792346954346,-0.47397926449775696,base,no
2170,1,0,0.37754066879814546,-1.0919876098632812,-0.5919876098632812,base,no
2171,1,1,0.8175744939732856,-0.8794630765914917,-2.3794631958007812,base,Yes
2172,1,1,0.5926665999540697,-1.1609488725662231,-1.5359488725662231,base,Yes
2173,1,1,0.9840936110872273,-0.5934646725654602,-4.7184648513793945,base,yes
2174,1,1,0.8670357598021706,-0.3919515609741211,-2.266951560974121,base,yes
2175,1,1,0.914900957313305,-0.33952900767326355,-2.714529037475586,base,yes
2176,1,1,0.7310585903489892,-0.5871037840843201,-1.5871038436889648,base,yes
2177,1,0,0.22270014914315833,-1.8991570472717285,-0.6491571068763733,base,no
2178,1,1,0.9046505453836383,-0.5324677228927612,-2.782467842102051,base,Yes
2179,1,0,0.3208213138121609,-1.5706498622894287,-0.8206499218940735,base,No
2180,1,1,0.9525741268224334,-0.6832797527313232,-3.6832797527313232,base,Yes
2181,1,1,0.6224593312018546,-0.8309813737869263,-1.3309813737869263,base,yes
2182,1,0,0.4073334000459302,-1.3313686847686768,-0.9563686847686768,base,no
2183,1,0,0.20181322226037882,-1.898453712463379,-0.5234537124633789,base,no
2184,1,1,0.5312093733737563,-1.0772242546081543,-1.2022242546081543,base,yes
2185,1,0,0.24508502416032488,-1.9300682544708252,-0.80506831407547,base,no
2186,1,1,0.8670357460591569,-0.46531593799591064,-2.340315818786621,base,Yes
2187,1,1,0.9525741241296944,-0.5204771161079407,-3.520477056503296,base,Yes
2188,1,1,0.8175744850834649,-0.4772900938987732,-1.977290153503418,base,yes
2189,1,1,0.8519528170040853,-0.7409065961837769,-2.4909067153930664,base,yes
2190,1,1,0.9046505402422645,-0.6263198256492615,-2.8763198852539062,base,Yes
2191,1,0,0.37754066879814546,-1.3835265636444092,-0.8835265636444092,base,no
2192,1,0,0.18242552380635632,-1.9566384553909302,-0.4566384553909302,base,no
2193,1,0,0.22270014914315833,-2.073610544204712,-0.8236106038093567,base,no
2194,1,0,0.07585818002124356,-2.762040853500366,-0.2620408535003662,base,no
2195,1,1,0.6513548782017746,-0.9288052916526794,-1.5538053512573242,base,yes
2196,1,1,0.8519528019683106,-0.5463147163391113,-2.2963147163391113,base,yes
2197,1,0,0.16451647108926923,-2.225649118423462,-0.6006491780281067,base,no
2198,1,1,0.9626731126558706,-0.5120782852172852,-3.762078285217285,base,Yes
2199,1,1,0.8354835452961425,-0.6930212378501892,-2.318021297454834,base,yes
2200,1,0,0.3208212878370535,-1.3140404224395752,-0.5640403628349304,base,no
2201,1,0,0.22270013882530884,-1.8750840425491333,-0.6250840425491333,base,no
2202,1,0,0.20181320305759334,-2.007246971130371,-0.6322468519210815,base,no
2203,1,1,0.8354835371034369,-0.6450021266937256,-2.2700021266937256,base,yes
2204,1,1,0.8519528132451416,-0.4091409742832184,-2.1591410636901855,base,yes
2205,1,0,0.37754066879814546,-1.1789497137069702,-0.6789497137069702,base,no
2206,1,0,0.4073333856566001,-1.1291005611419678,-0.754100501537323,base,no
2207,1,1,0.9399133498259924,-0.48822808265686035,-3.2382280826568604,base,yes
2208,1,1,0.8933094174159129,-0.4992755651473999,-2.6242756843566895,base,yes
2209,1,1,0.5312093733737563,-0.7691054344177246,-0.8941054344177246,base,yes
2210,1,0,0.06754668738548215,-2.8600637912750244,-0.23506373167037964,base,no
2211,1,0,0.14804720179063335,-2.1752078533172607,-0.42520788311958313,base,no
2212,1,1,0.9046505248181417,-0.674444317817688,-2.9244441986083984,base,yes
2213,1,1,0.6224593312018546,-0.6839712858200073,-1.1839712858200073,base,yes
2214,1,1,0.7981867585368343,-0.744573712348938,-2.1195735931396484,base,yes
2215,1,0,0.2942149597859341,-1.5733222961425781,-0.6983222365379333,base,no
2216,1,1,0.880797071719777,-0.7133379578590393,-2.7133378982543945,base,Yes
2217,1,0,0.11920291576401235,-2.2821075916290283,-0.28210753202438354,base,no
2218,1,1,0.5621765008857981,-0.8507001399993896,-1.1007001399993896,base,yes
2219,1,1,0.5926666143433998,-0.773033082485199,-1.1480331420898438,base,yes
2220,1,1,0.7057850278370112,-1.0172836780548096,-1.8922836780548096,base,Yes
2221,1,1,0.8670357666736773,-0.7157418131828308,-2.5907418727874756,base,yes
2222,1,1,0.9241418158002492,-0.5071688294410706,-3.007168769836426,base,yes
2223,1,1,0.9149009549929797,-0.7247931957244873,-3.0997931957244873,base,yes
2224,1,1,0.8519527869325346,-0.680853009223938,-2.4308528900146484,base,yes
2225,1,1,0.5926665999540697,-0.7019233703613281,-1.0769233703613281,base,yes
2226,1,0,0.11920291576401235,-2.3796608448028564,-0.37966078519821167,base,no
2227,1,0,0.4073334000459302,-1.27153480052948,-0.89653480052948,base,no
2228,1,1,0.9525741214369554,-0.5301700830459595,-3.53016996383667,base,yes
2229,1,1,0.9465966641739773,-0.44387781620025635,-3.318877696990967,base,yes
2230,1,1,0.9241418283357702,-0.552115797996521,-3.0521159172058105,base,yes
2231,1,1,0.867035752930664,-0.42386871576309204,-2.2988686561584473,base,yes
2232,1,1,0.6513548646660542,-0.871109127998352,-1.496109127998352,base,yes
2233,1,1,0.5926665999540697,-0.8324558734893799,-1.2074558734893799,base,yes
2234,1,1,0.798186768138228,-0.9011896252632141,-2.2761895656585693,base,Yes
2235,1,0,0.042087729117139754,-3.563424825668335,-0.43842485547065735,base,no
2236,1,1,0.7057850154599563,-0.6761916279792786,-1.5511915683746338,base,yes
2237,1,1,0.7772998611746911,-0.5523346662521362,-1.8023346662521362,base,yes
2238,1,1,0.5621765008857981,-0.7672398090362549,-1.0172398090362549,base,yes
2239,1,0,0.2942149597859341,-1.6319324970245361,-0.7569324374198914,base,no
2240,1,1,0.9046505351008906,-0.6227471828460693,-2.8727471828460693,base,yes
2241,1,1,0.679178699175393,-0.723139762878418,-1.473139762878418,base,yes
2242,1,1,0.7057850278370112,-0.712976336479187,-1.587976336479187,base,yes
2243,1,1,0.939913343093499,-0.49617063999176025,-3.2461705207824707,base,yes
2244,1,0,0.5,-1.1430236101150513,-1.1430236101150513,base,no
2245,1,1,0.9669140235181256,-0.6152095198631287,-3.9902095794677734,base,yes
2246,1,1,0.914900950352329,-0.5243960022926331,-2.8993959426879883,base,yes
2247,1,1,0.8519527869325346,-0.5408436059951782,-2.2908434867858887,base,yes
2248,1,0,0.11920292515117029,-2.183140993118286,-0.18314102292060852,base,no
2249,1,1,0.952574129515172,-0.524774968624115,-3.5247750282287598,base,yes
2250,1,1,0.9241418220680101,-0.4297132194042206,-2.929713249206543,base,yes
2251,1,1,0.7549149868676283,-0.6130367517471313,-1.7380367517471313,base,yes
2252,1,1,0.8933094003735664,-0.6347745060920715,-2.7597744464874268,base,yes
2253,1,1,0.754914975839675,-0.6497402787208557,-1.774740219116211,base,yes
2254,1,1,0.9046505351008906,-0.6270790100097656,-2.8770790100097656,base,Yes
2255,1,1,0.8933094060543487,-0.540642499923706,-2.665642499923706,base,yes
2256,1,1,0.8807970842359877,-0.5994276404380798,-2.5994277000427246,base,yes
2257,1,1,0.9046505453836383,-0.6792134046554565,-2.929213523864746,base,yes
2258,1,1,0.8933094060543487,-0.5368039608001709,-2.661803960800171,base,yes
2259,1,1,0.8519527944504226,-0.6267662644386292,-2.3767662048339844,base,yes
2260,1,1,0.8354835289107309,-0.6066604256629944,-2.2316603660583496,base,yes
2261,1,1,0.9149009549929797,-0.5207662582397461,-2.895766258239746,base,yes
2262,1,0,0.13296422989056964,-2.1956846714019775,-0.3206845819950104,base,no
2263,1,1,0.957912274487423,-0.4317418932914734,-3.556741952896118,base,Yes
2264,1,1,0.798186768138228,-0.6886456608772278,-2.063645601272583,base,yes
2265,1,0,0.08509904500702024,-2.8075368404388428,-0.4325368404388428,base,no
2266,1,1,0.7772998611746911,-0.8667113780975342,-2.116711378097534,base,yes
2267,1,1,0.5621765008857981,-1.1342240571975708,-1.3842240571975708,base,yes
2268,1,1,0.9046505402422645,-0.7419530749320984,-2.991953134536743,base,Yes
2269,1,0,0.4378234991142019,-1.1168800592422485,-0.8668800592422485,base,no
2270,1,1,0.9324533013520764,-0.7096229791641235,-3.334622859954834,base,yes
2271,1,1,0.9465966702001757,-0.5288228988647461,-3.403822898864746,base,yes
2272,1,1,0.7981867777396212,-0.6694371700286865,-2.0444371700286865,base,Yes
2273,1,1,0.9399133531922388,-0.7537409663200378,-3.5037410259246826,base,Yes
2274,1,1,0.9465966762263737,-0.6332839727401733,-3.508284091949463,base,Yes
2275,1,1,0.7057850154599563,-0.7517643570899963,-1.6267642974853516,base,yes
2276,1,1,0.939913343093499,-0.4928966760635376,-3.242896556854248,base,yes
2277,1,1,0.8519527869325346,-0.5030924081802368,-2.2530922889709473,base,yes
2278,1,1,0.5312093733737563,-1.048089623451233,-1.173089623451233,base,yes
2279,1,1,0.8807970654616711,-0.5090676546096802,-2.5090675354003906,base,yes
2280,1,0,0.40733341443526055,-1.2368676662445068,-0.8618677258491516,base,no
2281,1,1,0.8354835207180245,-0.6004058122634888,-2.225405693054199,base,yes
2282,1,1,0.6791786861878392,-0.5929585099220276,-1.3429584503173828,base,yes
2283,1,0,0.20181322226037882,-2.081238031387329,-0.7062380313873291,base,no
2284,1,1,0.7057850402140659,-0.5884267687797546,-1.4634268283843994,base,yes
2285,1,1,0.9465966671870767,-0.48328930139541626,-3.3582892417907715,base,yes
2286,1,1,0.9241418283357702,-0.6575425863265991,-3.1575427055358887,base,yes
2287,1,1,0.9399133464597458,-0.7580073475837708,-3.508007287979126,base,Yes
2288,1,1,0.9046505351008906,-0.5249240398406982,-2.7749240398406982,base,yes
2289,1,0,0.4378234991142019,-1.2652127742767334,-1.0152127742767334,base,no
2290,1,0,0.29421497216298875,-1.5557467937469482,-0.6807467937469482,base,no
2291,1,0,0.34864513533394575,-1.380038857460022,-0.755038857460022,base,no
2292,1,1,0.9046505299595163,-0.6798117756843567,-2.929811716079712,base,Yes
2293,1,1,0.5312093733737563,-1.0180597305297852,-1.1430597305297852,base,yes
2294,1,1,0.835483553488848,-0.5597351789474487,-2.1847352981567383,base,yes
2295,1,0,0.1329642436335826,-2.2102441787719727,-0.33524420857429504,base,no
2296,1,1,0.9399133531922388,-0.5358502268791199,-3.2858502864837646,base,yes
2297,1,1,0.8670357666736773,-0.7162944674491882,-2.591294527053833,base,Yes
2298,1,1,0.9465966641739773,-0.6299892663955688,-3.5049891471862793,base,yes
2299,1,1,0.8175744761936437,-0.8121819496154785,-2.3121819496154785,base,yes
2300,1,0,0.5,-0.9000926613807678,-0.9000926613807678,base,no
2301,1,1,0.9399133498259924,-0.5385046005249023,-3.2885046005249023,base,yes
2302,1,0,0.37754066879814546,-1.0943814516067505,-0.5943814516067505,base,no
2303,1,1,0.8519527944504226,-0.6741302609443665,-2.4241302013397217,base,yes
2304,1,1,0.9046505402422645,-0.6265093684196472,-2.876509428024292,base,yes
2305,1,1,0.9399133464597458,-0.412861168384552,-3.1628611087799072,base,yes
2306,1,0,0.2942149783515162,-1.3698644638061523,-0.49486449360847473,base,no
2307,1,1,0.867035763237924,-0.4235362708568573,-2.2985363006591797,base,yes
2308,1,1,0.8933094060543487,-0.7430360317230225,-2.8680360317230225,base,yes
2309,1,1,0.9241418241572634,-0.7659377455711365,-3.2659378051757812,base,Yes
2310,1,1,0.9241418220680101,-0.36084434390068054,-2.860844373703003,base,Yes
2311,1,1,0.957912274487423,-0.43320316076278687,-3.5582032203674316,base,yes
2312,1,1,0.7057850278370112,-0.6845208406448364,-1.5595208406448364,base,yes
2313,1,1,0.7310585786300049,-0.5277901887893677,-1.5277901887893677,base,yes
2314,1,1,0.880797071719777,-0.7454703450202942,-2.7454702854156494,base,yes
2315,1,0,0.4073334000459302,-1.377369999885559,-1.002369999885559,base,no
2316,1,1,0.9149009642742806,-0.7800291776657104,-3.155029296875,base,Yes
2317,1,1,0.9046505402422645,-0.6270481944084167,-2.8770482540130615,base,Yes
2318,1,1,0.9241418116217418,-0.6050072908401489,-3.1050071716308594,base,Yes
2319,1,1,0.9046505325302034,-0.3548291027545929,-2.6048290729522705,base,yes
2320,1,1,0.7772998611746911,-0.6290072202682495,-1.8790072202682495,base,yes
2321,1,0,0.4378234991142019,-1.0952000617980957,-0.8452000617980957,base,no
2322,1,1,0.9525741268224334,-0.5268712043762207,-3.5268712043762207,base,yes
2323,1,1,0.754914975839675,-0.697324812412262,-1.8223247528076172,base,yes
2324,1,0,0.3775406547908327,-1.3059296607971191,-0.8059296011924744,base,no
2325,1,1,0.6513548646660542,-0.8694033622741699,-1.49440336227417,base,yes
2326,1,1,0.7549149868676283,-0.7333935499191284,-1.8583935499191284,base,yes
2327,1,1,0.8354835207180245,-0.5651546716690063,-2.190154552459717,base,yes
2328,1,1,0.7057850154599563,-0.5441041588783264,-1.4191040992736816,base,yes
2329,1,1,0.8175744850834649,-0.4418467879295349,-1.9418468475341797,base,yes
2330,1,1,0.8354835371034369,-0.752300500869751,-2.377300500869751,base,yes
2331,1,1,0.9465966732132748,-0.5833317637443542,-3.458331823348999,base,yes
2332,1,1,0.880797071719777,-0.5136335492134094,-2.5136334896087646,base,yes
2333,1,1,0.9525741268224334,-0.5737040042877197,-3.5737040042877197,base,yes
2334,1,0,0.4378234991142019,-0.9587224721908569,-0.7087224721908569,base,no
2335,1,1,0.8519528132451416,-0.43809714913368225,-2.1880972385406494,base,yes
2336,1,1,0.9626731147976793,-0.6722888350486755,-3.9222888946533203,base,Yes
2337,1,0,0.3208213138121609,-1.444411039352417,-0.6944110989570618,base,no
2338,1,1,0.8807970842359877,-0.6541754603385925,-2.6541755199432373,base,Yes
2339,1,1,0.8175744850834649,-0.7406434416770935,-2.2406435012817383,base,Yes
2340,1,1,0.9241418283357702,-0.6538599729537964,-3.153860092163086,base,yes
2341,1,1,0.5312093733737563,-0.8958630561828613,-1.0208630561828613,base,yes
2342,1,1,0.9149009549929797,-0.7159934043884277,-3.0909934043884277,base,yes
2343,1,0,0.10669059962643358,-2.8035888671875,-0.6785889267921448,base,No
2344,1,1,0.939913356558485,-0.7577332258224487,-3.5077333450317383,base,Yes
2345,1,1,0.9626731083722525,-0.5677357912063599,-3.8177356719970703,base,yes
2346,1,1,0.952574129515172,-0.43747180700302124,-3.437471866607666,base,Yes
2347,1,1,0.9046505402422645,-0.6745070815086365,-2.9245071411132812,base,yes
2348,1,1,0.9465966702001757,-0.6330621242523193,-3.5080621242523193,base,Yes
2349,1,0,0.37754066879814546,-1.362123966217041,-0.862123966217041,base,no
2350,1,1,0.6513548646660542,-1.0182973146438599,-1.6432973146438599,base,yes
2351,1,1,0.5926665999540697,-0.747699499130249,-1.122699499130249,base,yes
2352,1,1,0.904650527388829,-0.3523589074611664,-2.602358818054199,base,yes
2353,1,1,0.6791786861878392,-0.8761022686958313,-1.6261022090911865,base,yes
2354,1,1,0.9149009596336303,-0.4436442255973816,-2.8186442852020264,base,yes
2355,1,1,0.8519528019683106,-0.626878023147583,-2.376878023147583,base,yes
2356,1,1,0.9579122672782973,-0.566318154335022,-3.6913180351257324,base,Yes
2357,1,1,0.8933093975331751,-0.4262910783290863,-2.551290988922119,base,yes
2358,1,1,0.8670357598021706,-0.6581153869628906,-2.5331153869628906,base,yes
2359,1,1,0.9525741241296944,-0.579296886920929,-3.579296827316284,base,yes
2360,1,1,0.8670357666736773,-0.4565097689628601,-2.331509828567505,base,yes
2361,1,1,0.8807970842359877,-0.6107179522514343,-2.610718011856079,base,Yes
2362,1,1,0.9149009480320036,-0.40513572096824646,-2.7801356315612793,base,yes
2363,1,1,0.9465966641739773,-0.6328445672988892,-3.5078444480895996,base,yes
2364,1,1,0.8933094174159129,-0.646105170249939,-2.7711052894592285,base,yes
2365,1,1,0.9525741268224334,-0.6240668296813965,-3.6240668296813965,base,Yes
2366,1,1,0.8670357598021706,-0.49083805084228516,-2.365838050842285,base,yes
2367,1,0,0.5,-1.0619200468063354,-1.0619200468063354,base,no
2368,1,1,0.9525741268224334,-0.626511812210083,-3.626511812210083,base,yes
2369,1,1,0.9740426458162398,-0.6053036451339722,-4.230303764343262,base,yes
2370,1,1,0.8519528019683106,-0.4697282314300537,-2.2197282314300537,base,yes
2371,1,1,0.8175744761936437,-0.8787832260131836,-2.3787832260131836,base,Yes
2372,1,1,0.9579122720843811,-0.4737205505371094,-3.5987205505371094,base,Yes
2373,1,1,0.9465966762263737,-0.5337308645248413,-3.408730983734131,base,yes
2374,1,1,0.9626731083722525,-0.6749941110610962,-3.9249939918518066,base,yes
2375,1,0,0.3208213138121609,-1.2962157726287842,-0.546215832233429,base,no
2376,1,1,0.867035752930664,-0.5239198803901672,-2.3989198207855225,base,yes
2377,1,1,0.9149009596336303,-0.5586256384849548,-2.9336256980895996,base,Yes
2378,1,1,0.9241418158002492,-0.39504939317703247,-2.8950493335723877,base,yes
2379,1,1,0.8670357598021706,-0.6704516410827637,-2.5454516410827637,base,yes
2380,1,1,0.880797071719777,-0.7071262001991272,-2.7071261405944824,base,Yes
2381,1,1,0.9579122720843811,-0.6261160373687744,-3.7511160373687744,base,yes
2382,1,1,0.8354835371034369,-0.49228501319885254,-2.1172850131988525,base,yes
2383,1,1,0.5621765008857981,-0.734485924243927,-0.984485924243927,base,yes
2384,1,1,0.952574129515172,-0.5712167620658875,-3.5712168216705322,base,yes
2385,1,1,0.9579122672782973,-0.4357506036758423,-3.5607504844665527,base,Yes
2386,1,1,0.8519528170040853,-0.541551947593689,-2.2915520668029785,base,yes
2387,1,1,0.9465966762263737,-0.6301392316818237,-3.5051393508911133,base,Yes
2388,1,1,0.9626731169394882,-0.563097357749939,-3.8130974769592285,base,yes
2389,1,1,0.893309411735131,-0.6820690035820007,-2.8070690631866455,base,yes
2390,1,1,0.9241418283357702,-0.5558480024337769,-3.0558481216430664,base,yes
2391,1,1,0.9465966702001757,-0.5780773162841797,-3.4530773162841797,base,yes
2392,1,1,0.8933094060543487,-0.5817816257476807,-2.7067816257476807,base,yes
2393,1,1,0.9241418158002492,-0.519524872303009,-3.0195248126983643,base,Yes
2394,1,1,0.5621765008857981,-0.9515252113342285,-1.2015252113342285,base,yes
2395,1,0,0.34864513533394575,-1.4371391534805298,-0.8121391534805298,base,no
2396,1,1,0.8175744939732856,-0.713271975517273,-2.2132720947265625,base,yes
2397,1,1,0.7772998714925403,-0.7442044615745544,-1.9942045211791992,base,yes
2398,1,1,0.9324533088603709,-0.6445975303649902,-3.2695975303649902,base,Yes
2399,1,1,0.8519528019683106,-0.7894351482391357,-2.5394351482391357,base,yes
2400,1,0,0.46879062662624377,-1.1422792673110962,-1.0172792673110962,base,no
2401,1,0,0.4378235137849365,-1.1038587093353271,-0.8538587689399719,base,no
2402,1,0,0.34864513533394575,-1.4342386722564697,-0.8092386722564697,base,no
2403,1,0,0.24508502416032488,-1.9800233840942383,-0.8550234436988831,base,no
2404,1,1,0.8670357735451834,-0.7795118093490601,-2.6545119285583496,base,yes
2405,1,0,0.4378235137849365,-1.1651642322540283,-0.9151642918586731,base,no
2406,1,0,0.5,-0.8489216566085815,-0.8489216566085815,base,no
2407,1,0,0.5,-1.3061078786849976,-1.3061078786849976,base,no
2408,1,0,0.1066905854244781,-2.521519422531128,-0.39651933312416077,base,no
2409,1,0,0.4378235137849365,-1.0874860286712646,-0.8374860882759094,base,no
2410,1,1,0.9399133498259924,-0.6403336524963379,-3.390333652496338,base,Yes
2411,1,0,0.29421497216298875,-1.4293489456176758,-0.5543489456176758,base,no
2412,1,1,0.754914975839675,-0.6192265152931213,-1.7442264556884766,base,yes
2413,1,0,0.16451645470385742,-2.1053531169891357,-0.48035305738449097,base,no
2414,1,0,0.06008665522337757,-2.954643964767456,-0.20464405417442322,base,no
2415,1,0,0.37754066879814546,-1.5202986001968384,-1.0202986001968384,base,no
2416,1,0,0.22270013882530884,-1.6848335266113281,-0.4348335266113281,base,no
2417,1,0,0.3775406828054583,-1.28975510597229,-0.7897551655769348,base,no
2418,1,0,0.4378234991142019,-1.0253639221191406,-0.7753639221191406,base,no
2419,1,0,0.10669059394565118,-2.6683475971221924,-0.5433475971221924,base,no
2420,1,1,0.880797071719777,-0.8046243786811829,-2.804624319076538,base,Yes
2421,1,0,0.20181323186177208,-2.068784713745117,-0.693784773349762,base,no
2422,1,0,0.34864513533394575,-1.4741958379745483,-0.8491958379745483,base,no
2423,1,1,0.6513548511303336,-0.926950991153717,-1.5519509315490723,base,yes
2424,1,1,0.5312093733737563,-1.014922022819519,-1.139922022819519,base,yes
2425,1,0,0.1480471980316895,-2.2207083702087402,-0.47070837020874023,base,no
2426,1,1,0.7772998508568416,-0.6557157635688782,-1.9057157039642334,base,yes
2427,1,0,0.10669060530721626,-2.6257195472717285,-0.5007196664810181,base,no
2428,1,1,0.8519528170040853,-0.5642203092575073,-2.314220428466797,base,Yes
2429,1,0,0.24508500210441886,-1.8228933811187744,-0.6978933215141296,base,no
2430,1,0,0.22270013882530884,-1.6540377140045166,-0.4040377140045166,base,no
2431,1,1,0.6513548646660542,-1.0023291110992432,-1.6273291110992432,base,yes
2432,1,0,0.5,-0.9767566919326782,-0.9767566919326782,base,no
2433,1,1,0.8354835371034369,-0.42499709129333496,-2.049997091293335,base,yes
2434,1,1,0.7310585903489892,-0.6801487803459167,-1.6801488399505615,base,yes
2435,1,0,0.3208213138121609,-1.4917137622833252,-0.74171382188797,base,no
2436,1,0,0.5,-1.1590584516525269,-1.1590584516525269,base,no
2437,1,1,0.7549149868676283,-0.7796427011489868,-1.9046427011489868,base,yes
2438,1,0,0.24508501313237172,-1.5456353425979614,-0.4206353425979614,base,no
2439,1,1,0.8354835289107309,-0.8087597489356995,-2.4337596893310547,base,yes
2440,1,0,0.22270011818961086,-2.007450580596924,-0.7574504613876343,base,no
2441,1,0,0.11920293140927592,-2.4128048419952393,-0.4128049314022064,base,no
2442,1,0,0.07585817584273653,-2.919452428817749,-0.41945236921310425,base,no
2443,1,1,0.8519528019683106,-0.5039582252502441,-2.253958225250244,base,yes
2444,1,1,0.8933094060543487,-0.5409514904022217,-2.6659514904022217,base,yes
2445,1,1,0.7981867777396212,-0.7153592109680176,-2.0903592109680176,base,Yes
2446,1,1,0.6513548646660542,-0.6177635192871094,-1.2427635192871094,base,yes
2447,1,1,0.9626731105140616,-0.38877373933792114,-3.6387736797332764,base,Yes
2448,1,0,0.03732689109229525,-3.4793243408203125,-0.22932444512844086,base,no
2449,1,1,0.5926665999540697,-0.8777182102203369,-1.252718210220337,base,yes
2450,1,1,0.952574129515172,-0.6268333792686462,-3.626833438873291,base,Yes
2451,1,0,0.3486451217982255,-1.199932336807251,-0.5749322772026062,base,no
2452,1,1,0.8519527944504226,-0.5075061917304993,-2.2575061321258545,base,yes
2453,1,1,0.7310585669110203,-0.673486053943634,-1.6734859943389893,base,yes
2454,1,1,0.5926665999540697,-0.7241437435150146,-1.0991437435150146,base,yes
2455,1,0,0.1824255415859996,-2.1032228469848633,-0.6032229661941528,base,no
2456,1,1,0.9241418241572634,-0.5110146403312683,-3.011014699935913,base,Yes
2457,1,0,0.14804719427274565,-2.0454134941101074,-0.29541346430778503,base,no
2458,1,0,0.13296422989056964,-2.3067259788513184,-0.4317258894443512,base,no
2459,1,0,0.053403329799824234,-3.2291359901428223,-0.35413599014282227,base,no
2460,1,0,0.3775406828054583,-1.4451525211334229,-0.9451525807380676,base,no
2461,1,1,0.7310585786300049,-0.6790865659713745,-1.6790865659713745,base,yes
2462,1,0,0.4073334000459302,-1.3297593593597412,-0.9547593593597412,base,no
2463,1,0,0.10669059962643358,-2.551957368850708,-0.4269574284553528,base,no
2464,1,0,0.16451647108926923,-2.0056183338165283,-0.3806183934211731,base,no
2465,1,1,0.6513548646660542,-0.5926761627197266,-1.2176761627197266,base,yes
2466,1,0,0.37754066879814546,-1.3825353384017944,-0.8825353384017944,base,no
2467,1,0,0.11920292202211755,-2.4737699031829834,-0.4737699031829834,base,no
2468,1,0,0.18242551936144574,-1.9842138290405273,-0.48421379923820496,base,no
2469,1,0,0.22270012850745968,-1.7739074230194092,-0.5239073634147644,base,no
2470,1,0,0.2942149845400438,-1.3982808589935303,-0.523280918598175,base,no
2471,1,0,0.07585817793199003,-2.722602128982544,-0.22260209918022156,base,no
2472,1,1,0.7772998611746911,-0.8684477806091309,-2.118447780609131,base,yes
2473,1,1,0.6513548511303336,-0.7123571038246155,-1.3373570442199707,base,yes
2474,1,0,0.08509904500702024,-2.8072807788848877,-0.4322807788848877,base,no
2475,1,0,0.3486451488696663,-1.3185064792633057,-0.6935065388679504,base,no
2476,1,1,0.5926665999540697,-0.7731912136077881,-1.148191213607788,base,yes
2477,1,1,0.8519527869325346,-0.7978688478469849,-2.5478687286376953,base,yes
2478,1,0,0.11920292828022305,-2.24809193611145,-0.24809199571609497,base,no
2479,1,1,0.851952809486198,-0.5877119898796082,-2.337712049484253,base,yes
2480,1,1,0.8670357735451834,-0.3665560483932495,-2.241556167602539,base,yes
2481,1,0,0.11920293140927592,-2.4200873374938965,-0.42008742690086365,base,no
2482,1,1,0.893309411735131,-0.7433533072471619,-2.8683533668518066,base,yes
2483,1,1,0.5621765008857981,-0.7978097200393677,-1.0478097200393677,base,yes
2484,1,0,0.015906394044350028,-4.463551044464111,-0.33855119347572327,base,no
2485,1,1,0.6791787121629466,-0.6507593989372253,-1.4007594585418701,base,yes
2486,1,1,0.9046505402422645,-0.6700181365013123,-2.920018196105957,base,yes
2487,1,0,0.4073334000459302,-1.2718844413757324,-0.8968844413757324,base,no
2488,1,1,0.8670357598021706,-0.5242280960083008,-2.399228096008301,base,yes
2489,1,1,0.8670357598021706,-0.7713658809661865,-2.6463658809661865,base,yes
2490,1,1,0.5926666143433998,-0.8320052027702332,-1.207005262374878,base,yes
2491,1,0,0.4378234991142019,-1.2637187242507935,-1.0137187242507935,base,no
2492,1,1,0.9324533126145177,-0.7619151473045349,-3.3869152069091797,base,Yes
2493,1,0,0.4073334000459302,-1.1186869144439697,-0.7436869144439697,base,no
2494,1,1,0.9465966702001757,-0.5773055553436279,-3.452305555343628,base,yes
2495,1,0,0.24508501313237172,-1.664249300956726,-0.5392493009567261,base,no
2496,1,0,0.16451645880021026,-2.045768976211548,-0.42076894640922546,base,no
2497,1,1,0.8175744761936437,-0.5809330940246582,-2.080933094024658,base,yes
2498,1,1,0.9399133498259924,-0.7542679309844971,-3.504267930984497,base,Yes
2499,1,1,0.754914975839675,-0.6429184079170227,-1.767918348312378,base,yes
2500,1,1,0.798186768138228,-0.8190706372261047,-2.19407057762146,base,Yes
2501,1,1,0.9465966762263737,-0.6929935216903687,-3.567993640899658,base,Yes
2502,1,1,0.6513548646660542,-0.7893353700637817,-1.4143353700637817,base,yes
2503,1,1,0.9241418241572634,-0.4652077555656433,-2.965207815170288,base,yes
2504,1,1,0.8807970779778823,-0.6483058929443359,-2.648305892944336,base,yes
2505,1,0,0.2689414213699951,-1.897499442100525,-0.8974994421005249,base,no
2506,1,1,0.5621764862150634,-0.8733566403388977,-1.123356580734253,base,yes
2507,1,1,0.8670357460591569,-0.8324242830276489,-2.7074241638183594,base,Yes
2508,1,0,0.4073334000459302,-1.042015552520752,-0.667015552520752,base,no
2509,1,1,0.9399133531922388,-0.5945176482200623,-3.344517707824707,base,yes
2510,1,1,0.7981867777396212,-0.6514763832092285,-2.0264763832092285,base,yes
2511,1,1,0.7981867777396212,-0.5268799066543579,-1.901879906654358,base,yes
2512,1,1,0.7310585786300049,-0.8838156461715698,-1.8838156461715698,base,yes
2513,1,0,0.08509904964767095,-2.7720694541931152,-0.39706951379776,base,no
2514,1,1,0.9046505453836383,-0.7973374128341675,-3.047337532043457,base,Yes
2515,1,0,0.34864513533394575,-1.3056141138076782,-0.6806141138076782,base,no
2516,1,1,0.7981867777396212,-0.5971890687942505,-1.9721890687942505,base,yes
2517,1,1,0.8519528019683106,-0.7891199588775635,-2.5391199588775635,base,yes
2518,1,1,0.7772998611746911,-0.4460242986679077,-1.6960242986679077,base,yes
2519,1,1,0.9324533126145177,-0.6454495787620544,-3.270449638366699,base,yes
2520,1,1,0.9324533088603709,-0.5012552738189697,-3.1262552738189697,base,yes
2521,1,1,0.6513548511303336,-0.8822277188301086,-1.5072276592254639,base,yes
2522,1,1,0.9579122696813394,-0.6189313530921936,-3.743931293487549,base,Yes
2523,1,1,0.6224593312018546,-1.1147491931915283,-1.6147491931915283,base,Yes
2524,1,1,0.835483553488848,-0.5220683813095093,-2.147068500518799,base,yes
2525,1,1,0.9241418199787566,-0.7099928855895996,-3.2099928855895996,base,yes
2526,1,1,0.9149009642742806,-0.44037044048309326,-2.815370559692383,base,yes
2527,1,1,0.8933093946927838,-0.590274453163147,-2.7152743339538574,base,yes
2528,1,1,0.9465966671870767,-0.5831745266914368,-3.458174467086792,base,yes
2529,1,0,0.34864513533394575,-1.6248455047607422,-0.9998455047607422,base,no
2530,1,1,0.9324533163686646,-0.6488760709762573,-3.273876190185547,base,yes
2531,1,1,0.8933093946927838,-0.6864858865737915,-2.811485767364502,base,yes
2532,1,1,0.7057850278370112,-0.5615832805633545,-1.4365832805633545,base,yes
2533,1,1,0.8175744761936437,-0.44959592819213867,-1.9495959281921387,base,yes
2534,1,1,0.9740426458162398,-0.7194355726242065,-4.344435691833496,base,Yes
2535,1,0,0.5,-0.9345255494117737,-0.9345255494117737,base,no
2536,1,0,0.37754066879814546,-1.4244389533996582,-0.9244389533996582,base,no
2537,1,0,0.1480472055495773,-2.3130106925964355,-0.5630107522010803,base,no
2538,1,0,0.4073334000459302,-1.4775235652923584,-1.1025235652923584,base,No
2539,1,1,0.9399133531922388,-0.6974708437919617,-3.4474709033966064,base,yes
2540,1,1,0.8807970748488297,-0.40527108311653137,-2.405271053314209,base,yes
2541,1,1,0.8519527869325346,-0.5413867235183716,-2.291386604309082,base,yes
2542,1,1,0.9465966702001757,-0.7473299503326416,-3.6223299503326416,base,Yes
2543,1,1,0.9324533088603709,-0.6488943099975586,-3.2738943099975586,base,yes
2544,1,1,0.7057850154599563,-0.9325860142707825,-1.8075859546661377,base,Yes
2545,1,1,0.5926665855647394,-0.7733326554298401,-1.1483325958251953,base,yes
2546,1,1,0.679178699175393,-0.5993897914886475,-1.3493897914886475,base,yes
2547,1,1,0.9465966671870767,-0.6363573670387268,-3.511357307434082,base,Yes
2548,1,1,0.7772998508568416,-0.4992676377296448,-1.749267578125,base,yes
2549,1,1,0.8175744584140004,-0.5087915658950806,-2.008791446685791,base,yes
2550,1,1,0.5926665999540697,-0.8111873865127563,-1.1861873865127563,base,yes
2551,1,1,0.9241418241572634,-0.6091417670249939,-3.1091418266296387,base,yes
2552,1,1,0.7549149868676283,-0.8965048789978027,-2.0215048789978027,base,Yes
2553,1,1,0.9046505402422645,-0.7363716959953308,-2.9863717555999756,base,Yes
2554,1,1,0.798186768138228,-0.5667493939399719,-1.9417493343353271,base,yes
2555,1,1,0.8175744584140004,-0.5431967973709106,-2.043196678161621,base,yes
2556,1,1,0.9324533013520764,-0.7098952531814575,-3.334895133972168,base,yes
2557,1,1,0.9241418199787566,-0.6620461940765381,-3.162046194076538,base,yes
2558,1,0,0.37754066879814546,-1.3420794010162354,-0.8420794010162354,base,no
2559,1,1,0.7772998508568416,-0.4727664589881897,-1.722766399383545,base,yes
2560,1,0,0.5,-1.3369032144546509,-1.3369032144546509,base,no
2561,1,1,0.5312093733737563,-1.073124885559082,-1.198124885559082,base,Yes
2562,1,1,0.7549149868676283,-0.5174601078033447,-1.6424601078033447,base,yes
2563,1,0,0.3486451488696663,-1.3327381610870361,-0.7077382206916809,base,no
2564,1,1,0.7549149868676283,-0.8297766447067261,-1.954776644706726,base,yes
2565,1,1,0.9241418158002492,-0.3947320580482483,-2.8947319984436035,base,yes
2566,1,1,0.9149009642742806,-0.780237078666687,-3.1552371978759766,base,Yes
2567,1,1,0.9740426428022031,-0.553929328918457,-4.178929328918457,base,yes
2568,1,1,0.798186768138228,-0.68900066614151,-2.0640006065368652,base,yes
2569,1,1,0.679178699175393,-0.6239460706710815,-1.3739460706710815,base,yes
2570,1,1,0.8354835330070839,-0.3383202850818634,-1.963320255279541,base,yes
2571,1,1,0.914900950352329,-0.6151028275489807,-2.990102767944336,base,yes
2572,1,1,0.8519527869325346,-0.5818415880203247,-2.331841468811035,base,yes
2573,1,1,0.9465966702001757,-0.6329975128173828,-3.507997512817383,base,yes
2574,1,1,0.9149009549929797,-0.6153659820556641,-2.990365982055664,base,yes
2575,1,1,0.7772998611746911,-0.7606325149536133,-2.0106325149536133,base,yes
2576,1,1,0.6791787121629466,-0.8440186381340027,-1.5940186977386475,base,yes
2577,1,1,0.9399133531922388,-0.5910336375236511,-3.341033697128296,base,yes
2578,1,1,0.8933094174159129,-0.7927669286727905,-2.91776704788208,base,Yes
2579,1,1,0.9324533013520764,-0.7051554918289185,-3.330155372619629,base,yes
2580,1,1,0.7981867873410141,-0.5308865904808044,-1.9058866500854492,base,yes
2581,1,1,0.5312093733737563,-1.202878475189209,-1.327878475189209,base,yes
2582,1,1,0.8175744939732856,-0.5086382627487183,-2.008638381958008,base,yes
2583,1,0,0.4073334000459302,-1.1193517446517944,-0.7443517446517944,base,no
2584,1,1,0.7981867873410141,-0.8343266844749451,-2.20932674407959,base,yes
2585,1,1,0.939913356558485,-0.6900891065597534,-3.440089225769043,base,Yes
2586,1,1,0.7772998714925403,-0.5872766375541687,-1.8372766971588135,base,yes
2587,1,1,0.9626731126558706,-0.6156923770904541,-3.865692377090454,base,yes
2588,1,0,0.3208213138121609,-1.3458855152130127,-0.5958855748176575,base,no
2589,1,1,0.9626731169394882,-0.5674346685409546,-3.817434787750244,base,yes
2590,1,0,0.46879062662624377,-1.2285170555114746,-1.1035170555114746,base,no
2591,1,1,0.7549149868676283,-0.5491200685501099,-1.6741200685501099,base,yes
2592,1,1,0.5926665999540697,-0.8322528600692749,-1.207252860069275,base,yes
2593,1,1,0.8175744939732856,-0.5427764654159546,-2.042776584625244,base,yes
2594,1,1,0.9241418241572634,-0.5560733675956726,-3.0560734272003174,base,yes
2595,1,1,0.9149009642742806,-0.7198208570480347,-3.094820976257324,base,yes
2596,1,1,0.914900945711678,-0.5587698221206665,-2.933769702911377,base,yes
2597,1,1,0.6513548511303336,-0.752740204334259,-1.3777401447296143,base,yes
2598,1,1,0.8670357735451834,-0.6579412221908569,-2.5329413414001465,base,yes
2599,1,1,0.9465966747198243,-0.4074508249759674,-3.2824509143829346,base,yes
2600,1,1,0.9465966702001757,-0.5339670181274414,-3.4089670181274414,base,yes
2601,1,1,0.5926665999540697,-1.050431251525879,-1.425431251525879,base,yes
2602,1,1,0.754914975839675,-0.5876396298408508,-1.712639570236206,base,yes
2603,1,1,0.9626731126558706,-0.6138279438018799,-3.86382794380188,base,Yes
2604,1,1,0.7981867873410141,-0.4439780116081238,-1.8189780712127686,base,yes
2605,1,0,0.37754066879814546,-1.446682095527649,-0.9466820955276489,base,no
2606,1,1,0.9241418116217418,-0.6010466814041138,-3.101046562194824,base,yes
2607,1,1,0.6791787121629466,-0.7405080199241638,-1.4905080795288086,base,yes
2608,1,1,0.9149009642742806,-0.4784277677536011,-2.8534278869628906,base,yes
2609,1,1,0.9465966702001757,-0.6930985450744629,-3.568098545074463,base,yes
2610,1,1,0.8175744939732856,-0.7066491842269897,-2.2066493034362793,base,yes
2611,1,1,0.8933094060543487,-0.7428171634674072,-2.8678171634674072,base,yes
2612,1,0,0.5,-0.9004606008529663,-0.9004606008529663,base,no
2613,1,1,0.9399133498259924,-0.542264461517334,-3.292264461517334,base,Yes
2614,1,0,0.02595735719779685,-3.9173502922058105,-0.29235029220581055,base,no
2615,1,1,0.9324533013520764,-0.5958906412124634,-3.220890522003174,base,Yes
2616,1,1,0.9465966641739773,-0.4858938455581665,-3.360893726348877,base,yes
2617,1,1,0.9046505299595163,-0.7966342568397522,-3.0466341972351074,base,Yes
2618,1,1,0.8933094060543487,-0.6348049640655518,-2.7598049640655518,base,yes
2619,1,1,0.89330940889474,-0.3917367160320282,-2.5167367458343506,base,yes
2620,1,1,0.8354835371034369,-0.8520541191101074,-2.4770541191101074,base,Yes
2621,1,1,0.754914997895581,-0.5449721217155457,-1.6699721813201904,base,yes
2622,1,1,0.9149009596336303,-0.7198447585105896,-3.0948448181152344,base,yes
2623,1,1,0.8354835371034369,-0.6393399238586426,-2.2643399238586426,base,yes
2624,1,1,0.9241418262465169,-0.4272724688053131,-2.9272725582122803,base,yes
2625,1,1,0.9046505453836383,-0.4910176992416382,-2.7410178184509277,base,yes
2626,1,1,0.6791786861878392,-0.679826557636261,-1.4298264980316162,base,yes
2627,1,1,0.9046505351008906,-0.32866477966308594,-2.578664779663086,base,yes
2628,1,1,0.9399133498259924,-0.5386049747467041,-3.288604974746704,base,yes
2629,1,1,0.9626731126558706,-0.674774169921875,-3.924774169921875,base,yes
2630,1,1,0.8807970904940926,-0.7009190320968628,-2.7009191513061523,base,yes
2631,1,0,0.16451645470385742,-1.9648969173431396,-0.3398968577384949,base,no
2632,1,1,0.8933094003735664,-0.5862966179847717,-2.711296558380127,base,yes
2633,1,1,0.7981867777396212,-0.6046204566955566,-1.9796204566955566,base,yes
2634,1,0,0.22270013882530884,-1.7172189950942993,-0.4672189950942993,base,no
2635,1,1,0.9324533088603709,-0.5464978218078613,-3.1714978218078613,base,yes
2636,1,1,0.880797071719777,-0.6435769200325012,-2.6435768604278564,base,yes
2637,1,1,0.9324533163686646,-0.7049325704574585,-3.329932689666748,base,yes
2638,1,1,0.7549149868676283,-0.6285065412521362,-1.7535065412521362,base,yes
2639,1,1,0.914900945711678,-0.5667663812637329,-2.9417662620544434,base,yes
2640,1,1,0.9525741322079105,-0.36413896083831787,-3.3641390800476074,base,yes
2641,1,1,0.8807970873650403,-0.47961512207984924,-2.4796152114868164,base,yes
2642,1,1,0.8354835207180245,-0.4570504426956177,-2.082050323486328,base,yes
2643,1,0,0.34864513533394575,-1.4754732847213745,-0.8504732847213745,base,no
2644,1,1,0.8670357735451834,-0.5243295431137085,-2.399329662322998,base,yes
2645,1,1,0.8807970779778823,-0.4757251739501953,-2.4757251739501953,base,yes
2646,1,1,0.7981867777396212,-0.5611135959625244,-1.9361135959625244,base,yes
2647,1,1,0.9241418241572634,-0.4653896689414978,-2.9653897285461426,base,yes
2648,1,1,0.6513548646660542,-0.6385031938552856,-1.2635031938552856,base,yes
2649,1,1,0.893309411735131,-0.5912148356437683,-2.716214895248413,base,yes
2650,1,1,0.9241418158002492,-0.5559733510017395,-3.0559732913970947,base,yes
2651,1,1,0.7310585786300049,-0.9832006692886353,-1.9832006692886353,base,Yes
2652,1,1,0.914900957313305,-0.4370701014995575,-2.81207013130188,base,yes
2653,1,1,0.8519527869325346,-0.6745473146438599,-2.4245471954345703,base,yes
2654,1,1,0.9324533051062237,-0.6444471478462219,-3.269447088241577,base,yes
2655,1,1,0.9706877624649134,-0.7226946353912354,-4.222694396972656,base,Yes
2656,1,1,0.9324533013520764,-0.5994025468826294,-3.22440242767334,base,yes
2657,1,1,0.9046505453836383,-0.6796115636825562,-2.9296116828918457,base,yes
2658,1,1,0.8670357598021706,-0.7163960933685303,-2.5913960933685303,base,yes
2659,1,1,0.6224593452091672,-0.7085584998130798,-1.2085585594177246,base,yes
2660,1,1,0.9241418116217418,-0.33346474170684814,-2.8334646224975586,base,yes
2661,1,1,0.5621765008857981,-1.209127426147461,-1.459127426147461,base,Yes
2662,1,1,0.9465966702001757,-0.48827242851257324,-3.3632724285125732,base,yes
2663,1,1,0.9149009596336303,-0.47857898473739624,-2.853579044342041,base,yes
2664,1,1,0.6224593312018546,-0.9133422374725342,-1.4133422374725342,base,yes
2665,1,1,0.8354835371034369,-0.7451481819152832,-2.370148181915283,base,yes
2666,1,1,0.9399133498259924,-0.5353374481201172,-3.285337448120117,base,yes
2667,1,0,0.1645164628965632,-2.385322332382202,-0.7603223323822021,base,no
2668,1,1,0.9324533088603709,-0.3856797218322754,-3.0106797218322754,base,yes
2669,1,1,0.7981867777396212,-0.7977242469787598,-2.1727242469787598,base,yes
2670,1,1,0.6513548646660542,-0.6907095909118652,-1.3157095909118652,base,yes
2671,1,1,0.8933093946927838,-0.6272951364517212,-2.7522950172424316,base,yes
2672,1,1,0.8354835289107309,-0.6387913823127747,-2.26379132270813,base,yes
2673,1,0,0.46879062662624377,-0.9853578805923462,-0.8603578805923462,base,no
2674,1,1,0.9579122696813394,-0.6751506924629211,-3.8001506328582764,base,Yes
2675,1,1,0.9324533051062237,-0.5996587872505188,-3.224658727645874,base,yes
2676,1,1,0.8354835452961425,-0.6869215369224548,-2.3119215965270996,base,yes
2677,1,1,0.939913356558485,-0.7006896734237671,-3.4506897926330566,base,Yes
2678,1,1,0.754914975839675,-0.555122435092926,-1.6801223754882812,base,yes
2679,1,1,0.8519528019683106,-0.5416305065155029,-2.291630506515503,base,yes
2680,1,1,0.8933094060543487,-0.49550509452819824,-2.6205050945281982,base,yes
2681,1,1,0.7057850402140659,-0.6767589449882507,-1.5517590045928955,base,yes
2682,1,1,0.8175744939732856,-0.5087155103683472,-2.0087156295776367,base,yes
2683,1,1,0.9046505351008906,-0.5782933235168457,-2.8282933235168457,base,Yes
2684,1,0,0.3486451488696663,-1.417884349822998,-0.7928844094276428,base,no
2685,1,1,0.8670357460591569,-0.8407951593399048,-2.7157950401306152,base,Yes
2686,1,1,0.9324533088603709,-0.45653510093688965,-3.0815351009368896,base,yes
2687,1,0,0.5,-1.04696786403656,-1.04696786403656,base,no
2688,1,1,0.9149009549929797,-0.6679761409759521,-3.042976140975952,base,yes
2689,1,1,0.9149009596336303,-0.7249860167503357,-3.0999860763549805,base,yes
2690,1,1,0.89330940889474,-0.46155139803886414,-2.5865514278411865,base,yes
2691,1,1,0.5621765008857981,-0.7751092910766602,-1.0251092910766602,base,yes
2692,1,1,0.9149009619539553,-0.4437367022037506,-2.8187367916107178,base,yes
2693,1,1,0.9324533013520764,-0.5497113466262817,-3.174711227416992,base,yes
2694,1,1,0.8933094060543487,-0.49227190017700195,-2.617271900177002,base,yes
2695,1,1,0.8933094060543487,-0.681793212890625,-2.806793212890625,base,yes
2696,1,1,0.9525741241296944,-0.5740745663642883,-3.5740745067596436,base,yes
2697,1,1,0.9525741268224334,-0.6241953372955322,-3.6241953372955322,base,Yes
2698,1,1,0.8670357735451834,-0.45619475841522217,-2.3311948776245117,base,yes
2699,1,1,0.7057850402140659,-0.6846141219139099,-1.5596141815185547,base,yes
2700,1,0,0.37754066879814546,-1.5435043573379517,-1.0435043573379517,base,no
2701,1,1,0.8519528019683106,-0.8066942691802979,-2.556694269180298,base,Yes
2702,1,1,0.7057850278370112,-0.719088077545166,-1.594088077545166,base,yes
2703,1,1,0.7310585903489892,-0.7287315726280212,-1.728731632232666,base,yes
2704,1,1,0.5926665999540697,-1.0161583423614502,-1.3911583423614502,base,yes
2705,1,0,0.07585817584273653,-2.742859363555908,-0.24285930395126343,base,no
2706,1,0,0.3775406828054583,-1.2417192459106445,-0.7417193055152893,base,no
2707,1,0,0.4378234991142019,-1.3593270778656006,-1.1093270778656006,base,no
2708,1,0,0.18242552380635632,-2.2742927074432373,-0.7742927074432373,base,no
2709,1,0,0.18242552380635632,-1.9146679639816284,-0.4146679639816284,base,no
2710,1,1,0.8354835371034369,-0.8772437572479248,-2.502243757247925,base,Yes
2711,1,1,0.7549149868676283,-0.6573505401611328,-1.7823505401611328,base,yes
2712,1,0,0.2689414096510108,-1.6573448181152344,-0.6573447585105896,base,no
2713,1,0,0.3208212878370535,-1.4572443962097168,-0.707244336605072,base,no
2714,1,1,0.9046505453836383,-0.4838446378707886,-2.733844757080078,base,yes
2715,1,1,0.5312093733737563,-1.2042992115020752,-1.3292992115020752,base,yes
2716,1,0,0.22270012850745968,-1.8745334148406982,-0.6245333552360535,base,no
2717,1,0,0.08509904152653235,-2.532089948654175,-0.15708990395069122,base,no
2718,1,0,0.06754669489377622,-2.9945499897003174,-0.36955004930496216,base,no
2719,1,0,0.5,-1.0128097534179688,-1.0128097534179688,base,no
2720,1,0,0.20181323186177208,-2.1997978687286377,-0.8247979283332825,base,No
2721,1,1,0.5926665999540697,-0.7239464521408081,-1.098946452140808,base,yes
2722,1,0,0.20181321265898594,-1.93147873878479,-0.5564786791801453,base,no
2723,1,0,0.16451647108926923,-2.045747995376587,-0.4207480549812317,base,no
2724,1,1,0.9669140216112958,-0.4220008850097656,-3.7970008850097656,base,yes
2725,1,0,0.2942149845400438,-1.4170560836791992,-0.542056143283844,base,no
2726,1,0,0.18242552380635632,-1.8979442119598389,-0.39794421195983887,base,no
2727,1,1,0.8354835452961425,-0.46210283041000366,-2.0871028900146484,base,yes
2728,1,0,0.5,-0.8864014744758606,-0.8864014744758606,base,no
2729,1,1,0.8670357598021706,-0.7302284240722656,-2.6052284240722656,base,yes
2730,1,0,0.1645164792819756,-2.275942325592041,-0.6509424448013306,base,no
2731,1,1,0.7772998405389918,-0.8070307970046997,-2.05703067779541,base,Yes
2732,1,1,0.5312093733737563,-1.0172772407531738,-1.1422772407531738,base,yes
2733,1,1,0.7549149648117217,-0.9664493799209595,-2.09144926071167,base,Yes
2734,1,0,0.06008665354025422,-3.116748809814453,-0.3667488694190979,base,no
2735,1,0,0.0675466911396291,-2.8390915393829346,-0.21409153938293457,base,no
2736,1,0,0.22270013882530884,-1.7746552228927612,-0.5246552228927612,base,no
2737,1,1,0.5312093733737563,-0.8526856899261475,-0.9776856899261475,base,yes
2738,1,1,0.5312093733737563,-1.0422999858856201,-1.1672999858856201,base,yes
2739,1,0,0.3775406828054583,-1.1920173168182373,-0.6920173764228821,base,no
2740,1,0,0.24508501313237172,-1.6387890577316284,-0.5137890577316284,base,no
2741,1,0,0.18242553269617778,-2.0048446655273438,-0.5048447251319885,base,no
2742,1,0,0.16451645470385742,-2.1623036861419678,-0.537303626537323,base,no
2743,1,0,0.34864513533394575,-1.346796989440918,-0.721796989440918,base,no
2744,1,0,0.3208213138121609,-1.6209123134613037,-0.8709123730659485,base,no
2745,1,0,0.033085981248949035,-3.6732306480407715,-0.29823073744773865,base,no
2746,1,0,0.2689414213699951,-1.8288228511810303,-0.8288228511810303,base,no
2747,1,1,0.6513548782017746,-0.5886325240135193,-1.213632583618164,base,yes
2748,1,1,0.5621765008857981,-0.7747378349304199,-1.02473783493042,base,yes
2749,1,1,0.5312093733737563,-1.171122431755066,-1.296122431755066,base,yes
2750,1,1,0.7310585669110203,-0.5394752621650696,-1.5394752025604248,base,yes
2751,1,0,0.08509904268669496,-2.7529165744781494,-0.377916544675827,base,no
2752,1,1,0.9046505351008906,-0.5322394371032715,-2.7822394371032715,base,yes
2753,1,0,0.1824255415859996,-2.143944263458252,-0.6439443826675415,base,no
2754,1,0,0.060086656906500974,-3.0904884338378906,-0.3404885530471802,base,no
2755,1,1,0.8354835207180245,-0.6998740434646606,-2.324873924255371,base,yes
2756,1,0,0.32082130082460697,-1.383241891860962,-0.6332418918609619,base,no
2757,1,1,0.8933094060543487,-0.6341006755828857,-2.7591006755828857,base,yes
2758,1,0,0.46879062662624377,-0.9703113436698914,-0.8453113436698914,base,no
2759,1,1,0.7310585903489892,-0.6797932982444763,-1.679793357849121,base,yes
2760,1,1,0.679178699175393,-0.7492831945419312,-1.4992831945419312,base,yes
2761,1,1,0.5621765155565327,-0.952368438243866,-1.2023684978485107,base,yes
2762,1,1,0.9324533013520764,-0.38537514209747314,-3.0103750228881836,base,Yes
2763,1,0,0.5,-0.9615170955657959,-0.9615170955657959,base,no
2764,1,0,0.2942149597859341,-1.653527021408081,-0.7785269618034363,base,no
2765,1,0,0.06754668550840877,-2.947399616241455,-0.3223995268344879,base,no
2766,1,0,0.16451647108926923,-2.2425191402435303,-0.617519199848175,base,no
2767,1,0,0.22270013882530884,-1.7535773515701294,-0.5035773515701294,base,no
2768,1,0,0.24508500210441886,-1.9800660610198975,-0.8550660014152527,base,no
2769,1,1,0.9399133531922388,-0.41063398122787476,-3.1606340408325195,base,yes
2770,1,1,0.6224593312018546,-0.8703737258911133,-1.3703737258911133,base,yes
2771,1,0,0.2689414330889798,-1.8005971908569336,-0.8005972504615784,base,no
2772,1,0,0.4378234991142019,-1.027517318725586,-0.7775173187255859,base,no
2773,1,1,0.7057850278370112,-0.5923632383346558,-1.4673632383346558,base,yes
2774,1,0,0.16451647108926923,-2.0866005420684814,-0.4616006016731262,base,no
2775,1,0,0.20181323186177208,-2.0652072429656982,-0.690207302570343,base,no
2776,1,1,0.8354835493924953,-0.4884013235569,-2.113401412963867,base,yes
2777,1,1,0.9399133531922388,-0.44919317960739136,-3.199193239212036,base,yes
2778,1,1,0.8807970779778823,-0.5543038845062256,-2.5543038845062256,base,yes
2779,1,1,0.8354835371034369,-0.5601849555969238,-2.185184955596924,base,yes
2780,1,0,0.20181322226037882,-1.8783506155014038,-0.5033506155014038,base,no
2781,1,1,0.6224593312018546,-0.8204444646835327,-1.3204444646835327,base,yes
2782,1,1,0.754914997895581,-0.7323755621910095,-1.8573756217956543,base,yes
2783,1,1,0.8933094145755219,-0.39423123002052307,-2.5192313194274902,base,yes
2784,1,1,0.679178699175393,-1.0089716911315918,-1.7589716911315918,base,Yes
2785,1,1,0.9399133498259924,-0.3130059242248535,-3.0630059242248535,base,yes
2786,1,1,0.7981867729389246,-0.44329848885536194,-1.8182984590530396,base,yes
2787,1,0,0.3486451217982255,-1.317610502243042,-0.6926104426383972,base,no
2788,1,0,0.13296423676207594,-2.2332465648651123,-0.3582465350627899,base,no
2789,1,1,0.9399133531922388,-0.6937636733055115,-3.4437637329101562,base,yes
2790,1,0,0.2689414213699951,-1.5037885904312134,-0.5037885904312134,base,no
2791,1,1,0.6513548646660542,-1.0742976665496826,-1.6992976665496826,base,Yes
2792,1,1,0.9241418283357702,-0.5522674322128296,-3.052267551422119,base,yes
2793,1,1,0.6513548646660542,-1.018173098564148,-1.643173098564148,base,yes
2794,1,1,0.9399133464597458,-0.5382950901985168,-3.288295030593872,base,yes
2795,1,0,0.29421497216298875,-1.574222445487976,-0.6992224454879761,base,no
2796,1,1,0.9324533163686646,-0.3860534429550171,-3.0110535621643066,base,yes
2797,1,0,0.09534946361376598,-2.4975063800811768,-0.24750636518001556,base,no
2798,1,1,0.880797071719777,-0.5176172852516174,-2.5176172256469727,base,yes
2799,1,1,0.7772998714925403,-0.7520877718925476,-2.0020878314971924,base,yes
2800,1,0,0.18242552380635632,-2.2407400608062744,-0.7407400608062744,base,no
2801,1,1,0.5312093733737563,-0.9347056150436401,-1.0597056150436401,base,yes
2802,1,1,0.7057850278370112,-0.6856859922409058,-1.5606859922409058,base,yes
2803,1,0,0.37754066879814546,-1.243187665939331,-0.743187665939331,base,no
2804,1,0,0.16451645470385742,-2.021632671356201,-0.3966326117515564,base,no
2805,1,1,0.7549149868676283,-0.7254858016967773,-1.8504858016967773,base,yes
2806,1,0,0.14804720930852133,-2.10719895362854,-0.3571990430355072,base,no
2807,1,1,0.5621765008857981,-0.9149612188339233,-1.1649612188339233,base,yes
2808,1,1,0.8670357666736773,-0.6588277220726013,-2.533827781677246,base,yes
2809,1,1,0.8807970842359877,-0.5126444697380066,-2.5126445293426514,base,yes
2810,1,1,0.679178699175393,-0.8204494714736938,-1.5704494714736938,base,yes
2811,1,0,0.06754668832401889,-2.8565239906311035,-0.23152394592761993,base,no
2812,1,1,0.9840936068886641,-0.44540032744407654,-4.570400238037109,base,Yes
2813,1,1,0.9525741241296944,-0.43578845262527466,-3.43578839302063,base,yes
2814,1,0,0.1066905911052601,-2.5882978439331055,-0.4632978141307831,base,no
2815,1,1,0.8933094060543487,-0.3653731346130371,-2.490373134613037,base,yes
2816,1,1,0.9324533163686646,-0.5013731718063354,-3.126373291015625,base,yes
2817,1,1,0.7310585669110203,-0.7529061436653137,-1.752906084060669,base,yes
2818,1,1,0.914900945711678,-0.47586166858673096,-2.8508615493774414,base,yes
2819,1,1,0.880797081106935,-0.4712803065776825,-2.471280336380005,base,yes
2820,1,1,0.9241418199787566,-0.6622259616851807,-3.1622259616851807,base,Yes
2821,1,0,0.10669060246682488,-2.595874071121216,-0.470874160528183,base,no
2822,1,1,0.5926665855647394,-0.842785656452179,-1.2177855968475342,base,yes
2823,1,1,0.957912274487423,-0.6777991652488708,-3.8027992248535156,base,yes
2824,1,1,0.8175744761936437,-0.4202502965927124,-1.9202502965927124,base,yes
2825,1,0,0.1329642436335826,-2.340700149536133,-0.4657001793384552,base,no
2826,1,1,0.8807970842359877,-0.6484541296958923,-2.648454189300537,base,yes
2827,1,1,0.679178699175393,-1.0377819538116455,-1.7877819538116455,base,Yes
2828,1,1,0.8175744761936437,-0.5038325786590576,-2.0038325786590576,base,yes
2829,1,1,0.8670357598021706,-0.42409300804138184,-2.299093008041382,base,yes
2830,1,0,0.4378234991142019,-1.3598196506500244,-1.1098196506500244,base,no
2831,1,1,0.8807970654616711,-0.5132852792739868,-2.5132851600646973,base,yes
2832,1,1,0.8670357666736773,-0.8326796889305115,-2.7076797485351562,base,Yes
2833,1,1,0.8175744761936437,-0.6660177707672119,-2.166017770767212,base,yes
2834,1,1,0.7057850154599563,-0.6140819191932678,-1.489081859588623,base,yes
2835,1,1,0.9241418283357702,-0.39250314235687256,-2.892503261566162,base,yes
2836,1,0,0.5,-0.9714779853820801,-0.9714779853820801,base,no
2837,1,1,0.7981867873410141,-0.5013100504875183,-1.876310110092163,base,yes
2838,1,1,0.880797071719777,-0.4749367833137512,-2.4749367237091064,base,yes
2839,1,1,0.5621765008857981,-1.0340063571929932,-1.2840063571929932,base,yes
2840,1,1,0.7772998611746911,-0.5932527780532837,-1.8432527780532837,base,yes
2841,1,1,0.8354835452961425,-0.80802983045578,-2.433029890060425,base,Yes
2842,1,1,0.8175744761936437,-0.5435099601745605,-2.0435099601745605,base,yes
2843,1,1,0.7310585903489892,-0.7281004786491394,-1.7281005382537842,base,yes
2844,1,1,0.8354835452961425,-0.5551123023033142,-2.180112361907959,base,yes
2845,1,1,0.7981867873410141,-0.8201808333396912,-2.195180892944336,base,Yes
2846,1,1,0.7772998611746911,-0.5916509628295898,-1.8416509628295898,base,yes
2847,1,1,0.8807970904940926,-0.5947054624557495,-2.594705581665039,base,yes
2848,1,1,0.9046505402422645,-0.5779241919517517,-2.8279242515563965,base,yes
2849,1,0,0.46879062662624377,-1.3480048179626465,-1.2230048179626465,base,no
2850,1,1,0.9706877709445761,-0.5581163763999939,-4.058116436004639,base,yes
2851,1,1,0.9706877692486436,-0.6640019416809082,-4.164001941680908,base,yes
2852,1,1,0.7057850402140659,-0.64598149061203,-1.5209815502166748,base,yes
2853,1,1,0.9149009549929797,-0.5586609840393066,-2.9336609840393066,base,yes
2854,1,0,0.5,-1.2521915435791016,-1.2521915435791016,base,no
2855,1,1,0.6224593452091672,-0.7332527041435242,-1.233252763748169,base,yes
2856,1,1,0.5926665999540697,-0.906165599822998,-1.281165599822998,base,yes
2857,1,1,0.9525741241296944,-0.6863172650337219,-3.686317205429077,base,yes
2858,1,1,0.7772998611746911,-0.5922706127166748,-1.8422706127166748,base,yes
2859,1,1,0.8354835289107309,-0.5227156281471252,-2.1477155685424805,base,yes
2860,1,1,0.8807970779778823,-0.7062549591064453,-2.7062549591064453,base,yes
2861,1,1,0.8175744673038221,-0.6147993206977844,-2.1147992610931396,base,yes
2862,1,1,0.754914997895581,-0.9418780207633972,-2.066878080368042,base,Yes
2863,1,1,0.7549149868676283,-0.9088375568389893,-2.0338375568389893,base,Yes
2864,1,1,0.8519528170040853,-0.40591275691986084,-2.1559128761291504,base,yes
2865,1,1,0.9579122768904644,-0.5680359601974487,-3.6930360794067383,base,yes
2866,1,1,0.6224593312018546,-0.763134241104126,-1.263134241104126,base,yes
2867,1,1,0.7310585669110203,-0.9259393811225891,-1.9259393215179443,base,yes
2868,1,0,0.2689414096510108,-1.7456843852996826,-0.7456843256950378,base,no
2869,1,1,0.8933093946927838,-0.6821366548538208,-2.8071365356445312,base,yes
2870,1,1,0.880797071719777,-0.6481254696846008,-2.648125410079956,base,yes
2871,1,1,0.8807970842359877,-0.5992395281791687,-2.5992395877838135,base,yes
2872,1,1,0.6513548782017746,-0.8276109099388123,-1.452610969543457,base,yes
2873,1,1,0.7057850278370112,-0.7515206336975098,-1.6265206336975098,base,yes
2874,1,1,0.7981867969424066,-0.6442712545394897,-2.0192713737487793,base,yes
2875,1,1,0.8354835207180245,-0.7001334428787231,-2.3251333236694336,base,yes
2876,1,1,0.8519527944504226,-0.5086036324501038,-2.258603572845459,base,yes
2877,1,1,0.914900950352329,-0.5205989480018616,-2.895598888397217,base,yes
2878,1,0,0.16451645470385742,-2.3414466381073,-0.716446578502655,base,no
2879,1,1,0.984093612020241,-0.4451406002044678,-4.570140838623047,base,Yes
2880,1,1,0.9241418199787566,-0.7151894569396973,-3.2151894569396973,base,yes
2881,1,1,0.8807970873650403,-0.4049181044101715,-2.4049181938171387,base,yes
2882,1,0,0.10669059678604234,-2.553421974182129,-0.4284220039844513,base,no
2883,1,1,0.8670357598021706,-0.3450300693511963,-2.2200300693511963,base,yes
2884,1,1,0.7772998714925403,-0.7050711512565613,-1.955071210861206,base,yes
2885,1,1,0.8670357598021706,-0.6102979183197021,-2.485297918319702,base,yes
2886,1,1,0.9465966702001757,-0.6933658123016357,-3.5683658123016357,base,yes
2887,1,1,0.5621764862150634,-0.9929762482643127,-1.242976188659668,base,yes
2888,1,1,0.7981867777396212,-0.5326024293899536,-1.9076024293899536,base,yes
2889,1,1,0.8807970779778823,-0.6546740531921387,-2.6546740531921387,base,yes
2890,1,1,0.5621765008857981,-1.1005042791366577,-1.3505042791366577,base,yes
2891,1,1,0.9046505351008906,-0.6796307563781738,-2.929630756378174,base,yes
2892,1,1,0.9669140235181256,-0.4227413535118103,-3.797741413116455,base,Yes
2893,1,1,0.6224593171945417,-0.8582876324653625,-1.3582875728607178,base,yes
2894,1,1,0.939913356558485,-0.5875824689865112,-3.337582588195801,base,yes
2895,1,1,0.914900945711678,-0.4787241220474243,-2.8537240028381348,base,Yes
2896,1,1,0.8519528019683106,-0.4650712013244629,-2.215071201324463,base,yes
2897,1,1,0.7772998714925403,-0.5916740298271179,-1.8416740894317627,base,yes
2898,1,1,0.9241418283357702,-0.5559409856796265,-3.055941104888916,base,yes
2899,1,1,0.7772998611746911,-0.6697760820388794,-1.9197760820388794,base,yes
2900,1,1,0.7310585786300049,-0.7281150817871094,-1.7281150817871094,base,yes
2901,1,1,0.7057850278370112,-0.8058463335037231,-1.6808463335037231,base,yes
2902,1,1,0.8807970779778823,-0.5502164363861084,-2.5502164363861084,base,yes
2903,1,1,0.9324533163686646,-0.4982560873031616,-3.123256206512451,base,yes
2904,1,0,0.3208212878370535,-1.2445957660675049,-0.4945957064628601,base,no
2905,1,1,0.7057850154599563,-0.8066719174385071,-1.6816718578338623,base,yes
2906,1,0,0.22270014914315833,-1.7555382251739502,-0.505538284778595,base,no
2907,1,1,0.9241418199787566,-0.6620383262634277,-3.1620383262634277,base,Yes
2908,1,1,0.8933093946927838,-0.36270296573638916,-2.4877028465270996,base,yes
2909,1,1,0.9324533126145177,-0.6524476408958435,-3.2774477005004883,base,yes
2910,1,1,0.9046505351008906,-0.7315967082977295,-2.9815967082977295,base,Yes
2911,1,0,0.1824255415859996,-2.2208423614501953,-0.7208424806594849,base,no
2912,1,1,0.835483553488848,-0.6871970891952515,-2.312197208404541,base,yes
2913,1,1,0.9525741308615412,-0.39761295914649963,-3.397613048553467,base,yes
2914,1,1,0.9149009642742806,-0.6637815237045288,-3.0387816429138184,base,Yes
2915,1,1,0.8175744761936437,-0.8891417980194092,-2.389141798019409,base,Yes
2916,1,1,0.9669140235181256,-0.6114811301231384,-3.986481189727783,base,Yes
2917,1,1,0.679178699175393,-1.0106167793273926,-1.7606167793273926,base,Yes
2918,1,1,0.9149009642742806,-0.6111053228378296,-2.986105442047119,base,yes
2919,1,1,0.8807970779778823,-0.5949356555938721,-2.594935655593872,base,yes
2920,1,1,0.9324533107374443,-0.45920035243034363,-3.084200382232666,base,yes
2921,1,1,0.9399133531922388,-0.5384950041770935,-3.2884950637817383,base,yes
2922,1,1,0.8175744761936437,-0.442480206489563,-1.942480206489563,base,yes
2923,1,1,0.9465966671870767,-0.5776341557502747,-3.45263409614563,base,Yes
2924,1,1,0.9241418241572634,-0.7098550200462341,-3.209855079650879,base,yes
2925,1,0,0.5,-1.1164846420288086,-1.1164846420288086,base,no
2926,1,1,0.7549149868676283,-0.5810576677322388,-1.7060576677322388,base,yes
2927,1,1,0.939913356558485,-0.5910094976425171,-3.3410096168518066,base,yes
2928,1,1,0.9149009549929797,-0.7756073474884033,-3.1506073474884033,base,Yes
2929,1,1,0.9241418241572634,-0.7188567519187927,-3.2188568115234375,base,yes
2930,1,1,0.6224593452091672,-0.9423741698265076,-1.4423742294311523,base,yes
2931,1,1,0.9046505453836383,-0.35278069972991943,-2.602780818939209,base,yes
2932,1,1,0.6513548646660542,-0.6909666061401367,-1.3159666061401367,base,yes
2933,1,1,0.8670357735451834,-0.716269850730896,-2.5912699699401855,base,yes
2934,1,1,0.952574129515172,-0.6829847693443298,-3.6829848289489746,base,yes
2935,1,1,0.9324533126145177,-0.6416832804679871,-3.266683340072632,base,yes
2936,1,1,0.8807970842359877,-0.35306257009506226,-2.353062629699707,base,yes
2937,1,0,0.4378234991142019,-1.0344855785369873,-0.7844855785369873,base,no
2938,1,1,0.7772998611746911,-0.822249174118042,-2.072249174118042,base,yes
2939,1,1,0.8519527944504226,-0.7980669140815735,-2.5480668544769287,base,Yes
2940,1,1,0.8519527944504226,-0.5407899022102356,-2.290789842605591,base,yes
2941,1,1,0.7981867585368343,-0.7307659387588501,-2.1057658195495605,base,Yes
2942,1,1,0.9770226327661524,-0.54552161693573,-4.2955217361450195,base,Yes
2943,1,1,0.9241418283357702,-0.39462602138519287,-2.8946261405944824,base,yes
2944,1,1,0.7549149813536518,-0.47922852635383606,-1.6042284965515137,base,yes
2945,1,1,0.9149009596336303,-0.7854630351066589,-3.1604630947113037,base,Yes
2946,1,1,0.8175744761936437,-0.4734545946121216,-1.9734545946121216,base,yes
2947,1,1,0.9324533126145177,-0.765530526638031,-3.390530586242676,base,Yes
2948,1,0,0.3208213138121609,-1.3590044975280762,-0.609004557132721,base,no
2949,1,1,0.9046505351008906,-0.6179533004760742,-2.867953300476074,base,yes
2950,1,1,0.7981867585368343,-0.7369776964187622,-2.1119775772094727,base,yes
2951,1,1,0.9149009596336303,-0.7245420813560486,-3.0995421409606934,base,yes
2952,1,1,0.8807970842359877,-0.6544718146324158,-2.6544718742370605,base,yes
2953,1,0,0.4378234991142019,-1.1486577987670898,-0.8986577987670898,base,no
2954,1,1,0.9399133498259924,-0.5874197483062744,-3.3374197483062744,base,yes
2955,1,1,0.9324533051062237,-0.7553911805152893,-3.3803911209106445,base,Yes
2956,1,1,0.8519528170040853,-0.6264990568161011,-2.3764991760253906,base,yes
2957,1,0,0.09534947004048376,-2.7352261543273926,-0.48522621393203735,base,no
2958,1,1,0.8670357598021706,-0.42090630531311035,-2.2959063053131104,base,yes
2959,1,1,0.9324533013520764,-0.6483699083328247,-3.273369789123535,base,Yes
2960,1,1,0.8670357460591569,-0.5286256074905396,-2.40362548828125,base,yes
2961,1,1,0.798186768138228,-0.4428566098213196,-1.8178565502166748,base,yes
2962,1,1,0.8933094174159129,-0.6924747228622437,-2.817474842071533,base,yes
2963,1,1,0.754914997895581,-0.7895151972770691,-1.9145152568817139,base,yes
2964,1,1,0.9324533126145177,-0.5999020934104919,-3.2249021530151367,base,Yes
2965,1,1,0.8670357598021706,-0.5698795318603516,-2.4448795318603516,base,yes
2966,1,1,0.9241418199787566,-0.7754151821136475,-3.2754151821136475,base,Yes
2967,1,0,0.2689414330889798,-1.624232292175293,-0.6242323517799377,base,no
2968,1,0,0.16451645880021026,-1.9481654167175293,-0.3231653869152069,base,no
2969,1,1,0.9149009619539553,-0.4406081736087799,-2.815608263015747,base,yes
2970,1,1,0.7981867777396212,-0.501457691192627,-1.876457691192627,base,yes
2971,1,1,0.7772998508568416,-0.8123188614845276,-2.062318801879883,base,yes
2972,1,1,0.9046505376715775,-0.3818528354167938,-2.631852865219116,base,yes
2973,1,1,0.867035752930664,-0.5702241063117981,-2.4452240467071533,base,yes
2974,1,1,0.867035752930664,-0.6637778878211975,-2.5387778282165527,base,yes
2975,1,0,0.4378234991142019,-1.0416942834854126,-0.7916942834854126,base,no
2976,1,1,0.880797071719777,-0.47527390718460083,-2.475273847579956,base,yes
2977,1,1,0.8933094003735664,-0.6339297890663147,-2.75892972946167,base,yes
2978,1,1,0.6224593312018546,-0.8698793649673462,-1.3698793649673462,base,yes
2979,1,1,0.9525741214369554,-0.48005926609039307,-3.4800591468811035,base,Yes
2980,1,0,0.5,-0.9200645685195923,-0.9200645685195923,base,no
2981,1,1,0.9796676490318648,-0.6003655195236206,-4.47536563873291,base,yes
2982,1,0,0.24508500210441886,-1.7481229305267334,-0.6231228709220886,base,no
2983,1,1,0.9399133531922388,-0.7540130019187927,-3.5040130615234375,base,Yes
2984,1,1,0.7772998818103892,-0.9386228322982788,-2.1886229515075684,base,Yes
2985,1,1,0.8933094060543487,-0.5410435199737549,-2.666043519973755,base,yes
2986,1,1,0.9324533126145177,-0.5956339240074158,-3.2206339836120605,base,yes
2987,1,1,0.966914019704466,-0.5111823678016663,-3.8861823081970215,base,yes
2988,1,1,0.9241418199787566,-0.5492405891418457,-3.0492405891418457,base,yes
2989,1,1,0.7772998508568416,-0.6225832104682922,-1.8725831508636475,base,yes
2990,1,0,0.3208212878370535,-1.396489143371582,-0.6464890837669373,base,no
2991,1,1,0.957912274487423,-0.6803609728813171,-3.805361032485962,base,yes
2992,1,1,0.9579122672782973,-0.5210734605789185,-3.646073341369629,base,yes
2993,1,1,0.9399133498259924,-0.5412793159484863,-3.2912793159484863,base,yes
2994,1,1,0.9324533126145177,-0.5501441359519958,-3.1751441955566406,base,yes
2995,1,1,0.952574129515172,-0.627011239528656,-3.627011299133301,base,yes
2996,1,1,0.9324533088603709,-0.3854341506958008,-3.010434150695801,base,yes
2997,1,1,0.7549149868676283,-0.6902625560760498,-1.8152625560760498,base,yes
2998,1,1,0.9399133464597458,-0.7005961537361145,-3.4505960941314697,base,yes
2999,1,1,0.9149009549929797,-0.7200849056243896,-3.0950849056243896,base,yes
3000,0,1,0.5621765008857981,-0.8812849521636963,-1.1312849521636963,base,yes
3001,0,1,0.8175744761936437,-0.5750482082366943,-2.0750482082366943,base,yes
3002,0,0,0.11920291263495983,-2.2962417602539062,-0.2962416708469391,base,no
3003,0,1,0.7772998508568416,-0.5214040875434875,-1.7714040279388428,base,yes
3004,0,0,0.5,-0.9802460670471191,-0.9802460670471191,base,no
3005,0,0,0.1645164628965632,-2.4705147743225098,-0.8455147743225098,base,no
3006,0,0,0.10669058826486906,-2.465503454208374,-0.34050339460372925,base,no
3007,0,0,0.2018132174596823,-1.7187485694885254,-0.343748539686203,base,no
3008,0,1,0.8175744761936437,-0.8210949897766113,-2.3210949897766113,base,yes
3009,0,0,0.3486451217982255,-1.3649940490722656,-0.7399939894676208,base,no
3010,0,0,0.11920291263495983,-2.3910229206085205,-0.39102283120155334,base,no
3011,0,0,0.10669060530721626,-2.4250669479370117,-0.30006706714630127,base,no
3012,0,1,0.7981867777396212,-0.47274959087371826,-1.8477495908737183,base,yes
3013,0,0,0.07585817793199003,-2.757859945297241,-0.2578599154949188,base,no
3014,0,1,0.8354835452961425,-0.7826549410820007,-2.4076550006866455,base,Yes
3015,0,1,0.867035752930664,-0.6216278672218323,-2.4966278076171875,base,yes
3016,0,0,0.22270013882530884,-1.8504424095153809,-0.6004424095153809,base,no
3017,0,0,0.24508501313237172,-1.7012523412704468,-0.5762523412704468,base,no
3018,0,1,0.5621765008857981,-1.101384162902832,-1.351384162902832,base,yes
3019,0,0,0.29421497216298875,-1.5916939973831177,-0.7166939973831177,base,no
3020,0,0,0.46879062662624377,-1.1856086254119873,-1.0606086254119873,base,no
3021,0,0,0.022977364557669702,-4.0638532638549805,-0.31385302543640137,base,no
3022,0,1,0.9465966702001757,-0.5339274406433105,-3.4089274406433105,base,yes
3023,0,1,0.8519528019683106,-0.6684744358062744,-2.4184744358062744,base,yes
3024,0,1,0.6224593312018546,-0.7541919946670532,-1.2541919946670532,base,yes
3025,0,0,0.32082130082460697,-1.277608036994934,-0.5276080369949341,base,no
3026,0,1,0.7057850278370112,-0.5005800724029541,-1.375580072402954,base,yes
3027,0,0,0.37754066879814546,-1.4707832336425781,-0.9707832336425781,base,no
3028,0,0,0.3208212878370535,-1.494307041168213,-0.7443069815635681,base,no
3029,0,0,0.09534945975773548,-2.7028968334198,-0.45289677381515503,base,no
3030,0,1,0.5926665999540697,-0.7751895189285278,-1.1501895189285278,base,yes
3031,0,0,0.0600866518571309,-3.0616941452026367,-0.3116941750049591,base,no
3032,0,0,0.2689414213699951,-1.810415506362915,-0.810415506362915,base,no
3033,0,0,0.14804720930852133,-2.1241936683654785,-0.3741937577724457,base,no
3034,0,0,0.18242551936144574,-1.8767669200897217,-0.3767668902873993,base,no
3035,0,1,0.7772998611746911,-0.7137292623519897,-1.9637292623519897,base,yes
3036,0,1,0.5312093733737563,-1.1860367059707642,-1.3110367059707642,base,yes
3037,0,0,0.29421497216298875,-1.4916490316390991,-0.6166490316390991,base,no
3038,0,1,0.8933094003735664,-0.8036814332008362,-2.9286813735961914,base,Yes
3039,0,0,0.5,-1.2595796585083008,-1.2595796585083008,base,no
3040,0,0,0.24508501313237172,-1.6834148168563843,-0.5584148168563843,base,no
3041,0,0,0.1066905911052601,-2.404130458831787,-0.2791304290294647,base,no
3042,0,0,0.13296424706933604,-2.271921157836914,-0.39692121744155884,base,no
3043,0,1,0.7549149868676283,-0.7329559326171875,-1.8579559326171875,base,yes
3044,0,1,0.8670357563664174,-0.36937645077705383,-2.2443764209747314,base,yes
3045,0,0,0.07585817584273653,-2.7803938388824463,-0.2803937792778015,base,no
3046,0,0,0.2689414330889798,-1.6242797374725342,-0.624279797077179,base,no
3047,0,0,0.18242550602671442,-2.0535335540771484,-0.5535334348678589,base,no
3048,0,1,0.8519528170040853,-0.7890938520431519,-2.5390939712524414,base,yes
3049,0,1,0.7057850278370112,-0.5195885896682739,-1.394588589668274,base,yes
3050,0,1,0.8175744584140004,-0.7651830911636353,-2.2651829719543457,base,yes
3051,0,0,0.2942149845400438,-1.526475429534912,-0.6514754891395569,base,no
3052,0,1,0.6224593452091672,-0.7472216486930847,-1.2472217082977295,base,yes
3053,0,0,0.2018132270610754,-1.8000174760818481,-0.42501750588417053,base,no
3054,0,1,0.9241418199787566,-0.6089537143707275,-3.1089537143707275,base,yes
3055,0,1,0.9579122720843811,-0.4335930347442627,-3.5585930347442627,base,yes
3056,0,0,0.09534947261117097,-2.5388176441192627,-0.28881773352622986,base,no
3057,0,1,0.6224593171945417,-0.7634723782539368,-1.263472318649292,base,yes
3058,0,0,0.5,-0.9188361167907715,-0.9188361167907715,base,no
3059,0,0,0.13296422989056964,-2.308262825012207,-0.43326273560523987,base,no
3060,0,1,0.679178699175393,-0.6177186965942383,-1.3677186965942383,base,yes
3061,0,0,0.18242552825126704,-1.8842365741729736,-0.384236603975296,base,no
3062,0,0,0.11920291263495983,-2.3714683055877686,-0.3714682161808014,base,no
3063,0,1,0.7310585786300049,-0.6434776782989502,-1.6434776782989502,base,yes
3064,0,0,0.22270014398423357,-1.663378119468689,-0.41337814927101135,base,no
3065,0,1,0.8175744850834649,-0.7575947642326355,-2.2575948238372803,base,yes
3066,0,0,0.1480471980316895,-2.2740120887756348,-0.5240120887756348,base,no
3067,0,1,0.5621765008857981,-1.1901094913482666,-1.4401094913482666,base,Yes
3068,0,1,0.5312093733737563,-1.032518744468689,-1.157518744468689,base,yes
3069,0,1,0.5926665999540697,-0.9447104930877686,-1.3197104930877686,base,yes
3070,0,1,0.9706877658567789,-0.6619993448257446,-4.161999225616455,base,Yes
3071,0,1,0.9324533051062237,-0.7618315815925598,-3.386831521987915,base,Yes
3072,0,0,0.022977371248114782,-4.0378804206848145,-0.28788048028945923,base,no
3073,0,1,0.6791787121629466,-0.6455745100975037,-1.3955745697021484,base,yes
3074,0,0,0.09534945975773548,-2.8819684982299805,-0.6319684386253357,base,no
3075,0,1,0.5621765008857981,-1.1601642370224,-1.4101642370224,base,Yes
3076,0,0,0.29421497216298875,-1.6127972602844238,-0.7377972602844238,base,no
3077,0,0,0.29421497216298875,-1.7728211879730225,-0.8978211879730225,base,no
3078,0,1,0.5621764862150634,-0.9527185559272766,-1.2027184963226318,base,yes
3079,0,1,0.798186768138228,-0.5976939797401428,-1.972693920135498,base,yes
3080,0,0,0.1824255415859996,-2.1764588356018066,-0.6764589548110962,base,no
3081,0,0,0.46879061178313897,-1.0532963275909424,-0.9282962679862976,base,no
3082,0,0,0.07585817166422973,-2.9188437461853027,-0.4188436269760132,base,no
3083,0,1,0.5926665999540697,-0.7482432126998901,-1.1232432126998901,base,yes
3084,0,0,0.46879062662624377,-1.298519253730774,-1.173519253730774,base,no
3085,0,1,0.5926665855647394,-0.8004372715950012,-1.1754372119903564,base,yes
3086,0,0,0.022977368404675395,-3.868556022644043,-0.1185559555888176,base,no
3087,0,0,0.5,-1.1007118225097656,-1.1007118225097656,base,no
3088,0,0,0.2942149845400438,-1.5764133930206299,-0.7014134526252747,base,no
3089,0,1,0.7310585786300049,-0.8083685636520386,-1.8083685636520386,base,yes
3090,0,0,0.2689414330889798,-1.6447837352752686,-0.6447837948799133,base,no
3091,0,0,0.16451645880021026,-1.998125433921814,-0.3731254041194916,base,no
3092,0,0,0.4073334000459302,-1.1428143978118896,-0.7678143978118896,base,no
3093,0,0,0.13296424019782924,-2.5803394317626953,-0.7053394317626953,base,no
3094,0,1,0.9241418241572634,-0.6620847582817078,-3.1620848178863525,base,yes
3095,0,1,0.5312093733737563,-1.0874979496002197,-1.2124979496002197,base,yes
3096,0,1,0.754914997895581,-0.8956231474876404,-2.020623207092285,base,Yes
3097,0,1,0.679178699175393,-0.6237003803253174,-1.3737003803253174,base,yes
3098,0,0,0.05340332678672523,-3.3734633922576904,-0.49846333265304565,base,no
3099,0,1,0.7310585786300049,-0.5275163650512695,-1.5275163650512695,base,yes
3100,0,0,0.007577239474994629,-5.273519515991211,-0.39851927757263184,base,no
3101,0,1,0.9241418199787566,-0.5520577430725098,-3.0520577430725098,base,yes
3102,0,1,0.8519528057272543,-0.4126693904399872,-2.1626694202423096,base,yes
3103,0,1,0.6513548646660542,-1.0042495727539062,-1.6292495727539062,base,yes
3104,0,0,0.22270013882530884,-1.7142016887664795,-0.4642016887664795,base,no
3105,0,0,0.0373268852023206,-3.4624903202056885,-0.2124902606010437,base,no
3106,0,1,0.7772998714925403,-0.5534715056419373,-1.803471565246582,base,yes
3107,0,1,0.798186768138228,-0.6803444027900696,-2.055344343185425,base,yes
3108,0,0,0.3486451488696663,-1.3642172813415527,-0.7392173409461975,base,no
3109,0,1,0.817574471748733,-0.47356775403022766,-1.9735677242279053,base,yes
3110,0,0,0.13296425050508953,-2.251408576965332,-0.3764086663722992,base,no
3111,0,0,0.3775406547908327,-1.4490339756011963,-0.9490339159965515,base,no
3112,0,1,0.6224593312018546,-0.7073725461959839,-1.2073725461959839,base,yes
3113,0,1,0.8933094060543487,-0.49875593185424805,-2.623755931854248,base,yes
3114,0,1,0.9465966762263737,-0.6869992017745972,-3.5619993209838867,base,yes
3115,0,0,0.3775406828054583,-1.2307929992675781,-0.7307930588722229,base,no
3116,0,0,0.06008665438181589,-2.9549341201782227,-0.20493419468402863,base,no
3117,0,1,0.7310585786300049,-0.7111279964447021,-1.7111279964447021,base,yes
3118,0,0,0.07585818106587033,-2.692126989364624,-0.19212700426578522,base,no
3119,0,0,0.20181323186177208,-2.129060745239258,-0.7540608048439026,base,no
3120,0,1,0.7549149868676283,-0.6825627088546753,-1.8075627088546753,base,yes
3121,0,0,0.2689414213699951,-1.6608306169509888,-0.6608306169509888,base,no
3122,0,1,0.6513548782017746,-0.8795918822288513,-1.504591941833496,base,yes
3123,0,0,0.4378234991142019,-1.0272266864776611,-0.7772266864776611,base,no
3124,0,0,0.009708474475791274,-4.893589019775391,-0.2685888111591339,base,no
3125,0,0,0.06008665522337757,-3.146531581878662,-0.3965316712856293,base,no
3126,0,0,0.18242550602671442,-2.0149149894714355,-0.514914870262146,base,no
3127,0,0,0.3775406828054583,-1.2160418033599854,-0.7160418629646301,base,no
3128,0,0,0.20181320305759334,-2.0485825538635254,-0.6735824346542358,base,no
3129,0,0,0.22270014914315833,-1.9287545680999756,-0.6787546277046204,base,no
3130,0,0,0.04208772791561884,-3.6888997554779053,-0.5638997554779053,base,no
3131,0,1,0.5621765008857981,-0.9547293186187744,-1.2047293186187744,base,yes
3132,0,0,0.13296424019782924,-2.1773769855499268,-0.30237698554992676,base,no
3133,0,0,0.46879062662624377,-1.3436028957366943,-1.2186028957366943,base,no
3134,0,0,0.34864513533394575,-1.5277525186538696,-0.9027525186538696,base,No
3135,0,1,0.9046505351008906,-0.4942319393157959,-2.744231939315796,base,yes
3136,0,0,0.06008664344151498,-3.0084738731384277,-0.2584737539291382,base,no
3137,0,0,0.4073334000459302,-1.331133484840393,-0.9561334848403931,base,no
3138,0,0,0.02931222905542399,-3.721916913986206,-0.22191685438156128,base,no
3139,0,0,0.022977367233847502,-4.034007549285889,-0.2840074300765991,base,no
3140,0,1,0.6513548782017746,-0.7527067065238953,-1.37770676612854,base,yes
3141,0,1,0.6224593312018546,-0.7270150184631348,-1.2270150184631348,base,yes
3142,0,1,0.6224593452091672,-0.6296927332878113,-1.129692792892456,base,yes
3143,0,1,0.8933094174159129,-0.5910805463790894,-2.716080665588379,base,yes
3144,0,1,0.5621765008857981,-1.0349297523498535,-1.2849297523498535,base,yes
3145,0,0,0.32082130082460697,-1.761932134628296,-1.011932134628296,base,no
3146,0,1,0.7057850402140659,-0.6218966841697693,-1.496896743774414,base,yes
3147,0,0,0.1824255415859996,-2.0696897506713867,-0.5696898698806763,base,No
3148,0,1,0.5312093733737563,-1.0295183658599854,-1.1545183658599854,base,yes
3149,0,1,0.8175744761936437,-0.4775577783584595,-1.9775577783584595,base,yes
3150,0,0,0.37754066879814546,-1.1921709775924683,-0.6921709775924683,base,no
3151,0,0,0.14804721306746543,-2.068849563598633,-0.31884968280792236,base,no
3152,0,1,0.6513548646660542,-0.9531809091567993,-1.5781809091567993,base,yes
3153,0,0,0.04742587856304458,-3.6726789474487305,-0.67267906665802,base,no
3154,0,0,0.5,-1.1274040937423706,-1.1274040937423706,base,no
3155,0,0,0.18242551491653522,-1.8489153385162354,-0.3489152789115906,base,no
3156,0,0,0.3208212878370535,-1.297469139099121,-0.5474690794944763,base,no
3157,0,0,0.3486451217982255,-1.305410623550415,-0.6804105639457703,base,no
3158,0,1,0.8933093946927838,-0.7924052476882935,-2.917405128479004,base,Yes
3159,0,1,0.5926665999540697,-0.7931317090988159,-1.168131709098816,base,yes
3160,0,0,0.06008665354025422,-3.152012586593628,-0.4020126461982727,base,no
3161,0,1,0.851952809486198,-0.44166654348373413,-2.191666603088379,base,yes
3162,0,0,0.3208213138121609,-1.4561266899108887,-0.7061267495155334,base,no
3163,0,0,0.07585817793199003,-2.828756809234619,-0.32875677943229675,base,no
3164,0,1,0.8670357598021706,-0.5195648670196533,-2.3945648670196533,base,yes
3165,0,0,0.18242552825126704,-1.852104663848877,-0.35210469365119934,base,no
3166,0,1,0.8354835289107309,-0.6923113465309143,-2.3173112869262695,base,yes
3167,0,0,0.2689414096510108,-1.5156846046447754,-0.5156845450401306,base,no
3168,0,0,0.3208213138121609,-1.6192011833190918,-0.8692012429237366,base,no
3169,0,0,0.11920293140927592,-2.41353440284729,-0.4135344922542572,base,no
3170,0,1,0.6513548646660542,-0.9657653570175171,-1.590765357017517,base,yes
3171,0,1,0.8175744939732856,-0.8209580183029175,-2.320958137512207,base,yes
3172,0,1,0.6513548646660542,-0.7797768115997314,-1.4047768115997314,base,yes
3173,0,1,0.7057850154599563,-0.7124238610267639,-1.5874238014221191,base,yes
3174,0,1,0.5926665999540697,-0.6787163019180298,-1.0537163019180298,base,yes
3175,0,1,0.8933094032139576,-0.2581653892993927,-2.3831653594970703,base,yes
3176,0,0,0.3775406547908327,-1.3243577480316162,-0.8243576884269714,base,no
3177,0,0,0.1480471980316895,-2.154505968093872,-0.40450596809387207,base,no
3178,0,0,0.1066905825840872,-2.4209208488464355,-0.295920729637146,base,no
3179,0,0,0.4378234991142019,-0.9528383016586304,-0.7028383016586304,base,no
3180,0,1,0.7772998714925403,-0.8676111102104187,-2.1176111698150635,base,yes
3181,0,0,0.46879062662624377,-1.1855976581573486,-1.0605976581573486,base,no
3182,0,1,0.5621765155565327,-0.7756988406181335,-1.0256989002227783,base,yes
3183,0,1,0.6224593452091672,-0.6562933325767517,-1.1562933921813965,base,yes
3184,0,1,0.6513548646660542,-0.9159494638442993,-1.5409494638442993,base,yes
3185,0,1,0.9046505299595163,-0.7908254265785217,-3.040825366973877,base,Yes
3186,0,0,0.46879062662624377,-1.373771071434021,-1.248771071434021,base,no
3187,0,0,0.29421497216298875,-1.3968985080718994,-0.5218985080718994,base,no
3188,0,0,0.5,-0.9349839687347412,-0.9349839687347412,base,no
3189,0,1,0.851952809486198,-0.6260620951652527,-2.3760621547698975,base,yes
3190,0,1,0.7057850278370112,-0.5619503259658813,-1.4369503259658813,base,yes
3191,0,1,0.754914997895581,-0.7526080012321472,-1.877608060836792,base,yes
3192,0,1,0.9399133515091156,-0.38229629397392273,-3.132296323776245,base,yes
3193,0,0,0.10669058826486906,-2.521371841430664,-0.3963717818260193,base,no
3194,0,0,0.1192029188930649,-2.40592360496521,-0.4059235751628876,base,no
3195,0,1,0.8807970779778823,-0.5543668270111084,-2.5543668270111084,base,yes
3196,0,1,0.5312093733737563,-0.8755806684494019,-1.0005806684494019,base,yes
3197,0,0,0.1645164792819756,-2.3250646591186523,-0.7000647783279419,base,no
3198,0,0,0.4378235137849365,-1.207789421081543,-0.9577894806861877,base,no
3199,0,0,0.37754066879814546,-1.5283228158950806,-1.0283228158950806,base,no
3200,0,0,0.07585817793199003,-2.7759385108947754,-0.275938481092453,base,no
3201,0,1,0.9241418158002492,-0.46276623010635376,-2.962766170501709,base,yes
3202,0,0,0.14804719051380197,-2.0998904705047607,-0.34989041090011597,base,no
3203,0,1,0.8354835289107309,-0.5999274849891663,-2.2249274253845215,base,yes
3204,0,0,0.2018132174596823,-1.779388666152954,-0.4043886363506317,base,no
3205,0,1,0.8519527869325346,-0.8585096597671509,-2.6085095405578613,base,Yes
3206,0,0,0.32082130082460697,-1.3965857028961182,-0.6465857028961182,base,no
3207,0,1,0.6513548646660542,-0.7899110317230225,-1.4149110317230225,base,yes
3208,0,0,0.24508502416032488,-1.7344048023223877,-0.6094048619270325,base,no
3209,0,0,0.3208212878370535,-1.3833091259002686,-0.6333090662956238,base,no
3210,0,1,0.6224593312018546,-0.7955285310745239,-1.295528531074524,base,yes
3211,0,1,0.5312093733737563,-0.8685944676399231,-0.9935944676399231,base,yes
3212,0,1,0.9241418241572634,-0.6090578436851501,-3.109057903289795,base,yes
3213,0,0,0.2689414213699951,-1.5038275718688965,-0.5038275718688965,base,no
3214,0,0,0.24508501313237172,-1.9507973194122314,-0.8257973194122314,base,no
3215,0,0,0.34864513533394575,-1.6161344051361084,-0.9911344051361084,base,No
3216,0,0,0.4378234991142019,-1.4119089841842651,-1.1619089841842651,base,no
3217,0,1,0.6791786861878392,-0.6508274674415588,-1.400827407836914,base,yes
3218,0,0,0.1480472055495773,-2.1579887866973877,-0.40798884630203247,base,no
3219,0,1,0.9046505351008906,-0.7308127880096436,-2.9808127880096436,base,yes
3220,0,0,0.4378234991142019,-1.2320560216903687,-0.9820560216903687,base,no
3221,0,0,0.06754669677084987,-3.0026910305023193,-0.3776911199092865,base,no
3222,0,0,0.16451645470385742,-2.418175458908081,-0.7931753993034363,base,no
3223,0,0,0.34864513533394575,-1.399283528327942,-0.7742835283279419,base,no
3224,0,1,0.8807970779778823,-0.5461773872375488,-2.546177387237549,base,yes
3225,0,0,0.07585818211049715,-2.8846609592437744,-0.3846609890460968,base,no
3226,0,0,0.07585818628900447,-2.857943296432495,-0.3579433858394623,base,no
3227,0,1,0.8933094145755219,-0.49952641129493713,-2.6245265007019043,base,yes
3228,0,1,0.7981867777396212,-0.73683762550354,-2.11183762550354,base,yes
3229,0,0,0.16451645470385742,-2.1728286743164062,-0.5478286147117615,base,no
3230,0,1,0.8519528019683106,-0.6745696067810059,-2.424569606781006,base,yes
3231,0,1,0.7057850278370112,-0.6380324363708496,-1.5130324363708496,base,yes
3232,0,0,0.06754668363133542,-3.0641517639160156,-0.4391516447067261,base,no
3233,0,0,0.5,-0.8796409368515015,-0.8796409368515015,base,no
3234,0,0,0.32082130082460697,-1.575150728225708,-0.825150728225708,base,no
3235,0,0,0.46879062662624377,-1.0311038494110107,-0.9061038494110107,base,no
3236,0,1,0.7772998508568416,-0.5041969418525696,-1.7541968822479248,base,yes
3237,0,1,0.6513548646660542,-0.9966179132461548,-1.6216179132461548,base,yes
3238,0,1,0.5312093733737563,-0.8440377116203308,-0.9690377116203308,base,yes
3239,0,0,0.1480471980316895,-2.263184070587158,-0.5131840705871582,base,no
3240,0,0,0.5,-1.0143237113952637,-1.0143237113952637,base,no
3241,0,0,0.3486451217982255,-1.2914860248565674,-0.6664859652519226,base,no
3242,0,0,0.20181323186177208,-2.131702423095703,-0.7567024827003479,base,no
3243,0,0,0.1480471980316895,-2.476393699645996,-0.7263936996459961,base,no
3244,0,1,0.7310585669110203,-0.8202250599861145,-1.8202250003814697,base,yes
3245,0,1,0.5312093733737563,-0.9920476675033569,-1.117047667503357,base,yes
3246,0,0,0.5,-0.9245558977127075,-0.9245558977127075,base,no
3247,0,0,0.34864513533394575,-1.4974476099014282,-0.8724476099014282,base,no
3248,0,0,0.46879062662624377,-1.2215014696121216,-1.0965014696121216,base,no
3249,0,1,0.5926665999540697,-0.8670473098754883,-1.2420473098754883,base,yes
3250,0,0,0.4073334000459302,-1.1335413455963135,-0.7585413455963135,base,no
3251,0,0,0.5,-0.9619945883750916,-0.9619945883750916,base,no
3252,0,0,0.04208772431105632,-3.4993250370025635,-0.3743249475955963,base,no
3253,0,1,0.6224593312018546,-0.7338788509368896,-1.2338788509368896,base,yes
3254,0,1,0.8807970654616711,-0.30784857273101807,-2.3078484535217285,base,yes
3255,0,0,0.010986940363721243,-4.8643951416015625,-0.3643949329853058,base,no
3256,0,0,0.20181321265898594,-2.0656845569610596,-0.6906844973564148,base,no
3257,0,0,0.2689414213699951,-1.950071096420288,-0.9500710964202881,base,no
3258,0,0,0.08509904036636974,-2.5963783264160156,-0.22137826681137085,base,no
3259,0,0,0.008577487187766488,-5.076369762420654,-0.326369971036911,base,no
3260,0,1,0.6513548646660542,-1.018644094467163,-1.643644094467163,base,yes
3261,0,0,0.24508500210441886,-1.912524700164795,-0.7875246405601501,base,no
3262,0,0,0.06754669301670263,-2.796891689300537,-0.1718917191028595,base,no
3263,0,0,0.3208213138121609,-1.3449227809906006,-0.5949228405952454,base,no
3264,0,0,0.2689414330889798,-1.5361933708190918,-0.5361934304237366,base,no
3265,0,0,0.22270014914315833,-1.8744544982910156,-0.6244545578956604,base,no
3266,0,0,0.5,-0.8323109149932861,-0.8323109149932861,base,no
3267,0,0,0.22270013882530884,-1.9719250202178955,-0.7219250202178955,base,no
3268,0,0,0.11920292515117029,-2.413551092147827,-0.41355112195014954,base,no
3269,0,1,0.5621765008857981,-0.7900089025497437,-1.0400089025497437,base,yes
3270,0,0,0.29421496597446145,-1.3546433448791504,-0.479643315076828,base,no
3271,0,1,0.893309411735131,-0.46101516485214233,-2.586015224456787,base,yes
3272,0,0,0.22270014914315833,-1.875082015991211,-0.6250820755958557,base,no
3273,0,1,0.8175744673038221,-0.5755763649940491,-2.0755763053894043,base,yes
3274,0,1,0.7310585669110203,-0.7195315957069397,-1.719531536102295,base,yes
3275,0,0,0.24508502416032488,-1.682662010192871,-0.5576620697975159,base,no
3276,0,1,0.5621765008857981,-0.7484487295150757,-0.9984487295150757,base,yes
3277,0,1,0.893309411735131,-0.6926705241203308,-2.8176705837249756,base,Yes
3278,0,0,0.008577487441202876,-4.965862274169922,-0.21586251258850098,base,no
3279,0,1,0.8519527906914787,-0.46894964575767517,-2.218949556350708,base,yes
3280,0,0,0.03732688627322502,-3.5844242572784424,-0.33442422747612,base,no
3281,0,0,0.01590639077880068,-4.617392539978027,-0.49239248037338257,base,no
3282,0,0,0.11920291576401235,-2.5511436462402344,-0.5511435866355896,base,no
3283,0,0,0.05340332829327471,-3.2360177040100098,-0.3610176742076874,base,no
3284,0,1,0.5926665999540697,-0.8906086683273315,-1.2656086683273315,base,yes
3285,0,0,0.11920293140927592,-2.384720802307129,-0.38472089171409607,base,no
3286,0,1,0.9046505299595163,-0.6225700974464417,-2.872570037841797,base,yes
3287,0,0,0.005220126622117065,-5.685306072235107,-0.43530625104904175,base,no
3288,0,0,0.5,-1.102393627166748,-1.102393627166748,base,no
3289,0,0,0.2689414272294874,-1.4409871101379395,-0.44098713994026184,base,no
3290,0,1,0.8807970654616711,-0.5954662561416626,-2.595466136932373,base,yes
3291,0,0,0.4073334000459302,-1.4494733810424805,-1.0744733810424805,base,no
3292,0,0,0.5,-0.9916703701019287,-0.9916703701019287,base,no
3293,0,0,0.04742587452393617,-3.3485634326934814,-0.34856346249580383,base,no
3294,0,0,0.017986211804455476,-4.205532073974609,-0.20553217828273773,base,no
3295,0,1,0.9324533032291502,-0.4590524137020111,-3.084052324295044,base,yes
3296,0,0,0.0675466911396291,-3.0696685314178467,-0.4446685314178467,base,no
3297,0,0,0.4378235137849365,-1.120089054107666,-0.8700891137123108,base,no
3298,0,1,0.8670357598021706,-0.4556858539581299,-2.33068585395813,base,yes
3299,0,0,0.14804720179063335,-2.2136454582214355,-0.46364548802375793,base,no
3300,0,0,0.24508501313237172,-1.7123651504516602,-0.5873651504516602,base,no
3301,0,1,0.8175744939732856,-0.6201885938644409,-2.1201887130737305,base,yes
3302,0,1,0.8175744761936437,-0.7130053043365479,-2.213005304336548,base,yes
3303,0,0,0.13296424019782924,-2.349769353866577,-0.47476935386657715,base,no
3304,0,0,0.46879062662624377,-1.1058634519577026,-0.9808634519577026,base,no
3305,0,1,0.8175744673038221,-0.5807965397834778,-2.080796480178833,base,yes
3306,0,0,0.05340332678672523,-3.6112096309661865,-0.7362095713615417,base,no
3307,0,0,0.40733341443526055,-1.0406262874603271,-0.6656263470649719,base,no
3308,0,0,0.08509904036636974,-2.7195687294006348,-0.34456866979599,base,no
3309,0,0,0.32082130082460697,-1.5135694742202759,-0.7635694742202759,base,no
3310,0,1,0.6513548646660542,-0.9508590698242188,-1.5758590698242188,base,yes
3311,0,1,0.8670357598021706,-0.5296664237976074,-2.4046664237976074,base,yes
3312,0,1,0.880797071719777,-0.5506373047828674,-2.5506372451782227,base,yes
3313,0,1,0.8519527869325346,-0.5403681993484497,-2.29036808013916,base,yes
3314,0,0,0.1480471980316895,-2.3135359287261963,-0.5635359287261963,base,no
3315,0,1,0.8175744850834649,-0.509882390499115,-2.0098824501037598,base,yes
3316,0,0,0.1329642436335826,-2.2463245391845703,-0.3713245689868927,base,no
3317,0,0,0.1645164628965632,-2.0820226669311523,-0.45702266693115234,base,no
3318,0,0,0.047425867792089564,-3.6730103492736816,-0.6730102300643921,base,No
3319,0,0,0.18242552825126704,-1.9224530458450317,-0.4224530756473541,base,no
3320,0,0,0.14804720179063335,-2.1478664875030518,-0.39786651730537415,base,no
3321,0,1,0.6513548646660542,-1.0011411905288696,-1.6261411905288696,base,Yes
3322,0,0,0.20181324146316565,-2.085789203643799,-0.7107893228530884,base,no
3323,0,0,0.1329642333263228,-2.3680062294006348,-0.49300616979599,base,no
3324,0,0,0.24508501313237172,-1.8675272464752197,-0.7425272464752197,base,no
3325,0,0,0.46879062662624377,-0.9863434433937073,-0.8613434433937073,base,no
3326,0,0,0.07585818419975078,-2.7582170963287354,-0.2582171559333801,base,no
3327,0,0,0.11920292202211755,-2.189164876937866,-0.1891648769378662,base,no
3328,0,1,0.9626731126558706,-0.5648190975189209,-3.814819097518921,base,Yes
3329,0,0,0.14804720930852133,-2.2058780193328857,-0.4558781087398529,base,no
3330,0,0,0.09534947518185825,-2.7340445518493652,-0.4840446710586548,base,no
3331,0,0,0.3208212878370535,-1.646956443786621,-0.8969563841819763,base,no
3332,0,0,0.4073334000459302,-1.2524827718734741,-0.8774827718734741,base,no
3333,0,0,0.11920293140927592,-2.3639090061187744,-0.3639090955257416,base,no
3334,0,0,0.2942149597859341,-1.3553237915039062,-0.4803237318992615,base,no
3335,0,0,0.3775406547908327,-1.3058345317840576,-0.8058344721794128,base,no
3336,0,0,0.06008665522337757,-3.183075428009033,-0.43307551741600037,base,no
3337,0,1,0.7310585786300049,-0.8931891918182373,-1.8931891918182373,base,Yes
3338,0,0,0.053403325280175794,-3.125505208969116,-0.25050511956214905,base,no
3339,0,0,0.4378234991142019,-1.2080775499343872,-0.9580775499343872,base,no
3340,0,0,0.4378234844434674,-1.0242958068847656,-0.7742957472801208,base,no
3341,0,0,0.1480472055495773,-2.1481246948242188,-0.3981247544288635,base,no
3342,0,0,0.1480472055495773,-2.4777607917785645,-0.7277608513832092,base,no
3343,0,0,0.2689414213699951,-1.5398567914962769,-0.5398567914962769,base,no
3344,0,0,0.22270013882530884,-1.692797303199768,-0.44279730319976807,base,no
3345,0,1,0.754914975839675,-0.6131106019020081,-1.7381105422973633,base,yes
3346,0,1,0.5926665999540697,-0.9042696952819824,-1.2792696952819824,base,yes
3347,0,0,0.22270013882530884,-1.851179838180542,-0.601179838180542,base,no
3348,0,1,0.5926665999540697,-0.811797022819519,-1.186797022819519,base,yes
3349,0,0,0.04742586913845881,-3.451084852218628,-0.45108476281166077,base,no
3350,0,0,0.07585817584273653,-2.9246625900268555,-0.4246625304222107,base,no
3351,0,0,0.4378234991142019,-1.0653269290924072,-0.8153269290924072,base,no
3352,0,0,0.053403329799824234,-3.2321648597717285,-0.3571648597717285,base,no
3353,0,0,0.08509904036636974,-2.94569993019104,-0.5706998705863953,base,no
3354,0,0,0.14804721306746543,-2.205427646636963,-0.45542776584625244,base,no
3355,0,0,0.08509904500702024,-2.6954572200775146,-0.32045722007751465,base,no
3356,0,1,0.7310585786300049,-0.636001467704773,-1.636001467704773,base,yes
3357,0,1,0.5312093733737563,-0.8951936960220337,-1.0201936960220337,base,yes
3358,0,0,0.02931223287127187,-3.7209365367889404,-0.2209366112947464,base,no
3359,0,0,0.07585818837825822,-3.1013903617858887,-0.6013904809951782,base,no
3360,0,0,0.20181321265898594,-2.049009323120117,-0.6740092635154724,base,No
3361,0,0,0.07585817584273653,-3.2574102878570557,-0.7574102282524109,base,no
3362,0,0,0.06008665606493926,-2.9910788536071777,-0.2410789579153061,base,no
3363,0,1,0.8670357598021706,-0.664081335067749,-2.539081335067749,base,yes
3364,0,0,0.14804719051380197,-2.175140142440796,-0.4251400828361511,base,no
3365,0,1,0.6791786861878392,-0.7784443497657776,-1.5284442901611328,base,yes
3366,0,1,0.8175744850834649,-0.5808772444725037,-2.0808773040771484,base,yes
3367,0,0,0.29421497216298875,-1.6505205631256104,-0.7755205631256104,base,no
3368,0,0,0.0953494648991095,-2.812291383743286,-0.5622913837432861,base,no
3369,0,0,0.09534945590170514,-2.4841785430908203,-0.23417843878269196,base,no
3370,0,0,0.34864513533394575,-1.2805798053741455,-0.6555798053741455,base,no
3371,0,1,0.9046505351008906,-0.5320887565612793,-2.7820887565612793,base,yes
3372,0,0,0.029312229903390143,-3.9652669429779053,-0.4652669131755829,base,no
3373,0,0,0.07585818211049715,-2.803459405899048,-0.30345943570137024,base,no
3374,0,1,0.5312093733737563,-0.9340870380401611,-1.0590870380401611,base,yes
3375,0,0,0.20181321265898594,-1.7343759536743164,-0.35937589406967163,base,no
3376,0,1,0.835483553488848,-0.6002181768417358,-2.2252182960510254,base,yes
3377,0,1,0.5926665855647394,-0.703663170337677,-1.0786631107330322,base,yes
3378,0,1,0.6224593312018546,-0.831355094909668,-1.331355094909668,base,yes
3379,0,0,0.2689414330889798,-1.6245636940002441,-0.6245637536048889,base,no
3380,0,0,0.22270012850745968,-1.7313511371612549,-0.4813510775566101,base,no
3381,0,0,0.5,-0.9335693717002869,-0.9335693717002869,base,no
3382,0,1,0.8175744761936437,-0.8399832248687744,-2.3399832248687744,base,Yes
3383,0,0,0.29421497216298875,-1.5754631757736206,-0.7004631757736206,base,no
3384,0,0,0.46879064146934857,-1.0789012908935547,-0.9539013504981995,base,no
3385,0,1,0.6224593452091672,-0.6430580019950867,-1.1430580615997314,base,yes
3386,0,1,0.798186768138228,-0.5007548928260803,-1.8757548332214355,base,yes
3387,0,1,0.6513548782017746,-0.6579334139823914,-1.2829334735870361,base,yes
3388,0,0,0.014063627869714051,-4.618584632873535,-0.36858469247817993,base,no
3389,0,0,0.4378234844434674,-1.0421373844146729,-0.7921373248100281,base,no
3390,0,0,0.20181323186177208,-2.096679925918579,-0.7216799855232239,base,no
3391,0,0,0.06008665017400762,-3.2951972484588623,-0.5451972484588623,base,no
3392,0,1,0.8933094174159129,-0.802871584892273,-2.9278717041015625,base,Yes
3393,0,1,0.7310585903489892,-0.6877133250236511,-1.687713384628296,base,yes
3394,0,0,0.0373268852023206,-3.770733118057251,-0.5207330584526062,base,no
3395,0,1,0.8519527869325346,-0.7891222238540649,-2.5391221046447754,base,yes
3396,0,0,0.3208212878370535,-1.3240618705749512,-0.5740618109703064,base,no
3397,0,0,0.0474258704848281,-3.382910966873169,-0.38291090726852417,base,no
3398,0,1,0.9046505402422645,-0.38220542669296265,-2.6322054862976074,base,yes
3399,0,0,0.05340333130637379,-3.298638105392456,-0.42363813519477844,base,no
3400,0,1,0.7772998611746911,-0.5519301891326904,-1.8019301891326904,base,yes
3401,0,0,0.0953494648991095,-2.7038774490356445,-0.45387744903564453,base,no
3402,0,0,0.1480472055495773,-2.5684738159179688,-0.8184738755226135,base,no
3403,0,0,0.11920293140927592,-2.3165955543518066,-0.3165956437587738,base,no
3404,0,0,0.06754669395523943,-2.8539023399353027,-0.22890238463878632,base,no
3405,0,0,0.5,-1.2716467380523682,-1.2716467380523682,base,no
3406,0,1,0.7057850402140659,-0.7136735320091248,-1.5886735916137695,base,yes
3407,0,0,0.09534947261117097,-2.642359972000122,-0.39236006140708923,base,no
3408,0,0,0.29421497216298875,-1.4170830249786377,-0.5420830249786377,base,no
3409,0,1,0.6513548646660542,-1.051277756690979,-1.676277756690979,base,Yes
3410,0,1,0.7981867873410141,-0.6447257399559021,-2.019725799560547,base,yes
3411,0,0,0.06754669301670263,-3.007490634918213,-0.3824906647205353,base,no
3412,0,0,0.10669058826486906,-2.7662155628204346,-0.6412155032157898,base,no
3413,0,0,0.06754668550840877,-2.9426538944244385,-0.3176538050174713,base,no
3414,0,1,0.5621765008857981,-0.8142118453979492,-1.0642118453979492,base,yes
3415,0,0,0.029312230751356316,-3.8901777267456055,-0.39017772674560547,base,no
3416,0,0,0.022977371248114782,-4.065581321716309,-0.31558138132095337,base,no
3417,0,1,0.7981867777396212,-0.5558700561523438,-1.9308700561523438,base,yes
3418,0,0,0.4378235137849365,-1.1351139545440674,-0.8851140141487122,base,no
3419,0,0,0.10669059678604234,-2.3873679637908936,-0.26236799359321594,base,no
3420,0,0,0.4073334000459302,-1.3757905960083008,-1.0007905960083008,base,no
3421,0,1,0.6513548646660542,-0.9276461601257324,-1.5526461601257324,base,yes
3422,0,1,0.6513548511303336,-0.9288912415504456,-1.5538911819458008,base,yes
3423,0,0,0.24508502416032488,-1.850938081741333,-0.7259381413459778,base,no
3424,0,1,0.5312093733737563,-1.0885627269744873,-1.2135627269744873,base,yes
3425,0,0,0.060086646807761206,-3.015545606613159,-0.2655455470085144,base,no
3426,0,1,0.9149009480320036,-0.44021186232566833,-2.815211772918701,base,yes
3427,0,1,0.8807970779778823,-0.5500197410583496,-2.5500197410583496,base,yes
3428,0,0,0.05340333582602272,-3.3038530349731445,-0.4288531541824341,base,no
3429,0,1,0.8519528019683106,-0.5027954578399658,-2.252795457839966,base,yes
3430,0,0,0.13296424019782924,-2.376195192337036,-0.5011951923370361,base,no
3431,0,0,0.01798620890931226,-4.4501729011535645,-0.4501728415489197,base,no
3432,0,0,0.05340332829327471,-3.26617169380188,-0.3911716639995575,base,no
3433,0,0,0.18242553269617778,-2.1992721557617188,-0.6992722153663635,base,No
3434,0,0,0.053403325280175794,-3.2987654209136963,-0.4237653315067291,base,no
3435,0,0,0.09534945975773548,-2.6363747119903564,-0.38637465238571167,base,no
3436,0,1,0.9241418199787566,-0.7749423980712891,-3.274942398071289,base,Yes
3437,0,1,0.5312093733737563,-1.183915376663208,-1.308915376663208,base,yes
3438,0,1,0.6513548511303336,-0.6332083344459534,-1.2582082748413086,base,yes
3439,0,0,0.46879062662624377,-1.001217007637024,-0.8762170076370239,base,no
3440,0,0,0.07585818628900447,-2.9967257976531982,-0.4967258870601654,base,no
3441,0,0,0.2018132174596823,-1.8012868165969849,-0.4262867867946625,base,no
3442,0,1,0.7057850278370112,-0.5630385875701904,-1.4380385875701904,base,yes
3443,0,0,0.09534945975773548,-2.6684699058532715,-0.4184698462486267,base,no
3444,0,0,0.20181321265898594,-2.228631019592285,-0.8536309599876404,base,no
3445,0,0,0.3486451217982255,-1.3174457550048828,-0.692445695400238,base,no
3446,0,1,0.9465966702001757,-0.6366219520568848,-3.5116219520568848,base,yes
3447,0,1,0.9046505351008906,-0.6223278045654297,-2.8723278045654297,base,yes
3448,0,1,0.5312093733737563,-1.0721373558044434,-1.1971373558044434,base,yes
3449,0,0,0.1645164628965632,-2.314150094985962,-0.6891500949859619,base,no
3450,0,1,0.8519527944504226,-0.5409613251686096,-2.290961265563965,base,yes
3451,0,0,0.022977367902892003,-4.066276550292969,-0.3162764608860016,base,no
3452,0,0,0.34864513533394575,-1.305679202079773,-0.680679202079773,base,no
3453,0,0,0.1645164628965632,-2.104037284851074,-0.4790372848510742,base,no
3454,0,0,0.06008665354025422,-3.0320940017700195,-0.2820940613746643,base,no
3455,0,1,0.5312093733737563,-1.1961796283721924,-1.3211796283721924,base,Yes
3456,0,0,0.2942149845400438,-1.497610330581665,-0.6226103901863098,base,no
3457,0,1,0.5312093733737563,-0.936261773109436,-1.061261773109436,base,yes
3458,0,0,0.4073334000459302,-1.237119197845459,-0.862119197845459,base,no
3459,0,1,0.867035752930664,-0.3657732605934143,-2.2407732009887695,base,yes
3460,0,1,0.8933094060543487,-0.7500560283660889,-2.875056028366089,base,yes
3461,0,1,0.9465966671870767,-0.6300838589668274,-3.5050837993621826,base,yes
3462,0,0,0.1066905911052601,-2.4304449558258057,-0.3054449260234833,base,no
3463,0,1,0.6224593452091672,-0.7078272700309753,-1.2078273296356201,base,yes
3464,0,1,0.7310585786300049,-0.5870087146759033,-1.5870087146759033,base,yes
3465,0,0,0.4378234991142019,-1.3378413915634155,-1.0878413915634155,base,no
3466,0,0,0.1066905854244781,-2.553727149963379,-0.42872706055641174,base,no
3467,0,0,0.08509904152653235,-2.55733585357666,-0.18233580887317657,base,no
3468,0,0,0.025957358704815272,-4.010071277618408,-0.385071337223053,base,no
3469,0,0,0.07585818419975078,-2.8896405696868896,-0.3896406292915344,base,no
3470,0,0,0.10669058826486906,-2.520092487335205,-0.3950924277305603,base,no
3471,0,0,0.0600866518571309,-3.188021183013916,-0.4380212128162384,base,no
3472,0,0,0.16451645880021026,-2.007387161254883,-0.3823871314525604,base,no
3473,0,1,0.6224593312018546,-0.8218209743499756,-1.3218209743499756,base,yes
3474,0,0,0.11920292515117029,-2.3851208686828613,-0.3851208984851837,base,no
3475,0,1,0.7549149868676283,-0.6497980356216431,-1.774798035621643,base,yes
3476,0,0,0.2689414213699951,-1.5400328636169434,-0.5400328636169434,base,no
3477,0,0,0.22270014398423357,-1.6478855609893799,-0.39788559079170227,base,no
3478,0,1,0.8519527869325346,-0.6468216180801392,-2.3968214988708496,base,Yes
3479,0,0,0.025957358704815272,-3.9761695861816406,-0.3511696457862854,base,no
3480,0,0,0.18242552380635632,-2.038896322250366,-0.5388963222503662,base,no
3481,0,0,0.06008665354025422,-3.112914562225342,-0.3629146218299866,base,no
3482,0,0,0.02931222820745785,-3.9616832733154297,-0.4616831839084625,base,no
3483,0,0,0.5,-1.1426297426223755,-1.1426297426223755,base,no
3484,0,0,0.05340333582602272,-3.369475841522217,-0.49447596073150635,base,no
3485,0,0,0.01590639357784294,-4.618370056152344,-0.4933701753616333,base,no
3486,0,0,0.22270014914315833,-1.8044164180755615,-0.5544164776802063,base,no
3487,0,0,0.11920292202211755,-2.5605945587158203,-0.5605945587158203,base,no
3488,0,0,0.34864513533394575,-1.245682716369629,-0.6206827163696289,base,no
3489,0,0,0.053403325280175794,-3.2371432781219482,-0.3621431887149811,base,no
3490,0,0,0.13296425050508953,-2.2681806087493896,-0.3931806981563568,base,no
3491,0,0,0.1066905911052601,-2.560938596725464,-0.4359385669231415,base,no
3492,0,1,0.9149009549929797,-0.5205554962158203,-2.8955554962158203,base,yes
3493,0,0,0.3486451217982255,-1.3480827808380127,-0.7230827212333679,base,no
3494,0,0,0.06754668550840877,-3.0267865657806396,-0.4017864763736725,base,no
3495,0,0,0.18242553269617778,-2.165391445159912,-0.6653915047645569,base,no
3496,0,0,0.06008665606493926,-2.9251363277435303,-0.17513643205165863,base,no
3497,0,1,0.8175744806385543,-0.39740774035453796,-1.8974077701568604,base,yes
3498,0,1,0.5312093733737563,-1.0444399118423462,-1.1694399118423462,base,yes
3499,0,0,0.3775406828054583,-1.2162432670593262,-0.716243326663971,base,no
3500,0,0,0.0474258704848281,-3.576685667037964,-0.5766856074333191,base,no
3501,0,1,0.7057850402140659,-0.644093930721283,-1.5190939903259277,base,yes
3502,0,0,0.46879062662624377,-0.9638397097587585,-0.8388397097587585,base,no
3503,0,0,0.4378234844434674,-1.0619010925292969,-0.8119010329246521,base,no
3504,0,0,0.017986210488481234,-4.308604717254639,-0.30860474705696106,base,no
3505,0,0,0.06754668738548215,-2.823272705078125,-0.19827264547348022,base,no
3506,0,0,0.03732688948593843,-3.58398175239563,-0.33398181200027466,base,no
3507,0,1,0.7057850402140659,-0.9447478652000427,-1.8197479248046875,base,yes
3508,0,1,0.7057850154599563,-0.9424117207527161,-1.8174116611480713,base,yes
3509,0,1,0.8175744584140004,-0.5431891679763794,-2.04318904876709,base,yes
3510,0,0,0.22270013882530884,-1.7848691940307617,-0.5348691940307617,base,no
3511,0,0,0.025957357951306048,-3.9433062076568604,-0.31830623745918274,base,no
3512,0,0,0.46879062662624377,-1.3820096254348755,-1.2570096254348755,base,no
3513,0,1,0.6513548646660542,-1.0344170331954956,-1.6594170331954956,base,Yes
3514,0,0,0.0675466911396291,-3.0743043422698975,-0.44930434226989746,base,no
3515,0,1,0.5926665999540697,-1.075357437133789,-1.450357437133789,base,yes
3516,0,1,0.8175744806385543,-0.40036889910697937,-1.9003689289093018,base,yes
3517,0,0,0.4378234991142019,-1.1645842790603638,-0.9145842790603638,base,no
3518,0,1,0.7310585786300049,-0.718909502029419,-1.718909502029419,base,yes
3519,0,0,0.2689414213699951,-1.4652705192565918,-0.4652705192565918,base,no
3520,0,0,0.29421497216298875,-1.340537428855896,-0.465537428855896,base,no
3521,0,0,0.06008664344151498,-3.1526665687561035,-0.40266644954681396,base,no
3522,0,1,0.7981867777396212,-0.5145769119262695,-1.8895769119262695,base,yes
3523,0,0,0.06008665354025422,-3.2619223594665527,-0.5119224190711975,base,no
3524,0,1,0.6224593312018546,-0.6764249801635742,-1.1764249801635742,base,yes
3525,0,1,0.6513548646660542,-0.9281802177429199,-1.55318021774292,base,yes
3526,0,0,0.029312230751356316,-3.929457426071167,-0.429457426071167,base,no
3527,0,1,0.5926665999540697,-1.1226885318756104,-1.4976885318756104,base,Yes
3528,0,0,0.37754066879814546,-1.1710180044174194,-0.6710180044174194,base,no
3529,0,0,0.34864513533394575,-1.3482638597488403,-0.7232638597488403,base,no
3530,0,0,0.060086646807761206,-3.090122938156128,-0.34012287855148315,base,no
3531,0,0,0.3775406828054583,-1.2727046012878418,-0.7727046608924866,base,no
3532,0,0,0.1645164792819756,-2.1269636154174805,-0.50196373462677,base,no
3533,0,0,0.16451647108926923,-2.304577589035034,-0.679577648639679,base,no
3534,0,0,0.20181322226037882,-1.8603081703186035,-0.4853081703186035,base,no
3535,0,1,0.8807970779778823,-0.7570436000823975,-2.7570436000823975,base,yes
3536,0,1,0.9399133531922388,-0.5875803828239441,-3.337580442428589,base,Yes
3537,0,1,0.880797071719777,-0.751085102558136,-2.751085042953491,base,yes
3538,0,0,0.46879062662624377,-1.3198617696762085,-1.1948617696762085,base,no
3539,0,1,0.9046505402422645,-0.6794821619987488,-2.9294822216033936,base,yes
3540,0,0,0.4073334000459302,-1.21405827999115,-0.8390582799911499,base,no
3541,0,0,0.22270013882530884,-1.7966008186340332,-0.5466008186340332,base,no
3542,0,0,0.07585817584273653,-2.9131410121917725,-0.4131409525871277,base,no
3543,0,0,0.06754668738548215,-3.1094932556152344,-0.4844931960105896,base,no
3544,0,0,0.07585817584273653,-3.060704231262207,-0.5607041716575623,base,no
3545,0,1,0.5926665999540697,-0.6842340230941772,-1.0592340230941772,base,yes
3546,0,0,0.4073334000459302,-1.2708317041397095,-0.8958317041397095,base,no
3547,0,0,0.24508501313237172,-1.8598562479019165,-0.7348562479019165,base,no
3548,0,0,0.10669059962643358,-2.498422861099243,-0.37342292070388794,base,no
3549,0,1,0.7772998508568416,-0.8787415623664856,-2.128741502761841,base,Yes
3550,0,1,0.8933094060543487,-0.3934824466705322,-2.5184824466705322,base,yes
3551,0,1,0.5621765008857981,-0.9928553104400635,-1.2428553104400635,base,yes
3552,0,0,0.1480472055495773,-2.4383015632629395,-0.6883016228675842,base,no
3553,0,0,0.46879061178313897,-1.0659914016723633,-0.9409913420677185,base,no
3554,0,0,0.4378234991142019,-1.4197101593017578,-1.1697101593017578,base,no
3555,0,0,0.32082130082460697,-1.314402461051941,-0.5644024610519409,base,no
3556,0,1,0.9241418116217418,-0.5137802362442017,-3.013780117034912,base,yes
3557,0,1,0.851952809486198,-0.5869531035423279,-2.3369531631469727,base,yes
3558,0,0,0.07585817166422973,-3.1954941749572754,-0.6954940557479858,base,No
3559,0,1,0.8519528170040853,-0.540178656578064,-2.2901787757873535,base,yes
3560,0,0,0.04208772671409796,-3.4703872203826904,-0.34538719058036804,base,no
3561,0,0,0.22270014914315833,-1.7560346126556396,-0.5060346722602844,base,no
3562,0,0,0.06754668363133542,-3.1474575996398926,-0.522457480430603,base,no
3563,0,0,0.24508501313237172,-1.977388620376587,-0.8523886203765869,base,no
3564,0,0,0.010986941982915435,-4.6774444580078125,-0.17744439840316772,base,no
3565,0,1,0.9149009526726544,-0.40199902653694153,-2.776998996734619,base,yes
3566,0,0,0.0474258704848281,-3.382979154586792,-0.3829790949821472,base,no
3567,0,1,0.7310585786300049,-0.6881526708602905,-1.6881526708602905,base,yes
3568,0,0,0.18242550602671442,-2.0033998489379883,-0.5033997297286987,base,no
3569,0,0,0.3486451217982255,-1.2911057472229004,-0.6661056876182556,base,no
3570,0,0,0.4073334000459302,-1.4536848068237305,-1.0786848068237305,base,no
3571,0,0,0.24508502416032488,-1.784614086151123,-0.6596141457557678,base,no
3572,0,0,0.4073333856566001,-1.0678601264953613,-0.6928600668907166,base,no
3573,0,1,0.5621765008857981,-0.7449460625648499,-0.9949460625648499,base,yes
3574,0,0,0.1645164628965632,-2.3124799728393555,-0.6874799728393555,base,no
3575,0,1,0.9241418199787566,-0.507561206817627,-3.007561206817627,base,yes
3576,0,0,0.46879062662624377,-1.1072325706481934,-0.9822325706481934,base,no
3577,0,0,0.2689414213699951,-1.5947562456130981,-0.5947562456130981,base,no
3578,0,0,0.11920292828022305,-2.6542539596557617,-0.6542540192604065,base,no
3579,0,0,0.11920291576401235,-2.4070916175842285,-0.40709155797958374,base,no
3580,0,1,0.7310585786300049,-0.6732587814331055,-1.6732587814331055,base,yes
3581,0,0,0.18242552380635632,-2.063568115234375,-0.563568115234375,base,no
3582,0,0,0.32082130082460697,-1.7441059350967407,-0.9941059350967407,base,no
3583,0,0,0.24508500210441886,-1.5855512619018555,-0.4605512022972107,base,no
3584,0,0,0.22270013882530884,-1.8748003244400024,-0.6248003244400024,base,no
3585,0,0,0.10669059394565118,-2.7717418670654297,-0.6467418670654297,base,no
3586,0,1,0.7772998611746911,-0.5211652517318726,-1.7711652517318726,base,yes
3587,0,1,0.9241418158002492,-0.7705002427101135,-3.2705001831054688,base,Yes
3588,0,0,0.06008664512463808,-2.9247090816497803,-0.1747089922428131,base,no
3589,0,0,0.20181322226037882,-1.9686850309371948,-0.5936850309371948,base,no
3590,0,0,0.042087731520181665,-3.5365898609161377,-0.41158995032310486,base,no
3591,0,0,0.11920291576401235,-2.2788379192352295,-0.2788378596305847,base,no
3592,0,0,0.06754669864792355,-3.3176703453063965,-0.692670464515686,base,no
3593,0,0,0.025957360965343058,-4.012263298034668,-0.3872634470462799,base,no
3594,0,0,0.02033235452992065,-4.289827346801758,-0.4148274064064026,base,no
3595,0,0,0.060086646807761206,-3.0366058349609375,-0.2866057753562927,base,no
3596,0,0,0.4378234991142019,-1.1697263717651367,-0.9197263717651367,base,no
3597,0,0,0.04742587385075148,-3.188188314437866,-0.1881883293390274,base,no
3598,0,0,0.2689414213699951,-1.5789191722869873,-0.5789191722869873,base,no
3599,0,0,0.4378234991142019,-1.3607913255691528,-1.1107913255691528,base,no
3600,0,1,0.679178699175393,-0.7712448835372925,-1.5212448835372925,base,yes
3601,0,0,0.46879062662624377,-0.9408457279205322,-0.8158457279205322,base,no
3602,0,0,0.05340332678672523,-3.228332757949829,-0.3533326983451843,base,no
3603,0,0,0.4378234991142019,-1.0774428844451904,-0.8274428844451904,base,no
3604,0,0,0.060086646807761206,-3.1511800289154053,-0.4011799693107605,base,no
3605,0,1,0.8670357701094303,-0.4520365297794342,-2.3270366191864014,base,yes
3606,0,1,0.6224593171945417,-0.9110265374183655,-1.4110264778137207,base,yes
3607,0,0,0.10669060104662924,-2.3739264011383057,-0.24892647564411163,base,no
3608,0,1,0.8670357666736773,-0.4909645915031433,-2.365964651107788,base,yes
3609,0,0,0.3775406828054583,-1.2278711795806885,-0.7278712391853333,base,no
3610,0,0,0.2942149845400438,-1.4402379989624023,-0.5652380585670471,base,no
3611,0,0,0.10669060530721626,-2.81118106842041,-0.6861811876296997,base,no
3612,0,0,0.2689414213699951,-1.4907153844833374,-0.4907153844833374,base,no
3613,0,1,0.867035752930664,-0.6151853203773499,-2.490185260772705,base,yes
3614,0,1,0.8670357460591569,-0.6149259805679321,-2.4899258613586426,base,yes
3615,0,1,0.9324533088603709,-0.5469627380371094,-3.1719627380371094,base,yes
3616,0,0,0.3208212878370535,-1.38142991065979,-0.6314298510551453,base,no
3617,0,0,0.5,-0.9264853596687317,-0.9264853596687317,base,no
3618,0,1,0.5621765008857981,-0.8804870843887329,-1.130487084388733,base,yes
3619,0,0,0.07585817793199003,-2.8697009086608887,-0.3697008788585663,base,no
3620,0,0,0.14804720930852133,-2.026033639907837,-0.2760337293148041,base,no
3621,0,1,0.6513548646660542,-0.6587510108947754,-1.2837510108947754,base,yes
3622,0,0,0.4378234991142019,-0.9882673025131226,-0.7382673025131226,base,no
3623,0,1,0.5926665999540697,-0.7733144760131836,-1.1483144760131836,base,yes
3624,0,0,0.06754668738548215,-3.138219118118286,-0.5132190585136414,base,no
3625,0,0,0.09534947004048376,-2.7670235633850098,-0.5170236229896545,base,no
3626,0,0,0.08509904500702024,-3.1395397186279297,-0.7645397186279297,base,no
3627,0,1,0.6224593312018546,-0.830733060836792,-1.330733060836792,base,yes
3628,0,1,0.5926665999540697,-1.0025900602340698,-1.3775900602340698,base,yes
3629,0,0,0.09534945590170514,-2.494493007659912,-0.24449290335178375,base,no
3630,0,1,0.8175744761936437,-0.5489931106567383,-2.0489931106567383,base,yes
3631,0,1,0.6513548646660542,-0.9297996759414673,-1.5547996759414673,base,yes
3632,0,0,0.10669058826486906,-2.540179491043091,-0.41517943143844604,base,no
3633,0,0,0.4073333856566001,-1.1845676898956299,-0.8095676302909851,base,no
3634,0,0,0.37754066879814546,-1.1806693077087402,-0.6806693077087402,base,no
3635,0,0,0.16451647108926923,-1.9841194152832031,-0.3591194748878479,base,no
3636,0,0,0.32082130082460697,-1.4265140295028687,-0.6765140295028687,base,no
3637,0,1,0.851952809486198,-0.7338337302207947,-2.4838337898254395,base,yes
3638,0,1,0.9241418241572634,-0.5528227686882019,-3.0528228282928467,base,yes
3639,0,0,0.3486451217982255,-1.3173656463623047,-0.6923655867576599,base,no
3640,0,0,0.11920292828022305,-2.4545702934265137,-0.45457035303115845,base,no
3641,0,0,0.3208212878370535,-1.3978312015533447,-0.6478311419487,base,no
3642,0,1,0.7981867873410141,-0.6805786490440369,-2.0555787086486816,base,yes
3643,0,1,0.5926665999540697,-1.0016040802001953,-1.3766040802001953,base,yes
3644,0,0,0.03732688573777281,-3.4430758953094482,-0.19307585060596466,base,no
3645,0,1,0.8175744584140004,-0.5489693880081177,-2.048969268798828,base,yes
3646,0,1,0.8670357460591569,-0.6528793573379517,-2.527879238128662,base,yes
3647,0,1,0.6791786861878392,-0.7134833931922913,-1.4634833335876465,base,yes
3648,0,0,0.04208773272170267,-3.4076337814331055,-0.282633900642395,base,no
3649,0,1,0.7310585903489892,-0.5092598795890808,-1.5092599391937256,base,yes
3650,0,0,0.22270013882530884,-1.8508905172348022,-0.6008905172348022,base,no
3651,0,1,0.880797081106935,-0.32981106638908386,-2.3298110961914062,base,yes
3652,0,0,0.020332356310813628,-4.18697452545166,-0.3119746744632721,base,no
3653,0,0,0.07585818419975078,-2.9554741382598877,-0.45547419786453247,base,no
3654,0,0,0.07585818002124356,-3.064018487930298,-0.5640184879302979,base,no
3655,0,0,0.10669058826486906,-2.477463483810425,-0.35246342420578003,base,no
3656,0,1,0.8175744761936437,-0.5095784664154053,-2.0095784664154053,base,yes
3657,0,1,0.7057850154599563,-0.7939584851264954,-1.6689584255218506,base,yes
3658,0,0,0.4378234991142019,-1.0513800382614136,-0.8013800382614136,base,no
3659,0,0,0.16451644651115205,-2.1630382537841797,-0.5380381345748901,base,no
3660,0,0,0.16451644651115205,-2.477238655090332,-0.8522385358810425,base,no
3661,0,0,0.34864513533394575,-1.3799090385437012,-0.7549090385437012,base,no
3662,0,1,0.7981867873410141,-0.6034497618675232,-1.978449821472168,base,yes
3663,0,0,0.015906392644828796,-4.429367542266846,-0.3043676018714905,base,no
3664,0,1,0.7310585786300049,-0.7626417875289917,-1.7626417875289917,base,yes
3665,0,1,0.7057850278370112,-0.6765083074569702,-1.5515083074569702,base,yes
3666,0,0,0.042087731520181665,-3.5690243244171143,-0.4440244138240814,base,no
3667,0,1,0.8175744806385543,-0.4743994176387787,-1.974399447441101,base,yes
3668,0,0,0.04742587856304458,-3.267826557159424,-0.2678266763687134,base,no
3669,0,0,0.18242553269617778,-1.9461865425109863,-0.4461866021156311,base,no
3670,0,1,0.8354835452961425,-0.6454741358757019,-2.2704741954803467,base,yes
3671,0,0,0.24508501313237172,-1.6368316411972046,-0.5118316411972046,base,no
3672,0,0,0.2689414096510108,-1.6605312824249268,-0.660531222820282,base,no
3673,0,0,0.22270014914315833,-1.8792500495910645,-0.6292501091957092,base,No
3674,0,0,0.025957358704815272,-3.943082809448242,-0.31808286905288696,base,no
3675,0,0,0.13296423676207594,-2.342425584793091,-0.46742555499076843,base,no
3676,0,0,0.32082130082460697,-1.3242942094802856,-0.5742942094802856,base,no
3677,0,0,0.24508502416032488,-1.8398463726043701,-0.7148464322090149,base,no
3678,0,1,0.6791787121629466,-0.7189173102378845,-1.4689173698425293,base,yes
3679,0,0,0.4378234844434674,-1.1325762271881104,-0.8825761675834656,base,no
3680,0,1,0.6791787121629466,-0.5884432196617126,-1.3384432792663574,base,yes
3681,0,1,0.9046505299595163,-0.6747480034828186,-2.924747943878174,base,yes
3682,0,0,0.18242552380635632,-2.283419609069824,-0.7834196090698242,base,no
3683,0,0,0.20181322226037882,-1.8012861013412476,-0.42628610134124756,base,no
3684,0,0,0.29421497216298875,-1.453877329826355,-0.578877329826355,base,no
3685,0,0,0.02297737258620403,-4.248981952667236,-0.4989820718765259,base,no
3686,0,1,0.6791787121629466,-0.6443433165550232,-1.394343376159668,base,yes
3687,0,1,0.7310585786300049,-0.679861307144165,-1.679861307144165,base,yes
3688,0,1,0.8354835493924953,-0.39916983246803284,-2.024169921875,base,yes
3689,0,0,0.16451644651115205,-2.173513412475586,-0.5485132932662964,base,no
3690,0,1,0.679178699175393,-0.679814338684082,-1.429814338684082,base,yes
3691,0,0,0.08509905312815914,-2.6121177673339844,-0.23711787164211273,base,no
3692,0,0,0.03308597743528921,-3.544494152069092,-0.1694941222667694,base,no
3693,0,0,0.05340333582602272,-3.338794708251953,-0.4637948274612427,base,no
3694,0,1,0.7549149868676283,-0.7997345924377441,-1.9247345924377441,base,yes
3695,0,0,0.4073334000459302,-1.1282837390899658,-0.7532837390899658,base,no
3696,0,0,0.14804719051380197,-2.2768056392669678,-0.526805579662323,base,no
3697,0,0,0.1645164628965632,-2.064713954925537,-0.4397139549255371,base,no
3698,0,1,0.8807970779778823,-0.648158073425293,-2.648158073425293,base,yes
3699,0,1,0.8807970904940926,-0.6540268659591675,-2.654026985168457,base,yes
3700,0,0,0.20181322226037882,-1.9456725120544434,-0.5706725120544434,base,no
3701,0,1,0.9626731105140616,-0.6192153096199036,-3.869215250015259,base,yes
3702,0,1,0.5926665999540697,-0.7553311586380005,-1.1303311586380005,base,yes
3703,0,1,0.8933094060543487,-0.5457649230957031,-2.670764923095703,base,yes
3704,0,1,0.7057850278370112,-1.0022528171539307,-1.8772528171539307,base,Yes
3705,0,1,0.5621765008857981,-0.824600338935852,-1.074600338935852,base,yes
3706,0,0,0.40733341443526055,-1.2720253467559814,-0.8970254063606262,base,no
3707,0,0,0.09534947004048376,-2.662209987640381,-0.41221004724502563,base,no
3708,0,1,0.9149009549929797,-0.4791269302368164,-2.8541269302368164,base,yes
3709,0,0,0.037326887344129464,-3.5817854404449463,-0.3317854404449463,base,no
3710,0,0,0.32082130082460697,-1.4260599613189697,-0.6760599613189697,base,no
3711,0,0,0.06008664512463808,-3.089836359024048,-0.3398362696170807,base,no
3712,0,1,0.8670357460591569,-0.5296326875686646,-2.404632568359375,base,yes
3713,0,1,0.8670357666736773,-0.45196884870529175,-2.3269689083099365,base,yes
3714,0,1,0.8175744806385543,-0.42377719283103943,-1.9237772226333618,base,yes
3715,0,1,0.8175744584140004,-0.5376244783401489,-2.0376243591308594,base,yes
3716,0,0,0.2689414213699951,-1.6240205764770508,-0.6240205764770508,base,no
3717,0,1,0.7310585786300049,-0.8761720657348633,-1.8761720657348633,base,Yes
3718,0,0,0.060086646807761206,-3.249478816986084,-0.4994787573814392,base,no
3719,0,1,0.8175744850834649,-0.7132548689842224,-2.213254928588867,base,yes
3720,0,0,0.11920292202211755,-2.3323616981506348,-0.33236169815063477,base,no
3721,0,0,0.22270013882530884,-1.6486928462982178,-0.3986928462982178,base,no
3722,0,0,0.22270013882530884,-1.803806185722351,-0.5538061857223511,base,no
3723,0,0,0.1645164628965632,-2.2424557209014893,-0.6174557209014893,base,no
3724,0,1,0.8670357666736773,-0.2836233973503113,-2.158623456954956,base,yes
3725,0,0,0.2689414213699951,-1.5116311311721802,-0.5116311311721802,base,no
3726,0,0,0.29421497216298875,-1.4310386180877686,-0.5560386180877686,base,no
3727,0,0,0.13296424019782924,-2.481025218963623,-0.606025218963623,base,no
3728,0,0,0.08509904500702024,-3.0314033031463623,-0.6564033031463623,base,no
3729,0,0,0.06754669301670263,-2.921074867248535,-0.29607489705085754,base,no
3730,0,1,0.5312093733737563,-0.8086983561515808,-0.9336983561515808,base,yes
3731,0,0,0.20181323186177208,-1.8971352577209473,-0.522135317325592,base,no
3732,0,0,0.06754669864792355,-2.9268293380737305,-0.30182945728302,base,no
3733,0,0,0.14804719051380197,-2.022495746612549,-0.27249568700790405,base,no
3734,0,0,0.008577486934330109,-5.044406890869141,-0.29440706968307495,base,no
3735,0,1,0.9241418241572634,-0.6049432158470154,-3.10494327545166,base,yes
3736,0,1,0.8354835289107309,-0.8083027005195618,-2.433302640914917,base,yes
3737,0,0,0.11920291576401235,-2.562858819961548,-0.5628587603569031,base,no
3738,0,1,0.8175744673038221,-0.6210408806800842,-2.1210408210754395,base,yes
3739,0,1,0.7549149868676283,-0.4504286050796509,-1.5754286050796509,base,yes
3740,0,1,0.914900950352329,-0.5701947808265686,-2.945194721221924,base,yes
3741,0,1,0.8670357460591569,-0.6582752466201782,-2.5332751274108887,base,yes
3742,0,1,0.8519528019683106,-0.5038919448852539,-2.253891944885254,base,yes
3743,0,1,0.8670357735451834,-0.5645979642868042,-2.4395980834960938,base,yes
3744,0,0,0.5,-0.9019250869750977,-0.9019250869750977,base,no
3745,0,1,0.8519527869325346,-0.6747490167617798,-2.4247488975524902,base,yes
3746,0,1,0.9046505351008906,-0.7908306121826172,-3.040830612182617,base,Yes
3747,0,0,0.042087729117139754,-3.533435583114624,-0.4084356129169464,base,no
3748,0,0,0.04208772431105632,-3.4117722511291504,-0.2867721617221832,base,no
3749,0,0,0.16451645470385742,-2.3428003787994385,-0.7178003191947937,base,no
3750,0,1,0.7549149868676283,-0.7880332469940186,-1.9130332469940186,base,yes
3751,0,0,0.37754066879814546,-1.1698945760726929,-0.6698945760726929,base,no
3752,0,1,0.7057850402140659,-0.8912941813468933,-1.766294240951538,base,yes
3753,0,0,0.0675466911396291,-3.0369582176208496,-0.4119582176208496,base,no
3754,0,0,0.24508500210441886,-1.6135809421539307,-0.4885808825492859,base,no
3755,0,1,0.7057850278370112,-0.7062726020812988,-1.5812726020812988,base,yes
3756,0,0,0.14804720179063335,-1.9927500486373901,-0.24275007843971252,base,no
3757,0,1,0.7981867777396212,-0.497314453125,-1.872314453125,base,yes
3758,0,0,0.2018132174596823,-1.8238095045089722,-0.4488094747066498,base,no
3759,0,1,0.7549149868676283,-0.5741530656814575,-1.6991530656814575,base,yes
3760,0,0,0.3208212878370535,-1.5971438884735107,-0.847143828868866,base,no
3761,0,0,0.02297736857193652,-3.9243268966674805,-0.1743268370628357,base,no
3762,0,0,0.16451644651115205,-2.3431591987609863,-0.7181590795516968,base,no
3763,0,1,0.9324533013520764,-0.5472351312637329,-3.1722350120544434,base,yes
3764,0,0,0.025957354937269386,-3.8014814853668213,-0.17648139595985413,base,no
3765,0,0,0.07585818002124356,-3.065011978149414,-0.5650119781494141,base,no
3766,0,0,0.3208213138121609,-1.4938099384307861,-0.7438099980354309,base,no
3767,0,0,0.32082130082460697,-1.3152116537094116,-0.5652116537094116,base,no
3768,0,0,0.07585817793199003,-2.9965407848358154,-0.49654075503349304,base,no
3769,0,1,0.9149009619539553,-0.4373997747898102,-2.8123998641967773,base,yes
3770,0,1,0.7310585669110203,-0.6042857766151428,-1.604285717010498,base,yes
3771,0,0,0.34864513533394575,-1.3642138242721558,-0.7392138242721558,base,no
3772,0,1,0.6513548646660542,-0.827216625213623,-1.452216625213623,base,yes
3773,0,0,0.07585817584273653,-2.99775767326355,-0.49775761365890503,base,no
3774,0,0,0.5,-0.8797398805618286,-0.8797398805618286,base,no
3775,0,1,0.8175744850834649,-0.5041903853416443,-2.004190444946289,base,yes
3776,0,1,0.89330940889474,-0.3395204246044159,-2.4645204544067383,base,yes
3777,0,0,0.04742587317756679,-3.4552345275878906,-0.4552345275878906,base,no
3778,0,0,0.5,-1.0118987560272217,-1.0118987560272217,base,no
3779,0,0,0.24508499107646636,-2.020308494567871,-0.8953083753585815,base,no
3780,0,0,0.04742587856304458,-3.139315128326416,-0.13931524753570557,base,no
3781,0,0,0.4073334000459302,-1.1728124618530273,-0.7978124618530273,base,no
3782,0,0,0.4073334000459302,-1.202478051185608,-0.8274780511856079,base,no
3783,0,0,0.16451645470385742,-1.9832289218902588,-0.358228862285614,base,no
3784,0,1,0.5621765155565327,-0.9530357718467712,-1.203035831451416,base,yes
3785,0,0,0.042087723109535534,-3.569458484649658,-0.44445836544036865,base,no
3786,0,1,0.5312093733737563,-0.8774510622024536,-1.0024510622024536,base,yes
3787,0,0,0.2689414096510108,-1.524796962738037,-0.5247969031333923,base,no
3788,0,0,0.1066905825840872,-2.5538697242736816,-0.4288696050643921,base,no
3789,0,0,0.2689414096510108,-1.564600944519043,-0.5646008849143982,base,no
3790,0,0,0.5,-1.113637924194336,-1.113637924194336,base,no
3791,0,0,0.03308597552845946,-3.6001758575439453,-0.22517576813697815,base,no
3792,0,1,0.8807970842359877,-0.4082145094871521,-2.408214569091797,base,yes
3793,0,0,0.5,-0.9810067415237427,-0.9810067415237427,base,no
3794,0,1,0.679178699175393,-0.7419594526290894,-1.4919594526290894,base,yes
3795,0,0,0.020332357498075698,-4.250916957855225,-0.3759171664714813,base,no
3796,0,0,0.06754668738548215,-3.068685531616211,-0.44368547201156616,base,no
3797,0,1,0.7310585786300049,-0.8092300891876221,-1.809230089187622,base,yes
3798,0,1,0.8175744850834649,-0.504112184047699,-2.0041122436523438,base,yes
3799,0,0,0.11920292202211755,-2.4457461833953857,-0.44574618339538574,base,no
3800,0,0,0.24508501313237172,-1.8960609436035156,-0.7710609436035156,base,no
3801,0,0,0.18242552825126704,-1.8481236696243286,-0.348123699426651,base,no
3802,0,0,0.0534033271633626,-2.995690107345581,-0.12069005519151688,base,no
3803,0,1,0.6513548511303336,-0.7895022034645081,-1.4145021438598633,base,yes
3804,0,0,0.46879061178313897,-1.0653479099273682,-0.9403478503227234,base,no
3805,0,0,0.04208773031866069,-3.696183919906616,-0.571183979511261,base,no
3806,0,0,0.4378234991142019,-0.996073842048645,-0.746073842048645,base,no
3807,0,1,0.7549149868676283,-0.829386830329895,-1.954386830329895,base,yes
3808,0,0,0.053403325280175794,-3.2661683559417725,-0.3911682665348053,base,no
3809,0,1,0.8670357735451834,-0.45603692531585693,-2.3310370445251465,base,yes
3810,0,0,0.13296424019782924,-2.197111129760742,-0.3221111297607422,base,no
3811,0,0,0.24508501313237172,-1.82560396194458,-0.7006039619445801,base,no
3812,0,0,0.0850990542883219,-2.716928482055664,-0.3419286012649536,base,no
3813,0,0,0.13296424706933604,-2.3406167030334473,-0.46561676263809204,base,no
3814,0,0,0.4378234991142019,-1.3815345764160156,-1.1315345764160156,base,no
3815,0,0,0.16451645880021026,-2.095538854598999,-0.47053882479667664,base,no
3816,0,1,0.754914997895581,-0.6137790083885193,-1.738779067993164,base,yes
3817,0,1,0.9324533107374443,-0.41849014163017273,-3.043490171432495,base,yes
3818,0,0,0.0850990542883219,-2.990018844604492,-0.6150189638137817,base,no
3819,0,1,0.6224593452091672,-0.7644121050834656,-1.2644121646881104,base,yes
3820,0,0,0.22270013366638422,-1.647750735282898,-0.39775070548057556,base,no
3821,0,1,0.8175744673038221,-0.5871737599372864,-2.0871737003326416,base,yes
3822,0,1,0.679178699175393,-0.712540864944458,-1.462540864944458,base,yes
3823,0,0,0.10669058684467357,-2.3595809936523438,-0.23458091914653778,base,no
3824,0,0,0.4073334000459302,-1.3539884090423584,-0.9789884090423584,base,no
3825,0,1,0.8175744761936437,-0.8072035312652588,-2.307203531265259,base,Yes
3826,0,0,0.06008665017400762,-3.337808609008789,-0.5878086090087891,base,no
3827,0,0,0.1480471980316895,-2.3787832260131836,-0.6287832260131836,base,no
3828,0,0,0.46879062662624377,-1.185328483581543,-1.060328483581543,base,no
3829,0,0,0.1480471980316895,-2.4054977893829346,-0.6554977893829346,base,no
3830,0,0,0.10669058826486906,-2.5277135372161865,-0.40271347761154175,base,no
3831,0,1,0.7981867585368343,-0.8344684839248657,-2.209468364715576,base,yes
3832,0,0,0.18242552380635632,-1.9455400705337524,-0.44554007053375244,base,no
3833,0,0,0.11920291263495983,-2.296881914138794,-0.2968818247318268,base,no
3834,0,0,0.042087723109535534,-3.530026912689209,-0.40502679347991943,base,no
3835,0,0,0.18242552380635632,-1.8725850582122803,-0.3725850582122803,base,no
3836,0,1,0.9149009549929797,-0.7799267768859863,-3.1549267768859863,base,Yes
3837,0,1,0.8933093946927838,-0.4652758836746216,-2.590275764465332,base,yes
3838,0,0,0.22270012850745968,-1.7291383743286133,-0.4791383147239685,base,no
3839,0,0,0.07585817584273653,-3.20064377784729,-0.7006437182426453,base,no
3840,0,1,0.679178699175393,-0.5942322015762329,-1.344232201576233,base,yes
3841,0,0,0.10669060530721626,-2.4056453704833984,-0.280645489692688,base,no
3842,0,0,0.020332352155396922,-4.469118595123291,-0.5941185355186462,base,no
3843,0,1,0.6513548646660542,-0.9499456882476807,-1.5749456882476807,base,yes
3844,0,1,0.7057850278370112,-0.7512723207473755,-1.6262723207473755,base,yes
3845,0,1,0.7057850278370112,-0.5691385269165039,-1.444138526916504,base,yes
3846,0,1,0.8670357494949105,-0.34329017996788025,-2.218290090560913,base,yes
3847,0,0,0.14804719427274565,-2.080955982208252,-0.33095595240592957,base,no
3848,0,1,0.7981867777396212,-0.42313432693481445,-1.7981343269348145,base,yes
3849,0,0,0.4378234844434674,-1.0765538215637207,-0.8265537619590759,base,no
3850,0,1,0.7549149868676283,-0.6138265132904053,-1.7388265132904053,base,yes
3851,0,0,0.07585817584273653,-2.8089523315429688,-0.308952271938324,base,no
3852,0,1,0.754914975839675,-0.7882764935493469,-1.9132764339447021,base,Yes
3853,0,1,0.8933094060543487,-0.6399567127227783,-2.7649567127227783,base,yes
3854,0,0,0.03732688627322502,-3.5840821266174316,-0.33408209681510925,base,no
3855,0,0,0.06754668926255561,-2.9765117168426514,-0.351511687040329,base,no
3856,0,0,0.11920291263495983,-2.446033477783203,-0.44603338837623596,base,no
3857,0,0,0.1066905854244781,-2.4710988998413086,-0.34609881043434143,base,no
3858,0,0,0.18242552380635632,-2.274686336517334,-0.774686336517334,base,no
3859,0,0,0.10669060530721626,-2.7346982955932617,-0.6096984148025513,base,no
3860,0,0,0.11920290950590741,-2.321558952331543,-0.3215588331222534,base,no
3861,0,0,0.34864513533394575,-1.2567403316497803,-0.6317403316497803,base,no
3862,0,1,0.8519527944504226,-0.6324213147163391,-2.3824212551116943,base,yes
3863,0,0,0.46879062662624377,-1.0725390911102295,-0.9475390911102295,base,no
3864,0,1,0.7981867777396212,-0.5011935234069824,-1.8761935234069824,base,yes
3865,0,0,0.2689414213699951,-1.5417370796203613,-0.5417370796203613,base,no
3866,0,0,0.02931223371923813,-3.7194058895111084,-0.21940599381923676,base,no
3867,0,0,0.0474258704848281,-3.293919801712036,-0.29391974210739136,base,no
3868,0,0,0.46879064146934857,-1.0020856857299805,-0.8770857453346252,base,no
3869,0,0,0.32082130082460697,-1.358073353767395,-0.608073353767395,base,no
3870,0,1,0.9399133498259924,-0.49604368209838867,-3.2460436820983887,base,yes
3871,0,0,0.015906388213012365,-4.290185928344727,-0.16518570482730865,base,no
3872,0,0,0.012431652682617146,-4.646379470825195,-0.27137961983680725,base,no
3873,0,1,0.9149009549929797,-0.6726040840148926,-3.0476040840148926,base,Yes
3874,0,0,0.24508501313237172,-1.6380856037139893,-0.5130856037139893,base,no
3875,0,1,0.8807970842359877,-0.6479565501213074,-2.647956609725952,base,yes
3876,0,1,0.754914997895581,-0.5870901942253113,-1.712090253829956,base,yes
3877,0,0,0.14804720930852133,-2.2273943424224854,-0.4773944318294525,base,no
3878,0,1,0.9399133464597458,-0.5383227467536926,-3.288322687149048,base,yes
3879,0,1,0.9149009596336303,-0.3393194079399109,-2.7143194675445557,base,yes
3880,0,0,0.3775406547908327,-1.2447865009307861,-0.7447864413261414,base,no
3881,0,1,0.9324533051062237,-0.7050405144691467,-3.330040454864502,base,yes
3882,0,0,0.08509904732734556,-2.8064322471618652,-0.4314322769641876,base,no
3883,0,1,0.9241418199787566,-0.609168529510498,-3.109168529510498,base,yes
3884,0,1,0.7772998611746911,-0.6691226959228516,-1.9191226959228516,base,yes
3885,0,1,0.851952809486198,-0.7264172434806824,-2.476417303085327,base,yes
3886,0,0,0.010986944573626636,-4.943243980407715,-0.44324415922164917,base,no
3887,0,0,0.1480471829959148,-2.518803596496582,-0.7688034772872925,base,no
3888,0,1,0.8807970842359877,-0.5595523715019226,-2.5595524311065674,base,yes
3889,0,1,0.8175744673038221,-0.6660712361335754,-2.1660711765289307,base,yes
3890,0,0,0.18242553269617778,-2.3121585845947266,-0.8121586441993713,base,no
3891,0,0,0.4073334000459302,-1.377282738685608,-1.002282738685608,base,no
3892,0,1,0.5926665999540697,-0.8326687812805176,-1.2076687812805176,base,yes
3893,0,0,0.08509903920620716,-2.582146644592285,-0.2071465700864792,base,no
3894,0,1,0.8519528019683106,-0.5078485012054443,-2.2578485012054443,base,yes
3895,0,0,0.24508501313237172,-2.0468595027923584,-0.9218595027923584,base,no
3896,0,1,0.6513548646660542,-0.7637571096420288,-1.3887571096420288,base,yes
3897,0,0,0.0534033328129234,-3.454899549484253,-0.5798996090888977,base,no
3898,0,0,0.18242552825126704,-1.921279788017273,-0.42127981781959534,base,no
3899,0,1,0.7310585903489892,-0.5799369215965271,-1.5799369812011719,base,yes
3900,0,1,0.8519528170040853,-0.6260136365890503,-2.37601375579834,base,yes
3901,0,1,0.8933094003735664,-0.4610961079597473,-2.5860960483551025,base,yes
3902,0,0,0.22270014914315833,-1.7856640815734863,-0.5356641411781311,base,no
3903,0,0,0.4378234991142019,-1.340098261833191,-1.090098261833191,base,no
3904,0,0,0.2942149597859341,-1.6116893291473389,-0.7366892695426941,base,no
3905,0,0,0.3486451488696663,-1.3331568241119385,-0.7081568837165833,base,no
3906,0,0,0.0850990519679964,-2.672630548477173,-0.29763063788414,base,no
3907,0,1,0.7549149868676283,-0.5857515335083008,-1.7107515335083008,base,yes
3908,0,1,0.6513548511303336,-0.868772566318512,-1.4937725067138672,base,yes
3909,0,1,0.9241418241572634,-0.5181998610496521,-3.018199920654297,base,Yes
3910,0,1,0.7772998818103892,-0.8577083349227905,-2.10770845413208,base,yes
3911,0,0,0.20181321265898594,-1.7756507396697998,-0.40065068006515503,base,no
3912,0,1,0.7057850278370112,-0.8813861608505249,-1.756386160850525,base,Yes
3913,0,1,0.7310585786300049,-0.5284955501556396,-1.5284955501556396,base,yes
3914,0,0,0.0850990357257195,-2.646756172180176,-0.27175605297088623,base,no
3915,0,1,0.9046505351008906,-0.6805739402770996,-2.9305739402770996,base,Yes
3916,0,1,0.880797071719777,-0.7632706761360168,-2.763270616531372,base,Yes
3917,0,0,0.1329642436335826,-2.227652072906494,-0.35265210270881653,base,no
3918,0,0,0.09534945461636171,-2.741940498352051,-0.49194037914276123,base,no
3919,0,1,0.7310585786300049,-0.501146674156189,-1.501146674156189,base,yes
3920,0,0,0.2689414213699951,-1.9496268033981323,-0.9496268033981323,base,no
3921,0,0,0.29421497216298875,-1.379349946975708,-0.504349946975708,base,no
3922,0,0,0.22270013882530884,-1.7542285919189453,-0.5042285919189453,base,no
3923,0,0,0.13296424019782924,-2.116257667541504,-0.2412576675415039,base,no
3924,0,0,0.24508502416032488,-1.747389554977417,-0.6223896145820618,base,no
3925,0,0,0.24508502416032488,-1.7602663040161133,-0.6352663636207581,base,no
3926,0,0,0.06754669489377622,-3.0989978313446045,-0.47399789094924927,base,no
3927,0,1,0.9241418199787566,-0.46309828758239746,-2.9630982875823975,base,yes
3928,0,0,0.2227001594610082,-2.148684501647949,-0.8986846208572388,base,no
3929,0,1,0.9241418116217418,-0.43298590183258057,-2.932985782623291,base,Yes
3930,0,1,0.8175744673038221,-0.6148820519447327,-2.114881992340088,base,yes
3931,0,0,0.11920291263495983,-2.2670583724975586,-0.26705828309059143,base,no
3932,0,0,0.0850990357257195,-2.59397554397583,-0.21897542476654053,base,no
3933,0,0,0.5,-1.1891062259674072,-1.1891062259674072,base,no
3934,0,1,0.9046505402422645,-0.6791495680809021,-2.929149627685547,base,Yes
3935,0,1,0.5621765008857981,-1.081823706626892,-1.331823706626892,base,yes
3936,0,1,0.6513548646660542,-0.7374473810195923,-1.3624473810195923,base,yes
3937,0,1,0.851952809486198,-0.7204260230064392,-2.470426082611084,base,yes
3938,0,1,0.8175744939732856,-0.6716192960739136,-2.171619415283203,base,yes
3939,0,1,0.8175744673038221,-0.5811462998390198,-2.081146240234375,base,yes
3940,0,0,0.3486451217982255,-1.2580876350402832,-0.6330875754356384,base,no
3941,0,1,0.5926665999540697,-0.9326860904693604,-1.3076860904693604,base,yes
3942,0,0,0.4378234844434674,-1.0290074348449707,-0.7790073752403259,base,no
3943,0,0,0.40733341443526055,-1.1326987743377686,-0.7576988339424133,base,no
3944,0,1,0.7057850154599563,-0.7276659607887268,-1.602665901184082,base,Yes
3945,0,0,0.37754066879814546,-1.3430424928665161,-0.8430424928665161,base,no
3946,0,1,0.5312093733737563,-0.8207816481590271,-0.9457816481590271,base,yes
3947,0,0,0.07585818419975078,-2.883955717086792,-0.38395577669143677,base,no
3948,0,0,0.009708476768000214,-5.066778182983398,-0.4417782127857208,base,no
3949,0,1,0.7057850278370112,-0.752970814704895,-1.627970814704895,base,yes
3950,0,1,0.7981867777396212,-0.5317051410675049,-1.9067051410675049,base,yes
3951,0,1,0.8175744761936437,-0.830986738204956,-2.330986738204956,base,Yes
3952,0,1,0.6224593312018546,-0.6938368082046509,-1.1938368082046509,base,yes
3953,0,1,0.9465966641739773,-0.6897622346878052,-3.5647621154785156,base,yes
3954,0,0,0.14804719051380197,-2.342996120452881,-0.5929960608482361,base,no
3955,0,0,0.09534947004048376,-2.8381028175354004,-0.5881028771400452,base,no
3956,0,1,0.8519528019683106,-0.5879459381103516,-2.3379459381103516,base,yes
3957,0,0,0.14804720179063335,-2.174373149871826,-0.42437317967414856,base,no
3958,0,0,0.10669059394565118,-2.4465644359588623,-0.3215644359588623,base,no
3959,0,0,0.4378234844434674,-1.026399850845337,-0.7763997912406921,base,no
3960,0,0,0.34864513533394575,-1.5682634115219116,-0.9432634115219116,base,no
3961,0,1,0.5926666143433998,-0.7811116576194763,-1.156111717224121,base,yes
3962,0,1,0.8519528019683106,-0.5077850818634033,-2.2577850818634033,base,yes
3963,0,0,0.4073334000459302,-1.3556698560714722,-0.9806698560714722,base,no
3964,0,1,0.6513548646660542,-0.7521748542785645,-1.3771748542785645,base,yes
3965,0,0,0.16451645470385742,-2.027863025665283,-0.4028629660606384,base,no
3966,0,1,0.8933094003735664,-0.6347551941871643,-2.7597551345825195,base,yes
3967,0,0,0.20181322226037882,-1.887681245803833,-0.512681245803833,base,no
3968,0,0,0.34864513533394575,-1.6572911739349365,-1.0322911739349365,base,no
3969,0,1,0.7057850402140659,-0.684696614742279,-1.5596966743469238,base,yes
3970,0,0,0.46879062662624377,-0.9968165159225464,-0.8718165159225464,base,no
3971,0,0,0.14804718675485834,-2.155519485473633,-0.40551939606666565,base,no
3972,0,0,0.4378234991142019,-1.1171869039535522,-0.8671869039535522,base,no
3973,0,1,0.7310585669110203,-0.5233233571052551,-1.5233232975006104,base,yes
3974,0,0,0.3775406828054583,-1.2037506103515625,-0.7037506699562073,base,no
3975,0,1,0.8354835289107309,-0.7933221459388733,-2.4183220863342285,base,yes
3976,0,0,0.29421497216298875,-1.6304569244384766,-0.7554569244384766,base,no
3977,0,0,0.32082130082460697,-1.3165518045425415,-0.5665518045425415,base,no
3978,0,1,0.8175744850834649,-0.5811418890953064,-2.081141948699951,base,yes
3979,0,0,0.46879062662624377,-1.3428646326065063,-1.2178646326065063,base,no
3980,0,1,0.7310585786300049,-0.9714220762252808,-1.9714220762252808,base,Yes
3981,0,0,0.10669059394565118,-2.6945910453796387,-0.5695910453796387,base,no
3982,0,0,0.16451646699291617,-2.09525728225708,-0.47025731205940247,base,no
3983,0,0,0.04742587317756679,-3.3832435607910156,-0.3832435607910156,base,no
3984,0,0,0.4378235137849365,-1.2229900360107422,-0.972990095615387,base,no
3985,0,0,0.07585818733363135,-2.7125961780548096,-0.21259628236293793,base,no
3986,0,1,0.5621765008857981,-0.8815289735794067,-1.1315289735794067,base,yes
3987,0,0,0.16451645470385742,-1.8776264190673828,-0.25262635946273804,base,no
3988,0,0,0.18242551936144574,-1.994699239730835,-0.4946992099285126,base,no
3989,0,0,0.07585818211049715,-2.918511390686035,-0.41851142048835754,base,no
3990,0,0,0.10669059394565118,-2.5867323875427246,-0.4617323875427246,base,no
3991,0,0,0.5,-0.8933213949203491,-0.8933213949203491,base,no
3992,0,1,0.880797071719777,-0.5129514336585999,-2.512951374053955,base,yes
3993,0,0,0.1066905825840872,-2.492558002471924,-0.3675578832626343,base,no
3994,0,0,0.34864513533394575,-1.6594126224517822,-1.0344126224517822,base,no
3995,0,1,0.7549149648117217,-0.953433632850647,-2.0784335136413574,base,Yes
3996,0,1,0.7310585786300049,-0.6524554491043091,-1.652455449104309,base,yes
3997,0,0,0.0850990519679964,-2.709282159805298,-0.334282249212265,base,no
3998,0,0,0.01243165304850344,-4.50478982925415,-0.12979000806808472,base,no
3999,0,0,0.1480472055495773,-2.1070504188537598,-0.35705047845840454,base,no
4000,0,0,0.07585818837825822,-2.9915647506713867,-0.49156486988067627,base,no
4001,0,1,0.7057850278370112,-0.6436712741851807,-1.5186712741851807,base,yes
4002,0,1,0.5312093733737563,-0.9670214653015137,-1.0920214653015137,base,yes
4003,0,0,0.1824255415859996,-2.0750651359558105,-0.5750652551651001,base,no
4004,0,0,0.3486451488696663,-1.265604019165039,-0.6406040787696838,base,no
4005,0,1,0.5312093733737563,-1.0056772232055664,-1.1306772232055664,base,yes
4006,0,0,0.10669059962643358,-2.498521089553833,-0.3735211491584778,base,no
4007,0,1,0.5312093733737563,-0.8514452576637268,-0.9764452576637268,base,yes
4008,0,1,0.7981867777396212,-0.5665450096130371,-1.941545009613037,base,yes
4009,0,0,0.16451644651115205,-2.1734046936035156,-0.5484045743942261,base,no
4010,0,1,0.8670357735451834,-0.6531170606613159,-2.5281171798706055,base,yes
4011,0,0,0.20181322226037882,-2.0358569622039795,-0.6608569622039795,base,no
4012,0,1,0.9324533088603709,-0.5010862350463867,-3.1260862350463867,base,yes
4013,0,0,0.07585818106587033,-2.7429556846618652,-0.24295569956302643,base,no
4014,0,0,0.3208212878370535,-1.4101531505584717,-0.6601530909538269,base,no
4015,0,0,0.04208772851637929,-3.2925193309783936,-0.16751934587955475,base,no
4016,0,1,0.9465966702001757,-0.6927905082702637,-3.5677905082702637,base,yes
4017,0,0,0.2018132270610754,-1.7141869068145752,-0.3391869366168976,base,no
4018,0,0,0.5,-1.0491952896118164,-1.0491952896118164,base,no
4019,0,0,0.09534945718704857,-2.630323648452759,-0.3803235590457916,base,no
4020,0,1,0.7057850402140659,-0.8076862692832947,-1.6826863288879395,base,yes
4021,0,0,0.03732688948593843,-3.766854763031006,-0.5168548226356506,base,no
4022,0,0,0.05340333431947304,-3.0421831607818604,-0.16718325018882751,base,no
4023,0,1,0.7057850154599563,-0.6440394520759583,-1.5190393924713135,base,yes
4024,0,1,0.8670357735451834,-0.5612195730209351,-2.4362196922302246,base,yes
4025,0,1,0.9324533032291502,-0.42079219222068787,-3.0457921028137207,base,yes
4026,0,1,0.7981867777396212,-0.5229717493057251,-1.897971749305725,base,yes
4027,0,1,0.6513548646660542,-1.0599658489227295,-1.6849658489227295,base,Yes
4028,0,0,0.18242550602671442,-2.115386486053467,-0.6153863668441772,base,no
4029,0,0,0.3486451217982255,-1.2262964248657227,-0.6012963652610779,base,no
4030,0,0,0.5,-1.2808420658111572,-1.2808420658111572,base,No
4031,0,1,0.8670357460591569,-0.7225457429885864,-2.597545623779297,base,yes
4032,0,0,0.09534947004048376,-2.606656789779663,-0.35665684938430786,base,no
4033,0,1,0.8807970779778823,-0.6115922927856445,-2.6115922927856445,base,yes
4034,0,1,0.5926665999540697,-0.8024156093597412,-1.1774156093597412,base,yes
4035,0,0,0.2689414096510108,-1.607346534729004,-0.6073464751243591,base,no
4036,0,0,0.2689414213699951,-1.711262583732605,-0.711262583732605,base,No
4037,0,1,0.8175744850834649,-0.44527667760849,-1.9452767372131348,base,yes
4038,0,1,0.893309411735131,-0.46190494298934937,-2.586905002593994,base,yes
4039,0,0,0.04742587721667508,-3.24448823928833,-0.24448832869529724,base,no
4040,0,0,0.46879062662624377,-1.3305206298828125,-1.2055206298828125,base,No
4041,0,1,0.5312093733737563,-1.1186060905456543,-1.2436060905456543,base,yes
4042,0,0,0.3775406547908327,-1.4460980892181396,-0.9460980296134949,base,no
4043,0,0,0.24508501313237172,-1.888566255569458,-0.763566255569458,base,no
4044,0,0,0.2942149845400438,-1.5232911109924316,-0.6482911705970764,base,no
4045,0,1,0.7310585669110203,-0.6175926327705383,-1.6175925731658936,base,yes
4046,0,1,0.5312093733737563,-0.9708356857299805,-1.0958356857299805,base,yes
4047,0,1,0.798186768138228,-0.5612362027168274,-1.9362361431121826,base,yes
4048,0,0,0.22270012850745968,-1.7288239002227783,-0.47882384061813354,base,no
4049,0,0,0.022977369240981062,-3.984964609146118,-0.23496457934379578,base,no
4050,0,1,0.7549149868676283,-0.6134465932846069,-1.738446593284607,base,yes
4051,0,0,0.03732688948593843,-3.682957649230957,-0.4329577088356018,base,no
4052,0,1,0.5621764862150634,-0.8830259442329407,-1.133025884628296,base,yes
4053,0,0,0.32082130082460697,-1.3248933553695679,-0.5748933553695679,base,no
4054,0,0,0.32082130082460697,-1.6193068027496338,-0.8693068027496338,base,no
4055,0,1,0.5312093733737563,-0.8100919127464294,-0.9350919127464294,base,yes
4056,0,0,0.3775406547908327,-1.4012937545776367,-0.9012936949729919,base,no
4057,0,1,0.9525741268224334,-0.6290857791900635,-3.6290857791900635,base,Yes
4058,0,1,0.8519528019683106,-0.5460619926452637,-2.2960619926452637,base,yes
4059,0,0,0.1480471829959148,-2.3563809394836426,-0.606380820274353,base,no
4060,0,1,0.914900945711678,-0.6203180551528931,-2.9953179359436035,base,Yes
4061,0,1,0.754914975839675,-0.884364902973175,-2.0093648433685303,base,yes
4062,0,1,0.7981867873410141,-0.728761613368988,-2.103761672973633,base,yes
4063,0,1,0.5621765008857981,-0.823161244392395,-1.073161244392395,base,yes
4064,0,0,0.10669060530721626,-2.818148612976074,-0.6931487321853638,base,no
4065,0,0,0.08509903804604459,-2.8515727519989014,-0.4765726625919342,base,no
4066,0,0,0.3208213138121609,-1.39707612991333,-0.6470761895179749,base,no
4067,0,1,0.5312093733737563,-1.0323433876037598,-1.1573433876037598,base,yes
4068,0,1,0.7057850278370112,-0.9132071733474731,-1.7882071733474731,base,Yes
4069,0,0,0.5,-1.116835594177246,-1.116835594177246,base,no
4070,0,0,0.37754066879814546,-1.2437121868133545,-0.7437121868133545,base,no
4071,0,0,0.46879062662624377,-0.9860248565673828,-0.8610248565673828,base,no
4072,0,1,0.8933094174159129,-0.7984308004379272,-2.923430919647217,base,Yes
4073,0,0,0.1480471829959148,-2.2281289100646973,-0.4781287908554077,base,no
4074,0,1,0.754914975839675,-0.6889258027076721,-1.8139257431030273,base,yes
4075,0,0,0.07585817793199003,-2.8581998348236084,-0.358199805021286,base,no
4076,0,0,0.1066905825840872,-2.4484524726867676,-0.323452353477478,base,no
4077,0,1,0.798186768138228,-0.6030715107917786,-1.9780714511871338,base,yes
4078,0,0,0.0953494648991095,-2.661632776260376,-0.411632776260376,base,no
4079,0,0,0.14804721306746543,-2.26295804977417,-0.5129581689834595,base,no
4080,0,0,0.022977364557669702,-4.4030609130859375,-0.6530606746673584,base,no
4081,0,0,0.3208212878370535,-1.474501132965088,-0.7245010733604431,base,no
4082,0,0,0.06754669301670263,-2.875562906265259,-0.2505629360675812,base,no
4083,0,1,0.952574129515172,-0.683222234249115,-3.6832222938537598,base,yes
4084,0,0,0.1480472055495773,-2.440070390701294,-0.6900704503059387,base,no
4085,0,1,0.914900945711678,-0.6639786958694458,-3.0389785766601562,base,yes
4086,0,1,0.6513548646660542,-0.9799610376358032,-1.6049610376358032,base,yes
4087,0,1,0.9241418116217418,-0.6671134233474731,-3.1671133041381836,base,Yes
4088,0,0,0.5,-1.2930487394332886,-1.2930487394332886,base,no
4089,0,1,0.5621765008857981,-0.9523041248321533,-1.2023041248321533,base,yes
4090,0,1,0.7310585786300049,-0.7284256219863892,-1.7284256219863892,base,yes
4091,0,0,0.4073334000459302,-1.1858943700790405,-0.8108943700790405,base,no
4092,0,0,0.18242552825126704,-1.8201634883880615,-0.3201635181903839,base,no
4093,0,1,0.7981867873410141,-0.46767181158065796,-1.8426718711853027,base,yes
4094,0,1,0.798186768138228,-0.6442788243293762,-2.0192787647247314,base,yes
4095,0,0,0.06008665017400762,-3.2619898319244385,-0.5119898319244385,base,no
4096,0,0,0.18242552380635632,-2.3505287170410156,-0.8505287170410156,base,no
4097,0,0,0.07585817166422973,-3.028611660003662,-0.5286115407943726,base,no
4098,0,0,0.2689414213699951,-1.5933444499969482,-0.5933444499969482,base,no
4099,0,0,0.16451645880021026,-2.103107452392578,-0.47810742259025574,base,no
4100,0,1,0.754914997895581,-0.6420208811759949,-1.7670209407806396,base,yes
4101,0,0,0.46879062662624377,-1.0706535577774048,-0.9456535577774048,base,no
4102,0,1,0.851952809486198,-0.841911256313324,-2.5919113159179688,base,Yes
4103,0,1,0.893309411735131,-0.5080141425132751,-2.63301420211792,base,Yes
4104,0,1,0.7772998611746911,-0.7054277658462524,-1.9554277658462524,base,yes
4105,0,0,0.18242552825126704,-1.919925570487976,-0.41992560029029846,base,no
4106,0,0,0.14804719427274565,-2.1227760314941406,-0.37277600169181824,base,no
4107,0,0,0.1480471829959148,-2.225648880004883,-0.47564876079559326,base,no
4108,0,1,0.8670357598021706,-0.7797870635986328,-2.654787063598633,base,Yes
4109,0,1,0.8175744584140004,-0.5087124109268188,-2.0087122917175293,base,yes
4110,0,0,0.4378234991142019,-1.2860209941864014,-1.0360209941864014,base,no
4111,0,1,0.5312093733737563,-1.2480638027191162,-1.3730638027191162,base,Yes
4112,0,0,0.06008665354025422,-3.432018280029297,-0.6820183396339417,base,No
4113,0,1,0.5621765008857981,-1.1004844903945923,-1.3504844903945923,base,yes
4114,0,0,0.022977366564803023,-4.008545875549316,-0.25854572653770447,base,no
4115,0,1,0.5312093733737563,-0.981115460395813,-1.106115460395813,base,yes
4116,0,0,0.047425875197120895,-3.171398878097534,-0.17139892280101776,base,no
4117,0,1,0.9149009596336303,-0.565734326839447,-2.940734386444092,base,yes
4118,0,1,0.867035752930664,-0.6636224389076233,-2.5386223793029785,base,yes
4119,0,1,0.7549149868676283,-0.5491296052932739,-1.674129605293274,base,yes
4120,0,1,0.6513548782017746,-0.7791523337364197,-1.4041523933410645,base,yes
4121,0,0,0.4073334000459302,-1.184309959411621,-0.8093099594116211,base,no
4122,0,1,0.5926665999540697,-0.9176183938980103,-1.2926183938980103,base,yes
4123,0,0,0.06754668926255561,-3.076104164123535,-0.45110413432121277,base,no
4124,0,0,0.06008665101556925,-2.941279649734497,-0.19127966463565826,base,no
4125,0,0,0.18242552380635632,-2.0285987854003906,-0.5285987854003906,base,no
4126,0,0,0.10669059394565118,-2.743891954421997,-0.6188919544219971,base,No
4127,0,0,0.5,-1.2585344314575195,-1.2585344314575195,base,no
4128,0,1,0.7310585786300049,-0.6792181730270386,-1.6792181730270386,base,yes
4129,0,0,0.04208772791561884,-3.7415921688079834,-0.6165921688079834,base,no
4130,0,1,0.7549149868676283,-0.7255395650863647,-1.8505395650863647,base,yes
4131,0,1,0.7057850278370112,-0.7618556022644043,-1.6368556022644043,base,yes
4132,0,1,0.8670357598021706,-0.7789878845214844,-2.6539878845214844,base,Yes
4133,0,0,0.20181323186177208,-1.8087711334228516,-0.43377119302749634,base,no
4134,0,1,0.5621765008857981,-0.951094388961792,-1.201094388961792,base,yes
4135,0,1,0.5621765008857981,-0.9153192043304443,-1.1653192043304443,base,yes
4136,0,0,0.14804719051380197,-2.182941198348999,-0.43294113874435425,base,no
4137,0,1,0.8933094003735664,-0.5369055867195129,-2.661905527114868,base,yes
4138,0,1,0.8807970748488297,-0.4400487244129181,-2.4400486946105957,base,yes
4139,0,1,0.5621765008857981,-0.8819222450256348,-1.1319222450256348,base,yes
4140,0,0,0.11920290950590741,-2.7403645515441895,-0.7403644323348999,base,No
4141,0,0,0.08509904036636974,-2.672194480895996,-0.2971944212913513,base,no
4142,0,1,0.8670357701094303,-0.28493228554725647,-2.1599323749542236,base,yes
4143,0,0,0.40733341443526055,-1.374124526977539,-0.9991245865821838,base,no
4144,0,0,0.16451646699291617,-1.9664499759674072,-0.3414500057697296,base,no
4145,0,1,0.9046505299595163,-0.7303748726844788,-2.980374813079834,base,yes
4146,0,1,0.7981867777396212,-0.5975756645202637,-1.9725756645202637,base,yes
4147,0,0,0.033085978388704126,-4.037293910980225,-0.6622939109802246,base,no
4148,0,1,0.6224593312018546,-0.8205417394638062,-1.3205417394638062,base,yes
4149,0,0,0.4378234991142019,-1.1364052295684814,-0.8864052295684814,base,no
4150,0,0,0.22270013882530884,-2.089751958847046,-0.8397519588470459,base,No
4151,0,1,0.5621765008857981,-0.8421725034713745,-1.0921725034713745,base,yes
4152,0,0,0.22270012850745968,-1.7835314273834229,-0.5335313677787781,base,no
4153,0,0,0.2942149845400438,-1.508439302444458,-0.6334393620491028,base,no
4154,0,1,0.8670357666736773,-0.6205682158470154,-2.49556827545166,base,yes
4155,0,1,0.5312093733737563,-0.9242175817489624,-1.0492175817489624,base,yes
4156,0,0,0.4378234991142019,-1.1351689100265503,-0.8851689100265503,base,no
4157,0,0,0.2018132270610754,-1.7211494445800781,-0.3461494743824005,base,no
4158,0,1,0.880797071719777,-0.5547910332679749,-2.55479097366333,base,yes
4159,0,1,0.8175744673038221,-0.673180878162384,-2.1731808185577393,base,yes
4160,0,0,0.40733341443526055,-1.130035161972046,-0.7550352215766907,base,no
4161,0,0,0.3486451217982255,-1.2910473346710205,-0.6660472750663757,base,no
4162,0,0,0.29421497216298875,-1.6313310861587524,-0.7563310861587524,base,no
4163,0,0,0.22270013882530884,-1.8173519372940063,-0.5673519372940063,base,no
4164,0,1,0.7772998611746911,-0.4939231872558594,-1.7439231872558594,base,yes
4165,0,0,0.20181323186177208,-2.1161458492279053,-0.74114590883255,base,no
4166,0,0,0.4073334000459302,-1.4248837232589722,-1.0498837232589722,base,no
4167,0,1,0.7772998611746911,-0.6666978597640991,-1.9166978597640991,base,Yes
4168,0,0,0.10669059962643358,-2.5607759952545166,-0.4357760548591614,base,no
4169,0,0,0.07585817584273653,-3.024379253387451,-0.5243791937828064,base,no
4170,0,1,0.6513548646660542,-1.037781834602356,-1.662781834602356,base,Yes
4171,0,1,0.7310585786300049,-0.6508729457855225,-1.6508729457855225,base,yes
4172,0,0,0.042087731520181665,-3.4662795066833496,-0.3412795960903168,base,no
4173,0,0,0.32082130082460697,-1.5348212718963623,-0.7848212718963623,base,no
4174,0,1,0.7549149868676283,-0.5531594753265381,-1.678159475326538,base,yes
4175,0,0,0.0850990357257195,-2.6511926651000977,-0.2761925458908081,base,no
4176,0,0,0.022977371248114782,-3.943753480911255,-0.19375354051589966,base,no
4177,0,0,0.2689414213699951,-1.7220346927642822,-0.7220346927642822,base,no
4178,0,0,0.4378234844434674,-1.07527756690979,-0.8252775073051453,base,no
4179,0,0,0.2689414330889798,-1.83990478515625,-0.8399048447608948,base,No
4180,0,0,0.0534033328129234,-3.1511106491088867,-0.2761107087135315,base,no
4181,0,1,0.8519527944504226,-0.6216116547584534,-2.3716115951538086,base,yes
4182,0,1,0.7057850402140659,-0.5874912142753601,-1.4624912738800049,base,yes
4183,0,0,0.18242552380635632,-2.0055394172668457,-0.5055394172668457,base,no
4184,0,0,0.07585818419975078,-3.1062369346618652,-0.60623699426651,base,no
4185,0,1,0.5621765008857981,-1.02511465549469,-1.27511465549469,base,yes
4186,0,0,0.09534945718704857,-2.607281446456909,-0.357281357049942,base,no
4187,0,1,0.8354835371034369,-0.5790536403656006,-2.2040536403656006,base,Yes
4188,0,0,0.1066905854244781,-2.465898275375366,-0.34089818596839905,base,no
4189,0,0,0.22270014398423357,-1.6297545433044434,-0.37975457310676575,base,no
4190,0,1,0.7310585786300049,-0.8492014408111572,-1.8492014408111572,base,yes
4191,0,0,0.1066905854244781,-2.447106122970581,-0.3221060335636139,base,no
4192,0,0,0.1480471829959148,-2.3695669174194336,-0.619566798210144,base,no
4193,0,0,0.3775406828054583,-1.4022765159606934,-0.9022765755653381,base,no
4194,0,1,0.5926665855647394,-0.8768599629402161,-1.2518599033355713,base,yes
4195,0,1,0.7057850154599563,-0.5138917565345764,-1.3888916969299316,base,yes
4196,0,0,0.06754669489377622,-2.9720587730407715,-0.34705883264541626,base,no
4197,0,1,0.5926665999540697,-0.8591150045394897,-1.2341150045394897,base,yes
4198,0,1,0.5926665855647394,-0.7098119854927063,-1.0848119258880615,base,yes
4199,0,0,0.3486451217982255,-1.2340734004974365,-0.6090733408927917,base,no
4200,0,1,0.6224593452091672,-0.8576008677482605,-1.3576009273529053,base,yes
4201,0,0,0.24508501313237172,-1.6820135116577148,-0.5570135116577148,base,no
4202,0,1,0.893309411735131,-0.7432932257652283,-2.868293285369873,base,yes
4203,0,1,0.754914975839675,-0.4790876507759094,-1.6040875911712646,base,yes
4204,0,0,0.2689414096510108,-1.551070213317871,-0.5510701537132263,base,no
4205,0,1,0.9669140216112958,-0.6703624725341797,-4.04536247253418,base,yes
4206,0,1,0.6513548646660542,-1.0182982683181763,-1.6432982683181763,base,yes
4207,0,0,0.06754669301670263,-2.9768238067626953,-0.3518238365650177,base,no
4208,0,0,0.3486451217982255,-1.2155940532684326,-0.5905939936637878,base,no
4209,0,0,0.042087723109535534,-3.38527250289917,-0.26027238368988037,base,no
4210,0,1,0.8175744673038221,-0.8201177716255188,-2.320117712020874,base,yes
4211,0,0,0.015906394977364253,-4.373380661010742,-0.2483808696269989,base,no
4212,0,1,0.8354835289107309,-0.5549114346504211,-2.1799113750457764,base,yes
4213,0,0,0.06754669207816587,-2.8566572666168213,-0.23165728151798248,base,no
4214,0,0,0.1066905854244781,-2.3748631477355957,-0.24986305832862854,base,no
4215,0,1,0.914900957313305,-0.34108230471611023,-2.7160823345184326,base,yes
4216,0,0,0.4378234991142019,-1.1503090858459473,-0.9003090858459473,base,no
4217,0,0,0.20181322226037882,-2.142932176589966,-0.7679321765899658,base,no
4218,0,0,0.060086648490884395,-3.1512231826782227,-0.40122315287590027,base,no
4219,0,1,0.8807970654616711,-0.6116105318069458,-2.6116104125976562,base,Yes
4220,0,0,0.4378234991142019,-1.262669324874878,-1.012669324874878,base,no
4221,0,1,0.8933094060543487,-0.7489659786224365,-2.8739659786224365,base,Yes
4222,0,1,0.6513548646660542,-0.7451143264770508,-1.3701143264770508,base,yes
4223,0,0,0.37754066879814546,-1.2733244895935059,-0.7733244895935059,base,no
4224,0,0,0.060086652698692546,-2.974762201309204,-0.22476224601268768,base,no
4225,0,1,0.7310585669110203,-0.9260538220405579,-1.926053762435913,base,yes
4226,0,0,0.13296422989056964,-2.34106707572937,-0.46606698632240295,base,no
4227,0,0,0.4073334000459302,-1.1743658781051636,-0.7993658781051636,base,no
4228,0,0,0.13296425050508953,-2.2184271812438965,-0.34342727065086365,base,no
4229,0,1,0.7772998508568416,-0.6222606301307678,-1.872260570526123,base,yes
4230,0,1,0.6224593171945417,-0.9576497673988342,-1.4576497077941895,base,yes
4231,0,1,0.8175744761936437,-0.6585597991943359,-2.158559799194336,base,yes
4232,0,0,0.4073334000459302,-1.3170905113220215,-0.9420905113220215,base,no
4233,0,1,0.8670357598021706,-0.6638586521148682,-2.538858652114868,base,yes
4234,0,0,0.06008665354025422,-3.2242300510406494,-0.4742301106452942,base,no
4235,0,0,0.053403329799824234,-3.1731696128845215,-0.2981696128845215,base,no
4236,0,1,0.7981867777396212,-0.5320003032684326,-1.9070003032684326,base,yes
4237,0,1,0.754914997895581,-0.6200553774833679,-1.7450554370880127,base,yes
4238,0,0,0.14804719051380197,-2.4158172607421875,-0.6658172011375427,base,no
4239,0,1,0.9465966686936261,-0.4073934853076935,-3.282393455505371,base,yes
4240,0,0,0.18242550602671442,-2.0510783195495605,-0.551078200340271,base,no
4241,0,1,0.9046505402422645,-0.5286239981651306,-2.7786240577697754,base,yes
4242,0,0,0.017986209962091555,-4.4132843017578125,-0.4132843017578125,base,no
4243,0,0,0.16451647108926923,-2.0725274085998535,-0.4475274682044983,base,no
4244,0,1,0.5621765008857981,-1.0828473567962646,-1.3328473567962646,base,yes
4245,0,1,0.5926665999540697,-0.7725294828414917,-1.1475294828414917,base,yes
4246,0,1,0.9149009549929797,-0.7799246311187744,-3.1549246311187744,base,Yes
4247,0,1,0.9046505453836383,-0.6797236204147339,-2.9297237396240234,base,yes
4248,0,0,0.0953494648991095,-2.5563759803771973,-0.30637598037719727,base,no
4249,0,1,0.8175744673038221,-0.7215693593025208,-2.221569299697876,base,yes
4250,0,0,0.13296424019782924,-2.3673946857452393,-0.49239468574523926,base,no
4251,0,0,0.11920291576401235,-2.4458866119384766,-0.4458865523338318,base,no
4252,0,0,0.03732688627322502,-3.528923749923706,-0.27892372012138367,base,no
4253,0,0,0.16451645470385742,-2.08548641204834,-0.46048635244369507,base,no
4254,0,0,0.5,-1.1900594234466553,-1.1900594234466553,base,no
4255,0,0,0.5,-0.9931176900863647,-0.9931176900863647,base,no
4256,0,0,0.02931223202330563,-3.6658847332000732,-0.16588477790355682,base,no
4257,0,0,0.46879061178313897,-1.1208934783935547,-0.9958934187889099,base,no
4258,0,1,0.8933093946927838,-0.5860716104507446,-2.711071491241455,base,yes
4259,0,1,0.5926666143433998,-0.8215755820274353,-1.19657564163208,base,yes
4260,0,0,0.07585818837825822,-3.0593810081481934,-0.5593811273574829,base,no
4261,0,0,0.4073334000459302,-1.2027790546417236,-0.8277790546417236,base,no
4262,0,1,0.8933094060543487,-0.6341390609741211,-2.759139060974121,base,yes
4263,0,1,0.5312093733737563,-0.9813579320907593,-1.1063579320907593,base,yes
4264,0,1,0.7057850154599563,-0.9585428833961487,-1.833542823791504,base,yes
4265,0,0,0.10669060530721626,-2.4774746894836426,-0.35247480869293213,base,no
4266,0,0,0.060086646807761206,-3.2867555618286133,-0.5367555022239685,base,no
4267,0,0,0.020332355717182622,-4.10530424118042,-0.23030436038970947,base,no
4268,0,0,0.13296423676207594,-2.1903698444366455,-0.3153698146343231,base,no
4269,0,1,0.8175744761936437,-0.6544945240020752,-2.154494524002075,base,Yes
4270,0,0,0.32082130082460697,-1.4737218618392944,-0.7237218618392944,base,no
4271,0,0,0.29421497216298875,-1.6124255657196045,-0.7374255657196045,base,no
4272,0,0,0.46879062662624377,-1.1453132629394531,-1.0203132629394531,base,no
4273,0,0,0.14804721306746543,-2.2933244705200195,-0.5433245897293091,base,no
4274,0,1,0.5621765008857981,-1.0528881549835205,-1.3028881549835205,base,yes
4275,0,1,0.679178699175393,-0.5989499092102051,-1.348949909210205,base,yes
4276,0,0,0.4073334000459302,-1.3615530729293823,-0.9865530729293823,base,No
4277,0,0,0.20181323186177208,-2.0387489795684814,-0.6637490391731262,base,no
4278,0,1,0.7549149868676283,-0.8514353036880493,-1.9764353036880493,base,yes
4279,0,0,0.22270014914315833,-1.7077057361602783,-0.4577057957649231,base,no
4280,0,1,0.851952809486198,-0.4652196764945984,-2.215219736099243,base,yes
4281,0,0,0.46879062662624377,-1.229334831237793,-1.104334831237793,base,no
4282,0,0,0.1480471980316895,-2.312678337097168,-0.562678337097168,base,no
4283,0,0,0.042087731520181665,-3.304304838180542,-0.17930492758750916,base,no
4284,0,0,0.14804718675485834,-2.026552438735962,-0.27655234932899475,base,no
4285,0,0,0.0600866518571309,-3.011569023132324,-0.2615690529346466,base,no
4286,0,0,0.24508502416032488,-1.8665649890899658,-0.7415650486946106,base,no
4287,0,0,0.4378234991142019,-1.2896454334259033,-1.0396454334259033,base,no
4288,0,0,0.3486451217982255,-1.2793047428131104,-0.6543046832084656,base,no
4289,0,0,0.3486451488696663,-1.245309591293335,-0.6203096508979797,base,no
4290,0,0,0.20181322226037882,-2.0660016536712646,-0.6910016536712646,base,no
4291,0,0,0.2227001594610082,-2.0461816787719727,-0.7961817979812622,base,no
4292,0,0,0.37754066879814546,-1.4251552820205688,-0.9251552820205688,base,no
4293,0,1,0.7310585786300049,-0.6432700157165527,-1.6432700157165527,base,yes
4294,0,0,0.40733341443526055,-1.2723877429962158,-0.8973878026008606,base,no
4295,0,0,0.13296424706933604,-2.257540702819824,-0.382540762424469,base,no
4296,0,1,0.8519527869325346,-0.6264806985855103,-2.3764805793762207,base,yes
4297,0,0,0.13296425394084313,-2.447895050048828,-0.5728951692581177,base,no
4298,0,0,0.16451646699291617,-1.9848076105117798,-0.3598076403141022,base,no
4299,0,1,0.7772998560157665,-0.4501393139362335,-1.7001392841339111,base,yes
4300,0,0,0.22270013882530884,-1.8863670825958252,-0.6363670825958252,base,no
4301,0,0,0.14804719427274565,-2.1474592685699463,-0.3974592387676239,base,no
4302,0,0,0.0474258704848281,-3.530254364013672,-0.5302543044090271,base,no
4303,0,1,0.7981867777396212,-0.5671837329864502,-1.9421837329864502,base,yes
4304,0,0,0.1480472055495773,-2.2141432762145996,-0.4641433358192444,base,no
4305,0,0,0.22270013366638422,-1.638466238975525,-0.3884662091732025,base,no
4306,0,0,0.3486451217982255,-1.3638670444488525,-0.7388669848442078,base,no
4307,0,0,0.09534945975773548,-2.5565271377563477,-0.3065270781517029,base,no
4308,0,1,0.5621765155565327,-0.8251392245292664,-1.0751392841339111,base,yes
4309,0,1,0.8807970842359877,-0.8242682814598083,-2.824268341064453,base,Yes
4310,0,0,0.29421497216298875,-1.4407120943069458,-0.5657120943069458,base,no
4311,0,0,0.0758581737534831,-2.8289942741394043,-0.32899418473243713,base,no
4312,0,0,0.06008665354025422,-3.113046407699585,-0.36304646730422974,base,no
4313,0,0,0.5,-1.1285992860794067,-1.1285992860794067,base,no
4314,0,0,0.13296424019782924,-2.1778526306152344,-0.3028526306152344,base,no
4315,0,0,0.020332356310813628,-4.128655910491943,-0.2536560595035553,base,no
4316,0,1,0.6513548782017746,-0.7788087725639343,-1.403808832168579,base,yes
4317,0,1,0.8519527944504226,-0.4687841534614563,-2.2187840938568115,base,yes
4318,0,1,0.7981867777396212,-0.5923737287521362,-1.9673737287521362,base,yes
4319,0,0,0.18242553269617778,-1.9655802249908447,-0.4655802845954895,base,no
4320,0,0,0.08509904964767095,-2.596285343170166,-0.2212854027748108,base,no
4321,0,0,0.29421497216298875,-1.7890782356262207,-0.9140782356262207,base,no
4322,0,1,0.8807970748488297,-0.4711625874042511,-2.4711625576019287,base,yes
4323,0,1,0.7310585786300049,-0.7273572683334351,-1.727357268333435,base,yes
4324,0,1,0.679178699175393,-0.8786541223526001,-1.6286541223526,base,yes
4325,0,0,0.16451644651115205,-2.004899501800537,-0.37989938259124756,base,no
4326,0,0,0.4378235137849365,-1.051034688949585,-0.8010347485542297,base,no
4327,0,0,0.03308597648187432,-3.7038373947143555,-0.3288373351097107,base,no
4328,0,0,0.4073334000459302,-1.2900015115737915,-0.9150015115737915,base,no
4329,0,0,0.1329642333263228,-2.340470552444458,-0.46547049283981323,base,no
4330,0,1,0.8933094003735664,-0.3974815011024475,-2.5224814414978027,base,yes
4331,0,0,0.04208772431105632,-3.4694125652313232,-0.3444124758243561,base,no
4332,0,0,0.11920291732853862,-2.212287187576294,-0.21228714287281036,base,no
4333,0,1,0.8519528019683106,-0.6744215488433838,-2.424421548843384,base,yes
4334,0,0,0.07585818837825822,-2.9960875511169434,-0.4960876703262329,base,no
4335,0,0,0.025957353430251177,-4.0105791091918945,-0.3855789601802826,base,no
4336,0,0,0.13296425394084313,-2.2933826446533203,-0.41838276386260986,base,no
4337,0,0,0.07585817166422973,-3.0604982376098633,-0.5604981184005737,base,no
4338,0,1,0.7772998508568416,-0.752683699131012,-2.002683639526367,base,yes
4339,0,1,0.8519527906914787,-0.383218377828598,-2.133218288421631,base,yes
4340,0,0,0.5,-0.9435067772865295,-0.9435067772865295,base,no
4341,0,0,0.5,-0.9741772413253784,-0.9741772413253784,base,no
4342,0,0,0.11920290950590741,-2.333751678466797,-0.3337515592575073,base,no
4343,0,1,0.7057850154599563,-0.6783686280250549,-1.5533685684204102,base,yes
4344,0,0,0.1329642333263228,-2.240852117538452,-0.3658520579338074,base,no
4345,0,1,0.5312093733737563,-1.0869189500808716,-1.2119189500808716,base,yes
4346,0,0,0.10669058826486906,-2.409142255783081,-0.2841421961784363,base,no
4347,0,0,0.22270013366638422,-1.6724382638931274,-0.42243823409080505,base,no
4348,0,1,0.5621765155565327,-0.9919728636741638,-1.2419729232788086,base,yes
4349,0,0,0.0675466911396291,-3.317763566970825,-0.6927635669708252,base,no
4350,0,1,0.7310585786300049,-0.6304880380630493,-1.6304880380630493,base,yes
4351,0,1,0.7310585786300049,-0.912635326385498,-1.912635326385498,base,yes
4352,0,0,0.29421497216298875,-1.6532374620437622,-0.7782374620437622,base,no
4353,0,0,0.042087723109535534,-3.6464037895202637,-0.5214036703109741,base,no
4354,0,1,0.8354835452961425,-0.6448552012443542,-2.269855260848999,base,yes
4355,0,0,0.015906388446265834,-4.431732654571533,-0.3067324459552765,base,no
4356,0,1,0.6224593312018546,-1.0993826389312744,-1.5993826389312744,base,Yes
4357,0,0,0.20181324146316565,-2.066810131072998,-0.6918102502822876,base,no
4358,0,1,0.939913354875362,-0.4508267939090729,-3.20082688331604,base,yes
4359,0,0,0.025957356444287677,-3.8647680282592773,-0.23976799845695496,base,no
4360,0,1,0.7057850278370112,-0.5113179683685303,-1.3863179683685303,base,yes
4361,0,0,0.37754066879814546,-1.5516563653945923,-1.0516563653945923,base,no
4362,0,0,0.0675466911396291,-3.037018060684204,-0.4120180606842041,base,no
4363,0,0,0.22270014914315833,-1.9583418369293213,-0.7083418965339661,base,no
4364,0,1,0.7772998611746911,-0.6696596145629883,-1.9196596145629883,base,yes
4365,0,0,0.053403325280175794,-3.2015304565429688,-0.3265303671360016,base,no
4366,0,1,0.6513548511303336,-0.7994995713233948,-1.42449951171875,base,yes
4367,0,0,0.13296425394084313,-2.2520127296447754,-0.37701284885406494,base,no
4368,0,1,0.9241418158002492,-0.5595851540565491,-3.0595850944519043,base,yes
4369,0,0,0.0534033328129234,-2.9877073764801025,-0.11270743608474731,base,no
4370,0,0,0.13296424019782924,-2.3416566848754883,-0.4666566848754883,base,no
4371,0,0,0.09534947004048376,-2.5872323513031006,-0.33723241090774536,base,no
4372,0,0,0.029312227359491745,-3.768113136291504,-0.26811301708221436,base,no
4373,0,0,0.07585817584273653,-3.1051852703094482,-0.6051852107048035,base,no
4374,0,1,0.8933094003735664,-0.5037661194801331,-2.6287660598754883,base,yes
4375,0,1,0.8670357666736773,-0.5242752432823181,-2.399275302886963,base,yes
4376,0,1,0.8933093946927838,-0.7561594247817993,-2.8811593055725098,base,Yes
4377,0,0,0.1480471980316895,-2.147787094116211,-0.39778709411621094,base,no
4378,0,0,0.40733341443526055,-1.2513480186462402,-0.876348078250885,base,no
4379,0,1,0.7981867729389246,-0.4968492090702057,-1.8718491792678833,base,yes
4380,0,0,0.16451645470385742,-2.119493246078491,-0.49449318647384644,base,no
4381,0,1,0.6224593312018546,-1.059369683265686,-1.559369683265686,base,yes
4382,0,1,0.9399133498259924,-0.5874602794647217,-3.3374602794647217,base,Yes
4383,0,0,0.022977371917159397,-4.131256103515625,-0.38125619292259216,base,no
4384,0,0,0.1480471829959148,-2.174579620361328,-0.4245795011520386,base,no
4385,0,0,0.04742586913845881,-3.2442100048065186,-0.2442099153995514,base,no
4386,0,0,0.18242552380635632,-2.0524144172668457,-0.5524144172668457,base,no
4387,0,1,0.798186768138228,-0.7927461266517639,-2.167746067047119,base,Yes
4388,0,0,0.20181323186177208,-1.9436311721801758,-0.5686312317848206,base,no
4389,0,0,0.3208213138121609,-1.3713874816894531,-0.6213875412940979,base,no
4390,0,0,0.18242552380635632,-2.158186912536621,-0.6581869125366211,base,No
4391,0,0,0.5,-1.2937564849853516,-1.2937564849853516,base,no
4392,0,1,0.5312093733737563,-1.0196750164031982,-1.1446750164031982,base,yes
4393,0,1,0.9465966641739773,-0.5803180932998657,-3.455317974090576,base,yes
4394,0,0,0.46879062662624377,-1.2021971940994263,-1.0771971940994263,base,no
4395,0,0,0.20181320305759334,-2.0922088623046875,-0.717208743095398,base,no
4396,0,0,0.05340332678672523,-3.369987964630127,-0.4949879050254822,base,no
4397,0,0,0.18242551936144574,-1.885041356086731,-0.38504132628440857,base,no
4398,0,0,0.16451645470385742,-1.9852681159973145,-0.3602680563926697,base,no
4399,0,0,0.3775406547908327,-1.4057888984680176,-0.9057888388633728,base,no
4400,0,0,0.4073333856566001,-1.1340501308441162,-0.7590500712394714,base,no
4401,0,1,0.8354835452961425,-0.5182546973228455,-2.1432547569274902,base,yes
4402,0,0,0.4378234991142019,-1.309300184249878,-1.059300184249878,base,no
4403,0,0,0.32082130082460697,-1.4746805429458618,-0.7246805429458618,base,no
4404,0,0,0.4378234991142019,-1.0281486511230469,-0.7781486511230469,base,no
4405,0,1,0.6224593312018546,-0.9580004215240479,-1.4580004215240479,base,yes
4406,0,1,0.6224593171945417,-0.7270169854164124,-1.2270169258117676,base,yes
4407,0,1,0.5621765008857981,-1.2090678215026855,-1.4590678215026855,base,Yes
4408,0,1,0.5312093733737563,-1.0316686630249023,-1.1566686630249023,base,yes
4409,0,0,0.03308597934211908,-3.7674965858459473,-0.39249661564826965,base,no
4410,0,1,0.5926665999540697,-1.142341136932373,-1.517341136932373,base,Yes
4411,0,0,0.5,-1.1429260969161987,-1.1429260969161987,base,no
4412,0,0,0.10669058826486906,-2.552739143371582,-0.42773908376693726,base,no
4413,0,1,0.8519528170040853,-0.5814002752304077,-2.3314003944396973,base,yes
4414,0,0,0.2689414096510108,-1.6065382957458496,-0.6065382361412048,base,no
4415,0,0,0.3486451488696663,-1.293142557144165,-0.6681426167488098,base,no
4416,0,0,0.08509904964767095,-3.1399614810943604,-0.7649615406990051,base,no
4417,0,0,0.11920292828022305,-2.5108346939086914,-0.5108347535133362,base,no
4418,0,1,0.5621765008857981,-0.9803742170333862,-1.2303742170333862,base,yes
4419,0,1,0.7549149813536518,-0.47483816742897034,-1.599838137626648,base,yes
4420,0,1,0.9324533051062237,-0.5503516793251038,-3.175351619720459,base,yes
4421,0,0,0.3208213138121609,-1.5339651107788086,-0.7839651703834534,base,no
4422,0,0,0.3208213138121609,-1.4458024501800537,-0.6958025097846985,base,no
4423,0,0,0.11920292828022305,-2.595806121826172,-0.5958061814308167,base,no
4424,0,0,0.37754066879814546,-1.574491262435913,-1.074491262435913,base,no
4425,0,1,0.835483553488848,-0.42509543895721436,-2.050095558166504,base,yes
4426,0,1,0.754914997895581,-0.5757386088371277,-1.7007386684417725,base,yes
4427,0,1,0.8519527944504226,-0.5817499756813049,-2.33174991607666,base,yes
4428,0,0,0.1480472055495773,-2.508800983428955,-0.7588010430335999,base,No
4429,0,0,0.11920292828022305,-2.605468988418579,-0.6054690480232239,base,no
4430,0,0,0.025957358704815272,-3.8876521587371826,-0.2626522183418274,base,no
4431,0,1,0.679178699175393,-0.5533738136291504,-1.3033738136291504,base,yes
4432,0,1,0.7772998508568416,-0.662154495716095,-1.9121544361114502,base,yes
4433,0,1,0.6791787121629466,-0.6241251826286316,-1.3741252422332764,base,yes
4434,0,1,0.8175744584140004,-0.7138611078262329,-2.2138609886169434,base,yes
4435,0,0,0.20181323186177208,-2.1027398109436035,-0.7277398705482483,base,no
4436,0,1,0.7310585786300049,-0.5805245637893677,-1.5805245637893677,base,yes
4437,0,0,0.20181321265898594,-1.849102258682251,-0.4741021990776062,base,no
4438,0,0,0.07585818837825822,-2.8341221809387207,-0.33412230014801025,base,no
4439,0,0,0.1192029188930649,-2.3393735885620117,-0.33937355875968933,base,no
4440,0,0,0.020332353342658753,-4.289764881134033,-0.4147648811340332,base,no
4441,0,0,0.08509903804604459,-2.6914021968841553,-0.3164021074771881,base,no
4442,0,0,0.13296424019782924,-2.4920706748962402,-0.6170706748962402,base,no
4443,0,0,0.09534946232842245,-2.5381500720977783,-0.28815004229545593,base,no
4444,0,1,0.6791786861878392,-0.6512132287025452,-1.4012131690979004,base,yes
4445,0,1,0.835483553488848,-0.8004039525985718,-2.4254040718078613,base,yes
4446,0,0,0.07585818419975078,-2.784451484680176,-0.28445154428482056,base,no
4447,0,1,0.8933094003735664,-0.5405424237251282,-2.6655423641204834,base,yes
4448,0,0,0.2689414213699951,-1.6606354713439941,-0.6606354713439941,base,no
4449,0,0,0.3775406828054583,-1.447157859802246,-0.9471579194068909,base,no
4450,0,0,0.05340333431947304,-3.232842445373535,-0.3578425347805023,base,no
4451,0,1,0.5312093733737563,-1.2582226991653442,-1.3832226991653442,base,Yes
4452,0,1,0.7310585903489892,-0.6108190417289734,-1.6108191013336182,base,yes
4453,0,1,0.8519528019683106,-0.674079179763794,-2.424079179763794,base,yes
4454,0,1,0.8670357735451834,-0.7657183408737183,-2.640718460083008,base,yes
4455,0,1,0.679178699175393,-0.6736394166946411,-1.4236394166946411,base,yes
4456,0,1,0.8175744850834649,-0.6206490397453308,-2.1206490993499756,base,yes
4457,0,0,0.13296425394084313,-2.3758368492126465,-0.500836968421936,base,no
4458,0,0,0.46879062662624377,-1.122917890548706,-0.997917890548706,base,no
4459,0,1,0.9525741214369554,-0.6866613626480103,-3.6866612434387207,base,yes
4460,0,1,0.9399133464597458,-0.3797493577003479,-3.129749298095703,base,yes
4461,0,0,0.4073334000459302,-1.3557958602905273,-0.9807958602905273,base,no
4462,0,0,0.34864513533394575,-1.6280182600021362,-1.0030182600021362,base,no
4463,0,0,0.2942149597859341,-1.6728737354278564,-0.7978736758232117,base,no
4464,0,0,0.047425867792089564,-3.175222396850586,-0.1752222776412964,base,no
4465,0,1,0.7310585786300049,-0.6174626350402832,-1.6174626350402832,base,yes
4466,0,0,0.40733341443526055,-1.172081470489502,-0.7970815300941467,base,no
4467,0,0,0.4378234991142019,-1.4133638143539429,-1.1633638143539429,base,no
4468,0,0,0.2689414096510108,-1.8430702686309814,-0.8430702090263367,base,no
4469,0,1,0.9241418283357702,-0.6049426794052124,-3.104942798614502,base,yes
4470,0,0,0.24508501313237172,-1.7703486680984497,-0.6453486680984497,base,no
4471,0,0,0.06754669864792355,-3.2178115844726562,-0.5928117036819458,base,no
4472,0,0,0.0953494674697966,-2.6066360473632812,-0.35663607716560364,base,no
4473,0,1,0.6513548646660542,-0.6116026639938354,-1.2366026639938354,base,yes
4474,0,0,0.32082130082460697,-1.5568960905075073,-0.8068960905075073,base,no
4475,0,1,0.7310585786300049,-0.7281962633132935,-1.7281962633132935,base,yes
4476,0,0,0.4073334000459302,-1.2367624044418335,-0.8617624044418335,base,no
4477,0,1,0.7772998611746911,-0.6293996572494507,-1.8793996572494507,base,yes
4478,0,0,0.2689414213699951,-1.8292524814605713,-0.8292524814605713,base,no
4479,0,0,0.16451647108926923,-2.3343584537506104,-0.7093585133552551,base,no
4480,0,1,0.5621765008857981,-1.188008189201355,-1.438008189201355,base,Yes
4481,0,1,0.7310585669110203,-0.8586111664772034,-1.8586111068725586,base,yes
4482,0,1,0.7057850278370112,-0.7126388549804688,-1.5876388549804688,base,yes
4483,0,0,0.07585817584273653,-2.9240548610687256,-0.4240548014640808,base,no
4484,0,0,0.34864513533394575,-1.3353064060211182,-0.7103064060211182,base,no
4485,0,1,0.7057850278370112,-0.8056389093399048,-1.6806389093399048,base,yes
4486,0,0,0.05340333431947304,-3.0446784496307373,-0.16967853903770447,base,no
4487,0,0,0.10669060530721626,-2.553011417388916,-0.42801153659820557,base,no
4488,0,0,0.037326887344129464,-3.532214879989624,-0.282214879989624,base,no
4489,0,0,0.37754066879814546,-1.3440752029418945,-0.8440752029418945,base,no
4490,0,0,0.0600866518571309,-3.090055227279663,-0.3400552570819855,base,no
4491,0,0,0.007577242388402388,-5.0467529296875,-0.17175307869911194,base,no
4492,0,1,0.9149009642742806,-0.6072829961776733,-2.982283115386963,base,yes
4493,0,1,0.7310585786300049,-0.6517846584320068,-1.6517846584320068,base,yes
4494,0,1,0.7981867873410141,-0.381631076335907,-1.7566311359405518,base,yes
4495,0,0,0.2689414096510108,-1.6220121383666992,-0.6220120787620544,base,no
4496,0,0,0.18242552380635632,-2.144545316696167,-0.644545316696167,base,no
4497,0,1,0.9046505299595163,-0.6794641613960266,-2.929464101791382,base,Yes
4498,0,1,0.5312093733737563,-0.8035926818847656,-0.9285926818847656,base,yes
4499,0,1,0.7057850402140659,-0.7139539122581482,-1.588953971862793,base,yes
4500,0,0,0.32082130082460697,-1.5134385824203491,-0.7634385824203491,base,no
4501,0,1,0.6224593312018546,-1.0055164098739624,-1.5055164098739624,base,yes
4502,0,0,0.04208772791561884,-3.5689737796783447,-0.4439737796783447,base,no
4503,0,0,0.5,-0.9366148114204407,-0.9366148114204407,base,no
4504,0,1,0.7772998714925403,-0.7524845004081726,-2.0024845600128174,base,yes
4505,0,0,0.4378234991142019,-1.2678918838500977,-1.0178918838500977,base,no
4506,0,0,0.025957354183760273,-4.045718669891357,-0.42071855068206787,base,no
4507,0,1,0.835483553488848,-0.6001695394515991,-2.2251696586608887,base,yes
4508,0,1,0.9046505453836383,-0.45591771602630615,-2.7059178352355957,base,yes
4509,0,0,0.4073334000459302,-1.1284754276275635,-0.7534754276275635,base,no
4510,0,0,0.05340332377362639,-3.3349618911743164,-0.45996177196502686,base,no
4511,0,0,0.1066905825840872,-2.627042293548584,-0.5020421743392944,base,no
4512,0,0,0.22270013882530884,-1.8893650770187378,-0.6393650770187378,base,no
4513,0,0,0.09534945461636171,-2.8047232627868652,-0.5547231435775757,base,no
4514,0,1,0.8670357598021706,-0.4866006374359131,-2.361600637435913,base,yes
4515,0,0,0.022977371582637088,-3.9229278564453125,-0.17292793095111847,base,no
4516,0,0,0.29421497216298875,-1.451723575592041,-0.576723575592041,base,no
4517,0,0,0.46879062662624377,-0.9227011203765869,-0.7977011203765869,base,no
4518,0,1,0.7772998714925403,-0.617210328578949,-1.8672103881835938,base,yes
4519,0,0,0.2689414096510108,-1.860264539718628,-0.8602644801139832,base,no
4520,0,0,0.042087723109535534,-3.410745143890381,-0.2857450246810913,base,no
4521,0,1,0.5926665999540697,-0.9777722358703613,-1.3527722358703613,base,Yes
4522,0,1,0.7310585786300049,-0.8087258338928223,-1.8087258338928223,base,yes
4523,0,1,0.880797071719777,-0.6484361290931702,-2.6484360694885254,base,yes
4524,0,0,0.5,-0.9342895746231079,-0.9342895746231079,base,no
4525,0,0,0.01406362497707424,-4.617797374725342,-0.36779722571372986,base,no
4526,0,1,0.9399133447766225,-0.4179428517818451,-3.167942762374878,base,yes
4527,0,1,0.7772998611746911,-0.4943274259567261,-1.744327425956726,base,yes
4528,0,0,0.32082130082460697,-1.7047460079193115,-0.9547460079193115,base,no
4529,0,0,0.0534033328129234,-3.299807071685791,-0.4248071312904358,base,no
4530,0,0,0.1192029188930649,-2.3334615230560303,-0.3334614932537079,base,no
4531,0,1,0.939913343093499,-0.588138222694397,-3.3381381034851074,base,yes
4532,0,0,0.20181320305759334,-2.141407012939453,-0.7664068937301636,base,no
4533,0,1,0.7310585786300049,-0.859319806098938,-1.859319806098938,base,yes
4534,0,0,0.037326888415033926,-3.588167190551758,-0.3381672203540802,base,no
4535,0,1,0.9046505402422645,-0.4528636336326599,-2.7028636932373047,base,yes
4536,0,0,0.32082130082460697,-1.6235634088516235,-0.8735634088516235,base,no
4537,0,1,0.8933094003735664,-0.36550623178482056,-2.490506172180176,base,yes
4538,0,0,0.06754669489377622,-2.9434444904327393,-0.31844455003738403,base,no
4539,0,1,0.6791786861878392,-0.5985999703407288,-1.348599910736084,base,yes
4540,0,1,0.9241418199787566,-0.6619725227355957,-3.1619725227355957,base,yes
4541,0,1,0.5621765008857981,-0.7764872312545776,-1.0264872312545776,base,yes
4542,0,0,0.06754669489377622,-3.1041252613067627,-0.47912532091140747,base,no
4543,0,0,0.04742587317756679,-3.2656989097595215,-0.2656989097595215,base,no
4544,0,0,0.24508502416032488,-1.7615585327148438,-0.6365585923194885,base,no
4545,0,0,0.10669059962643358,-2.7357566356658936,-0.6107566952705383,base,no
4546,0,0,0.06754669489377622,-2.976292848587036,-0.3512929081916809,base,no
4547,0,1,0.8670357735451834,-0.36358726024627686,-2.2385873794555664,base,yes
4548,0,0,0.24508501313237172,-1.6388605833053589,-0.5138605833053589,base,no
4549,0,0,0.46879062662624377,-1.0539599657058716,-0.9289599657058716,base,no
4550,0,0,0.1329642333263228,-2.545755386352539,-0.6707553267478943,base,no
4551,0,0,0.4378234844434674,-1.1306898593902588,-0.880689799785614,base,no
4552,0,0,0.07585818211049715,-2.6488430500030518,-0.14884307980537415,base,no
4553,0,1,0.7310585903489892,-0.6880106329917908,-1.6880106925964355,base,yes
4554,0,0,0.46879062662624377,-1.1617356538772583,-1.0367356538772583,base,no
4555,0,1,0.8933094060543487,-0.2939631938934326,-2.4189631938934326,base,yes
4556,0,0,0.2689414330889798,-1.5404703617095947,-0.5404704213142395,base,no
4557,0,1,0.8670357735451834,-0.6702460050582886,-2.545246124267578,base,yes
4558,0,1,0.754914975839675,-0.6566150784492493,-1.7816150188446045,base,yes
4559,0,1,0.6791787121629466,-0.6505076289176941,-1.4005076885223389,base,yes
4560,0,0,0.22270014914315833,-1.6114051342010498,-0.3614051938056946,base,no
4561,0,1,0.9241418158002492,-0.6539795994758606,-3.153979539871216,base,yes
4562,0,1,0.6513548646660542,-0.7114971876144409,-1.336497187614441,base,yes
4563,0,0,0.20181321265898594,-1.8091850280761719,-0.4341849684715271,base,no
4564,0,0,0.1480471980316895,-2.377678394317627,-0.627678394317627,base,no
4565,0,1,0.6224593452091672,-0.787144124507904,-1.2871441841125488,base,yes
4566,0,1,0.9465966762263737,-0.6864908933639526,-3.561491012573242,base,Yes
4567,0,1,0.5926665999540697,-1.074397087097168,-1.449397087097168,base,Yes
4568,0,0,0.08509903688588204,-2.6162428855895996,-0.24124278128147125,base,no
4569,0,1,0.9046505299595163,-0.7306373715400696,-2.980637311935425,base,Yes
4570,0,0,0.37754066879814546,-1.4964313507080078,-0.9964313507080078,base,no
4571,0,0,0.4073334000459302,-1.1446077823638916,-0.7696077823638916,base,no
4572,0,1,0.5926666143433998,-0.7731439471244812,-1.148144006729126,base,yes
4573,0,0,0.0953494648991095,-2.7033331394195557,-0.45333313941955566,base,no
4574,0,0,0.08509904964767095,-2.718583106994629,-0.3435831665992737,base,no
4575,0,1,0.9241418241572634,-0.47203773260116577,-2.9720377922058105,base,yes
4576,0,0,0.14804718675485834,-2.129457473754883,-0.37945738434791565,base,no
4577,0,1,0.8175744850834649,-0.6210893988609314,-2.121089458465576,base,yes
4578,0,1,0.7057850278370112,-0.8662831783294678,-1.7412831783294678,base,yes
4579,0,1,0.8807970842359877,-0.7071165442466736,-2.7071166038513184,base,Yes
4580,0,1,0.5312093733737563,-1.0060101747512817,-1.1310101747512817,base,yes
4581,0,0,0.3486451217982255,-1.2923219203948975,-0.6673218607902527,base,no
4582,0,1,0.5926665999540697,-0.754275918006897,-1.129275918006897,base,yes
4583,0,0,0.5,-1.0623029470443726,-1.0623029470443726,base,no
4584,0,0,0.06754668738548215,-3.377317190170288,-0.7523171305656433,base,no
4585,0,1,0.7549149868676283,-0.5222048759460449,-1.647204875946045,base,yes
4586,0,0,0.4378234991142019,-1.2665817737579346,-1.0165817737579346,base,no
4587,0,1,0.7057850278370112,-0.6437102556228638,-1.5187102556228638,base,yes
4588,0,1,0.6224593312018546,-0.7266578674316406,-1.2266578674316406,base,yes
4589,0,0,0.025957354937269386,-3.9476664066314697,-0.32266631722450256,base,no
4590,0,0,0.5,-1.1435428857803345,-1.1435428857803345,base,no
4591,0,0,0.03308597648187432,-3.8864147663116455,-0.5114147067070007,base,no
4592,0,0,0.5,-0.9909511804580688,-0.9909511804580688,base,no
4593,0,0,0.3486451488696663,-1.4981966018676758,-0.8731966614723206,base,no
4594,0,1,0.880797068590724,-0.4058104455471039,-2.4058103561401367,base,yes
4595,0,1,0.5312093733737563,-0.9684919118881226,-1.0934919118881226,base,yes
4596,0,1,0.9046505402422645,-0.4105934500694275,-2.6605935096740723,base,yes
4597,0,0,0.0675466911396291,-3.103759288787842,-0.4787592887878418,base,no
4598,0,0,0.09534947004048376,-2.8766391277313232,-0.626639187335968,base,no
4599,0,0,0.06754669677084987,-2.9177513122558594,-0.29275140166282654,base,no
4600,0,0,0.34864513533394575,-1.417736530303955,-0.7927365303039551,base,no
4601,0,0,0.22270013882530884,-1.783737301826477,-0.533737301826477,base,no
4602,0,1,0.9149009642742806,-0.6684325933456421,-3.0434327125549316,base,yes
4603,0,1,0.7310585786300049,-0.7627924680709839,-1.7627924680709839,base,yes
4604,0,1,0.6224593171945417,-0.725229799747467,-1.2252297401428223,base,yes
4605,0,0,0.11920291263495983,-2.3224644660949707,-0.32246437668800354,base,no
4606,0,0,0.029312229903390143,-3.795234441757202,-0.29523441195487976,base,no
4607,0,1,0.7981867777396212,-0.6434848308563232,-2.0184848308563232,base,yes
4608,0,0,0.060086646807761206,-3.223324775695801,-0.473324716091156,base,no
4609,0,1,0.6224593312018546,-0.7347123622894287,-1.2347123622894287,base,yes
4610,0,0,0.06754669301670263,-3.0368402004241943,-0.4118402302265167,base,no
4611,0,1,0.7772998508568416,-0.6623795628547668,-1.912379503250122,base,yes
4612,0,0,0.20181323186177208,-2.1143252849578857,-0.7393253445625305,base,no
4613,0,1,0.754914975839675,-0.6972151398658752,-1.8222150802612305,base,yes
4614,0,1,0.8670357666736773,-0.723263680934906,-2.598263740539551,base,yes
4615,0,1,0.679178699175393,-0.7784260511398315,-1.5284260511398315,base,yes
4616,0,0,0.46879061178313897,-1.0731287002563477,-0.9481286406517029,base,no
4617,0,0,0.5,-1.0255135297775269,-1.0255135297775269,base,no
4618,0,0,0.18242552380635632,-2.1590564250946045,-0.6590564250946045,base,no
4619,0,0,0.24508502416032488,-1.6923894882202148,-0.5673895478248596,base,no
4620,0,1,0.5621765008857981,-0.8805243968963623,-1.1305243968963623,base,yes
4621,0,1,0.9241418283357702,-0.3949497938156128,-2.8949499130249023,base,yes
4622,0,0,0.13296424019782924,-2.2780847549438477,-0.40308475494384766,base,no
4623,0,1,0.7057850278370112,-0.6448100805282593,-1.5198100805282593,base,yes
4624,0,1,0.6513548646660542,-0.720569372177124,-1.345569372177124,base,yes
4625,0,0,0.2689414096510108,-1.483168363571167,-0.4831683039665222,base,no
4626,0,0,0.0953494674697966,-2.514847993850708,-0.2648480236530304,base,no
4627,0,0,0.1329642333263228,-2.5457067489624023,-0.6707066893577576,base,no
4628,0,1,0.7549149868676283,-0.8067449331283569,-1.931744933128357,base,Yes
4629,0,0,0.06008665522337757,-3.0536746978759766,-0.3036747872829437,base,no
4630,0,0,0.24508502416032488,-1.573317050933838,-0.44831711053848267,base,no
4631,0,0,0.06754669301670263,-2.9426372051239014,-0.31763723492622375,base,no
4632,0,0,0.4378234991142019,-1.2064428329467773,-0.9564428329467773,base,no
4633,0,0,0.46879062662624377,-1.2214008569717407,-1.0964008569717407,base,no
4634,0,0,0.24508501313237172,-2.0089540481567383,-0.8839540481567383,base,no
4635,0,0,0.060086646807761206,-2.971519708633423,-0.22151964902877808,base,no
4636,0,0,0.03308597886541159,-3.562530755996704,-0.1875307708978653,base,no
4637,0,0,0.3486451488696663,-1.4953997135162354,-0.8703997731208801,base,no
4638,0,0,0.11920292515117029,-2.4003987312316895,-0.40039876103401184,base,no
4639,0,1,0.679178699175393,-0.6823419332504272,-1.4323419332504272,base,yes
4640,0,0,0.3208213138121609,-1.4940288066864014,-0.7440288662910461,base,no
4641,0,1,0.5621765008857981,-1.1922420263290405,-1.4422420263290405,base,Yes
4642,0,1,0.7772998611746911,-0.49756693840026855,-1.7475669384002686,base,yes
4643,0,1,0.5621765008857981,-0.7728285789489746,-1.0228285789489746,base,yes
4644,0,1,0.9465966762263737,-0.6897858381271362,-3.564785957336426,base,yes
4645,0,0,0.3775406828054583,-1.2421817779541016,-0.7421818375587463,base,no
4646,0,0,0.2689414096510108,-1.5159947872161865,-0.5159947276115417,base,no
4647,0,0,0.1480472055495773,-2.4144277572631836,-0.6644278168678284,base,no
4648,0,0,0.3208212878370535,-1.345088243484497,-0.5950881838798523,base,no
4649,0,1,0.9046505299595163,-0.6268358826637268,-2.876835823059082,base,yes
4650,0,0,0.20181321265898594,-1.7795238494873047,-0.4045237898826599,base,no
4651,0,0,0.46879062662624377,-1.058098316192627,-0.933098316192627,base,no
4652,0,0,0.22270014398423357,-1.6446480751037598,-0.39464810490608215,base,no
4653,0,1,0.5312093733737563,-1.006372332572937,-1.131372332572937,base,yes
4654,0,0,0.03308597648187432,-3.8494303226470947,-0.47443026304244995,base,no
4655,0,0,0.2689414213699951,-1.9257372617721558,-0.9257372617721558,base,no
4656,0,1,0.5621765008857981,-1.081963062286377,-1.331963062286377,base,Yes
4657,0,1,0.8175744850834649,-0.7220155596733093,-2.222015619277954,base,yes
4658,0,1,0.9324533088603709,-0.5409514904022217,-3.1659514904022217,base,yes
4659,0,0,0.01798620838292263,-4.33967399597168,-0.3396739065647125,base,no
4660,0,0,0.029312233295254994,-3.9266390800476074,-0.4266391694545746,base,no
4661,0,1,0.7772998611746911,-0.4464651346206665,-1.6964651346206665,base,yes
4662,0,0,0.0534033328129234,-3.1515402793884277,-0.2765403389930725,base,no
4663,0,0,0.10669059394565118,-2.812652111053467,-0.6876521110534668,base,no
4664,0,1,0.6513548646660542,-0.6177034378051758,-1.2427034378051758,base,yes
4665,0,0,0.0474258704848281,-3.4869120121002197,-0.48691195249557495,base,no
4666,0,0,0.07585818419975078,-2.9986438751220703,-0.4986439347267151,base,no
4667,0,1,0.9046505453836383,-0.35539090633392334,-2.605391025543213,base,yes
4668,0,1,0.7772998508568416,-0.5587325692176819,-1.808732509613037,base,yes
4669,0,1,0.6513548646660542,-0.7536767721176147,-1.3786767721176147,base,yes
4670,0,0,0.2689414330889798,-1.6268353462219238,-0.6268354058265686,base,no
4671,0,1,0.6513548646660542,-1.0601078271865845,-1.6851078271865845,base,Yes
4672,0,1,0.914900945711678,-0.5214272737503052,-2.8964271545410156,base,yes
4673,0,1,0.9626731115849659,-0.4721818268299103,-3.722181797027588,base,yes
4674,0,0,0.09534945975773548,-2.534937620162964,-0.2849375605583191,base,no
4675,0,0,0.5,-0.8423494100570679,-0.8423494100570679,base,no
4676,0,0,0.2689414330889798,-1.4940574169158936,-0.49405747652053833,base,no
4677,0,0,0.4378234991142019,-1.2067357301712036,-0.9567357301712036,base,no
4678,0,1,0.880797071719777,-0.5997877717018127,-2.599787712097168,base,yes
4679,0,1,0.7772998714925403,-0.7612451910972595,-2.0112452507019043,base,yes
4680,0,0,0.3208213138121609,-1.3862261772155762,-0.636226236820221,base,no
4681,0,0,0.015906392644828796,-4.617324352264404,-0.4923244118690491,base,no
4682,0,0,0.4073334000459302,-1.1557892560958862,-0.7807892560958862,base,no
4683,0,0,0.1480471829959148,-2.4044742584228516,-0.654474139213562,base,No
4684,0,1,0.5621765008857981,-1.2292922735214233,-1.4792922735214233,base,Yes
4685,0,0,0.07585818628900447,-2.9905054569244385,-0.49050554633140564,base,no
4686,0,0,0.20181321265898594,-1.930267333984375,-0.5552672743797302,base,no
4687,0,1,0.7772998508568416,-0.6623125672340393,-1.9123125076293945,base,yes
4688,0,0,0.10669059536584675,-2.359635591506958,-0.2346356064081192,base,no
4689,0,1,0.7310585786300049,-0.553752064704895,-1.553752064704895,base,yes
4690,0,1,0.5926665999540697,-0.6966044902801514,-1.0716044902801514,base,yes
4691,0,1,0.8519528170040853,-0.8414791822433472,-2.5914793014526367,base,Yes
4692,0,0,0.3208213138121609,-1.6461000442504883,-0.8961001038551331,base,no
4693,0,0,0.14804721306746543,-2.5247254371643066,-0.7747255563735962,base,no
4694,0,0,0.18242551491653522,-1.9457416534423828,-0.44574159383773804,base,no
4695,0,1,0.835483553488848,-0.7372225522994995,-2.362222671508789,base,yes
4696,0,0,0.2689414096510108,-1.715198278427124,-0.7151982188224792,base,no
4697,0,0,0.10669058826486906,-2.5806217193603516,-0.4556216597557068,base,no
4698,0,0,0.09534947261117097,-2.481306791305542,-0.23130688071250916,base,no
4699,0,1,0.7549149868676283,-0.8953588008880615,-2.0203588008880615,base,yes
4700,0,0,0.4073334000459302,-1.3123589754104614,-0.9373589754104614,base,no
4701,0,0,0.24508502416032488,-1.6386005878448486,-0.5136006474494934,base,no
4702,0,0,0.13296425050508953,-2.3093292713165283,-0.4343293607234955,base,no
4703,0,0,0.0953494648991095,-2.5000219345092773,-0.25002193450927734,base,no
4704,0,1,0.835483553488848,-0.461236834526062,-2.0862369537353516,base,yes
4705,0,0,0.08509904500702024,-2.7734405994415283,-0.3984405994415283,base,no
4706,0,1,0.9046505351008906,-0.32895350456237793,-2.578953504562378,base,yes
4707,0,0,0.01798621154126062,-4.338287830352783,-0.33828791975975037,base,no
4708,0,1,0.9399133464597458,-0.4179397225379944,-3.1679396629333496,base,yes
4709,0,0,0.08509903804604459,-2.687011241912842,-0.31201115250587463,base,no
4710,0,1,0.8175744761936437,-0.4490553140640259,-1.9490553140640259,base,yes
4711,0,0,0.029312227359491745,-3.7948641777038574,-0.29486405849456787,base,no
4712,0,1,0.9046505402422645,-0.5776857733726501,-2.827685832977295,base,yes
4713,0,1,0.7772998611746911,-0.6982148885726929,-1.9482148885726929,base,yes
4714,0,1,0.5312093733737563,-0.7900674939155579,-0.9150674939155579,base,yes
4715,0,0,0.46879062662624377,-1.1859688758850098,-1.0609688758850098,base,no
4716,0,0,0.2689414330889798,-1.827225923538208,-0.8272259831428528,base,no
4717,0,0,0.1824255415859996,-2.3562278747558594,-0.8562279939651489,base,no
4718,0,0,0.3208213138121609,-1.444305181503296,-0.6943052411079407,base,no
4719,0,0,0.05340333507274787,-3.057555913925171,-0.18255601823329926,base,no
4720,0,0,0.4073334000459302,-1.105239748954773,-0.730239748954773,base,no
4721,0,0,0.05340332678672523,-3.271226167678833,-0.39622610807418823,base,no
4722,0,1,0.8807970842359877,-0.5180215239524841,-2.518021583557129,base,yes
4723,0,0,0.14804718675485834,-2.1560375690460205,-0.40603747963905334,base,no
4724,0,1,0.8354835371034369,-0.6446895599365234,-2.2696895599365234,base,yes
4725,0,1,0.9046505351008906,-0.45183634757995605,-2.701836347579956,base,yes
4726,0,0,0.4073334000459302,-1.3802584409713745,-1.0052584409713745,base,no
4727,0,0,0.1329642333263228,-2.43213152885437,-0.5571314692497253,base,No
4728,0,0,0.06754669301670263,-2.9709413051605225,-0.34594133496284485,base,no
4729,0,1,0.6224593312018546,-0.6558135747909546,-1.1558135747909546,base,yes
4730,0,0,0.0850990357257195,-3.084031581878662,-0.7090314626693726,base,no
4731,0,0,0.09534947004048376,-2.9203381538391113,-0.6703382134437561,base,no
4732,0,0,0.18242550602671442,-2.0047378540039062,-0.5047377347946167,base,no
4733,0,0,0.3208212878370535,-1.4586291313171387,-0.7086290717124939,base,no
4734,0,0,0.2689414096510108,-1.4927947521209717,-0.4927946925163269,base,no
4735,0,0,0.24508501313237172,-1.712104082107544,-0.587104082107544,base,no
4736,0,0,0.08509904732734556,-2.8131864070892334,-0.4381864368915558,base,no
4737,0,0,0.24508500210441886,-1.746802806854248,-0.6218027472496033,base,no
4738,0,0,0.022977367233847502,-3.9415087699890137,-0.19150865077972412,base,no
4739,0,1,0.7057850154599563,-0.6443031430244446,-1.5193030834197998,base,yes
4740,0,1,0.7772998611746911,-0.5476565361022949,-1.797656536102295,base,yes
4741,0,1,0.835483553488848,-0.45656096935272217,-2.0815610885620117,base,yes
4742,0,1,0.7549149868676283,-0.9409708976745605,-2.0659708976745605,base,Yes
4743,0,0,0.24508502416032488,-1.8240282535552979,-0.6990283131599426,base,no
4744,0,0,0.18242552380635632,-1.9545164108276367,-0.4545164108276367,base,no
4745,0,0,0.1480471980316895,-2.3118298053741455,-0.5618298053741455,base,no
4746,0,1,0.7549149868676283,-0.6888506412506104,-1.8138506412506104,base,yes
4747,0,0,0.0675466911396291,-3.027132272720337,-0.4021322727203369,base,no
4748,0,0,0.4073333856566001,-1.2532634735107422,-0.8782634139060974,base,no
4749,0,0,0.13296425394084313,-2.3162074089050293,-0.44120752811431885,base,no
4750,0,0,0.3208212878370535,-1.6694915294647217,-0.9194914698600769,base,no
4751,0,0,0.2018132270610754,-1.7874679565429688,-0.41246798634529114,base,no
4752,0,1,0.5926665999540697,-0.8007680177688599,-1.1757680177688599,base,yes
4753,0,1,0.8354835207180245,-0.4564749002456665,-2.081474781036377,base,yes
4754,0,1,0.5312093733737563,-0.8767374753952026,-1.0017374753952026,base,yes
4755,0,0,0.2689414330889798,-1.6806328296661377,-0.6806328892707825,base,no
4756,0,1,0.7772998611746911,-0.5272234678268433,-1.7772234678268433,base,yes
4757,0,1,0.8354835330070839,-0.3584947884082794,-1.983494758605957,base,yes
4758,0,0,0.03732689055684297,-3.526393413543701,-0.27639350295066833,base,no
4759,0,1,0.9046505402422645,-0.5245658755302429,-2.7745659351348877,base,yes
4760,0,1,0.851952809486198,-0.6819013953208923,-2.431901454925537,base,yes
4761,0,1,0.6224593452091672,-0.7959944605827332,-1.295994520187378,base,yes
4762,0,0,0.18242552380635632,-2.365382432937622,-0.8653824329376221,base,no
4763,0,1,0.7981867729389246,-0.42053523659706116,-1.7955352067947388,base,yes
4764,0,0,0.0373268852023206,-3.7303531169891357,-0.48035305738449097,base,no
4765,0,1,0.8807970842359877,-0.695079505443573,-2.6950795650482178,base,yes
4766,0,0,0.16451644651115205,-2.2757978439331055,-0.6507977247238159,base,no
4767,0,0,0.1329642333263228,-2.6353611946105957,-0.7603611350059509,base,no
4768,0,0,0.2689414213699951,-1.7639299631118774,-0.7639299631118774,base,no
4769,0,0,0.06754668550840877,-2.8013195991516113,-0.17631950974464417,base,no
4770,0,0,0.32082130082460697,-1.6680593490600586,-0.9180593490600586,base,no
4771,0,0,0.03732688306051187,-3.7273473739624023,-0.4773472547531128,base,no
4772,0,0,0.11920293453832885,-2.3386120796203613,-0.3386121988296509,base,no
4773,0,1,0.6513548646660542,-0.8164489269256592,-1.4414489269256592,base,yes
4774,0,0,0.29421497216298875,-1.833408236503601,-0.9584082365036011,base,no
4775,0,1,0.5312093585306514,-0.9935517907142639,-1.1185517311096191,base,yes
4776,0,1,0.8175744939732856,-0.794634222984314,-2.2946343421936035,base,Yes
4777,0,1,0.5621765008857981,-1.038586974143982,-1.288586974143982,base,yes
4778,0,0,0.02595735719779685,-3.945826768875122,-0.32082676887512207,base,no
4779,0,1,0.6513548511303336,-0.826198160648346,-1.4511981010437012,base,yes
4780,0,0,0.4378234991142019,-1.0759812593460083,-0.8259812593460083,base,no
4781,0,0,0.14804721306746543,-2.175262451171875,-0.42526257038116455,base,no
4782,0,1,0.9241418158002492,-0.6089950203895569,-3.108994960784912,base,yes
4783,0,1,0.5312093733737563,-1.2203516960144043,-1.3453516960144043,base,Yes
4784,0,1,0.7981867873410141,-0.526261031627655,-1.9012610912322998,base,yes
4785,0,0,0.14804721306746543,-2.44622802734375,-0.6962281465530396,base,no
4786,0,1,0.7981867777396212,-0.5012762546539307,-1.8762762546539307,base,yes
4787,0,0,0.07585818628900447,-2.783535957336426,-0.28353604674339294,base,no
4788,0,0,0.34864513533394575,-1.4533298015594482,-0.8283298015594482,base,no
4789,0,0,0.22270012850745968,-1.6730928421020508,-0.423092782497406,base,no
4790,0,1,0.5621765155565327,-0.8525828719139099,-1.1025829315185547,base,yes
4791,0,0,0.16451645470385742,-2.264923572540283,-0.6399235129356384,base,no
4792,0,0,0.24508502416032488,-1.8955256938934326,-0.7705257534980774,base,No
4793,0,0,0.08509904964767095,-2.6454169750213623,-0.2704170346260071,base,no
4794,0,1,0.7057850402140659,-0.9164919257164001,-1.791491985321045,base,yes
4795,0,0,0.06754668926255561,-3.032621145248413,-0.4076211154460907,base,no
4796,0,0,0.029312233295254994,-3.88991379737854,-0.3899138867855072,base,no
4797,0,0,0.32082130082460697,-1.296460509300232,-0.5464605093002319,base,no
4798,0,0,0.10669059962643358,-2.580077886581421,-0.4550779461860657,base,no
4799,0,0,0.06008664933244599,-2.99125599861145,-0.241255983710289,base,no
4800,0,0,0.08509904964767095,-2.950491428375244,-0.5754914879798889,base,no
4801,0,1,0.6513548646660542,-0.8377493619918823,-1.4627493619918823,base,yes
4802,0,1,0.679178699175393,-0.7601220607757568,-1.5101220607757568,base,yes
4803,0,0,0.07585817584273653,-2.897336959838867,-0.3973369002342224,base,no
4804,0,0,0.09534945975773548,-2.7339282035827637,-0.4839281439781189,base,no
4805,0,1,0.7057850154599563,-0.9327133297920227,-1.807713270187378,base,yes
4806,0,0,0.24508502416032488,-1.8402786254882812,-0.715278685092926,base,no
4807,0,0,0.033085978388704126,-4.034708499908447,-0.6597084999084473,base,No
4808,0,0,0.047425867792089564,-3.5714006423950195,-0.57140052318573,base,no
4809,0,1,0.9626731147976793,-0.5647844672203064,-3.814784526824951,base,yes
4810,0,0,0.022977371582637088,-3.9837634563446045,-0.23376353085041046,base,no
4811,0,1,0.5926665855647394,-0.9435985684394836,-1.3185985088348389,base,yes
4812,0,1,0.8519527869325346,-0.5419512987136841,-2.2919511795043945,base,yes
4813,0,1,0.9046505351008906,-0.5776617527008057,-2.8276617527008057,base,yes
4814,0,0,0.047425871831197425,-3.415950059890747,-0.4159500300884247,base,no
4815,0,1,0.5926665999540697,-0.755078911781311,-1.130078911781311,base,yes
4816,0,0,0.07585817270885642,-2.7392992973327637,-0.23929919302463531,base,no
4817,0,1,0.8807970654616711,-0.5727044343948364,-2.572704315185547,base,Yes
4818,0,0,0.09534945461636171,-2.878175735473633,-0.6281756162643433,base,no
4819,0,0,0.07585818837825822,-2.989471435546875,-0.48947155475616455,base,no
4820,0,0,0.09534945461636171,-2.7045278549194336,-0.45452773571014404,base,no
4821,0,1,0.8354835248143776,-0.40577515959739685,-2.0307750701904297,base,yes
4822,0,1,0.9046505376715775,-0.38475844264030457,-2.634758472442627,base,yes
4823,0,0,0.13296425050508953,-2.308894395828247,-0.43389448523521423,base,no
4824,0,0,0.18242551491653522,-2.283609628677368,-0.7836095690727234,base,no
4825,0,1,0.5312093733737563,-0.9543823003768921,-1.079382300376892,base,Yes
4826,0,1,0.7772998714925403,-0.5922581553459167,-1.8422582149505615,base,yes
4827,0,1,0.5621765008857981,-0.8254265785217285,-1.0754265785217285,base,yes
4828,0,1,0.8175744761936437,-0.37640440464019775,-1.8764044046401978,base,yes
4829,0,0,0.06754669864792355,-3.218773365020752,-0.5937734842300415,base,no
4830,0,1,0.8670357460591569,-0.6583229303359985,-2.533322811126709,base,yes
4831,0,0,0.11920293453832885,-2.378805160522461,-0.3788052797317505,base,no
4832,0,0,0.29421497216298875,-1.8091840744018555,-0.9341840744018555,base,No
4833,0,1,0.754914997895581,-0.6976575255393982,-1.822657585144043,base,yes
4834,0,1,0.9399133498259924,-0.7005581855773926,-3.4505581855773926,base,yes
4835,0,0,0.5,-0.979904055595398,-0.979904055595398,base,no
4836,0,0,0.5,-1.158382534980774,-1.158382534980774,base,no
4837,0,0,0.1480472055495773,-2.212921619415283,-0.462921679019928,base,no
4838,0,1,0.679178699175393,-0.9249846935272217,-1.6749846935272217,base,yes
4839,0,1,0.9241418283357702,-0.3922175168991089,-2.8922176361083984,base,yes
4840,0,0,0.4378234991142019,-1.2644259929656982,-1.0144259929656982,base,no
4841,0,0,0.0600866476493228,-2.975104331970215,-0.22510428726673126,base,no
4842,0,0,0.18242552825126704,-1.9655174016952515,-0.46551743149757385,base,no
4843,0,0,0.11920292202211755,-2.74125337600708,-0.7412533760070801,base,No
4844,0,1,0.8933094060543487,-0.5856122970581055,-2.7106122970581055,base,yes
4845,0,0,0.07585818211049715,-2.858093023300171,-0.3580930531024933,base,no
4846,0,0,0.4073334000459302,-1.4498759508132935,-1.0748759508132935,base,no
4847,0,1,0.6513548646660542,-0.9039088487625122,-1.5289088487625122,base,yes
4848,0,0,0.053403325280175794,-3.1738104820251465,-0.2988103926181793,base,no
4849,0,0,0.10669060246682488,-2.4980478286743164,-0.37304791808128357,base,no
4850,0,1,0.7549149868676283,-0.6581418514251709,-1.783141851425171,base,yes
4851,0,0,0.4073333856566001,-1.202070713043213,-0.8270706534385681,base,no
4852,0,0,0.4378234991142019,-1.1692429780960083,-0.9192429780960083,base,no
4853,0,1,0.6224593171945417,-0.95816570520401,-1.4581656455993652,base,yes
4854,0,1,0.754914975839675,-0.6497548222541809,-1.7747547626495361,base,yes
4855,0,0,0.09534945718704857,-2.5143723487854004,-0.2643722593784332,base,no
4856,0,0,0.46879062662624377,-0.9858777523040771,-0.8608777523040771,base,no
4857,0,1,0.9241418241572634,-0.7146067023277283,-3.214606761932373,base,yes
4858,0,1,0.7057850154599563,-0.5861817002296448,-1.461181640625,base,yes
4859,0,1,0.8175744673038221,-0.8899341225624084,-2.3899340629577637,base,Yes
4860,0,1,0.9241418199787566,-0.5592269897460938,-3.0592269897460938,base,yes
4861,0,1,0.9046505299595163,-0.5282426476478577,-2.778242588043213,base,yes
4862,0,0,0.5,-0.933036744594574,-0.933036744594574,base,no
4863,0,0,0.03732688948593843,-3.617880344390869,-0.3678804039955139,base,no
4864,0,1,0.6224593312018546,-0.6410306692123413,-1.1410306692123413,base,yes
4865,0,0,0.5,-1.284627914428711,-1.284627914428711,base,no
4866,0,0,0.4073334000459302,-1.4839167594909668,-1.1089167594909668,base,no
4867,0,0,0.34864513533394575,-1.4823628664016724,-0.8573628664016724,base,No
4868,0,1,0.754914975839675,-0.6974418759346008,-1.822441816329956,base,yes
4869,0,0,0.08509904036636974,-2.956981658935547,-0.5819815993309021,base,no
4870,0,0,0.2689414213699951,-1.59428870677948,-0.59428870677948,base,no
4871,0,1,0.9241418199787566,-0.46840524673461914,-2.968405246734619,base,yes
4872,0,0,0.04742587654349034,-3.1476738452911377,-0.14767391979694366,base,no
4873,0,0,0.06754668550840877,-2.807417154312134,-0.18241706490516663,base,no
4874,0,0,0.2689414330889798,-1.7377731800079346,-0.7377732396125793,base,no
4875,0,0,0.4378234844434674,-1.0605041980743408,-0.810504138469696,base,no
4876,0,1,0.5926665999540697,-0.9884345531463623,-1.3634345531463623,base,yes
4877,0,0,0.4073334000459302,-1.2909507751464844,-0.9159507751464844,base,no
4878,0,1,0.6224593312018546,-0.7560365200042725,-1.2560365200042725,base,yes
4879,0,0,0.4378234991142019,-0.9502741694450378,-0.7002741694450378,base,no
4880,0,1,0.7772998714925403,-0.6286963820457458,-1.8786964416503906,base,yes
4881,0,1,0.5926666143433998,-0.8107454180717468,-1.1857454776763916,base,yes
4882,0,0,0.32082130082460697,-1.2959398031234741,-0.5459398031234741,base,no
4883,0,0,0.46879062662624377,-1.084860920906067,-0.9598609209060669,base,no
4884,0,1,0.8933093975331751,-0.3623884618282318,-2.4873883724212646,base,yes
4885,0,0,0.07585817793199003,-2.658487558364868,-0.15848752856254578,base,no
4886,0,1,0.7057850402140659,-0.9731675982475281,-1.8481676578521729,base,Yes
4887,0,0,0.37754066879814546,-1.1793270111083984,-0.6793270111083984,base,no
4888,0,1,0.9149009596336303,-0.5659632086753845,-2.9409632682800293,base,yes
4889,0,0,0.11920291576401235,-2.5200493335723877,-0.5200492739677429,base,no
4890,0,0,0.32082130082460697,-1.649598240852356,-0.899598240852356,base,no
4891,0,1,0.5312093733737563,-0.9346499443054199,-1.05964994430542,base,yes
4892,0,0,0.2689414213699951,-1.56423819065094,-0.5642381906509399,base,no
4893,0,1,0.880797071719777,-0.7008622288703918,-2.700862169265747,base,yes
4894,0,0,0.20181322226037882,-2.2593588829040527,-0.8843588829040527,base,no
4895,0,0,0.008577483893094128,-5.111886978149414,-0.36188679933547974,base,no
4896,0,0,0.22270013882530884,-1.8885172605514526,-0.6385172605514526,base,no
4897,0,1,0.8519528019683106,-0.6214745044708252,-2.371474504470825,base,yes
4898,0,0,0.04742587452393617,-3.3825957775115967,-0.38259580731391907,base,no
4899,0,0,0.0953494674697966,-2.66159987449646,-0.41159990429878235,base,no
4900,0,1,0.7549149868676283,-0.9204206466674805,-2.0454206466674805,base,Yes
4901,0,0,0.46879062662624377,-0.9704309105873108,-0.8454309105873108,base,no
4902,0,0,0.24508501313237172,-1.9519892930984497,-0.8269892930984497,base,no
4903,0,0,0.20181322226037882,-2.0654866695404053,-0.6904866695404053,base,no
4904,0,1,0.5312093733737563,-1.1690753698349,-1.2940753698349,base,yes
4905,0,0,0.06754669489377622,-3.1043152809143066,-0.4793153405189514,base,no
4906,0,1,0.6513548646660542,-0.6897659301757812,-1.3147659301757812,base,yes
4907,0,0,0.5,-1.0761326551437378,-1.0761326551437378,base,no
4908,0,1,0.8933093946927838,-0.5962578058242798,-2.7212576866149902,base,yes
4909,0,0,0.3775406547908327,-1.2421739101409912,-0.7421738505363464,base,no
4910,0,0,0.10669059394565118,-2.7036635875701904,-0.5786635875701904,base,no
4911,0,1,0.9626731105140616,-0.6722341179847717,-3.922234058380127,base,yes
4912,0,0,0.09534945975773548,-2.6968483924865723,-0.4468483328819275,base,no
4913,0,0,0.01798621101487092,-4.707161903381348,-0.7071619629859924,base,no
4914,0,0,0.5,-0.9014632701873779,-0.9014632701873779,base,no
4915,0,0,0.2689414213699951,-1.6052085161209106,-0.6052085161209106,base,no
4916,0,1,0.6224593312018546,-0.6361829042434692,-1.1361829042434692,base,yes
4917,0,1,0.5926665999540697,-0.8318736553192139,-1.2068736553192139,base,yes
4918,0,0,0.01098694263059318,-4.901542663574219,-0.40154266357421875,base,no
4919,0,0,0.4073333856566001,-1.0966932773590088,-0.721693217754364,base,no
4920,0,1,0.8670357460591569,-0.565557599067688,-2.4405574798583984,base,yes
4921,0,0,0.033085981248949035,-3.702824354171753,-0.3278244435787201,base,no
4922,0,1,0.8175744584140004,-0.8138619661331177,-2.313861846923828,base,yes
4923,0,1,0.6224593312018546,-0.9910984039306641,-1.491098403930664,base,yes
4924,0,1,0.851952809486198,-0.6334933638572693,-2.383493423461914,base,yes
4925,0,1,0.679178699175393,-0.6505502462387085,-1.4005502462387085,base,yes
4926,0,0,0.46879062662624377,-1.188425064086914,-1.063425064086914,base,no
4927,0,0,0.32082130082460697,-1.7610617876052856,-1.0110617876052856,base,no
4928,0,0,0.2689414213699951,-1.8822021484375,-0.8822021484375,base,no
4929,0,0,0.20181320305759334,-2.115285873413086,-0.7402857542037964,base,no
4930,0,0,0.0474258704848281,-3.452000617980957,-0.45200055837631226,base,no
4931,0,0,0.2018132174596823,-1.733941674232483,-0.3589416444301605,base,no
4932,0,1,0.8519528019683106,-0.6742672920227051,-2.424267292022705,base,yes
4933,0,0,0.11920290950590741,-2.5297374725341797,-0.5297373533248901,base,no
4934,0,0,0.10669059962643358,-2.3089993000030518,-0.18399935960769653,base,no
4935,0,0,0.0953494648991095,-2.727126359939575,-0.4771263599395752,base,no
4936,0,0,0.10669060530721626,-2.734164237976074,-0.6091643571853638,base,no
4937,0,1,0.9579122720843811,-0.5685105323791504,-3.6935105323791504,base,yes
4938,0,1,0.924141817889503,-0.395279198884964,-2.8952791690826416,base,yes
4939,0,0,0.07585818628900447,-2.9187753200531006,-0.41877540946006775,base,no
4940,0,1,0.9241418116217418,-0.6533485651016235,-3.153348445892334,base,yes
4941,0,1,0.7772998818103892,-0.8124812841415405,-2.06248140335083,base,yes
4942,0,1,0.6513548646660542,-1.0497525930404663,-1.6747525930404663,base,Yes
4943,0,0,0.09534947004048376,-2.6015257835388184,-0.35152584314346313,base,no
4944,0,1,0.867035752930664,-0.7797313332557678,-2.654731273651123,base,yes
4945,0,1,0.9046505428129514,-0.4139210283756256,-2.6639211177825928,base,yes
4946,0,0,0.0675466911396291,-3.0369837284088135,-0.4119837284088135,base,no
4947,0,0,0.2689414096510108,-1.7372157573699951,-0.7372156977653503,base,no
4948,0,0,0.08509903804604459,-2.717273712158203,-0.34227362275123596,base,no
4949,0,1,0.914900957313305,-0.4023708999156952,-2.7773709297180176,base,yes
4950,0,1,0.6513548646660542,-0.7781914472579956,-1.4031914472579956,base,yes
4951,0,1,0.6791787121629466,-0.8305103182792664,-1.5805103778839111,base,yes
4952,0,0,0.1645164792819756,-2.2215003967285156,-0.5965005159378052,base,No
4953,0,0,0.10669059962643358,-2.561335802078247,-0.43633586168289185,base,no
4954,0,1,0.5621765008857981,-1.0681620836257935,-1.3181620836257935,base,yes
4955,0,1,0.9241418158002492,-0.36301618814468384,-2.863016128540039,base,yes
4956,0,0,0.06754669301670263,-2.8729701042175293,-0.24797013401985168,base,no
4957,0,1,0.7310585786300049,-0.6063612699508667,-1.6063612699508667,base,yes
4958,0,0,0.20181322226037882,-2.1844611167907715,-0.8094611167907715,base,no
4959,0,0,0.46879064146934857,-1.012345552444458,-0.8873456120491028,base,no
4960,0,0,0.04742587587030561,-3.2936131954193115,-0.2936132550239563,base,no
4961,0,0,0.2689414096510108,-1.5506548881530762,-0.5506548285484314,base,no
4962,0,1,0.7310585669110203,-0.9986422657966614,-1.9986422061920166,base,Yes
4963,0,1,0.754914975839675,-0.6899836659431458,-1.814983606338501,base,yes
4964,0,1,0.9324533126145177,-0.459195077419281,-3.084195137023926,base,yes
4965,0,1,0.7981867585368343,-0.6957274675369263,-2.0707273483276367,base,yes
4966,0,1,0.5926666143433998,-0.6840700507164001,-1.059070110321045,base,yes
4967,0,1,0.8933094003735664,-0.5367284417152405,-2.6617283821105957,base,yes
4968,0,0,0.2942149597859341,-1.5398731231689453,-0.6648730635643005,base,no
4969,0,0,0.20181324146316565,-2.142152786254883,-0.7671529054641724,base,no
4970,0,0,0.14804721306746543,-2.5261917114257812,-0.7761918306350708,base,no
4971,0,0,0.20181322226037882,-2.0967319011688232,-0.7217319011688232,base,no
4972,0,0,0.1329642264548166,-2.278618335723877,-0.4036182165145874,base,no
4973,0,1,0.880797071719777,-0.5022950768470764,-2.5022950172424316,base,yes
4974,0,0,0.020332349780873466,-4.220288276672363,-0.34528809785842896,base,no
4975,0,0,0.06008664933244599,-2.9943625926971436,-0.24436257779598236,base,no
4976,0,0,0.20181321265898594,-2.0511646270751953,-0.6761645674705505,base,no
4977,0,0,0.13296424706933604,-2.285970687866211,-0.4109707474708557,base,no
4978,0,0,0.0675466911396291,-3.26716685295105,-0.6421668529510498,base,no
4979,0,1,0.6513548646660542,-0.6574288606643677,-1.2824288606643677,base,yes
4980,0,0,0.14804719051380197,-2.154052734375,-0.4040526747703552,base,no
4981,0,0,0.2689414213699951,-1.5132133960723877,-0.5132133960723877,base,no
4982,0,1,0.7981867777396212,-0.8650634288787842,-2.240063428878784,base,Yes
4983,0,1,0.798186768138228,-0.532318651676178,-1.9073185920715332,base,yes
4984,0,1,0.7549149868676283,-0.7797822952270508,-1.9047822952270508,base,yes
4985,0,1,0.8933094003735664,-0.6340828537940979,-2.759082794189453,base,yes
4986,0,0,0.18242550602671442,-2.252493381500244,-0.7524932622909546,base,no
4987,0,1,0.7310585903489892,-0.9147519469261169,-1.9147520065307617,base,Yes
4988,0,0,0.03732688948593843,-3.587639808654785,-0.33763986825942993,base,no
4989,0,0,0.09534947004048376,-2.917353391647339,-0.6673534512519836,base,no
4990,0,1,0.5926665999540697,-0.9439365863800049,-1.3189365863800049,base,yes
4991,0,0,0.18242552380635632,-2.2255663871765137,-0.7255663871765137,base,no
4992,0,0,0.20181323186177208,-2.078996419906616,-0.703996479511261,base,no
4993,0,0,0.4073334000459302,-1.1715977191925049,-0.7965977191925049,base,no
4994,0,0,0.1480471980316895,-2.1751811504364014,-0.42518115043640137,base,no
4995,0,1,0.9046505402422645,-0.6189109683036804,-2.868911027908325,base,yes
4996,0,1,0.8933094060543487,-0.7431879043579102,-2.86818790435791,base,yes
4997,0,1,0.754914975839675,-0.8824113011360168,-2.007411241531372,base,yes
4998,0,0,0.0758581737534831,-2.885577917098999,-0.38557782769203186,base,no
4999,0,1,0.5621765008857981,-1.1518001556396484,-1.4018001556396484,base,yes
5000,0,0,0.37754066879814546,-1.4712733030319214,-0.9712733030319214,base,no
5001,0,0,0.06754669864792355,-3.1100473403930664,-0.48504745960235596,base,no
5002,0,0,0.24508500210441886,-1.8413240909576416,-0.7163240313529968,base,no
5003,0,0,0.24508502416032488,-1.9459545612335205,-0.8209546208381653,base,no
5004,0,1,0.8519528019683106,-0.469379186630249,-2.219379186630249,base,yes
5005,0,0,0.20181322226037882,-1.9685336351394653,-0.5935336351394653,base,no
5006,0,0,0.06008665522337757,-3.150618314743042,-0.40061840415000916,base,no
5007,0,1,0.893309411735131,-0.5817009806632996,-2.7067010402679443,base,yes
5008,0,1,0.817574471748733,-0.45016005635261536,-1.950160026550293,base,yes
5009,0,1,0.8933093946927838,-0.5453764200210571,-2.6703763008117676,base,yes
5010,0,1,0.5621765008857981,-1.2076553106307983,-1.4576553106307983,base,Yes
5011,0,0,0.37754066879814546,-1.2902305126190186,-0.7902305126190186,base,no
5012,0,0,0.34864513533394575,-1.455088496208191,-0.8300884962081909,base,no
5013,0,0,0.4378234991142019,-0.9709314107894897,-0.7209314107894897,base,no
5014,0,1,0.7549149868676283,-0.7422604560852051,-1.867260456085205,base,yes
5015,0,0,0.1066905911052601,-2.5799338817596436,-0.45493385195732117,base,no
5016,0,0,0.02033235482673614,-4.062950611114502,-0.18795068562030792,base,no
5017,0,1,0.8175744584140004,-0.5384060144424438,-2.0384058952331543,base,yes
5018,0,1,0.5926665999540697,-0.9754582643508911,-1.3504582643508911,base,yes
5019,0,0,0.03732689055684297,-3.5292298793792725,-0.2792299687862396,base,no
5020,0,0,0.32082130082460697,-1.72409188747406,-0.9740918874740601,base,no
5021,0,0,0.3486451217982255,-1.3998944759368896,-0.7748944163322449,base,no
5022,0,0,0.2689414096510108,-1.6397209167480469,-0.6397208571434021,base,no
5023,0,0,0.2689414330889798,-1.6249535083770752,-0.62495356798172,base,no
5024,0,0,0.4378234991142019,-1.311955451965332,-1.061955451965332,base,no
5025,0,0,0.10669059962643358,-2.650392770767212,-0.5253928303718567,base,No
5026,0,0,0.0953494648991095,-2.971592664718628,-0.7215926647186279,base,no
5027,0,0,0.29421497216298875,-1.699027419090271,-0.824027419090271,base,no
5028,0,0,0.1066905854244781,-2.4253251552581787,-0.30032506585121155,base,no
5029,0,1,0.6513548646660542,-0.7884001731872559,-1.4134001731872559,base,yes
5030,0,1,0.8354835207180245,-0.45661747455596924,-2.0816173553466797,base,yes
5031,0,1,0.798186768138228,-0.7789769768714905,-2.1539769172668457,base,yes
5032,0,0,0.32082130082460697,-1.4256256818771362,-0.6756256818771362,base,no
5033,0,1,0.8807970779778823,-0.5546376705169678,-2.5546376705169678,base,yes
5034,0,1,0.9046505376715775,-0.30156680941581726,-2.5515668392181396,base,yes
5035,0,1,0.7310585669110203,-0.9824064373970032,-1.9824063777923584,base,Yes
5036,0,0,0.11920292202211755,-2.5195350646972656,-0.5195350646972656,base,no
5037,0,1,0.6513548782017746,-0.6128293871879578,-1.2378294467926025,base,yes
5038,0,0,0.022977371248114782,-3.9625747203826904,-0.2125747799873352,base,no
5039,0,0,0.04208772791561884,-3.4963643550872803,-0.3713643550872803,base,no
5040,0,1,0.6513548511303336,-0.7125154137611389,-1.3375153541564941,base,yes
5041,0,0,0.18242553269617778,-2.2312800884246826,-0.7312801480293274,base,no
5042,0,1,0.8519528019683106,-0.6318273544311523,-2.3818273544311523,base,yes
5043,0,1,0.9241418158002492,-0.7750971913337708,-3.275097131729126,base,Yes
5044,0,1,0.5621765008857981,-0.7300416231155396,-0.9800416231155396,base,yes
5045,0,0,0.24508500210441886,-1.9160079956054688,-0.791007936000824,base,no
5046,0,0,0.1480471980316895,-2.478259801864624,-0.728259801864624,base,no
5047,0,1,0.952574129515172,-0.5764040350914001,-3.576404094696045,base,yes
5048,0,1,0.6224593312018546,-1.0838942527770996,-1.5838942527770996,base,Yes
5049,0,0,0.16451647108926923,-2.2560346126556396,-0.6310346722602844,base,no
5050,0,0,0.24508501313237172,-1.6056277751922607,-0.48062777519226074,base,no
5051,0,0,0.20181321265898594,-1.9970133304595947,-0.62201327085495,base,no
5052,0,0,0.06008665017400762,-3.4351119995117188,-0.6851119995117188,base,no
5053,0,1,0.851952809486198,-0.5001971125602722,-2.250197172164917,base,yes
5054,0,0,0.06754668550840877,-2.9473748207092285,-0.32237473130226135,base,no
5055,0,1,0.7057850278370112,-0.5840274095535278,-1.4590274095535278,base,yes
5056,0,0,0.2018132174596823,-1.6676013469696045,-0.2926013171672821,base,no
5057,0,0,0.2689414330889798,-1.6964080333709717,-0.6964080929756165,base,no
5058,0,0,0.24508501313237172,-1.7279162406921387,-0.6029162406921387,base,no
5059,0,1,0.9324533069832973,-0.4986758530139923,-3.12367582321167,base,yes
5060,0,1,0.9046505248181417,-0.5732947587966919,-2.8232946395874023,base,yes
5061,0,1,0.7310585669110203,-0.6724513173103333,-1.6724512577056885,base,yes
5062,0,1,0.9149009642742806,-0.6680196523666382,-3.0430197715759277,base,yes
5063,0,0,0.22270013882530884,-1.763939619064331,-0.513939619064331,base,no
5064,0,0,0.16451645470385742,-1.9976351261138916,-0.3726350665092468,base,no
5065,0,1,0.7057850402140659,-0.8912295699119568,-1.7662296295166016,base,yes
5066,0,0,0.20181323186177208,-1.9432721138000488,-0.5682721734046936,base,no
5067,0,1,0.5621765008857981,-1.1712026596069336,-1.4212026596069336,base,Yes
5068,0,1,0.7549149868676283,-0.4968442916870117,-1.6218442916870117,base,yes
5069,0,1,0.8519528170040853,-0.4689592123031616,-2.218959331512451,base,yes
5070,0,0,0.2689414096510108,-1.8928892612457275,-0.8928892016410828,base,No
5071,0,1,0.5926665999540697,-0.9716517925262451,-1.3466517925262451,base,yes
5072,0,1,0.867035752930664,-0.5653184056282043,-2.4403183460235596,base,yes
5073,0,0,0.34864513533394575,-1.6215885877609253,-0.9965885877609253,base,no
5074,0,0,0.01098694263059318,-4.7981181144714355,-0.29811811447143555,base,no
5075,0,1,0.7772998611746911,-0.5859240293502808,-1.8359240293502808,base,yes
5076,0,1,0.9149009526726544,-0.4787450134754181,-2.8537449836730957,base,yes
5077,0,1,0.8519527944504226,-0.789095938205719,-2.539095878601074,base,yes
5078,0,0,0.2689414213699951,-1.9502335786819458,-0.9502335786819458,base,no
5079,0,1,0.7981867777396212,-0.6039026975631714,-1.9789026975631714,base,yes
5080,0,1,0.7310585786300049,-0.5793625116348267,-1.5793625116348267,base,yes
5081,0,0,0.46879062662624377,-1.2662769556045532,-1.1412769556045532,base,no
5082,0,0,0.3208212878370535,-1.441570520401001,-0.6915704607963562,base,no
5083,0,1,0.9241418283357702,-0.7149108648300171,-3.2149109840393066,base,yes
5084,0,0,0.13296425394084313,-2.5856947898864746,-0.7106949090957642,base,no
5085,0,1,0.7057850278370112,-0.958160400390625,-1.833160400390625,base,Yes
5086,0,1,0.5621765008857981,-1.1621264219284058,-1.4121264219284058,base,Yes
5087,0,0,0.2689414213699951,-1.5512794256210327,-0.5512794256210327,base,no
5088,0,0,0.18242551936144574,-1.7986948490142822,-0.29869481921195984,base,no
5089,0,1,0.7057850278370112,-0.9701120853424072,-1.8451120853424072,base,Yes
5090,0,0,0.4073334000459302,-1.2720879316329956,-0.8970879316329956,base,no
5091,0,1,0.8670357598021706,-0.7788791656494141,-2.653879165649414,base,Yes
5092,0,0,0.13296424019782924,-2.278975009918213,-0.4039750099182129,base,no
5093,0,1,0.952574129515172,-0.43712538480758667,-3.4371254444122314,base,yes
5094,0,1,0.5312093733737563,-1.0432089567184448,-1.1682089567184448,base,yes
5095,0,1,0.6224593452091672,-0.5998830199241638,-1.0998830795288086,base,yes
5096,0,1,0.5312093733737563,-1.044242024421692,-1.169242024421692,base,yes
5097,0,0,0.09534945461636171,-2.6687326431274414,-0.41873252391815186,base,no
5098,0,1,0.8354835411997897,-0.4281432330608368,-2.053143262863159,base,yes
5099,0,1,0.6224593312018546,-0.9110585451126099,-1.4110585451126099,base,yes
5100,0,1,0.6224593171945417,-0.786872923374176,-1.2868728637695312,base,yes
5101,0,0,0.11920293453832885,-2.3910984992980957,-0.39109861850738525,base,no
5102,0,0,0.32082130082460697,-1.38506019115448,-0.63506019115448,base,no
5103,0,1,0.5621765008857981,-1.1721946001052856,-1.4221946001052856,base,Yes
5104,0,0,0.2018132270610754,-1.768022894859314,-0.39302292466163635,base,no
5105,0,0,0.14804718675485834,-2.1256978511810303,-0.3756977617740631,base,no
5106,0,1,0.5312093733737563,-1.2005822658538818,-1.3255822658538818,base,yes
5107,0,0,0.2689414213699951,-1.8295973539352417,-0.8295973539352417,base,no
5108,0,0,0.0675466911396291,-3.1427266597747803,-0.5177266597747803,base,no
5109,0,0,0.4073334000459302,-1.4486265182495117,-1.0736265182495117,base,no
5110,0,1,0.8175744761936437,-0.3967018127441406,-1.8967018127441406,base,yes
5111,0,1,0.8519527944504226,-0.6208017468452454,-2.3708016872406006,base,yes
5112,0,1,0.9046505299595163,-0.7262118458747864,-2.9762117862701416,base,yes
5113,0,1,0.6791787121629466,-0.713685929775238,-1.4636859893798828,base,yes
5114,0,0,0.06754669489377622,-3.1089510917663574,-0.4839511513710022,base,no
5115,0,1,0.5312093733737563,-0.9357410669326782,-1.0607410669326782,base,yes
5116,0,1,0.7310585669110203,-0.7113242745399475,-1.7113242149353027,base,yes
5117,0,1,0.5926665855647394,-0.7474744915962219,-1.1224744319915771,base,yes
5118,0,0,0.04208773031866069,-3.50348162651062,-0.3784816861152649,base,no
5119,0,0,0.4378234991142019,-0.9958096742630005,-0.7458096742630005,base,no
5120,0,0,0.4073334000459302,-1.3328065872192383,-0.9578065872192383,base,no
5121,0,0,0.4073334000459302,-1.2742671966552734,-0.8992671966552734,base,no
5122,0,1,0.8670357563664174,-0.4520440399646759,-2.3270440101623535,base,yes
5123,0,0,0.4073334000459302,-1.088375449180603,-0.713375449180603,base,no
5124,0,1,0.893309411735131,-0.7059523463249207,-2.8309524059295654,base,Yes
5125,0,0,0.0953494674697966,-2.61247181892395,-0.3624718487262726,base,no
5126,0,0,0.06008664933244599,-2.9874441623687744,-0.23744414746761322,base,no
5127,0,1,0.8807970779778823,-0.4336740970611572,-2.4336740970611572,base,yes
5128,0,0,0.2689414213699951,-1.6048474311828613,-0.6048474311828613,base,no
5129,0,1,0.6513548646660542,-0.7532545328140259,-1.3782545328140259,base,yes
5130,0,0,0.10669058826486906,-2.7469475269317627,-0.6219474673271179,base,No
5131,0,1,0.7310585786300049,-0.7711682319641113,-1.7711682319641113,base,yes
5132,0,0,0.2018132270610754,-1.7939560413360596,-0.41895607113838196,base,no
5133,0,0,0.4073334000459302,-1.40128755569458,-1.02628755569458,base,no
5134,0,1,0.6791787121629466,-0.7497689127922058,-1.4997689723968506,base,yes
5135,0,0,0.04742587587030561,-3.495237112045288,-0.49523717164993286,base,no
5136,0,0,0.22270012850745968,-1.9721412658691406,-0.7221412062644958,base,no
5137,0,0,0.29421497216298875,-1.5904251337051392,-0.7154251337051392,base,no
5138,0,0,0.06754668550840877,-2.92160964012146,-0.2966095507144928,base,no
5139,0,0,0.46879062662624377,-0.963607907295227,-0.838607907295227,base,no
5140,0,0,0.2689414096510108,-1.593773365020752,-0.5937733054161072,base,no
5141,0,1,0.8175744761936437,-0.616163969039917,-2.116163969039917,base,yes
5142,0,0,0.10669059394565118,-2.4986817836761475,-0.37368178367614746,base,no
5143,0,1,0.7310585786300049,-0.7945451736450195,-1.7945451736450195,base,Yes
5144,0,0,0.10669058826486906,-2.492433786392212,-0.36743372678756714,base,no
5145,0,0,0.029312227783474795,-3.6993703842163086,-0.19937027990818024,base,no
5146,0,1,0.6224593452091672,-0.7859765887260437,-1.2859766483306885,base,yes
5147,0,1,0.6513548782017746,-0.8192755579948425,-1.4442756175994873,base,yes
5148,0,0,0.1066905854244781,-2.5885000228881836,-0.46349993348121643,base,no
5149,0,0,0.06754668738548215,-3.1844329833984375,-0.5594329237937927,base,no
5150,0,0,0.03308598220236406,-3.598465919494629,-0.22346603870391846,base,no
5151,0,0,0.34864513533394575,-1.2550779581069946,-0.6300779581069946,base,no
5152,0,1,0.914900950352329,-0.5662940144538879,-2.941293954849243,base,yes
5153,0,1,0.6791787121629466,-0.8306941390037537,-1.5806941986083984,base,yes
5154,0,0,0.02931223244728875,-3.767498254776001,-0.26749831438064575,base,no
5155,0,0,0.37754066879814546,-1.2735055685043335,-0.7735055685043335,base,no
5156,0,0,0.10669060530721626,-2.3868889808654785,-0.26188910007476807,base,no
5157,0,0,0.24508501313237172,-1.7843481302261353,-0.6593481302261353,base,no
5158,0,1,0.7981867873410141,-0.7871891856193542,-2.162189245223999,base,yes
5159,0,0,0.20181321265898594,-1.9095253944396973,-0.5345253348350525,base,no
5160,0,1,0.9324533013520764,-0.5500656366348267,-3.175065517425537,base,yes
5161,0,1,0.5621764862150634,-0.8224907517433167,-1.0724906921386719,base,yes
5162,0,0,0.10669059394565118,-2.3916566371917725,-0.26665663719177246,base,no
5163,0,0,0.34864513533394575,-1.2917203903198242,-0.6667203903198242,base,no
5164,0,0,0.37754066879814546,-1.3225033283233643,-0.8225033283233643,base,no
5165,0,0,0.32082130082460697,-1.5337092876434326,-0.7837092876434326,base,no
5166,0,0,0.37754066879814546,-1.2154122591018677,-0.7154122591018677,base,no
5167,0,0,0.20181322226037882,-1.9426213502883911,-0.5676213502883911,base,no
5168,0,1,0.8175744673038221,-0.7212942242622375,-2.2212941646575928,base,yes
5169,0,1,0.5926666143433998,-0.8673188090324402,-1.242318868637085,base,yes
5170,0,0,0.02931222905542399,-3.7892329692840576,-0.28923290967941284,base,no
5171,0,0,0.29421497216298875,-1.7474403381347656,-0.8724403381347656,base,no
5172,0,0,0.46879062662624377,-1.0852748155593872,-0.9602748155593872,base,no
5173,0,1,0.8807970654616711,-0.8112050294876099,-2.8112049102783203,base,Yes
5174,0,0,0.20181322226037882,-1.9098491668701172,-0.5348491668701172,base,no
5175,0,0,0.3208212878370535,-1.6458935737609863,-0.8958935141563416,base,no
5176,0,1,0.6224593312018546,-0.8669041395187378,-1.3669041395187378,base,yes
5177,0,0,0.37754066879814546,-1.3447483777999878,-0.8447483777999878,base,no
5178,0,1,0.9149009596336303,-0.7245191931724548,-3.0995192527770996,base,yes
5179,0,0,0.08509904036636974,-2.596520185470581,-0.22152012586593628,base,no
5180,0,0,0.22270013882530884,-1.9140691757202148,-0.6640691757202148,base,no
5181,0,1,0.7310585903489892,-0.7616600394248962,-1.761660099029541,base,yes
5182,0,1,0.5926666143433998,-0.7403416037559509,-1.1153416633605957,base,yes
5183,0,0,0.1480471980316895,-2.2633605003356934,-0.5133605003356934,base,no
5184,0,0,0.14804720930852133,-2.1041858196258545,-0.35418590903282166,base,No
5185,0,1,0.5312093733737563,-0.9041739702224731,-1.0291739702224731,base,yes
5186,0,0,0.3775406828054583,-1.4263195991516113,-0.9263196587562561,base,no
5187,0,1,0.9399133498259924,-0.5412750244140625,-3.2912750244140625,base,yes
5188,0,0,0.053403333566198224,-3.0872457027435303,-0.21224577724933624,base,no
5189,0,1,0.6224593312018546,-1.0616717338562012,-1.5616717338562012,base,yes
5190,0,0,0.10669060530721626,-2.72709321975708,-0.6020933389663696,base,no
5191,0,0,0.11920290950590741,-2.455097198486328,-0.4550970792770386,base,no
5192,0,0,0.24508501313237172,-1.6385643482208252,-0.5135643482208252,base,no
5193,0,0,0.1645164628965632,-2.303701400756836,-0.6787014007568359,base,no
5194,0,1,0.5312093733737563,-1.0598856210708618,-1.1848856210708618,base,yes
5195,0,1,0.8519527906914787,-0.4374578893184662,-2.187457799911499,base,yes
5196,0,0,0.2942149597859341,-1.5920238494873047,-0.7170237898826599,base,no
5197,0,0,0.5,-1.0029703378677368,-1.0029703378677368,base,no
5198,0,1,0.7772998714925403,-0.5918862223625183,-1.841886281967163,base,yes
5199,0,1,0.6513548646660542,-0.7194298505783081,-1.344429850578308,base,yes
5200,0,0,0.02297737057907019,-4.066097259521484,-0.31609728932380676,base,no
5201,0,0,0.46879061178313897,-1.1003363132476807,-0.9753362536430359,base,no
5202,0,1,0.8175744761936437,-0.3531949520111084,-1.8531949520111084,base,yes
5203,0,0,0.009708477484315619,-4.799404144287109,-0.17440424859523773,base,no
5204,0,0,0.18242552380635632,-1.9649828672409058,-0.46498286724090576,base,no
5205,0,1,0.679178699175393,-0.6808116436004639,-1.4308116436004639,base,yes
5206,0,0,0.1645164792819756,-2.172008514404297,-0.5470086336135864,base,no
5207,0,1,0.7310585669110203,-0.7183342576026917,-1.7183341979980469,base,yes
5208,0,0,0.46879062662624377,-1.1241450309753418,-0.9991450309753418,base,no
5209,0,0,0.5,-1.1193344593048096,-1.1193344593048096,base,no
5210,0,0,0.2942149597859341,-1.6533331871032715,-0.7783331274986267,base,no
5211,0,0,0.02931223244728875,-3.7200357913970947,-0.2200358510017395,base,no
5212,0,0,0.24508501864634827,-1.5564767122268677,-0.43147674202919006,base,no
5213,0,0,0.16451647108926923,-2.245084285736084,-0.6200843453407288,base,no
5214,0,1,0.6224593312018546,-0.9567505121231079,-1.456750512123108,base,yes
5215,0,0,0.5,-1.3102651834487915,-1.3102651834487915,base,no
5216,0,1,0.6513548646660542,-0.712740421295166,-1.337740421295166,base,yes
5217,0,1,0.7549149868676283,-0.742800235748291,-1.867800235748291,base,yes
5218,0,0,0.4073333856566001,-1.1342267990112305,-0.7592267394065857,base,no
5219,0,1,0.8519527906914787,-0.4697018563747406,-2.2197017669677734,base,yes
5220,0,0,0.34864513533394575,-1.4143195152282715,-0.7893195152282715,base,no
5221,0,0,0.20181321265898594,-2.141425132751465,-0.7664250731468201,base,no
5222,0,0,0.22270013882530884,-2.0902440547943115,-0.8402440547943115,base,No
5223,0,0,0.012431649938470258,-4.572787284851074,-0.19778721034526825,base,no
5224,0,0,0.18242552380635632,-2.14703106880188,-0.6470310688018799,base,no
5225,0,0,0.06754668926255561,-2.9214022159576416,-0.2964021861553192,base,no
5226,0,0,0.02033235452992065,-4.218061923980713,-0.34306198358535767,base,no
5227,0,0,0.2689414213699951,-1.5775114297866821,-0.5775114297866821,base,no
5228,0,0,0.2689414330889798,-1.57666015625,-0.5766602158546448,base,no
5229,0,1,0.9241418199787566,-0.7059359550476074,-3.2059359550476074,base,Yes
5230,0,1,0.6513548646660542,-0.5798946619033813,-1.2048946619033813,base,yes
5231,0,1,0.7310585786300049,-0.728805422782898,-1.728805422782898,base,yes
5232,0,0,0.1066905825840872,-2.695030689239502,-0.5700305700302124,base,no
5233,0,1,0.893309411735131,-0.5445296168327332,-2.669529676437378,base,yes
5234,0,0,0.2942149845400438,-1.4182026386260986,-0.5432026982307434,base,no
5235,0,0,0.0850990519679964,-2.691526412963867,-0.31652650237083435,base,no
5236,0,0,0.1480471829959148,-2.1071290969848633,-0.35712897777557373,base,no
5237,0,0,0.2942149845400438,-1.3965082168579102,-0.5215082764625549,base,no
5238,0,1,0.7772998508568416,-0.669375479221344,-1.9193754196166992,base,yes
5239,0,1,0.8354835371034369,-0.645580530166626,-2.270580530166626,base,yes
5240,0,0,0.3208212878370535,-1.532883644104004,-0.7828835844993591,base,no
5241,0,1,0.6224593171945417,-0.7965303063392639,-1.2965302467346191,base,yes
5242,0,1,0.679178699175393,-0.5522199869155884,-1.3022199869155884,base,yes
5243,0,0,0.24508500210441886,-1.8414103984832764,-0.7164103388786316,base,no
5244,0,0,0.4073333856566001,-1.1180813312530518,-0.743081271648407,base,no
5245,0,1,0.9241418137109955,-0.4250117242336273,-2.92501163482666,base,yes
5246,0,0,0.37754066879814546,-1.1381871700286865,-0.6381871700286865,base,no
5247,0,1,0.7057850402140659,-0.7351273894309998,-1.6101274490356445,base,yes
5248,0,0,0.5,-1.0123209953308105,-1.0123209953308105,base,no
5249,0,0,0.13296424019782924,-2.5920767784118652,-0.7170767784118652,base,no
5250,0,1,0.6513548782017746,-0.7208232283592224,-1.3458232879638672,base,yes
5251,0,1,0.6513548511303336,-0.8153570294380188,-1.440356969833374,base,yes
5252,0,0,0.0953494648991095,-2.7669713497161865,-0.5169713497161865,base,no
5253,0,1,0.7981867777396212,-0.44265639781951904,-1.817656397819519,base,yes
5254,0,0,0.5,-1.0118980407714844,-1.0118980407714844,base,no
5255,0,1,0.5312093882168609,-0.9474264979362488,-1.0724265575408936,base,yes
5256,0,1,0.9324533051062237,-0.5992253422737122,-3.2242252826690674,base,yes
5257,0,0,0.20181322226037882,-2.1157233715057373,-0.7407233715057373,base,no
5258,0,1,0.8670357666736773,-0.49048227071762085,-2.3654823303222656,base,yes
5259,0,0,0.2689414096510108,-1.6397011280059814,-0.6397010684013367,base,no
5260,0,0,0.22270013882530884,-1.802206039428711,-0.5522060394287109,base,no
5261,0,1,0.5312093733737563,-0.922704815864563,-1.047704815864563,base,yes
5262,0,0,0.24508501313237172,-1.7261910438537598,-0.6011910438537598,base,no
5263,0,0,0.06754668738548215,-3.264092206954956,-0.6390921473503113,base,no
5264,0,1,0.7981867729389246,-0.4970532953739166,-1.8720532655715942,base,yes
5265,0,0,0.4378234991142019,-1.1015031337738037,-0.8515031337738037,base,no
5266,0,0,0.1480471980316895,-2.3122451305389404,-0.5622451305389404,base,no
5267,0,0,0.3486451488696663,-1.5000035762786865,-0.8750036358833313,base,no
5268,0,0,0.46879062662624377,-1.0714503526687622,-0.9464503526687622,base,no
5269,0,0,0.20181322226037882,-1.9115328788757324,-0.5365328788757324,base,no
5270,0,0,0.18242553269617778,-2.191554546356201,-0.691554605960846,base,no
5271,0,1,0.7772998611746911,-0.5220868587493896,-1.7720868587493896,base,yes
5272,0,0,0.0850990519679964,-2.6307458877563477,-0.2557459771633148,base,no
5273,0,0,0.11920292202211755,-2.391979932785034,-0.3919799327850342,base,no
5274,0,0,0.3208212878370535,-1.459662914276123,-0.7096628546714783,base,no
5275,0,0,0.29421497216298875,-1.4390836954116821,-0.5640836954116821,base,no
5276,0,0,0.06754668550840877,-2.9770445823669434,-0.3520444929599762,base,no
5277,0,0,0.4378234991142019,-1.1839238405227661,-0.9339238405227661,base,no
5278,0,0,0.11920291576401235,-2.7012553215026855,-0.7012552618980408,base,no
5279,0,1,0.7549149868676283,-0.5495035648345947,-1.6745035648345947,base,yes
5280,0,0,0.0675466911396291,-2.9981324672698975,-0.37313246726989746,base,no
5281,0,1,0.5312093733737563,-1.0620766878128052,-1.1870766878128052,base,yes
5282,0,1,0.5312093733737563,-1.2183704376220703,-1.3433704376220703,base,Yes
5283,0,0,0.1329642264548166,-2.27774715423584,-0.4027470350265503,base,no
5284,0,1,0.9399133531922388,-0.538324773311615,-3.2883248329162598,base,yes
5285,0,0,0.16451646699291617,-1.9987869262695312,-0.37378695607185364,base,no
5286,0,0,0.2942149845400438,-1.347954511642456,-0.47295457124710083,base,no
5287,0,1,0.6513548646660542,-0.8690868616104126,-1.4940868616104126,base,yes
5288,0,1,0.754914975839675,-0.6199803948402405,-1.7449803352355957,base,yes
5289,0,0,0.053403329799824234,-3.148477554321289,-0.27347755432128906,base,no
5290,0,1,0.9046505325302034,-0.413117915391922,-2.6631178855895996,base,yes
5291,0,0,0.20181321265898594,-1.7809655666351318,-0.40596550703048706,base,no
5292,0,0,0.020332350374504305,-4.156842231750488,-0.28184208273887634,base,no
5293,0,0,0.13296424019782924,-2.2585794925689697,-0.3835794925689697,base,no
5294,0,1,0.754914975839675,-0.5437512993812561,-1.6687512397766113,base,yes
5295,0,1,0.7981867777396212,-0.6877472400665283,-2.0627472400665283,base,yes
5296,0,1,0.7549149868676283,-0.6980067491531372,-1.8230067491531372,base,yes
5297,0,0,0.09534945718704857,-2.5563912391662598,-0.3063911497592926,base,no
5298,0,1,0.8354835452961425,-0.5108210444450378,-2.1358211040496826,base,yes
5299,0,0,0.060086656906500974,-3.2493162155151367,-0.49931633472442627,base,no
5300,0,1,0.679178699175393,-0.7874850034713745,-1.5374850034713745,base,yes
5301,0,1,0.8670357735451834,-0.5243457555770874,-2.399345874786377,base,yes
5302,0,0,0.46879062662624377,-1.0425337553024292,-0.9175337553024292,base,no
5303,0,0,0.5,-0.8869776129722595,-0.8869776129722595,base,no
5304,0,0,0.3486451217982255,-1.4379453659057617,-0.8129453063011169,base,no
5305,0,1,0.5621765008857981,-1.0381649732589722,-1.2881649732589722,base,yes
5306,0,0,0.020332356904444657,-4.083837509155273,-0.20883768796920776,base,no
5307,0,0,0.0534033328129234,-3.125164270401001,-0.25016433000564575,base,no
5308,0,1,0.5621765008857981,-0.8811150789260864,-1.1311150789260864,base,yes
5309,0,1,0.5926665999540697,-0.8571450710296631,-1.232145071029663,base,yes
5310,0,1,0.6791787121629466,-0.604942262172699,-1.3549423217773438,base,yes
5311,0,1,0.5621765008857981,-0.9524345397949219,-1.2024345397949219,base,yes
5312,0,0,0.06754668926255561,-2.9468061923980713,-0.3218061625957489,base,no
5313,0,1,0.754914997895581,-0.7794618010520935,-1.9044618606567383,base,yes
5314,0,0,0.37754066879814546,-1.215512990951538,-0.7155129909515381,base,no
5315,0,0,0.1329642333263228,-2.5917868614196777,-0.716786801815033,base,no
5316,0,0,0.05340332829327471,-3.151007890701294,-0.27600786089897156,base,no
5317,0,0,0.1066905911052601,-2.4301986694335938,-0.30519863963127136,base,no
5318,0,0,0.4073334000459302,-1.3120064735412598,-0.9370064735412598,base,no
5319,0,1,0.9241418116217418,-0.5555282831192017,-3.055528163909912,base,yes
5320,0,0,0.2689414213699951,-1.756203293800354,-0.756203293800354,base,no
5321,0,0,0.3775406547908327,-1.2430415153503418,-0.743041455745697,base,no
5322,0,0,0.24508501313237172,-1.7470871210098267,-0.6220871210098267,base,no
5323,0,1,0.7310585786300049,-0.8179057836532593,-1.8179057836532593,base,yes
5324,0,0,0.04742587452393617,-3.4847185611724854,-0.48471859097480774,base,no
5325,0,0,0.32082130082460697,-1.3827471733093262,-0.6327471733093262,base,no
5326,0,1,0.5621765008857981,-0.84093177318573,-1.09093177318573,base,yes
5327,0,0,0.1645164506075047,-2.004784107208252,-0.3797840178012848,base,no
5328,0,0,0.04208772491181671,-3.26704478263855,-0.14204470813274384,base,no
5329,0,0,0.029312230751356316,-3.8585517406463623,-0.3585517406463623,base,no
5330,0,0,0.20181322226037882,-1.9208054542541504,-0.5458054542541504,base,no
5331,0,1,0.8354835371034369,-0.6391072273254395,-2.2641072273254395,base,yes
5332,0,1,0.880797071719777,-0.5949135422706604,-2.5949134826660156,base,yes
5333,0,0,0.3486451488696663,-1.2689878940582275,-0.6439879536628723,base,no
5334,0,0,0.02033235452992065,-4.12995719909668,-0.25495725870132446,base,no
5335,0,1,0.6224593312018546,-0.9439953565597534,-1.4439953565597534,base,yes
5336,0,0,0.24508501313237172,-1.78485107421875,-0.65985107421875,base,no
5337,0,1,0.8175744584140004,-0.7650309801101685,-2.265030860900879,base,yes
5338,0,0,0.1329642333263228,-2.286079168319702,-0.4110791087150574,base,no
5339,0,1,0.7057850154599563,-0.5822859406471252,-1.4572858810424805,base,yes
5340,0,0,0.11920292202211755,-2.627444267272949,-0.6274442672729492,base,no
5341,0,1,0.8354835289107309,-0.49352866411209106,-2.1185286045074463,base,yes
5342,0,1,0.9149009642742806,-0.5656832456588745,-2.940683364868164,base,yes
5343,0,0,0.053403325280175794,-3.1731860637664795,-0.29818597435951233,base,no
5344,0,1,0.6791787121629466,-0.6989292502403259,-1.4489293098449707,base,yes
5345,0,0,0.015906389379279733,-4.4316816329956055,-0.30668148398399353,base,no
5346,0,0,0.0758581737534831,-2.858513355255127,-0.3585132658481598,base,no
5347,0,0,0.0758581737534831,-2.859697103500366,-0.35969701409339905,base,no
5348,0,1,0.9241418283357702,-0.51372230052948,-3.0137224197387695,base,yes
5349,0,0,0.16451647108926923,-2.027615785598755,-0.40261584520339966,base,no
5350,0,1,0.679178699175393,-0.712881326675415,-1.462881326675415,base,yes
5351,0,1,0.6513548646660542,-0.6912530660629272,-1.3162530660629272,base,yes
5352,0,0,0.0850990542883219,-2.9219675064086914,-0.546967625617981,base,no
5353,0,0,0.04208772431105632,-3.5324971675872803,-0.4074970781803131,base,no
5354,0,1,0.880797081106935,-0.4395546615123749,-2.4395546913146973,base,yes
5355,0,0,0.05340332377362639,-3.5057716369628906,-0.6307715177536011,base,no
5356,0,1,0.6791787121629466,-0.5931171774864197,-1.3431172370910645,base,yes
5357,0,0,0.5,-1.0248830318450928,-1.0248830318450928,base,no
5358,0,0,0.1066905854244781,-2.4524941444396973,-0.3274940550327301,base,no
5359,0,0,0.4073334000459302,-1.2528374195098877,-0.8778374195098877,base,no
5360,0,1,0.9241418199787566,-0.5070436000823975,-3.0070436000823975,base,yes
5361,0,0,0.06754668738548215,-3.2697932720184326,-0.6447932124137878,base,no
5362,0,0,0.06754669301670263,-2.966820478439331,-0.34182050824165344,base,no
5363,0,1,0.939913343093499,-0.757299542427063,-3.5072994232177734,base,Yes
5364,0,1,0.754914975839675,-0.5796495079994202,-1.7046494483947754,base,yes
5365,0,0,0.1066905854244781,-2.4981296062469482,-0.3731295168399811,base,no
5366,0,1,0.8933094003735664,-0.4952400326728821,-2.6202399730682373,base,yes
5367,0,1,0.5926665999540697,-0.7997781038284302,-1.1747781038284302,base,yes
5368,0,1,0.8519528057272543,-0.46511074900627136,-2.2151107788085938,base,yes
5369,0,0,0.13296424019782924,-2.277134895324707,-0.40213489532470703,base,no
5370,0,0,0.32082130082460697,-1.4271193742752075,-0.6771193742752075,base,no
5371,0,1,0.798186768138228,-0.6882322430610657,-2.063232183456421,base,yes
5372,0,1,0.8175744806385543,-0.37907835841178894,-1.8790783882141113,base,yes
5373,0,1,0.5926665999540697,-0.8569588661193848,-1.2319588661193848,base,yes
5374,0,0,0.5,-0.9097924828529358,-0.9097924828529358,base,no
5375,0,1,0.7772998611746911,-0.5988602638244629,-1.848860263824463,base,yes
5376,0,0,0.3208212878370535,-1.511631727218628,-0.7616316676139832,base,no
5377,0,0,0.5,-0.9010049700737,-0.9010049700737,base,no
5378,0,0,0.32082130082460697,-1.6233190298080444,-0.8733190298080444,base,no
5379,0,0,0.18242551491653522,-2.075127601623535,-0.5751275420188904,base,no
5380,0,0,0.1645164628965632,-2.2415771484375,-0.6165771484375,base,no
5381,0,0,0.20181322226037882,-1.9079046249389648,-0.5329046249389648,base,no
5382,0,0,0.08509904500702024,-2.6678199768066406,-0.2928199768066406,base,no
5383,0,0,0.04208772791561884,-3.435549736022949,-0.3105497360229492,base,no
5384,0,1,0.679178699175393,-0.5578347444534302,-1.3078347444534302,base,yes
5385,0,1,0.8519528019683106,-0.5035009384155273,-2.2535009384155273,base,yes
5386,0,0,0.22270012850745968,-1.7073171138763428,-0.457317054271698,base,no
5387,0,0,0.46879062662624377,-0.9858285188674927,-0.8608285188674927,base,no
5388,0,0,0.3775406547908327,-1.402256727218628,-0.9022566676139832,base,no
5389,0,0,0.2689414330889798,-1.5760283470153809,-0.5760284066200256,base,no
5390,0,1,0.6224593171945417,-0.9117606282234192,-1.4117605686187744,base,yes
5391,0,1,0.5621765008857981,-1.0381596088409424,-1.2881596088409424,base,yes
5392,0,0,0.037326884131416216,-3.5569658279418945,-0.30696573853492737,base,no
5393,0,1,0.7981867777396212,-0.4234367609024048,-1.7984367609024048,base,yes
5394,0,0,0.16451645470385742,-2.1742022037506104,-0.5492021441459656,base,no
5395,0,1,0.7310585786300049,-0.5797818899154663,-1.5797818899154663,base,yes
5396,0,0,0.2689414096510108,-1.5026473999023438,-0.502647340297699,base,no
5397,0,0,0.46879062662624377,-1.131683111190796,-1.006683111190796,base,no
5398,0,0,0.22270013882530884,-1.906095027923584,-0.656095027923584,base,no
5399,0,0,0.1329642264548166,-2.490762233734131,-0.6157621145248413,base,no
5400,0,1,0.5926666143433998,-0.8778097033500671,-1.252809762954712,base,yes
5401,0,1,0.8807970654616711,-0.4047356843948364,-2.404735565185547,base,yes
5402,0,0,0.20181322226037882,-1.8406405448913574,-0.4656405448913574,base,no
5403,0,1,0.939913343093499,-0.451266884803772,-3.2012667655944824,base,yes
5404,0,0,0.4073334000459302,-1.376138687133789,-1.001138687133789,base,no
5405,0,0,0.32082130082460697,-1.411370873451233,-0.6613708734512329,base,no
5406,0,0,0.5,-1.0619463920593262,-1.0619463920593262,base,no
5407,0,0,0.13296422989056964,-2.232865810394287,-0.35786572098731995,base,no
5408,0,0,0.11920292828022305,-2.2636232376098633,-0.26362329721450806,base,no
5409,0,0,0.3486451488696663,-1.2901861667633057,-0.6651862263679504,base,no
5410,0,0,0.06008664512463808,-3.1883835792541504,-0.4383834898471832,base,no
5411,0,0,0.1645164628965632,-2.210904121398926,-0.5859041213989258,base,no
5412,0,0,0.34864513533394575,-1.3640519380569458,-0.7390519380569458,base,no
5413,0,0,0.5,-0.8126350045204163,-0.8126350045204163,base,no
5414,0,0,0.40733341443526055,-1.05525803565979,-0.6802580952644348,base,no
5415,0,1,0.8933094145755219,-0.45778146386146545,-2.5827815532684326,base,yes
5416,0,0,0.2689414330889798,-1.9019877910614014,-0.9019878506660461,base,no
5417,0,1,0.8354835452961425,-0.8000428080558777,-2.4250428676605225,base,yes
5418,0,1,0.5312093733737563,-0.852767825126648,-0.977767825126648,base,yes
5419,0,1,0.8175744939732856,-0.5036171674728394,-2.003617286682129,base,yes
5420,0,1,0.7310585786300049,-0.6886129379272461,-1.688612937927246,base,yes
5421,0,0,0.16451645880021026,-1.9785795211791992,-0.35357949137687683,base,no
5422,0,1,0.939913354875362,-0.3456701338291168,-3.095670223236084,base,yes
5423,0,1,0.9525741322079105,-0.5269678831100464,-3.526968002319336,base,yes
5424,0,0,0.16451645470385742,-2.312922716140747,-0.6879226565361023,base,no
5425,0,1,0.7310585669110203,-0.6103604435920715,-1.6103603839874268,base,yes
5426,0,0,0.1480472055495773,-2.3543734550476074,-0.6043735146522522,base,no
5427,0,0,0.10669059394565118,-2.360196590423584,-0.23519659042358398,base,no
5428,0,0,0.02297737258620403,-4.346407413482666,-0.5964075326919556,base,no
5429,0,1,0.7310585903489892,-0.8708357214927673,-1.870835781097412,base,yes
5430,0,0,0.1480472055495773,-2.237700939178467,-0.4877009987831116,base,no
5431,0,1,0.8519528019683106,-0.7335672378540039,-2.483567237854004,base,yes
5432,0,1,0.7549149868676283,-0.697048544883728,-1.822048544883728,base,yes
5433,0,0,0.34864513533394575,-1.415654182434082,-0.790654182434082,base,no
5434,0,0,0.3486451488696663,-1.3189561367034912,-0.693956196308136,base,no
5435,0,0,0.22270014914315833,-1.648834228515625,-0.3988342881202698,base,no
5436,0,0,0.10669060246682488,-2.470820188522339,-0.34582027792930603,base,no
5437,0,0,0.2689414096510108,-1.5762217044830322,-0.5762216448783875,base,no
5438,0,0,0.3486451217982255,-1.3339452743530273,-0.7089452147483826,base,no
5439,0,1,0.8354835371034369,-0.6932594776153564,-2.3182594776153564,base,yes
5440,0,1,0.9525741268224334,-0.6804203987121582,-3.680420398712158,base,yes
5441,0,1,0.893309411735131,-0.5862295031547546,-2.7112295627593994,base,yes
5442,0,1,0.9399133464597458,-0.5908296704292297,-3.340829610824585,base,yes
5443,0,1,0.6224593312018546,-0.8167511224746704,-1.3167511224746704,base,yes
5444,0,1,0.7772998663336157,-0.47332510352134705,-1.7233251333236694,base,yes
5445,0,0,0.06754668550840877,-2.925339460372925,-0.30033937096595764,base,no
5446,0,1,0.5621765008857981,-1.2080413103103638,-1.4580413103103638,base,Yes
5447,0,0,0.18242552825126704,-1.9952963590621948,-0.4952963888645172,base,no
5448,0,1,0.5926665999540697,-0.8421849012374878,-1.2171849012374878,base,yes
5449,0,0,0.5,-1.1910717487335205,-1.1910717487335205,base,no
5450,0,1,0.6513548646660542,-0.6631045341491699,-1.28810453414917,base,yes
5451,0,1,0.5621764862150634,-0.9270537495613098,-1.177053689956665,base,yes
5452,0,1,0.7310585669110203,-0.8192632794380188,-1.819263219833374,base,yes
5453,0,0,0.2689414330889798,-1.5929529666900635,-0.5929530262947083,base,no
5454,0,1,0.9149009549929797,-0.3997006416320801,-2.77470064163208,base,yes
5455,0,1,0.7310585786300049,-0.7727608680725098,-1.7727608680725098,base,yes
5456,0,0,0.18242550602671442,-2.0753650665283203,-0.5753649473190308,base,no
5457,0,0,0.11920292828022305,-2.5798428058624268,-0.5798428654670715,base,no
5458,0,1,0.8807970779778823,-0.4399070739746094,-2.4399070739746094,base,yes
5459,0,1,0.8354835371034369,-0.6451704502105713,-2.2701704502105713,base,yes
5460,0,0,0.0953494648991095,-2.877540349960327,-0.6275403499603271,base,no
5461,0,0,0.02931222905542399,-3.764147996902466,-0.26414793729782104,base,no
5462,0,0,0.4073334000459302,-1.061458945274353,-0.686458945274353,base,no
5463,0,0,0.2942149845400438,-1.5763297080993652,-0.70132976770401,base,no
5464,0,0,0.4378234991142019,-1.136014461517334,-0.886014461517334,base,no
5465,0,0,0.06008665017400762,-3.1884634494781494,-0.4384634494781494,base,no
5466,0,0,0.2689414213699951,-1.5815374851226807,-0.5815374851226807,base,no
5467,0,0,0.18242552380635632,-2.241246223449707,-0.741246223449707,base,no
5468,0,0,0.10669059394565118,-2.5286035537719727,-0.40360355377197266,base,no
5469,0,0,0.1645164792819756,-2.1526527404785156,-0.5276528596878052,base,no
5470,0,1,0.8670357460591569,-0.7164117097854614,-2.591411590576172,base,yes
5471,0,0,0.24508501313237172,-1.6373201608657837,-0.5123201608657837,base,no
5472,0,0,0.4073334000459302,-1.2368782758712769,-0.8618782758712769,base,no
5473,0,0,0.5,-0.9097195267677307,-0.9097195267677307,base,no
5474,0,1,0.9241418199787566,-0.7748599052429199,-3.27485990524292,base,Yes
5475,0,0,0.46879062662624377,-1.0232479572296143,-0.8982479572296143,base,no
5476,0,0,0.1824255415859996,-2.004587173461914,-0.5045872926712036,base,no
5477,0,0,0.10669058826486906,-2.908895969390869,-0.7838959097862244,base,no
5478,0,1,0.893309411735131,-0.6399299502372742,-2.764930009841919,base,yes
5479,0,0,0.3486451488696663,-1.2005045413970947,-0.5755046010017395,base,no
5480,0,1,0.9149009526726544,-0.27139952778816223,-2.64639949798584,base,yes
5481,0,0,0.40733341443526055,-1.0841310024261475,-0.7091310620307922,base,no
5482,0,0,0.18242552380635632,-2.039095640182495,-0.5390956401824951,base,no
5483,0,0,0.2689414330889798,-1.5031847953796387,-0.5031848549842834,base,no
5484,0,0,0.5,-1.2821581363677979,-1.2821581363677979,base,no
5485,0,0,0.2942149845400438,-1.631788969039917,-0.7567890286445618,base,no
5486,0,1,0.679178699175393,-0.6437314748764038,-1.3937314748764038,base,yes
5487,0,0,0.18242552380635632,-2.0049054622650146,-0.5049054622650146,base,no
5488,0,1,0.8670357460591569,-0.5659528970718384,-2.440952777862549,base,yes
5489,0,1,0.5312093733737563,-0.9698259830474854,-1.0948259830474854,base,yes
5490,0,0,0.24508501313237172,-1.7123639583587646,-0.5873639583587646,base,no
5491,0,0,0.04742587587030561,-3.5745227336883545,-0.5745227932929993,base,no
5492,0,1,0.7981867873410141,-0.6812471747398376,-2.0562472343444824,base,yes
5493,0,0,0.22270013366638422,-1.6313756704330444,-0.38137564063072205,base,no
5494,0,1,0.5621764862150634,-0.774262011051178,-1.0242619514465332,base,yes
5495,0,1,0.7057850278370112,-0.643667459487915,-1.518667459487915,base,yes
5496,0,1,0.6513548646660542,-0.8173590898513794,-1.4423590898513794,base,yes
5497,0,0,0.24508501313237172,-1.9907227754592896,-0.8657227754592896,base,no
5498,0,1,0.880797071719777,-0.5496492981910706,-2.549649238586426,base,yes
5499,0,0,0.32082130082460697,-1.3981518745422363,-0.6481518745422363,base,no
5500,0,0,0.4378234991142019,-1.0749431848526,-0.8249431848526001,base,no
5501,0,0,0.24508501313237172,-1.9799689054489136,-0.8549689054489136,base,no
5502,0,0,0.1645164792819756,-2.054192543029785,-0.4291926622390747,base,no
5503,0,0,0.37754066879814546,-1.598783016204834,-1.098783016204834,base,no
5504,0,0,0.1480471829959148,-2.274472713470459,-0.5244725942611694,base,no
5505,0,0,0.020332352155396922,-4.0143723487854,-0.13937228918075562,base,no
5506,0,0,0.2942149845400438,-1.3710248470306396,-0.4960249066352844,base,no
5507,0,1,0.754914997895581,-0.7794660925865173,-1.904466152191162,base,yes
5508,0,0,0.14804719051380197,-2.41554856300354,-0.6655485033988953,base,no
5509,0,0,0.08509903804604459,-2.7176601886749268,-0.3426600992679596,base,no
5510,0,0,0.4073334000459302,-1.069220781326294,-0.694220781326294,base,no
5511,0,0,0.09534946104307897,-2.469536304473877,-0.21953625977039337,base,no
5512,0,0,0.24508500761839525,-1.606860876083374,-0.48186084628105164,base,no
5513,0,0,0.08509904964767095,-2.8372671604156494,-0.4622672200202942,base,no
5514,0,0,0.20181323186177208,-1.8783271312713623,-0.5033271908760071,base,no
5515,0,1,0.7057850402140659,-0.5664946436882019,-1.4414947032928467,base,yes
5516,0,0,0.10669059962643358,-2.360722541809082,-0.2357226014137268,base,no
5517,0,1,0.9324533013520764,-0.5958644151687622,-3.2208642959594727,base,yes
5518,0,0,0.32082130082460697,-1.6203126907348633,-0.8703126907348633,base,no
5519,0,1,0.835483553488848,-0.5597223043441772,-2.184722423553467,base,yes
5520,0,0,0.5,-0.961478054523468,-0.961478054523468,base,no
5521,0,0,0.4378234991142019,-1.1181302070617676,-0.8681302070617676,base,no
5522,0,1,0.6224593312018546,-0.8700543642044067,-1.3700543642044067,base,yes
5523,0,0,0.18242551491653522,-2.114943742752075,-0.6149436831474304,base,no
5524,0,0,0.16451645470385742,-2.288619041442871,-0.6636189818382263,base,no
5525,0,1,0.6224593171945417,-0.7562480568885803,-1.2562479972839355,base,yes
5526,0,0,0.037326888415033926,-3.684933662414551,-0.43493369221687317,base,no
5527,0,1,0.5621765008857981,-0.8931615352630615,-1.1431615352630615,base,yes
5528,0,0,0.4378234991142019,-1.0058506727218628,-0.7558506727218628,base,no
5529,0,0,0.2689414213699951,-1.7560069561004639,-0.7560069561004639,base,no
5530,0,1,0.798186768138228,-0.5280960202217102,-1.9030959606170654,base,yes
5531,0,0,0.5,-0.9265756607055664,-0.9265756607055664,base,no
5532,0,1,0.7057850278370112,-0.5867398977279663,-1.4617398977279663,base,yes
5533,0,0,0.2689414213699951,-1.753760576248169,-0.753760576248169,base,no
5534,0,1,0.7981867873410141,-0.90265291929245,-2.2776529788970947,base,Yes
5535,0,0,0.4073334000459302,-1.0400121212005615,-0.6650121212005615,base,no
5536,0,0,0.20181322226037882,-1.8161448240280151,-0.44114482402801514,base,no
5537,0,1,0.7772998663336157,-0.46502014994621277,-1.7150201797485352,base,yes
5538,0,1,0.8933094174159129,-0.6397985219955444,-2.764798641204834,base,yes
5539,0,0,0.4378234991142019,-0.9895015358924866,-0.7395015358924866,base,no
5540,0,0,0.02297737258620403,-3.880723476409912,-0.13072359561920166,base,no
5541,0,0,0.020332353342658753,-4.286885738372803,-0.41188573837280273,base,no
5542,0,0,0.0850990542883219,-2.916085720062256,-0.5410858392715454,base,no
5543,0,0,0.3208212878370535,-1.2519752979278564,-0.5019752383232117,base,no
5544,0,0,0.1645164628965632,-2.3774802684783936,-0.7524802684783936,base,no
5545,0,1,0.5312093733737563,-0.9667856693267822,-1.0917856693267822,base,yes
5546,0,1,0.9149009596336303,-0.5174030661582947,-2.8924031257629395,base,yes
5547,0,1,0.6224593312018546,-0.6363444328308105,-1.1363444328308105,base,yes
5548,0,0,0.22270012850745968,-1.755396842956543,-0.5053967833518982,base,no
5549,0,1,0.7057850402140659,-0.7222997546195984,-1.5972998142242432,base,yes
5550,0,0,0.37754066879814546,-1.522150993347168,-1.022150993347168,base,no
5551,0,1,0.9046505248181417,-0.5284219980239868,-2.7784218788146973,base,yes
5552,0,0,0.46879062662624377,-1.1598351001739502,-1.0348351001739502,base,no
5553,0,0,0.1645164628965632,-2.344296455383301,-0.7192964553833008,base,no
5554,0,1,0.7057850278370112,-0.5862730741500854,-1.4612730741500854,base,yes
5555,0,1,0.6513548646660542,-0.9529435634613037,-1.5779435634613037,base,yes
5556,0,1,0.8354835452961425,-0.6066195368766785,-2.2316195964813232,base,yes
5557,0,1,0.5926665855647394,-0.8770502209663391,-1.2520501613616943,base,yes
5558,0,0,0.11920292828022305,-2.3171398639678955,-0.3171399235725403,base,no
5559,0,1,0.9046505325302034,-0.4520159065723419,-2.7020158767700195,base,yes
5560,0,0,0.3208212878370535,-1.3461494445800781,-0.5961493849754333,base,no
5561,0,0,0.32082130082460697,-1.6195658445358276,-0.8695658445358276,base,no
5562,0,1,0.6513548782017746,-0.6346256136894226,-1.2596256732940674,base,yes
5563,0,1,0.7772998611746911,-0.9276483058929443,-2.1776483058929443,base,Yes
5564,0,0,0.14804719051380197,-2.2631967067718506,-0.5131966471672058,base,no
5565,0,1,0.5621765008857981,-1.0076217651367188,-1.2576217651367188,base,yes
5566,0,1,0.924141817889503,-0.42752841114997864,-2.9275283813476562,base,yes
5567,0,1,0.8175744850834649,-0.6218449473381042,-2.121845006942749,base,yes
5568,0,0,0.11920293453832885,-2.520193576812744,-0.5201936960220337,base,no
5569,0,1,0.8670357460591569,-0.6631685495376587,-2.538168430328369,base,yes
5570,0,0,0.04742586913845881,-3.3830349445343018,-0.3830348551273346,base,no
5571,0,0,0.1645164792819756,-2.1141018867492676,-0.48910200595855713,base,no
5572,0,0,0.03308597552845946,-3.6227176189422607,-0.24771752953529358,base,no
5573,0,1,0.9465966702001757,-0.5866868495941162,-3.461686849594116,base,yes
5574,0,0,0.34864513533394575,-1.319420337677002,-0.694420337677002,base,no
5575,0,0,0.2689414213699951,-1.7374287843704224,-0.7374287843704224,base,no
5576,0,1,0.679178699175393,-0.6246603727340698,-1.3746603727340698,base,yes
5577,0,1,0.798186768138228,-0.7797225117683411,-2.1547224521636963,base,yes
5578,0,1,0.8933094060543487,-0.5450773239135742,-2.670077323913574,base,yes
5579,0,1,0.6513548646660542,-0.7206336259841919,-1.345633625984192,base,yes
5580,0,1,0.5312093733737563,-0.9817191362380981,-1.1067191362380981,base,yes
5581,0,0,0.5,-0.9204304218292236,-0.9204304218292236,base,no
5582,0,0,0.16451647518562237,-2.027954578399658,-0.40295466780662537,base,no
5583,0,0,0.13296424706933604,-2.340855360031128,-0.4658554196357727,base,no
5584,0,1,0.5621765008857981,-0.892841100692749,-1.142841100692749,base,yes
5585,0,1,0.9399133498259924,-0.584726095199585,-3.334726095199585,base,yes
5586,0,1,0.8354835371034369,-0.8782238960266113,-2.5032238960266113,base,Yes
5587,0,0,0.4378234991142019,-0.9954354763031006,-0.7454354763031006,base,no
5588,0,0,0.24508500761839525,-1.564051628112793,-0.4390515983104706,base,no
5589,0,0,0.16451647108926923,-2.277205467224121,-0.6522055268287659,base,no
5590,0,0,0.06008664344151498,-3.0822362899780273,-0.3322361707687378,base,no
5591,0,1,0.9149009549929797,-0.6205871105194092,-2.995587110519409,base,Yes
5592,0,0,0.46879062662624377,-0.9868811368942261,-0.8618811368942261,base,no
5593,0,0,0.3775406547908327,-1.3596642017364502,-0.8596641421318054,base,no
5594,0,1,0.7772998714925403,-0.4941243529319763,-1.744124412536621,base,yes
5595,0,0,0.3775406828054583,-1.274078369140625,-0.7740784287452698,base,no
5596,0,0,0.10669060246682488,-2.528190851211548,-0.403190940618515,base,no
5597,0,1,0.5312093733737563,-0.9261133670806885,-1.0511133670806885,base,yes
5598,0,0,0.18242550602671442,-2.1056618690490723,-0.6056617498397827,base,No
5599,0,0,0.3486451217982255,-1.2697532176971436,-0.6447531580924988,base,no
5600,0,0,0.025957358704815272,-3.9452359676361084,-0.3202360272407532,base,no
5601,0,1,0.7057850278370112,-0.48274362087249756,-1.3577436208724976,base,yes
5602,0,0,0.06754669020109236,-2.84645938873291,-0.22145937383174896,base,no
5603,0,1,0.8354835411997897,-0.4568197429180145,-2.081819772720337,base,yes
5604,0,0,0.1480472055495773,-2.228797674179077,-0.4787977337837219,base,no
5605,0,0,0.06754669395523943,-2.838779926300049,-0.2137799710035324,base,no
5606,0,0,0.2942149597859341,-1.6371872425079346,-0.7621871829032898,base,no
5607,0,0,0.22270012850745968,-2.0459868907928467,-0.7959868311882019,base,no
5608,0,1,0.9706877675527112,-0.660471498966217,-4.160471439361572,base,Yes
5609,0,1,0.8519527944504226,-0.6810517907142639,-2.431051731109619,base,yes
5610,0,0,0.5,-1.1430917978286743,-1.1430917978286743,base,no
5611,0,1,0.6513548646660542,-0.8162151575088501,-1.44121515750885,base,yes
5612,0,1,0.8933094003735664,-0.8034494519233704,-2.9284493923187256,base,Yes
5613,0,0,0.4378234991142019,-1.2651000022888184,-1.0151000022888184,base,no
5614,0,1,0.7981867777396212,-0.5665712356567383,-1.9415712356567383,base,yes
5615,0,0,0.4073333856566001,-1.156121015548706,-0.7811209559440613,base,no
5616,0,0,0.03308597981882656,-3.5429277420043945,-0.1679277867078781,base,no
5617,0,1,0.7549149868676283,-0.706411600112915,-1.831411600112915,base,yes
5618,0,0,0.29421497216298875,-1.4199804067611694,-0.5449804067611694,base,no
5619,0,1,0.5926665999540697,-0.6677650213241577,-1.0427650213241577,base,yes
5620,0,1,0.8175744673038221,-0.7139323353767395,-2.2139322757720947,base,yes
5621,0,1,0.5621765008857981,-1.0075404644012451,-1.2575404644012451,base,yes
5622,0,0,0.09534945718704857,-2.6299514770507812,-0.3799513876438141,base,no
5623,0,0,0.0675466911396291,-3.1472861766815186,-0.5222861766815186,base,no
5624,0,0,0.14804719051380197,-2.447388172149658,-0.6973881125450134,base,no
5625,0,0,0.29421497216298875,-1.4081687927246094,-0.5331687927246094,base,no
5626,0,0,0.20181323186177208,-1.9211702346801758,-0.5461702942848206,base,no
5627,0,1,0.8519528019683106,-0.7263944149017334,-2.4763944149017334,base,yes
5628,0,1,0.5312093733737563,-0.8530272245407104,-0.9780272245407104,base,yes
5629,0,0,0.20181323186177208,-1.8238787651062012,-0.44887882471084595,base,no
5630,0,0,0.1480472055495773,-2.13002347946167,-0.3800235390663147,base,no
5631,0,1,0.8519527944504226,-0.38584452867507935,-2.1358444690704346,base,yes
5632,0,0,0.37754066879814546,-1.306724190711975,-0.8067241907119751,base,no
5633,0,0,0.37754066879814546,-1.1905804872512817,-0.6905804872512817,base,no
5634,0,0,0.047425867792089564,-3.3455796241760254,-0.34557950496673584,base,no
5635,0,0,0.5,-0.8602152466773987,-0.8602152466773987,base,no
5636,0,1,0.8807970842359877,-0.7141911387443542,-2.714191198348999,base,Yes
5637,0,0,0.18242552380635632,-2.038579225540161,-0.5385792255401611,base,no
5638,0,0,0.29421497216298875,-1.4963937997817993,-0.6213937997817993,base,no
5639,0,1,0.8519527906914787,-0.4095381200313568,-2.1595380306243896,base,yes
5640,0,1,0.6224593312018546,-1.0051686763763428,-1.5051686763763428,base,yes
5641,0,0,0.4378234991142019,-1.103718638420105,-0.853718638420105,base,no
5642,0,0,0.32082130082460697,-1.4123932123184204,-0.6623932123184204,base,no
5643,0,0,0.46879062662624377,-1.0124598741531372,-0.8874598741531372,base,no
5644,0,1,0.8670357598021706,-0.5243313312530518,-2.3993313312530518,base,yes
5645,0,0,0.13296424019782924,-2.597700834274292,-0.722700834274292,base,no
5646,0,1,0.9046505376715775,-0.45189687609672546,-2.701896905899048,base,yes
5647,0,1,0.6224593312018546,-0.6939879655838013,-1.1939879655838013,base,yes
5648,0,0,0.14804718675485834,-2.204408645629883,-0.45440855622291565,base,no
5649,0,0,0.16451646699291617,-2.0297207832336426,-0.40472081303596497,base,no
5650,0,0,0.025957359081569886,-3.843395709991455,-0.21839578449726105,base,no
5651,0,1,0.7772998611746911,-0.6217899322509766,-1.8717899322509766,base,yes
5652,0,1,0.5926665999540697,-0.915208101272583,-1.290208101272583,base,yes
5653,0,0,0.24508500761839525,-1.4810442924499512,-0.3560442626476288,base,no
5654,0,1,0.8354835452961425,-0.5550064444541931,-2.180006504058838,base,yes
5655,0,1,0.8519527982093668,-0.49850085377693176,-2.2485008239746094,base,yes
5656,0,0,0.13296423676207594,-2.1319780349731445,-0.25697800517082214,base,no
5657,0,0,0.3775406547908327,-1.227644920349121,-0.7276448607444763,base,no
5658,0,0,0.22270012850745968,-1.7840886116027832,-0.5340885519981384,base,no
5659,0,1,0.7549149868676283,-0.6886719465255737,-1.8136719465255737,base,yes
5660,0,1,0.835483553488848,-0.5597437620162964,-2.184743881225586,base,yes
5661,0,1,0.8354835371034369,-0.6002447605133057,-2.2252447605133057,base,yes
5662,0,0,0.34864513533394575,-1.477704644203186,-0.852704644203186,base,no
5663,0,1,0.754914997895581,-0.5566222071647644,-1.6816222667694092,base,yes
5664,0,0,0.46879062662624377,-0.995320200920105,-0.870320200920105,base,no
5665,0,0,0.18242552825126704,-1.8926118612289429,-0.39261189103126526,base,no
5666,0,1,0.6791786861878392,-0.7985721230506897,-1.548572063446045,base,yes
5667,0,1,0.9465966641739773,-0.5863834619522095,-3.46138334274292,base,yes
5668,0,1,0.5621765008857981,-1.0994946956634521,-1.3494946956634521,base,yes
5669,0,0,0.1645164628965632,-1.9787929058074951,-0.3537929058074951,base,no
5670,0,0,0.34864513533394575,-1.56996750831604,-0.94496750831604,base,no
5671,0,1,0.8519528019683106,-0.6262712478637695,-2.3762712478637695,base,yes
5672,0,1,0.7057850402140659,-0.6758922934532166,-1.5508923530578613,base,yes
5673,0,1,0.5926666143433998,-0.7404224276542664,-1.1154224872589111,base,yes
5674,0,0,0.05340332377362639,-3.3339266777038574,-0.45892655849456787,base,no
5675,0,1,0.9324533051062237,-0.4598549008369446,-3.0848548412323,base,yes
5676,0,1,0.6513548646660542,-0.7301294803619385,-1.3551294803619385,base,yes
5677,0,0,0.14804720930852133,-2.1467463970184326,-0.3967464864253998,base,no
5678,0,1,0.8519527944504226,-0.5872214436531067,-2.337221384048462,base,yes
5679,0,0,0.5,-0.9609456062316895,-0.9609456062316895,base,no
5680,0,1,0.7772998663336157,-0.4249807298183441,-1.6749807596206665,base,yes
5681,0,0,0.03308597648187432,-3.6458141803741455,-0.27081412076950073,base,no
5682,0,0,0.4073334000459302,-1.0353765487670898,-0.6603765487670898,base,no
5683,0,0,0.18242551491653522,-1.9732732772827148,-0.47327321767807007,base,no
5684,0,1,0.6224593312018546,-0.6840493679046631,-1.184049367904663,base,yes
5685,0,0,0.20181321265898594,-1.816814661026001,-0.4418146014213562,base,no
5686,0,0,0.3486451488696663,-1.4560041427612305,-0.8310042023658752,base,no
5687,0,0,0.3486451488696663,-1.2674708366394043,-0.6424708962440491,base,no
5688,0,0,0.2942149597859341,-1.5752263069152832,-0.7002262473106384,base,no
5689,0,0,0.3208212878370535,-1.4124207496643066,-0.6624206900596619,base,no
5690,0,0,0.22270013882530884,-1.729695200920105,-0.479695200920105,base,no
5691,0,0,0.32082130082460697,-1.4098519086837769,-0.6598519086837769,base,no
5692,0,1,0.6513548782017746,-0.6404134631156921,-1.265413522720337,base,yes
5693,0,0,0.22270013366638422,-1.7193654775619507,-0.4693654477596283,base,no
5694,0,1,0.7310585786300049,-0.8596446514129639,-1.8596446514129639,base,yes
5695,0,1,0.8933094174159129,-0.6348165273666382,-2.7598166465759277,base,yes
5696,0,0,0.1645164792819756,-2.046772003173828,-0.4217721223831177,base,no
5697,0,1,0.5621765008857981,-0.8416811227798462,-1.0916811227798462,base,yes
5698,0,1,0.6224593312018546,-0.8995420932769775,-1.3995420932769775,base,yes
5699,0,1,0.7981867873410141,-0.8430790305137634,-2.218079090118408,base,yes
5700,0,1,0.8670357735451834,-0.39143121242523193,-2.2664313316345215,base,yes
5701,0,0,0.20181320305759334,-2.25128173828125,-0.8762816190719604,base,no
5702,0,1,0.754914997895581,-0.7411622405052185,-1.8661623001098633,base,yes
5703,0,1,0.7981867969424066,-0.8516992330551147,-2.2266993522644043,base,Yes
5704,0,1,0.8175744673038221,-0.5134196877479553,-2.0134196281433105,base,yes
5705,0,0,0.5,-0.9809850454330444,-0.9809850454330444,base,no
5706,0,0,0.3486451217982255,-1.4973313808441162,-0.8723313212394714,base,no
5707,0,1,0.5926665855647394,-0.6628242135047913,-1.0378241539001465,base,yes
5708,0,1,0.7310585903489892,-0.7189859747886658,-1.7189860343933105,base,yes
5709,0,1,0.7310585903489892,-0.6731693148612976,-1.6731693744659424,base,yes
5710,0,0,0.20181321265898594,-1.9799399375915527,-0.604939877986908,base,no
5711,0,0,0.11920291263495983,-2.3790671825408936,-0.3790670931339264,base,no
5712,0,1,0.6224593312018546,-0.8424485921859741,-1.3424485921859741,base,yes
5713,0,0,0.11920292515117029,-2.391935110092163,-0.3919351398944855,base,no
5714,0,1,0.9241418158002492,-0.719473659992218,-3.2194736003875732,base,yes
5715,0,1,0.754914997895581,-0.6505944132804871,-1.7755944728851318,base,yes
5716,0,0,0.20181321265898594,-1.9315474033355713,-0.5565473437309265,base,no
5717,0,0,0.015906388912772775,-4.431758403778076,-0.30675822496414185,base,no
5718,0,0,0.3775406828054583,-1.138744831085205,-0.6387448906898499,base,no
5719,0,1,0.7772998714925403,-0.522716224193573,-1.7727162837982178,base,yes
5720,0,1,0.7310585786300049,-0.7536120414733887,-1.7536120414733887,base,yes
5721,0,0,0.03732689162774753,-3.460531234741211,-0.2105313539505005,base,no
5722,0,0,0.04208772791561884,-3.3466837406158447,-0.22168374061584473,base,no
5723,0,1,0.7310585786300049,-0.6792020797729492,-1.6792020797729492,base,yes
5724,0,1,0.8354835289107309,-0.49236828088760376,-2.117368221282959,base,yes
5725,0,0,0.46879064146934857,-1.020864725112915,-0.8958647847175598,base,no
5726,0,0,0.0953494648991095,-2.7446093559265137,-0.49460935592651367,base,no
5727,0,1,0.8670357666736773,-0.5699867606163025,-2.4449868202209473,base,yes
5728,0,0,0.46879062662624377,-1.085560917854309,-0.9605609178543091,base,no
5729,0,1,0.754914975839675,-0.732690155506134,-1.8576900959014893,base,yes
5730,0,1,0.7057850278370112,-0.7126514911651611,-1.5876514911651611,base,yes
5731,0,1,0.9149009642742806,-0.4346126317977905,-2.80961275100708,base,yes
5732,0,1,0.6224593452091672,-0.6772729754447937,-1.1772730350494385,base,yes
5733,0,0,0.18242551936144574,-1.9374138116836548,-0.4374137818813324,base,no
5734,0,0,0.11920293140927592,-2.2790448665618896,-0.2790449559688568,base,no
5735,0,1,0.7310585669110203,-0.8079329133033752,-1.8079328536987305,base,yes
5736,0,0,0.13296424706933604,-2.570183038711548,-0.6951830983161926,base,No
5737,0,0,0.1329642436335826,-2.3083600997924805,-0.43336012959480286,base,no
5738,0,0,0.4378234991142019,-1.3311970233917236,-1.0811970233917236,base,no
5739,0,0,0.22270012850745968,-1.7570443153381348,-0.50704425573349,base,no
5740,0,0,0.32082130082460697,-1.5307420492172241,-0.7807420492172241,base,no
5741,0,0,0.14804719051380197,-2.2046897411346436,-0.4546896815299988,base,no
5742,0,1,0.6791786861878392,-0.5930703282356262,-1.3430702686309814,base,yes
5743,0,0,0.14804720179063335,-2.039533853530884,-0.2895338833332062,base,no
5744,0,0,0.10669059394565118,-2.559605360031128,-0.43460536003112793,base,no
5745,0,1,0.7310585786300049,-0.924859881401062,-1.924859881401062,base,yes
5746,0,0,0.3775406828054583,-1.1573021411895752,-0.65730220079422,base,no
5747,0,0,0.24508501313237172,-1.8073512315750122,-0.6823512315750122,base,no
5748,0,0,0.22270013882530884,-1.8877748250961304,-0.6377748250961304,base,no
5749,0,0,0.2689414096510108,-1.814746379852295,-0.8147463202476501,base,no
5750,0,1,0.7772998714925403,-0.5512349009513855,-1.8012349605560303,base,yes
5751,0,1,0.6224593171945417,-0.6558085083961487,-1.155808448791504,base,yes
5752,0,1,0.9241418199787566,-0.4335935115814209,-2.933593511581421,base,yes
5753,0,0,0.4378234991142019,-1.2648295164108276,-1.0148295164108276,base,no
5754,0,0,0.24508501313237172,-1.6687053442001343,-0.5437053442001343,base,no
5755,0,0,0.04742587721667508,-3.409086227416992,-0.40908631682395935,base,no
5756,0,0,0.40733341443526055,-1.295776605606079,-0.9207766652107239,base,no
5757,0,0,0.02931222905542399,-3.890096664428711,-0.39009660482406616,base,no
5758,0,0,0.05340332377362639,-3.411837577819824,-0.5368374586105347,base,no
5759,0,1,0.7772998714925403,-0.5849441885948181,-1.834944248199463,base,yes
5760,0,0,0.042087725512577126,-3.536104917526245,-0.41110485792160034,base,no
5761,0,1,0.754914997895581,-0.6501922011375427,-1.7751922607421875,base,yes
5762,0,1,0.5926665999540697,-0.9046562910079956,-1.2796562910079956,base,yes
5763,0,1,0.7772998611746911,-0.5523624420166016,-1.8023624420166016,base,yes
5764,0,1,0.8175744939732856,-0.5430730581283569,-2.0430731773376465,base,yes
5765,0,1,0.8670357701094303,-0.48688235878944397,-2.361882448196411,base,yes
5766,0,0,0.37754066879814546,-1.326556921005249,-0.826556921005249,base,no
5767,0,0,0.4073334000459302,-1.1321496963500977,-0.7571496963500977,base,no
5768,0,0,0.20181322226037882,-1.9312593936920166,-0.5562593936920166,base,no
5769,0,0,0.3486451217982255,-1.347109079360962,-0.7221090197563171,base,no
5770,0,1,0.6791787121629466,-0.6738829016685486,-1.4238829612731934,base,yes
5771,0,0,0.2018132174596823,-1.6770882606506348,-0.3020882308483124,base,no
5772,0,0,0.3775406547908327,-1.2083604335784912,-0.7083603739738464,base,no
5773,0,0,0.22270013882530884,-1.7547491788864136,-0.5047491788864136,base,no
5774,0,0,0.22270014914315833,-1.8514831066131592,-0.601483166217804,base,no
5775,0,1,0.6513548782017746,-0.6903159022331238,-1.3153159618377686,base,yes
5776,0,1,0.7310585786300049,-0.4504181146621704,-1.4504181146621704,base,yes
5777,0,0,0.08509904732734556,-2.6301448345184326,-0.255144864320755,base,no
5778,0,1,0.5926665999540697,-0.8927544355392456,-1.2677544355392456,base,yes
5779,0,1,0.7549149868676283,-0.5489473342895508,-1.6739473342895508,base,yes
5780,0,0,0.037326887344129464,-3.6820104122161865,-0.4320104122161865,base,no
5781,0,0,0.16451644651115205,-2.045578956604004,-0.42057883739471436,base,no
5782,0,1,0.9399133498259924,-0.643688440322876,-3.393688440322876,base,yes
5783,0,1,0.914900945711678,-0.4786893129348755,-2.853689193725586,base,yes
5784,0,0,0.46879062662624377,-0.9000682830810547,-0.7750682830810547,base,no
5785,0,1,0.679178699175393,-0.758272647857666,-1.508272647857666,base,yes
5786,0,1,0.7549149868676283,-0.5798783302307129,-1.704878330230713,base,yes
5787,0,0,0.29421497216298875,-1.556673526763916,-0.681673526763916,base,no
5788,0,1,0.5621765008857981,-0.8232364654541016,-1.0732364654541016,base,yes
5789,0,1,0.7057850278370112,-0.6444473266601562,-1.5194473266601562,base,yes
5790,0,1,0.8807970842359877,-0.595181405544281,-2.595181465148926,base,yes
5791,0,1,0.851952809486198,-0.6392633318901062,-2.389263391494751,base,yes
5792,0,0,0.09534947261117097,-2.6440086364746094,-0.39400872588157654,base,no
5793,0,0,0.34864513533394575,-1.435813546180725,-0.8108135461807251,base,no
5794,0,1,0.8175744850834649,-0.5866076350212097,-2.0866076946258545,base,yes
5795,0,1,0.8933094060543487,-0.6344988346099854,-2.7594988346099854,base,yes
5796,0,0,0.20181320305759334,-2.0195250511169434,-0.6445249319076538,base,no
5797,0,1,0.7772998611746911,-0.49372172355651855,-1.7437217235565186,base,yes
5798,0,1,0.9046505453836383,-0.5731829404830933,-2.823183059692383,base,yes
5799,0,0,0.014063626630011202,-4.655420780181885,-0.4054207503795624,base,no
5800,0,1,0.880797071719777,-0.594846785068512,-2.594846725463867,base,yes
5801,0,0,0.13296423676207594,-2.2806148529052734,-0.40561482310295105,base,no
5802,0,0,0.24508500761839525,-1.532210111618042,-0.4072100818157196,base,no
5803,0,1,0.6224593312018546,-0.8125772476196289,-1.312577247619629,base,yes
5804,0,0,0.16451645470385742,-2.1528000831604004,-0.5278000235557556,base,no
5805,0,0,0.22270014914315833,-1.6976850032806396,-0.4476850628852844,base,no
5806,0,0,0.07585818733363135,-2.66294527053833,-0.16294537484645844,base,no
5807,0,0,0.04208772791561884,-3.5695862770080566,-0.44458627700805664,base,no
5808,0,0,0.2689414213699951,-1.6576361656188965,-0.6576361656188965,base,no
5809,0,0,0.46879062662624377,-1.2475974559783936,-1.1225974559783936,base,no
5810,0,0,0.18242552380635632,-2.1910111904144287,-0.6910111904144287,base,no
5811,0,1,0.5926665999540697,-1.1022615432739258,-1.4772615432739258,base,yes
5812,0,0,0.29421497216298875,-1.6982582807540894,-0.8232582807540894,base,no
5813,0,0,0.34864513533394575,-1.5691620111465454,-0.9441620111465454,base,no
5814,0,0,0.5,-0.8720328211784363,-0.8720328211784363,base,no
5815,0,1,0.8933093946927838,-0.4954005479812622,-2.6204004287719727,base,yes
5816,0,0,0.053403325280175794,-3.3388211727142334,-0.46382108330726624,base,no
5817,0,1,0.6224593312018546,-0.7635434865951538,-1.2635434865951538,base,yes
5818,0,0,0.22270014914315833,-2.043705940246582,-0.7937059998512268,base,no
5819,0,1,0.7057850278370112,-0.7126771211624146,-1.5876771211624146,base,yes
5820,0,0,0.24508501313237172,-1.8679265975952148,-0.7429265975952148,base,no
5821,0,1,0.679178699175393,-0.9546833038330078,-1.7046833038330078,base,Yes
5822,0,0,0.04742587654349034,-3.2050561904907227,-0.20505626499652863,base,no
5823,0,0,0.3208213138121609,-1.685882806777954,-0.9358828663825989,base,no
5824,0,1,0.9324533088603709,-0.5474464893341064,-3.1724464893341064,base,Yes
5825,0,1,0.7981867777396212,-0.9016692638397217,-2.2766692638397217,base,Yes
5826,0,0,0.2942149845400438,-1.5604748725891113,-0.6854749321937561,base,no
5827,0,1,0.6513548646660542,-0.6838685274124146,-1.3088685274124146,base,yes
5828,0,0,0.18242553269617778,-2.0774753093719482,-0.577475368976593,base,no
5829,0,1,0.8933093946927838,-0.45823729038238525,-2.5832371711730957,base,yes
5830,0,0,0.4378235137849365,-1.193507194519043,-0.9435072541236877,base,no
5831,0,0,0.0600866518571309,-3.094850540161133,-0.3448505699634552,base,no
5832,0,0,0.5,-0.9516865015029907,-0.9516865015029907,base,no
5833,0,1,0.7057850154599563,-0.6088293194770813,-1.4838292598724365,base,yes
5834,0,1,0.8807970904940926,-0.5995930433273315,-2.599593162536621,base,yes
5835,0,0,0.4378234991142019,-1.231647253036499,-0.981647253036499,base,no
5836,0,0,0.08509904500702024,-2.853531837463379,-0.4785318374633789,base,no
5837,0,0,0.09534946232842245,-2.7356655597686768,-0.48566552996635437,base,no
5838,0,1,0.9149009549929797,-0.4783289432525635,-2.8533289432525635,base,yes
5839,0,0,0.020332350374504305,-4.217061519622803,-0.3420613706111908,base,no
5840,0,0,0.03732688306051187,-3.529078960418701,-0.2790788412094116,base,no
5841,0,1,0.9465966732132748,-0.48831385374069214,-3.363313913345337,base,yes
5842,0,0,0.05340333431947304,-3.232762098312378,-0.3577621877193451,base,no
5843,0,1,0.5926665999540697,-0.9883338212966919,-1.363333821296692,base,yes
5844,0,0,0.11920291263495983,-2.3035402297973633,-0.3035401403903961,base,no
5845,0,1,0.8354835289107309,-0.5599961876869202,-2.1849961280822754,base,yes
5846,0,0,0.3775406828054583,-1.2751405239105225,-0.7751405835151672,base,no
5847,0,1,0.6791786861878392,-0.7475979924201965,-1.4975979328155518,base,yes
5848,0,0,0.16451647108926923,-2.0726425647735596,-0.44764262437820435,base,no
5849,0,0,0.042087729717900216,-3.3392090797424316,-0.21420912444591522,base,no
5850,0,0,0.2689414096510108,-1.9121949672698975,-0.9121949076652527,base,no
5851,0,1,0.7057850154599563,-0.6699033379554749,-1.54490327835083,base,yes
5852,0,0,0.11920292828022305,-2.412555694580078,-0.4125557541847229,base,no
5853,0,0,0.08509904500702024,-2.6960649490356445,-0.32106494903564453,base,no
5854,0,0,0.10669059394565118,-2.7361369132995605,-0.6111369132995605,base,no
5855,0,1,0.7772998611746911,-0.6626616716384888,-1.9126616716384888,base,yes
5856,0,1,0.9046505248181417,-0.7426477670669556,-2.992647647857666,base,Yes
5857,0,0,0.2942149597859341,-1.4794960021972656,-0.6044959425926208,base,no
5858,0,1,0.8519528170040853,-0.5813688039779663,-2.331368923187256,base,yes
5859,0,1,0.7310585786300049,-0.5529632568359375,-1.5529632568359375,base,yes
5860,0,0,0.32082130082460697,-1.4439867734909058,-0.6939867734909058,base,no
5861,0,0,0.047425871831197425,-3.411546230316162,-0.4115462005138397,base,no
5862,0,0,0.08509904500702024,-2.634082794189453,-0.2590827941894531,base,no
5863,0,0,0.4073334000459302,-1.4967775344848633,-1.1217775344848633,base,no
5864,0,0,0.22270013882530884,-1.6323415040969849,-0.38234150409698486,base,no
5865,0,0,0.0675466911396291,-2.9712576866149902,-0.34625768661499023,base,no
5866,0,1,0.6513548511303336,-0.6837735772132874,-1.3087735176086426,base,yes
5867,0,1,0.9046505351008906,-0.5827059745788574,-2.8327059745788574,base,Yes
5868,0,0,0.03732688627322502,-3.6908164024353027,-0.44081637263298035,base,no
5869,0,1,0.9046505299595163,-0.4132569432258606,-2.663256883621216,base,yes
5870,0,0,0.02931223371923813,-3.6268739700317383,-0.12687407433986664,base,no
5871,0,0,0.46879062662624377,-0.9278659224510193,-0.8028659224510193,base,no
5872,0,0,0.1480472055495773,-2.4606354236602783,-0.7106354832649231,base,No
5873,0,1,0.7310585786300049,-0.5023891925811768,-1.5023891925811768,base,yes
5874,0,0,0.20181322226037882,-1.9235044717788696,-0.5485044717788696,base,no
5875,0,0,0.1066905825840872,-2.5465049743652344,-0.4215048551559448,base,no
5876,0,0,0.2942149845400438,-1.3875620365142822,-0.512562096118927,base,no
5877,0,0,0.46879062662624377,-0.9618476033210754,-0.8368476033210754,base,no
5878,0,1,0.5621765008857981,-1.0830711126327515,-1.3330711126327515,base,yes
5879,0,0,0.0953494674697966,-2.624419689178467,-0.3744197189807892,base,no
5880,0,1,0.5312093733737563,-1.0439660549163818,-1.1689660549163818,base,yes
5881,0,1,0.7310585903489892,-0.8585502505302429,-1.8585503101348877,base,yes
5882,0,0,0.06754669301670263,-3.0313169956207275,-0.4063170254230499,base,no
5883,0,0,0.07585818002124356,-3.0604119300842285,-0.5604119300842285,base,no
5884,0,1,0.880797081106935,-0.40534302592277527,-2.4053430557250977,base,yes
5885,0,1,0.7310585786300049,-0.68883216381073,-1.68883216381073,base,yes
5886,0,1,0.5621765008857981,-1.0075874328613281,-1.2575874328613281,base,yes
5887,0,1,0.7310585786300049,-0.5801876783370972,-1.5801876783370972,base,yes
5888,0,1,0.6513548646660542,-0.7893565893173218,-1.4143565893173218,base,yes
5889,0,0,0.18242552380635632,-1.965455174446106,-0.46545517444610596,base,no
5890,0,0,0.07585817584273653,-2.75826096534729,-0.25826090574264526,base,no
5891,0,0,0.4378234991142019,-1.40935480594635,-1.15935480594635,base,no
5892,0,1,0.5926665855647394,-0.8785262703895569,-1.253526210784912,base,yes
5893,0,1,0.7981867777396212,-0.5268557071685791,-1.901855707168579,base,yes
5894,0,0,0.3775406547908327,-1.190483808517456,-0.6904837489128113,base,no
5895,0,1,0.7057850278370112,-0.7621145248413086,-1.6371145248413086,base,yes
5896,0,0,0.37754066879814546,-1.2743160724639893,-0.7743160724639893,base,no
5897,0,0,0.06008664512463808,-3.060908555984497,-0.3109084665775299,base,no
5898,0,0,0.18242553269617778,-2.03902268409729,-0.5390227437019348,base,no
5899,0,1,0.6224593452091672,-0.7255894541740417,-1.2255895137786865,base,yes
5900,0,0,0.3775406547908327,-1.2427518367767334,-0.7427517771720886,base,no
5901,0,0,0.1645164792819756,-2.126070499420166,-0.5010706186294556,base,no
5902,0,1,0.7310585786300049,-0.5800966024398804,-1.5800966024398804,base,yes
5903,0,0,0.37754066879814546,-1.5436079502105713,-1.0436079502105713,base,No
5904,0,0,0.022977367902892003,-3.9229238033294678,-0.1729237139225006,base,no
5905,0,1,0.7772998714925403,-0.9156021475791931,-2.165602207183838,base,Yes
5906,0,1,0.7981867777396212,-0.6445796489715576,-2.0195796489715576,base,yes
5907,0,1,0.5621765008857981,-0.7179625630378723,-0.9679625630378723,base,yes
5908,0,1,0.5312093733737563,-0.8139760494232178,-0.9389760494232178,base,yes
5909,0,0,0.46879062662624377,-1.106292963027954,-0.9812929630279541,base,no
5910,0,0,0.32082130082460697,-1.3344051837921143,-0.5844051837921143,base,no
5911,0,1,0.5926665855647394,-0.9880889058113098,-1.363088846206665,base,yes
5912,0,0,0.04208772671409796,-3.5691444873809814,-0.44414445757865906,base,no
5913,0,0,0.4378234991142019,-1.061211109161377,-0.811211109161377,base,no
5914,0,0,0.06754668363133542,-3.109095573425293,-0.4840954542160034,base,no
5915,0,1,0.8519528019683106,-0.6269586086273193,-2.3769586086273193,base,yes
5916,0,1,0.7772998611746911,-0.46920299530029297,-1.719202995300293,base,yes
5917,0,0,0.11920292828022305,-2.262244939804077,-0.2622449994087219,base,no
5918,0,1,0.9046505453836383,-0.5735000371932983,-2.823500156402588,base,yes
5919,0,0,0.5,-1.2637110948562622,-1.2637110948562622,base,no
5920,0,0,0.022977365895758564,-4.297883033752441,-0.5478828549385071,base,no
5921,0,0,0.40733341443526055,-1.096097469329834,-0.7210975289344788,base,no
5922,0,1,0.8519528019683106,-0.6263432502746582,-2.376343250274658,base,yes
5923,0,1,0.8670357598021706,-0.6101007461547852,-2.485100746154785,base,yes
5924,0,0,0.1329642436335826,-2.1340835094451904,-0.2590835392475128,base,no
5925,0,0,0.46879062662624377,-1.119998574256897,-0.994998574256897,base,no
5926,0,1,0.9149009642742806,-0.5701898336410522,-2.945189952850342,base,yes
5927,0,1,0.8933094060543487,-0.4259212017059326,-2.5509212017059326,base,yes
5928,0,0,0.4378234991142019,-1.265883445739746,-1.015883445739746,base,no
5929,0,0,0.13296425394084313,-2.2864041328430176,-0.41140425205230713,base,no
5930,0,0,0.46879062662624377,-1.072463870048523,-0.947463870048523,base,no
5931,0,1,0.8807970842359877,-0.43645328283309937,-2.436453342437744,base,yes
5932,0,0,0.46879062662624377,-1.2461823225021362,-1.1211823225021362,base,no
5933,0,0,0.09534945461636171,-2.6356325149536133,-0.38563239574432373,base,no
5934,0,0,0.1066905854244781,-2.497767210006714,-0.3727671205997467,base,no
5935,0,1,0.7549149868676283,-0.6752314567565918,-1.8002314567565918,base,yes
5936,0,0,0.09534945461636171,-2.538975715637207,-0.2889755964279175,base,no
5937,0,0,0.46879062662624377,-0.9023701548576355,-0.7773701548576355,base,no
5938,0,0,0.22270013882530884,-1.8503602743148804,-0.6003602743148804,base,no
5939,0,0,0.06754668738548215,-3.0695080757141113,-0.44450801610946655,base,no
5940,0,0,0.46879062662624377,-0.9420144557952881,-0.8170144557952881,base,no
5941,0,0,0.008577486744252828,-4.87471342086792,-0.12471357733011246,base,no
5942,0,1,0.7549149923816048,-0.49828633666038513,-1.6232863664627075,base,yes
5943,0,0,0.20181323186177208,-2.200920581817627,-0.8259206414222717,base,No
5944,0,1,0.7057850278370112,-0.7854626178741455,-1.6604626178741455,base,yes
5945,0,1,0.7772998611746911,-0.6627403497695923,-1.9127403497695923,base,yes
5946,0,0,0.022977367233847502,-3.9243154525756836,-0.17431533336639404,base,no
5947,0,1,0.7549149868676283,-0.9533090591430664,-2.0783090591430664,base,Yes
5948,0,0,0.13296424019782924,-2.2336347103118896,-0.35863471031188965,base,no
5949,0,0,0.3486451217982255,-1.623434066772461,-0.9984340071678162,base,no
5950,0,0,0.037326887344129464,-3.524433135986328,-0.2744331359863281,base,no
5951,0,0,0.3775406547908327,-1.3416330814361572,-0.8416330218315125,base,no
5952,0,1,0.5312093733737563,-0.8961215019226074,-1.0211215019226074,base,yes
5953,0,1,0.5312093733737563,-1.0582221746444702,-1.1832221746444702,base,yes
5954,0,1,0.7772998508568416,-0.8678973317146301,-2.1178972721099854,base,yes
5955,0,1,0.9046505248181417,-0.5734020471572876,-2.823401927947998,base,yes
5956,0,1,0.9149009619539553,-0.4374748766422272,-2.8124749660491943,base,yes
5957,0,1,0.9241418283357702,-0.7142666578292847,-3.214266777038574,base,yes
5958,0,0,0.4073334000459302,-1.2028825283050537,-0.8278825283050537,base,no
5959,0,1,0.7057850278370112,-0.6854761838912964,-1.5604761838912964,base,yes
5960,0,0,0.4378234991142019,-1.0364526510238647,-0.7864526510238647,base,no
5961,0,0,0.13296424019782924,-2.6315722465515137,-0.7565722465515137,base,no
5962,0,1,0.7772998611746911,-0.5211126804351807,-1.7711126804351807,base,yes
5963,0,0,0.13296422989056964,-2.2109005451202393,-0.3359004557132721,base,no
5964,0,1,0.8354835371034369,-0.6081361770629883,-2.2331361770629883,base,yes
5965,0,1,0.7310585903489892,-0.7210647463798523,-1.721064805984497,base,yes
5966,0,0,0.14804721306746543,-2.3126730918884277,-0.5626732110977173,base,no
5967,0,0,0.01798621417320936,-4.412995338439941,-0.4129955768585205,base,no
5968,0,0,0.06008665522337757,-3.0158543586730957,-0.26585444808006287,base,no
5969,0,0,0.09534945975773548,-2.734137773513794,-0.48413771390914917,base,no
5970,0,0,0.10669059678604234,-2.497098445892334,-0.37209847569465637,base,no
5971,0,0,0.5,-1.2081916332244873,-1.2081916332244873,base,no
5972,0,0,0.20181323186177208,-1.8011064529418945,-0.4261065125465393,base,no
5973,0,0,0.16451647108926923,-2.325139045715332,-0.7001391053199768,base,no
5974,0,0,0.5,-1.187522530555725,-1.187522530555725,base,no
5975,0,0,0.037326890021390696,-3.4604969024658203,-0.21049697697162628,base,no
5976,0,1,0.5621765008857981,-0.841821551322937,-1.091821551322937,base,yes
5977,0,0,0.020332353342658753,-4.218074321746826,-0.34307432174682617,base,no
5978,0,1,0.5621765008857981,-1.1587800979614258,-1.4087800979614258,base,Yes
5979,0,0,0.32082130082460697,-1.4763368368148804,-0.7263368368148804,base,no
5980,0,0,0.06754669864792355,-2.9673562049865723,-0.3423563241958618,base,no
5981,0,1,0.893309411735131,-0.6389757990837097,-2.7639758586883545,base,yes
5982,0,0,0.3486451488696663,-1.3799378871917725,-0.7549379467964172,base,no
5983,0,0,0.18242552825126704,-1.9064456224441528,-0.4064456522464752,base,no
5984,0,0,0.46879062662624377,-1.3672046661376953,-1.2422046661376953,base,no
5985,0,0,0.10669059962643358,-2.405179738998413,-0.28017979860305786,base,no
5986,0,0,0.46879062662624377,-0.9725342392921448,-0.8475342392921448,base,no
5987,0,0,0.22270014914315833,-1.756394386291504,-0.5063944458961487,base,no
5988,0,0,0.1645164628965632,-2.35140061378479,-0.72640061378479,base,No
5989,0,0,0.20181323186177208,-1.780552864074707,-0.4055529236793518,base,no
5990,0,1,0.731058584489497,-0.463427871465683,-1.4634279012680054,base,yes
5991,0,1,0.679178699175393,-0.8288897275924683,-1.5788897275924683,base,Yes
5992,0,0,0.1480471829959148,-2.1742968559265137,-0.4242967367172241,base,no
5993,0,0,0.0474258704848281,-3.526942491531372,-0.5269424319267273,base,no
5994,0,1,0.7981867873410141,-0.6311351656913757,-2.0061352252960205,base,yes
5995,0,0,0.5,-1.292018175125122,-1.292018175125122,base,no
5996,0,1,0.5621765008857981,-1.1541591882705688,-1.4041591882705688,base,Yes
5997,0,1,0.8670357494949105,-0.4205494821071625,-2.2955493927001953,base,yes
5998,0,0,0.11920292202211755,-2.597839117050171,-0.5978391170501709,base,no
5999,0,1,0.7981867777396212,-0.4966151714324951,-1.8716151714324951,base,yes
