idx,y_true,y_pred,p_yes,lp_yes,lp_no,mode,raw_text
0,1,1,0.9980732654790533,-0.0019292091019451618,-6.25192928314209,attack,yes
1,1,1,0.9968273169351358,-0.0031781899742782116,-5.753178119659424,attack,yes
2,1,1,0.9968273173114128,-0.0031780709978193045,-5.753178119659424,attack,yes
3,1,1,0.999447221381889,-0.0005535738891921937,-7.500553607940674,attack,yes
4,1,1,0.9980732657078478,-0.0019290901254862547,-6.25192928314209,attack,yes
5,1,1,0.9980732654790533,-0.0019292091019451618,-6.25192928314209,attack,yes
6,1,1,0.9990889486416205,-0.0009118927991949022,-7.000911712646484,attack,yes
7,1,1,0.9996646500083713,-0.00033623288618400693,-8.000336647033691,attack,yes
8,1,1,0.9933071503294908,-0.006715585943311453,-5.006715774536133,attack,yes
9,1,1,0.9990889487500213,-0.0009117737063206732,-7.000911712646484,attack,yes
10,1,1,0.9998415637451441,-0.00015948931104503572,-8.75015926361084,attack,yes
11,1,1,0.9980732654790533,-0.0019292091019451618,-6.25192928314209,attack,yes
12,1,1,0.9999724642957666,-2.8132995794294402e-05,-10.500027656555176,attack,yes
13,1,1,0.9968273165595951,-0.003178308717906475,-5.753178119659424,attack,yes
14,1,1,0.9984988174708712,-0.0015026956098154187,-6.501502513885498,attack,yes
15,1,1,0.9525741280005063,-0.04858801141381264,-3.0485880374908447,attack,yes
16,1,1,0.9933071496081828,-0.006717124953866005,-5.006717205047607,attack,yes
17,1,1,0.9997965730989017,-0.0002037079248111695,-8.500204086303711,attack,yes
18,1,1,0.9998766054396679,-0.00012385078298393637,-9.000123977661133,attack,yes
19,1,1,0.8519528000888387,-0.1602262407541275,-1.9102262258529663,attack,yes
20,1,1,0.9988304898399285,-0.0011710221879184246,-6.751171112060547,attack,yes
21,1,1,0.9241418116217418,-0.07888996601104736,-2.578889846801758,attack,yes
22,1,1,0.9998766054543742,-0.00012373158824630082,-9.000123977661133,attack,yes
23,1,1,0.9859363756815178,-0.014165681786835194,-4.264165878295898,attack,yes
24,1,1,0.9980732650196737,-0.0019289711490273476,-6.251928806304932,attack,yes
25,1,1,0.9994472212501048,-0.000553335587028414,-7.500553131103516,attack,yes
26,1,1,0.9984988178277202,-0.0015024575404822826,-6.501502513885498,attack,yes
27,1,1,0.9980732657078478,-0.0019290901254862547,-6.25192928314209,attack,yes
28,1,1,0.9980732657078478,-0.0019290901254862547,-6.25192928314209,attack,yes
29,1,1,0.9820137860570862,-0.018150078132748604,-4.0181498527526855,attack,yes
30,1,1,0.9770226290445921,-0.02324824221432209,-3.7732481956481934,attack,yes
31,1,1,0.9990889487504453,-0.000912250077817589,-7.000912189483643,attack,yes
32,1,1,0.9626731107817877,-0.03804164379835129,-3.288041591644287,attack,yes
33,1,1,0.9980732657078478,-0.0019290901254862547,-6.25192928314209,attack,yes
34,1,1,0.9947798731312345,-0.0052339909598231316,-5.2552337646484375,attack,yes
35,1,1,0.994779874993188,-0.005234109237790108,-5.255234241485596,attack,yes
36,1,1,0.9706877683476796,-0.029755624011158943,-3.5297555923461914,attack,yes
37,1,1,0.998830489700131,-0.0011706650257110596,-6.751170635223389,attack,yes
38,1,1,0.9626731117188292,-0.0380423329770565,-3.2880423069000244,attack,yes
39,1,1,0.9975273767870859,-0.002479576040059328,-6.002479553222656,attack,yes
40,1,1,0.9992903294416453,-0.0007102350937202573,-7.2507100105285645,attack,yes
41,1,1,0.939913344987013,-0.06196817383170128,-2.8119680881500244,attack,yes
42,1,1,0.9980732650196737,-0.0019289711490273476,-6.251928806304932,attack,yes
43,1,1,0.9992903296108476,-0.0007104733376763761,-7.250710487365723,attack,yes
44,1,1,0.9968273173254034,-0.0031794970855116844,-5.753179550170898,attack,yes
45,1,1,0.9999938558261303,-6.556489552167477e-06,-12.000006675720215,attack,yes
46,1,1,0.9626731156008578,-0.038041986525058746,-3.2880420684814453,attack,yes
47,1,1,0.9947798737599461,-0.005234346725046635,-5.255234241485596,attack,yes
48,1,1,0.9770226305499425,-0.023246029391884804,-3.7732460498809814,attack,yes
49,1,1,0.9984988178287671,-0.0015029336791485548,-6.501502990722656,attack,yes
50,1,1,0.924141813188682,-0.07889757305383682,-2.578897476196289,attack,yes
51,1,1,0.9998766054690803,-0.00012361239350866526,-9.000123977661133,attack,yes
52,1,1,0.9968273176869535,-0.003177952254191041,-5.753178119659424,attack,yes
53,1,1,0.9959298622331388,-0.004079354461282492,-5.504079341888428,attack,yes
54,1,1,0.9997388097832411,-0.0002618685248307884,-8.250262260437012,attack,yes
55,1,1,0.9890130585939225,-0.011049157939851284,-4.511049270629883,attack,yes
56,1,1,0.9859363704127807,-0.014164154417812824,-4.264163970947266,attack,yes
57,1,1,0.9933071495648425,-0.006716177798807621,-5.006716251373291,attack,yes
58,1,1,0.9996646499283663,-0.0003355178632773459,-8.000335693359375,attack,yes
59,1,1,0.9968273176869535,-0.003177952254191041,-5.753178119659424,attack,yes
60,1,1,0.9890130598184381,-0.011048568412661552,-4.511048793792725,attack,yes
61,1,1,0.9933071495431723,-0.006715704221278429,-5.006715774536133,attack,yes
62,1,1,0.9980732654790533,-0.0019292091019451618,-6.25192928314209,attack,yes
63,1,1,0.9990889486416205,-0.0009118927991949022,-7.000911712646484,attack,yes
64,1,1,0.9992903296953456,-0.0007103541865944862,-7.250710487365723,attack,yes
65,1,1,0.998073265248468,-0.0019288521725684404,-6.251928806304932,attack,yes
66,1,1,0.9968273169447085,-0.0031791406217962503,-5.75317907333374,attack,yes
67,1,1,0.7310585786300049,-0.3132627010345459,-1.313262701034546,attack,yes
68,1,1,0.952574129515172,-0.048588693141937256,-3.048588752746582,attack,yes
69,1,1,0.9959298627050367,-0.004078761208802462,-5.5040788650512695,attack,yes
70,1,1,0.9990889486416205,-0.0009118927991949022,-7.000911712646484,attack,yes
71,1,1,0.989013056094291,-0.011049864813685417,-4.511049747467041,attack,yes
72,1,1,0.9998415638395506,-0.00015889335190877318,-8.75015926361084,attack,yes
73,1,1,0.9525741219418441,-0.04858766868710518,-3.0485875606536865,attack,yes
74,1,1,0.9995694429586441,-0.00043096792069263756,-7.750431060791016,attack,yes
75,1,1,0.7772998663336157,-0.25193163752555847,-1.5019316673278809,attack,yes
76,1,1,0.9859363736799145,-0.014163918793201447,-4.264163970947266,attack,yes
77,1,1,0.9992903296108476,-0.0007104733376763761,-7.250710487365723,attack,yes
78,1,1,0.9947798737478556,-0.005233872216194868,-5.2552337646484375,attack,yes
79,1,1,0.9994472213159005,-0.0005532164941541851,-7.500553131103516,attack,yes
80,1,1,0.9992903296110953,-0.0007109498255886137,-7.250710964202881,attack,yes
81,1,1,0.9984988178287671,-0.0015029336791485548,-6.501502990722656,attack,yes
82,1,1,0.9968273176869535,-0.003177952254191041,-5.753178119659424,attack,yes
83,1,1,0.994779874376567,-0.005234227981418371,-5.255234241485596,attack,yes
84,1,1,0.998830489700131,-0.0011706650257110596,-6.751170635223389,attack,yes
85,1,1,0.9933071503294908,-0.006715585943311453,-5.006715774536133,attack,yes
86,1,1,0.9859363736799145,-0.014163918793201447,-4.264163970947266,attack,yes
87,1,1,0.994779874376567,-0.005234227981418371,-5.255234241485596,attack,yes
88,1,1,0.9770226304244968,-0.02324579656124115,-3.7732458114624023,attack,yes
89,1,1,0.9984988180072789,-0.0015028145862743258,-6.501502990722656,attack,yes
90,1,1,0.9980732650196737,-0.0019289711490273476,-6.251928806304932,attack,yes
91,1,1,0.9968273173114128,-0.0031780709978193045,-5.753178119659424,attack,yes
92,1,1,0.9626731130574596,-0.038043249398469925,-3.288043260574341,attack,yes
93,1,1,0.9968273173114128,-0.0031780709978193045,-5.753178119659424,attack,yes
94,1,1,0.9984988180072789,-0.0015028145862743258,-6.501502990722656,attack,yes
95,1,1,0.9999038975734921,-9.643566590966657e-05,-9.250096321105957,attack,yes
96,1,1,0.9890130548090554,-0.011049983091652393,-4.511049747467041,attack,yes
97,1,1,0.9947798744031665,-0.005235176533460617,-5.255235195159912,attack,yes
98,1,1,0.9997388095964569,-0.0002616301644593477,-8.250261306762695,attack,yes
99,1,1,0.9914225157821905,-0.008614876307547092,-4.758615016937256,attack,yes
100,1,1,0.9959298617423651,-0.004078998696058989,-5.5040788650512695,attack,yes
101,1,1,0.9996646497685711,-0.0003359945258125663,-8.000335693359375,attack,yes
102,1,1,0.998073265248468,-0.0019288521725684404,-6.251928806304932,attack,yes
103,1,1,0.9998415638395506,-0.00015889335190877318,-8.75015926361084,attack,yes
104,1,1,0.9996646499283663,-0.0003355178632773459,-8.000335693359375,attack,yes
105,1,1,0.9980732650196737,-0.0019289711490273476,-6.251928806304932,attack,yes
106,1,1,0.9820137903340027,-0.018150312826037407,-4.018150329589844,attack,yes
107,1,1,0.9820137863531804,-0.018151015043258667,-4.018150806427002,attack,yes
108,1,1,0.9996646498484688,-0.0003357561945449561,-8.000335693359375,attack,yes
109,1,1,0.9770226279573947,-0.023246144875884056,-3.7732460498809814,attack,yes
110,1,1,0.9980732650196737,-0.0019289711490273476,-6.251928806304932,attack,yes
111,1,1,0.9992903296105999,-0.0007099968497641385,-7.2507100105285645,attack,yes
112,1,1,0.9990889487500213,-0.0009117737063206732,-7.000911712646484,attack,yes
113,1,1,0.9933071495648425,-0.006716177798807621,-5.006716251373291,attack,yes
114,1,1,0.9968273169351358,-0.0031781899742782116,-5.753178119659424,attack,yes
115,1,1,0.9914225157821905,-0.008614876307547092,-4.758615016937256,attack,yes
116,1,1,0.9968273169447085,-0.0031791406217962503,-5.75317907333374,attack,yes
117,1,1,0.9947798737744549,-0.005234820768237114,-5.255234718322754,attack,yes
118,1,1,0.9984988176493829,-0.0015025765169411898,-6.501502513885498,attack,yes
119,1,1,0.9980732654806204,-0.0019296851241961122,-6.251929759979248,attack,yes
120,1,1,0.9980732650212406,-0.001929447171278298,-6.25192928314209,attack,yes
121,1,1,0.993307147970535,-0.006715940777212381,-5.006715774536133,attack,yes
122,1,1,0.994779874376567,-0.005234227981418371,-5.255234241485596,attack,yes
123,1,1,0.9988304898399285,-0.0011710221879184246,-6.751171112060547,attack,yes
124,1,1,0.99142251582179,-0.008615348488092422,-4.758615493774414,attack,yes
125,1,1,0.9968273173158309,-0.0031785464379936457,-5.753178596496582,attack,yes
126,1,1,0.9959298622406891,-0.004079829435795546,-5.504079818725586,attack,yes
127,1,1,0.7772998560157665,-0.2519301474094391,-1.5019301176071167,attack,yes
128,1,1,0.9968273165595951,-0.003178308717906475,-5.753178119659424,attack,yes
129,1,1,0.9997965730746621,-0.00020382710499688983,-8.500204086303711,attack,yes
130,1,1,0.9968273165551771,-0.003177833277732134,-5.753177642822266,attack,yes
131,1,1,0.9968273176921079,-0.0031784274615347385,-5.753178596496582,attack,yes
132,1,1,0.962673111451103,-0.038042102009058,-3.2880420684814453,attack,yes
133,1,1,0.9994472212502334,-0.0005538121913559735,-7.500553607940674,attack,yes
134,1,1,0.9980732650196737,-0.0019289711490273476,-6.251928806304932,attack,yes
135,1,1,0.9997388095964569,-0.0002616301644593477,-8.250261306762695,attack,yes
136,1,1,0.9988304898418323,-0.0011724510695785284,-6.7511725425720215,attack,yes
137,1,1,0.9992903295261432,-0.0007101159426383674,-7.2507100105285645,attack,yes
138,1,1,0.9980732650196737,-0.0019289711490273476,-6.251928806304932,attack,yes
139,1,1,0.9968273176869535,-0.003177952254191041,-5.753178119659424,attack,yes
140,1,1,0.9994472212501048,-0.000553335587028414,-7.500553131103516,attack,yes
141,1,1,0.880797068590724,-0.1269288957118988,-2.1269288063049316,attack,yes
142,1,1,0.9984988178287671,-0.0015029336791485548,-6.501502990722656,attack,yes
143,1,1,0.9994472213159005,-0.0005532164941541851,-7.500553131103516,attack,yes
144,1,1,0.998073265248468,-0.0019288521725684404,-6.251928806304932,attack,yes
145,1,1,0.9990889486424153,-0.0009128456003963947,-7.000912666320801,attack,yes
146,1,1,0.9770226280828407,-0.02324637770652771,-3.7732462882995605,attack,yes
147,1,1,0.9968273176869535,-0.003177952254191041,-5.753178119659424,attack,yes
148,1,1,0.9988304898392486,-0.0011705459328368306,-6.751170635223389,attack,yes
149,1,1,0.924141814233309,-0.07889040559530258,-2.578890323638916,attack,yes
150,1,1,0.9984988176493829,-0.0015025765169411898,-6.501502513885498,attack,yes
151,1,1,0.9933071496267573,-0.006717598997056484,-5.006717681884766,attack,yes
152,1,1,0.993307147970535,-0.006715940777212381,-5.006715774536133,attack,yes
153,1,1,0.9990889489672469,-0.0009120118920691311,-7.000912189483643,attack,yes
154,1,1,0.9770226305499425,-0.023246029391884804,-3.7732460498809814,attack,yes
155,1,1,0.9996646499284738,-0.0003364712174516171,-8.000336647033691,attack,yes
156,1,1,0.9959298627050367,-0.004078761208802462,-5.5040788650512695,attack,yes
157,1,1,0.952574131703022,-0.04858959838747978,-3.0485897064208984,attack,yes
158,1,1,0.9997965729535385,-0.00020632999076042324,-8.500205993652344,attack,yes
159,1,1,0.9996646499283663,-0.0003355178632773459,-8.000335693359375,attack,yes
160,1,1,0.9997965730989017,-0.0002037079248111695,-8.500204086303711,attack,yes
161,1,1,0.995929862223701,-0.004078879952430725,-5.5040788650512695,attack,yes
162,1,1,0.9975273773533248,-0.0024760086089372635,-6.002476215362549,attack,yes
163,1,1,0.9975273773533248,-0.0024760086089372635,-6.002476215362549,attack,yes
164,1,1,0.9820137925711584,-0.018150663003325462,-4.018150806427002,attack,yes
165,1,1,0.9984988174708712,-0.0015026956098154187,-6.501502513885498,attack,yes
166,1,1,0.9933071503728311,-0.006716533098369837,-5.006716728210449,attack,yes
167,1,1,0.9988304898399285,-0.0011710221879184246,-6.751171112060547,attack,yes
168,1,1,0.9046505344582186,-0.10020733624696732,-2.3502073287963867,attack,yes
169,1,1,0.9968273169447085,-0.0031791406217962503,-5.75317907333374,attack,yes
170,1,1,0.9995694429075401,-0.0004320403386373073,-7.750432014465332,attack,yes
171,1,1,0.9990889489668762,-0.0009115354623645544,-7.000911712646484,attack,yes
172,1,1,0.9890130597678383,-0.011048096232116222,-4.511048316955566,attack,yes
173,1,1,0.9997965730746621,-0.00020382710499688983,-8.500204086303711,attack,yes
174,1,1,0.9984988176493829,-0.0015025765169411898,-6.501502513885498,attack,yes
175,1,1,0.9933071495431723,-0.006715704221278429,-5.006715774536133,attack,yes
176,1,1,0.9914225138101391,-0.008615585044026375,-4.758615493774414,attack,yes
177,1,1,0.9984988174708712,-0.0015026956098154187,-6.501502513885498,attack,yes
178,1,1,0.9990889487500213,-0.0009117737063206732,-7.000911712646484,attack,yes
179,1,1,0.9997388095964569,-0.0002616301644593477,-8.250261306762695,attack,yes
180,1,1,0.9890130597678383,-0.011048096232116222,-4.511048316955566,attack,yes
181,1,1,0.9975273764706583,-0.0024758896324783564,-6.002475738525391,attack,yes
182,1,1,0.9933071487568537,-0.006715822499245405,-5.006715774536133,attack,yes
183,1,1,0.9998415637073574,-0.00015877417172305286,-8.750158309936523,attack,yes
184,1,1,0.8175744761936437,-0.20142269134521484,-1.7014226913452148,attack,yes
185,1,1,0.9980732654790533,-0.0019292091019451618,-6.25192928314209,attack,yes
186,1,1,0.9994472214477166,-0.0005534547381103039,-7.500553607940674,attack,yes
187,1,1,0.9992903295261432,-0.0007101159426383674,-7.2507100105285645,attack,yes
188,1,1,0.9996646499283663,-0.0003355178632773459,-8.000335693359375,attack,yes
189,1,1,0.9968273165551771,-0.003177833277732134,-5.753177642822266,attack,yes
190,1,1,0.9990889489672469,-0.0009120118920691311,-7.000912189483643,attack,yes
191,1,1,0.9968273169447085,-0.0031791406217962503,-5.75317907333374,attack,yes
192,1,1,0.9997388096586981,-0.0002613918040879071,-8.250261306762695,attack,yes
193,1,1,0.9984988174719182,-0.0015031717484816909,-6.501502990722656,attack,yes
194,1,1,0.9990889488584223,-0.0009116546134464443,-7.000911712646484,attack,yes
195,1,1,0.9959298627050367,-0.004078761208802462,-5.5040788650512695,attack,yes
196,1,1,0.9996646498484688,-0.0003357561945449561,-8.000335693359375,attack,yes
197,1,1,0.9996646499283663,-0.0003355178632773459,-8.000335693359375,attack,yes
198,1,1,0.9046505408849363,-0.10020916908979416,-2.3502092361450195,attack,yes
199,1,1,0.9984988174708712,-0.0015026956098154187,-6.501502513885498,attack,yes
200,1,1,0.9999038975505838,-9.667406266089529e-05,-9.250096321105957,attack,yes
201,1,1,0.9914225157821905,-0.008614876307547092,-4.758615016937256,attack,yes
202,1,1,0.9968273165551771,-0.003177833277732134,-5.753177642822266,attack,yes
203,1,1,0.9975273764706583,-0.0024758896324783564,-6.002475738525391,attack,yes
204,1,1,0.9975273764706583,-0.0024758896324783564,-6.002475738525391,attack,yes
205,1,1,0.9999417087066453,-5.864924969500862e-05,-9.7500581741333,attack,yes
206,1,1,0.9996646498884225,-0.00033563701435923576,-8.000335693359375,attack,yes
207,1,1,0.9984988176493829,-0.0015025765169411898,-6.501502513885498,attack,yes
208,1,1,0.9968273169351358,-0.0031781899742782116,-5.753178119659424,attack,yes
209,1,1,0.9980732650196737,-0.0019289711490273476,-6.251928806304932,attack,yes
210,1,1,0.9975273770604427,-0.002476127352565527,-6.002476215362549,attack,yes
211,1,1,0.999447221448006,-0.0005544078885577619,-7.50055456161499,attack,yes
212,1,1,0.9994472212501048,-0.000553335587028414,-7.500553131103516,attack,yes
213,1,1,0.9399133527714579,-0.06196851283311844,-2.8119685649871826,attack,yes
214,1,1,0.9959298627050367,-0.004078761208802462,-5.5040788650512695,attack,yes
215,1,1,0.9399133504571636,-0.06196783855557442,-2.8119678497314453,attack,yes
216,1,1,0.9999038975964004,-9.619726915843785e-05,-9.250096321105957,attack,yes
217,1,1,0.9988304898392486,-0.0011705459328368306,-6.751170635223389,attack,yes
218,1,1,0.9990889488584223,-0.0009116546134464443,-7.000911712646484,attack,yes
219,1,1,0.995929862223701,-0.004078879952430725,-5.5040788650512695,attack,yes
220,1,1,0.9995694429587317,-0.0004314445541240275,-7.750431537628174,attack,yes
221,1,1,0.9980732654772625,-0.0019287331961095333,-6.251928806304932,attack,yes
222,1,1,0.9626731151992686,-0.03804175928235054,-3.288041830062866,attack,yes
223,1,1,0.9859363736799145,-0.014163918793201447,-4.264163970947266,attack,yes
224,1,1,0.99142251582179,-0.008615348488092422,-4.758615493774414,attack,yes
225,1,1,0.9997965730504196,-0.00020394629973452538,-8.500204086303711,attack,yes
226,1,1,0.9990889489672469,-0.0009120118920691311,-7.000912189483643,attack,yes
227,1,1,0.9914225157821905,-0.008614876307547092,-4.758615016937256,attack,yes
228,1,1,0.9706877678706987,-0.029751110821962357,-3.5297510623931885,attack,yes
229,1,1,0.9914225137705398,-0.008615112863481045,-4.758615016937256,attack,yes
230,1,1,0.9947798737744549,-0.005234820768237114,-5.255234718322754,attack,yes
231,1,1,0.9859363753974192,-0.014164271764457226,-4.264164447784424,attack,yes
232,1,1,0.9859363704127807,-0.014164154417812824,-4.264163970947266,attack,yes
233,1,1,0.9706877717395441,-0.029751690104603767,-3.529751777648926,attack,yes
234,1,1,0.9914225158534696,-0.008615821599960327,-4.758615970611572,attack,yes
235,1,1,0.9996646498884225,-0.00033563701435923576,-8.000335693359375,attack,yes
236,1,1,0.9984988174708712,-0.0015026956098154187,-6.501502513885498,attack,yes
237,1,1,0.9984988174719182,-0.0015031717484816909,-6.501502990722656,attack,yes
238,1,1,0.9525741280005063,-0.04858801141381264,-3.0485880374908447,attack,yes
239,1,1,0.9996646498085152,-0.0003358753747306764,-8.000335693359375,attack,yes
240,1,1,0.9947798737865454,-0.0052352952770888805,-5.255235195159912,attack,yes
241,1,1,0.9626731089077046,-0.03804336488246918,-3.288043260574341,attack,yes
242,1,1,0.9975273770604427,-0.002476127352565527,-6.002476215362549,attack,yes
243,1,1,0.9968273165647497,-0.0031787839252501726,-5.753178596496582,attack,yes
244,1,1,0.9859363753974192,-0.014164271764457226,-4.264164447784424,attack,yes
245,1,1,0.9947798744660377,-0.005237548612058163,-5.255237579345703,attack,yes
246,1,1,0.998830489978366,-0.0011704268399626017,-6.751170635223389,attack,yes
247,1,1,0.991422516376182,-0.00862291269004345,-4.758623123168945,attack,yes
248,1,1,0.9820137924066618,-0.018150195479393005,-4.018150329589844,attack,yes
249,1,1,0.9999417087344405,-5.9126061387360096e-05,-9.750059127807617,attack,yes
250,1,1,0.9984988180072789,-0.0015028145862743258,-6.501502990722656,attack,yes
251,1,1,0.9980732654790533,-0.0019292091019451618,-6.25192928314209,attack,yes
252,1,1,0.9859363738607045,-0.014164859429001808,-4.264164924621582,attack,yes
253,1,1,0.9525741234565097,-0.0485883504152298,-3.048588275909424,attack,yes
254,1,1,0.998073265251826,-0.0019298041006550193,-6.251929759979248,attack,yes
255,1,1,0.9820137863531804,-0.018151015043258667,-4.018150806427002,attack,yes
256,1,1,0.9994472212505229,-0.0005547653418034315,-7.50055456161499,attack,yes
257,1,1,0.9995694429073649,-0.00043108707177452743,-7.750431060791016,attack,yes
258,1,1,0.9997965729291775,-0.00020358874462544918,-8.500203132629395,attack,yes
259,1,1,0.9975273767641146,-0.0024757706560194492,-6.002475738525391,attack,yes
260,1,1,0.998830489700131,-0.0011706650257110596,-6.751170635223389,attack,yes
261,1,1,0.9914225147763652,-0.008614994585514069,-4.758615016937256,attack,yes
262,1,1,0.9980732650196737,-0.0019289711490273476,-6.251928806304932,attack,yes
263,1,1,0.9980732650212406,-0.001929447171278298,-6.25192928314209,attack,yes
264,1,1,0.9997388097832411,-0.0002618685248307884,-8.250262260437012,attack,yes
265,1,1,0.9997965730746621,-0.00020382710499688983,-8.500204086303711,attack,yes
266,1,1,0.9859363736799145,-0.014163918793201447,-4.264163970947266,attack,yes
267,1,1,0.6224593312018546,-0.47407853603363037,-0.9740785360336304,attack,yes
268,1,1,0.9984988174708712,-0.0015026956098154187,-6.501502513885498,attack,yes
269,1,1,0.994779874993188,-0.005234109237790108,-5.255234241485596,attack,yes
270,1,1,0.9933071495431723,-0.006715704221278429,-5.006715774536133,attack,yes
271,1,1,0.998073265251826,-0.0019298041006550193,-6.251929759979248,attack,yes
272,1,1,0.9992903294416453,-0.0007102350937202573,-7.2507100105285645,attack,yes
273,1,1,0.9988304895604696,-0.0011703077470883727,-6.7511701583862305,attack,yes
274,1,1,0.9959298617423651,-0.004078998696058989,-5.5040788650512695,attack,yes
275,1,1,0.9996646499283663,-0.0003355178632773459,-8.000335693359375,attack,yes
276,1,1,0.994779874993188,-0.005234109237790108,-5.255234241485596,attack,yes
277,1,1,0.9988304898392486,-0.0011705459328368306,-6.751170635223389,attack,yes
278,1,1,0.9399133489844308,-0.061969295144081116,-2.81196928024292,attack,yes
279,1,1,0.9984988178277202,-0.0015024575404822826,-6.501502513885498,attack,yes
280,1,1,0.9959298627050367,-0.004078761208802462,-5.5040788650512695,attack,yes
281,1,1,0.9706877678706987,-0.029751110821962357,-3.5297510623931885,attack,yes
282,1,1,0.9994472213159005,-0.0005532164941541851,-7.500553131103516,attack,yes
283,1,1,0.9994472213159005,-0.0005532164941541851,-7.500553131103516,attack,yes
284,1,1,0.9990889487500213,-0.0009117737063206732,-7.000911712646484,attack,yes
285,1,1,0.9990889489668762,-0.0009115354623645544,-7.000911712646484,attack,yes
286,1,1,0.9980732654790533,-0.0019292091019451618,-6.25192928314209,attack,yes
287,1,1,0.9990889487500213,-0.0009117737063206732,-7.000911712646484,attack,yes
288,1,1,0.9933071495431723,-0.006715704221278429,-5.006715774536133,attack,yes
289,1,1,0.9959298617423651,-0.004078998696058989,-5.5040788650512695,attack,yes
290,1,1,0.9820137903340027,-0.018150312826037407,-4.018150329589844,attack,yes
291,1,1,0.9820137887219341,-0.01815183460712433,-4.018151760101318,attack,yes
292,1,1,0.9980732657078478,-0.0019290901254862547,-6.25192928314209,attack,yes
293,1,1,0.9914225147763652,-0.008614994585514069,-4.758615016937256,attack,yes
294,1,1,0.9820137882613432,-0.01815043017268181,-4.018150329589844,attack,yes
295,1,1,0.9968273165595951,-0.003178308717906475,-5.753178119659424,attack,yes
296,1,1,0.9959298631863724,-0.004078642465174198,-5.5040788650512695,attack,yes
297,1,1,0.9975273773533248,-0.0024760086089372635,-6.002476215362549,attack,yes
298,1,1,0.9980732650196737,-0.0019289711490273476,-6.251928806304932,attack,yes
299,1,1,0.9984988176493829,-0.0015025765169411898,-6.501502513885498,attack,yes
300,1,1,0.9914225148159647,-0.008615466766059399,-4.758615493774414,attack,yes
301,1,1,0.9988304895611497,-0.0011707840021699667,-6.751170635223389,attack,yes
302,1,1,0.9990889489676177,-0.0009124883217737079,-7.000912666320801,attack,yes
303,1,1,0.9980732650212406,-0.001929447171278298,-6.25192928314209,attack,yes
304,1,1,0.9988304895611497,-0.0011707840021699667,-6.751170635223389,attack,yes
305,1,1,0.9990889489668762,-0.0009115354623645544,-7.000911712646484,attack,yes
306,1,1,0.9914225147763652,-0.008614994585514069,-4.758615016937256,attack,yes
307,1,1,0.985936374144803,-0.014166269451379776,-4.264166355133057,attack,yes
308,1,1,0.9890130559222517,-0.011048450134694576,-4.511048316955566,attack,yes
309,1,1,0.9984988180072789,-0.0015028145862743258,-6.501502990722656,attack,yes
310,1,1,0.9933071503511611,-0.006716059520840645,-5.006716251373291,attack,yes
311,1,1,0.9994472213820177,-0.0005540504935197532,-7.500554084777832,attack,yes
312,1,1,0.9984988174708712,-0.0015026956098154187,-6.501502513885498,attack,yes
313,1,1,0.9914225137388603,-0.00861463975161314,-4.758614540100098,attack,yes
314,1,1,0.9706877684536753,-0.02975180558860302,-3.529751777648926,attack,yes
315,1,1,0.9820137904984994,-0.018150780349969864,-4.018150806427002,attack,yes
316,1,1,0.9996646500084787,-0.00033718624035827816,-8.000337600708008,attack,yes
317,1,1,0.9975273773533248,-0.0024760086089372635,-6.002476215362549,attack,yes
318,1,1,0.9968273176869535,-0.003177952254191041,-5.753178119659424,attack,yes
319,1,1,0.9626731156008578,-0.038041986525058746,-3.2880420684814453,attack,yes
320,1,1,0.9968273176965261,-0.0031789029017090797,-5.75317907333374,attack,yes
321,1,1,0.9998415637073574,-0.00015877417172305286,-8.750158309936523,attack,yes
322,1,1,0.9770226306753883,-0.023246262222528458,-3.7732462882995605,attack,yes
323,1,1,0.9933071487568537,-0.006715822499245405,-5.006715774536133,attack,yes
324,1,1,0.9994472213817283,-0.0005530973430722952,-7.500553131103516,attack,yes
325,1,1,0.9997965730746621,-0.00020382710499688983,-8.500204086303711,attack,yes
326,1,1,0.9984988174708712,-0.0015026956098154187,-6.501502513885498,attack,yes
327,1,1,0.9914225138418188,-0.00861605815589428,-4.758615970611572,attack,yes
328,1,1,0.9995694428559979,-0.00043072958942502737,-7.750430583953857,attack,yes
329,1,1,0.9626731149315425,-0.038041528314352036,-3.288041591644287,attack,yes
330,1,1,0.9914225137388603,-0.00861463975161314,-4.758614540100098,attack,yes
331,1,1,0.9999417087205413,-5.8410845667822286e-05,-9.7500581741333,attack,yes
332,1,1,0.9997388096275776,-0.0002615109842736274,-8.250261306762695,attack,yes
333,1,1,0.995929862223701,-0.004078879952430725,-5.5040788650512695,attack,yes
334,1,1,0.9933071496081828,-0.006717124953866005,-5.006717205047607,attack,yes
335,1,1,0.9820137882613432,-0.01815043017268181,-4.018150329589844,attack,yes
336,1,1,0.9994472212501048,-0.000553335587028414,-7.500553131103516,attack,yes
337,1,1,0.9992903294416453,-0.0007102350937202573,-7.2507100105285645,attack,yes
338,1,1,0.9706877688776584,-0.02975226752460003,-3.529752254486084,attack,yes
339,1,1,0.9997388096586981,-0.0002613918040879071,-8.250261306762695,attack,yes
340,1,1,0.9975273767641146,-0.0024757706560194492,-6.002475738525391,attack,yes
341,1,1,0.9975273764706583,-0.0024758896324783564,-6.002475738525391,attack,yes
342,1,1,0.9968273169351358,-0.0031781899742782116,-5.753178119659424,attack,yes
343,1,1,0.7310585786300049,-0.31326329708099365,-1.3132632970809937,attack,yes
344,1,1,0.9770226314280634,-0.02324765920639038,-3.773247718811035,attack,yes
345,1,1,0.9959298631863724,-0.004078642465174198,-5.5040788650512695,attack,yes
346,1,1,0.9820137904984994,-0.018150780349969864,-4.018150806427002,attack,yes
347,1,1,0.9626731117188292,-0.0380423329770565,-3.2880423069000244,attack,yes
348,1,1,0.9999417087205447,-5.936446541454643e-05,-9.750059127807617,attack,yes
349,1,1,0.9988304895616935,-0.0011712603736668825,-6.751171112060547,attack,yes
350,1,1,0.9399133521402869,-0.06196828559041023,-2.8119683265686035,attack,yes
351,1,1,0.9997388095964569,-0.0002616301644593477,-8.250261306762695,attack,yes
352,1,1,0.995929862223701,-0.004078879952430725,-5.5040788650512695,attack,yes
353,1,1,0.9241418231126367,-0.07889051735401154,-2.578890562057495,attack,yes
354,1,1,0.995929862223701,-0.004078879952430725,-5.5040788650512695,attack,yes
355,1,1,0.9992903294425945,-0.0007121411035768688,-7.250711917877197,attack,yes
356,1,1,0.9992903295261432,-0.0007101159426383674,-7.2507100105285645,attack,yes
357,1,1,0.995929862223701,-0.004078879952430725,-5.5040788650512695,attack,yes
358,1,1,0.9968273165551771,-0.003177833277732134,-5.753177642822266,attack,yes
359,1,1,0.962673111451103,-0.038042102009058,-3.2880420684814453,attack,yes
360,1,1,0.9994472212501048,-0.000553335587028414,-7.500553131103516,attack,yes
361,1,1,0.9995694429586441,-0.00043096792069263756,-7.750431060791016,attack,yes
362,1,1,0.9770226304244968,-0.02324579656124115,-3.7732458114624023,attack,yes
363,1,1,0.9706877688776584,-0.02975226752460003,-3.529752254486084,attack,yes
364,1,1,0.9947798731312345,-0.0052339909598231316,-5.2552337646484375,attack,yes
365,1,1,0.9990889487512399,-0.0009132028790190816,-7.000913143157959,attack,yes
366,1,1,0.9996646498484688,-0.0003357561945449561,-8.000335693359375,attack,yes
367,1,1,0.9997965730504196,-0.00020394629973452538,-8.500204086303711,attack,yes
368,1,1,0.9995694429586441,-0.00043096792069263756,-7.750431060791016,attack,yes
369,1,1,0.9914225137705398,-0.008615112863481045,-4.758615016937256,attack,yes
370,1,1,0.9399133561377042,-0.06196940690279007,-2.811969518661499,attack,yes
371,1,1,0.9984988176493829,-0.0015025765169411898,-6.501502513885498,attack,yes
372,1,1,0.9959298627050367,-0.004078761208802462,-5.5040788650512695,attack,yes
373,1,1,0.9947798737744549,-0.005234820768237114,-5.255234718322754,attack,yes
374,1,1,0.9770226282082864,-0.023246610537171364,-3.7732465267181396,attack,yes
375,1,1,0.9990889488584223,-0.0009116546134464443,-7.000911712646484,attack,yes
376,1,1,0.9933071487568537,-0.006715822499245405,-5.006715774536133,attack,yes
377,1,1,0.9968273165595951,-0.003178308717906475,-5.753178119659424,attack,yes
378,1,1,0.9984988174708712,-0.0015026956098154187,-6.501502513885498,attack,yes
379,1,1,0.9994472213817283,-0.0005530973430722952,-7.500553131103516,attack,yes
380,1,1,0.994779874376567,-0.005234227981418371,-5.255234241485596,attack,yes
381,1,1,0.998073265248468,-0.0019288521725684404,-6.251928806304932,attack,yes
382,1,1,0.9968273173158309,-0.0031785464379936457,-5.753178596496582,attack,yes
383,1,1,0.994779874376567,-0.005234227981418371,-5.255234241485596,attack,yes
384,1,1,0.9988304895616935,-0.0011712603736668825,-6.751171112060547,attack,yes
385,1,1,0.9959298627144747,-0.004079235717654228,-5.504079341888428,attack,yes
386,1,1,0.9859363720398908,-0.014164037071168423,-4.264163970947266,attack,yes
387,1,1,0.9990889486416205,-0.0009118927991949022,-7.000911712646484,attack,yes
388,1,1,0.9820137882613432,-0.01815043017268181,-4.018150329589844,attack,yes
389,1,1,0.9984988176504299,-0.001503052655607462,-6.501502990722656,attack,yes
390,1,1,0.9975273773533248,-0.0024760086089372635,-6.002476215362549,attack,yes
391,1,1,0.9980732654790533,-0.0019292091019451618,-6.25192928314209,attack,yes
392,1,1,0.9933071495431723,-0.006715704221278429,-5.006715774536133,attack,yes
393,1,1,0.9980732650196737,-0.0019289711490273476,-6.251928806304932,attack,yes
394,1,1,0.9947798731312345,-0.0052339909598231316,-5.2552337646484375,attack,yes
395,1,1,0.9997388096586981,-0.0002613918040879071,-8.250261306762695,attack,yes
396,1,1,0.9988304897033948,-0.0011730464175343513,-6.75117301940918,attack,yes
397,1,1,0.9933071479488647,-0.006715467199683189,-5.006715297698975,attack,yes
398,1,1,0.9975273773561962,-0.0024764842819422483,-6.002476692199707,attack,yes
399,1,1,0.9994472213159005,-0.0005532164941541851,-7.500553131103516,attack,yes
400,1,1,0.9996646498884225,-0.00033563701435923576,-8.000335693359375,attack,yes
401,1,1,0.9933071479891094,-0.006716414820402861,-5.006716251373291,attack,yes
402,1,1,0.9890130559222517,-0.011048450134694576,-4.511048316955566,attack,yes
403,1,1,0.9998415637073574,-0.00015877417172305286,-8.750158309936523,attack,yes
404,1,1,0.9992903296953456,-0.0007103541865944862,-7.250710487365723,attack,yes
405,1,1,0.9980732654790533,-0.0019292091019451618,-6.25192928314209,attack,yes
406,1,1,0.9241418126663687,-0.07889018952846527,-2.578890085220337,attack,yes
407,1,1,0.9959298631863724,-0.004078642465174198,-5.5040788650512695,attack,yes
408,1,1,0.9947798744031665,-0.005235176533460617,-5.255235195159912,attack,yes
409,1,1,0.9859363704127807,-0.014164154417812824,-4.264163970947266,attack,yes
410,1,1,0.9859363720398908,-0.014164037071168423,-4.264163970947266,attack,yes
411,1,1,0.9988304898392486,-0.0011705459328368306,-6.751170635223389,attack,yes
412,1,1,0.998073265248468,-0.0019288521725684404,-6.251928806304932,attack,yes
413,1,1,0.9890130571467677,-0.011047860607504845,-4.511047840118408,attack,yes
414,1,1,0.9706877711565677,-0.029750995337963104,-3.5297510623931885,attack,yes
415,1,1,0.994779874993188,-0.005234109237790108,-5.255234241485596,attack,yes
416,1,1,0.9992903295261432,-0.0007101159426383674,-7.2507100105285645,attack,yes
417,1,1,0.9947798731312345,-0.0052339909598231316,-5.2552337646484375,attack,yes
418,1,1,0.9968273173254034,-0.0031794970855116844,-5.753179550170898,attack,yes
419,1,1,0.9959298617669039,-0.004080423153936863,-5.504080295562744,attack,yes
420,1,1,0.9984988176493829,-0.0015025765169411898,-6.501502513885498,attack,yes
421,1,1,0.9980732650212406,-0.001929447171278298,-6.25192928314209,attack,yes
422,1,1,0.9399133481428692,-0.06196907162666321,-2.811969041824341,attack,yes
423,1,1,0.9968273165691678,-0.003179259365424514,-5.75317907333374,attack,yes
424,1,1,0.9975273764735295,-0.0024763653054833412,-6.002476215362549,attack,yes
425,1,1,0.9968273165595951,-0.003178308717906475,-5.753178119659424,attack,yes
426,1,1,0.9975273770604427,-0.002476127352565527,-6.002476215362549,attack,yes
427,1,1,0.9968273176921079,-0.0031784274615347385,-5.753178596496582,attack,yes
428,1,1,0.9770226306753883,-0.023246262222528458,-3.7732462882995605,attack,yes
429,1,1,0.9770226306753883,-0.023246262222528458,-3.7732462882995605,attack,yes
430,1,1,0.9947798731312345,-0.0052339909598231316,-5.2552337646484375,attack,yes
431,1,1,0.9996646498884225,-0.00033563701435923576,-8.000335693359375,attack,yes
432,1,1,0.9999869928730851,-1.3232143828645349e-05,-11.25001335144043,attack,yes
433,1,1,0.9975273773533248,-0.0024760086089372635,-6.002476215362549,attack,yes
434,1,1,0.9399133508779445,-0.06197355315089226,-2.8119735717773438,attack,yes
435,1,1,0.9975273773619391,-0.002477435627952218,-6.002477645874023,attack,yes
436,1,1,0.9525741234565097,-0.0485883504152298,-3.048588275909424,attack,yes
437,1,1,0.998830489700131,-0.0011706650257110596,-6.751170635223389,attack,yes
438,1,1,0.9992903294416453,-0.0007102350937202573,-7.2507100105285645,attack,yes
439,1,1,0.9859363738607045,-0.014164859429001808,-4.264164924621582,attack,yes
440,1,1,0.9980732650196737,-0.0019289711490273476,-6.251928806304932,attack,yes
441,1,1,0.9990889486416205,-0.0009118927991949022,-7.000911712646484,attack,yes
442,1,1,0.9890130597678383,-0.011048096232116222,-4.511048316955566,attack,yes
443,1,1,0.9959298627050367,-0.004078761208802462,-5.5040788650512695,attack,yes
444,1,1,0.9626731123881445,-0.038042791187763214,-3.2880427837371826,attack,yes
445,1,1,0.9992903294416453,-0.0007102350937202573,-7.2507100105285645,attack,yes
446,1,1,0.993307147970535,-0.006715940777212381,-5.006715774536133,attack,yes
447,1,1,0.9859363736799145,-0.014163918793201447,-4.264163970947266,attack,yes
448,1,1,0.9994472213159005,-0.0005532164941541851,-7.500553131103516,attack,yes
449,1,1,0.9998415637262392,-0.0001586549769854173,-8.750158309936523,attack,yes
450,1,1,0.9997965729291775,-0.00020358874462544918,-8.500203132629395,attack,yes
451,1,1,0.9820137884258401,-0.018150897696614265,-4.018150806427002,attack,yes
452,1,1,0.9980732657112059,-0.0019300420535728335,-6.251930236816406,attack,yes
453,1,1,0.998073265248468,-0.0019288521725684404,-6.251928806304932,attack,yes
454,1,1,0.9968273165647497,-0.0031787839252501726,-5.753178596496582,attack,yes
455,1,1,0.9990889489672469,-0.0009120118920691311,-7.000912189483643,attack,yes
456,1,1,0.9996646498484688,-0.0003357561945449561,-8.000335693359375,attack,yes
457,1,1,0.9947798737599461,-0.005234346725046635,-5.255234241485596,attack,yes
458,1,1,0.9998766054543742,-0.00012373158824630082,-9.000123977661133,attack,yes
459,1,1,0.9992903294433376,-0.0007135705673135817,-7.250713348388672,attack,yes
460,1,1,0.9525741219418441,-0.04858766868710518,-3.0485875606536865,attack,yes
461,1,1,0.999290329441893,-0.0007107115816324949,-7.250710487365723,attack,yes
462,1,1,0.9980732654772625,-0.0019287331961095333,-6.251928806304932,attack,yes
463,1,1,0.9997388095964569,-0.0002616301644593477,-8.250261306762695,attack,yes
464,1,1,0.9990889487504453,-0.000912250077817589,-7.000912189483643,attack,yes
465,1,1,0.9914225148476443,-0.008615939877927303,-4.758615970611572,attack,yes
466,1,1,0.9959298627144747,-0.004079235717654228,-5.504079341888428,attack,yes
467,1,1,0.9859363753070244,-0.014163801446557045,-4.264163970947266,attack,yes
468,1,1,0.9770226278319489,-0.023245912045240402,-3.7732458114624023,attack,yes
469,1,1,0.999447221381889,-0.0005535738891921937,-7.500553607940674,attack,yes
470,1,1,0.9820137884258401,-0.018150897696614265,-4.018150806427002,attack,yes
471,1,1,0.9990889489672469,-0.0009120118920691311,-7.000912189483643,attack,yes
472,1,1,0.9914225127330346,-0.008614758029580116,-4.758614540100098,attack,yes
473,1,1,0.9994472213817283,-0.0005530973430722952,-7.500553131103516,attack,yes
474,1,1,0.9959298617348148,-0.004078523721545935,-5.504078388214111,attack,yes
475,1,1,0.9968273176869535,-0.003177952254191041,-5.753178119659424,attack,yes
476,1,1,0.9975273767641146,-0.0024757706560194492,-6.002475738525391,attack,yes
477,1,1,0.9933071495648425,-0.006716177798807621,-5.006716251373291,attack,yes
478,1,1,0.9914225157821905,-0.008614876307547092,-4.758615016937256,attack,yes
479,1,1,0.9914225128043136,-0.008615703321993351,-4.758615493774414,attack,yes
480,1,1,0.9999869928730851,-1.3232143828645349e-05,-11.25001335144043,attack,yes
481,1,1,0.9968273176921079,-0.0031784274615347385,-5.753178596496582,attack,yes
482,1,1,0.9984988174708712,-0.0015026956098154187,-6.501502513885498,attack,yes
483,1,1,0.9947798750826584,-0.005237429868429899,-5.255237579345703,attack,yes
484,1,1,0.9984988178299887,-0.0015034097013995051,-6.5015034675598145,attack,yes
485,1,1,0.8175744828610095,-0.20141489803791046,-1.701414942741394,attack,yes
486,1,1,0.9241418241572634,-0.07889217138290405,-2.578892230987549,attack,yes
487,1,1,0.989013055861532,-0.01104797888547182,-4.511047840118408,attack,yes
488,1,1,0.9820137861886837,-0.01815054751932621,-4.018150329589844,attack,yes
489,1,1,0.9968273176869535,-0.003177952254191041,-5.753178119659424,attack,yes
490,1,1,0.9890130597678383,-0.011048096232116222,-4.511048316955566,attack,yes
491,1,1,0.9947798750052788,-0.005234583746641874,-5.255234718322754,attack,yes
492,1,1,0.9980732650196737,-0.0019289711490273476,-6.251928806304932,attack,yes
493,1,1,0.999569443009936,-0.00043084874050691724,-7.750431060791016,attack,yes
494,1,1,0.9988304895604696,-0.0011703077470883727,-6.7511701583862305,attack,yes
495,1,1,0.9996646498884225,-0.00033563701435923576,-8.000335693359375,attack,yes
496,1,1,0.9984988178287671,-0.0015029336791485548,-6.501502990722656,attack,yes
497,1,1,0.9980732657112059,-0.0019300420535728335,-6.251930236816406,attack,yes
498,1,1,0.9988304895611497,-0.0011707840021699667,-6.751170635223389,attack,yes
499,1,1,0.9992903296108476,-0.0007104733376763761,-7.250710487365723,attack,yes
500,1,1,0.9959298627050367,-0.004078761208802462,-5.5040788650512695,attack,yes
501,1,1,0.9984988180072789,-0.0015028145862743258,-6.501502990722656,attack,yes
502,1,1,0.999447221381889,-0.0005535738891921937,-7.500553607940674,attack,yes
503,1,1,0.9997965730746621,-0.00020382710499688983,-8.500204086303711,attack,yes
504,1,1,0.9995694429586441,-0.00043096792069263756,-7.750431060791016,attack,yes
505,1,1,0.9995694429586441,-0.00043096792069263756,-7.750431060791016,attack,yes
506,1,1,0.989013055861532,-0.01104797888547182,-4.511047840118408,attack,yes
507,1,1,0.9859363736799145,-0.014163918793201447,-4.264163970947266,attack,yes
508,1,1,0.9933071487568537,-0.006715822499245405,-5.006715774536133,attack,yes
509,1,1,0.9959298627050367,-0.004078761208802462,-5.5040788650512695,attack,yes
510,1,1,0.9968273165551771,-0.003177833277732134,-5.753177642822266,attack,yes
511,1,1,0.9820137885903367,-0.018151365220546722,-4.01815128326416,attack,yes
512,1,1,0.9525741214369554,-0.04858982563018799,-3.0485897064208984,attack,yes
513,1,1,0.9994472212501048,-0.000553335587028414,-7.500553131103516,attack,yes
514,1,1,0.9994472214477166,-0.0005534547381103039,-7.500553607940674,attack,yes
515,1,1,0.9988304898392486,-0.0011705459328368306,-6.751170635223389,attack,yes
516,1,1,0.999290329441893,-0.0007107115816324949,-7.250710487365723,attack,yes
517,1,1,0.999796573074739,-0.0002057340752799064,-8.500205993652344,attack,yes
518,1,1,0.9859363753070244,-0.014163801446557045,-4.264163970947266,attack,yes
519,1,1,0.9997965730746621,-0.00020382710499688983,-8.500204086303711,attack,yes
520,1,1,0.9980732650212406,-0.001929447171278298,-6.25192928314209,attack,yes
521,1,1,0.9914225137705398,-0.008615112863481045,-4.758615016937256,attack,yes
522,1,1,0.9992903296105999,-0.0007099968497641385,-7.2507100105285645,attack,yes
523,1,1,0.9992903296953456,-0.0007103541865944862,-7.250710487365723,attack,yes
524,1,1,0.9990889486416205,-0.0009118927991949022,-7.000911712646484,attack,yes
525,1,1,0.9947798737599461,-0.005234346725046635,-5.255234241485596,attack,yes
526,1,1,0.9046505267461572,-0.10020766407251358,-2.350207567214966,attack,yes
527,1,1,0.9988304895611497,-0.0011707840021699667,-6.751170635223389,attack,yes
528,1,1,0.993307147970535,-0.006715940777212381,-5.006715774536133,attack,yes
529,1,1,0.9525741214369554,-0.04858982563018799,-3.0485897064208984,attack,yes
530,1,1,0.9997388095653363,-0.00026174934464506805,-8.250261306762695,attack,yes
531,1,1,0.9980732657078478,-0.0019290901254862547,-6.25192928314209,attack,yes
532,1,1,0.9890130597678383,-0.011048096232116222,-4.511048316955566,attack,yes
533,1,1,0.9968273173445489,-0.003181398380547762,-5.753181457519531,attack,yes
534,1,1,0.9968273165595951,-0.003178308717906475,-5.753178119659424,attack,yes
535,1,1,0.9859363736799145,-0.014163918793201447,-4.264163970947266,attack,yes
536,1,1,0.9984988174708712,-0.0015026956098154187,-6.501502513885498,attack,yes
537,1,1,0.9959298631863724,-0.004078642465174198,-5.5040788650512695,attack,yes
538,1,1,0.9959298617518031,-0.004079473204910755,-5.504079341888428,attack,yes
539,1,1,0.9984988174708712,-0.0015026956098154187,-6.501502513885498,attack,yes
540,1,1,0.9975273773533248,-0.0024760086089372635,-6.002476215362549,attack,yes
541,1,1,0.9994472213159005,-0.0005532164941541851,-7.500553131103516,attack,yes
542,1,1,0.9914225157821905,-0.008614876307547092,-4.758615016937256,attack,yes
543,1,1,0.9706877713685592,-0.02975122630596161,-3.5297513008117676,attack,yes
544,1,1,0.9984988174708712,-0.0015026956098154187,-6.501502513885498,attack,yes
545,1,1,0.9988304898392486,-0.0011705459328368306,-6.751170635223389,attack,yes
546,1,1,0.9992903294416453,-0.0007102350937202573,-7.2507100105285645,attack,yes
547,1,1,0.9984988174708712,-0.0015026956098154187,-6.501502513885498,attack,yes
548,1,1,0.9975273773533248,-0.0024760086089372635,-6.002476215362549,attack,yes
549,1,1,0.9988304898392486,-0.0011705459328368306,-6.751170635223389,attack,yes
550,1,1,0.9706877686656669,-0.029752036556601524,-3.529752016067505,attack,yes
551,1,1,0.9820137863531804,-0.018151015043258667,-4.018150806427002,attack,yes
552,1,1,0.9994472212505229,-0.0005547653418034315,-7.50055456161499,attack,yes
553,1,1,0.9990889487500213,-0.0009117737063206732,-7.000911712646484,attack,yes
554,1,1,0.998073265248468,-0.0019288521725684404,-6.251928806304932,attack,yes
555,1,1,0.9990889486416205,-0.0009118927991949022,-7.000911712646484,attack,yes
556,1,1,0.999569443009936,-0.00043084874050691724,-7.750431060791016,attack,yes
557,1,1,0.9975273770604427,-0.002476127352565527,-6.002476215362549,attack,yes
558,1,1,0.9975273764706583,-0.0024758896324783564,-6.002475738525391,attack,yes
559,1,1,0.9770226310517259,-0.02324696071445942,-3.773247003555298,attack,yes
560,1,1,0.9997388096275776,-0.0002615109842736274,-8.250261306762695,attack,yes
561,1,1,0.9241418241572634,-0.07889074087142944,-2.578890800476074,attack,yes
562,1,1,0.9706877711565677,-0.029750995337963104,-3.5297510623931885,attack,yes
563,1,1,0.9994472213159005,-0.0005532164941541851,-7.500553131103516,attack,yes
564,1,1,0.993307147970535,-0.006715940777212381,-5.006715774536133,attack,yes
565,1,1,0.9984988180072789,-0.0015028145862743258,-6.501502990722656,attack,yes
566,1,1,0.9959298627050367,-0.004078761208802462,-5.5040788650512695,attack,yes
567,1,1,0.9988304895611497,-0.0011707840021699667,-6.751170635223389,attack,yes
568,1,1,0.9996646498884225,-0.00033563701435923576,-8.000335693359375,attack,yes
569,1,1,0.9770226304244968,-0.02324579656124115,-3.7732458114624023,attack,yes
570,1,1,0.96267311613631,-0.038042448461055756,-3.2880425453186035,attack,yes
571,1,1,0.9996646497685711,-0.0003359945258125663,-8.000335693359375,attack,yes
572,1,1,0.9975273770604427,-0.002476127352565527,-6.002476215362549,attack,yes
573,1,1,0.9975273770604427,-0.002476127352565527,-6.002476215362549,attack,yes
574,1,1,0.9968273173114128,-0.0031780709978193045,-5.753178119659424,attack,yes
575,1,1,0.994779874376567,-0.005234227981418371,-5.255234241485596,attack,yes
576,1,1,0.9914225127647143,-0.008615231141448021,-4.758615016937256,attack,yes
577,1,1,0.9525741285053948,-0.048588238656520844,-3.048588275909424,attack,yes
578,1,1,0.9984988174708712,-0.0015026956098154187,-6.501502513885498,attack,yes
579,1,1,0.9933071496917679,-0.00671901972964406,-5.00671911239624,attack,yes
580,1,1,0.9998415637829052,-0.00015925093612167984,-8.75015926361084,attack,yes
581,1,1,0.9990889488584223,-0.0009116546134464443,-7.000911712646484,attack,yes
582,1,1,0.9994472212501048,-0.000553335587028414,-7.500553131103516,attack,yes
583,1,1,0.9992903296953456,-0.0007103541865944862,-7.250710487365723,attack,yes
584,1,1,0.9626731149315425,-0.038041528314352036,-3.288041591644287,attack,yes
585,1,1,0.9980732654806204,-0.0019296851241961122,-6.251929759979248,attack,yes
586,1,1,0.9997388095964569,-0.0002616301644593477,-8.250261306762695,attack,yes
587,1,1,0.985936371949496,-0.014163566753268242,-4.264163494110107,attack,yes
588,1,1,0.9820137904984994,-0.018150780349969864,-4.018150806427002,attack,yes
589,1,1,0.9994472213817283,-0.0005530973430722952,-7.500553131103516,attack,yes
590,1,1,0.9933071487568537,-0.006715822499245405,-5.006715774536133,attack,yes
591,1,1,0.9988304895616935,-0.0011712603736668825,-6.751171112060547,attack,yes
592,1,1,0.9914225127330346,-0.008614758029580116,-4.758614540100098,attack,yes
593,1,1,0.9914225127647143,-0.008615231141448021,-4.758615016937256,attack,yes
594,1,1,0.9241418152779357,-0.0788920596241951,-2.5788919925689697,attack,yes
595,1,1,0.9959298631958104,-0.004079116974025965,-5.504079341888428,attack,yes
596,1,1,0.9995694429590073,-0.0004328744253143668,-7.750432968139648,attack,yes
597,1,1,0.9914225148476443,-0.008615939877927303,-4.758615970611572,attack,yes
598,1,1,0.994779874993188,-0.005234109237790108,-5.255234241485596,attack,yes
599,1,1,0.952574129515172,-0.048588693141937256,-3.048588752746582,attack,yes
600,1,1,0.9975273770604427,-0.002476127352565527,-6.002476215362549,attack,yes
601,1,1,0.999796572929219,-0.00020454221521504223,-8.500204086303711,attack,yes
602,1,1,0.9980732650196737,-0.0019289711490273476,-6.251928806304932,attack,yes
603,1,1,0.9706877680826902,-0.02975134178996086,-3.5297513008117676,attack,yes
604,1,1,0.994779874376567,-0.005234227981418371,-5.255234241485596,attack,yes
605,1,1,0.9959298627050367,-0.004078761208802462,-5.5040788650512695,attack,yes
606,1,1,0.9980732657078478,-0.0019290901254862547,-6.25192928314209,attack,yes
607,1,1,0.993307147970535,-0.006715940777212381,-5.006715774536133,attack,yes
608,1,1,0.9968273165595951,-0.003178308717906475,-5.753178119659424,attack,yes
609,1,1,0.9984988180072789,-0.0015028145862743258,-6.501502990722656,attack,yes
610,1,1,0.9975273767641146,-0.0024757706560194492,-6.002475738525391,attack,yes
611,1,1,0.9996646498884225,-0.00033563701435923576,-8.000335693359375,attack,yes
612,1,1,0.9968273165595951,-0.003178308717906475,-5.753178119659424,attack,yes
613,1,1,0.9914225157821905,-0.008614876307547092,-4.758615016937256,attack,yes
614,1,1,0.995929862223701,-0.004078879952430725,-5.5040788650512695,attack,yes
615,1,1,0.9980732650196737,-0.0019289711490273476,-6.251928806304932,attack,yes
616,1,1,0.952574122951621,-0.04858812317252159,-3.0485880374908447,attack,yes
617,1,1,0.9999251537637805,-7.545663538621739e-05,-9.500075340270996,attack,yes
618,1,1,0.9859363705031758,-0.014164624735713005,-4.264164447784424,attack,yes
619,1,1,0.9933071495431723,-0.006715704221278429,-5.006715774536133,attack,yes
620,1,1,0.9770226305499425,-0.023246029391884804,-3.7732460498809814,attack,yes
621,1,1,0.9990889486424153,-0.0009128456003963947,-7.000912666320801,attack,yes
622,1,1,0.998830489701491,-0.0011716175358742476,-6.751171588897705,attack,yes
623,1,1,0.9975273773739989,-0.002479338087141514,-6.002479553222656,attack,yes
624,1,1,0.994779874993188,-0.005234109237790108,-5.255234241485596,attack,yes
625,1,1,0.9525741290102833,-0.04858846589922905,-3.048588514328003,attack,yes
626,1,1,0.9997388096586981,-0.0002613918040879071,-8.250261306762695,attack,yes
627,1,1,0.9995694428559979,-0.00043072958942502737,-7.750430583953857,attack,yes
628,1,1,0.9994472214477166,-0.0005534547381103039,-7.500553607940674,attack,yes
629,1,1,0.9975273773533248,-0.0024760086089372635,-6.002476215362549,attack,yes
630,1,1,0.9859363720398908,-0.014164037071168423,-4.264163970947266,attack,yes
631,1,1,0.9933071479891094,-0.006716414820402861,-5.006716251373291,attack,yes
632,1,1,0.9914225137705398,-0.008615112863481045,-4.758615016937256,attack,yes
633,1,1,0.9975273764706583,-0.0024758896324783564,-6.002475738525391,attack,yes
634,1,1,0.9999646437366367,-3.564294092939235e-05,-10.250035285949707,attack,yes
635,1,1,0.9975273770604427,-0.002476127352565527,-6.002476215362549,attack,yes
636,1,1,0.9968273173114128,-0.0031780709978193045,-5.753178119659424,attack,yes
637,1,1,0.9968273176869535,-0.003177952254191041,-5.753178119659424,attack,yes
638,1,1,0.9914225158851491,-0.008616294711828232,-4.7586164474487305,attack,yes
639,1,1,0.9770226306753883,-0.023246262222528458,-3.7732462882995605,attack,yes
640,1,1,0.9995694429586441,-0.00043096792069263756,-7.750431060791016,attack,yes
641,1,1,0.9968273173114128,-0.0031780709978193045,-5.753178119659424,attack,yes
642,1,1,0.9995694429586441,-0.00043096792069263756,-7.750431060791016,attack,yes
643,1,1,0.999569443009936,-0.00043084874050691724,-7.750431060791016,attack,yes
644,1,1,0.998830489700131,-0.0011706650257110596,-6.751170635223389,attack,yes
645,1,1,0.998830489978366,-0.0011704268399626017,-6.751170635223389,attack,yes
646,1,1,0.9947798744418563,-0.0052365995943546295,-5.255236625671387,attack,yes
647,1,1,0.9947798750052788,-0.005234583746641874,-5.255234718322754,attack,yes
648,1,1,0.9984988174708712,-0.0015026956098154187,-6.501502513885498,attack,yes
649,1,1,0.9992903294416453,-0.0007102350937202573,-7.2507100105285645,attack,yes
650,1,1,0.9890130597678383,-0.011048096232116222,-4.511048316955566,attack,yes
651,1,1,0.9959298617423651,-0.004078998696058989,-5.5040788650512695,attack,yes
652,1,1,0.9968273173114128,-0.0031780709978193045,-5.753178119659424,attack,yes
653,1,1,0.9980732654806204,-0.0019296851241961122,-6.251929759979248,attack,yes
654,1,1,0.9997965730504196,-0.00020394629973452538,-8.500204086303711,attack,yes
655,1,1,0.9706877709445761,-0.0297507643699646,-3.5297508239746094,attack,yes
656,1,1,0.9890130597678383,-0.011048096232116222,-4.511048316955566,attack,yes
657,1,1,0.9046505447409665,-0.10020960122346878,-2.3502097129821777,attack,yes
658,1,1,0.9984988178277202,-0.0015024575404822826,-6.501502513885498,attack,yes
659,1,1,0.994779874993188,-0.005234109237790108,-5.255234241485596,attack,yes
660,1,1,0.9990889488584223,-0.0009116546134464443,-7.000911712646484,attack,yes
661,1,1,0.993307147970535,-0.006715940777212381,-5.006715774536133,attack,yes
662,1,1,0.9990889488584223,-0.0009116546134464443,-7.000911712646484,attack,yes
663,1,1,0.9984988176493829,-0.0015025765169411898,-6.501502513885498,attack,yes
664,1,1,0.9994472214477166,-0.0005534547381103039,-7.500553607940674,attack,yes
665,1,1,0.9980732654790533,-0.0019292091019451618,-6.25192928314209,attack,yes
666,1,1,0.989013055861532,-0.01104797888547182,-4.511047840118408,attack,yes
667,1,1,0.9933071495431723,-0.006715704221278429,-5.006715774536133,attack,yes
668,1,1,0.9980732650266135,-0.0019308748887851834,-6.2519307136535645,attack,yes
669,1,1,0.9988304898392486,-0.0011705459328368306,-6.751170635223389,attack,yes
670,1,1,0.9968273165595951,-0.003178308717906475,-5.753178119659424,attack,yes
671,1,1,0.9984988174708712,-0.0015026956098154187,-6.501502513885498,attack,yes
672,1,1,0.9988304898392486,-0.0011705459328368306,-6.751170635223389,attack,yes
673,1,1,0.9859363704127807,-0.014164154417812824,-4.264163970947266,attack,yes
674,1,1,0.9984988176493829,-0.0015025765169411898,-6.501502513885498,attack,yes
675,1,1,0.9959298627295755,-0.004080185666680336,-5.504080295562744,attack,yes
676,1,1,0.9994472214477166,-0.0005534547381103039,-7.500553607940674,attack,yes
677,1,1,0.5621765008857981,-0.5759459733963013,-0.8259459733963013,attack,yes
678,1,1,0.9975273773533248,-0.0024760086089372635,-6.002476215362549,attack,yes
679,1,1,0.9998415638206688,-0.00015901254664640874,-8.75015926361084,attack,yes
680,1,1,0.9980732650196737,-0.0019289711490273476,-6.251928806304932,attack,yes
681,1,1,0.9992903294416453,-0.0007102350937202573,-7.2507100105285645,attack,yes
682,1,1,0.9996646498484688,-0.0003357561945449561,-8.000335693359375,attack,yes
683,1,1,0.9933071495431723,-0.006715704221278429,-5.006715774536133,attack,yes
684,1,1,0.9992903295261432,-0.0007101159426383674,-7.2507100105285645,attack,yes
685,1,1,0.9990889489668762,-0.0009115354623645544,-7.000911712646484,attack,yes
686,1,1,0.9933071495648425,-0.006716177798807621,-5.006716251373291,attack,yes
687,1,1,0.9959298627050367,-0.004078761208802462,-5.5040788650512695,attack,yes
688,1,1,0.9975273773533248,-0.0024760086089372635,-6.002476215362549,attack,yes
689,1,1,0.9890130597678383,-0.011048096232116222,-4.511048316955566,attack,yes
690,1,1,0.9996646498085152,-0.0003358753747306764,-8.000335693359375,attack,yes
691,1,1,0.9626731110495138,-0.03804187476634979,-3.288041830062866,attack,yes
692,1,1,0.9997965729291775,-0.00020358874462544918,-8.500203132629395,attack,yes
693,1,1,0.993307147970535,-0.006715940777212381,-5.006715774536133,attack,yes
694,1,1,0.9990889487500213,-0.0009117737063206732,-7.000911712646484,attack,yes
695,1,1,0.5621765008857981,-0.5759455561637878,-0.8259455561637878,attack,yes
696,1,1,0.999796572929219,-0.00020454221521504223,-8.500204086303711,attack,yes
697,1,1,0.9975273773533248,-0.0024760086089372635,-6.002476215362549,attack,yes
698,1,1,0.9997388095964569,-0.0002616301644593477,-8.250261306762695,attack,yes
699,1,1,0.9992903296105999,-0.0007099968497641385,-7.2507100105285645,attack,yes
700,1,1,0.9947798744418563,-0.0052365995943546295,-5.255236625671387,attack,yes
701,1,1,0.9984988176493829,-0.0015025765169411898,-6.501502513885498,attack,yes
702,1,1,0.9399133473013074,-0.0619688481092453,-2.8119688034057617,attack,yes
703,1,1,0.9990889489672469,-0.0009120118920691311,-7.000912189483643,attack,yes
704,1,1,0.9990889489676177,-0.0009124883217737079,-7.000912666320801,attack,yes
705,1,1,0.9959298631863724,-0.004078642465174198,-5.5040788650512695,attack,yes
706,1,1,0.9997388097210002,-0.000262106885202229,-8.250262260437012,attack,yes
707,1,1,0.9968273165647497,-0.0031787839252501726,-5.753178596496582,attack,yes
708,1,1,0.9990889487500213,-0.0009117737063206732,-7.000911712646484,attack,yes
709,1,1,0.9890130548090554,-0.011049983091652393,-4.511049747467041,attack,yes
710,1,1,0.9968273169402904,-0.003178665181621909,-5.753178596496582,attack,yes
711,1,1,0.994779874376567,-0.005234227981418371,-5.255234241485596,attack,yes
712,1,1,0.9947798744031665,-0.005235176533460617,-5.255235195159912,attack,yes
713,1,1,0.8519528076067262,-0.16022582352161407,-1.9102258682250977,attack,yes
714,1,1,0.9997965730989017,-0.0002037079248111695,-8.500204086303711,attack,yes
715,1,1,0.9947798737599461,-0.005234346725046635,-5.255234241485596,attack,yes
716,1,1,0.9984988176493829,-0.0015025765169411898,-6.501502513885498,attack,yes
717,1,1,0.9706877669697344,-0.029754003509879112,-3.5297539234161377,attack,yes
718,1,1,0.9968273165551771,-0.003177833277732134,-5.753177642822266,attack,yes
719,1,1,0.9820137907945937,-0.018151717260479927,-4.018151760101318,attack,yes
720,1,1,0.9995694429073649,-0.00043108707177452743,-7.750431060791016,attack,yes
721,1,1,0.9984988174719182,-0.0015031717484816909,-6.501502990722656,attack,yes
722,1,1,0.9984988178287671,-0.0015029336791485548,-6.501502990722656,attack,yes
723,1,1,0.970687767658707,-0.029750879853963852,-3.5297508239746094,attack,yes
724,1,1,0.9992903295261432,-0.0007101159426383674,-7.2507100105285645,attack,yes
725,1,1,0.9990889487512399,-0.0009132028790190816,-7.000913143157959,attack,yes
726,1,1,0.9968273165647497,-0.0031787839252501726,-5.753178596496582,attack,yes
727,1,1,0.9997388095653363,-0.00026174934464506805,-8.250261306762695,attack,yes
728,1,1,0.9992903296105999,-0.0007099968497641385,-7.2507100105285645,attack,yes
729,1,1,0.9933071479891094,-0.006716414820402861,-5.006716251373291,attack,yes
730,1,1,0.9968273176869535,-0.003177952254191041,-5.753178119659424,attack,yes
731,1,1,0.9995694429587317,-0.0004314445541240275,-7.750431537628174,attack,yes
732,1,1,0.9994472213159005,-0.0005532164941541851,-7.500553131103516,attack,yes
733,1,1,0.9914225157821905,-0.008614876307547092,-4.758615016937256,attack,yes
734,1,1,0.9933071488621089,-0.006718190852552652,-5.006718158721924,attack,yes
735,1,1,0.9980732654790533,-0.0019292091019451618,-6.25192928314209,attack,yes
736,1,1,0.9770226304244968,-0.02324579656124115,-3.7732458114624023,attack,yes
737,1,1,0.9990889487500213,-0.0009117737063206732,-7.000911712646484,attack,yes
738,1,1,0.9890130585433228,-0.011048685759305954,-4.511048793792725,attack,yes
739,1,1,0.9859363708776695,-0.014166505075991154,-4.264166355133057,attack,yes
740,1,1,0.9997388095653363,-0.00026174934464506805,-8.250261306762695,attack,yes
741,1,1,0.9997388095964569,-0.0002616301644593477,-8.250261306762695,attack,yes
742,1,1,0.9933071480541201,-0.0067178355529904366,-5.006717681884766,attack,yes
743,1,1,0.9046505402422645,-0.10020798444747925,-2.350208044052124,attack,yes
744,1,1,0.9988304898392486,-0.0011705459328368306,-6.751170635223389,attack,yes
745,1,1,0.9820137865176772,-0.018151482567191124,-4.01815128326416,attack,yes
746,1,1,0.9996646498484688,-0.0003357561945449561,-8.000335693359375,attack,yes
747,1,1,0.9914225147763652,-0.008614994585514069,-4.758615016937256,attack,yes
748,1,1,0.9999546021367565,-4.565611743601039e-05,-10.000045776367188,attack,yes
749,1,1,0.9980732650196737,-0.0019289711490273476,-6.251928806304932,attack,yes
750,1,1,0.9992903296953456,-0.0007103541865944862,-7.250710487365723,attack,yes
751,1,1,0.9975273773653848,-0.0024779110681265593,-6.002478122711182,attack,yes
752,1,1,0.6224593312018546,-0.4740869402885437,-0.9740869402885437,attack,yes
753,1,1,0.9990889487504453,-0.000912250077817589,-7.000912189483643,attack,yes
754,1,1,0.999664649968642,-0.00033825874561443925,-8.000338554382324,attack,yes
755,1,1,0.9984988174708712,-0.0015026956098154187,-6.501502513885498,attack,yes
756,1,1,0.9975273770661855,-0.0024770786985754967,-6.002477169036865,attack,yes
757,1,1,0.9770226282082864,-0.023246610537171364,-3.7732465267181396,attack,yes
758,1,1,0.9947798731457431,-0.005234465003013611,-5.255234241485596,attack,yes
759,1,1,0.962673111451103,-0.038042102009058,-3.2880420684814453,attack,yes
760,1,1,0.9933071495431723,-0.006715704221278429,-5.006715774536133,attack,yes
761,1,1,0.9990889486436338,-0.0009142747730948031,-7.000914096832275,attack,yes
762,1,1,0.9706877682416838,-0.029751574620604515,-3.5297515392303467,attack,yes
763,1,1,0.9995694429587317,-0.0004314445541240275,-7.750431537628174,attack,yes
764,1,1,0.9990889486416205,-0.0009118927991949022,-7.000911712646484,attack,yes
765,1,1,0.9770226290445921,-0.02324824221432209,-3.7732481956481934,attack,yes
766,1,1,0.9984988178277202,-0.0015024575404822826,-6.501502513885498,attack,yes
767,1,1,0.999569443009936,-0.00043084874050691724,-7.750431060791016,attack,yes
768,1,1,0.9990889489668762,-0.0009115354623645544,-7.000911712646484,attack,yes
769,1,1,0.9994472213817283,-0.0005530973430722952,-7.500553131103516,attack,yes
770,1,1,0.9996646499283663,-0.0003355178632773459,-8.000335693359375,attack,yes
771,1,1,0.9996646499283663,-0.0003355178632773459,-8.000335693359375,attack,yes
772,1,1,0.9914225127330346,-0.008614758029580116,-4.758614540100098,attack,yes
773,1,1,0.994779874376567,-0.005234227981418371,-5.255234241485596,attack,yes
774,1,1,0.9998766054543742,-0.00012373158824630082,-9.000123977661133,attack,yes
775,1,1,0.9820137904984994,-0.018150780349969864,-4.018150806427002,attack,yes
776,1,1,0.9999417087135934,-5.8530047681415454e-05,-9.7500581741333,attack,yes
777,1,1,0.9890130597678383,-0.011048096232116222,-4.511048316955566,attack,yes
778,1,1,0.9995694429073649,-0.00043108707177452743,-7.750431060791016,attack,yes
779,1,1,0.994779874993188,-0.005234109237790108,-5.255234241485596,attack,yes
780,1,1,0.993307147970535,-0.006715940777212381,-5.006715774536133,attack,yes
781,1,1,0.9890130598184381,-0.011048568412661552,-4.511048793792725,attack,yes
782,1,1,0.9947798737599461,-0.005234346725046635,-5.255234241485596,attack,yes
783,1,1,0.962673111451103,-0.038042102009058,-3.2880420684814453,attack,yes
784,1,1,0.9399133458285746,-0.061970304697752,-2.8119702339172363,attack,yes
785,1,1,0.9890130560335713,-0.011049393564462662,-4.511049270629883,attack,yes
786,1,1,0.994779874993188,-0.005234109237790108,-5.255234241485596,attack,yes
787,1,1,0.9994472214477166,-0.0005534547381103039,-7.500553607940674,attack,yes
788,1,1,0.9988304898392486,-0.0011705459328368306,-6.751170635223389,attack,yes
789,1,1,0.9947798750052788,-0.005234583746641874,-5.255234718322754,attack,yes
790,1,1,0.8175744761936437,-0.20141470432281494,-1.701414704322815,attack,yes
791,1,1,0.9990889487500213,-0.0009117737063206732,-7.000911712646484,attack,yes
792,1,1,0.9988304895611497,-0.0011707840021699667,-6.751170635223389,attack,yes
793,1,1,0.994779874993188,-0.005234109237790108,-5.255234241485596,attack,yes
794,1,1,0.99142251582179,-0.008615348488092422,-4.758615493774414,attack,yes
795,1,1,0.9988304898392486,-0.0011705459328368306,-6.751170635223389,attack,yes
796,1,1,0.9992903296105999,-0.0007099968497641385,-7.2507100105285645,attack,yes
797,1,1,0.9994472214484241,-0.0005558376433327794,-7.500555992126465,attack,yes
798,1,1,0.9995694429586441,-0.00043096792069263756,-7.750431060791016,attack,yes
799,1,1,0.9975273773619391,-0.002477435627952218,-6.002477645874023,attack,yes
800,1,1,0.998830489978366,-0.0011704268399626017,-6.751170635223389,attack,yes
801,1,1,0.9626731156008578,-0.038041986525058746,-3.2880420684814453,attack,yes
802,1,1,0.9933071487568537,-0.006715822499245405,-5.006715774536133,attack,yes
803,1,1,0.998830489978366,-0.0011704268399626017,-6.751170635223389,attack,yes
804,1,1,0.9706877711565677,-0.029750995337963104,-3.5297510623931885,attack,yes
805,1,1,0.9975273767641146,-0.0024757706560194492,-6.002475738525391,attack,yes
806,1,1,0.989013058482603,-0.011048214510083199,-4.511048316955566,attack,yes
807,1,1,0.99142251582179,-0.008615348488092422,-4.758615493774414,attack,yes
808,1,1,0.9980732650196737,-0.0019289711490273476,-6.251928806304932,attack,yes
809,1,1,0.998830489978366,-0.0011704268399626017,-6.751170635223389,attack,yes
810,1,1,0.9984988180072789,-0.0015028145862743258,-6.501502990722656,attack,yes
811,1,1,0.9820137861886837,-0.01815054751932621,-4.018150329589844,attack,yes
812,1,1,0.9968273173114128,-0.0031780709978193045,-5.753178119659424,attack,yes
813,1,1,0.9997965730989017,-0.0002037079248111695,-8.500204086303711,attack,yes
814,1,1,0.9990889489668762,-0.0009115354623645544,-7.000911712646484,attack,yes
815,1,1,0.9968273176869535,-0.003177952254191041,-5.753178119659424,attack,yes
816,1,1,0.9999646437492826,-3.71926071238704e-05,-10.25003719329834,attack,yes
817,1,1,0.9992903295261432,-0.0007101159426383674,-7.2507100105285645,attack,yes
818,1,1,0.9933071479488647,-0.006715467199683189,-5.006715297698975,attack,yes
819,1,1,0.9984988174708712,-0.0015026956098154187,-6.501502513885498,attack,yes
820,1,1,0.9996646498484688,-0.0003357561945449561,-8.000335693359375,attack,yes
821,1,1,0.998073265248468,-0.0019288521725684404,-6.251928806304932,attack,yes
822,1,1,0.9975273773533248,-0.0024760086089372635,-6.002476215362549,attack,yes
823,1,1,0.9980732654790533,-0.0019292091019451618,-6.25192928314209,attack,yes
824,1,1,0.9046505325302034,-0.10020712018013,-2.3502070903778076,attack,yes
825,1,1,0.9990889488584223,-0.0009116546134464443,-7.000911712646484,attack,yes
826,1,1,0.9399133512987253,-0.061968062072992325,-2.8119680881500244,attack,yes
827,1,1,0.9995694428559979,-0.00043072958942502737,-7.750430583953857,attack,yes
828,1,1,0.9998766054690803,-0.00012361239350866526,-9.000123977661133,attack,yes
829,1,1,0.9988304895604696,-0.0011703077470883727,-6.7511701583862305,attack,yes
830,1,1,0.9968273173114128,-0.0031780709978193045,-5.753178119659424,attack,yes
831,1,1,0.9975273767669861,-0.002476246329024434,-6.002476215362549,attack,yes
832,1,1,0.9988304895604696,-0.0011703077470883727,-6.7511701583862305,attack,yes
833,1,1,0.9997388095964569,-0.0002616301644593477,-8.250261306762695,attack,yes
834,1,1,0.994779874993188,-0.005234109237790108,-5.255234241485596,attack,yes
835,1,1,0.994779874993188,-0.005234109237790108,-5.255234241485596,attack,yes
836,1,1,0.9626731126558706,-0.03804302215576172,-3.2880430221557617,attack,yes
837,1,1,0.9933071487568537,-0.006715822499245405,-5.006715774536133,attack,yes
838,1,1,0.9820137885903367,-0.018151365220546722,-4.01815128326416,attack,yes
839,1,1,0.9992903294416453,-0.0007102350937202573,-7.2507100105285645,attack,yes
840,1,1,0.9820137903340027,-0.018150312826037407,-4.018150329589844,attack,yes
841,1,1,0.9770226278319489,-0.023245912045240402,-3.7732458114624023,attack,yes
842,1,1,0.9992903294416453,-0.0007102350937202573,-7.2507100105285645,attack,yes
843,1,1,0.9914225147763652,-0.008614994585514069,-4.758615016937256,attack,yes
844,1,1,0.9997388095964569,-0.0002616301644593477,-8.250261306762695,attack,yes
845,1,1,0.9968273176869535,-0.003177952254191041,-5.753178119659424,attack,yes
846,1,1,0.9046505370289059,-0.10020992904901505,-2.350209951400757,attack,yes
847,1,1,0.962673111451103,-0.038042102009058,-3.2880420684814453,attack,yes
848,1,1,0.9626731151992686,-0.03804175928235054,-3.288041830062866,attack,yes
849,1,1,0.9959298627050367,-0.004078761208802462,-5.5040788650512695,attack,yes
850,1,1,0.924141813188682,-0.07889757305383682,-2.578897476196289,attack,yes
851,1,1,0.9959298631863724,-0.004078642465174198,-5.5040788650512695,attack,yes
852,1,1,0.9994472213817283,-0.0005530973430722952,-7.500553131103516,attack,yes
853,1,1,0.9980732657078478,-0.0019290901254862547,-6.25192928314209,attack,yes
854,1,1,0.9890130559222517,-0.011048450134694576,-4.511048316955566,attack,yes
855,1,1,0.9990889487516109,-0.0009136793087236583,-7.000913619995117,attack,yes
856,1,1,0.9959298627050367,-0.004078761208802462,-5.5040788650512695,attack,yes
857,1,1,0.9959298631863724,-0.004078642465174198,-5.5040788650512695,attack,yes
858,1,1,0.9975273764735295,-0.0024763653054833412,-6.002476215362549,attack,yes
859,1,1,0.9770226306753883,-0.023246262222528458,-3.7732462882995605,attack,yes
860,1,1,0.9933071495431723,-0.006715704221278429,-5.006715774536133,attack,yes
861,1,1,0.9046505286741726,-0.10020788013935089,-2.350207805633545,attack,yes
862,1,1,0.9992903296957998,-0.0007113072206266224,-7.250711441040039,attack,yes
863,1,1,0.9770226277065029,-0.02324567921459675,-3.7732455730438232,attack,yes
864,1,1,0.952574129515172,-0.048588693141937256,-3.048588752746582,attack,yes
865,1,1,0.9968273176869535,-0.003177952254191041,-5.753178119659424,attack,yes
866,1,1,0.999925153790544,-7.509902934543788e-05,-9.500075340270996,attack,yes
867,1,1,0.9626731156008578,-0.038041986525058746,-3.2880420684814453,attack,yes
868,1,1,0.9994472212501048,-0.000553335587028414,-7.500553131103516,attack,yes
869,1,1,0.9990889486416205,-0.0009118927991949022,-7.000911712646484,attack,yes
870,1,1,0.9990889487500213,-0.0009117737063206732,-7.000911712646484,attack,yes
871,1,1,0.993307147970535,-0.006715940777212381,-5.006715774536133,attack,yes
872,1,1,0.6791786926816161,-0.38687458634376526,-1.1368745565414429,attack,yes
873,1,1,0.9706877713685592,-0.02975122630596161,-3.5297513008117676,attack,yes
874,1,1,0.9241418205010697,-0.07889150828123093,-2.5788915157318115,attack,yes
875,1,1,0.9947798731312345,-0.0052339909598231316,-5.2552337646484375,attack,yes
876,1,1,0.998830489978366,-0.0011704268399626017,-6.751170635223389,attack,yes
877,1,1,0.9914225137705398,-0.008615112863481045,-4.758615016937256,attack,yes
878,1,1,0.9947798737744549,-0.005234820768237114,-5.255234718322754,attack,yes
879,1,1,0.9984988176493829,-0.0015025765169411898,-6.501502513885498,attack,yes
880,1,1,0.9990889487504453,-0.000912250077817589,-7.000912189483643,attack,yes
881,1,1,0.9959298631863724,-0.004078642465174198,-5.5040788650512695,attack,yes
882,1,1,0.9988304895616935,-0.0011712603736668825,-6.751171112060547,attack,yes
883,1,1,0.9995694429586441,-0.00043096792069263756,-7.750431060791016,attack,yes
884,1,1,0.9933071479891094,-0.006716414820402861,-5.006716251373291,attack,yes
885,1,1,0.9988304898438723,-0.0011738798348233104,-6.751173973083496,attack,yes
886,1,1,0.999903897619317,-9.691245941212401e-05,-9.250097274780273,attack,yes
887,1,1,0.9859363737703095,-0.014164389111101627,-4.264164447784424,attack,yes
888,1,1,0.9988304895604696,-0.0011703077470883727,-6.7511701583862305,attack,yes
889,1,1,0.999796572929219,-0.00020454221521504223,-8.500204086303711,attack,yes
890,1,1,0.998830489701491,-0.0011716175358742476,-6.751171588897705,attack,yes
891,1,1,0.9399133464597458,-0.06196862459182739,-2.8119685649871826,attack,yes
892,1,1,0.9997388096275776,-0.0002615109842736274,-8.250261306762695,attack,yes
893,1,1,0.994779875031878,-0.00523553229868412,-5.25523567199707,attack,yes
894,1,1,0.9933071496917679,-0.00671901972964406,-5.00671911239624,attack,yes
895,1,1,0.9859363705031758,-0.014164624735713005,-4.264164447784424,attack,yes
896,1,1,0.9914225127647143,-0.008615231141448021,-4.758615016937256,attack,yes
897,1,1,0.9770226278319489,-0.023245912045240402,-3.7732458114624023,attack,yes
898,1,1,0.9988304898392486,-0.0011705459328368306,-6.751170635223389,attack,yes
899,1,1,0.999796573050461,-0.00020489977032411844,-8.500205039978027,attack,yes
900,1,1,0.9968273176869535,-0.003177952254191041,-5.753178119659424,attack,yes
901,1,1,0.9994472213817283,-0.0005530973430722952,-7.500553131103516,attack,yes
902,1,1,0.9975273773561962,-0.0024764842819422483,-6.002476692199707,attack,yes
903,1,1,0.9959298617518031,-0.004079473204910755,-5.504079341888428,attack,yes
904,1,0,0.32082130731838393,-1.13688063621521,-0.38688066601753235,attack,no
905,1,1,0.9820137915512788,-0.01815405860543251,-4.018154144287109,attack,yes
906,1,1,0.9975273770661855,-0.0024770786985754967,-6.002477169036865,attack,yes
907,1,1,0.9770226305499425,-0.023246029391884804,-3.7732460498809814,attack,yes
908,1,1,0.9914225147763652,-0.008614994585514069,-4.758615016937256,attack,yes
909,1,1,0.9999251537816229,-7.521823135903105e-05,-9.500075340270996,attack,yes
910,1,1,0.999447221381889,-0.0005535738891921937,-7.500553607940674,attack,yes
911,1,1,0.9706877684536753,-0.02975180558860302,-3.529751777648926,attack,yes
912,1,1,0.9992903295261432,-0.0007101159426383674,-7.2507100105285645,attack,yes
913,1,1,0.9933071495648425,-0.006716177798807621,-5.006716251373291,attack,yes
914,1,1,0.9890130598184381,-0.011048568412661552,-4.511048793792725,attack,yes
915,1,1,0.9947798731312345,-0.0052339909598231316,-5.2552337646484375,attack,yes
916,1,1,0.9859363703223857,-0.014163684099912643,-4.264163494110107,attack,yes
917,1,1,0.9990889486416205,-0.0009118927991949022,-7.000911712646484,attack,yes
918,1,1,0.9706877709445761,-0.0297507643699646,-3.5297508239746094,attack,yes
919,1,1,0.9988304898392486,-0.0011705459328368306,-6.751170635223389,attack,yes
920,1,1,0.9968273176921079,-0.0031784274615347385,-5.753178596496582,attack,yes
921,1,1,0.9626731137267751,-0.038043707609176636,-3.288043737411499,attack,yes
922,1,1,0.9988304895616935,-0.0011712603736668825,-6.751171112060547,attack,yes
923,1,1,0.9988304895616935,-0.0011712603736668825,-6.751171112060547,attack,yes
924,1,1,0.9706877711565677,-0.029750995337963104,-3.5297510623931885,attack,yes
925,1,1,0.9820137904984994,-0.018150780349969864,-4.018150806427002,attack,yes
926,1,1,0.9968273169447085,-0.0031791406217962503,-5.75317907333374,attack,yes
927,1,1,0.9770226306753883,-0.023246262222528458,-3.7732462882995605,attack,yes
928,1,1,0.9997965730504196,-0.00020394629973452538,-8.500204086303711,attack,yes
929,1,1,0.9968273165647497,-0.0031787839252501726,-5.753178596496582,attack,yes
930,1,1,0.9706877717395441,-0.029751690104603767,-3.529751777648926,attack,yes
931,1,1,0.9626731158685837,-0.03804221749305725,-3.2880423069000244,attack,yes
932,1,1,0.994779874993188,-0.005234109237790108,-5.255234241485596,attack,yes
933,1,1,0.9984988174708712,-0.0015026956098154187,-6.501502513885498,attack,yes
934,1,1,0.9859363706064843,-0.014165094122290611,-4.264164924621582,attack,yes
935,1,1,0.9975273773533248,-0.0024760086089372635,-6.002476215362549,attack,yes
936,1,1,0.9990889487500213,-0.0009117737063206732,-7.000911712646484,attack,yes
937,1,1,0.9933071479891094,-0.006716414820402861,-5.006716251373291,attack,yes
938,1,1,0.9980732654790533,-0.0019292091019451618,-6.25192928314209,attack,yes
939,1,1,0.9984988174708712,-0.0015026956098154187,-6.501502513885498,attack,yes
940,1,1,0.9706877719515357,-0.029751921072602272,-3.529752016067505,attack,yes
941,1,1,0.9968273173114128,-0.0031780709978193045,-5.753178119659424,attack,yes
942,1,1,0.9859363720398908,-0.014164037071168423,-4.264163970947266,attack,yes
943,1,1,0.8519528038477825,-0.16022847592830658,-1.9102284908294678,attack,yes
944,1,1,0.9995694429586441,-0.00043096792069263756,-7.750431060791016,attack,yes
945,1,1,0.9995694429586441,-0.00043096792069263756,-7.750431060791016,attack,yes
946,1,1,0.9997965730746621,-0.00020382710499688983,-8.500204086303711,attack,yes
947,1,1,0.998073265248468,-0.0019288521725684404,-6.251928806304932,attack,yes
948,1,1,0.9980732650196737,-0.0019289711490273476,-6.251928806304932,attack,yes
949,1,1,0.9999417087483369,-5.8887653722194955e-05,-9.750059127807617,attack,yes
950,1,1,0.9980732657078478,-0.0019290901254862547,-6.25192928314209,attack,yes
951,1,1,0.9820137903340027,-0.018150312826037407,-4.018150329589844,attack,yes
952,1,1,0.9990889489672469,-0.0009120118920691311,-7.000912189483643,attack,yes
953,1,1,0.9999417087135934,-5.8530047681415454e-05,-9.7500581741333,attack,yes
954,1,1,0.9998766053661228,-0.0001234931987710297,-9.000123023986816,attack,yes
955,1,1,0.9984988180072789,-0.0015028145862743258,-6.501502990722656,attack,yes
956,1,1,0.9959298631863724,-0.004078642465174198,-5.5040788650512695,attack,yes
957,1,1,0.9996646497685711,-0.0003359945258125663,-8.000335693359375,attack,yes
958,1,1,0.9988304895611497,-0.0011707840021699667,-6.751170635223389,attack,yes
959,1,1,0.9914225138101391,-0.008615585044026375,-4.758615493774414,attack,yes
960,1,1,0.9997965730989017,-0.0002037079248111695,-8.500204086303711,attack,yes
961,1,1,0.9998766054690803,-0.00012361239350866526,-9.000123977661133,attack,yes
962,1,1,0.9914225147763652,-0.008614994585514069,-4.758615016937256,attack,yes
963,1,1,0.9933071488187685,-0.006717243697494268,-5.006717205047607,attack,yes
964,1,1,0.989013058482603,-0.011048214510083199,-4.511048316955566,attack,yes
965,1,1,0.999841563745121,-0.00015853578224778175,-8.750158309936523,attack,yes
966,1,1,0.9992903294416453,-0.0007102350937202573,-7.2507100105285645,attack,yes
967,1,1,0.998073265248468,-0.0019288521725684404,-6.251928806304932,attack,yes
968,1,1,0.9995694429589197,-0.0004323977918829769,-7.75043249130249,attack,yes
969,1,1,0.9959298617423651,-0.004078998696058989,-5.5040788650512695,attack,yes
970,1,1,0.9959298617423651,-0.004078998696058989,-5.5040788650512695,attack,yes
971,1,1,0.9990889487500213,-0.0009117737063206732,-7.000911712646484,attack,yes
972,1,1,0.9859363703223857,-0.014163684099912643,-4.264163494110107,attack,yes
973,1,1,0.9859363738607045,-0.014164859429001808,-4.264164924621582,attack,yes
974,1,1,0.9996646498484688,-0.0003357561945449561,-8.000335693359375,attack,yes
975,1,1,0.9770226304244968,-0.02324579656124115,-3.7732458114624023,attack,yes
976,1,1,0.9959298631863724,-0.004078642465174198,-5.5040788650512695,attack,yes
977,1,1,0.999876605366137,-0.00012444675667211413,-9.000123977661133,attack,yes
978,1,1,0.9968273169351358,-0.0031781899742782116,-5.753178119659424,attack,yes
979,1,1,0.9984988176493829,-0.0015025765169411898,-6.501502513885498,attack,yes
980,1,1,0.9859363722335944,-0.01416497677564621,-4.264164924621582,attack,yes
981,1,1,0.998830489978366,-0.0011704268399626017,-6.751170635223389,attack,yes
982,1,1,0.9975273770604427,-0.002476127352565527,-6.002476215362549,attack,yes
983,1,1,0.9706877704675951,-0.029754118993878365,-3.529754161834717,attack,yes
984,1,1,0.9988304898392486,-0.0011705459328368306,-6.751170635223389,attack,yes
985,1,1,0.9859363736799145,-0.014163918793201447,-4.264163970947266,attack,yes
986,1,1,0.9947798731312345,-0.0052339909598231316,-5.2552337646484375,attack,yes
987,1,1,0.9933071479891094,-0.006716414820402861,-5.006716251373291,attack,yes
988,1,1,0.9990889488584223,-0.0009116546134464443,-7.000911712646484,attack,yes
989,1,1,0.9996646499283663,-0.0003355178632773459,-8.000335693359375,attack,yes
990,1,1,0.9992903295261432,-0.0007101159426383674,-7.2507100105285645,attack,yes
991,1,1,0.9859363703223857,-0.014163684099912643,-4.264163494110107,attack,yes
992,1,1,0.998073265248468,-0.0019288521725684404,-6.251928806304932,attack,yes
993,1,1,0.9626731117188292,-0.0380423329770565,-3.2880423069000244,attack,yes
994,1,1,0.9890130572580872,-0.01104880403727293,-4.511048793792725,attack,yes
995,1,1,0.993307148800194,-0.006716769654303789,-5.006716728210449,attack,yes
996,1,1,0.9890130597678383,-0.011048096232116222,-4.511048316955566,attack,yes
997,1,1,0.9859363753070244,-0.014163801446557045,-4.264163970947266,attack,yes
998,1,1,0.9995694429073649,-0.00043108707177452743,-7.750431060791016,attack,yes
999,1,1,0.9998415638206688,-0.00015901254664640874,-8.75015926361084,attack,yes
1000,1,1,0.9890130572074874,-0.0110483318567276,-4.511048316955566,attack,yes
1001,1,1,0.9980732657078478,-0.0019290901254862547,-6.25192928314209,attack,yes
1002,1,1,0.9995694428559979,-0.00043072958942502737,-7.750430583953857,attack,yes
1003,1,1,0.9820137885903367,-0.018151365220546722,-4.01815128326416,attack,yes
1004,1,1,0.9997388096275776,-0.0002615109842736274,-8.250261306762695,attack,yes
1005,1,1,0.9046505351008906,-0.10020852088928223,-2.3502085208892822,attack,yes
1006,1,1,0.9994472214477166,-0.0005534547381103039,-7.500553607940674,attack,yes
1007,1,1,0.9525741239613982,-0.048588577657938004,-3.048588514328003,attack,yes
1008,1,1,0.9706877688776584,-0.02975226752460003,-3.529752254486084,attack,yes
1009,1,1,0.9999251537994647,-7.497983460780233e-05,-9.500075340270996,attack,yes
1010,1,1,0.9990889487516109,-0.0009136793087236583,-7.000913619995117,attack,yes
1011,1,1,0.9998766053808289,-0.00012337400403339416,-9.000123023986816,attack,yes
1012,1,1,0.993307148800194,-0.006716769654303789,-5.006716728210449,attack,yes
1013,1,1,0.993307147970535,-0.006715940777212381,-5.006715774536133,attack,yes
1014,1,1,0.9890130549810949,-0.011051397770643234,-4.511051177978516,attack,yes
1015,1,1,0.9990889486424153,-0.0009128456003963947,-7.000912666320801,attack,yes
1016,1,1,0.9706877721635272,-0.029752152040600777,-3.529752254486084,attack,yes
1017,1,1,0.9984988178287671,-0.0015029336791485548,-6.501502990722656,attack,yes
1018,1,1,0.9626731156008578,-0.038041986525058746,-3.2880420684814453,attack,yes
1019,1,1,0.994779874376567,-0.005234227981418371,-5.255234241485596,attack,yes
1020,1,1,0.995929862223701,-0.004078879952430725,-5.5040788650512695,attack,yes
1021,1,1,0.9968273176869535,-0.003177952254191041,-5.753178119659424,attack,yes
1022,1,1,0.9997388095653363,-0.00026174934464506805,-8.250261306762695,attack,yes
1023,1,1,0.993307148800194,-0.006716769654303789,-5.006716728210449,attack,yes
1024,1,1,0.9990889487500213,-0.0009117737063206732,-7.000911712646484,attack,yes
1025,1,1,0.9933071495431723,-0.006715704221278429,-5.006715774536133,attack,yes
1026,1,1,0.9975273767669861,-0.002476246329024434,-6.002476215362549,attack,yes
1027,1,1,0.9984988178287671,-0.0015029336791485548,-6.501502990722656,attack,yes
1028,1,1,0.9998766054396679,-0.00012385078298393637,-9.000123977661133,attack,yes
1029,1,1,0.999925153790544,-7.509902934543788e-05,-9.500075340270996,attack,yes
1030,1,1,0.9046505325302034,-0.10020712018013,-2.3502070903778076,attack,yes
1031,1,1,0.9990889488584223,-0.0009116546134464443,-7.000911712646484,attack,yes
1032,1,1,0.9933071495431723,-0.006715704221278429,-5.006715774536133,attack,yes
1033,1,1,0.9820137906300968,-0.01815124973654747,-4.01815128326416,attack,yes
1034,1,1,0.9947798731312345,-0.0052339909598231316,-5.2552337646484375,attack,yes
1035,1,1,0.9998415638395506,-0.00015889335190877318,-8.75015926361084,attack,yes
1036,1,1,0.994779874993188,-0.005234109237790108,-5.255234241485596,attack,yes
1037,1,1,0.9998415637829052,-0.00015925093612167984,-8.75015926361084,attack,yes
1038,1,1,0.9995694428559979,-0.00043072958942502737,-7.750430583953857,attack,yes
1039,1,1,0.999447221448006,-0.0005544078885577619,-7.50055456161499,attack,yes
1040,1,1,0.9994472212506837,-0.0005552418879233301,-7.500555038452148,attack,yes
1041,1,1,0.9770226322643691,-0.023249290883541107,-3.773249387741089,attack,yes
1042,1,1,0.9968273173114128,-0.0031780709978193045,-5.753178119659424,attack,yes
1043,1,1,0.9994472212501048,-0.000553335587028414,-7.500553131103516,attack,yes
1044,1,1,0.9994472212501048,-0.000553335587028414,-7.500553131103516,attack,yes
1045,1,1,0.9820137884258401,-0.018150897696614265,-4.018150806427002,attack,yes
1046,1,1,0.9626731107817877,-0.03804164379835129,-3.288041591644287,attack,yes
1047,1,1,0.9959298627050367,-0.004078761208802462,-5.5040788650512695,attack,yes
1048,1,1,0.9959298622406891,-0.004079829435795546,-5.504079818725586,attack,yes
1049,1,1,0.9995694429586441,-0.00043096792069263756,-7.750431060791016,attack,yes
1050,1,1,0.9996646498085152,-0.0003358753747306764,-8.000335693359375,attack,yes
1051,1,1,0.9859363720398908,-0.014164037071168423,-4.264163970947266,attack,yes
1052,1,1,0.9980732650196737,-0.0019289711490273476,-6.251928806304932,attack,yes
1053,1,1,0.9994472214477166,-0.0005534547381103039,-7.500553607940674,attack,yes
1054,1,1,0.9988304895616935,-0.0011712603736668825,-6.751171112060547,attack,yes
1055,1,1,0.9995694429075401,-0.0004320403386373073,-7.750432014465332,attack,yes
1056,1,1,0.9999038975964004,-9.619726915843785e-05,-9.250096321105957,attack,yes
1057,1,1,0.998073265248468,-0.0019288521725684404,-6.251928806304932,attack,yes
1058,1,1,0.9980732654790533,-0.0019292091019451618,-6.25192928314209,attack,yes
1059,1,1,0.9968273165551771,-0.003177833277732134,-5.753177642822266,attack,yes
1060,1,1,0.9992903296105999,-0.0007099968497641385,-7.2507100105285645,attack,yes
1061,1,1,0.9980732654806204,-0.0019296851241961122,-6.251929759979248,attack,yes
1062,1,1,0.9990889488584223,-0.0009116546134464443,-7.000911712646484,attack,yes
1063,1,1,0.9992903296105999,-0.0007099968497641385,-7.2507100105285645,attack,yes
1064,1,1,0.9999546021313451,-4.577531944960356e-05,-10.000045776367188,attack,yes
1065,1,1,0.9975273770633141,-0.002476603025570512,-6.002476692199707,attack,yes
1066,1,1,0.9959298617423651,-0.004078998696058989,-5.5040788650512695,attack,yes
1067,1,1,0.9990889487500213,-0.0009117737063206732,-7.000911712646484,attack,yes
1068,1,1,0.7772998714925403,-0.25192922353744507,-1.5019292831420898,attack,yes
1069,1,1,0.9997388097832411,-0.0002618685248307884,-8.250262260437012,attack,yes
1070,1,1,0.9770226286682546,-0.02324754372239113,-3.773247480392456,attack,yes
1071,1,1,0.9984988178299887,-0.0015034097013995051,-6.5015034675598145,attack,yes
1072,1,1,0.9988304895611497,-0.0011707840021699667,-6.751170635223389,attack,yes
1073,1,1,0.9859363704127807,-0.014164154417812824,-4.264163970947266,attack,yes
1074,1,1,0.9980732650196737,-0.0019289711490273476,-6.251928806304932,attack,yes
1075,1,1,0.9959298627050367,-0.004078761208802462,-5.5040788650512695,attack,yes
1076,1,1,0.9998415637073574,-0.00015877417172305286,-8.750158309936523,attack,yes
1077,1,1,0.9968273165595951,-0.003178308717906475,-5.753178119659424,attack,yes
1078,1,1,0.9914225147763652,-0.008614994585514069,-4.758615016937256,attack,yes
1079,1,1,0.9706877721635272,-0.029752152040600777,-3.529752254486084,attack,yes
1080,1,1,0.9992903295263496,-0.000710592488758266,-7.250710487365723,attack,yes
1081,1,1,0.9988304898392486,-0.0011705459328368306,-6.751170635223389,attack,yes
1082,1,1,0.9992903294416453,-0.0007102350937202573,-7.2507100105285645,attack,yes
1083,1,1,0.9525741285053948,-0.048588238656520844,-3.048588275909424,attack,yes
1084,1,1,0.9890130597678383,-0.011048096232116222,-4.511048316955566,attack,yes
1085,1,1,0.9770226290445921,-0.02324824221432209,-3.7732481956481934,attack,yes
1086,1,1,0.9968273165647497,-0.0031787839252501726,-5.753178596496582,attack,yes
1087,1,1,0.999290329441893,-0.0007107115816324949,-7.250710487365723,attack,yes
1088,1,1,0.9988304895611497,-0.0011707840021699667,-6.751170635223389,attack,yes
1089,1,1,0.9998415637073574,-0.00015877417172305286,-8.750158309936523,attack,yes
1090,1,1,0.9995694429586441,-0.00043096792069263756,-7.750431060791016,attack,yes
1091,1,1,0.9968273173114128,-0.0031780709978193045,-5.753178119659424,attack,yes
1092,1,1,0.9997388097210002,-0.000262106885202229,-8.250262260437012,attack,yes
1093,1,1,0.9984988180072789,-0.0015028145862743258,-6.501502990722656,attack,yes
1094,1,1,0.9890130572074874,-0.0110483318567276,-4.511048316955566,attack,yes
1095,1,1,0.9980732654790533,-0.0019292091019451618,-6.25192928314209,attack,yes
1096,1,1,0.9859363736799145,-0.014163918793201447,-4.264163970947266,attack,yes
1097,1,1,0.9996646499283663,-0.0003355178632773459,-8.000335693359375,attack,yes
1098,1,1,0.9997388097832411,-0.0002618685248307884,-8.250262260437012,attack,yes
1099,1,1,0.9996646498884225,-0.00033563701435923576,-8.000335693359375,attack,yes
1100,1,1,0.999447221381889,-0.0005535738891921937,-7.500553607940674,attack,yes
1101,1,1,0.9933071487568537,-0.006715822499245405,-5.006715774536133,attack,yes
1102,1,1,0.9984988180072789,-0.0015028145862743258,-6.501502990722656,attack,yes
1103,1,1,0.9980732650196737,-0.0019289711490273476,-6.251928806304932,attack,yes
1104,1,1,0.9968273169351358,-0.0031781899742782116,-5.753178119659424,attack,yes
1105,1,1,0.9980732654772625,-0.0019287331961095333,-6.251928806304932,attack,yes
1106,1,1,0.9984988176493829,-0.0015025765169411898,-6.501502513885498,attack,yes
1107,1,1,0.991422516027707,-0.008618185296654701,-4.758618354797363,attack,yes
1108,1,1,0.9990889487500213,-0.0009117737063206732,-7.000911712646484,attack,yes
1109,1,1,0.9770226278319489,-0.023245912045240402,-3.7732458114624023,attack,yes
1110,1,1,0.9947798750052788,-0.005234583746641874,-5.255234718322754,attack,yes
1111,1,1,0.9997388095653363,-0.00026174934464506805,-8.250261306762695,attack,yes
1112,1,1,0.8175744828610095,-0.20141704380512238,-1.701417088508606,attack,yes
1113,1,1,0.9975273773533248,-0.0024760086089372635,-6.002476215362549,attack,yes
1114,1,1,0.9890130572580872,-0.01104880403727293,-4.511048793792725,attack,yes
1115,1,1,0.9975273773561962,-0.0024764842819422483,-6.002476692199707,attack,yes
1116,1,1,0.9933071495648425,-0.006716177798807621,-5.006716251373291,attack,yes
1117,1,1,0.9968273165595951,-0.003178308717906475,-5.753178119659424,attack,yes
1118,1,1,0.9994472214490352,-0.0005577438860200346,-7.500557899475098,attack,yes
1119,1,1,0.9995694429586441,-0.00043096792069263756,-7.750431060791016,attack,yes
1120,1,1,0.9975273773619391,-0.002477435627952218,-6.002477645874023,attack,yes
1121,1,1,0.9984988180093728,-0.0015037668636068702,-6.501503944396973,attack,yes
1122,1,1,0.9984988178299887,-0.0015034097013995051,-6.5015034675598145,attack,yes
1123,1,1,0.9998415637073574,-0.00015877417172305286,-8.750158309936523,attack,yes
1124,1,1,0.9984988176493829,-0.0015025765169411898,-6.501502513885498,attack,yes
1125,1,1,0.9980732650196737,-0.0019289711490273476,-6.251928806304932,attack,yes
1126,1,1,0.9996646498085152,-0.0003358753747306764,-8.000335693359375,attack,yes
1127,1,1,0.9984988180072789,-0.0015028145862743258,-6.501502990722656,attack,yes
1128,1,1,0.995929862223701,-0.004078879952430725,-5.5040788650512695,attack,yes
1129,1,1,0.9975273767641146,-0.0024757706560194492,-6.002475738525391,attack,yes
1130,1,1,0.9959298627144747,-0.004079235717654228,-5.504079341888428,attack,yes
1131,1,1,0.9997388095653363,-0.00026174934464506805,-8.250261306762695,attack,yes
1132,1,1,0.995929862223701,-0.004078879952430725,-5.5040788650512695,attack,yes
1133,1,1,0.9890130572074874,-0.0110483318567276,-4.511048316955566,attack,yes
1134,1,1,0.9995694429586441,-0.00043096792069263756,-7.750431060791016,attack,yes
1135,1,1,0.9859363738607045,-0.014164859429001808,-4.264164924621582,attack,yes
1136,1,1,0.99142251582179,-0.008615348488092422,-4.758615493774414,attack,yes
1137,1,1,0.9980732654790533,-0.0019292091019451618,-6.25192928314209,attack,yes
1138,1,1,0.9996646498884225,-0.00033563701435923576,-8.000335693359375,attack,yes
1139,1,1,0.9890130585433228,-0.011048685759305954,-4.511048793792725,attack,yes
1140,1,1,0.9990889488584223,-0.0009116546134464443,-7.000911712646484,attack,yes
1141,1,1,0.9968273169351358,-0.0031781899742782116,-5.753178119659424,attack,yes
1142,1,1,0.9959298622406891,-0.004079829435795546,-5.504079818725586,attack,yes
1143,1,1,0.9997965730989017,-0.0002037079248111695,-8.500204086303711,attack,yes
1144,1,1,0.9994472213817283,-0.0005530973430722952,-7.500553131103516,attack,yes
1145,1,1,0.9997965729291775,-0.00020358874462544918,-8.500203132629395,attack,yes
1146,1,1,0.9995694428560857,-0.0004312062228564173,-7.750431060791016,attack,yes
1147,1,1,0.9975273773533248,-0.0024760086089372635,-6.002476215362549,attack,yes
1148,1,1,0.9959298617423651,-0.004078998696058989,-5.5040788650512695,attack,yes
1149,1,1,0.9980732650196737,-0.0019289711490273476,-6.251928806304932,attack,yes
1150,1,1,0.998073265248468,-0.0019288521725684404,-6.251928806304932,attack,yes
1151,1,1,0.9992903296105999,-0.0007099968497641385,-7.2507100105285645,attack,yes
1152,1,1,0.9992903294416453,-0.0007102350937202573,-7.2507100105285645,attack,yes
1153,1,1,0.9984988174719182,-0.0015031717484816909,-6.501502990722656,attack,yes
1154,1,1,0.8519527982093668,-0.16022542119026184,-1.9102253913879395,attack,yes
1155,1,1,0.9988304898392486,-0.0011705459328368306,-6.751170635223389,attack,yes
1156,1,1,0.9997965730261801,-0.0002040654799202457,-8.500204086303711,attack,yes
1157,1,1,0.9997388096587665,-0.0002623452164698392,-8.250262260437012,attack,yes
1158,1,1,0.8807970748488297,-0.12692835927009583,-2.1269283294677734,attack,yes
1159,1,1,0.9995694429587317,-0.0004314445541240275,-7.750431537628174,attack,yes
1160,1,1,0.9996646498884225,-0.00033563701435923576,-8.000335693359375,attack,yes
1161,1,1,0.9988304898392486,-0.0011705459328368306,-6.751170635223389,attack,yes
1162,1,1,0.9975273773561962,-0.0024764842819422483,-6.002476692199707,attack,yes
1163,1,1,0.9947798731965238,-0.00523636257275939,-5.2552361488342285,attack,yes
1164,1,1,0.9933071488621089,-0.006718190852552652,-5.006718158721924,attack,yes
1165,1,1,0.9996646498884225,-0.00033563701435923576,-8.000335693359375,attack,yes
1166,1,1,0.9859363721431996,-0.014164506457746029,-4.264164447784424,attack,yes
1167,1,1,0.9984988178277202,-0.0015024575404822826,-6.501502513885498,attack,yes
1168,1,1,0.9990889487500213,-0.0009117737063206732,-7.000911712646484,attack,yes
1169,1,1,0.8519527982093668,-0.1602274477481842,-1.9102274179458618,attack,yes
1170,1,1,0.9984988178299887,-0.0015034097013995051,-6.5015034675598145,attack,yes
1171,1,1,0.9859363737703095,-0.014164389111101627,-4.264164447784424,attack,yes
1172,1,1,0.9947798750052788,-0.005234583746641874,-5.255234718322754,attack,yes
1173,1,1,0.9997965730746621,-0.00020382710499688983,-8.500204086303711,attack,yes
1174,1,1,0.9975273773653848,-0.0024779110681265593,-6.002478122711182,attack,yes
1175,1,1,0.9984988178299887,-0.0015034097013995051,-6.5015034675598145,attack,yes
1176,1,1,0.9990889489668762,-0.0009115354623645544,-7.000911712646484,attack,yes
1177,1,1,0.9859363720398908,-0.014164037071168423,-4.264163970947266,attack,yes
1178,1,1,0.9980732657078478,-0.0019290901254862547,-6.25192928314209,attack,yes
1179,1,1,0.9820137924066618,-0.018150195479393005,-4.018150329589844,attack,yes
1180,1,1,0.9997965730261801,-0.0002040654799202457,-8.500204086303711,attack,yes
1181,1,1,0.9995694429590073,-0.0004328744253143668,-7.750432968139648,attack,yes
1182,1,1,0.9914225127330346,-0.008614758029580116,-4.758614540100098,attack,yes
1183,1,1,0.9975273764706583,-0.0024758896324783564,-6.002475738525391,attack,yes
1184,1,1,0.994779875031878,-0.00523553229868412,-5.25523567199707,attack,yes
1185,1,1,0.880797071719777,-0.12692910432815552,-2.1269290447235107,attack,yes
1186,1,1,0.9975273773561962,-0.0024764842819422483,-6.002476692199707,attack,yes
1187,1,1,0.5621765008857981,-0.5759413838386536,-0.8259413838386536,attack,yes
1188,1,1,0.994779874993188,-0.005234109237790108,-5.255234241485596,attack,yes
1189,1,1,0.9706877674467155,-0.029750648885965347,-3.5297505855560303,attack,yes
1190,1,1,0.9998415637262392,-0.0001586549769854173,-8.750158309936523,attack,yes
1191,1,1,0.99142251582179,-0.008615348488092422,-4.758615493774414,attack,yes
1192,1,1,0.9990889486412496,-0.0009114163694903255,-7.000911235809326,attack,yes
1193,1,1,0.9990889487504453,-0.000912250077817589,-7.000912189483643,attack,yes
1194,1,1,0.9959298617423651,-0.004078998696058989,-5.5040788650512695,attack,yes
1195,1,1,0.9820137863531804,-0.018151015043258667,-4.018150806427002,attack,yes
1196,1,1,0.9706877674467155,-0.029750648885965347,-3.5297505855560303,attack,yes
1197,1,1,0.999447221381889,-0.0005535738891921937,-7.500553607940674,attack,yes
1198,1,1,0.999941708755285,-5.876845170860179e-05,-9.750059127807617,attack,yes
1199,1,1,0.9626731158685837,-0.03804531693458557,-3.2880454063415527,attack,yes
1200,1,1,0.993307147970535,-0.006715940777212381,-5.006715774536133,attack,yes
1201,1,1,0.9999038976193261,-9.786603914108127e-05,-9.25009822845459,attack,yes
1202,1,1,0.9990889487512399,-0.0009132028790190816,-7.000913143157959,attack,yes
1203,1,1,0.9914225147763652,-0.008614994585514069,-4.758615016937256,attack,yes
1204,1,1,0.9984988174719182,-0.0015031717484816909,-6.501502990722656,attack,yes
1205,1,1,0.9626731110495138,-0.03804187476634979,-3.288041830062866,attack,yes
1206,1,1,0.9770226299227133,-0.023249872028827667,-3.773249864578247,attack,yes
1207,1,1,0.9914225157821905,-0.008614876307547092,-4.758615016937256,attack,yes
1208,1,1,0.9968273176869535,-0.003177952254191041,-5.753178119659424,attack,yes
1209,1,1,0.998073265248468,-0.0019288521725684404,-6.251928806304932,attack,yes
1210,1,1,0.9997965729291775,-0.00020358874462544918,-8.500203132629395,attack,yes
1211,1,1,0.999569443009936,-0.00043084874050691724,-7.750431060791016,attack,yes
1212,1,1,0.8519528038477825,-0.1602250188589096,-1.9102250337600708,attack,yes
1213,1,1,0.9990889487500213,-0.0009117737063206732,-7.000911712646484,attack,yes
1214,1,1,0.9706877678706987,-0.029751110821962357,-3.5297510623931885,attack,yes
1215,1,1,0.9959298627144747,-0.004079235717654228,-5.504079341888428,attack,yes
1216,1,1,0.9975273767641146,-0.0024757706560194492,-6.002475738525391,attack,yes
1217,1,1,0.999941708755285,-5.876845170860179e-05,-9.750059127807617,attack,yes
1218,1,1,0.9992903296110953,-0.0007109498255886137,-7.250710964202881,attack,yes
1219,1,1,0.994779874993188,-0.005234109237790108,-5.255234241485596,attack,yes
1220,1,1,0.9959298627050367,-0.004078761208802462,-5.5040788650512695,attack,yes
1221,1,1,0.9933071495431723,-0.006715704221278429,-5.006715774536133,attack,yes
1222,1,1,0.9995694429075401,-0.0004320403386373073,-7.750432014465332,attack,yes
1223,1,1,0.982013789347022,-0.018153706565499306,-4.018153667449951,attack,yes
1224,1,1,0.9968273176869535,-0.003177952254191041,-5.753178119659424,attack,yes
1225,1,1,0.989013057318807,-0.011049275286495686,-4.511049270629883,attack,yes
1226,1,1,0.999569443009936,-0.00043084874050691724,-7.750431060791016,attack,yes
1227,1,1,0.9992903294423884,-0.0007116645574569702,-7.250711441040039,attack,yes
1228,1,1,0.9959298622406891,-0.004079829435795546,-5.504079818725586,attack,yes
1229,1,1,0.9995694428560857,-0.0004312062228564173,-7.750431060791016,attack,yes
1230,1,1,0.9994472213159005,-0.0005532164941541851,-7.500553131103516,attack,yes
1231,1,1,0.970687767658707,-0.029750879853963852,-3.5297508239746094,attack,yes
1232,1,1,0.9984988178299887,-0.0015034097013995051,-6.5015034675598145,attack,yes
1233,1,1,0.9706877692486436,-0.029752731323242188,-3.529752731323242,attack,yes
1234,1,1,0.9994472212501048,-0.000553335587028414,-7.500553131103516,attack,yes
1235,1,1,0.9984988174719182,-0.0015031717484816909,-6.501502990722656,attack,yes
1236,1,1,0.995929862223701,-0.004078879952430725,-5.5040788650512695,attack,yes
1237,1,1,0.880797071719777,-0.12693697214126587,-2.126936912536621,attack,yes
1238,1,1,0.9959298617348148,-0.004078523721545935,-5.504078388214111,attack,yes
1239,1,1,0.9990889486416205,-0.0009118927991949022,-7.000911712646484,attack,yes
1240,1,1,0.9980732650196737,-0.0019289711490273476,-6.251928806304932,attack,yes
1241,1,1,0.9975273767698575,-0.002476722002029419,-6.002476692199707,attack,yes
1242,1,1,0.9984988174708712,-0.0015026956098154187,-6.501502513885498,attack,yes
1243,1,1,0.9992903294416453,-0.0007102350937202573,-7.2507100105285645,attack,yes
1244,1,1,0.9997388097832411,-0.0002618685248307884,-8.250262260437012,attack,yes
1245,1,1,0.9933071487785239,-0.006716296076774597,-5.006716251373291,attack,yes
1246,1,1,0.9994472214477166,-0.0005534547381103039,-7.500553607940674,attack,yes
1247,1,1,0.6791787121629466,-0.3868715167045593,-1.136871576309204,attack,yes
1248,1,1,0.999290329441893,-0.0007107115816324949,-7.250710487365723,attack,yes
1249,1,1,0.9975273773533248,-0.0024760086089372635,-6.002476215362549,attack,yes
1250,1,1,0.9968273165647497,-0.0031787839252501726,-5.753178596496582,attack,yes
1251,1,1,0.9968273173114128,-0.0031780709978193045,-5.753178119659424,attack,yes
1252,1,1,0.9998415637073574,-0.00015877417172305286,-8.750158309936523,attack,yes
1253,1,1,0.995929862223701,-0.004078879952430725,-5.5040788650512695,attack,yes
1254,1,1,0.9820137903340027,-0.018150312826037407,-4.018150329589844,attack,yes
1255,1,1,0.9399133458285746,-0.061968397349119186,-2.8119683265686035,attack,yes
1256,1,1,0.9998766054690803,-0.00012361239350866526,-9.000123977661133,attack,yes
1257,1,1,0.9968273173114128,-0.0031780709978193045,-5.753178119659424,attack,yes
1258,1,1,0.9968273165595951,-0.003178308717906475,-5.753178119659424,attack,yes
1259,1,1,0.9399133435142799,-0.06196963042020798,-2.811969518661499,attack,yes
1260,1,1,0.9399133443558416,-0.061969853937625885,-2.811969757080078,attack,yes
1261,1,1,0.989013058482603,-0.011048214510083199,-4.511048316955566,attack,yes
1262,1,1,0.9984988174741866,-0.0015041239093989134,-6.501503944396973,attack,yes
1263,1,1,0.9959298627050367,-0.004078761208802462,-5.5040788650512695,attack,yes
1264,1,1,0.9859363720398908,-0.014164037071168423,-4.264163970947266,attack,yes
1265,1,1,0.9994472212502334,-0.0005538121913559735,-7.500553607940674,attack,yes
1266,1,1,0.9988304898392486,-0.0011705459328368306,-6.751170635223389,attack,yes
1267,1,1,0.9525741259809523,-0.048591870814561844,-3.0485918521881104,attack,yes
1268,1,1,0.9988304898392486,-0.0011705459328368306,-6.751170635223389,attack,yes
1269,1,1,0.9992903294416453,-0.0007102350937202573,-7.2507100105285645,attack,yes
1270,1,1,0.9980732650212406,-0.001929447171278298,-6.25192928314209,attack,yes
1271,1,1,0.9990889488584223,-0.0009116546134464443,-7.000911712646484,attack,yes
1272,1,1,0.999569443009936,-0.00043084874050691724,-7.750431060791016,attack,yes
1273,1,1,0.9706877700436121,-0.029753657057881355,-3.5297536849975586,attack,yes
1274,1,1,0.999796573050461,-0.00020489977032411844,-8.500205039978027,attack,yes
1275,1,0,0.22270014398423357,-1.5019301176071167,-0.2519301474094391,attack,no
1276,1,1,0.9990889487500213,-0.0009117737063206732,-7.000911712646484,attack,yes
1277,1,1,0.9525741285053948,-0.048588238656520844,-3.048588275909424,attack,yes
1278,1,1,0.998830489978366,-0.0011704268399626017,-6.751170635223389,attack,yes
1279,1,1,0.9525741301883566,-0.048588916659355164,-3.048588991165161,attack,yes
1280,1,1,0.9994472213817283,-0.0005530973430722952,-7.500553131103516,attack,yes
1281,1,1,0.9890130585939225,-0.011049157939851284,-4.511049270629883,attack,yes
1282,1,1,0.9999038975734921,-9.643566590966657e-05,-9.250096321105957,attack,yes
1283,1,1,0.9770226306753883,-0.023246262222528458,-3.7732462882995605,attack,yes
1284,1,1,0.9975273767669861,-0.002476246329024434,-6.002476215362549,attack,yes
1285,1,1,0.7772998560157665,-0.2519301474094391,-1.5019301176071167,attack,yes
1286,1,1,0.9984988174741866,-0.0015041239093989134,-6.501503944396973,attack,yes
1287,1,1,0.9947798731312345,-0.0052339909598231316,-5.2552337646484375,attack,yes
1288,1,1,0.9399133458285746,-0.061968397349119186,-2.8119683265686035,attack,yes
1289,1,1,0.998073265248468,-0.0019288521725684404,-6.251928806304932,attack,yes
1290,1,1,0.9975273764706583,-0.0024758896324783564,-6.002475738525391,attack,yes
1291,1,1,0.9990889486424153,-0.0009128456003963947,-7.000912666320801,attack,yes
1292,1,1,0.9994472213820177,-0.0005540504935197532,-7.500554084777832,attack,yes
1293,1,1,0.9980732650196737,-0.0019289711490273476,-6.251928806304932,attack,yes
1294,1,1,0.9994472213159005,-0.0005532164941541851,-7.500553131103516,attack,yes
1295,1,1,0.9994472212506837,-0.0005552418879233301,-7.500555038452148,attack,yes
1296,1,1,0.9770226278319489,-0.023245912045240402,-3.7732458114624023,attack,yes
1297,1,1,0.9990889487512399,-0.0009132028790190816,-7.000913143157959,attack,yes
1298,1,1,0.9626731086399787,-0.03804313391447067,-3.2880430221557617,attack,yes
1299,1,1,0.9996646498884225,-0.00033563701435923576,-8.000335693359375,attack,yes
1300,1,1,0.999447221381889,-0.0005535738891921937,-7.500553607940674,attack,yes
1301,1,1,0.998073265248468,-0.0019288521725684404,-6.251928806304932,attack,yes
1302,1,1,0.9980732654806204,-0.0019296851241961122,-6.251929759979248,attack,yes
1303,1,1,0.9820137882613432,-0.01815043017268181,-4.018150329589844,attack,yes
1304,1,1,0.998830489978366,-0.0011704268399626017,-6.751170635223389,attack,yes
1305,1,1,0.9968273173114128,-0.0031780709978193045,-5.753178119659424,attack,yes
1306,1,1,0.9996646498085152,-0.0003358753747306764,-8.000335693359375,attack,yes
1307,1,1,0.9988304898392486,-0.0011705459328368306,-6.751170635223389,attack,yes
1308,1,1,0.9820137864189792,-0.018157687038183212,-4.018157482147217,attack,yes
1309,1,1,0.9995694428560857,-0.0004312062228564173,-7.750431060791016,attack,yes
1310,1,1,0.994779874993188,-0.005234109237790108,-5.255234241485596,attack,yes
1311,1,1,0.9975273773533248,-0.0024760086089372635,-6.002476215362549,attack,yes
1312,1,1,0.994779874376567,-0.005234227981418371,-5.255234241485596,attack,yes
1313,1,1,0.9859363755782091,-0.014165212400257587,-4.26416540145874,attack,yes
1314,1,1,0.9996646498884225,-0.00033563701435923576,-8.000335693359375,attack,yes
1315,1,1,0.9890130572074874,-0.0110483318567276,-4.511048316955566,attack,yes
1316,1,1,0.9997388095964569,-0.0002616301644593477,-8.250261306762695,attack,yes
1317,1,1,0.9914225147763652,-0.008614994585514069,-4.758615016937256,attack,yes
1318,1,1,0.9890130598184381,-0.011048568412661552,-4.511048793792725,attack,yes
1319,1,1,0.9995694428559979,-0.00043072958942502737,-7.750430583953857,attack,yes
1320,1,1,0.9859363704127807,-0.014164154417812824,-4.264163970947266,attack,yes
1321,1,1,0.9975273773533248,-0.0024760086089372635,-6.002476215362549,attack,yes
1322,1,1,0.9994472212505229,-0.0005547653418034315,-7.50055456161499,attack,yes
1323,1,1,0.9947798737478556,-0.005233872216194868,-5.2552337646484375,attack,yes
1324,1,1,0.9980732650196737,-0.0019289711490273476,-6.251928806304932,attack,yes
1325,1,1,0.994779874993188,-0.005234109237790108,-5.255234241485596,attack,yes
1326,1,1,0.9890130597678383,-0.011048096232116222,-4.511048316955566,attack,yes
1327,1,1,0.9998766054543742,-0.00012373158824630082,-9.000123977661133,attack,yes
1328,1,1,0.998830489700131,-0.0011706650257110596,-6.751170635223389,attack,yes
1329,1,1,0.9770226282919171,-0.023246845230460167,-3.7732467651367188,attack,yes
1330,1,1,0.9980732654772625,-0.0019287331961095333,-6.251928806304932,attack,yes
1331,1,1,0.9990889487500213,-0.0009117737063206732,-7.000911712646484,attack,yes
1332,1,1,0.9980732657078478,-0.0019290901254862547,-6.25192928314209,attack,yes
1333,1,1,0.9525741280005063,-0.04859039559960365,-3.0485904216766357,attack,yes
1334,1,1,0.9859363755782091,-0.014165212400257587,-4.26416540145874,attack,yes
1335,1,1,0.9975273764706583,-0.0024758896324783564,-6.002475738525391,attack,yes
1336,1,1,0.9959298617423651,-0.004078998696058989,-5.5040788650512695,attack,yes
1337,1,1,0.989013058482603,-0.011048214510083199,-4.511048316955566,attack,yes
1338,1,1,0.9859363703223857,-0.014163684099912643,-4.264163494110107,attack,yes
1339,1,1,0.9990889486424153,-0.0009128456003963947,-7.000912666320801,attack,yes
1340,1,1,0.9984988176493829,-0.0015025765169411898,-6.501502513885498,attack,yes
1341,1,1,0.9933071495431723,-0.006715704221278429,-5.006715774536133,attack,yes
1342,1,1,0.9984988174708712,-0.0015026956098154187,-6.501502513885498,attack,yes
1343,1,1,0.7310585669110203,-0.3132651448249817,-1.313265085220337,attack,yes
1344,1,1,0.9933071496081828,-0.006717124953866005,-5.006717205047607,attack,yes
1345,1,1,0.9980732650196737,-0.0019289711490273476,-6.251928806304932,attack,yes
1346,1,1,0.9992903296108476,-0.0007104733376763761,-7.250710487365723,attack,yes
1347,1,1,0.9933071487568537,-0.006715822499245405,-5.006715774536133,attack,yes
1348,1,1,0.9980732657112059,-0.0019300420535728335,-6.251930236816406,attack,yes
1349,1,1,0.9980732650266135,-0.0019308748887851834,-6.2519307136535645,attack,yes
1350,1,1,0.9525741259809523,-0.04858948662877083,-3.0485894680023193,attack,yes
1351,1,1,0.9996646498085152,-0.0003358753747306764,-8.000335693359375,attack,yes
1352,1,1,0.999569443009936,-0.00043084874050691724,-7.750431060791016,attack,yes
1353,1,1,0.904650538956921,-0.10020895302295685,-2.3502089977264404,attack,yes
1354,1,1,0.9933071495431723,-0.006715704221278429,-5.006715774536133,attack,yes
1355,1,1,0.9820137885903367,-0.018151365220546722,-4.01815128326416,attack,yes
1356,1,1,0.9990889486416205,-0.0009118927991949022,-7.000911712646484,attack,yes
1357,1,1,0.9959298622406891,-0.004079829435795546,-5.504079818725586,attack,yes
1358,1,1,0.9997388095964569,-0.0002616301644593477,-8.250261306762695,attack,yes
1359,1,1,0.9770226278319489,-0.023245912045240402,-3.7732458114624023,attack,yes
1360,1,1,0.9984988176493829,-0.0015025765169411898,-6.501502513885498,attack,yes
1361,1,1,0.9914225147763652,-0.008614994585514069,-4.758615016937256,attack,yes
1362,1,1,0.9994472214477166,-0.0005534547381103039,-7.500553607940674,attack,yes
1363,1,1,0.9984988176493829,-0.0015025765169411898,-6.501502513885498,attack,yes
1364,1,1,0.9995694428561733,-0.0004316828562878072,-7.750431537628174,attack,yes
1365,1,1,0.9241418215456966,-0.07889030128717422,-2.578890323638916,attack,yes
1366,1,1,0.9975273770604427,-0.002476127352565527,-6.002476215362549,attack,yes
1367,1,1,0.9997388096586981,-0.0002613918040879071,-8.250261306762695,attack,yes
1368,1,1,0.9770226306753883,-0.023246262222528458,-3.7732462882995605,attack,yes
1369,1,1,0.9992903296105999,-0.0007099968497641385,-7.2507100105285645,attack,yes
1370,1,1,0.9997965730261801,-0.0002040654799202457,-8.500204086303711,attack,yes
1371,1,1,0.9914225157821905,-0.008614876307547092,-4.758615016937256,attack,yes
1372,1,1,0.9959298631863724,-0.004078642465174198,-5.5040788650512695,attack,yes
1373,1,1,0.9968273173158309,-0.0031785464379936457,-5.753178596496582,attack,yes
1374,1,1,0.9990889486436338,-0.0009142747730948031,-7.000914096832275,attack,yes
1375,1,1,0.989013059879158,-0.011049039661884308,-4.511049270629883,attack,yes
1376,1,1,0.9820137890180285,-0.018152771517634392,-4.018152713775635,attack,yes
1377,1,1,0.9933071495431723,-0.006715704221278429,-5.006715774536133,attack,yes
1378,1,1,0.9626731156008578,-0.038041986525058746,-3.2880420684814453,attack,yes
1379,1,1,0.9990889487500213,-0.0009117737063206732,-7.000911712646484,attack,yes
1380,1,1,0.9980732650248225,-0.001930398982949555,-6.251930236816406,attack,yes
1381,1,1,0.9995694429586441,-0.00043096792069263756,-7.750431060791016,attack,yes
1382,1,1,0.9998415637073574,-0.00015877417172305286,-8.750158309936523,attack,yes
1383,1,1,0.9990889487504453,-0.000912250077817589,-7.000912189483643,attack,yes
1384,1,1,0.9706877713685592,-0.02975122630596161,-3.5297513008117676,attack,yes
1385,1,1,0.9984988176493829,-0.0015025765169411898,-6.501502513885498,attack,yes
1386,1,1,0.9968273169351358,-0.0031781899742782116,-5.753178119659424,attack,yes
1387,1,1,0.9706877711565677,-0.029750995337963104,-3.5297510623931885,attack,yes
1388,1,1,0.9975273773653848,-0.0024779110681265593,-6.002478122711182,attack,yes
1389,1,1,0.998830489701491,-0.0011716175358742476,-6.751171588897705,attack,yes
1390,1,1,0.9997965729291775,-0.00020358874462544918,-8.500203132629395,attack,yes
1391,1,1,0.994779874376567,-0.005234227981418371,-5.255234241485596,attack,yes
1392,1,1,0.999447221381889,-0.0005535738891921937,-7.500553607940674,attack,yes
1393,1,1,0.9975273773561962,-0.0024764842819422483,-6.002476692199707,attack,yes
1394,1,1,0.9706877715275526,-0.029751459136605263,-3.5297515392303467,attack,yes
1395,1,1,0.9241418152779357,-0.07889062911272049,-2.578890562057495,attack,yes
1396,1,1,0.9959298627050367,-0.004078761208802462,-5.5040788650512695,attack,yes
1397,1,1,0.9975273764735295,-0.0024763653054833412,-6.002476215362549,attack,yes
1398,1,1,0.9997965730504196,-0.00020394629973452538,-8.500204086303711,attack,yes
1399,1,1,0.9975273767641146,-0.0024757706560194492,-6.002475738525391,attack,yes
1400,1,1,0.9968273173254034,-0.0031794970855116844,-5.753179550170898,attack,yes
1401,1,1,0.9992903294416453,-0.0007102350937202573,-7.2507100105285645,attack,yes
1402,1,1,0.9999832985821362,-1.6927575416048057e-05,-11.000017166137695,attack,yes
1403,1,1,0.9980732654806204,-0.0019296851241961122,-6.251929759979248,attack,yes
1404,1,1,0.9770226278319489,-0.023245912045240402,-3.7732458114624023,attack,yes
1405,1,1,0.9968273169351358,-0.0031781899742782116,-5.753178119659424,attack,yes
1406,1,1,0.9998415637073574,-0.00015877417172305286,-8.750158309936523,attack,yes
1407,1,1,0.9959298617518031,-0.004079473204910755,-5.504079341888428,attack,yes
1408,1,1,0.9770226304244968,-0.02324579656124115,-3.7732458114624023,attack,yes
1409,1,1,0.9975273770604427,-0.002476127352565527,-6.002476215362549,attack,yes
1410,1,1,0.9980732650196737,-0.0019289711490273476,-6.251928806304932,attack,yes
1411,1,1,0.9933071495648425,-0.006716177798807621,-5.006716251373291,attack,yes
1412,1,1,0.9994472213159005,-0.0005532164941541851,-7.500553131103516,attack,yes
1413,1,1,0.9820137885903367,-0.018151365220546722,-4.01815128326416,attack,yes
1414,1,1,0.9998766054543742,-0.00012373158824630082,-9.000123977661133,attack,yes
1415,1,1,0.9984988174719182,-0.0015031717484816909,-6.501502990722656,attack,yes
1416,1,1,0.9997388097210685,-0.00026306029758416116,-8.250263214111328,attack,yes
1417,1,1,0.9997965729291775,-0.00020358874462544918,-8.500203132629395,attack,yes
1418,1,1,0.999841563745121,-0.00015853578224778175,-8.750158309936523,attack,yes
1419,1,1,0.9820137924066618,-0.018150195479393005,-4.018150329589844,attack,yes
1420,1,1,0.9998415638395737,-0.00015984688070602715,-8.750160217285156,attack,yes
1421,1,1,0.989013058482603,-0.011048214510083199,-4.511048316955566,attack,yes
1422,1,1,0.9980732650196737,-0.0019289711490273476,-6.251928806304932,attack,yes
1423,1,1,0.9820137861886837,-0.01815054751932621,-4.018150329589844,attack,yes
1424,1,1,0.9997965730261801,-0.0002040654799202457,-8.500204086303711,attack,yes
1425,1,1,0.9947798750052788,-0.005234583746641874,-5.255234718322754,attack,yes
1426,1,1,0.9995694428559979,-0.00043072958942502737,-7.750430583953857,attack,yes
1427,1,1,0.994779875031878,-0.00523553229868412,-5.25523567199707,attack,yes
1428,1,1,0.9999038975964095,-9.715084888739511e-05,-9.250097274780273,attack,yes
1429,1,1,0.9975273773739989,-0.002479338087141514,-6.002479553222656,attack,yes
1430,1,1,0.9994472213820177,-0.0005540504935197532,-7.500554084777832,attack,yes
1431,1,1,0.9975273773619391,-0.002477435627952218,-6.002477645874023,attack,yes
1432,1,1,0.9959298627144747,-0.004079235717654228,-5.504079341888428,attack,yes
1433,1,1,0.9959298617423651,-0.004078998696058989,-5.5040788650512695,attack,yes
1434,1,1,0.9820137924066618,-0.018150195479393005,-4.018150329589844,attack,yes
1435,1,1,0.9975273764706583,-0.0024758896324783564,-6.002475738525391,attack,yes
1436,1,1,0.9997388097832411,-0.0002618685248307884,-8.250262260437012,attack,yes
1437,1,1,0.9933071495648425,-0.006716177798807621,-5.006716251373291,attack,yes
1438,1,1,0.9997965730989017,-0.0002037079248111695,-8.500204086303711,attack,yes
1439,1,1,0.9525741280005063,-0.04858801141381264,-3.0485880374908447,attack,yes
1440,1,1,0.9706877684536753,-0.02975180558860302,-3.529751777648926,attack,yes
1441,1,1,0.9996646498085152,-0.0003358753747306764,-8.000335693359375,attack,yes
1442,1,1,0.999447221381889,-0.0005535738891921937,-7.500553607940674,attack,yes
1443,1,1,0.9984988176493829,-0.0015025765169411898,-6.501502513885498,attack,yes
1444,1,1,0.9890130599398778,-0.011049510911107063,-4.511049747467041,attack,yes
1445,1,1,0.989013055861532,-0.01104797888547182,-4.511047840118408,attack,yes
1446,1,1,0.9890130559829716,-0.011048921383917332,-4.511048793792725,attack,yes
1447,1,1,0.9980732650196737,-0.0019289711490273476,-6.251928806304932,attack,yes
1448,1,1,0.9706877674467155,-0.029750648885965347,-3.5297505855560303,attack,yes
1449,1,1,0.9959298627050367,-0.004078761208802462,-5.5040788650512695,attack,yes
1450,1,1,0.9992903294423884,-0.0007116645574569702,-7.250711441040039,attack,yes
1451,1,1,0.9820137903340027,-0.018150312826037407,-4.018150329589844,attack,yes
1452,1,1,0.9980732650248225,-0.001930398982949555,-6.251930236816406,attack,yes
1453,1,1,0.9988304898392486,-0.0011705459328368306,-6.751170635223389,attack,yes
1454,1,1,0.9968273165551771,-0.003177833277732134,-5.753177642822266,attack,yes
1455,1,1,0.9984988174741866,-0.0015041239093989134,-6.501503944396973,attack,yes
1456,1,1,0.9959298631958104,-0.004079116974025965,-5.504079341888428,attack,yes
1457,1,1,0.9975273764706583,-0.0024758896324783564,-6.002475738525391,attack,yes
1458,1,1,0.9997965730504196,-0.00020394629973452538,-8.500204086303711,attack,yes
1459,1,1,0.9859363753070244,-0.014163801446557045,-4.264163970947266,attack,yes
1460,1,1,0.9890130572074874,-0.0110483318567276,-4.511048316955566,attack,yes
1461,1,1,0.9933071495648425,-0.006716177798807621,-5.006716251373291,attack,yes
1462,1,1,0.9968273169351358,-0.0031781899742782116,-5.753178119659424,attack,yes
1463,1,1,0.9990889488584223,-0.0009116546134464443,-7.000911712646484,attack,yes
1464,1,1,0.9859363721431996,-0.014164506457746029,-4.264164447784424,attack,yes
1465,1,1,0.9820137872743625,-0.018153823912143707,-4.018153667449951,attack,yes
1466,1,1,0.9959298627295755,-0.004080185666680336,-5.504080295562744,attack,yes
1467,1,1,0.9990889489676177,-0.0009124883217737079,-7.000912666320801,attack,yes
1468,1,1,0.9980732654790533,-0.0019292091019451618,-6.25192928314209,attack,yes
1469,1,1,0.9996646498884225,-0.00033563701435923576,-8.000335693359375,attack,yes
1470,1,1,0.952574122951621,-0.04858812317252159,-3.0485880374908447,attack,yes
1471,1,1,0.9984988174708712,-0.0015026956098154187,-6.501502513885498,attack,yes
1472,1,1,0.9995694429586441,-0.00043096792069263756,-7.750431060791016,attack,yes
1473,1,1,0.9988304895616935,-0.0011712603736668825,-6.751171112060547,attack,yes
1474,1,1,0.9988304898392486,-0.0011705459328368306,-6.751170635223389,attack,yes
1475,1,1,0.993307147970535,-0.006715940777212381,-5.006715774536133,attack,yes
1476,1,1,0.9859363736799145,-0.014163918793201447,-4.264163970947266,attack,yes
1477,1,1,0.9914225158851491,-0.008616294711828232,-4.7586164474487305,attack,yes
1478,1,1,0.9914225158851491,-0.008616294711828232,-4.7586164474487305,attack,yes
1479,1,1,0.9988304898392486,-0.0011705459328368306,-6.751170635223389,attack,yes
1480,1,1,0.9984988178277202,-0.0015024575404822826,-6.501502513885498,attack,yes
1481,1,1,0.9994472213817283,-0.0005530973430722952,-7.500553131103516,attack,yes
1482,1,1,0.9997388096586981,-0.0002613918040879071,-8.250261306762695,attack,yes
1483,1,1,0.9984988174708712,-0.0015026956098154187,-6.501502513885498,attack,yes
1484,1,1,0.9626731110495138,-0.03804187476634979,-3.288041830062866,attack,yes
1485,1,1,0.9859363720398908,-0.014164037071168423,-4.264163970947266,attack,yes
1486,1,1,0.9997965730746621,-0.00020382710499688983,-8.500204086303711,attack,yes
1487,1,1,0.8519528019683106,-0.16022562980651855,-1.9102256298065186,attack,yes
1488,1,1,0.9999038975620468,-9.7508447652217e-05,-9.250097274780273,attack,yes
1489,1,1,0.9980732654790533,-0.0019292091019451618,-6.25192928314209,attack,yes
1490,1,1,0.9992903296108476,-0.0007104733376763761,-7.250710487365723,attack,yes
1491,1,1,0.994779874993188,-0.005234109237790108,-5.255234241485596,attack,yes
1492,1,1,0.9984988178277202,-0.0015024575404822826,-6.501502513885498,attack,yes
1493,1,1,0.9399133512987253,-0.061968062072992325,-2.8119680881500244,attack,yes
1494,1,1,0.9968273173158309,-0.0031785464379936457,-5.753178596496582,attack,yes
1495,1,1,0.9968273165647497,-0.0031787839252501726,-5.753178596496582,attack,yes
1496,1,1,0.9992903295261432,-0.0007101159426383674,-7.2507100105285645,attack,yes
1497,1,1,0.999925153790544,-7.509902934543788e-05,-9.500075340270996,attack,yes
1498,1,1,0.9770226278319489,-0.023245912045240402,-3.7732458114624023,attack,yes
1499,1,1,0.9995694429587317,-0.0004314445541240275,-7.750431537628174,attack,yes
1500,1,1,0.9984988178287671,-0.0015029336791485548,-6.501502990722656,attack,yes
1501,1,1,0.994779874376567,-0.005234227981418371,-5.255234241485596,attack,yes
1502,1,1,0.9968273165595951,-0.003178308717906475,-5.753178119659424,attack,yes
1503,1,1,0.9992903296957998,-0.0007113072206266224,-7.250711441040039,attack,yes
1504,1,1,0.9996646498484688,-0.0003357561945449561,-8.000335693359375,attack,yes
1505,1,1,0.9933071495648425,-0.006716177798807621,-5.006716251373291,attack,yes
1506,1,1,0.9968273165595951,-0.003178308717906475,-5.753178119659424,attack,yes
1507,1,1,0.9859363753070244,-0.014163801446557045,-4.264163970947266,attack,yes
1508,1,1,0.8807970779778823,-0.12692856788635254,-2.1269285678863525,attack,yes
1509,1,1,0.9990889486416205,-0.0009118927991949022,-7.000911712646484,attack,yes
1510,1,1,0.9947798737599461,-0.005234346725046635,-5.255234241485596,attack,yes
1511,1,1,0.9980732650196737,-0.0019289711490273476,-6.251928806304932,attack,yes
1512,1,1,0.9933071503728311,-0.006716533098369837,-5.006716728210449,attack,yes
1513,1,1,0.9998766054690803,-0.00012361239350866526,-9.000123977661133,attack,yes
1514,1,1,0.9859363722335944,-0.01416497677564621,-4.264164924621582,attack,yes
1515,1,1,0.9820137904984994,-0.018150780349969864,-4.018150806427002,attack,yes
1516,1,1,0.999925153790544,-7.509902934543788e-05,-9.500075340270996,attack,yes
1517,1,1,0.9992903295263496,-0.000710592488758266,-7.250710487365723,attack,yes
1518,1,1,0.9626731121204184,-0.03804256021976471,-3.2880425453186035,attack,yes
1519,1,1,0.9933071487568537,-0.006715822499245405,-5.006715774536133,attack,yes
1520,1,1,0.9933071495431723,-0.006715704221278429,-5.006715774536133,attack,yes
1521,1,1,0.9995694429073649,-0.00043108707177452743,-7.750431060791016,attack,yes
1522,1,1,0.9992903294425945,-0.0007121411035768688,-7.250711917877197,attack,yes
1523,1,1,0.9820137882613432,-0.01815043017268181,-4.018150329589844,attack,yes
1524,1,1,0.9992903294416453,-0.0007102350937202573,-7.2507100105285645,attack,yes
1525,1,1,0.9997388096586981,-0.0002613918040879071,-8.250261306762695,attack,yes
1526,1,1,0.9770226305499425,-0.023246029391884804,-3.7732460498809814,attack,yes
1527,1,1,0.9996646498884225,-0.00033563701435923576,-8.000335693359375,attack,yes
1528,1,1,0.9968273176869535,-0.003177952254191041,-5.753178119659424,attack,yes
1529,1,1,0.994779874376567,-0.005234227981418371,-5.255234241485596,attack,yes
1530,1,1,0.9959298617423651,-0.004078998696058989,-5.5040788650512695,attack,yes
1531,1,1,0.994779874376567,-0.005234227981418371,-5.255234241485596,attack,yes
1532,1,1,0.9994472213159005,-0.0005532164941541851,-7.500553131103516,attack,yes
1533,1,1,0.9975273767698575,-0.002476722002029419,-6.002476692199707,attack,yes
1534,1,1,0.9975273764706583,-0.0024758896324783564,-6.002475738525391,attack,yes
1535,1,0,0.5,-0.6931548118591309,-0.6931548118591309,attack,no
1536,1,1,0.9859363706064843,-0.014165094122290611,-4.264164924621582,attack,yes
1537,1,1,0.9980732657078478,-0.0019290901254862547,-6.25192928314209,attack,yes
1538,1,1,0.998830489700131,-0.0011706650257110596,-6.751170635223389,attack,yes
1539,1,1,0.9820137903340027,-0.018150312826037407,-4.018150329589844,attack,yes
1540,1,1,0.9933071487568537,-0.006715822499245405,-5.006715774536133,attack,yes
1541,1,1,0.9933071495648425,-0.006716177798807621,-5.006716251373291,attack,yes
1542,1,1,0.9914225137705398,-0.008615112863481045,-4.758615016937256,attack,yes
1543,1,1,0.999841563745121,-0.00015853578224778175,-8.750158309936523,attack,yes
1544,1,1,0.9968273173158309,-0.0031785464379936457,-5.753178596496582,attack,yes
1545,1,1,0.9859363736799145,-0.014163918793201447,-4.264163970947266,attack,yes
1546,1,1,0.9968273173114128,-0.0031780709978193045,-5.753178119659424,attack,yes
1547,1,1,0.9984988174719182,-0.0015031717484816909,-6.501502990722656,attack,yes
1548,1,1,0.9626731156008578,-0.038041986525058746,-3.2880420684814453,attack,yes
1549,1,1,0.999290329441893,-0.0007107115816324949,-7.250710487365723,attack,yes
1550,1,1,0.9968273176869535,-0.003177952254191041,-5.753178119659424,attack,yes
1551,1,1,0.9859363704127807,-0.014164154417812824,-4.264163970947266,attack,yes
1552,1,1,0.9859363738607045,-0.014164859429001808,-4.264164924621582,attack,yes
1553,1,1,0.9999251537994647,-7.497983460780233e-05,-9.500075340270996,attack,yes
1554,1,1,0.9984988174719182,-0.0015031717484816909,-6.501502990722656,attack,yes
1555,1,1,0.9988304895616935,-0.0011712603736668825,-6.751171112060547,attack,yes
1556,1,1,0.9994472213159005,-0.0005532164941541851,-7.500553131103516,attack,yes
1557,1,1,0.9975273767669861,-0.002476246329024434,-6.002476215362549,attack,yes
1558,1,1,0.9998766053661228,-0.0001234931987710297,-9.000123023986816,attack,yes
1559,1,1,0.9975273773561962,-0.0024764842819422483,-6.002476692199707,attack,yes
1560,1,1,0.9997388095964569,-0.0002616301644593477,-8.250261306762695,attack,yes
1561,1,1,0.9933071479891094,-0.006716414820402861,-5.006716251373291,attack,yes
1562,1,1,0.9992903296953456,-0.0007103541865944862,-7.250710487365723,attack,yes
1563,1,1,0.9998766053955637,-0.00012516192509792745,-9.00012493133545,attack,yes
1564,1,1,0.679178699175393,-0.38692307472229004,-1.13692307472229,attack,yes
1565,1,1,0.9996646498484688,-0.0003357561945449561,-8.000335693359375,attack,yes
1566,1,1,0.9626731156008578,-0.038041986525058746,-3.2880420684814453,attack,yes
1567,1,1,0.9241418163225626,-0.07889371365308762,-2.5788936614990234,attack,yes
1568,1,1,0.9994472213159005,-0.0005532164941541851,-7.500553131103516,attack,yes
1569,1,1,0.9980732654772625,-0.0019287331961095333,-6.251928806304932,attack,yes
1570,1,1,0.989013056094291,-0.011049864813685417,-4.511049747467041,attack,yes
1571,1,1,0.9984988178277202,-0.0015024575404822826,-6.501502513885498,attack,yes
1572,1,1,0.8807970748488297,-0.12692931294441223,-2.12692928314209,attack,yes
1573,1,1,0.9626731098447463,-0.03804405406117439,-3.288043975830078,attack,yes
1574,1,1,0.9859363753070244,-0.014163801446557045,-4.264163970947266,attack,yes
1575,1,1,0.9994472212502334,-0.0005538121913559735,-7.500553607940674,attack,yes
1576,1,1,0.9890130597678383,-0.011048096232116222,-4.511048316955566,attack,yes
1577,1,1,0.9525741280005063,-0.04858801141381264,-3.0485880374908447,attack,yes
1578,1,1,0.9992903296953456,-0.0007103541865944862,-7.250710487365723,attack,yes
1579,1,1,0.880797081106935,-0.12692877650260925,-2.1269288063049316,attack,yes
1580,1,1,0.9820137903340027,-0.018150312826037407,-4.018150329589844,attack,yes
1581,1,1,0.9999038975734921,-9.643566590966657e-05,-9.250096321105957,attack,yes
1582,1,1,0.9999251537637805,-7.545663538621739e-05,-9.500075340270996,attack,yes
1583,1,1,0.9820137904984994,-0.018150780349969864,-4.018150806427002,attack,yes
1584,1,1,0.9995694428559979,-0.00043072958942502737,-7.750430583953857,attack,yes
1585,1,1,0.9997388096275776,-0.0002615109842736274,-8.250261306762695,attack,yes
1586,1,1,0.9994472212502334,-0.0005538121913559735,-7.500553607940674,attack,yes
1587,1,1,0.9859363736799145,-0.014163918793201447,-4.264163970947266,attack,yes
1588,1,1,0.9706877713685592,-0.02975122630596161,-3.5297513008117676,attack,yes
1589,1,1,0.99142251582179,-0.008615348488092422,-4.758615493774414,attack,yes
1590,1,1,0.9996646498484688,-0.0003357561945449561,-8.000335693359375,attack,yes
1591,1,1,0.9999251537727016,-7.533743337262422e-05,-9.500075340270996,attack,yes
1592,1,1,0.9980732650212406,-0.001929447171278298,-6.25192928314209,attack,yes
1593,1,1,0.9914225127330346,-0.008614758029580116,-4.758614540100098,attack,yes
1594,1,1,0.9984988178287671,-0.0015029336791485548,-6.501502990722656,attack,yes
1595,1,1,0.9984988180072789,-0.0015028145862743258,-6.501502990722656,attack,yes
1596,1,1,0.817574471748733,-0.20141449570655823,-1.7014144659042358,attack,yes
1597,1,1,0.9997388095964569,-0.0002616301644593477,-8.250261306762695,attack,yes
1598,1,1,0.970687767658707,-0.029750879853963852,-3.5297508239746094,attack,yes
1599,1,1,0.9980732654790533,-0.0019292091019451618,-6.25192928314209,attack,yes
1600,1,1,0.9820137925711584,-0.018150663003325462,-4.018150806427002,attack,yes
1601,1,1,0.9914225157821905,-0.008614876307547092,-4.758615016937256,attack,yes
1602,1,1,0.9525741311981335,-0.048589371144771576,-3.0485894680023193,attack,yes
1603,1,1,0.9988304898392486,-0.0011705459328368306,-6.751170635223389,attack,yes
1604,1,1,0.9914225148476443,-0.008615939877927303,-4.758615970611572,attack,yes
1605,1,1,0.880797081106935,-0.12692877650260925,-2.1269288063049316,attack,yes
1606,1,1,0.9933071495431723,-0.006715704221278429,-5.006715774536133,attack,yes
1607,1,1,0.9975273767669861,-0.002476246329024434,-6.002476215362549,attack,yes
1608,1,1,0.9999646437324224,-3.576214658096433e-05,-10.250035285949707,attack,yes
1609,1,1,0.9997388095653363,-0.00026174934464506805,-8.250261306762695,attack,yes
1610,1,1,0.9706877711565677,-0.029750995337963104,-3.5297510623931885,attack,yes
1611,1,1,0.995929862223701,-0.004078879952430725,-5.5040788650512695,attack,yes
1612,1,1,0.9996646498484688,-0.0003357561945449561,-8.000335693359375,attack,yes
1613,1,1,0.9770226305499425,-0.023246029391884804,-3.7732460498809814,attack,yes
1614,1,1,0.9984988180072789,-0.0015028145862743258,-6.501502990722656,attack,yes
1615,1,1,0.9992903296953456,-0.0007103541865944862,-7.250710487365723,attack,yes
1616,1,1,0.9992903294416453,-0.0007102350937202573,-7.2507100105285645,attack,yes
1617,1,1,0.9997388096586981,-0.0002613918040879071,-8.250261306762695,attack,yes
1618,1,1,0.9820137885903367,-0.018151365220546722,-4.01815128326416,attack,yes
1619,1,1,0.9990889487512399,-0.0009132028790190816,-7.000913143157959,attack,yes
1620,1,1,0.9859363705031758,-0.014164624735713005,-4.264164447784424,attack,yes
1621,1,1,0.9975273767669861,-0.002476246329024434,-6.002476215362549,attack,yes
1622,1,1,0.9626731146638163,-0.03804439678788185,-3.2880444526672363,attack,yes
1623,1,1,0.9890130585939225,-0.011049157939851284,-4.511049270629883,attack,yes
1624,1,1,0.9525741290102833,-0.04858846589922905,-3.048588514328003,attack,yes
1625,1,1,0.989013059879158,-0.011049039661884308,-4.511049270629883,attack,yes
1626,1,1,0.9995694428560857,-0.0004312062228564173,-7.750431060791016,attack,yes
1627,1,1,0.9996646498085152,-0.0003358753747306764,-8.000335693359375,attack,yes
1628,1,1,0.9975273773533248,-0.0024760086089372635,-6.002476215362549,attack,yes
1629,1,1,0.9988304898392486,-0.0011705459328368306,-6.751170635223389,attack,yes
1630,1,1,0.9968273169351358,-0.0031781899742782116,-5.753178119659424,attack,yes
1631,1,1,0.9975273773533248,-0.0024760086089372635,-6.002476215362549,attack,yes
1632,1,1,0.9997965729291775,-0.00020358874462544918,-8.500203132629395,attack,yes
1633,1,1,0.880797076413356,-0.12693120539188385,-2.1269311904907227,attack,yes
1634,1,1,0.9706877709445761,-0.0297507643699646,-3.5297508239746094,attack,yes
1635,1,1,0.9999546021205225,-4.60137271147687e-05,-10.000045776367188,attack,yes
1636,1,1,0.9998766053661228,-0.0001234931987710297,-9.000123023986816,attack,yes
1637,1,1,0.9947798737599461,-0.005234346725046635,-5.255234241485596,attack,yes
1638,1,1,0.9990889487500213,-0.0009117737063206732,-7.000911712646484,attack,yes
1639,1,1,0.9959298622954293,-0.0040831537917256355,-5.504083156585693,attack,yes
1640,1,1,0.9968273169351358,-0.0031781899742782116,-5.753178119659424,attack,yes
1641,1,1,0.9968273169351358,-0.0031781899742782116,-5.753178119659424,attack,yes
1642,1,1,0.9988304898392486,-0.0011705459328368306,-6.751170635223389,attack,yes
1643,1,1,0.9890130559222517,-0.011048450134694576,-4.511048316955566,attack,yes
1644,1,1,0.9820137924066618,-0.018150195479393005,-4.018150329589844,attack,yes
1645,1,1,0.9959298627050367,-0.004078761208802462,-5.5040788650512695,attack,yes
1646,1,1,0.9890130572580872,-0.01104880403727293,-4.511048793792725,attack,yes
1647,1,1,0.9995694429587317,-0.0004314445541240275,-7.750431537628174,attack,yes
1648,1,1,0.9959298627050367,-0.004078761208802462,-5.5040788650512695,attack,yes
1649,1,1,0.9933071487785239,-0.006716296076774597,-5.006716251373291,attack,yes
1650,1,1,0.9984988174708712,-0.0015026956098154187,-6.501502513885498,attack,yes
1651,1,1,0.9959298627371258,-0.00408066064119339,-5.504080772399902,attack,yes
1652,1,1,0.9770226306753883,-0.023246262222528458,-3.7732462882995605,attack,yes
1653,1,1,0.9959298631863724,-0.004078642465174198,-5.5040788650512695,attack,yes
1654,1,1,0.9947798750439686,-0.005236006807535887,-5.2552361488342285,attack,yes
1655,1,1,0.9990889487504453,-0.000912250077817589,-7.000912189483643,attack,yes
1656,1,1,0.9914225138101391,-0.008615585044026375,-4.758615493774414,attack,yes
1657,1,1,0.9990889487500213,-0.0009117737063206732,-7.000911712646484,attack,yes
1658,1,1,0.962673111451103,-0.038042102009058,-3.2880420684814453,attack,yes
1659,1,1,0.9770226304244968,-0.02324579656124115,-3.7732458114624023,attack,yes
1660,1,1,0.9770226313026177,-0.023247426375746727,-3.773247480392456,attack,yes
1661,1,1,0.9999546021313451,-4.577531944960356e-05,-10.000045776367188,attack,yes
1662,1,1,0.9959298631863724,-0.004078642465174198,-5.5040788650512695,attack,yes
1663,1,1,0.9859363703223857,-0.014163684099912643,-4.264163494110107,attack,yes
1664,1,1,0.9947798743886578,-0.005234702490270138,-5.255234718322754,attack,yes
1665,1,1,0.998830489700131,-0.0011706650257110596,-6.751170635223389,attack,yes
1666,1,1,0.9988304898412884,-0.0011719746980816126,-6.751172065734863,attack,yes
1667,1,1,0.9984988176493829,-0.0015025765169411898,-6.501502513885498,attack,yes
1668,1,1,0.9975273773533248,-0.0024760086089372635,-6.002476215362549,attack,yes
1669,1,1,0.9988304898392486,-0.0011705459328368306,-6.751170635223389,attack,yes
1670,1,1,0.9947798737478556,-0.005233872216194868,-5.2552337646484375,attack,yes
1671,1,1,0.9914225159881076,-0.008617713116109371,-4.758617877960205,attack,yes
1672,1,1,0.9999038975505838,-9.667406266089529e-05,-9.250096321105957,attack,yes
1673,1,1,0.9626731130574596,-0.038043249398469925,-3.288043260574341,attack,yes
1674,1,1,0.9980732650196737,-0.0019289711490273476,-6.251928806304932,attack,yes
1675,1,1,0.998830489978366,-0.0011704268399626017,-6.751170635223389,attack,yes
1676,1,1,0.9947798737744549,-0.005234820768237114,-5.255234718322754,attack,yes
1677,1,1,0.9626731151992686,-0.03804175928235054,-3.288041830062866,attack,yes
1678,1,1,0.9994472213159005,-0.0005532164941541851,-7.500553131103516,attack,yes
1679,1,1,0.9959298627050367,-0.004078761208802462,-5.5040788650512695,attack,yes
1680,1,1,0.9820137863531804,-0.018151015043258667,-4.018150806427002,attack,yes
1681,1,1,0.9995694429072773,-0.0004306104383431375,-7.750430583953857,attack,yes
1682,1,1,0.9914225148476443,-0.008615939877927303,-4.758615970611572,attack,yes
1683,1,1,0.9933071495431723,-0.006715704221278429,-5.006715774536133,attack,yes
1684,1,1,0.989013057318807,-0.011049275286495686,-4.511049270629883,attack,yes
1685,1,1,0.9975273764706583,-0.0024758896324783564,-6.002475738525391,attack,yes
1686,1,1,0.9999546021421679,-4.5536911784438416e-05,-10.000045776367188,attack,yes
1687,1,1,0.9947798750052788,-0.005234583746641874,-5.255234718322754,attack,yes
1688,1,1,0.999841563745121,-0.00015853578224778175,-8.750158309936523,attack,yes
1689,1,1,0.9241418152779357,-0.0788920596241951,-2.5788919925689697,attack,yes
1690,1,1,0.9706877682416838,-0.029751574620604515,-3.5297515392303467,attack,yes
1691,1,1,0.9980732650196737,-0.0019289711490273476,-6.251928806304932,attack,yes
1692,1,1,0.9995694428559979,-0.00043072958942502737,-7.750430583953857,attack,yes
1693,1,1,0.9770226306753883,-0.023246262222528458,-3.7732462882995605,attack,yes
1694,1,1,0.9997388095964569,-0.0002616301644593477,-8.250261306762695,attack,yes
1695,1,1,0.9990889487500213,-0.0009117737063206732,-7.000911712646484,attack,yes
1696,1,1,0.9984988176493829,-0.0015025765169411898,-6.501502513885498,attack,yes
1697,1,1,0.999796573050461,-0.00020489977032411844,-8.500205039978027,attack,yes
1698,1,1,0.9770226305499425,-0.023246029391884804,-3.7732460498809814,attack,yes
1699,1,1,0.9968273169351358,-0.0031781899742782116,-5.753178119659424,attack,yes
1700,1,1,0.9997965730989017,-0.0002037079248111695,-8.500204086303711,attack,yes
1701,1,1,0.9399133512987253,-0.06196996942162514,-2.8119699954986572,attack,yes
1702,1,1,0.9990889487500213,-0.0009117737063206732,-7.000911712646484,attack,yes
1703,1,1,0.9820137907945937,-0.018151717260479927,-4.018151760101318,attack,yes
1704,1,1,0.994779873157834,-0.005234939511865377,-5.255234718322754,attack,yes
1705,1,1,0.9975273770604427,-0.002476127352565527,-6.002476215362549,attack,yes
1706,1,1,0.9994472214477166,-0.0005534547381103039,-7.500553607940674,attack,yes
1707,1,1,0.96267311613631,-0.038042448461055756,-3.2880425453186035,attack,yes
1708,1,1,0.9984988174708712,-0.0015026956098154187,-6.501502513885498,attack,yes
1709,1,1,0.9914225137388603,-0.00861463975161314,-4.758614540100098,attack,yes
1710,1,1,0.9914225137388603,-0.00861463975161314,-4.758614540100098,attack,yes
1711,1,1,0.9933071479488647,-0.006715467199683189,-5.006715297698975,attack,yes
1712,1,1,0.9959298617423651,-0.004078998696058989,-5.5040788650512695,attack,yes
1713,1,1,0.9996646499283663,-0.0003355178632773459,-8.000335693359375,attack,yes
1714,1,1,0.9859363753070244,-0.014163801446557045,-4.264163970947266,attack,yes
1715,1,1,0.9996646499283663,-0.0003355178632773459,-8.000335693359375,attack,yes
1716,1,1,0.9959298617518031,-0.004079473204910755,-5.504079341888428,attack,yes
1717,1,1,0.9626731107817877,-0.03804474323987961,-3.2880446910858154,attack,yes
1718,1,1,0.998830489978366,-0.0011704268399626017,-6.751170635223389,attack,yes
1719,1,1,0.9947798737744549,-0.005234820768237114,-5.255234718322754,attack,yes
1720,1,1,0.9914225159247485,-0.008616766892373562,-4.758616924285889,attack,yes
1721,1,1,0.9980732654806204,-0.0019296851241961122,-6.251929759979248,attack,yes
1722,1,1,0.9914225127330346,-0.008614758029580116,-4.758614540100098,attack,yes
1723,1,1,0.9988304898392486,-0.0011705459328368306,-6.751170635223389,attack,yes
1724,1,1,0.9933071480107795,-0.006716888397932053,-5.006716728210449,attack,yes
1725,1,1,0.9996646498884225,-0.00033563701435923576,-8.000335693359375,attack,yes
1726,1,1,0.9959298622331388,-0.004079354461282492,-5.504079341888428,attack,yes
1727,1,1,0.9988304898392486,-0.0011705459328368306,-6.751170635223389,attack,yes
1728,1,1,0.9994472214477166,-0.0005534547381103039,-7.500553607940674,attack,yes
1729,1,1,0.9984988180072789,-0.0015028145862743258,-6.501502990722656,attack,yes
1730,1,1,0.9997388097210002,-0.000262106885202229,-8.250262260437012,attack,yes
1731,1,1,0.9914225157821905,-0.008614876307547092,-4.758615016937256,attack,yes
1732,1,1,0.9241418163225626,-0.0788908526301384,-2.578890800476074,attack,yes
1733,1,1,0.9990889487512399,-0.0009132028790190816,-7.000913143157959,attack,yes
1734,1,1,0.9990889486416205,-0.0009118927991949022,-7.000911712646484,attack,yes
1735,1,1,0.9820137861886837,-0.01815054751932621,-4.018150329589844,attack,yes
1736,1,1,0.994779874993188,-0.005234109237790108,-5.255234241485596,attack,yes
1737,1,1,0.9984988178287671,-0.0015029336791485548,-6.501502990722656,attack,yes
1738,1,1,0.9959298627050367,-0.004078761208802462,-5.5040788650512695,attack,yes
1739,1,1,0.9770226282919171,-0.023246845230460167,-3.7732467651367188,attack,yes
1740,1,1,0.9998766053661228,-0.0001234931987710297,-9.000123023986816,attack,yes
1741,1,1,0.9706877715275526,-0.029751459136605263,-3.5297515392303467,attack,yes
1742,1,1,0.994779874993188,-0.005234109237790108,-5.255234241485596,attack,yes
1743,1,1,0.9959298631863724,-0.004078642465174198,-5.5040788650512695,attack,yes
1744,1,1,0.8519528019683106,-0.16022491455078125,-1.9102249145507812,attack,yes
1745,1,1,0.9999546021421679,-4.5536911784438416e-05,-10.000045776367188,attack,yes
1746,1,1,0.9997388096586981,-0.0002613918040879071,-8.250261306762695,attack,yes
1747,1,1,0.998073265248468,-0.0019288521725684404,-6.251928806304932,attack,yes
1748,1,1,0.9968273173114128,-0.0031780709978193045,-5.753178119659424,attack,yes
1749,1,1,0.9980732650212406,-0.001929447171278298,-6.25192928314209,attack,yes
1750,1,1,0.989013055861532,-0.01104797888547182,-4.511047840118408,attack,yes
1751,1,1,0.9890130597678383,-0.011048096232116222,-4.511048316955566,attack,yes
1752,1,1,0.6791786926816161,-0.3868725597858429,-1.1368725299835205,attack,yes
1753,1,1,0.9959298617518031,-0.004079473204910755,-5.504079341888428,attack,yes
1754,1,1,0.9859363721431996,-0.014164506457746029,-4.264164447784424,attack,yes
1755,1,1,0.9959298627144747,-0.004079235717654228,-5.504079341888428,attack,yes
1756,1,1,0.999941708755285,-5.876845170860179e-05,-9.750059127807617,attack,yes
1757,1,1,0.9914225147763652,-0.008614994585514069,-4.758615016937256,attack,yes
1758,1,1,0.9933071503511611,-0.006716059520840645,-5.006716251373291,attack,yes
1759,1,1,0.9990889487504453,-0.000912250077817589,-7.000912189483643,attack,yes
1760,1,1,0.9984988178287671,-0.0015029336791485548,-6.501502990722656,attack,yes
1761,1,1,0.9988304898392486,-0.0011705459328368306,-6.751170635223389,attack,yes
1762,1,1,0.993307147970535,-0.006715940777212381,-5.006715774536133,attack,yes
1763,1,1,0.9999251537816229,-7.521823135903105e-05,-9.500075340270996,attack,yes
1764,1,1,0.9968273165595951,-0.003178308717906475,-5.753178119659424,attack,yes
1765,1,0,0.26894141551050293,-1.3132754564285278,-0.31327542662620544,attack,no
1766,1,1,0.9984988176493829,-0.0015025765169411898,-6.501502513885498,attack,yes
1767,1,1,0.9947798744418563,-0.0052365995943546295,-5.255236625671387,attack,yes
1768,1,1,0.9994472213159005,-0.0005532164941541851,-7.500553131103516,attack,yes
1769,1,1,0.9968273169351358,-0.0031781899742782116,-5.753178119659424,attack,yes
1770,1,1,0.9933071495648425,-0.006716177798807621,-5.006716251373291,attack,yes
1771,1,1,0.9984988178287671,-0.0015029336791485548,-6.501502990722656,attack,yes
1772,1,1,0.9859363753974192,-0.014164271764457226,-4.264164447784424,attack,yes
1773,1,1,0.9992903296965427,-0.0007127366843633354,-7.250712871551514,attack,yes
1774,1,1,0.9975273767698575,-0.002476722002029419,-6.002476692199707,attack,yes
1775,1,1,0.8175744761936437,-0.20141839981079102,-1.701418399810791,attack,yes
1776,1,1,0.998073265248468,-0.0019288521725684404,-6.251928806304932,attack,yes
1777,1,1,0.9992903296108476,-0.0007104733376763761,-7.250710487365723,attack,yes
1778,1,1,0.9947798750052788,-0.005234583746641874,-5.255234718322754,attack,yes
1779,1,1,0.9990889487500213,-0.0009117737063206732,-7.000911712646484,attack,yes
1780,1,1,0.9975273773619391,-0.002477435627952218,-6.002477645874023,attack,yes
1781,1,1,0.9968273169351358,-0.0031781899742782116,-5.753178119659424,attack,yes
1782,1,1,0.9994472212501048,-0.000553335587028414,-7.500553131103516,attack,yes
1783,1,1,0.9968273169351358,-0.0031781899742782116,-5.753178119659424,attack,yes
1784,1,1,0.9997388096587665,-0.0002623452164698392,-8.250262260437012,attack,yes
1785,1,1,0.9999546021367565,-4.565611743601039e-05,-10.000045776367188,attack,yes
1786,1,1,0.9988304898392486,-0.0011705459328368306,-6.751170635223389,attack,yes
1787,1,1,0.6791787056691698,-0.3868729770183563,-1.1368730068206787,attack,yes
1788,1,1,0.9999038975505838,-9.667406266089529e-05,-9.250096321105957,attack,yes
1789,1,1,0.9998415638206688,-0.00015901254664640874,-8.75015926361084,attack,yes
1790,1,1,0.9992903296953456,-0.0007103541865944862,-7.250710487365723,attack,yes
1791,1,1,0.9914225127330346,-0.008614758029580116,-4.758614540100098,attack,yes
1792,1,1,0.9997965730504196,-0.00020394629973452538,-8.500204086303711,attack,yes
1793,1,1,0.9998415637262392,-0.0001586549769854173,-8.750158309936523,attack,yes
1794,1,1,0.970687767658707,-0.029750879853963852,-3.5297508239746094,attack,yes
1795,1,1,0.9994472212501048,-0.000553335587028414,-7.500553131103516,attack,yes
1796,1,1,0.9994472212501048,-0.000553335587028414,-7.500553131103516,attack,yes
1797,1,1,0.9859363753974192,-0.014164271764457226,-4.264164447784424,attack,yes
1798,1,1,0.999447221381889,-0.0005535738891921937,-7.500553607940674,attack,yes
1799,1,1,0.9933071495431723,-0.006715704221278429,-5.006715774536133,attack,yes
1800,1,1,0.9933071496700977,-0.006718546152114868,-5.006718635559082,attack,yes
1801,1,1,0.9994472213817283,-0.0005530973430722952,-7.500553131103516,attack,yes
1802,1,1,0.9959298627050367,-0.004078761208802462,-5.5040788650512695,attack,yes
1803,1,1,0.9980732650196737,-0.0019289711490273476,-6.251928806304932,attack,yes
1804,1,1,0.994779874376567,-0.005234227981418371,-5.255234241485596,attack,yes
1805,1,1,0.9947798737744549,-0.005234820768237114,-5.255234718322754,attack,yes
1806,1,1,0.999841563745121,-0.00015853578224778175,-8.750158309936523,attack,yes
1807,1,1,0.9994472213159005,-0.0005532164941541851,-7.500553131103516,attack,yes
1808,1,1,0.9241418267688303,-0.07889404147863388,-2.5788941383361816,attack,yes
1809,1,1,0.993307147970535,-0.006715940777212381,-5.006715774536133,attack,yes
1810,1,1,0.9933071496267573,-0.006717598997056484,-5.006717681884766,attack,yes
1811,1,1,0.9820137861886837,-0.01815054751932621,-4.018150329589844,attack,yes
1812,1,1,0.96267311613631,-0.038042448461055756,-3.2880425453186035,attack,yes
1813,1,1,0.9820137904984994,-0.018150780349969864,-4.018150806427002,attack,yes
1814,1,1,0.9890130572074874,-0.0110483318567276,-4.511048316955566,attack,yes
1815,1,1,0.9770226304244968,-0.02324579656124115,-3.7732458114624023,attack,yes
1816,1,1,0.998073265248468,-0.0019288521725684404,-6.251928806304932,attack,yes
1817,1,1,0.9914225137705398,-0.008615112863481045,-4.758615016937256,attack,yes
1818,1,1,0.9992903294416453,-0.0007102350937202573,-7.2507100105285645,attack,yes
1819,1,1,0.9994472213817283,-0.0005530973430722952,-7.500553131103516,attack,yes
1820,1,1,0.9975273764706583,-0.0024758896324783564,-6.002475738525391,attack,yes
1821,1,1,0.9990889489676177,-0.0009124883217737079,-7.000912666320801,attack,yes
1822,1,1,0.9997965730746621,-0.00020382710499688983,-8.500204086303711,attack,yes
1823,1,1,0.9984988176493829,-0.0015025765169411898,-6.501502513885498,attack,yes
1824,1,1,0.9998415637073574,-0.00015877417172305286,-8.750158309936523,attack,yes
1825,1,1,0.9992903295261432,-0.0007101159426383674,-7.2507100105285645,attack,yes
1826,1,1,0.9998415637262392,-0.0001586549769854173,-8.750158309936523,attack,yes
1827,1,1,0.9984988178287671,-0.0015029336791485548,-6.501502990722656,attack,yes
1828,1,1,0.9984988174708712,-0.0015026956098154187,-6.501502513885498,attack,yes
1829,1,1,0.9997388097210002,-0.000262106885202229,-8.250262260437012,attack,yes
1830,1,1,0.994779874993188,-0.005234109237790108,-5.255234241485596,attack,yes
1831,1,1,0.9990889488584223,-0.0009116546134464443,-7.000911712646484,attack,yes
1832,1,1,0.9988304898418323,-0.0011724510695785284,-6.7511725425720215,attack,yes
1833,1,1,0.9933071495648425,-0.006716177798807621,-5.006716251373291,attack,yes
1834,1,1,0.9997388096586981,-0.0002613918040879071,-8.250261306762695,attack,yes
1835,1,1,0.9626731105140616,-0.038044512271881104,-3.2880444526672363,attack,yes
1836,1,1,0.96267311613631,-0.038042448461055756,-3.2880425453186035,attack,yes
1837,1,1,0.9859363753070244,-0.014163801446557045,-4.264163970947266,attack,yes
1838,1,1,0.999290329441893,-0.0007107115816324949,-7.250710487365723,attack,yes
1839,1,1,0.9525741301883566,-0.048588916659355164,-3.048588991165161,attack,yes
1840,1,1,0.9994472213817283,-0.0005530973430722952,-7.500553131103516,attack,yes
1841,1,1,0.9990889487500213,-0.0009117737063206732,-7.000911712646484,attack,yes
1842,1,1,0.993307147970535,-0.006715940777212381,-5.006715774536133,attack,yes
1843,1,1,0.9990889486416205,-0.0009118927991949022,-7.000911712646484,attack,yes
1844,1,1,0.9999038975620383,-9.655486064730212e-05,-9.250096321105957,attack,yes
1845,1,1,0.9980732650196737,-0.0019289711490273476,-6.251928806304932,attack,yes
1846,1,1,0.9947798731312345,-0.0052339909598231316,-5.2552337646484375,attack,yes
1847,1,1,0.9770226304244968,-0.02324579656124115,-3.7732458114624023,attack,yes
1848,1,1,0.9984988176493829,-0.0015025765169411898,-6.501502513885498,attack,yes
1849,1,1,0.9980732654790533,-0.0019292091019451618,-6.25192928314209,attack,yes
1850,1,1,0.679178699175393,-0.3868718147277832,-1.1368718147277832,attack,yes
1851,1,1,0.9992903294416453,-0.0007102350937202573,-7.2507100105285645,attack,yes
1852,1,1,0.9975273764706583,-0.0024758896324783564,-6.002475738525391,attack,yes
1853,1,1,0.9994472214477166,-0.0005534547381103039,-7.500553607940674,attack,yes
1854,1,1,0.9914225157821905,-0.008614876307547092,-4.758615016937256,attack,yes
1855,1,1,0.9820137882613432,-0.01815043017268181,-4.018150329589844,attack,yes
1856,1,1,0.9992903294416453,-0.0007102350937202573,-7.2507100105285645,attack,yes
1857,1,1,0.998830489701491,-0.0011716175358742476,-6.751171588897705,attack,yes
1858,1,1,0.9933071480757902,-0.0067183091305196285,-5.006718158721924,attack,yes
1859,1,1,0.9984988174708712,-0.0015026956098154187,-6.501502513885498,attack,yes
1860,1,1,0.9994472213159005,-0.0005532164941541851,-7.500553131103516,attack,yes
1861,1,1,0.9959298627050367,-0.004078761208802462,-5.5040788650512695,attack,yes
1862,1,1,0.9995694429078157,-0.0004334702098276466,-7.750433444976807,attack,yes
1863,1,1,0.9984988174708712,-0.0015026956098154187,-6.501502513885498,attack,yes
1864,1,1,0.9992903294416453,-0.0007102350937202573,-7.2507100105285645,attack,yes
1865,1,1,0.998830489700131,-0.0011706650257110596,-6.751170635223389,attack,yes
1866,1,1,0.9914225137705398,-0.008615112863481045,-4.758615016937256,attack,yes
1867,1,1,0.994779874993188,-0.005234109237790108,-5.255234241485596,attack,yes
1868,1,1,0.9947798731457431,-0.005234465003013611,-5.255234241485596,attack,yes
1869,1,1,0.9914225138101391,-0.008615585044026375,-4.758615493774414,attack,yes
1870,1,1,0.9995694429587317,-0.0004314445541240275,-7.750431537628174,attack,yes
1871,1,1,0.9994472213159005,-0.0005532164941541851,-7.500553131103516,attack,yes
1872,1,1,0.998073265248468,-0.0019288521725684404,-6.251928806304932,attack,yes
1873,1,1,0.9706877682416838,-0.029751574620604515,-3.5297515392303467,attack,yes
1874,1,1,0.998830489701491,-0.0011716175358742476,-6.751171588897705,attack,yes
1875,1,1,0.9968273173114128,-0.0031780709978193045,-5.753178119659424,attack,yes
1876,1,1,0.9626731117188292,-0.0380423329770565,-3.2880423069000244,attack,yes
1877,1,1,0.9820137903340027,-0.018150312826037407,-4.018150329589844,attack,yes
1878,1,1,0.9984988180072789,-0.0015028145862743258,-6.501502990722656,attack,yes
1879,1,1,0.9990889489672469,-0.0009120118920691311,-7.000912189483643,attack,yes
1880,1,1,0.9959298627144747,-0.004079235717654228,-5.504079341888428,attack,yes
1881,1,1,0.9990889486424153,-0.0009128456003963947,-7.000912666320801,attack,yes
1882,1,1,0.9990889486416205,-0.0009118927991949022,-7.000911712646484,attack,yes
1883,1,1,0.9997388096587665,-0.0002623452164698392,-8.250262260437012,attack,yes
1884,1,1,0.9820137903340027,-0.018150312826037407,-4.018150329589844,attack,yes
1885,1,1,0.9525741249711753,-0.048589032143354416,-3.048588991165161,attack,yes
1886,1,1,0.9994472213159005,-0.0005532164941541851,-7.500553131103516,attack,yes
1887,1,1,0.9992903296105999,-0.0007099968497641385,-7.2507100105285645,attack,yes
1888,1,1,0.9933071487568537,-0.006715822499245405,-5.006715774536133,attack,yes
1889,1,1,0.9947798731312345,-0.0052339909598231316,-5.2552337646484375,attack,yes
1890,1,1,0.9980732650196737,-0.0019289711490273476,-6.251928806304932,attack,yes
1891,1,1,0.9968273165551771,-0.003177833277732134,-5.753177642822266,attack,yes
1892,1,1,0.993307147970535,-0.006715940777212381,-5.006715774536133,attack,yes
1893,1,1,0.9933071495431723,-0.006715704221278429,-5.006715774536133,attack,yes
1894,1,1,0.9999038975620383,-9.655486064730212e-05,-9.250096321105957,attack,yes
1895,1,1,0.9984988174719182,-0.0015031717484816909,-6.501502990722656,attack,yes
1896,1,1,0.9997388096275776,-0.0002615109842736274,-8.250261306762695,attack,yes
1897,1,1,0.994779874993188,-0.005234109237790108,-5.255234241485596,attack,yes
1898,1,1,0.993307148800194,-0.006716769654303789,-5.006716728210449,attack,yes
1899,1,1,0.9959298627050367,-0.004078761208802462,-5.5040788650512695,attack,yes
1900,1,1,0.9890130572580872,-0.01104880403727293,-4.511048793792725,attack,yes
1901,1,1,0.9914225137388603,-0.00861463975161314,-4.758614540100098,attack,yes
1902,1,1,0.9995694429587317,-0.0004314445541240275,-7.750431537628174,attack,yes
1903,1,1,0.995929862223701,-0.004078879952430725,-5.5040788650512695,attack,yes
1904,1,1,0.9980732657078478,-0.0019290901254862547,-6.25192928314209,attack,yes
1905,1,1,0.9999546021313451,-4.577531944960356e-05,-10.000045776367188,attack,yes
1906,1,1,0.9994472213159005,-0.0005532164941541851,-7.500553131103516,attack,yes
1907,1,1,0.9992903296108476,-0.0007104733376763761,-7.250710487365723,attack,yes
1908,1,1,0.9980732657078478,-0.0019290901254862547,-6.25192928314209,attack,yes
1909,1,1,0.9968273165595951,-0.003178308717906475,-5.753178119659424,attack,yes
1910,1,1,0.9992903296953456,-0.0007103541865944862,-7.250710487365723,attack,yes
1911,1,1,0.994779874993188,-0.005234109237790108,-5.255234241485596,attack,yes
1912,1,1,0.9820137903340027,-0.018150312826037407,-4.018150329589844,attack,yes
1913,1,1,0.9933071503294908,-0.006715585943311453,-5.006715774536133,attack,yes
1914,1,1,0.9996646498884225,-0.00033563701435923576,-8.000335693359375,attack,yes
1915,1,1,0.970687767658707,-0.029750879853963852,-3.5297508239746094,attack,yes
1916,1,1,0.989013058482603,-0.011048214510083199,-4.511048316955566,attack,yes
1917,1,1,0.9959298622406891,-0.004079829435795546,-5.504079818725586,attack,yes
1918,1,1,0.9990889488584223,-0.0009116546134464443,-7.000911712646484,attack,yes
1919,1,1,0.989013058482603,-0.011048214510083199,-4.511048316955566,attack,yes
1920,1,1,0.9990889489672469,-0.0009120118920691311,-7.000912189483643,attack,yes
1921,1,1,0.9994472213817283,-0.0005530973430722952,-7.500553131103516,attack,yes
1922,1,1,0.9975273773533248,-0.0024760086089372635,-6.002476215362549,attack,yes
1923,1,1,0.9968273173114128,-0.0031780709978193045,-5.753178119659424,attack,yes
1924,1,1,0.9975273767669861,-0.002476246329024434,-6.002476215362549,attack,yes
1925,1,1,0.9770226308008343,-0.02324649505317211,-3.7732465267181396,attack,yes
1926,1,1,0.9984988180072789,-0.0015028145862743258,-6.501502990722656,attack,yes
1927,1,1,0.9914225137705398,-0.008615112863481045,-4.758615016937256,attack,yes
1928,1,1,0.998073265248468,-0.0019288521725684404,-6.251928806304932,attack,yes
1929,1,1,0.9996646499283663,-0.0003355178632773459,-8.000335693359375,attack,yes
1930,1,1,0.9984988174708712,-0.0015026956098154187,-6.501502513885498,attack,yes
1931,1,1,0.9997965730261801,-0.0002040654799202457,-8.500204086303711,attack,yes
1932,1,1,0.9859363753070244,-0.014163801446557045,-4.264163970947266,attack,yes
1933,1,1,0.9999251537459389,-7.56950321374461e-05,-9.500075340270996,attack,yes
1934,1,1,0.9992903295261432,-0.0007101159426383674,-7.2507100105285645,attack,yes
1935,1,1,0.9890130585939225,-0.011049157939851284,-4.511049270629883,attack,yes
1936,1,1,0.9996646499283663,-0.0003355178632773459,-8.000335693359375,attack,yes
1937,1,1,0.9994472213159005,-0.0005532164941541851,-7.500553131103516,attack,yes
1938,1,1,0.9046505383142494,-0.10020776838064194,-2.350207805633545,attack,yes
1939,1,1,0.9968273173114128,-0.0031780709978193045,-5.753178119659424,attack,yes
1940,1,1,0.9994472213159005,-0.0005532164941541851,-7.500553131103516,attack,yes
1941,1,1,0.9988304896995872,-0.0011701886542141438,-6.7511701583862305,attack,yes
1942,1,1,0.9975273764764009,-0.002476840978488326,-6.002476692199707,attack,yes
1943,1,1,0.9992903296105999,-0.0007099968497641385,-7.2507100105285645,attack,yes
1944,1,1,0.9933071495431723,-0.006715704221278429,-5.006715774536133,attack,yes
1945,1,1,0.9995694429073649,-0.00043108707177452743,-7.750431060791016,attack,yes
1946,1,1,0.9968273176869535,-0.003177952254191041,-5.753178119659424,attack,yes
1947,1,1,0.9984988180072789,-0.0015028145862743258,-6.501502990722656,attack,yes
1948,1,1,0.994779874376567,-0.005234227981418371,-5.255234241485596,attack,yes
1949,1,1,0.9984988176493829,-0.0015025765169411898,-6.501502513885498,attack,yes
1950,1,1,0.9999038975734921,-9.643566590966657e-05,-9.250096321105957,attack,yes
1951,1,1,0.9914225147763652,-0.008614994585514069,-4.758615016937256,attack,yes
1952,1,1,0.9959298627371258,-0.00408066064119339,-5.504080772399902,attack,yes
1953,1,1,0.9995694429586441,-0.00043096792069263756,-7.750431060791016,attack,yes
1954,1,1,0.9968273165647497,-0.0031787839252501726,-5.753178596496582,attack,yes
1955,1,1,0.9998415638395506,-0.00015889335190877318,-8.75015926361084,attack,yes
1956,1,1,0.9770226310517259,-0.02324696071445942,-3.773247003555298,attack,yes
1957,1,1,0.9525741274956179,-0.04858778417110443,-3.0485877990722656,attack,yes
1958,1,1,0.9706877725345124,-0.029752615839242935,-3.529752731323242,attack,yes
1959,1,1,0.998073265248468,-0.0019288521725684404,-6.251928806304932,attack,yes
1960,1,1,0.9914225147763652,-0.008614994585514069,-4.758615016937256,attack,yes
1961,1,1,0.9859363704127807,-0.014164154417812824,-4.264163970947266,attack,yes
1962,1,1,0.999903897619317,-9.691245941212401e-05,-9.250097274780273,attack,yes
1963,1,1,0.9933071495648425,-0.006716177798807621,-5.006716251373291,attack,yes
1964,1,1,0.9770226282919171,-0.023246845230460167,-3.7732467651367188,attack,yes
1965,1,1,0.9968273173114128,-0.0031780709978193045,-5.753178119659424,attack,yes
1966,1,1,0.989013054920375,-0.011050926521420479,-4.511050701141357,attack,yes
1967,1,1,0.9859363720398908,-0.014164037071168423,-4.264163970947266,attack,yes
1968,1,1,0.9994472212501048,-0.000553335587028414,-7.500553131103516,attack,yes
1969,1,1,0.993307147970535,-0.006715940777212381,-5.006715774536133,attack,yes
1970,1,1,0.9994472212501048,-0.000553335587028414,-7.500553131103516,attack,yes
1971,1,1,0.9988304898392486,-0.0011705459328368306,-6.751170635223389,attack,yes
1972,1,1,0.998830489700131,-0.0011706650257110596,-6.751170635223389,attack,yes
1973,1,1,0.9990889486416205,-0.0009118927991949022,-7.000911712646484,attack,yes
1974,1,1,0.9968273176921079,-0.0031784274615347385,-5.753178596496582,attack,yes
1975,1,1,0.9959298622406891,-0.004079829435795546,-5.504079818725586,attack,yes
1976,1,1,0.9947798731312345,-0.0052339909598231316,-5.2552337646484375,attack,yes
1977,1,1,0.9994472212506837,-0.0005552418879233301,-7.500555038452148,attack,yes
1978,1,1,0.9933071487568537,-0.006715822499245405,-5.006715774536133,attack,yes
1979,1,1,0.9996646498486834,-0.00033766290289349854,-8.000337600708008,attack,yes
1980,1,1,0.9999038975734921,-9.643566590966657e-05,-9.250096321105957,attack,yes
1981,1,1,0.998830489700131,-0.0011706650257110596,-6.751170635223389,attack,yes
1982,1,1,0.9988304898392486,-0.0011705459328368306,-6.751170635223389,attack,yes
1983,1,1,0.998073265248468,-0.0019288521725684404,-6.251928806304932,attack,yes
1984,1,1,0.9046505434556232,-0.10020723193883896,-2.3502073287963867,attack,yes
1985,1,1,0.9933071487568537,-0.006715822499245405,-5.006715774536133,attack,yes
1986,1,1,0.9996646498884225,-0.00033563701435923576,-8.000335693359375,attack,yes
1987,1,1,0.9988304898392486,-0.0011705459328368306,-6.751170635223389,attack,yes
1988,1,1,0.9890130597678383,-0.011048096232116222,-4.511048316955566,attack,yes
1989,1,1,0.9959298627050367,-0.004078761208802462,-5.5040788650512695,attack,yes
1990,1,1,0.9997388096275776,-0.0002615109842736274,-8.250261306762695,attack,yes
1991,1,1,0.9994472212501048,-0.000553335587028414,-7.500553131103516,attack,yes
1992,1,1,0.9706877680826902,-0.02975134178996086,-3.5297513008117676,attack,yes
1993,1,1,0.999569443009936,-0.00043084874050691724,-7.750431060791016,attack,yes
1994,1,1,0.9980732650196737,-0.0019289711490273476,-6.251928806304932,attack,yes
1995,1,1,0.9933071479891094,-0.006716414820402861,-5.006716251373291,attack,yes
1996,1,1,0.9980732657078478,-0.0019290901254862547,-6.25192928314209,attack,yes
1997,1,1,0.9984988174708712,-0.0015026956098154187,-6.501502513885498,attack,yes
1998,1,1,0.9996646500087031,-0.00033909291960299015,-8.00033950805664,attack,yes
1999,1,1,0.9984988178287671,-0.0015029336791485548,-6.501502990722656,attack,yes
2000,1,1,0.9525741219418441,-0.04858766868710518,-3.0485875606536865,attack,yes
2001,1,1,0.9975273773533248,-0.0024760086089372635,-6.002476215362549,attack,yes
2002,1,1,0.9820137904984994,-0.018150780349969864,-4.018150806427002,attack,yes
2003,1,1,0.9995694429586441,-0.00043096792069263756,-7.750431060791016,attack,yes
2004,1,1,0.9999832985761634,-1.728519782773219e-05,-11.000017166137695,attack,yes
2005,1,1,0.9975273767641146,-0.0024757706560194492,-6.002475738525391,attack,yes
2006,1,1,0.998830489978366,-0.0011704268399626017,-6.751170635223389,attack,yes
2007,1,1,0.994779874993188,-0.005234109237790108,-5.255234241485596,attack,yes
2008,1,1,0.9968273173114128,-0.0031780709978193045,-5.753178119659424,attack,yes
2009,1,1,0.9996646498484688,-0.0003357561945449561,-8.000335693359375,attack,yes
2010,1,1,0.9968273176869535,-0.003177952254191041,-5.753178119659424,attack,yes
2011,1,1,0.9525741259809523,-0.04858948662877083,-3.0485894680023193,attack,yes
2012,1,1,0.9959298627050367,-0.004078761208802462,-5.5040788650512695,attack,yes
2013,1,1,0.622459324198198,-0.47407951951026917,-0.9740794897079468,attack,yes
2014,1,1,0.999876605366137,-0.00012444675667211413,-9.000123977661133,attack,yes
2015,1,1,0.999447221381889,-0.0005535738891921937,-7.500553607940674,attack,yes
2016,1,1,0.9914225137705398,-0.008615112863481045,-4.758615016937256,attack,yes
2017,1,1,0.9241418241572634,-0.07889074087142944,-2.578890800476074,attack,yes
2018,1,1,0.9990889487504453,-0.000912250077817589,-7.000912189483643,attack,yes
2019,1,1,0.9890130597678383,-0.011048096232116222,-4.511048316955566,attack,yes
2020,1,1,0.9241418116217418,-0.07889139652252197,-2.5788912773132324,attack,yes
2021,1,1,0.9933071487568537,-0.006715822499245405,-5.006715774536133,attack,yes
2022,1,1,0.9990889489672469,-0.0009120118920691311,-7.000912189483643,attack,yes
2023,1,1,0.9859363753974192,-0.014164271764457226,-4.264164447784424,attack,yes
2024,1,1,0.993307147970535,-0.006715940777212381,-5.006715774536133,attack,yes
2025,1,1,0.9947798737599461,-0.005234346725046635,-5.255234241485596,attack,yes
2026,1,1,0.9998415638395506,-0.00015889335190877318,-8.75015926361084,attack,yes
2027,1,1,0.9859363738607045,-0.014164859429001808,-4.264164924621582,attack,yes
2028,1,1,0.9997965730261801,-0.0002040654799202457,-8.500204086303711,attack,yes
2029,1,1,0.9988304895604696,-0.0011703077470883727,-6.7511701583862305,attack,yes
2030,1,1,0.8807970732843035,-0.12693004310131073,-2.126929998397827,attack,yes
2031,1,1,0.9241418252018903,-0.07889239490032196,-2.578892469406128,attack,yes
2032,1,1,0.9984988178299887,-0.0015034097013995051,-6.5015034675598145,attack,yes
2033,1,1,0.9968273176869535,-0.003177952254191041,-5.753178119659424,attack,yes
2034,1,1,0.9992903296110953,-0.0007109498255886137,-7.250710964202881,attack,yes
2035,1,1,0.9975273770604427,-0.002476127352565527,-6.002476215362549,attack,yes
2036,1,1,0.9975273773533248,-0.0024760086089372635,-6.002476215362549,attack,yes
2037,1,1,0.9890130585433228,-0.011048685759305954,-4.511048793792725,attack,yes
2038,1,1,0.9706877707325846,-0.029750533401966095,-3.5297505855560303,attack,yes
2039,1,1,0.9984988180072789,-0.0015028145862743258,-6.501502990722656,attack,yes
2040,1,1,0.998830489978366,-0.0011704268399626017,-6.751170635223389,attack,yes
2041,1,1,0.9990889487504453,-0.000912250077817589,-7.000912189483643,attack,yes
2042,1,1,0.9984988176493829,-0.0015025765169411898,-6.501502513885498,attack,yes
2043,1,1,0.8519527944504226,-0.16025954484939575,-1.910259485244751,attack,yes
2044,1,1,0.998073265248468,-0.0019288521725684404,-6.251928806304932,attack,yes
2045,1,1,0.9999417087135934,-5.8530047681415454e-05,-9.7500581741333,attack,yes
2046,1,1,0.9959298622331388,-0.004079354461282492,-5.504079341888428,attack,yes
2047,1,1,0.9968273169351358,-0.0031781899742782116,-5.753178119659424,attack,yes
2048,1,1,0.9990889487504453,-0.000912250077817589,-7.000912189483643,attack,yes
2049,1,1,0.9997388095654046,-0.0002627027570270002,-8.250262260437012,attack,yes
2050,1,1,0.9998766054543742,-0.00012373158824630082,-9.000123977661133,attack,yes
2051,1,1,0.9975273770661855,-0.0024770786985754967,-6.002477169036865,attack,yes
2052,1,1,0.9997965730746621,-0.00020382710499688983,-8.500204086303711,attack,yes
2053,1,1,0.9999038976078815,-9.893881360767409e-05,-9.250099182128906,attack,yes
2054,1,1,0.9999785550541406,-2.1815061700181104e-05,-10.750021934509277,attack,yes
2055,1,1,0.9975273773533248,-0.0024760086089372635,-6.002476215362549,attack,yes
2056,1,1,0.96267311613631,-0.038042448461055756,-3.2880425453186035,attack,yes
2057,1,1,0.994779874993188,-0.005234109237790108,-5.255234241485596,attack,yes
2058,1,1,0.999796572929219,-0.00020454221521504223,-8.500204086303711,attack,yes
2059,1,1,0.9770226306753883,-0.023246262222528458,-3.7732462882995605,attack,yes
2060,1,1,0.8519527982093668,-0.16022542119026184,-1.9102253913879395,attack,yes
2061,1,1,0.9968273176869535,-0.003177952254191041,-5.753178119659424,attack,yes
2062,1,1,0.989013055861532,-0.01104797888547182,-4.511047840118408,attack,yes
2063,1,1,0.985936371949496,-0.014163566753268242,-4.264163494110107,attack,yes
2064,1,1,0.9933071496081828,-0.006717124953866005,-5.006717205047607,attack,yes
2065,1,1,0.9990889487500213,-0.0009117737063206732,-7.000911712646484,attack,yes
2066,1,1,0.9933071479488647,-0.006715467199683189,-5.006715297698975,attack,yes
2067,1,1,0.9859363736799145,-0.014163918793201447,-4.264163970947266,attack,yes
2068,1,1,0.9890130574301267,-0.011050218716263771,-4.511050224304199,attack,yes
2069,1,1,0.6224593312018546,-0.4740782380104065,-0.9740782380104065,attack,yes
2070,1,1,0.9820137882613432,-0.01815043017268181,-4.018150329589844,attack,yes
2071,1,1,0.9995694428560857,-0.0004312062228564173,-7.750431060791016,attack,yes
2072,1,1,0.9992903294423884,-0.0007116645574569702,-7.250711441040039,attack,yes
2073,1,1,0.99142251582179,-0.008615348488092422,-4.758615493774414,attack,yes
2074,1,1,0.9997388096587665,-0.0002623452164698392,-8.250262260437012,attack,yes
2075,1,1,0.9770226282082864,-0.023246610537171364,-3.7732465267181396,attack,yes
2076,1,1,0.9998415637073574,-0.00015877417172305286,-8.750158309936523,attack,yes
2077,1,1,0.9997965730746621,-0.00020382710499688983,-8.500204086303711,attack,yes
2078,1,1,0.9820137885903367,-0.018151365220546722,-4.01815128326416,attack,yes
2079,1,1,0.9525741234565097,-0.0485883504152298,-3.048588275909424,attack,yes
2080,1,1,0.9947798737599461,-0.005234346725046635,-5.255234241485596,attack,yes
2081,1,1,0.9984988174719182,-0.0015031717484816909,-6.501502990722656,attack,yes
2082,1,1,0.9046505267461572,-0.10020766407251358,-2.350207567214966,attack,yes
2083,1,1,0.9984988178287671,-0.0015029336791485548,-6.501502990722656,attack,yes
2084,1,1,0.9980732650196737,-0.0019289711490273476,-6.251928806304932,attack,yes
2085,1,1,0.9990889489676177,-0.0009124883217737079,-7.000912666320801,attack,yes
2086,1,1,0.9959298622406891,-0.004079829435795546,-5.504079818725586,attack,yes
2087,1,1,0.9975273773561962,-0.0024764842819422483,-6.002476692199707,attack,yes
2088,1,1,0.8519528076067262,-0.16022582352161407,-1.9102258682250977,attack,yes
2089,1,1,0.9525741285053948,-0.048588238656520844,-3.048588275909424,attack,yes
2090,1,1,0.9997388095653363,-0.00026174934464506805,-8.250261306762695,attack,yes
2091,1,1,0.9992903296108476,-0.0007104733376763761,-7.250710487365723,attack,yes
2092,1,1,0.9990889488584223,-0.0009116546134464443,-7.000911712646484,attack,yes
2093,1,1,0.9984988180072789,-0.0015028145862743258,-6.501502990722656,attack,yes
2094,1,1,0.9995694428559979,-0.00043072958942502737,-7.750430583953857,attack,yes
2095,1,1,0.8807970748488297,-0.12692931294441223,-2.12692928314209,attack,yes
2096,1,1,0.9995694429586441,-0.00043096792069263756,-7.750431060791016,attack,yes
2097,1,1,0.9890130572580872,-0.01104880403727293,-4.511048793792725,attack,yes
2098,1,1,0.9968273165551771,-0.003177833277732134,-5.753177642822266,attack,yes
2099,1,1,0.998830489700131,-0.0011706650257110596,-6.751170635223389,attack,yes
2100,1,1,0.9994472212505229,-0.0005547653418034315,-7.50055456161499,attack,yes
2101,1,1,0.9990889489676177,-0.0009124883217737079,-7.000912666320801,attack,yes
2102,1,1,0.817574478416099,-0.2014152854681015,-1.7014153003692627,attack,yes
2103,1,1,0.9988304898392486,-0.0011705459328368306,-6.751170635223389,attack,yes
2104,1,1,0.9990889487500213,-0.0009117737063206732,-7.000911712646484,attack,yes
2105,1,1,0.9770226279573947,-0.023246144875884056,-3.7732460498809814,attack,yes
2106,1,1,0.9984988178299887,-0.0015034097013995051,-6.5015034675598145,attack,yes
2107,1,1,0.9399133498259924,-0.06196951866149902,-2.811969518661499,attack,yes
2108,1,1,0.9968273165595951,-0.003178308717906475,-5.753178119659424,attack,yes
2109,1,1,0.9947798732352139,-0.005237785633653402,-5.255237579345703,attack,yes
2110,1,1,0.999841563745121,-0.00015853578224778175,-8.750158309936523,attack,yes
2111,1,1,0.9959298631863724,-0.004078642465174198,-5.5040788650512695,attack,yes
2112,1,1,0.9959298617348148,-0.004078523721545935,-5.504078388214111,attack,yes
2113,1,1,0.9990889487500213,-0.0009117737063206732,-7.000911712646484,attack,yes
2114,1,1,0.970687767658707,-0.029750879853963852,-3.5297508239746094,attack,yes
2115,1,1,0.9914225148476443,-0.008615939877927303,-4.758615970611572,attack,yes
2116,1,1,0.998830489978366,-0.0011704268399626017,-6.751170635223389,attack,yes
2117,1,1,0.9968273173114128,-0.0031780709978193045,-5.753178119659424,attack,yes
2118,1,1,0.9859363738607045,-0.014164859429001808,-4.264164924621582,attack,yes
2119,1,1,0.9859363756815178,-0.014165681786835194,-4.264165878295898,attack,yes
2120,1,1,0.9975273773533248,-0.0024760086089372635,-6.002476215362549,attack,yes
2121,1,1,0.9999546021421699,-4.649054244509898e-05,-10.000046730041504,attack,yes
2122,1,1,0.9997965729291775,-0.00020358874462544918,-8.500203132629395,attack,yes
2123,1,1,0.9525741249711753,-0.048589032143354416,-3.048588991165161,attack,yes
2124,1,1,0.7772998663336157,-0.2519319951534271,-1.5019320249557495,attack,yes
2125,1,1,0.998073265248468,-0.0019288521725684404,-6.251928806304932,attack,yes
2126,1,1,0.9995694429586441,-0.00043096792069263756,-7.750431060791016,attack,yes
2127,1,1,0.9959298627050367,-0.004078761208802462,-5.5040788650512695,attack,yes
2128,1,1,0.9968273173114128,-0.0031780709978193045,-5.753178119659424,attack,yes
2129,1,1,0.9999038975620383,-9.655486064730212e-05,-9.250096321105957,attack,yes
2130,1,1,0.9998766054396679,-0.00012385078298393637,-9.000123977661133,attack,yes
2131,1,1,0.9626731130574596,-0.038043249398469925,-3.288043260574341,attack,yes
2132,1,1,0.9980732650196737,-0.0019289711490273476,-6.251928806304932,attack,yes
2133,1,1,0.9968273169351358,-0.0031781899742782116,-5.753178119659424,attack,yes
2134,1,1,0.9990889486416205,-0.0009118927991949022,-7.000911712646484,attack,yes
2135,1,1,0.9997388097832411,-0.0002618685248307884,-8.250262260437012,attack,yes
2136,1,1,0.9980732650212406,-0.001929447171278298,-6.25192928314209,attack,yes
2137,1,1,0.9947798731312345,-0.0052339909598231316,-5.2552337646484375,attack,yes
2138,1,1,0.9992903294416453,-0.0007102350937202573,-7.2507100105285645,attack,yes
2139,1,1,0.9999646437577103,-3.6000557884108275e-05,-10.250036239624023,attack,yes
2140,1,1,0.9959298631863724,-0.004078642465174198,-5.5040788650512695,attack,yes
2141,1,1,0.9975273767641146,-0.0024757706560194492,-6.002475738525391,attack,yes
2142,1,1,0.9975273773561962,-0.0024764842819422483,-6.002476692199707,attack,yes
2143,1,1,0.9997388096587665,-0.0002623452164698392,-8.250262260437012,attack,yes
2144,1,1,0.9626731086399787,-0.03804313391447067,-3.2880430221557617,attack,yes
2145,1,1,0.9990889487500213,-0.0009117737063206732,-7.000911712646484,attack,yes
2146,1,1,0.989013058482603,-0.011048214510083199,-4.511048316955566,attack,yes
2147,1,1,0.998830489700131,-0.0011706650257110596,-6.751170635223389,attack,yes
2148,1,1,0.998830489978366,-0.0011704268399626017,-6.751170635223389,attack,yes
2149,1,1,0.995929862223701,-0.004078879952430725,-5.5040788650512695,attack,yes
2150,1,1,0.9968273169351358,-0.0031781899742782116,-5.753178119659424,attack,yes
2151,1,1,0.9994472212502334,-0.0005538121913559735,-7.500553607940674,attack,yes
2152,1,1,0.8519528038477825,-0.1602257341146469,-1.910225749015808,attack,yes
2153,1,1,0.9975273767698575,-0.002476722002029419,-6.002476692199707,attack,yes
2154,1,1,0.9914225138101391,-0.008615585044026375,-4.758615493774414,attack,yes
2155,1,1,0.9999417087135934,-5.8530047681415454e-05,-9.7500581741333,attack,yes
2156,1,1,0.9968273165647497,-0.0031787839252501726,-5.753178596496582,attack,yes
2157,1,1,0.9968273169447085,-0.0031791406217962503,-5.75317907333374,attack,yes
2158,1,1,0.9968273173114128,-0.0031780709978193045,-5.753178119659424,attack,yes
2159,1,1,0.9914225137705398,-0.008615112863481045,-4.758615016937256,attack,yes
2160,1,1,0.9959298617423651,-0.004078998696058989,-5.5040788650512695,attack,yes
2161,1,1,0.9975273767669861,-0.002476246329024434,-6.002476215362549,attack,yes
2162,1,1,0.9890130597678383,-0.011048096232116222,-4.511048316955566,attack,yes
2163,1,1,0.9988304895604696,-0.0011703077470883727,-6.7511701583862305,attack,yes
2164,1,1,0.998830489700131,-0.0011706650257110596,-6.751170635223389,attack,yes
2165,1,1,0.8807970670261975,-0.1269296258687973,-2.126929521560669,attack,yes
2166,1,1,0.9241418126663687,-0.07889018952846527,-2.578890085220337,attack,yes
2167,1,1,0.9933071495648425,-0.006716177798807621,-5.006716251373291,attack,yes
2168,1,1,0.9990889487500213,-0.0009117737063206732,-7.000911712646484,attack,yes
2169,1,1,0.9990889489668762,-0.0009115354623645544,-7.000911712646484,attack,yes
2170,1,1,0.9988304895616935,-0.0011712603736668825,-6.751171112060547,attack,yes
2171,1,1,0.9984988176493829,-0.0015025765169411898,-6.501502513885498,attack,yes
2172,1,1,0.9975273773561962,-0.0024764842819422483,-6.002476692199707,attack,yes
2173,1,1,0.9399133512987253,-0.061968062072992325,-2.8119680881500244,attack,yes
2174,1,1,0.9997965729291775,-0.00020358874462544918,-8.500203132629395,attack,yes
2175,1,1,0.9984988178277202,-0.0015024575404822826,-6.501502513885498,attack,yes
2176,1,1,0.999447221381889,-0.0005535738891921937,-7.500553607940674,attack,yes
2177,1,1,0.9859363753974192,-0.014164271764457226,-4.264164447784424,attack,yes
2178,1,1,0.9990889488584223,-0.0009116546134464443,-7.000911712646484,attack,yes
2179,1,1,0.9975273764706583,-0.0024758896324783564,-6.002475738525391,attack,yes
2180,1,1,0.9996646498484688,-0.0003357561945449561,-8.000335693359375,attack,yes
2181,1,1,0.9626731089077046,-0.03804336488246918,-3.288043260574341,attack,yes
2182,1,1,0.9933071495431723,-0.006715704221278429,-5.006715774536133,attack,yes
2183,1,1,0.9980732657078478,-0.0019290901254862547,-6.25192928314209,attack,yes
2184,1,1,0.9984988174708712,-0.0015026956098154187,-6.501502513885498,attack,yes
2185,1,1,0.7310585786300049,-0.3132636547088623,-1.3132636547088623,attack,yes
2186,1,1,0.9399133561377042,-0.06196940690279007,-2.811969518661499,attack,yes
2187,1,1,0.9968273173114128,-0.0031780709978193045,-5.753178119659424,attack,yes
2188,1,1,0.9914225157821905,-0.008614876307547092,-4.758615016937256,attack,yes
2189,1,1,0.9525741274956179,-0.04858778417110443,-3.0485877990722656,attack,yes
2190,1,1,0.998830489700131,-0.0011706650257110596,-6.751170635223389,attack,yes
2191,1,1,0.999290329441893,-0.0007107115816324949,-7.250710487365723,attack,yes
2192,1,1,0.9975273773533248,-0.0024760086089372635,-6.002476215362549,attack,yes
2193,1,1,0.9947798731312345,-0.0052339909598231316,-5.2552337646484375,attack,yes
2194,1,1,0.9859363721431996,-0.014164506457746029,-4.264164447784424,attack,yes
2195,1,1,0.9933071480107795,-0.006716888397932053,-5.006716728210449,attack,yes
2196,1,1,0.9990889486416205,-0.0009118927991949022,-7.000911712646484,attack,yes
2197,1,1,0.9997388096587665,-0.0002623452164698392,-8.250262260437012,attack,yes
2198,1,1,0.9706877713685592,-0.02975122630596161,-3.5297513008117676,attack,yes
2199,1,1,0.9997388096586981,-0.0002613918040879071,-8.250261306762695,attack,yes
2200,1,1,0.9997965730261801,-0.0002040654799202457,-8.500204086303711,attack,yes
2201,1,1,0.9890130597678383,-0.011048096232116222,-4.511048316955566,attack,yes
2202,1,1,0.9859363739510995,-0.014165329746901989,-4.26416540145874,attack,yes
2203,1,1,0.9994472212506837,-0.0005552418879233301,-7.500555038452148,attack,yes
2204,1,1,0.9706877711565677,-0.029750995337963104,-3.5297510623931885,attack,yes
2205,1,1,0.9933071479891094,-0.006716414820402861,-5.006716251373291,attack,yes
2206,1,1,0.994779874993188,-0.005234109237790108,-5.255234241485596,attack,yes
2207,1,1,0.9992903296110953,-0.0007109498255886137,-7.250710964202881,attack,yes
2208,1,1,0.9988304895604696,-0.0011703077470883727,-6.7511701583862305,attack,yes
2209,1,1,0.9820137863531804,-0.018151015043258667,-4.018150806427002,attack,yes
2210,1,1,0.9990889486424153,-0.0009128456003963947,-7.000912666320801,attack,yes
2211,1,1,0.989013058482603,-0.011048214510083199,-4.511048316955566,attack,yes
2212,1,1,0.9914225147763652,-0.008614994585514069,-4.758615016937256,attack,yes
2213,1,1,0.9975273773619391,-0.002477435627952218,-6.002477645874023,attack,yes
2214,1,1,0.9995694429587317,-0.0004314445541240275,-7.750431537628174,attack,yes
2215,1,1,0.9859363753070244,-0.014163801446557045,-4.264163970947266,attack,yes
2216,1,1,0.9933071479891094,-0.006716414820402861,-5.006716251373291,attack,yes
2217,1,1,0.952574122951621,-0.04858812317252159,-3.0485880374908447,attack,yes
2218,1,1,0.9990889488584223,-0.0009116546134464443,-7.000911712646484,attack,yes
2219,1,1,0.9859363754878143,-0.014164742082357407,-4.264164924621582,attack,yes
2220,1,1,0.9933071487568537,-0.006715822499245405,-5.006715774536133,attack,yes
2221,1,1,0.962673116805625,-0.038042906671762466,-3.2880430221557617,attack,yes
2222,1,1,0.9947798731312345,-0.0052339909598231316,-5.2552337646484375,attack,yes
2223,1,1,0.9859363738607045,-0.014164859429001808,-4.264164924621582,attack,yes
2224,1,1,0.9984988180072789,-0.0015028145862743258,-6.501502990722656,attack,yes
2225,1,1,0.9994472213159005,-0.0005532164941541851,-7.500553131103516,attack,yes
2226,1,1,0.9988304898392486,-0.0011705459328368306,-6.751170635223389,attack,yes
2227,1,1,0.9525741224467326,-0.048587895929813385,-3.0485877990722656,attack,yes
2228,1,1,0.9990889486416205,-0.0009118927991949022,-7.000911712646484,attack,yes
2229,1,1,0.9997388095964569,-0.0002616301644593477,-8.250261306762695,attack,yes
2230,1,1,0.9984988174708712,-0.0015026956098154187,-6.501502513885498,attack,yes
2231,1,1,0.9988304898392486,-0.0011705459328368306,-6.751170635223389,attack,yes
2232,1,1,0.999569443009936,-0.00043084874050691724,-7.750431060791016,attack,yes
2233,1,1,0.9997388096587665,-0.0002623452164698392,-8.250262260437012,attack,yes
2234,1,1,0.8807970670261975,-0.1269296258687973,-2.126929521560669,attack,yes
2235,1,1,0.9770226306753883,-0.023246262222528458,-3.7732462882995605,attack,yes
2236,1,1,0.9992903296105999,-0.0007099968497641385,-7.2507100105285645,attack,yes
2237,1,1,0.9995694429073649,-0.00043108707177452743,-7.750431060791016,attack,yes
2238,1,1,0.9859363736799145,-0.014163918793201447,-4.264163970947266,attack,yes
2239,1,1,0.9996646497685711,-0.0003359945258125663,-8.000335693359375,attack,yes
2240,1,1,0.9859363703223857,-0.014163684099912643,-4.264163494110107,attack,yes
2241,1,1,0.9980732654790533,-0.0019292091019451618,-6.25192928314209,attack,yes
2242,1,1,0.9997388095964569,-0.0002616301644593477,-8.250261306762695,attack,yes
2243,1,1,0.9399133512987253,-0.06196996942162514,-2.8119699954986572,attack,yes
2244,1,1,0.9968273173114128,-0.0031780709978193045,-5.753178119659424,attack,yes
2245,1,1,0.996827317330558,-0.003179972292855382,-5.753180027008057,attack,yes
2246,1,1,0.9980732654790533,-0.0019292091019451618,-6.25192928314209,attack,yes
2247,1,1,0.9959298617348148,-0.004078523721545935,-5.504078388214111,attack,yes
2248,1,1,0.9997388096275776,-0.0002615109842736274,-8.250261306762695,attack,yes
2249,1,1,0.9241418137109955,-0.07889184355735779,-2.5788917541503906,attack,yes
2250,1,1,0.9994472212501048,-0.000553335587028414,-7.500553131103516,attack,yes
2251,1,1,0.9859363753070244,-0.014163801446557045,-4.264163970947266,attack,yes
2252,1,1,0.731058584489497,-0.31326374411582947,-1.3132637739181519,attack,yes
2253,1,1,0.994779874376567,-0.005234227981418371,-5.255234241485596,attack,yes
2254,1,1,0.9914225158851491,-0.008616294711828232,-4.7586164474487305,attack,yes
2255,1,1,0.9988304896995872,-0.0011701886542141438,-6.7511701583862305,attack,yes
2256,1,1,0.9820137904984994,-0.018150780349969864,-4.018150806427002,attack,yes
2257,1,1,0.9626731107817877,-0.03804164379835129,-3.288041591644287,attack,yes
2258,1,1,0.9980732650196737,-0.0019289711490273476,-6.251928806304932,attack,yes
2259,1,1,0.9933071495865127,-0.006716651376336813,-5.006716728210449,attack,yes
2260,1,1,0.9525741264858409,-0.048589713871479034,-3.0485897064208984,attack,yes
2261,1,1,0.9995694428559979,-0.00043072958942502737,-7.750430583953857,attack,yes
2262,1,1,0.9992903296108476,-0.0007104733376763761,-7.250710487365723,attack,yes
2263,1,1,0.9770226280828407,-0.02324637770652771,-3.7732462882995605,attack,yes
2264,1,1,0.9933071503294908,-0.006715585943311453,-5.006715774536133,attack,yes
2265,1,1,0.9994472213817283,-0.0005530973430722952,-7.500553131103516,attack,yes
2266,1,1,0.994779874993188,-0.005234109237790108,-5.255234241485596,attack,yes
2267,1,1,0.9770226278319489,-0.023245912045240402,-3.7732458114624023,attack,yes
2268,1,1,0.9996646498484688,-0.0003357561945449561,-8.000335693359375,attack,yes
2269,1,1,0.9980732654772625,-0.0019287331961095333,-6.251928806304932,attack,yes
2270,1,1,0.9933071503294908,-0.006715585943311453,-5.006715774536133,attack,yes
2271,1,1,0.9890130559829716,-0.011048921383917332,-4.511048793792725,attack,yes
2272,1,1,0.998830489700131,-0.0011706650257110596,-6.751170635223389,attack,yes
2273,1,1,0.9997388096275776,-0.0002615109842736274,-8.250261306762695,attack,yes
2274,1,1,0.999841563745121,-0.00015853578224778175,-8.750158309936523,attack,yes
2275,1,1,0.9975273770604427,-0.002476127352565527,-6.002476215362549,attack,yes
2276,1,1,0.9770226304244968,-0.02324579656124115,-3.7732458114624023,attack,yes
2277,1,1,0.9975273764706583,-0.0024758896324783564,-6.002475738525391,attack,yes
2278,1,1,0.9999417087344405,-5.9126061387360096e-05,-9.750059127807617,attack,yes
2279,1,1,0.9999251537816229,-7.521823135903105e-05,-9.500075340270996,attack,yes
2280,1,1,0.9999832985821362,-1.6927575416048057e-05,-11.000017166137695,attack,yes
2281,1,1,0.9820137861886837,-0.01815054751932621,-4.018150329589844,attack,yes
2282,1,1,0.962673116537899,-0.03804267570376396,-3.2880427837371826,attack,yes
2283,1,1,0.9980732650196737,-0.0019289711490273476,-6.251928806304932,attack,yes
2284,1,1,0.9997965730989017,-0.0002037079248111695,-8.500204086303711,attack,yes
2285,1,1,0.731058584489497,-0.3132624328136444,-1.3132624626159668,attack,yes
2286,1,1,0.9996646499284738,-0.0003364712174516171,-8.000336647033691,attack,yes
2287,1,1,0.9990889487500213,-0.0009117737063206732,-7.000911712646484,attack,yes
2288,1,1,0.9975273773533248,-0.0024760086089372635,-6.002476215362549,attack,yes
2289,1,1,0.9995694428559979,-0.00043072958942502737,-7.750430583953857,attack,yes
2290,1,1,0.9998415637073574,-0.00015877417172305286,-8.750158309936523,attack,yes
2291,1,1,0.9706877715275526,-0.029751459136605263,-3.5297515392303467,attack,yes
2292,1,1,0.9999417087066453,-5.864924969500862e-05,-9.7500581741333,attack,yes
2293,1,1,0.9980732650196737,-0.0019289711490273476,-6.251928806304932,attack,yes
2294,1,1,0.9975273764706583,-0.0024758896324783564,-6.002475738525391,attack,yes
2295,1,1,0.9992903294416453,-0.0007102350937202573,-7.2507100105285645,attack,yes
2296,1,1,0.9992903295261432,-0.0007101159426383674,-7.2507100105285645,attack,yes
2297,1,1,0.9859363753974192,-0.014164271764457226,-4.264164447784424,attack,yes
2298,1,1,0.9998415637829052,-0.00015925093612167984,-8.75015926361084,attack,yes
2299,1,1,0.9914225127647143,-0.008615231141448021,-4.758615016937256,attack,yes
2300,1,1,0.9968273173114128,-0.0031780709978193045,-5.753178119659424,attack,yes
2301,1,1,0.99142251582179,-0.008615348488092422,-4.758615493774414,attack,yes
2302,1,1,0.9968273176869535,-0.003177952254191041,-5.753178119659424,attack,yes
2303,1,1,0.9999417087135934,-5.8530047681415454e-05,-9.7500581741333,attack,yes
2304,1,1,0.999447221381889,-0.0005535738891921937,-7.500553607940674,attack,yes
2305,1,1,0.9998415638206688,-0.00015901254664640874,-8.75015926361084,attack,yes
2306,1,1,0.9820137863531804,-0.018151015043258667,-4.018150806427002,attack,yes
2307,1,1,0.9959298627050367,-0.004078761208802462,-5.5040788650512695,attack,yes
2308,1,1,0.9984988178287671,-0.0015029336791485548,-6.501502990722656,attack,yes
2309,1,1,0.9980732650212406,-0.001929447171278298,-6.25192928314209,attack,yes
2310,1,1,0.9999038975620468,-9.7508447652217e-05,-9.250097274780273,attack,yes
2311,1,1,0.9990889489672469,-0.0009120118920691311,-7.000912189483643,attack,yes
2312,1,1,0.9968273169594356,-0.0031805664766579866,-5.753180503845215,attack,yes
2313,1,1,0.952574131703022,-0.04858959838747978,-3.0485897064208984,attack,yes
2314,1,1,0.622459324198198,-0.47407951951026917,-0.9740794897079468,attack,yes
2315,1,1,0.9914225147763652,-0.008614994585514069,-4.758615016937256,attack,yes
2316,1,1,0.9980732654790533,-0.0019292091019451618,-6.25192928314209,attack,yes
2317,1,1,0.9959298617820045,-0.004081373102962971,-5.5040812492370605,attack,yes
2318,1,1,0.962673111451103,-0.038042102009058,-3.2880420684814453,attack,yes
2319,1,1,0.904650536386234,-0.10020755231380463,-2.350207567214966,attack,yes
2320,1,1,0.9525741280005063,-0.04858801141381264,-3.0485880374908447,attack,yes
2321,1,1,0.9994472213159005,-0.0005532164941541851,-7.500553131103516,attack,yes
2322,1,1,0.9995694429586441,-0.00043096792069263756,-7.750431060791016,attack,yes
2323,1,1,0.9999251537816229,-7.521823135903105e-05,-9.500075340270996,attack,yes
2324,1,1,0.9994472213159005,-0.0005532164941541851,-7.500553131103516,attack,yes
2325,1,1,0.8519528076067262,-0.16022653877735138,-1.910226583480835,attack,yes
2326,1,1,0.9992903296110953,-0.0007109498255886137,-7.250710964202881,attack,yes
2327,1,1,0.9959298617518031,-0.004079473204910755,-5.504079341888428,attack,yes
2328,1,1,0.9984988174708712,-0.0015026956098154187,-6.501502513885498,attack,yes
2329,1,1,0.9995694428559979,-0.00043072958942502737,-7.750430583953857,attack,yes
2330,1,1,0.9997965730504196,-0.00020394629973452538,-8.500204086303711,attack,yes
2331,1,1,0.9988304898392486,-0.0011705459328368306,-6.751170635223389,attack,yes
2332,1,1,0.9995694429073649,-0.00043108707177452743,-7.750431060791016,attack,yes
2333,1,1,0.9980732650248225,-0.001930398982949555,-6.251930236816406,attack,yes
2334,1,1,0.9914225149506026,-0.008617358282208443,-4.758617401123047,attack,yes
2335,1,1,0.9980732654790533,-0.0019292091019451618,-6.25192928314209,attack,yes
2336,1,1,0.9706877713685592,-0.02975122630596161,-3.5297513008117676,attack,yes
2337,1,1,0.9968273169447085,-0.0031791406217962503,-5.75317907333374,attack,yes
2338,1,1,0.9995694428561733,-0.0004316828562878072,-7.750431537628174,attack,yes
2339,1,1,0.9984988180093728,-0.0015037668636068702,-6.501503944396973,attack,yes
2340,1,1,0.9995694428560857,-0.0004312062228564173,-7.750431060791016,attack,yes
2341,1,1,0.9992903296105999,-0.0007099968497641385,-7.2507100105285645,attack,yes
2342,1,1,0.9770226305499425,-0.023246029391884804,-3.7732460498809814,attack,yes
2343,1,1,0.9968273176869535,-0.003177952254191041,-5.753178119659424,attack,yes
2344,1,1,0.9859363704127807,-0.014164154417812824,-4.264163970947266,attack,yes
2345,1,1,0.9984988174708712,-0.0015026956098154187,-6.501502513885498,attack,yes
2346,1,1,0.995929862223701,-0.004078879952430725,-5.5040788650512695,attack,yes
2347,1,1,0.9975273770604427,-0.002476127352565527,-6.002476215362549,attack,yes
2348,1,1,0.9997388096586981,-0.0002613918040879071,-8.250261306762695,attack,yes
2349,1,1,0.9980732650196737,-0.0019289711490273476,-6.251928806304932,attack,yes
2350,1,1,0.9770226278319489,-0.023245912045240402,-3.7732458114624023,attack,yes
2351,1,1,0.9770226305499425,-0.023246029391884804,-3.7732460498809814,attack,yes
2352,1,1,0.9890130597678383,-0.011048096232116222,-4.511048316955566,attack,yes
2353,1,1,0.9859363720398908,-0.014164037071168423,-4.264163970947266,attack,yes
2354,1,1,0.9990889489668762,-0.0009115354623645544,-7.000911712646484,attack,yes
2355,1,1,0.8519527982093668,-0.16022542119026184,-1.9102253913879395,attack,yes
2356,1,1,0.9975273767669861,-0.002476246329024434,-6.002476215362549,attack,yes
2357,1,1,0.9999417087344405,-5.9126061387360096e-05,-9.750059127807617,attack,yes
2358,1,1,0.9996646499283663,-0.0003355178632773459,-8.000335693359375,attack,yes
2359,1,1,0.9988304895616935,-0.0011712603736668825,-6.751171112060547,attack,yes
2360,1,1,0.9996646500084787,-0.00033718624035827816,-8.000337600708008,attack,yes
2361,1,1,0.9995694428559979,-0.00043072958942502737,-7.750430583953857,attack,yes
2362,1,1,0.9990889489672469,-0.0009120118920691311,-7.000912189483643,attack,yes
2363,1,1,0.9820137904984994,-0.018150780349969864,-4.018150806427002,attack,yes
2364,1,1,0.9820137863531804,-0.018151015043258667,-4.018150806427002,attack,yes
2365,1,1,0.9959298617518031,-0.004079473204910755,-5.504079341888428,attack,yes
2366,1,1,0.9770226306753883,-0.023246262222528458,-3.7732462882995605,attack,yes
2367,1,1,0.9988304895611497,-0.0011707840021699667,-6.751170635223389,attack,yes
2368,1,1,0.9959298617423651,-0.004078998696058989,-5.5040788650512695,attack,yes
2369,1,1,0.9998766054396679,-0.00012385078298393637,-9.000123977661133,attack,yes
2370,1,1,0.9914225157821905,-0.008614876307547092,-4.758615016937256,attack,yes
2371,1,1,0.9984988180072789,-0.0015028145862743258,-6.501502990722656,attack,yes
2372,1,1,0.9984988174708712,-0.0015026956098154187,-6.501502513885498,attack,yes
2373,1,1,0.7310585786300049,-0.3132646083831787,-1.3132646083831787,attack,yes
2374,1,1,0.9996646498086224,-0.00033682872890494764,-8.000336647033691,attack,yes
2375,1,1,0.9968273169351358,-0.0031781899742782116,-5.753178119659424,attack,yes
2376,1,1,0.9959298617423651,-0.004078998696058989,-5.5040788650512695,attack,yes
2377,1,1,0.9999038975964095,-9.715084888739511e-05,-9.250097274780273,attack,yes
2378,1,1,0.9996646500083713,-0.00033623288618400693,-8.000336647033691,attack,yes
2379,1,1,0.993307148800194,-0.006716769654303789,-5.006716728210449,attack,yes
2380,1,1,0.9980732657078478,-0.0019290901254862547,-6.25192928314209,attack,yes
2381,1,1,0.9933071503294908,-0.006715585943311453,-5.006715774536133,attack,yes
2382,1,1,0.9968273173158309,-0.0031785464379936457,-5.753178596496582,attack,yes
2383,1,1,0.9914225147763652,-0.008614994585514069,-4.758615016937256,attack,yes
2384,1,1,0.9914225147763652,-0.008614994585514069,-4.758615016937256,attack,yes
2385,1,1,0.9996646499283663,-0.0003355178632773459,-8.000335693359375,attack,yes
2386,1,1,0.6791787056691698,-0.38687166571617126,-1.1368716955184937,attack,yes
2387,1,1,0.9968273173158309,-0.0031785464379936457,-5.753178596496582,attack,yes
2388,1,1,0.9770226304244968,-0.02324579656124115,-3.7732458114624023,attack,yes
2389,1,1,0.993307147970535,-0.006715940777212381,-5.006715774536133,attack,yes
2390,1,1,0.9770226305499425,-0.023246029391884804,-3.7732460498809814,attack,yes
2391,1,1,0.9933071503294908,-0.006715585943311453,-5.006715774536133,attack,yes
2392,1,1,0.9626731107817877,-0.03804164379835129,-3.288041591644287,attack,yes
2393,1,1,0.9947798737478556,-0.005233872216194868,-5.2552337646484375,attack,yes
2394,1,1,0.9933071479891094,-0.006716414820402861,-5.006716251373291,attack,yes
2395,1,1,0.9890130585433228,-0.011048685759305954,-4.511048793792725,attack,yes
2396,1,1,0.9990889486416205,-0.0009118927991949022,-7.000911712646484,attack,yes
2397,1,1,0.9626731086399787,-0.03804313391447067,-3.2880430221557617,attack,yes
2398,1,1,0.9994472212506837,-0.0005552418879233301,-7.500555038452148,attack,yes
2399,1,1,0.9820137903340027,-0.018150312826037407,-4.018150329589844,attack,yes
2400,1,1,0.9890130599398778,-0.011049510911107063,-4.511049747467041,attack,yes
2401,1,1,0.9947798731457431,-0.005234465003013611,-5.255234241485596,attack,yes
2402,1,1,0.9968273169351358,-0.0031781899742782116,-5.753178119659424,attack,yes
2403,1,1,0.9998766054543742,-0.00012373158824630082,-9.000123977661133,attack,yes
2404,1,1,0.995929862223701,-0.004078879952430725,-5.5040788650512695,attack,yes
2405,1,1,0.994779874993188,-0.005234109237790108,-5.255234241485596,attack,yes
2406,1,1,0.9859363704127807,-0.014164154417812824,-4.264163970947266,attack,yes
2407,1,1,0.9988304895611497,-0.0011707840021699667,-6.751170635223389,attack,yes
2408,1,1,0.9996646498484688,-0.0003357561945449561,-8.000335693359375,attack,yes
2409,1,1,0.9959298617348148,-0.004078523721545935,-5.504078388214111,attack,yes
2410,1,1,0.9992903296108476,-0.0007104733376763761,-7.250710487365723,attack,yes
2411,1,1,0.9820137860570862,-0.018150078132748604,-4.0181498527526855,attack,yes
2412,1,1,0.9968273176869535,-0.003177952254191041,-5.753178119659424,attack,yes
2413,1,1,0.998073265248468,-0.0019288521725684404,-6.251928806304932,attack,yes
2414,1,1,0.9933071495431723,-0.006715704221278429,-5.006715774536133,attack,yes
2415,1,1,0.9990889486416205,-0.0009118927991949022,-7.000911712646484,attack,yes
2416,1,1,0.9968273169351358,-0.0031781899742782116,-5.753178119659424,attack,yes
2417,1,1,0.9933071496081828,-0.006717124953866005,-5.006717205047607,attack,yes
2418,1,1,0.9984988174719182,-0.0015031717484816909,-6.501502990722656,attack,yes
2419,1,1,0.9968273165647497,-0.0031787839252501726,-5.753178596496582,attack,yes
2420,1,1,0.9968273165595951,-0.003178308717906475,-5.753178119659424,attack,yes
2421,1,1,0.9984988174708712,-0.0015026956098154187,-6.501502513885498,attack,yes
2422,1,1,0.9995694429075401,-0.0004320403386373073,-7.750432014465332,attack,yes
2423,1,1,0.9995694429586441,-0.00043096792069263756,-7.750431060791016,attack,yes
2424,1,1,0.9994472213820177,-0.0005540504935197532,-7.500554084777832,attack,yes
2425,1,1,0.9959298627144747,-0.004079235717654228,-5.504079341888428,attack,yes
2426,1,1,0.999569443009936,-0.00043084874050691724,-7.750431060791016,attack,yes
2427,1,1,0.9975273773533248,-0.0024760086089372635,-6.002476215362549,attack,yes
2428,1,1,0.9968273169351358,-0.0031781899742782116,-5.753178119659424,attack,yes
2429,1,1,0.9988304895611497,-0.0011707840021699667,-6.751170635223389,attack,yes
2430,1,1,0.9626731089077046,-0.03804336488246918,-3.288043260574341,attack,yes
2431,1,1,0.9947798750052788,-0.005234583746641874,-5.255234718322754,attack,yes
2432,1,1,0.9997388095964569,-0.0002616301644593477,-8.250261306762695,attack,yes
2433,1,1,0.9992903294416453,-0.0007102350937202573,-7.2507100105285645,attack,yes
2434,1,1,0.9820137882613432,-0.01815043017268181,-4.018150329589844,attack,yes
2435,1,1,0.9914225147763652,-0.008614994585514069,-4.758615016937256,attack,yes
2436,1,1,0.9980732657078478,-0.0019290901254862547,-6.25192928314209,attack,yes
2437,1,1,0.9997965729291775,-0.00020358874462544918,-8.500203132629395,attack,yes
2438,1,1,0.9980732650196737,-0.0019289711490273476,-6.251928806304932,attack,yes
2439,1,1,0.8807970795424088,-0.12693141400814056,-2.1269314289093018,attack,yes
2440,1,1,0.9988304898392486,-0.0011705459328368306,-6.751170635223389,attack,yes
2441,1,1,0.9975273767698575,-0.002476722002029419,-6.002476692199707,attack,yes
2442,1,1,0.9984988178277202,-0.0015024575404822826,-6.501502513885498,attack,yes
2443,1,1,0.9997388095964569,-0.0002616301644593477,-8.250261306762695,attack,yes
2444,1,1,0.9968273176869535,-0.003177952254191041,-5.753178119659424,attack,yes
2445,1,1,0.9995694428559979,-0.00043072958942502737,-7.750430583953857,attack,yes
2446,1,1,0.9988304895604696,-0.0011703077470883727,-6.7511701583862305,attack,yes
2447,1,1,0.9988304895616935,-0.0011712603736668825,-6.751171112060547,attack,yes
2448,1,1,0.9820137903340027,-0.018150312826037407,-4.018150329589844,attack,yes
2449,1,1,0.999796572977698,-0.00020430385484360158,-8.500204086303711,attack,yes
2450,1,1,0.9706877711565677,-0.029750995337963104,-3.5297510623931885,attack,yes
2451,1,1,0.9975273773619391,-0.002477435627952218,-6.002477645874023,attack,yes
2452,1,1,0.9959298627050367,-0.004078761208802462,-5.5040788650512695,attack,yes
2453,1,1,0.994779874993188,-0.005234109237790108,-5.255234241485596,attack,yes
2454,1,1,0.9914225137388603,-0.00861463975161314,-4.758614540100098,attack,yes
2455,1,1,0.9975273770661855,-0.0024770786985754967,-6.002477169036865,attack,yes
2456,1,1,0.8519527982093668,-0.16022542119026184,-1.9102253913879395,attack,yes
2457,1,1,0.9990889489672469,-0.0009120118920691311,-7.000912189483643,attack,yes
2458,1,1,0.9999417087135934,-5.8530047681415454e-05,-9.7500581741333,attack,yes
2459,1,1,0.9992903294416453,-0.0007102350937202573,-7.2507100105285645,attack,yes
2460,1,1,0.9996646498484688,-0.0003357561945449561,-8.000335693359375,attack,yes
2461,1,1,0.9995694428559979,-0.00043072958942502737,-7.750430583953857,attack,yes
2462,1,1,0.9820137903340027,-0.018150312826037407,-4.018150329589844,attack,yes
2463,1,1,0.9984988174708712,-0.0015026956098154187,-6.501502513885498,attack,yes
2464,1,1,0.9990889487500213,-0.0009117737063206732,-7.000911712646484,attack,yes
2465,1,1,0.9914225157821905,-0.008614876307547092,-4.758615016937256,attack,yes
2466,1,1,0.9770226279573947,-0.023246144875884056,-3.7732460498809814,attack,yes
2467,1,1,0.9959298627050367,-0.004078761208802462,-5.5040788650512695,attack,yes
2468,1,1,0.9980732654772625,-0.0019287331961095333,-6.251928806304932,attack,yes
2469,1,1,0.9996646498484688,-0.0003357561945449561,-8.000335693359375,attack,yes
2470,1,1,0.9947798737744549,-0.005234820768237114,-5.255234718322754,attack,yes
2471,1,1,0.9626731110495138,-0.03804187476634979,-3.288041830062866,attack,yes
2472,1,1,0.9980732650196737,-0.0019289711490273476,-6.251928806304932,attack,yes
2473,1,1,0.9990889487500213,-0.0009117737063206732,-7.000911712646484,attack,yes
2474,1,1,0.9994472212506837,-0.0005552418879233301,-7.500555038452148,attack,yes
2475,1,1,0.9706877678706987,-0.029751110821962357,-3.5297510623931885,attack,yes
2476,1,1,0.9968273173158309,-0.0031785464379936457,-5.753178596496582,attack,yes
2477,1,1,0.9996646499283663,-0.0003355178632773459,-8.000335693359375,attack,yes
2478,1,1,0.9626731156008578,-0.038041986525058746,-3.2880420684814453,attack,yes
2479,1,1,0.9525741219418441,-0.04858766868710518,-3.0485875606536865,attack,yes
2480,1,1,0.9994472213159005,-0.0005532164941541851,-7.500553131103516,attack,yes
2481,1,1,0.9997388096275776,-0.0002615109842736274,-8.250261306762695,attack,yes
2482,1,1,0.9968273169351358,-0.0031781899742782116,-5.753178119659424,attack,yes
2483,1,1,0.9975273770604427,-0.002476127352565527,-6.002476215362549,attack,yes
2484,1,1,0.989013058482603,-0.011048214510083199,-4.511048316955566,attack,yes
2485,1,1,0.9959298617423651,-0.004078998696058989,-5.5040788650512695,attack,yes
2486,1,1,0.9859363706064843,-0.014165094122290611,-4.264164924621582,attack,yes
2487,1,1,0.9997388096586981,-0.0002613918040879071,-8.250261306762695,attack,yes
2488,1,1,0.998830489978366,-0.0011704268399626017,-6.751170635223389,attack,yes
2489,1,1,0.9975273767669861,-0.002476246329024434,-6.002476215362549,attack,yes
2490,1,1,0.9980732650266135,-0.0019308748887851834,-6.2519307136535645,attack,yes
2491,1,1,0.9994472212501048,-0.000553335587028414,-7.500553131103516,attack,yes
2492,1,1,0.9990889487500213,-0.0009117737063206732,-7.000911712646484,attack,yes
2493,1,1,0.9947798744031665,-0.005235176533460617,-5.255235195159912,attack,yes
2494,1,1,0.9914225137705398,-0.008615112863481045,-4.758615016937256,attack,yes
2495,1,1,0.9890130572074874,-0.0110483318567276,-4.511048316955566,attack,yes
2496,1,1,0.9998766053955495,-0.00012420836719684303,-9.000123977661133,attack,yes
2497,1,1,0.998830489978366,-0.0011704268399626017,-6.751170635223389,attack,yes
2498,1,1,0.9859363706064843,-0.014165094122290611,-4.264164924621582,attack,yes
2499,1,1,0.962673116537899,-0.03804267570376396,-3.2880427837371826,attack,yes
2500,1,1,0.9984988178287671,-0.0015029336791485548,-6.501502990722656,attack,yes
2501,1,1,0.9998766054543742,-0.00012373158824630082,-9.000123977661133,attack,yes
2502,1,1,0.999447221381889,-0.0005535738891921937,-7.500553607940674,attack,yes
2503,1,1,0.9994472212501048,-0.000553335587028414,-7.500553131103516,attack,yes
2504,1,1,0.9980732657078478,-0.0019290901254862547,-6.25192928314209,attack,yes
2505,1,1,0.9980732654790533,-0.0019292091019451618,-6.25192928314209,attack,yes
2506,1,1,0.998830489700131,-0.0011706650257110596,-6.751170635223389,attack,yes
2507,1,1,0.9626731149315425,-0.038041528314352036,-3.288041591644287,attack,yes
2508,1,1,0.994779874993188,-0.005234109237790108,-5.255234241485596,attack,yes
2509,1,1,0.9997388096898188,-0.00026127262390218675,-8.250261306762695,attack,yes
2510,1,1,0.9933071479891094,-0.006716414820402861,-5.006716251373291,attack,yes
2511,1,1,0.995929862223701,-0.004078879952430725,-5.5040788650512695,attack,yes
2512,1,1,0.9997388096586981,-0.0002613918040879071,-8.250261306762695,attack,yes
2513,1,1,0.9999546021313451,-4.577531944960356e-05,-10.000045776367188,attack,yes
2514,1,1,0.9859363705031758,-0.014164624735713005,-4.264164447784424,attack,yes
2515,1,1,0.9968273173158309,-0.0031785464379936457,-5.753178596496582,attack,yes
2516,1,1,0.9980732650196737,-0.0019289711490273476,-6.251928806304932,attack,yes
2517,1,1,0.9914225148159647,-0.008615466766059399,-4.758615493774414,attack,yes
2518,1,1,0.9998766054543742,-0.00012373158824630082,-9.000123977661133,attack,yes
2519,1,1,0.9980732650319865,-0.001932302606292069,-6.251932144165039,attack,yes
2520,1,1,0.9984988174708712,-0.0015026956098154187,-6.501502513885498,attack,yes
2521,1,1,0.9820137904984994,-0.018150780349969864,-4.018150806427002,attack,yes
2522,1,1,0.994779875031878,-0.00523553229868412,-5.25523567199707,attack,yes
2523,1,1,0.9980732650212406,-0.001929447171278298,-6.25192928314209,attack,yes
2524,1,1,0.995929862223701,-0.004078879952430725,-5.5040788650512695,attack,yes
2525,1,1,0.989013055861532,-0.01104797888547182,-4.511047840118408,attack,yes
2526,1,1,0.998830489978366,-0.0011704268399626017,-6.751170635223389,attack,yes
2527,1,1,0.9947798743644765,-0.005233753472566605,-5.2552337646484375,attack,yes
2528,1,1,0.9997388095965861,-0.00026353701832704246,-8.250263214111328,attack,yes
2529,1,1,0.9959298622954293,-0.0040831537917256355,-5.504083156585693,attack,yes
2530,1,1,0.9933071495431723,-0.006715704221278429,-5.006715774536133,attack,yes
2531,1,1,0.9399133544545812,-0.061968959867954254,-2.811969041824341,attack,yes
2532,1,1,0.9914225127647143,-0.008615231141448021,-4.758615016937256,attack,yes
2533,1,1,0.9399133512987253,-0.061968062072992325,-2.8119680881500244,attack,yes
2534,1,1,0.9399133443558416,-0.061969853937625885,-2.811969757080078,attack,yes
2535,1,1,0.9947798737744549,-0.005234820768237114,-5.255234718322754,attack,yes
2536,1,1,0.9975273773561962,-0.0024764842819422483,-6.002476692199707,attack,yes
2537,1,1,0.9996646498085152,-0.0003358753747306764,-8.000335693359375,attack,yes
2538,1,1,0.9968273173114128,-0.0031780709978193045,-5.753178119659424,attack,yes
2539,1,1,0.9992903294416453,-0.0007102350937202573,-7.2507100105285645,attack,yes
2540,1,1,0.9626731107817877,-0.03804164379835129,-3.288041591644287,attack,yes
2541,1,1,0.9988304898399285,-0.0011710221879184246,-6.751171112060547,attack,yes
2542,1,1,0.9933071479891094,-0.006716414820402861,-5.006716251373291,attack,yes
2543,1,1,0.9984988180072789,-0.0015028145862743258,-6.501502990722656,attack,yes
2544,1,1,0.989013058482603,-0.011048214510083199,-4.511048316955566,attack,yes
2545,1,1,0.9770226285428089,-0.023247310891747475,-3.773247241973877,attack,yes
2546,1,1,0.9984988180126884,-0.0015051951631903648,-6.501505374908447,attack,yes
2547,1,1,0.9959298617518031,-0.004079473204910755,-5.504079341888428,attack,yes
2548,1,1,0.9525741301883566,-0.048588916659355164,-3.048588991165161,attack,yes
2549,1,1,0.9998415637073574,-0.00015877417172305286,-8.750158309936523,attack,yes
2550,1,1,0.9890130572074874,-0.0110483318567276,-4.511048316955566,attack,yes
2551,1,1,0.9859363704127807,-0.014164154417812824,-4.264163970947266,attack,yes
2552,1,1,0.9996646497685711,-0.0003359945258125663,-8.000335693359375,attack,yes
2553,1,1,0.9994472214477166,-0.0005534547381103039,-7.500553607940674,attack,yes
2554,1,1,0.952574129515172,-0.048588693141937256,-3.048588752746582,attack,yes
2555,1,1,0.9984988174708712,-0.0015026956098154187,-6.501502513885498,attack,yes
2556,1,1,0.9994472212501048,-0.000553335587028414,-7.500553131103516,attack,yes
2557,1,1,0.9959298617518031,-0.004079473204910755,-5.504079341888428,attack,yes
2558,1,1,0.985936371949496,-0.014163566753268242,-4.264163494110107,attack,yes
2559,1,1,0.9997388096275776,-0.0002615109842736274,-8.250261306762695,attack,yes
2560,1,1,0.9706877723225209,-0.02975238487124443,-3.529752492904663,attack,yes
2561,1,1,0.9959298627050367,-0.004078761208802462,-5.5040788650512695,attack,yes
2562,1,1,0.9992903294416453,-0.0007102350937202573,-7.2507100105285645,attack,yes
2563,1,1,0.9988304895611497,-0.0011707840021699667,-6.751170635223389,attack,yes
2564,1,1,0.9820137885903367,-0.018151365220546722,-4.01815128326416,attack,yes
2565,1,1,0.994779874993188,-0.005234109237790108,-5.255234241485596,attack,yes
2566,1,1,0.994779874993188,-0.005234109237790108,-5.255234241485596,attack,yes
2567,1,1,0.9859363704127807,-0.014164154417812824,-4.264163970947266,attack,yes
2568,1,1,0.8519528076067262,-0.16022451221942902,-1.9102245569229126,attack,yes
2569,1,1,0.9968273173114128,-0.0031780709978193045,-5.753178119659424,attack,yes
2570,1,1,0.9399133498259924,-0.06196951866149902,-2.811969518661499,attack,yes
2571,1,1,0.9984988176493829,-0.0015025765169411898,-6.501502513885498,attack,yes
2572,1,1,0.952574130693245,-0.04858914390206337,-3.0485892295837402,attack,yes
2573,1,1,0.9988304898392486,-0.0011705459328368306,-6.751170635223389,attack,yes
2574,1,1,0.9399133489844308,-0.061969295144081116,-2.81196928024292,attack,yes
2575,1,0,0.37754066879814546,-0.9740802645683289,-0.47408026456832886,attack,no
2576,1,1,0.9996646498085152,-0.0003358753747306764,-8.000335693359375,attack,yes
2577,1,1,0.9984988180093728,-0.0015037668636068702,-6.501503944396973,attack,yes
2578,1,1,0.9998415638206688,-0.00015901254664640874,-8.75015926361084,attack,yes
2579,1,1,0.9859363736799145,-0.014163918793201447,-4.264163970947266,attack,yes
2580,1,1,0.9968273173114128,-0.0031780709978193045,-5.753178119659424,attack,yes
2581,1,1,0.9975273770604427,-0.002476127352565527,-6.002476215362549,attack,yes
2582,1,1,0.994779874993188,-0.005234109237790108,-5.255234241485596,attack,yes
2583,1,1,0.9994472213817283,-0.0005530973430722952,-7.500553131103516,attack,yes
2584,1,1,0.9859363705031758,-0.014164624735713005,-4.264164447784424,attack,yes
2585,1,1,0.9992903296953456,-0.0007103541865944862,-7.250710487365723,attack,yes
2586,1,1,0.9992903295261432,-0.0007101159426383674,-7.2507100105285645,attack,yes
2587,1,1,0.9995694428559979,-0.00043072958942502737,-7.750430583953857,attack,yes
2588,1,1,0.999925153790544,-7.509902934543788e-05,-9.500075340270996,attack,yes
2589,1,1,0.9933071495648425,-0.006716177798807621,-5.006716251373291,attack,yes
2590,1,1,0.9959298617348148,-0.004078523721545935,-5.504078388214111,attack,yes
2591,1,1,0.9998415638395506,-0.00015889335190877318,-8.75015926361084,attack,yes
2592,1,1,0.9947798737599461,-0.005234346725046635,-5.255234241485596,attack,yes
2593,1,1,0.9995694429073649,-0.00043108707177452743,-7.750431060791016,attack,yes
2594,1,1,0.8807970889295664,-0.12692846357822418,-2.1269285678863525,attack,yes
2595,1,1,0.9984988174719182,-0.0015031717484816909,-6.501502990722656,attack,yes
2596,1,1,0.995929862223701,-0.004078879952430725,-5.5040788650512695,attack,yes
2597,1,1,0.9975273770604427,-0.002476127352565527,-6.002476215362549,attack,yes
2598,1,1,0.9992903294416453,-0.0007102350937202573,-7.2507100105285645,attack,yes
2599,1,1,0.9859363736799145,-0.014163918793201447,-4.264163970947266,attack,yes
2600,1,1,0.9890130597678383,-0.011048096232116222,-4.511048316955566,attack,yes
2601,1,1,0.9980732654772625,-0.0019287331961095333,-6.251928806304932,attack,yes
2602,1,1,0.9999251537816229,-7.521823135903105e-05,-9.500075340270996,attack,yes
2603,1,1,0.9859363720398908,-0.014164037071168423,-4.264163970947266,attack,yes
2604,1,1,0.9996646498484688,-0.0003357561945449561,-8.000335693359375,attack,yes
2605,1,1,0.9992903295261432,-0.0007101159426383674,-7.2507100105285645,attack,yes
2606,1,1,0.9992903296108476,-0.0007104733376763761,-7.250710487365723,attack,yes
2607,1,1,0.9914225127330346,-0.008614758029580116,-4.758614540100098,attack,yes
2608,1,1,0.9770226306753883,-0.023246262222528458,-3.7732462882995605,attack,yes
2609,1,1,0.9997388096586981,-0.0002613918040879071,-8.250261306762695,attack,yes
2610,1,1,0.9820137927027559,-0.01815113238990307,-4.01815128326416,attack,yes
2611,1,1,0.998830489700131,-0.0011706650257110596,-6.751170635223389,attack,yes
2612,1,1,0.9399133466701363,-0.06197052821516991,-2.8119704723358154,attack,yes
2613,1,1,0.9996646497685711,-0.0003359945258125663,-8.000335693359375,attack,yes
2614,1,1,0.9626731158685837,-0.03804221749305725,-3.2880423069000244,attack,yes
2615,1,1,0.9975273767641146,-0.0024757706560194492,-6.002475738525391,attack,yes
2616,1,1,0.9770226305499425,-0.023246029391884804,-3.7732460498809814,attack,yes
2617,1,1,0.9990889487500213,-0.0009117737063206732,-7.000911712646484,attack,yes
2618,1,1,0.9998415637640006,-0.00015841660206206143,-8.750158309936523,attack,yes
2619,1,1,0.9992903295261432,-0.0007101159426383674,-7.2507100105285645,attack,yes
2620,1,1,0.9770226308008343,-0.02324649505317211,-3.7732465267181396,attack,yes
2621,1,1,0.9980732650196737,-0.0019289711490273476,-6.251928806304932,attack,yes
2622,1,1,0.9975273770661855,-0.0024770786985754967,-6.002477169036865,attack,yes
2623,1,1,0.9990889489676177,-0.0009124883217737079,-7.000912666320801,attack,yes
2624,1,1,0.9984988176493829,-0.0015025765169411898,-6.501502513885498,attack,yes
2625,1,1,0.998830489978366,-0.0011704268399626017,-6.751170635223389,attack,yes
2626,1,0,0.010986940232161724,-4.511048316955566,-0.011048096232116222,attack,no
2627,1,1,0.9859363739510995,-0.014165329746901989,-4.26416540145874,attack,yes
2628,1,1,0.9947798737865454,-0.0052352952770888805,-5.255235195159912,attack,yes
2629,1,1,0.9996646498086224,-0.00033682872890494764,-8.000336647033691,attack,yes
2630,1,1,0.9992903296108476,-0.0007104733376763761,-7.250710487365723,attack,yes
2631,1,1,0.9859363753070244,-0.014163801446557045,-4.264163970947266,attack,yes
2632,1,1,0.9890130597678383,-0.011048096232116222,-4.511048316955566,attack,yes
2633,1,1,0.9975273773561962,-0.0024764842819422483,-6.002476692199707,attack,yes
2634,1,1,0.9947798731312345,-0.0052339909598231316,-5.2552337646484375,attack,yes
2635,1,1,0.9820137903340027,-0.018150312826037407,-4.018150329589844,attack,yes
2636,1,1,0.9914225147763652,-0.008614994585514069,-4.758615016937256,attack,yes
2637,1,1,0.96267311613631,-0.038042448461055756,-3.2880425453186035,attack,yes
2638,1,1,0.9968273173114128,-0.0031780709978193045,-5.753178119659424,attack,yes
2639,1,1,0.9984988176493829,-0.0015025765169411898,-6.501502513885498,attack,yes
2640,1,1,0.9975273773533248,-0.0024760086089372635,-6.002476215362549,attack,yes
2641,1,1,0.9994472213817283,-0.0005530973430722952,-7.500553131103516,attack,yes
2642,1,1,0.9988304898399285,-0.0011710221879184246,-6.751171112060547,attack,yes
2643,1,1,0.9992903294425945,-0.0007121411035768688,-7.250711917877197,attack,yes
2644,1,1,0.9999038975964004,-9.619726915843785e-05,-9.250096321105957,attack,yes
2645,1,1,0.9525741239613982,-0.048588577657938004,-3.048588514328003,attack,yes
2646,1,1,0.998830489978366,-0.0011704268399626017,-6.751170635223389,attack,yes
2647,1,1,0.9968273173114128,-0.0031780709978193045,-5.753178119659424,attack,yes
2648,1,1,0.998830489978366,-0.0011704268399626017,-6.751170635223389,attack,yes
2649,1,1,0.9997388095964569,-0.0002616301644593477,-8.250261306762695,attack,yes
2650,1,1,0.9984988180072789,-0.0015028145862743258,-6.501502990722656,attack,yes
2651,1,1,0.9959298617348148,-0.004078523721545935,-5.504078388214111,attack,yes
2652,1,1,0.9968273173114128,-0.0031780709978193045,-5.753178119659424,attack,yes
2653,1,1,0.9975273764706583,-0.0024758896324783564,-6.002475738525391,attack,yes
2654,1,1,0.9997388095653363,-0.00026174934464506805,-8.250261306762695,attack,yes
2655,1,1,0.9998415638395506,-0.00015889335190877318,-8.75015926361084,attack,yes
2656,1,1,0.9990889488584223,-0.0009116546134464443,-7.000911712646484,attack,yes
2657,1,1,0.9914225127330346,-0.008614758029580116,-4.758614540100098,attack,yes
2658,1,1,0.9992903296110953,-0.0007109498255886137,-7.250710964202881,attack,yes
2659,1,1,0.9984988178277202,-0.0015024575404822826,-6.501502513885498,attack,yes
2660,1,1,0.9994472213159005,-0.0005532164941541851,-7.500553131103516,attack,yes
2661,1,1,0.9968273165551771,-0.003177833277732134,-5.753177642822266,attack,yes
2662,1,1,0.9996646499283663,-0.0003355178632773459,-8.000335693359375,attack,yes
2663,1,1,0.9975273764706583,-0.0024758896324783564,-6.002475738525391,attack,yes
2664,1,1,0.9990889486424153,-0.0009128456003963947,-7.000912666320801,attack,yes
2665,1,1,0.96267311613631,-0.038042448461055756,-3.2880425453186035,attack,yes
2666,1,1,0.9959298627050367,-0.004078761208802462,-5.5040788650512695,attack,yes
2667,1,1,0.9890130598184381,-0.011048568412661552,-4.511048793792725,attack,yes
2668,1,1,0.9975273770661855,-0.0024770786985754967,-6.002477169036865,attack,yes
2669,1,1,0.9995694429073649,-0.00043108707177452743,-7.750431060791016,attack,yes
2670,1,1,0.9859363721431996,-0.014164506457746029,-4.264164447784424,attack,yes
2671,1,1,0.9992903294416453,-0.0007102350937202573,-7.2507100105285645,attack,yes
2672,1,1,0.998830489978366,-0.0011704268399626017,-6.751170635223389,attack,yes
2673,1,1,0.9990889488584223,-0.0009116546134464443,-7.000911712646484,attack,yes
2674,1,1,0.9988304898399285,-0.0011710221879184246,-6.751171112060547,attack,yes
2675,1,1,0.9984988178287671,-0.0015029336791485548,-6.501502990722656,attack,yes
2676,1,1,0.9988304895611497,-0.0011707840021699667,-6.751170635223389,attack,yes
2677,1,1,0.9984988178277202,-0.0015024575404822826,-6.501502513885498,attack,yes
2678,1,1,0.9975273767669861,-0.002476246329024434,-6.002476215362549,attack,yes
2679,1,1,0.9959298627050367,-0.004078761208802462,-5.5040788650512695,attack,yes
2680,1,1,0.9820137861886837,-0.01815054751932621,-4.018150329589844,attack,yes
2681,1,1,0.9988304895616935,-0.0011712603736668825,-6.751171112060547,attack,yes
2682,1,1,0.9997965730989017,-0.0002037079248111695,-8.500204086303711,attack,yes
2683,1,1,0.9933071495431723,-0.006715704221278429,-5.006715774536133,attack,yes
2684,1,1,0.9984988174708712,-0.0015026956098154187,-6.501502513885498,attack,yes
2685,1,1,0.9998766053661228,-0.0001234931987710297,-9.000123023986816,attack,yes
2686,1,1,0.9990889489668762,-0.0009115354623645544,-7.000911712646484,attack,yes
2687,1,1,0.9994472212501048,-0.000553335587028414,-7.500553131103516,attack,yes
2688,1,1,0.9984988174708712,-0.0015026956098154187,-6.501502513885498,attack,yes
2689,1,1,0.9996646498484688,-0.0003357561945449561,-8.000335693359375,attack,yes
2690,1,1,0.998073265251826,-0.0019298041006550193,-6.251929759979248,attack,yes
2691,1,1,0.9914225127330346,-0.008614758029580116,-4.758614540100098,attack,yes
2692,1,1,0.9992903296110953,-0.0007109498255886137,-7.250710964202881,attack,yes
2693,1,1,0.8519527963298947,-0.16022460162639618,-1.9102245569229126,attack,yes
2694,1,1,0.9975273770604427,-0.002476127352565527,-6.002476215362549,attack,yes
2695,1,1,0.9984988176493829,-0.0015025765169411898,-6.501502513885498,attack,yes
2696,1,1,0.9626731139945011,-0.03804393857717514,-3.288043975830078,attack,yes
2697,1,1,0.998073265248468,-0.0019288521725684404,-6.251928806304932,attack,yes
2698,1,1,0.9959298617348148,-0.004078523721545935,-5.504078388214111,attack,yes
2699,1,1,0.999569443009936,-0.00043084874050691724,-7.750431060791016,attack,yes
2700,1,1,0.9990889487512399,-0.0009132028790190816,-7.000913143157959,attack,yes
2701,1,1,0.999569443009936,-0.00043084874050691724,-7.750431060791016,attack,yes
2702,1,1,0.9626731107817877,-0.03804164379835129,-3.288041591644287,attack,yes
2703,1,1,0.9999646437408526,-3.6477376852417365e-05,-10.250036239624023,attack,yes
2704,1,1,0.9984988174708712,-0.0015026956098154187,-6.501502513885498,attack,yes
2705,1,1,0.939913344987013,-0.06196817383170128,-2.8119680881500244,attack,yes
2706,1,1,0.9980732657078478,-0.0019290901254862547,-6.25192928314209,attack,yes
2707,1,1,0.9859363721431996,-0.014164506457746029,-4.264164447784424,attack,yes
2708,1,1,0.9933071503294908,-0.006715585943311453,-5.006715774536133,attack,yes
2709,1,1,0.9988304898392486,-0.0011705459328368306,-6.751170635223389,attack,yes
2710,1,1,0.9890130585433228,-0.011048685759305954,-4.511048793792725,attack,yes
2711,1,1,0.9046505415276079,-0.10021154582500458,-2.3502116203308105,attack,yes
2712,1,1,0.9959298627050367,-0.004078761208802462,-5.5040788650512695,attack,yes
2713,1,1,0.9992903296953456,-0.0007103541865944862,-7.250710487365723,attack,yes
2714,1,1,0.9933071487568537,-0.006715822499245405,-5.006715774536133,attack,yes
2715,1,1,0.9975273770604427,-0.002476127352565527,-6.002476215362549,attack,yes
2716,1,1,0.998830489700131,-0.0011706650257110596,-6.751170635223389,attack,yes
2717,1,1,0.9914225157821905,-0.008614876307547092,-4.758615016937256,attack,yes
2718,1,1,0.9995694429586441,-0.00043096792069263756,-7.750431060791016,attack,yes
2719,1,1,0.9980732657078478,-0.0019290901254862547,-6.25192928314209,attack,yes
2720,1,1,0.9933071495431723,-0.006715704221278429,-5.006715774536133,attack,yes
2721,1,1,0.9890130597678383,-0.011048096232116222,-4.511048316955566,attack,yes
2722,1,1,0.9241418116217418,-0.07889139652252197,-2.5788912773132324,attack,yes
2723,1,1,0.9999251537816229,-7.521823135903105e-05,-9.500075340270996,attack,yes
2724,1,1,0.9770226282919171,-0.023246845230460167,-3.7732467651367188,attack,yes
2725,1,1,0.9999038975505838,-9.667406266089529e-05,-9.250096321105957,attack,yes
2726,1,1,0.995929862223701,-0.004078879952430725,-5.5040788650512695,attack,yes
2727,1,1,0.9984988180072789,-0.0015028145862743258,-6.501502990722656,attack,yes
2728,1,1,0.9914225127330346,-0.008614758029580116,-4.758614540100098,attack,yes
2729,1,1,0.9947798737599461,-0.005234346725046635,-5.255234241485596,attack,yes
2730,1,1,0.995929862223701,-0.004078879952430725,-5.5040788650512695,attack,yes
2731,1,1,0.9980732650196737,-0.0019289711490273476,-6.251928806304932,attack,yes
2732,1,1,0.9992903296105999,-0.0007099968497641385,-7.2507100105285645,attack,yes
2733,1,1,0.989013058482603,-0.011048214510083199,-4.511048316955566,attack,yes
2734,1,1,0.9984988174708712,-0.0015026956098154187,-6.501502513885498,attack,yes
2735,1,1,0.9968273173114128,-0.0031780709978193045,-5.753178119659424,attack,yes
2736,1,1,0.9994472212501048,-0.000553335587028414,-7.500553131103516,attack,yes
2737,1,1,0.952574129515172,-0.048588693141937256,-3.048588752746582,attack,yes
2738,1,1,0.9992903294433376,-0.0007135705673135817,-7.250713348388672,attack,yes
2739,1,1,0.9820137927027559,-0.01815113238990307,-4.01815128326416,attack,yes
2740,1,1,0.9994472213817283,-0.0005530973430722952,-7.500553131103516,attack,yes
2741,1,1,0.9968273176869535,-0.003177952254191041,-5.753178119659424,attack,yes
2742,1,1,0.9997965730504196,-0.00020394629973452538,-8.500204086303711,attack,yes
2743,1,1,0.9990889487500213,-0.0009117737063206732,-7.000911712646484,attack,yes
2744,1,1,0.9975273767698575,-0.002476722002029419,-6.002476692199707,attack,yes
2745,1,1,0.9770226306753883,-0.023246262222528458,-3.7732462882995605,attack,yes
2746,1,1,0.9998766054396679,-0.00012385078298393637,-9.000123977661133,attack,yes
2747,1,1,0.9890130585433228,-0.011048685759305954,-4.511048793792725,attack,yes
2748,1,1,0.9984988180093728,-0.0015037668636068702,-6.501503944396973,attack,yes
2749,1,1,0.9998766053955495,-0.00012420836719684303,-9.000123977661133,attack,yes
2750,1,1,0.9975273773533248,-0.0024760086089372635,-6.002476215362549,attack,yes
2751,1,1,0.9525741214369554,-0.04858982563018799,-3.0485897064208984,attack,yes
2752,1,1,0.7310585786300049,-0.3132627010345459,-1.313262701034546,attack,yes
2753,1,1,0.9706877682416838,-0.029751574620604515,-3.5297515392303467,attack,yes
2754,1,1,0.9992903294416453,-0.0007102350937202573,-7.2507100105285645,attack,yes
2755,1,1,0.9990889487504453,-0.000912250077817589,-7.000912189483643,attack,yes
2756,1,1,0.9914225157821905,-0.008614876307547092,-4.758615016937256,attack,yes
2757,1,1,0.9984988174708712,-0.0015026956098154187,-6.501502513885498,attack,yes
2758,1,1,0.9997388095653363,-0.00026174934464506805,-8.250261306762695,attack,yes
2759,1,1,0.9998415637451441,-0.00015948931104503572,-8.75015926361084,attack,yes
2760,1,1,0.9770226277065029,-0.02324567921459675,-3.7732455730438232,attack,yes
2761,1,1,0.9980732654772625,-0.0019287331961095333,-6.251928806304932,attack,yes
2762,1,1,0.9975273764706583,-0.0024758896324783564,-6.002475738525391,attack,yes
2763,1,1,0.999796572977698,-0.00020430385484360158,-8.500204086303711,attack,yes
2764,1,1,0.9968273173114128,-0.0031780709978193045,-5.753178119659424,attack,yes
2765,1,1,0.993307147970535,-0.006715940777212381,-5.006715774536133,attack,yes
2766,1,1,0.9984988174719182,-0.0015031717484816909,-6.501502990722656,attack,yes
2767,1,1,0.9968273176869535,-0.003177952254191041,-5.753178119659424,attack,yes
2768,1,1,0.9975273767669861,-0.002476246329024434,-6.002476215362549,attack,yes
2769,1,1,0.9995694429587317,-0.0004314445541240275,-7.750431537628174,attack,yes
2770,1,1,0.9959298627050367,-0.004078761208802462,-5.5040788650512695,attack,yes
2771,1,1,0.999290329441893,-0.0007107115816324949,-7.250710487365723,attack,yes
2772,1,1,0.9859363703223857,-0.014163684099912643,-4.264163494110107,attack,yes
2773,1,1,0.9959298631863724,-0.004078642465174198,-5.5040788650512695,attack,yes
2774,1,1,0.9706877688776584,-0.02975226752460003,-3.529752254486084,attack,yes
2775,1,1,0.9399133544545812,-0.061968959867954254,-2.811969041824341,attack,yes
2776,1,1,0.9947798750439686,-0.005236006807535887,-5.2552361488342285,attack,yes
2777,1,1,0.9988304898392486,-0.0011705459328368306,-6.751170635223389,attack,yes
2778,1,1,0.9990889489668762,-0.0009115354623645544,-7.000911712646484,attack,yes
2779,1,1,0.9975273770604427,-0.002476127352565527,-6.002476215362549,attack,yes
2780,1,1,0.9994472212501048,-0.000553335587028414,-7.500553131103516,attack,yes
2781,1,1,0.9988304897033948,-0.0011730464175343513,-6.75117301940918,attack,yes
2782,1,1,0.9890130597678383,-0.011048096232116222,-4.511048316955566,attack,yes
2783,1,1,0.9975273773533248,-0.0024760086089372635,-6.002476215362549,attack,yes
2784,1,1,0.9859363736799145,-0.014163918793201447,-4.264163970947266,attack,yes
2785,1,1,0.998073265248468,-0.0019288521725684404,-6.251928806304932,attack,yes
2786,1,1,0.9933071495648425,-0.006716177798807621,-5.006716251373291,attack,yes
2787,1,1,0.9959298627050367,-0.004078761208802462,-5.5040788650512695,attack,yes
2788,1,1,0.9933071495431723,-0.006715704221278429,-5.006715774536133,attack,yes
2789,1,1,0.9933071495648425,-0.006716177798807621,-5.006716251373291,attack,yes
2790,1,1,0.9914225148476443,-0.008615939877927303,-4.758615970611572,attack,yes
2791,1,1,0.9997388096586981,-0.0002613918040879071,-8.250261306762695,attack,yes
2792,1,1,0.9984988176493829,-0.0015025765169411898,-6.501502513885498,attack,yes
2793,1,1,0.9992903296105999,-0.0007099968497641385,-7.2507100105285645,attack,yes
2794,1,1,0.9968273165647497,-0.0031787839252501726,-5.753178596496582,attack,yes
2795,1,1,0.9706877713685592,-0.02975122630596161,-3.5297513008117676,attack,yes
2796,1,1,0.9988304898392486,-0.0011705459328368306,-6.751170635223389,attack,yes
2797,1,1,0.993307147970535,-0.006715940777212381,-5.006715774536133,attack,yes
2798,1,1,0.9997388096275776,-0.0002615109842736274,-8.250261306762695,attack,yes
2799,1,1,0.952574130693245,-0.04858914390206337,-3.0485892295837402,attack,yes
2800,1,1,0.9988304898392486,-0.0011705459328368306,-6.751170635223389,attack,yes
2801,1,1,0.9995694428560857,-0.0004312062228564173,-7.750431060791016,attack,yes
2802,1,1,0.999447221381889,-0.0005535738891921937,-7.500553607940674,attack,yes
2803,1,1,0.9975273767698575,-0.002476722002029419,-6.002476692199707,attack,yes
2804,1,1,0.9820137904984994,-0.018150780349969864,-4.018150806427002,attack,yes
2805,1,1,0.9770226278319489,-0.023245912045240402,-3.7732458114624023,attack,yes
2806,1,1,0.9997965730746621,-0.00020382710499688983,-8.500204086303711,attack,yes
2807,1,1,0.9947798731312345,-0.0052339909598231316,-5.2552337646484375,attack,yes
2808,1,1,0.9968273173158309,-0.0031785464379936457,-5.753178596496582,attack,yes
2809,1,1,0.9859363722335944,-0.01416497677564621,-4.264164924621582,attack,yes
2810,1,1,0.9984988178299887,-0.0015034097013995051,-6.5015034675598145,attack,yes
2811,1,1,0.9525741274956179,-0.04858778417110443,-3.0485877990722656,attack,yes
2812,1,1,0.9859363720398908,-0.014164037071168423,-4.264163970947266,attack,yes
2813,1,1,0.9975273773561962,-0.0024764842819422483,-6.002476692199707,attack,yes
2814,1,1,0.9626731142622272,-0.038044169545173645,-3.2880442142486572,attack,yes
2815,1,1,0.9996646498484688,-0.0003357561945449561,-8.000335693359375,attack,yes
2816,1,1,0.9996646499283663,-0.0003355178632773459,-8.000335693359375,attack,yes
2817,1,1,0.9890130598184381,-0.011048568412661552,-4.511048793792725,attack,yes
2818,1,1,0.9959298627050367,-0.004078761208802462,-5.5040788650512695,attack,yes
2819,1,1,0.9984988174708712,-0.0015026956098154187,-6.501502513885498,attack,yes
2820,1,1,0.9933071495431723,-0.006715704221278429,-5.006715774536133,attack,yes
2821,1,1,0.9988304895611497,-0.0011707840021699667,-6.751170635223389,attack,yes
2822,1,1,0.9996646498484688,-0.0003357561945449561,-8.000335693359375,attack,yes
2823,1,1,0.9820137884258401,-0.018150897696614265,-4.018150806427002,attack,yes
2824,1,1,0.9770226280828407,-0.02324637770652771,-3.7732462882995605,attack,yes
2825,1,1,0.9988304898392486,-0.0011705459328368306,-6.751170635223389,attack,yes
2826,1,1,0.96267311613631,-0.038042448461055756,-3.2880425453186035,attack,yes
2827,1,1,0.989013058482603,-0.011048214510083199,-4.511048316955566,attack,yes
2828,1,1,0.9975273764706583,-0.0024758896324783564,-6.002475738525391,attack,yes
2829,1,1,0.994779874376567,-0.005234227981418371,-5.255234241485596,attack,yes
2830,1,1,0.995929862223701,-0.004078879952430725,-5.5040788650512695,attack,yes
2831,1,1,0.9995694429073649,-0.00043108707177452743,-7.750431060791016,attack,yes
2832,1,1,0.9992903294416453,-0.0007102350937202573,-7.2507100105285645,attack,yes
2833,1,1,0.9859363736799145,-0.014163918793201447,-4.264163970947266,attack,yes
2834,1,1,0.9399133464597458,-0.06196862459182739,-2.8119685649871826,attack,yes
2835,1,1,0.6791787056691698,-0.3868729770183563,-1.1368730068206787,attack,yes
2836,1,1,0.9241418267688303,-0.07889118045568466,-2.5788912773132324,attack,yes
2837,1,1,0.999925153790544,-7.509902934543788e-05,-9.500075340270996,attack,yes
2838,1,1,0.999447221381889,-0.0005535738891921937,-7.500553607940674,attack,yes
2839,1,1,0.9980732654772625,-0.0019287331961095333,-6.251928806304932,attack,yes
2840,1,1,0.994779874993188,-0.005234109237790108,-5.255234241485596,attack,yes
2841,1,1,0.999447221381889,-0.0005535738891921937,-7.500553607940674,attack,yes
2842,1,1,0.9959298622406891,-0.004079829435795546,-5.504079818725586,attack,yes
2843,1,1,0.9968273169351358,-0.0031781899742782116,-5.753178119659424,attack,yes
2844,1,1,0.9820137882613432,-0.01815043017268181,-4.018150329589844,attack,yes
2845,1,1,0.9959298617348148,-0.004078523721545935,-5.504078388214111,attack,yes
2846,1,1,0.9820137868137715,-0.018152419477701187,-4.018152236938477,attack,yes
2847,1,1,0.9968273173114128,-0.0031780709978193045,-5.753178119659424,attack,yes
2848,1,1,0.9990889487500213,-0.0009117737063206732,-7.000911712646484,attack,yes
2849,1,1,0.9990889489672469,-0.0009120118920691311,-7.000912189483643,attack,yes
2850,1,1,0.9996646498884225,-0.00033563701435923576,-8.000335693359375,attack,yes
2851,1,1,0.9990889489668762,-0.0009115354623645544,-7.000911712646484,attack,yes
2852,1,1,0.9992903294416453,-0.0007102350937202573,-7.2507100105285645,attack,yes
2853,1,1,0.9947798737599461,-0.005234346725046635,-5.255234241485596,attack,yes
2854,1,1,0.9890130572074874,-0.0110483318567276,-4.511048316955566,attack,yes
2855,1,1,0.9992903296957998,-0.0007113072206266224,-7.250711441040039,attack,yes
2856,1,1,0.9994472213159005,-0.0005532164941541851,-7.500553131103516,attack,yes
2857,1,1,0.999796572929219,-0.00020454221521504223,-8.500204086303711,attack,yes
2858,1,1,0.9975273770604427,-0.002476127352565527,-6.002476215362549,attack,yes
2859,1,1,0.9890130597678383,-0.011048096232116222,-4.511048316955566,attack,yes
2860,1,1,0.9975273764706583,-0.0024758896324783564,-6.002475738525391,attack,yes
2861,1,1,0.9994472212505229,-0.0005547653418034315,-7.50055456161499,attack,yes
2862,1,1,0.9933071482027158,-0.006721151061356068,-5.006721019744873,attack,yes
2863,1,1,0.9990889489668762,-0.0009115354623645544,-7.000911712646484,attack,yes
2864,1,1,0.9706877711565677,-0.029750995337963104,-3.5297510623931885,attack,yes
2865,1,1,0.9994472212501048,-0.000553335587028414,-7.500553131103516,attack,yes
2866,1,1,0.9959298617348148,-0.004078523721545935,-5.504078388214111,attack,yes
2867,1,1,0.9994472213159005,-0.0005532164941541851,-7.500553131103516,attack,yes
2868,1,1,0.924141817889503,-0.07889249920845032,-2.578892469406128,attack,yes
2869,1,1,0.9859363703223857,-0.014163684099912643,-4.264163494110107,attack,yes
2870,1,1,0.9988304898392486,-0.0011705459328368306,-6.751170635223389,attack,yes
2871,1,1,0.9975273764706583,-0.0024758896324783564,-6.002475738525391,attack,yes
2872,1,1,0.9980732650196737,-0.0019289711490273476,-6.251928806304932,attack,yes
2873,1,1,0.9968273173114128,-0.0031780709978193045,-5.753178119659424,attack,yes
2874,1,1,0.9959298617423651,-0.004078998696058989,-5.5040788650512695,attack,yes
2875,1,1,0.9975273770604427,-0.002476127352565527,-6.002476215362549,attack,yes
2876,1,1,0.9994472213159005,-0.0005532164941541851,-7.500553131103516,attack,yes
2877,1,1,0.99966464996832,-0.00033539868309162557,-8.000335693359375,attack,yes
2878,1,1,0.9990889488584223,-0.0009116546134464443,-7.000911712646484,attack,yes
2879,1,1,0.9975273767698575,-0.002476722002029419,-6.002476692199707,attack,yes
2880,1,1,0.999569443009936,-0.00043084874050691724,-7.750431060791016,attack,yes
2881,1,1,0.989013058765962,-0.011050572618842125,-4.511050701141357,attack,yes
2882,1,1,0.9998415637073574,-0.00015877417172305286,-8.750158309936523,attack,yes
2883,1,1,0.9968273165551771,-0.003177833277732134,-5.753177642822266,attack,yes
2884,1,1,0.9988304895616935,-0.0011712603736668825,-6.751171112060547,attack,yes
2885,1,1,0.9984988176493829,-0.0015025765169411898,-6.501502513885498,attack,yes
2886,1,1,0.994779874993188,-0.005234109237790108,-5.255234241485596,attack,yes
2887,1,1,0.9994472212501048,-0.000553335587028414,-7.500553131103516,attack,yes
2888,1,1,0.9980732654806204,-0.0019296851241961122,-6.251929759979248,attack,yes
2889,1,1,0.9992903296110953,-0.0007109498255886137,-7.250710964202881,attack,yes
2890,1,1,0.952574129515172,-0.048588693141937256,-3.048588752746582,attack,yes
2891,1,1,0.9997388095964569,-0.0002616301644593477,-8.250261306762695,attack,yes
2892,1,1,0.9992903296953456,-0.0007103541865944862,-7.250710487365723,attack,yes
2893,1,1,0.9626731143960903,-0.03805036470293999,-3.288050413131714,attack,yes
2894,1,1,0.9959298627050367,-0.004078761208802462,-5.5040788650512695,attack,yes
2895,1,1,0.9997388097832411,-0.0002618685248307884,-8.250262260437012,attack,yes
2896,1,1,0.9968273176869535,-0.003177952254191041,-5.753178119659424,attack,yes
2897,1,1,0.9984988174708712,-0.0015026956098154187,-6.501502513885498,attack,yes
2898,1,1,0.9997388096586981,-0.0002613918040879071,-8.250261306762695,attack,yes
2899,1,1,0.996827317330558,-0.003179972292855382,-5.753180027008057,attack,yes
2900,1,1,0.9984988178287671,-0.0015029336791485548,-6.501502990722656,attack,yes
2901,1,1,0.9975273764706583,-0.0024758896324783564,-6.002475738525391,attack,yes
2902,1,1,0.9399133527714579,-0.06196851283311844,-2.8119685649871826,attack,yes
2903,1,1,0.9996646498884225,-0.00033563701435923576,-8.000335693359375,attack,yes
2904,1,1,0.9968273176869535,-0.003177952254191041,-5.753178119659424,attack,yes
2905,1,1,0.9984988174708712,-0.0015026956098154187,-6.501502513885498,attack,yes
2906,1,1,0.9959298617423651,-0.004078998696058989,-5.5040788650512695,attack,yes
2907,1,1,0.9890130598184381,-0.011048568412661552,-4.511048793792725,attack,yes
2908,1,1,0.9984988174708712,-0.0015026956098154187,-6.501502513885498,attack,yes
2909,1,1,0.9968273169447085,-0.0031791406217962503,-5.75317907333374,attack,yes
2910,1,1,0.9947798743886578,-0.005234702490270138,-5.255234718322754,attack,yes
2911,1,1,0.9998415637829052,-0.00015925093612167984,-8.75015926361084,attack,yes
2912,1,1,0.9820137903340027,-0.018150312826037407,-4.018150329589844,attack,yes
2913,1,1,0.9890130559829716,-0.011048921383917332,-4.511048793792725,attack,yes
2914,1,1,0.989013058482603,-0.011048214510083199,-4.511048316955566,attack,yes
2915,1,1,0.9975273764706583,-0.0024758896324783564,-6.002475738525391,attack,yes
2916,1,1,0.9992903296974922,-0.0007146426942199469,-7.2507147789001465,attack,yes
2917,1,1,0.9995694429586441,-0.00043096792069263756,-7.750431060791016,attack,yes
2918,1,1,0.9770226306753883,-0.023246262222528458,-3.7732462882995605,attack,yes
2919,1,1,0.9959298627144747,-0.004079235717654228,-5.504079341888428,attack,yes
2920,1,1,0.9968273165551771,-0.003177833277732134,-5.753177642822266,attack,yes
2921,1,1,0.9990889489676177,-0.0009124883217737079,-7.000912666320801,attack,yes
2922,1,1,0.9975273767641146,-0.0024757706560194492,-6.002475738525391,attack,yes
2923,1,1,0.9984988174752337,-0.0015046000480651855,-6.501504421234131,attack,yes
2924,1,1,0.9975273770604427,-0.002476127352565527,-6.002476215362549,attack,yes
2925,1,1,0.9999785550541406,-2.1815061700181104e-05,-10.750021934509277,attack,yes
2926,1,1,0.9984988174708712,-0.0015026956098154187,-6.501502513885498,attack,yes
2927,1,1,0.9980732657112059,-0.0019300420535728335,-6.251930236816406,attack,yes
2928,1,1,0.9399133536130195,-0.061968736350536346,-2.8119688034057617,attack,yes
2929,1,1,0.9914225137705398,-0.008615112863481045,-4.758615016937256,attack,yes
2930,1,1,0.9914225148159647,-0.008615466766059399,-4.758615493774414,attack,yes
2931,1,1,0.999796572929219,-0.00020454221521504223,-8.500204086303711,attack,yes
2932,1,1,0.9968273173114128,-0.0031780709978193045,-5.753178119659424,attack,yes
2933,1,1,0.9968273173254034,-0.0031794970855116844,-5.753179550170898,attack,yes
2934,1,1,0.9914225157821905,-0.008614876307547092,-4.758615016937256,attack,yes
2935,1,1,0.9933071495431723,-0.006715704221278429,-5.006715774536133,attack,yes
2936,1,1,0.9525741234565097,-0.04859073460102081,-3.048590660095215,attack,yes
2937,1,1,0.9980732654790533,-0.0019292091019451618,-6.25192928314209,attack,yes
2938,1,1,0.9859363721431996,-0.014164506457746029,-4.264164447784424,attack,yes
2939,1,1,0.9996646498884225,-0.00033563701435923576,-8.000335693359375,attack,yes
2940,1,1,0.9975273764706583,-0.0024758896324783564,-6.002475738525391,attack,yes
2941,1,1,0.9994472212501048,-0.000553335587028414,-7.500553131103516,attack,yes
2942,1,1,0.9999251537637805,-7.545663538621739e-05,-9.500075340270996,attack,yes
2943,1,1,0.9933071503294908,-0.006715585943311453,-5.006715774536133,attack,yes
2944,1,1,0.9990889488584223,-0.0009116546134464443,-7.000911712646484,attack,yes
2945,1,1,0.9999038975734921,-9.643566590966657e-05,-9.250096321105957,attack,yes
2946,1,1,0.998830489701491,-0.0011716175358742476,-6.751171588897705,attack,yes
2947,1,1,0.9968273173254034,-0.0031794970855116844,-5.753179550170898,attack,yes
2948,1,1,0.9990889487504453,-0.000912250077817589,-7.000912189483643,attack,yes
2949,1,1,0.9980732657078478,-0.0019290901254862547,-6.25192928314209,attack,yes
2950,1,1,0.9959298617518031,-0.004079473204910755,-5.504079341888428,attack,yes
2951,1,1,0.9947798737478556,-0.005233872216194868,-5.2552337646484375,attack,yes
2952,1,1,0.9997965729291775,-0.00020358874462544918,-8.500203132629395,attack,yes
2953,1,1,0.9994472212501048,-0.000553335587028414,-7.500553131103516,attack,yes
2954,1,1,0.9933071487785239,-0.006716296076774597,-5.006716251373291,attack,yes
2955,1,1,0.989013058482603,-0.011048214510083199,-4.511048316955566,attack,yes
2956,1,1,0.9992903295261432,-0.0007101159426383674,-7.2507100105285645,attack,yes
2957,1,1,0.9770226280828407,-0.02324637770652771,-3.7732462882995605,attack,yes
2958,1,1,0.9975273773561962,-0.0024764842819422483,-6.002476692199707,attack,yes
2959,1,1,0.9770226284173629,-0.02324707806110382,-3.773247003555298,attack,yes
2960,1,1,0.998830489701491,-0.0011716175358742476,-6.751171588897705,attack,yes
2961,1,1,0.9820137882613432,-0.01815043017268181,-4.018150329589844,attack,yes
2962,1,1,0.9890130597678383,-0.011048096232116222,-4.511048316955566,attack,yes
2963,1,1,0.9996646500083713,-0.00033623288618400693,-8.000336647033691,attack,yes
2964,1,1,0.9820137882613432,-0.01815043017268181,-4.018150329589844,attack,yes
2965,1,1,0.9995694429587317,-0.0004314445541240275,-7.750431537628174,attack,yes
2966,1,1,0.989013058482603,-0.011048214510083199,-4.511048316955566,attack,yes
2967,1,1,0.9998415638395506,-0.00015889335190877318,-8.75015926361084,attack,yes
2968,1,1,0.989013055861532,-0.01104797888547182,-4.511047840118408,attack,yes
2969,1,1,0.9988304898392486,-0.0011705459328368306,-6.751170635223389,attack,yes
2970,1,1,0.9992903295261432,-0.0007101159426383674,-7.2507100105285645,attack,yes
2971,1,1,0.9820137925711584,-0.018150663003325462,-4.018150806427002,attack,yes
2972,1,1,0.9914225127647143,-0.008615231141448021,-4.758615016937256,attack,yes
2973,1,1,0.9859363721431996,-0.014164506457746029,-4.264164447784424,attack,yes
2974,1,1,0.9820137885903367,-0.018151365220546722,-4.01815128326416,attack,yes
2975,1,1,0.9975273764706583,-0.0024758896324783564,-6.002475738525391,attack,yes
2976,1,1,0.9994472213159005,-0.0005532164941541851,-7.500553131103516,attack,yes
2977,1,1,0.9820137882613432,-0.01815043017268181,-4.018150329589844,attack,yes
2978,1,1,0.9947798737599461,-0.005234346725046635,-5.255234241485596,attack,yes
2979,1,1,0.8519528057272543,-0.16022786498069763,-1.91022789478302,attack,yes
2980,1,1,0.9947798737599461,-0.005234346725046635,-5.255234241485596,attack,yes
2981,1,1,0.9975273770604427,-0.002476127352565527,-6.002476215362549,attack,yes
2982,1,1,0.9770226278319489,-0.023245912045240402,-3.7732458114624023,attack,yes
2983,1,1,0.9770226310517259,-0.02324696071445942,-3.773247003555298,attack,yes
2984,1,1,0.9990889487500213,-0.0009117737063206732,-7.000911712646484,attack,yes
2985,1,1,0.998830489700131,-0.0011706650257110596,-6.751170635223389,attack,yes
2986,1,1,0.9933071479488647,-0.006715467199683189,-5.006715297698975,attack,yes
2987,1,1,0.9996646498484688,-0.0003357561945449561,-8.000335693359375,attack,yes
2988,1,1,0.9933071495431723,-0.006715704221278429,-5.006715774536133,attack,yes
2989,1,1,0.9988304895616935,-0.0011712603736668825,-6.751171112060547,attack,yes
2990,1,1,0.9980732650196737,-0.0019289711490273476,-6.251928806304932,attack,yes
2991,1,1,0.9999417087483369,-5.8887653722194955e-05,-9.750059127807617,attack,yes
2992,1,1,0.9994472214477166,-0.0005534547381103039,-7.500553607940674,attack,yes
2993,1,1,0.9968273173114128,-0.0031780709978193045,-5.753178119659424,attack,yes
2994,1,1,0.9992903296953456,-0.0007103541865944862,-7.250710487365723,attack,yes
2995,1,1,0.989013058715362,-0.011050100438296795,-4.511050224304199,attack,yes
2996,1,1,0.9947798750052788,-0.005234583746641874,-5.255234718322754,attack,yes
2997,1,1,0.9980732654772625,-0.0019287331961095333,-6.251928806304932,attack,yes
2998,1,1,0.962673111183377,-0.038044970482587814,-3.2880449295043945,attack,yes
2999,1,1,0.9959298627050367,-0.004078761208802462,-5.5040788650512695,attack,yes
3000,0,0,5.602799077661068e-09,-19.0000057220459,-6.198863957251888e-06,attack,no
3001,0,0,0.0002611902789315549,-8.250263214111328,-0.00026306029758416116,attack,no
3002,0,0,4.139934085729335e-08,-17.000059127807617,-5.829164365422912e-05,attack,no
3003,0,0,4.785096206047877e-06,-12.250006675720215,-7.033323527139146e-06,attack,no
3004,0,0,1.5229972250526457e-08,-18.000001907348633,-1.4305104514278355e-06,attack,no
3005,0,0,0.00020342702226054289,-8.500205039978027,-0.00020525732543319464,attack,no
3006,0,0,4.139934092743993e-08,-17.000003814697266,-2.9802276912960224e-06,attack,no
3007,0,0,8.764252675221401e-08,-16.25,-5.960462772236497e-07,attack,no
3008,0,0,1.670141985415638e-05,-11.000019073486328,-1.8954096958623268e-05,attack,no
3009,0,0,0.0015011819927211354,-6.501502990722656,-0.0015028145862743258,attack,no
3010,0,0,0.0015011825258133447,-6.501503944396973,-0.0015041239093989134,attack,no
3011,0,0,4.3634601526323156e-09,-19.250017166137695,-1.6689160474925302e-05,attack,no
3012,0,0,1.1861122838202565e-08,-18.25000762939453,-7.867782187531702e-06,attack,no
3013,0,0,4.785096776499213e-06,-12.250005722045898,-6.198863957251888e-06,attack,no
3014,0,0,1.9555690029929595e-08,-17.7500057220459,-6.198863957251888e-06,attack,no
3015,0,0,2.0611533724675004e-09,-20.000003814697266,-3.6954811548639555e-06,attack,no
3016,0,0,0.00012339454550563058,-9.000131607055664,-0.00013136000779923052,attack,no
3017,0,0,3.224185479971474e-08,-17.25001335144043,-1.2993727978027891e-05,attack,no
3018,0,0,4.363463274099553e-09,-19.25000762939453,-7.867782187531702e-06,attack,no
3019,0,0,3.224188170653665e-08,-17.2500057220459,-6.198863957251888e-06,attack,no
3020,0,0,0.003172683059709667,-5.753178596496582,-0.003178665181621909,attack,no
3021,0,0,0.00043055698997640805,-7.750431537628174,-0.00043132537393830717,attack,no
3022,0,0,4.785096776303373e-06,-12.25001049041748,-1.0967194612021558e-05,attack,no
3023,0,0,2.646576155845173e-09,-19.750003814697266,-4.768360213347478e-06,attack,no
3024,0,0,7.48462629714279e-05,-9.500077247619629,-7.772143726469949e-05,attack,no
3025,0,0,2.6465752092512482e-09,-19.750009536743164,-1.0132738680113107e-05,attack,no
3026,0,0,3.059022633913769e-07,-15.000001907348633,-2.0265558760002023e-06,attack,no
3027,0,0,5.60279440195627e-09,-19.00001335144043,-1.2993727978027891e-05,attack,no
3028,0,0,9.237458386124842e-09,-18.500001907348633,-2.861018856492592e-06,attack,no
3029,0,0,1.370957043070637e-06,-13.500022888183594,-2.276871418871451e-05,attack,no
3030,0,0,9.237458386124842e-09,-18.500001907348633,-2.861018856492592e-06,attack,no
3031,0,0,5.315786872752582e-08,-16.75000762939453,-7.986990567587782e-06,attack,no
3032,0,1,0.9994472214484241,-0.0005558376433327794,-7.500555992126465,attack,yes
3033,0,0,1.067702997315865e-06,-13.750003814697266,-3.933898824470816e-06,attack,no
3034,0,0,4.785092783084524e-06,-12.250015258789062,-1.490105023549404e-05,attack,no
3035,0,0,1.605227287175013e-09,-20.250001907348633,-1.4305104514278355e-06,attack,no
3036,0,0,1.4449798650569826e-07,-15.750000953674316,-8.344646857949556e-07,attack,no
3037,0,0,5.0434734807664e-07,-14.50000286102295,-2.7418097943154862e-06,attack,no
3038,0,0,9.237448475387384e-09,-18.500003814697266,-3.6954811548639555e-06,attack,no
3039,0,0,0.003172683440404803,-5.753178119659424,-0.003178308717906475,attack,no
3040,0,0,8.764247451259466e-08,-16.250003814697266,-3.814689989667386e-06,attack,no
3041,0,1,0.8519527982093668,-0.1602281630039215,-1.9102281332015991,attack,yes
3042,0,0,1.855390354791913e-07,-15.500006675720215,-6.318072337307967e-06,attack,no
3043,0,0,7.19413212095096e-09,-18.750001907348633,-1.7881377516459906e-06,attack,no
3044,0,0,1.5229988589762417e-08,-18.000009536743164,-1.0132738680113107e-05,attack,no
3045,0,0,1.5229977697101562e-08,-18.000003814697266,-3.6954811548639555e-06,attack,no
3046,0,0,0.11920291732853862,-2.1269307136535645,-0.12693066895008087,attack,no
3047,0,0,3.224185095888061e-08,-17.250001907348633,-1.4305104514278355e-06,attack,no
3048,0,0,4.1399400147791785e-08,-17.000009536743164,-1.0132738680113107e-05,attack,no
3049,0,0,7.194137266242078e-09,-18.750009536743164,-1.0132738680113107e-05,attack,no
3050,0,0,2.902313369018826e-06,-12.750008583068848,-9.059865078597795e-06,attack,no
3051,0,0,0.0007096703037049672,-7.2507123947143555,-0.0007122601964510977,attack,no
3052,0,1,0.7772998508568416,-0.25193291902542114,-1.5019328594207764,attack,yes
3053,0,1,0.6791786926816161,-0.38687530159950256,-1.1368752717971802,attack,yes
3054,0,0,6.825601282506298e-08,-16.50001335144043,-1.3112935448589269e-05,attack,no
3055,0,0,4.139937053868778e-08,-17.000001907348633,-1.7881377516459906e-06,attack,no
3056,0,0,0.0003353501913775638,-8.000336647033691,-0.00033682872890494764,attack,no
3057,0,0,1.9555692360527098e-08,-17.750009536743164,-1.0132738680113107e-05,attack,no
3058,0,0,1.3709568799879344e-06,-13.500003814697266,-3.576272320060525e-06,attack,no
3059,0,0,1.1253506814715717e-07,-16.0000057220459,-4.887569048150908e-06,attack,no
3060,0,0,1.9555699354962477e-08,-17.750003814697266,-4.768360213347478e-06,attack,no
3061,0,0,0.00015843621706935267,-8.750160217285156,-0.00016020445036701858,attack,no
3062,0,0,4.1399375473642086e-08,-17.000003814697266,-3.814689989667386e-06,attack,no
3063,0,0,2.5109978950037637e-08,-17.500017166137695,-1.6689160474925302e-05,attack,no
3064,0,0,2.1444950972069368e-05,-10.750021934509277,-2.2053474822314456e-05,attack,no
3065,0,0,1.670141985415638e-05,-11.000019073486328,-1.8954096958623268e-05,attack,no
3066,0,0,1.5229977697101562e-08,-18.000003814697266,-3.6954811548639555e-06,attack,no
3067,0,0,0.0024726229395573424,-6.002476215362549,-0.002476127352565527,attack,no
3068,0,0,1.370957860567974e-06,-13.500003814697266,-4.291525328881107e-06,attack,no
3069,0,0,0.03732688921821231,-3.288041591644287,-0.03804164379835129,attack,no
3070,0,0,2.260325106227045e-06,-13.000004768371582,-5.125986263010418e-06,attack,no
3071,0,0,1.2501533119103175e-09,-20.500001907348633,-2.264974000354414e-06,attack,no
3072,0,0,5.602797741783595e-09,-19.00000762939453,-7.867782187531702e-06,attack,no
3073,0,0,2.6465723695497353e-09,-19.750017166137695,-1.6689160474925302e-05,attack,no
3074,0,0,2.6465726851925943e-09,-19.75001335144043,-1.2993727978027891e-05,attack,no
3075,0,0,1.5229983143399848e-08,-18.00000762939453,-7.867782187531702e-06,attack,no
3076,0,0,3.3982710487752024e-09,-19.500001907348633,-2.861018856492592e-06,attack,no
3077,0,0,5.829126554917622e-05,-9.750061988830566,-6.19869097135961e-05,attack,no
3078,0,0,2.51099699735139e-08,-17.500001907348633,-1.0728830375228426e-06,attack,no
3079,0,0,3.535625914749675e-05,-10.250036239624023,-3.6477376852417365e-05,attack,no
3080,0,0,5.043474081902135e-07,-14.500006675720215,-6.6756979322235566e-06,attack,no
3081,0,0,5.602793733740335e-09,-19.000017166137695,-1.6689160474925302e-05,attack,no
3082,0,0,0.37754066879814546,-0.9740802645683289,-0.47408026456832886,attack,no
3083,0,0,8.315281267581578e-07,-14.000008583068848,-8.702239938429557e-06,attack,no
3084,0,0,1.5229966803871924e-08,-18.000001907348633,-1.0728830375228426e-06,attack,no
3085,0,0,3.224189708091632e-08,-17.250003814697266,-4.768360213347478e-06,attack,no
3086,0,0,8.315278294114553e-07,-14.000001907348633,-1.6689286894688848e-06,attack,no
3087,0,0,1.1861122838202565e-08,-18.25000762939453,-7.867782187531702e-06,attack,no
3088,0,0,4.785094494750856e-06,-12.250007629394531,-7.629365427419543e-06,attack,no
3089,0,0,1.2501540570488937e-09,-20.500003814697266,-4.768360213347478e-06,attack,no
3090,0,0,5.315780535989972e-08,-16.750003814697266,-2.9802276912960224e-06,attack,no
3091,0,0,3.2241877863540345e-08,-17.250001907348633,-2.264974000354414e-06,attack,no
3092,0,0,5.602799077661068e-09,-19.0000057220459,-6.198863957251888e-06,attack,no
3093,0,0,0.000709670389152364,-7.250710487365723,-0.0007104733376763761,attack,no
3094,0,0,9.736202624520451e-10,-20.75000762939453,-7.867782187531702e-06,attack,no
3095,0,0,2.6465723695497353e-09,-19.750017166137695,-1.6689160474925302e-05,attack,no
3096,0,0,0.5,-0.6931490898132324,-0.6931490898132324,attack,no
3097,0,0,2.144495608471805e-05,-10.750021934509277,-2.2291887944447808e-05,attack,no
3098,0,1,0.9994472212501048,-0.000553335587028414,-7.500553131103516,attack,yes
3099,0,0,0.017986211738656763,-4.018150329589844,-0.01815043017268181,attack,no
3100,0,0,2.9023119851464256e-06,-12.750006675720215,-6.6756979322235566e-06,attack,no
3101,0,0,7.889263526345123e-06,-11.750009536743164,-9.65590606938349e-06,attack,no
3102,0,0,7.194134693562525e-09,-18.75000762939453,-7.867782187531702e-06,attack,no
3103,0,0,1.012999098021058e-05,-11.500011444091797,-1.1444026313256472e-05,attack,no
3104,0,0,4.78509392429544e-06,-12.250008583068848,-8.4638240878121e-06,attack,no
3105,0,0,3.3982694275825525e-09,-19.50002098083496,-2.1457441107486375e-05,attack,no
3106,0,0,1.9555664374664727e-08,-17.750036239624023,-3.540453326422721e-05,attack,no
3107,0,0,2.061155583851969e-09,-20.000001907348633,-2.861018856492592e-06,attack,no
3108,0,0,5.8291293348093234e-05,-9.750060081481934,-6.05564855504781e-05,attack,no
3109,0,0,2.5109969973413987e-08,-17.500003814697266,-2.9802276912960224e-06,attack,no
3110,0,0,3.3982694283026877e-09,-19.5000057220459,-6.198863957251888e-06,attack,no
3111,0,0,1.5229972250526457e-08,-18.000001907348633,-1.4305104514278355e-06,attack,no
3112,0,0,2.510998793341295e-08,-17.500003814697266,-3.6954811548639555e-06,attack,no
3113,0,0,9.237451778734317e-09,-18.50000762939453,-7.867782187531702e-06,attack,no
3114,0,0,2.6465745783867997e-09,-19.750001907348633,-2.264974000354414e-06,attack,no
3115,0,0,2.902312331170226e-06,-12.750003814697266,-3.933898824470816e-06,attack,no
3116,0,0,2.3823693839154893e-07,-15.250003814697266,-3.933898824470816e-06,attack,no
3117,0,0,2.9023133691112136e-06,-12.750003814697266,-4.291525328881107e-06,attack,no
3118,0,0,2.3823682479292225e-07,-15.250001907348633,-1.5497195136049413e-06,attack,no
3119,0,0,0.0003353500715262566,-8.000336647033691,-0.0003364712174516171,attack,no
3120,0,0,1.5229988589762417e-08,-18.000009536743164,-1.0132738680113107e-05,attack,no
3121,0,0,1.1253524254059873e-07,-16.000009536743164,-1.0251946150674485e-05,attack,no
3122,0,0,5.6028017493685595e-09,-19.000001907348633,-2.861018856492592e-06,attack,no
3123,0,0,1.012998735702019e-05,-11.500015258789062,-1.490105023549404e-05,attack,no
3124,0,0,5.905303291480329e-10,-21.250001907348633,-1.7881377516459906e-06,attack,no
3125,0,0,1.85539079708898e-07,-15.50001049041748,-1.0371154530730564e-05,attack,no
3126,0,0,1.186112566625516e-08,-18.2500057220459,-6.198863957251888e-06,attack,no
3127,0,0,1.0677026154827912e-06,-13.750001907348633,-1.6689286894688848e-06,attack,no
3128,0,0,0.0015011819927211354,-6.501502990722656,-0.0015028145862743258,attack,no
3129,0,0,0.010986940232161724,-4.511048316955566,-0.011048096232116222,attack,no
3130,0,0,1.3007134667436888e-05,-11.25001335144043,-1.3828182090946939e-05,attack,no
3131,0,0,1.1861124252495773e-08,-18.250001907348633,-2.264974000354414e-06,attack,no
3132,0,0,2.5109969973413987e-08,-17.500003814697266,-2.9802276912960224e-06,attack,no
3133,0,0,1.1861131322259895e-08,-18.250001907348633,-2.861018856492592e-06,attack,no
3134,0,0,1.1861115756536662e-08,-18.250045776367188,-4.541770613286644e-05,attack,no
3135,0,0,1.522999403703421e-08,-18.000003814697266,-4.768360213347478e-06,attack,no
3136,0,0,0.022977370704516047,-3.7732486724853516,-0.023248707875609398,attack,no
3137,0,0,7.194134693562525e-09,-18.75000762939453,-7.867782187531702e-06,attack,no
3138,0,0,8.764247451307293e-08,-16.250001907348633,-1.9073468138230965e-06,attack,no
3139,0,0,5.6027957382316866e-09,-19.000001907348633,-1.7881377516459906e-06,attack,no
3140,0,0,1.0677033791630344e-06,-13.750000953674316,-1.4305104514278355e-06,attack,no
3141,0,0,7.194134693562525e-09,-18.75000762939453,-7.867782187531702e-06,attack,no
3142,0,0,1.3007134667259438e-05,-11.250014305114746,-1.4781842764932662e-05,attack,no
3143,0,0,8.764252673182309e-08,-16.25002098083496,-2.1576648578047752e-05,attack,no
3144,0,0,2.64657331640441e-09,-19.750001907348633,-1.7881377516459906e-06,attack,no
3145,0,0,3.927863407331258e-07,-14.750004768371582,-5.125986263010418e-06,attack,no
3146,0,0,1.1861125663741641e-08,-18.25002098083496,-2.1457441107486375e-05,attack,no
3147,0,0,1.4449795205186074e-07,-15.750006675720215,-6.318072337307967e-06,attack,no
3148,0,0,1.760343633025915e-06,-13.250003814697266,-4.0531076592742465e-06,attack,no
3149,0,0,6.144175333837093e-06,-12.000016212463379,-1.6331539882230572e-05,attack,no
3150,0,0,1.5229986771463815e-08,-18.00002098083496,-2.1457441107486375e-05,attack,no
3151,0,0,7.194134693562525e-09,-18.75000762939453,-7.867782187531702e-06,attack,no
3152,0,0,0.000430557092284397,-7.750432968139648,-0.00043299360550008714,attack,no
3153,0,0,5.315784338149369e-08,-16.750001907348633,-1.7881377516459906e-06,attack,no
3154,0,0,2.7535697667202902e-05,-10.500029563903809,-2.9801878554280847e-05,attack,no
3155,0,0,2.3823693839154893e-07,-15.250003814697266,-3.933898824470816e-06,attack,no
3156,0,0,8.315278294097537e-07,-14.00000286102295,-2.622600959512056e-06,attack,no
3157,0,0,0.5,-0.6931498050689697,-0.6931498050689697,attack,no
3158,0,0,2.6465745783867997e-09,-19.750001907348633,-2.264974000354414e-06,attack,no
3159,0,0,1.186112566625516e-08,-18.2500057220459,-6.198863957251888e-06,attack,no
3160,0,0,7.194136407338623e-09,-18.75002098083496,-2.1457441107486375e-05,attack,no
3161,0,0,5.0434758856882e-07,-14.500001907348633,-2.264974000354414e-06,attack,no
3162,0,0,1.760343633031919e-06,-13.25000286102295,-3.099436753473128e-06,attack,no
3163,0,0,1.250153162844907e-09,-20.50000762939453,-7.867782187531702e-06,attack,no
3164,0,0,7.194139839403463e-09,-18.750001907348633,-2.861018856492592e-06,attack,no
3165,0,0,4.363463794388956e-09,-19.250001907348633,-2.264974000354414e-06,attack,no
3166,0,0,2.0611548466288816e-09,-20.000009536743164,-1.0132738680113107e-05,attack,no
3167,0,0,2.9023119851464256e-06,-12.750006675720215,-6.6756979322235566e-06,attack,no
3168,0,0,3.398266187523398e-09,-19.500001907348633,-1.4305104514278355e-06,attack,no
3169,0,0,3.9278638756166896e-07,-14.750000953674316,-1.4305104514278355e-06,attack,no
3170,0,0,7.889262585958025e-06,-11.750008583068848,-8.583032467868179e-06,attack,no
3171,0,0,4.363463274099553e-09,-19.25000762939453,-7.867782187531702e-06,attack,no
3172,0,0,9.237452880186979e-09,-18.500001907348633,-2.264974000354414e-06,attack,no
3173,0,0,2.6465733163905695e-09,-19.750003814697266,-3.6954811548639555e-06,attack,no
3174,0,0,2.3823702358575385e-07,-15.250007629394531,-8.106198947643861e-06,attack,no
3175,0,0,1.7603432133352811e-06,-13.25000286102295,-2.861018856492592e-06,attack,no
3176,0,0,1.1253521571389925e-07,-16.0000057220459,-6.198863957251888e-06,attack,no
3177,0,0,4.539786322642463e-05,-10.000053405761719,-5.328513361746445e-05,attack,no
3178,0,0,3.927863875599274e-07,-14.75000286102295,-3.3378546504536644e-06,attack,no
3179,0,0,3.0590233632073814e-07,-15.000004768371582,-5.125986263010418e-06,attack,no
3180,0,0,7.484625406116168e-05,-9.500075340270996,-7.56950321374461e-05,attack,no
3181,0,0,2.9023119851464256e-06,-12.750006675720215,-6.6756979322235566e-06,attack,no
3182,0,0,1.6052272869518237e-09,-20.250017166137695,-1.6689160474925302e-05,attack,no
3183,0,0,4.139936066487447e-08,-17.00001335144043,-1.2993727978027891e-05,attack,no
3184,0,0,3.3982702229021796e-09,-19.50009536743164,-9.60780744208023e-05,attack,no
3185,0,0,1.1253520229722557e-07,-16.00000762939453,-7.986990567587782e-06,attack,no
3186,0,1,0.9820137909590904,-0.018152184784412384,-4.018152236938477,attack,yes
3187,0,0,0.0004305569900640863,-7.750431060791016,-0.00043084874050691724,attack,no
3188,0,0,3.3982710487504767e-09,-19.500003814697266,-4.768360213347478e-06,attack,no
3189,0,0,9.610243796170806e-05,-9.250096321105957,-9.655486064730212e-05,attack,no
3190,0,0,1.1861122838202565e-08,-18.25000762939453,-7.867782187531702e-06,attack,no
3191,0,1,0.6791786861878392,-0.3868780732154846,-1.1368780136108398,attack,yes
3192,0,0,2.9023133691112136e-06,-12.750003814697266,-4.291525328881107e-06,attack,no
3193,0,0,4.363460153239007e-09,-19.250001907348633,-1.4305104514278355e-06,attack,no
3194,0,0,6.825606163571142e-08,-16.50002098083496,-2.1457441107486375e-05,attack,no
3195,0,0,7.484625406116168e-05,-9.500075340270996,-7.56950321374461e-05,attack,no
3196,0,0,3.224188554904223e-08,-17.250009536743164,-1.0132738680113107e-05,attack,no
3197,0,0,2.1444948415764987e-05,-10.750021934509277,-2.1934269170742482e-05,attack,no
3198,0,0,3.3982690232538343e-09,-19.500001907348633,-2.264974000354414e-06,attack,no
3199,0,0,1.4449795203425045e-07,-15.750017166137695,-1.680836794548668e-05,attack,no
3200,0,0,0.0009110511411538918,-7.000912189483643,-0.0009121309849433601,attack,no
3201,0,0,8.315278294038927e-07,-14.000004768371582,-4.529942543740617e-06,attack,no
3202,0,0,5.6027997456728566e-09,-19.0,-5.960462772236497e-07,attack,no
3203,0,0,7.1941304051393674e-09,-18.75001335144043,-1.2993727978027891e-05,attack,no
3204,0,0,3.3982686180520394e-09,-19.50000762939453,-7.867782187531702e-06,attack,no
3205,0,0,3.3982674028363726e-09,-19.500001907348633,-1.7881377516459906e-06,attack,no
3206,0,0,1.5229983143399848e-08,-18.00000762939453,-7.867782187531702e-06,attack,no
3207,0,0,1.1861131322259895e-08,-18.250001907348633,-2.861018856492592e-06,attack,no
3208,0,0,1.522999403703421e-08,-18.000003814697266,-4.768360213347478e-06,attack,no
3209,0,1,0.9706877713685592,-0.02975122630596161,-3.5297513008117676,attack,yes
3210,0,0,2.9023133691112136e-06,-12.750003814697266,-4.291525328881107e-06,attack,no
3211,0,0,9.237451778734317e-09,-18.50000762939453,-7.867782187531702e-06,attack,no
3212,0,0,3.3982710487504767e-09,-19.500003814697266,-4.768360213347478e-06,attack,no
3213,0,0,2.0611533724782794e-09,-20.000001907348633,-1.7881377516459906e-06,attack,no
3214,0,0,3.7266383956509585e-06,-12.500004768371582,-4.529942543740617e-06,attack,no
3215,0,0,7.1941321209133375e-09,-18.750003814697266,-3.6954811548639555e-06,attack,no
3216,0,0,5.3157868729214935e-08,-16.75,-3.576278118089249e-07,attack,no
3217,0,0,4.363461713731754e-09,-19.250001907348633,-1.7881377516459906e-06,attack,no
3218,0,0,1.522999403703421e-08,-18.000003814697266,-4.768360213347478e-06,attack,no
3219,0,0,3.224189708091632e-08,-17.250003814697266,-4.768360213347478e-06,attack,no
3220,0,0,0.0024726235293418383,-6.002475738525391,-0.0024758896324783564,attack,no
3221,0,0,3.0590229985588146e-07,-15.000003814697266,-4.0531076592742465e-06,attack,no
3222,0,0,2.061155583851969e-09,-20.000001907348633,-2.861018856492592e-06,attack,no
3223,0,0,0.00043055714391436836,-7.750431060791016,-0.0004312062228564173,attack,no
3224,0,0,1.4449795205186074e-07,-15.750006675720215,-6.318072337307967e-06,attack,no
3225,0,0,1.5229974064808095e-08,-18.00001335144043,-1.2993727978027891e-05,attack,no
3226,0,0,3.2241877863540345e-08,-17.250001907348633,-2.264974000354414e-06,attack,no
3227,0,0,2.061154600548919e-09,-20.00002098083496,-2.1457441107486375e-05,attack,no
3228,0,0,7.1941295471331265e-09,-18.750017166137695,-1.6689160474925302e-05,attack,no
3229,0,0,2.7535684538675727e-05,-10.500028610229492,-2.8371408916427754e-05,attack,no
3230,0,0,3.2241877863540345e-08,-17.250001907348633,-2.264974000354414e-06,attack,no
3231,0,0,3.927862939142783e-07,-14.750000953674316,-1.1920922133867862e-06,attack,no
3232,0,0,4.363460673039411e-09,-19.25001335144043,-1.2993727978027891e-05,attack,no
3233,0,0,5.60279440195627e-09,-19.00001335144043,-1.2993727978027891e-05,attack,no
3234,0,0,7.19413212095096e-09,-18.750001907348633,-1.7881377516459906e-06,attack,no
3235,0,0,4.363461713731754e-09,-19.250001907348633,-1.7881377516459906e-06,attack,no
3236,0,0,6.825601282506298e-08,-16.50001335144043,-1.3112935448589269e-05,attack,no
3237,0,0,2.382368247924618e-07,-15.25000286102295,-2.50339189733495e-06,attack,no
3238,0,0,4.785094494672519e-06,-12.250009536743164,-9.536697689327411e-06,attack,no
3239,0,0,1.955566438681241e-08,-17.750003814697266,-2.9802276912960224e-06,attack,no
3240,0,0,3.5356267576531534e-05,-10.250036239624023,-3.671578815556131e-05,attack,no
3241,0,0,2.9023133691217714e-06,-12.75000286102295,-3.3378546504536644e-06,attack,no
3242,0,0,3.3982710487504767e-09,-19.500003814697266,-4.768360213347478e-06,attack,no
3243,0,0,3.224189708091632e-08,-17.250003814697266,-4.768360213347478e-06,attack,no
3244,0,0,1.3709570434219444e-06,-13.50000286102295,-2.7418097943154862e-06,attack,no
3245,0,0,1.0129995810463632e-05,-11.500011444091797,-1.1920858014491387e-05,attack,no
3246,0,0,7.582564037664985e-10,-21.0000057220459,-6.198863957251888e-06,attack,no
3247,0,0,4.363465873411117e-09,-19.25002670288086,-2.753696753643453e-05,attack,no
3248,0,0,1.5229983143399848e-08,-18.00000762939453,-7.867782187531702e-06,attack,no
3249,0,0,2.902313023117645e-06,-12.750004768371582,-5.125986263010418e-06,attack,no
3250,0,1,0.8519528019683106,-0.16022562980651855,-1.9102256298065186,attack,yes
3251,0,0,5.905307514992527e-10,-21.250009536743164,-1.0132738680113107e-05,attack,no
3252,0,0,9.237448475435691e-09,-18.500001907348633,-1.7881377516459906e-06,attack,no
3253,0,0,2.260323758987159e-06,-13.000003814697266,-3.576272320060525e-06,attack,no
3254,0,0,1.955566438681241e-08,-17.750003814697266,-2.9802276912960224e-06,attack,no
3255,0,0,1.1861125663741641e-08,-18.25002098083496,-2.1457441107486375e-05,attack,no
3256,0,0,1.6052272869518237e-09,-20.250017166137695,-1.6689160474925302e-05,attack,no
3257,0,0,3.7266388398060374e-06,-12.500008583068848,-8.4638240878121e-06,attack,no
3258,0,0,3.581746221086528e-10,-21.750001907348633,-1.4305104514278355e-06,attack,no
3259,0,0,0.0007096703889046904,-7.250710964202881,-0.0007109498255886137,attack,no
3260,0,0,9.237448475387384e-09,-18.500003814697266,-3.6954811548639555e-06,attack,no
3261,0,0,1.1253506814797596e-07,-16.000003814697266,-2.9802276912960224e-06,attack,no
3262,0,0,7.4846218377089e-05,-9.500075340270996,-7.521823135903105e-05,attack,no
3263,0,0,3.059022269254856e-07,-15.000000953674316,-9.536738616588991e-07,attack,no
3264,0,0,8.764247451259466e-08,-16.250003814697266,-3.814689989667386e-06,attack,no
3265,0,0,4.363460153239007e-09,-19.250001907348633,-1.4305104514278355e-06,attack,no
3266,0,0,1.44498003730197e-07,-15.750003814697266,-3.814689989667386e-06,attack,no
3267,0,0,4.139934092743993e-08,-17.000003814697266,-2.9802276912960224e-06,attack,no
3268,0,0,4.539786865090791e-05,-10.00004768371582,-4.768258077092469e-05,attack,no
3269,0,0,7.194137266242078e-09,-18.750009536743164,-1.0132738680113107e-05,attack,no
3270,0,0,2.5109981944773573e-08,-17.50001335144043,-1.2993727978027891e-05,attack,no
3271,0,0,3.2241877863540345e-08,-17.250001907348633,-2.264974000354414e-06,attack,no
3272,0,0,9.736199142869258e-10,-20.750001907348633,-1.7881377516459906e-06,attack,no
3273,0,0,4.3634601526323156e-09,-19.250017166137695,-1.6689160474925302e-05,attack,no
3274,0,0,0.37754066879814546,-0.9740793704986572,-0.4740793704986572,attack,no
3275,0,0,0.010986944138468074,-4.511047840118408,-0.01104797888547182,attack,no
3276,0,0,9.237448475435691e-09,-18.500001907348633,-1.7881377516459906e-06,attack,no
3277,0,0,2.5109969957816053e-08,-17.500036239624023,-3.540453326422721e-05,attack,no
3278,0,0,5.043474067703044e-07,-14.500075340270996,-7.533743337262422e-05,attack,no
3279,0,0,1.522999403714502e-08,-18.000001907348633,-2.861018856492592e-06,attack,no
3280,0,0,8.76425058538367e-08,-16.25000762939453,-7.986990567587782e-06,attack,no
3281,0,0,2.646571423431051e-09,-19.750001907348633,-1.0728830375228426e-06,attack,no
3282,0,0,6.825599655739207e-08,-16.500001907348633,-1.4305104514278355e-06,attack,no
3283,0,0,7.889260704968911e-06,-11.750009536743164,-9.298280929215252e-06,attack,no
3284,0,0,9.237452880186979e-09,-18.500001907348633,-2.264974000354414e-06,attack,no
3285,0,0,8.315278294097537e-07,-14.00000286102295,-2.622600959512056e-06,attack,no
3286,0,0,3.224183942818497e-08,-17.250003814697266,-2.9802276912960224e-06,attack,no
3287,0,0,4.785096776499213e-06,-12.250005722045898,-6.198863957251888e-06,attack,no
3288,0,0,2.510999990689927e-08,-17.500001907348633,-2.264974000354414e-06,attack,no
3289,0,0,4.599059762521445e-10,-21.500001907348633,-2.861018856492592e-06,attack,no
3290,0,0,0.000552778552283315,-7.500553607940674,-0.0005534547381103039,attack,no
3291,0,0,1.5229974064808095e-08,-18.00001335144043,-1.2993727978027891e-05,attack,no
3292,0,0,7.1941364088631495e-09,-18.7500057220459,-6.198863957251888e-06,attack,no
3293,0,0,6.144173869312764e-06,-12.000012397766113,-1.2278481335670222e-05,attack,no
3294,0,0,1.855390354791913e-07,-15.500006675720215,-6.318072337307967e-06,attack,no
3295,0,0,0.0002034269495804164,-8.500204086303711,-0.00020394629973452538,attack,no
3296,0,0,0.0011695101600714818,-6.751171112060547,-0.0011710221879184246,attack,no
3297,0,0,1.1861122838202565e-08,-18.25000762939453,-7.867782187531702e-06,attack,no
3298,0,0,0.00033535007163358025,-8.000335693359375,-0.0003355178632773459,attack,no
3299,0,0,0.04742587654349034,-3.048588275909424,-0.0485883504152298,attack,no
3300,0,0,1.1861118596683194e-08,-18.250001907348633,-1.7881377516459906e-06,attack,no
3301,0,1,0.9980732650212406,-0.001929447171278298,-6.25192928314209,attack,yes
3302,0,0,9.736203785443038e-10,-20.750001907348633,-2.264974000354414e-06,attack,no
3303,0,0,3.398264970085998e-09,-19.500036239624023,-3.540453326422721e-05,attack,no
3304,0,0,1.5229990406090843e-08,-18.0,-7.152555099310121e-07,attack,no
3305,0,0,9.237452880186979e-09,-18.500001907348633,-2.264974000354414e-06,attack,no
3306,0,0,2.5110011880337063e-08,-17.5,-8.344646857949556e-07,attack,no
3307,0,0,2.061155583836972e-09,-20.000003814697266,-4.768360213347478e-06,attack,no
3308,0,0,2.260323758987159e-06,-13.000003814697266,-3.576272320060525e-06,attack,no
3309,0,0,3.9278634073491196e-07,-14.750003814697266,-4.172316494077677e-06,attack,no
3310,0,0,2.510999990689927e-08,-17.500001907348633,-2.264974000354414e-06,attack,no
3311,0,0,7.194138981822211e-09,-18.75,-8.344646857949556e-07,attack,no
3312,0,0,1.9555694692738946e-08,-17.75,-7.152555099310121e-07,attack,no
3313,0,0,0.0009110513583794728,-7.000911712646484,-0.0009118927991949022,attack,no
3314,0,0,1.5229977697101562e-08,-18.000003814697266,-3.6954811548639555e-06,attack,no
3315,0,0,1.605227861239821e-09,-20.250003814697266,-3.6954811548639555e-06,attack,no
3316,0,0,4.1399375473642086e-08,-17.000003814697266,-3.814689989667386e-06,attack,no
3317,0,0,4.139939521391704e-08,-17.0000057220459,-6.198863957251888e-06,attack,no
3318,0,0,2.0611533724675004e-09,-20.000003814697266,-3.6954811548639555e-06,attack,no
3319,0,0,2.7535684538675727e-05,-10.500028610229492,-2.8371408916427754e-05,attack,no
3320,0,0,7.19413212095096e-09,-18.750001907348633,-1.7881377516459906e-06,attack,no
3321,0,0,6.825602910396625e-08,-16.500003814697266,-3.814689989667386e-06,attack,no
3322,0,0,3.3982690232538343e-09,-19.500001907348633,-2.264974000354414e-06,attack,no
3323,0,0,5.043476486860921e-07,-14.500004768371582,-5.245195097813848e-06,attack,no
3324,0,0,0.060086649542836414,-2.8119678497314453,-0.06196783855557442,attack,no
3325,0,0,1.1253524254059873e-07,-16.000009536743164,-1.0251946150674485e-05,attack,no
3326,0,0,5.602795738202386e-09,-19.000003814697266,-3.6954811548639555e-06,attack,no
3327,0,0,7.194139839403463e-09,-18.750001907348633,-2.861018856492592e-06,attack,no
3328,0,0,2.6465752092512482e-09,-19.750009536743164,-1.0132738680113107e-05,attack,no
3329,0,0,3.927863875599274e-07,-14.75000286102295,-3.3378546504536644e-06,attack,no
3330,0,0,8.76425058538367e-08,-16.25000762939453,-7.986990567587782e-06,attack,no
3331,0,0,9.237458386057632e-09,-18.500003814697266,-4.768360213347478e-06,attack,no
3332,0,0,6.825597214691097e-08,-16.500003814697266,-2.9802276912960224e-06,attack,no
3333,0,0,6.825597214691097e-08,-16.500003814697266,-2.9802276912960224e-06,attack,no
3334,0,0,0.0011695100216340016,-6.751170635223389,-0.0011704268399626017,attack,no
3335,0,0,1.4449796927262634e-07,-15.75001049041748,-1.0251946150674485e-05,attack,no
3336,0,0,1.5229986771463815e-08,-18.00002098083496,-2.1457441107486375e-05,attack,no
3337,0,0,1.4449795205186074e-07,-15.750006675720215,-6.318072337307967e-06,attack,no
3338,0,0,1.1861131322173594e-08,-18.250003814697266,-4.768360213347478e-06,attack,no
3339,0,0,5.6028017493685595e-09,-19.000001907348633,-2.861018856492592e-06,attack,no
3340,0,0,6.14417753159936e-06,-12.00001049041748,-1.0967194612021558e-05,attack,no
3341,0,0,1.0129990980321136e-05,-11.50001049041748,-1.0490362910786644e-05,attack,no
3342,0,0,1.1861122838202565e-08,-18.25000762939453,-7.867782187531702e-06,attack,no
3343,0,0,1.855390354791913e-07,-15.500006675720215,-6.318072337307967e-06,attack,no
3344,0,0,6.825605351255104e-08,-16.50000762939453,-7.986990567587782e-06,attack,no
3345,0,0,9.237458386057632e-09,-18.500003814697266,-4.768360213347478e-06,attack,no
3346,0,0,2.902313022984343e-06,-12.75001049041748,-1.0847986231965479e-05,attack,no
3347,0,0,8.76425058538367e-08,-16.25000762939453,-7.986990567587782e-06,attack,no
3348,0,0,6.825609419848033e-08,-16.5,-9.536738616588991e-07,attack,no
3349,0,0,4.363466395178121e-09,-19.250003814697266,-4.768360213347478e-06,attack,no
3350,0,0,1.4449807263287805e-07,-15.750001907348633,-2.3841830625315197e-06,attack,no
3351,0,0,2.6465748932783223e-09,-19.75002098083496,-2.1457441107486375e-05,attack,no
3352,0,0,4.78509506523245e-06,-12.250005722045898,-5.8412379075889476e-06,attack,no
3353,0,0,1.760343633025915e-06,-13.250003814697266,-4.0531076592742465e-06,attack,no
3354,0,0,1.1861129908347455e-08,-18.25,-8.344646857949556e-07,attack,no
3355,0,0,7.8892635264097e-06,-11.750008583068848,-8.702239938429557e-06,attack,no
3356,0,0,1.9555699354962477e-08,-17.750003814697266,-4.768360213347478e-06,attack,no
3357,0,0,5.315780536011124e-08,-16.750001907348633,-1.0728830375228426e-06,attack,no
3358,0,0,0.022977372168051135,-3.7732458114624023,-0.023245912045240402,attack,no
3359,0,0,5.043474081271421e-07,-14.500017166137695,-1.7165990357170813e-05,attack,no
3360,0,0,3.726638839833152e-06,-12.500007629394531,-7.510157047363464e-06,attack,no
3361,0,0,0.047425874019047645,-3.0485894680023193,-0.04858948662877083,attack,no
3362,0,0,0.001926734980326383,-6.251928806304932,-0.0019289711490273476,attack,no
3363,0,0,5.602797741783595e-09,-19.00000762939453,-7.867782187531702e-06,attack,no
3364,0,0,2.382368531929327e-07,-15.250001907348633,-1.6689286894688848e-06,attack,no
3365,0,0,0.060086655644158424,-2.811969757080078,-0.061969853937625885,attack,no
3366,0,0,8.764247451259466e-08,-16.250003814697266,-3.814689989667386e-06,attack,no
3367,0,0,1.1253524254650946e-07,-16.0,-7.152555099310121e-07,attack,no
3368,0,0,3.0590233632073814e-07,-15.000004768371582,-5.125986263010418e-06,attack,no
3369,0,0,1.522998495938826e-08,-18.000001907348633,-2.264974000354414e-06,attack,no
3370,0,0,0.0011695101581676263,-6.7511725425720215,-0.0011724510695785284,attack,no
3371,0,0,1.9555699354962477e-08,-17.750003814697266,-4.768360213347478e-06,attack,no
3372,0,0,5.602797741783595e-09,-19.00000762939453,-7.867782187531702e-06,attack,no
3373,0,0,2.061154355311154e-09,-20.000001907348633,-2.264974000354414e-06,attack,no
3374,0,0,7.194135551374727e-09,-18.750001907348633,-2.264974000354414e-06,attack,no
3375,0,0,0.0007096703879552748,-7.250712871551514,-0.0007128558354452252,attack,no
3376,0,0,0.0003353502713825306,-8.000335693359375,-0.0003361137059982866,attack,no
3377,0,0,2.5110014873406942e-08,-17.500003814697266,-4.768360213347478e-06,attack,no
3378,0,0,2.1444945858953816e-05,-10.750022888183594,-2.276871418871451e-05,attack,no
3379,0,0,4.363458590018446e-09,-19.250036239624023,-3.540453326422721e-05,attack,no
3380,0,0,7.194139839403463e-09,-18.750001907348633,-2.861018856492592e-06,attack,no
3381,0,0,4.363463794388956e-09,-19.250001907348633,-2.264974000354414e-06,attack,no
3382,0,0,2.9023109470211603e-06,-12.75001335144043,-1.2993727978027891e-05,attack,no
3383,0,0,1.9555692360527098e-08,-17.750009536743164,-1.0132738680113107e-05,attack,no
3384,0,1,0.999447221448006,-0.0005544078885577619,-7.50055456161499,attack,yes
3385,0,0,1.1861131322259895e-08,-18.250001907348633,-2.861018856492592e-06,attack,no
3386,0,0,4.5397868652889696e-05,-10.000046730041504,-4.672895011026412e-05,attack,no
3387,0,0,2.902313023117645e-06,-12.750004768371582,-5.125986263010418e-06,attack,no
3388,0,0,8.764240137829087e-08,-16.250003814697266,-2.9802276912960224e-06,attack,no
3389,0,0,3.224186248944841e-08,-17.250001907348633,-1.7881377516459906e-06,attack,no
3390,0,0,5.602799077661068e-09,-19.0000057220459,-6.198863957251888e-06,attack,no
3391,0,0,1.9555690029929595e-08,-17.7500057220459,-6.198863957251888e-06,attack,no
3392,0,0,2.6465761558644295e-09,-19.750001907348633,-2.861018856492592e-06,attack,no
3393,0,0,3.059022269089317e-07,-15.00001049041748,-1.0490362910786644e-05,attack,no
3394,0,0,1.0129992187879576e-05,-11.50001049041748,-1.0609570381348021e-05,attack,no
3395,0,0,7.194139839351118e-09,-18.750003814697266,-4.768360213347478e-06,attack,no
3396,0,0,5.315789407685158e-08,-16.75,-8.344646857949556e-07,attack,no
3397,0,0,0.0066928504568277356,-5.006715774536133,-0.006715704221278429,attack,no
3398,0,0,3.3982690232538343e-09,-19.500001907348633,-2.264974000354414e-06,attack,no
3399,0,0,0.00043055704108029756,-7.75043249130249,-0.0004323977918829769,attack,no
3400,0,0,2.2603251062013478e-06,-13.000006675720215,-7.033323527139146e-06,attack,no
3401,0,0,1.3709575337159875e-06,-13.500001907348633,-2.145764938177308e-06,attack,no
3402,0,0,0.01798620759333822,-4.018150329589844,-0.018150195479393005,attack,no
3403,0,0,5.315780535951295e-08,-16.7500057220459,-4.887569048150908e-06,attack,no
3404,0,0,1.855391238832662e-07,-15.500027656555176,-2.777537883957848e-05,attack,no
3405,0,0,1.0129990980100021e-05,-11.500012397766113,-1.2397689715726301e-05,attack,no
3406,0,0,0.07585817479810981,-2.578892469406128,-0.07889239490032196,attack,no
3407,0,0,3.398264970085998e-09,-19.500036239624023,-3.540453326422721e-05,attack,no
3408,0,0,1.1253521571389925e-07,-16.0000057220459,-6.198863957251888e-06,attack,no
3409,0,0,9.237448475387384e-09,-18.500003814697266,-3.6954811548639555e-06,attack,no
3410,0,0,1.5229983143399848e-08,-18.00000762939453,-7.867782187531702e-06,attack,no
3411,0,0,0.07585817323116976,-2.5788912773132324,-0.07889118045568466,attack,no
3412,0,0,6.475948753891781e-07,-14.250006675720215,-6.794906312279636e-06,attack,no
3413,0,0,1.1861115767788153e-08,-18.25001335144043,-1.2993727978027891e-05,attack,no
3414,0,0,4.363466395178121e-09,-19.250003814697266,-4.768360213347478e-06,attack,no
3415,0,0,3.224186633279476e-08,-17.250003814697266,-3.814689989667386e-06,attack,no
3416,0,0,6.475946437966953e-07,-14.250005722045898,-5.483612312673358e-06,attack,no
3417,0,0,1.855391460719133e-07,-15.50000286102295,-3.099436753473128e-06,attack,no
3418,0,0,4.53978524104898e-05,-10.00005054473877,-5.018585216021165e-05,attack,no
3419,0,0,4.1399375473642086e-08,-17.000003814697266,-3.814689989667386e-06,attack,no
3420,0,0,5.0434758856882e-07,-14.500001907348633,-2.264974000354414e-06,attack,no
3421,0,0,0.0019267349751773888,-6.251930236816406,-0.001930398982949555,attack,no
3422,0,0,3.3982710487504767e-09,-19.500003814697266,-4.768360213347478e-06,attack,no
3423,0,0,5.31578497181003e-08,-16.750003814697266,-3.814689989667386e-06,attack,no
3424,0,0,5.602795738202386e-09,-19.000003814697266,-3.6954811548639555e-06,attack,no
3425,0,0,3.3982690232538343e-09,-19.500001907348633,-2.264974000354414e-06,attack,no
3426,0,0,5.6028017493685595e-09,-19.000001907348633,-2.861018856492592e-06,attack,no
3427,0,0,9.237445170588189e-09,-18.500017166137695,-1.6689160474925302e-05,attack,no
3428,0,0,6.825602910396625e-08,-16.500003814697266,-3.814689989667386e-06,attack,no
3429,0,0,2.1444950972069368e-05,-10.750021934509277,-2.2053474822314456e-05,attack,no
3430,0,0,0.00015843623590271617,-8.750162124633789,-0.00016223068814724684,attack,no
3431,0,1,0.9980732654806204,-0.0019296851241961122,-6.251929759979248,attack,yes
3432,0,1,0.9999417087205447,-5.936446541454643e-05,-9.750059127807617,attack,yes
3433,0,0,7.194134693562525e-09,-18.75000762939453,-7.867782187531702e-06,attack,no
3434,0,0,1.2501540570488937e-09,-20.500003814697266,-4.768360213347478e-06,attack,no
3435,0,0,6.825606165129312e-08,-16.500001907348633,-2.3841830625315197e-06,attack,no
3436,0,0,8.315278294097537e-07,-14.00000286102295,-2.622600959512056e-06,attack,no
3437,0,0,1.0677024880353552e-06,-13.750018119812012,-1.7762025890988298e-05,attack,no
3438,0,0,0.0758581784543034,-2.578890323638916,-0.07889030128717422,attack,no
3439,0,0,3.2241839428313264e-08,-17.250001907348633,-1.0728830375228426e-06,attack,no
3440,0,0,0.2689414272294874,-1.3132641315460205,-0.3132641613483429,attack,no
3441,0,0,0.0019267345227375813,-6.251928806304932,-0.0019287331961095333,attack,no
3442,0,0,5.0434734807664e-07,-14.50000286102295,-2.7418097943154862e-06,attack,no
3443,0,0,2.510999990689927e-08,-17.500001907348633,-2.264974000354414e-06,attack,no
3444,0,0,0.0600866478597132,-2.8119683265686035,-0.06196828559041023,attack,no
3445,0,0,7.889263526345123e-06,-11.750009536743164,-9.65590606938349e-06,attack,no
3446,0,0,2.1724420063993333e-10,-22.250001907348633,-2.861018856492592e-06,attack,no
3447,0,0,0.00033535011157750683,-8.000335693359375,-0.00033563701435923576,attack,no
3448,0,0,1.7603430034743915e-06,-13.250004768371582,-4.6491513785440475e-06,attack,no
3449,0,0,6.475947982022762e-07,-14.25000286102295,-2.861018856492592e-06,attack,no
3450,0,0,7.1941321209133375e-09,-18.750003814697266,-3.6954811548639555e-06,attack,no
3451,0,0,1.370957860576702e-06,-13.500001907348633,-2.3841830625315197e-06,attack,no
3452,0,0,4.363464834508588e-09,-19.250009536743164,-1.0132738680113107e-05,attack,no
3453,0,0,7.889263526180094e-06,-11.750011444091797,-1.156323378381785e-05,attack,no
3454,0,1,0.999997739676241,-4.529942543740617e-06,-13.000004768371582,attack,yes
3455,0,0,0.0004305569900640863,-7.750431060791016,-0.00043084874050691724,attack,no
3456,0,0,1.1253522910508937e-07,-16.00002098083496,-2.1576648578047752e-05,attack,no
3457,0,0,1.1861131322173594e-08,-18.250003814697266,-4.768360213347478e-06,attack,no
3458,0,0,1.5229983143399848e-08,-18.00000762939453,-7.867782187531702e-06,attack,no
3459,0,0,1.3709576971316842e-06,-13.500004768371582,-5.125986263010418e-06,attack,no
3460,0,0,0.00033535019148488756,-8.000335693359375,-0.0003358753747306764,attack,no
3461,0,1,0.9968273173254034,-0.0031794970855116844,-5.753179550170898,attack,yes
3462,0,0,2.9023116392097746e-06,-12.750003814697266,-3.6954811548639555e-06,attack,no
3463,0,0,1.3007130015677907e-05,-11.250014305114746,-1.4424220353248529e-05,attack,no
3464,0,0,3.726640616159126e-06,-12.500020027160645,-2.038458114839159e-05,attack,no
3465,0,0,1.6701425827436946e-05,-11.000017166137695,-1.7404405298293568e-05,attack,no
3466,0,0,5.6028017493685595e-09,-19.000001907348633,-2.861018856492592e-06,attack,no
3467,0,0,9.237448475387384e-09,-18.500003814697266,-3.6954811548639555e-06,attack,no
3468,0,0,2.3823685313735554e-07,-15.250021934509277,-2.169585604860913e-05,attack,no
3469,0,0,6.825606165129312e-08,-16.500001907348633,-2.3841830625315197e-06,attack,no
3470,0,0,7.194136407338623e-09,-18.75002098083496,-2.1457441107486375e-05,attack,no
3471,0,0,2.7535684538675727e-05,-10.500028610229492,-2.8371408916427754e-05,attack,no
3472,0,0,1.1253506814715717e-07,-16.0000057220459,-4.887569048150908e-06,attack,no
3473,0,0,3.224188554904223e-08,-17.250009536743164,-1.0132738680113107e-05,attack,no
3474,0,1,0.9890130572580872,-0.01104880403727293,-4.511048793792725,attack,yes
3475,0,0,2.6465726851925943e-09,-19.75001335144043,-1.2993727978027891e-05,attack,no
3476,0,0,4.1399375473642086e-08,-17.000003814697266,-3.814689989667386e-06,attack,no
3477,0,0,1.9555699354962477e-08,-17.750003814697266,-4.768360213347478e-06,attack,no
3478,0,0,2.0611526353536974e-09,-20.000001907348633,-1.4305104514278355e-06,attack,no
3479,0,0,2.3823693830152044e-07,-15.250027656555176,-2.777537883957848e-05,attack,no
3480,0,0,0.0009110513567900173,-7.000913619995117,-0.0009137984015978873,attack,no
3481,0,0,4.363464314481978e-09,-19.2500057220459,-6.198863957251888e-06,attack,no
3482,0,0,0.000552778618271864,-7.500553131103516,-0.0005530973430722952,attack,no
3483,0,0,2.9023116391978962e-06,-12.750004768371582,-4.6491513785440475e-06,attack,no
3484,0,0,2.5109978950037637e-08,-17.500017166137695,-1.6689160474925302e-05,attack,no
3485,0,0,4.1399395205144004e-08,-17.00002098083496,-2.1457441107486375e-05,attack,no
3486,0,0,3.535626757524533e-05,-10.25003719329834,-3.766942609217949e-05,attack,no
3487,0,0,2.3823685318827418e-07,-15.250006675720215,-6.437280717364047e-06,attack,no
3488,0,0,9.237458386057632e-09,-18.500003814697266,-4.768360213347478e-06,attack,no
3489,0,0,6.825602096760253e-08,-16.500001907348633,-1.7881377516459906e-06,attack,no
3490,0,0,1.1861118596621165e-08,-18.250003814697266,-3.6954811548639555e-06,attack,no
3491,0,0,0.014063626139295524,-4.264164924621582,-0.014164859429001808,attack,no
3492,0,0,1.522999403714502e-08,-18.000001907348633,-2.861018856492592e-06,attack,no
3493,0,0,5.829124465207388e-05,-9.750075340270996,-7.497983460780233e-05,attack,no
3494,0,0,6.47595107001401e-07,-14.250000953674316,-1.4305104514278355e-06,attack,no
3495,0,0,2.9023119851464256e-06,-12.750006675720215,-6.6756979322235566e-06,attack,no
3496,0,0,7.194134693562525e-09,-18.75000762939453,-7.867782187531702e-06,attack,no
3497,0,0,3.9278638756166896e-07,-14.750000953674316,-1.4305104514278355e-06,attack,no
3498,0,0,7.1941321209133375e-09,-18.750003814697266,-3.6954811548639555e-06,attack,no
3499,0,0,9.237452880186979e-09,-18.500001907348633,-2.264974000354414e-06,attack,no
3500,0,0,5.602798409848411e-09,-19.000001907348633,-2.264974000354414e-06,attack,no
3501,0,0,2.0611541095438413e-09,-20.00000762939453,-7.867782187531702e-06,attack,no
3502,0,0,1.4449807263287805e-07,-15.750001907348633,-2.3841830625315197e-06,attack,no
3503,0,0,2.0611533724675004e-09,-20.000003814697266,-3.6954811548639555e-06,attack,no
3504,0,0,4.363464314481978e-09,-19.2500057220459,-6.198863957251888e-06,attack,no
3505,0,1,0.9770226321389233,-0.023249058052897453,-3.7732491493225098,attack,yes
3506,0,0,2.64657331640441e-09,-19.750001907348633,-1.7881377516459906e-06,attack,no
3507,0,0,9.237445171872554e-09,-18.500001907348633,-1.4305104514278355e-06,attack,no
3508,0,1,0.9933071496267573,-0.006717598997056484,-5.006717681884766,attack,yes
3509,0,0,9.237452880186979e-09,-18.500001907348633,-2.264974000354414e-06,attack,no
3510,0,0,4.785096776499213e-06,-12.250005722045898,-6.198863957251888e-06,attack,no
3511,0,0,7.58256765342792e-10,-21.000001907348633,-2.861018856492592e-06,attack,no
3512,0,0,1.7603434231877901e-06,-13.250001907348633,-2.0265558760002023e-06,attack,no
3513,0,0,6.475946437966953e-07,-14.250005722045898,-5.483612312673358e-06,attack,no
3514,0,0,2.1444945858953816e-05,-10.750022888183594,-2.276871418871451e-05,attack,no
3515,0,0,2.646572369917712e-09,-19.750001907348633,-1.4305104514278355e-06,attack,no
3516,0,0,1.4449795205186074e-07,-15.750006675720215,-6.318072337307967e-06,attack,no
3517,0,0,5.602798409848411e-09,-19.000001907348633,-2.264974000354414e-06,attack,no
3518,0,0,4.785096206047877e-06,-12.250006675720215,-7.033323527139146e-06,attack,no
3519,0,0,7.194137266242078e-09,-18.750009536743164,-1.0132738680113107e-05,attack,no
3520,0,0,1.1861115767788153e-08,-18.25001335144043,-1.2993727978027891e-05,attack,no
3521,0,0,4.3634663952098696e-09,-19.250001907348633,-2.861018856492592e-06,attack,no
3522,0,0,2.2603251062013478e-06,-13.000006675720215,-7.033323527139146e-06,attack,no
3523,0,0,0.005220125623432879,-5.255234241485596,-0.005234227981418371,attack,no
3524,0,0,2.3823693839154893e-07,-15.250003814697266,-3.933898824470816e-06,attack,no
3525,0,0,3.3982686180520394e-09,-19.50000762939453,-7.867782187531702e-06,attack,no
3526,0,0,6.475945666009862e-07,-14.250004768371582,-4.410734163684538e-06,attack,no
3527,0,0,1.9555678374073827e-08,-17.750003814697266,-3.6954811548639555e-06,attack,no
3528,0,0,8.315282259138311e-07,-14.000001907348633,-2.145764938177308e-06,attack,no
3529,0,0,5.04347588565724e-07,-14.500003814697266,-4.172316494077677e-06,attack,no
3530,0,0,5.31578497181003e-08,-16.750003814697266,-3.814689989667386e-06,attack,no
3531,0,0,1.670141985415638e-05,-11.000019073486328,-1.8954096958623268e-05,attack,no
3532,0,0,4.5397868652889696e-05,-10.000046730041504,-4.672895011026412e-05,attack,no
3533,0,0,2.260325106227045e-06,-13.000004768371582,-5.125986263010418e-06,attack,no
3534,0,0,1.1861127079834025e-08,-18.250009536743164,-1.0132738680113107e-05,attack,no
3535,0,0,0.0019267342921522673,-6.25192928314209,-0.0019290901254862547,attack,no
3536,0,0,4.363460673039411e-09,-19.25001335144043,-1.2993727978027891e-05,attack,no
3537,0,0,2.7535704233347056e-05,-10.500027656555176,-2.8132995794294402e-05,attack,no
3538,0,0,1.1861118596621165e-08,-18.250003814697266,-3.6954811548639555e-06,attack,no
3539,0,0,1.5229988589762417e-08,-18.000009536743164,-1.0132738680113107e-05,attack,no
3540,0,0,0.0031726830501370624,-5.753179550170898,-0.003179615829139948,attack,no
3541,0,0,2.061154355311154e-09,-20.000001907348633,-2.264974000354414e-06,attack,no
3542,0,0,1.5229986771463815e-08,-18.00002098083496,-2.1457441107486375e-05,attack,no
3543,0,0,9.736203785443038e-10,-20.750001907348633,-2.264974000354414e-06,attack,no
3544,0,0,0.008577484217809378,-4.758615016937256,-0.008614876307547092,attack,no
3545,0,0,5.3157868729085e-08,-16.750001907348633,-2.264974000354414e-06,attack,no
3546,0,0,3.3982710487752024e-09,-19.500001907348633,-2.861018856492592e-06,attack,no
3547,0,0,3.9278638756166896e-07,-14.750000953674316,-1.4305104514278355e-06,attack,no
3548,0,0,3.3982649722104704e-09,-19.500001907348633,-1.0728830375228426e-06,attack,no
3549,0,0,4.363463274099553e-09,-19.25000762939453,-7.867782187531702e-06,attack,no
3550,0,0,7.194138981822211e-09,-18.75,-8.344646857949556e-07,attack,no
3551,0,0,1.3709575337159875e-06,-13.500001907348633,-2.145764938177308e-06,attack,no
3552,0,0,2.6465752092512482e-09,-19.750009536743164,-1.0132738680113107e-05,attack,no
3553,0,0,2.061151896940586e-09,-20.000036239624023,-3.540453326422721e-05,attack,no
3554,0,0,2.6465761558644295e-09,-19.750001907348633,-2.861018856492592e-06,attack,no
3555,0,0,2.5109981944773573e-08,-17.50001335144043,-1.2993727978027891e-05,attack,no
3556,0,0,3.9278620024561e-07,-14.75001049041748,-1.0490362910786644e-05,attack,no
3557,0,0,0.017986211738656763,-4.018150329589844,-0.01815043017268181,attack,no
3558,0,0,1.1861131322259895e-08,-18.250001907348633,-2.861018856492592e-06,attack,no
3559,0,0,9.736203785443038e-10,-20.750001907348633,-2.264974000354414e-06,attack,no
3560,0,0,1.522998495938826e-08,-18.000001907348633,-2.264974000354414e-06,attack,no
3561,0,0,0.00012339454559719622,-9.000125885009766,-0.00012563870404846966,attack,no
3562,0,0,7.194135551392311e-09,-18.75,-3.576278118089249e-07,attack,no
3563,0,0,4.363465875060545e-09,-19.25,-8.344646857949556e-07,attack,no
3564,0,1,0.6224593312018546,-0.4740793704986572,-0.9740793704986572,attack,yes
3565,0,0,3.726640616882752e-06,-12.500004768371582,-5.125986263010418e-06,attack,no
3566,0,1,0.9859363718074468,-0.014171206392347813,-4.264171123504639,attack,yes
3567,0,0,4.3634617137089345e-09,-19.250003814697266,-3.6954811548639555e-06,attack,no
3568,0,0,1.5229986774691235e-08,-18.0000057220459,-6.198863957251888e-06,attack,no
3569,0,0,1.7603436329858898e-06,-13.250007629394531,-7.867782187531702e-06,attack,no
3570,0,0,1.9555699354962477e-08,-17.750003814697266,-4.768360213347478e-06,attack,no
3571,0,0,7.889260704968911e-06,-11.750009536743164,-9.298280929215252e-06,attack,no
3572,0,0,1.5229972250526457e-08,-18.000001907348633,-1.4305104514278355e-06,attack,no
3573,0,0,1.250152268529565e-09,-20.500017166137695,-1.6689160474925302e-05,attack,no
3574,0,0,1.9555690030300874e-08,-17.75,-4.768370445162873e-07,attack,no
3575,0,0,5.3157881400334906e-08,-16.750009536743164,-1.0132738680113107e-05,attack,no
3576,0,0,3.224188554904223e-08,-17.250009536743164,-1.0132738680113107e-05,attack,no
3577,0,0,7.484620945593736e-05,-9.500075340270996,-7.509902934543788e-05,attack,no
3578,0,0,2.9023119851464256e-06,-12.750006675720215,-6.6756979322235566e-06,attack,no
3579,0,0,4.539787406630864e-05,-10.000045776367188,-4.589452510117553e-05,attack,no
3580,0,0,5.31578307002209e-08,-16.750017166137695,-1.680836794548668e-05,attack,no
3581,0,0,6.825599655739207e-08,-16.500001907348633,-1.4305104514278355e-06,attack,no
3582,0,0,0.0024726229395573424,-6.002476215362549,-0.002476127352565527,attack,no
3583,0,0,2.3823693839325525e-07,-15.250000953674316,-1.0728830375228426e-06,attack,no
3584,0,0,5.6027957382316866e-09,-19.000001907348633,-1.7881377516459906e-06,attack,no
3585,0,0,1.605227287175013e-09,-20.250001907348633,-1.4305104514278355e-06,attack,no
3586,0,1,0.9999938558232007,-7.033323527139146e-06,-12.000006675720215,attack,yes
3587,0,0,6.825601282506298e-08,-16.50001335144043,-1.3112935448589269e-05,attack,no
3588,0,0,1.1861131322259895e-08,-18.250001907348633,-2.861018856492592e-06,attack,no
3589,0,0,1.186112566625516e-08,-18.2500057220459,-6.198863957251888e-06,attack,no
3590,0,0,1.8553912395470936e-07,-15.500000953674316,-1.0728830375228426e-06,attack,no
3591,0,0,2.6465758403779147e-09,-19.75,-8.344646857949556e-07,attack,no
3592,0,0,3.9278634073491196e-07,-14.750003814697266,-4.172316494077677e-06,attack,no
3593,0,0,3.224185479971474e-08,-17.25001335144043,-1.2993727978027891e-05,attack,no
3594,0,0,1.955566438681241e-08,-17.750003814697266,-2.9802276912960224e-06,attack,no
3595,0,0,3.7266406168996985e-06,-12.500003814697266,-4.172316494077677e-06,attack,no
3596,0,0,5.60279440195627e-09,-19.00001335144043,-1.2993727978027891e-05,attack,no
3597,0,0,1.3709576971316842e-06,-13.500004768371582,-5.125986263010418e-06,attack,no
3598,0,0,1.1253506814715717e-07,-16.0000057220459,-4.887569048150908e-06,attack,no
3599,0,0,2.7535687817839353e-05,-10.500032424926758,-3.2305197237292305e-05,attack,no
3600,0,0,5.602795738202386e-09,-19.000003814697266,-3.6954811548639555e-06,attack,no
3601,0,0,5.315780536011124e-08,-16.750001907348633,-1.0728830375228426e-06,attack,no
3602,0,0,2.6465761558644295e-09,-19.750001907348633,-2.861018856492592e-06,attack,no
3603,0,0,1.1253521571389925e-07,-16.0000057220459,-6.198863957251888e-06,attack,no
3604,0,0,5.602801749327794e-09,-19.000003814697266,-4.768360213347478e-06,attack,no
3605,0,0,0.0009110511411538918,-7.000912189483643,-0.0009121309849433601,attack,no
3606,0,0,0.000430557092284397,-7.750432968139648,-0.00043299360550008714,attack,no
3607,0,0,2.061154600548919e-09,-20.00002098083496,-2.1457441107486375e-05,attack,no
3608,0,0,0.14804719239327382,-1.9102245569229126,-0.16022451221942902,attack,no
3609,0,0,1.0677028700320083e-06,-13.750004768371582,-4.768360213347478e-06,attack,no
3610,0,0,1.1861118596683194e-08,-18.250001907348633,-1.7881377516459906e-06,attack,no
3611,0,0,3.927863875599274e-07,-14.75000286102295,-3.3378546504536644e-06,attack,no
3612,0,0,5.6028017493685595e-09,-19.000001907348633,-2.861018856492592e-06,attack,no
3613,0,0,1.605227478398896e-09,-20.25001335144043,-1.2993727978027891e-05,attack,no
3614,0,0,1.1861122838202565e-08,-18.25000762939453,-7.867782187531702e-06,attack,no
3615,0,0,2.5110014873406942e-08,-17.500003814697266,-4.768360213347478e-06,attack,no
3616,0,0,5.6028017493685595e-09,-19.000001907348633,-2.861018856492592e-06,attack,no
3617,0,0,7.1941295481333906e-09,-18.750001907348633,-1.4305104514278355e-06,attack,no
3618,0,0,3.224185476913002e-08,-17.250045776367188,-4.541770613286644e-05,attack,no
3619,0,0,1.6052272869518237e-09,-20.250017166137695,-1.6689160474925302e-05,attack,no
3620,0,0,3.535625493053631e-05,-10.250038146972656,-3.8265450712060556e-05,attack,no
3621,0,0,2.753569766870548e-05,-10.500027656555176,-2.7894584491150454e-05,attack,no
3622,0,0,2.646574893839164e-09,-19.7500057220459,-6.198863957251888e-06,attack,no
3623,0,0,4.3634643135573065e-09,-19.25002098083496,-2.1457441107486375e-05,attack,no
3624,0,0,2.5109969973413987e-08,-17.500003814697266,-2.9802276912960224e-06,attack,no
3625,0,0,4.139939521391704e-08,-17.0000057220459,-6.198863957251888e-06,attack,no
3626,0,0,0.002472622936685948,-6.002476692199707,-0.002476603025570512,attack,no
3627,0,0,7.889262585958025e-06,-11.750008583068848,-8.583032467868179e-06,attack,no
3628,0,0,8.764243272196781e-08,-16.250001907348633,-1.4305104514278355e-06,attack,no
3629,0,0,2.5109969973413987e-08,-17.500003814697266,-2.9802276912960224e-06,attack,no
3630,0,0,3.9278605978261515e-07,-14.750008583068848,-8.22540732769994e-06,attack,no
3631,0,0,3.224186633279476e-08,-17.250003814697266,-3.814689989667386e-06,attack,no
3632,0,0,9.237448475387384e-09,-18.500003814697266,-3.6954811548639555e-06,attack,no
3633,0,0,0.0009110511415777466,-7.000911712646484,-0.0009116546134464443,attack,no
3634,0,0,6.475946437966953e-07,-14.250005722045898,-5.483612312673358e-06,attack,no
3635,0,0,5.31578497181003e-08,-16.750003814697266,-3.814689989667386e-06,attack,no
3636,0,0,4.3634617137089345e-09,-19.250003814697266,-3.6954811548639555e-06,attack,no
3637,0,0,5.602791730807078e-09,-19.000001907348633,-1.0728830375228426e-06,attack,no
3638,0,1,0.9984988174719182,-0.0015031717484816909,-6.501502990722656,attack,yes
3639,0,0,9.237456183779127e-09,-18.5,-7.152555099310121e-07,attack,no
3640,0,0,2.6465733163905695e-09,-19.750003814697266,-3.6954811548639555e-06,attack,no
3641,0,0,8.764251630275323e-08,-16.2500057220459,-6.198863957251888e-06,attack,no
3642,0,0,5.3157824370802075e-08,-16.750001907348633,-1.4305104514278355e-06,attack,no
3643,0,0,2.646576155845173e-09,-19.750003814697266,-4.768360213347478e-06,attack,no
3644,0,0,1.5229983143399848e-08,-18.00000762939453,-7.867782187531702e-06,attack,no
3645,0,0,0.00033534999152133745,-8.000337600708008,-0.00033718624035827816,attack,no
3646,0,0,2.5109987933544267e-08,-17.500001907348633,-1.7881377516459906e-06,attack,no
3647,0,0,2.51099699735139e-08,-17.500001907348633,-1.0728830375228426e-06,attack,no
3648,0,0,1.2501524176286948e-09,-20.50001335144043,-1.2993727978027891e-05,attack,no
3649,0,0,0.005220126225545113,-5.255234718322754,-0.005234820768237114,attack,no
3650,0,0,5.602799077661068e-09,-19.0000057220459,-6.198863957251888e-06,attack,no
3651,0,0,5.602797741783595e-09,-19.00000762939453,-7.867782187531702e-06,attack,no
3652,0,0,3.224185095439773e-08,-17.250017166137695,-1.6689160474925302e-05,attack,no
3653,0,0,2.64657331640441e-09,-19.750001907348633,-1.7881377516459906e-06,attack,no
3654,0,0,3.2241881699704196e-08,-17.25002098083496,-2.1457441107486375e-05,attack,no
3655,0,0,4.139941495501095e-08,-17.000003814697266,-4.768360213347478e-06,attack,no
3656,0,0,4.1399340927604655e-08,-17.000001907348633,-1.0728830375228426e-06,attack,no
3657,0,0,7.484621836619827e-05,-9.500077247619629,-7.712543447269127e-05,attack,no
3658,0,0,1.8553919030270097e-07,-15.500007629394531,-8.106198947643861e-06,attack,no
3659,0,0,1.9555685367259194e-08,-17.75000762939453,-7.867782187531702e-06,attack,no
3660,0,0,6.144176799227921e-06,-12.000009536743164,-9.894321920000948e-06,attack,no
3661,0,0,7.194135551374727e-09,-18.750001907348633,-2.264974000354414e-06,attack,no
3662,0,0,5.31578497181003e-08,-16.750003814697266,-3.814689989667386e-06,attack,no
3663,0,0,0.00043055704108029756,-7.75043249130249,-0.0004323977918829769,attack,no
3664,0,0,9.736202624520451e-10,-20.75000762939453,-7.867782187531702e-06,attack,no
3665,0,0,1.1253525544102276e-07,-16.00009536743164,-9.619726915843785e-05,attack,no
3666,0,0,5.315780535951295e-08,-16.7500057220459,-4.887569048150908e-06,attack,no
3667,0,0,0.00012339457488744337,-9.000133514404297,-0.00013350549852475524,attack,no
3668,0,0,1.1253506814715717e-07,-16.0000057220459,-4.887569048150908e-06,attack,no
3669,0,0,1.5229972250526457e-08,-18.000001907348633,-1.4305104514278355e-06,attack,no
3670,0,0,1.6052278612482156e-09,-20.250001907348633,-1.7881377516459906e-06,attack,no
3671,0,0,4.139939521391704e-08,-17.0000057220459,-6.198863957251888e-06,attack,no
3672,0,0,3.9278615344267634e-07,-14.750001907348633,-1.7881377516459906e-06,attack,no
3673,0,0,5.602799745388451e-09,-19.000009536743164,-1.0132738680113107e-05,attack,no
3674,0,0,1.1253506814715717e-07,-16.0000057220459,-4.887569048150908e-06,attack,no
3675,0,0,5.315787506511449e-08,-16.7500057220459,-6.198863957251888e-06,attack,no
3676,0,0,2.7535684537924442e-05,-10.500029563903809,-2.932505594799295e-05,attack,no
3677,0,0,4.363464314481978e-09,-19.2500057220459,-6.198863957251888e-06,attack,no
3678,0,0,8.76425058538367e-08,-16.25000762939453,-7.986990567587782e-06,attack,no
3679,0,1,0.9997965730746621,-0.00020382710499688983,-8.500204086303711,attack,yes
3680,0,0,2.646575209385592e-09,-19.75,-5.960462772236497e-07,attack,no
3681,0,0,2.6465748932783223e-09,-19.75002098083496,-2.1457441107486375e-05,attack,no
3682,0,0,1.0677024882029858e-06,-13.750001907348633,-1.5497195136049413e-06,attack,no
3683,0,0,2.5110014873406942e-08,-17.500003814697266,-4.768360213347478e-06,attack,no
3684,0,0,7.889260704531226e-06,-11.750014305114746,-1.4066597032069694e-05,attack,no
3685,0,0,4.785096206047877e-06,-12.250006675720215,-7.033323527139146e-06,attack,no
3686,0,0,2.5109987933544267e-08,-17.500001907348633,-1.7881377516459906e-06,attack,no
3687,0,0,1.9555692360527098e-08,-17.750009536743164,-1.0132738680113107e-05,attack,no
3688,0,0,1.1861118596683194e-08,-18.250001907348633,-1.7881377516459906e-06,attack,no
3689,0,1,0.999796572929219,-0.00020454221521504223,-8.500204086303711,attack,yes
3690,0,0,5.602791730807078e-09,-19.000001907348633,-1.0728830375228426e-06,attack,no
3691,0,0,1.955566438681241e-08,-17.750003814697266,-2.9802276912960224e-06,attack,no
3692,0,0,3.059022998581767e-07,-15.000000953674316,-1.1920922133867862e-06,attack,no
3693,0,0,2.511000289982784e-08,-17.5000057220459,-6.198863957251888e-06,attack,no
3694,0,0,1.4449807263287805e-07,-15.750001907348633,-2.3841830625315197e-06,attack,no
3695,0,0,7.889263526180094e-06,-11.750011444091797,-1.156323378381785e-05,attack,no
3696,0,0,1.6052288180107596e-09,-20.2500057220459,-6.198863957251888e-06,attack,no
3697,0,0,2.511000289982784e-08,-17.5000057220459,-6.198863957251888e-06,attack,no
3698,0,0,2.510998793341295e-08,-17.500003814697266,-3.6954811548639555e-06,attack,no
3699,0,0,0.0015011819927211354,-6.501502990722656,-0.0015028145862743258,attack,no
3700,0,0,3.224186248944841e-08,-17.250001907348633,-1.7881377516459906e-06,attack,no
3701,0,0,1.0129993395447374e-05,-11.50001049041748,-1.07287787614041e-05,attack,no
3702,0,0,0.008577485184035312,-4.758615493774414,-0.008615466766059399,attack,no
3703,0,0,1.1253516205427619e-07,-16.000003814697266,-3.814689989667386e-06,attack,no
3704,0,0,8.315282259138311e-07,-14.000001907348633,-2.145764938177308e-06,attack,no
3705,0,0,2.5109978950037637e-08,-17.500017166137695,-1.6689160474925302e-05,attack,no
3706,0,0,1.1861131322173594e-08,-18.250003814697266,-4.768360213347478e-06,attack,no
3707,0,0,8.764243272196781e-08,-16.250001907348633,-1.4305104514278355e-06,attack,no
3708,0,0,4.785096206047877e-06,-12.250006675720215,-7.033323527139146e-06,attack,no
3709,0,0,3.0590215399183813e-07,-15.00000286102295,-2.622600959512056e-06,attack,no
3710,0,1,0.9859363721431996,-0.014164506457746029,-4.264164447784424,attack,yes
3711,0,0,5.8291265559354625e-05,-9.750059127807617,-5.9126061387360096e-05,attack,no
3712,0,0,6.47595107001401e-07,-14.250000953674316,-1.4305104514278355e-06,attack,no
3713,0,0,0.022977371791713528,-3.7732465267181396,-0.023246610537171364,attack,no
3714,0,0,4.139941495501095e-08,-17.000003814697266,-4.768360213347478e-06,attack,no
3715,0,0,1.1861118596621165e-08,-18.250003814697266,-3.6954811548639555e-06,attack,no
3716,0,0,1.955566438681241e-08,-17.750003814697266,-2.9802276912960224e-06,attack,no
3717,0,0,7.194135551374727e-09,-18.750001907348633,-2.264974000354414e-06,attack,no
3718,0,0,9.237451778734317e-09,-18.50000762939453,-7.867782187531702e-06,attack,no
3719,0,0,1.1861114353175022e-08,-18.250017166137695,-1.6689160474925302e-05,attack,no
3720,0,0,1.3709578605542582e-06,-13.500005722045898,-6.198863957251888e-06,attack,no
3721,0,0,1.1861127079834025e-08,-18.250009536743164,-1.0132738680113107e-05,attack,no
3722,0,0,1.1861118596621165e-08,-18.250003814697266,-3.6954811548639555e-06,attack,no
3723,0,0,4.1399355733145916e-08,-17.000001907348633,-1.4305104514278355e-06,attack,no
3724,0,0,0.037326888281170874,-3.2880423069000244,-0.0380423329770565,attack,no
3725,0,0,4.139939027941222e-08,-17.000001907348633,-2.264974000354414e-06,attack,no
3726,0,0,7.1941295481333906e-09,-18.750001907348633,-1.4305104514278355e-06,attack,no
3727,0,0,1.1861118596621165e-08,-18.250003814697266,-3.6954811548639555e-06,attack,no
3728,0,0,7.194134693562525e-09,-18.75000762939453,-7.867782187531702e-06,attack,no
3729,0,0,9.237453981223904e-09,-18.5000057220459,-6.198863957251888e-06,attack,no
3730,0,0,1.955566438681241e-08,-17.750003814697266,-2.9802276912960224e-06,attack,no
3731,0,0,3.398267402818601e-09,-19.500003814697266,-3.6954811548639555e-06,attack,no
3732,0,0,4.3634663952098696e-09,-19.250001907348633,-2.861018856492592e-06,attack,no
3733,0,0,1.4449803818156628e-07,-15.75000286102295,-3.099436753473128e-06,attack,no
3734,0,0,7.1941364088631495e-09,-18.7500057220459,-6.198863957251888e-06,attack,no
3735,0,0,1.0129993395447374e-05,-11.50001049041748,-1.07287787614041e-05,attack,no
3736,0,0,2.510998793341295e-08,-17.500003814697266,-3.6954811548639555e-06,attack,no
3737,0,0,1.300713156317648e-05,-11.250025749206543,-2.5987286790041253e-05,attack,no
3738,0,0,1.2501527157855073e-09,-20.500003814697266,-3.6954811548639555e-06,attack,no
3739,0,0,1.3007134667259438e-05,-11.250014305114746,-1.4781842764932662e-05,attack,no
3740,0,0,1.1861124252495773e-08,-18.250001907348633,-2.264974000354414e-06,attack,no
3741,0,0,2.0611526350671165e-09,-20.000017166137695,-1.6689160474925302e-05,attack,no
3742,0,0,1.605227861239821e-09,-20.250003814697266,-3.6954811548639555e-06,attack,no
3743,0,0,7.194126975315923e-09,-18.750001907348633,-1.0728830375228426e-06,attack,no
3744,0,0,1.8553903548267172e-07,-15.500001907348633,-1.5497195136049413e-06,attack,no
3745,0,0,9.237458386124842e-09,-18.500001907348633,-2.861018856492592e-06,attack,no
3746,0,0,4.139935572738979e-08,-17.000017166137695,-1.6689160474925302e-05,attack,no
3747,0,0,1.8553903548267172e-07,-15.500001907348633,-1.5497195136049413e-06,attack,no
3748,0,0,3.3982686180520394e-09,-19.50000762939453,-7.867782187531702e-06,attack,no
3749,0,0,1.6052286266792286e-09,-20.250001907348633,-2.264974000354414e-06,attack,no
3750,0,0,1.3007134667436888e-05,-11.25001335144043,-1.3828182090946939e-05,attack,no
3751,0,0,1.9555673691566172e-08,-17.750045776367188,-4.541770613286644e-05,attack,no
3752,0,0,5.602799077661068e-09,-19.0000057220459,-6.198863957251888e-06,attack,no
3753,0,0,9.237458386124842e-09,-18.500001907348633,-2.861018856492592e-06,attack,no
3754,0,0,3.224188170653665e-08,-17.2500057220459,-6.198863957251888e-06,attack,no
3755,0,0,5.043474682958816e-07,-14.50001049041748,-1.0609570381348021e-05,attack,no
3756,0,0,4.363464314481978e-09,-19.2500057220459,-6.198863957251888e-06,attack,no
3757,0,0,1.4449807263287805e-07,-15.750001907348633,-2.3841830625315197e-06,attack,no
3758,0,0,8.76425058538367e-08,-16.25000762939453,-7.986990567587782e-06,attack,no
3759,0,0,7.1941321209133375e-09,-18.750003814697266,-3.6954811548639555e-06,attack,no
3760,0,0,0.000261190372422492,-8.250261306762695,-0.0002615109842736274,attack,no
3761,0,0,2.9023116391978962e-06,-12.750004768371582,-4.6491513785440475e-06,attack,no
3762,0,0,2.0611526350671165e-09,-20.000017166137695,-1.6689160474925302e-05,attack,no
3763,0,0,1.760343633025915e-06,-13.250003814697266,-4.0531076592742465e-06,attack,no
3764,0,1,0.9984988174741866,-0.0015041239093989134,-6.501503944396973,attack,yes
3765,0,0,1.1861131322173594e-08,-18.250003814697266,-4.768360213347478e-06,attack,no
3766,0,0,5.04347588565724e-07,-14.500003814697266,-4.172316494077677e-06,attack,no
3767,0,0,8.764240137829087e-08,-16.250003814697266,-2.9802276912960224e-06,attack,no
3768,0,0,9.237458386057632e-09,-18.500003814697266,-4.768360213347478e-06,attack,no
3769,0,0,7.194137266242078e-09,-18.750009536743164,-1.0132738680113107e-05,attack,no
3770,0,0,7.484621837164364e-05,-9.500076293945312,-7.617183291586116e-05,attack,no
3771,0,0,5.602799076473766e-09,-19.00002098083496,-2.1457441107486375e-05,attack,no
3772,0,0,0.0001584362547591338,-8.750163078308105,-0.00016330339713022113,attack,no
3773,0,0,6.825597214691097e-08,-16.500003814697266,-2.9802276912960224e-06,attack,no
3774,0,0,5.602801749327794e-09,-19.000003814697266,-4.768360213347478e-06,attack,no
3775,0,0,6.825606978822427e-08,-16.5,-5.960462772236497e-07,attack,no
3776,0,0,0.5,-0.6931490898132324,-0.6931490898132324,attack,no
3777,0,0,3.535624650279073e-05,-10.25003719329834,-3.707340147229843e-05,attack,no
3778,0,0,1.1861127079834025e-08,-18.250009536743164,-1.0132738680113107e-05,attack,no
3779,0,0,0.000552778749766613,-7.500553607940674,-0.0005538121913559735,attack,no
3780,0,0,0.00012339456033208922,-9.000123977661133,-0.00012385078298393637,attack,no
3781,0,0,3.726637951406114e-06,-12.500004768371582,-4.410734163684538e-06,attack,no
3782,0,0,1.3007123812767362e-05,-11.250018119812012,-1.7762025890988298e-05,attack,no
3783,0,0,4.1399390278197924e-08,-17.00000762939453,-7.986990567587782e-06,attack,no
3784,0,0,2.7535700951026074e-05,-10.500027656555176,-2.8013790142722428e-05,attack,no
3785,0,0,0.5,-0.6931504011154175,-0.6931504011154175,attack,no
3786,0,0,1.1253516205489029e-07,-16.000001907348633,-1.9073468138230965e-06,attack,no
3787,0,0,1.0129995810463632e-05,-11.500011444091797,-1.1920858014491387e-05,attack,no
3788,0,0,2.6465748932783223e-09,-19.75002098083496,-2.1457441107486375e-05,attack,no
3789,0,0,8.315278294097537e-07,-14.00000286102295,-2.622600959512056e-06,attack,no
3790,0,0,2.0611553373716893e-09,-20.00002670288086,-2.753696753643453e-05,attack,no
3791,0,0,9.237458386124842e-09,-18.500001907348633,-2.861018856492592e-06,attack,no
3792,0,0,0.003172682307892133,-5.753178596496582,-0.0031784274615347385,attack,no
3793,0,0,8.764243272196781e-08,-16.250001907348633,-1.4305104514278355e-06,attack,no
3794,0,0,7.889264466545779e-06,-11.750012397766113,-1.2636104656849056e-05,attack,no
3795,0,0,1.1861118596621165e-08,-18.250003814697266,-3.6954811548639555e-06,attack,no
3796,0,0,1.5229977697181206e-08,-18.000001907348633,-1.7881377516459906e-06,attack,no
3797,0,0,9.237448475387384e-09,-18.500003814697266,-3.6954811548639555e-06,attack,no
3798,0,0,0.0005527786181110731,-7.500553607940674,-0.0005535738891921937,attack,no
3799,0,0,7.194139839351118e-09,-18.750003814697266,-4.768360213347478e-06,attack,no
3800,0,1,0.9994472212506837,-0.0005552418879233301,-7.500555038452148,attack,yes
3801,0,0,2.9023133691112136e-06,-12.750003814697266,-4.291525328881107e-06,attack,no
3802,0,0,2.3823693839154893e-07,-15.250003814697266,-3.933898824470816e-06,attack,no
3803,0,0,1.9555678374073827e-08,-17.750003814697266,-3.6954811548639555e-06,attack,no
3804,0,0,1.1861110112965336e-08,-18.250001907348633,-1.0728830375228426e-06,attack,no
3805,0,0,2.510999990689927e-08,-17.500001907348633,-2.264974000354414e-06,attack,no
3806,0,0,8.315283250211149e-07,-14.000006675720215,-7.033323527139146e-06,attack,no
3807,0,0,2.061155583851969e-09,-20.000001907348633,-2.861018856492592e-06,attack,no
3808,0,0,0.02931222863144092,-3.5297513008117676,-0.02975122630596161,attack,no
3809,0,0,3.0590215392110167e-07,-15.000021934509277,-2.169585604860913e-05,attack,no
3810,0,0,9.237455082120236e-09,-18.500009536743164,-1.0132738680113107e-05,attack,no
3811,0,0,4.539786324360012e-05,-10.000045776367188,-4.565611743601039e-05,attack,no
3812,0,0,1.5229966803871924e-08,-18.000001907348633,-1.0728830375228426e-06,attack,no
3813,0,0,7.194139839403463e-09,-18.750001907348633,-2.861018856492592e-06,attack,no
3814,0,0,2.5109987933544267e-08,-17.500001907348633,-1.7881377516459906e-06,attack,no
3815,0,0,7.1941321209133375e-09,-18.750003814697266,-3.6954811548639555e-06,attack,no
3816,0,0,1.3007134666857228e-05,-11.250016212463379,-1.6689160474925302e-05,attack,no
3817,0,0,9.237448475387384e-09,-18.500003814697266,-3.6954811548639555e-06,attack,no
3818,0,0,2.061154600985703e-09,-20.0000057220459,-6.198863957251888e-06,attack,no
3819,0,0,1.1861125663741641e-08,-18.25002098083496,-2.1457441107486375e-05,attack,no
3820,0,0,9.237445170588189e-09,-18.500017166137695,-1.6689160474925302e-05,attack,no
3821,0,0,1.760343633031919e-06,-13.25000286102295,-3.099436753473128e-06,attack,no
3822,0,0,1.4449805540316353e-07,-15.750007629394531,-7.986990567587782e-06,attack,no
3823,0,0,4.599054828255724e-10,-21.500003814697266,-3.6954811548639555e-06,attack,no
3824,0,0,4.1399395205144004e-08,-17.00002098083496,-2.1457441107486375e-05,attack,no
3825,0,0,1.8553910183649562e-07,-15.500001907348633,-1.9073468138230965e-06,attack,no
3826,0,0,8.315279285326831e-07,-14.000003814697266,-3.6954811548639555e-06,attack,no
3827,0,0,6.144173869312764e-06,-12.000012397766113,-1.2278481335670222e-05,attack,no
3828,0,0,0.005220125006811988,-5.255234241485596,-0.005234109237790108,attack,no
3829,0,0,1.6052290093178595e-09,-20.250009536743164,-1.0132738680113107e-05,attack,no
3830,0,0,1.1861124252495773e-08,-18.250001907348633,-2.264974000354414e-06,attack,no
3831,0,0,0.000709670304447988,-7.250710964202881,-0.0007108307327143848,attack,no
3832,0,0,1.6052295834560986e-09,-20.250003814697266,-4.768360213347478e-06,attack,no
3833,0,0,1.06770248817616e-06,-13.750007629394531,-7.271740287251305e-06,attack,no
3834,0,0,7.1941295481333906e-09,-18.750001907348633,-1.4305104514278355e-06,attack,no
3835,0,0,3.0590215399246414e-07,-15.000001907348633,-1.6689286894688848e-06,attack,no
3836,0,0,1.760343633031919e-06,-13.25000286102295,-3.099436753473128e-06,attack,no
3837,0,0,2.902313023117645e-06,-12.750004768371582,-5.125986263010418e-06,attack,no
3838,0,0,3.3982674028363726e-09,-19.500001907348633,-1.7881377516459906e-06,attack,no
3839,0,0,1.4449803818156628e-07,-15.75000286102295,-3.099436753473128e-06,attack,no
3840,0,0,3.9278634073491196e-07,-14.750003814697266,-4.172316494077677e-06,attack,no
3841,0,0,5.602795738202386e-09,-19.000003814697266,-3.6954811548639555e-06,attack,no
3842,0,1,0.9980732657078478,-0.0019290901254862547,-6.25192928314209,attack,yes
3843,0,0,3.059023363231725e-07,-15.00000286102295,-3.2186455882765586e-06,attack,no
3844,0,0,2.753569766870548e-05,-10.500027656555176,-2.7894584491150454e-05,attack,no
3845,0,0,0.00012339460445059917,-9.000123977661133,-0.00012420836719684303,attack,no
3846,0,0,9.237457284968723e-09,-18.5,-8.344646857949556e-07,attack,no
3847,0,0,1.855391681906175e-07,-15.500000953674316,-1.311301275563892e-06,attack,no
3848,0,0,1.5229974050360896e-08,-18.000045776367188,-4.541770613286644e-05,attack,no
3849,0,0,4.139939521391704e-08,-17.0000057220459,-6.198863957251888e-06,attack,no
3850,0,0,3.92786200232035e-07,-14.75001335144043,-1.3351351299206726e-05,attack,no
3851,0,0,0.037326884131416216,-3.2880423069000244,-0.03804221749305725,attack,no
3852,0,0,4.363463794388956e-09,-19.250001907348633,-2.264974000354414e-06,attack,no
3853,0,0,4.139941495501095e-08,-17.000003814697266,-4.768360213347478e-06,attack,no
3854,0,0,0.00026119027880236077,-8.250265121459961,-0.0002649671514518559,attack,no
3855,0,0,3.224183942818497e-08,-17.250003814697266,-2.9802276912960224e-06,attack,no
3856,0,0,3.535626757768912e-05,-10.250035285949707,-3.576214658096433e-05,attack,no
3857,0,0,0.0024726235293418383,-6.002475738525391,-0.0024758896324783564,attack,no
3858,0,0,9.61024035730345e-05,-9.250099182128906,-9.905801562126726e-05,attack,no
3859,0,0,9.610238068291657e-05,-9.250097274780273,-9.691245941212401e-05,attack,no
3860,0,0,8.315279285326831e-07,-14.000003814697266,-3.6954811548639555e-06,attack,no
3861,0,0,1.1253506814715717e-07,-16.0000057220459,-4.887569048150908e-06,attack,no
3862,0,0,6.475948754028718e-07,-14.250001907348633,-2.0265558760002023e-06,attack,no
3863,0,0,0.0758581847220642,-2.578890562057495,-0.07889062911272049,attack,no
3864,0,1,0.9914225147763652,-0.008614994585514069,-4.758615016937256,attack,yes
3865,0,0,6.475946438022907e-07,-14.250003814697266,-3.576272320060525e-06,attack,no
3866,0,0,8.315282259117513e-07,-14.00000286102295,-3.099436753473128e-06,attack,no
3867,0,0,8.764247451259466e-08,-16.250003814697266,-3.814689989667386e-06,attack,no
3868,0,0,0.0019267347515319684,-6.251928806304932,-0.0019288521725684404,attack,no
3869,0,0,4.3634601526323156e-09,-19.250017166137695,-1.6689160474925302e-05,attack,no
3870,0,0,5.315784338149369e-08,-16.750001907348633,-1.7881377516459906e-06,attack,no
3871,0,1,0.9859363720398908,-0.014164037071168423,-4.264163970947266,attack,yes
3872,0,0,7.889265407177056e-06,-11.75001049041748,-1.0847986231965479e-05,attack,no
3873,0,0,1.1253521571574156e-07,-16.000001907348633,-2.3841830625315197e-06,attack,no
3874,0,0,6.825606165129312e-08,-16.500001907348633,-2.3841830625315197e-06,attack,no
3875,0,0,2.9023119851464256e-06,-12.750006675720215,-6.6756979322235566e-06,attack,no
3876,0,0,5.905306811213036e-10,-21.2500057220459,-6.198863957251888e-06,attack,no
3877,0,0,4.539786865090791e-05,-10.00004768371582,-4.768258077092469e-05,attack,no
3878,0,0,2.3823693839290315e-07,-15.250001907348633,-2.0265558760002023e-06,attack,no
3879,0,0,1.3007130015677907e-05,-11.250014305114746,-1.4424220353248529e-05,attack,no
3880,0,0,2.3823685318827418e-07,-15.250006675720215,-6.437280717364047e-06,attack,no
3881,0,0,3.3982710487504767e-09,-19.500003814697266,-4.768360213347478e-06,attack,no
3882,0,0,1.6701427818338537e-05,-11.000017166137695,-1.7523612768854946e-05,attack,no
3883,0,0,4.1399410004623805e-08,-17.00002670288086,-2.753696753643453e-05,attack,no
3884,0,0,2.6465758403779147e-09,-19.75,-8.344646857949556e-07,attack,no
3885,0,0,2.511000589237424e-08,-17.500009536743164,-1.0132738680113107e-05,attack,no
3886,0,0,5.31578497181003e-08,-16.750003814697266,-3.814689989667386e-06,attack,no
3887,0,0,1.3007125364086207e-05,-11.250014305114746,-1.4066597032069694e-05,attack,no
3888,0,0,1.9555678374073827e-08,-17.750003814697266,-3.6954811548639555e-06,attack,no
3889,0,0,5.602798409848411e-09,-19.000001907348633,-2.264974000354414e-06,attack,no
3890,0,1,0.817574471748733,-0.20141509175300598,-1.7014150619506836,attack,yes
3891,0,0,2.646571423431051e-09,-19.750001907348633,-1.0728830375228426e-06,attack,no
3892,0,0,1.8553914607043678e-07,-15.500004768371582,-5.006777428206988e-06,attack,no
3893,0,0,1.605227861239821e-09,-20.250003814697266,-3.6954811548639555e-06,attack,no
3894,0,0,2.260323758977908e-06,-13.000004768371582,-4.529942543740617e-06,attack,no
3895,0,0,3.3982649722104704e-09,-19.500001907348633,-1.0728830375228426e-06,attack,no
3896,0,0,3.224189708091632e-08,-17.250003814697266,-4.768360213347478e-06,attack,no
3897,0,0,1.3007123813193231e-05,-11.250016212463379,-1.585470999998506e-05,attack,no
3898,0,0,2.260324836787226e-06,-13.000003814697266,-4.0531076592742465e-06,attack,no
3899,0,0,4.139936066487447e-08,-17.00001335144043,-1.2993727978027891e-05,attack,no
3900,0,0,3.3982710487752024e-09,-19.500001907348633,-2.861018856492592e-06,attack,no
3901,0,0,1.1253521571574156e-07,-16.000001907348633,-2.3841830625315197e-06,attack,no
3902,0,1,0.9820137903340027,-0.018150312826037407,-4.018150329589844,attack,yes
3903,0,0,1.1861127079834025e-08,-18.250009536743164,-1.0132738680113107e-05,attack,no
3904,0,0,1.8553912395470936e-07,-15.500000953674316,-1.0728830375228426e-06,attack,no
3905,0,0,9.610240359051372e-05,-9.250097274780273,-9.715084888739511e-05,attack,no
3906,0,0,2.3823693839325525e-07,-15.250000953674316,-1.0728830375228426e-06,attack,no
3907,0,0,1.1861124252495773e-08,-18.250001907348633,-2.264974000354414e-06,attack,no
3908,0,0,1.4449807263287805e-07,-15.750001907348633,-2.3841830625315197e-06,attack,no
3909,0,0,0.0024726229395573424,-6.002476215362549,-0.002476127352565527,attack,no
3910,0,0,5.602799745388451e-09,-19.000009536743164,-1.0132738680113107e-05,attack,no
3911,0,1,0.9990889487504453,-0.000912250077817589,-7.000912189483643,attack,yes
3912,0,0,1.6052290093178595e-09,-20.250009536743164,-1.0132738680113107e-05,attack,no
3913,0,0,9.237451778734317e-09,-18.50000762939453,-7.867782187531702e-06,attack,no
3914,0,0,4.1399340927604655e-08,-17.000001907348633,-1.0728830375228426e-06,attack,no
3915,0,0,4.363460673039411e-09,-19.25001335144043,-1.2993727978027891e-05,attack,no
3916,0,0,9.237441868309548e-09,-18.500001907348633,-1.0728830375228426e-06,attack,no
3917,0,0,3.059021539928119e-07,-15.000000953674316,-7.152555099310121e-07,attack,no
3918,0,0,7.889263526345123e-06,-11.750009536743164,-9.65590606938349e-06,attack,no
3919,0,0,1.1861128494392034e-08,-18.25,-7.152555099310121e-07,attack,no
3920,0,0,2.382368531929327e-07,-15.250001907348633,-1.6689286894688848e-06,attack,no
3921,0,0,2.5110014873406942e-08,-17.500003814697266,-4.768360213347478e-06,attack,no
3922,0,0,0.00026119021675880823,-8.250262260437012,-0.0002618685248307884,attack,no
3923,0,0,6.825597214641435e-08,-16.5000057220459,-4.887569048150908e-06,attack,no
3924,0,0,5.602799077661068e-09,-19.0000057220459,-6.198863957251888e-06,attack,no
3925,0,0,6.825599655739207e-08,-16.500001907348633,-1.4305104514278355e-06,attack,no
3926,0,0,4.3634663952098696e-09,-19.250001907348633,-2.861018856492592e-06,attack,no
3927,0,0,7.194138981822211e-09,-18.75,-8.344646857949556e-07,attack,no
3928,0,0,1.1861122838202565e-08,-18.25000762939453,-7.867782187531702e-06,attack,no
3929,0,0,8.764255809560199e-08,-16.25,-9.536738616588991e-07,attack,no
3930,0,0,6.1441767993788e-06,-12.000006675720215,-7.033323527139146e-06,attack,no
3931,0,0,0.0019267347499648834,-6.25192928314209,-0.0019293281948193908,attack,no
3932,0,0,9.237455082120236e-09,-18.500009536743164,-1.0132738680113107e-05,attack,no
3933,0,0,4.363461713731754e-09,-19.250001907348633,-1.7881377516459906e-06,attack,no
3934,0,0,0.000709670389152364,-7.250710487365723,-0.0007104733376763761,attack,no
3935,0,0,0.0066928504568277356,-5.006715774536133,-0.006715704221278429,attack,no
3936,0,0,1.0677028700397769e-06,-13.75000286102295,-2.861018856492592e-06,attack,no
3937,0,0,2.3823685319320354e-07,-15.250000953674316,-7.152555099310121e-07,attack,no
3938,0,0,2.0611526353536974e-09,-20.000001907348633,-1.4305104514278355e-06,attack,no
3939,0,0,4.5397852414783676e-05,-10.000048637390137,-4.827859811484814e-05,attack,no
3940,0,0,2.902313022984343e-06,-12.75001049041748,-1.0847986231965479e-05,attack,no
3941,0,0,6.475946437966953e-07,-14.250005722045898,-5.483612312673358e-06,attack,no
3942,0,0,5.3157881400334906e-08,-16.750009536743164,-1.0132738680113107e-05,attack,no
3943,0,0,5.315787506511449e-08,-16.7500057220459,-6.198863957251888e-06,attack,no
3944,0,0,0.00015843629259415062,-8.750160217285156,-0.00016068121476564556,attack,no
3945,0,0,0.0002611904034746835,-8.250262260437012,-0.00026258357684127986,attack,no
3946,0,0,0.0031726823130466112,-5.753178119659424,-0.003177952254191041,attack,no
3947,0,0,8.764247451307293e-08,-16.250001907348633,-1.9073468138230965e-06,attack,no
3948,0,0,2.5110011880337063e-08,-17.5,-8.344646857949556e-07,attack,no
3949,0,0,1.955566438681241e-08,-17.750003814697266,-2.9802276912960224e-06,attack,no
3950,0,0,2.061155583851969e-09,-20.000001907348633,-2.861018856492592e-06,attack,no
3951,0,0,2.6465723695497353e-09,-19.750017166137695,-1.6689160474925302e-05,attack,no
3952,0,0,5.905305403208525e-10,-21.25000762939453,-7.867782187531702e-06,attack,no
3953,0,0,1.186112566625516e-08,-18.2500057220459,-6.198863957251888e-06,attack,no
3954,0,0,4.139935572738979e-08,-17.000017166137695,-1.6689160474925302e-05,attack,no
3955,0,0,3.726638839833152e-06,-12.500007629394531,-7.510157047363464e-06,attack,no
3956,0,0,6.825606165017571e-08,-16.5000057220459,-6.198863957251888e-06,attack,no
3957,0,0,7.194137266242078e-09,-18.750009536743164,-1.0132738680113107e-05,attack,no
3958,0,0,1.186112566625516e-08,-18.2500057220459,-6.198863957251888e-06,attack,no
3959,0,0,1.5229977697181206e-08,-18.000001907348633,-1.7881377516459906e-06,attack,no
3960,0,0,1.8553903548231313e-07,-15.50000286102295,-2.50339189733495e-06,attack,no
3961,0,0,0.00020342697381994752,-8.500204086303711,-0.0002040654799202457,attack,no
3962,0,0,5.315786872752582e-08,-16.75000762939453,-7.986990567587782e-06,attack,no
3963,0,0,1.5229977697101562e-08,-18.000003814697266,-3.6954811548639555e-06,attack,no
3964,0,0,7.1941321209133375e-09,-18.750003814697266,-3.6954811548639555e-06,attack,no
3965,0,0,3.9278629391365316e-07,-14.750001907348633,-2.145764938177308e-06,attack,no
3966,0,0,1.186112566625516e-08,-18.2500057220459,-6.198863957251888e-06,attack,no
3967,0,0,1.1253510839405181e-07,-16.000001907348633,-1.4305104514278355e-06,attack,no
3968,0,0,2.7535697667202902e-05,-10.500029563903809,-2.9801878554280847e-05,attack,no
3969,0,0,3.3982690232538343e-09,-19.500001907348633,-2.264974000354414e-06,attack,no
3970,0,0,3.3982686180520394e-09,-19.50000762939453,-7.867782187531702e-06,attack,no
3971,0,0,6.475947982022762e-07,-14.25000286102295,-2.861018856492592e-06,attack,no
3972,0,0,5.0434758856882e-07,-14.500001907348633,-2.264974000354414e-06,attack,no
3973,0,0,0.0031726834448229284,-5.753177642822266,-0.003177833277732134,attack,no
3974,0,0,1.5229986771463815e-08,-18.00002098083496,-2.1457441107486375e-05,attack,no
3975,0,0,5.8291265559354625e-05,-9.750059127807617,-5.9126061387360096e-05,attack,no
3976,0,0,2.0611533724782794e-09,-20.000001907348633,-1.7881377516459906e-06,attack,no
3977,0,0,5.602801079365699e-09,-19.00002670288086,-2.753696753643453e-05,attack,no
3978,0,0,0.001501182172279832,-6.501502513885498,-0.0015024575404822826,attack,no
3979,0,0,2.646576155845173e-09,-19.750003814697266,-4.768360213347478e-06,attack,no
3980,0,0,0.00020342692529945307,-8.500205039978027,-0.0002047805901383981,attack,no
3981,0,0,2.061151898229144e-09,-20.000001907348633,-1.0728830375228426e-06,attack,no
3982,0,0,6.825597214641435e-08,-16.5000057220459,-4.887569048150908e-06,attack,no
3983,0,0,2.144495608471805e-05,-10.750021934509277,-2.2291887944447808e-05,attack,no
3984,0,1,0.9914225138101391,-0.008615585044026375,-4.758615493774414,attack,yes
3985,0,0,9.610243796170806e-05,-9.250096321105957,-9.655486064730212e-05,attack,no
3986,0,0,4.3634617137089345e-09,-19.250003814697266,-3.6954811548639555e-06,attack,no
3987,0,0,0.008577485223634738,-4.758615016937256,-0.008614994585514069,attack,no
3988,0,0,3.7266406157524046e-06,-12.500024795532227,-2.5152843591058627e-05,attack,no
3989,0,0,5.8291272493815044e-05,-9.750062942504883,-6.305972783593461e-05,attack,no
3990,0,0,2.3823685318827418e-07,-15.250006675720215,-6.437280717364047e-06,attack,no
3991,0,0,0.010986943905708847,-4.511049747467041,-0.011049864813685417,attack,no
3992,0,0,3.0590233632073814e-07,-15.000004768371582,-5.125986263010418e-06,attack,no
3993,0,1,0.9999724643023327,-2.9801878554280847e-05,-10.500029563903809,attack,yes
3994,0,0,5.602801749327794e-09,-19.000003814697266,-4.768360213347478e-06,attack,no
3995,0,0,1.5229986774691235e-08,-18.0000057220459,-6.198863957251888e-06,attack,no
3996,0,0,1.9555664386890225e-08,-17.750001907348633,-1.0728830375228426e-06,attack,no
3997,0,0,5.31578307002209e-08,-16.750017166137695,-1.680836794548668e-05,attack,no
3998,0,0,4.5397868652889696e-05,-10.000046730041504,-4.672895011026412e-05,attack,no
3999,0,0,3.3982694283026877e-09,-19.5000057220459,-6.198863957251888e-06,attack,no
4000,0,0,0.01798621394291383,-4.0181498527526855,-0.018150078132748604,attack,no
4001,0,0,3.9278605978261515e-07,-14.750008583068848,-8.22540732769994e-06,attack,no
4002,0,0,7.194139839403463e-09,-18.750001907348633,-2.861018856492592e-06,attack,no
4003,0,0,0.008577487266965358,-4.758614540100098,-0.008614758029580116,attack,no
4004,0,0,8.764247451307293e-08,-16.250001907348633,-1.9073468138230965e-06,attack,no
4005,0,0,4.5397852414783676e-05,-10.000048637390137,-4.827859811484814e-05,attack,no
4006,0,0,1.8553919030270097e-07,-15.500007629394531,-8.106198947643861e-06,attack,no
4007,0,0,1.0129995810463632e-05,-11.500011444091797,-1.1920858014491387e-05,attack,no
4008,0,0,1.1253521571574156e-07,-16.000001907348633,-2.3841830625315197e-06,attack,no
4009,0,1,0.7772998560157665,-0.25193145871162415,-1.5019314289093018,attack,yes
4010,0,0,6.14417753171671e-06,-12.000008583068848,-9.059865078597795e-06,attack,no
4011,0,0,5.043472278299047e-07,-14.500003814697266,-3.4570634852570947e-06,attack,no
4012,0,0,5.6027957382316866e-09,-19.000001907348633,-1.7881377516459906e-06,attack,no
4013,0,0,8.764247451307293e-08,-16.250001907348633,-1.9073468138230965e-06,attack,no
4014,0,0,5.6027957382316866e-09,-19.000001907348633,-1.7881377516459906e-06,attack,no
4015,0,0,4.363461713731754e-09,-19.250001907348633,-1.7881377516459906e-06,attack,no
4016,0,0,1.3709575337159875e-06,-13.500001907348633,-2.145764938177308e-06,attack,no
4017,0,0,7.889266347133978e-06,-11.750015258789062,-1.5735502529423684e-05,attack,no
4018,0,0,1.5229977697181206e-08,-18.000001907348633,-1.7881377516459906e-06,attack,no
4019,0,0,6.4759464380553e-07,-14.250001907348633,-1.6689286894688848e-06,attack,no
4020,0,0,3.224185095439773e-08,-17.250017166137695,-1.6689160474925302e-05,attack,no
4021,0,1,0.9399133464597458,-0.06196862459182739,-2.8119685649871826,attack,yes
4022,0,0,1.9555699354962477e-08,-17.750003814697266,-4.768360213347478e-06,attack,no
4023,0,0,1.8553903548267172e-07,-15.500001907348633,-1.5497195136049413e-06,attack,no
4024,0,0,7.194139839351118e-09,-18.750003814697266,-4.768360213347478e-06,attack,no
4025,0,0,9.237453981399283e-09,-18.5,-4.768370445162873e-07,attack,no
4026,0,0,7.889265407177056e-06,-11.75001049041748,-1.0847986231965479e-05,attack,no
4027,0,0,3.5356263363171466e-05,-10.250035285949707,-3.564294092939235e-05,attack,no
4028,0,0,2.061154600985703e-09,-20.0000057220459,-6.198863957251888e-06,attack,no
4029,0,0,2.5109996912840604e-08,-17.50000762939453,-7.867782187531702e-06,attack,no
4030,0,0,1.8553914607043678e-07,-15.500004768371582,-5.006777428206988e-06,attack,no
4031,0,0,2.646574262815324e-09,-19.75000762939453,-7.867782187531702e-06,attack,no
4032,0,0,3.9278620024561e-07,-14.75001049041748,-1.0490362910786644e-05,attack,no
4033,0,0,3.927862939142783e-07,-14.750000953674316,-1.1920922133867862e-06,attack,no
4034,0,0,3.0590215392110167e-07,-15.000021934509277,-2.169585604860913e-05,attack,no
4035,0,0,4.599058117554383e-10,-21.500009536743164,-1.0132738680113107e-05,attack,no
4036,0,0,9.237451778734317e-09,-18.50000762939453,-7.867782187531702e-06,attack,no
4037,0,0,2.382368247924618e-07,-15.25000286102295,-2.50339189733495e-06,attack,no
4038,0,0,1.1861124252495773e-08,-18.250001907348633,-2.264974000354414e-06,attack,no
4039,0,0,8.764240137829087e-08,-16.250003814697266,-2.9802276912960224e-06,attack,no
4040,0,0,3.3982694283026877e-09,-19.5000057220459,-6.198863957251888e-06,attack,no
4041,0,0,0.00012339454562592273,-9.000123977661133,-0.00012373158824630082,attack,no
4042,0,0,7.1941295471331265e-09,-18.750017166137695,-1.6689160474925302e-05,attack,no
4043,0,0,1.9555699354962477e-08,-17.750003814697266,-4.768360213347478e-06,attack,no
4044,0,0,1.1861118596621165e-08,-18.250003814697266,-3.6954811548639555e-06,attack,no
4045,0,0,1.1253516205489029e-07,-16.000001907348633,-1.9073468138230965e-06,attack,no
4046,0,0,1.5229974064808095e-08,-18.00001335144043,-1.2993727978027891e-05,attack,no
4047,0,0,2.0611533724675004e-09,-20.000003814697266,-3.6954811548639555e-06,attack,no
4048,0,0,4.785096206102278e-06,-12.250004768371582,-5.125986263010418e-06,attack,no
4049,0,0,4.1399355733145916e-08,-17.000001907348633,-1.4305104514278355e-06,attack,no
4050,0,0,3.53562462214972e-05,-10.250131607055664,-0.00013147920253686607,attack,no
4051,0,0,4.363460153239007e-09,-19.250001907348633,-1.4305104514278355e-06,attack,no
4052,0,0,2.6465752092512482e-09,-19.750009536743164,-1.0132738680113107e-05,attack,no
4053,0,0,7.194139839403463e-09,-18.750001907348633,-2.861018856492592e-06,attack,no
4054,0,0,8.315281267581578e-07,-14.000008583068848,-8.702239938429557e-06,attack,no
4055,0,0,0.22270012850745968,-1.501929759979248,-0.25192970037460327,attack,no
4056,0,0,2.3823693839325525e-07,-15.250000953674316,-1.0728830375228426e-06,attack,no
4057,0,0,1.1861127079834025e-08,-18.250009536743164,-1.0132738680113107e-05,attack,no
4058,0,0,6.475948753891781e-07,-14.250006675720215,-6.794906312279636e-06,attack,no
4059,0,0,4.363458590018446e-09,-19.250036239624023,-3.540453326422721e-05,attack,no
4060,0,0,3.3982698332998195e-09,-19.500009536743164,-1.0132738680113107e-05,attack,no
4061,0,0,3.726637951406114e-06,-12.500004768371582,-4.410734163684538e-06,attack,no
4062,0,0,4.3634663952098696e-09,-19.250001907348633,-2.861018856492592e-06,attack,no
4063,0,0,2.260323758977908e-06,-13.000004768371582,-4.529942543740617e-06,attack,no
4064,0,0,5.8291265559354625e-05,-9.750059127807617,-5.9126061387360096e-05,attack,no
4065,0,0,7.194135551374727e-09,-18.750001907348633,-2.264974000354414e-06,attack,no
4066,0,0,0.000552778749766613,-7.500553607940674,-0.0005538121913559735,attack,no
4067,0,0,2.5109981944773573e-08,-17.50001335144043,-1.2993727978027891e-05,attack,no
4068,0,0,1.06770248817616e-06,-13.750007629394531,-7.271740287251305e-06,attack,no
4069,0,0,5.043472278322555e-07,-14.500001907348633,-1.5497195136049413e-06,attack,no
4070,0,0,4.3634601526323156e-09,-19.250017166137695,-1.6689160474925302e-05,attack,no
4071,0,0,5.315780535951295e-08,-16.7500057220459,-4.887569048150908e-06,attack,no
4072,0,0,1.1253516205427619e-07,-16.000003814697266,-3.814689989667386e-06,attack,no
4073,0,0,1.1253521571389925e-07,-16.0000057220459,-6.198863957251888e-06,attack,no
4074,0,0,1.9555690029929595e-08,-17.7500057220459,-6.198863957251888e-06,attack,no
4075,0,0,3.3982674028363726e-09,-19.500001907348633,-1.7881377516459906e-06,attack,no
4076,0,0,0.001169510298508978,-6.751171588897705,-0.0011716175358742476,attack,no
4077,0,0,5.043474081902135e-07,-14.500006675720215,-6.6756979322235566e-06,attack,no
4078,0,0,1.6052288180107596e-09,-20.2500057220459,-6.198863957251888e-06,attack,no
4079,0,0,0.00012339458974442745,-9.000123977661133,-0.00012408917245920748,attack,no
4080,0,0,4.785096206047877e-06,-12.250006675720215,-7.033323527139146e-06,attack,no
4081,0,0,9.610242643449185e-05,-9.250103950500488,-0.00010406429646536708,attack,no
4082,0,0,5.602798409848411e-09,-19.000001907348633,-2.264974000354414e-06,attack,no
4083,0,0,9.237457284968723e-09,-18.5,-8.344646857949556e-07,attack,no
4084,0,0,9.237453981223904e-09,-18.5000057220459,-6.198863957251888e-06,attack,no
4085,0,0,9.237451778734317e-09,-18.50000762939453,-7.867782187531702e-06,attack,no
4086,0,0,2.5110002900304572e-08,-17.5,-4.768370445162873e-07,attack,no
4087,0,1,0.9914225158851491,-0.008616294711828232,-4.7586164474487305,attack,yes
4088,0,0,0.2689414096510108,-1.313262939453125,-0.3132628798484802,attack,no
4089,0,1,0.9999646437492815,-3.6238969187252223e-05,-10.250036239624023,attack,yes
4090,0,0,0.22270014398423357,-1.501929759979248,-0.25192978978157043,attack,no
4091,0,0,1.1253524254059873e-07,-16.000009536743164,-1.0251946150674485e-05,attack,no
4092,0,0,1.8553919030270097e-07,-15.500007629394531,-8.106198947643861e-06,attack,no
4093,0,0,5.8291251627669494e-05,-9.750068664550781,-6.842378934379667e-05,attack,no
4094,0,0,1.5229977697101562e-08,-18.000003814697266,-3.6954811548639555e-06,attack,no
4095,0,0,1.522999403703421e-08,-18.000003814697266,-4.768360213347478e-06,attack,no
4096,0,0,9.237448475387384e-09,-18.500003814697266,-3.6954811548639555e-06,attack,no
4097,0,0,1.3007128465316716e-05,-11.25001335144043,-1.3351351299206726e-05,attack,no
4098,0,0,9.610238068291657e-05,-9.250097274780273,-9.691245941212401e-05,attack,no
4099,0,0,0.010986944077748277,-4.511048316955566,-0.011048450134694576,attack,no
4100,0,0,1.76034279361833e-06,-13.250005722045898,-5.483612312673358e-06,attack,no
4101,0,0,2.382368531929327e-07,-15.250001907348633,-1.6689286894688848e-06,attack,no
4102,0,0,2.511000589237424e-08,-17.500009536743164,-1.0132738680113107e-05,attack,no
4103,0,0,9.237455082120236e-09,-18.500009536743164,-1.0132738680113107e-05,attack,no
4104,0,0,1.3007130015677907e-05,-11.250014305114746,-1.4424220353248529e-05,attack,no
4105,0,0,9.736209588588104e-10,-20.750003814697266,-4.768360213347478e-06,attack,no
4106,0,0,8.315279285326831e-07,-14.000003814697266,-3.6954811548639555e-06,attack,no
4107,0,0,1.6052278612482156e-09,-20.250001907348633,-1.7881377516459906e-06,attack,no
4108,0,0,9.736203785443038e-10,-20.750001907348633,-2.264974000354414e-06,attack,no
4109,0,0,1.4449795205186074e-07,-15.750006675720215,-6.318072337307967e-06,attack,no
4110,0,0,5.602793734519342e-09,-19.000001907348633,-1.4305104514278355e-06,attack,no
4111,0,0,9.237445171872554e-09,-18.500001907348633,-1.4305104514278355e-06,attack,no
4112,0,0,9.237448475435691e-09,-18.500001907348633,-1.7881377516459906e-06,attack,no
4113,0,1,0.6791787121629466,-0.38687223196029663,-1.1368722915649414,attack,yes
4114,0,0,0.00033534999152133745,-8.000337600708008,-0.00033718624035827816,attack,no
4115,0,0,9.237452880186979e-09,-18.500001907348633,-2.264974000354414e-06,attack,no
4116,0,0,6.144176799227921e-06,-12.000009536743164,-9.894321920000948e-06,attack,no
4117,0,0,9.237455082120236e-09,-18.500009536743164,-1.0132738680113107e-05,attack,no
4118,0,0,0.0015011819885331775,-6.501504898071289,-0.0015047191409394145,attack,no
4119,0,0,2.5110014873406942e-08,-17.500003814697266,-4.768360213347478e-06,attack,no
4120,0,0,1.5229974064808095e-08,-18.00001335144043,-1.2993727978027891e-05,attack,no
4121,0,0,3.9278620024561e-07,-14.75001049041748,-1.0490362910786644e-05,attack,no
4122,0,0,2.3823685315902304e-07,-15.250017166137695,-1.6927575416048057e-05,attack,no
4123,0,0,1.4449795205186074e-07,-15.750006675720215,-6.318072337307967e-06,attack,no
4124,0,0,0.004070136796639212,-5.504079818725586,-0.004079591948539019,attack,no
4125,0,0,1.250153460919464e-09,-20.5000057220459,-6.198863957251888e-06,attack,no
4126,0,0,6.14417753171671e-06,-12.000008583068848,-9.059865078597795e-06,attack,no
4127,0,0,4.363465873411117e-09,-19.25002670288086,-2.753696753643453e-05,attack,no
4128,0,1,0.9820137909590904,-0.018152184784412384,-4.018152236938477,attack,yes
4129,0,0,1.605227861239821e-09,-20.250003814697266,-3.6954811548639555e-06,attack,no
4130,0,0,1.1253510839405181e-07,-16.000001907348633,-1.4305104514278355e-06,attack,no
4131,0,0,0.003172682303474009,-5.75317907333374,-0.0031789029017090797,attack,no
4132,0,0,0.01406362469297572,-4.264163970947266,-0.014163801446557045,attack,no
4133,0,0,7.194134693562525e-09,-18.75000762939453,-7.867782187531702e-06,attack,no
4134,0,0,7.1941321209133375e-09,-18.750003814697266,-3.6954811548639555e-06,attack,no
4135,0,0,1.9555687699034453e-08,-17.750001907348633,-2.264974000354414e-06,attack,no
4136,0,0,1.4449803818215767e-07,-15.750000953674316,-1.1920922133867862e-06,attack,no
4137,0,0,8.764247451259466e-08,-16.250003814697266,-3.814689989667386e-06,attack,no
4138,0,0,1.4449795203425045e-07,-15.750017166137695,-1.680836794548668e-05,attack,no
4139,0,0,5.602791730807078e-09,-19.000001907348633,-1.0728830375228426e-06,attack,no
4140,0,0,1.4449807263287805e-07,-15.750001907348633,-2.3841830625315197e-06,attack,no
4141,0,0,1.5229990406090843e-08,-18.0,-7.152555099310121e-07,attack,no
4142,0,0,1.9555673710116737e-08,-17.75001335144043,-1.2993727978027891e-05,attack,no
4143,0,1,0.999447221381889,-0.0005535738891921937,-7.500553607940674,attack,yes
4144,0,0,1.4449803818156628e-07,-15.75000286102295,-3.099436753473128e-06,attack,no
4145,0,0,0.0003353500715262566,-8.000336647033691,-0.0003364712174516171,attack,no
4146,0,0,6.475947981813674e-07,-14.250008583068848,-8.583032467868179e-06,attack,no
4147,0,0,5.043475885696228e-07,-14.500000953674316,-1.311301275563892e-06,attack,no
4148,0,0,3.2241877863540345e-08,-17.250001907348633,-2.264974000354414e-06,attack,no
4149,0,0,7.194135551374727e-09,-18.750001907348633,-2.264974000354414e-06,attack,no
4150,0,0,9.237455082120236e-09,-18.500009536743164,-1.0132738680113107e-05,attack,no
4151,0,0,0.017986211738656763,-4.018150329589844,-0.01815043017268181,attack,no
4152,0,0,1.8553903548267172e-07,-15.500001907348633,-1.5497195136049413e-06,attack,no
4153,0,0,1.4449802095504282e-07,-15.750004768371582,-4.887569048150908e-06,attack,no
4154,0,0,2.2603242978943234e-06,-13.00000286102295,-2.861018856492592e-06,attack,no
4155,0,0,3.7266406167488732e-06,-12.500009536743164,-9.894321920000948e-06,attack,no
4156,0,0,2.9023119851464256e-06,-12.750006675720215,-6.6756979322235566e-06,attack,no
4157,0,0,3.7266383956340114e-06,-12.500005722045898,-5.483612312673358e-06,attack,no
4158,0,0,5.602795738202386e-09,-19.000003814697266,-3.6954811548639555e-06,attack,no
4159,0,0,1.760343633025915e-06,-13.250003814697266,-4.0531076592742465e-06,attack,no
4160,0,0,1.760343633025915e-06,-13.250003814697266,-4.0531076592742465e-06,attack,no
4161,0,0,5.829124471187196e-05,-9.750060081481934,-5.972207145532593e-05,attack,no
4162,0,0,2.382368815932174e-07,-15.250000953674316,-8.344646857949556e-07,attack,no
4163,0,0,6.144173869603342e-06,-12.000007629394531,-7.510157047363464e-06,attack,no
4164,0,0,3.224186248944841e-08,-17.250001907348633,-1.7881377516459906e-06,attack,no
4165,0,0,1.1861122838202565e-08,-18.25000762939453,-7.867782187531702e-06,attack,no
4166,0,0,5.602801749327794e-09,-19.000003814697266,-4.768360213347478e-06,attack,no
4167,0,0,5.31578497181003e-08,-16.750003814697266,-3.814689989667386e-06,attack,no
4168,0,0,5.315786872752582e-08,-16.75000762939453,-7.986990567587782e-06,attack,no
4169,0,0,4.539786865090791e-05,-10.00004768371582,-4.768258077092469e-05,attack,no
4170,0,0,9.237448475435691e-09,-18.500001907348633,-1.7881377516459906e-06,attack,no
4171,0,0,2.7535700950274786e-05,-10.500028610229492,-2.8967437174287625e-05,attack,no
4172,0,0,4.3634617137089345e-09,-19.250003814697266,-3.6954811548639555e-06,attack,no
4173,0,0,5.6027957382316866e-09,-19.000001907348633,-1.7881377516459906e-06,attack,no
4174,0,0,3.9278615344267634e-07,-14.750001907348633,-1.7881377516459906e-06,attack,no
4175,0,0,1.522999403714502e-08,-18.000001907348633,-2.861018856492592e-06,attack,no
4176,0,0,1.8553905740850628e-07,-15.500045776367188,-4.5536911784438416e-05,attack,no
4177,0,0,7.889265407327734e-06,-11.750008583068848,-8.940656698541716e-06,attack,no
4178,0,0,0.0019267345193795422,-6.251929759979248,-0.0019296851241961122,attack,no
4179,0,0,2.9023116391978962e-06,-12.750004768371582,-4.6491513785440475e-06,attack,no
4180,0,0,4.1399390278197924e-08,-17.00000762939453,-7.986990567587782e-06,attack,no
4181,0,0,4.3634617137089345e-09,-19.250003814697266,-3.6954811548639555e-06,attack,no
4182,0,0,0.060086655854548844,-2.8119678497314453,-0.06196795031428337,attack,no
4183,0,0,9.610241505340356e-05,-9.250096321105957,-9.63164638960734e-05,attack,no
4184,0,0,0.00247262323588527,-6.002475738525391,-0.0024757706560194492,attack,no
4185,0,0,5.315780535989972e-08,-16.750003814697266,-2.9802276912960224e-06,attack,no
4186,0,0,1.9555678374073827e-08,-17.750003814697266,-3.6954811548639555e-06,attack,no
4187,0,0,3.224189708091632e-08,-17.250003814697266,-4.768360213347478e-06,attack,no
4188,0,0,1.522999403714502e-08,-18.000001907348633,-2.861018856492592e-06,attack,no
4189,0,0,1.1253506814715717e-07,-16.0000057220459,-4.887569048150908e-06,attack,no
4190,0,0,8.315282259117513e-07,-14.00000286102295,-3.099436753473128e-06,attack,no
4191,0,0,1.0129995810463632e-05,-11.500011444091797,-1.1920858014491387e-05,attack,no
4192,0,0,1.0677028700320083e-06,-13.750004768371582,-4.768360213347478e-06,attack,no
4193,0,0,2.511000589237424e-08,-17.500009536743164,-1.0132738680113107e-05,attack,no
4194,0,0,7.194130398314994e-09,-18.750045776367188,-4.541770613286644e-05,attack,no
4195,0,0,9.237453981223904e-09,-18.5000057220459,-6.198863957251888e-06,attack,no
4196,0,0,1.1861131322173594e-08,-18.250003814697266,-4.768360213347478e-06,attack,no
4197,0,0,0.0005527786179824405,-7.500554084777832,-0.0005540504935197532,attack,no
4198,0,0,1.012999581057419e-05,-11.50001049041748,-1.0967194612021558e-05,attack,no
4199,0,0,0.003172683440404803,-5.753178119659424,-0.003178308717906475,attack,no
4200,0,0,4.363463274099553e-09,-19.25000762939453,-7.867782187531702e-06,attack,no
4201,0,0,6.1441767993788e-06,-12.000006675720215,-7.033323527139146e-06,attack,no
4202,0,0,0.002472623526470443,-6.002476215362549,-0.0024763653054833412,attack,no
4203,0,0,5.602798409848411e-09,-19.000001907348633,-2.264974000354414e-06,attack,no
4204,0,0,3.398267402818601e-09,-19.500003814697266,-3.6954811548639555e-06,attack,no
4205,0,0,4.139939027941222e-08,-17.000001907348633,-2.264974000354414e-06,attack,no
4206,0,0,3.224183942818497e-08,-17.250003814697266,-2.9802276912960224e-06,attack,no
4207,0,0,2.5109996912840604e-08,-17.50000762939453,-7.867782187531702e-06,attack,no
4208,0,0,5.602801749327794e-09,-19.000003814697266,-4.768360213347478e-06,attack,no
4209,0,0,3.224189708091632e-08,-17.250003814697266,-4.768360213347478e-06,attack,no
4210,0,0,1.522999403714502e-08,-18.000001907348633,-2.861018856492592e-06,attack,no
4211,0,0,5.6028017493685595e-09,-19.000001907348633,-2.861018856492592e-06,attack,no
4212,0,0,0.0031726830457189372,-5.753180027008057,-0.003180091269314289,attack,no
4213,0,0,1.0129990980100021e-05,-11.500012397766113,-1.2397689715726301e-05,attack,no
4214,0,0,1.3709575337159875e-06,-13.500001907348633,-2.145764938177308e-06,attack,no
4215,0,0,1.9555690029929595e-08,-17.7500057220459,-6.198863957251888e-06,attack,no
4216,0,0,0.00669284962716882,-5.006716728210449,-0.006716533098369837,attack,no
4217,0,0,0.010986940232161724,-4.511048316955566,-0.011048096232116222,attack,no
4218,0,0,1.9555694692738946e-08,-17.75,-7.152555099310121e-07,attack,no
4219,0,0,0.02931223191730985,-3.5297513008117676,-0.02975134178996086,attack,no
4220,0,0,1.9555687699034453e-08,-17.750001907348633,-2.264974000354414e-06,attack,no
4221,0,0,5.602797741783595e-09,-19.00000762939453,-7.867782187531702e-06,attack,no
4222,0,0,4.363460153239007e-09,-19.250001907348633,-1.4305104514278355e-06,attack,no
4223,0,0,1.1861118596683194e-08,-18.250001907348633,-1.7881377516459906e-06,attack,no
4224,0,0,3.9278610661822475e-07,-14.75000286102295,-2.622600959512056e-06,attack,no
4225,0,0,1.605227861239821e-09,-20.250003814697266,-3.6954811548639555e-06,attack,no
4226,0,0,4.363461713731754e-09,-19.250001907348633,-1.7881377516459906e-06,attack,no
4227,0,0,3.224185479971474e-08,-17.25001335144043,-1.2993727978027891e-05,attack,no
4228,0,0,2.0611541095438413e-09,-20.00000762939453,-7.867782187531702e-06,attack,no
4229,0,0,2.5109978950037637e-08,-17.500017166137695,-1.6689160474925302e-05,attack,no
4230,0,0,0.006692852029465064,-5.006715774536133,-0.006715940777212381,attack,no
4231,0,0,6.475949525057053e-07,-14.250017166137695,-1.7404405298293568e-05,attack,no
4232,0,0,1.3007128465316716e-05,-11.25001335144043,-1.3351351299206726e-05,attack,no
4233,0,0,9.237452880186979e-09,-18.500001907348633,-2.264974000354414e-06,attack,no
4234,0,0,1.5229974064808095e-08,-18.00001335144043,-1.2993727978027891e-05,attack,no
4235,0,0,3.059021175162223e-07,-15.000008583068848,-8.22540732769994e-06,attack,no
4236,0,0,5.315780536011124e-08,-16.750001907348633,-1.0728830375228426e-06,attack,no
4237,0,0,0.0002034269495804164,-8.500204086303711,-0.00020394629973452538,attack,no
4238,0,0,1.5229977697101562e-08,-18.000003814697266,-3.6954811548639555e-06,attack,no
4239,0,0,2.646572369917712e-09,-19.750001907348633,-1.4305104514278355e-06,attack,no
4240,0,0,6.475951070002967e-07,-14.250001907348633,-2.3841830625315197e-06,attack,no
4241,0,0,1.1253516205427619e-07,-16.000003814697266,-3.814689989667386e-06,attack,no
4242,0,0,0.0004305570920088368,-7.750434398651123,-0.00043442347669042647,attack,no
4243,0,0,0.014063629587219217,-4.264163970947266,-0.014164154417812824,attack,no
4244,0,0,0.0024726229395573424,-6.002476215362549,-0.002476127352565527,attack,no
4245,0,0,1.5229966803871924e-08,-18.000001907348633,-1.0728830375228426e-06,attack,no
4246,0,0,5.602799076473766e-09,-19.00002098083496,-2.1457441107486375e-05,attack,no
4247,0,0,2.0611550829346585e-09,-20.00009536743164,-9.60780744208023e-05,attack,no
4248,0,0,7.19413212095096e-09,-18.750001907348633,-1.7881377516459906e-06,attack,no
4249,0,0,3.2241877863540345e-08,-17.250001907348633,-2.264974000354414e-06,attack,no
4250,0,0,1.4449800373118265e-07,-15.750000953674316,-9.536738616588991e-07,attack,no
4251,0,0,3.2241839428313264e-08,-17.250001907348633,-1.0728830375228426e-06,attack,no
4252,0,0,0.11920293140927592,-2.1269314289093018,-0.12693151831626892,attack,no
4253,0,0,1.1861129908347455e-08,-18.25,-8.344646857949556e-07,attack,no
4254,0,0,8.764243272196781e-08,-16.250001907348633,-1.4305104514278355e-06,attack,no
4255,0,0,1.5229977697101562e-08,-18.000003814697266,-3.6954811548639555e-06,attack,no
4256,0,0,3.0590215399246414e-07,-15.000001907348633,-1.6689286894688848e-06,attack,no
4257,0,0,0.029312228843432455,-3.5297510623931885,-0.029750995337963104,attack,no
4258,0,0,1.5229977697101562e-08,-18.000003814697266,-3.6954811548639555e-06,attack,no
4259,0,0,1.1861114354824179e-08,-18.250001907348633,-1.4305104514278355e-06,attack,no
4260,0,0,2.2603240280455074e-06,-13.000019073486328,-1.8954096958623268e-05,attack,no
4261,0,0,1.8553910183649562e-07,-15.500001907348633,-1.9073468138230965e-06,attack,no
4262,0,0,1.7603434231097405e-06,-13.250009536743164,-9.65590606938349e-06,attack,no
4263,0,0,0.07585817584273653,-2.578890800476074,-0.07889074087142944,attack,no
4264,0,0,1.855390354791913e-07,-15.500006675720215,-6.318072337307967e-06,attack,no
4265,0,0,0.000911051140783019,-7.000912666320801,-0.0009126074146479368,attack,no
4266,0,0,3.7266383956509585e-06,-12.500004768371582,-4.529942543740617e-06,attack,no
4267,0,0,0.004070137766861096,-5.504079341888428,-0.004079354461282492,attack,no
4268,0,0,8.764240137765318e-08,-16.2500057220459,-4.887569048150908e-06,attack,no
4269,0,0,6.825597214691097e-08,-16.500003814697266,-2.9802276912960224e-06,attack,no
4270,0,0,6.1441767993788e-06,-12.000006675720215,-7.033323527139146e-06,attack,no
4271,0,0,4.363461713731754e-09,-19.250001907348633,-1.7881377516459906e-06,attack,no
4272,0,0,6.825605351255104e-08,-16.50000762939453,-7.986990567587782e-06,attack,no
4273,0,1,0.9999962733607158,-4.768360213347478e-06,-12.500004768371582,attack,yes
4274,0,0,7.194139839403463e-09,-18.750001907348633,-2.861018856492592e-06,attack,no
4275,0,0,8.315279285326831e-07,-14.000003814697266,-3.6954811548639555e-06,attack,no
4276,0,0,1.9555690025785503e-08,-17.75002098083496,-2.1457441107486375e-05,attack,no
4277,0,0,1.370957860567974e-06,-13.500003814697266,-4.291525328881107e-06,attack,no
4278,0,0,1.2501536099095834e-09,-20.500009536743164,-1.0132738680113107e-05,attack,no
4279,0,0,6.825606163571142e-08,-16.50002098083496,-2.1457441107486375e-05,attack,no
4280,0,0,1.0677028700397769e-06,-13.75000286102295,-2.861018856492592e-06,attack,no
4281,0,0,3.059022998581767e-07,-15.000000953674316,-1.1920922133867862e-06,attack,no
4282,0,0,0.0031726830501370624,-5.753179550170898,-0.003179615829139948,attack,no
4283,0,0,3.224186633279476e-08,-17.250003814697266,-3.814689989667386e-06,attack,no
4284,0,1,0.817574471748733,-0.20141509175300598,-1.7014150619506836,attack,yes
4285,0,0,1.1253526937697666e-07,-16.0,-9.536738616588991e-07,attack,no
4286,0,0,1.5229986774691235e-08,-18.0000057220459,-6.198863957251888e-06,attack,no
4287,0,0,0.4378234991142019,-0.8259411454200745,-0.5759411454200745,attack,no
4288,0,0,0.32082130082460697,-1.1368718147277832,-0.3868718147277832,attack,no
4289,0,0,5.31578497181003e-08,-16.750003814697266,-3.814689989667386e-06,attack,no
4290,0,0,4.1399390278197924e-08,-17.00000762939453,-7.986990567587782e-06,attack,no
4291,0,0,6.825602096760253e-08,-16.500001907348633,-1.7881377516459906e-06,attack,no
4292,0,0,5.315780535989972e-08,-16.750003814697266,-2.9802276912960224e-06,attack,no
4293,0,0,8.315278290783187e-07,-14.000028610229492,-2.8371408916427754e-05,attack,no
4294,0,0,1.5229977697181206e-08,-18.000001907348633,-1.7881377516459906e-06,attack,no
4295,0,0,5.3157881400334906e-08,-16.750009536743164,-1.0132738680113107e-05,attack,no
4296,0,1,0.9994472213820177,-0.0005540504935197532,-7.500554084777832,attack,yes
4297,0,0,6.475950298021765e-07,-14.250000953674316,-1.311301275563892e-06,attack,no
4298,0,0,5.315786872752582e-08,-16.75000762939453,-7.986990567587782e-06,attack,no
4299,0,0,1.1253526937697666e-07,-16.0,-9.536738616588991e-07,attack,no
4300,0,0,2.061152880890023e-09,-20.00001335144043,-1.2993727978027891e-05,attack,no
4301,0,0,2.9023119851464256e-06,-12.750006675720215,-6.6756979322235566e-06,attack,no
4302,0,0,4.3634663952098696e-09,-19.250001907348633,-2.861018856492592e-06,attack,no
4303,0,0,0.00026119024781098133,-8.250263214111328,-0.00026294111739844084,attack,no
4304,0,0,2.0611526350671165e-09,-20.000017166137695,-1.6689160474925302e-05,attack,no
4305,0,0,2.646575209385592e-09,-19.75,-5.960462772236497e-07,attack,no
4306,0,0,2.9023133691112136e-06,-12.750003814697266,-4.291525328881107e-06,attack,no
4307,0,0,3.059021904591466e-07,-15.000000953674316,-8.344646857949556e-07,attack,no
4308,0,0,1.370957860567974e-06,-13.500003814697266,-4.291525328881107e-06,attack,no
4309,0,0,4.599054828255724e-10,-21.500003814697266,-3.6954811548639555e-06,attack,no
4310,0,0,9.610244932322232e-05,-9.250105857849121,-0.0001062098381225951,attack,no
4311,0,1,0.7772998508568416,-0.2519305348396301,-1.5019304752349854,attack,yes
4312,0,0,0.00020342692529945307,-8.500205039978027,-0.0002047805901383981,attack,no
4313,0,0,5.602801749327794e-09,-19.000003814697266,-4.768360213347478e-06,attack,no
4314,0,0,3.224186633279476e-08,-17.250003814697266,-3.814689989667386e-06,attack,no
4315,0,0,1.2501536099095834e-09,-20.500009536743164,-1.0132738680113107e-05,attack,no
4316,0,0,8.315278294038927e-07,-14.000004768371582,-4.529942543740617e-06,attack,no
4317,0,0,2.0611533724675004e-09,-20.000003814697266,-3.6954811548639555e-06,attack,no
4318,0,0,0.00020342692529945307,-8.500205039978027,-0.0002047805901383981,attack,no
4319,0,1,0.7310585786300049,-0.31326305866241455,-1.3132630586624146,attack,yes
4320,0,0,3.2241881699704196e-08,-17.25002098083496,-2.1457441107486375e-05,attack,no
4321,0,0,8.764241182641775e-08,-16.250001907348633,-1.1920922133867862e-06,attack,no
4322,0,0,3.726637951406114e-06,-12.500004768371582,-4.410734163684538e-06,attack,no
4323,0,0,1.7603432133352811e-06,-13.25000286102295,-2.861018856492592e-06,attack,no
4324,0,0,1.2501533119103175e-09,-20.500001907348633,-2.264974000354414e-06,attack,no
4325,0,0,0.01798621394291383,-4.0181498527526855,-0.018150078132748604,attack,no
4326,0,0,5.043474082005343e-07,-14.500001907348633,-1.9073468138230965e-06,attack,no
4327,0,0,9.237448475387384e-09,-18.500003814697266,-3.6954811548639555e-06,attack,no
4328,0,0,9.237446272290006e-09,-18.50001335144043,-1.2993727978027891e-05,attack,no
4329,0,0,7.484625405571629e-05,-9.500076293945312,-7.664863369427621e-05,attack,no
4330,0,0,5.602793733740335e-09,-19.000017166137695,-1.6689160474925302e-05,attack,no
4331,0,0,3.3982661870509066e-09,-19.500017166137695,-1.6689160474925302e-05,attack,no
4332,0,0,3.5356267576531534e-05,-10.250036239624023,-3.671578815556131e-05,attack,no
4333,0,0,2.9023116391978962e-06,-12.750004768371582,-4.6491513785440475e-06,attack,no
4334,0,0,1.6701417863832937e-05,-11.000017166137695,-1.6927575416048057e-05,attack,no
4335,0,0,1.760343633025915e-06,-13.250003814697266,-4.0531076592742465e-06,attack,no
4336,0,0,9.237445171872554e-09,-18.500001907348633,-1.4305104514278355e-06,attack,no
4337,0,0,1.6052295834677782e-09,-20.250001907348633,-2.861018856492592e-06,attack,no
4338,0,0,3.224186633279476e-08,-17.250003814697266,-3.814689989667386e-06,attack,no
4339,0,0,8.315284241665079e-07,-14.000000953674316,-1.4305104514278355e-06,attack,no
4340,0,0,3.726639284103522e-06,-12.500006675720215,-6.6756979322235566e-06,attack,no
4341,0,0,3.927862939142783e-07,-14.750000953674316,-1.1920922133867862e-06,attack,no
4342,0,0,5.602797741783595e-09,-19.00000762939453,-7.867782187531702e-06,attack,no
4343,0,0,3.059023363231725e-07,-15.00000286102295,-3.2186455882765586e-06,attack,no
4344,0,0,1.444979692677638e-07,-15.75001335144043,-1.3112935448589269e-05,attack,no
4345,0,0,1.5229972250526457e-08,-18.000001907348633,-1.4305104514278355e-06,attack,no
4346,0,0,9.237458386057632e-09,-18.500003814697266,-4.768360213347478e-06,attack,no
4347,0,0,1.1861127079834025e-08,-18.250009536743164,-1.0132738680113107e-05,attack,no
4348,0,0,0.005220126854256756,-5.255234241485596,-0.005234465003013611,attack,no
4349,0,0,3.224189708091632e-08,-17.250003814697266,-4.768360213347478e-06,attack,no
4350,0,0,3.9278620024561e-07,-14.75001049041748,-1.0490362910786644e-05,attack,no
4351,0,0,3.535625071859259e-05,-10.250036239624023,-3.6238969187252223e-05,attack,no
4352,0,0,3.059022269089317e-07,-15.00001049041748,-1.0490362910786644e-05,attack,no
4353,0,0,4.139937053868778e-08,-17.000001907348633,-1.7881377516459906e-06,attack,no
4354,0,0,0.37754067580180184,-0.9740794897079468,-0.47407951951026917,attack,no
4355,0,0,1.1861127079834025e-08,-18.250009536743164,-1.0132738680113107e-05,attack,no
4356,0,0,2.9023123311425104e-06,-12.750005722045898,-5.8412379075889476e-06,attack,no
4357,0,0,1.522999403714502e-08,-18.000001907348633,-2.861018856492592e-06,attack,no
4358,0,0,3.2241877863540345e-08,-17.250001907348633,-2.264974000354414e-06,attack,no
4359,0,0,0.0002611904346636726,-8.250261306762695,-0.00026174934464506805,attack,no
4360,0,0,2.061152880890023e-09,-20.00001335144043,-1.2993727978027891e-05,attack,no
4361,0,1,0.9046505312448597,-0.10020928084850311,-2.3502092361450195,attack,yes
4362,0,0,3.3982694283026877e-09,-19.5000057220459,-6.198863957251888e-06,attack,no
4363,0,0,7.484621836619827e-05,-9.500077247619629,-7.712543447269127e-05,attack,no
4364,0,0,4.3634601526323156e-09,-19.250017166137695,-1.6689160474925302e-05,attack,no
4365,0,0,1.1861118596621165e-08,-18.250003814697266,-3.6954811548639555e-06,attack,no
4366,0,0,4.139939521391704e-08,-17.0000057220459,-6.198863957251888e-06,attack,no
4367,0,0,1.1861131322173594e-08,-18.250003814697266,-4.768360213347478e-06,attack,no
4368,0,0,0.09534945847239201,-2.3502070903778076,-0.10020701587200165,attack,no
4369,0,0,3.535625071473396e-05,-10.250039100646973,-3.909988299710676e-05,attack,no
4370,0,0,7.484625405571629e-05,-9.500076293945312,-7.664863369427621e-05,attack,no
4371,0,0,0.008577485223634738,-4.758615016937256,-0.008614994585514069,attack,no
4372,0,0,1.1861118596621165e-08,-18.250003814697266,-3.6954811548639555e-06,attack,no
4373,0,0,1.067702997315865e-06,-13.750003814697266,-3.933898824470816e-06,attack,no
4374,0,0,4.363464314481978e-09,-19.2500057220459,-6.198863957251888e-06,attack,no
4375,0,0,5.315780535989972e-08,-16.750003814697266,-2.9802276912960224e-06,attack,no
4376,0,0,6.144173869603342e-06,-12.000007629394531,-7.510157047363464e-06,attack,no
4377,0,0,4.3634617137089345e-09,-19.250003814697266,-3.6954811548639555e-06,attack,no
4378,0,0,3.9278620024561e-07,-14.75001049041748,-1.0490362910786644e-05,attack,no
4379,0,0,5.6028017493685595e-09,-19.000001907348633,-2.861018856492592e-06,attack,no
4380,0,0,0.0066928504568277356,-5.006715774536133,-0.006715704221278429,attack,no
4381,0,0,4.363463794388956e-09,-19.250001907348633,-2.264974000354414e-06,attack,no
4382,0,0,1.5229977697101562e-08,-18.000003814697266,-3.6954811548639555e-06,attack,no
4383,0,0,0.001169510438306388,-6.751171112060547,-0.0011712603736668825,attack,no
4384,0,0,1.3007134667259438e-05,-11.250014305114746,-1.4781842764932662e-05,attack,no
4385,0,0,1.1861118596621165e-08,-18.250003814697266,-3.6954811548639555e-06,attack,no
4386,0,0,4.3634643135573065e-09,-19.25002098083496,-2.1457441107486375e-05,attack,no
4387,0,0,7.19413212095096e-09,-18.750001907348633,-1.7881377516459906e-06,attack,no
4388,0,0,3.0590215399183813e-07,-15.00000286102295,-2.622600959512056e-06,attack,no
4389,0,0,6.1441731372099895e-06,-12.000006675720215,-6.437280717364047e-06,attack,no
4390,0,0,1.0129990980321136e-05,-11.50001049041748,-1.0490362910786644e-05,attack,no
4391,0,0,4.363463274099553e-09,-19.25000762939453,-7.867782187531702e-06,attack,no
4392,0,0,4.139934092743993e-08,-17.000003814697266,-2.9802276912960224e-06,attack,no
4393,0,0,0.0002034270707810604,-8.500204086303711,-0.00020454221521504223,attack,no
4394,0,0,1.8553919030875476e-07,-15.5,-4.768370445162873e-07,attack,no
4395,0,0,1.186112566625516e-08,-18.2500057220459,-6.198863957251888e-06,attack,no
4396,0,0,1.8553907971879078e-07,-15.500000953674316,-8.344646857949556e-07,attack,no
4397,0,0,6.475945666009862e-07,-14.250004768371582,-4.410734163684538e-06,attack,no
4398,0,0,3.535625914749675e-05,-10.250036239624023,-3.6477376852417365e-05,attack,no
4399,0,0,6.144175333524163e-06,-12.000019073486328,-1.9192511899746023e-05,attack,no
4400,0,0,1.1861114354824179e-08,-18.250001907348633,-1.4305104514278355e-06,attack,no
4401,0,0,5.043476486860921e-07,-14.500004768371582,-5.245195097813848e-06,attack,no
4402,0,0,1.3007123813193231e-05,-11.250016212463379,-1.585470999998506e-05,attack,no
4403,0,0,0.4378234991142019,-0.8259416818618774,-0.5759416818618774,attack,no
4404,0,0,1.9555685367259194e-08,-17.75000762939453,-7.867782187531702e-06,attack,no
4405,0,0,6.825606165129312e-08,-16.500001907348633,-2.3841830625315197e-06,attack,no
4406,0,1,0.9914225138101391,-0.008615585044026375,-4.758615493774414,attack,yes
4407,0,0,2.646574893839164e-09,-19.7500057220459,-6.198863957251888e-06,attack,no
4408,0,0,4.3634601526323156e-09,-19.250017166137695,-1.6689160474925302e-05,attack,no
4409,0,0,7.194138981822211e-09,-18.75,-8.344646857949556e-07,attack,no
4410,0,0,3.3982710487504767e-09,-19.500003814697266,-4.768360213347478e-06,attack,no
4411,0,0,2.260324836787226e-06,-13.000003814697266,-4.0531076592742465e-06,attack,no
4412,0,0,3.7266406168996985e-06,-12.500003814697266,-4.172316494077677e-06,attack,no
4413,0,0,5.602795738202386e-09,-19.000003814697266,-3.6954811548639555e-06,attack,no
4414,0,0,4.539786324360012e-05,-10.000045776367188,-4.565611743601039e-05,attack,no
4415,0,0,3.2241877863540345e-08,-17.250001907348633,-2.264974000354414e-06,attack,no
4416,0,0,2.511000289982784e-08,-17.5000057220459,-6.198863957251888e-06,attack,no
4417,0,0,1.0129990980100021e-05,-11.500012397766113,-1.2397689715726301e-05,attack,no
4418,0,0,2.646574262815324e-09,-19.75000762939453,-7.867782187531702e-06,attack,no
4419,0,0,1.6052295834677782e-09,-20.250001907348633,-2.861018856492592e-06,attack,no
4420,0,0,2.511001187084526e-08,-17.50002670288086,-2.753696753643453e-05,attack,no
4421,0,0,1.4449807263287805e-07,-15.750001907348633,-2.3841830625315197e-06,attack,no
4422,0,0,3.535625493053631e-05,-10.250038146972656,-3.8265450712060556e-05,attack,no
4423,0,0,9.736192172922706e-10,-20.750036239624023,-3.540453326422721e-05,attack,no
4424,0,0,5.6027957382316866e-09,-19.000001907348633,-1.7881377516459906e-06,attack,no
4425,0,0,4.363464314481978e-09,-19.2500057220459,-6.198863957251888e-06,attack,no
4426,0,0,9.237457284968723e-09,-18.5,-8.344646857949556e-07,attack,no
4427,0,0,1.9555690029929595e-08,-17.7500057220459,-6.198863957251888e-06,attack,no
4428,0,0,9.237453981223904e-09,-18.5000057220459,-6.198863957251888e-06,attack,no
4429,0,0,6.825605351255104e-08,-16.50000762939453,-7.986990567587782e-06,attack,no
4430,0,0,1.3709568799879344e-06,-13.500003814697266,-3.576272320060525e-06,attack,no
4431,0,0,1.1861124252495773e-08,-18.250001907348633,-2.264974000354414e-06,attack,no
4432,0,0,2.2603242976404388e-06,-13.000015258789062,-1.5258672647178173e-05,attack,no
4433,0,0,7.194139839351118e-09,-18.750003814697266,-4.768360213347478e-06,attack,no
4434,0,0,7.1941364088631495e-09,-18.7500057220459,-6.198863957251888e-06,attack,no
4435,0,0,4.1399375473642086e-08,-17.000003814697266,-3.814689989667386e-06,attack,no
4436,0,0,7.1941364088631495e-09,-18.7500057220459,-6.198863957251888e-06,attack,no
4437,0,0,2.260323489435463e-06,-13.00001049041748,-1.0132738680113107e-05,attack,no
4438,0,0,3.3982690232538343e-09,-19.500001907348633,-2.264974000354414e-06,attack,no
4439,0,0,1.2501527157855073e-09,-20.500003814697266,-3.6954811548639555e-06,attack,no
4440,0,0,1.012998977165727e-05,-11.500018119812012,-1.8000440832111053e-05,attack,no
4441,0,0,1.955566438681241e-08,-17.750003814697266,-2.9802276912960224e-06,attack,no
4442,0,0,2.9023119851464256e-06,-12.750006675720215,-6.6756979322235566e-06,attack,no
4443,0,0,8.764241167694101e-08,-16.250059127807617,-5.8410845667822286e-05,attack,no
4444,0,0,2.753569766870548e-05,-10.500027656555176,-2.7894584491150454e-05,attack,no
4445,0,0,4.1399375473642086e-08,-17.000003814697266,-3.814689989667386e-06,attack,no
4446,0,0,1.5229977697181206e-08,-18.000001907348633,-1.7881377516459906e-06,attack,no
4447,0,0,9.610239210944684e-05,-9.250100135803223,-9.989239333663136e-05,attack,no
4448,0,0,7.582566749543921e-10,-21.0,-8.344646857949556e-07,attack,no
4449,0,1,0.6224593312018546,-0.47407811880111694,-0.9740781188011169,attack,yes
4450,0,0,3.3982674028363726e-09,-19.500001907348633,-1.7881377516459906e-06,attack,no
4451,0,0,1.5229988589762417e-08,-18.000009536743164,-1.0132738680113107e-05,attack,no
4452,0,0,1.1253520229722557e-07,-16.00000762939453,-7.986990567587782e-06,attack,no
4453,0,0,6.475948754028718e-07,-14.250001907348633,-2.0265558760002023e-06,attack,no
4454,0,0,4.363464314481978e-09,-19.2500057220459,-6.198863957251888e-06,attack,no
4455,0,0,2.64657331640441e-09,-19.750001907348633,-1.7881377516459906e-06,attack,no
4456,0,0,1.1253524254059873e-07,-16.000009536743164,-1.0251946150674485e-05,attack,no
4457,0,0,1.1861122838202565e-08,-18.25000762939453,-7.867782187531702e-06,attack,no
4458,0,0,0.0600866487012748,-2.8119680881500244,-0.061968062072992325,attack,no
4459,0,0,7.194139839351118e-09,-18.750003814697266,-4.768360213347478e-06,attack,no
4460,0,0,1.76034279361833e-06,-13.250005722045898,-5.483612312673358e-06,attack,no
4461,0,0,0.09534946168575072,-2.350207805633545,-0.10020776838064194,attack,no
4462,0,0,1.1861118596621165e-08,-18.250003814697266,-3.6954811548639555e-06,attack,no
4463,0,0,1.0129995810463632e-05,-11.500011444091797,-1.1920858014491387e-05,attack,no
4464,0,0,0.006692852051135265,-5.006715297698975,-0.006715467199683189,attack,no
4465,0,0,1.1861122838202565e-08,-18.25000762939453,-7.867782187531702e-06,attack,no
4466,0,0,2.646576155845173e-09,-19.750003814697266,-4.768360213347478e-06,attack,no
4467,0,0,4.539785783018247e-05,-10.000046730041504,-4.649054244509898e-05,attack,no
4468,0,0,4.7850933539684755e-06,-12.250005722045898,-5.483612312673358e-06,attack,no
4469,0,0,7.1941364088631495e-09,-18.7500057220459,-6.198863957251888e-06,attack,no
4470,0,0,2.382368247924618e-07,-15.25000286102295,-2.50339189733495e-06,attack,no
4471,0,0,2.5109981944773573e-08,-17.50001335144043,-1.2993727978027891e-05,attack,no
4472,0,0,4.139936066487447e-08,-17.00001335144043,-1.2993727978027891e-05,attack,no
4473,0,0,4.139939027941222e-08,-17.000001907348633,-2.264974000354414e-06,attack,no
4474,0,0,1.5229977697181206e-08,-18.000001907348633,-1.7881377516459906e-06,attack,no
4475,0,0,7.582564941335739e-10,-21.000009536743164,-1.0132738680113107e-05,attack,no
4476,0,0,3.059022633913769e-07,-15.000001907348633,-2.0265558760002023e-06,attack,no
4477,0,0,3.2241881699704196e-08,-17.25002098083496,-2.1457441107486375e-05,attack,no
4478,0,0,9.237452880186979e-09,-18.500001907348633,-2.264974000354414e-06,attack,no
4479,0,0,5.829124471187196e-05,-9.750060081481934,-5.972207145532593e-05,attack,no
4480,0,0,1.1253521571574156e-07,-16.000001907348633,-2.3841830625315197e-06,attack,no
4481,0,0,1.4449796927262634e-07,-15.75001049041748,-1.0251946150674485e-05,attack,no
4482,0,0,4.139941495501095e-08,-17.000003814697266,-4.768360213347478e-06,attack,no
4483,0,0,9.237448475387384e-09,-18.500003814697266,-3.6954811548639555e-06,attack,no
4484,0,0,1.4449807263287805e-07,-15.750001907348633,-2.3841830625315197e-06,attack,no
4485,0,0,3.224186633279476e-08,-17.250003814697266,-3.814689989667386e-06,attack,no
4486,0,0,5.905301178761967e-10,-21.250017166137695,-1.6689160474925302e-05,attack,no
4487,0,0,5.602798409848411e-09,-19.000001907348633,-2.264974000354414e-06,attack,no
4488,0,0,9.237448475387384e-09,-18.500003814697266,-3.6954811548639555e-06,attack,no
4489,0,0,3.3982661870509066e-09,-19.500017166137695,-1.6689160474925302e-05,attack,no
4490,0,1,0.9999724643154622,-2.932505594799295e-05,-10.500029563903809,attack,yes
4491,0,0,7.48462629714279e-05,-9.500077247619629,-7.772143726469949e-05,attack,no
4492,0,0,1.1861131322259895e-08,-18.250001907348633,-2.861018856492592e-06,attack,no
4493,0,0,4.139941495501095e-08,-17.000003814697266,-4.768360213347478e-06,attack,no
4494,0,0,2.144495608327478e-05,-10.750024795532227,-2.5152843591058627e-05,attack,no
4495,0,0,2.1444945858485726e-05,-10.75002384185791,-2.372236667724792e-05,attack,no
4496,0,0,3.3982706436824998e-09,-19.5,-8.344646857949556e-07,attack,no
4497,0,0,3.224188554904223e-08,-17.250009536743164,-1.0132738680113107e-05,attack,no
4498,0,0,4.139941495501095e-08,-17.000003814697266,-4.768360213347478e-06,attack,no
4499,0,1,0.9992903296110953,-0.0007109498255886137,-7.250710964202881,attack,yes
4500,0,0,0.00012339456031772595,-9.00012493133545,-0.0001248043408850208,attack,no
4501,0,0,1.1253526933404075e-07,-16.00002670288086,-2.7656173188006505e-05,attack,no
4502,0,0,4.539786865090791e-05,-10.00004768371582,-4.768258077092469e-05,attack,no
4503,0,0,7.1941364088631495e-09,-18.7500057220459,-6.198863957251888e-06,attack,no
4504,0,0,7.1941364088631495e-09,-18.7500057220459,-6.198863957251888e-06,attack,no
4505,0,0,6.144173869558638e-06,-12.000008583068848,-8.4638240878121e-06,attack,no
4506,0,0,7.19413212095096e-09,-18.750001907348633,-1.7881377516459906e-06,attack,no
4507,0,0,2.5109996912840604e-08,-17.50000762939453,-7.867782187531702e-06,attack,no
4508,0,0,2.061152880890023e-09,-20.00001335144043,-1.2993727978027891e-05,attack,no
4509,0,0,7.194139839351118e-09,-18.750003814697266,-4.768360213347478e-06,attack,no
4510,0,0,1.9555692360527098e-08,-17.750009536743164,-1.0132738680113107e-05,attack,no
4511,0,0,1.1861118596621165e-08,-18.250003814697266,-3.6954811548639555e-06,attack,no
4512,0,0,1.6701427818034747e-05,-11.000018119812012,-1.847726889536716e-05,attack,no
4513,0,0,9.237448475435691e-09,-18.500001907348633,-1.7881377516459906e-06,attack,no
4514,0,0,1.1861127079834025e-08,-18.250009536743164,-1.0132738680113107e-05,attack,no
4515,0,0,1.5229992221645526e-08,-18.0,-8.344646857949556e-07,attack,no
4516,0,0,4.139937053868778e-08,-17.000001907348633,-1.7881377516459906e-06,attack,no
4517,0,0,0.00043055704108029756,-7.75043249130249,-0.0004323977918829769,attack,no
4518,0,1,0.9999952149032234,-5.245195097813848e-06,-12.250004768371582,attack,yes
4519,0,0,0.0024726235293418383,-6.002475738525391,-0.0024758896324783564,attack,no
4520,0,0,0.0002611902789999518,-8.250262260437012,-0.000262106885202229,attack,no
4521,0,0,1.760344052546141e-06,-13.250014305114746,-1.4781842764932662e-05,attack,no
4522,0,0,2.5109969973413987e-08,-17.500003814697266,-2.9802276912960224e-06,attack,no
4523,0,0,5.3157824370802075e-08,-16.750001907348633,-1.4305104514278355e-06,attack,no
4524,0,0,3.0590233632073814e-07,-15.000004768371582,-5.125986263010418e-06,attack,no
4525,0,0,0.5,-0.6931487321853638,-0.6931487321853638,attack,no
4526,0,0,2.061155583836972e-09,-20.000003814697266,-4.768360213347478e-06,attack,no
4527,0,0,2.646576155845173e-09,-19.750003814697266,-4.768360213347478e-06,attack,no
4528,0,0,0.002472622936685948,-6.002476692199707,-0.002476603025570512,attack,no
4529,0,0,1.2501518216147425e-09,-20.500001907348633,-1.0728830375228426e-06,attack,no
4530,0,0,6.47595107001401e-07,-14.250000953674316,-1.4305104514278355e-06,attack,no
4531,0,0,2.9023123311425104e-06,-12.750005722045898,-5.8412379075889476e-06,attack,no
4532,0,0,0.005220125623432879,-5.255234241485596,-0.005234227981418371,attack,no
4533,0,0,5.602793734519342e-09,-19.000001907348633,-1.4305104514278355e-06,attack,no
4534,0,0,1.0677033791612137e-06,-13.750001907348633,-2.3841830625315197e-06,attack,no
4535,0,0,1.7603436329858898e-06,-13.250007629394531,-7.867782187531702e-06,attack,no
4536,0,0,5.602795738202386e-09,-19.000003814697266,-3.6954811548639555e-06,attack,no
4537,0,0,2.0611533724782794e-09,-20.000001907348633,-1.7881377516459906e-06,attack,no
4538,0,1,0.9999898700090196,-1.0490362910786644e-05,-11.50001049041748,attack,yes
4539,0,0,3.224188170653665e-08,-17.2500057220459,-6.198863957251888e-06,attack,no
4540,0,0,9.237448475435691e-09,-18.500001907348633,-1.7881377516459906e-06,attack,no
4541,0,0,2.260324836787226e-06,-13.000003814697266,-4.0531076592742465e-06,attack,no
4542,0,0,0.00026119027880236077,-8.250265121459961,-0.0002649671514518559,attack,no
4543,0,0,0.01406362805050406,-4.264163494110107,-0.014163566753268242,attack,no
4544,0,0,2.260323489435463e-06,-13.00001049041748,-1.0132738680113107e-05,attack,no
4545,0,1,0.9999938558224684,-9.059865078597795e-06,-12.000008583068848,attack,yes
4546,0,0,1.1861118596621165e-08,-18.250003814697266,-3.6954811548639555e-06,attack,no
4547,0,0,1.522999403703421e-08,-18.000003814697266,-4.768360213347478e-06,attack,no
4548,0,0,1.1253522910508937e-07,-16.00002098083496,-2.1576648578047752e-05,attack,no
4549,0,0,1.0129992187879576e-05,-11.50001049041748,-1.0609570381348021e-05,attack,no
4550,0,0,2.382368247924618e-07,-15.25000286102295,-2.50339189733495e-06,attack,no
4551,0,0,7.48462272982417e-05,-9.500075340270996,-7.533743337262422e-05,attack,no
4552,0,0,7.1941304051393674e-09,-18.75001335144043,-1.2993727978027891e-05,attack,no
4553,0,0,2.1444956084249965e-05,-10.750022888183594,-2.3245540432981215e-05,attack,no
4554,0,0,4.363461713731754e-09,-19.250001907348633,-1.7881377516459906e-06,attack,no
4555,0,0,1.1253516205489029e-07,-16.000001907348633,-1.9073468138230965e-06,attack,no
4556,0,0,1.9555692360527098e-08,-17.750009536743164,-1.0132738680113107e-05,attack,no
4557,0,0,2.2603248367656408e-06,-13.000005722045898,-5.960446742392378e-06,attack,no
4558,0,0,4.3634617137089345e-09,-19.250003814697266,-3.6954811548639555e-06,attack,no
4559,0,0,0.0007096703862628384,-7.250716209411621,-0.0007161913090385497,attack,no
4560,0,0,6.825602910396625e-08,-16.500003814697266,-3.814689989667386e-06,attack,no
4561,0,0,5.0434758856882e-07,-14.500001907348633,-2.264974000354414e-06,attack,no
4562,0,0,0.004070138257634899,-5.5040788650512695,-0.004078998696058989,attack,no
4563,0,0,2.5109996912840604e-08,-17.50000762939453,-7.867782187531702e-06,attack,no
4564,0,0,5.602801749327794e-09,-19.000003814697266,-4.768360213347478e-06,attack,no
4565,0,0,6.825602096760253e-08,-16.500001907348633,-1.7881377516459906e-06,attack,no
4566,0,0,4.1399400147791785e-08,-17.000009536743164,-1.0132738680113107e-05,attack,no
4567,0,0,2.260323758977908e-06,-13.000004768371582,-4.529942543740617e-06,attack,no
4568,0,0,3.059022269089317e-07,-15.00001049041748,-1.0490362910786644e-05,attack,no
4569,0,0,0.005220126868765487,-5.2552337646484375,-0.0052339909598231316,attack,no
4570,0,0,1.0677033791583005e-06,-13.75000286102295,-3.3378546504536644e-06,attack,no
4571,0,0,8.315283250211149e-07,-14.000006675720215,-7.033323527139146e-06,attack,no
4572,0,0,4.363463794388956e-09,-19.250001907348633,-2.264974000354414e-06,attack,no
4573,0,0,5.602798409848411e-09,-19.000001907348633,-2.264974000354414e-06,attack,no
4574,0,0,1.9555690029929595e-08,-17.7500057220459,-6.198863957251888e-06,attack,no
4575,0,0,1.4449800373098553e-07,-15.750001907348633,-1.9073468138230965e-06,attack,no
4576,0,0,1.605227861239821e-09,-20.250003814697266,-3.6954811548639555e-06,attack,no
4577,0,0,5.315780535989972e-08,-16.750003814697266,-2.9802276912960224e-06,attack,no
4578,0,0,1.1861131322259895e-08,-18.250001907348633,-2.861018856492592e-06,attack,no
4579,0,0,4.1399400147791785e-08,-17.000009536743164,-1.0132738680113107e-05,attack,no
4580,0,0,1.855391460719133e-07,-15.50000286102295,-3.099436753473128e-06,attack,no
4581,0,0,8.764252673182309e-08,-16.25002098083496,-2.1576648578047752e-05,attack,no
4582,0,0,2.646574893839164e-09,-19.7500057220459,-6.198863957251888e-06,attack,no
4583,0,0,1.855390354791913e-07,-15.500006675720215,-6.318072337307967e-06,attack,no
4584,0,0,2.646576155845173e-09,-19.750003814697266,-4.768360213347478e-06,attack,no
4585,0,0,4.78509506523245e-06,-12.250005722045898,-5.8412379075889476e-06,attack,no
4586,0,0,0.1480472036701053,-1.91022527217865,-0.16022531688213348,attack,no
4587,0,0,3.9278615343490645e-07,-14.750006675720215,-6.556489552167477e-06,attack,no
4588,0,0,9.237448475387384e-09,-18.500003814697266,-3.6954811548639555e-06,attack,no
4589,0,0,7.194137266242078e-09,-18.750009536743164,-1.0132738680113107e-05,attack,no
4590,0,0,4.139941495501095e-08,-17.000003814697266,-4.768360213347478e-06,attack,no
4591,0,0,6.475949525663708e-07,-14.25001049041748,-1.07287787614041e-05,attack,no
4592,0,0,6.825607792139286e-08,-16.500009536743164,-1.0251946150674485e-05,attack,no
4593,0,0,3.39826659234436e-09,-19.50001335144043,-1.2993727978027891e-05,attack,no
4594,0,0,1.012999581057419e-05,-11.50001049041748,-1.0967194612021558e-05,attack,no
4595,0,0,5.043476486860921e-07,-14.500004768371582,-5.245195097813848e-06,attack,no
4596,0,0,2.3823699519327963e-07,-15.250000953674316,-1.311301275563892e-06,attack,no
4597,0,0,1.067702997315865e-06,-13.750003814697266,-3.933898824470816e-06,attack,no
4598,0,0,1.4449800373098553e-07,-15.750001907348633,-1.9073468138230965e-06,attack,no
4599,0,0,3.3982710487752024e-09,-19.500001907348633,-2.861018856492592e-06,attack,no
4600,0,0,1.444980036760519e-07,-15.750027656555176,-2.7656173188006505e-05,attack,no
4601,0,0,8.764240137829087e-08,-16.250003814697266,-2.9802276912960224e-06,attack,no
4602,0,0,1.8553903548267172e-07,-15.500001907348633,-1.5497195136049413e-06,attack,no
4603,0,0,1.1861125663741641e-08,-18.25002098083496,-2.1457441107486375e-05,attack,no
4604,0,0,5.829125166308185e-05,-9.750059127807617,-5.8887653722194955e-05,attack,no
4605,0,0,5.043472278299047e-07,-14.500003814697266,-3.4570634852570947e-06,attack,no
4606,0,0,2.382368815805148e-07,-15.25001049041748,-1.0371154530730564e-05,attack,no
4607,0,0,7.889263526180094e-06,-11.750011444091797,-1.156323378381785e-05,attack,no
4608,0,0,4.1399410020273135e-08,-17.0,-8.344646857949556e-07,attack,no
4609,0,0,2.511000289982784e-08,-17.5000057220459,-6.198863957251888e-06,attack,no
4610,0,0,1.9555685367259194e-08,-17.75000762939453,-7.867782187531702e-06,attack,no
4611,0,0,2.061154600985703e-09,-20.0000057220459,-6.198863957251888e-06,attack,no
4612,0,0,1.955567137781402e-08,-17.750017166137695,-1.6689160474925302e-05,attack,no
4613,0,0,7.1941304051393674e-09,-18.75001335144043,-1.2993727978027891e-05,attack,no
4614,0,0,3.224188554904223e-08,-17.250009536743164,-1.0132738680113107e-05,attack,no
4615,0,0,3.2241874019092974e-08,-17.25000762939453,-7.867782187531702e-06,attack,no
4616,0,0,7.889260704968911e-06,-11.750009536743164,-9.298280929215252e-06,attack,no
4617,0,0,9.237458386057632e-09,-18.500003814697266,-4.768360213347478e-06,attack,no
4618,0,0,5.043474081902135e-07,-14.500006675720215,-6.6756979322235566e-06,attack,no
4619,0,0,0.0019267347499648834,-6.25192928314209,-0.0019293281948193908,attack,no
4620,0,0,0.004070138265185266,-5.504078388214111,-0.004078523721545935,attack,no
4621,0,0,6.82559802839207e-08,-16.500001907348633,-1.1920922133867862e-06,attack,no
4622,0,0,1.1861131322259895e-08,-18.250001907348633,-2.861018856492592e-06,attack,no
4623,0,0,0.00012339454559719622,-9.000125885009766,-0.00012563870404846966,attack,no
4624,0,0,2.2603240280455074e-06,-13.000019073486328,-1.8954096958623268e-05,attack,no
4625,0,0,6.825609417243838e-08,-16.50002670288086,-2.7656173188006505e-05,attack,no
4626,0,0,1.9555685367259194e-08,-17.75000762939453,-7.867782187531702e-06,attack,no
4627,0,0,2.9023133691112136e-06,-12.750003814697266,-4.291525328881107e-06,attack,no
4628,0,0,4.139937053868778e-08,-17.000001907348633,-1.7881377516459906e-06,attack,no
4629,0,0,3.224188170653665e-08,-17.2500057220459,-6.198863957251888e-06,attack,no
4630,0,0,3.3982649722104704e-09,-19.500001907348633,-1.0728830375228426e-06,attack,no
4631,0,0,6.825600468452646e-08,-16.500017166137695,-1.680836794548668e-05,attack,no
4632,0,0,5.043474081902135e-07,-14.500006675720215,-6.6756979322235566e-06,attack,no
4633,0,0,0.14804719427274565,-1.910224437713623,-0.16022440791130066,attack,no
4634,0,0,1.186112566625516e-08,-18.2500057220459,-6.198863957251888e-06,attack,no
4635,0,0,2.382368247924618e-07,-15.25000286102295,-2.50339189733495e-06,attack,no
4636,0,0,1.76034279361833e-06,-13.250005722045898,-5.483612312673358e-06,attack,no
4637,0,0,6.144175334510455e-06,-12.000006675720215,-6.794906312279636e-06,attack,no
4638,0,0,7.88926070293116e-06,-11.750024795532227,-2.455681169521995e-05,attack,no
4639,0,0,3.224186248944841e-08,-17.250001907348633,-1.7881377516459906e-06,attack,no
4640,0,0,5.31578497181003e-08,-16.750003814697266,-3.814689989667386e-06,attack,no
4641,0,0,4.3634663952098696e-09,-19.250001907348633,-2.861018856492592e-06,attack,no
4642,0,0,0.00857748414653042,-4.758615970611572,-0.008615821599960327,attack,no
4643,0,0,2.0611548466288816e-09,-20.000009536743164,-1.0132738680113107e-05,attack,no
4644,0,0,5.04347468278451e-07,-14.50001335144043,-1.3470558769768104e-05,attack,no
4645,0,0,1.4449802095504282e-07,-15.750004768371582,-4.887569048150908e-06,attack,no
4646,0,0,4.3634601526323156e-09,-19.250017166137695,-1.6689160474925302e-05,attack,no
4647,0,0,1.4449795205186074e-07,-15.750006675720215,-6.318072337307967e-06,attack,no
4648,0,0,0.02931223234129297,-3.5297508239746094,-0.029750879853963852,attack,no
4649,0,0,1.4449800373098553e-07,-15.750001907348633,-1.9073468138230965e-06,attack,no
4650,0,0,1.1861122838202565e-08,-18.25000762939453,-7.867782187531702e-06,attack,no
4651,0,0,3.9278615343490645e-07,-14.750006675720215,-6.556489552167477e-06,attack,no
4652,0,0,6.4759464380553e-07,-14.250001907348633,-1.6689286894688848e-06,attack,no
4653,0,0,4.1399400147791785e-08,-17.000009536743164,-1.0132738680113107e-05,attack,no
4654,0,0,1.2501527157920452e-09,-20.500001907348633,-1.7881377516459906e-06,attack,no
4655,0,0,1.1253524254059873e-07,-16.000009536743164,-1.0251946150674485e-05,attack,no
4656,0,0,0.022977372042605262,-3.7732460498809814,-0.023246144875884056,attack,no
4657,0,0,1.5229992215888458e-08,-18.00002670288086,-2.753696753643453e-05,attack,no
4658,0,0,2.9023119851266288e-06,-12.750007629394531,-7.629365427419543e-06,attack,no
4659,0,0,1.605227861239821e-09,-20.250003814697266,-3.6954811548639555e-06,attack,no
4660,0,0,6.825597214691097e-08,-16.500003814697266,-2.9802276912960224e-06,attack,no
4661,0,0,5.0434734807664e-07,-14.50000286102295,-2.7418097943154862e-06,attack,no
4662,0,0,0.0002611903412335104,-8.250262260437012,-0.0002623452164698392,attack,no
4663,0,0,1.3007125364086207e-05,-11.250014305114746,-1.4066597032069694e-05,attack,no
4664,0,0,1.760343633025915e-06,-13.250003814697266,-4.0531076592742465e-06,attack,no
4665,0,0,3.0590233632073814e-07,-15.000004768371582,-5.125986263010418e-06,attack,no
4666,0,0,1.0677028696071658e-06,-13.750028610229492,-2.8609820219571702e-05,attack,no
4667,0,0,1.5229977697101562e-08,-18.000003814697266,-3.6954811548639555e-06,attack,no
4668,0,0,2.646574893839164e-09,-19.7500057220459,-6.198863957251888e-06,attack,no
4669,0,0,3.5356263363171466e-05,-10.250035285949707,-3.564294092939235e-05,attack,no
4670,0,0,1.0677024882029858e-06,-13.750001907348633,-1.5497195136049413e-06,attack,no
4671,0,0,9.237452880186979e-09,-18.500001907348633,-2.264974000354414e-06,attack,no
4672,0,0,3.2241839428313264e-08,-17.250001907348633,-1.0728830375228426e-06,attack,no
4673,0,0,1.8553912395338048e-07,-15.500003814697266,-3.933898824470816e-06,attack,no
4674,0,0,9.237445171872554e-09,-18.500001907348633,-1.4305104514278355e-06,attack,no
4675,0,0,1.9555699354962477e-08,-17.750003814697266,-4.768360213347478e-06,attack,no
4676,0,0,4.363466395178121e-09,-19.250003814697266,-4.768360213347478e-06,attack,no
4677,0,0,1.6052293921155337e-09,-20.25,-8.344646857949556e-07,attack,no
4678,0,0,2.2603248367656408e-06,-13.000005722045898,-5.960446742392378e-06,attack,no
4679,0,0,1.1861114354824179e-08,-18.250001907348633,-1.4305104514278355e-06,attack,no
4680,0,0,2.510998793341295e-08,-17.500003814697266,-3.6954811548639555e-06,attack,no
4681,0,0,5.043472278322555e-07,-14.500001907348633,-1.5497195136049413e-06,attack,no
4682,0,0,6.825606165129312e-08,-16.500001907348633,-2.3841830625315197e-06,attack,no
4683,0,0,1.9555685367259194e-08,-17.75000762939453,-7.867782187531702e-06,attack,no
4684,0,0,0.0024726232330138753,-6.002476215362549,-0.002476246329024434,attack,no
4685,0,0,3.726639284103522e-06,-12.500006675720215,-6.6756979322235566e-06,attack,no
4686,0,0,1.5229992215888458e-08,-18.00002670288086,-2.753696753643453e-05,attack,no
4687,0,0,4.363464314481978e-09,-19.2500057220459,-6.198863957251888e-06,attack,no
4688,0,0,8.764251630275323e-08,-16.2500057220459,-6.198863957251888e-06,attack,no
4689,0,0,3.9278629391365316e-07,-14.750001907348633,-2.145764938177308e-06,attack,no
4690,0,0,1.1861131322173594e-08,-18.250003814697266,-4.768360213347478e-06,attack,no
4691,0,0,2.061154355311154e-09,-20.000001907348633,-2.264974000354414e-06,attack,no
4692,0,0,4.1399390278197924e-08,-17.00000762939453,-7.986990567587782e-06,attack,no
4693,0,0,0.022977371248114782,-3.7732577323913574,-0.023257791996002197,attack,no
4694,0,0,1.0677029973056687e-06,-13.750005722045898,-5.8412379075889476e-06,attack,no
4695,0,0,5.31578307002209e-08,-16.750017166137695,-1.680836794548668e-05,attack,no
4696,0,0,3.9278629391365316e-07,-14.750001907348633,-2.145764938177308e-06,attack,no
4697,0,0,3.059022998581767e-07,-15.000000953674316,-1.1920922133867862e-06,attack,no
4698,0,0,0.0040701382481969405,-5.504079341888428,-0.004079473204910755,attack,no
4699,0,0,9.736204945927437e-10,-20.7500057220459,-6.198863957251888e-06,attack,no
4700,0,0,3.224189708091632e-08,-17.250003814697266,-4.768360213347478e-06,attack,no
4701,0,0,7.194136407338623e-09,-18.75002098083496,-2.1457441107486375e-05,attack,no
4702,0,0,1.1861122838202565e-08,-18.25000762939453,-7.867782187531702e-06,attack,no
4703,0,0,9.237448475435691e-09,-18.500001907348633,-1.7881377516459906e-06,attack,no
4704,0,0,8.315279285251204e-07,-14.000005722045898,-5.602820692729438e-06,attack,no
4705,0,0,3.059023363231725e-07,-15.00000286102295,-3.2186455882765586e-06,attack,no
4706,0,0,8.315278294038927e-07,-14.000004768371582,-4.529942543740617e-06,attack,no
4707,0,0,4.5397852414783676e-05,-10.000048637390137,-4.827859811484814e-05,attack,no
4708,0,0,6.14417753171671e-06,-12.000008583068848,-9.059865078597795e-06,attack,no
4709,0,0,2.7535700950274786e-05,-10.500028610229492,-2.8967437174287625e-05,attack,no
4710,0,0,4.1399390278197924e-08,-17.00000762939453,-7.986990567587782e-06,attack,no
4711,0,0,2.7535687819442095e-05,-10.500030517578125,-3.0397906812140718e-05,attack,no
4712,0,0,7.194137266242078e-09,-18.750009536743164,-1.0132738680113107e-05,attack,no
4713,0,0,7.194135551374727e-09,-18.750001907348633,-2.264974000354414e-06,attack,no
4714,0,0,6.825602910396625e-08,-16.500003814697266,-3.814689989667386e-06,attack,no
4715,0,1,0.9990889487504453,-0.000912250077817589,-7.000912189483643,attack,yes
4716,0,0,0.0002034270707810604,-8.500204086303711,-0.00020454221521504223,attack,no
4717,0,0,1.1253516205427619e-07,-16.000003814697266,-3.814689989667386e-06,attack,no
4718,0,0,1.250153162844907e-09,-20.50000762939453,-7.867782187531702e-06,attack,no
4719,0,1,0.6224593312018546,-0.4740784764289856,-0.9740784764289856,attack,yes
4720,0,0,1.4449805540316353e-07,-15.750007629394531,-7.986990567587782e-06,attack,no
4721,0,0,9.61024265079047e-05,-9.250096321105957,-9.643566590966657e-05,attack,no
4722,0,0,1.605229391508743e-09,-20.25002670288086,-2.753696753643453e-05,attack,no
4723,0,0,1.0129990980100021e-05,-11.500012397766113,-1.2397689715726301e-05,attack,no
4724,0,0,2.6465745783867997e-09,-19.750001907348633,-2.264974000354414e-06,attack,no
4725,0,0,2.5110014873406942e-08,-17.500003814697266,-4.768360213347478e-06,attack,no
4726,0,0,1.4449802095504282e-07,-15.750004768371582,-4.887569048150908e-06,attack,no
4727,0,0,2.646574893839164e-09,-19.7500057220459,-6.198863957251888e-06,attack,no
4728,0,0,1.522999403714502e-08,-18.000001907348633,-2.861018856492592e-06,attack,no
4729,0,0,8.315278294038927e-07,-14.000004768371582,-4.529942543740617e-06,attack,no
4730,0,0,9.610238067382736e-05,-9.25009822845459,-9.786603914108127e-05,attack,no
4731,0,0,1.6701415872659113e-05,-11.000018119812012,-1.7762025890988298e-05,attack,no
4732,0,0,3.2241839428313264e-08,-17.250001907348633,-1.0728830375228426e-06,attack,no
4733,0,0,2.510999990689927e-08,-17.500001907348633,-2.264974000354414e-06,attack,no
4734,0,0,7.889261644057076e-06,-11.750020980834961,-2.0861407392658293e-05,attack,no
4735,0,0,7.194137266242078e-09,-18.750009536743164,-1.0132738680113107e-05,attack,no
4736,0,0,1.760343633025915e-06,-13.250003814697266,-4.0531076592742465e-06,attack,no
4737,0,0,0.0002034270707810604,-8.500204086303711,-0.00020454221521504223,attack,no
4738,0,0,6.825599655739207e-08,-16.500001907348633,-1.4305104514278355e-06,attack,no
4739,0,0,4.363463794388956e-09,-19.250001907348633,-2.264974000354414e-06,attack,no
4740,0,0,9.237448475435691e-09,-18.500001907348633,-1.7881377516459906e-06,attack,no
4741,0,0,7.1941321209133375e-09,-18.750003814697266,-3.6954811548639555e-06,attack,no
4742,0,0,4.785093924389007e-06,-12.250005722045898,-5.602820692729438e-06,attack,no
4743,0,0,4.539786865487148e-05,-10.000045776367188,-4.577531944960356e-05,attack,no
4744,0,0,7.194139839403463e-09,-18.750001907348633,-2.861018856492592e-06,attack,no
4745,0,1,0.7772998714925403,-0.2519308924674988,-1.5019309520721436,attack,yes
4746,0,0,9.237452880186979e-09,-18.500001907348633,-2.264974000354414e-06,attack,no
4747,0,0,2.510998192095417e-08,-17.500045776367188,-4.541770613286644e-05,attack,no
4748,0,0,9.237457281476882e-09,-18.50002670288086,-2.753696753643453e-05,attack,no
4749,0,0,2.3823696679040837e-07,-15.250004768371582,-5.006777428206988e-06,attack,no
4750,0,0,3.535626757768912e-05,-10.250035285949707,-3.576214658096433e-05,attack,no
4751,0,0,4.53978794775813e-05,-10.000045776367188,-4.60137271147687e-05,attack,no
4752,0,0,1.067702997315865e-06,-13.750003814697266,-3.933898824470816e-06,attack,no
4753,0,0,1.5229983143399848e-08,-18.00000762939453,-7.867782187531702e-06,attack,no
4754,0,0,4.139941495501095e-08,-17.000003814697266,-4.768360213347478e-06,attack,no
4755,0,0,7.1941295481333906e-09,-18.750001907348633,-1.4305104514278355e-06,attack,no
4756,0,0,2.646574893839164e-09,-19.7500057220459,-6.198863957251888e-06,attack,no
4757,0,0,9.237453981223904e-09,-18.5000057220459,-6.198863957251888e-06,attack,no
4758,0,0,1.186112566625516e-08,-18.2500057220459,-6.198863957251888e-06,attack,no
4759,0,0,4.78509506523245e-06,-12.250005722045898,-5.8412379075889476e-06,attack,no
4760,0,0,8.764252673182309e-08,-16.25002098083496,-2.1576648578047752e-05,attack,no
4761,0,0,1.1861122838202565e-08,-18.25000762939453,-7.867782187531702e-06,attack,no
4762,0,0,6.1441746020778105e-06,-12.000006675720215,-6.6756979322235566e-06,attack,no
4763,0,0,5.315780535951295e-08,-16.7500057220459,-4.887569048150908e-06,attack,no
4764,0,0,1.9555678374073827e-08,-17.750003814697266,-3.6954811548639555e-06,attack,no
4765,0,0,0.0007096703042003145,-7.250711441040039,-0.0007113072206266224,attack,no
4766,0,0,5.3157868729085e-08,-16.750001907348633,-2.264974000354414e-06,attack,no
4767,0,0,9.237452880186979e-09,-18.500001907348633,-2.264974000354414e-06,attack,no
4768,0,0,8.315282259117513e-07,-14.00000286102295,-3.099436753473128e-06,attack,no
4769,0,0,1.067702997315865e-06,-13.750003814697266,-3.933898824470816e-06,attack,no
4770,0,1,0.9820137882613432,-0.01815043017268181,-4.018150329589844,attack,yes
4771,0,0,3.535624650279073e-05,-10.25003719329834,-3.707340147229843e-05,attack,no
4772,0,1,0.9984988178287671,-0.0015029336791485548,-6.501502990722656,attack,yes
4773,0,0,4.363460673039411e-09,-19.25001335144043,-1.2993727978027891e-05,attack,no
4774,0,0,1.1253520229722557e-07,-16.00000762939453,-7.986990567587782e-06,attack,no
4775,0,0,4.3634617137089345e-09,-19.250003814697266,-3.6954811548639555e-06,attack,no
4776,0,1,0.9959298617518031,-0.004079473204910755,-5.504079341888428,attack,yes
4777,0,0,5.043475284468536e-07,-14.500000953674316,-1.1920922133867862e-06,attack,no
4778,0,0,4.78509392429544e-06,-12.250008583068848,-8.4638240878121e-06,attack,no
4779,0,0,4.1399375473642086e-08,-17.000003814697266,-3.814689989667386e-06,attack,no
4780,0,0,9.610246087001802e-05,-9.250096321105957,-9.679325739853084e-05,attack,no
4781,0,0,1.1861114353175022e-08,-18.250017166137695,-1.6689160474925302e-05,attack,no
4782,0,0,7.889265407327734e-06,-11.750008583068848,-8.940656698541716e-06,attack,no
4783,0,0,6.825599655739207e-08,-16.500001907348633,-1.4305104514278355e-06,attack,no
4784,0,1,0.817574471748733,-0.20141449570655823,-1.7014144659042358,attack,yes
4785,0,0,0.0003353501913775638,-8.000336647033691,-0.00033682872890494764,attack,no
4786,0,0,3.927863407331258e-07,-14.750004768371582,-5.125986263010418e-06,attack,no
4787,0,0,3.224185095439773e-08,-17.250017166137695,-1.6689160474925302e-05,attack,no
4788,0,0,2.5110014873406942e-08,-17.500003814697266,-4.768360213347478e-06,attack,no
4789,0,0,3.2241839428313264e-08,-17.250001907348633,-1.0728830375228426e-06,attack,no
4790,0,1,0.9994472212502334,-0.0005538121913559735,-7.500553607940674,attack,yes
4791,0,0,1.0677028700397769e-06,-13.75000286102295,-2.861018856492592e-06,attack,no
4792,0,0,2.260324028443809e-06,-13.00000286102295,-2.7418097943154862e-06,attack,no
4793,0,0,4.1399410020273135e-08,-17.0,-8.344646857949556e-07,attack,no
4794,0,0,1.3007134667436888e-05,-11.25001335144043,-1.3828182090946939e-05,attack,no
4795,0,0,2.382368815932174e-07,-15.250000953674316,-8.344646857949556e-07,attack,no
4796,0,0,9.237451778734317e-09,-18.50000762939453,-7.867782187531702e-06,attack,no
4797,0,0,0.00020342692529945307,-8.500205039978027,-0.0002047805901383981,attack,no
4798,0,0,1.855390354791913e-07,-15.500006675720215,-6.318072337307967e-06,attack,no
4799,0,0,6.144176066901277e-06,-12.000007629394531,-7.867782187531702e-06,attack,no
4800,0,0,0.0024726235293418383,-6.002475738525391,-0.0024758896324783564,attack,no
4801,0,0,4.1399410004623805e-08,-17.00002670288086,-2.753696753643453e-05,attack,no
4802,0,0,3.726640172617307e-06,-12.500005722045898,-5.960446742392378e-06,attack,no
4803,0,0,1.1253513521490451e-07,-16.00001335144043,-1.3112935448589269e-05,attack,no
4804,0,0,1.5229983143399848e-08,-18.00000762939453,-7.867782187531702e-06,attack,no
4805,0,0,1.012998735702019e-05,-11.500015258789062,-1.490105023549404e-05,attack,no
4806,0,0,4.3634643135573065e-09,-19.25002098083496,-2.1457441107486375e-05,attack,no
4807,0,0,3.224189322555085e-08,-17.25002670288086,-2.753696753643453e-05,attack,no
4808,0,0,5.315780535989972e-08,-16.750003814697266,-2.9802276912960224e-06,attack,no
4809,0,0,0.1480472055495773,-1.9102272987365723,-0.16022735834121704,attack,no
4810,0,0,1.0129990980100021e-05,-11.500012397766113,-1.2397689715726301e-05,attack,no
4811,0,0,8.315284240879502e-07,-14.00001335144043,-1.3828182090946939e-05,attack,no
4812,0,0,0.0002034269495804164,-8.500204086303711,-0.00020394629973452538,attack,no
4813,0,0,2.3823702358575385e-07,-15.250007629394531,-8.106198947643861e-06,attack,no
4814,0,0,3.726639284144195e-06,-12.500004768371582,-4.768360213347478e-06,attack,no
4815,0,0,5.602793734519342e-09,-19.000001907348633,-1.4305104514278355e-06,attack,no
4816,0,0,6.825606165017571e-08,-16.5000057220459,-6.198863957251888e-06,attack,no
4817,0,0,0.00012339460445059917,-9.000123977661133,-0.00012420836719684303,attack,no
4818,0,0,3.3982686180520394e-09,-19.50000762939453,-7.867782187531702e-06,attack,no
4819,0,0,1.1253524254059873e-07,-16.000009536743164,-1.0251946150674485e-05,attack,no
4820,0,0,1.1253524254059873e-07,-16.000009536743164,-1.0251946150674485e-05,attack,no
4821,0,0,1.605227861239821e-09,-20.250003814697266,-3.6954811548639555e-06,attack,no
4822,0,0,4.139935572738979e-08,-17.000017166137695,-1.6689160474925302e-05,attack,no
4823,0,0,7.889265407177056e-06,-11.75001049041748,-1.0847986231965479e-05,attack,no
4824,0,0,1.1253521571574156e-07,-16.000001907348633,-2.3841830625315197e-06,attack,no
4825,0,0,3.224189323773857e-08,-17.25,-8.344646857949556e-07,attack,no
4826,0,0,0.010986945130224827,-4.511050224304199,-0.011050454340875149,attack,no
4827,0,0,6.144173869558638e-06,-12.000008583068848,-8.4638240878121e-06,attack,no
4828,0,0,3.398266187523398e-09,-19.500001907348633,-1.4305104514278355e-06,attack,no
4829,0,0,1.6052278612482156e-09,-20.250001907348633,-1.7881377516459906e-06,attack,no
4830,0,0,4.78509506523245e-06,-12.250005722045898,-5.8412379075889476e-06,attack,no
4831,0,0,7.194139839403463e-09,-18.750001907348633,-2.861018856492592e-06,attack,no
4832,0,0,1.9555685367259194e-08,-17.75000762939453,-7.867782187531702e-06,attack,no
4833,0,0,4.363463274099553e-09,-19.25000762939453,-7.867782187531702e-06,attack,no
4834,0,0,7.1941364088631495e-09,-18.7500057220459,-6.198863957251888e-06,attack,no
4835,0,0,3.3982686180520394e-09,-19.50000762939453,-7.867782187531702e-06,attack,no
4836,0,0,1.1253508156363578e-07,-16.000001907348633,-1.1920922133867862e-06,attack,no
4837,0,0,4.363463274099553e-09,-19.25000762939453,-7.867782187531702e-06,attack,no
4838,0,0,4.1399375473642086e-08,-17.000003814697266,-3.814689989667386e-06,attack,no
4839,0,0,2.6465758403779147e-09,-19.75,-8.344646857949556e-07,attack,no
4840,0,0,0.0003353500715262566,-8.000336647033691,-0.0003364712174516171,attack,no
4841,0,0,5.602801749327794e-09,-19.000003814697266,-4.768360213347478e-06,attack,no
4842,0,0,1.444979520545713e-07,-15.750001907348633,-1.5497195136049413e-06,attack,no
4843,0,0,1.4449803818156628e-07,-15.75000286102295,-3.099436753473128e-06,attack,no
4844,0,0,1.955566438681241e-08,-17.750003814697266,-2.9802276912960224e-06,attack,no
4845,0,1,0.7772998663336157,-0.2519319951534271,-1.5019320249557495,attack,yes
4846,0,0,1.1861131322259895e-08,-18.250001907348633,-2.861018856492592e-06,attack,no
4847,0,0,0.00012339454550563058,-9.000131607055664,-0.00013136000779923052,attack,no
4848,0,0,1.186112566625516e-08,-18.2500057220459,-6.198863957251888e-06,attack,no
4849,0,0,0.00043055709263511,-7.750431060791016,-0.00043108707177452743,attack,no
4850,0,0,2.6465733163905695e-09,-19.750003814697266,-3.6954811548639555e-06,attack,no
4851,0,0,7.48462272982417e-05,-9.500075340270996,-7.533743337262422e-05,attack,no
4852,0,0,8.764251630418801e-08,-16.250001907348633,-2.3841830625315197e-06,attack,no
4853,0,0,0.000911051357955618,-7.000912189483643,-0.000912369170691818,attack,no
4854,0,0,1.1861114353175022e-08,-18.250017166137695,-1.6689160474925302e-05,attack,no
4855,0,0,0.005220126842166147,-5.255234718322754,-0.005234939511865377,attack,no
4856,0,0,1.2501536099095834e-09,-20.500009536743164,-1.0132738680113107e-05,attack,no
4857,0,0,2.0611541095438413e-09,-20.00000762939453,-7.867782187531702e-06,attack,no
4858,0,0,0.010986940232161724,-4.511048316955566,-0.011048096232116222,attack,no
4859,0,0,5.602799745388451e-09,-19.000009536743164,-1.0132738680113107e-05,attack,no
4860,0,0,1.8553907971879078e-07,-15.500000953674316,-8.344646857949556e-07,attack,no
4861,0,0,6.475946437966953e-07,-14.250005722045898,-5.483612312673358e-06,attack,no
4862,0,0,0.029312230327373224,-3.5297532081604004,-0.029753193259239197,attack,no
4863,0,0,7.1941364088631495e-09,-18.7500057220459,-6.198863957251888e-06,attack,no
4864,0,0,9.237446272290006e-09,-18.50001335144043,-1.2993727978027891e-05,attack,no
4865,0,0,3.3982686180520394e-09,-19.50000762939453,-7.867782187531702e-06,attack,no
4866,0,0,5.3157881400334906e-08,-16.750009536743164,-1.0132738680113107e-05,attack,no
4867,0,0,4.1399400147791785e-08,-17.000009536743164,-1.0132738680113107e-05,attack,no
4868,0,0,2.1444943298944354e-05,-10.750029563903809,-2.932505594799295e-05,attack,no
4869,0,0,3.927862939142783e-07,-14.750000953674316,-1.1920922133867862e-06,attack,no
4870,0,0,4.1399355733145916e-08,-17.000001907348633,-1.4305104514278355e-06,attack,no
4871,0,0,9.237452880186979e-09,-18.500001907348633,-2.264974000354414e-06,attack,no
4872,0,0,1.1861114354824179e-08,-18.250001907348633,-1.4305104514278355e-06,attack,no
4873,0,0,1.1861122838202565e-08,-18.25000762939453,-7.867782187531702e-06,attack,no
4874,0,0,4.785094494750856e-06,-12.250007629394531,-7.629365427419543e-06,attack,no
4875,0,0,0.0007096703894000376,-7.2507100105285645,-0.0007099968497641385,attack,no
4876,0,0,8.764240132384874e-08,-16.250036239624023,-3.540453326422721e-05,attack,no
4877,0,0,1.5229977697101562e-08,-18.000003814697266,-3.6954811548639555e-06,attack,no
4878,0,0,5.6028017493685595e-09,-19.000001907348633,-2.861018856492592e-06,attack,no
4879,0,0,1.9555699354962477e-08,-17.750003814697266,-4.768360213347478e-06,attack,no
4880,0,0,1.06770248817616e-06,-13.750007629394531,-7.271740287251305e-06,attack,no
4881,0,0,1.1253522913127183e-07,-16.0,-5.960462772236497e-07,attack,no
4882,0,0,3.224186633279476e-08,-17.250003814697266,-3.814689989667386e-06,attack,no
4883,0,0,6.475945666009862e-07,-14.250004768371582,-4.410734163684538e-06,attack,no
4884,0,0,1.1253506814715717e-07,-16.0000057220459,-4.887569048150908e-06,attack,no
4885,0,0,9.237453979266373e-09,-18.50002098083496,-2.1457441107486375e-05,attack,no
4886,0,0,7.19413212095096e-09,-18.750001907348633,-1.7881377516459906e-06,attack,no
4887,0,0,1.6052286266792286e-09,-20.250001907348633,-2.264974000354414e-06,attack,no
4888,0,0,4.139935572738979e-08,-17.000017166137695,-1.6689160474925302e-05,attack,no
4889,0,0,1.855390354397046e-07,-15.500021934509277,-2.1576648578047752e-05,attack,no
4890,0,0,9.237448475435691e-09,-18.500001907348633,-1.7881377516459906e-06,attack,no
4891,0,0,2.646574262815324e-09,-19.75000762939453,-7.867782187531702e-06,attack,no
4892,0,0,2.061152880890023e-09,-20.00001335144043,-1.2993727978027891e-05,attack,no
4893,0,0,1.4449803818156628e-07,-15.75000286102295,-3.099436753473128e-06,attack,no
4894,0,0,1.1253512179342995e-07,-16.000017166137695,-1.680836794548668e-05,attack,no
4895,0,0,9.237458386124842e-09,-18.500001907348633,-2.861018856492592e-06,attack,no
4896,0,0,8.315283250211149e-07,-14.000006675720215,-7.033323527139146e-06,attack,no
4897,0,0,3.9278615344267634e-07,-14.750001907348633,-1.7881377516459906e-06,attack,no
4898,0,1,0.9959298627144747,-0.004079235717654228,-5.504079341888428,attack,yes
4899,0,0,1.9555678374073827e-08,-17.750003814697266,-3.6954811548639555e-06,attack,no
4900,0,0,1.370957860567974e-06,-13.500003814697266,-4.291525328881107e-06,attack,no
4901,0,0,6.825600468452646e-08,-16.500017166137695,-1.680836794548668e-05,attack,no
4902,0,1,0.9998766053661228,-0.0001234931987710297,-9.000123023986816,attack,yes
4903,0,0,1.6052295834677782e-09,-20.250001907348633,-2.861018856492592e-06,attack,no
4904,0,0,8.764240137829087e-08,-16.250003814697266,-2.9802276912960224e-06,attack,no
4905,0,0,4.1399400147791785e-08,-17.000009536743164,-1.0132738680113107e-05,attack,no
4906,0,0,1.1861115767788153e-08,-18.25001335144043,-1.2993727978027891e-05,attack,no
4907,0,0,3.224188170653665e-08,-17.2500057220459,-6.198863957251888e-06,attack,no
4908,0,0,8.764255809560199e-08,-16.25,-9.536738616588991e-07,attack,no
4909,0,0,9.237445171872554e-09,-18.500001907348633,-1.4305104514278355e-06,attack,no
4910,0,0,1.1253524254059873e-07,-16.000009536743164,-1.0251946150674485e-05,attack,no
4911,0,0,3.3982694283026877e-09,-19.5000057220459,-6.198863957251888e-06,attack,no
4912,0,0,1.444979520545713e-07,-15.750001907348633,-1.5497195136049413e-06,attack,no
4913,0,0,1.670141985473358e-05,-11.000017166137695,-1.7046782886609435e-05,attack,no
4914,0,0,2.646574893839164e-09,-19.7500057220459,-6.198863957251888e-06,attack,no
4915,0,0,1.4449802095504282e-07,-15.750004768371582,-4.887569048150908e-06,attack,no
4916,0,0,2.3823685313735554e-07,-15.250021934509277,-2.169585604860913e-05,attack,no
4917,0,0,7.1941295481333906e-09,-18.750001907348633,-1.4305104514278355e-06,attack,no
4918,0,0,0.0024726226466751226,-6.002476215362549,-0.0024760086089372635,attack,no
4919,0,0,2.6465733163905695e-09,-19.750003814697266,-3.6954811548639555e-06,attack,no
4920,0,0,4.3634643135573065e-09,-19.25002098083496,-2.1457441107486375e-05,attack,no
4921,0,1,0.9626731123881445,-0.038042791187763214,-3.2880427837371826,attack,yes
4922,0,0,0.00015843616042635408,-8.750160217285156,-0.00015984688070602715,attack,no
4923,0,0,1.1861131322173594e-08,-18.250003814697266,-4.768360213347478e-06,attack,no
4924,0,0,2.511000589237424e-08,-17.500009536743164,-1.0132738680113107e-05,attack,no
4925,0,0,3.2241839428313264e-08,-17.250001907348633,-1.0728830375228426e-06,attack,no
4926,0,0,2.260325106227045e-06,-13.000004768371582,-5.125986263010418e-06,attack,no
4927,0,0,3.0590215398648245e-07,-15.000006675720215,-6.437280717364047e-06,attack,no
4928,0,0,3.3982710487504767e-09,-19.500003814697266,-4.768360213347478e-06,attack,no
4929,0,0,7.19413212095096e-09,-18.750001907348633,-1.7881377516459906e-06,attack,no
4930,0,0,2.260325106227045e-06,-13.000004768371582,-5.125986263010418e-06,attack,no
4931,0,0,7.194139839351118e-09,-18.750003814697266,-4.768360213347478e-06,attack,no
4932,0,0,3.726640616882752e-06,-12.500004768371582,-5.125986263010418e-06,attack,no
4933,0,0,1.855390354791913e-07,-15.500006675720215,-6.318072337307967e-06,attack,no
4934,0,0,1.955566438681241e-08,-17.750003814697266,-2.9802276912960224e-06,attack,no
4935,0,0,3.224185095888061e-08,-17.250001907348633,-1.4305104514278355e-06,attack,no
4936,0,0,1.444979520545713e-07,-15.750001907348633,-1.5497195136049413e-06,attack,no
4937,0,0,2.0611526353536974e-09,-20.000001907348633,-1.4305104514278355e-06,attack,no
4938,0,0,6.475949525057053e-07,-14.250017166137695,-1.7404405298293568e-05,attack,no
4939,0,0,0.5,-0.6931478977203369,-0.6931478977203369,attack,no
4940,0,0,7.484625405571629e-05,-9.500076293945312,-7.664863369427621e-05,attack,no
4941,0,0,5.602798409848411e-09,-19.000001907348633,-2.264974000354414e-06,attack,no
4942,0,0,2.646572369917712e-09,-19.750001907348633,-1.4305104514278355e-06,attack,no
4943,0,0,1.8553903548231313e-07,-15.50000286102295,-2.50339189733495e-06,attack,no
4944,0,0,0.0011695101600714818,-6.751171112060547,-0.0011710221879184246,attack,no
4945,0,0,2.3823693830152044e-07,-15.250027656555176,-2.777537883957848e-05,attack,no
4946,0,0,1.3709575337159875e-06,-13.500001907348633,-2.145764938177308e-06,attack,no
4947,0,0,1.1861122838202565e-08,-18.25000762939453,-7.867782187531702e-06,attack,no
4948,0,0,7.889263526180094e-06,-11.750011444091797,-1.156323378381785e-05,attack,no
4949,0,1,0.8519527982093668,-0.16023090481758118,-1.9102308750152588,attack,yes
4950,0,0,2.382370235935271e-07,-15.25,-4.768370445162873e-07,attack,no
4951,0,0,6.1441767993788e-06,-12.000006675720215,-7.033323527139146e-06,attack,no
4952,0,0,6.475951070002967e-07,-14.250001907348633,-2.3841830625315197e-06,attack,no
4953,0,0,4.36346533476792e-09,-19.25009536743164,-9.60780744208023e-05,attack,no
4954,0,0,4.539786865090791e-05,-10.00004768371582,-4.768258077092469e-05,attack,no
4955,0,0,1.4449795205472737e-07,-15.750000953674316,-5.960462772236497e-07,attack,no
4956,0,0,1.8553903548231313e-07,-15.50000286102295,-2.50339189733495e-06,attack,no
4957,0,0,7.484621836619827e-05,-9.500077247619629,-7.712543447269127e-05,attack,no
4958,0,0,9.237458386124842e-09,-18.500001907348633,-2.861018856492592e-06,attack,no
4959,0,0,4.363461713731754e-09,-19.250001907348633,-1.7881377516459906e-06,attack,no
4960,0,0,0.008577486261139761,-4.758614540100098,-0.00861463975161314,attack,no
4961,0,0,2.260325375695676e-06,-13.00000286102295,-3.3378546504536644e-06,attack,no
4962,0,0,0.0009110510331239211,-7.000911712646484,-0.0009115354623645544,attack,no
4963,0,0,1.1861118596683194e-08,-18.250001907348633,-1.7881377516459906e-06,attack,no
4964,0,0,5.602798409848411e-09,-19.000001907348633,-2.264974000354414e-06,attack,no
4965,0,0,9.237456183779127e-09,-18.5,-7.152555099310121e-07,attack,no
4966,0,0,2.3823693839290315e-07,-15.250001907348633,-2.0265558760002023e-06,attack,no
4967,0,0,7.1941295481333906e-09,-18.750001907348633,-1.4305104514278355e-06,attack,no
4968,0,0,7.194134693562525e-09,-18.75000762939453,-7.867782187531702e-06,attack,no
4969,0,0,5.3157887739943563e-08,-16.75,-7.152555099310121e-07,attack,no
4970,0,0,2.3823702358575385e-07,-15.250007629394531,-8.106198947643861e-06,attack,no
4971,0,0,4.363466395178121e-09,-19.250003814697266,-4.768360213347478e-06,attack,no
4972,0,0,4.1399375473642086e-08,-17.000003814697266,-3.814689989667386e-06,attack,no
4973,0,0,1.1861114354824179e-08,-18.250001907348633,-1.4305104514278355e-06,attack,no
4974,0,0,1.1861118596621165e-08,-18.250003814697266,-3.6954811548639555e-06,attack,no
4975,0,0,8.764251630275323e-08,-16.2500057220459,-6.198863957251888e-06,attack,no
4976,0,0,4.78509506523245e-06,-12.250005722045898,-5.8412379075889476e-06,attack,no
4977,0,0,1.9555687699034453e-08,-17.750001907348633,-2.264974000354414e-06,attack,no
4978,0,0,7.889263526180094e-06,-11.750011444091797,-1.156323378381785e-05,attack,no
4979,0,0,9.237458386124842e-09,-18.500001907348633,-2.861018856492592e-06,attack,no
4980,0,0,1.370957860576702e-06,-13.500001907348633,-2.3841830625315197e-06,attack,no
4981,0,0,9.237448475435691e-09,-18.500001907348633,-1.7881377516459906e-06,attack,no
4982,0,0,1.1253510839405181e-07,-16.000001907348633,-1.4305104514278355e-06,attack,no
4983,0,0,3.9278610661822475e-07,-14.75000286102295,-2.622600959512056e-06,attack,no
4984,0,0,1.9555678374073827e-08,-17.750003814697266,-3.6954811548639555e-06,attack,no
4985,0,0,9.237452880186979e-09,-18.500001907348633,-2.264974000354414e-06,attack,no
4986,0,0,2.510998192095417e-08,-17.500045776367188,-4.541770613286644e-05,attack,no
4987,0,0,2.6465745783867997e-09,-19.750001907348633,-2.264974000354414e-06,attack,no
4988,0,0,2.6465733163905695e-09,-19.750003814697266,-3.6954811548639555e-06,attack,no
4989,0,0,1.0677029973056687e-06,-13.750005722045898,-5.8412379075889476e-06,attack,no
4990,0,0,1.4449803818156628e-07,-15.75000286102295,-3.099436753473128e-06,attack,no
4991,0,0,0.00043055709263511,-7.750431060791016,-0.00043108707177452743,attack,no
4992,0,0,9.237441868309548e-09,-18.500001907348633,-1.0728830375228426e-06,attack,no
4993,0,0,0.01406362469297572,-4.264163970947266,-0.014163801446557045,attack,no
4994,0,0,1.5229988589762417e-08,-18.000009536743164,-1.0132738680113107e-05,attack,no
4995,0,0,9.237458386124842e-09,-18.500001907348633,-2.861018856492592e-06,attack,no
4996,0,0,2.3823693839154893e-07,-15.250003814697266,-3.933898824470816e-06,attack,no
4997,0,0,5.315784338149369e-08,-16.750001907348633,-1.7881377516459906e-06,attack,no
4998,0,0,2.646576155845173e-09,-19.750003814697266,-4.768360213347478e-06,attack,no
4999,0,0,1.4449800373118265e-07,-15.750000953674316,-9.536738616588991e-07,attack,no
5000,0,0,9.61024265079047e-05,-9.250096321105957,-9.643566590966657e-05,attack,no
5001,0,0,5.043472278299047e-07,-14.500003814697266,-3.4570634852570947e-06,attack,no
5002,0,0,1.855391460719133e-07,-15.50000286102295,-3.099436753473128e-06,attack,no
5003,0,0,1.9555678374073827e-08,-17.750003814697266,-3.6954811548639555e-06,attack,no
5004,0,0,2.1444945859421904e-05,-10.750021934509277,-2.1815061700181104e-05,attack,no
5005,0,0,3.224186248944841e-08,-17.250001907348633,-1.7881377516459906e-06,attack,no
5006,0,0,0.0007096705576117306,-7.250711441040039,-0.0007116645574569702,attack,no
5007,0,0,0.00033535015131654734,-8.000337600708008,-0.00033766290289349854,attack,no
5008,0,0,3.7266383956340114e-06,-12.500005722045898,-5.483612312673358e-06,attack,no
5009,0,0,9.237448475435691e-09,-18.500001907348633,-1.7881377516459906e-06,attack,no
5010,0,0,1.7603430034559798e-06,-13.250006675720215,-6.556489552167477e-06,attack,no
5011,0,0,0.0005527787496058222,-7.500554084777832,-0.000554288737475872,attack,no
5012,0,0,9.237448475387384e-09,-18.500003814697266,-3.6954811548639555e-06,attack,no
5013,0,0,2.9023116392097746e-06,-12.750003814697266,-3.6954811548639555e-06,attack,no
5014,0,0,3.224185479971474e-08,-17.25001335144043,-1.2993727978027891e-05,attack,no
5015,0,0,3.224186633279476e-08,-17.250003814697266,-3.814689989667386e-06,attack,no
5016,0,0,3.059023363231725e-07,-15.00000286102295,-3.2186455882765586e-06,attack,no
5017,0,0,2.5109969973413987e-08,-17.500003814697266,-2.9802276912960224e-06,attack,no
5018,0,0,1.1861122838202565e-08,-18.25000762939453,-7.867782187531702e-06,attack,no
5019,0,0,6.475946438022907e-07,-14.250003814697266,-3.576272320060525e-06,attack,no
5020,0,0,1.067702997315865e-06,-13.750003814697266,-3.933898824470816e-06,attack,no
5021,0,0,1.6701425827436946e-05,-11.000017166137695,-1.7404405298293568e-05,attack,no
5022,0,0,1.9555678374176093e-08,-17.750001907348633,-1.7881377516459906e-06,attack,no
5023,0,0,7.194137266242078e-09,-18.750009536743164,-1.0132738680113107e-05,attack,no
5024,0,0,0.005220125623432879,-5.255234241485596,-0.005234227981418371,attack,no
5025,0,0,2.5109969973413987e-08,-17.500003814697266,-2.9802276912960224e-06,attack,no
5026,0,0,1.6918987286980196e-10,-22.50002098083496,-2.1457441107486375e-05,attack,no
5027,0,0,7.582563133878825e-10,-21.000001907348633,-2.264974000354414e-06,attack,no
5028,0,0,1.4449802095504282e-07,-15.750004768371582,-4.887569048150908e-06,attack,no
5029,0,0,6.4759464380553e-07,-14.250001907348633,-1.6689286894688848e-06,attack,no
5030,0,0,0.005220125006811988,-5.255234241485596,-0.005234109237790108,attack,no
5031,0,0,8.764241182641775e-08,-16.250001907348633,-1.1920922133867862e-06,attack,no
5032,0,0,1.1861131322173594e-08,-18.250003814697266,-4.768360213347478e-06,attack,no
5033,0,1,0.96267311613631,-0.038042448461055756,-3.2880425453186035,attack,yes
5034,0,0,1.9555699354962477e-08,-17.750003814697266,-4.768360213347478e-06,attack,no
5035,0,0,5.602799077661068e-09,-19.0000057220459,-6.198863957251888e-06,attack,no
5036,0,0,1.605228818041236e-09,-20.25,-4.768370445162873e-07,attack,no
5037,0,0,3.059023363231725e-07,-15.00000286102295,-3.2186455882765586e-06,attack,no
5038,0,0,6.825597214691097e-08,-16.500003814697266,-2.9802276912960224e-06,attack,no
5039,0,0,6.144172404738491e-06,-12.000007629394531,-7.271740287251305e-06,attack,no
5040,0,0,1.8553912395338048e-07,-15.500003814697266,-3.933898824470816e-06,attack,no
5041,0,0,1.1861115767788153e-08,-18.25001335144043,-1.2993727978027891e-05,attack,no
5042,0,0,0.010986945190944631,-4.511049747467041,-0.011049983091652393,attack,no
5043,0,0,2.260323758977908e-06,-13.000004768371582,-4.529942543740617e-06,attack,no
5044,0,0,0.0019267344999029177,-6.251935005187988,-0.0019349202048033476,attack,no
5045,0,0,7.194135551374727e-09,-18.750001907348633,-2.264974000354414e-06,attack,no
5046,0,0,1.1253516205427619e-07,-16.000003814697266,-3.814689989667386e-06,attack,no
5047,0,0,8.764252675221401e-08,-16.25,-5.960462772236497e-07,attack,no
5048,0,0,1.7603427936335398e-06,-13.250003814697266,-3.576272320060525e-06,attack,no
5049,0,0,1.1253506814715717e-07,-16.0000057220459,-4.887569048150908e-06,attack,no
5050,0,0,1.7603430034743915e-06,-13.250004768371582,-4.6491513785440475e-06,attack,no
5051,0,0,1.0677028700320083e-06,-13.750004768371582,-4.768360213347478e-06,attack,no
5052,0,0,6.825609419848033e-08,-16.5,-9.536738616588991e-07,attack,no
5053,0,0,3.0590215398648245e-07,-15.000006675720215,-6.437280717364047e-06,attack,no
5054,0,0,1.670141985415638e-05,-11.000019073486328,-1.8954096958623268e-05,attack,no
5055,0,0,1.6052278612482156e-09,-20.250001907348633,-1.7881377516459906e-06,attack,no
5056,0,0,4.139939027941222e-08,-17.000001907348633,-2.264974000354414e-06,attack,no
5057,0,0,9.237452880186979e-09,-18.500001907348633,-2.264974000354414e-06,attack,no
5058,0,0,8.764251630418801e-08,-16.250001907348633,-2.3841830625315197e-06,attack,no
5059,0,0,0.0002611904034746835,-8.250262260437012,-0.00026258357684127986,attack,no
5060,0,0,0.0005527786179824405,-7.500554084777832,-0.0005540504935197532,attack,no
5061,0,0,5.602793733740335e-09,-19.000017166137695,-1.6689160474925302e-05,attack,no
5062,0,0,9.610242648972628e-05,-9.25009822845459,-9.83428253675811e-05,attack,no
5063,0,0,7.1941321209133375e-09,-18.750003814697266,-3.6954811548639555e-06,attack,no
5064,0,0,1.067703124601679e-06,-13.750001907348633,-2.145764938177308e-06,attack,no
5065,0,0,7.194130398314994e-09,-18.750045776367188,-4.541770613286644e-05,attack,no
5066,0,0,8.764247451259466e-08,-16.250003814697266,-3.814689989667386e-06,attack,no
5067,0,0,1.444979520545713e-07,-15.750001907348633,-1.5497195136049413e-06,attack,no
5068,0,0,1.1861124252495773e-08,-18.250001907348633,-2.264974000354414e-06,attack,no
5069,0,0,4.363464834730082e-09,-19.25,-5.960462772236497e-07,attack,no
5070,0,0,4.139936066487447e-08,-17.00001335144043,-1.2993727978027891e-05,attack,no
5071,0,0,1.4449807263287805e-07,-15.750001907348633,-2.3841830625315197e-06,attack,no
5072,0,0,7.194135551374727e-09,-18.750001907348633,-2.264974000354414e-06,attack,no
5073,0,0,6.825602910396625e-08,-16.500003814697266,-3.814689989667386e-06,attack,no
5074,0,0,2.061154600985703e-09,-20.0000057220459,-6.198863957251888e-06,attack,no
5075,0,0,1.5229977697181206e-08,-18.000001907348633,-1.7881377516459906e-06,attack,no
5076,0,0,6.825597214641435e-08,-16.5000057220459,-4.887569048150908e-06,attack,no
5077,0,0,1.5229986774691235e-08,-18.0000057220459,-6.198863957251888e-06,attack,no
5078,0,0,1.1861127079834025e-08,-18.250009536743164,-1.0132738680113107e-05,attack,no
5079,0,0,1.1253508156363578e-07,-16.000001907348633,-1.1920922133867862e-06,attack,no
5080,0,0,4.3634617137089345e-09,-19.250003814697266,-3.6954811548639555e-06,attack,no
5081,0,0,3.581746221086528e-10,-21.750001907348633,-1.4305104514278355e-06,attack,no
5082,0,0,4.1399410020273135e-08,-17.0,-8.344646857949556e-07,attack,no
5083,0,0,3.398267402818601e-09,-19.500003814697266,-3.6954811548639555e-06,attack,no
5084,0,0,3.224188554904223e-08,-17.250009536743164,-1.0132738680113107e-05,attack,no
5085,0,0,1.5229986771463815e-08,-18.00002098083496,-2.1457441107486375e-05,attack,no
5086,0,0,8.315278294097537e-07,-14.00000286102295,-2.622600959512056e-06,attack,no
5087,0,0,0.02931223212930141,-3.5297510623931885,-0.029751110821962357,attack,no
5088,0,0,6.475950298021765e-07,-14.250000953674316,-1.311301275563892e-06,attack,no
5089,0,0,4.363464834508588e-09,-19.250009536743164,-1.0132738680113107e-05,attack,no
5090,0,0,1.522998495938826e-08,-18.000001907348633,-2.264974000354414e-06,attack,no
5091,0,0,1.3007130015677907e-05,-11.250014305114746,-1.4424220353248529e-05,attack,no
5092,0,0,4.363460673039411e-09,-19.25001335144043,-1.2993727978027891e-05,attack,no
5093,0,0,1.9555687699034453e-08,-17.750001907348633,-2.264974000354414e-06,attack,no
5094,0,0,1.4449803818215767e-07,-15.750000953674316,-1.1920922133867862e-06,attack,no
5095,0,0,9.237445171872554e-09,-18.500001907348633,-1.4305104514278355e-06,attack,no
5096,0,0,3.7266406167488732e-06,-12.500009536743164,-9.894321920000948e-06,attack,no
5097,0,0,3.7266388398060374e-06,-12.500008583068848,-8.4638240878121e-06,attack,no
5098,0,0,3.059021175162223e-07,-15.000008583068848,-8.22540732769994e-06,attack,no
5099,0,0,9.237446272290006e-09,-18.50001335144043,-1.2993727978027891e-05,attack,no
5100,0,0,5.31578497181003e-08,-16.750003814697266,-3.814689989667386e-06,attack,no
5101,0,0,1.0677028700320083e-06,-13.750004768371582,-4.768360213347478e-06,attack,no
5102,0,0,3.927863407331258e-07,-14.750004768371582,-5.125986263010418e-06,attack,no
5103,0,0,9.736206106263654e-10,-20.750009536743164,-1.0132738680113107e-05,attack,no
5104,0,0,1.3007130015677907e-05,-11.250014305114746,-1.4424220353248529e-05,attack,no
5105,0,0,6.825605351255104e-08,-16.50000762939453,-7.986990567587782e-06,attack,no
5106,0,0,1.3007123813193231e-05,-11.250016212463379,-1.585470999998506e-05,attack,no
5107,0,0,7.194130398314994e-09,-18.750045776367188,-4.541770613286644e-05,attack,no
5108,0,0,7.194139839351118e-09,-18.750003814697266,-4.768360213347478e-06,attack,no
5109,0,0,1.855391460719133e-07,-15.50000286102295,-3.099436753473128e-06,attack,no
5110,0,0,1.06770248817616e-06,-13.750007629394531,-7.271740287251305e-06,attack,no
5111,0,0,1.9555690029929595e-08,-17.7500057220459,-6.198863957251888e-06,attack,no
5112,0,0,2.5110014873406942e-08,-17.500003814697266,-4.768360213347478e-06,attack,no
5113,0,0,0.014063624602580736,-4.264164447784424,-0.014164271764457226,attack,no
5114,0,0,0.00026119021675880823,-8.250262260437012,-0.0002618685248307884,attack,no
5115,0,0,3.3982674028363726e-09,-19.500001907348633,-1.7881377516459906e-06,attack,no
5116,0,0,7.48462272982417e-05,-9.500075340270996,-7.533743337262422e-05,attack,no
5117,0,0,3.0590233632073814e-07,-15.000004768371582,-5.125986263010418e-06,attack,no
5118,0,0,1.1861131322259895e-08,-18.250001907348633,-2.861018856492592e-06,attack,no
5119,0,0,4.7850933539684755e-06,-12.250005722045898,-5.483612312673358e-06,attack,no
5120,0,0,0.00043055704126817955,-7.750431537628174,-0.0004314445541240275,attack,no
5121,0,0,0.14804719239327382,-1.9102245569229126,-0.16022451221942902,attack,no
5122,0,0,6.825606165129312e-08,-16.500001907348633,-2.3841830625315197e-06,attack,no
5123,0,0,1.955566438681241e-08,-17.750003814697266,-2.9802276912960224e-06,attack,no
5124,0,0,0.008577484178209957,-4.758615493774414,-0.008615348488092422,attack,no
5125,0,0,1.7603427928890656e-06,-13.250029563903809,-2.932505594799295e-05,attack,no
5126,0,0,0.000911051357584745,-7.000912666320801,-0.0009128456003963947,attack,no
5127,0,0,7.194134693562525e-09,-18.75000762939453,-7.867782187531702e-06,attack,no
5128,0,0,5.04347588565724e-07,-14.500003814697266,-4.172316494077677e-06,attack,no
5129,0,0,3.224183942818497e-08,-17.250003814697266,-2.9802276912960224e-06,attack,no
5130,0,0,2.0611533724782794e-09,-20.000001907348633,-1.7881377516459906e-06,attack,no
5131,0,0,3.0590215399246414e-07,-15.000001907348633,-1.6689286894688848e-06,attack,no
5132,0,0,1.5229983143399848e-08,-18.00000762939453,-7.867782187531702e-06,attack,no
5133,0,0,4.3634617137089345e-09,-19.250003814697266,-3.6954811548639555e-06,attack,no
5134,0,0,6.825606165129312e-08,-16.500001907348633,-2.3841830625315197e-06,attack,no
5135,0,0,2.260323758987159e-06,-13.000003814697266,-3.576272320060525e-06,attack,no
5136,0,0,0.22270013366638422,-1.50193452835083,-0.2519344985485077,attack,no
5137,0,0,0.00012339463383242603,-9.000125885009766,-0.00012635385792236775,attack,no
5138,0,0,4.3634663952098696e-09,-19.250001907348633,-2.861018856492592e-06,attack,no
5139,0,0,1.8553907970265435e-07,-15.50001335144043,-1.3232143828645349e-05,attack,no
5140,0,0,5.602795738202386e-09,-19.000003814697266,-3.6954811548639555e-06,attack,no
5141,0,0,9.61024035730345e-05,-9.250099182128906,-9.905801562126726e-05,attack,no
5142,0,0,1.1253506814797596e-07,-16.000003814697266,-2.9802276912960224e-06,attack,no
5143,0,0,3.92786200232035e-07,-14.75001335144043,-1.3351351299206726e-05,attack,no
5144,0,0,5.0434758856882e-07,-14.500001907348633,-2.264974000354414e-06,attack,no
5145,0,0,1.9555685367259194e-08,-17.75000762939453,-7.867782187531702e-06,attack,no
5146,0,1,0.9992903294416453,-0.0007102350937202573,-7.2507100105285645,attack,yes
5147,0,0,2.9023133691112136e-06,-12.750003814697266,-4.291525328881107e-06,attack,no
5148,0,0,1.1861131322173594e-08,-18.250003814697266,-4.768360213347478e-06,attack,no
5149,0,0,5.602799077661068e-09,-19.0000057220459,-6.198863957251888e-06,attack,no
5150,0,0,4.363463794388956e-09,-19.250001907348633,-2.264974000354414e-06,attack,no
5151,0,0,1.0129990980321136e-05,-11.50001049041748,-1.0490362910786644e-05,attack,no
5152,0,0,0.07585817427579646,-2.5788910388946533,-0.07889095693826675,attack,no
5153,0,0,6.825605351255104e-08,-16.50000762939453,-7.986990567587782e-06,attack,no
5154,0,0,2.5109978950037637e-08,-17.500017166137695,-1.6689160474925302e-05,attack,no
5155,0,0,3.224188170653665e-08,-17.2500057220459,-6.198863957251888e-06,attack,no
5156,0,0,5.602801749327794e-09,-19.000003814697266,-4.768360213347478e-06,attack,no
5157,0,0,4.1399395205144004e-08,-17.00002098083496,-2.1457441107486375e-05,attack,no
5158,0,0,5.3157824370802075e-08,-16.750001907348633,-1.4305104514278355e-06,attack,no
5159,0,0,9.237452880186979e-09,-18.500001907348633,-2.264974000354414e-06,attack,no
5160,0,0,5.0434758856882e-07,-14.500001907348633,-2.264974000354414e-06,attack,no
5161,0,1,0.9859363755782091,-0.014165212400257587,-4.26416540145874,attack,yes
5162,0,1,0.9999724642990491,-2.8013790142722428e-05,-10.500027656555176,attack,yes
5163,0,0,5.6027957382316866e-09,-19.000001907348633,-1.7881377516459906e-06,attack,no
5164,0,0,3.398267402818601e-09,-19.500003814697266,-3.6954811548639555e-06,attack,no
5165,0,0,6.825606165017571e-08,-16.5000057220459,-6.198863957251888e-06,attack,no
5166,0,1,0.9990889486436338,-0.0009142747730948031,-7.000914096832275,attack,yes
5167,0,0,9.237448475387384e-09,-18.500003814697266,-3.6954811548639555e-06,attack,no
5168,0,0,9.73619565958556e-10,-20.750017166137695,-1.6689160474925302e-05,attack,no
5169,0,0,2.2603237589938405e-06,-13.00000286102295,-2.622600959512056e-06,attack,no
5170,0,0,3.0590233632073814e-07,-15.000004768371582,-5.125986263010418e-06,attack,no
5171,0,0,5.602794396641443e-09,-19.000045776367188,-4.541770613286644e-05,attack,no
5172,0,0,9.237455082120236e-09,-18.500009536743164,-1.0132738680113107e-05,attack,no
5173,0,0,3.0590229985588146e-07,-15.000003814697266,-4.0531076592742465e-06,attack,no
5174,0,0,9.610243796170806e-05,-9.250096321105957,-9.655486064730212e-05,attack,no
5175,0,0,6.144176799227921e-06,-12.000009536743164,-9.894321920000948e-06,attack,no
5176,0,0,6.825602910396625e-08,-16.500003814697266,-3.814689989667386e-06,attack,no
5177,0,0,1.8553903548231313e-07,-15.50000286102295,-2.50339189733495e-06,attack,no
5178,0,0,0.5,-0.6931504011154175,-0.6931504011154175,attack,no
5179,0,0,2.3823696679040837e-07,-15.250004768371582,-5.006777428206988e-06,attack,no
5180,0,1,0.8807970826714613,-0.12693066895008087,-2.1269307136535645,attack,yes
5181,0,0,0.0003353501913775638,-8.000336647033691,-0.00033682872890494764,attack,no
5182,0,0,1.1253524254059873e-07,-16.000009536743164,-1.0251946150674485e-05,attack,no
5183,0,0,2.510998793341295e-08,-17.500003814697266,-3.6954811548639555e-06,attack,no
5184,0,0,5.602799076473766e-09,-19.00002098083496,-2.1457441107486375e-05,attack,no
5185,0,0,6.825602910396625e-08,-16.500003814697266,-3.814689989667386e-06,attack,no
5186,0,0,4.53978902983119e-05,-10.000046730041504,-4.7205765440594405e-05,attack,no
5187,0,0,1.7603430034559798e-06,-13.250006675720215,-6.556489552167477e-06,attack,no
5188,0,0,1.3007130015843524e-05,-11.25001335144043,-1.3470558769768104e-05,attack,no
5189,0,0,1.0677028700397769e-06,-13.75000286102295,-2.861018856492592e-06,attack,no
5190,0,0,5.3157881400334906e-08,-16.750009536743164,-1.0132738680113107e-05,attack,no
5191,0,0,7.194139839351118e-09,-18.750003814697266,-4.768360213347478e-06,attack,no
5192,0,0,1.4449800373098553e-07,-15.750001907348633,-1.9073468138230965e-06,attack,no
5193,0,0,5.6027957382316866e-09,-19.000001907348633,-1.7881377516459906e-06,attack,no
5194,0,0,2.6465761558644295e-09,-19.750001907348633,-2.861018856492592e-06,attack,no
5195,0,0,1.6052278612482156e-09,-20.250001907348633,-1.7881377516459906e-06,attack,no
5196,0,0,1.6701429808632785e-05,-11.000019073486328,-1.9550132492440753e-05,attack,no
5197,0,0,1.44498003730197e-07,-15.750003814697266,-3.814689989667386e-06,attack,no
5198,0,0,1.1861115767788153e-08,-18.25001335144043,-1.2993727978027891e-05,attack,no
5199,0,0,4.539787944818477e-05,-10.0000581741333,-5.8410845667822286e-05,attack,no
5200,0,0,7.1941304051393674e-09,-18.75001335144043,-1.2993727978027891e-05,attack,no
5201,0,0,1.8553919030270097e-07,-15.500007629394531,-8.106198947643861e-06,attack,no
5202,0,0,3.535624650279073e-05,-10.25003719329834,-3.707340147229843e-05,attack,no
5203,0,0,1.5229974064808095e-08,-18.00001335144043,-1.2993727978027891e-05,attack,no
5204,0,0,5.315780535951295e-08,-16.7500057220459,-4.887569048150908e-06,attack,no
5205,0,0,2.7535687819442095e-05,-10.500030517578125,-3.0397906812140718e-05,attack,no
5206,0,0,4.139939521391704e-08,-17.0000057220459,-6.198863957251888e-06,attack,no
5207,0,0,6.144176066901277e-06,-12.000007629394531,-7.867782187531702e-06,attack,no
5208,0,0,4.785096206102278e-06,-12.250004768371582,-5.125986263010418e-06,attack,no
5209,0,0,3.3982690232538343e-09,-19.500001907348633,-2.264974000354414e-06,attack,no
5210,0,0,9.237455082120236e-09,-18.500009536743164,-1.0132738680113107e-05,attack,no
5211,0,0,1.1861115767788153e-08,-18.25001335144043,-1.2993727978027891e-05,attack,no
5212,0,0,3.5356263363171466e-05,-10.250035285949707,-3.564294092939235e-05,attack,no
5213,0,0,8.764240137829087e-08,-16.250003814697266,-2.9802276912960224e-06,attack,no
5214,0,0,5.6027957382316866e-09,-19.000001907348633,-1.7881377516459906e-06,attack,no
5215,0,0,1.8553907971879078e-07,-15.500000953674316,-8.344646857949556e-07,attack,no
5216,0,0,2.646571423431051e-09,-19.750001907348633,-1.0728830375228426e-06,attack,no
5217,0,0,3.9278610661822475e-07,-14.75000286102295,-2.622600959512056e-06,attack,no
5218,0,0,2.6465733163905695e-09,-19.750003814697266,-3.6954811548639555e-06,attack,no
5219,0,0,9.610243796170806e-05,-9.250096321105957,-9.655486064730212e-05,attack,no
5220,0,0,9.237441868309548e-09,-18.500001907348633,-1.0728830375228426e-06,attack,no
5221,0,0,9.237453981223904e-09,-18.5000057220459,-6.198863957251888e-06,attack,no
5222,0,0,4.363460153239007e-09,-19.250001907348633,-1.4305104514278355e-06,attack,no
5223,0,0,2.3823685318827418e-07,-15.250006675720215,-6.437280717364047e-06,attack,no
5224,0,0,0.0002034269495804164,-8.500204086303711,-0.00020394629973452538,attack,no
5225,0,0,5.3157868729085e-08,-16.750001907348633,-2.264974000354414e-06,attack,no
5226,0,0,1.8553914607043678e-07,-15.500004768371582,-5.006777428206988e-06,attack,no
5227,0,0,7.1941304051393674e-09,-18.75001335144043,-1.2993727978027891e-05,attack,no
5228,0,0,1.522999403703421e-08,-18.000003814697266,-4.768360213347478e-06,attack,no
5229,0,0,2.2603242977308913e-06,-13.000012397766113,-1.2397689715726301e-05,attack,no
5230,0,0,6.475946438022907e-07,-14.250003814697266,-3.576272320060525e-06,attack,no
5231,0,0,1.067703124601679e-06,-13.750001907348633,-2.145764938177308e-06,attack,no
5232,0,0,5.3157875053849685e-08,-16.75002098083496,-2.1457441107486375e-05,attack,no
5233,0,0,1.5229986774691235e-08,-18.0000057220459,-6.198863957251888e-06,attack,no
5234,0,0,2.0611548466288816e-09,-20.000009536743164,-1.0132738680113107e-05,attack,no
5235,0,0,3.0590215399246414e-07,-15.000001907348633,-1.6689286894688848e-06,attack,no
5236,0,0,4.785096206047877e-06,-12.250006675720215,-7.033323527139146e-06,attack,no
5237,0,0,8.315280276626197e-07,-14.000001907348633,-1.9073468138230965e-06,attack,no
5238,0,0,6.825597214691097e-08,-16.500003814697266,-2.9802276912960224e-06,attack,no
5239,0,0,1.1861118596621165e-08,-18.250003814697266,-3.6954811548639555e-06,attack,no
5240,0,0,1.1861131322259895e-08,-18.250001907348633,-2.861018856492592e-06,attack,no
5241,0,0,2.3823682479292225e-07,-15.250001907348633,-1.5497195136049413e-06,attack,no
5242,0,0,9.237453981223904e-09,-18.5000057220459,-6.198863957251888e-06,attack,no
5243,0,0,9.237452880186979e-09,-18.500001907348633,-2.264974000354414e-06,attack,no
5244,0,0,3.3982694275825525e-09,-19.50002098083496,-2.1457441107486375e-05,attack,no
5245,0,0,6.14417753159936e-06,-12.00001049041748,-1.0967194612021558e-05,attack,no
5246,0,0,1.1253516205427619e-07,-16.000003814697266,-3.814689989667386e-06,attack,no
5247,0,0,7.8892635264097e-06,-11.750008583068848,-8.702239938429557e-06,attack,no
5248,0,0,0.07585817323116976,-2.5788912773132324,-0.07889118045568466,attack,no
5249,0,0,7.194137266242078e-09,-18.750009536743164,-1.0132738680113107e-05,attack,no
5250,0,0,2.6465761558644295e-09,-19.750001907348633,-2.861018856492592e-06,attack,no
5251,0,0,5.043472278299047e-07,-14.500003814697266,-3.4570634852570947e-06,attack,no
5252,0,0,5.315787506511449e-08,-16.7500057220459,-6.198863957251888e-06,attack,no
5253,0,0,1.7603430034743915e-06,-13.250004768371582,-4.6491513785440475e-06,attack,no
5254,0,0,6.825597214641435e-08,-16.5000057220459,-4.887569048150908e-06,attack,no
5255,0,0,4.3634617137089345e-09,-19.250003814697266,-3.6954811548639555e-06,attack,no
5256,0,0,3.398267402818601e-09,-19.500003814697266,-3.6954811548639555e-06,attack,no
5257,0,0,5.0434758856882e-07,-14.500001907348633,-2.264974000354414e-06,attack,no
5258,0,0,4.363466395178121e-09,-19.250003814697266,-4.768360213347478e-06,attack,no
5259,0,0,1.8553903548267172e-07,-15.500001907348633,-1.5497195136049413e-06,attack,no
5260,0,0,1.6052295834560986e-09,-20.250003814697266,-4.768360213347478e-06,attack,no
5261,0,0,5.043472278322555e-07,-14.500001907348633,-1.5497195136049413e-06,attack,no
5262,0,0,4.363464834508588e-09,-19.250009536743164,-1.0132738680113107e-05,attack,no
5263,0,0,0.4378234991142019,-0.8259411454200745,-0.5759411454200745,attack,no
5264,0,0,1.8553914607043678e-07,-15.500004768371582,-5.006777428206988e-06,attack,no
5265,0,0,5.602795738202386e-09,-19.000003814697266,-3.6954811548639555e-06,attack,no
5266,0,0,6.47595107001401e-07,-14.250000953674316,-1.4305104514278355e-06,attack,no
5267,0,0,1.5229983143399848e-08,-18.00000762939453,-7.867782187531702e-06,attack,no
5268,0,0,3.059022997393087e-07,-15.000027656555176,-2.7894584491150454e-05,attack,no
5269,0,0,4.785093924389007e-06,-12.250005722045898,-5.602820692729438e-06,attack,no
5270,0,0,2.061155583836972e-09,-20.000003814697266,-4.768360213347478e-06,attack,no
5271,0,0,2.382369667923043e-07,-15.25000286102295,-3.099436753473128e-06,attack,no
5272,0,0,9.237455082120236e-09,-18.500009536743164,-1.0132738680113107e-05,attack,no
5273,0,0,7.1941321209133375e-09,-18.750003814697266,-3.6954811548639555e-06,attack,no
5274,0,0,5.043476486860921e-07,-14.500004768371582,-5.245195097813848e-06,attack,no
5275,0,0,8.315278294097537e-07,-14.00000286102295,-2.622600959512056e-06,attack,no
5276,0,0,1.0129992187879576e-05,-11.50001049041748,-1.0609570381348021e-05,attack,no
5277,0,0,7.19413212095096e-09,-18.750001907348633,-1.7881377516459906e-06,attack,no
5278,0,0,2.3823693839290315e-07,-15.250001907348633,-2.0265558760002023e-06,attack,no
5279,0,0,1.067703379136937e-06,-13.750006675720215,-7.152531907195225e-06,attack,no
5280,0,0,8.764241182641775e-08,-16.250001907348633,-1.1920922133867862e-06,attack,no
5281,0,0,4.139937053868778e-08,-17.000001907348633,-1.7881377516459906e-06,attack,no
5282,0,0,0.00012339454559719622,-9.000125885009766,-0.00012563870404846966,attack,no
5283,0,0,0.0002611904034746835,-8.250262260437012,-0.00026258357684127986,attack,no
5284,0,1,0.9975273770604427,-0.002476127352565527,-6.002476215362549,attack,yes
5285,0,0,1.605228817670592e-09,-20.25002098083496,-2.1457441107486375e-05,attack,no
5286,0,0,1.0677028700422047e-06,-13.750001907348633,-1.9073468138230965e-06,attack,no
5287,0,0,4.363464314481978e-09,-19.2500057220459,-6.198863957251888e-06,attack,no
5288,0,0,0.000911051357584745,-7.000912666320801,-0.0009128456003963947,attack,no
5289,0,0,2.646576155845173e-09,-19.750003814697266,-4.768360213347478e-06,attack,no
5290,0,0,4.139941495501095e-08,-17.000003814697266,-4.768360213347478e-06,attack,no
5291,0,0,0.005220125611342274,-5.255234718322754,-0.005234702490270138,attack,no
5292,0,0,1.0129990980321136e-05,-11.50001049041748,-1.0490362910786644e-05,attack,no
5293,0,0,5.0434734807664e-07,-14.50000286102295,-2.7418097943154862e-06,attack,no
5294,0,0,1.1253508156363578e-07,-16.000001907348633,-1.1920922133867862e-06,attack,no
5295,0,0,7.8892635264097e-06,-11.750008583068848,-8.702239938429557e-06,attack,no
5296,0,0,0.0019267342870032747,-6.2519307136535645,-0.001930517959408462,attack,no
5297,0,0,0.0007096703869645803,-7.2507147789001465,-0.0007147617870941758,attack,no
5298,0,0,1.9555685367259194e-08,-17.75000762939453,-7.867782187531702e-06,attack,no
5299,0,0,2.7535694386385275e-05,-10.500027656555176,-2.777537883957848e-05,attack,no
5300,0,0,0.26894141551050293,-1.313265085220337,-0.3132650554180145,attack,no
5301,0,0,5.602801749327794e-09,-19.000003814697266,-4.768360213347478e-06,attack,no
5302,0,0,1.8553905757421557e-07,-15.500017166137695,-1.6927575416048057e-05,attack,no
5303,0,0,9.610238068291657e-05,-9.250097274780273,-9.691245941212401e-05,attack,no
5304,0,0,7.889260705040664e-06,-11.750008583068848,-8.34461570775602e-06,attack,no
5305,0,0,1.5229966803871924e-08,-18.000001907348633,-1.0728830375228426e-06,attack,no
5306,0,0,5.043474682958816e-07,-14.50001049041748,-1.0609570381348021e-05,attack,no
5307,0,0,8.31528325040778e-07,-14.000000953674316,-1.311301275563892e-06,attack,no
5308,0,0,4.139934092743993e-08,-17.000003814697266,-2.9802276912960224e-06,attack,no
5309,0,0,1.186112566625516e-08,-18.2500057220459,-6.198863957251888e-06,attack,no
5310,0,0,1.4449802095504282e-07,-15.750004768371582,-4.887569048150908e-06,attack,no
5311,0,0,4.363466395178121e-09,-19.250003814697266,-4.768360213347478e-06,attack,no
5312,0,0,1.1861122838202565e-08,-18.25000762939453,-7.867782187531702e-06,attack,no
5313,0,0,5.602795738202386e-09,-19.000003814697266,-3.6954811548639555e-06,attack,no
5314,0,0,1.06770248817616e-06,-13.750007629394531,-7.271740287251305e-06,attack,no
5315,0,0,8.315283250211149e-07,-14.000006675720215,-7.033323527139146e-06,attack,no
5316,0,0,9.237448475387384e-09,-18.500003814697266,-3.6954811548639555e-06,attack,no
5317,0,0,5.315786872752582e-08,-16.75000762939453,-7.986990567587782e-06,attack,no
5318,0,0,5.315787506511449e-08,-16.7500057220459,-6.198863957251888e-06,attack,no
5319,0,0,1.8553912395338048e-07,-15.500003814697266,-3.933898824470816e-06,attack,no
5320,0,1,0.9998415637073574,-0.00015877417172305286,-8.750158309936523,attack,yes
5321,0,0,5.6027957382316866e-09,-19.000001907348633,-1.7881377516459906e-06,attack,no
5322,0,0,2.902310947249488e-06,-12.750003814697266,-3.4570634852570947e-06,attack,no
5323,0,0,1.1861122838202565e-08,-18.25000762939453,-7.867782187531702e-06,attack,no
5324,0,0,4.1399400147791785e-08,-17.000009536743164,-1.0132738680113107e-05,attack,no
5325,0,0,2.061151898229144e-09,-20.000001907348633,-1.0728830375228426e-06,attack,no
5326,0,0,0.00012339460445059917,-9.000123977661133,-0.00012420836719684303,attack,no
5327,0,0,1.6052288180107596e-09,-20.2500057220459,-6.198863957251888e-06,attack,no
5328,0,0,9.610239210944684e-05,-9.250100135803223,-9.989239333663136e-05,attack,no
5329,0,0,7.194134693562525e-09,-18.75000762939453,-7.867782187531702e-06,attack,no
5330,0,0,5.905306107343668e-10,-21.250001907348633,-2.264974000354414e-06,attack,no
5331,0,0,7.889263526345123e-06,-11.750009536743164,-9.65590606938349e-06,attack,no
5332,0,0,7.194139839351118e-09,-18.750003814697266,-4.768360213347478e-06,attack,no
5333,0,0,6.825606163571142e-08,-16.50002098083496,-2.1457441107486375e-05,attack,no
5334,0,0,1.5229972250526457e-08,-18.000001907348633,-1.4305104514278355e-06,attack,no
5335,0,0,0.008577487124407394,-4.7586164474487305,-0.008616648614406586,attack,no
5336,0,0,0.18242552158390105,-1.7014153003692627,-0.2014152854681015,attack,no
5337,0,0,1.5229966794350698e-08,-18.000036239624023,-3.540453326422721e-05,attack,no
5338,0,0,8.764240137829087e-08,-16.250003814697266,-2.9802276912960224e-06,attack,no
5339,0,0,6.825609419848033e-08,-16.5,-9.536738616588991e-07,attack,no
5340,0,0,0.005220126225545113,-5.255234718322754,-0.005234820768237114,attack,no
5341,0,0,1.6052295834677782e-09,-20.250001907348633,-2.861018856492592e-06,attack,no
5342,0,0,2.9023116391978962e-06,-12.750004768371582,-4.6491513785440475e-06,attack,no
5343,0,0,6.475947982022762e-07,-14.25000286102295,-2.861018856492592e-06,attack,no
5344,0,0,5.315784338149369e-08,-16.750001907348633,-1.7881377516459906e-06,attack,no
5345,0,0,8.764251630418801e-08,-16.250001907348633,-2.3841830625315197e-06,attack,no
5346,0,0,2.902313369018826e-06,-12.750008583068848,-9.059865078597795e-06,attack,no
5347,0,0,1.855390354791913e-07,-15.500006675720215,-6.318072337307967e-06,attack,no
5348,0,0,5.315780536011124e-08,-16.750001907348633,-1.0728830375228426e-06,attack,no
5349,0,0,1.9555673710116737e-08,-17.75001335144043,-1.2993727978027891e-05,attack,no
5350,0,0,5.043472278322555e-07,-14.500001907348633,-1.5497195136049413e-06,attack,no
5351,0,0,1.5229972248408898e-08,-18.000017166137695,-1.6689160474925302e-05,attack,no
5352,0,0,7.194135551374727e-09,-18.750001907348633,-2.264974000354414e-06,attack,no
5353,0,0,1.012998735702019e-05,-11.500015258789062,-1.490105023549404e-05,attack,no
5354,0,0,2.510998793341295e-08,-17.500003814697266,-3.6954811548639555e-06,attack,no
5355,0,0,1.1861127079834025e-08,-18.250009536743164,-1.0132738680113107e-05,attack,no
5356,0,0,3.3982698332998195e-09,-19.500009536743164,-1.0132738680113107e-05,attack,no
5357,0,0,3.92786200232035e-07,-14.75001335144043,-1.3351351299206726e-05,attack,no
5358,0,0,5.3157868729085e-08,-16.750001907348633,-2.264974000354414e-06,attack,no
5359,0,0,9.237453981223904e-09,-18.5000057220459,-6.198863957251888e-06,attack,no
5360,0,0,9.237448475387384e-09,-18.500003814697266,-3.6954811548639555e-06,attack,no
5361,0,0,6.825605351255104e-08,-16.50000762939453,-7.986990567587782e-06,attack,no
5362,0,0,0.14804719991116141,-1.9102247953414917,-0.1602248102426529,attack,no
5363,0,0,0.0007096705576117306,-7.250711441040039,-0.0007116645574569702,attack,no
5364,0,0,5.602801749327794e-09,-19.000003814697266,-4.768360213347478e-06,attack,no
5365,0,0,3.535626335262457e-05,-10.250042915344238,-4.327203714638017e-05,attack,no
5366,0,0,3.9278610661822475e-07,-14.75000286102295,-2.622600959512056e-06,attack,no
5367,0,0,1.955567138053302e-08,-17.750001907348633,-1.4305104514278355e-06,attack,no
5368,0,0,1.760343633025915e-06,-13.250003814697266,-4.0531076592742465e-06,attack,no
5369,0,0,9.237458386057632e-09,-18.500003814697266,-4.768360213347478e-06,attack,no
5370,0,0,7.194139839351118e-09,-18.750003814697266,-4.768360213347478e-06,attack,no
5371,0,0,0.006692851243146353,-5.006715774536133,-0.006715822499245405,attack,no
5372,0,0,2.9023123311425104e-06,-12.750005722045898,-5.8412379075889476e-06,attack,no
5373,0,0,6.825602910396625e-08,-16.500003814697266,-3.814689989667386e-06,attack,no
5374,0,0,4.1399340927604655e-08,-17.000001907348633,-1.0728830375228426e-06,attack,no
5375,0,0,2.511000289450672e-08,-17.50002098083496,-2.1457441107486375e-05,attack,no
5376,0,0,1.855391460719133e-07,-15.50000286102295,-3.099436753473128e-06,attack,no
5377,0,0,7.194139839403463e-09,-18.750001907348633,-2.861018856492592e-06,attack,no
5378,0,0,1.522998495938826e-08,-18.000001907348633,-2.264974000354414e-06,attack,no
5379,0,0,3.224188170653665e-08,-17.2500057220459,-6.198863957251888e-06,attack,no
5380,0,0,3.224188555067886e-08,-17.25,-5.960462772236497e-07,attack,no
5381,0,0,4.3634663952098696e-09,-19.250001907348633,-2.861018856492592e-06,attack,no
5382,0,0,0.001926734288794229,-6.251930236816406,-0.0019300420535728335,attack,no
5383,0,0,5.8291293348093234e-05,-9.750060081481934,-6.05564855504781e-05,attack,no
5384,0,0,3.5356267576531534e-05,-10.250036239624023,-3.671578815556131e-05,attack,no
5385,0,0,2.6465761558644295e-09,-19.750001907348633,-2.861018856492592e-06,attack,no
5386,0,0,1.9555678374073827e-08,-17.750003814697266,-3.6954811548639555e-06,attack,no
5387,0,0,6.825602096760253e-08,-16.500001907348633,-1.7881377516459906e-06,attack,no
5388,0,0,1.1253526937697666e-07,-16.0,-9.536738616588991e-07,attack,no
5389,0,0,1.8553903548231313e-07,-15.50000286102295,-2.50339189733495e-06,attack,no
5390,0,0,3.726640616882752e-06,-12.500004768371582,-5.125986263010418e-06,attack,no
5391,0,0,1.9555690029929595e-08,-17.7500057220459,-6.198863957251888e-06,attack,no
5392,0,0,7.889261644501938e-06,-11.750018119812012,-1.8000440832111053e-05,attack,no
5393,0,0,2.260325106227045e-06,-13.000004768371582,-5.125986263010418e-06,attack,no
5394,0,0,0.3208213138121609,-1.1368744373321533,-0.3868744969367981,attack,no
5395,0,0,1.3709578605542582e-06,-13.500005722045898,-6.198863957251888e-06,attack,no
5396,0,0,1.5229972248408898e-08,-18.000017166137695,-1.6689160474925302e-05,attack,no
5397,0,0,1.1861131322259895e-08,-18.250001907348633,-2.861018856492592e-06,attack,no
5398,0,0,1.7603438428848785e-06,-13.250001907348633,-2.264974000354414e-06,attack,no
5399,0,0,7.1941364088631495e-09,-18.7500057220459,-6.198863957251888e-06,attack,no
5400,0,0,0.07585818576669104,-2.578890323638916,-0.07889040559530258,attack,no
5401,0,0,5.602801749327794e-09,-19.000003814697266,-4.768360213347478e-06,attack,no
5402,0,0,1.9555690029929595e-08,-17.7500057220459,-6.198863957251888e-06,attack,no
5403,0,0,1.760343633025915e-06,-13.250003814697266,-4.0531076592742465e-06,attack,no
5404,0,0,4.5397852414783676e-05,-10.000048637390137,-4.827859811484814e-05,attack,no
5405,0,0,0.0009110513556244165,-7.000915050506592,-0.0009152276325039566,attack,no
5406,0,0,3.224186633279476e-08,-17.250003814697266,-3.814689989667386e-06,attack,no
5407,0,0,7.194134693562525e-09,-18.75000762939453,-7.867782187531702e-06,attack,no
5408,0,0,9.237441868309548e-09,-18.500001907348633,-1.0728830375228426e-06,attack,no
5409,0,0,1.9555690029929595e-08,-17.7500057220459,-6.198863957251888e-06,attack,no
5410,0,0,7.19413212095096e-09,-18.750001907348633,-1.7881377516459906e-06,attack,no
5411,0,0,7.1941321209133375e-09,-18.750003814697266,-3.6954811548639555e-06,attack,no
5412,0,0,5.829126555596184e-05,-9.750060081481934,-6.007967749610543e-05,attack,no
5413,0,0,2.382368247924618e-07,-15.25000286102295,-2.50339189733495e-06,attack,no
5414,0,0,1.955566438681241e-08,-17.750003814697266,-2.9802276912960224e-06,attack,no
5415,0,0,5.602798409848411e-09,-19.000001907348633,-2.264974000354414e-06,attack,no
5416,0,0,3.3982674028363726e-09,-19.500001907348633,-1.7881377516459906e-06,attack,no
5417,0,0,8.764240137829087e-08,-16.250003814697266,-2.9802276912960224e-06,attack,no
5418,0,0,0.0015011823506170625,-6.501502513885498,-0.0015025765169411898,attack,no
5419,0,0,0.006692851243146353,-5.006715774536133,-0.006715822499245405,attack,no
5420,0,0,4.3634601526323156e-09,-19.250017166137695,-1.6689160474925302e-05,attack,no
5421,0,0,6.144176799227921e-06,-12.000009536743164,-9.894321920000948e-06,attack,no
5422,0,0,3.3982694275825525e-09,-19.50002098083496,-2.1457441107486375e-05,attack,no
5423,0,1,0.9770226290445921,-0.02324824221432209,-3.7732481956481934,attack,yes
5424,0,0,0.00015843616042635408,-8.750160217285156,-0.00015984688070602715,attack,no
5425,0,0,1.8553910183649562e-07,-15.500001907348633,-1.9073468138230965e-06,attack,no
5426,0,0,5.31578497181003e-08,-16.750003814697266,-3.814689989667386e-06,attack,no
5427,0,0,0.0002611902789999518,-8.250262260437012,-0.000262106885202229,attack,no
5428,0,0,0.00015843627376078037,-8.750158309936523,-0.0001586549769854173,attack,no
5429,0,0,7.194139839351118e-09,-18.750003814697266,-4.768360213347478e-06,attack,no
5430,0,0,3.3982694283026877e-09,-19.5000057220459,-6.198863957251888e-06,attack,no
5431,0,0,6.475947982022762e-07,-14.25000286102295,-2.861018856492592e-06,attack,no
5432,0,0,1.4449807263287805e-07,-15.750001907348633,-2.3841830625315197e-06,attack,no
5433,0,0,0.00026119024781098133,-8.250263214111328,-0.00026294111739844084,attack,no
5434,0,0,1.5229977697181206e-08,-18.000001907348633,-1.7881377516459906e-06,attack,no
5435,0,0,7.194139839403463e-09,-18.750001907348633,-2.861018856492592e-06,attack,no
5436,0,0,2.3823693839154893e-07,-15.250003814697266,-3.933898824470816e-06,attack,no
5437,0,0,5.043472278322555e-07,-14.500001907348633,-1.5497195136049413e-06,attack,no
5438,0,0,3.224186248944841e-08,-17.250001907348633,-1.7881377516459906e-06,attack,no
5439,0,0,2.1444948415764987e-05,-10.750021934509277,-2.1934269170742482e-05,attack,no
5440,0,0,1.9555687699034453e-08,-17.750001907348633,-2.264974000354414e-06,attack,no
5441,0,0,7.194135551392311e-09,-18.75,-3.576278118089249e-07,attack,no
5442,0,0,0.03732688480073145,-3.288041830062866,-0.03804175928235054,attack,no
5443,0,0,0.0001584361982129395,-8.75015926361084,-0.0001591317413840443,attack,no
5444,0,0,2.6465733163905695e-09,-19.750003814697266,-3.6954811548639555e-06,attack,no
5445,0,0,1.1861124252495773e-08,-18.250001907348633,-2.264974000354414e-06,attack,no
5446,0,0,7.194139839351118e-09,-18.750003814697266,-4.768360213347478e-06,attack,no
5447,0,0,0.00015843617933117157,-8.75015926361084,-0.00015901254664640874,attack,no
5448,0,0,4.139934092743993e-08,-17.000003814697266,-2.9802276912960224e-06,attack,no
5449,0,0,3.224183942818497e-08,-17.250003814697266,-2.9802276912960224e-06,attack,no
5450,0,0,7.582566746677645e-10,-21.00002670288086,-2.753696753643453e-05,attack,no
5451,0,0,3.059023363231725e-07,-15.00000286102295,-3.2186455882765586e-06,attack,no
5452,0,0,0.010986942741912796,-4.511048793792725,-0.01104880403727293,attack,no
5453,0,0,2.5109987933544267e-08,-17.500001907348633,-1.7881377516459906e-06,attack,no
5454,0,0,2.511000589237424e-08,-17.500009536743164,-1.0132738680113107e-05,attack,no
5455,0,0,4.363464834730082e-09,-19.25,-5.960462772236497e-07,attack,no
5456,0,0,1.1861125663741641e-08,-18.25002098083496,-2.1457441107486375e-05,attack,no
5457,0,0,1.5229988589762417e-08,-18.000009536743164,-1.0132738680113107e-05,attack,no
5458,0,0,7.889265407177056e-06,-11.75001049041748,-1.0847986231965479e-05,attack,no
5459,0,0,1.605228435275453e-09,-20.25000762939453,-7.867782187531702e-06,attack,no
5460,0,0,8.76425371954088e-08,-16.250009536743164,-1.0251946150674485e-05,attack,no
5461,0,0,6.475946437966953e-07,-14.250005722045898,-5.483612312673358e-06,attack,no
5462,0,0,0.0011695101600714818,-6.751171112060547,-0.0011710221879184246,attack,no
5463,0,0,2.0611548466288816e-09,-20.000009536743164,-1.0132738680113107e-05,attack,no
5464,0,0,5.043472278322555e-07,-14.500001907348633,-1.5497195136049413e-06,attack,no
5465,0,0,7.194136407338623e-09,-18.75002098083496,-2.1457441107486375e-05,attack,no
5466,0,0,2.260324836787226e-06,-13.000003814697266,-4.0531076592742465e-06,attack,no
5467,0,0,4.785094494672519e-06,-12.250009536743164,-9.536697689327411e-06,attack,no
5468,0,0,3.92786200232035e-07,-14.75001335144043,-1.3351351299206726e-05,attack,no
5469,0,0,1.522999403714502e-08,-18.000001907348633,-2.861018856492592e-06,attack,no
5470,0,0,1.0129988565084917e-05,-11.500011444091797,-1.1205610462639015e-05,attack,no
5471,0,0,3.9278634073491196e-07,-14.750003814697266,-4.172316494077677e-06,attack,no
5472,0,0,1.444979520545713e-07,-15.750001907348633,-1.5497195136049413e-06,attack,no
5473,0,0,2.260323489435463e-06,-13.00001049041748,-1.0132738680113107e-05,attack,no
5474,0,0,1.4449795205186074e-07,-15.750006675720215,-6.318072337307967e-06,attack,no
5475,0,0,4.363464314481978e-09,-19.2500057220459,-6.198863957251888e-06,attack,no
5476,0,0,2.6465752092512482e-09,-19.750009536743164,-1.0132738680113107e-05,attack,no
5477,0,0,1.0129993395447374e-05,-11.50001049041748,-1.07287787614041e-05,attack,no
5478,0,0,8.315282259151546e-07,-14.000000953674316,-1.1920922133867862e-06,attack,no
5479,0,0,4.363463274099553e-09,-19.25000762939453,-7.867782187531702e-06,attack,no
5480,0,0,4.1399390278197924e-08,-17.00000762939453,-7.986990567587782e-06,attack,no
5481,0,0,5.315783704007732e-08,-16.75001335144043,-1.3112935448589269e-05,attack,no
5482,0,0,5.315784338149369e-08,-16.750001907348633,-1.7881377516459906e-06,attack,no
5483,0,0,3.3982694283026877e-09,-19.5000057220459,-6.198863957251888e-06,attack,no
5484,0,0,1.5229977697181206e-08,-18.000001907348633,-1.7881377516459906e-06,attack,no
5485,0,0,9.610240359051372e-05,-9.250097274780273,-9.715084888739511e-05,attack,no
5486,0,1,0.9998766054690803,-0.00012361239350866526,-9.000123977661133,attack,yes
5487,0,0,5.60279440195627e-09,-19.00001335144043,-1.2993727978027891e-05,attack,no
5488,0,0,0.0002611902789999518,-8.250262260437012,-0.000262106885202229,attack,no
5489,0,0,3.059022269254856e-07,-15.000000953674316,-9.536738616588991e-07,attack,no
5490,0,0,1.1861131322173594e-08,-18.250003814697266,-4.768360213347478e-06,attack,no
5491,0,0,5.6027957382316866e-09,-19.000001907348633,-1.7881377516459906e-06,attack,no
5492,0,0,6.825602910396625e-08,-16.500003814697266,-3.814689989667386e-06,attack,no
5493,0,0,7.1941364088631495e-09,-18.7500057220459,-6.198863957251888e-06,attack,no
5494,0,0,3.927863875599274e-07,-14.75000286102295,-3.3378546504536644e-06,attack,no
5495,0,0,1.067702615417244e-06,-13.750011444091797,-1.1205610462639015e-05,attack,no
5496,0,0,1.6052295834560986e-09,-20.250003814697266,-4.768360213347478e-06,attack,no
5497,0,0,3.9278629391365316e-07,-14.750001907348633,-2.145764938177308e-06,attack,no
5498,0,0,3.39826659234436e-09,-19.50001335144043,-1.2993727978027891e-05,attack,no
5499,0,0,3.2241874019092974e-08,-17.25000762939453,-7.867782187531702e-06,attack,no
5500,0,0,0.0002034270707810604,-8.500204086303711,-0.00020454221521504223,attack,no
5501,0,0,4.539786324360012e-05,-10.000045776367188,-4.565611743601039e-05,attack,no
5502,0,0,6.144175334510455e-06,-12.000006675720215,-6.794906312279636e-06,attack,no
5503,0,0,8.764247451307293e-08,-16.250001907348633,-1.9073468138230965e-06,attack,no
5504,0,0,6.825606165017571e-08,-16.5000057220459,-6.198863957251888e-06,attack,no
5505,0,0,1.1861131322259895e-08,-18.250001907348633,-2.861018856492592e-06,attack,no
5506,0,0,3.726640172617307e-06,-12.500005722045898,-5.960446742392378e-06,attack,no
5507,0,0,3.3982649722104704e-09,-19.500001907348633,-1.0728830375228426e-06,attack,no
5508,0,0,4.363464314481978e-09,-19.2500057220459,-6.198863957251888e-06,attack,no
5509,0,0,0.001169510438306388,-6.751171112060547,-0.0011712603736668825,attack,no
5510,0,0,4.1399400147791785e-08,-17.000009536743164,-1.0132738680113107e-05,attack,no
5511,0,0,2.7535684538675727e-05,-10.500028610229492,-2.8371408916427754e-05,attack,no
5512,0,0,7.194135551374727e-09,-18.750001907348633,-2.264974000354414e-06,attack,no
5513,0,0,2.061154355311154e-09,-20.000001907348633,-2.264974000354414e-06,attack,no
5514,0,0,1.5229977697181206e-08,-18.000001907348633,-1.7881377516459906e-06,attack,no
5515,0,0,2.511000289982784e-08,-17.5000057220459,-6.198863957251888e-06,attack,no
5516,0,0,7.1941389791027635e-09,-18.75002670288086,-2.753696753643453e-05,attack,no
5517,0,0,9.237453979266373e-09,-18.50002098083496,-2.1457441107486375e-05,attack,no
5518,0,0,2.5109981944773573e-08,-17.50001335144043,-1.2993727978027891e-05,attack,no
5519,0,0,1.9555692360527098e-08,-17.750009536743164,-1.0132738680113107e-05,attack,no
5520,0,0,4.363458592746323e-09,-19.250001907348633,-1.0728830375228426e-06,attack,no
5521,0,0,1.955567138053302e-08,-17.750001907348633,-1.4305104514278355e-06,attack,no
5522,0,0,6.825606165129312e-08,-16.500001907348633,-2.3841830625315197e-06,attack,no
5523,0,0,4.139939521391704e-08,-17.0000057220459,-6.198863957251888e-06,attack,no
5524,0,0,5.829126555596184e-05,-9.750060081481934,-6.007967749610543e-05,attack,no
5525,0,0,1.6052295834560986e-09,-20.250003814697266,-4.768360213347478e-06,attack,no
5526,0,0,1.1861131322173594e-08,-18.250003814697266,-4.768360213347478e-06,attack,no
5527,0,0,1.8553912395338048e-07,-15.500003814697266,-3.933898824470816e-06,attack,no
5528,0,0,3.3982698332998195e-09,-19.500009536743164,-1.0132738680113107e-05,attack,no
5529,0,0,7.582557709786594e-10,-21.00001335144043,-1.2993727978027891e-05,attack,no
5530,0,0,5.602793734519342e-09,-19.000001907348633,-1.4305104514278355e-06,attack,no
5531,0,1,0.8175744739711884,-0.20141567289829254,-1.7014156579971313,attack,yes
5532,0,0,1.3007134667259438e-05,-11.250014305114746,-1.4781842764932662e-05,attack,no
5533,0,0,3.059022633913769e-07,-15.000001907348633,-2.0265558760002023e-06,attack,no
5534,0,0,1.9555697023957284e-08,-17.75,-8.344646857949556e-07,attack,no
5535,0,0,0.000709670389152364,-7.250710487365723,-0.0007104733376763761,attack,no
5536,0,0,3.224188555067886e-08,-17.25,-5.960462772236497e-07,attack,no
5537,0,0,1.1253506814797596e-07,-16.000003814697266,-2.9802276912960224e-06,attack,no
5538,0,0,1.1253506814797596e-07,-16.000003814697266,-2.9802276912960224e-06,attack,no
5539,0,0,4.3634663952098696e-09,-19.250001907348633,-2.861018856492592e-06,attack,no
5540,0,0,3.3982694283026877e-09,-19.5000057220459,-6.198863957251888e-06,attack,no
5541,0,0,7.194136407338623e-09,-18.75002098083496,-2.1457441107486375e-05,attack,no
5542,0,1,0.9998415637451441,-0.00015948931104503572,-8.75015926361084,attack,yes
5543,0,0,0.0758581784543034,-2.578890323638916,-0.07889030128717422,attack,no
5544,0,0,1.1253521571389925e-07,-16.0000057220459,-6.198863957251888e-06,attack,no
5545,0,0,0.000552778749766613,-7.500553607940674,-0.0005538121913559735,attack,no
5546,0,1,0.9706877721635272,-0.029752152040600777,-3.529752254486084,attack,yes
5547,0,0,5.602801749327794e-09,-19.000003814697266,-4.768360213347478e-06,attack,no
5548,0,0,0.0066928496488390145,-5.006716251373291,-0.006716059520840645,attack,no
5549,0,0,1.186112566625516e-08,-18.2500057220459,-6.198863957251888e-06,attack,no
5550,0,0,2.0611533724782794e-09,-20.000001907348633,-1.7881377516459906e-06,attack,no
5551,0,0,3.224189708091632e-08,-17.250003814697266,-4.768360213347478e-06,attack,no
5552,0,0,9.237453981223904e-09,-18.5000057220459,-6.198863957251888e-06,attack,no
5553,0,0,7.8892635264097e-06,-11.750008583068848,-8.702239938429557e-06,attack,no
5554,0,0,1.3709573702856594e-06,-13.500001907348633,-2.0265558760002023e-06,attack,no
5555,0,0,2.7535684538675727e-05,-10.500028610229492,-2.8371408916427754e-05,attack,no
5556,0,0,1.6701425827436946e-05,-11.000017166137695,-1.7404405298293568e-05,attack,no
5557,0,0,2.1444940746307572e-05,-10.750022888183594,-2.253030106658116e-05,attack,no
5558,0,0,0.004070138257634899,-5.5040788650512695,-0.004078998696058989,attack,no
5559,0,0,1.1253513521490451e-07,-16.00001335144043,-1.3112935448589269e-05,attack,no
5560,0,0,1.4449796927262634e-07,-15.75001049041748,-1.0251946150674485e-05,attack,no
5561,0,0,0.0002034269495804164,-8.500204086303711,-0.00020394629973452538,attack,no
5562,0,0,3.224186248944841e-08,-17.250001907348633,-1.7881377516459906e-06,attack,no
5563,0,0,0.0004305570413558578,-7.750431060791016,-0.00043096792069263756,attack,no
5564,0,0,0.001501182172279832,-6.501502513885498,-0.0015024575404822826,attack,no
5565,0,0,2.511001187084526e-08,-17.50002670288086,-2.753696753643453e-05,attack,no
5566,0,0,5.315780535951295e-08,-16.7500057220459,-4.887569048150908e-06,attack,no
5567,0,0,0.00012339456024231893,-9.000129699707031,-0.00012957210128661245,attack,no
5568,0,0,1.605228435275453e-09,-20.25000762939453,-7.867782187531702e-06,attack,no
5569,0,0,9.237458386124842e-09,-18.500001907348633,-2.861018856492592e-06,attack,no
5570,0,0,5.3157824370802075e-08,-16.750001907348633,-1.4305104514278355e-06,attack,no
5571,0,0,1.1861131322173594e-08,-18.250003814697266,-4.768360213347478e-06,attack,no
5572,0,0,0.005220124994721385,-5.255234718322754,-0.005234583746641874,attack,no
5573,0,0,0.000123394530919758,-9.000123977661133,-0.00012361239350866526,attack,no
5574,0,0,8.76425371954088e-08,-16.250009536743164,-1.0251946150674485e-05,attack,no
5575,0,0,9.237458386124842e-09,-18.500001907348633,-2.861018856492592e-06,attack,no
5576,0,0,9.237458386057632e-09,-18.500003814697266,-4.768360213347478e-06,attack,no
5577,0,0,5.043476486860921e-07,-14.500004768371582,-5.245195097813848e-06,attack,no
5578,0,0,0.005220124994721385,-5.255234718322754,-0.005234583746641874,attack,no
5579,0,0,1.1253506814797596e-07,-16.000003814697266,-2.9802276912960224e-06,attack,no
5580,0,0,1.5229977697181206e-08,-18.000001907348633,-1.7881377516459906e-06,attack,no
5581,0,0,2.6465745783867997e-09,-19.750001907348633,-2.264974000354414e-06,attack,no
5582,0,0,6.825600468452646e-08,-16.500017166137695,-1.680836794548668e-05,attack,no
5583,0,0,9.237455082120236e-09,-18.500009536743164,-1.0132738680113107e-05,attack,no
5584,0,0,1.1861127079834025e-08,-18.250009536743164,-1.0132738680113107e-05,attack,no
5585,0,0,1.5229974064808095e-08,-18.00001335144043,-1.2993727978027891e-05,attack,no
5586,0,0,3.726638839833152e-06,-12.500007629394531,-7.510157047363464e-06,attack,no
5587,0,0,2.2603248367656408e-06,-13.000005722045898,-5.960446742392378e-06,attack,no
5588,0,0,0.01798621348232278,-4.01815128326416,-0.018151482567191124,attack,no
5589,0,0,1.3709570434219444e-06,-13.50000286102295,-2.7418097943154862e-06,attack,no
5590,0,0,1.9555690029929595e-08,-17.7500057220459,-6.198863957251888e-06,attack,no
5591,0,0,4.363464314481978e-09,-19.2500057220459,-6.198863957251888e-06,attack,no
5592,0,0,1.1861118596621165e-08,-18.250003814697266,-3.6954811548639555e-06,attack,no
5593,0,0,2.5109969973413987e-08,-17.500003814697266,-2.9802276912960224e-06,attack,no
5594,0,0,1.522998495938826e-08,-18.000001907348633,-2.264974000354414e-06,attack,no
5595,0,0,1.955567137781402e-08,-17.750017166137695,-1.6689160474925302e-05,attack,no
5596,0,0,0.00015843617933117157,-8.75015926361084,-0.00015901254664640874,attack,no
5597,0,0,0.00020342697381994752,-8.500204086303711,-0.0002040654799202457,attack,no
5598,0,0,0.0005527787493163986,-7.500555038452148,-0.0005552418879233301,attack,no
5599,0,0,4.539785783018247e-05,-10.000046730041504,-4.649054244509898e-05,attack,no
5600,0,0,3.059021175162223e-07,-15.000008583068848,-8.22540732769994e-06,attack,no
5601,0,1,0.9990889487504453,-0.000912250077817589,-7.000912189483643,attack,yes
5602,0,0,3.224186248944841e-08,-17.250001907348633,-1.7881377516459906e-06,attack,no
5603,0,1,0.9933071487568537,-0.006715822499245405,-5.006715774536133,attack,yes
5604,0,0,7.1941295481333906e-09,-18.750001907348633,-1.4305104514278355e-06,attack,no
5605,0,0,0.000552778552283315,-7.500553607940674,-0.0005534547381103039,attack,no
5606,0,0,3.3982690232538343e-09,-19.500001907348633,-2.264974000354414e-06,attack,no
5607,0,0,9.237441868309548e-09,-18.500001907348633,-1.0728830375228426e-06,attack,no
5608,0,0,1.1861122838202565e-08,-18.25000762939453,-7.867782187531702e-06,attack,no
5609,0,0,5.602793734519342e-09,-19.000001907348633,-1.4305104514278355e-06,attack,no
5610,0,0,1.1253521571574156e-07,-16.000001907348633,-2.3841830625315197e-06,attack,no
5611,0,0,8.315282259138311e-07,-14.000001907348633,-2.145764938177308e-06,attack,no
5612,0,0,3.224185095888061e-08,-17.250001907348633,-1.4305104514278355e-06,attack,no
5613,0,0,7.889260704968911e-06,-11.750009536743164,-9.298280929215252e-06,attack,no
5614,0,0,1.5229986771463815e-08,-18.00002098083496,-2.1457441107486375e-05,attack,no
5615,0,0,7.194139839403463e-09,-18.750001907348633,-2.861018856492592e-06,attack,no
5616,0,0,0.022977369199165775,-3.7732465267181396,-0.02324649505317211,attack,no
5617,0,0,2.646575209385592e-09,-19.75,-5.960462772236497e-07,attack,no
5618,0,0,7.194139839403463e-09,-18.750001907348633,-2.861018856492592e-06,attack,no
5619,0,0,1.2501540570579898e-09,-20.500001907348633,-2.861018856492592e-06,attack,no
5620,0,0,1.5229966803871924e-08,-18.000001907348633,-1.0728830375228426e-06,attack,no
5621,0,0,2.6465745783867997e-09,-19.750001907348633,-2.264974000354414e-06,attack,no
5622,0,0,0.1480472036701053,-1.9102245569229126,-0.16022460162639618,attack,no
5623,0,0,1.4449803818215767e-07,-15.750000953674316,-1.1920922133867862e-06,attack,no
5624,0,1,0.9706877711565677,-0.029750995337963104,-3.5297510623931885,attack,yes
5625,0,0,3.92786200232035e-07,-14.75001335144043,-1.3351351299206726e-05,attack,no
5626,0,0,9.237448475387384e-09,-18.500003814697266,-3.6954811548639555e-06,attack,no
5627,0,0,9.237452880186979e-09,-18.500001907348633,-2.264974000354414e-06,attack,no
5628,0,0,9.237451778734317e-09,-18.50000762939453,-7.867782187531702e-06,attack,no
5629,0,0,1.8553912395338048e-07,-15.500003814697266,-3.933898824470816e-06,attack,no
5630,0,0,4.785096776499213e-06,-12.250005722045898,-6.198863957251888e-06,attack,no
5631,0,0,9.237458386124842e-09,-18.500001907348633,-2.861018856492592e-06,attack,no
5632,0,0,5.602801749327794e-09,-19.000003814697266,-4.768360213347478e-06,attack,no
5633,0,0,7.48462629714279e-05,-9.500077247619629,-7.772143726469949e-05,attack,no
5634,0,0,4.363464314481978e-09,-19.2500057220459,-6.198863957251888e-06,attack,no
5635,0,0,1.522999403703421e-08,-18.000003814697266,-4.768360213347478e-06,attack,no
5636,0,0,8.764251630275323e-08,-16.2500057220459,-6.198863957251888e-06,attack,no
5637,0,0,5.043474081271421e-07,-14.500017166137695,-1.7165990357170813e-05,attack,no
5638,0,0,6.82559802839207e-08,-16.500001907348633,-1.1920922133867862e-06,attack,no
5639,0,0,0.00012339463383242603,-9.000125885009766,-0.00012635385792236775,attack,no
5640,0,0,2.061155583851969e-09,-20.000001907348633,-2.861018856492592e-06,attack,no
5641,0,0,0.00015843621706935267,-8.750160217285156,-0.00016020445036701858,attack,no
5642,0,0,1.8553910183649562e-07,-15.500001907348633,-1.9073468138230965e-06,attack,no
5643,0,1,0.5621765008857981,-0.5759411454200745,-0.8259411454200745,attack,yes
5644,0,0,2.511000589237424e-08,-17.500009536743164,-1.0132738680113107e-05,attack,no
5645,0,0,1.9555687699034453e-08,-17.750001907348633,-2.264974000354414e-06,attack,no
5646,0,0,2.510999990689927e-08,-17.500001907348633,-2.264974000354414e-06,attack,no
5647,0,0,2.5109987933544267e-08,-17.500001907348633,-1.7881377516459906e-06,attack,no
5648,0,0,4.3634663952098696e-09,-19.250001907348633,-2.861018856492592e-06,attack,no
5649,0,0,1.1253510839405181e-07,-16.000001907348633,-1.4305104514278355e-06,attack,no
5650,0,0,1.855390354791913e-07,-15.500006675720215,-6.318072337307967e-06,attack,no
5651,0,0,0.006692849670509208,-5.006715774536133,-0.006715585943311453,attack,no
5652,0,0,2.646576155845173e-09,-19.750003814697266,-4.768360213347478e-06,attack,no
5653,0,0,4.139939521391704e-08,-17.0000057220459,-6.198863957251888e-06,attack,no
5654,0,0,0.006692852051135265,-5.006715297698975,-0.006715467199683189,attack,no
5655,0,0,5.60279440195627e-09,-19.00001335144043,-1.2993727978027891e-05,attack,no
5656,0,0,1.1253516205427619e-07,-16.000003814697266,-3.814689989667386e-06,attack,no
5657,0,0,4.785093924389007e-06,-12.250005722045898,-5.602820692729438e-06,attack,no
5658,0,0,6.825602096760253e-08,-16.500001907348633,-1.7881377516459906e-06,attack,no
5659,0,0,1.0677028700397769e-06,-13.75000286102295,-2.861018856492592e-06,attack,no
5660,0,0,1.7603427936335398e-06,-13.250003814697266,-3.576272320060525e-06,attack,no
5661,0,0,4.139941495501095e-08,-17.000003814697266,-4.768360213347478e-06,attack,no
5662,0,0,4.363464314481978e-09,-19.2500057220459,-6.198863957251888e-06,attack,no
5663,0,0,5.043472879383035e-07,-14.500008583068848,-8.34461570775602e-06,attack,no
5664,0,0,3.927862939142783e-07,-14.750000953674316,-1.1920922133867862e-06,attack,no
5665,0,0,8.315282259117513e-07,-14.00000286102295,-3.099436753473128e-06,attack,no
5666,0,0,5.0434734807664e-07,-14.50000286102295,-2.7418097943154862e-06,attack,no
5667,0,0,0.010986941284637912,-4.511050224304199,-0.011050100438296795,attack,no
5668,0,0,1.4449807263287805e-07,-15.750001907348633,-2.3841830625315197e-06,attack,no
5669,0,0,4.1399400147791785e-08,-17.000009536743164,-1.0132738680113107e-05,attack,no
5670,0,0,0.0015011821658233967,-6.501505374908447,-0.0015053142560645938,attack,no
5671,0,0,2.3823682479317953e-07,-15.250000953674316,-5.960462772236497e-07,attack,no
5672,0,0,0.00857748500979784,-4.758617877960205,-0.008617830462753773,attack,no
5673,0,0,1.9555687699034453e-08,-17.750001907348633,-2.264974000354414e-06,attack,no
5674,0,0,1.1861118596683194e-08,-18.250001907348633,-1.7881377516459906e-06,attack,no
5675,0,1,0.9959298627144747,-0.004079235717654228,-5.504079341888428,attack,yes
5676,0,0,3.22418893942094e-08,-17.25,-7.152555099310121e-07,attack,no
5677,0,0,2.511000589237424e-08,-17.500009536743164,-1.0132738680113107e-05,attack,no
5678,0,0,7.1941364088631495e-09,-18.7500057220459,-6.198863957251888e-06,attack,no
5679,0,0,2.511000289982784e-08,-17.5000057220459,-6.198863957251888e-06,attack,no
5680,0,0,3.726639728184142e-06,-12.500011444091797,-1.156323378381785e-05,attack,no
5681,0,0,0.0005527787496058222,-7.500554084777832,-0.000554288737475872,attack,no
5682,0,0,0.18242552380635632,-1.701414704322815,-0.20141470432281494,attack,no
5683,0,0,2.1444948415764987e-05,-10.750021934509277,-2.1934269170742482e-05,attack,no
5684,0,0,1.1861115767788153e-08,-18.25001335144043,-1.2993727978027891e-05,attack,no
5685,0,0,2.2603251062013478e-06,-13.000006675720215,-7.033323527139146e-06,attack,no
5686,0,0,5.6028017493685595e-09,-19.000001907348633,-2.861018856492592e-06,attack,no
5687,0,0,0.00015843617933117157,-8.75015926361084,-0.00015901254664640874,attack,no
5688,0,0,2.061155583836972e-09,-20.000003814697266,-4.768360213347478e-06,attack,no
5689,0,0,6.144176066901277e-06,-12.000007629394531,-7.867782187531702e-06,attack,no
5690,0,0,5.315780536011124e-08,-16.750001907348633,-1.0728830375228426e-06,attack,no
5691,0,0,8.764251630275323e-08,-16.2500057220459,-6.198863957251888e-06,attack,no
5692,0,0,2.382368247924618e-07,-15.25000286102295,-2.50339189733495e-06,attack,no
5693,0,0,3.059022998581767e-07,-15.000000953674316,-1.1920922133867862e-06,attack,no
5694,0,0,6.825602096760253e-08,-16.500001907348633,-1.7881377516459906e-06,attack,no
5695,0,1,0.7772998663336157,-0.25192996859550476,-1.5019299983978271,attack,yes
5696,0,0,1.6701429808632785e-05,-11.000019073486328,-1.9550132492440753e-05,attack,no
5697,0,0,3.224186248944841e-08,-17.250001907348633,-1.7881377516459906e-06,attack,no
5698,0,0,9.237448475387384e-09,-18.500003814697266,-3.6954811548639555e-06,attack,no
5699,0,0,3.9278629391365316e-07,-14.750001907348633,-2.145764938177308e-06,attack,no
5700,0,0,1.6701421845361053e-05,-11.000018119812012,-1.811964830267243e-05,attack,no
5701,0,1,0.9999832985841273,-1.7762025890988298e-05,-11.000018119812012,attack,yes
5702,0,0,1.370957860567974e-06,-13.500003814697266,-4.291525328881107e-06,attack,no
5703,0,0,0.00020342692526097766,-8.500205993652344,-0.0002057340752799064,attack,no
5704,0,0,0.0011695100176903014,-6.751173496246338,-0.0011732844868674874,attack,no
5705,0,0,5.602798409848411e-09,-19.000001907348633,-2.264974000354414e-06,attack,no
5706,0,0,8.764251630418801e-08,-16.250001907348633,-2.3841830625315197e-06,attack,no
5707,0,0,1.522999403714502e-08,-18.000001907348633,-2.861018856492592e-06,attack,no
5708,0,0,5.60279440195627e-09,-19.00001335144043,-1.2993727978027891e-05,attack,no
5709,0,0,3.3982698332998195e-09,-19.500009536743164,-1.0132738680113107e-05,attack,no
5710,0,0,0.008577486126501697,-4.7586164474487305,-0.008616531267762184,attack,no
5711,0,1,0.9994472214477166,-0.0005534547381103039,-7.500553607940674,attack,yes
5712,0,0,1.3709568799879344e-06,-13.500003814697266,-3.576272320060525e-06,attack,no
5713,0,0,8.764247451259466e-08,-16.250003814697266,-3.814689989667386e-06,attack,no
5714,0,0,5.602801749327794e-09,-19.000003814697266,-4.768360213347478e-06,attack,no
5715,0,0,3.3982710487504767e-09,-19.500003814697266,-4.768360213347478e-06,attack,no
5716,0,1,0.9998415637073574,-0.00015877417172305286,-8.750158309936523,attack,yes
5717,0,0,0.008577484217809378,-4.758615016937256,-0.008614876307547092,attack,no
5718,0,0,2.510998793341295e-08,-17.500003814697266,-3.6954811548639555e-06,attack,no
5719,0,0,7.194135551374727e-09,-18.750001907348633,-2.264974000354414e-06,attack,no
5720,0,0,6.475949525057053e-07,-14.250017166137695,-1.7404405298293568e-05,attack,no
5721,0,0,1.5229977697181206e-08,-18.000001907348633,-1.7881377516459906e-06,attack,no
5722,0,0,0.004070136813627531,-5.5040788650512695,-0.004078642465174198,attack,no
5723,0,0,6.475947982022762e-07,-14.25000286102295,-2.861018856492592e-06,attack,no
5724,0,0,0.0004305569900640863,-7.750431060791016,-0.00043084874050691724,attack,no
5725,0,0,2.3823696679040837e-07,-15.250004768371582,-5.006777428206988e-06,attack,no
5726,0,0,4.363464314481978e-09,-19.2500057220459,-6.198863957251888e-06,attack,no
5727,0,0,7.19413726660726e-09,-18.75,-5.960462772236497e-07,attack,no
5728,0,0,7.88925976458215e-06,-11.750008583068848,-8.22540732769994e-06,attack,no
5729,0,0,1.1253521571389925e-07,-16.0000057220459,-6.198863957251888e-06,attack,no
5730,0,0,0.01406362469297572,-4.264163970947266,-0.014163801446557045,attack,no
5731,0,0,1.522998495938826e-08,-18.000001907348633,-2.264974000354414e-06,attack,no
5732,0,0,0.00043055714391436836,-7.750431060791016,-0.0004312062228564173,attack,no
5733,0,0,2.5109987933544267e-08,-17.500001907348633,-1.7881377516459906e-06,attack,no
5734,0,0,3.398269428367206e-09,-19.5,-4.768370445162873e-07,attack,no
5735,0,0,0.02297736945005748,-3.7732460498809814,-0.023246029391884804,attack,no
5736,0,0,0.000261190372422492,-8.250261306762695,-0.0002615109842736274,attack,no
5737,0,1,0.7772998611746911,-0.2519294023513794,-1.5019294023513794,attack,yes
5738,0,0,1.3007130015677907e-05,-11.250014305114746,-1.4424220353248529e-05,attack,no
5739,0,1,0.9980732654806204,-0.0019296851241961122,-6.251929759979248,attack,yes
5740,0,0,2.5109978950037637e-08,-17.500017166137695,-1.6689160474925302e-05,attack,no
5741,0,0,1.4449795203425045e-07,-15.750017166137695,-1.680836794548668e-05,attack,no
5742,0,0,2.061154600985703e-09,-20.0000057220459,-6.198863957251888e-06,attack,no
5743,0,0,1.8553912395338048e-07,-15.500003814697266,-3.933898824470816e-06,attack,no
5744,0,0,0.0005527787493163986,-7.500555038452148,-0.0005552418879233301,attack,no
5745,0,0,2.382369667923043e-07,-15.25000286102295,-3.099436753473128e-06,attack,no
5746,0,0,2.902310947249488e-06,-12.750003814697266,-3.4570634852570947e-06,attack,no
5747,0,0,1.76034279361833e-06,-13.250005722045898,-5.483612312673358e-06,attack,no
5748,0,0,1.3007123813193231e-05,-11.250016212463379,-1.585470999998506e-05,attack,no
5749,0,0,5.6027997456728566e-09,-19.0,-5.960462772236497e-07,attack,no
5750,0,0,1.8553903548267172e-07,-15.500001907348633,-1.5497195136049413e-06,attack,no
5751,0,0,9.237458386057632e-09,-18.500003814697266,-4.768360213347478e-06,attack,no
5752,0,0,5.602793733740335e-09,-19.000017166137695,-1.6689160474925302e-05,attack,no
5753,0,0,1.9555673710116737e-08,-17.75001335144043,-1.2993727978027891e-05,attack,no
5754,0,0,9.237445171872554e-09,-18.500001907348633,-1.4305104514278355e-06,attack,no
5755,0,0,4.3634617137089345e-09,-19.250003814697266,-3.6954811548639555e-06,attack,no
5756,0,0,2.3823693839290315e-07,-15.250001907348633,-2.0265558760002023e-06,attack,no
5757,0,1,0.8519527944504226,-0.16022664308547974,-1.910226583480835,attack,yes
5758,0,0,3.059022998581767e-07,-15.000000953674316,-1.1920922133867862e-06,attack,no
5759,0,0,3.927863875599274e-07,-14.75000286102295,-3.3378546504536644e-06,attack,no
5760,0,0,3.7266406168996985e-06,-12.500003814697266,-4.172316494077677e-06,attack,no
5761,0,0,5.602797741783595e-09,-19.00000762939453,-7.867782187531702e-06,attack,no
5762,0,0,7.58255951823873e-10,-21.000001907348633,-1.7881377516459906e-06,attack,no
5763,0,0,8.764244315741453e-08,-16.250017166137695,-1.680836794548668e-05,attack,no
5764,0,0,2.9023130231407418e-06,-12.75000286102295,-3.2186455882765586e-06,attack,no
5765,0,0,1.5229977697181206e-08,-18.000001907348633,-1.7881377516459906e-06,attack,no
5766,0,0,1.955567138053302e-08,-17.750001907348633,-1.4305104514278355e-06,attack,no
5767,0,0,4.139939027941222e-08,-17.000001907348633,-2.264974000354414e-06,attack,no
5768,0,0,5.602799077661068e-09,-19.0000057220459,-6.198863957251888e-06,attack,no
5769,0,0,1.7603436330363217e-06,-13.250001907348633,-2.145764938177308e-06,attack,no
5770,0,0,1.1861118596683194e-08,-18.250001907348633,-1.7881377516459906e-06,attack,no
5771,0,0,5.315780535951295e-08,-16.7500057220459,-4.887569048150908e-06,attack,no
5772,0,0,1.0129992187879576e-05,-11.50001049041748,-1.0609570381348021e-05,attack,no
5773,0,0,1.5229966794350698e-08,-18.000036239624023,-3.540453326422721e-05,attack,no
5774,0,0,3.9278610661822475e-07,-14.75000286102295,-2.622600959512056e-06,attack,no
5775,0,0,6.825599655739207e-08,-16.500001907348633,-1.4305104514278355e-06,attack,no
5776,0,0,9.237448475435691e-09,-18.500001907348633,-1.7881377516459906e-06,attack,no
5777,0,0,7.194139839403463e-09,-18.750001907348633,-2.861018856492592e-06,attack,no
5778,0,0,5.315784338149369e-08,-16.750001907348633,-1.7881377516459906e-06,attack,no
5779,0,0,3.224188170653665e-08,-17.2500057220459,-6.198863957251888e-06,attack,no
5780,0,0,1.9555687699034453e-08,-17.750001907348633,-2.264974000354414e-06,attack,no
5781,0,0,0.00015843629264255954,-8.750158309936523,-0.00015877417172305286,attack,no
5782,0,0,1.0129990980321136e-05,-11.50001049041748,-1.0490362910786644e-05,attack,no
5783,0,0,8.315278294114553e-07,-14.000001907348633,-1.6689286894688848e-06,attack,no
5784,0,0,0.02931222905542399,-3.5297508239746094,-0.0297507643699646,attack,no
5785,0,0,9.237458386057632e-09,-18.500003814697266,-4.768360213347478e-06,attack,no
5786,0,0,1.0677033791612137e-06,-13.750001907348633,-2.3841830625315197e-06,attack,no
5787,0,0,1.9555699354962477e-08,-17.750003814697266,-4.768360213347478e-06,attack,no
5788,0,1,0.5621765008857981,-0.5759400725364685,-0.8259400725364685,attack,yes
5789,0,0,3.0590233632073814e-07,-15.000004768371582,-5.125986263010418e-06,attack,no
5790,0,0,3.3982686180520394e-09,-19.50000762939453,-7.867782187531702e-06,attack,no
5791,0,0,4.3634617137089345e-09,-19.250003814697266,-3.6954811548639555e-06,attack,no
5792,0,0,1.760343633025915e-06,-13.250003814697266,-4.0531076592742465e-06,attack,no
5793,0,0,1.9555678374073827e-08,-17.750003814697266,-3.6954811548639555e-06,attack,no
5794,0,0,1.6701429807964442e-05,-11.000020980834961,-2.1457441107486375e-05,attack,no
5795,0,0,4.139939027941222e-08,-17.000001907348633,-2.264974000354414e-06,attack,no
5796,0,0,0.001169510439530295,-6.7511701583862305,-0.0011703077470883727,attack,no
5797,0,0,4.3634663952098696e-09,-19.250001907348633,-2.861018856492592e-06,attack,no
5798,0,0,1.067702997315865e-06,-13.750003814697266,-3.933898824470816e-06,attack,no
5799,0,0,0.00043055704126817955,-7.750431537628174,-0.0004314445541240275,attack,no
5800,0,0,2.5109996912840604e-08,-17.50000762939453,-7.867782187531702e-06,attack,no
5801,0,0,1.760343633031919e-06,-13.25000286102295,-3.099436753473128e-06,attack,no
5802,0,0,2.646572369917712e-09,-19.750001907348633,-1.4305104514278355e-06,attack,no
5803,0,0,0.0002611904346636726,-8.250261306762695,-0.00026174934464506805,attack,no
5804,0,0,3.3982698332998195e-09,-19.500009536743164,-1.0132738680113107e-05,attack,no
5805,0,0,0.3775406617944891,-0.9740825891494751,-0.4740825593471527,attack,no
5806,0,0,1.3709568799879344e-06,-13.500003814697266,-3.576272320060525e-06,attack,no
5807,0,0,0.0002611903412335104,-8.250262260437012,-0.0002623452164698392,attack,no
5808,0,0,6.825597214641435e-08,-16.5000057220459,-4.887569048150908e-06,attack,no
5809,0,0,1.5229983143399848e-08,-18.00000762939453,-7.867782187531702e-06,attack,no
5810,0,0,0.00012339457488744337,-9.000133514404297,-0.00013350549852475524,attack,no
5811,0,0,7.194126975315923e-09,-18.750001907348633,-1.0728830375228426e-06,attack,no
5812,0,0,0.4378234991142019,-0.825940728187561,-0.575940728187561,attack,no
5813,0,0,3.3982690232538343e-09,-19.500001907348633,-2.264974000354414e-06,attack,no
5814,0,0,2.646574262815324e-09,-19.75000762939453,-7.867782187531702e-06,attack,no
5815,0,0,2.6465745783867997e-09,-19.750001907348633,-2.264974000354414e-06,attack,no
5816,0,0,5.829127250060064e-05,-9.75006103515625,-6.115249561844394e-05,attack,no
5817,0,0,1.1861131322259895e-08,-18.250001907348633,-2.861018856492592e-06,attack,no
5818,0,0,1.1861131322259895e-08,-18.250001907348633,-2.861018856492592e-06,attack,no
5819,0,0,8.315284241665079e-07,-14.000000953674316,-1.4305104514278355e-06,attack,no
5820,0,0,1.067702997315865e-06,-13.750003814697266,-3.933898824470816e-06,attack,no
5821,0,0,1.1253520229722557e-07,-16.00000762939453,-7.986990567587782e-06,attack,no
5822,0,0,8.315279285326831e-07,-14.000003814697266,-3.6954811548639555e-06,attack,no
5823,0,0,0.0003353500715262566,-8.000336647033691,-0.0003364712174516171,attack,no
5824,0,0,1.3709578605542582e-06,-13.500005722045898,-6.198863957251888e-06,attack,no
5825,0,0,3.224189708091632e-08,-17.250003814697266,-4.768360213347478e-06,attack,no
5826,0,0,0.00015843621709470967,-8.75015926361084,-0.00015925093612167984,attack,no
5827,0,0,0.0003353500715262566,-8.000336647033691,-0.0003364712174516171,attack,no
5828,0,0,3.224188170653665e-08,-17.2500057220459,-6.198863957251888e-06,attack,no
5829,0,0,1.4449795205186074e-07,-15.750006675720215,-6.318072337307967e-06,attack,no
5830,0,0,1.1253513521490451e-07,-16.00001335144043,-1.3112935448589269e-05,attack,no
5831,0,0,6.475948753891781e-07,-14.250006675720215,-6.794906312279636e-06,attack,no
5832,0,0,1.444979520545713e-07,-15.750001907348633,-1.5497195136049413e-06,attack,no
5833,0,0,1.3007133116909525e-05,-11.25001335144043,-1.3708974620385561e-05,attack,no
5834,0,0,7.1941364088631495e-09,-18.7500057220459,-6.198863957251888e-06,attack,no
5835,0,0,3.9278629391365316e-07,-14.750001907348633,-2.145764938177308e-06,attack,no
5836,0,0,4.599058117554383e-10,-21.500009536743164,-1.0132738680113107e-05,attack,no
5837,0,0,6.825606163571142e-08,-16.50002098083496,-2.1457441107486375e-05,attack,no
5838,0,0,2.382368247924618e-07,-15.25000286102295,-2.50339189733495e-06,attack,no
5839,0,0,1.3709578605542582e-06,-13.500005722045898,-6.198863957251888e-06,attack,no
5840,0,0,0.0031726830648641457,-5.753178119659424,-0.0031781899742782116,attack,no
5841,0,0,6.475948754028718e-07,-14.250001907348633,-2.0265558760002023e-06,attack,no
5842,0,0,0.0011695102998688749,-6.751170635223389,-0.0011706650257110596,attack,no
5843,0,0,2.061154600548919e-09,-20.00002098083496,-2.1457441107486375e-05,attack,no
5844,0,0,4.139937053868778e-08,-17.000001907348633,-1.7881377516459906e-06,attack,no
5845,0,1,0.989013058482603,-0.011048214510083199,-4.511048316955566,attack,yes
5846,0,0,3.9278629391365316e-07,-14.750001907348633,-2.145764938177308e-06,attack,no
5847,0,0,3.5356254927835276e-05,-10.250040054321289,-4.017272294731811e-05,attack,no
5848,0,0,3.224186248944841e-08,-17.250001907348633,-1.7881377516459906e-06,attack,no
5849,0,0,1.5229966794350698e-08,-18.000036239624023,-3.540453326422721e-05,attack,no
5850,0,0,4.139941495501095e-08,-17.000003814697266,-4.768360213347478e-06,attack,no
5851,0,0,1.5229977697101562e-08,-18.000003814697266,-3.6954811548639555e-06,attack,no
5852,0,0,1.250153460919464e-09,-20.5000057220459,-6.198863957251888e-06,attack,no
5853,0,0,6.82559802839207e-08,-16.500001907348633,-1.1920922133867862e-06,attack,no
5854,0,0,1.4449802095504282e-07,-15.750004768371582,-4.887569048150908e-06,attack,no
5855,0,0,6.475948753891781e-07,-14.250006675720215,-6.794906312279636e-06,attack,no
5856,0,0,5.315784338149369e-08,-16.750001907348633,-1.7881377516459906e-06,attack,no
5857,0,0,1.1253524254059873e-07,-16.000009536743164,-1.0251946150674485e-05,attack,no
5858,0,0,1.370957860567974e-06,-13.500003814697266,-4.291525328881107e-06,attack,no
5859,0,0,2.3823699519327963e-07,-15.250000953674316,-1.311301275563892e-06,attack,no
5860,0,0,0.0011695100209540533,-6.751171112060547,-0.0011709030950441957,attack,no
5861,0,0,1.955567137781402e-08,-17.750017166137695,-1.6689160474925302e-05,attack,no
5862,0,0,9.736203785443038e-10,-20.750001907348633,-2.264974000354414e-06,attack,no
5863,0,0,1.855390354791913e-07,-15.500006675720215,-6.318072337307967e-06,attack,no
5864,0,0,9.237458386057632e-09,-18.500003814697266,-4.768360213347478e-06,attack,no
5865,0,0,3.059022633913769e-07,-15.000001907348633,-2.0265558760002023e-06,attack,no
5866,0,0,1.6052288180107596e-09,-20.2500057220459,-6.198863957251888e-06,attack,no
5867,0,0,4.1399395205144004e-08,-17.00002098083496,-2.1457441107486375e-05,attack,no
5868,0,0,1.5229986774691235e-08,-18.0000057220459,-6.198863957251888e-06,attack,no
5869,0,0,0.004070136804189576,-5.504079341888428,-0.004079116974025965,attack,no
5870,0,0,1.5229977697181206e-08,-18.000001907348633,-1.7881377516459906e-06,attack,no
5871,0,0,1.855390354791913e-07,-15.500006675720215,-6.318072337307967e-06,attack,no
5872,0,0,6.475948754028718e-07,-14.250001907348633,-2.0265558760002023e-06,attack,no
5873,0,0,7.194139839351118e-09,-18.750003814697266,-4.768360213347478e-06,attack,no
5874,0,0,9.237452880186979e-09,-18.500001907348633,-2.264974000354414e-06,attack,no
5875,0,0,2.5110014873406942e-08,-17.500003814697266,-4.768360213347478e-06,attack,no
5876,0,0,5.602798409848411e-09,-19.000001907348633,-2.264974000354414e-06,attack,no
5877,0,0,8.764247451259466e-08,-16.250003814697266,-3.814689989667386e-06,attack,no
5878,0,1,0.96267311613631,-0.038042448461055756,-3.2880425453186035,attack,yes
5879,0,0,9.237458386124842e-09,-18.500001907348633,-2.861018856492592e-06,attack,no
5880,0,0,6.82559802839207e-08,-16.500001907348633,-1.1920922133867862e-06,attack,no
5881,0,0,5.829127945541869e-05,-9.750059127807617,-5.936446541454643e-05,attack,no
5882,0,0,1.444979520545713e-07,-15.750001907348633,-1.5497195136049413e-06,attack,no
5883,0,0,7.889260704968911e-06,-11.750009536743164,-9.298280929215252e-06,attack,no
5884,0,0,1.605227861239821e-09,-20.250003814697266,-3.6954811548639555e-06,attack,no
5885,0,0,9.237448475435691e-09,-18.500001907348633,-1.7881377516459906e-06,attack,no
5886,0,0,2.144495608471805e-05,-10.750021934509277,-2.2291887944447808e-05,attack,no
5887,0,0,4.363466395178121e-09,-19.250003814697266,-4.768360213347478e-06,attack,no
5888,0,0,1.5229977697181206e-08,-18.000001907348633,-1.7881377516459906e-06,attack,no
5889,0,0,6.825602910396625e-08,-16.500003814697266,-3.814689989667386e-06,attack,no
5890,0,0,1.444979692677638e-07,-15.75001335144043,-1.3112935448589269e-05,attack,no
5891,0,0,0.0007096704736503554,-7.250710487365723,-0.000710592488758266,attack,no
5892,0,0,8.315278294097537e-07,-14.00000286102295,-2.622600959512056e-06,attack,no
5893,0,0,6.475950297421003e-07,-14.25001335144043,-1.3708974620385561e-05,attack,no
5894,0,0,1.4449807263287805e-07,-15.750001907348633,-2.3841830625315197e-06,attack,no
5895,0,0,1.5229966803871924e-08,-18.000001907348633,-1.0728830375228426e-06,attack,no
5896,0,0,1.8553914607043678e-07,-15.500004768371582,-5.006777428206988e-06,attack,no
5897,0,0,4.5397852414783676e-05,-10.000048637390137,-4.827859811484814e-05,attack,no
5898,0,0,6.475948752463494e-07,-14.250021934509277,-2.2053474822314456e-05,attack,no
5899,0,0,5.602797741783595e-09,-19.00000762939453,-7.867782187531702e-06,attack,no
5900,0,0,2.061155583836972e-09,-20.000003814697266,-4.768360213347478e-06,attack,no
5901,0,0,0.03732688667481418,-3.28804349899292,-0.03804348036646843,attack,no
5902,0,0,2.511000289982784e-08,-17.5000057220459,-6.198863957251888e-06,attack,no
5903,0,0,1.5229990406090843e-08,-18.0,-7.152555099310121e-07,attack,no
5904,0,0,3.224188170653665e-08,-17.2500057220459,-6.198863957251888e-06,attack,no
5905,0,0,4.3634606689002196e-09,-19.250045776367188,-4.541770613286644e-05,attack,no
5906,0,0,1.6052295834560986e-09,-20.250003814697266,-4.768360213347478e-06,attack,no
5907,0,0,1.3007134667436888e-05,-11.25001335144043,-1.3828182090946939e-05,attack,no
5908,0,0,8.764252673182309e-08,-16.25002098083496,-2.1576648578047752e-05,attack,no
5909,0,0,0.03732688854889699,-3.2880420684814453,-0.038042102009058,attack,no
5910,0,0,1.9555678374073827e-08,-17.750003814697266,-3.6954811548639555e-06,attack,no
5911,0,0,3.059022269089317e-07,-15.00001049041748,-1.0490362910786644e-05,attack,no
5912,0,0,2.1444940746307572e-05,-10.750022888183594,-2.253030106658116e-05,attack,no
5913,0,0,4.139934092743993e-08,-17.000003814697266,-2.9802276912960224e-06,attack,no
5914,0,1,0.5621765008857981,-0.5759401917457581,-0.8259401917457581,attack,yes
5915,0,0,5.3157881400334906e-08,-16.750009536743164,-1.0132738680113107e-05,attack,no
5916,0,0,9.736206106757876e-10,-20.75,-5.960462772236497e-07,attack,no
5917,0,0,4.139937053868778e-08,-17.000001907348633,-1.7881377516459906e-06,attack,no
5918,0,0,2.9023133691112136e-06,-12.750003814697266,-4.291525328881107e-06,attack,no
5919,0,0,0.0007096703037049672,-7.2507123947143555,-0.0007122601964510977,attack,no
5920,0,0,1.1253506814715717e-07,-16.0000057220459,-4.887569048150908e-06,attack,no
5921,0,0,6.475946437966953e-07,-14.250005722045898,-5.483612312673358e-06,attack,no
5922,0,0,7.194139839403463e-09,-18.750001907348633,-2.861018856492592e-06,attack,no
5923,0,0,2.5109996912840604e-08,-17.50000762939453,-7.867782187531702e-06,attack,no
5924,0,1,0.7772998560157665,-0.25193145871162415,-1.5019314289093018,attack,yes
5925,0,0,1.8553903548231313e-07,-15.50000286102295,-2.50339189733495e-06,attack,no
5926,0,0,2.382369667923043e-07,-15.25000286102295,-3.099436753473128e-06,attack,no
5927,0,0,9.237458386124842e-09,-18.500001907348633,-2.861018856492592e-06,attack,no
5928,0,0,1.1861124252495773e-08,-18.250001907348633,-2.264974000354414e-06,attack,no
5929,0,0,1.2501527157855073e-09,-20.500003814697266,-3.6954811548639555e-06,attack,no
5930,0,0,3.0590229985588146e-07,-15.000003814697266,-4.0531076592742465e-06,attack,no
5931,0,0,2.061152880890023e-09,-20.00001335144043,-1.2993727978027891e-05,attack,no
5932,0,0,1.1861118596621165e-08,-18.250003814697266,-3.6954811548639555e-06,attack,no
5933,0,0,4.3634601526323156e-09,-19.250017166137695,-1.6689160474925302e-05,attack,no
5934,0,0,6.825597214641435e-08,-16.5000057220459,-4.887569048150908e-06,attack,no
5935,0,0,7.194139839351118e-09,-18.750003814697266,-4.768360213347478e-06,attack,no
5936,0,0,1.855391460719133e-07,-15.50000286102295,-3.099436753473128e-06,attack,no
5937,0,0,1.44498003730197e-07,-15.750003814697266,-3.814689989667386e-06,attack,no
5938,0,0,6.475945666009862e-07,-14.250004768371582,-4.410734163684538e-06,attack,no
5939,0,0,6.82560779249779e-08,-16.5,-7.152555099310121e-07,attack,no
5940,0,0,3.3982649722104704e-09,-19.500001907348633,-1.0728830375228426e-06,attack,no
5941,0,0,5.602801749327794e-09,-19.000003814697266,-4.768360213347478e-06,attack,no
5942,0,0,0.06008665648572012,-2.811969518661499,-0.06196963042020798,attack,no
5943,0,0,1.1253516205427619e-07,-16.000003814697266,-3.814689989667386e-06,attack,no
5944,0,0,5.602801749327794e-09,-19.000003814697266,-4.768360213347478e-06,attack,no
5945,0,0,3.7266383956340114e-06,-12.500005722045898,-5.483612312673358e-06,attack,no
5946,0,0,7.1941321209133375e-09,-18.750003814697266,-3.6954811548639555e-06,attack,no
5947,0,0,1.522998495938826e-08,-18.000001907348633,-2.264974000354414e-06,attack,no
5948,0,0,1.0677028700397769e-06,-13.75000286102295,-2.861018856492592e-06,attack,no
5949,0,0,2.5110014873406942e-08,-17.500003814697266,-4.768360213347478e-06,attack,no
5950,0,0,1.6052278612482156e-09,-20.250001907348633,-1.7881377516459906e-06,attack,no
5951,0,0,1.5229986774691235e-08,-18.0000057220459,-6.198863957251888e-06,attack,no
5952,0,0,6.475947982022762e-07,-14.25000286102295,-2.861018856492592e-06,attack,no
5953,0,0,5.043472278299047e-07,-14.500003814697266,-3.4570634852570947e-06,attack,no
5954,0,0,1.1861127079834025e-08,-18.250009536743164,-1.0132738680113107e-05,attack,no
5955,0,0,1.1253516205489029e-07,-16.000001907348633,-1.9073468138230965e-06,attack,no
5956,0,0,2.2603248367656408e-06,-13.000005722045898,-5.960446742392378e-06,attack,no
5957,0,0,2.7535700950274786e-05,-10.500028610229492,-2.8967437174287625e-05,attack,no
5958,0,0,4.363460673039411e-09,-19.25001335144043,-1.2993727978027891e-05,attack,no
5959,0,0,0.0002611903099837353,-8.250264167785645,-0.0002641328901518136,attack,no
5960,0,0,3.0590215398648245e-07,-15.000006675720215,-6.437280717364047e-06,attack,no
5961,0,0,1.1861131322259895e-08,-18.250001907348633,-2.861018856492592e-06,attack,no
5962,0,0,3.2241874019092974e-08,-17.25000762939453,-7.867782187531702e-06,attack,no
5963,0,0,6.825597214641435e-08,-16.5000057220459,-4.887569048150908e-06,attack,no
5964,0,0,2.646575209385592e-09,-19.75,-5.960462772236497e-07,attack,no
5965,0,0,0.037326884131416216,-3.2880423069000244,-0.03804221749305725,attack,no
5966,0,0,7.889263526345123e-06,-11.750009536743164,-9.65590606938349e-06,attack,no
5967,0,1,0.9241418116217418,-0.07889139652252197,-2.5788912773132324,attack,yes
5968,0,0,1.5229977697101562e-08,-18.000003814697266,-3.6954811548639555e-06,attack,no
5969,0,0,1.1253516205427619e-07,-16.000003814697266,-3.814689989667386e-06,attack,no
5970,0,0,1.1861115767788153e-08,-18.25001335144043,-1.2993727978027891e-05,attack,no
5971,0,0,2.646576155845173e-09,-19.750003814697266,-4.768360213347478e-06,attack,no
5972,0,0,5.043473480784174e-07,-14.500000953674316,-8.344646857949556e-07,attack,no
5973,0,0,9.237452880186979e-09,-18.500001907348633,-2.264974000354414e-06,attack,no
5974,0,0,2.6465723695497353e-09,-19.750017166137695,-1.6689160474925302e-05,attack,no
5975,0,0,7.1941364088631495e-09,-18.7500057220459,-6.198863957251888e-06,attack,no
5976,0,0,2.3823685315902304e-07,-15.250017166137695,-1.6927575416048057e-05,attack,no
5977,0,0,4.1399375473642086e-08,-17.000003814697266,-3.814689989667386e-06,attack,no
5978,0,0,1.4449803818215767e-07,-15.750000953674316,-1.1920922133867862e-06,attack,no
5979,0,0,4.3634606689002196e-09,-19.250045776367188,-4.541770613286644e-05,attack,no
5980,0,0,1.3709575337125585e-06,-13.50000286102295,-3.099436753473128e-06,attack,no
5981,0,1,0.99992515379947,-7.593343616463244e-05,-9.500076293945312,attack,yes
5982,0,0,0.006692851243146353,-5.006715774536133,-0.006715822499245405,attack,no
5983,0,0,6.144175333837093e-06,-12.000016212463379,-1.6331539882230572e-05,attack,no
5984,0,0,1.855391460719133e-07,-15.50000286102295,-3.099436753473128e-06,attack,no
5985,0,0,1.7603430034559798e-06,-13.250006675720215,-6.556489552167477e-06,attack,no
5986,0,0,3.5356254927835276e-05,-10.250040054321289,-4.017272294731811e-05,attack,no
5987,0,0,2.260323758987159e-06,-13.000003814697266,-3.576272320060525e-06,attack,no
5988,0,0,2.9023119851266288e-06,-12.750007629394531,-7.629365427419543e-06,attack,no
5989,0,0,1.522999403703421e-08,-18.000003814697266,-4.768360213347478e-06,attack,no
5990,0,0,2.6465761558644295e-09,-19.750001907348633,-2.861018856492592e-06,attack,no
5991,0,0,1.6701421845361053e-05,-11.000018119812012,-1.811964830267243e-05,attack,no
5992,0,0,5.829129335466679e-05,-9.7500581741333,-5.864924969500862e-05,attack,no
5993,0,0,7.1941364088631495e-09,-18.7500057220459,-6.198863957251888e-06,attack,no
5994,0,0,1.067702615417244e-06,-13.750011444091797,-1.1205610462639015e-05,attack,no
5995,0,0,3.059023363231725e-07,-15.00000286102295,-3.2186455882765586e-06,attack,no
5996,0,0,3.535624650279073e-05,-10.25003719329834,-3.707340147229843e-05,attack,no
5997,0,0,3.0590229985588146e-07,-15.000003814697266,-4.0531076592742465e-06,attack,no
5998,0,0,3.224186248944841e-08,-17.250001907348633,-1.7881377516459906e-06,attack,no
5999,0,0,5.602799076473766e-09,-19.00002098083496,-2.1457441107486375e-05,attack,no
