idx,y_true,y_pred,p_yes,lp_yes,lp_no,mode,raw_text
0,1,1,0.999999984770015,-2.264974000354414e-06,-18.000001907348633,base,yes
1,1,1,0.9999991684720715,-5.602820692729438e-06,-14.000005722045898,base,yes
2,1,0,0.00015843616044940593,-8.75015926361084,-0.00015889335190877318,base,no
3,1,1,0.9999999804443006,-2.861018856492592e-06,-17.750001907348633,base,yes
4,1,1,0.9999999586006098,-2.264974000354414e-06,-17.000001907348633,base,yes
5,1,1,0.9999999847700223,-3.6954811548639555e-06,-18.000003814697266,base,yes
6,1,1,0.999999931743971,-1.9073468138230965e-06,-16.500001907348633,base,yes
7,1,1,0.9999999847700278,-1.4305104514278355e-06,-18.000001907348633,base,yes
8,1,1,0.9999999907625515,-3.6954811548639555e-06,-18.500003814697266,base,yes
9,1,1,0.9999999956365397,-1.4305104514278355e-06,-19.250001907348633,base,yes
10,1,1,0.9999999317440278,-4.887569048150908e-06,-16.5000057220459,base,yes
11,1,1,0.9999993524052017,-2.861018856492592e-06,-14.25000286102295,base,yes
12,1,0,1.3007134666857228e-05,-11.250016212463379,-1.6689160474925302e-05,base,no
13,1,1,0.9999999804443215,-1.7881377516459906e-06,-17.750001907348633,base,yes
14,1,1,0.9999546021259359,-4.684815212385729e-05,-10.000046730041504,base,yes
15,1,1,0.9999991684721705,-4.529942543740617e-06,-14.000004768371582,base,yes
16,1,1,0.9999999973534277,-1.4305104514278355e-06,-19.750001907348633,base,yes
17,1,1,0.9999997617630049,-1.311301275563892e-06,-15.250000953674316,base,yes
18,1,0,0.0001584361789024073,-8.750175476074219,-0.0001752223033690825,base,no
19,1,0,0.005220126148165224,-5.255237579345703,-0.005237666890025139,base,no
20,1,0,1.3709578605542582e-06,-13.500005722045898,-6.198863957251888e-06,base,no
21,1,1,0.9933071496267573,-0.006717598997056484,-5.006717681884766,base,yes
22,1,1,0.9999999317439303,-6.318072337307967e-06,-16.5000057220459,base,yes
23,1,1,0.9999997617631468,-1.6689286894688848e-06,-15.250001907348633,base,yes
24,1,1,0.962673116805625,-0.03804600611329079,-3.28804612159729,base,yes
25,1,1,0.9999999748900121,-3.6954811548639555e-06,-17.500003814697266,base,yes
26,1,1,0.9999996940978096,-8.344646857949556e-07,-15.000000953674316,base,yes
27,1,1,0.9999999468421567,-1.7881377516459906e-06,-16.750001907348633,base,yes
28,1,1,0.9999999928058636,-6.198863957251888e-06,-18.7500057220459,base,yes
29,1,1,0.9999999804443075,-1.0132738680113107e-05,-17.750009536743164,base,yes
30,1,1,0.9999999956365382,-3.6954811548639555e-06,-19.250003814697266,base,yes
31,1,1,0.9999997617630615,-2.0265558760002023e-06,-15.250001907348633,base,yes
32,1,1,0.9999999677581067,-8.344646857949556e-07,-17.25,base,yes
33,1,1,0.9999970976890531,-1.2993727978027891e-05,-12.75001335144043,base,yes
34,1,1,0.9999998555019791,-2.9802276912960224e-06,-15.75000286102295,base,yes
35,1,1,0.9999999847700332,-1.0728830375228426e-06,-18.000001907348633,base,yes
36,1,1,0.9999996072136126,-1.4305104514278355e-06,-14.750000953674316,base,yes
37,1,1,0.9999832985721816,-1.7523612768854946e-05,-11.000017166137695,base,yes
38,1,1,0.9999999928058705,-1.4305104514278355e-06,-18.750001907348633,base,yes
39,1,1,0.9999999928058678,-1.7881377516459906e-06,-18.750001907348633,base,yes
40,1,1,0.9999998555019962,-9.536738616588991e-07,-15.750000953674316,base,yes
41,1,1,0.9999546021097017,-4.7205765440594405e-05,-10.000046730041504,base,yes
42,1,1,0.9999994956525317,-1.0728830375228426e-06,-14.500000953674316,base,yes
43,1,1,0.9999999804443028,-8.344646857949556e-07,-17.75,base,yes
44,1,1,0.999796572929219,-0.00020454221521504223,-8.500204086303711,base,yes
45,1,1,0.9999989322973846,-1.6689286894688848e-06,-13.750001907348633,base,yes
46,1,1,0.9999997617630615,-3.933898824470816e-06,-15.250003814697266,base,yes
47,1,1,0.9999999966017326,-3.6954811548639555e-06,-19.500003814697266,base,yes
48,1,1,0.9999999748899941,-1.0132738680113107e-05,-17.500009536743164,base,yes
49,1,1,0.9999962733616045,-4.529942543740617e-06,-12.500004768371582,base,yes
50,1,1,0.9999999804443075,-5.960462772236497e-07,-17.75,base,yes
51,1,1,0.9999991684719725,-1.9073468138230965e-06,-14.000001907348633,base,yes
52,1,1,0.9999999804443215,-1.7881377516459906e-06,-17.750001907348633,base,yes
53,1,1,0.9999998874647709,-5.960462772236497e-07,-16.0,base,yes
54,1,1,0.999997097686977,-5.125986263010418e-06,-12.750004768371582,base,yes
55,1,1,0.9999998874647307,-9.536738616588991e-07,-16.0,base,yes
56,1,1,0.9999998555019274,-2.3841830625315197e-06,-15.750001907348633,base,yes
57,1,1,0.9999999468421249,-4.768370445162873e-07,-16.75,base,yes
58,1,0,3.927863407331258e-07,-14.750004768371582,-5.125986263010418e-06,base,no
59,1,0,0.002472623212914112,-6.002479553222656,-0.002479576040059328,base,no
60,1,0,6.475950298021765e-07,-14.250000953674316,-1.311301275563892e-06,base,no
61,1,1,0.9999999586006442,-1.4305104514278355e-06,-17.000001907348633,base,yes
62,1,1,0.9999999317440278,-2.9802276912960224e-06,-16.500003814697266,base,yes
63,1,0,0.0005527787496058222,-7.500554084777832,-0.000554288737475872,base,no
64,1,1,0.9999998874649318,-4.887569048150908e-06,-16.0000057220459,base,yes
65,1,1,0.9999999317439954,-1.5497195136049413e-06,-16.500001907348633,base,yes
66,1,1,0.9046505267461572,-0.10021219402551651,-2.3502120971679688,base,yes
67,1,1,0.9999999956365362,-2.264974000354414e-06,-19.250001907348633,base,yes
68,1,1,0.9999999966017294,-8.344646857949556e-07,-19.5,base,yes
69,1,1,0.9999999956365413,-1.0728830375228426e-06,-19.250001907348633,base,yes
70,1,1,0.9999999748900301,-1.0728830375228426e-06,-17.500001907348633,base,yes
71,1,1,0.9999999677581489,-1.4305104514278355e-06,-17.250001907348633,base,yes
72,1,1,0.9999994956524113,-1.311301275563892e-06,-14.500000953674316,base,yes
73,1,1,0.9999998144608759,-2.0265558760002023e-06,-15.500001907348633,base,yes
74,1,1,0.9999724642990497,-2.8967437174287625e-05,-10.500028610229492,base,yes
75,1,1,0.9999999748900121,-3.6954811548639555e-06,-17.500003814697266,base,yes
76,1,1,0.9999993524052789,-8.4638240878121e-06,-14.250008583068848,base,yes
77,1,1,0.9999993524052017,-2.861018856492592e-06,-14.25000286102295,base,yes
78,1,1,0.9999998555019962,-1.9073468138230965e-06,-15.750001907348633,base,yes
79,1,1,0.8519528038477825,-0.1602250188589096,-1.9102250337600708,base,yes
80,1,1,0.8175744828610095,-0.2014271765947342,-1.7014272212982178,base,yes
81,1,1,0.9999999468421058,-8.344646857949556e-07,-16.75,base,yes
82,1,1,0.9999999881388687,-4.768360213347478e-06,-18.250003814697266,base,yes
83,1,1,0.9999977396759718,-1.8954096958623268e-05,-13.000019073486328,base,yes
84,1,1,0.9999999804443215,-1.7881377516459906e-06,-17.750001907348633,base,yes
85,1,1,0.999999352404893,-4.291525328881107e-06,-14.250003814697266,base,yes
86,1,1,0.9999999586006046,-4.768370445162873e-07,-17.0,base,yes
87,1,1,0.9999999943972002,-5.960462772236497e-07,-19.0,base,yes
88,1,1,0.9999999804443215,-3.6954811548639555e-06,-17.750003814697266,base,yes
89,1,1,0.999999996601729,-4.768360213347478e-06,-19.500003814697266,base,yes
90,1,1,0.9999998555020306,-1.0251946150674485e-05,-15.75001049041748,base,yes
91,1,1,0.99999999280586,-2.861018856492592e-06,-18.750001907348633,base,yes
92,1,1,0.9999999943971982,-4.768360213347478e-06,-19.000003814697266,base,yes
93,1,1,0.9999999586006046,-6.198863957251888e-06,-17.0000057220459,base,yes
94,1,1,0.9999999804443215,-1.7881377516459906e-06,-17.750001907348633,base,yes
95,1,0,8.315282259117513e-07,-14.00000286102295,-3.099436753473128e-06,base,no
96,1,1,0.9999999586005851,-2.861018856492592e-06,-17.000001907348633,base,yes
97,1,1,0.9980732657288913,-0.0019348012283444405,-6.251935005187988,base,yes
98,1,1,0.999999958600659,-1.0728830375228426e-06,-17.000001907348633,base,yes
99,1,1,0.9999998555019274,-2.3841830625315197e-06,-15.750001907348633,base,yes
100,1,1,0.9999999907625415,-4.768360213347478e-06,-18.500003814697266,base,yes
101,1,1,0.9999997617631183,-1.0371154530730564e-05,-15.25001049041748,base,yes
102,1,1,0.9999869928653331,-1.6689160474925302e-05,-11.250016212463379,base,yes
103,1,1,0.9999999468421058,-8.344646857949556e-07,-16.75,base,yes
104,1,1,0.9999999748899853,-2.861018856492592e-06,-17.500001907348633,base,yes
105,1,1,0.9999999956365335,-2.861018856492592e-06,-19.250001907348633,base,yes
106,1,1,0.9999999804443215,-1.7881377516459906e-06,-17.750001907348633,base,yes
107,1,1,0.9999970976876689,-3.933898824470816e-06,-12.750003814697266,base,yes
108,1,1,0.9999999586006295,-1.7881377516459906e-06,-17.000001907348633,base,yes
109,1,1,0.9999996072137061,-2.145764938177308e-06,-14.750001907348633,base,yes
110,1,1,0.9999999943972016,-2.264974000354414e-06,-19.000001907348633,base,yes
111,1,1,0.9999999748900001,-2.264974000354414e-06,-17.500001907348633,base,yes
112,1,1,0.9999952149032236,-1.0967194612021558e-05,-12.25001049041748,base,yes
113,1,1,0.9999999928058645,-2.264974000354414e-06,-18.750001907348633,base,yes
114,1,1,0.9999998874647307,-9.536738616588991e-07,-16.0,base,yes
115,1,1,0.9999999979388459,-2.3841855067985307e-07,-20.0,base,yes
116,1,1,0.9999999847700058,-2.861018856492592e-06,-18.000001907348633,base,yes
117,1,1,0.999999996601731,-2.264974000354414e-06,-19.500001907348633,base,yes
118,1,1,0.9999999748900121,-1.7881377516459906e-06,-17.500001907348633,base,yes
119,1,0,0.3208212878370535,-1.1368727684020996,-0.38687270879745483,base,no
120,1,1,0.9999869928746359,-1.4066597032069694e-05,-11.250014305114746,base,yes
121,1,1,0.9999999847700132,-6.198863957251888e-06,-18.0000057220459,base,yes
122,1,1,0.9999546021259337,-4.589452510117553e-05,-10.000045776367188,base,yes
123,1,1,0.9999999468421311,-2.264974000354414e-06,-16.750001907348633,base,yes
124,1,1,0.999999984770015,-2.264974000354414e-06,-18.000001907348633,base,yes
125,1,1,0.9999986290421393,-4.291525328881107e-06,-13.500003814697266,base,yes
126,1,1,0.9992903296110953,-0.0007109498255886137,-7.250710964202881,base,yes
127,1,1,0.9999999586005851,-2.861018856492592e-06,-17.000001907348633,base,yes
128,1,1,0.9999038975620468,-9.7508447652217e-05,-9.250097274780273,base,yes
129,1,1,0.9999998874649185,-1.1920922133867862e-06,-16.000001907348633,base,yes
130,1,0,1.855390354397046e-07,-15.500021934509277,-2.1576648578047752e-05,base,no
131,1,1,0.9999832985781545,-1.7165990357170813e-05,-11.000017166137695,base,yes
132,1,1,0.9999999881388758,-3.576278118089249e-07,-18.25,base,yes
133,1,1,0.999999990762546,-4.768370445162873e-07,-18.5,base,yes
134,1,1,0.9999251537637805,-7.545663538621739e-05,-9.500075340270996,base,yes
135,1,1,0.999999967758103,-4.768360213347478e-06,-17.250003814697266,base,yes
136,1,1,0.9999999847700132,-6.198863957251888e-06,-18.0000057220459,base,yes
137,1,1,0.9999999956365413,-1.0728830375228426e-06,-19.250001907348633,base,yes
138,1,1,0.9999999995400948,-1.0728830375228426e-06,-21.500001907348633,base,yes
139,1,1,0.9999999804443355,-1.0728830375228426e-06,-17.750001907348633,base,yes
140,1,1,0.9999999907625471,-2.264974000354414e-06,-18.500001907348633,base,yes
141,1,0,0.0031726833829691698,-5.753183841705322,-0.0031840126030147076,base,no
142,1,1,0.9999999748900121,-3.6954811548639555e-06,-17.500003814697266,base,yes
143,1,1,0.9999999847700278,-1.4305104514278355e-06,-18.000001907348633,base,yes
144,1,1,0.9999999586006295,-1.7881377516459906e-06,-17.000001907348633,base,yes
145,1,1,0.999999974889997,-4.768370445162873e-07,-17.5,base,yes
146,1,0,0.00015843625480754269,-8.750161170959473,-0.00016139635408762842,base,no
147,1,1,0.9999982396563669,-2.145764938177308e-06,-13.250001907348633,base,yes
148,1,1,0.9999999847700114,-5.960462772236497e-07,-18.0,base,yes
149,1,1,0.999999984770015,-2.264974000354414e-06,-18.000001907348633,base,yes
150,1,1,0.9999993524052017,-2.861018856492592e-06,-14.25000286102295,base,yes
151,1,1,0.9999999804443122,-3.576278118089249e-07,-17.75,base,yes
152,1,1,0.9999996940977002,-2.145764938177308e-06,-15.000001907348633,base,yes
153,1,1,0.9999898700090196,-1.0490362910786644e-05,-11.50001049041748,base,yes
154,1,1,0.9999952149032234,-6.198863957251888e-06,-12.250005722045898,base,yes
155,1,1,0.9999999468421946,-1.0728830375228426e-06,-16.750001907348633,base,yes
156,1,1,0.999999984770015,-2.264974000354414e-06,-18.000001907348633,base,yes
157,1,1,0.9999998144609423,-6.437280717364047e-06,-15.500006675720215,base,yes
158,1,1,0.9999999317439221,-7.152555099310121e-07,-16.5,base,yes
159,1,1,0.9984988180093728,-0.0015037668636068702,-6.501503944396973,base,yes
160,1,1,0.9999999317440278,-2.9802276912960224e-06,-16.500003814697266,base,yes
161,1,1,0.9984988180126884,-0.0015051951631903648,-6.501505374908447,base,yes
162,1,1,0.9999999317439383,-2.3841830625315197e-06,-16.500001907348633,base,yes
163,1,1,0.9999993524051246,-2.0265558760002023e-06,-14.250001907348633,base,yes
164,1,1,0.9999999317440278,-2.9802276912960224e-06,-16.500003814697266,base,yes
165,1,1,0.9999999468421058,-8.344646857949556e-07,-16.75,base,yes
166,1,1,0.9999998144608317,-1.311301275563892e-06,-15.500000953674316,base,yes
167,1,1,0.9999998555019962,-1.9073468138230965e-06,-15.750001907348633,base,yes
168,1,1,0.9999997617631468,-1.6689286894688848e-06,-15.250001907348633,base,yes
169,1,1,0.99999995860059,-8.344646857949556e-07,-17.0,base,yes
170,1,1,0.9999999748900001,-2.264974000354414e-06,-17.500001907348633,base,yes
171,1,1,0.999999931743971,-3.814689989667386e-06,-16.500003814697266,base,yes
172,1,1,0.999999814460854,-5.006777428206988e-06,-15.500004768371582,base,yes
173,1,1,0.9999996072137061,-2.145764938177308e-06,-14.750001907348633,base,yes
174,1,1,0.9999970976890529,-3.4570634852570947e-06,-12.750003814697266,base,yes
175,1,1,0.9999999586006146,-7.867782187531702e-06,-17.00000762939453,base,yes
176,1,1,0.9999921107355333,-1.07287787614041e-05,-11.75001049041748,base,yes
177,1,1,0.9999996940978096,-1.7881377516459906e-06,-15.000001907348633,base,yes
178,1,0,1.522999403703421e-08,-18.000003814697266,-4.768360213347478e-06,base,no
179,1,1,0.999983298570192,-2.1457441107486375e-05,-11.000020980834961,base,yes
180,1,1,0.999999958600659,-1.0728830375228426e-06,-17.000001907348633,base,yes
181,1,1,0.9999999847700223,-1.7881377516459906e-06,-18.000001907348633,base,yes
182,1,1,0.9999999123574733,-6.318072337307967e-06,-16.2500057220459,base,yes
183,1,1,0.9999999586006046,-4.768370445162873e-07,-17.0,base,yes
184,1,1,0.9999997617630615,-2.0265558760002023e-06,-15.250001907348633,base,yes
185,1,1,0.9999999677581183,-4.768370445162873e-07,-17.25,base,yes
186,1,1,0.9975273773619391,-0.002477435627952218,-6.002477645874023,base,yes
187,1,1,0.9990889487516109,-0.0009136793087236583,-7.000913619995117,base,yes
188,1,1,0.9999996940976638,-5.125986263010418e-06,-15.000004768371582,base,yes
189,1,1,0.9999977396746244,-3.3378546504536644e-06,-13.00000286102295,base,yes
190,1,1,0.9999999586006295,-1.7881377516459906e-06,-17.000001907348633,base,yes
191,1,1,0.9996646498086224,-0.00033682872890494764,-8.000336647033691,base,yes
192,1,1,0.9984988174783747,-0.001506028464064002,-6.5015058517456055,base,yes
193,1,1,0.9999999123574838,-2.3841830625315197e-06,-16.250001907348633,base,yes
194,1,1,0.9999999468420996,-2.861018856492592e-06,-16.750001907348633,base,yes
195,1,1,0.9999986290432835,-2.50339189733495e-06,-13.50000286102295,base,yes
196,1,1,0.999999984770015,-2.264974000354414e-06,-18.000001907348633,base,yes
197,1,1,0.9999938558261305,-8.4638240878121e-06,-12.000008583068848,base,yes
198,1,1,0.9999999956365335,-2.861018856492592e-06,-19.250001907348633,base,yes
199,1,1,0.9999999907625415,-4.768360213347478e-06,-18.500003814697266,base,yes
200,1,1,0.9999999979388465,-3.6954811548639555e-06,-20.000003814697266,base,yes
201,1,0,5.043476486860921e-07,-14.500004768371582,-5.245195097813848e-06,base,no
202,1,1,0.9999999677581374,-1.7881377516459906e-06,-17.250001907348633,base,yes
203,1,1,0.9999999956365335,-2.861018856492592e-06,-19.250001907348633,base,yes
204,1,1,0.9999999956365382,-1.7881377516459906e-06,-19.250001907348633,base,yes
205,1,1,0.9999832985781563,-2.288792165927589e-05,-11.000022888183594,base,yes
206,1,1,0.9999999677581489,-1.4305104514278355e-06,-17.250001907348633,base,yes
207,1,1,0.9999998555019274,-4.768370445162873e-07,-15.75,base,yes
208,1,1,0.9999998874649318,-2.9802276912960224e-06,-16.000003814697266,base,yes
209,1,1,0.9999998144608317,-1.311301275563892e-06,-15.500000953674316,base,yes
210,1,1,0.9999999123575568,-1.5497195136049413e-06,-16.250001907348633,base,yes
211,1,1,0.9999999928058678,-1.7881377516459906e-06,-18.750001907348633,base,yes
212,1,1,0.9999999881388898,-1.0728830375228426e-06,-18.250001907348633,base,yes
213,1,0,0.37754066879814546,-0.9740827679634094,-0.4740827679634094,base,no
214,1,0,0.06008665017400762,-2.811971426010132,-0.061971426010131836,base,no
215,1,1,0.9999921107355333,-1.07287787614041e-05,-11.75001049041748,base,yes
216,1,1,0.999986992871535,-1.5258672647178173e-05,-11.250015258789062,base,yes
217,1,1,0.9999991684719725,-1.9073468138230965e-06,-14.000001907348633,base,yes
218,1,1,0.9999999847700132,-6.198863957251888e-06,-18.0000057220459,base,yes
219,1,1,0.9999999123574733,-6.318072337307967e-06,-16.2500057220459,base,yes
220,1,1,0.9947798750826584,-0.005237429868429899,-5.255237579345703,base,yes
221,1,1,0.9999999943971982,-4.768360213347478e-06,-19.000003814697266,base,yes
222,1,1,0.9999962733598274,-4.0531076592742465e-06,-12.500003814697266,base,yes
223,1,1,0.9999993524050473,-1.1920922133867862e-06,-14.250000953674316,base,yes
224,1,1,0.8807970670261975,-0.1269296258687973,-2.126929521560669,base,yes
225,1,1,0.999999996601731,-2.264974000354414e-06,-19.500001907348633,base,yes
226,1,1,0.999999996601735,-1.0728830375228426e-06,-19.500001907348633,base,yes
227,1,1,0.9999999928058645,-2.264974000354414e-06,-18.750001907348633,base,yes
228,1,1,0.9999999979388443,-2.861018856492592e-06,-20.000001907348633,base,yes
229,1,1,0.9999994956527721,-1.5497195136049413e-06,-14.500001907348633,base,yes
230,1,1,0.9999999943972009,-4.768370445162873e-07,-19.0,base,yes
231,1,1,0.9999993524051246,-2.0265558760002023e-06,-14.250001907348633,base,yes
232,1,1,0.9999996940976638,-3.2186455882765586e-06,-15.00000286102295,base,yes
233,1,1,0.9999999677581605,-1.0728830375228426e-06,-17.250001907348633,base,yes
234,1,1,0.9999998555019791,-2.9802276912960224e-06,-15.75000286102295,base,yes
235,1,1,0.9999952149060756,-6.556489552167477e-06,-12.250006675720215,base,yes
236,1,1,0.9999999966017339,-1.6689160474925302e-05,-19.500017166137695,base,yes
237,1,1,0.99999999280586,-4.768360213347478e-06,-18.750003814697266,base,yes
238,1,1,0.9999999943972009,-2.1457441107486375e-05,-19.00002098083496,base,yes
239,1,1,0.9999999847700058,-4.768360213347478e-06,-18.000003814697266,base,yes
240,1,1,0.99999999280586,-4.768360213347478e-06,-18.750003814697266,base,yes
241,1,1,0.9999999943972062,-1.4305104514278355e-06,-19.000001907348633,base,yes
242,1,1,0.9999999804443006,-4.768360213347478e-06,-17.750003814697266,base,yes
243,1,1,0.9999999928058678,-1.7881377516459906e-06,-18.750001907348633,base,yes
244,1,1,0.9999999847700223,-3.6954811548639555e-06,-18.000003814697266,base,yes
245,1,1,0.9999999748899853,-2.861018856492592e-06,-17.500001907348633,base,yes
246,1,1,0.9999999123575255,-3.814689989667386e-06,-16.250003814697266,base,yes
247,1,1,0.9999999881388814,-1.7881377516459906e-06,-18.250001907348633,base,yes
248,1,1,0.9999921107402354,-1.0132738680113107e-05,-11.75001049041748,base,yes
249,1,1,0.9999938558268633,-1.4066597032069694e-05,-12.000014305114746,base,yes
250,1,0,1.5229972248408898e-08,-18.000017166137695,-1.6689160474925302e-05,base,no
251,1,1,0.9999996940978096,-6.556489552167477e-06,-15.000006675720215,base,yes
252,1,1,0.9999999804443006,-2.861018856492592e-06,-17.750001907348633,base,yes
253,1,1,0.9999994956523514,-3.3378546504536644e-06,-14.50000286102295,base,yes
254,1,1,0.9999999123574838,-4.768370445162873e-07,-16.25,base,yes
255,1,1,0.9999999586006442,-1.4305104514278355e-06,-17.000001907348633,base,yes
256,1,1,0.9999999943972009,-4.768370445162873e-07,-19.0,base,yes
257,1,1,0.9999999468421185,-1.0132738680113107e-05,-16.750009536743164,base,yes
258,1,1,0.9999970976876689,-3.933898824470816e-06,-12.750003814697266,base,yes
259,1,1,0.9999898700041895,-1.0967194612021558e-05,-11.50001049041748,base,yes
260,1,1,0.9999938558268628,-6.437280717364047e-06,-12.000006675720215,base,yes
261,1,1,0.9999251537459551,-7.855583680793643e-05,-9.500078201293945,base,yes
262,1,0,0.32082130731838393,-1.1368790864944458,-0.3868791162967682,base,no
263,1,1,0.9999999586006098,-2.264974000354414e-06,-17.000001907348633,base,yes
264,1,1,0.9999999317439465,-7.986990567587782e-06,-16.50000762939453,base,yes
265,1,1,0.9999999956365362,-3.576278118089249e-07,-19.25,base,yes
266,1,1,0.9999994956523514,-5.245195097813848e-06,-14.500004768371582,base,yes
267,1,1,0.9999999943971989,-8.344646857949556e-07,-19.0,base,yes
268,1,1,0.9999999123574838,-2.3841830625315197e-06,-16.250001907348633,base,yes
269,1,1,0.9999999966017326,-1.7881377516459906e-06,-19.500001907348633,base,yes
270,1,1,0.9999994956527721,-1.5497195136049413e-06,-14.500001907348633,base,yes
271,1,1,0.9999999907625471,-3.576278118089249e-07,-18.5,base,yes
272,1,1,0.9990889489775785,-0.0009243983076885343,-7.000924587249756,base,yes
273,1,1,0.9999999987498482,-1.0728830375228426e-06,-20.500001907348633,base,yes
274,1,1,0.9999999966017326,-3.6954811548639555e-06,-19.500003814697266,base,yes
275,1,1,0.9999999966017326,-1.7881377516459906e-06,-19.500001907348633,base,yes
276,1,0,0.0040701377593107295,-5.504079818725586,-0.004079829435795546,base,no
277,1,1,0.9968273166840391,-0.003190667135640979,-5.753190517425537,base,yes
278,1,1,0.9999994956525317,-1.0609570381348021e-05,-14.50001049041748,base,yes
279,1,1,0.9999996940976638,-5.125986263010418e-06,-15.000004768371582,base,yes
280,1,1,0.9999962733607158,-4.768360213347478e-06,-12.500004768371582,base,yes
281,1,1,0.9999546021097059,-4.911301948595792e-05,-10.000048637390137,base,yes
282,1,1,0.9999999956365362,-2.264974000354414e-06,-19.250001907348633,base,yes
283,1,1,0.9999999907625471,-2.264974000354414e-06,-18.500001907348633,base,yes
284,1,1,0.9999998144609645,-2.50339189733495e-06,-15.50000286102295,base,yes
285,1,1,0.9999999987498482,-1.0728830375228426e-06,-20.500001907348633,base,yes
286,1,1,0.9999999987498478,-1.4305104514278355e-06,-20.500001907348633,base,yes
287,1,1,0.9999999677581067,-8.344646857949556e-07,-17.25,base,yes
288,1,1,0.9999999847700058,-2.861018856492592e-06,-18.000001907348633,base,yes
289,1,1,0.9999999748899853,-2.861018856492592e-06,-17.500001907348633,base,yes
290,1,1,0.9999999317439383,-2.3841830625315197e-06,-16.500001907348633,base,yes
291,1,1,0.9999999907625426,-8.344646857949556e-07,-18.5,base,yes
292,1,1,0.9999832985701913,-1.9550132492440753e-05,-11.000019073486328,base,yes
293,1,1,0.9999999907625515,-1.7881377516459906e-06,-18.500001907348633,base,yes
294,1,1,0.9999999748900301,-1.0728830375228426e-06,-17.500001907348633,base,yes
295,1,1,0.9999991684719725,-1.9073468138230965e-06,-14.000001907348633,base,yes
296,1,1,0.9999998144608759,-2.0265558760002023e-06,-15.500001907348633,base,yes
297,1,1,0.9859363705935709,-0.014198473654687405,-4.264198303222656,base,yes
298,1,1,0.9999989322973846,-1.6689286894688848e-06,-13.750001907348633,base,yes
299,1,1,0.9999999586006442,-1.4305104514278355e-06,-17.000001907348633,base,yes
300,1,1,0.9999999804443286,-1.4305104514278355e-06,-17.750001907348633,base,yes
301,1,1,0.9999832985721825,-2.038458114839159e-05,-11.000020027160645,base,yes
302,1,1,0.9999999468421567,-1.7881377516459906e-06,-16.750001907348633,base,yes
303,1,1,0.999999974890003,-7.867782187531702e-06,-17.50000762939453,base,yes
304,1,1,0.9999999804443006,-4.768360213347478e-06,-17.750003814697266,base,yes
305,1,1,0.9999999586005851,-2.861018856492592e-06,-17.000001907348633,base,yes
306,1,1,0.999999967758103,-2.861018856492592e-06,-17.250001907348633,base,yes
307,1,1,0.9999999881388814,-1.7881377516459906e-06,-18.250001907348633,base,yes
308,1,1,0.9999977396746244,-3.3378546504536644e-06,-13.00000286102295,base,yes
309,1,1,0.9999986290423027,-3.2186455882765586e-06,-13.50000286102295,base,yes
310,1,1,0.9999998874649185,-1.1920922133867862e-06,-16.000001907348633,base,yes
311,1,1,0.9999999677581183,-4.768370445162873e-07,-17.25,base,yes
312,1,1,0.9984988180093728,-0.0015037668636068702,-6.501503944396973,base,yes
313,1,1,0.9999994956527721,-1.5497195136049413e-06,-14.500001907348633,base,yes
314,1,1,0.9999999677581145,-5.960462772236497e-07,-17.25,base,yes
315,1,1,0.9999546021475895,-5.018585216021165e-05,-10.00005054473877,base,yes
316,1,1,0.9999999748900301,-1.0728830375228426e-06,-17.500001907348633,base,yes
317,1,1,0.9999993524051246,-2.0265558760002023e-06,-14.250001907348633,base,yes
318,1,1,0.9999999123574418,-9.536738616588991e-07,-16.25,base,yes
319,1,1,0.9999998555019791,-2.9802276912960224e-06,-15.75000286102295,base,yes
320,1,1,0.9999546021097017,-4.7205765440594405e-05,-10.000046730041504,base,yes
321,1,1,0.9999999748899941,-5.960462772236497e-07,-17.5,base,yes
322,1,1,0.9999999468421311,-2.264974000354414e-06,-16.750001907348633,base,yes
323,1,1,0.9999999123575255,-1.9073468138230965e-06,-16.250001907348633,base,yes
324,1,1,0.9999998874647842,-2.3841830625315197e-06,-16.000001907348633,base,yes
325,1,1,0.9890130572580872,-0.01104880403727293,-4.511048793792725,base,yes
326,1,1,0.9999999586005851,-2.861018856492592e-06,-17.000001907348633,base,yes
327,1,1,0.9999999928058609,-8.344646857949556e-07,-18.75,base,yes
328,1,1,0.9999869928761868,-1.585470999998506e-05,-11.250016212463379,base,yes
329,1,1,0.9999999943972016,-2.264974000354414e-06,-19.000001907348633,base,yes
330,1,1,0.939913346038965,-0.06197220832109451,-2.811972141265869,base,yes
331,1,1,0.9999999748900121,-1.7881377516459906e-06,-17.500001907348633,base,yes
332,1,1,0.9999999907625549,-1.4305104514278355e-06,-18.500001907348633,base,yes
333,1,1,0.9999999804443006,-4.768360213347478e-06,-17.750003814697266,base,yes
334,1,1,0.9999999928058609,-8.344646857949556e-07,-18.75,base,yes
335,1,1,0.9999994956524115,-4.172316494077677e-06,-14.500003814697266,base,yes
336,1,1,0.9999999468421311,-2.264974000354414e-06,-16.750001907348633,base,yes
337,1,1,0.9999999123575255,-1.9073468138230965e-06,-16.250001907348633,base,yes
338,1,1,0.9999994956527721,-1.5497195136049413e-06,-14.500001907348633,base,yes
339,1,1,0.9999999317439383,-2.3841830625315197e-06,-16.500001907348633,base,yes
340,1,1,0.9959298627371258,-0.00408066064119339,-5.504080772399902,base,yes
341,1,1,0.9999999979388481,-1.0728830375228426e-06,-20.000001907348633,base,yes
342,1,1,0.9999997617630615,-2.0265558760002023e-06,-15.250001907348633,base,yes
343,1,1,0.9999999804443215,-1.7881377516459906e-06,-17.750001907348633,base,yes
344,1,1,0.9999999677581374,-1.7881377516459906e-06,-17.250001907348633,base,yes
345,1,1,0.9999999847700132,-4.768370445162873e-07,-18.0,base,yes
346,1,1,0.9959298622633402,-0.004081254359334707,-5.5040812492370605,base,yes
347,1,1,0.9999991684721705,-2.622600959512056e-06,-14.00000286102295,base,yes
348,1,1,0.9999999956365366,-7.867782187531702e-06,-19.25000762939453,base,yes
349,1,1,0.9999997617631183,-1.0371154530730564e-05,-15.25001049041748,base,yes
350,1,1,0.999999974889997,-6.198863957251888e-06,-17.5000057220459,base,yes
351,1,1,0.9999998874648781,-1.5497195136049413e-06,-16.000001907348633,base,yes
352,1,1,0.999999974890021,-1.4305104514278355e-06,-17.500001907348633,base,yes
353,1,1,0.9999991684720715,-3.6954811548639555e-06,-14.000003814697266,base,yes
354,1,1,0.9999999907625426,-8.344646857949556e-07,-18.5,base,yes
355,1,1,0.9999999123574418,-9.536738616588991e-07,-16.25,base,yes
356,1,1,0.9999994956525317,-1.0609570381348021e-05,-14.50001049041748,base,yes
357,1,1,0.9999999804443099,-6.198863957251888e-06,-17.7500057220459,base,yes
358,1,1,0.9999646437492826,-3.71926071238704e-05,-10.25003719329834,base,yes
359,1,1,0.9999999881388758,-3.576278118089249e-07,-18.25,base,yes
360,1,1,0.9999999907625549,-1.4305104514278355e-06,-18.500001907348633,base,yes
361,1,1,0.9999546021097059,-4.911301948595792e-05,-10.000048637390137,base,yes
362,1,1,0.9999999748899853,-4.768360213347478e-06,-17.500003814697266,base,yes
363,1,1,0.999999967758103,-4.768360213347478e-06,-17.250003814697266,base,yes
364,1,1,0.9999999956365413,-5.829164365422912e-05,-19.250059127807617,base,yes
365,1,1,0.9999998874648648,-1.3112935448589269e-05,-16.00001335144043,base,yes
366,1,0,4.539789029401802e-05,-10.000048637390137,-4.911301948595792e-05,base,no
367,1,1,0.9999999748899941,-5.960462772236497e-07,-17.5,base,yes
368,1,1,0.9999999907625415,-2.861018856492592e-06,-18.500001907348633,base,yes
369,1,1,0.999999996601729,-4.768360213347478e-06,-19.500003814697266,base,yes
370,1,1,0.9999999748899853,-2.861018856492592e-06,-17.500001907348633,base,yes
371,1,1,0.9999996072138466,-1.7881377516459906e-06,-14.750001907348633,base,yes
372,1,1,0.9999785550439152,-2.2291887944447808e-05,-10.750021934509277,base,yes
373,1,1,0.9999997617630615,-2.0265558760002023e-06,-15.250001907348633,base,yes
374,1,1,0.9999546021367565,-4.565611743601039e-05,-10.000045776367188,base,yes
375,1,1,0.9999999748899941,-5.960462772236497e-07,-17.5,base,yes
376,1,1,0.9999724642990651,-4.4225667807040736e-05,-10.500043869018555,base,yes
377,1,1,0.9999991684721705,-2.622600959512056e-06,-14.00000286102295,base,yes
378,1,1,0.9999970976883608,-4.6491513785440475e-06,-12.750004768371582,base,yes
379,1,1,0.9999999468420996,-2.861018856492592e-06,-16.750001907348633,base,yes
380,1,1,0.9999999881388758,-2.264974000354414e-06,-18.250001907348633,base,yes
381,1,0,0.07585818263281055,-2.5788967609405518,-0.07889679819345474,base,no
382,1,1,0.999983298570192,-2.1457441107486375e-05,-11.000020980834961,base,yes
383,1,1,0.999999855502048,-6.318072337307967e-06,-15.750006675720215,base,yes
384,1,1,0.999876605439932,-0.00014006110723130405,-9.000140190124512,base,yes
385,1,1,0.9999999881388687,-2.861018856492592e-06,-18.250001907348633,base,yes
386,1,1,0.9914225151961191,-0.008620667271316051,-4.758620738983154,base,yes
387,1,1,0.9999999997210531,-6.198863957251888e-06,-22.0000057220459,base,yes
388,1,1,0.9999997617631468,-1.6689286894688848e-06,-15.250001907348633,base,yes
389,1,1,0.9999991684720715,-3.6954811548639555e-06,-14.000003814697266,base,yes
390,1,1,0.9999999956365362,-2.264974000354414e-06,-19.250001907348633,base,yes
391,1,1,0.9999999748900301,-1.0728830375228426e-06,-17.500001907348633,base,yes
392,1,0,4.785094494672519e-06,-12.250009536743164,-9.536697689327411e-06,base,no
393,1,0,7.889263526180094e-06,-11.750011444091797,-1.156323378381785e-05,base,no
394,1,0,0.0019267345122157265,-6.251931667327881,-0.0019315887475386262,base,no
395,1,1,0.9999999804443006,-2.861018856492592e-06,-17.750001907348633,base,yes
396,1,1,0.999999931743971,-1.9073468138230965e-06,-16.500001907348633,base,yes
397,1,1,0.9999999881388814,-1.7881377516459906e-06,-18.250001907348633,base,yes
398,1,1,0.9999999586006098,-2.264974000354414e-06,-17.000001907348633,base,yes
399,1,1,0.9999938558246655,-6.794906312279636e-06,-12.000006675720215,base,yes
400,1,1,0.9999999966017326,-1.7881377516459906e-06,-19.500001907348633,base,yes
401,1,1,0.9999999956365351,-5.960462772236497e-07,-19.25,base,yes
402,1,1,0.999999967758122,-2.264974000354414e-06,-17.250001907348633,base,yes
403,1,1,0.9999982396569966,-4.6491513785440475e-06,-13.250004768371582,base,yes
404,1,1,0.9999996072136592,-5.125986263010418e-06,-14.750004768371582,base,yes
405,1,1,0.9999998555019274,-2.3841830625315197e-06,-15.750001907348633,base,yes
406,1,1,0.9999938558224684,-1.0967194612021558e-05,-12.00001049041748,base,yes
407,1,1,0.9999999804443286,-1.4305104514278355e-06,-17.750001907348633,base,yes
408,1,1,0.9999999586005998,-5.960462772236497e-07,-17.0,base,yes
409,1,1,0.9999999804443122,-2.264974000354414e-06,-17.750001907348633,base,yes
410,1,1,0.9046505421702796,-0.10022632032632828,-2.350226402282715,base,yes
411,1,1,0.9999999956365382,-1.7881377516459906e-06,-19.250001907348633,base,yes
412,1,1,0.9999999804443215,-3.6954811548639555e-06,-17.750003814697266,base,yes
413,1,1,0.9999999847700058,-2.861018856492592e-06,-18.000001907348633,base,yes
414,1,1,0.9999999966017339,-1.4305104514278355e-06,-19.500001907348633,base,yes
415,1,1,0.9999999804443075,-1.0132738680113107e-05,-17.750009536743164,base,yes
416,1,1,0.9999999586006393,-1.2993727978027891e-05,-17.00001335144043,base,yes
417,1,1,0.9999952149037938,-7.033323527139146e-06,-12.250006675720215,base,yes
418,1,1,0.9999999943972082,-1.0728830375228426e-06,-19.000001907348633,base,yes
419,1,1,0.9999999586006295,-1.7881377516459906e-06,-17.000001907348633,base,yes
420,1,1,0.9999999123574838,-2.3841830625315197e-06,-16.250001907348633,base,yes
421,1,1,0.9999999748899853,-4.768360213347478e-06,-17.500003814697266,base,yes
422,1,1,0.9999989322971299,-4.768360213347478e-06,-13.750004768371582,base,yes
423,1,1,0.9999999943972062,-1.4305104514278355e-06,-19.000001907348633,base,yes
424,1,1,0.9999998874648781,-1.5497195136049413e-06,-16.000001907348633,base,yes
425,1,1,0.9999999804443075,-1.0132738680113107e-05,-17.750009536743164,base,yes
426,1,1,0.9998766054249618,-0.00012396997772157192,-9.000123977661133,base,yes
427,1,1,0.9999999907625471,-2.264974000354414e-06,-18.500001907348633,base,yes
428,1,1,0.9999999966017326,-1.7881377516459906e-06,-19.500001907348633,base,yes
429,1,1,0.9999993524051246,-1.0728830375228426e-06,-14.250000953674316,base,yes
430,1,1,0.9999994956524113,-1.311301275563892e-06,-14.500000953674316,base,yes
431,1,1,0.9999998144609645,-2.50339189733495e-06,-15.50000286102295,base,yes
432,1,1,0.99999998813887,-8.344646857949556e-07,-18.25,base,yes
433,1,1,0.9999546021097059,-4.911301948595792e-05,-10.000048637390137,base,yes
434,1,1,0.9999938558261305,-8.4638240878121e-06,-12.000008583068848,base,yes
435,1,1,0.9999999468421376,-7.867782187531702e-06,-16.75000762939453,base,yes
436,1,1,0.9999999123574942,-7.986990567587782e-06,-16.25000762939453,base,yes
437,1,1,0.9999986290421393,-6.198863957251888e-06,-13.500005722045898,base,yes
438,1,1,0.9999999123574838,-2.3841830625315197e-06,-16.250001907348633,base,yes
439,1,1,0.9999991684715759,-1.4305104514278355e-06,-14.000000953674316,base,yes
440,1,1,0.9999999973534266,-3.6954811548639555e-06,-19.750003814697266,base,yes
441,1,1,0.9999999907625449,-5.960462772236497e-07,-18.5,base,yes
442,1,1,0.9999996940976271,-1.4305104514278355e-06,-15.000000953674316,base,yes
443,1,1,0.9999999748900001,-2.264974000354414e-06,-17.500001907348633,base,yes
444,1,1,0.9999998555019274,-2.3841830625315197e-06,-15.750001907348633,base,yes
445,1,1,0.9999999317439383,-2.3841830625315197e-06,-16.500001907348633,base,yes
446,1,0,3.224185095888061e-08,-17.250001907348633,-1.4305104514278355e-06,base,no
447,1,1,0.9999999677581374,-1.7881377516459906e-06,-17.250001907348633,base,yes
448,1,1,0.999999996601735,-1.0728830375228426e-06,-19.500001907348633,base,yes
449,1,1,0.999999984770015,-2.264974000354414e-06,-18.000001907348633,base,yes
450,1,1,0.9999996072136126,-1.4305104514278355e-06,-14.750000953674316,base,yes
451,1,1,0.9999999881388743,-4.768370445162873e-07,-18.25,base,yes
452,1,1,0.9999999966017339,-1.4305104514278355e-06,-19.500001907348633,base,yes
453,1,1,0.9999999677581145,-5.960462772236497e-07,-17.25,base,yes
454,1,1,0.9999999881388856,-1.4305104514278355e-06,-18.250001907348633,base,yes
455,1,1,0.9999999123575881,-1.1920922133867862e-06,-16.250001907348633,base,yes
456,1,1,0.9999999317439383,-2.3841830625315197e-06,-16.500001907348633,base,yes
457,1,1,0.9999999907625449,-5.960462772236497e-07,-18.5,base,yes
458,1,1,0.9999999586006295,-1.7881377516459906e-06,-17.000001907348633,base,yes
459,1,1,0.995929862223701,-0.004078879952430725,-5.5040788650512695,base,yes
460,1,1,0.9770226290445921,-0.02324824221432209,-3.7732481956481934,base,yes
461,1,1,0.9999999847700223,-3.6954811548639555e-06,-18.000003814697266,base,yes
462,1,1,0.9999038975620929,-0.00010227633902104571,-9.250102043151855,base,yes
463,1,1,0.9999999956365362,-2.264974000354414e-06,-19.250001907348633,base,yes
464,1,0,2.2603248358025224e-06,-13.000029563903809,-2.9801878554280847e-05,base,no
465,1,1,0.99999999280586,-2.861018856492592e-06,-18.750001907348633,base,yes
466,1,1,0.9999999928058645,-2.264974000354414e-06,-18.750001907348633,base,yes
467,1,1,0.9525741217735477,-0.048594824969768524,-3.0485947132110596,base,yes
468,1,1,0.9914225149585225,-0.008631185628473759,-4.758631229400635,base,yes
469,1,0,0.037326884399142314,-3.2880420684814453,-0.038041986525058746,base,no
470,1,1,0.9999999928058636,-6.198863957251888e-06,-18.7500057220459,base,yes
471,1,0,0.0011695102998688749,-6.751170635223389,-0.0011706650257110596,base,no
472,1,1,0.9399133491948211,-0.06197119876742363,-2.8119711875915527,base,yes
473,1,1,0.9999989322973846,-1.6689286894688848e-06,-13.750001907348633,base,yes
474,1,0,4.539787944818477e-05,-10.0000581741333,-5.8410845667822286e-05,base,no
475,1,1,0.9999999677581183,-6.198863957251888e-06,-17.2500057220459,base,yes
476,1,1,0.9999999966017339,-1.4305104514278355e-06,-19.500001907348633,base,yes
477,1,1,0.9999999123574838,-2.3841830625315197e-06,-16.250001907348633,base,yes
478,1,1,0.9992903294425945,-0.0007121411035768688,-7.250711917877197,base,yes
479,1,0,1.76034279361833e-06,-13.250005722045898,-5.483612312673358e-06,base,no
480,1,0,0.4378234991142019,-0.8259472846984863,-0.5759472846984863,base,no
481,1,1,0.9859363747904816,-0.014169560745358467,-4.264169692993164,base,yes
482,1,0,0.0001233946338629479,-9.000123977661133,-0.00012444675667211413,base,no
483,1,1,0.9999999943972002,-5.960462772236497e-07,-19.0,base,yes
484,1,1,0.99999995860059,-8.344646857949556e-07,-17.0,base,yes
485,1,1,0.9999999847700223,-3.6954811548639555e-06,-18.000003814697266,base,yes
486,1,1,0.9999999123575568,-1.5497195136049413e-06,-16.250001907348633,base,yes
487,1,1,0.9999999468421249,-6.198863957251888e-06,-16.7500057220459,base,yes
488,1,1,0.9999997617631468,-1.6689286894688848e-06,-15.250001907348633,base,yes
489,1,1,0.9999999973534255,-2.264974000354414e-06,-19.750001907348633,base,yes
490,1,1,0.9999999847700114,-5.960462772236497e-07,-18.0,base,yes
491,1,1,0.9999999847700332,-1.0728830375228426e-06,-18.000001907348633,base,yes
492,1,1,0.9999970976876689,-3.933898824470816e-06,-12.750003814697266,base,yes
493,1,1,0.9999999677581605,-1.0728830375228426e-06,-17.250001907348633,base,yes
494,1,1,0.9999999943972022,-7.867782187531702e-06,-19.00000762939453,base,yes
495,1,1,0.9999999928058636,-6.198863957251888e-06,-18.7500057220459,base,yes
496,1,1,0.9999999317439221,-7.152555099310121e-07,-16.5,base,yes
497,1,1,0.9999999956365397,-1.4305104514278355e-06,-19.250001907348633,base,yes
498,1,1,0.9999996072136126,-1.4305104514278355e-06,-14.750000953674316,base,yes
499,1,1,0.9999999586006295,-3.6954811548639555e-06,-17.000003814697266,base,yes
500,0,0,1.1861115767788153e-08,-18.25001335144043,-1.2993727978027891e-05,base,no
501,0,0,1.8553907970265435e-07,-15.50001335144043,-1.3232143828645349e-05,base,no
502,0,0,3.224188170653665e-08,-17.2500057220459,-6.198863957251888e-06,base,no
503,0,0,1.9555685367259194e-08,-17.75000762939453,-7.867782187531702e-06,base,no
504,0,0,5.31578497181003e-08,-16.750003814697266,-3.814689989667386e-06,base,no
505,0,0,5.31578307002209e-08,-16.750017166137695,-1.680836794548668e-05,base,no
506,0,0,1.1253522910508937e-07,-16.00002098083496,-2.1576648578047752e-05,base,no
507,0,0,3.224189322555085e-08,-17.25002670288086,-2.753696753643453e-05,base,no
508,0,0,1.4449805540316353e-07,-15.750007629394531,-7.986990567587782e-06,base,no
509,0,0,2.382368525206982e-07,-15.250075340270996,-7.509902934543788e-05,base,no
510,0,0,2.511000589237424e-08,-17.500009536743164,-1.0132738680113107e-05,base,no
511,0,0,2.9023109470211603e-06,-12.75001335144043,-1.2993727978027891e-05,base,no
512,0,0,8.315284241174448e-07,-14.00001049041748,-1.0967194612021558e-05,base,no
513,0,0,1.5229974064808095e-08,-18.00001335144043,-1.2993727978027891e-05,base,no
514,0,0,4.3634617137089345e-09,-19.250003814697266,-3.6954811548639555e-06,base,no
515,0,0,3.224185095439773e-08,-17.250017166137695,-1.6689160474925302e-05,base,no
516,0,0,2.3823688157249783e-07,-15.25001335144043,-1.3232143828645349e-05,base,no
517,0,0,2.6465726851925943e-09,-19.75001335144043,-1.2993727978027891e-05,base,no
518,0,0,2.6465752092512482e-09,-19.750009536743164,-1.0132738680113107e-05,base,no
519,0,0,8.764247451259466e-08,-16.250003814697266,-3.814689989667386e-06,base,no
520,0,0,1.855391460719133e-07,-15.50000286102295,-3.099436753473128e-06,base,no
521,0,0,1.9555690029929595e-08,-17.7500057220459,-6.198863957251888e-06,base,no
522,0,0,1.4449795203425045e-07,-15.750017166137695,-1.680836794548668e-05,base,no
523,0,0,5.315787506511449e-08,-16.7500057220459,-6.198863957251888e-06,base,no
524,0,0,8.76425371954088e-08,-16.250009536743164,-1.0251946150674485e-05,base,no
525,0,0,1.1253506814715717e-07,-16.0000057220459,-4.887569048150908e-06,base,no
526,0,0,9.237446272290006e-09,-18.50001335144043,-1.2993727978027891e-05,base,no
527,0,0,6.825597214691097e-08,-16.500003814697266,-2.9802276912960224e-06,base,no
528,0,0,3.059022997393087e-07,-15.000027656555176,-2.7894584491150454e-05,base,no
529,0,0,8.764255806216348e-08,-16.25002670288086,-2.7656173188006505e-05,base,no
530,0,0,1.6701429807964442e-05,-11.000020980834961,-2.1457441107486375e-05,base,no
531,0,0,2.3823702358575385e-07,-15.250007629394531,-8.106198947643861e-06,base,no
532,0,0,5.315786872752582e-08,-16.75000762939453,-7.986990567587782e-06,base,no
533,0,0,9.237457281476882e-09,-18.50002670288086,-2.753696753643453e-05,base,no
534,0,0,6.825606165017571e-08,-16.5000057220459,-6.198863957251888e-06,base,no
535,0,0,3.3982661870509066e-09,-19.500017166137695,-1.6689160474925302e-05,base,no
536,0,0,5.602798409848411e-09,-19.000001907348633,-2.264974000354414e-06,base,no
537,0,0,2.5110011880337063e-08,-17.5,-8.344646857949556e-07,base,no
538,0,0,8.764244315741453e-08,-16.250017166137695,-1.680836794548668e-05,base,no
539,0,0,7.194135551374727e-09,-18.750001907348633,-2.264974000354414e-06,base,no
540,0,0,5.043476486883855e-07,-14.500003814697266,-4.291525328881107e-06,base,no
541,0,0,7.1941304051393674e-09,-18.75001335144043,-1.2993727978027891e-05,base,no
542,0,0,2.382369950418236e-07,-15.250035285949707,-3.564294092939235e-05,base,no
543,0,0,3.224188170653665e-08,-17.2500057220459,-6.198863957251888e-06,base,no
544,0,0,4.1399390278197924e-08,-17.00000762939453,-7.986990567587782e-06,base,no
545,0,0,1.4449796927262634e-07,-15.75001049041748,-1.0251946150674485e-05,base,no
546,0,0,8.315278294038927e-07,-14.000004768371582,-4.529942543740617e-06,base,no
547,0,0,1.0677033784455357e-06,-13.750036239624023,-3.671578815556131e-05,base,no
548,0,0,6.825609417243838e-08,-16.50002670288086,-2.7656173188006505e-05,base,no
549,0,0,1.85539079708898e-07,-15.50001049041748,-1.0371154530730564e-05,base,no
550,0,0,1.7603434231097405e-06,-13.250009536743164,-9.65590606938349e-06,base,no
551,0,0,2.061152880890023e-09,-20.00001335144043,-1.2993727978027891e-05,base,no
552,0,0,1.9555692360527098e-08,-17.750009536743164,-1.0132738680113107e-05,base,no
553,0,0,5.043474081902135e-07,-14.500006675720215,-6.6756979322235566e-06,base,no
554,0,0,3.2241881699704196e-08,-17.25002098083496,-2.1457441107486375e-05,base,no
555,0,0,1.955566438681241e-08,-17.750003814697266,-2.9802276912960224e-06,base,no
556,0,0,7.1941304051393674e-09,-18.75001335144043,-1.2993727978027891e-05,base,no
557,0,0,8.764245361006995e-08,-16.25001335144043,-1.3112935448589269e-05,base,no
558,0,0,2.3823702358575385e-07,-15.250007629394531,-8.106198947643861e-06,base,no
559,0,0,4.363460673039411e-09,-19.25001335144043,-1.2993727978027891e-05,base,no
560,0,0,3.224189322555085e-08,-17.25002670288086,-2.753696753643453e-05,base,no
561,0,0,9.736209588588104e-10,-20.750003814697266,-4.768360213347478e-06,base,no
562,0,0,1.370957206498744e-06,-13.500022888183594,-2.288792165927589e-05,base,no
563,0,0,1.9555690029929595e-08,-17.7500057220459,-6.198863957251888e-06,base,no
564,0,0,6.825601282506298e-08,-16.50001335144043,-1.3112935448589269e-05,base,no
565,0,0,6.825607792139286e-08,-16.500009536743164,-1.0251946150674485e-05,base,no
566,0,0,3.224185479971474e-08,-17.25001335144043,-1.2993727978027891e-05,base,no
567,0,0,1.444980036760519e-07,-15.750027656555176,-2.7656173188006505e-05,base,no
568,0,0,7.194137266242078e-09,-18.750009536743164,-1.0132738680113107e-05,base,no
569,0,0,6.825606163571142e-08,-16.50002098083496,-2.1457441107486375e-05,base,no
570,0,0,4.139941495501095e-08,-17.000003814697266,-4.768360213347478e-06,base,no
571,0,0,2.5109978950037637e-08,-17.500017166137695,-1.6689160474925302e-05,base,no
572,0,0,1.9555664374664727e-08,-17.750036239624023,-3.540453326422721e-05,base,no
573,0,0,1.3709567141222232e-06,-13.500060081481934,-5.972207145532593e-05,base,no
574,0,0,3.0590233632073814e-07,-15.000004768371582,-5.125986263010418e-06,base,no
575,0,0,2.64657142177651e-09,-19.750036239624023,-3.540453326422721e-05,base,no
576,0,0,7.582564941335739e-10,-21.000009536743164,-1.0132738680113107e-05,base,no
577,0,0,5.315780535951295e-08,-16.7500057220459,-4.887569048150908e-06,base,no
578,0,0,5.905303291449446e-10,-21.250003814697266,-3.6954811548639555e-06,base,no
579,0,0,1.8553919030270097e-07,-15.500007629394531,-8.106198947643861e-06,base,no
580,0,0,2.6465726851925943e-09,-19.75001335144043,-1.2993727978027891e-05,base,no
581,0,0,5.315787506511449e-08,-16.7500057220459,-6.198863957251888e-06,base,no
582,0,0,2.5109996912840604e-08,-17.50000762939453,-7.867782187531702e-06,base,no
583,0,0,3.224185476913002e-08,-17.250045776367188,-4.541770613286644e-05,base,no
584,0,0,1.855390354397046e-07,-15.500021934509277,-2.1576648578047752e-05,base,no
585,0,0,1.8553912395338048e-07,-15.500003814697266,-3.933898824470816e-06,base,no
586,0,0,3.2241839408156825e-08,-17.250036239624023,-3.540453326422721e-05,base,no
587,0,0,4.599054828279775e-10,-21.500001907348633,-1.7881377516459906e-06,base,no
588,0,0,5.602797741783595e-09,-19.00000762939453,-7.867782187531702e-06,base,no
589,0,0,2.6465726851925943e-09,-19.75001335144043,-1.2993727978027891e-05,base,no
590,0,0,7.194130398314994e-09,-18.750045776367188,-4.541770613286644e-05,base,no
591,0,0,1.5229966794350698e-08,-18.000036239624023,-3.540453326422721e-05,base,no
592,0,0,6.825607792139286e-08,-16.500009536743164,-1.0251946150674485e-05,base,no
593,0,0,3.3982694283026877e-09,-19.5000057220459,-6.198863957251888e-06,base,no
594,0,0,2.6465733163905695e-09,-19.750003814697266,-3.6954811548639555e-06,base,no
595,0,0,1.1861125663741641e-08,-18.25002098083496,-2.1457441107486375e-05,base,no
596,0,0,1.1861125663741641e-08,-18.25002098083496,-2.1457441107486375e-05,base,no
597,0,0,2.0611541095438413e-09,-20.00000762939453,-7.867782187531702e-06,base,no
598,0,1,0.99979657302671,-0.00021646064124070108,-8.500216484069824,base,yes
599,0,0,1.955569701656506e-08,-17.75002670288086,-2.753696753643453e-05,base,no
600,0,0,3.726638839833152e-06,-12.500007629394531,-7.510157047363464e-06,base,no
601,0,0,4.139941495501095e-08,-17.000003814697266,-4.768360213347478e-06,base,no
602,0,0,1.5229977697101562e-08,-18.000003814697266,-3.6954811548639555e-06,base,no
603,0,0,1.250153460919464e-09,-20.5000057220459,-6.198863957251888e-06,base,no
604,0,0,5.3157881400334906e-08,-16.750009536743164,-1.0132738680113107e-05,base,no
605,0,0,1.1253506814715717e-07,-16.0000057220459,-4.887569048150908e-06,base,no
606,0,0,1.955567137781402e-08,-17.750017166137695,-1.6689160474925302e-05,base,no
607,0,0,1.9555692360527098e-08,-17.750009536743164,-1.0132738680113107e-05,base,no
608,0,0,3.927863407331258e-07,-14.750004768371582,-5.125986263010418e-06,base,no
609,0,0,1.4449795203425045e-07,-15.750017166137695,-1.680836794548668e-05,base,no
610,0,0,2.511001187084526e-08,-17.50002670288086,-2.753696753643453e-05,base,no
611,0,0,5.043474080803545e-07,-14.500021934509277,-2.1934269170742482e-05,base,no
612,0,0,6.475946433870572e-07,-14.250036239624023,-3.6000557884108275e-05,base,no
613,0,0,1.0129988564430787e-05,-11.500016212463379,-1.597391747054644e-05,base,no
614,0,0,1.9555685367259194e-08,-17.75000762939453,-7.867782187531702e-06,base,no
615,0,0,9.237448475387384e-09,-18.500003814697266,-3.6954811548639555e-06,base,no
616,0,0,6.475949525057053e-07,-14.250017166137695,-1.7404405298293568e-05,base,no
617,0,0,3.059022268983595e-07,-15.00001335144043,-1.3351351299206726e-05,base,no
618,0,0,7.889259764445822e-06,-11.75001049041748,-1.0132738680113107e-05,base,no
619,0,0,3.9278605978261515e-07,-14.750008583068848,-8.22540732769994e-06,base,no
620,0,0,2.9023119851781013e-06,-12.750004768371582,-4.768360213347478e-06,base,no
621,0,0,4.139935572738979e-08,-17.000017166137695,-1.6689160474925302e-05,base,no
622,0,0,5.315783704007732e-08,-16.75001335144043,-1.3112935448589269e-05,base,no
623,0,0,1.5229983143399848e-08,-18.00000762939453,-7.867782187531702e-06,base,no
624,0,0,1.9555685367259194e-08,-17.75000762939453,-7.867782187531702e-06,base,no
625,0,0,4.1399395205144004e-08,-17.00002098083496,-2.1457441107486375e-05,base,no
626,0,0,1.1861114353175022e-08,-18.250017166137695,-1.6689160474925302e-05,base,no
627,0,0,1.3709570433885908e-06,-13.500007629394531,-7.510157047363464e-06,base,no
628,0,0,2.5109969957816053e-08,-17.500036239624023,-3.540453326422721e-05,base,no
629,0,0,2.511000589237424e-08,-17.500009536743164,-1.0132738680113107e-05,base,no
630,0,0,6.825600468452646e-08,-16.500017166137695,-1.680836794548668e-05,base,no
631,0,0,8.764244315741453e-08,-16.250017166137695,-1.680836794548668e-05,base,no
632,0,0,5.315783704007732e-08,-16.75001335144043,-1.3112935448589269e-05,base,no
633,0,0,3.224188170653665e-08,-17.2500057220459,-6.198863957251888e-06,base,no
634,0,0,9.237458386124842e-09,-18.500001907348633,-2.861018856492592e-06,base,no
635,0,0,3.224188554904223e-08,-17.250009536743164,-1.0132738680113107e-05,base,no
636,0,0,7.1941295471331265e-09,-18.750017166137695,-1.6689160474925302e-05,base,no
637,0,0,3.059022269089317e-07,-15.00001049041748,-1.0490362910786644e-05,base,no
638,0,0,4.1399390278197924e-08,-17.00000762939453,-7.986990567587782e-06,base,no
639,0,0,1.1253508156363578e-07,-16.000001907348633,-1.1920922133867862e-06,base,no
640,0,0,5.3157881400334906e-08,-16.750009536743164,-1.0132738680113107e-05,base,no
641,0,0,1.1253520229722557e-07,-16.00000762939453,-7.986990567587782e-06,base,no
642,0,0,6.825602910396625e-08,-16.500003814697266,-3.814689989667386e-06,base,no
643,0,0,2.3823693830152044e-07,-15.250027656555176,-2.777537883957848e-05,base,no
644,0,0,1.444980036760519e-07,-15.750027656555176,-2.7656173188006505e-05,base,no
645,0,0,1.1861114353175022e-08,-18.250017166137695,-1.6689160474925302e-05,base,no
646,0,0,2.511000289450672e-08,-17.50002098083496,-2.1457441107486375e-05,base,no
647,0,0,5.602799745388451e-09,-19.000009536743164,-1.0132738680113107e-05,base,no
648,0,0,5.905309627172042e-10,-21.250001907348633,-2.861018856492592e-06,base,no
649,0,0,5.315788773715154e-08,-16.750009536743164,-1.0251946150674485e-05,base,no
650,0,0,1.9555690029929595e-08,-17.7500057220459,-6.198863957251888e-06,base,no
651,0,0,1.8553912395338048e-07,-15.500003814697266,-3.933898824470816e-06,base,no
652,0,0,8.764251630275323e-08,-16.2500057220459,-6.198863957251888e-06,base,no
653,0,0,6.825602096760253e-08,-16.500001907348633,-1.7881377516459906e-06,base,no
654,0,0,1.9555690029929595e-08,-17.7500057220459,-6.198863957251888e-06,base,no
655,0,0,1.444979692677638e-07,-15.75001335144043,-1.3112935448589269e-05,base,no
656,0,0,1.1861114354824179e-08,-18.250001907348633,-1.4305104514278355e-06,base,no
657,0,0,1.5229986774691235e-08,-18.0000057220459,-6.198863957251888e-06,base,no
658,0,0,6.825609417243838e-08,-16.50002670288086,-2.7656173188006505e-05,base,no
659,0,0,3.224189322555085e-08,-17.25002670288086,-2.753696753643453e-05,base,no
660,0,0,1.444979692677638e-07,-15.75001335144043,-1.3112935448589269e-05,base,no
661,0,0,9.237455082120236e-09,-18.500009536743164,-1.0132738680113107e-05,base,no
662,0,0,1.1861131322173594e-08,-18.250003814697266,-4.768360213347478e-06,base,no
663,0,0,1.5229977697101562e-08,-18.000003814697266,-3.6954811548639555e-06,base,no
664,0,0,9.237458386124842e-09,-18.500001907348633,-2.861018856492592e-06,base,no
665,0,0,5.905309627129075e-10,-21.250003814697266,-4.768360213347478e-06,base,no
666,0,0,2.382369950418236e-07,-15.250035285949707,-3.564294092939235e-05,base,no
667,0,0,8.315284241174448e-07,-14.00001049041748,-1.0967194612021558e-05,base,no
668,0,0,8.315278294038927e-07,-14.000004768371582,-4.529942543740617e-06,base,no
669,0,0,2.382368815805148e-07,-15.25001049041748,-1.0371154530730564e-05,base,no
670,0,0,5.602801749327794e-09,-19.000003814697266,-4.768360213347478e-06,base,no
671,0,0,1.9555664374664727e-08,-17.750036239624023,-3.540453326422721e-05,base,no
672,0,0,2.5109996912840604e-08,-17.50000762939453,-7.867782187531702e-06,base,no
673,0,0,3.2241839408156825e-08,-17.250036239624023,-3.540453326422721e-05,base,no
674,0,0,4.363465873411117e-09,-19.25002670288086,-2.753696753643453e-05,base,no
675,0,0,3.224185479971474e-08,-17.25001335144043,-1.2993727978027891e-05,base,no
676,0,0,1.5229986774691235e-08,-18.0000057220459,-6.198863957251888e-06,base,no
677,0,0,1.7603427928890656e-06,-13.250029563903809,-2.932505594799295e-05,base,no
678,0,0,3.224185479971474e-08,-17.25001335144043,-1.2993727978027891e-05,base,no
679,0,0,4.139941495501095e-08,-17.000003814697266,-4.768360213347478e-06,base,no
680,0,0,1.4449796927262634e-07,-15.75001049041748,-1.0251946150674485e-05,base,no
681,0,0,1.1253524254059873e-07,-16.000009536743164,-1.0251946150674485e-05,base,no
682,0,0,1.760344052546141e-06,-13.250014305114746,-1.4781842764932662e-05,base,no
683,0,0,1.855391238832662e-07,-15.500027656555176,-2.777537883957848e-05,base,no
684,0,0,1.760344052546141e-06,-13.250014305114746,-1.4781842764932662e-05,base,no
685,0,0,5.043475883719226e-07,-14.500027656555176,-2.8013790142722428e-05,base,no
686,0,0,1.955567137781402e-08,-17.750017166137695,-1.6689160474925302e-05,base,no
687,0,0,2.6465733163905695e-09,-19.750003814697266,-3.6954811548639555e-06,base,no
688,0,0,1.8553919030270097e-07,-15.500007629394531,-8.106198947643861e-06,base,no
689,0,0,2.5109969973413987e-08,-17.500003814697266,-2.9802276912960224e-06,base,no
690,0,0,7.194135551374727e-09,-18.750001907348633,-2.264974000354414e-06,base,no
691,0,0,2.5109978950037637e-08,-17.500017166137695,-1.6689160474925302e-05,base,no
692,0,0,1.9555685367259194e-08,-17.75000762939453,-7.867782187531702e-06,base,no
693,0,0,1.1861110105550198e-08,-18.250036239624023,-3.540453326422721e-05,base,no
694,0,0,1.9555685367259194e-08,-17.75000762939453,-7.867782187531702e-06,base,no
695,0,0,1.5229986774691235e-08,-18.0000057220459,-6.198863957251888e-06,base,no
696,0,0,1.3709573702473182e-06,-13.500007629394531,-7.748573807475623e-06,base,no
697,0,0,4.1399375473642086e-08,-17.000003814697266,-3.814689989667386e-06,base,no
698,0,0,5.602801749327794e-09,-19.000003814697266,-4.768360213347478e-06,base,no
699,0,0,4.363463274099553e-09,-19.25000762939453,-7.867782187531702e-06,base,no
700,0,0,4.139934092743993e-08,-17.000003814697266,-2.9802276912960224e-06,base,no
701,0,0,1.1253526933404075e-07,-16.00002670288086,-2.7656173188006505e-05,base,no
702,0,0,3.3982694283026877e-09,-19.5000057220459,-6.198863957251888e-06,base,no
703,0,0,4.139936062560291e-08,-17.000045776367188,-4.541770613286644e-05,base,no
704,0,0,1.3709573702856594e-06,-13.500001907348633,-2.0265558760002023e-06,base,no
705,0,0,4.1399400147791785e-08,-17.000009536743164,-1.0132738680113107e-05,base,no
706,0,0,3.3982694283026877e-09,-19.5000057220459,-6.198863957251888e-06,base,no
707,0,0,1.9555690029929595e-08,-17.7500057220459,-6.198863957251888e-06,base,no
708,0,0,5.04347468278451e-07,-14.50001335144043,-1.3470558769768104e-05,base,no
709,0,0,2.144495608327478e-05,-10.750024795532227,-2.5152843591058627e-05,base,no
710,0,0,3.224185095439773e-08,-17.250017166137695,-1.6689160474925302e-05,base,no
711,0,0,9.736204943864214e-10,-20.75002098083496,-2.1457441107486375e-05,base,no
712,0,0,1.5229977697101562e-08,-18.000003814697266,-3.6954811548639555e-06,base,no
713,0,0,1.9555690029929595e-08,-17.7500057220459,-6.198863957251888e-06,base,no
714,0,0,1.1253514863003498e-07,-16.00001335144043,-1.3232143828645349e-05,base,no
715,0,0,5.315789405675744e-08,-16.75002670288086,-2.753696753643453e-05,base,no
716,0,0,3.224188554904223e-08,-17.250009536743164,-1.0132738680113107e-05,base,no
717,0,0,1.955567137781402e-08,-17.750017166137695,-1.6689160474925302e-05,base,no
718,0,0,1.9555690025785503e-08,-17.75002098083496,-2.1457441107486375e-05,base,no
719,0,0,9.736199142818343e-10,-20.750003814697266,-3.6954811548639555e-06,base,no
720,0,0,6.825597210451139e-08,-16.500036239624023,-3.540453326422721e-05,base,no
721,0,0,5.31578307002209e-08,-16.750017166137695,-1.680836794548668e-05,base,no
722,0,0,1.9555690029929595e-08,-17.7500057220459,-6.198863957251888e-06,base,no
723,0,0,8.764252673182309e-08,-16.25002098083496,-2.1576648578047752e-05,base,no
724,0,0,1.0677029973056687e-06,-13.750005722045898,-5.8412379075889476e-06,base,no
725,0,0,1.5229972248408898e-08,-18.000017166137695,-1.6689160474925302e-05,base,no
726,0,0,4.363463274099553e-09,-19.25000762939453,-7.867782187531702e-06,base,no
727,0,0,3.0590215392110167e-07,-15.000021934509277,-2.169585604860913e-05,base,no
728,0,0,6.825597214691097e-08,-16.500003814697266,-2.9802276912960224e-06,base,no
729,0,0,3.726638391148213e-06,-12.500049591064453,-4.935142715112306e-05,base,no
730,0,0,5.3157875053849685e-08,-16.75002098083496,-2.1457441107486375e-05,base,no
731,0,0,3.927861998555074e-07,-14.750045776367188,-4.577531944960356e-05,base,no
732,0,0,1.9555699354962477e-08,-17.750003814697266,-4.768360213347478e-06,base,no
733,0,0,1.1861114354824179e-08,-18.250001907348633,-1.4305104514278355e-06,base,no
734,0,0,7.889260701926633e-06,-11.750029563903809,-2.932505594799295e-05,base,no
735,0,0,2.3823685315902304e-07,-15.250017166137695,-1.6927575416048057e-05,base,no
736,0,0,1.3709570433885908e-06,-13.500007629394531,-7.510157047363464e-06,base,no
737,0,0,1.7603438425882897e-06,-13.250018119812012,-1.847726889536716e-05,base,no
738,0,0,3.224189708091632e-08,-17.250003814697266,-4.768360213347478e-06,base,no
739,0,0,1.5229986774691235e-08,-18.0000057220459,-6.198863957251888e-06,base,no
740,0,0,3.9278634073491196e-07,-14.750003814697266,-4.172316494077677e-06,base,no
741,0,0,5.315786872752582e-08,-16.75000762939453,-7.986990567587782e-06,base,no
742,0,0,2.061152880890023e-09,-20.00001335144043,-1.2993727978027891e-05,base,no
743,0,0,1.9555690025785503e-08,-17.75002098083496,-2.1457441107486375e-05,base,no
744,0,0,5.602799076473766e-09,-19.00002098083496,-2.1457441107486375e-05,base,no
745,0,0,4.363458592746323e-09,-19.250001907348633,-1.0728830375228426e-06,base,no
746,0,0,1.522999403703421e-08,-18.000003814697266,-4.768360213347478e-06,base,no
747,0,0,2.0611548467335084e-09,-20.0,-5.960462772236497e-07,base,no
748,0,0,1.1253510839405181e-07,-16.000001907348633,-1.4305104514278355e-06,base,no
749,0,0,1.855390354397046e-07,-15.500021934509277,-2.1576648578047752e-05,base,no
750,0,0,3.927862937616489e-07,-14.750027656555176,-2.7894584491150454e-05,base,no
751,0,0,4.1399400147791785e-08,-17.000009536743164,-1.0132738680113107e-05,base,no
752,0,0,6.825609417243838e-08,-16.50002670288086,-2.7656173188006505e-05,base,no
753,0,0,3.3982698332998195e-09,-19.500009536743164,-1.0132738680113107e-05,base,no
754,0,0,1.5229972248408898e-08,-18.000017166137695,-1.6689160474925302e-05,base,no
755,0,0,2.260324028372372e-06,-13.000008583068848,-8.4638240878121e-06,base,no
756,0,0,3.224188170653665e-08,-17.2500057220459,-6.198863957251888e-06,base,no
757,0,0,5.3157824370802075e-08,-16.750001907348633,-1.4305104514278355e-06,base,no
758,0,0,3.224183942818497e-08,-17.250003814697266,-2.9802276912960224e-06,base,no
759,0,0,3.224188170653665e-08,-17.2500057220459,-6.198863957251888e-06,base,no
760,0,0,1.955567138053302e-08,-17.750001907348633,-1.4305104514278355e-06,base,no
761,0,0,1.9555678374073827e-08,-17.750003814697266,-3.6954811548639555e-06,base,no
762,0,0,4.5397852414783676e-05,-10.000048637390137,-4.827859811484814e-05,base,no
763,0,0,2.5109978950037637e-08,-17.500017166137695,-1.6689160474925302e-05,base,no
764,0,0,4.3634643135573065e-09,-19.25002098083496,-2.1457441107486375e-05,base,no
765,0,0,8.764241167694101e-08,-16.250059127807617,-5.8410845667822286e-05,base,no
766,0,0,1.1253522881523365e-07,-16.00007438659668,-7.497983460780233e-05,base,no
767,0,0,9.237455082120236e-09,-18.500009536743164,-1.0132738680113107e-05,base,no
768,0,0,2.6465745783867997e-09,-19.750001907348633,-2.264974000354414e-06,base,no
769,0,0,5.602801749327794e-09,-19.000003814697266,-4.768360213347478e-06,base,no
770,0,0,2.5109978950037637e-08,-17.500017166137695,-1.6689160474925302e-05,base,no
771,0,0,1.1861122838202565e-08,-18.25000762939453,-7.867782187531702e-06,base,no
772,0,0,2.646574262815324e-09,-19.75000762939453,-7.867782187531702e-06,base,no
773,0,0,4.139939521391704e-08,-17.0000057220459,-6.198863957251888e-06,base,no
774,0,0,1.1861127079834025e-08,-18.250009536743164,-1.0132738680113107e-05,base,no
775,0,0,4.3634601526323156e-09,-19.250017166137695,-1.6689160474925302e-05,base,no
776,0,0,1.3709572067680694e-06,-13.500011444091797,-1.1444026313256472e-05,base,no
777,0,0,2.5109996912840604e-08,-17.50000762939453,-7.867782187531702e-06,base,no
778,0,0,7.19413212095096e-09,-18.750001907348633,-1.7881377516459906e-06,base,no
779,0,0,1.3709567165386693e-06,-13.500006675720215,-6.318072337307967e-06,base,no
780,0,0,3.3982698332998195e-09,-19.500009536743164,-1.0132738680113107e-05,base,no
781,0,0,3.3982661870509066e-09,-19.500017166137695,-1.6689160474925302e-05,base,no
782,0,0,1.0129990980100021e-05,-11.500012397766113,-1.2397689715726301e-05,base,no
783,0,0,5.602799076473766e-09,-19.00002098083496,-2.1457441107486375e-05,base,no
784,0,1,0.9890130565496895,-0.011075095273554325,-4.511075019836426,base,yes
785,0,0,1.4449795203425045e-07,-15.750017166137695,-1.680836794548668e-05,base,no
786,0,0,3.927862937616489e-07,-14.750027656555176,-2.7894584491150454e-05,base,no
787,0,0,0.0015011823214758505,-6.5015153884887695,-0.001515431678853929,base,no
788,0,0,4.1399395205144004e-08,-17.00002098083496,-2.1457441107486375e-05,base,no
789,0,0,1.1861118596621165e-08,-18.250003814697266,-3.6954811548639555e-06,base,no
790,0,0,1.5229986774691235e-08,-18.0000057220459,-6.198863957251888e-06,base,no
791,0,0,8.76425058538367e-08,-16.25000762939453,-7.986990567587782e-06,base,no
792,0,0,7.19413726660726e-09,-18.75,-5.960462772236497e-07,base,no
793,0,0,1.370957860576702e-06,-13.500001907348633,-2.3841830625315197e-06,base,no
794,0,0,2.646571423431051e-09,-19.750001907348633,-1.0728830375228426e-06,base,no
795,0,0,4.363463274099553e-09,-19.25000762939453,-7.867782187531702e-06,base,no
796,0,0,5.31578497181003e-08,-16.750003814697266,-3.814689989667386e-06,base,no
797,0,0,9.237451778734317e-09,-18.50000762939453,-7.867782187531702e-06,base,no
798,0,0,1.1861114353175022e-08,-18.250017166137695,-1.6689160474925302e-05,base,no
799,0,0,5.31578497181003e-08,-16.750003814697266,-3.814689989667386e-06,base,no
800,0,0,5.3157881400334906e-08,-16.750009536743164,-1.0132738680113107e-05,base,no
801,0,0,4.1399375473642086e-08,-17.000003814697266,-3.814689989667386e-06,base,no
802,0,0,5.31578307002209e-08,-16.750017166137695,-1.680836794548668e-05,base,no
803,0,0,1.1861118596621165e-08,-18.250003814697266,-3.6954811548639555e-06,base,no
804,0,0,1.1861122838202565e-08,-18.25000762939453,-7.867782187531702e-06,base,no
805,0,0,2.511000289450672e-08,-17.50002098083496,-2.1457441107486375e-05,base,no
806,0,0,3.9278615275883583e-07,-14.750059127807617,-5.900685573578812e-05,base,no
807,0,0,2.3823685313735554e-07,-15.250021934509277,-2.169585604860913e-05,base,no
808,0,0,8.76425058538367e-08,-16.25000762939453,-7.986990567587782e-06,base,no
809,0,0,1.5229992215888458e-08,-18.00002670288086,-2.753696753643453e-05,base,no
810,0,0,2.0611541095438413e-09,-20.00000762939453,-7.867782187531702e-06,base,no
811,0,0,6.825597214641435e-08,-16.5000057220459,-4.887569048150908e-06,base,no
812,0,0,8.315278294038927e-07,-14.000004768371582,-4.529942543740617e-06,base,no
813,0,0,1.186112566625516e-08,-18.2500057220459,-6.198863957251888e-06,base,no
814,0,0,1.605229391508743e-09,-20.25002670288086,-2.753696753643453e-05,base,no
815,0,0,5.905303291449446e-10,-21.250003814697266,-3.6954811548639555e-06,base,no
816,0,0,7.194136407338623e-09,-18.75002098083496,-2.1457441107486375e-05,base,no
817,0,0,1.9555699354962477e-08,-17.750003814697266,-4.768360213347478e-06,base,no
818,0,0,8.764247451259466e-08,-16.250003814697266,-3.814689989667386e-06,base,no
819,0,0,6.475945666009862e-07,-14.250004768371582,-4.410734163684538e-06,base,no
820,0,0,3.224185479971474e-08,-17.25001335144043,-1.2993727978027891e-05,base,no
821,0,0,1.8553914607043678e-07,-15.500004768371582,-5.006777428206988e-06,base,no
822,0,0,5.602801749327794e-09,-19.000003814697266,-4.768360213347478e-06,base,no
823,0,0,7.194139839351118e-09,-18.750003814697266,-4.768360213347478e-06,base,no
824,0,0,5.3157881400334906e-08,-16.750009536743164,-1.0132738680113107e-05,base,no
825,0,0,1.5229972248408898e-08,-18.000017166137695,-1.6689160474925302e-05,base,no
826,0,0,2.646574262815324e-09,-19.75000762939453,-7.867782187531702e-06,base,no
827,0,0,1.5229977697181206e-08,-18.000001907348633,-1.7881377516459906e-06,base,no
828,0,0,7.194139839351118e-09,-18.750003814697266,-4.768360213347478e-06,base,no
829,0,0,1.8553919030270097e-07,-15.500007629394531,-8.106198947643861e-06,base,no
830,0,0,5.602799745388451e-09,-19.000009536743164,-1.0132738680113107e-05,base,no
831,0,0,1.186112566625516e-08,-18.2500057220459,-6.198863957251888e-06,base,no
832,0,0,4.139939521391704e-08,-17.0000057220459,-6.198863957251888e-06,base,no
833,0,0,2.5109996912840604e-08,-17.50000762939453,-7.867782187531702e-06,base,no
834,0,0,1.5229983143399848e-08,-18.00000762939453,-7.867782187531702e-06,base,no
835,0,0,3.398267402818601e-09,-19.500003814697266,-3.6954811548639555e-06,base,no
836,0,0,1.5229974050360896e-08,-18.000045776367188,-4.541770613286644e-05,base,no
837,0,0,1.7603432133352811e-06,-13.25000286102295,-2.861018856492592e-06,base,no
838,0,0,3.0590215392110167e-07,-15.000021934509277,-2.169585604860913e-05,base,no
839,0,0,4.363463274099553e-09,-19.25000762939453,-7.867782187531702e-06,base,no
840,0,0,8.764252673182309e-08,-16.25002098083496,-2.1576648578047752e-05,base,no
841,0,0,5.043474081902135e-07,-14.500006675720215,-6.6756979322235566e-06,base,no
842,0,0,2.061154355311154e-09,-20.000001907348633,-2.264974000354414e-06,base,no
843,0,0,5.3157868729085e-08,-16.750001907348633,-2.264974000354414e-06,base,no
844,0,0,3.0590215398648245e-07,-15.000006675720215,-6.437280717364047e-06,base,no
845,0,0,1.5229977697101562e-08,-18.000003814697266,-3.6954811548639555e-06,base,no
846,0,0,4.1399375473642086e-08,-17.000003814697266,-3.814689989667386e-06,base,no
847,0,0,4.139939521391704e-08,-17.0000057220459,-6.198863957251888e-06,base,no
848,0,0,5.905301883056386e-10,-21.25001335144043,-1.2993727978027891e-05,base,no
849,0,0,1.1253521571574156e-07,-16.000001907348633,-2.3841830625315197e-06,base,no
850,0,0,8.764245361006995e-08,-16.25001335144043,-1.3112935448589269e-05,base,no
851,0,0,5.315787506511449e-08,-16.7500057220459,-6.198863957251888e-06,base,no
852,0,0,3.224189322555085e-08,-17.25002670288086,-2.753696753643453e-05,base,no
853,0,0,1.1253512179342995e-07,-16.000017166137695,-1.680836794548668e-05,base,no
854,0,0,6.825600468452646e-08,-16.500017166137695,-1.680836794548668e-05,base,no
855,0,0,1.1861131322173594e-08,-18.250003814697266,-4.768360213347478e-06,base,no
856,0,0,1.444980036760519e-07,-15.750027656555176,-2.7656173188006505e-05,base,no
857,0,1,0.9399133523506772,-0.06197209656238556,-2.811972141265869,base,yes
858,0,0,1.1253521571389925e-07,-16.0000057220459,-6.198863957251888e-06,base,no
859,0,0,1.1861125663741641e-08,-18.25002098083496,-2.1457441107486375e-05,base,no
860,0,0,2.172439675617243e-10,-22.250003814697266,-3.6954811548639555e-06,base,no
861,0,0,1.1861131322173594e-08,-18.250003814697266,-4.768360213347478e-06,base,no
862,0,0,1.6052295834677782e-09,-20.250001907348633,-2.861018856492592e-06,base,no
863,0,0,2.5110014873406942e-08,-17.500003814697266,-4.768360213347478e-06,base,no
864,0,0,7.582564037664985e-10,-21.0000057220459,-6.198863957251888e-06,base,no
865,0,0,1.9555690029929595e-08,-17.7500057220459,-6.198863957251888e-06,base,no
866,0,0,3.927861533861436e-07,-14.750017166137695,-1.7046782886609435e-05,base,no
867,0,0,7.194139839351118e-09,-18.750003814697266,-4.768360213347478e-06,base,no
868,0,0,2.511000289982784e-08,-17.5000057220459,-6.198863957251888e-06,base,no
869,0,0,3.0590219014097144e-07,-15.000045776367188,-4.565611743601039e-05,base,no
870,0,0,3.224185095439773e-08,-17.250017166137695,-1.6689160474925302e-05,base,no
871,0,0,8.764240137765318e-08,-16.2500057220459,-4.887569048150908e-06,base,no
872,0,0,1.9555685367259194e-08,-17.75000762939453,-7.867782187531702e-06,base,no
873,0,0,5.315780535951295e-08,-16.7500057220459,-4.887569048150908e-06,base,no
874,0,0,2.511000289982784e-08,-17.5000057220459,-6.198863957251888e-06,base,no
875,0,0,3.927863407331258e-07,-14.750004768371582,-5.125986263010418e-06,base,no
876,0,0,8.315283250211149e-07,-14.000006675720215,-7.033323527139146e-06,base,no
877,0,0,2.9023116391978962e-06,-12.750004768371582,-4.6491513785440475e-06,base,no
878,0,0,3.224188170653665e-08,-17.2500057220459,-6.198863957251888e-06,base,no
879,0,0,5.31578497181003e-08,-16.750003814697266,-3.814689989667386e-06,base,no
880,0,0,1.4449795202110844e-07,-15.750021934509277,-2.1576648578047752e-05,base,no
881,0,0,5.0434734807664e-07,-14.50000286102295,-2.7418097943154862e-06,base,no
882,0,0,4.139935572738979e-08,-17.000017166137695,-1.6689160474925302e-05,base,no
883,0,0,0.5,-0.6931493282318115,-0.6931493282318115,base,no
884,0,0,1.1861124252495773e-08,-18.250001907348633,-2.264974000354414e-06,base,no
885,0,0,1.1861131322173594e-08,-18.250003814697266,-4.768360213347478e-06,base,no
886,0,0,1.4449795205186074e-07,-15.750006675720215,-6.318072337307967e-06,base,no
887,0,0,5.602795738202386e-09,-19.000003814697266,-3.6954811548639555e-06,base,no
888,0,0,3.92786200232035e-07,-14.75001335144043,-1.3351351299206726e-05,base,no
889,0,0,6.825606163571142e-08,-16.50002098083496,-2.1457441107486375e-05,base,no
890,0,0,1.1861118596683194e-08,-18.250001907348633,-1.7881377516459906e-06,base,no
891,0,0,1.9555692360527098e-08,-17.750009536743164,-1.0132738680113107e-05,base,no
892,0,0,1.1253513521490451e-07,-16.00001335144043,-1.3112935448589269e-05,base,no
893,0,0,6.825605351255104e-08,-16.50000762939453,-7.986990567587782e-06,base,no
894,0,0,5.602793733740335e-09,-19.000017166137695,-1.6689160474925302e-05,base,no
895,0,0,1.8553914607043678e-07,-15.500004768371582,-5.006777428206988e-06,base,no
896,0,0,5.602799077661068e-09,-19.0000057220459,-6.198863957251888e-06,base,no
897,0,0,2.3823696679040837e-07,-15.250004768371582,-5.006777428206988e-06,base,no
898,0,0,6.825601282506298e-08,-16.50001335144043,-1.3112935448589269e-05,base,no
899,0,0,1.9555690029929595e-08,-17.7500057220459,-6.198863957251888e-06,base,no
900,0,0,1.6052290093178595e-09,-20.250009536743164,-1.0132738680113107e-05,base,no
901,0,0,8.764240132384874e-08,-16.250036239624023,-3.540453326422721e-05,base,no
902,0,0,1.1253524254059873e-07,-16.000009536743164,-1.0251946150674485e-05,base,no
903,0,0,6.825597214691097e-08,-16.500003814697266,-2.9802276912960224e-06,base,no
904,0,0,2.902313022984343e-06,-12.75001049041748,-1.0847986231965479e-05,base,no
905,0,0,9.736192179009422e-10,-20.750001907348633,-1.0728830375228426e-06,base,no
906,0,0,4.139935572738979e-08,-17.000017166137695,-1.6689160474925302e-05,base,no
907,0,0,9.237448475435691e-09,-18.500001907348633,-1.7881377516459906e-06,base,no
908,0,0,8.764247451259466e-08,-16.250003814697266,-3.814689989667386e-06,base,no
909,0,0,8.315283250211149e-07,-14.000006675720215,-7.033323527139146e-06,base,no
910,0,0,1.6701425823882575e-05,-11.00002670288086,-2.6940935640595853e-05,base,no
911,0,0,2.260324567087388e-06,-13.000015258789062,-1.537788011773955e-05,base,no
912,0,0,2.5109996912840604e-08,-17.50000762939453,-7.867782187531702e-06,base,no
913,0,0,1.5229972248408898e-08,-18.000017166137695,-1.6689160474925302e-05,base,no
914,0,0,4.139939027941222e-08,-17.000001907348633,-2.264974000354414e-06,base,no
915,0,0,9.237455082120236e-09,-18.500009536743164,-1.0132738680113107e-05,base,no
916,0,0,1.9555685367259194e-08,-17.75000762939453,-7.867782187531702e-06,base,no
917,0,0,3.224185095888061e-08,-17.250001907348633,-1.4305104514278355e-06,base,no
918,0,0,1.9555690029929595e-08,-17.7500057220459,-6.198863957251888e-06,base,no
919,0,0,5.905306107343668e-10,-21.250001907348633,-2.264974000354414e-06,base,no
920,0,0,1.9555664374664727e-08,-17.750036239624023,-3.540453326422721e-05,base,no
921,0,0,2.382369667007048e-07,-15.250027656555176,-2.7894584491150454e-05,base,no
922,0,0,3.224189322555085e-08,-17.25002670288086,-2.753696753643453e-05,base,no
923,0,0,1.1253513510794864e-07,-16.000045776367188,-4.5536911784438416e-05,base,no
924,0,0,4.78509563535725e-06,-12.250012397766113,-1.2636104656849056e-05,base,no
925,0,0,9.237452880186979e-09,-18.500001907348633,-2.264974000354414e-06,base,no
926,0,0,1.0677026153784012e-06,-13.750014305114746,-1.4066597032069694e-05,base,no
927,0,0,5.315786872752582e-08,-16.75000762939453,-7.986990567587782e-06,base,no
928,0,0,7.889261644501938e-06,-11.750018119812012,-1.8000440832111053e-05,base,no
929,0,0,7.1941321209133375e-09,-18.750003814697266,-3.6954811548639555e-06,base,no
930,0,0,2.2603251062013478e-06,-13.000006675720215,-7.033323527139146e-06,base,no
931,0,0,1.85539079708898e-07,-15.50001049041748,-1.0371154530730564e-05,base,no
932,0,0,3.39826659234436e-09,-19.50001335144043,-1.2993727978027891e-05,base,no
933,0,0,6.825605351255104e-08,-16.50000762939453,-7.986990567587782e-06,base,no
934,0,0,3.224185095888061e-08,-17.250001907348633,-1.4305104514278355e-06,base,no
935,0,0,4.139939027941222e-08,-17.000001907348633,-2.264974000354414e-06,base,no
936,0,0,3.9278620024561e-07,-14.75001049041748,-1.0490362910786644e-05,base,no
937,0,0,8.764251630275323e-08,-16.2500057220459,-6.198863957251888e-06,base,no
938,0,0,1.522999403703421e-08,-18.000003814697266,-4.768360213347478e-06,base,no
939,0,0,8.315279285326831e-07,-14.000003814697266,-3.6954811548639555e-06,base,no
940,0,0,2.6465745783867997e-09,-19.750001907348633,-2.264974000354414e-06,base,no
941,0,0,1.1861118596621165e-08,-18.250003814697266,-3.6954811548639555e-06,base,no
942,0,0,3.0590215392110167e-07,-15.000021934509277,-2.169585604860913e-05,base,no
943,0,0,4.1399375473642086e-08,-17.000003814697266,-3.814689989667386e-06,base,no
944,0,0,8.764244315741453e-08,-16.250017166137695,-1.680836794548668e-05,base,no
945,0,0,1.5229986774691235e-08,-18.0000057220459,-6.198863957251888e-06,base,no
946,0,0,1.1861115767788153e-08,-18.25001335144043,-1.2993727978027891e-05,base,no
947,0,0,1.1861114353175022e-08,-18.250017166137695,-1.6689160474925302e-05,base,no
948,0,0,1.5229972248408898e-08,-18.000017166137695,-1.6689160474925302e-05,base,no
949,0,0,4.139935572738979e-08,-17.000017166137695,-1.6689160474925302e-05,base,no
950,0,0,7.1941364088631495e-09,-18.7500057220459,-6.198863957251888e-06,base,no
951,0,0,2.646574893839164e-09,-19.7500057220459,-6.198863957251888e-06,base,no
952,0,0,1.955569701656506e-08,-17.75002670288086,-2.753696753643453e-05,base,no
953,0,0,9.736202624520451e-10,-20.75000762939453,-7.867782187531702e-06,base,no
954,0,0,1.5229992215888458e-08,-18.00002670288086,-2.753696753643453e-05,base,no
955,0,0,1.5229974050360896e-08,-18.000045776367188,-4.541770613286644e-05,base,no
956,0,0,8.764247451259466e-08,-16.250003814697266,-3.814689989667386e-06,base,no
957,0,0,3.224186633279476e-08,-17.250003814697266,-3.814689989667386e-06,base,no
958,0,0,2.5110014873406942e-08,-17.500003814697266,-4.768360213347478e-06,base,no
959,0,0,1.9555690025785503e-08,-17.75002098083496,-2.1457441107486375e-05,base,no
960,0,0,1.1861114353175022e-08,-18.250017166137695,-1.6689160474925302e-05,base,no
961,0,0,1.855390354397046e-07,-15.500021934509277,-2.1576648578047752e-05,base,no
962,0,0,5.31578307002209e-08,-16.750017166137695,-1.680836794548668e-05,base,no
963,0,0,7.194134693562525e-09,-18.75000762939453,-7.867782187531702e-06,base,no
964,0,0,2.5109981944773573e-08,-17.50001335144043,-1.2993727978027891e-05,base,no
965,0,0,1.2501540570579898e-09,-20.500001907348633,-2.861018856492592e-06,base,no
966,0,0,1.1861125663741641e-08,-18.25002098083496,-2.1457441107486375e-05,base,no
967,0,0,1.5229972248408898e-08,-18.000017166137695,-1.6689160474925302e-05,base,no
968,0,0,5.3157868729085e-08,-16.750001907348633,-2.264974000354414e-06,base,no
969,0,0,1.4449795203425045e-07,-15.750017166137695,-1.680836794548668e-05,base,no
970,0,0,3.059021904147363e-07,-15.000017166137695,-1.7046782886609435e-05,base,no
971,0,0,1.4449795203425045e-07,-15.750017166137695,-1.680836794548668e-05,base,no
972,0,0,3.224185095439773e-08,-17.250017166137695,-1.6689160474925302e-05,base,no
973,0,0,5.315787506511449e-08,-16.7500057220459,-6.198863957251888e-06,base,no
974,0,0,3.9278605978261515e-07,-14.750008583068848,-8.22540732769994e-06,base,no
975,0,0,4.1399355733145916e-08,-17.000001907348633,-1.4305104514278355e-06,base,no
976,0,0,1.4449796927262634e-07,-15.75001049041748,-1.0251946150674485e-05,base,no
977,0,0,1.4449795202110844e-07,-15.750021934509277,-2.1576648578047752e-05,base,no
978,0,0,8.764252673182309e-08,-16.25002098083496,-2.1576648578047752e-05,base,no
979,0,0,7.1941295481333906e-09,-18.750001907348633,-1.4305104514278355e-06,base,no
980,0,0,1.1253520229722557e-07,-16.00000762939453,-7.986990567587782e-06,base,no
981,0,0,5.6028017493685595e-09,-19.000001907348633,-2.861018856492592e-06,base,no
982,0,0,2.382369667923043e-07,-15.25000286102295,-3.099436753473128e-06,base,no
983,0,0,5.602799077661068e-09,-19.0000057220459,-6.198863957251888e-06,base,no
984,0,0,2.0611541095438413e-09,-20.00000762939453,-7.867782187531702e-06,base,no
985,0,0,8.315284241174448e-07,-14.00001049041748,-1.0967194612021558e-05,base,no
986,0,0,1.5229983143399848e-08,-18.00000762939453,-7.867782187531702e-06,base,no
987,0,0,5.315780535951295e-08,-16.7500057220459,-4.887569048150908e-06,base,no
988,0,0,2.3823685313735554e-07,-15.250021934509277,-2.169585604860913e-05,base,no
989,0,0,1.1861115756536662e-08,-18.250045776367188,-4.541770613286644e-05,base,no
990,0,0,1.1253526933404075e-07,-16.00002670288086,-2.7656173188006505e-05,base,no
991,0,0,8.764255806216348e-08,-16.25002670288086,-2.7656173188006505e-05,base,no
992,0,0,4.1399375473642086e-08,-17.000003814697266,-3.814689989667386e-06,base,no
993,0,0,7.194134693562525e-09,-18.75000762939453,-7.867782187531702e-06,base,no
994,0,0,5.602799745388451e-09,-19.000009536743164,-1.0132738680113107e-05,base,no
995,0,0,4.363463274099553e-09,-19.25000762939453,-7.867782187531702e-06,base,no
996,0,0,1.522999403714502e-08,-18.000001907348633,-2.861018856492592e-06,base,no
997,0,0,3.9278620024561e-07,-14.75001049041748,-1.0490362910786644e-05,base,no
998,0,0,8.764255806216348e-08,-16.25002670288086,-2.7656173188006505e-05,base,no
999,0,0,1.9555687699034453e-08,-17.750001907348633,-2.264974000354414e-06,base,no
