idx,y_true,y_pred,p_yes,lp_yes,lp_no,mode,raw_text
0,1,0,0.06008664344151498,-3.36757755279541,-0.6175774335861206,attack,No
1,1,0,0.08509904500702024,-2.9682722091674805,-0.5932722091674805,attack,No
2,1,0,0.46879062662624377,-1.1283352375030518,-1.0033352375030518,attack,No
3,1,0,0.1480471829959148,-2.3474555015563965,-0.5974553823471069,attack,No
4,1,0,0.014063625390308462,-4.837319850921631,-0.5873197317123413,attack,no
5,1,0,0.029312234143221275,-4.15420389175415,-0.6542040109634399,attack,No
6,1,0,0.22270012850745968,-2.0292015075683594,-0.7792014479637146,attack,no
7,1,0,0.06754668738548215,-3.032876491546631,-0.4078764319419861,attack,No
8,1,1,0.7772998508568416,-0.46900349855422974,-1.719003438949585,attack,Yes
9,1,0,0.06008665354025422,-3.3714442253112793,-0.6214442849159241,attack,No
10,1,0,0.029312227359491745,-4.097782135009766,-0.5977820158004761,attack,No
11,1,0,0.18242553269617778,-2.172729253768921,-0.6727293133735657,attack,No
12,1,0,0.13296424019782924,-2.6060233116149902,-0.7310233116149902,attack,no
13,1,0,0.01406363034912007,-4.691169738769531,-0.44116997718811035,attack,No
14,1,0,0.2689414213699951,-1.7675600051879883,-0.7675600051879883,attack,No
15,1,0,0.001032230898464754,-6.97674036026001,-0.10174022614955902,attack,No
16,1,0,0.02297736991002561,-4.341517925262451,-0.5915179252624512,attack,No
17,1,0,0.22270014914315833,-1.842099666595459,-0.5920997262001038,attack,No
18,1,0,0.24508501313237172,-1.965551495552063,-0.840551495552063,attack,no
19,1,0,0.06754669489377622,-3.2482800483703613,-0.6232801079750061,attack,No
20,1,0,0.053403329799824234,-3.26926851272583,-0.3942685127258301,attack,No
21,1,0,0.2689414213699951,-1.5808113813400269,-0.5808113813400269,attack,No
22,1,1,0.679178699175393,-0.6596546173095703,-1.4096546173095703,attack,Yes
23,1,0,0.01243165304850344,-4.860781669616699,-0.48578184843063354,attack,No
24,1,1,0.8519527906914787,-0.4478183686733246,-2.1978182792663574,attack,Yes
25,1,0,0.4378234991142019,-1.2444862127304077,-0.9944862127304077,attack,No
26,1,0,0.13296424706933604,-2.383328676223755,-0.5083287358283997,attack,No
27,1,0,0.01098694327827096,-5.1412224769592285,-0.6412225365638733,attack,No
28,1,0,0.05340332678672523,-3.5500879287719727,-0.6750878691673279,attack,no
29,1,0,0.5,-1.1071289777755737,-1.1071289777755737,attack,no
30,1,0,0.34864513533394575,-1.1511187553405762,-0.5261187553405762,attack,No
31,1,0,0.1192029188930649,-2.488356590270996,-0.4883565604686737,attack,No
32,1,0,0.29421497216298875,-1.7053552865982056,-0.8303552865982056,attack,No
33,1,1,0.8175744761936437,-0.32912731170654297,-1.829127311706543,attack,Yes
34,1,0,0.04742587317756679,-3.667485475540161,-0.6674854755401611,attack,no
35,1,0,0.08509904964767095,-3.0710649490356445,-0.6960650086402893,attack,no
36,1,0,0.02595735945832451,-4.033071994781494,-0.4080720841884613,attack,No
37,1,1,0.89330940889474,-0.36290666460990906,-2.4879066944122314,attack,Yes
38,1,1,0.5312093733737563,-1.0819913148880005,-1.2069913148880005,attack,Yes
39,1,0,0.009708478773683474,-5.208738327026367,-0.5837385654449463,attack,No
40,1,1,0.5312093733737563,-1.0721111297607422,-1.1971111297607422,attack,Yes
41,1,0,0.004070138682343046,-6.1964569091796875,-0.6964571475982666,attack,no
42,1,0,0.06754668738548215,-3.248811960220337,-0.6238119006156921,attack,No
43,1,0,0.02931222905542399,-3.9986042976379395,-0.4986042380332947,attack,No
44,1,0,0.053403329799824234,-3.489229917526245,-0.6142299175262451,attack,No
45,1,1,0.7981867729389246,-0.48653021454811096,-1.8615301847457886,attack,Yes
46,1,0,0.025957354183760273,-4.277248382568359,-0.6522482633590698,attack,No
47,1,0,0.02931223583915389,-4.10026741027832,-0.6002675890922546,attack,No
48,1,0,0.00020342704927623522,-8.562623977661133,-0.06262432783842087,attack,No
49,1,0,0.13296424706933604,-2.6632001399993896,-0.7882001996040344,attack,no
50,1,0,0.22270013882530884,-1.9975271224975586,-0.7475271224975586,attack,No
51,1,1,0.8519527906914787,-0.2850564420223236,-2.0350563526153564,attack,Yes
52,1,0,0.020332355717182622,-4.4667067527771,-0.5917068719863892,attack,No
53,1,0,0.18242550602671442,-2.124680995941162,-0.6246808767318726,attack,No
54,1,1,0.9046505299595163,-0.32029443979263306,-2.5702943801879883,attack,Yes
55,1,1,0.5312093733737563,-0.9553166627883911,-1.0803166627883911,attack,Yes
56,1,0,0.0046095724528596406,-6.072210788726807,-0.6972108483314514,attack,no
57,1,0,0.004609572179374208,-5.954497814178467,-0.5794978141784668,attack,no
58,1,0,0.1645164628965632,-2.3300814628601074,-0.7050814628601074,attack,No
59,1,0,0.01406362952265135,-4.581902027130127,-0.3319022059440613,attack,no
60,1,0,0.01406362497707424,-4.543359279632568,-0.2933591306209564,attack,No
61,1,0,0.014063627869714051,-4.5149827003479,-0.26498275995254517,attack,No
62,1,0,0.010986944573626636,-4.9400787353515625,-0.4400789141654968,attack,No
63,1,1,0.6224593171945417,-0.770430862903595,-1.2704308032989502,attack,Yes
64,1,0,0.029312233295254994,-3.951479196548462,-0.4514792859554291,attack,No
65,1,1,0.6224593312018546,-0.8540928363800049,-1.3540928363800049,attack,Yes
66,1,0,0.0293122256635596,-4.099031448364258,-0.5990312695503235,attack,No
67,1,0,0.037326884131416216,-3.5356876850128174,-0.2856875956058502,attack,No
68,1,0,0.09534947261117097,-2.5993471145629883,-0.34934720396995544,attack,No
69,1,0,0.4073334000459302,-1.3955307006835938,-1.0205307006835938,attack,no
70,1,0,0.015906392644828796,-4.768608093261719,-0.6436081528663635,attack,No
71,1,0,0.003593603008271459,-6.320591926574707,-0.6955920457839966,attack,no
72,1,1,0.8354835330070839,-0.37139084935188293,-1.9963908195495605,attack,Yes
73,1,0,0.04742587317756679,-3.727222204208374,-0.727222204208374,attack,no
74,1,0,0.01590639077880068,-4.529964923858643,-0.4049648642539978,attack,No
75,1,0,0.015906393111335862,-4.487492084503174,-0.362492173910141,attack,No
76,1,0,0.003593602688132928,-5.977282524108887,-0.3522825539112091,attack,No
77,1,0,0.2689414213699951,-1.9139316082000732,-0.9139316082000732,attack,no
78,1,0,0.22270012850745968,-1.9195232391357422,-0.6695231795310974,attack,No
79,1,0,0.2689414330889798,-1.804196834564209,-0.8041968941688538,attack,no
80,1,1,0.5621765008857981,-1.0640093088150024,-1.3140093088150024,attack,Yes
81,1,0,0.4073334000459302,-1.4396357536315918,-1.0646357536315918,attack,no
82,1,0,0.1480471980316895,-2.344512939453125,-0.594512939453125,attack,No
83,1,0,0.0373268852023206,-3.8003804683685303,-0.5503804087638855,attack,No
84,1,0,0.004609571632403393,-5.853810787200928,-0.4788106679916382,attack,no
85,1,0,0.03732688948593843,-3.8531076908111572,-0.603107750415802,attack,No
86,1,0,0.1329642333263228,-2.5538909435272217,-0.6788908839225769,attack,No
87,1,0,0.02297737526238275,-4.2412309646606445,-0.49123120307922363,attack,No
88,1,0,0.033085978388704126,-3.7170250415802,-0.3420250415802002,attack,No
89,1,1,0.7057850402140659,-0.692818820476532,-1.5678188800811768,attack,Yes
90,1,0,0.4073334000459302,-1.3794947862625122,-1.0044947862625122,attack,no
91,1,0,0.006692850329902297,-5.288870334625244,-0.288870245218277,attack,no
92,1,0,0.05340333130637379,-3.307608127593994,-0.43260815739631653,attack,No
93,1,0,0.008577484399966718,-5.450855731964111,-0.7008556127548218,attack,no
94,1,0,0.5,-1.1169716119766235,-1.1169716119766235,attack,No
95,1,0,0.009708475407001092,-4.735347747802734,-0.11034763604402542,attack,No
96,1,0,0.00020342693562566932,-8.548918724060059,-0.04891851544380188,attack,No
97,1,0,0.3775406547908327,-1.215641736984253,-0.7156416773796082,attack,No
98,1,0,0.0373268852023206,-3.9705238342285156,-0.7205237746238708,attack,no
99,1,0,0.3208212878370535,-1.536973476409912,-0.7869734168052673,attack,No
100,1,0,0.10669059394565118,-2.793941020965576,-0.6689410209655762,attack,no
101,1,0,0.005220124764999895,-5.569019794464111,-0.319019615650177,attack,No
102,1,0,0.014063626630011202,-4.5765509605407715,-0.3265509307384491,attack,No
103,1,0,0.06754668550840877,-2.998732566833496,-0.37373247742652893,attack,No
104,1,0,0.025957352676742106,-4.334692001342773,-0.7096918225288391,attack,no
105,1,0,0.008577483639657844,-5.1869893074035645,-0.43698909878730774,attack,No
106,1,0,0.004609573273316032,-5.766326904296875,-0.3913271427154541,attack,No
107,1,0,0.07585818002124356,-3.136946678161621,-0.6369466781616211,attack,no
108,1,0,0.5,-1.045575737953186,-1.045575737953186,attack,No
109,1,0,0.02931222905542399,-3.997938394546509,-0.497938334941864,attack,No
110,1,0,0.37754066879814546,-1.5640971660614014,-1.0640971660614014,attack,no
111,1,0,0.0534033328129234,-3.4384877681732178,-0.5634878277778625,attack,No
112,1,0,0.033085978388704126,-3.975205659866333,-0.600205659866333,attack,No
113,1,0,0.08509904964767095,-3.0110039710998535,-0.6360040307044983,attack,No
114,1,0,0.08509904500702024,-3.014129638671875,-0.639129638671875,attack,No
115,1,0,0.1480471829959148,-2.549039840698242,-0.7990397214889526,attack,no
116,1,1,0.8519527906914787,-0.37038692831993103,-2.120386838912964,attack,Yes
117,1,0,0.07585818419975078,-2.9487669467926025,-0.4487670063972473,attack,No
118,1,0,0.04742587317756679,-3.517259359359741,-0.5172593593597412,attack,no
119,1,1,0.6513548646660542,-0.8194968700408936,-1.4444968700408936,attack,Yes
120,1,0,0.015906392644828796,-4.769882678985596,-0.6448827385902405,attack,no
121,1,0,0.01798620575097472,-4.590166091918945,-0.5901658535003662,attack,No
122,1,0,0.08509904036636974,-2.9698519706726074,-0.5948519110679626,attack,no
123,1,0,0.2689414213699951,-1.718868613243103,-0.718868613243103,attack,No
124,1,0,0.0675466911396291,-3.253314256668091,-0.6283142566680908,attack,No
125,1,1,0.851952809486198,-0.4291333556175232,-2.179133415222168,attack,Yes
126,1,0,0.020332352155396922,-4.466198921203613,-0.5911988615989685,attack,no
127,1,0,0.007577241267860811,-5.195193290710449,-0.3201932907104492,attack,No
128,1,0,0.02033235156176603,-4.207640647888184,-0.33264055848121643,attack,No
129,1,0,0.01243165231673086,-4.858912467956543,-0.4839125871658325,attack,No
130,1,0,0.0675466911396291,-3.305363416671753,-0.6803634166717529,attack,no
131,1,1,0.5312093733737563,-0.9759155511856079,-1.100915551185608,attack,Yes
132,1,0,0.29421497216298875,-1.7187488079071045,-0.8437488079071045,attack,No
133,1,1,0.5926665999540697,-0.8890402317047119,-1.264040231704712,attack,Yes
134,1,1,0.9399133489844308,-0.16304685175418854,-2.9130468368530273,attack,Yes
135,1,0,0.14804719051380197,-2.4388577938079834,-0.6888577342033386,attack,No
136,1,0,0.10669060530721626,-2.781310558319092,-0.6563106775283813,attack,No
137,1,0,0.34864513533394575,-1.6519984006881714,-1.0269984006881714,attack,no
138,1,0,0.01798621417320936,-4.6463775634765625,-0.6463778018951416,attack,no
139,1,0,0.0075772430607274135,-5.2699384689331055,-0.39493870735168457,attack,no
140,1,0,0.08509904964767095,-2.919997215270996,-0.5449972748756409,attack,No
141,1,0,0.46879062662624377,-1.145687222480774,-1.020687222480774,attack,No
142,1,0,0.5,-1.0454864501953125,-1.0454864501953125,attack,No
143,1,0,0.060086646807761206,-3.370530843734741,-0.6205307841300964,attack,No
144,1,0,0.010986941335237732,-4.9824724197387695,-0.48247230052948,attack,No
145,1,1,0.8175744850834649,-0.6263207793235779,-2.1263208389282227,attack,Yes
146,1,0,0.29421497216298875,-1.6700040102005005,-0.7950040102005005,attack,No
147,1,0,0.015906392644828796,-4.768635272979736,-0.6436353325843811,attack,No
148,1,0,0.03732688306051187,-3.96909761428833,-0.7190974950790405,attack,no
149,1,0,0.022977371248114782,-4.459555625915527,-0.7095556855201721,attack,no
150,1,0,0.02297736522671412,-4.243877410888672,-0.49387720227241516,attack,No
151,1,0,0.0052201249197596335,-5.684448719024658,-0.43444857001304626,attack,No
152,1,0,0.34864513533394575,-1.3438776731491089,-0.7188776731491089,attack,No
153,1,0,0.4378234991142019,-1.2971384525299072,-1.0471384525299072,attack,no
154,1,0,0.11920291576401235,-2.721177339553833,-0.7211772799491882,attack,No
155,1,1,0.6224593171945417,-0.7194684147834778,-1.219468355178833,attack,Yes
156,1,0,0.007577239474994629,-5.084445953369141,-0.20944571495056152,attack,No
157,1,0,0.05340333582602272,-3.389195442199707,-0.5141955614089966,attack,No
158,1,0,0.08509904500702024,-3.070441246032715,-0.6954412460327148,attack,No
159,1,0,0.005911069906977476,-5.65429162979126,-0.5292918086051941,attack,no
160,1,1,0.7057850278370112,-0.808057427406311,-1.683057427406311,attack,Yes
161,1,1,0.6513548782017746,-0.795045793056488,-1.4200458526611328,attack,Yes
162,1,0,0.13296424706933604,-2.610589027404785,-0.7355890870094299,attack,no
163,1,0,0.04208772791561884,-3.732020616531372,-0.6070206165313721,attack,No
164,1,1,0.679178699175393,-0.6036646366119385,-1.3536646366119385,attack,Yes
165,1,0,0.009708477341052534,-4.982962131500244,-0.3579622209072113,attack,No
166,1,0,0.014063627043245474,-4.8366475105285645,-0.5866475105285645,attack,No
167,1,0,0.01098694392594878,-5.200620651245117,-0.7006207704544067,attack,no
168,1,0,0.022977373924293353,-4.1969380378723145,-0.4469382166862488,attack,No
169,1,1,0.679178699175393,-0.8060089349746704,-1.5560089349746704,attack,Yes
170,1,1,0.754914997895581,-0.5449921488761902,-1.669992208480835,attack,Yes
171,1,0,0.017986206277364275,-4.403191566467285,-0.40319135785102844,attack,No
172,1,0,0.022977367233847502,-4.343441009521484,-0.5934408903121948,attack,no
173,1,1,0.6513548646660542,-0.8181113004684448,-1.4431113004684448,attack,Yes
174,1,0,0.22270011818961086,-2.1150965690612793,-0.8650964498519897,attack,no
175,1,0,0.0850990357257195,-2.873992443084717,-0.49899232387542725,attack,No
176,1,0,0.5,-1.1579564809799194,-1.1579564809799194,attack,No
177,1,1,0.8933094032139576,-0.29264500737190247,-2.41764497756958,attack,Yes
178,1,0,0.0675466911396291,-2.9656877517700195,-0.34068775177001953,attack,No
179,1,1,0.798186768138228,-0.505444347858429,-1.8804442882537842,attack,Yes
180,1,0,0.037326887344129464,-3.754202127456665,-0.504202127456665,attack,No
181,1,1,0.5312093733737563,-0.9482307434082031,-1.0732307434082031,attack,Yes
182,1,0,0.1480472055495773,-2.4509737491607666,-0.7009738087654114,attack,no
183,1,1,0.7772998508568416,-0.5132635235786438,-1.763263463973999,attack,Yes
184,1,0,0.03308597934211908,-3.79119873046875,-0.4161987602710724,attack,No
185,1,0,0.04208773031866069,-3.7874839305877686,-0.6624839901924133,attack,No
186,1,0,0.020332355717182622,-4.3659749031066895,-0.490975022315979,attack,No
187,1,0,0.005911068155754778,-5.605465412139893,-0.480465292930603,attack,No
188,1,0,0.22270012850745968,-2.087923049926758,-0.837922990322113,attack,No
189,1,0,0.010986943602109868,-4.897463798522949,-0.3974638879299164,attack,no
190,1,0,0.11920291576401235,-2.773808240890503,-0.7738081812858582,attack,no
191,1,0,0.008577486427457372,-5.3331427574157715,-0.583142876625061,attack,no
192,1,0,0.014063625390308462,-4.892731666564941,-0.6427315473556519,attack,No
193,1,0,0.006692850131774789,-5.697642803192139,-0.6976426839828491,attack,no
194,1,0,0.24508502416032488,-1.9711248874664307,-0.8461249470710754,attack,No
195,1,0,0.02033235452992065,-4.464807510375977,-0.5898075699806213,attack,No
196,1,1,0.6513548646660542,-0.8506734371185303,-1.4756734371185303,attack,Yes
197,1,0,0.09534945461636171,-2.780869483947754,-0.5308693647384644,attack,no
198,1,0,0.03308598029553404,-4.031576156616211,-0.6565762162208557,attack,No
199,1,1,0.5312093733737563,-1.0418128967285156,-1.1668128967285156,attack,Yes
200,1,0,0.5,-1.1083178520202637,-1.1083178520202637,attack,no
201,1,0,0.0046095710854326425,-5.95467472076416,-0.579674482345581,attack,no
202,1,0,0.014063627043245474,-4.8392205238342285,-0.5892205238342285,attack,No
203,1,0,0.29421497216298875,-1.5481877326965332,-0.6731877326965332,attack,No
204,1,0,0.05340332678672523,-3.6050992012023926,-0.7300991415977478,attack,no
205,1,0,0.5,-1.1364150047302246,-1.1364150047302246,attack,no
206,1,0,0.3208212878370535,-1.6128439903259277,-0.862843930721283,attack,No
207,1,0,0.5,-1.1496134996414185,-1.1496134996414185,attack,No
208,1,1,0.5312093733737563,-1.0104923248291016,-1.1354923248291016,attack,Yes
209,1,0,0.13296425394084313,-2.6079211235046387,-0.7329212427139282,attack,No
210,1,0,0.0021827163155291175,-6.379245281219482,-0.25424522161483765,attack,No
211,1,1,0.7310585786300049,-0.6918821334838867,-1.6918821334838867,attack,Yes
212,1,0,0.017986206803753842,-4.488652229309082,-0.4886520504951477,attack,No
213,1,0,0.014063627456479755,-4.51590633392334,-0.26590636372566223,attack,No
214,1,1,0.6224593312018546,-0.7021101713180542,-1.2021101713180542,attack,Yes
215,1,0,0.1066905825840872,-2.6394996643066406,-0.5144995450973511,attack,No
216,1,1,0.7057850278370112,-0.6461914777755737,-1.5211914777755737,attack,Yes
217,1,1,0.8933094145755219,-0.23122826218605042,-2.3562283515930176,attack,Yes
218,1,0,0.02297736522671412,-4.241787433624268,-0.49178722500801086,attack,No
219,1,0,0.02595736171885236,-4.033484935760498,-0.4084851145744324,attack,No
220,1,1,0.6224593171945417,-0.8138886094093323,-1.3138885498046875,attack,Yes
221,1,0,0.11920292828022305,-2.5696964263916016,-0.5696964859962463,attack,No
222,1,0,0.2689414213699951,-1.7147029638290405,-0.7147029638290405,attack,no
223,1,1,0.6513548511303336,-0.7522915005683899,-1.3772914409637451,attack,Yes
224,1,0,0.025957358704815272,-4.168737411499023,-0.5437374711036682,attack,No
225,1,0,0.02931223244728875,-4.098160743713379,-0.5981608033180237,attack,No
226,1,0,0.00669285191492257,-5.393315315246582,-0.39331546425819397,attack,No
227,1,1,0.5926665999540697,-0.8058090209960938,-1.1808090209960938,attack,Yes
228,1,0,0.0373268852023206,-3.852827310562134,-0.602827250957489,attack,No
229,1,0,0.13296425394084313,-2.6067423820495605,-0.7317425012588501,attack,No
230,1,1,0.5621765008857981,-1.0206249952316284,-1.2706249952316284,attack,Yes
231,1,0,0.04742587317756679,-3.5097198486328125,-0.5097198486328125,attack,No
232,1,0,0.015906394510857135,-4.660578727722168,-0.5355789065361023,attack,No
233,1,1,0.5621765008857981,-1.0039863586425781,-1.2539863586425781,attack,Yes
234,1,0,0.06754668738548215,-3.1982879638671875,-0.5732879042625427,attack,No
235,1,1,0.851952809486198,-0.3829318881034851,-2.13293194770813,attack,Yes
236,1,0,0.0293122256635596,-4.152953147888184,-0.6529529690742493,attack,no
237,1,0,0.00359360194114313,-6.102463245391846,-0.4774630665779114,attack,no
238,1,0,0.005911067805510302,-5.51720666885376,-0.39220649003982544,attack,No
239,1,0,0.020332349780873466,-4.58123254776001,-0.7062323689460754,attack,no
240,1,0,0.014063623737371644,-4.95289421081543,-0.7028939723968506,attack,no
241,1,0,0.2689414330889798,-1.8666608333587646,-0.8666608929634094,attack,No
242,1,0,0.012431649755527152,-4.859597682952881,-0.4845975935459137,attack,No
243,1,1,0.867035763237924,-0.3999497592449188,-2.274949789047241,attack,Yes
244,1,0,0.0850990542883219,-3.0702199935913086,-0.6952201128005981,attack,no
245,1,0,0.060086656906500974,-3.3712544441223145,-0.621254563331604,attack,no
246,1,0,0.03308598220236406,-4.034563064575195,-0.6595631837844849,attack,No
247,1,0,0.1329642264548166,-2.5571255683898926,-0.682125449180603,attack,no
248,1,1,0.851952809486198,-0.39105838537216187,-2.1410584449768066,attack,Yes
249,1,0,0.4378234844434674,-1.1498394012451172,-0.8998393416404724,attack,No
250,1,0,0.014063627869714051,-4.786245346069336,-0.5362454056739807,attack,no
251,1,0,0.00669285052802981,-5.39296817779541,-0.3929681181907654,attack,No
252,1,1,0.5621764862150634,-0.8178454041481018,-1.067845344543457,attack,Yes
253,1,0,0.005220126312597491,-5.642988681793213,-0.39298880100250244,attack,No
254,1,0,0.060086656906500974,-3.481203079223633,-0.7312031984329224,attack,no
255,1,0,0.022977367233847502,-4.399680137634277,-0.6496800184249878,attack,No
256,1,1,0.7057850402140659,-0.5897778868675232,-1.464777946472168,attack,Yes
257,1,0,0.24508501313237172,-1.7726045846939087,-0.6476045846939087,attack,No
258,1,1,0.5312093585306514,-0.9656170010566711,-1.0906169414520264,attack,Yes
259,1,0,0.04742587317756679,-3.611121416091919,-0.611121416091919,attack,no
260,1,0,0.24508501313237172,-1.9062122106552124,-0.7812122106552124,attack,No
261,1,0,0.020332349780873466,-4.365794658660889,-0.49079447984695435,attack,No
262,1,0,0.10669059394565118,-2.8338966369628906,-0.7088966369628906,attack,No
263,1,0,0.3208212878370535,-1.6726183891296387,-0.9226183295249939,attack,No
264,1,1,0.880797068590724,-0.3592928349971771,-2.35929274559021,attack,Yes
265,1,1,0.7310585786300049,-0.5878030061721802,-1.5878030061721802,attack,Yes
266,1,0,0.1480471980316895,-2.389439344406128,-0.6394393444061279,attack,No
267,1,0,0.022977373924293353,-4.291698932647705,-0.5416991114616394,attack,No
268,1,0,0.02033235452992065,-4.582141876220703,-0.7071419358253479,attack,no
269,1,0,0.04742587317756679,-3.6101274490356445,-0.6101274490356445,attack,No
270,1,0,0.01798620890931226,-4.489190101623535,-0.4891900420188904,attack,No
271,1,1,0.6513548646660542,-0.8511848449707031,-1.4761848449707031,attack,Yes
272,1,0,0.07585818002124356,-3.082834005355835,-0.582834005355835,attack,No
273,1,1,0.7057850278370112,-0.6793884038925171,-1.554388403892517,attack,Yes
274,1,0,0.07585818002124356,-3.130812168121338,-0.6308121681213379,attack,No
275,1,0,0.10669059394565118,-2.668243885040283,-0.5432438850402832,attack,no
276,1,0,0.10669060530721626,-2.69376277923584,-0.5687628984451294,attack,no
277,1,1,0.9399133481428692,-0.15586212277412415,-2.9058620929718018,attack,Yes
278,1,0,0.004609571769146091,-5.7663421630859375,-0.39134207367897034,attack,No
279,1,1,0.5312093733737563,-1.134924292564392,-1.259924292564392,attack,Yes
280,1,0,0.10669058826486906,-2.746137857437134,-0.621137797832489,attack,no
281,1,0,0.004070137232672753,-5.9323410987854,-0.43234097957611084,attack,No
282,1,0,0.004609571905888793,-5.9547529220581055,-0.5797528624534607,attack,no
283,1,0,0.02931223244728875,-3.9511449337005615,-0.4511449933052063,attack,No
284,1,1,0.7310585786300049,-0.6496636867523193,-1.6496636867523193,attack,Yes
285,1,0,0.029312229903390143,-3.951970338821411,-0.45197030901908875,attack,No
286,1,0,0.022977367233847502,-4.291158676147461,-0.5411585569381714,attack,No
287,1,0,0.01243164865786858,-4.8144402503967285,-0.4394400715827942,attack,No
288,1,0,0.014063625390308462,-4.8924126625061035,-0.642412543296814,attack,No
289,1,0,0.05340333130637379,-3.308814525604248,-0.43381455540657043,attack,No
290,1,0,0.06754668738548215,-3.365217447280884,-0.740217387676239,attack,no
291,1,0,0.10669059394565118,-2.729602098464966,-0.6046020984649658,attack,No
292,1,0,0.0159063898457867,-4.712985038757324,-0.5879849195480347,attack,No
293,1,0,0.0474258704848281,-3.5588278770446777,-0.558827817440033,attack,No
294,1,0,0.29421497216298875,-1.65995192527771,-0.78495192527771,attack,No
295,1,0,0.0006263340461823029,-7.951866626739502,-0.5768664479255676,attack,No
296,1,0,0.008577484906839334,-5.388986110687256,-0.6389860510826111,attack,no
297,1,0,0.02595736021183377,-4.12279748916626,-0.4977976083755493,attack,no
298,1,1,0.8354835330070839,-0.3628702461719513,-1.987870216369629,attack,Yes
299,1,0,0.025957363225871038,-4.2177886962890625,-0.5927889347076416,attack,No
300,1,0,0.06754668550840877,-3.109365701675415,-0.4843656122684479,attack,No
301,1,0,0.07585817166422973,-3.1391868591308594,-0.6391867399215698,attack,no
302,1,1,0.7981867777396212,-0.6070084571838379,-1.982008457183838,attack,Yes
303,1,0,0.008577487441202876,-5.107901573181152,-0.35790181159973145,attack,No
304,1,1,0.924141817889503,-0.20232585072517395,-2.7023258209228516,attack,Yes
305,1,0,0.007577240371427665,-5.40435791015625,-0.5293577909469604,attack,No
306,1,0,0.009708478773683474,-5.063629150390625,-0.4386293888092041,attack,No
307,1,0,0.0011695104739356916,-7.138284683227539,-0.3882848620414734,attack,no
308,1,0,0.017986213120429816,-4.53694486618042,-0.5369450449943542,attack,No
309,1,0,0.006692852212113911,-5.208099365234375,-0.20809955894947052,attack,No
310,1,0,0.029312230751356316,-3.952291250228882,-0.45229125022888184,attack,No
311,1,1,0.8670357666736773,-0.31336134672164917,-2.188361406326294,attack,Yes
312,1,0,0.029312227359491745,-3.7785964012145996,-0.27859628200531006,attack,No
313,1,1,0.7057850278370112,-0.7745487689971924,-1.6495487689971924,attack,Yes
314,1,0,0.015906388912772775,-4.712807655334473,-0.5878074765205383,attack,No
315,1,0,0.1645164628965632,-2.2334609031677246,-0.6084609031677246,attack,No
316,1,0,0.0953494648991095,-2.806016445159912,-0.5560164451599121,attack,No
317,1,0,0.07585817584273653,-3.0892980098724365,-0.5892979502677917,attack,no
318,1,0,0.06754668738548215,-3.2526533603668213,-0.6276533007621765,attack,No
319,1,0,0.06754668363133542,-3.3631386756896973,-0.7381385564804077,attack,no
320,1,0,0.003593602688132928,-6.057533264160156,-0.43253329396247864,attack,No
321,1,0,0.03732688306051187,-3.8578696250915527,-0.6078695058822632,attack,no
322,1,0,0.0021827166400692896,-6.514466762542725,-0.3894668519496918,attack,No
323,1,0,0.04742587587030561,-3.5111277103424072,-0.511127769947052,attack,No
324,1,0,0.4378234991142019,-1.3245599269866943,-1.0745599269866943,attack,no
325,1,1,0.914900957313305,-0.2611794173717499,-2.6361794471740723,attack,Yes
326,1,0,0.24508503518827837,-2.0150556564331055,-0.890055775642395,attack,no
327,1,0,0.13296425394084313,-2.6122493743896484,-0.737249493598938,attack,no
328,1,0,0.24508502416032488,-1.820554256439209,-0.6955543160438538,attack,No
329,1,0,0.0850990357257195,-2.9610328674316406,-0.5860327482223511,attack,No
330,1,0,0.24508500210441886,-1.8235936164855957,-0.6985935568809509,attack,No
331,1,0,0.09534947518185825,-2.955291748046875,-0.7052918672561646,attack,no
332,1,0,0.4073334000459302,-1.4306116104125977,-1.0556116104125977,attack,no
333,1,0,0.015906394977364253,-4.613217353820801,-0.4882175624370575,attack,No
334,1,0,0.11920292202211755,-2.6143643856048584,-0.6143643856048584,attack,No
335,1,0,0.060086646807761206,-3.225510358810425,-0.47551029920578003,attack,No
336,1,0,0.025957352676742106,-4.118994235992432,-0.4939940571784973,attack,No
337,1,0,0.007577241267860811,-5.573878288269043,-0.698878288269043,attack,no
338,1,0,0.037326884131416216,-3.630032777786255,-0.3800326883792877,attack,No
339,1,1,0.5312093733737563,-0.881495475769043,-1.006495475769043,attack,Yes
340,1,1,0.9241418147556224,-0.1837683469057083,-2.6837682723999023,attack,Yes
341,1,0,0.022977371248114782,-4.344289779663086,-0.5942898392677307,attack,No
342,1,0,0.01590639031229368,-4.613223075866699,-0.48822298645973206,attack,No
343,1,1,0.5621765008857981,-0.9260314702987671,-1.176031470298767,attack,Yes
344,1,0,0.3208212878370535,-1.615558385848999,-0.8655583262443542,attack,No
345,1,0,0.02297736991002561,-4.398322582244873,-0.648322582244873,attack,No
346,1,0,0.18242552380635632,-2.334124803543091,-0.8341248035430908,attack,no
347,1,0,0.0293122256635596,-4.096646308898926,-0.5966461300849915,attack,No
348,1,1,0.9241418189341297,-0.1763320118188858,-2.6763319969177246,attack,Yes
349,1,1,0.8807970904940926,-0.3949183225631714,-2.394918441772461,attack,Yes
350,1,0,0.3486451488696663,-1.4929614067077637,-0.8679614663124084,attack,No
351,1,0,0.24508500210441886,-1.9071788787841797,-0.7821788191795349,attack,No
352,1,0,0.006692851716795015,-5.31950044631958,-0.31950056552886963,attack,No
353,1,0,0.0675466911396291,-3.3060522079467773,-0.6810522079467773,attack,no
354,1,0,0.08509904500702024,-2.871917963027954,-0.4969179630279541,attack,No
355,1,1,0.754914975839675,-0.5620084404945374,-1.6870083808898926,attack,Yes
356,1,0,0.02931222820745785,-3.9115288257598877,-0.41152873635292053,attack,No
357,1,0,0.00359360332841002,-6.102660655975342,-0.4776608645915985,attack,No
358,1,0,0.010986941335237732,-5.034498691558838,-0.5344985723495483,attack,no
359,1,0,0.37754066879814546,-1.5448620319366455,-1.0448620319366455,attack,no
360,1,0,0.5,-1.0017271041870117,-1.0017271041870117,attack,No
361,1,1,0.835483553488848,-0.4026082754135132,-2.0276083946228027,attack,Yes
362,1,0,0.008577485413711986,-5.333117961883545,-0.5831179618835449,attack,no
363,1,0,0.06008665354025422,-3.4247920513153076,-0.6747921109199524,attack,No
364,1,1,0.6224593171945417,-0.6443381905555725,-1.1443381309509277,attack,Yes
365,1,1,0.7057850402140659,-0.7158049941062927,-1.5908050537109375,attack,Yes
366,1,0,0.07585817584273653,-3.244499683380127,-0.7444996237754822,attack,no
367,1,1,0.6513548646660542,-0.6723638772964478,-1.2973638772964478,attack,Yes
368,1,0,0.020332352155396922,-4.467179298400879,-0.5921792387962341,attack,no
369,1,0,0.09534947004048376,-2.8049075603485107,-0.5549076199531555,attack,No
370,1,0,0.01243165304850344,-4.960633754730225,-0.5856339335441589,attack,No
371,1,1,0.7981867777396212,-0.5031501054763794,-1.8781501054763794,attack,Yes
372,1,0,0.020332355717182622,-4.522368907928467,-0.6473690271377563,attack,no
373,1,0,0.020332352155396922,-4.320957660675049,-0.44595760107040405,attack,No
374,1,0,0.06754668738548215,-3.203667402267456,-0.5786673426628113,attack,No
375,1,0,0.0850990357257195,-2.8750429153442383,-0.5000427961349487,attack,No
376,1,0,0.007577239923211134,-5.513855457305908,-0.6388552784919739,attack,No
377,1,0,0.008577485920584663,-5.332875728607178,-0.5828757882118225,attack,No
378,1,0,0.020332356904444657,-4.096007347106934,-0.22100752592086792,attack,No
379,1,0,0.11920292202211755,-2.778226137161255,-0.7782261371612549,attack,no
380,1,0,0.0075772408196442265,-5.404452800750732,-0.5294527411460876,attack,No
381,1,0,0.18242552380635632,-2.175618886947632,-0.6756188869476318,attack,No
382,1,0,0.07585817166422973,-3.0817322731018066,-0.5817321538925171,attack,No
383,1,0,0.014063626216776943,-4.69092321395874,-0.44092315435409546,attack,No
384,1,0,0.033085978388704126,-3.926938533782959,-0.551938533782959,attack,no
385,1,0,0.008577485920584663,-5.449345588684082,-0.6993456482887268,attack,no
386,1,0,0.010986940039882433,-5.201760292053223,-0.7017600536346436,attack,no
387,1,0,0.010986940363721243,-4.762022972106934,-0.2620227634906769,attack,No
388,1,0,0.16451647108926923,-2.1570868492126465,-0.5320869088172913,attack,No
389,1,0,0.022977365895758564,-4.343455791473389,-0.5934556126594543,attack,No
390,1,0,0.03308598029553404,-3.788574457168579,-0.4135745167732239,attack,No
391,1,0,0.012431651219072064,-4.638385772705078,-0.2633858025074005,attack,No
392,1,0,0.37754066879814546,-1.391929268836975,-0.8919292688369751,attack,No
393,1,1,0.8354835371034369,-0.36260318756103516,-1.9876031875610352,attack,Yes
394,1,0,0.01590639077880068,-4.711821556091309,-0.5868214964866638,attack,No
395,1,0,0.20181322226037882,-1.8840107917785645,-0.5090107917785645,attack,No
396,1,0,0.010986942306754304,-4.896254539489746,-0.3962545096874237,attack,No
397,1,0,0.0373268852023206,-3.855515956878662,-0.6055158972740173,attack,no
398,1,0,0.007577242164294059,-5.356110572814941,-0.48111069202423096,attack,No
399,1,0,0.16451647108926923,-2.386559009552002,-0.7615590691566467,attack,No
400,1,0,0.2689414213699951,-1.795583963394165,-0.795583963394165,attack,no
401,1,0,0.04742587587030561,-3.724271059036255,-0.7242711186408997,attack,no
402,1,0,0.007577241716077422,-5.3106231689453125,-0.4356232285499573,attack,No
403,1,0,0.060086646807761206,-3.1863224506378174,-0.4363223910331726,attack,No
404,1,0,0.11920291576401235,-2.779344081878662,-0.7793440222740173,attack,no
405,1,0,0.0675466911396291,-3.303823471069336,-0.6788234710693359,attack,No
406,1,0,0.033085978388704126,-3.975062131881714,-0.6000621318817139,attack,no
407,1,0,0.3486451488696663,-1.563999891281128,-0.9389999508857727,attack,no
408,1,0,0.14804721306746543,-2.3480124473571777,-0.5980125665664673,attack,No
409,1,0,0.025957356444287677,-3.930330514907837,-0.3053304851055145,attack,No
410,1,0,0.009708478773683474,-5.26463508605957,-0.6396353244781494,attack,no
411,1,0,0.46879062662624377,-1.1575767993927002,-1.0325767993927002,attack,No
412,1,1,0.8519528132451416,-0.4015566408634186,-2.1515567302703857,attack,Yes
413,1,0,0.007577242164294059,-5.404189586639404,-0.5291897058486938,attack,No
414,1,0,0.11920292202211755,-2.526555299758911,-0.5265552997589111,attack,No
415,1,0,0.04208773031866069,-3.7318475246429443,-0.6068475842475891,attack,No
416,1,0,0.10669058826486906,-2.778393268585205,-0.6533932089805603,attack,No
417,1,0,0.20181322226037882,-2.1906111240386963,-0.8156111240386963,attack,no
418,1,1,0.5621765008857981,-1.0288310050964355,-1.2788310050964355,attack,Yes
419,1,0,0.4378234991142019,-0.8984723091125488,-0.6484723091125488,attack,No
420,1,0,0.014063625390308462,-4.7844343185424805,-0.5344341993331909,attack,No
421,1,0,0.06008665017400762,-3.4263787269592285,-0.6763787269592285,attack,No
422,1,0,0.03308598220236406,-3.9240097999572754,-0.5490099191665649,attack,No
423,1,0,0.18242553269617778,-2.1672003269195557,-0.6672003865242004,attack,No
424,1,0,0.01406362952265135,-4.83662223815918,-0.586622416973114,attack,no
425,1,0,0.09534945975773548,-2.9017133712768555,-0.6517133116722107,attack,no
426,1,0,0.008577484399966718,-5.390693664550781,-0.6406935453414917,attack,No
427,1,1,0.5312093733737563,-0.9759155511856079,-1.100915551185608,attack,Yes
428,1,0,0.0159063879797589,-4.611517906188965,-0.48651766777038574,attack,No
429,1,0,0.10669060530721626,-2.8937950134277344,-0.7687951326370239,attack,no
430,1,0,0.022977371248114782,-4.290813446044922,-0.5408135056495667,attack,No
431,1,0,0.02297736991002561,-4.290894031524658,-0.5408940315246582,attack,No
432,1,1,0.9465966664338019,-0.19215376675128937,-3.0671536922454834,attack,Yes
433,1,0,0.037326884131416216,-3.6675519943237305,-0.4175519049167633,attack,No
434,1,0,0.020332355717182622,-4.526540756225586,-0.6515408754348755,attack,No
435,1,1,0.9626731089077046,-0.14629970490932465,-3.3962996006011963,attack,Yes
436,1,0,0.1480471980316895,-2.4937078952789307,-0.7437078952789307,attack,no
437,1,0,0.34864513533394575,-1.4531219005584717,-0.8281219005584717,attack,No
438,1,0,0.03308597457504463,-3.9238781929016113,-0.5488780736923218,attack,No
439,1,0,0.16451647108926923,-2.333311080932617,-0.708311140537262,attack,No
440,1,0,0.02931223244728875,-4.0006866455078125,-0.5006867051124573,attack,no
441,1,0,0.1480471980316895,-2.3454461097717285,-0.5954461097717285,attack,No
442,1,0,0.014063627869714051,-4.784870624542236,-0.5348706841468811,attack,No
443,1,0,0.37754066879814546,-1.527275800704956,-1.027275800704956,attack,no
444,1,0,0.03732688948593843,-3.8027353286743164,-0.5527353882789612,attack,no
445,1,1,0.7310585786300049,-0.6471045017242432,-1.6471045017242432,attack,Yes
446,1,0,0.06008665354025422,-3.4293782711029053,-0.67937833070755,attack,No
447,1,0,0.5,-1.1067297458648682,-1.1067297458648682,attack,No
448,1,0,0.029312234143221275,-4.154502868652344,-0.6545029878616333,attack,no
449,1,0,0.005911067455265844,-5.761700630187988,-0.6367003917694092,attack,No
450,1,0,0.025957352676742106,-4.16945743560791,-0.5444572567939758,attack,No
451,1,0,0.020332357498075698,-4.239551067352295,-0.36455127596855164,attack,No
452,1,0,0.04742587317756679,-3.66544246673584,-0.6654424667358398,attack,no
453,1,0,0.04208772791561884,-3.733365535736084,-0.608365535736084,attack,No
454,1,0,0.3775406547908327,-1.438659429550171,-0.9386593699455261,attack,no
455,1,0,0.20181320305759334,-2.095766544342041,-0.7207664251327515,attack,no
456,1,0,0.09534947518185825,-2.8002023696899414,-0.550202488899231,attack,No
457,1,0,0.008577486427457372,-5.187314987182617,-0.43731510639190674,attack,No
458,1,0,0.04742587856304458,-3.6148605346679688,-0.6148606538772583,attack,no
459,1,1,0.9046505351008906,-0.23413467407226562,-2.4841346740722656,attack,Yes
460,1,0,0.3486451488696663,-1.4525561332702637,-0.8275561928749084,attack,No
461,1,0,0.13296423676207594,-2.2800729274749756,-0.4050728976726532,attack,No
462,1,0,0.0046095714956607,-5.6610426902771,-0.28604254126548767,attack,No
463,1,0,0.37754066879814546,-1.499503493309021,-0.999503493309021,attack,No
464,1,1,0.6513548646660542,-0.716443657875061,-1.341443657875061,attack,Yes
465,1,0,0.32082130082460697,-1.4910478591918945,-0.7410478591918945,attack,No
466,1,0,0.0059110692064883365,-5.65286922454834,-0.5278692841529846,attack,No
467,1,0,0.008577485413711986,-5.230980396270752,-0.48098039627075195,attack,No
468,1,0,0.0031726828424851893,-6.3286662101745605,-0.5786662101745605,attack,no
469,1,0,0.025957354183760273,-4.168511390686035,-0.5435112714767456,attack,No
470,1,0,0.03732688306051187,-3.9084558486938477,-0.6584557294845581,attack,no
471,1,0,0.017986206803753842,-4.647909164428711,-0.6479089856147766,attack,No
472,1,0,0.1480472055495773,-2.497779130935669,-0.7477791905403137,attack,No
473,1,0,0.053403325280175794,-3.3435280323028564,-0.4685279428958893,attack,No
474,1,0,0.34864513533394575,-1.5234230756759644,-0.8984230756759644,attack,no
475,1,1,0.7310585786300049,-0.4539586305618286,-1.4539586305618286,attack,Yes
476,1,0,0.02931223244728875,-4.213581562042236,-0.7135816216468811,attack,no
477,1,0,0.20181320305759334,-2.2226810455322266,-0.847680926322937,attack,no
478,1,0,0.03308598029553404,-3.9736504554748535,-0.5986505150794983,attack,No
479,1,0,0.0474258704848281,-3.468505382537842,-0.468505322933197,attack,No
480,1,1,0.7549149868676283,-0.6862080097198486,-1.8112080097198486,attack,Yes
481,1,1,0.5312093733737563,-0.9759155511856079,-1.100915551185608,attack,Yes
482,1,0,0.22270014914315833,-2.0656673908233643,-0.815667450428009,attack,No
483,1,0,0.09534945461636171,-2.8964552879333496,-0.6464551687240601,attack,No
484,1,0,0.1329642333263228,-2.605149984359741,-0.7301499247550964,attack,No
485,1,0,0.020332356904444657,-4.58172082901001,-0.7067210078239441,attack,no
486,1,0,0.4073334000459302,-1.423378348350525,-1.048378348350525,attack,no
487,1,0,0.008577486427457372,-5.389919281005859,-0.6399194002151489,attack,No
488,1,1,0.8519527869325346,-0.49321234226226807,-2.2432122230529785,attack,Yes
489,1,1,0.679178699175393,-0.781507134437561,-1.531507134437561,attack,Yes
490,1,0,0.02931223583915389,-4.097853183746338,-0.5978533625602722,attack,No
491,1,0,0.01243165231673086,-5.018606185913086,-0.6436063051223755,attack,No
492,1,1,0.817574471748733,-0.4338224232196808,-1.9338223934173584,attack,Yes
493,1,0,0.14804719051380197,-2.548158645629883,-0.798158586025238,attack,no
494,1,1,0.7981867873410141,-0.5872911810874939,-1.9622912406921387,attack,Yes
495,1,1,0.6224593312018546,-0.7131308317184448,-1.2131308317184448,attack,Yes
496,1,0,0.13296424019782924,-2.6048378944396973,-0.7298378944396973,attack,No
497,1,1,0.6224593312018546,-0.791541337966919,-1.291541337966919,attack,Yes
498,1,1,0.8354835452961425,-0.6460811495780945,-2.2710812091827393,attack,Yes
499,1,1,0.5312093733737563,-0.9859026670455933,-1.1109026670455933,attack,Yes
500,1,0,0.14804719051380197,-2.1428797245025635,-0.3928796648979187,attack,No
501,1,0,0.017986206803753842,-4.4890289306640625,-0.4890287518501282,attack,No
502,1,0,0.29421497216298875,-1.540776252746582,-0.665776252746582,attack,No
503,1,0,0.01243164938964095,-4.859684944152832,-0.4846848249435425,attack,No
504,1,0,0.24508501313237172,-1.78360915184021,-0.65860915184021,attack,No
505,1,1,0.5926665855647394,-0.9057934880256653,-1.2807934284210205,attack,Yes
506,1,0,0.060086646807761206,-3.4253299236297607,-0.675329864025116,attack,no
507,1,0,0.1480472055495773,-2.5454304218292236,-0.7954304814338684,attack,no
508,1,0,0.3208212878370535,-1.528923511505127,-0.7789234519004822,attack,No
509,1,0,0.01798621101487092,-4.537145137786865,-0.53714519739151,attack,No
510,1,0,0.05340332678672523,-3.5480265617370605,-0.6730265021324158,attack,no
511,1,0,0.37754066879814546,-1.4310705661773682,-0.9310705661773682,attack,No
512,1,0,0.009708476768000214,-5.063292026519775,-0.4382920563220978,attack,no
513,1,0,0.0040701369910610885,-6.196848392486572,-0.6968482136726379,attack,no
514,1,0,0.0059110695567328965,-5.604033946990967,-0.47903406620025635,attack,No
515,1,0,0.37754066879814546,-1.4778993129730225,-0.9778993129730225,attack,no
516,1,0,0.02297737526238275,-4.2921142578125,-0.5421144962310791,attack,No
517,1,1,0.7310585727705126,-0.46997585892677307,-1.4699758291244507,attack,Yes
518,1,0,0.01098694392594878,-5.032690048217773,-0.532690167427063,attack,no
519,1,0,0.003172683408005215,-6.384917736053467,-0.6349179148674011,attack,no
520,1,0,0.00669285072615733,-5.436061382293701,-0.4360613524913788,attack,no
521,1,0,0.005911070082099775,-5.604022026062012,-0.47902223467826843,attack,No
522,1,0,0.03308597457504463,-3.922694206237793,-0.5476940870285034,attack,No
523,1,1,0.5926665999540697,-0.9831657409667969,-1.3581657409667969,attack,Yes
524,1,0,0.004609572999830552,-5.954772472381592,-0.5797726511955261,attack,no
525,1,0,0.0046095714956607,-5.85290002822876,-0.4778998792171478,attack,No
526,1,1,0.7772998611746911,-0.5255733728408813,-1.7755733728408813,attack,Yes
527,1,1,0.6513548646660542,-0.8175220489501953,-1.4425220489501953,attack,Yes
528,1,1,0.7310585903489892,-0.6333453059196472,-1.633345365524292,attack,Yes
529,1,0,0.010986940039882433,-5.031601905822754,-0.5316016674041748,attack,No
530,1,0,0.46879062662624377,-1.2621053457260132,-1.1371053457260132,attack,no
531,1,1,0.7549149868676283,-0.6426275968551636,-1.7676275968551636,attack,Yes
532,1,0,0.11920293453832885,-2.5729451179504395,-0.572945237159729,attack,No
533,1,1,0.7057850278370112,-0.5487625598907471,-1.423762559890747,attack,Yes
534,1,0,0.0675466911396291,-3.155120849609375,-0.530120849609375,attack,No
535,1,0,0.02297736991002561,-4.289660453796387,-0.5396604537963867,attack,No
536,1,0,0.01590639171181471,-4.714323043823242,-0.5893230438232422,attack,No
537,1,1,0.5312093733737563,-1.1472371816635132,-1.2722371816635132,attack,Yes
538,1,0,0.4073334000459302,-1.1689727306365967,-0.7939727306365967,attack,No
539,1,0,0.0373268852023206,-3.708953857421875,-0.4589537978172302,attack,No
540,1,0,0.11920293453832885,-2.571033000946045,-0.5710331201553345,attack,No
541,1,0,0.017986213120429816,-4.444258213043213,-0.4442583918571472,attack,No
542,1,1,0.6513548646660542,-0.8121129274368286,-1.4371129274368286,attack,Yes
543,1,0,0.16451647108926923,-2.2316112518310547,-0.6066113114356995,attack,No
544,1,1,0.5312093733737563,-0.8136009573936462,-0.9386009573936462,attack,Yes
545,1,1,0.8175744673038221,-0.5178468823432922,-2.0178468227386475,attack,Yes
546,1,0,0.5,-1.2037808895111084,-1.2037808895111084,attack,no
547,1,1,0.5926665999540697,-0.9378668069839478,-1.3128668069839478,attack,Yes
548,1,0,0.3208213138121609,-1.455040454864502,-0.7050405144691467,attack,No
549,1,1,0.5926665999540697,-0.9541926383972168,-1.3291926383972168,attack,Yes
550,1,0,0.005220125074519377,-5.778470516204834,-0.5284703969955444,attack,no
551,1,0,0.01406362456384003,-4.518584251403809,-0.26858407258987427,attack,no
552,1,1,0.7310585903489892,-0.5700766444206238,-1.5700767040252686,attack,Yes
553,1,0,0.005911067455265844,-5.47951602935791,-0.35451579093933105,attack,No
554,1,1,0.7057850402140659,-0.6449481844902039,-1.5199482440948486,attack,Yes
555,1,1,0.8175744673038221,-0.5590589642524719,-2.059058904647827,attack,Yes
556,1,1,0.5926665855647394,-0.898649275302887,-1.2736492156982422,attack,Yes
557,1,0,0.017986206803753842,-4.537111759185791,-0.5371115803718567,attack,no
558,1,0,0.07585818837825822,-3.0823264122009277,-0.5823265314102173,attack,No
559,1,0,0.01243165304850344,-4.859798431396484,-0.4847986102104187,attack,no
560,1,0,0.01406362415060583,-4.693737983703613,-0.44373777508735657,attack,no
561,1,0,0.022977371248114782,-4.458652019500732,-0.7086520791053772,attack,no
562,1,0,0.01243165231673086,-4.908566474914551,-0.5335665941238403,attack,No
563,1,0,0.2689414213699951,-1.8439092636108398,-0.8439092636108398,attack,no
564,1,0,0.34864513533394575,-1.3438776731491089,-0.7188776731491089,attack,No
565,1,0,0.4378234991142019,-1.2215831279754639,-0.9715831279754639,attack,no
566,1,0,0.020332352155396922,-4.465335845947266,-0.5903357863426208,attack,No
567,1,0,0.03732688948593843,-3.9109885692596436,-0.6609886288642883,attack,no
568,1,0,0.03732688948593843,-3.804431915283203,-0.5544319748878479,attack,no
569,1,0,0.037326887344129464,-3.910092353820801,-0.6600923538208008,attack,No
570,1,0,0.042087725512577126,-3.8450958728790283,-0.7200958132743835,attack,no
571,1,0,0.46879062662624377,-1.2327582836151123,-1.1077582836151123,attack,no
572,1,0,0.029312227359491745,-4.096409797668457,-0.5964096784591675,attack,No
573,1,1,0.7057850278370112,-0.5368672609329224,-1.4118672609329224,attack,Yes
574,1,0,0.037326887344129464,-3.969407796859741,-0.7194077968597412,attack,no
575,1,0,0.2689414213699951,-1.8290826082229614,-0.8290826082229614,attack,no
576,1,0,0.02297736991002561,-4.3986711502075195,-0.6486711502075195,attack,no
577,1,0,0.042087731520181665,-3.47625732421875,-0.35125741362571716,attack,No
578,1,0,0.1480471829959148,-2.3966870307922363,-0.6466869115829468,attack,No
579,1,0,0.09534947518185825,-2.8988914489746094,-0.6488915681838989,attack,no
580,1,0,0.13296425394084313,-2.338726043701172,-0.4637261629104614,attack,No
581,1,0,0.3208213138121609,-1.4193165302276611,-0.6693165898323059,attack,No
582,1,0,0.5,-1.1531919240951538,-1.1531919240951538,attack,no
583,1,0,0.4073334000459302,-1.342644453048706,-0.967644453048706,attack,No
584,1,0,0.4378234844434674,-1.1202044486999512,-0.8702043890953064,attack,No
585,1,1,0.7057850278370112,-0.7325303554534912,-1.6075303554534912,attack,Yes
586,1,0,0.4378234991142019,-1.2165634632110596,-0.9665634632110596,attack,No
587,1,0,0.2689414213699951,-1.5838868618011475,-0.5838868618011475,attack,No
588,1,0,0.34864513533394575,-1.5777156352996826,-0.9527156352996826,attack,No
589,1,0,0.04742587317756679,-3.559762716293335,-0.559762716293335,attack,No
590,1,0,0.22270012850745968,-2.0646448135375977,-0.8146447539329529,attack,No
591,1,0,0.02595735719779685,-4.167174816131592,-0.5421748161315918,attack,No
592,1,0,0.37754066879814546,-1.3855212926864624,-0.8855212926864624,attack,No
593,1,0,0.01243165304850344,-4.907176971435547,-0.5321771502494812,attack,No
594,1,1,0.5926665999540697,-0.8071212768554688,-1.1821212768554688,attack,Yes
595,1,0,0.010986941659076578,-4.898205280303955,-0.3982051908969879,attack,no
596,1,1,0.7772998611746911,-0.6661045551300049,-1.9161045551300049,attack,Yes
597,1,1,0.9241418189341297,-0.22667695581912994,-2.7266769409179688,attack,Yes
598,1,0,0.01098694263059318,-4.982784748077393,-0.4827847480773926,attack,No
599,1,0,0.00192673483525908,-6.601733684539795,-0.3517337739467621,attack,No
600,1,1,0.6224593312018546,-0.8972042798995972,-1.3972042798995972,attack,Yes
601,1,1,0.5312093733737563,-1.11163330078125,-1.23663330078125,attack,Yes
602,1,0,0.008577484399966718,-5.232029438018799,-0.4820293188095093,attack,no
603,1,0,0.053403329799824234,-3.4429776668548584,-0.5679776668548584,attack,no
604,1,0,0.020332355717182622,-4.582619667053223,-0.7076197862625122,attack,no
605,1,0,0.005220124610240159,-5.729424476623535,-0.47942426800727844,attack,No
606,1,0,0.24508501313237172,-1.8572413921356201,-0.7322413921356201,attack,No
607,1,0,0.05340333582602272,-3.6026978492736816,-0.7276979684829712,attack,no
608,1,0,0.2227001594610082,-2.0682435035705566,-0.8182436227798462,attack,no
609,1,0,0.34864513533394575,-1.4888226985931396,-0.8638226985931396,attack,No
610,1,0,0.37754066879814546,-1.5376040935516357,-1.0376040935516357,attack,no
611,1,0,0.006692850924284856,-5.395030975341797,-0.3950309753417969,attack,no
612,1,0,0.0850990357257195,-2.9634499549865723,-0.5884498357772827,attack,No
613,1,0,0.00359360311498431,-6.015203475952148,-0.3902036249637604,attack,No
614,1,0,0.014063626216776943,-4.8930487632751465,-0.6430487036705017,attack,No
615,1,0,0.0675466911396291,-3.208087682723999,-0.583087682723999,attack,no
616,1,0,0.0293122256635596,-4.212281227111816,-0.7122810482978821,attack,no
617,1,1,0.5312093733737563,-1.0444591045379639,-1.1694591045379639,attack,Yes
618,1,0,0.03308597648187432,-3.92305588722229,-0.5480558276176453,attack,No
619,1,0,0.014063627869714051,-4.5149827003479,-0.26498275995254517,attack,No
620,1,0,0.02297737258620403,-4.4577765464782715,-0.707776665687561,attack,no
621,1,0,0.37754066879814546,-1.4006494283676147,-0.9006494283676147,attack,No
622,1,1,0.6224593452091672,-0.7474400401115417,-1.2474400997161865,attack,Yes
623,1,1,0.5312093733737563,-0.8098266124725342,-0.9348266124725342,attack,Yes
624,1,0,0.04742587317756679,-3.612396478652954,-0.6123964786529541,attack,No
625,1,0,0.06008665522337757,-3.2268788814544678,-0.47687897086143494,attack,No
626,1,0,0.022977367233847502,-4.290344715118408,-0.5403445959091187,attack,No
627,1,0,0.11920292828022305,-2.4897265434265137,-0.48972660303115845,attack,No
628,1,0,0.005220125074519377,-5.887326717376709,-0.6373265981674194,attack,no
629,1,0,0.2689414330889798,-1.8035738468170166,-0.8035739064216614,attack,No
630,1,0,0.0031726828424851893,-6.328657627105713,-0.5786576271057129,attack,No
631,1,0,0.022977373924293353,-4.458674907684326,-0.7086750864982605,attack,no
632,1,0,0.13296424706933604,-2.338831663131714,-0.46383172273635864,attack,No
633,1,0,0.02297737526238275,-4.401278495788574,-0.6512787342071533,attack,No
634,1,1,0.7981867873410141,-0.4607509970664978,-1.8357510566711426,attack,Yes
635,1,0,0.02033235096813516,-4.467457294464111,-0.5924571752548218,attack,No
636,1,0,0.03308598029553404,-3.829012870788574,-0.454012930393219,attack,No
637,1,0,0.1645164628965632,-2.387063503265381,-0.7620635032653809,attack,no
638,1,0,0.46879062662624377,-1.1979148387908936,-1.0729148387908936,attack,No
639,1,0,0.2689414096510108,-1.9199824333190918,-0.919982373714447,attack,no
640,1,1,0.6513548646660542,-0.8304555416107178,-1.4554555416107178,attack,Yes
641,1,0,0.006692851518667466,-5.319570541381836,-0.3195706307888031,attack,No
642,1,1,0.7549149868676283,-0.7284321784973145,-1.8534321784973145,attack,Yes
643,1,0,0.24508501313237172,-1.7517273426055908,-0.6267273426055908,attack,No
644,1,1,0.7310585903489892,-0.6035811305046082,-1.603581190109253,attack,Yes
645,1,0,0.020332355717182622,-4.365745544433594,-0.4907456636428833,attack,No
646,1,1,0.8670357666736773,-0.3302449584007263,-2.205245018005371,attack,Yes
647,1,0,0.37754066879814546,-1.4811540842056274,-0.9811540842056274,attack,No
648,1,1,0.679178699175393,-0.6374295949935913,-1.3874295949935913,attack,Yes
649,1,0,0.1329642333263228,-2.5038645267486572,-0.6288644671440125,attack,No
650,1,0,0.012431650853185818,-4.813969135284424,-0.43896913528442383,attack,No
651,1,1,0.7772998508568416,-0.6047883629798889,-1.8547883033752441,attack,Yes
652,1,0,0.03308598029553404,-3.974320650100708,-0.5993207097053528,attack,No
653,1,0,0.04742587587030561,-3.4274630546569824,-0.4274631142616272,attack,No
654,1,0,0.00970847504884346,-5.020261764526367,-0.39526161551475525,attack,No
655,1,0,0.006692850924284856,-5.355266571044922,-0.3552665710449219,attack,No
656,1,1,0.5312093733737563,-0.9759712219238281,-1.1009712219238281,attack,Yes
657,1,0,0.009708475335369565,-5.157156467437744,-0.5321563482284546,attack,No
658,1,0,0.03308598220236406,-4.033167362213135,-0.6581674814224243,attack,no
659,1,0,0.020332356904444657,-4.52562952041626,-0.6506296992301941,attack,No
660,1,0,0.20181323186177208,-2.1775872707366943,-0.8025873303413391,attack,no
661,1,0,0.02931223244728875,-3.9546098709106445,-0.4546099305152893,attack,No
662,1,0,0.4378234991142019,-1.2660502195358276,-1.0160502195358276,attack,No
663,1,0,0.042087725512577126,-3.508789539337158,-0.3837894797325134,attack,No
664,1,0,0.025957352676742106,-4.275613784790039,-0.6506136059761047,attack,No
665,1,0,0.20181320305759334,-2.0700454711914062,-0.6950453519821167,attack,No
666,1,0,0.005911069031366064,-5.559037685394287,-0.4340377151966095,attack,No
667,1,1,0.7981867777396212,-0.5496952533721924,-1.9246952533721924,attack,Yes
668,1,1,0.6513548646660542,-0.8623350858688354,-1.4873350858688354,attack,Yes
669,1,0,0.04742587856304458,-3.6111936569213867,-0.6111937761306763,attack,No
670,1,1,0.6513548782017746,-0.6291291117668152,-1.25412917137146,attack,Yes
671,1,0,0.4378234991142019,-1.2990145683288574,-1.0490145683288574,attack,no
672,1,0,0.005220124764999895,-5.72844934463501,-0.47844916582107544,attack,no
673,1,0,0.053403329799824234,-3.49068284034729,-0.61568284034729,attack,No
674,1,0,0.04208773272170267,-3.6318845748901367,-0.5068846940994263,attack,No
675,1,0,0.0075772408196442265,-5.573370456695557,-0.6983703970909119,attack,no
676,1,1,0.8519528057272543,-0.4089917838573456,-2.158991813659668,attack,Yes
677,1,0,0.03308597648187432,-3.7523365020751953,-0.37733644247055054,attack,No
678,1,0,0.11920292828022305,-2.389153003692627,-0.38915306329727173,attack,No
679,1,0,0.4378235137849365,-1.1897609233856201,-0.9397609829902649,attack,No
680,1,0,0.025957351169724027,-4.277135848999023,-0.6521356105804443,attack,No
681,1,0,0.0021827164453451808,-6.703197479248047,-0.5781974792480469,attack,no
682,1,0,0.1329642264548166,-2.5550413131713867,-0.6800411939620972,attack,No
683,1,0,0.22270012850745968,-1.91379976272583,-0.6637997031211853,attack,No
684,1,0,0.007577241267860811,-5.513504981994629,-0.6385049819946289,attack,No
685,1,0,0.005220125693558397,-5.729152202606201,-0.47915220260620117,attack,No
686,1,0,0.29421497216298875,-1.8105485439300537,-0.9355485439300537,attack,no
687,1,0,0.5,-1.1678036451339722,-1.1678036451339722,attack,No
688,1,0,0.022977369240981062,-4.243167400360107,-0.49316737055778503,attack,No
689,1,0,0.022977373924293353,-4.458977699279785,-0.7089778780937195,attack,no
690,1,0,0.0953494648991095,-2.7848010063171387,-0.5348010063171387,attack,no
691,1,0,0.18242553269617778,-2.2740345001220703,-0.7740345597267151,attack,No
692,1,1,0.7549149868676283,-0.5204712152481079,-1.645471215248108,attack,Yes
693,1,0,0.34864513533394575,-1.3438776731491089,-0.7188776731491089,attack,No
694,1,0,0.025957357951306048,-3.901789426803589,-0.27678945660591125,attack,No
695,1,0,0.07585818419975078,-3.1350884437561035,-0.6350885033607483,attack,No
696,1,0,0.4378234991142019,-1.3814064264297485,-1.1314064264297485,attack,no
697,1,0,0.025957358704815272,-4.077654838562012,-0.4526548981666565,attack,no
698,1,0,0.18242550602671442,-2.0453953742980957,-0.5453952550888062,attack,No
699,1,0,0.010986940039882433,-4.983514785766602,-0.48351454734802246,attack,No
700,1,0,0.05340332377362639,-3.543715000152588,-0.6687148809432983,attack,No
701,1,1,0.89330940889474,-0.4055175483226776,-2.530517578125,attack,Yes
702,1,1,0.7981867777396212,-0.4495455026626587,-1.8245455026626587,attack,Yes
703,1,1,0.6791787121629466,-0.744154155254364,-1.4941542148590088,attack,Yes
704,1,0,0.4378234991142019,-1.3490642309188843,-1.0990642309188843,attack,no
705,1,0,0.004609571905888793,-5.766231060028076,-0.3912310004234314,attack,No
706,1,1,0.798186768138228,-0.38555699586868286,-1.760556936264038,attack,Yes
707,1,0,0.012431647926096252,-4.907994270324707,-0.5329940319061279,attack,No
708,1,0,0.04208773031866069,-3.631113290786743,-0.5061133503913879,attack,No
709,1,0,0.3486451488696663,-1.4737091064453125,-0.8487091660499573,attack,No
710,1,0,0.004609571222175325,-5.632065773010254,-0.2570655643939972,attack,No
711,1,0,0.05340332753999997,-3.008514165878296,-0.13351412117481232,attack,No
712,1,0,0.05340332678672523,-3.6031036376953125,-0.7281035780906677,attack,no
713,1,0,0.34864513533394575,-1.5177075862884521,-0.8927075862884521,attack,No
714,1,1,0.7549149868676283,-0.644835352897644,-1.769835352897644,attack,Yes
715,1,0,0.37754066879814546,-1.350919246673584,-0.850919246673584,attack,No
716,1,0,0.14804721306746543,-2.394223213195801,-0.6442233324050903,attack,No
717,1,1,0.7310585786300049,-0.6032418012619019,-1.6032418012619019,attack,Yes
718,1,0,0.017986209962091555,-4.4884185791015625,-0.4884185791015625,attack,No
719,1,1,0.7310585786300049,-0.823636531829834,-1.823636531829834,attack,Yes
720,1,0,0.1480472055495773,-2.4545719623565674,-0.7045720219612122,attack,no
721,1,0,0.022977371248114782,-3.976155996322632,-0.2261560559272766,attack,No
722,1,0,0.03308598410919419,-4.031293869018555,-0.656294047832489,attack,No
723,1,0,0.03732688306051187,-3.8560667037963867,-0.6060665845870972,attack,no
724,1,0,0.0675466911396291,-3.306452989578247,-0.6814529895782471,attack,No
725,1,1,0.8807970826714613,-0.2295815497636795,-2.229581594467163,attack,Yes
726,1,0,0.37754066879814546,-1.4913469552993774,-0.9913469552993774,attack,no
727,1,0,0.029312229903390143,-3.9518818855285645,-0.45188185572624207,attack,No
728,1,0,0.0850990542883219,-2.9211225509643555,-0.546122670173645,attack,No
729,1,0,0.006692851320539924,-5.479902744293213,-0.47990280389785767,attack,no
730,1,0,0.012431650853185818,-4.8599324226379395,-0.48493242263793945,attack,no
731,1,0,0.32082130082460697,-1.6166735887527466,-0.8666735887527466,attack,No
732,1,0,0.09534947004048376,-2.9163482189178467,-0.6663482785224915,attack,no
733,1,0,0.014063625390308462,-4.836390495300293,-0.5863903760910034,attack,No
734,1,0,0.017986209962091555,-4.705358505249023,-0.7053585052490234,attack,no
735,1,0,0.042087723109535534,-3.638720989227295,-0.5137208700180054,attack,no
736,1,1,0.679178699175393,-0.7974672317504883,-1.5474672317504883,attack,Yes
737,1,0,0.46879062662624377,-1.1790132522583008,-1.0540132522583008,attack,No
738,1,0,0.01098694263059318,-5.140515327453613,-0.6405153274536133,attack,no
739,1,0,0.005911068856243796,-5.76224422454834,-0.6372442245483398,attack,no
740,1,0,0.08509904964767095,-2.8726322650909424,-0.49763232469558716,attack,No
741,1,1,0.7310585727705126,-0.39991500973701477,-1.3999149799346924,attack,Yes
742,1,1,0.8354835289107309,-0.3072512745857239,-1.932251214981079,attack,Yes
743,1,0,0.0013250223383403197,-7.100865364074707,-0.47586530447006226,attack,No
744,1,0,0.02595736171885236,-4.219264984130859,-0.5942651629447937,attack,No
745,1,0,0.1480471980316895,-2.4813075065612793,-0.7313075065612793,attack,no
746,1,1,0.8807970873650403,-0.2997561991214752,-2.2997562885284424,attack,Yes
747,1,0,0.3775406547908327,-1.280698299407959,-0.7806982398033142,attack,No
748,1,0,0.05340332829327471,-3.3485753536224365,-0.47357532382011414,attack,No
749,1,0,0.04208772671409796,-3.473856210708618,-0.3488561809062958,attack,No
750,1,0,0.006692850329902297,-5.434833526611328,-0.43483343720436096,attack,No
751,1,1,0.7057850154599563,-0.6743946671485901,-1.5493946075439453,attack,Yes
752,1,0,0.0031726824654718946,-6.385590076446533,-0.6355899572372437,attack,no
753,1,0,0.10669058826486906,-2.7805423736572266,-0.6555423140525818,attack,No
754,1,0,0.03732688306051187,-3.8539209365844727,-0.6039208173751831,attack,No
755,1,0,0.1480471980316895,-2.492523670196533,-0.7425236701965332,attack,no
756,1,0,0.0953494648991095,-2.7547340393066406,-0.5047340393066406,attack,No
757,1,0,0.014063627869714051,-4.5432891845703125,-0.2932892441749573,attack,No
758,1,0,0.09534947004048376,-2.8940982818603516,-0.6440983414649963,attack,No
759,1,0,0.009708475908421797,-5.26550817489624,-0.6405081152915955,attack,no
760,1,1,0.7981867777396212,-0.5496952533721924,-1.9246952533721924,attack,Yes
761,1,0,0.008577484653403024,-5.185672283172607,-0.43567219376564026,attack,No
762,1,1,0.679178699175393,-0.7074570655822754,-1.4574570655822754,attack,Yes
763,1,1,0.7310585903489892,-0.5908183455467224,-1.5908184051513672,attack,Yes
764,1,0,0.1066905825840872,-2.640779972076416,-0.5157798528671265,attack,No
765,1,0,0.0159063898457867,-4.830485820770264,-0.7054857015609741,attack,no
766,1,0,0.13296425050508953,-2.3475828170776367,-0.4725829064846039,attack,No
767,1,0,0.08509904268669496,-2.7642605304718018,-0.38926050066947937,attack,No
768,1,0,0.1066905825840872,-2.7787423133850098,-0.6537421941757202,attack,No
769,1,0,0.22270013882530884,-2.017336130142212,-0.7673361301422119,attack,No
770,1,0,0.46879062662624377,-1.2263683080673218,-1.1013683080673218,attack,no
771,1,1,0.8670357598021706,-0.35486888885498047,-2.2298688888549805,attack,Yes
772,1,0,0.07585817584273653,-2.878744125366211,-0.37874406576156616,attack,No
773,1,0,0.025957352676742106,-4.168517112731934,-0.5435169339179993,attack,No
774,1,1,0.7772998714925403,-0.523328959941864,-1.7733290195465088,attack,Yes
775,1,0,0.008577487441202876,-5.449357986450195,-0.6993582248687744,attack,no
776,1,1,0.9796676442828175,-0.06669676303863525,-3.9416966438293457,attack,Yes
777,1,0,0.010986941335237732,-5.0867156982421875,-0.586715579032898,attack,no
778,1,0,0.03732688948593843,-3.9691073894500732,-0.719107449054718,attack,no
779,1,0,0.13296424706933604,-2.522156238555908,-0.647156298160553,attack,no
780,1,0,0.0017007226644316852,-6.725581645965576,-0.3505817949771881,attack,No
781,1,0,0.20181323186177208,-2.170102119445801,-0.7951021790504456,attack,No
782,1,0,0.0675466977093867,-2.863637685775757,-0.2386377900838852,attack,No
783,1,0,0.008577485413711986,-5.4492387771606445,-0.6992387771606445,attack,no
784,1,0,0.0019267347779485435,-6.640005111694336,-0.3900051712989807,attack,No
785,1,0,0.02297736857193652,-4.345888614654541,-0.5958885550498962,attack,no
786,1,0,0.46879062662624377,-1.1459871530532837,-1.0209871530532837,attack,No
787,1,0,0.16451647108926923,-2.3931615352630615,-0.7681615948677063,attack,no
788,1,0,0.006692851320539924,-5.529248237609863,-0.5292482972145081,attack,No
789,1,0,0.022977367233847502,-4.200414657592773,-0.4504145383834839,attack,no
790,1,0,0.0010322307909058268,-7.189410209655762,-0.3144099712371826,attack,No
791,1,0,0.10669059962643358,-2.5770835876464844,-0.45208364725112915,attack,no
792,1,0,0.029312237535086605,-4.097569465637207,-0.5975697040557861,attack,No
793,1,0,0.46879062662624377,-1.1459871530532837,-1.0209871530532837,attack,No
794,1,0,0.003172683408005215,-6.385977268218994,-0.6359774470329285,attack,No
795,1,0,0.5,-1.0072388648986816,-1.0072388648986816,attack,No
796,1,0,0.0059110693816106135,-5.480587482452393,-0.35558757185935974,attack,no
797,1,0,0.4073334000459302,-1.3155184984207153,-0.9405184984207153,attack,No
798,1,1,0.6513548646660542,-0.8304555416107178,-1.4554555416107178,attack,Yes
799,1,0,0.025957354183760273,-4.168275833129883,-0.5432757139205933,attack,No
800,1,0,0.14804721306746543,-2.547168731689453,-0.7971688508987427,attack,no
801,1,0,0.0031726835022585624,-6.139645576477051,-0.3896457850933075,attack,No
802,1,0,0.03308597266821503,-4.09092903137207,-0.715928852558136,attack,no
803,1,0,0.4073334000459302,-1.397005319595337,-1.022005319595337,attack,No
804,1,0,0.04208773031866069,-3.7863736152648926,-0.6613736748695374,attack,no
805,1,0,0.029312234143221275,-4.096658229827881,-0.5966583490371704,attack,No
806,1,0,0.13296425394084313,-2.420790195465088,-0.5457903146743774,attack,no
807,1,0,0.03732688306051187,-3.8038530349731445,-0.553852915763855,attack,no
808,1,0,0.4073334000459302,-1.3794947862625122,-1.0044947862625122,attack,no
809,1,0,0.11920292828022305,-2.7260053157806396,-0.7260053753852844,attack,No
810,1,0,0.46879062662624377,-1.2806086540222168,-1.1556086540222168,attack,no
811,1,0,0.003172683408005215,-6.276279449462891,-0.526279628276825,attack,No
812,1,0,0.0758581737534831,-2.953669548034668,-0.4536694586277008,attack,No
813,1,0,0.11920291576401235,-2.7292609214782715,-0.7292608618736267,attack,no
814,1,0,0.01406362497707424,-4.610699653625488,-0.36069950461387634,attack,No
815,1,0,0.32082130082460697,-1.6175280809402466,-0.8675280809402466,attack,No
816,1,0,0.0007096702722916998,-7.533049583435059,-0.28304940462112427,attack,No
817,1,0,0.02931222905542399,-3.8727455139160156,-0.37274545431137085,attack,No
818,1,0,0.01798621417320936,-4.59080696105957,-0.5908071994781494,attack,No
819,1,0,0.029312237535086605,-4.046672821044922,-0.546673059463501,attack,No
820,1,1,0.974042644685976,-0.21605269610881805,-3.841052770614624,attack,Yes
821,1,0,0.06754668738548215,-3.251061201095581,-0.6260611414909363,attack,No
822,1,0,0.01243165231673086,-4.909752368927002,-0.5347524881362915,attack,no
823,1,0,0.03308598029553404,-3.8516666889190674,-0.47666674852371216,attack,no
824,1,0,0.07585818002124356,-3.0785531997680664,-0.5785531997680664,attack,No
825,1,0,0.007577242164294059,-5.269488334655762,-0.39448845386505127,attack,No
826,1,0,0.005911070082099775,-5.516586780548096,-0.3915869891643524,attack,No
827,1,0,0.16451647108926923,-2.2837634086608887,-0.6587634682655334,attack,No
828,1,0,0.37754066879814546,-1.511386752128601,-1.011386752128601,attack,no
829,1,0,0.0675466911396291,-3.3641953468322754,-0.7391953468322754,attack,no
830,1,0,0.4378234991142019,-1.3124840259552002,-1.0624840259552002,attack,no
831,1,0,0.022977364557669702,-4.292092323303223,-0.5420920848846436,attack,No
832,1,0,0.042087725512577126,-3.511244297027588,-0.3862442374229431,attack,No
833,1,0,0.0953494648991095,-3.0050854682922363,-0.7550854682922363,attack,no
834,1,0,0.020332353936289693,-4.277745723724365,-0.4027457535266876,attack,No
835,1,0,0.015906388912772775,-4.490634441375732,-0.3656342625617981,attack,No
836,1,0,0.4073334000459302,-1.4179773330688477,-1.0429773330688477,attack,no
837,1,0,0.03732689162774753,-3.8515896797180176,-0.6015897989273071,attack,No
838,1,0,0.0035936027948457686,-6.203796863555908,-0.578796923160553,attack,no
839,1,0,0.02595735719779685,-3.960458517074585,-0.33545851707458496,attack,No
840,1,0,0.042087723109535534,-3.7309064865112305,-0.6059063673019409,attack,No
841,1,0,0.006692850924284856,-5.581498622894287,-0.5814986228942871,attack,no
842,1,0,0.04208772791561884,-3.733660936355591,-0.6086609363555908,attack,no
843,1,0,0.09534945461636171,-2.77736234664917,-0.5273622274398804,attack,no
844,1,0,0.01590639077880068,-4.768653392791748,-0.6436533331871033,attack,no
845,1,0,0.03308597648187432,-3.973694324493408,-0.5986942648887634,attack,No
846,1,0,0.009708478773683474,-5.107216835021973,-0.48221707344055176,attack,No
847,1,0,0.11920292202211755,-2.6643760204315186,-0.6643760204315186,attack,No
848,1,0,0.06754668738548215,-3.305210590362549,-0.680210530757904,attack,No
849,1,0,0.015906392644828796,-4.712810039520264,-0.5878100991249084,attack,No
850,1,0,0.01098694263059318,-5.201097011566162,-0.7010970115661621,attack,no
851,1,0,0.020332349187242645,-4.241232872009277,-0.36623266339302063,attack,No
852,1,1,0.9924227587321393,-0.08923530578613281,-4.964235305786133,attack,Yes
853,1,0,0.09534945461636171,-2.9559264183044434,-0.7059262990951538,attack,No
854,1,0,0.20181320305759334,-2.1626696586608887,-0.7876695394515991,attack,No
855,1,1,0.9046505248181417,-0.3148738145828247,-2.564873695373535,attack,Yes
856,1,0,0.005911068155754778,-5.6045308113098145,-0.4795306921005249,attack,no
857,1,0,0.29421497216298875,-1.792669653892517,-0.9176696538925171,attack,no
858,1,0,0.004609571905888793,-6.071810722351074,-0.6968106627464294,attack,no
859,1,0,0.16451645470385742,-2.231323719024658,-0.6063236594200134,attack,No
860,1,0,0.01590639217832175,-4.5272345542907715,-0.40223458409309387,attack,No
861,1,0,0.11920292202211755,-2.715179204940796,-0.7151792049407959,attack,No
862,1,1,0.8354835371034369,-0.5219953060150146,-2.1469953060150146,attack,Yes
863,1,0,0.022977367233847502,-4.197890758514404,-0.44789063930511475,attack,No
864,1,0,0.005220125074519377,-5.886780261993408,-0.6367801427841187,attack,No
865,1,1,0.9149009468718409,-0.24297700822353363,-2.6179769039154053,attack,Yes
866,1,1,0.7057850278370112,-0.597380518913269,-1.472380518913269,attack,Yes
867,1,0,0.03308597457504463,-3.922234058380127,-0.5472339391708374,attack,No
868,1,0,0.18242551491653522,-2.088060140609741,-0.5880600810050964,attack,No
869,1,0,0.009708478200631072,-5.3262834548950195,-0.7012836337089539,attack,no
870,1,0,0.022977365895758564,-4.291848659515381,-0.5418484807014465,attack,No
871,1,1,0.798186768138228,-0.5762174725532532,-1.9512174129486084,attack,Yes
872,1,0,0.0035936024747072553,-6.01678466796875,-0.3917846381664276,attack,No
873,1,0,0.005911069906977476,-5.8220720291137695,-0.6970722079277039,attack,no
874,1,0,0.010986940687560063,-5.201030731201172,-0.7010305523872375,attack,no
875,1,1,0.6224593312018546,-0.9812861680984497,-1.4812861680984497,attack,Yes
876,1,0,0.4378234991142019,-1.212489366531372,-0.9624893665313721,attack,No
877,1,0,0.000804086031406679,-7.758856296539307,-0.6338564157485962,attack,No
878,1,0,0.06008665354025422,-3.3190081119537354,-0.5690081715583801,attack,No
879,1,0,0.1645164628965632,-2.2560954093933105,-0.6310954093933105,attack,no
880,1,0,0.07585818002124356,-3.1344258785247803,-0.6344258785247803,attack,No
881,1,0,0.03308598029553404,-3.9745821952819824,-0.5995822548866272,attack,No
882,1,0,0.18242552380635632,-2.0492069721221924,-0.5492069721221924,attack,no
883,1,0,0.16451647108926923,-2.200549364089966,-0.5755494236946106,attack,No
884,1,0,0.01098694392594878,-4.937912940979004,-0.43791306018829346,attack,No
885,1,0,0.4378234991142019,-1.2952133417129517,-1.0452133417129517,attack,no
886,1,0,0.037326887344129464,-3.7084133625030518,-0.45841336250305176,attack,No
887,1,0,0.029312230751356316,-3.8387320041656494,-0.3387320041656494,attack,No
888,1,1,0.8354835452961425,-0.5837551951408386,-2.2087552547454834,attack,Yes
889,1,0,0.34864513533394575,-1.6265180110931396,-1.0015180110931396,attack,no
890,1,0,0.20181323186177208,-2.218441963195801,-0.8434420228004456,attack,no
891,1,0,0.29421497216298875,-1.8299471139907837,-0.9549471139907837,attack,no
892,1,0,0.029312234143221275,-4.15355110168457,-0.6535512208938599,attack,no
893,1,0,0.22270014914315833,-2.0066404342651367,-0.7566404938697815,attack,No
894,1,0,0.11920292828022305,-2.777231454849243,-0.7772315144538879,attack,no
895,1,0,0.03308597648187432,-3.92305588722229,-0.5480558276176453,attack,No
896,1,0,0.03308597457504463,-4.028128147125244,-0.6531280279159546,attack,No
897,1,0,0.01243165231673086,-4.908263206481934,-0.5332633256912231,attack,No
898,1,0,0.07585818837825822,-3.098175525665283,-0.5981756448745728,attack,no
899,1,0,0.03308597457504463,-3.8309497833251953,-0.45594966411590576,attack,No
900,1,1,0.7310585786300049,-0.5453896522521973,-1.5453896522521973,attack,Yes
901,1,0,0.4073334000459302,-1.4168047904968262,-1.0418047904968262,attack,no
902,1,0,0.025957358704815272,-3.960136890411377,-0.33513695001602173,attack,No
903,1,1,0.8519528170040853,-0.4409140348434448,-2.1909141540527344,attack,Yes
904,1,0,0.020332352155396922,-4.467073917388916,-0.5920738577842712,attack,No
905,1,0,0.00017952795329860845,-8.8772554397583,-0.2522553503513336,attack,no
906,1,1,0.9770226292536686,-0.07544354349374771,-3.8254435062408447,attack,Yes
907,1,0,0.0031726822769652645,-6.328858852386475,-0.5788586735725403,attack,No
908,1,1,0.6513548646660542,-0.9156267642974854,-1.5406267642974854,attack,Yes
909,1,1,0.754914997895581,-0.54647296667099,-1.6714730262756348,attack,Yes
910,1,0,0.3486451488696663,-1.3092312812805176,-0.6842313408851624,attack,No
911,1,0,0.5,-1.1564185619354248,-1.1564185619354248,attack,no
912,1,0,0.009708475335369565,-5.1564106941223145,-0.5314105749130249,attack,No
913,1,0,0.09534945975773548,-2.952439546585083,-0.7024394869804382,attack,No
914,1,0,0.06008664344151498,-3.371777057647705,-0.6217769384384155,attack,No
915,1,0,0.02595735569077852,-4.220585346221924,-0.595585286617279,attack,No
916,1,0,0.009708477627578704,-5.266720771789551,-0.6417208909988403,attack,No
917,1,0,0.053403329799824234,-3.603166341781616,-0.7281663417816162,attack,no
918,1,1,0.679178699175393,-0.8410043716430664,-1.5910043716430664,attack,Yes
919,1,0,0.0850990357257195,-2.9654879570007324,-0.5904878377914429,attack,No
920,1,1,0.5312093733737563,-0.9759155511856079,-1.100915551185608,attack,Yes
921,1,0,0.033085978388704126,-3.8772716522216797,-0.5022716522216797,attack,no
922,1,1,0.6513548646660542,-0.7261502742767334,-1.3511502742767334,attack,Yes
923,1,0,0.1329642264548166,-2.612302303314209,-0.7373021841049194,attack,no
924,1,0,0.11920291263495983,-2.4223928451538086,-0.42239275574684143,attack,No
925,1,0,0.029312234143221275,-4.154036998748779,-0.6540371179580688,attack,no
926,1,0,0.24508501313237172,-1.6764652729034424,-0.5514652729034424,attack,No
927,1,0,0.033085978388704126,-3.981842041015625,-0.606842041015625,attack,No
928,1,1,0.6513548646660542,-0.8085818290710449,-1.433581829071045,attack,Yes
929,1,0,0.20181322226037882,-1.7415937185287476,-0.36659371852874756,attack,No
930,1,0,0.004070137715896127,-5.977535247802734,-0.4775352478027344,attack,No
931,1,0,0.007577239474994629,-5.355475425720215,-0.48047518730163574,attack,No
932,1,0,0.13296424019782924,-2.457418203353882,-0.5824182033538818,attack,No
933,1,0,0.1329642264548166,-2.6120471954345703,-0.7370470762252808,attack,no
934,1,1,0.6513548782017746,-0.8114802241325378,-1.4364802837371826,attack,Yes
935,1,0,0.008577486427457372,-5.389093399047852,-0.6390935182571411,attack,no
936,1,1,0.8670357598021706,-0.36208009719848633,-2.2370800971984863,attack,Yes
937,1,0,0.02033235096813516,-4.4137959480285645,-0.5387958288192749,attack,No
938,1,0,0.012431650487299585,-4.7733659744262695,-0.39836594462394714,attack,No
939,1,0,0.00669285052802981,-5.698721408843994,-0.6987213492393494,attack,no
940,1,0,0.0024726231566347748,-6.315804481506348,-0.31580448150634766,attack,No
941,1,0,0.29421497216298875,-1.7568178176879883,-0.8818178176879883,attack,No
942,1,0,0.46879062662624377,-1.0079575777053833,-0.8829575777053833,attack,No
943,1,0,0.004070136749449438,-6.196381568908691,-0.6963813304901123,attack,no
944,1,0,0.0474258704848281,-3.6103885173797607,-0.610388457775116,attack,No
945,1,1,0.9465966694469009,-0.15685392916202545,-3.0318539142608643,attack,Yes
946,1,0,0.20181321265898594,-2.0254337787628174,-0.6504337191581726,attack,No
947,1,0,0.09534945718704857,-2.6486117839813232,-0.3986116945743561,attack,No
948,1,0,0.32082130082460697,-1.71962571144104,-0.96962571144104,attack,no
949,1,1,0.7310585786300049,-0.6161110401153564,-1.6161110401153564,attack,Yes
950,1,1,0.7981867777396212,-0.631662130355835,-2.006662130355835,attack,Yes
951,1,0,0.1480471980316895,-2.2013700008392334,-0.4513700008392334,attack,No
952,1,1,0.9324533060447605,-0.24212174117565155,-2.867121696472168,attack,Yes
953,1,0,0.37754066879814546,-1.5548179149627686,-1.0548179149627686,attack,no
954,1,0,0.5,-1.0628334283828735,-1.0628334283828735,attack,No
955,1,0,0.01243165231673086,-4.909947395324707,-0.5349475145339966,attack,No
956,1,0,0.07585818419975078,-3.245438575744629,-0.7454386353492737,attack,no
957,1,0,0.017986209962091555,-4.645663261413574,-0.6456632614135742,attack,no
958,1,0,0.2689414330889798,-1.724672794342041,-0.7246728539466858,attack,No
959,1,0,0.13296424706933604,-2.615731954574585,-0.7407320141792297,attack,no
960,1,0,0.025957354183760273,-4.274827003479004,-0.6498268842697144,attack,No
961,1,1,0.6224593452091672,-0.8827664256095886,-1.3827664852142334,attack,Yes
962,1,0,0.02297737526238275,-4.290159225463867,-0.5401594638824463,attack,No
963,1,0,0.03732688948593843,-3.799720525741577,-0.5497205853462219,attack,No
964,1,0,0.007577240147319397,-5.312472343444824,-0.4374721944332123,attack,no
965,1,1,0.754914997895581,-0.6826338171958923,-1.807633876800537,attack,Yes
966,1,1,0.7772998611746911,-0.5743533372879028,-1.8243533372879028,attack,Yes
967,1,0,0.4378234991142019,-1.156761884689331,-0.906761884689331,attack,No
968,1,0,0.0017007227150309691,-7.009128093719482,-0.6341282725334167,attack,no
969,1,0,0.033085986016024416,-4.089735984802246,-0.7147362232208252,attack,no
970,1,0,0.13296424706933604,-2.459449529647827,-0.5844495892524719,attack,No
971,1,1,0.8519528132451416,-0.25899234414100647,-2.0089924335479736,attack,Yes
972,1,0,0.3486451217982255,-1.2715137004852295,-0.6465136408805847,attack,No
973,1,0,0.017986209962091555,-4.589060306549072,-0.5890603065490723,attack,No
974,1,0,0.003172682371218578,-6.006185054779053,-0.2561849057674408,attack,no
975,1,1,0.6224593312018546,-0.8642698526382446,-1.3642698526382446,attack,Yes
976,1,0,0.012431650121413363,-5.016998767852783,-0.6419987082481384,attack,no
977,1,0,0.05340332678672523,-3.4007914066314697,-0.525791347026825,attack,no
978,1,0,0.020332349780873466,-4.36713171005249,-0.4921315312385559,attack,no
979,1,0,0.053403329799824234,-3.3915340900421143,-0.5165340900421143,attack,No
980,1,0,0.009708475908421797,-5.208525657653809,-0.5835255980491638,attack,No
981,1,0,0.006692852509305267,-5.581546783447266,-0.5815470218658447,attack,no
982,1,0,0.003172683408005215,-6.385275363922119,-0.6352755427360535,attack,No
983,1,0,0.22270013882530884,-2.008950710296631,-0.7589507102966309,attack,No
984,1,0,0.0675466911396291,-3.306225538253784,-0.6812255382537842,attack,No
985,1,0,0.02931222820745785,-3.9523723125457764,-0.4523722231388092,attack,No
986,1,0,0.1329642333263228,-2.419565200805664,-0.5445651412010193,attack,No
987,1,1,0.880797071719777,-0.4047871232032776,-2.404787063598633,attack,Yes
988,1,0,0.008577485920584663,-5.3322319984436035,-0.5822320580482483,attack,No
989,1,0,0.18242552380635632,-2.0606894493103027,-0.5606894493103027,attack,No
990,1,0,0.015906388912772775,-4.829083442687988,-0.704083263874054,attack,no
991,1,0,0.006692849735519792,-5.5816168785095215,-0.5816166996955872,attack,No
992,1,0,0.3486451488696663,-1.3264436721801758,-0.7014437317848206,attack,No
993,1,0,0.13296425394084313,-2.4579763412475586,-0.5829764604568481,attack,No
994,1,0,0.007577240595535943,-5.3124260902404785,-0.43742600083351135,attack,No
995,1,0,0.01243164938964095,-5.016934394836426,-0.6419342756271362,attack,no
996,1,0,0.01243165231673086,-4.907826900482178,-0.5328270196914673,attack,No
997,1,0,0.029312227359491745,-4.097854137420654,-0.5978540182113647,attack,no
998,1,0,0.0021827160558970152,-6.650135517120361,-0.525135338306427,attack,No
999,1,0,0.009708474762317362,-5.264570713043213,-0.6395705342292786,attack,No
1000,1,1,0.6224593312018546,-0.8507753610610962,-1.3507753610610962,attack,Yes
1001,1,1,0.6513548646660542,-0.668512225151062,-1.293512225151062,attack,Yes
1002,1,0,0.11920291576401235,-2.775355100631714,-0.7753550410270691,attack,no
1003,1,0,0.007577242836619065,-5.231042385101318,-0.3560425937175751,attack,No
1004,1,1,0.8354835330070839,-0.34275105595588684,-1.9677510261535645,attack,Yes
1005,1,0,0.2689414213699951,-1.8556101322174072,-0.8556101322174072,attack,no
1006,1,0,0.09534945975773548,-2.6178841590881348,-0.36788409948349,attack,No
1007,1,0,0.005220124764999895,-5.829733371734619,-0.5797331929206848,attack,No
1008,1,1,0.5621765008857981,-0.8654724359512329,-1.115472435951233,attack,Yes
1009,1,1,0.8933094003735664,-0.3139498829841614,-2.4389498233795166,attack,Yes
1010,1,0,0.05340332829327471,-3.266552448272705,-0.3915524184703827,attack,No
1011,1,0,0.017986209962091555,-4.705251216888428,-0.7052512168884277,attack,no
1012,1,1,0.679178699175393,-0.7283432483673096,-1.4783432483673096,attack,Yes
1013,1,0,0.18242551491653522,-2.2197349071502686,-0.7197348475456238,attack,No
1014,1,0,0.10669059678604234,-2.5650036334991455,-0.4400036633014679,attack,No
1015,1,1,0.7772998611746911,-0.4733971357345581,-1.723397135734558,attack,Yes
1016,1,0,0.16451645470385742,-2.2886343002319336,-0.6636342406272888,attack,No
1017,1,0,0.46879062662624377,-1.2715734243392944,-1.1465734243392944,attack,no
1018,1,0,0.0031726824654718946,-6.328379154205322,-0.5783790349960327,attack,no
1019,1,1,0.5621765008857981,-1.006199836730957,-1.256199836730957,attack,Yes
1020,1,0,0.02595735719779685,-4.167988300323486,-0.5429883003234863,attack,No
1021,1,1,0.8175744761936437,-0.4740661382675171,-1.974066138267517,attack,Yes
1022,1,0,0.4073333856566001,-1.3709635734558105,-0.9959635138511658,attack,no
1023,1,0,0.08509904964767095,-2.9157185554504395,-0.5407186150550842,attack,No
1024,1,0,0.1645164628965632,-2.194054365158081,-0.569054365158081,attack,No
1025,1,1,0.6224593312018546,-0.922822117805481,-1.422822117805481,attack,Yes
1026,1,1,0.8175744850834649,-0.36876195669174194,-1.8687620162963867,attack,Yes
1027,1,0,0.03732689162774753,-3.854681968688965,-0.6046820878982544,attack,No
1028,1,0,0.24508500210441886,-2.0216662883758545,-0.8966662287712097,attack,no
1029,1,0,0.047425867792089564,-3.51121187210083,-0.5112117528915405,attack,No
1030,1,0,0.042087725512577126,-3.546452045440674,-0.42145198583602905,attack,No
1031,1,0,0.006692851122412387,-5.354650974273682,-0.35465100407600403,attack,No
1032,1,0,0.014063628696182679,-4.784050464630127,-0.5340505838394165,attack,No
1033,1,0,0.053403329799824234,-3.391097068786621,-0.5160970687866211,attack,No
1034,1,0,0.0019267350215183352,-6.341111660003662,-0.09111184626817703,attack,No
1035,1,0,0.10669059962643358,-2.6401753425598145,-0.5151754021644592,attack,No
1036,1,0,0.09534946232842245,-2.716524839401245,-0.46652480959892273,attack,No
1037,1,1,0.9579122702820998,-0.16607765853405,-3.2910776138305664,attack,Yes
1038,1,0,0.4378234991142019,-1.322361946105957,-1.072361946105957,attack,no
1039,1,1,0.9046505428129514,-0.34640994668006897,-2.596410036087036,attack,Yes
1040,1,0,0.01798621101487092,-4.644458770751953,-0.6444588303565979,attack,No
1041,1,0,0.0040701384407312935,-6.196285724639893,-0.6962859034538269,attack,no
1042,1,0,0.06754669864792355,-3.201535701751709,-0.5765358209609985,attack,No
1043,1,1,0.9241418262465169,-0.3573860228061676,-2.8573861122131348,attack,Yes
1044,1,0,0.06754668363133542,-3.310544490814209,-0.6855443716049194,attack,no
1045,1,0,0.002472622715588583,-6.476225852966309,-0.47622567415237427,attack,No
1046,1,0,0.0011695101954287976,-7.138486385345459,-0.3884863257408142,attack,No
1047,1,0,0.00669285052802981,-5.393155574798584,-0.3931555151939392,attack,No
1048,1,1,0.7981867729389246,-0.3946855366230011,-1.7696855068206787,attack,Yes
1049,1,0,0.01243165304850344,-4.859790802001953,-0.48479098081588745,attack,No
1050,1,1,0.6513548646660542,-0.8524774312973022,-1.4774774312973022,attack,Yes
1051,1,0,0.008577484399966718,-5.2803826332092285,-0.530382513999939,attack,No
1052,1,0,0.007577240371427665,-5.572929382324219,-0.6979292631149292,attack,no
1053,1,0,0.006692852113050128,-5.393994331359863,-0.3939945101737976,attack,no
1054,1,1,0.7981867777396212,-0.4499223232269287,-1.8249223232269287,attack,Yes
1055,1,0,0.0015011820333792252,-6.783254146575928,-0.2832539975643158,attack,No
1056,1,0,0.006692849933647288,-5.43503475189209,-0.4350346028804779,attack,no
1057,1,0,0.32082130082460697,-1.577536940574646,-0.827536940574646,attack,No
1058,1,0,0.012431651584958318,-5.016840934753418,-0.6418409943580627,attack,no
1059,1,0,0.01406363034912007,-4.836191177368164,-0.5861914157867432,attack,No
1060,1,0,0.11920293453832885,-2.6726560592651367,-0.6726561784744263,attack,no
1061,1,0,0.06754668738548215,-3.198334217071533,-0.5733341574668884,attack,No
1062,1,0,0.025957352676742106,-4.220008850097656,-0.5950086712837219,attack,No
1063,1,0,0.20181321265898594,-2.2179434299468994,-0.8429433703422546,attack,no
1064,1,1,0.8933094145755219,-0.3498939573764801,-2.4748940467834473,attack,Yes
1065,1,0,0.05340332377362639,-3.5482306480407715,-0.6732305288314819,attack,No
1066,1,0,0.08509904500702024,-2.8348162174224854,-0.45981621742248535,attack,No
1067,1,0,0.007577242612510723,-5.165530204772949,-0.29053038358688354,attack,no
1068,1,0,0.022977371248114782,-4.342791557312012,-0.5927916169166565,attack,No
1069,1,0,0.020332353342658753,-4.279049873352051,-0.4040498733520508,attack,No
1070,1,0,0.0675466911396291,-3.3628976345062256,-0.7378976345062256,attack,no
1071,1,0,0.00970847848715727,-5.061696529388428,-0.43669673800468445,attack,No
1072,1,0,0.009708474475791274,-5.020843982696533,-0.3958437740802765,attack,No
1073,1,0,0.0019267342621537913,-6.565896034240723,-0.31589582562446594,attack,No
1074,1,0,0.1645164628965632,-2.3821234703063965,-0.7571234703063965,attack,No
1075,1,0,0.007577242612510723,-5.45644474029541,-0.5814449191093445,attack,No
1076,1,0,0.24508502416032488,-1.9577550888061523,-0.8327551484107971,attack,No
1077,1,0,0.29421497216298875,-1.7792997360229492,-0.9042997360229492,attack,no
1078,1,0,0.006692852113050128,-5.581574440002441,-0.5815746188163757,attack,No
1079,1,0,0.0035936026347765083,-5.808158874511719,-0.18315888941287994,attack,No
1080,1,0,0.014063627869714051,-4.8925557136535645,-0.6425557732582092,attack,no
1081,1,0,0.01798621417320936,-4.537126541137695,-0.5371267795562744,attack,No
1082,1,0,0.012431653780276067,-4.960497856140137,-0.5854980945587158,attack,No
1083,1,0,0.13296424706933604,-2.6613106727600098,-0.7863107323646545,attack,no
1084,1,0,0.18242553269617778,-2.286618709564209,-0.7866187691688538,attack,no
1085,1,0,0.13296424706933604,-2.6609458923339844,-0.7859459519386292,attack,no
1086,1,0,0.20181320305759334,-2.135676860809326,-0.7606767416000366,attack,no
1087,1,0,0.00970847848715727,-5.019473552703857,-0.39447376132011414,attack,No
1088,1,1,0.7057850402140659,-0.654732882976532,-1.5297329425811768,attack,Yes
1089,1,0,0.033085978388704126,-3.8296091556549072,-0.4546091556549072,attack,No
1090,1,0,0.06754669489377622,-3.2011632919311523,-0.5761633515357971,attack,No
1091,1,0,0.015906388912772775,-4.769534587860107,-0.6445344090461731,attack,No
1092,1,0,0.24508501313237172,-2.014033794403076,-0.8890337944030762,attack,no
1093,1,0,0.022977365895758564,-4.291176795959473,-0.5411766171455383,attack,No
1094,1,0,0.008577487187766488,-5.07125997543335,-0.3212601840496063,attack,No
1095,1,0,0.0031726822769652645,-6.445962905883789,-0.6959627270698547,attack,no
1096,1,0,0.04208772791561884,-3.631448745727539,-0.5064487457275391,attack,No
1097,1,0,0.005220124610240159,-5.571558952331543,-0.32155874371528625,attack,No
1098,1,0,0.01590639077880068,-4.768860340118408,-0.6438602805137634,attack,No
1099,1,0,0.06754668738548215,-3.066601276397705,-0.4416012167930603,attack,No
1100,1,0,0.07585817166422973,-2.9503798484802246,-0.45037972927093506,attack,No
1101,1,0,0.11920291576401235,-2.780466318130493,-0.7804662585258484,attack,no
1102,1,0,0.46879062662624377,-1.1394660472869873,-1.0144660472869873,attack,No
1103,1,1,0.6513548646660542,-0.8493795394897461,-1.474379539489746,attack,Yes
1104,1,0,0.014063623737371644,-4.691806793212891,-0.4418065547943115,attack,no
1105,1,1,0.6513548646660542,-0.6234824657440186,-1.2484824657440186,attack,Yes
1106,1,1,0.5621765008857981,-0.9870333671569824,-1.2370333671569824,attack,Yes
1107,1,0,0.20181322226037882,-2.1696958541870117,-0.7946958541870117,attack,No
1108,1,0,0.11920291576401235,-2.721511125564575,-0.7215110659599304,attack,No
1109,1,0,0.00522012615783771,-5.729071617126465,-0.479071706533432,attack,No
1110,1,0,0.0953494648991095,-2.679471254348755,-0.4294712543487549,attack,No
1111,1,1,0.5926665999540697,-0.8078833818435669,-1.182883381843567,attack,Yes
1112,1,0,0.014063627869714051,-4.785903453826904,-0.5359035134315491,attack,No
1113,1,1,0.9046505376715775,-0.27101585268974304,-2.5210158824920654,attack,Yes
1114,1,0,0.0031726828424851893,-6.385400772094727,-0.6354007720947266,attack,no
1115,1,0,0.07585817166422973,-3.1890015602111816,-0.6890014410018921,attack,No
1116,1,0,0.29421497216298875,-1.666833758354187,-0.791833758354187,attack,No
1117,1,1,0.7310585786300049,-0.6585661172866821,-1.6585661172866821,attack,Yes
1118,1,0,0.0850990542883219,-3.015805721282959,-0.6408058404922485,attack,no
1119,1,0,0.46879064146934857,-1.0809600353240967,-0.9559600949287415,attack,No
1120,1,0,0.005911068330877026,-5.516993045806885,-0.3919929563999176,attack,No
1121,1,0,0.20181323186177208,-2.2269814014434814,-0.8519814610481262,attack,no
1122,1,0,0.16451647108926923,-2.4345147609710693,-0.8095148205757141,attack,no
1123,1,0,0.24508501313237172,-1.9729177951812744,-0.8479177951812744,attack,no
1124,1,0,0.10669059394565118,-2.7837822437286377,-0.6587822437286377,attack,no
1125,1,0,0.14804719051380197,-2.4924774169921875,-0.7424773573875427,attack,No
1126,1,1,0.7549149868676283,-0.5446901321411133,-1.6696901321411133,attack,Yes
1127,1,0,0.009708476481474066,-5.266030788421631,-0.6410307884216309,attack,No
1128,1,0,0.18242551491653522,-2.0514280796051025,-0.5514280200004578,attack,No
1129,1,0,0.02033235096813516,-4.52224588394165,-0.6472457647323608,attack,no
1130,1,0,0.13296424706933604,-2.5553016662597656,-0.6803017258644104,attack,no
1131,1,0,0.18242553269617778,-2.2209372520446777,-0.7209373116493225,attack,No
1132,1,0,0.029312227359491745,-3.9972052574157715,-0.49720513820648193,attack,No
1133,1,0,0.004609572999830552,-5.955074310302734,-0.5800744891166687,attack,No
1134,1,0,0.07585818002124356,-2.9509105682373047,-0.4509105682373047,attack,No
1135,1,0,0.03308598220236406,-4.032042503356934,-0.6570426225662231,attack,No
1136,1,0,0.01406362952265135,-4.836671352386475,-0.5866715312004089,attack,No
1137,1,0,0.02033235096813516,-4.466248512268066,-0.5912483930587769,attack,No
1138,1,0,0.09534945975773548,-2.9505021572113037,-0.7005020976066589,attack,No
1139,1,0,0.008577484653403024,-5.186422348022461,-0.4364222586154938,attack,no
1140,1,0,0.09534947004048376,-2.8435328006744385,-0.5935328602790833,attack,No
1141,1,1,0.5926665855647394,-0.9098108410835266,-1.2848107814788818,attack,Yes
1142,1,0,0.08509904036636974,-3.011059284210205,-0.6360592246055603,attack,No
1143,1,0,0.02595736021183377,-4.276902675628662,-0.6519027948379517,attack,no
1144,1,1,0.9241418158002492,-0.3167760968208313,-2.8167760372161865,attack,Yes
1145,1,0,0.1824255415859996,-2.276794910430908,-0.7767950296401978,attack,no
1146,1,1,0.8519528132451416,-0.33375874161720276,-2.08375883102417,attack,Yes
1147,1,0,0.014063627869714051,-4.7357964515686035,-0.4857965111732483,attack,No
1148,1,0,0.060086646807761206,-3.4843952655792236,-0.7343952059745789,attack,no
1149,1,0,0.005911067805510302,-5.762502193450928,-0.6375020146369934,attack,no
1150,1,1,0.9046505248181417,-0.29699575901031494,-2.5469956398010254,attack,Yes
1151,1,0,0.009708477054526368,-5.208921909332275,-0.5839219689369202,attack,no
1152,1,1,0.5926665999540697,-0.9245272874832153,-1.2995272874832153,attack,Yes
1153,1,1,0.8670357666736773,-0.49092429876327515,-2.36592435836792,attack,Yes
1154,1,0,0.014063626216776943,-4.690051555633545,-0.44005149602890015,attack,No
1155,1,1,0.7549149868676283,-0.5447673797607422,-1.6697673797607422,attack,Yes
1156,1,1,0.5312093733737563,-1.0960307121276855,-1.2210307121276855,attack,Yes
1157,1,1,0.9626731129235966,-0.09308599680662155,-3.343086004257202,attack,Yes
1158,1,0,0.4073334000459302,-1.3276928663253784,-0.9526928663253784,attack,No
1159,1,1,0.5621765155565327,-0.9643771052360535,-1.2143771648406982,attack,Yes
1160,1,0,0.042087725512577126,-3.7328460216522217,-0.6078459620475769,attack,No
1161,1,0,0.5,-1.1270442008972168,-1.1270442008972168,attack,no
1162,1,1,0.5621765008857981,-1.0192573070526123,-1.2692573070526123,attack,Yes
1163,1,0,0.042087723109535534,-3.6350016593933105,-0.510001540184021,attack,no
1164,1,0,0.00591106763038807,-5.517221927642822,-0.39222171902656555,attack,No
1165,1,0,0.008577483893094128,-5.187057971954346,-0.4370577931404114,attack,No
1166,1,0,0.3486451217982255,-1.5732669830322266,-0.9482669234275818,attack,no
1167,1,0,0.4378234991142019,-1.3626140356063843,-1.1126140356063843,attack,no
1168,1,0,0.46879064146934857,-1.072788953781128,-0.9477890133857727,attack,No
1169,1,1,0.7057850154599563,-0.6563413739204407,-1.531341314315796,attack,Yes
1170,1,0,0.022977374593338037,-4.245315074920654,-0.495315283536911,attack,no
1171,1,0,0.20181320305759334,-2.1692161560058594,-0.7942160367965698,attack,No
1172,1,0,0.05340332377362639,-3.48964786529541,-0.6146477460861206,attack,No
1173,1,0,0.02931223583915389,-4.09855842590332,-0.5985586047172546,attack,no
1174,1,1,0.6224593452091672,-0.9226395487785339,-1.4226396083831787,attack,Yes
1175,1,0,0.11920292202211755,-2.5261101722717285,-0.5261101722717285,attack,No
1176,1,0,0.042087725512577126,-3.6790530681610107,-0.554053008556366,attack,No
1177,1,0,0.010986940687560063,-5.141861915588379,-0.6418617367744446,attack,no
1178,1,0,0.012431647926096252,-4.858409881591797,-0.4834096431732178,attack,No
1179,1,0,0.012431650121413363,-4.910070419311523,-0.5350703597068787,attack,No
1180,1,1,0.9241418262465169,-0.18563023209571838,-2.6856303215026855,attack,Yes
1181,1,0,0.05340332678672523,-3.5464930534362793,-0.6714929938316345,attack,no
1182,1,0,0.06754669489377622,-3.1980364322662354,-0.5730364918708801,attack,No
1183,1,0,0.06754668363133542,-3.3057775497436523,-0.6807774305343628,attack,No
1184,1,1,0.7549149868676283,-0.5757400989532471,-1.700740098953247,attack,Yes
1185,1,0,0.00669285052802981,-5.5283684730529785,-0.5283684134483337,attack,No
1186,1,0,0.005220125693558397,-5.830038547515869,-0.5800385475158691,attack,No
1187,1,0,0.0159063898457867,-4.768811225891113,-0.6438111066818237,attack,No
1188,1,0,0.01590639171181471,-4.7136030197143555,-0.5886030197143555,attack,No
1189,1,1,0.5926665999540697,-1.0127027034759521,-1.3877027034759521,attack,Yes
1190,1,0,0.3486451217982255,-1.4789483547210693,-0.8539482951164246,attack,No
1191,1,0,0.22270013882530884,-1.960476040840149,-0.7104760408401489,attack,No
1192,1,0,0.08509904964767095,-2.985759973526001,-0.6107600331306458,attack,no
1193,1,0,0.0534033328129234,-3.3054237365722656,-0.4304237961769104,attack,No
1194,1,0,0.009708477054526368,-5.325369358062744,-0.7003694176673889,attack,no
1195,1,1,0.7310585786300049,-0.5990645885467529,-1.599064588546753,attack,Yes
1196,1,0,0.11920293453832885,-2.779625415802002,-0.7796255350112915,attack,no
1197,1,0,0.037326884131416216,-3.6310107707977295,-0.38101068139076233,attack,No
1198,1,0,0.5,-1.2156786918640137,-1.2156786918640137,attack,no
1199,1,0,0.042087731520181665,-3.59729266166687,-0.4722927510738373,attack,no
1200,1,1,0.7057850278370112,-0.6187056303024292,-1.4937056303024292,attack,Yes
1201,1,0,0.37754066879814546,-1.1194028854370117,-0.6194028854370117,attack,No
1202,1,0,0.004609572179374208,-5.6608123779296875,-0.2858123779296875,attack,No
1203,1,1,0.7981867825403176,-0.4758257567882538,-1.8508257865905762,attack,Yes
1204,1,0,0.5,-1.2050069570541382,-1.2050069570541382,attack,no
1205,1,0,0.10669058826486906,-2.7820842266082764,-0.6570841670036316,attack,No
1206,1,0,0.004070137715896127,-6.135626792907715,-0.6356267929077148,attack,no
1207,1,0,0.5,-1.1145479679107666,-1.1145479679107666,attack,No
1208,1,0,0.08509904964767095,-2.848790168762207,-0.4737902283668518,attack,no
1209,1,0,0.033085978388704126,-3.830855131149292,-0.455855131149292,attack,No
1210,1,0,0.07585818419975078,-3.1848294734954834,-0.6848295331001282,attack,No
1211,1,1,0.5312093733737563,-1.1101539134979248,-1.2351539134979248,attack,Yes
1212,1,0,0.07585817584273653,-2.8482656478881836,-0.3482655882835388,attack,No
1213,1,1,0.7549149868676283,-0.5745868682861328,-1.6995868682861328,attack,Yes
1214,1,0,0.04208773031866069,-3.784696340560913,-0.6596964001655579,attack,No
1215,1,0,0.01098694392594878,-5.20025110244751,-0.7002512216567993,attack,no
1216,1,0,0.4073334000459302,-1.4188183546066284,-1.0438183546066284,attack,no
1217,1,1,0.679178699175393,-0.6309820413589478,-1.3809820413589478,attack,Yes
1218,1,0,0.3208213138121609,-1.6597309112548828,-0.9097309708595276,attack,No
1219,1,0,0.0021827165751612514,-6.47610330581665,-0.35110336542129517,attack,No
1220,1,0,0.11920292828022305,-2.489218235015869,-0.4892182946205139,attack,No
1221,1,0,0.02595735569077852,-4.166314601898193,-0.5413145422935486,attack,No
1222,1,0,0.009708475335369565,-5.155014514923096,-0.5300143957138062,attack,No
1223,1,0,0.0953494648991095,-2.8954620361328125,-0.6454620361328125,attack,No
1224,1,0,0.007577241267860811,-5.355263710021973,-0.48026371002197266,attack,No
1225,1,0,0.0675466911396291,-3.03151273727417,-0.4065127372741699,attack,No
1226,1,0,0.008577486427457372,-5.449633598327637,-0.6996337175369263,attack,no
1227,1,1,0.5926665855647394,-0.8061898350715637,-1.181189775466919,attack,Yes
1228,1,0,0.008577485413711986,-5.450145244598389,-0.7001452445983887,attack,no
1229,1,1,0.9046505248181417,-0.3048053979873657,-2.554805278778076,attack,Yes
1230,1,0,0.4073334000459302,-1.397651195526123,-1.022651195526123,attack,No
1231,1,0,0.0953494648991095,-2.8003323078155518,-0.5503323078155518,attack,No
1232,1,0,0.0373268852023206,-3.7145273685455322,-0.46452730894088745,attack,no
1233,1,0,0.017986209435701905,-4.4028143882751465,-0.4028143584728241,attack,No
1234,1,1,0.6513548511303336,-0.7938571572303772,-1.4188570976257324,attack,Yes
1235,1,1,0.9626731115849659,-0.12707975506782532,-3.377079725265503,attack,Yes
1236,1,1,0.5926665855647394,-0.8516805768013,-1.2266805171966553,attack,Yes
1237,1,0,0.02595735569077852,-4.275761127471924,-0.650761067867279,attack,No
1238,1,0,0.08509904036636974,-3.0220866203308105,-0.6470865607261658,attack,No
1239,1,1,0.9046505453836383,-0.2662872076034546,-2.516287326812744,attack,Yes
1240,1,0,0.02033235452992065,-4.416052341461182,-0.5410524010658264,attack,no
1241,1,0,0.09534947261117097,-2.6474854946136475,-0.3974855840206146,attack,No
1242,1,0,0.03308598410919419,-4.030355453491211,-0.6553556323051453,attack,No
1243,1,0,0.13296424706933604,-2.614760160446167,-0.7397602200508118,attack,no
1244,1,0,0.025957357951306048,-3.9000911712646484,-0.2750912010669708,attack,No
1245,1,0,0.009708476481474066,-5.157317161560059,-0.5323171615600586,attack,No
1246,1,0,0.37754066879814546,-1.3192163705825806,-0.8192163705825806,attack,No
1247,1,1,0.5312093733737563,-0.9205715656280518,-1.0455715656280518,attack,Yes
1248,1,0,0.18242553269617778,-2.1693646907806396,-0.6693647503852844,attack,No
1249,1,1,0.7981867777396212,-0.46374475955963135,-1.8387447595596313,attack,Yes
1250,1,1,0.6791787121629466,-0.6427332758903503,-1.3927333354949951,attack,Yes
1251,1,0,0.008577485413711986,-5.281506061553955,-0.5315060615539551,attack,No
1252,1,1,0.6224593312018546,-0.770522952079773,-1.270522952079773,attack,Yes
1253,1,0,0.1645164792819756,-2.157647132873535,-0.5326472520828247,attack,No
1254,1,0,0.46879062662624377,-1.1891521215438843,-1.0641521215438843,attack,No
1255,1,0,0.0015011826141094868,-7.024762153625488,-0.5247623920440674,attack,No
1256,1,0,0.0474258704848281,-3.466752290725708,-0.46675223112106323,attack,No
1257,1,1,0.7057850402140659,-0.6432356238365173,-1.518235683441162,attack,Yes
1258,1,0,0.02931222905542399,-4.09772253036499,-0.5977224707603455,attack,No
1259,1,0,0.008577483893094128,-5.233789920806885,-0.48378974199295044,attack,no
1260,1,0,0.01590639544387138,-4.828679084777832,-0.7036793231964111,attack,no
1261,1,0,0.0028009273000822866,-6.401238918304443,-0.5262390375137329,attack,no
1262,1,0,0.029312234143221275,-4.213491916656494,-0.7134920358657837,attack,no
1263,1,1,0.6513548646660542,-0.8643921613693237,-1.4893921613693237,attack,Yes
1264,1,1,0.8519528132451416,-0.3451453745365143,-2.0951454639434814,attack,Yes
1265,1,1,0.9046505299595163,-0.24833828210830688,-2.498338222503662,attack,Yes
1266,1,0,0.0035936024747072553,-5.942989826202393,-0.3179897964000702,attack,No
1267,1,0,0.00033535027783171233,-8.043644905090332,-0.04364534467458725,attack,No
1268,1,0,0.10669058826486906,-2.892836570739746,-0.7678365111351013,attack,no
1269,1,1,0.7057850278370112,-0.8170579671859741,-1.6920579671859741,attack,Yes
1270,1,0,0.02595736171885236,-4.170271873474121,-0.5452720522880554,attack,no
1271,1,0,0.0031726830309918535,-6.446021556854248,-0.6960216164588928,attack,no
1272,1,1,0.6513548646660542,-0.7175149917602539,-1.342514991760254,attack,Yes
1273,1,0,0.1480472055495773,-2.3015966415405273,-0.5515967011451721,attack,No
1274,1,0,0.01243165304850344,-5.016903400421143,-0.6419035792350769,attack,No
1275,1,0,0.015906394510857135,-4.828560829162598,-0.703561007976532,attack,no
1276,1,0,0.22270014914315833,-2.052459239959717,-0.8024592995643616,attack,No
1277,1,0,0.010986941335237732,-5.032705783843994,-0.5327056646347046,attack,No
1278,1,1,0.6513548646660542,-0.8099664449691772,-1.4349664449691772,attack,Yes
1279,1,0,0.060086646807761206,-3.4235122203826904,-0.6735121607780457,attack,No
1280,1,0,0.02595735719779685,-4.120601654052734,-0.4956016540527344,attack,No
1281,1,0,0.007577239474994629,-5.513106346130371,-0.638106107711792,attack,no
1282,1,0,0.2689414330889798,-1.6469266414642334,-0.6469267010688782,attack,No
1283,1,0,0.005220126003077935,-5.947869300842285,-0.6978693604469299,attack,no
1284,1,0,0.32082130082460697,-1.665064811706543,-0.915064811706543,attack,No
1285,1,0,0.02595735719779685,-3.928990602493286,-0.30399060249328613,attack,No
1286,1,1,0.6791787121629466,-0.6295709013938904,-1.3795709609985352,attack,Yes
1287,1,1,0.5926665999540697,-1.0126614570617676,-1.3876614570617676,attack,Yes
1288,1,0,0.18242550602671442,-2.227762222290039,-0.7277621030807495,attack,No
1289,1,0,0.02033235156176603,-4.320197582244873,-0.4451974928379059,attack,No
1290,1,1,0.7057850278370112,-0.5309803485870361,-1.4059803485870361,attack,Yes
1291,1,1,0.7981867777396212,-0.4984447956085205,-1.8734447956085205,attack,Yes
1292,1,1,0.7772998611746911,-0.6252096891403198,-1.8752096891403198,attack,Yes
1293,1,0,0.010986943602109868,-4.936939716339111,-0.4369398057460785,attack,No
1294,1,0,0.03308598029553404,-3.7170298099517822,-0.342029869556427,attack,No
1295,1,1,0.8354835289107309,-0.5550392270088196,-2.180039167404175,attack,Yes
1296,1,1,0.9706877684006775,-0.13628461956977844,-3.636284589767456,attack,Yes
1297,1,0,0.04742587587030561,-3.667191982269287,-0.6671920418739319,attack,No
1298,1,0,0.08509904500702024,-2.733492374420166,-0.358492374420166,attack,No
1299,1,0,0.025957351169724027,-4.277139663696289,-0.65213942527771,attack,no
1300,1,0,0.0019267347492932755,-6.477512359619141,-0.2275124043226242,attack,No
1301,1,0,0.5,-1.06679105758667,-1.06679105758667,attack,No
1302,1,0,0.1480471980316895,-2.4940707683563232,-0.7440707683563232,attack,No
1303,1,0,0.0046095710854326425,-5.954614639282227,-0.5796144008636475,attack,No
1304,1,0,0.014063628696182679,-4.836357116699219,-0.5863572359085083,attack,No
1305,1,0,0.022977367233847502,-4.341838359832764,-0.5918382406234741,attack,No
1306,1,0,0.020332349780873466,-4.58123254776001,-0.7062323689460754,attack,no
1307,1,1,0.817574471748733,-0.44530120491981506,-1.9453011751174927,attack,Yes
1308,1,0,0.004609571905888793,-5.808155059814453,-0.43315500020980835,attack,no
1309,1,0,0.06008665354025422,-3.2694904804229736,-0.5194905400276184,attack,No
1310,1,0,0.025957351923233056,-4.075229644775391,-0.4502294361591339,attack,No
1311,1,0,0.2689414213699951,-1.8035738468170166,-0.8035738468170166,attack,No
1312,1,0,0.09534945975773548,-2.9468748569488525,-0.6968747973442078,attack,no
1313,1,0,0.4378234991142019,-1.2866628170013428,-1.0366628170013428,attack,no
1314,1,0,0.10669059394565118,-2.7312655448913574,-0.6062655448913574,attack,No
1315,1,0,0.03732689162774753,-3.969118595123291,-0.7191187143325806,attack,no
1316,1,1,0.8670357701094303,-0.406578928232193,-2.28157901763916,attack,Yes
1317,1,1,0.6224593312018546,-0.8539286851882935,-1.3539286851882935,attack,Yes
1318,1,0,0.08509904964767095,-2.914865255355835,-0.5398653149604797,attack,No
1319,1,0,0.4073334000459302,-1.3678935766220093,-0.9928935766220093,attack,no
1320,1,0,0.014063627043245474,-4.893814563751221,-0.6438145637512207,attack,No
1321,1,0,0.007577241267860811,-5.574543476104736,-0.6995434761047363,attack,no
1322,1,0,0.09534945461636171,-2.895397186279297,-0.6453970670700073,attack,No
1323,1,0,0.06754669489377622,-3.305391550064087,-0.6803916096687317,attack,No
1324,1,0,0.09534947518185825,-2.899423122406006,-0.6494232416152954,attack,No
1325,1,0,0.0953494648991095,-2.8434505462646484,-0.5934505462646484,attack,No
1326,1,0,0.01798621417320936,-4.647305488586426,-0.6473057270050049,attack,no
1327,1,1,0.5926665999540697,-0.8397731781005859,-1.214773178100586,attack,Yes
1328,1,0,0.01098694392594878,-5.083085536956787,-0.5830856561660767,attack,no
1329,1,0,0.04742586846527418,-3.174555540084839,-0.1745554357767105,attack,No
1330,1,0,0.16451647108926923,-2.2927815914154053,-0.66778165102005,attack,No
1331,1,0,0.006692849339264817,-5.529550552368164,-0.529550313949585,attack,No
1332,1,0,0.037326887344129464,-3.7185862064361572,-0.4685862064361572,attack,no
1333,1,0,0.006692850131774789,-5.580994129180908,-0.5809940099716187,attack,No
1334,1,1,0.8519527906914787,-0.38511547446250916,-2.135115385055542,attack,Yes
1335,1,0,0.014063629935885703,-4.691012859344482,-0.44101306796073914,attack,No
1336,1,1,0.8175744584140004,-0.536392331123352,-2.0363922119140625,attack,Yes
1337,1,0,0.006692852113050128,-5.5810747146606445,-0.5810748934745789,attack,No
1338,1,0,0.002472623303650189,-6.526116847991943,-0.5261169075965881,attack,No
1339,1,0,0.05340332678672523,-3.4387636184692383,-0.5637635588645935,attack,No
1340,1,0,0.008577487187766488,-5.1073503494262695,-0.35735055804252625,attack,No
1341,1,0,0.005911068155754778,-5.706543922424316,-0.5815438032150269,attack,No
1342,1,0,0.01098694392594878,-5.084800720214844,-0.5848008394241333,attack,No
1343,1,0,0.1645164628965632,-2.2362992763519287,-0.6112992763519287,attack,No
1344,1,0,0.01798621101487092,-4.64482307434082,-0.6448231339454651,attack,No
1345,1,0,0.06754669489377622,-3.2498281002044678,-0.6248281598091125,attack,No
1346,1,1,0.8933094003735664,-0.29361921548843384,-2.418619155883789,attack,Yes
1347,1,0,0.042087723109535534,-3.6317172050476074,-0.5067170858383179,attack,No
1348,1,0,0.060086656906500974,-3.2269468307495117,-0.47694694995880127,attack,No
1349,1,0,0.002472623303650189,-6.16315221786499,-0.163152277469635,attack,No
1350,1,1,0.5312093733737563,-0.9763818979263306,-1.1013818979263306,attack,Yes
1351,1,0,0.03732688306051187,-3.9093518257141113,-0.6593517065048218,attack,No
1352,1,0,0.09534945975773548,-2.9532957077026367,-0.7032956480979919,attack,no
1353,1,0,0.06754668363133542,-3.3630666732788086,-0.738066554069519,attack,no
1354,1,0,0.04742587856304458,-3.562624931335449,-0.5626250505447388,attack,no
1355,1,0,0.029312227359491745,-3.9525628089904785,-0.45256268978118896,attack,No
1356,1,1,0.6513548646660542,-0.7475199699401855,-1.3725199699401855,attack,Yes
1357,1,0,0.01798620890931226,-4.536746501922607,-0.5367464423179626,attack,No
1358,1,0,0.06008665017400762,-3.4862515926361084,-0.7362515926361084,attack,no
1359,1,0,0.11920292828022305,-2.720094680786133,-0.7200947403907776,attack,No
1360,1,1,0.5621765008857981,-0.9870333671569824,-1.2370333671569824,attack,Yes
1361,1,0,0.46879062662624377,-1.2805538177490234,-1.1555538177490234,attack,no
1362,1,1,0.7772998714925403,-0.6232666373252869,-1.8732666969299316,attack,Yes
1363,1,0,0.04742587587030561,-3.6126649379730225,-0.6126649975776672,attack,no
1364,1,0,0.24508501313237172,-1.9515739679336548,-0.8265739679336548,attack,No
1365,1,0,0.08509904036636974,-3.067657709121704,-0.6926576495170593,attack,No
1366,1,0,0.06008665354025422,-3.3231887817382812,-0.573188841342926,attack,no
1367,1,0,0.07585817584273653,-3.131302833557129,-0.6313027739524841,attack,No
1368,1,0,0.29421497216298875,-1.7229875326156616,-0.8479875326156616,attack,no
1369,1,1,0.8519528057272543,-0.4112677276134491,-2.1612677574157715,attack,Yes
1370,1,1,0.9399133498259924,-0.24247407913208008,-2.99247407913208,attack,Yes
1371,1,0,0.005220126776876857,-5.6412272453308105,-0.39122745394706726,attack,No
1372,1,1,0.7981867777396212,-0.5695302486419678,-1.9445302486419678,attack,Yes
1373,1,0,0.06754668363133542,-3.2490787506103516,-0.624078631401062,attack,No
1374,1,0,0.02033235452992065,-4.5212082862854,-0.6462083458900452,attack,No
1375,1,0,0.037326887344129464,-3.8006515502929688,-0.5506515502929688,attack,No
1376,1,0,0.008577487441202876,-5.186129570007324,-0.4361298084259033,attack,No
1377,1,0,0.5,-1.193720817565918,-1.193720817565918,attack,no
1378,1,0,0.46879061178313897,-1.0257139205932617,-0.9007138609886169,attack,No
1379,1,0,0.14804719051380197,-2.5509896278381348,-0.80098956823349,attack,no
1380,1,0,0.047425867792089564,-3.5587925910949707,-0.5587924718856812,attack,No
1381,1,0,0.008577486427457372,-5.231169700622559,-0.48116981983184814,attack,No
1382,1,0,0.09534945975773548,-2.907212257385254,-0.6572121977806091,attack,no
1383,1,1,0.5926666143433998,-0.8079378008842468,-1.1829378604888916,attack,Yes
1384,1,1,0.817574471748733,-0.44712308049201965,-1.9471230506896973,attack,Yes
1385,1,0,0.015906394977364253,-4.567221641540527,-0.44222185015678406,attack,No
1386,1,1,0.7549149868676283,-0.48069679737091064,-1.6056967973709106,attack,Yes
1387,1,0,0.3486451488696663,-1.4395461082458496,-0.8145461678504944,attack,No
1388,1,0,0.006692851716795015,-5.4802985191345215,-0.48029863834381104,attack,No
1389,1,0,0.11920292202211755,-2.421259880065918,-0.42125988006591797,attack,No
1390,1,0,0.025957352676742106,-4.22055721282959,-0.5955570340156555,attack,No
1391,1,0,0.009708475621895678,-4.947471618652344,-0.3224715292453766,attack,No
1392,1,1,0.7772998611746911,-0.5404938459396362,-1.7904938459396362,attack,Yes
1393,1,0,0.18242551491653522,-2.2733211517333984,-0.7733210921287537,attack,No
1394,1,0,0.037326887344129464,-3.7080469131469727,-0.45804691314697266,attack,No
1395,1,0,0.014063625390308462,-4.892936706542969,-0.6429365873336792,attack,no
1396,1,0,0.005220125384038879,-5.831509590148926,-0.581509530544281,attack,No
1397,1,0,0.053403329799824234,-3.54823637008667,-0.6732363700866699,attack,no
1398,1,1,0.6224593452091672,-0.8153960108757019,-1.3153960704803467,attack,Yes
1399,1,0,0.03308597552845946,-3.873314380645752,-0.4983142912387848,attack,No
1400,1,0,0.04208772791561884,-3.6321773529052734,-0.5071773529052734,attack,No
1401,1,0,0.24508502416032488,-2.010762929916382,-0.8857629895210266,attack,no
1402,1,1,0.8670357494949105,-0.28813037276268005,-2.163130283355713,attack,Yes
1403,1,1,0.7549149868676283,-0.4812217950820923,-1.6062217950820923,attack,Yes
1404,1,0,0.11920292202211755,-2.617098808288574,-0.6170988082885742,attack,No
1405,1,0,0.022977373924293353,-4.401033401489258,-0.6510335803031921,attack,no
1406,1,1,0.9241418220680101,-0.3671421706676483,-2.8671422004699707,attack,Yes
1407,1,0,0.025957354183760273,-4.167753219604492,-0.5427531003952026,attack,No
1408,1,0,0.037326887344129464,-3.910092353820801,-0.6600923538208008,attack,No
1409,1,0,0.004609571905888793,-5.727665901184082,-0.35266584157943726,attack,No
1410,1,0,0.02595735569077852,-4.076046943664551,-0.451046884059906,attack,No
1411,1,0,0.02931223244728875,-3.99709153175354,-0.4970915913581848,attack,No
1412,1,1,0.6224593312018546,-0.7802120447158813,-1.2802120447158813,attack,Yes
1413,1,0,0.033085981248949035,-3.829857587814331,-0.4548576772212982,attack,No
1414,1,0,0.20181322226037882,-2.082630157470703,-0.7076301574707031,attack,No
1415,1,0,0.01098694327827096,-5.1413774490356445,-0.6413775086402893,attack,no
1416,1,0,0.2942149845400438,-1.6282503604888916,-0.7532504200935364,attack,No
1417,1,0,0.29421497216298875,-1.7142856121063232,-0.8392856121063232,attack,No
1418,1,1,0.8933093946927838,-0.3692284822463989,-2.4942283630371094,attack,Yes
1419,1,0,0.2689414213699951,-1.7228286266326904,-0.7228286266326904,attack,No
1420,1,0,0.1329642264548166,-2.5001235008239746,-0.6251233816146851,attack,No
1421,1,0,0.11920291576401235,-2.5596392154693604,-0.5596391558647156,attack,no
1422,1,0,0.03732689162774753,-3.7997255325317383,-0.5497256517410278,attack,No
1423,1,0,0.02931223583915389,-4.098681449890137,-0.598681628704071,attack,No
1424,1,1,0.7981867777396212,-0.6318190097808838,-2.006819009780884,attack,Yes
1425,1,1,0.7772998611746911,-0.495358943939209,-1.745358943939209,attack,Yes
1426,1,0,0.009708475335369565,-5.326676368713379,-0.7016762495040894,attack,no
1427,1,0,0.020332349780873466,-4.364528656005859,-0.48952847719192505,attack,No
1428,1,1,0.5312093733737563,-1.0018309354782104,-1.1268309354782104,attack,Yes
1429,1,0,0.020332355717182622,-4.365142822265625,-0.49014294147491455,attack,No
1430,1,0,0.4378234991142019,-1.3126575946807861,-1.0626575946807861,attack,no
1431,1,0,0.0015011824354232285,-7.0773797035217285,-0.5773798227310181,attack,no
1432,1,1,0.6224593171945417,-0.7200480103492737,-1.220047950744629,attack,Yes
1433,1,0,0.033085986016024416,-4.089735984802246,-0.7147362232208252,attack,no
1434,1,0,0.01243164865786858,-5.076928615570068,-0.701928436756134,attack,no
1435,1,0,0.10669059962643358,-2.8452610969543457,-0.7202611565589905,attack,No
1436,1,0,0.017986209962091555,-4.646947383880615,-0.6469473838806152,attack,No
1437,1,0,0.008577486427457372,-5.281467437744141,-0.5314675569534302,attack,No
1438,1,0,0.03732688948593843,-3.8520915508270264,-0.6020916104316711,attack,No
1439,1,0,0.006692851320539924,-5.581908702850342,-0.5819087624549866,attack,No
1440,1,0,0.017986206803753842,-4.588658809661865,-0.5886586308479309,attack,No
1441,1,0,0.01243164829198241,-4.668332576751709,-0.29333236813545227,attack,No
1442,1,1,0.7057850154599563,-0.6428695321083069,-1.517869472503662,attack,Yes
1443,1,0,0.32082130082460697,-1.432447910308838,-0.6824479103088379,attack,No
1444,1,0,0.020332352749027827,-4.28040885925293,-0.4054088294506073,attack,no
1445,1,0,0.24508501313237172,-1.9060646295547485,-0.7810646295547485,attack,No
1446,1,0,0.0675466911396291,-3.305036783218384,-0.6800367832183838,attack,No
1447,1,0,0.11920291576401235,-2.678389072418213,-0.6783890128135681,attack,no
1448,1,0,0.020332353342658753,-4.5233564376831055,-0.6483564376831055,attack,No
1449,1,1,0.7772998611746911,-0.6481224298477173,-1.8981224298477173,attack,Yes
1450,1,0,0.0850990542883219,-3.0117239952087402,-0.6367241144180298,attack,No
1451,1,0,0.037326887344129464,-3.6288702487945557,-0.37887024879455566,attack,No
1452,1,0,0.4073334000459302,-1.4161354303359985,-1.0411354303359985,attack,no
1453,1,1,0.5926665999540697,-1.0105684995651245,-1.3855684995651245,attack,Yes
1454,1,0,0.06008665354025422,-3.370309829711914,-0.6203098893165588,attack,No
1455,1,0,0.37754066879814546,-1.4856665134429932,-0.9856665134429932,attack,No
1456,1,0,0.02033235096813516,-4.522412300109863,-0.6474121809005737,attack,no
1457,1,1,0.7772998611746911,-0.5221219062805176,-1.7721219062805176,attack,Yes
1458,1,0,0.014063626216776943,-4.785226821899414,-0.5352267622947693,attack,No
1459,1,1,0.6791787121629466,-0.79702228307724,-1.5470223426818848,attack,Yes
1460,1,0,0.04208773031866069,-3.7309622764587402,-0.605962336063385,attack,No
1461,1,0,0.01098694263059318,-5.0341291427612305,-0.5341291427612305,attack,no
1462,1,0,0.004609573273316032,-6.011902809143066,-0.6369030475616455,attack,No
1463,1,1,0.5926665855647394,-0.8739214539527893,-1.2489213943481445,attack,Yes
1464,1,0,0.5,-1.126359224319458,-1.126359224319458,attack,no
1465,1,0,0.0013250226932681422,-6.939504623413086,-0.31450483202934265,attack,No
1466,1,0,0.006692852509305267,-5.480725288391113,-0.4807255268096924,attack,No
1467,1,0,0.32082130082460697,-1.6338883638381958,-0.8838883638381958,attack,no
1468,1,0,0.02931223159932252,-3.8737711906433105,-0.37377122044563293,attack,No
1469,1,0,0.015906388912772775,-4.567378520965576,-0.44237834215164185,attack,No
1470,1,1,0.5312093882168609,-0.9420360922813416,-1.0670361518859863,attack,Yes
1471,1,1,0.679178699175393,-0.8179267644882202,-1.5679267644882202,attack,Yes
1472,1,1,0.5312093733737563,-0.9334546327590942,-1.0584546327590942,attack,Yes
1473,1,0,0.46879062662624377,-1.1712535619735718,-1.0462535619735718,attack,No
1474,1,0,0.06754668363133542,-3.197981834411621,-0.5729817152023315,attack,No
1475,1,0,0.014063627869714051,-4.649193286895752,-0.39919334650039673,attack,No
1476,1,1,0.6513548511303336,-0.7450893521308899,-1.3700892925262451,attack,Yes
1477,1,0,0.07585818002124356,-3.1867713928222656,-0.6867713928222656,attack,no
1478,1,1,0.7549149813536518,-0.4599354565143585,-1.5849354267120361,attack,Yes
1479,1,1,0.8519528019683106,-0.4804527759552002,-2.2304527759552,attack,Yes
1480,1,0,0.04208773272170267,-3.5524325370788574,-0.427432656288147,attack,no
1481,1,0,0.2942149597859341,-1.5474491119384766,-0.6724490523338318,attack,No
1482,1,0,0.02033235452992065,-4.583014488220215,-0.7080145478248596,attack,no
1483,1,1,0.8933093975331751,-0.37688955664634705,-2.50188946723938,attack,Yes
1484,1,0,0.4378234991142019,-1.3110239505767822,-1.0610239505767822,attack,no
1485,1,0,0.04208772791561884,-3.6317925453186035,-0.5067925453186035,attack,No
1486,1,0,0.4378235137849365,-1.249737024307251,-0.9997370839118958,attack,No
1487,1,0,0.007577241716077422,-5.457286357879639,-0.5822864174842834,attack,no
1488,1,0,0.017986209962091555,-4.644583702087402,-0.6445837020874023,attack,No
1489,1,0,0.24508501313237172,-2.011824131011963,-0.8868241310119629,attack,no
1490,1,0,0.010986945221304533,-5.140995025634766,-0.6409952640533447,attack,No
1491,1,0,0.008577484906839334,-5.388986110687256,-0.6389860510826111,attack,no
1492,1,1,0.7310585786300049,-0.7035459280014038,-1.7035459280014038,attack,Yes
1493,1,0,0.06754669864792355,-3.365200996398926,-0.7402011156082153,attack,no
1494,1,1,0.9149009538328171,-0.22617031633853912,-2.601170301437378,attack,Yes
1495,1,0,0.060086646807761206,-3.370481491088867,-0.6204814314842224,attack,No
1496,1,0,0.37754066879814546,-1.3499997854232788,-0.8499997854232788,attack,No
1497,1,1,0.8933093975331751,-0.27311357855796814,-2.398113489151001,attack,Yes
1498,1,0,0.13296424019782924,-2.54781174659729,-0.67281174659729,attack,No
1499,1,0,0.1480472055495773,-2.4915847778320312,-0.741584837436676,attack,no
1500,1,0,0.008577484906839334,-5.333247184753418,-0.5832471251487732,attack,No
1501,1,0,0.08509904500702024,-2.9168496131896973,-0.5418496131896973,attack,No
1502,1,0,0.13296424706933604,-2.5061652660369873,-0.6311653256416321,attack,No
1503,1,0,0.09534947518185825,-2.717161178588867,-0.46716129779815674,attack,No
1504,1,0,0.16451644651115205,-2.3393502235412598,-0.7143501043319702,attack,No
1505,1,0,0.008577486427457372,-5.334621906280518,-0.5846220254898071,attack,no
1506,1,0,0.01243164865786858,-4.9076008796691895,-0.5326007008552551,attack,No
1507,1,0,0.010986940687560063,-5.140499591827393,-0.6404994130134583,attack,no
1508,1,0,0.01798621101487092,-4.590090751647949,-0.590090811252594,attack,no
1509,1,0,0.022977365895758564,-4.34375,-0.5937498211860657,attack,no
1510,1,0,0.37754066879814546,-1.4559214115142822,-0.9559214115142822,attack,No
1511,1,0,0.010986944573626636,-5.141224384307861,-0.6412245631217957,attack,no
1512,1,0,0.34864513533394575,-1.4737014770507812,-0.8487014770507812,attack,No
1513,1,1,0.6224593312018546,-0.8925114870071411,-1.3925114870071411,attack,Yes
1514,1,0,0.053403329799824234,-3.4394898414611816,-0.5644898414611816,attack,No
1515,1,0,0.2689414330889798,-1.927844762802124,-0.9278448224067688,attack,no
1516,1,0,0.014063627043245474,-4.892820358276367,-0.6428203582763672,attack,no
1517,1,0,0.01590639357784294,-4.768794536590576,-0.6437946557998657,attack,No
1518,1,0,0.06754669489377622,-3.360097646713257,-0.7350977063179016,attack,no
1519,1,0,0.004609572726345088,-5.955265045166016,-0.5802651643753052,attack,no
1520,1,0,0.05340332377362639,-3.3986387252807617,-0.5236386060714722,attack,No
1521,1,1,0.5312093733737563,-0.9880939722061157,-1.1130939722061157,attack,Yes
1522,1,1,0.5926665999540697,-0.9848488569259644,-1.3598488569259644,attack,Yes
1523,1,1,0.679178699175393,-0.5971376895904541,-1.347137689590454,attack,Yes
1524,1,0,0.010986945221304533,-5.20082950592041,-0.7008297443389893,attack,no
1525,1,0,0.11920292202211755,-2.7151308059692383,-0.7151308059692383,attack,No
1526,1,0,0.004609571358918011,-5.9544997215271,-0.5794995427131653,attack,No
1527,1,0,0.005220125074519377,-5.730700969696045,-0.48070085048675537,attack,No
1528,1,1,0.7057850154599563,-0.7316287159919739,-1.606628656387329,attack,Yes
1529,1,0,0.18242551491653522,-2.1304614543914795,-0.6304613947868347,attack,No
1530,1,0,0.22270014914315833,-1.8367257118225098,-0.5867257714271545,attack,No
1531,1,0,0.5,-1.1829711198806763,-1.1829711198806763,attack,no
1532,1,0,0.008577485413711986,-5.280148506164551,-0.5301485061645508,attack,No
1533,1,1,0.7057850154599563,-0.6671250462532043,-1.5421249866485596,attack,Yes
1534,1,0,0.004609572042631499,-5.766055583953857,-0.39105555415153503,attack,No
1535,1,0,0.06008665354025422,-3.3188512325286865,-0.5688512921333313,attack,No
1536,1,1,0.6513548511303336,-0.8114803433418274,-1.4364802837371826,attack,Yes
1537,1,0,0.014063627869714051,-4.892747402191162,-0.6427474617958069,attack,No
1538,1,0,0.32082130082460697,-1.5708662271499634,-0.8208662271499634,attack,No
1539,1,0,0.4378234991142019,-1.3140605688095093,-1.0640605688095093,attack,no
1540,1,0,0.015906392644828796,-4.5284271240234375,-0.4034271836280823,attack,no
1541,1,0,0.009708476481474066,-5.2076849937438965,-0.5826849937438965,attack,No
1542,1,0,0.0675466911396291,-3.3054680824279785,-0.6804680824279785,attack,No
1543,1,1,0.8519527982093668,-0.40200164914131165,-2.1520016193389893,attack,Yes
1544,1,0,0.2689414213699951,-1.7603158950805664,-0.7603158950805664,attack,No
1545,1,0,0.04742587587030561,-3.5123414993286133,-0.5123415589332581,attack,No
1546,1,0,0.025957358704815272,-4.335770130157471,-0.7107701897621155,attack,no
1547,1,0,0.0953494648991095,-2.8465070724487305,-0.5965070724487305,attack,No
1548,1,0,0.46879061178313897,-1.0257139205932617,-0.9007138609886169,attack,No
1549,1,1,0.6513548646660542,-0.7822954654693604,-1.4072954654693604,attack,Yes
1550,1,0,0.29421497216298875,-1.7083051204681396,-0.8333051204681396,attack,No
1551,1,0,0.02595736171885236,-4.220074653625488,-0.5950748324394226,attack,No
1552,1,0,0.16451647108926923,-2.2273592948913574,-0.6023593544960022,attack,No
1553,1,1,0.9046505325302034,-0.313506156206131,-2.5635061264038086,attack,Yes
1554,1,0,0.012431650121413363,-5.077010631561279,-0.7020105719566345,attack,no
1555,1,0,0.020332353342658753,-4.466368198394775,-0.5913681983947754,attack,No
1556,1,0,0.05340333582602272,-3.491410255432129,-0.6164103746414185,attack,no
1557,1,0,0.46879062662624377,-1.1582070589065552,-1.0332070589065552,attack,No
1558,1,0,0.060086656906500974,-3.4849424362182617,-0.7349425554275513,attack,no
1559,1,0,0.006692852113050128,-5.581960201263428,-0.5819603800773621,attack,no
1560,1,1,0.9840936106207203,-0.06657776236534119,-4.191577911376953,attack,Yes
1561,1,0,0.01590639357784294,-4.660464286804199,-0.5354644060134888,attack,No
1562,1,0,0.017986210488481234,-4.4881181716918945,-0.4881182014942169,attack,No
1563,1,1,0.9046505325302034,-0.1935148537158966,-2.443514823913574,attack,Yes
1564,1,0,0.022977371248114782,-4.083888530731201,-0.33388859033584595,attack,No
1565,1,0,0.05340332829327471,-3.3459465503692627,-0.4709465205669403,attack,No
1566,1,0,0.03308598410919419,-4.0317840576171875,-0.6567842364311218,attack,no
1567,1,0,0.0159063898457867,-4.769680976867676,-0.6446808576583862,attack,no
1568,1,0,0.20181322226037882,-2.1678895950317383,-0.7928895950317383,attack,No
1569,1,0,0.020332349780873466,-4.413637161254883,-0.5386369824409485,attack,No
1570,1,0,0.02595736021183377,-4.276156425476074,-0.6511565446853638,attack,No
1571,1,0,0.24508500210441886,-1.9323499202728271,-0.8073498606681824,attack,no
1572,1,0,0.037326887344129464,-3.967602252960205,-0.7176022529602051,attack,no
1573,1,0,0.010986944573626636,-4.896310329437256,-0.3963105082511902,attack,No
1574,1,1,0.8670357460591569,-0.32533133029937744,-2.200331211090088,attack,Yes
1575,1,0,0.04208773272170267,-3.845061779022217,-0.7200618982315063,attack,no
1576,1,0,0.01098694263059318,-4.895958423614502,-0.39595842361450195,attack,No
1577,1,0,0.025957354183760273,-3.9972777366638184,-0.3722776174545288,attack,No
1578,1,0,0.014063628696182679,-4.837287902832031,-0.5872880220413208,attack,no
1579,1,0,0.017986209962091555,-4.590579509735107,-0.5905795097351074,attack,no
1580,1,0,0.020332353342658753,-4.467525005340576,-0.5925250053405762,attack,No
1581,1,1,0.8354835452961425,-0.3496086001396179,-1.9746086597442627,attack,Yes
1582,1,1,0.7310585786300049,-0.5865739583969116,-1.5865739583969116,attack,Yes
1583,1,0,0.0474258704848281,-3.609870672225952,-0.6098706126213074,attack,No
1584,1,0,0.05340333582602272,-3.603254795074463,-0.7282549142837524,attack,no
1585,1,0,0.16451647108926923,-2.382594585418701,-0.757594645023346,attack,No
1586,1,1,0.7057850278370112,-0.7296977043151855,-1.6046977043151855,attack,Yes
1587,1,1,0.8807970779778823,-0.3258049488067627,-2.3258049488067627,attack,Yes
1588,1,0,0.0028009275498032983,-6.191315174102783,-0.3163153827190399,attack,No
1589,1,0,0.06754669489377622,-3.107028007507324,-0.482028067111969,attack,No
1590,1,0,0.008577486427457372,-5.281229496002197,-0.5312296152114868,attack,No
1591,1,1,0.8807970748488297,-0.360860139131546,-2.3608601093292236,attack,Yes
1592,1,0,0.004609572999830552,-6.011374473571777,-0.6363746523857117,attack,no
1593,1,0,0.20181321265898594,-2.1655728816986084,-0.7905728220939636,attack,No
1594,1,0,0.0293122256635596,-4.212917804718018,-0.7129176259040833,attack,no
1595,1,0,0.18242550602671442,-2.274169445037842,-0.7741693258285522,attack,No
1596,1,1,0.7310585786300049,-0.5886712074279785,-1.5886712074279785,attack,Yes
1597,1,0,0.08509904500702024,-3.0681889057159424,-0.6931889057159424,attack,No
1598,1,0,0.014063626216776943,-4.784786701202393,-0.5347866415977478,attack,no
1599,1,0,0.04208773031866069,-3.682363748550415,-0.5573638081550598,attack,no
1600,1,0,0.025957358704815272,-4.120080471038818,-0.49508053064346313,attack,No
1601,1,0,0.0953494648991095,-2.801008462905884,-0.5510084629058838,attack,No
1602,1,0,0.020332353342658753,-4.278940677642822,-0.40394067764282227,attack,No
1603,1,0,0.017986213120429816,-4.58879280090332,-0.5887929797172546,attack,No
1604,1,0,0.46879062662624377,-1.0907987356185913,-0.9657987356185913,attack,No
1605,1,0,0.060086656906500974,-3.3751144409179688,-0.6251145601272583,attack,No
1606,1,0,0.020332358091706755,-4.3655805587768555,-0.49058079719543457,attack,No
1607,1,0,0.0024726233771578993,-6.316409111022949,-0.3164092004299164,attack,No
1608,1,1,0.9465966686936261,-0.2816672623157501,-3.1566672325134277,attack,Yes
1609,1,1,0.6224593312018546,-0.7794935703277588,-1.2794935703277588,attack,Yes
1610,1,0,0.01590639077880068,-4.661184310913086,-0.5361842513084412,attack,no
1611,1,0,0.5,-1.199273943901062,-1.199273943901062,attack,no
1612,1,1,0.7057850278370112,-0.7944777011871338,-1.6694777011871338,attack,Yes
1613,1,0,0.006692852113050128,-5.480807781219482,-0.48080796003341675,attack,No
1614,1,0,0.017986206803753842,-4.4890289306640625,-0.4890287518501282,attack,No
1615,1,0,0.06008665354025422,-3.4222474098205566,-0.6722474694252014,attack,No
1616,1,0,0.40733341443526055,-1.2254018783569336,-0.8504019379615784,attack,No
1617,1,0,0.01406362952265135,-4.837725639343262,-0.587725818157196,attack,no
1618,1,0,0.008577483386221569,-5.144304275512695,-0.3943040370941162,attack,No
1619,1,1,0.8807970842359877,-0.32472556829452515,-2.32472562789917,attack,Yes
1620,1,0,0.2942149845400438,-1.7534480094909668,-0.8784480690956116,attack,No
1621,1,0,0.008577485413711986,-5.33248233795166,-0.5824823379516602,attack,No
1622,1,0,0.3486451217982255,-1.4874639511108398,-0.8624638915061951,attack,No
1623,1,0,0.04208773031866069,-3.7874138355255127,-0.6624138951301575,attack,No
1624,1,0,0.37754066879814546,-1.4761359691619873,-0.9761359691619873,attack,No
1625,1,0,0.03732688948593843,-3.7538208961486816,-0.5038209557533264,attack,No
1626,1,0,0.09534947004048376,-2.850834369659424,-0.6008344292640686,attack,No
1627,1,0,0.020332349780873466,-4.58123254776001,-0.7062323689460754,attack,no
1628,1,1,0.7549149868676283,-0.5447753667831421,-1.669775366783142,attack,Yes
1629,1,0,0.46879062662624377,-1.1656159162521362,-1.0406159162521362,attack,No
1630,1,0,0.1329642333263228,-2.606060028076172,-0.7310599684715271,attack,no
1631,1,0,0.017986209962091555,-4.536550521850586,-0.5365505218505859,attack,No
1632,1,0,0.015906394510857135,-4.769305229187012,-0.644305408000946,attack,no
1633,1,0,0.012431651584958318,-4.907662868499756,-0.5326629281044006,attack,No
1634,1,0,0.04208772431105632,-3.5981884002685547,-0.4731883108615875,attack,no
1635,1,1,0.8933094060543487,-0.3254556655883789,-2.450455665588379,attack,Yes
1636,1,0,0.042087723109535534,-3.732116222381592,-0.6071161031723022,attack,No
1637,1,1,0.5621765008857981,-0.9760364294052124,-1.2260364294052124,attack,Yes
1638,1,1,0.7310585786300049,-0.5685009956359863,-1.5685009956359863,attack,Yes
1639,1,0,0.0028009266341596987,-6.265071392059326,-0.3900712728500366,attack,No
1640,1,0,0.01098694392594878,-5.140822410583496,-0.6408225297927856,attack,No
1641,1,0,0.1645164628965632,-2.378312110900879,-0.7533121109008789,attack,No
1642,1,0,0.08509904964767095,-3.1273462772369385,-0.7523463368415833,attack,no
1643,1,0,0.008577484906839334,-5.231972694396973,-0.4819726347923279,attack,no
1644,1,0,0.46879062662624377,-1.2248824834823608,-1.0998824834823608,attack,No
1645,1,0,0.1645164792819756,-2.382416248321533,-0.7574163675308228,attack,No
1646,1,0,0.008577484906839334,-5.451166152954102,-0.7011660933494568,attack,no
1647,1,0,0.1645164628965632,-2.3316831588745117,-0.7066831588745117,attack,No
1648,1,0,0.01406363034912007,-4.735557556152344,-0.48555779457092285,attack,No
1649,1,0,0.01590639077880068,-4.660669326782227,-0.5356692671775818,attack,No
1650,1,0,0.1645164792819756,-2.379228115081787,-0.7542282342910767,attack,no
1651,1,1,0.6224593452091672,-0.8039786219596863,-1.303978681564331,attack,Yes
1652,1,0,0.4378234991142019,-1.068803310394287,-0.8188033103942871,attack,No
1653,1,0,0.029312223967627556,-4.212480545043945,-0.7124803066253662,attack,no
1654,1,0,0.24508500210441886,-1.8638207912445068,-0.7388207316398621,attack,no
1655,1,0,0.4073334000459302,-1.2367647886276245,-0.8617647886276245,attack,No
1656,1,0,0.012431653780276067,-5.0763044357299805,-0.7013046741485596,attack,no
1657,1,0,0.00669285072615733,-5.355063438415527,-0.35506340861320496,attack,No
1658,1,0,0.00669285052802981,-5.697784423828125,-0.6977843642234802,attack,no
1659,1,0,0.29421497216298875,-1.6337248086929321,-0.7587248086929321,attack,No
1660,1,0,0.017986209962091555,-4.589318752288818,-0.5893187522888184,attack,no
1661,1,1,0.817574471748733,-0.42012014985084534,-1.920120120048523,attack,Yes
1662,1,1,0.893309411735131,-0.3313574194908142,-2.456357479095459,attack,Yes
1663,1,0,0.006692851716795015,-5.581616401672363,-0.5816165208816528,attack,No
1664,1,0,0.015906388912772775,-4.661741733551025,-0.5367415547370911,attack,No
1665,1,0,0.06754668363133542,-3.2530903816223145,-0.6280902624130249,attack,no
1666,1,1,0.7772998508568416,-0.5698145031929016,-1.8198144435882568,attack,Yes
1667,1,1,0.5621765008857981,-0.9870333671569824,-1.2370333671569824,attack,Yes
1668,1,0,0.008577486934330109,-5.280460357666016,-0.53046053647995,attack,No
1669,1,0,0.18242553269617778,-2.276381731033325,-0.77638179063797,attack,no
1670,1,0,0.014063628696182679,-4.954814910888672,-0.7048150300979614,attack,no
1671,1,0,0.012431650121413363,-4.960090637207031,-0.5850905776023865,attack,No
1672,1,0,0.06008665354025422,-3.280909776687622,-0.5309098362922668,attack,no
1673,1,0,0.007577242164294059,-5.230311393737793,-0.3553115129470825,attack,No
1674,1,0,0.24508501313237172,-1.8256412744522095,-0.7006412744522095,attack,No
1675,1,0,0.04208773272170267,-3.790524959564209,-0.6655250787734985,attack,No
1676,1,1,0.6224593312018546,-0.8861395120620728,-1.3861395120620728,attack,Yes
1677,1,0,0.10669059394565118,-2.6418282985687256,-0.5168282985687256,attack,No
1678,1,1,0.6224593312018546,-0.8365086317062378,-1.3365086317062378,attack,Yes
1679,1,0,0.014063628282948357,-4.689709186553955,-0.43970927596092224,attack,No
1680,1,0,0.029312230751356316,-4.047293186187744,-0.5472931861877441,attack,no
1681,1,0,0.022977365895758564,-4.346616744995117,-0.5966165661811829,attack,No
1682,1,0,0.20181322226037882,-1.9074954986572266,-0.5324954986572266,attack,No
1683,1,0,0.02297736991002561,-4.398965358734131,-0.6489653587341309,attack,No
1684,1,0,0.04208772371029592,-3.3650994300842285,-0.24009932577610016,attack,No
1685,1,0,0.13296425394084313,-2.418332099914551,-0.5433322191238403,attack,No
1686,1,1,0.6224593312018546,-0.7798812389373779,-1.279881238937378,attack,Yes
1687,1,0,0.32082130082460697,-1.6088308095932007,-0.8588308095932007,attack,no
1688,1,1,0.8807970779778823,-0.2581477165222168,-2.258147716522217,attack,Yes
1689,1,0,0.006692850924284856,-5.698357105255127,-0.698357105255127,attack,no
1690,1,0,0.007577239474994629,-5.404029846191406,-0.5290296077728271,attack,No
1691,1,0,0.07585818419975078,-3.085552930831909,-0.585552990436554,attack,No
1692,1,1,0.8175744850834649,-0.537082850933075,-2.0370829105377197,attack,Yes
1693,1,0,0.06008665017400762,-3.4238741397857666,-0.6738741397857666,attack,No
1694,1,0,0.0031726830309918535,-6.140414237976074,-0.390414297580719,attack,No
1695,1,0,0.00669285052802981,-5.529219150543213,-0.5292190909385681,attack,No
1696,1,0,0.05340333582602272,-3.545964241027832,-0.6709643602371216,attack,No
1697,1,1,0.9324533032291502,-0.20299944281578064,-2.8279993534088135,attack,Yes
1698,1,0,0.4073334000459302,-1.4475371837615967,-1.0725371837615967,attack,no
1699,1,0,0.04208772791561884,-3.6305131912231445,-0.5055131912231445,attack,No
1700,1,0,0.10669059394565118,-2.7781970500946045,-0.6531970500946045,attack,No
1701,1,0,0.32082130082460697,-1.4851958751678467,-0.7351958751678467,attack,No
1702,1,0,0.0373268852023206,-3.802058458328247,-0.5520583987236023,attack,No
1703,1,1,0.6513548782017746,-0.8675186038017273,-1.492518663406372,attack,Yes
1704,1,0,0.01243164865786858,-5.075973987579346,-0.7009738087654114,attack,no
1705,1,0,0.4073334000459302,-1.262473464012146,-0.887473464012146,attack,No
1706,1,1,0.5621765008857981,-0.950493335723877,-1.200493335723877,attack,Yes
1707,1,0,0.029312230751356316,-4.0951008796691895,-0.5951008796691895,attack,No
1708,1,0,0.015906392644828796,-4.713150501251221,-0.5881505608558655,attack,No
1709,1,0,0.01590639217832175,-4.528061866760254,-0.4030618965625763,attack,no
1710,1,0,0.007577239923211134,-5.574400901794434,-0.6994007229804993,attack,no
1711,1,0,0.22270012850745968,-1.8837361335754395,-0.6337360739707947,attack,No
1712,1,0,0.010986941011398892,-4.939416408538818,-0.4394162595272064,attack,no
1713,1,0,0.4378234991142019,-1.3319714069366455,-1.0819714069366455,attack,no
1714,1,0,0.0474258704848281,-3.6098101139068604,-0.6098100543022156,attack,no
1715,1,0,0.1824255415859996,-2.221691131591797,-0.7216912508010864,attack,No
1716,1,0,0.1329642264548166,-2.659587860107422,-0.7845877408981323,attack,no
1717,1,0,0.0293122256635596,-4.153547286987305,-0.6535471081733704,attack,No
1718,1,0,0.022977364557669702,-4.342609405517578,-0.592609167098999,attack,No
1719,1,1,0.6513548646660542,-0.8351740837097168,-1.4601740837097168,attack,Yes
1720,1,0,0.06008665017400762,-3.27128005027771,-0.52128005027771,attack,No
1721,1,0,0.32082130082460697,-1.400675892829895,-0.650675892829895,attack,No
1722,1,0,0.22270012850745968,-1.8743782043457031,-0.6243781447410583,attack,No
1723,1,0,0.029312230751356316,-4.097653388977051,-0.5976533889770508,attack,No
1724,1,0,0.009708478200631072,-5.266535758972168,-0.6415359377861023,attack,no
1725,1,1,0.880797081106935,-0.32538291811943054,-2.325382947921753,attack,Yes
1726,1,0,0.05340333582602272,-3.5438499450683594,-0.6688500642776489,attack,No
1727,1,1,0.5621765008857981,-0.9921172857284546,-1.2421172857284546,attack,Yes
1728,1,0,0.03308598029553404,-3.9774973392486572,-0.602497398853302,attack,no
1729,1,1,0.9241418137109955,-0.14352640509605408,-2.643526315689087,attack,Yes
1730,1,0,0.24508501313237172,-2.014033794403076,-0.8890337944030762,attack,no
1731,1,0,0.18242551491653522,-2.09171462059021,-0.5917145609855652,attack,No
1732,1,0,0.025957351169724027,-4.277248382568359,-0.6522481441497803,attack,No
1733,1,1,0.6224593312018546,-0.9519906044006348,-1.4519906044006348,attack,Yes
1734,1,0,0.025957352676742106,-4.167185306549072,-0.5421851277351379,attack,No
1735,1,0,0.06754668738548215,-3.3035976886749268,-0.678597629070282,attack,No
1736,1,0,0.05340332678672523,-3.4424166679382324,-0.5674166083335876,attack,no
1737,1,0,0.015906388912772775,-4.768631935119629,-0.6436317563056946,attack,No
1738,1,0,0.0028009273000822866,-6.453305244445801,-0.5783053636550903,attack,no
1739,1,0,0.020332356310813628,-4.278148174285889,-0.4031483232975006,attack,No
1740,1,0,0.01243164938964095,-5.016719818115234,-0.6417196989059448,attack,no
1741,1,0,0.02297737258620403,-4.343633651733398,-0.593633770942688,attack,No
1742,1,0,0.020332353342658753,-4.414599895477295,-0.5395998954772949,attack,No
1743,1,0,0.1480472055495773,-2.503563165664673,-0.7535632252693176,attack,no
1744,1,0,0.09534947518185825,-2.7981209754943848,-0.5481210947036743,attack,No
1745,1,0,0.40733341443526055,-1.2008686065673828,-0.8258686661720276,attack,No
1746,1,0,0.022977367233847502,-4.39896297454834,-0.6489628553390503,attack,no
1747,1,0,0.053403329799824234,-3.545562267303467,-0.6705622673034668,attack,No
1748,1,0,0.4378234991142019,-1.18574857711792,-0.9357485771179199,attack,No
1749,1,0,0.037326887344129464,-3.853271007537842,-0.6032710075378418,attack,No
1750,1,0,0.04742587587030561,-3.5112531185150146,-0.5112531781196594,attack,No
1751,1,0,0.22270014914315833,-1.956179141998291,-0.7061792016029358,attack,No
1752,1,0,0.18242552380635632,-2.1284375190734863,-0.6284375190734863,attack,No
1753,1,0,0.37754066879814546,-1.3792067766189575,-0.8792067766189575,attack,No
1754,1,0,0.005220124764999895,-5.830293655395508,-0.5802934765815735,attack,no
1755,1,0,0.16451645470385742,-2.274294137954712,-0.6492940783500671,attack,no
1756,1,1,0.6224593312018546,-0.8501729965209961,-1.350172996520996,attack,Yes
1757,1,0,0.2942149845400438,-1.5714447498321533,-0.6964448094367981,attack,No
1758,1,0,0.042087725512577126,-3.7854321002960205,-0.6604320406913757,attack,No
1759,1,1,0.5621765008857981,-0.9251013994216919,-1.175101399421692,attack,Yes
1760,1,0,0.07585818002124356,-2.9891388416290283,-0.4891388416290283,attack,No
1761,1,0,0.20181321265898594,-1.9103481769561768,-0.535348117351532,attack,No
1762,1,0,0.22270014914315833,-1.955353021621704,-0.7053530812263489,attack,No
1763,1,1,0.7057850278370112,-0.6432552337646484,-1.5182552337646484,attack,Yes
1764,1,0,0.014063625803542697,-4.544803619384766,-0.29480352997779846,attack,No
1765,1,0,0.053403329799824234,-3.491027593612671,-0.6160275936126709,attack,No
1766,1,0,0.042087725512577126,-3.731886148452759,-0.606886088848114,attack,No
1767,1,0,0.02931223244728875,-4.097382545471191,-0.5973826050758362,attack,no
1768,1,0,0.0534033328129234,-3.4929990768432617,-0.6179991364479065,attack,no
1769,1,0,0.0159063898457867,-4.713030815124512,-0.5880306959152222,attack,No
1770,1,0,0.09534945975773548,-2.952439546585083,-0.7024394869804382,attack,No
1771,1,0,0.11920292202211755,-2.7763442993164062,-0.7763442993164062,attack,no
1772,1,0,0.006692852509305267,-5.5290679931640625,-0.5290682315826416,attack,no
1773,1,1,0.8354835330070839,-0.4357950985431671,-2.0607950687408447,attack,Yes
1774,1,0,0.02297736857193652,-4.291735649108887,-0.5417355895042419,attack,No
1775,1,1,0.7310585786300049,-0.7458053827285767,-1.7458053827285767,attack,Yes
1776,1,0,0.06754669864792355,-3.2548861503601074,-0.629886269569397,attack,no
1777,1,0,0.007577240147319397,-5.31094217300415,-0.43594202399253845,attack,No
1778,1,0,0.1480471980316895,-2.306885242462158,-0.5568852424621582,attack,No
1779,1,1,0.8175744761936437,-0.43314623832702637,-1.9331462383270264,attack,Yes
1780,1,0,0.2689414213699951,-1.6459496021270752,-0.6459496021270752,attack,No
1781,1,0,0.022977374593338037,-4.157342910766602,-0.4073431193828583,attack,No
1782,1,0,0.01798620890931226,-4.705411911010742,-0.7054118514060974,attack,no
1783,1,0,0.16451645470385742,-2.4378650188446045,-0.8128649592399597,attack,no
1784,1,0,0.03308597648187432,-3.9243972301483154,-0.5493971705436707,attack,No
1785,1,1,0.5312093733737563,-0.868768572807312,-0.993768572807312,attack,Yes
1786,1,1,0.6513548646660542,-0.8514488935470581,-1.476448893547058,attack,Yes
1787,1,0,0.0046095710854326425,-5.76698112487793,-0.3919808864593506,attack,No
1788,1,1,0.7981867969424066,-0.6419614553451538,-2.0169615745544434,attack,Yes
1789,1,0,0.10669059394565118,-2.8941807746887207,-0.7691807746887207,attack,no
1790,1,0,0.18242552380635632,-2.2164130210876465,-0.7164130210876465,attack,No
1791,1,0,0.020332356904444657,-4.365213871002197,-0.4902140498161316,attack,No
1792,1,1,0.9241418137109955,-0.24355491995811462,-2.7435548305511475,attack,Yes
1793,1,0,0.005911068155754778,-5.705502986907959,-0.5805028676986694,attack,No
1794,1,0,0.37754066879814546,-1.4959393739700317,-0.9959393739700317,attack,no
1795,1,1,0.5621764862150634,-0.992451012134552,-1.2424509525299072,attack,Yes
1796,1,0,0.0035936027414893473,-5.854097843170166,-0.2290978878736496,attack,No
1797,1,0,0.00669285052802981,-5.528216361999512,-0.5282163023948669,attack,No
1798,1,0,0.006692851320539924,-5.5810441970825195,-0.5810442566871643,attack,no
1799,1,0,0.2689414213699951,-1.8163995742797852,-0.8163995742797852,attack,No
1800,1,0,0.00033535006053045743,-8.252432823181152,-0.25243261456489563,attack,no
1801,1,0,0.009708477054526368,-5.208127498626709,-0.5831275582313538,attack,No
1802,1,0,0.0040701384407312935,-6.079172134399414,-0.5791723132133484,attack,No
1803,1,0,0.5,-1.0337008237838745,-1.0337008237838745,attack,No
1804,1,1,0.9149009480320036,-0.22143539786338806,-2.596435308456421,attack,Yes
1805,1,1,0.9525741261492485,-0.14672566950321198,-3.146725654602051,attack,Yes
1806,1,0,0.5,-1.184934377670288,-1.184934377670288,attack,no
1807,1,0,0.4073334000459302,-1.449823260307312,-1.074823260307312,attack,no
1808,1,0,0.017986209962091555,-4.536637306213379,-0.5366373062133789,attack,No
1809,1,0,0.006692852509305267,-5.581432342529297,-0.581432580947876,attack,No
1810,1,1,0.8519528019683106,-0.39363574981689453,-2.1436357498168945,attack,Yes
1811,1,0,0.01798620785653302,-4.64621639251709,-0.6462162733078003,attack,No
1812,1,0,0.01590639171181471,-4.487802505493164,-0.36280250549316406,attack,No
1813,1,0,0.34864513533394575,-1.5777156352996826,-0.9527156352996826,attack,No
1814,1,0,0.01406362952265135,-4.691462516784668,-0.4414626955986023,attack,no
1815,1,0,0.03308598029553404,-3.975314140319824,-0.600314199924469,attack,No
1816,1,0,0.01590639124530769,-4.526071548461914,-0.4010715186595917,attack,No
1817,1,0,0.008577483386221569,-5.232460975646973,-0.48246073722839355,attack,no
1818,1,0,0.0159063898457867,-4.524803161621094,-0.3998030424118042,attack,No
1819,1,0,0.40733341443526055,-1.2639312744140625,-0.8889313340187073,attack,No
1820,1,0,0.5,-1.1814178228378296,-1.1814178228378296,attack,No
1821,1,0,0.22270014914315833,-1.966597557067871,-0.7165976166725159,attack,No
1822,1,1,0.7057850278370112,-0.774254322052002,-1.649254322052002,attack,Yes
1823,1,0,0.03308598029553404,-3.6719155311584473,-0.29691559076309204,attack,No
1824,1,0,0.060086646807761206,-3.4225709438323975,-0.6725708842277527,attack,No
1825,1,0,0.004070137232672753,-6.136190891265869,-0.6361907720565796,attack,No
1826,1,0,0.34864513533394575,-1.5800052881240845,-0.9550052881240845,attack,No
1827,1,0,0.06754668738548215,-3.249232530593872,-0.6242324709892273,attack,No
1828,1,0,0.04742587587030561,-3.4674575328826904,-0.4674575924873352,attack,No
1829,1,0,0.18242553269617778,-2.2153737545013428,-0.7153738141059875,attack,No
1830,1,0,0.012431650853185818,-4.9603495597839355,-0.5853495597839355,attack,No
1831,1,0,0.2689414213699951,-1.8228464126586914,-0.8228464126586914,attack,no
1832,1,0,0.022977367233847502,-4.197216987609863,-0.44721686840057373,attack,No
1833,1,0,0.017986206803753842,-4.644651412963867,-0.6446512341499329,attack,No
1834,1,0,0.014063625803542697,-4.691888809204102,-0.4418887197971344,attack,No
1835,1,0,0.005911069731855184,-5.411834716796875,-0.28683486580848694,attack,No
1836,1,0,0.025957358704815272,-4.168177127838135,-0.5431771874427795,attack,No
1837,1,0,0.0953494648991095,-2.8980891704559326,-0.6480891704559326,attack,No
1838,1,0,0.007577241940185738,-5.164051055908203,-0.2890511453151703,attack,No
1839,1,0,0.29421497216298875,-1.702290415763855,-0.827290415763855,attack,no
1840,1,0,0.01098694263059318,-5.2008256912231445,-0.7008256912231445,attack,no
1841,1,0,0.37754066879814546,-1.475724220275879,-0.9757242202758789,attack,No
1842,1,1,0.8670357701094303,-0.26904264092445374,-2.144042730331421,attack,Yes
1843,1,0,0.07585818419975078,-3.0802979469299316,-0.5802980065345764,attack,No
1844,1,1,0.6513548782017746,-0.8306156992912292,-1.455615758895874,attack,Yes
1845,1,1,0.754914997895581,-0.5178884863853455,-1.6428885459899902,attack,Yes
1846,1,0,0.06008665017400762,-3.4265501499176025,-0.6765501499176025,attack,No
1847,1,0,0.0028009274665629583,-6.510345458984375,-0.6353456377983093,attack,No
1848,1,0,0.042087731520181665,-3.474797248840332,-0.3497973382472992,attack,No
1849,1,0,0.0534033328129234,-3.35185170173645,-0.47685176134109497,attack,No
1850,1,0,0.18242552380635632,-2.236698627471924,-0.7366986274719238,attack,no
1851,1,0,0.4073334000459302,-1.3862078189849854,-1.0112078189849854,attack,no
1852,1,0,0.004609572999830552,-6.011148929595947,-0.6361491084098816,attack,no
1853,1,0,0.010986940687560063,-5.031936168670654,-0.53193598985672,attack,No
1854,1,0,0.07585818002124356,-3.0353519916534424,-0.5353519916534424,attack,No
1855,1,0,0.009708475908421797,-4.98349666595459,-0.35849660634994507,attack,no
1856,1,0,0.007577241267860811,-5.456469535827637,-0.5814695358276367,attack,No
1857,1,0,0.004609572042631499,-5.853262424468994,-0.47826239466667175,attack,No
1858,1,0,0.010986941335237732,-5.083551406860352,-0.583551287651062,attack,No
1859,1,1,0.7310585903489892,-0.6334258913993835,-1.6334259510040283,attack,Yes
1860,1,0,0.46879062662624377,-1.1886937618255615,-1.0636937618255615,attack,No
1861,1,0,0.0024726235976810437,-6.351698875427246,-0.3516990542411804,attack,No
1862,1,1,0.8354835330070839,-0.40085509419441223,-2.02585506439209,attack,Yes
1863,1,0,0.053403329799824234,-3.386042356491089,-0.5110423564910889,attack,No
1864,1,0,0.1645164792819756,-2.2432875633239746,-0.6182876825332642,attack,No
1865,1,0,0.0373268852023206,-3.907984972000122,-0.6579849123954773,attack,No
1866,1,0,0.047425871831197425,-3.323347806930542,-0.3233477771282196,attack,No
1867,1,0,0.11920293453832885,-2.669039726257324,-0.6690398454666138,attack,No
1868,1,0,0.004609571905888793,-5.854527950286865,-0.47952789068222046,attack,No
1869,1,0,0.22270013882530884,-1.8504382371902466,-0.6004382371902466,attack,No
1870,1,0,0.03308598220236406,-3.685046672821045,-0.3100467920303345,attack,No
1871,1,0,0.03308597552845946,-3.717297315597534,-0.342297226190567,attack,No
1872,1,0,0.0028009266341596987,-6.453573703765869,-0.5785735845565796,attack,No
1873,1,0,0.0534033328129234,-3.346674919128418,-0.47167497873306274,attack,No
1874,1,0,0.4073334000459302,-1.389021873474121,-1.014021873474121,attack,No
1875,1,1,0.6224593452091672,-0.8910536170005798,-1.3910536766052246,attack,Yes
1876,1,0,0.1824255415859996,-2.277132987976074,-0.7771331071853638,attack,no
1877,1,0,0.20181321265898594,-1.9843709468841553,-0.6093708872795105,attack,No
1878,1,1,0.5621765155565327,-0.8661705851554871,-1.1161706447601318,attack,Yes
1879,1,0,0.32082130082460697,-1.6718578338623047,-0.9218578338623047,attack,no
1880,1,1,0.7057850278370112,-0.595969557762146,-1.470969557762146,attack,Yes
1881,1,0,0.01406363034912007,-4.691324234008789,-0.44132447242736816,attack,No
1882,1,1,0.851952809486198,-0.4007861018180847,-2.1507861614227295,attack,Yes
1883,1,1,0.7981867777396212,-0.5022326707839966,-1.8772326707839966,attack,Yes
1884,1,0,0.06754668738548215,-3.3682949542999268,-0.743294894695282,attack,no
1885,1,0,0.07585817793199003,-2.7951865196228027,-0.29518648982048035,attack,No
1886,1,1,0.8807970779778823,-0.39580821990966797,-2.395808219909668,attack,Yes
1887,1,1,0.5312093733737563,-1.0856664180755615,-1.2106664180755615,attack,Yes
1888,1,0,0.010986940687560063,-4.985196590423584,-0.48519641160964966,attack,No
1889,1,0,0.1824255415859996,-2.0915451049804688,-0.5915452241897583,attack,No
1890,1,0,0.22270014914315833,-2.0163941383361816,-0.7663941979408264,attack,no
1891,1,0,0.005911068155754778,-5.654004096984863,-0.5290039777755737,attack,no
1892,1,1,0.754914997895581,-0.6484977602958679,-1.7734978199005127,attack,Yes
1893,1,0,0.5,-1.063220500946045,-1.063220500946045,attack,No
1894,1,1,0.7981867873410141,-0.4907166361808777,-1.8657166957855225,attack,Yes
1895,1,1,0.8175744850834649,-0.44388264417648315,-1.943882703781128,attack,Yes
1896,1,0,0.5,-1.1688731908798218,-1.1688731908798218,attack,No
1897,1,0,0.005911067805510302,-5.604846477508545,-0.4798462986946106,attack,no
1898,1,0,0.020332355717182622,-4.5831499099731445,-0.7081500291824341,attack,no
1899,1,0,0.02595735569077852,-3.930035352706909,-0.3050352931022644,attack,No
1900,1,0,0.02297737258620403,-4.398586750030518,-0.6485868692398071,attack,No
1901,1,0,0.008577485413711986,-5.390305042266846,-0.6403050422668457,attack,no
1902,1,1,0.8354835452961425,-0.4944846034049988,-2.1194846630096436,attack,Yes
1903,1,0,0.4378234991142019,-1.322330355644226,-1.072330355644226,attack,No
1904,1,0,0.05340332377362639,-3.491438865661621,-0.6164387464523315,attack,No
1905,1,0,0.32082130082460697,-1.5241271257400513,-0.7741271257400513,attack,No
1906,1,0,0.10669058826486906,-2.6834003925323486,-0.5584003329277039,attack,No
1907,1,0,0.05340332377362639,-3.3056726455688477,-0.4306725263595581,attack,No
1908,1,0,0.008577484399966718,-5.332868576049805,-0.5828684568405151,attack,no
1909,1,1,0.6791786861878392,-0.685148298740387,-1.4351482391357422,attack,Yes
1910,1,0,0.3775406547908327,-1.34244704246521,-0.8424469828605652,attack,No
1911,1,0,0.46879062662624377,-1.1459871530532837,-1.0209871530532837,attack,No
1912,1,0,0.05340332377362639,-3.5468649864196777,-0.6718648672103882,attack,no
1913,1,0,0.06008665017400762,-3.3178274631500244,-0.5678274631500244,attack,No
1914,1,0,0.03732689162774753,-3.7517447471618652,-0.5017448663711548,attack,No
1915,1,0,0.1645164628965632,-2.3308537006378174,-0.7058537006378174,attack,No
1916,1,1,0.6224593171945417,-0.8142693638801575,-1.3142693042755127,attack,Yes
1917,1,1,0.8519527944504226,-0.3145013451576233,-2.0645012855529785,attack,Yes
1918,1,0,0.2942149845400438,-1.750953197479248,-0.8759532570838928,attack,No
1919,1,0,0.0031726824654718946,-6.0050950050354,-0.25509488582611084,attack,No
1920,1,0,0.009708477341052534,-4.946603775024414,-0.3216038644313812,attack,No
1921,1,0,0.10669058826486906,-2.735680103302002,-0.6106800436973572,attack,No
1922,1,0,0.08509904732734556,-2.7979533672332764,-0.42295339703559875,attack,No
1923,1,0,0.03308598220236406,-3.9750161170959473,-0.6000162363052368,attack,No
1924,1,0,0.03732689162774753,-3.969546318054199,-0.7195464372634888,attack,no
1925,1,0,0.005220126003077935,-5.830247402191162,-0.5802474617958069,attack,no
1926,1,0,0.017986212067650338,-4.489028453826904,-0.48902857303619385,attack,No
1927,1,0,0.00857748414653042,-5.074004173278809,-0.32400402426719666,attack,no
1928,1,0,0.01406362456384003,-4.783742904663086,-0.5337427258491516,attack,No
1929,1,0,0.24508501313237172,-1.9607478380203247,-0.8357478380203247,attack,no
1930,1,0,0.11920292202211755,-2.5978593826293945,-0.5978593826293945,attack,no
1931,1,1,0.7549149868676283,-0.692943811416626,-1.817943811416626,attack,Yes
1932,1,0,0.02297736857193652,-4.398514270782471,-0.6485142111778259,attack,No
1933,1,1,0.9796676451732639,-0.0887349396944046,-3.9637348651885986,attack,Yes
1934,1,0,0.017986209962091555,-4.490652084350586,-0.49065208435058594,attack,no
1935,1,0,0.005911067455265844,-5.604519844055176,-0.4795196056365967,attack,no
1936,1,0,0.06754669489377622,-3.2540698051452637,-0.6290698647499084,attack,No
1937,1,0,0.0019267344340853601,-6.884908199310303,-0.6349080801010132,attack,No
1938,1,0,0.003172683219498529,-6.276871681213379,-0.5268718004226685,attack,No
1939,1,0,0.04208773272170267,-3.7871828079223633,-0.6621829271316528,attack,No
1940,1,0,0.32082130082460697,-1.5435208082199097,-0.7935208082199097,attack,No
1941,1,0,0.1066905825840872,-2.8414273262023926,-0.716427206993103,attack,no
1942,1,0,0.029312227359491745,-4.097698211669922,-0.5976980924606323,attack,No
1943,1,0,0.015906392644828796,-4.829936504364014,-0.7049365639686584,attack,no
1944,1,0,0.20181322226037882,-1.947381854057312,-0.572381854057312,attack,No
1945,1,0,0.1645164628965632,-2.3890602588653564,-0.7640602588653564,attack,no
1946,1,0,0.022977373924293353,-4.1565632820129395,-0.4065634608268738,attack,No
1947,1,0,0.02595735719779685,-4.033936977386475,-0.4089369773864746,attack,No
1948,1,0,0.006692851518667466,-5.435546875,-0.43554696440696716,attack,No
1949,1,0,0.060086648490884395,-3.1864070892333984,-0.43640705943107605,attack,No
1950,1,1,0.8175744939732856,-0.5595120191574097,-2.059512138366699,attack,Yes
1951,1,0,0.04208773272170267,-3.679745674133301,-0.5547457933425903,attack,No
1952,1,1,0.6791786861878392,-0.6451011300086975,-1.3951010704040527,attack,Yes
1953,1,0,0.06008664344151498,-3.276073932647705,-0.5260738134384155,attack,no
1954,1,0,0.04208773031866069,-3.54669451713562,-0.4216945767402649,attack,No
1955,1,0,0.3208212878370535,-1.5688190460205078,-0.818818986415863,attack,no
1956,1,0,0.0035936020478559492,-6.057539463043213,-0.43253931403160095,attack,No
1957,1,0,0.020332348593611837,-4.32094669342041,-0.44594645500183105,attack,No
1958,1,0,0.017986206803753842,-4.488213062286377,-0.4882128834724426,attack,No
1959,1,0,0.06008665017400762,-3.3180527687072754,-0.5680527687072754,attack,No
1960,1,0,0.053403329799824234,-3.398120403289795,-0.5231204032897949,attack,no
1961,1,0,0.029312227359491745,-4.047030925750732,-0.5470308065414429,attack,no
1962,1,1,0.9149009468718409,-0.17563949525356293,-2.5506393909454346,attack,Yes
1963,1,0,0.09534947004048376,-2.952439546585083,-0.7024396061897278,attack,No
1964,1,0,0.10669058826486906,-2.83648681640625,-0.7114867568016052,attack,No
1965,1,0,0.0159063898457867,-4.659762859344482,-0.5347627401351929,attack,No
1966,1,0,0.0017007224620345643,-6.578477382659912,-0.2034774124622345,attack,No
1967,1,0,0.020332353342658753,-4.466413974761963,-0.5914139747619629,attack,No
1968,1,0,0.22270012850745968,-1.9585444927215576,-0.7085444331169128,attack,No
1969,1,0,0.03308597457504463,-3.87890625,-0.5039061307907104,attack,no
1970,1,0,0.025957354183760273,-4.276009559631348,-0.6510094404220581,attack,no
1971,1,0,0.005220126467357275,-5.684110164642334,-0.4341103136539459,attack,no
1972,1,0,0.01590639357784294,-4.611684799194336,-0.4866849184036255,attack,No
1973,1,0,0.01798620575097472,-4.330988883972168,-0.33098864555358887,attack,No
1974,1,0,0.0474258704848281,-3.610607385635376,-0.6106073260307312,attack,no
1975,1,1,0.5312093733737563,-0.7897114157676697,-0.9147114157676697,attack,Yes
1976,1,1,0.7310585903489892,-0.5696844458580017,-1.5696845054626465,attack,Yes
1977,1,1,0.5926665999540697,-0.8634456396102905,-1.2384456396102905,attack,Yes
1978,1,0,0.009708476481474066,-5.1559739112854,-0.5309739112854004,attack,No
1979,1,0,0.4073334000459302,-1.3518825769424438,-0.9768825769424438,attack,No
1980,1,1,0.9241418252018903,-0.23372428119182587,-2.733724355697632,attack,Yes
1981,1,0,0.06754669864792355,-3.199587821960449,-0.5745879411697388,attack,No
1982,1,0,0.06754668738548215,-3.3056464195251465,-0.6806463599205017,attack,No
1983,1,0,0.20181324146316565,-2.0270566940307617,-0.6520568132400513,attack,No
1984,1,0,0.0035936034351228795,-5.977354049682617,-0.3523542881011963,attack,No
1985,1,0,0.017986207330143424,-4.442415237426758,-0.4424150884151459,attack,No
1986,1,0,0.009708478200631072,-4.917954444885254,-0.29295462369918823,attack,No
1987,1,0,0.04742587317756679,-3.4372098445892334,-0.4372098445892334,attack,no
1988,1,0,0.015906388912772775,-4.612821578979492,-0.48782140016555786,attack,no
1989,1,0,0.025957352676742106,-4.035838603973389,-0.41083842515945435,attack,no
1990,1,0,0.4378234991142019,-1.2950994968414307,-1.0450994968414307,attack,no
1991,1,0,0.0159063879797589,-4.7700653076171875,-0.6450650691986084,attack,No
1992,1,0,0.004609572042631499,-5.8533854484558105,-0.47838541865348816,attack,No
1993,1,0,0.06008665354025422,-3.271395683288574,-0.521395742893219,attack,No
1994,1,0,0.5,-1.158508539199829,-1.158508539199829,attack,No
1995,1,0,0.03308597457504463,-3.9761147499084473,-0.6011146306991577,attack,no
1996,1,0,0.1329642333263228,-2.6095657348632812,-0.7345656752586365,attack,No
1997,1,0,0.03732688948593843,-3.910761594772339,-0.6607616543769836,attack,No
1998,1,0,0.022977374593338037,-4.2416605949401855,-0.49166080355644226,attack,No
1999,1,0,0.0015011825247663551,-7.025732040405273,-0.5257322192192078,attack,No
2000,1,0,0.0024726233771578993,-6.476658344268799,-0.476658433675766,attack,No
2001,1,0,0.14804719051380197,-2.49165415763855,-0.741654098033905,attack,No
2002,1,0,0.34864513533394575,-1.5777156352996826,-0.9527156352996826,attack,No
2003,1,1,0.7057850402140659,-0.7311422228813171,-1.606142282485962,attack,Yes
2004,1,1,0.7310585786300049,-0.5050631761550903,-1.5050631761550903,attack,Yes
2005,1,0,0.34864513533394575,-1.5586471557617188,-0.9336471557617188,attack,no
2006,1,0,0.017986213120429816,-4.444136619567871,-0.4441367983818054,attack,No
2007,1,0,0.0059110695567328965,-5.382664680480957,-0.2576647996902466,attack,No
2008,1,1,0.6513548646660542,-0.8890180587768555,-1.5140180587768555,attack,Yes
2009,1,0,0.020332357498075698,-4.366654396057129,-0.4916546046733856,attack,No
2010,1,0,0.02595735719779685,-4.336662292480469,-0.7116622924804688,attack,no
2011,1,0,0.017986212067650338,-4.536995887756348,-0.5369960069656372,attack,No
2012,1,0,0.009708478773683474,-5.156486511230469,-0.5314867496490479,attack,No
2013,1,0,0.005220125384038879,-5.830813884735107,-0.5808138251304626,attack,No
2014,1,0,0.46879062662624377,-1.1318897008895874,-1.0068897008895874,attack,No
2015,1,0,0.32082130082460697,-1.7076318264007568,-0.9576318264007568,attack,no
2016,1,0,0.01798621101487092,-4.444991588592529,-0.4449916481971741,attack,No
2017,1,1,0.8175744806385543,-0.3641286790370941,-1.8641287088394165,attack,Yes
2018,1,1,0.5926665999540697,-0.7714023590087891,-1.146402359008789,attack,Yes
2019,1,0,0.08509904500702024,-2.8336832523345947,-0.4586832523345947,attack,No
2020,1,0,0.2689414213699951,-1.6899131536483765,-0.6899131536483765,attack,No
2021,1,0,0.006692850131774789,-5.5824079513549805,-0.5824078321456909,attack,no
2022,1,0,0.34864513533394575,-1.564957857131958,-0.939957857131958,attack,No
2023,1,0,0.009708478200631072,-4.982593536376953,-0.35759371519088745,attack,No
2024,1,0,0.34864513533394575,-1.3438776731491089,-0.7188776731491089,attack,No
2025,1,0,0.0015011823460801075,-6.5576395988464355,-0.05763965845108032,attack,No
2026,1,0,0.2689414213699951,-1.7585200071334839,-0.7585200071334839,attack,No
2027,1,0,0.007577239923211134,-5.51381254196167,-0.6388123631477356,attack,No
2028,1,0,0.0953494648991095,-2.8467211723327637,-0.5967211723327637,attack,No
2029,1,1,0.89330940889474,-0.3695990741252899,-2.4945991039276123,attack,Yes
2030,1,0,0.004609572179374208,-5.853652477264404,-0.4786524772644043,attack,no
2031,1,0,0.03308598029553404,-4.0900750160217285,-0.7150750756263733,attack,no
2032,1,1,0.9241418252018903,-0.22954194247722626,-2.7295420169830322,attack,Yes
2033,1,0,0.1480471980316895,-2.3295280933380127,-0.5795280933380127,attack,no
2034,1,0,0.2689414096510108,-1.8134288787841797,-0.8134288191795349,attack,No
2035,1,1,0.6513548511303336,-0.8789296746253967,-1.503929615020752,attack,Yes
2036,1,0,0.006692851320539924,-5.637999534606934,-0.6379995942115784,attack,No
2037,1,0,0.01098694327827096,-4.986266136169434,-0.48626619577407837,attack,No
2038,1,0,0.017986212067650338,-4.590199947357178,-0.5902000665664673,attack,no
2039,1,0,0.2942149845400438,-1.5564961433410645,-0.6814962029457092,attack,No
2040,1,0,0.03732688306051187,-3.801736354827881,-0.5517362356185913,attack,No
2041,1,1,0.5926665855647394,-0.7499712109565735,-1.1249711513519287,attack,Yes
2042,1,0,0.20181320305759334,-2.166943073272705,-0.7919429540634155,attack,No
2043,1,0,0.2689414213699951,-1.8367573022842407,-0.8367573022842407,attack,no
2044,1,0,0.07585817166422973,-3.185525417327881,-0.6855252981185913,attack,no
2045,1,1,0.8175744850834649,-0.3583616614341736,-1.8583617210388184,attack,Yes
2046,1,0,0.06008664344151498,-3.3718509674072266,-0.621850848197937,attack,No
2047,1,0,0.06008664344151498,-3.4261679649353027,-0.6761678457260132,attack,no
2048,1,1,0.6791786861878392,-0.8217540383338928,-1.571753978729248,attack,Yes
2049,1,1,0.6224593312018546,-0.7382004261016846,-1.2382004261016846,attack,Yes
2050,1,0,0.4073334000459302,-1.386497139930725,-1.011497139930725,attack,no
2051,1,0,0.03308597457504463,-3.875260829925537,-0.5002607107162476,attack,No
2052,1,0,0.06008665017400762,-3.4873602390289307,-0.7373602390289307,attack,no
2053,1,1,0.7310585786300049,-0.6153150796890259,-1.6153150796890259,attack,Yes
2054,1,0,0.007577242612510723,-5.310859203338623,-0.4358593821525574,attack,no
2055,1,0,0.007577240147319397,-5.230522155761719,-0.3555220067501068,attack,No
2056,1,0,0.006692849735519792,-5.5832929611206055,-0.5832927823066711,attack,no
2057,1,1,0.5926665999540697,-0.9667626619338989,-1.341762661933899,attack,Yes
2058,1,0,0.18242551491653522,-2.2032253742218018,-0.703225314617157,attack,no
2059,1,0,0.06754669489377622,-3.1075384616851807,-0.48253852128982544,attack,No
2060,1,0,0.01406362497707424,-4.690051555633545,-0.440051406621933,attack,No
2061,1,0,0.0953494648991095,-2.953869581222534,-0.7038695812225342,attack,No
2062,1,0,0.02033235452992065,-4.466271877288818,-0.5912719368934631,attack,no
2063,1,0,0.01243164902375476,-4.81501579284668,-0.44001564383506775,attack,No
2064,1,0,0.11920293453832885,-2.657527446746826,-0.6575275659561157,attack,No
2065,1,0,0.29421497216298875,-1.4284106492996216,-0.5534106492996216,attack,No
2066,1,1,0.5312093733737563,-0.936478853225708,-1.061478853225708,attack,Yes
2067,1,0,0.022977373924293353,-4.290289878845215,-0.5402900576591492,attack,No
2068,1,0,0.0015011821227223277,-6.888880252838135,-0.3888801634311676,attack,No
2069,1,0,0.02595735719779685,-4.120520114898682,-0.49552011489868164,attack,No
2070,1,0,0.037326887344129464,-3.910092353820801,-0.6600923538208008,attack,No
2071,1,0,0.029312234143221275,-3.778700351715088,-0.27870047092437744,attack,No
2072,1,0,0.1329642264548166,-2.5535717010498047,-0.6785715818405151,attack,No
2073,1,1,0.851952809486198,-0.5164298415184021,-2.266429901123047,attack,Yes
2074,1,0,0.015906388912772775,-4.611610412597656,-0.4866102337837219,attack,No
2075,1,0,0.060086656906500974,-3.4259414672851562,-0.6759415864944458,attack,No
2076,1,0,0.02297737258620403,-4.198585510253906,-0.4485856294631958,attack,No
2077,1,1,0.5926665999540697,-0.8277509212493896,-1.2027509212493896,attack,Yes
2078,1,0,0.029312230751356316,-4.0982232093811035,-0.5982232093811035,attack,No
2079,1,0,0.32082130082460697,-1.5312378406524658,-0.7812378406524658,attack,No
2080,1,0,0.01798620890931226,-4.587874889373779,-0.5878748297691345,attack,No
2081,1,0,0.017986206803753842,-4.58997917175293,-0.5899789929389954,attack,No
2082,1,0,0.11920292828022305,-2.6672041416168213,-0.6672042012214661,attack,No
2083,1,0,0.08509904964767095,-3.0653634071350098,-0.6903634667396545,attack,No
2084,1,0,0.34864513533394575,-1.494328498840332,-0.869328498840332,attack,No
2085,1,1,0.7549149868676283,-0.5944515466690063,-1.7194515466690063,attack,Yes
2086,1,1,0.9324533126145177,-0.37483543157577515,-2.99983549118042,attack,Yes
2087,1,0,0.08509904500702024,-2.5766074657440186,-0.20160746574401855,attack,No
2088,1,0,0.033085978388704126,-3.977933168411255,-0.6029331684112549,attack,no
2089,1,0,0.015906392644828796,-4.712457180023193,-0.5874572396278381,attack,No
2090,1,1,0.6513548782017746,-0.6685006022453308,-1.2935006618499756,attack,Yes
2091,1,1,0.7772998611746911,-0.4948238134384155,-1.7448238134384155,attack,Yes
2092,1,0,0.16451647108926923,-2.376957654953003,-0.7519577145576477,attack,No
2093,1,0,0.00359360194114313,-6.260807514190674,-0.6358073353767395,attack,no
2094,1,0,0.37754066879814546,-1.483735203742981,-0.983735203742981,attack,No
2095,1,0,0.02595735569077852,-4.22096061706543,-0.5959605574607849,attack,No
2096,1,0,0.06754669489377622,-3.2514922618865967,-0.6264923214912415,attack,No
2097,1,0,0.008577484399966718,-5.388871669769287,-0.6388715505599976,attack,No
2098,1,1,0.7057850402140659,-0.6110112071037292,-1.486011266708374,attack,Yes
2099,1,1,0.5312093733737563,-1.0136749744415283,-1.1386749744415283,attack,Yes
2100,1,0,0.3208212878370535,-1.5626564025878906,-0.8126563429832458,attack,No
2101,1,1,0.7549149868676283,-0.5944515466690063,-1.7194515466690063,attack,Yes
2102,1,1,0.7981867777396212,-0.5375983715057373,-1.9125983715057373,attack,Yes
2103,1,0,0.009708476481474066,-5.208620548248291,-0.583620548248291,attack,No
2104,1,0,0.22270014914315833,-1.838097095489502,-0.5880971550941467,attack,No
2105,1,0,0.0059110693816106135,-5.55997371673584,-0.434973806142807,attack,no
2106,1,0,0.03308597457504463,-3.9228081703186035,-0.547808051109314,attack,No
2107,1,1,0.9046505325302034,-0.2868962585926056,-2.536896228790283,attack,Yes
2108,1,0,0.46879062662624377,-1.1877250671386719,-1.0627250671386719,attack,No
2109,1,0,0.13296424019782924,-2.5573184490203857,-0.6823184490203857,attack,No
2110,1,0,0.37754066879814546,-1.4377717971801758,-0.9377717971801758,attack,no
2111,1,0,0.18242553269617778,-2.2216813564300537,-0.7216814160346985,attack,No
2112,1,0,0.18242553269617778,-2.2854297161102295,-0.7854297757148743,attack,no
2113,1,1,0.7057850278370112,-0.6790909767150879,-1.554090976715088,attack,Yes
2114,1,0,0.03308598220236406,-3.7883400917053223,-0.4133402109146118,attack,No
2115,1,1,0.8519527982093668,-0.3552897274494171,-2.1052896976470947,attack,Yes
2116,1,0,0.0021827164453451808,-6.81995964050293,-0.6949596405029297,attack,no
2117,1,0,0.05340332829327471,-3.3458406925201416,-0.4708406627178192,attack,No
2118,1,0,0.014063626216776943,-4.784416198730469,-0.534416139125824,attack,No
2119,1,0,0.0003353502678408469,-8.100780487060547,-0.1007808968424797,attack,No
2120,1,0,0.2942149597859341,-1.663679599761963,-0.7886795401573181,attack,No
2121,1,0,0.0850990542883219,-2.678868293762207,-0.3038684129714966,attack,No
2122,1,0,0.01098694392594878,-5.083747386932373,-0.5837475061416626,attack,No
2123,1,0,0.22270014914315833,-2.1144676208496094,-0.8644676804542542,attack,no
2124,1,0,0.07585818628900447,-2.949772596359253,-0.4497726857662201,attack,No
2125,1,0,0.01798620890931226,-4.444311618804932,-0.44431155920028687,attack,No
2126,1,1,0.5621765008857981,-1.017200231552124,-1.267200231552124,attack,Yes
2127,1,0,0.13296424019782924,-2.418205976486206,-0.543205976486206,attack,No
2128,1,1,0.8807970873650403,-0.3444594442844391,-2.3444595336914062,attack,Yes
2129,1,0,0.03732689162774753,-3.852982521057129,-0.6029826402664185,attack,No
2130,1,1,0.9465966747198243,-0.16871348023414612,-3.0437135696411133,attack,Yes
2131,1,0,0.01098694392594878,-5.200399398803711,-0.7003995180130005,attack,no
2132,1,1,0.5926665999540697,-0.9519670009613037,-1.3269670009613037,attack,Yes
2133,1,0,0.46879062662624377,-1.1673465967178345,-1.0423465967178345,attack,No
2134,1,1,0.7057850278370112,-0.7553194761276245,-1.6303194761276245,attack,Yes
2135,1,0,0.0293122256635596,-4.153919219970703,-0.6539190411567688,attack,No
2136,1,1,0.5621765155565327,-0.871536910533905,-1.1215369701385498,attack,Yes
2137,1,0,0.5,-1.0484066009521484,-1.0484066009521484,attack,No
2138,1,0,0.06008665017400762,-3.4832780361175537,-0.7332780361175537,attack,no
2139,1,1,0.9840936073551713,-0.10825401544570923,-4.2332539558410645,attack,Yes
2140,1,0,0.008577484399966718,-5.388986110687256,-0.6389859914779663,attack,no
2141,1,1,0.6224593312018546,-0.7198611497879028,-1.2198611497879028,attack,Yes
2142,1,0,0.02033235096813516,-4.206334114074707,-0.3313339948654175,attack,No
2143,1,1,0.8354835411997897,-0.44516274333000183,-2.070162773132324,attack,Yes
2144,1,0,0.13296424019782924,-2.5533008575439453,-0.6783008575439453,attack,No
2145,1,0,0.18242552380635632,-2.2147645950317383,-0.7147645950317383,attack,No
2146,1,0,0.09534945975773548,-2.7553343772888184,-0.5053343176841736,attack,No
2147,1,0,0.1645164792819756,-2.160252094268799,-0.5352522134780884,attack,No
2148,1,0,0.4378234991142019,-1.312573790550232,-1.062573790550232,attack,No
2149,1,0,0.01590639077880068,-4.661011219024658,-0.5360111594200134,attack,no
2150,1,1,0.6224593312018546,-0.8958268165588379,-1.395826816558838,attack,Yes
2151,1,0,0.18242550602671442,-2.2128210067749023,-0.7128208875656128,attack,No
2152,1,0,0.0850990357257195,-2.8705973625183105,-0.495597243309021,attack,No
2153,1,0,0.22270014914315833,-1.9993951320648193,-0.7493951916694641,attack,no
2154,1,0,0.1480472055495773,-2.2384426593780518,-0.48844271898269653,attack,No
2155,1,1,0.7772998714925403,-0.5879070162773132,-1.837907075881958,attack,Yes
2156,1,0,0.04742587856304458,-3.665818214416504,-0.6658183336257935,attack,no
2157,1,0,0.008577484906839334,-5.333951950073242,-0.5839518904685974,attack,no
2158,1,0,0.05340332377362639,-3.5448169708251953,-0.6698168516159058,attack,No
2159,1,0,0.029312227359491745,-3.954099655151367,-0.45409953594207764,attack,No
2160,1,0,0.01590639357784294,-4.828934192657471,-0.7039343118667603,attack,no
2161,1,0,0.06754669489377622,-3.311089038848877,-0.6860890984535217,attack,no
2162,1,0,0.04208772791561884,-3.846376657485962,-0.7213766574859619,attack,no
2163,1,1,0.5312093733737563,-0.961203932762146,-1.086203932762146,attack,Yes
2164,1,1,0.7057850402140659,-0.6439315676689148,-1.5189316272735596,attack,Yes
2165,1,0,0.00522012445548043,-5.830574035644531,-0.5805737972259521,attack,No
2166,1,0,0.06754669489377622,-3.1961870193481445,-0.5711870789527893,attack,No
2167,1,0,0.0021827163155291175,-6.51457405090332,-0.38957399129867554,attack,No
2168,1,0,0.3208212878370535,-1.4544899463653564,-0.7044898867607117,attack,No
2169,1,0,0.16451645470385742,-2.3866145610809326,-0.7616145014762878,attack,no
2170,1,0,0.3208213138121609,-1.7390143871307373,-0.9890144467353821,attack,no
2171,1,0,0.002472623303650189,-6.389881134033203,-0.3898811936378479,attack,no
2172,1,0,0.033085978388704126,-3.8788909912109375,-0.5038909912109375,attack,no
2173,1,0,0.0040701374742844335,-5.890728950500488,-0.3907288908958435,attack,No
2174,1,0,0.004070137957507836,-6.0794806480407715,-0.5794807076454163,attack,No
2175,1,0,0.2689414096510108,-1.7633910179138184,-0.7633909583091736,attack,No
2176,1,0,0.005220125538798635,-5.683108329772949,-0.43310829997062683,attack,No
2177,1,0,0.02297737526238275,-4.241035461425781,-0.49103569984436035,attack,No
2178,1,0,0.1329642333263228,-2.4193553924560547,-0.5443553328514099,attack,No
2179,1,0,0.004609571905888793,-5.9021806716918945,-0.5271806120872498,attack,No
2180,1,1,0.5312093733737563,-1.0817497968673706,-1.2067497968673706,attack,Yes
2181,1,0,0.2689414330889798,-1.8666608333587646,-0.8666608929634094,attack,No
2182,1,0,0.053403329799824234,-3.438894510269165,-0.563894510269165,attack,No
2183,1,0,0.010986940363721243,-4.8967132568359375,-0.3967130482196808,attack,No
2184,1,0,0.04742587317756679,-3.665684700012207,-0.665684700012207,attack,No
2185,1,0,0.00669285052802981,-5.434995174407959,-0.4349951148033142,attack,No
2186,1,0,0.010986941982915435,-5.085694313049316,-0.5856942534446716,attack,no
2187,1,0,0.02297736991002561,-4.343506813049316,-0.5935068130493164,attack,No
2188,1,0,0.0031726822769652645,-6.385514736175537,-0.6355145573616028,attack,No
2189,1,0,0.0953494648991095,-2.954657793045044,-0.704657793045044,attack,no
2190,1,0,0.46879062662624377,-1.2440133094787598,-1.1190133094787598,attack,no
2191,1,1,0.7549149868676283,-0.5628445148468018,-1.6878445148468018,attack,Yes
2192,1,0,0.0031726822769652645,-6.182592868804932,-0.4325926899909973,attack,No
2193,1,0,0.10669058826486906,-2.777653455734253,-0.6526533961296082,attack,No
2194,1,0,0.37754066879814546,-1.3836629390716553,-0.8836629390716553,attack,No
2195,1,0,0.1824255415859996,-2.2704153060913086,-0.7704154253005981,attack,No
2196,1,0,0.02931222905542399,-4.0450334548950195,-0.5450333952903748,attack,No
2197,1,1,0.9465966717067252,-0.1450929343700409,-3.0200929641723633,attack,Yes
2198,1,0,0.10669059394565118,-2.7530972957611084,-0.6280972957611084,attack,no
2199,1,1,0.7057850278370112,-0.7501206398010254,-1.6251206398010254,attack,Yes
2200,1,1,0.5926665999540697,-0.9280343055725098,-1.3030343055725098,attack,Yes
2201,1,0,0.020332352155396922,-4.207207679748535,-0.3322076201438904,attack,No
2202,1,0,0.020332353936289693,-4.240633964538574,-0.3656339943408966,attack,No
2203,1,0,0.020332350374504305,-4.277658462524414,-0.4026583135128021,attack,No
2204,1,0,0.007577240371427665,-5.355193614959717,-0.48019349575042725,attack,no
2205,1,0,0.00048785710825008404,-8.012478828430176,-0.3874787986278534,attack,No
2206,1,0,0.06754668363133542,-3.1074066162109375,-0.48240649700164795,attack,No
2207,1,0,0.32082130082460697,-1.3693504333496094,-0.6193504333496094,attack,No
2208,1,0,0.32082130082460697,-1.6805776357650757,-0.9305776357650757,attack,no
2209,1,0,0.10669058826486906,-2.563628673553467,-0.438628613948822,attack,No
2210,1,0,0.24508502416032488,-1.8709254264831543,-0.7459254860877991,attack,no
2211,1,0,0.24508501313237172,-1.9088000059127808,-0.7838000059127808,attack,No
2212,1,0,0.053403329799824234,-3.398120403289795,-0.5231204032897949,attack,no
2213,1,0,0.04742587317756679,-3.612370729446411,-0.6123707294464111,attack,No
2214,1,1,0.8354835411997897,-0.369661420583725,-1.9946614503860474,attack,Yes
2215,1,0,0.025957354183760273,-4.219238758087158,-0.5942386388778687,attack,No
2216,1,0,0.24508501313237172,-1.7752811908721924,-0.6502811908721924,attack,No
2217,1,0,0.022977371248114782,-4.292727947235107,-0.5427280068397522,attack,no
2218,1,0,0.02931223244728875,-3.959780216217041,-0.4597802758216858,attack,no
2219,1,1,0.5621765008857981,-1.0463035106658936,-1.2963035106658936,attack,Yes
2220,1,0,0.004070137353478592,-5.785338401794434,-0.28533831238746643,attack,No
2221,1,0,0.03308597457504463,-3.9233832359313965,-0.5483831167221069,attack,No
2222,1,0,0.10669059394565118,-2.6985132694244385,-0.5735132694244385,attack,no
2223,1,0,0.22270012850745968,-1.9605281352996826,-0.7105280756950378,attack,No
2224,1,0,0.017986206803753842,-4.4890289306640625,-0.4890287518501282,attack,No
2225,1,0,0.13296424019782924,-2.421844482421875,-0.546844482421875,attack,No
2226,1,0,0.11920292828022305,-2.7200028896331787,-0.7200029492378235,attack,No
2227,1,0,0.022977364557669702,-4.346395492553711,-0.5963952541351318,attack,No
2228,1,0,0.014063625390308462,-4.783577919006348,-0.5335777997970581,attack,No
2229,1,0,0.09534945718704857,-2.680999279022217,-0.43099918961524963,attack,No
2230,1,1,0.8807970779778823,-0.311260461807251,-2.311260461807251,attack,Yes
2231,1,1,0.7057850278370112,-0.7546521425247192,-1.6296521425247192,attack,Yes
2232,1,0,0.07585818002124356,-3.034083127975464,-0.5340831279754639,attack,No
2233,1,0,0.4378234991142019,-1.1919986009597778,-0.9419986009597778,attack,No
2234,1,0,0.10669059394565118,-2.787529945373535,-0.6625299453735352,attack,no
2235,1,0,0.2689414213699951,-1.9025298357009888,-0.9025298357009888,attack,no
2236,1,0,0.007577242612510723,-5.457205295562744,-0.5822054743766785,attack,no
2237,1,0,0.46879062662624377,-1.1194958686828613,-0.9944958686828613,attack,No
2238,1,0,0.006692852509305267,-5.581570625305176,-0.5815708637237549,attack,No
2239,1,1,0.5312093585306514,-0.9007115960121155,-1.0257115364074707,attack,Yes
2240,1,0,0.006692849735519792,-5.5816168785095215,-0.5816166996955872,attack,No
2241,1,0,0.24508501313237172,-1.9147733449935913,-0.7897733449935913,attack,no
2242,1,1,0.8807970873650403,-0.3197433054447174,-2.3197433948516846,attack,Yes
2243,1,0,0.03732689162774753,-3.9089512825012207,-0.6589514017105103,attack,No
2244,1,0,0.0159063879797589,-4.769221305847168,-0.6442210674285889,attack,No
2245,1,0,0.04208773272170267,-3.3661255836486816,-0.2411257028579712,attack,No
2246,1,0,0.005220124610240159,-5.344333171844482,-0.09433296322822571,attack,No
2247,1,0,0.007577241267860811,-5.230647563934326,-0.35564756393432617,attack,No
2248,1,0,0.11920290950590741,-2.7179269790649414,-0.7179268598556519,attack,No
2249,1,0,0.015906392644828796,-4.65986442565918,-0.5348644852638245,attack,No
2250,1,0,0.009708477627578704,-5.2079877853393555,-0.582987904548645,attack,No
2251,1,0,0.10669059962643358,-2.7813286781311035,-0.6563287377357483,attack,No
2252,1,0,0.07585817166422973,-3.1350979804992676,-0.635097861289978,attack,No
2253,1,0,0.008577483893094128,-5.448972225189209,-0.6989720463752747,attack,no
2254,1,0,0.4378234991142019,-1.2774155139923096,-1.0274155139923096,attack,No
2255,1,0,0.042087725512577126,-3.7872135639190674,-0.6622135043144226,attack,no
2256,1,0,0.18242553269617778,-2.0085315704345703,-0.5085316300392151,attack,No
2257,1,0,0.010986944573626636,-5.2018914222717285,-0.7018916010856628,attack,no
2258,1,0,0.03308597457504463,-4.090114116668701,-0.7151139974594116,attack,no
2259,1,0,0.03732688948593843,-3.9680347442626953,-0.7180348038673401,attack,no
2260,1,0,0.04742587317756679,-3.3527703285217285,-0.3527703285217285,attack,No
2261,1,0,0.010986945221304533,-4.937339782714844,-0.43734002113342285,attack,No
2262,1,0,0.37754066879814546,-1.3872495889663696,-0.8872495889663696,attack,No
2263,1,0,0.022977373255248682,-4.20203971862793,-0.4520398676395416,attack,no
2264,1,1,0.6513548646660542,-0.795710563659668,-1.420710563659668,attack,Yes
2265,1,0,0.025957360965343058,-4.034030437469482,-0.40903058648109436,attack,No
2266,1,0,0.46879062662624377,-1.1459871530532837,-1.0209871530532837,attack,No
2267,1,0,0.18242551491653522,-2.283200263977051,-0.783200204372406,attack,no
2268,1,0,0.02033235096813516,-4.581873416900635,-0.7068732976913452,attack,no
2269,1,0,0.042087725512577126,-3.7870073318481445,-0.6620072722434998,attack,No
2270,1,0,0.010986941982915435,-5.141032695770264,-0.6410326361656189,attack,no
2271,1,0,0.03308597457504463,-3.9234461784362793,-0.5484460592269897,attack,No
2272,1,0,0.0293122256635596,-4.154035568237305,-0.6540353894233704,attack,no
2273,1,0,0.01098694392594878,-5.085930347442627,-0.5859304666519165,attack,no
2274,1,1,0.970687766704745,-0.11484798789024353,-3.6148478984832764,attack,Yes
2275,1,0,0.20181321265898594,-2.059725522994995,-0.6847254633903503,attack,No
2276,1,0,0.017986206803753842,-4.537361145019531,-0.5373609662055969,attack,No
2277,1,0,0.007577239699102878,-5.195659160614014,-0.32065895199775696,attack,No
2278,1,0,0.37754066879814546,-1.3137307167053223,-0.8137307167053223,attack,No
2279,1,0,0.4378234991142019,-1.2877392768859863,-1.0377392768859863,attack,No
2280,1,0,0.0059110692064883365,-5.603874206542969,-0.4788742661476135,attack,No
2281,1,0,0.0013250224172131609,-7.259043216705322,-0.6340432167053223,attack,no
2282,1,0,0.025957352676742106,-4.073948383331299,-0.4489482045173645,attack,No
2283,1,0,0.29421497216298875,-1.676566481590271,-0.801566481590271,attack,no
2284,1,1,0.7772998508568416,-0.537239134311676,-1.7872390747070312,attack,Yes
2285,1,0,0.46879062662624377,-1.126700758934021,-1.001700758934021,attack,No
2286,1,0,0.3775406828054583,-1.3057446479797363,-0.8057447075843811,attack,No
2287,1,1,0.7981867777396212,-0.5212538242340088,-1.8962538242340088,attack,Yes
2288,1,0,0.03308597743528921,-3.7156426906585693,-0.34064266085624695,attack,No
2289,1,1,0.679178699175393,-0.7993522882461548,-1.5493522882461548,attack,Yes
2290,1,1,0.8354835289107309,-0.3832171559333801,-2.0082170963287354,attack,Yes
2291,1,0,0.1329642333263228,-2.487363815307617,-0.6123637557029724,attack,no
2292,1,1,0.9241418262465169,-0.1808861792087555,-2.6808862686157227,attack,Yes
2293,1,1,0.893309411735131,-0.35832518339157104,-2.483325242996216,attack,Yes
2294,1,0,0.007577239474994629,-5.457423210144043,-0.5824229717254639,attack,No
2295,1,1,0.9669140187510509,-0.130316823720932,-3.505316734313965,attack,Yes
2296,1,0,0.025957354183760273,-4.2755208015441895,-0.6505206823348999,attack,No
2297,1,0,0.01798621364681958,-4.365516185760498,-0.36551639437675476,attack,No
2298,1,0,0.0019267345343787824,-6.295253753662109,-0.045253686606884,attack,No
2299,1,0,0.2689414213699951,-1.7957361936569214,-0.7957361936569214,attack,No
2300,1,0,0.0373268852023206,-3.909489870071411,-0.6594898104667664,attack,no
2301,1,0,0.2689414096510108,-1.8969080448150635,-0.8969079852104187,attack,no
2302,1,1,0.8354835452961425,-0.3508886694908142,-1.975888729095459,attack,Yes
2303,1,0,0.0293122256635596,-4.046449184417725,-0.5464490056037903,attack,no
2304,1,0,0.2689414213699951,-1.6449768543243408,-0.6449768543243408,attack,No
2305,1,0,0.3486451217982255,-1.3429591655731201,-0.7179591059684753,attack,No
2306,1,1,0.932453304167687,-0.20255835354328156,-2.8275582790374756,attack,Yes
2307,1,0,0.02931223159932252,-3.910963296890259,-0.4109633266925812,attack,No
2308,1,1,0.7772998508568416,-0.6573968529701233,-1.9073967933654785,attack,Yes
2309,1,0,0.053403329799824234,-3.5417637825012207,-0.6667637825012207,attack,No
2310,1,0,0.20181324146316565,-2.08311128616333,-0.7081114053726196,attack,no
2311,1,0,0.09534945975773548,-2.8926563262939453,-0.6426562666893005,attack,No
2312,1,0,0.010986940039882433,-5.083673477172852,-0.5836732387542725,attack,No
2313,1,1,0.7549149868676283,-0.614696741104126,-1.739696741104126,attack,Yes
2314,1,0,0.025957357951306048,-4.078583240509033,-0.4535832703113556,attack,no
2315,1,0,0.010986941659076578,-4.9843831062316895,-0.4843830168247223,attack,No
2316,1,0,0.29421497216298875,-1.8133060932159424,-0.9383060932159424,attack,no
2317,1,0,0.033085978388704126,-3.874915361404419,-0.49991536140441895,attack,No
2318,1,0,0.010986944573626636,-4.982471466064453,-0.48247164487838745,attack,No
2319,1,0,0.03308597552845946,-3.717961072921753,-0.34296098351478577,attack,No
2320,1,0,0.022977365895758564,-4.458288192749023,-0.7082880139350891,attack,no
2321,1,0,0.033085970761385544,-4.089561462402344,-0.7145612239837646,attack,no
2322,1,1,0.6513548646660542,-0.8304555416107178,-1.4554555416107178,attack,Yes
2323,1,1,0.8175744584140004,-0.5239888429641724,-2.023988723754883,attack,Yes
2324,1,0,0.16451645470385742,-2.399733304977417,-0.7747332453727722,attack,no
2325,1,0,0.060086646807761206,-3.1500303745269775,-0.40003031492233276,attack,No
2326,1,0,0.015906389379279733,-4.253517150878906,-0.1285170018672943,attack,No
2327,1,0,0.005911070257222078,-5.654208183288574,-0.5292084217071533,attack,No
2328,1,1,0.5621764862150634,-0.9739399552345276,-1.2239398956298828,attack,Yes
2329,1,0,0.053403329799824234,-3.5495941638946533,-0.6745941638946533,attack,No
2330,1,0,0.11920292828022305,-2.615671157836914,-0.6156712174415588,attack,No
2331,1,1,0.6513548511303336,-0.725750744342804,-1.3507506847381592,attack,Yes
2332,1,1,0.8933094060543487,-0.3140854835510254,-2.4390854835510254,attack,Yes
2333,1,0,0.29421497216298875,-1.7172101736068726,-0.8422101736068726,attack,No
2334,1,0,0.0008040857680187367,-7.474341869354248,-0.34934166073799133,attack,No
2335,1,0,0.001700722411435288,-6.953259468078613,-0.5782594680786133,attack,no
2336,1,0,0.0040701369910610885,-6.079407691955566,-0.5794075131416321,attack,No
2337,1,0,0.04208772791561884,-3.631784200668335,-0.506784200668335,attack,No
2338,1,0,0.014063627869714051,-4.582794189453125,-0.3327942490577698,attack,No
2339,1,1,0.7057850402140659,-0.7401058077812195,-1.6151058673858643,attack,Yes
2340,1,1,0.6513548511303336,-0.7262256741523743,-1.3512256145477295,attack,Yes
2341,1,0,0.014063627456479755,-4.735574245452881,-0.48557427525520325,attack,No
2342,1,0,0.037326887344129464,-3.802175283432007,-0.5521752834320068,attack,No
2343,1,1,0.7057850278370112,-0.5721386671066284,-1.4471386671066284,attack,Yes
2344,1,0,0.03732689162774753,-3.7096986770629883,-0.45969879627227783,attack,No
2345,1,1,0.8807970654616711,-0.36018240451812744,-2.360182285308838,attack,Yes
2346,1,0,0.04742586913845881,-3.4254977703094482,-0.4254976809024811,attack,No
2347,1,0,0.11920292202211755,-2.5696794986724854,-0.5696794986724854,attack,No
2348,1,0,0.22270014914315833,-2.0147194862365723,-0.764719545841217,attack,No
2349,1,0,0.010986941982915435,-5.084303855895996,-0.5843037962913513,attack,No
2350,1,0,0.008577484399966718,-5.450128555297852,-0.700128436088562,attack,no
2351,1,0,0.01798620575097472,-4.537230491638184,-0.5372302532196045,attack,No
2352,1,0,0.24508501313237172,-1.741611123085022,-0.616611123085022,attack,No
2353,1,0,0.07585818837825822,-2.9893054962158203,-0.48930561542510986,attack,No
2354,1,0,0.007577240371427665,-5.573235511779785,-0.6982353925704956,attack,no
2355,1,0,0.014063626216776943,-4.690051555633545,-0.44005149602890015,attack,No
2356,1,1,0.7981867873410141,-0.5914537310600281,-1.9664537906646729,attack,Yes
2357,1,1,0.9669140220880033,-0.13016150891780853,-3.5051615238189697,attack,Yes
2358,1,0,0.20181321265898594,-2.21429443359375,-0.8392943739891052,attack,no
2359,1,1,0.9149009549929797,-0.25415635108947754,-2.6291563510894775,attack,Yes
2360,1,0,0.05340332377362639,-3.2701330184936523,-0.3951328992843628,attack,No
2361,1,0,0.5,-1.1737627983093262,-1.1737627983093262,attack,no
2362,1,0,0.05340332678672523,-3.4885878562927246,-0.6135877966880798,attack,No
2363,1,0,0.34864513533394575,-1.5777153968811035,-0.9527153968811035,attack,No
2364,1,0,0.037326887344129464,-3.7524704933166504,-0.5024704933166504,attack,No
2365,1,0,0.03732688948593843,-3.800999879837036,-0.5509999394416809,attack,No
2366,1,0,0.006692851716795015,-5.531465530395508,-0.5314656496047974,attack,no
2367,1,0,0.0013250225749588576,-7.202664375305176,-0.5776644945144653,attack,no
2368,1,0,0.01798621101487092,-4.5895466804504395,-0.5895467400550842,attack,No
2369,1,0,0.042087723109535534,-3.6806411743164062,-0.5556410551071167,attack,No
2370,1,0,0.02931223583915389,-4.15427827835083,-0.6542784571647644,attack,no
2371,1,0,0.022977373924293353,-4.290163993835449,-0.5401641726493835,attack,No
2372,1,0,0.11920291576401235,-2.783541440963745,-0.7835413813591003,attack,no
2373,1,0,0.008577484019812273,-4.983194828033447,-0.23319466412067413,attack,No
2374,1,1,0.6224593312018546,-0.7687162160873413,-1.2687162160873413,attack,Yes
2375,1,0,0.020332349780873466,-4.36713171005249,-0.4921315312385559,attack,no
2376,1,0,0.05340332678672523,-3.308814525604248,-0.43381446599960327,attack,No
2377,1,1,0.8670357494949105,-0.4152592122554779,-2.2902591228485107,attack,Yes
2378,1,1,0.9046505299595163,-0.2984462380409241,-2.5484461784362793,attack,Yes
2379,1,0,0.06008665017400762,-3.2290117740631104,-0.47901177406311035,attack,No
2380,1,0,0.060086648490884395,-3.2061426639556885,-0.4561426341533661,attack,no
2381,1,1,0.5312093733737563,-1.0337316989898682,-1.1587316989898682,attack,Yes
2382,1,0,0.006692852113050128,-5.319146633148193,-0.3191468119621277,attack,No
2383,1,0,0.46879062662624377,-1.2478320598602295,-1.1228320598602295,attack,No
2384,1,0,0.05340333582602272,-3.398120403289795,-0.5231205224990845,attack,no
2385,1,0,0.3208212878370535,-1.675163984298706,-0.9251639246940613,attack,no
2386,1,0,0.06754669864792355,-3.3066186904907227,-0.6816188097000122,attack,no
2387,1,0,0.13296424019782924,-2.602254629135132,-0.7272546291351318,attack,No
2388,1,0,0.03732688948593843,-3.910092353820801,-0.6600924134254456,attack,No
2389,1,0,0.2689414096510108,-1.7249233722686768,-0.724923312664032,attack,No
2390,1,1,0.6224593312018546,-0.9201980829238892,-1.4201980829238892,attack,Yes
2391,1,0,0.03308597648187432,-3.8330893516540527,-0.45808929204940796,attack,no
2392,1,1,0.679178699175393,-0.6635391712188721,-1.413539171218872,attack,Yes
2393,1,0,0.0953494648991095,-2.818451404571533,-0.5684514045715332,attack,no
2394,1,0,0.32082130082460697,-1.5708460807800293,-0.8208460807800293,attack,No
2395,1,0,0.1824255415859996,-2.087340831756592,-0.5873409509658813,attack,No
2396,1,1,0.7981867777396212,-0.5024908781051636,-1.8774908781051636,attack,Yes
2397,1,0,0.01406362497707424,-4.689388275146484,-0.43938812613487244,attack,No
2398,1,0,0.01406362952265135,-4.893077373504639,-0.643077552318573,attack,No
2399,1,0,0.4378234991142019,-1.2149606943130493,-0.9649606943130493,attack,No
2400,1,0,0.09534947518185825,-2.9505577087402344,-0.7005578279495239,attack,No
2401,1,0,0.022977365895758564,-4.2916646003723145,-0.5416644215583801,attack,No
2402,1,0,0.0534033328129234,-3.3916141986846924,-0.5166142582893372,attack,No
2403,1,0,0.4073334000459302,-1.2794630527496338,-0.9044630527496338,attack,No
2404,1,0,0.05340333582602272,-3.604910373687744,-0.7299104928970337,attack,no
2405,1,0,0.46879062662624377,-1.2439204454421997,-1.1189204454421997,attack,No
2406,1,0,0.0373268852023206,-3.9113917350769043,-0.6613916754722595,attack,no
2407,1,1,0.8175744939732856,-0.5976995229721069,-2.0976996421813965,attack,Yes
2408,1,1,0.7981867873410141,-0.4057926535606384,-1.7807927131652832,attack,Yes
2409,1,1,0.6513548646660542,-0.7940530776977539,-1.419053077697754,attack,Yes
2410,1,0,0.014063626630011202,-4.649101257324219,-0.39910122752189636,attack,No
2411,1,0,0.20181320305759334,-2.2262940406799316,-0.8512939214706421,attack,no
2412,1,1,0.5621765155565327,-0.9004268050193787,-1.1504268646240234,attack,Yes
2413,1,0,0.20181323186177208,-1.9830353260040283,-0.6080353856086731,attack,No
2414,1,0,0.014063627869714051,-4.5149827003479,-0.26498275995254517,attack,No
2415,1,0,0.05340332377362639,-3.6045918464660645,-0.7295917272567749,attack,no
2416,1,0,0.03308597648187432,-3.8308305740356445,-0.45583051443099976,attack,No
2417,1,0,0.46879062662624377,-1.1658098697662354,-1.0408098697662354,attack,No
2418,1,0,0.017986212067650338,-4.590029239654541,-0.5900293588638306,attack,No
2419,1,0,0.007577239923211134,-5.3556742668151855,-0.4806740880012512,attack,No
2420,1,0,0.08509904500702024,-2.915449619293213,-0.5404496192932129,attack,No
2421,1,0,0.022977365895758564,-4.241854667663574,-0.4918544888496399,attack,No
2422,1,1,0.6513548646660542,-0.9107108116149902,-1.5357108116149902,attack,Yes
2423,1,1,0.6513548511303336,-0.7856724858283997,-1.4106724262237549,attack,Yes
2424,1,1,0.6513548646660542,-0.8610804080963135,-1.4860804080963135,attack,Yes
2425,1,0,0.11920291576401235,-2.6717782020568848,-0.67177814245224,attack,No
2426,1,1,0.5621765008857981,-0.8885596990585327,-1.1385596990585327,attack,Yes
2427,1,1,0.5312093733737563,-1.0985029935836792,-1.2235029935836792,attack,Yes
2428,1,0,0.09534947004048376,-2.9510297775268555,-0.7010298371315002,attack,no
2429,1,0,0.042087725512577126,-3.683769464492798,-0.5587694048881531,attack,no
2430,1,0,0.2689414213699951,-1.8666609525680542,-0.8666609525680542,attack,No
2431,1,0,0.037326887344129464,-3.708057165145874,-0.458057165145874,attack,No
2432,1,1,0.880797071719777,-0.39406806230545044,-2.3940680027008057,attack,Yes
2433,1,1,0.7057850154599563,-0.754261314868927,-1.6292612552642822,attack,Yes
2434,1,0,0.11920291576401235,-2.724961042404175,-0.72496098279953,attack,no
2435,1,0,0.053403329799824234,-3.437368392944336,-0.5623683929443359,attack,No
2436,1,0,0.0035936027948457686,-5.976967811584473,-0.35196787118911743,attack,No
2437,1,1,0.8519527944504226,-0.36460167169570923,-2.1146016120910645,attack,Yes
2438,1,0,0.002472623303650189,-6.578593730926514,-0.5785937905311584,attack,no
2439,1,0,0.009708478200631072,-5.1558427810668945,-0.5308429598808289,attack,No
2440,1,0,0.34864513533394575,-1.5745595693588257,-0.9495595693588257,attack,no
2441,1,1,0.6224593312018546,-0.8902137279510498,-1.3902137279510498,attack,Yes
2442,1,0,0.32082130082460697,-1.373047947883606,-0.623047947883606,attack,No
2443,1,1,0.851952809486198,-0.4594108462333679,-2.2094109058380127,attack,Yes
2444,1,0,0.2689414213699951,-1.8484328985214233,-0.8484328985214233,attack,no
2445,1,1,0.7310585786300049,-0.6171411275863647,-1.6171411275863647,attack,Yes
2446,1,0,0.01406362952265135,-4.837137222290039,-0.5871374011039734,attack,No
2447,1,0,0.0015011824354232285,-7.024996757507324,-0.5249968767166138,attack,No
2448,1,0,0.07585818419975078,-3.0332484245300293,-0.5332484841346741,attack,No
2449,1,0,0.2942149597859341,-1.5887830257415771,-0.7137829661369324,attack,No
2450,1,0,0.1329642333263228,-2.42543888092041,-0.5504388213157654,attack,No
2451,1,0,0.03732689162774753,-3.7080764770507812,-0.4580765962600708,attack,No
2452,1,0,0.06008665354025422,-3.4241626262664795,-0.6741626858711243,attack,No
2453,1,0,0.0059110695567328965,-5.705438137054443,-0.5804382562637329,attack,No
2454,1,0,0.020332358091706755,-4.365474700927734,-0.4904749393463135,attack,No
2455,1,0,0.20181321265898594,-2.1367154121398926,-0.7617153525352478,attack,no
2456,1,0,0.014063626216776943,-4.690051555633545,-0.44005149602890015,attack,No
2457,1,1,0.9465966679403514,-0.2170732468366623,-3.0920732021331787,attack,Yes
2458,1,0,0.13296424706933604,-2.611626386642456,-0.7366264462471008,attack,no
2459,1,1,0.7549149868676283,-0.5477156639099121,-1.672715663909912,attack,Yes
2460,1,0,0.20181322226037882,-1.9108173847198486,-0.5358173847198486,attack,No
2461,1,0,0.0850990357257195,-2.9199018478393555,-0.5449017286300659,attack,No
2462,1,0,0.010986940039882433,-5.085014343261719,-0.5850141048431396,attack,no
2463,1,0,0.09534947004048376,-2.523268461227417,-0.27326852083206177,attack,No
2464,1,1,0.6791786861878392,-0.7071848511695862,-1.4571847915649414,attack,Yes
2465,1,0,0.02595736247236169,-4.1215128898620605,-0.49651309847831726,attack,No
2466,1,0,0.11920292202211755,-2.453329563140869,-0.45332956314086914,attack,No
2467,1,0,0.10669059394565118,-2.639423131942749,-0.514423131942749,attack,No
2468,1,0,0.32082130082460697,-1.5693237781524658,-0.8193237781524658,attack,No
2469,1,0,0.13296424706933604,-2.556157350540161,-0.6811574101448059,attack,no
2470,1,0,0.008577486680893736,-5.187328338623047,-0.4373284876346588,attack,no
2471,1,0,0.46879062662624377,-1.2346398830413818,-1.1096398830413818,attack,no
2472,1,0,0.22270012850745968,-2.0283946990966797,-0.7783946394920349,attack,no
2473,1,0,0.04742587856304458,-3.5114779472351074,-0.511478066444397,attack,No
2474,1,1,0.5312093882168609,-0.9311885237693787,-1.0561885833740234,attack,Yes
2475,1,0,0.006692850131774789,-5.581301212310791,-0.5813010931015015,attack,no
2476,1,0,0.022977365895758564,-4.198150634765625,-0.4481504559516907,attack,No
2477,1,0,0.03308598029553404,-3.8748178482055664,-0.4998179078102112,attack,no
2478,1,0,0.46879061178313897,-1.0257139205932617,-0.9007138609886169,attack,No
2479,1,0,0.01590639357784294,-4.713617324829102,-0.5886174440383911,attack,No
2480,1,0,0.5,-1.0359538793563843,-1.0359538793563843,attack,No
2481,1,0,0.16451644651115205,-2.383877754211426,-0.7588776350021362,attack,No
2482,1,0,0.01243164938964095,-5.017395973205566,-0.6423958539962769,attack,No
2483,1,0,0.008577486934330109,-5.280388832092285,-0.5303890109062195,attack,No
2484,1,0,0.02297737258620403,-4.156052589416504,-0.40605270862579346,attack,No
2485,1,0,0.18242553269617778,-2.130037307739258,-0.6300373673439026,attack,No
2486,1,1,0.6513548782017746,-0.8114802241325378,-1.4364802837371826,attack,Yes
2487,1,0,0.08509904964767095,-2.9617581367492676,-0.5867581963539124,attack,No
2488,1,0,0.029312237535086605,-4.154129981994629,-0.654130220413208,attack,No
2489,1,0,0.24508502416032488,-1.7476837635040283,-0.6226838231086731,attack,No
2490,1,1,0.5621765008857981,-1.0166120529174805,-1.2666120529174805,attack,Yes
2491,1,0,0.009708474475791274,-5.10855770111084,-0.48355749249458313,attack,No
2492,1,0,0.0019267346633274755,-6.828012466430664,-0.5780124664306641,attack,no
2493,1,0,0.46879062662624377,-1.2581058740615845,-1.1331058740615845,attack,no
2494,1,0,0.022977365895758564,-4.292386531829834,-0.5423863530158997,attack,No
2495,1,0,0.037326887344129464,-3.801023006439209,-0.551023006439209,attack,No
2496,1,1,0.8519528132451416,-0.34187617897987366,-2.091876268386841,attack,Yes
2497,1,0,0.24508500210441886,-1.9060602188110352,-0.7810601592063904,attack,No
2498,1,1,0.6513548511303336,-0.8114803433418274,-1.4364802837371826,attack,Yes
2499,1,1,0.7057850278370112,-0.7162795066833496,-1.5912795066833496,attack,Yes
2500,1,0,0.04208772791561884,-3.474268674850464,-0.34926867485046387,attack,No
2501,1,1,0.8519527982093668,-0.4028659164905548,-2.1528658866882324,attack,Yes
2502,1,0,0.4378234991142019,-1.2891230583190918,-1.0391230583190918,attack,no
2503,1,0,0.24508501313237172,-1.8581383228302002,-0.7331383228302002,attack,No
2504,1,0,0.3775406828054583,-1.4743256568908691,-0.9743257164955139,attack,No
2505,1,0,0.20181323186177208,-2.16845703125,-0.7934570908546448,attack,no
2506,1,0,0.2689414096510108,-1.8061869144439697,-0.806186854839325,attack,No
2507,1,1,0.880797071719777,-0.3198767304420471,-2.3198766708374023,attack,Yes
2508,1,0,0.20181321265898594,-1.983919382095337,-0.6089193224906921,attack,No
2509,1,0,0.02595736171885236,-4.171246528625488,-0.5462467074394226,attack,no
2510,1,0,0.03732688948593843,-3.8004744052886963,-0.5504744648933411,attack,No
2511,1,0,0.042087725512577126,-3.789144277572632,-0.6641442179679871,attack,no
2512,1,0,0.012431650121413363,-5.076766014099121,-0.7017659544944763,attack,no
2513,1,0,0.015906394977364253,-4.52737283706665,-0.4023730456829071,attack,No
2514,1,0,0.033085978388704126,-3.92305588722229,-0.54805588722229,attack,No
2515,1,1,0.9324533135530545,-0.2028931826353073,-2.8278932571411133,attack,Yes
2516,1,0,0.007577239923211134,-5.40499210357666,-0.5299919247627258,attack,No
2517,1,0,0.06008665354025422,-3.3178446292877197,-0.5678446888923645,attack,No
2518,1,0,0.0675466911396291,-3.3632736206054688,-0.7382736206054688,attack,no
2519,1,0,0.1329642333263228,-2.505960702896118,-0.6309606432914734,attack,No
2520,1,0,0.46879064146934857,-1.1122193336486816,-0.9872193932533264,attack,No
2521,1,0,0.029312237535086605,-4.09721565246582,-0.5972158908843994,attack,no
2522,1,0,0.2689414213699951,-1.708149790763855,-0.708149790763855,attack,No
2523,1,0,0.03308598220236406,-3.8297624588012695,-0.4547625780105591,attack,No
2524,1,0,0.01590639171181471,-4.714920520782471,-0.5899205207824707,attack,No
2525,1,0,0.010986940039882433,-5.200953483581543,-0.7009532451629639,attack,no
2526,1,0,0.18242553269617778,-2.333998441696167,-0.8339985013008118,attack,no
2527,1,1,0.5621765008857981,-0.9367295503616333,-1.1867295503616333,attack,Yes
2528,1,0,0.46879062662624377,-1.2557114362716675,-1.1307114362716675,attack,no
2529,1,1,0.7772998508568416,-0.5380426049232483,-1.7880425453186035,attack,Yes
2530,1,0,0.033085978388704126,-3.974896192550659,-0.5998961925506592,attack,No
2531,1,0,0.010986941335237732,-5.142937660217285,-0.6429375410079956,attack,no
2532,1,0,0.3208212878370535,-1.6501202583312988,-0.900120198726654,attack,no
2533,1,0,0.22270012850745968,-2.03408145904541,-0.7840813994407654,attack,no
2534,1,0,0.02595735719779685,-4.167974948883057,-0.5429749488830566,attack,No
2535,1,0,0.03308598220236406,-3.876034736633301,-0.5010348558425903,attack,No
2536,1,0,0.005911068505999277,-5.604636192321777,-0.47963613271713257,attack,No
2537,1,0,0.0534033328129234,-3.345262289047241,-0.470262348651886,attack,No
2538,1,0,0.22270012850745968,-1.8092918395996094,-0.5592917799949646,attack,No
2539,1,0,0.005220124610240159,-5.729179859161377,-0.47917965054512024,attack,No
2540,1,0,0.037326888415033926,-3.6677052974700928,-0.41770532727241516,attack,No
2541,1,0,0.02033235452992065,-4.5213117599487305,-0.6463118195533752,attack,No
2542,1,0,0.02931223159932252,-3.839799642562866,-0.3397996723651886,attack,No
2543,1,0,0.08509904964767095,-2.970212936401367,-0.595212996006012,attack,no
2544,1,0,0.3486451488696663,-1.372162103652954,-0.7471621632575989,attack,No
2545,1,0,0.012431653780276067,-4.959916114807129,-0.584916353225708,attack,No
2546,1,0,0.0040701384407312935,-5.817094326019287,-0.31709450483322144,attack,No
2547,1,0,0.5,-1.1955469846725464,-1.1955469846725464,attack,no
2548,1,0,0.047425867792089564,-3.6130666732788086,-0.613066554069519,attack,no
2549,1,0,0.24508500210441886,-1.9002296924591064,-0.7752296328544617,attack,no
2550,1,0,0.34864513533394575,-1.4874305725097656,-0.8624305725097656,attack,No
2551,1,0,0.1480471980316895,-2.364123821258545,-0.6141238212585449,attack,No
2552,1,1,0.7981867777396212,-0.643538236618042,-2.018538236618042,attack,Yes
2553,1,1,0.8354835248143776,-0.42623409628868103,-2.051234006881714,attack,Yes
2554,1,0,0.004609571632403393,-5.9031219482421875,-0.528121829032898,attack,No
2555,1,0,0.042087723109535534,-3.785783290863037,-0.6607831716537476,attack,No
2556,1,0,0.13296424019782924,-2.657191753387451,-0.7821917533874512,attack,no
2557,1,0,0.0013250224960860068,-7.202462673187256,-0.5774627327919006,attack,No
2558,1,0,0.04208772791561884,-3.7292816638946533,-0.6042816638946533,attack,No
2559,1,0,0.10669059394565118,-2.7803795337677,-0.6553795337677002,attack,No
2560,1,1,0.7981867825403176,-0.32317695021629333,-1.6981769800186157,attack,Yes
2561,1,0,0.2942149597859341,-1.490131139755249,-0.6151310801506042,attack,No
2562,1,0,0.04742586913845881,-3.4250450134277344,-0.4250449240207672,attack,No
2563,1,0,0.053403329799824234,-3.393745183944702,-0.5187451839447021,attack,No
2564,1,0,0.007577242836619065,-5.231042385101318,-0.3560425937175751,attack,No
2565,1,0,0.006692849537392301,-5.482021331787109,-0.48202112317085266,attack,no
2566,1,0,0.5,-1.0997902154922485,-1.0997902154922485,attack,No
2567,1,0,0.012431651584958318,-4.9085211753845215,-0.5335212349891663,attack,No
2568,1,0,0.3208213138121609,-1.532055377960205,-0.7820554375648499,attack,No
2569,1,0,0.02297737258620403,-4.458087921142578,-0.7080880403518677,attack,no
2570,1,0,0.042087725512577126,-3.7316477298736572,-0.6066476702690125,attack,No
2571,1,0,0.11920292202211755,-2.4519879817962646,-0.45198798179626465,attack,No
2572,1,0,0.04208772791561884,-3.7882168292999268,-0.6632168292999268,attack,no
2573,1,0,0.20181323186177208,-2.0162341594696045,-0.6412342190742493,attack,No
2574,1,1,0.8807970842359877,-0.4346238970756531,-2.434623956680298,attack,Yes
2575,1,1,0.7549149868676283,-0.6639837026596069,-1.788983702659607,attack,Yes
2576,1,0,0.06008665354025422,-3.320695400238037,-0.5706954598426819,attack,No
2577,1,0,0.22270013882530884,-1.6030423641204834,-0.3530423641204834,attack,No
2578,1,1,0.7549149868676283,-0.5741198062896729,-1.6991198062896729,attack,Yes
2579,1,0,0.03732688306051187,-3.8560667037963867,-0.6060665845870972,attack,no
2580,1,0,0.02297736991002561,-4.342371940612793,-0.592371940612793,attack,no
2581,1,0,0.01406362952265135,-4.952554225921631,-0.7025544047355652,attack,no
2582,1,0,0.0534033328129234,-3.546499252319336,-0.6714993119239807,attack,no
2583,1,0,0.3486451488696663,-1.5659098625183105,-0.9409099221229553,attack,No
2584,1,0,0.03308597648187432,-3.92305588722229,-0.5480558276176453,attack,No
2585,1,0,0.2689414330889798,-1.8041198253631592,-0.804119884967804,attack,no
2586,1,0,0.22270011818961086,-2.0533804893493652,-0.8033803701400757,attack,No
2587,1,0,0.014063627043245474,-4.737082481384277,-0.48708248138427734,attack,no
2588,1,0,0.5,-1.1951483488082886,-1.1951483488082886,attack,no
2589,1,0,0.09534947004048376,-2.952439546585083,-0.7024396061897278,attack,No
2590,1,0,0.11920291576401235,-2.618886709213257,-0.6188866496086121,attack,No
2591,1,0,0.4378234991142019,-1.2833921909332275,-1.0333921909332275,attack,no
2592,1,0,0.0474258704848281,-3.6096346378326416,-0.6096345782279968,attack,No
2593,1,1,0.6513548782017746,-0.6765622496604919,-1.3015623092651367,attack,Yes
2594,1,1,0.679178699175393,-0.816781759262085,-1.566781759262085,attack,Yes
2595,1,0,0.0534033328129234,-3.345600128173828,-0.4706001877784729,attack,No
2596,1,1,0.6513548782017746,-0.8695258498191833,-1.4945259094238281,attack,Yes
2597,1,0,0.5,-1.1503207683563232,-1.1503207683563232,attack,no
2598,1,0,0.01590639077880068,-4.76935338973999,-0.6443533301353455,attack,No
2599,1,0,0.005220124764999895,-5.568211555480957,-0.3182113766670227,attack,No
2600,1,0,0.008577485413711986,-5.389568328857422,-0.6395683288574219,attack,No
2601,1,0,0.0850990542883219,-3.0691356658935547,-0.6941357851028442,attack,No
2602,1,0,0.13296424019782924,-2.6101815700531006,-0.7351815700531006,attack,No
2603,1,0,0.009708475908421797,-5.021769046783447,-0.3967689871788025,attack,no
2604,1,0,0.0850990357257195,-3.0168685913085938,-0.6418684720993042,attack,No
2605,1,0,0.10669060530721626,-2.6874003410339355,-0.5624004602432251,attack,No
2606,1,0,0.03308597648187432,-3.7517356872558594,-0.3767356276512146,attack,No
2607,1,0,0.5,-1.171435832977295,-1.171435832977295,attack,no
2608,1,0,0.007577242612510723,-5.35720157623291,-0.4822017550468445,attack,No
2609,1,1,0.8175744806385543,-0.3703065812587738,-1.8703066110610962,attack,Yes
2610,1,0,0.017986206803753842,-4.53704833984375,-0.5370481610298157,attack,No
2611,1,0,0.34864513533394575,-1.4531219005584717,-0.8281219005584717,attack,No
2612,1,0,0.3208213138121609,-1.534684181213379,-0.7846842408180237,attack,No
2613,1,1,0.7981867873410141,-0.501318633556366,-1.8763186931610107,attack,Yes
2614,1,0,0.01798621101487092,-4.588950157165527,-0.5889502167701721,attack,No
2615,1,0,0.017986212067650338,-4.588633060455322,-0.5886331796646118,attack,No
2616,1,0,0.007577240371427665,-5.232328414916992,-0.35732829570770264,attack,no
2617,1,0,0.025957351169724027,-4.074414253234863,-0.4494140148162842,attack,No
2618,1,0,0.07585818628900447,-2.9261727333068848,-0.42617282271385193,attack,no
2619,1,0,0.08509904964767095,-3.066249132156372,-0.6912491917610168,attack,no
2620,1,0,0.07585818837825822,-3.1863417625427246,-0.6863418817520142,attack,no
2621,1,0,0.004070138199119559,-5.978320121765137,-0.47832024097442627,attack,no
2622,1,0,0.02297736857193652,-4.398685455322266,-0.6486853957176208,attack,No
2623,1,0,0.24508502416032488,-2.0288779735565186,-0.9038780331611633,attack,no
2624,1,0,0.01590639544387138,-4.660540580749512,-0.5355408191680908,attack,no
2625,1,0,0.04742587587030561,-3.6694867610931396,-0.6694868206977844,attack,No
2626,1,0,0.4378234991142019,-1.3332669734954834,-1.0832669734954834,attack,no
2627,1,0,0.04742587856304458,-3.6118555068969727,-0.6118556261062622,attack,no
2628,1,0,0.2942149597859341,-1.665076732635498,-0.7900766730308533,attack,No
2629,1,0,0.008577485413711986,-5.23130464553833,-0.4813046455383301,attack,no
2630,1,0,0.022977371248114782,-4.458062171936035,-0.7080622315406799,attack,no
2631,1,1,0.8519527906914787,-0.3413933217525482,-2.091393232345581,attack,Yes
2632,1,0,0.37754066879814546,-1.5004802942276,-1.0004802942276,attack,no
2633,1,0,0.000911051248654057,-7.524089813232422,-0.5240898728370667,attack,No
2634,1,0,0.02595736021183377,-4.276771068572998,-0.6517711877822876,attack,No
2635,1,0,0.4073334000459302,-1.4465309381484985,-1.0715309381484985,attack,no
2636,1,0,0.22270014914315833,-2.007910966873169,-0.7579110264778137,attack,No
2637,1,0,0.10669059394565118,-2.68127179145813,-0.5562717914581299,attack,No
2638,1,0,0.009708476768000214,-5.107753753662109,-0.48275378346443176,attack,no
2639,1,0,0.32082130082460697,-1.4910184144973755,-0.7410184144973755,attack,No
2640,1,0,0.46879062662624377,-1.197265625,-1.072265625,attack,No
2641,1,0,0.16451647108926923,-2.4428837299346924,-0.8178837895393372,attack,no
2642,1,1,0.7772998611746911,-0.4852980375289917,-1.7352980375289917,attack,Yes
2643,1,0,0.18242553269617778,-2.222730875015259,-0.7227309346199036,attack,No
2644,1,0,0.32082130082460697,-1.5286505222320557,-0.7786505222320557,attack,No
2645,1,0,0.005911068155754778,-5.559138774871826,-0.4341386556625366,attack,No
2646,1,0,0.46879062662624377,-1.2136716842651367,-1.0886716842651367,attack,no
2647,1,0,0.03308597648187432,-4.029244899749756,-0.6542448401451111,attack,No
2648,1,0,0.029312237535086605,-4.152712821960449,-0.6527130603790283,attack,No
2649,1,0,0.02595735719779685,-4.1709065437316895,-0.5459065437316895,attack,no
2650,1,0,0.03308598220236406,-3.9738082885742188,-0.5988084077835083,attack,no
2651,1,0,0.18242551491653522,-2.219740390777588,-0.7197403311729431,attack,No
2652,1,0,0.02595736171885236,-4.277137279510498,-0.6521374583244324,attack,no
2653,1,0,0.002800927133601626,-6.351980209350586,-0.4769802689552307,attack,No
2654,1,1,0.6224593312018546,-0.8369286060333252,-1.3369286060333252,attack,Yes
2655,1,0,0.29421497216298875,-1.6590960025787354,-0.7840960025787354,attack,No
2656,1,0,0.033085978388704126,-3.875656843185425,-0.5006568431854248,attack,No
2657,1,0,0.05340332678672523,-3.350557804107666,-0.47555774450302124,attack,No
2658,1,0,0.24508501313237172,-1.9719491004943848,-0.8469491004943848,attack,No
2659,1,0,0.08509904500702024,-2.961164951324463,-0.5861649513244629,attack,No
2660,1,0,0.033085981248949035,-3.75239896774292,-0.3773990571498871,attack,No
2661,1,0,0.09534947004048376,-2.953650951385498,-0.7036510109901428,attack,no
2662,1,0,0.20181322226037882,-2.2184040546417236,-0.8434040546417236,attack,no
2663,1,0,0.32082130082460697,-1.6226481199264526,-0.8726481199264526,attack,No
2664,1,1,0.9740426428022031,-0.12228250503540039,-3.7472825050354004,attack,Yes
2665,1,0,0.02297737258620403,-4.118740558624268,-0.36874067783355713,attack,No
2666,1,0,0.0011695105261557417,-6.806561470031738,-0.05656169354915619,attack,No
2667,1,1,0.5621765008857981,-0.9294158220291138,-1.1794158220291138,attack,Yes
2668,1,0,0.4073334000459302,-1.4072589874267578,-1.0322589874267578,attack,No
2669,1,0,0.05340332678672523,-3.3066322803497314,-0.43163222074508667,attack,No
2670,1,1,0.7057850278370112,-0.5844719409942627,-1.4594719409942627,attack,Yes
2671,1,0,0.08509904500702024,-2.8753201961517334,-0.5003201961517334,attack,No
2672,1,0,0.3775406828054583,-1.3913512229919434,-0.8913512825965881,attack,No
2673,1,0,0.09534947518185825,-2.801084041595459,-0.5510841608047485,attack,No
2674,1,0,0.09534947004048376,-2.899665117263794,-0.6496651768684387,attack,No
2675,1,0,0.00218271696460951,-6.602046966552734,-0.4770472049713135,attack,No
2676,1,0,0.009708477627578704,-5.266263008117676,-0.6412631273269653,attack,no
2677,1,0,0.012431650853185818,-4.9603800773620605,-0.5853800773620605,attack,No
2678,1,0,0.10669059394565118,-2.888946056365967,-0.7639460563659668,attack,no
2679,1,0,0.20181324146316565,-2.1666388511657715,-0.791638970375061,attack,No
2680,1,0,0.00359360332841002,-6.015260696411133,-0.3902609050273895,attack,No
2681,1,1,0.5621765008857981,-1.0044384002685547,-1.2544384002685547,attack,Yes
2682,1,0,0.16451644651115205,-2.283813953399658,-0.6588138341903687,attack,No
2683,1,0,0.014063627869714051,-4.5149827003479,-0.26498275995254517,attack,No
2684,1,0,0.01243164829198241,-4.860871315002441,-0.4858711063861847,attack,no
2685,1,1,0.7310585786300049,-0.46147334575653076,-1.4614733457565308,attack,Yes
2686,1,0,0.01406362952265135,-4.952248573303223,-0.702248752117157,attack,no
2687,1,0,0.04742587587030561,-3.426443099975586,-0.4264431595802307,attack,No
2688,1,0,0.03732689162774753,-3.8526206016540527,-0.6026207208633423,attack,No
2689,1,0,0.10669059394565118,-2.7305853366851807,-0.6055853366851807,attack,No
2690,1,0,0.37754066879814546,-1.523383617401123,-1.023383617401123,attack,no
2691,1,0,0.10669060530721626,-2.728160858154297,-0.6031609773635864,attack,No
2692,1,1,0.9241418137109955,-0.17715415358543396,-2.677154064178467,attack,Yes
2693,1,0,0.01798620890931226,-4.32957124710083,-0.3295711874961853,attack,No
2694,1,0,0.012431650121413363,-4.961633682250977,-0.5866336226463318,attack,No
2695,1,0,0.0075772408196442265,-5.514393329620361,-0.6393932700157166,attack,No
2696,1,0,0.10669058826486906,-2.732062339782715,-0.6070622801780701,attack,No
2697,1,0,0.020332352155396922,-4.582535743713379,-0.7075356841087341,attack,no
2698,1,0,0.033085978388704126,-3.795076370239258,-0.4200763702392578,attack,no
2699,1,0,0.005911067455265844,-5.653258323669434,-0.5282580852508545,attack,No
2700,1,0,0.01406362415060583,-4.64887809753418,-0.398877888917923,attack,No
2701,1,1,0.7981867777396212,-0.585915207862854,-1.960915207862854,attack,Yes
2702,1,0,0.04208772791561884,-3.6321094036102295,-0.5071094036102295,attack,No
2703,1,0,0.022977374593338037,-4.025454521179199,-0.27545472979545593,attack,No
2704,1,0,0.10669060530721626,-2.8340182304382324,-0.709018349647522,attack,No
2705,1,0,0.1824255415859996,-2.128365993499756,-0.6283661127090454,attack,No
2706,1,0,0.06754668363133542,-3.363699436187744,-0.7386993169784546,attack,no
2707,1,0,0.004070138199119559,-6.028566837310791,-0.5285669565200806,attack,no
2708,1,1,0.7310585786300049,-0.5469585657119751,-1.546958565711975,attack,Yes
2709,1,0,0.017986206803753842,-4.4891791343688965,-0.48917895555496216,attack,No
2710,1,0,0.020332349780873466,-4.413127422332764,-0.5381272435188293,attack,No
2711,1,0,0.020332350374504305,-4.367041110992432,-0.4920409619808197,attack,no
2712,1,0,0.1645164792819756,-2.29666805267334,-0.6716681718826294,attack,no
2713,1,1,0.867035752930664,-0.4475634694099426,-2.322563409805298,attack,Yes
2714,1,0,0.2689414213699951,-1.7603328227996826,-0.7603328227996826,attack,No
2715,1,0,0.1066905825840872,-2.640265464782715,-0.5152653455734253,attack,No
2716,1,0,0.11920292202211755,-2.669285535812378,-0.6692855358123779,attack,No
2717,1,0,0.007577241716077422,-5.405554294586182,-0.5305543541908264,attack,no
2718,1,1,0.8354835411997897,-0.4172162711620331,-2.0422163009643555,attack,Yes
2719,1,0,0.10669060530721626,-2.898542881011963,-0.7735430002212524,attack,no
2720,1,1,0.7981867777396212,-0.5496952533721924,-1.9246952533721924,attack,Yes
2721,1,0,0.07585818002124356,-3.0829246044158936,-0.5829246044158936,attack,No
2722,1,0,0.0373268852023206,-3.91150164604187,-0.6615015864372253,attack,No
2723,1,0,0.09534945975773548,-2.895000696182251,-0.6450006365776062,attack,No
2724,1,0,0.09534947518185825,-2.8469934463500977,-0.5969935655593872,attack,No
2725,1,0,0.11920292202211755,-2.7172739505767822,-0.7172739505767822,attack,No
2726,1,0,0.01590639217832175,-4.566510200500488,-0.44151023030281067,attack,No
2727,1,1,0.7549149868676283,-0.5749715566635132,-1.6999715566635132,attack,Yes
2728,1,0,0.24508501313237172,-1.9282941818237305,-0.8032941818237305,attack,no
2729,1,0,0.24508501313237172,-1.9716830253601074,-0.8466830253601074,attack,no
2730,1,0,0.08509904964767095,-2.962135076522827,-0.5871351361274719,attack,No
2731,1,0,0.13296424019782924,-2.6069095134735107,-0.7319095134735107,attack,No
2732,1,0,0.0675466911396291,-3.2539896965026855,-0.6289896965026855,attack,no
2733,1,0,0.1329642333263228,-2.4553346633911133,-0.5803346037864685,attack,No
2734,1,0,0.24508501313237172,-1.9222526550292969,-0.7972526550292969,attack,no
2735,1,0,0.20181322226037882,-2.169443368911743,-0.7944433689117432,attack,No
2736,1,0,0.08509904036636974,-2.832308530807495,-0.45730847120285034,attack,No
2737,1,0,0.06008665354025422,-3.4245102405548096,-0.6745103001594543,attack,No
2738,1,0,0.46879062662624377,-1.2764703035354614,-1.1514703035354614,attack,no
2739,1,0,0.053403329799824234,-3.3899471759796143,-0.5149471759796143,attack,No
2740,1,0,0.047425867792089564,-3.5600032806396484,-0.5600031614303589,attack,No
2741,1,0,0.09534947004048376,-2.8491482734680176,-0.5991483330726624,attack,no
2742,1,1,0.8519527906914787,-0.40235742926597595,-2.152357339859009,attack,Yes
2743,1,0,0.02297736857193652,-4.156107425689697,-0.4061073660850525,attack,No
2744,1,0,0.017986212067650338,-4.705349922180176,-0.7053500413894653,attack,no
2745,1,0,0.07585818002124356,-3.033284902572632,-0.5332849025726318,attack,No
2746,1,1,0.8670357598021706,-0.39583277702331543,-2.2708327770233154,attack,Yes
2747,1,0,0.03308597457504463,-3.8793954849243164,-0.5043953657150269,attack,no
2748,1,0,0.11920291576401235,-2.77720308303833,-0.7772030234336853,attack,no
2749,1,0,0.04208772791561884,-3.7318835258483887,-0.6068835258483887,attack,No
2750,1,0,0.04742587317756679,-3.667543649673462,-0.6675436496734619,attack,No
2751,1,0,0.4073333856566001,-1.266491174697876,-0.8914911150932312,attack,No
2752,1,0,0.029312230751356316,-4.045195579528809,-0.5451955795288086,attack,No
2753,1,0,0.009708478200631072,-5.265318870544434,-0.6403190493583679,attack,No
2754,1,0,0.005220126003077935,-5.946644306182861,-0.6966443657875061,attack,no
2755,1,0,0.32082130082460697,-1.6329402923583984,-0.8829402923583984,attack,no
2756,1,1,0.679178699175393,-0.7086400985717773,-1.4586400985717773,attack,Yes
2757,1,0,0.1480471829959148,-2.489820957183838,-0.7398208379745483,attack,No
2758,1,1,0.6513548646660542,-0.8360803127288818,-1.4610803127288818,attack,Yes
2759,1,0,0.06008664512463808,-3.227217674255371,-0.47721758484840393,attack,No
2760,1,0,0.1824255415859996,-2.3279924392700195,-0.8279925584793091,attack,no
2761,1,0,0.006692849933647288,-5.393960475921631,-0.3939603269100189,attack,No
2762,1,0,0.004070137353478592,-5.932612419128418,-0.4326123297214508,attack,No
2763,1,0,0.1480471980316895,-2.3460612297058105,-0.5960612297058105,attack,No
2764,1,1,0.5926665999540697,-0.8486613035202026,-1.2236613035202026,attack,Yes
2765,1,0,0.025957354183760273,-4.034434795379639,-0.4094346761703491,attack,No
2766,1,0,0.46879062662624377,-1.2818301916122437,-1.1568301916122437,attack,no
2767,1,0,0.012431651219072064,-4.7342000007629395,-0.35920003056526184,attack,No
2768,1,0,0.0028009273000822866,-6.400876998901367,-0.5258771181106567,attack,No
2769,1,0,0.014063625390308462,-4.893028259277344,-0.6430281400680542,attack,No
2770,1,0,0.014063627869714051,-4.893869876861572,-0.643869936466217,attack,No
2771,1,0,0.4073333856566001,-1.2893388271331787,-0.9143387675285339,attack,No
2772,1,0,0.0474258704848281,-3.6626625061035156,-0.6626624464988708,attack,No
2773,1,0,0.008577484906839334,-5.388986110687256,-0.6389860510826111,attack,no
2774,1,0,0.006692851518667466,-5.479889869689941,-0.47988995909690857,attack,No
2775,1,0,0.0600866518571309,-3.183929920196533,-0.4339299499988556,attack,No
2776,1,0,0.03308597648187432,-3.8747732639312744,-0.49977320432662964,attack,No
2777,1,0,0.3208212878370535,-1.4247803688049316,-0.6747803092002869,attack,No
2778,1,1,0.7057850402140659,-0.5234362483024597,-1.3984363079071045,attack,Yes
2779,1,1,0.5621765008857981,-1.1142138242721558,-1.3642138242721558,attack,Yes
2780,1,0,0.037326887344129464,-3.8521058559417725,-0.6021058559417725,attack,No
2781,1,0,0.03732689055684297,-3.666926860809326,-0.41692695021629333,attack,No
2782,1,0,0.08509904964767095,-3.012789011001587,-0.6377890706062317,attack,No
2783,1,0,0.24508501313237172,-1.8984432220458984,-0.7734432220458984,attack,No
2784,1,0,0.0035936027948457686,-6.151303768157959,-0.5263038277626038,attack,No
2785,1,0,0.042087725512577126,-3.5877928733825684,-0.4627928137779236,attack,No
2786,1,0,0.0075772430607274135,-5.45643424987793,-0.5814344882965088,attack,no
2787,1,0,0.042087723109535534,-3.7887511253356934,-0.6637510061264038,attack,No
2788,1,0,0.04208773031866069,-3.7864134311676025,-0.6614134907722473,attack,No
2789,1,1,0.5926665999540697,-0.9401508569717407,-1.3151508569717407,attack,Yes
2790,1,0,0.020332353342658753,-4.52140998840332,-0.6464099884033203,attack,No
2791,1,1,0.8519527944504226,-0.3458319306373596,-2.095831871032715,attack,Yes
2792,1,0,0.16451647108926923,-2.0880446434020996,-0.4630447030067444,attack,No
2793,1,1,0.6224593171945417,-0.803699791431427,-1.3036997318267822,attack,Yes
2794,1,1,0.5312093733737563,-0.9881235361099243,-1.1131235361099243,attack,Yes
2795,1,0,0.22270013882530884,-1.8821966648101807,-0.6321966648101807,attack,no
2796,1,1,0.6791786861878392,-0.863431990146637,-1.6134319305419922,attack,Yes
2797,1,0,0.002472622642080892,-6.283907413482666,-0.2839072048664093,attack,No
2798,1,1,0.5621765008857981,-1.0434585809707642,-1.2934585809707642,attack,Yes
2799,1,0,0.09534947518185825,-2.8032546043395996,-0.5532547235488892,attack,No
2800,1,0,0.02297736991002561,-4.3993096351623535,-0.6493096351623535,attack,no
2801,1,1,0.6513548646660542,-0.8311834335327148,-1.4561834335327148,attack,Yes
2802,1,1,0.6224593312018546,-0.8135696649551392,-1.3135696649551392,attack,Yes
2803,1,0,0.03308598220236406,-4.089127063751221,-0.7141271829605103,attack,no
2804,1,0,0.010986942306754304,-4.896663188934326,-0.3966631591320038,attack,No
2805,1,0,0.009708475908421797,-5.207804203033447,-0.5828041434288025,attack,No
2806,1,1,0.880797071719777,-0.4135668873786926,-2.413566827774048,attack,Yes
2807,1,0,0.0373268852023206,-3.852483034133911,-0.6024829745292664,attack,No
2808,1,0,0.0059110695567328965,-5.76315975189209,-0.6381598711013794,attack,No
2809,1,0,0.0675466911396291,-3.110968828201294,-0.48596882820129395,attack,No
2810,1,1,0.5312093733737563,-1.096337080001831,-1.221337080001831,attack,Yes
2811,1,1,0.6224593452091672,-0.8365532755851746,-1.3365533351898193,attack,Yes
2812,1,0,0.022977365895758564,-4.3982038497924805,-0.6482036709785461,attack,No
2813,1,0,0.017986212067650338,-4.490281105041504,-0.49028122425079346,attack,no
2814,1,0,0.0159063879797589,-4.611293792724609,-0.4862935543060303,attack,No
2815,1,0,0.4378234991142019,-1.0836304426193237,-0.8336304426193237,attack,No
2816,1,0,0.18242552380635632,-2.3306713104248047,-0.8306713104248047,attack,no
2817,1,0,0.13296425222296632,-2.09533953666687,-0.22033964097499847,attack,No
2818,1,0,0.009708478200631072,-5.208033561706543,-0.5830337405204773,attack,No
2819,1,0,0.007577241267860811,-5.195760250091553,-0.32076025009155273,attack,No
2820,1,0,0.03308598029553404,-3.8310415744781494,-0.4560416340827942,attack,No
2821,1,0,0.3208213138121609,-1.6175341606140137,-0.8675342202186584,attack,No
2822,1,0,0.01243164938964095,-5.077042102813721,-0.7020419836044312,attack,no
2823,1,0,0.01243164938964095,-4.858894348144531,-0.4838942289352417,attack,No
2824,1,0,0.020332349780873466,-4.5254998207092285,-0.6504996418952942,attack,no
2825,1,0,0.09534945461636171,-2.95353364944458,-0.7035335302352905,attack,no
2826,1,0,0.11920292828022305,-2.4865875244140625,-0.4865875840187073,attack,No
2827,1,0,0.0011695101258020842,-7.180358409881592,-0.43035829067230225,attack,no
2828,1,0,0.017986209962091555,-4.5370588302612305,-0.5370588302612305,attack,No
2829,1,0,0.3208212878370535,-1.564972162246704,-0.8149721026420593,attack,No
2830,1,0,0.10669058826486906,-2.8354454040527344,-0.7104453444480896,attack,no
2831,1,0,0.2689414213699951,-1.8162760734558105,-0.8162760734558105,attack,No
2832,1,1,0.5621765008857981,-1.0533106327056885,-1.3033106327056885,attack,Yes
2833,1,0,0.007577242388402388,-5.309982776641846,-0.43498292565345764,attack,No
2834,1,0,0.06754668926255561,-2.964824676513672,-0.3398246467113495,attack,No
2835,1,0,0.13296424706933604,-2.508176803588867,-0.633176863193512,attack,No
2836,1,0,0.11920292828022305,-2.6180739402770996,-0.6180739998817444,attack,No
2837,1,0,0.014063623737371644,-4.952215194702148,-0.7022149562835693,attack,no
2838,1,0,0.40733341443526055,-1.2933859825134277,-0.9183860421180725,attack,No
2839,1,0,0.003593603221697163,-6.1520233154296875,-0.5270234942436218,attack,no
2840,1,0,0.014063625390308462,-4.838108062744141,-0.5881079435348511,attack,no
2841,1,0,0.13296424019782924,-2.4554927349090576,-0.5804927349090576,attack,No
2842,1,0,0.32082130082460697,-1.5711402893066406,-0.8211402893066406,attack,No
2843,1,0,0.022977373255248682,-4.201290130615234,-0.4512902796268463,attack,no
2844,1,0,0.022977369240981062,-4.116998672485352,-0.3669986426830292,attack,No
2845,1,0,0.06008665017400762,-3.3198442459106445,-0.5698442459106445,attack,No
2846,1,0,0.005911067805510302,-5.707028865814209,-0.5820286870002747,attack,no
2847,1,0,0.010986941659076578,-4.857879638671875,-0.35787954926490784,attack,No
2848,1,0,0.008577486427457372,-5.281962871551514,-0.5319629907608032,attack,No
2849,1,0,0.014063627869714051,-4.8928327560424805,-0.6428328156471252,attack,no
2850,1,0,0.13296425394084313,-2.5143752098083496,-0.6393753290176392,attack,No
2851,1,0,0.042087723109535534,-3.7893552780151367,-0.6643551588058472,attack,no
2852,1,0,0.015906388912772775,-4.4220991134643555,-0.29709893465042114,attack,No
2853,1,1,0.754914975839675,-0.6088936924934387,-1.733893632888794,attack,Yes
2854,1,1,0.754914975839675,-0.5772038102149963,-1.7022037506103516,attack,Yes
2855,1,0,0.1329642264548166,-2.5003714561462402,-0.6253713369369507,attack,No
2856,1,0,0.2942149597859341,-1.766859769821167,-0.8918597102165222,attack,no
2857,1,0,0.1824255415859996,-2.269771099090576,-0.7697712182998657,attack,no
2858,1,0,0.09534945461636171,-2.801806926727295,-0.5518068075180054,attack,No
2859,1,0,0.1480471980316895,-2.4584414958953857,-0.7084414958953857,attack,no
2860,1,0,0.010986941982915435,-4.898176670074463,-0.3981766104698181,attack,no
2861,1,1,0.9465966656805269,-0.19860324263572693,-3.0736031532287598,attack,Yes
2862,1,0,0.29421497216298875,-1.7823820114135742,-0.9073820114135742,attack,no
2863,1,0,0.005911069031366064,-5.38294792175293,-0.2579479515552521,attack,No
2864,1,0,0.1329642333263228,-2.608940601348877,-0.7339405417442322,attack,no
2865,1,0,0.3208212878370535,-1.609431266784668,-0.8594312071800232,attack,No
2866,1,0,0.042087731520181665,-3.510091543197632,-0.385091632604599,attack,No
2867,1,0,0.18242552380635632,-2.1338751316070557,-0.6338751316070557,attack,No
2868,1,1,0.5926665999540697,-0.9650636911392212,-1.3400636911392212,attack,Yes
2869,1,0,0.24508502416032488,-1.8658905029296875,-0.7408905625343323,attack,No
2870,1,1,0.8519528019683106,-0.4427328109741211,-2.192732810974121,attack,Yes
2871,1,0,0.10669059962643358,-2.894819498062134,-0.7698195576667786,attack,no
2872,1,0,0.06008665017400762,-3.318150520324707,-0.568150520324707,attack,No
2873,1,0,0.1824255415859996,-2.276078701019287,-0.7760788202285767,attack,no
2874,1,0,0.03308597457504463,-4.089736461639404,-0.7147363424301147,attack,no
2875,1,0,0.007577239474994629,-5.356689453125,-0.4816892147064209,attack,No
2876,1,0,0.4378234991142019,-1.3243539333343506,-1.0743539333343506,attack,no
2877,1,0,0.22270013882530884,-1.8104594945907593,-0.5604594945907593,attack,No
2878,1,0,0.4378234991142019,-1.2807108163833618,-1.0307108163833618,attack,no
2879,1,0,0.04208773272170267,-3.788087844848633,-0.6630879640579224,attack,no
2880,1,0,0.029312227359491745,-4.045827865600586,-0.5458277463912964,attack,No
2881,1,0,0.2227001594610082,-2.0737171173095703,-0.8237172365188599,attack,no
2882,1,1,0.6224593312018546,-0.6562916040420532,-1.1562916040420532,attack,Yes
2883,1,0,0.5,-1.1504331827163696,-1.1504331827163696,attack,no
2884,1,0,0.01406362415060583,-4.545140743255615,-0.2951405346393585,attack,No
2885,1,0,0.09534945975773548,-2.900691032409668,-0.6506909728050232,attack,No
2886,1,0,0.06008664344151498,-3.273606777191162,-0.5236066579818726,attack,No
2887,1,0,0.022977371248114782,-4.241992950439453,-0.4919930100440979,attack,No
2888,1,0,0.01243164865786858,-5.077466011047363,-0.702465832233429,attack,no
2889,1,1,0.7981867729389246,-0.43559184670448303,-1.8105918169021606,attack,Yes
2890,1,0,0.03732689055684297,-3.597296714782715,-0.347296804189682,attack,No
2891,1,1,0.8175744761936437,-0.4872291088104248,-1.9872291088104248,attack,Yes
2892,1,1,0.7310585786300049,-0.6334238052368164,-1.6334238052368164,attack,Yes
2893,1,0,0.03308597648187432,-3.71555495262146,-0.3405548930168152,attack,No
2894,1,0,0.02033235156176603,-4.278104782104492,-0.403104692697525,attack,No
2895,1,1,0.7310585786300049,-0.5594220161437988,-1.5594220161437988,attack,Yes
2896,1,0,0.22270012850745968,-1.954373836517334,-0.7043737769126892,attack,no
2897,1,0,0.22270013882530884,-1.978314995765686,-0.728314995765686,attack,no
2898,1,0,0.0046095724528596406,-6.072548866271973,-0.6975489258766174,attack,no
2899,1,0,0.0675466911396291,-3.1521213054656982,-0.5271213054656982,attack,No
2900,1,0,0.2689414213699951,-1.611293077468872,-0.6112930774688721,attack,No
2901,1,1,0.7772998663336157,-0.44741401076316833,-1.6974140405654907,attack,Yes
2902,1,0,0.017986209962091555,-4.645053386688232,-0.6450533866882324,attack,No
2903,1,0,0.04208772791561884,-3.5884251594543457,-0.4634251594543457,attack,No
2904,1,1,0.5621765008857981,-0.7865098714828491,-1.0365098714828491,attack,Yes
2905,1,0,0.29421497216298875,-1.8146666288375854,-0.9396666288375854,attack,no
2906,1,0,0.08509904036636974,-3.012277603149414,-0.6372775435447693,attack,No
2907,1,0,0.005220126622117065,-5.777183532714844,-0.5271837115287781,attack,No
2908,1,0,0.13296424019782924,-2.4604547023773193,-0.5854547023773193,attack,No
2909,1,0,0.008577485920584663,-5.231468200683594,-0.4814682602882385,attack,No
2910,1,0,0.06754669301670263,-3.064612627029419,-0.43961265683174133,attack,No
2911,1,0,0.2689414213699951,-1.6815540790557861,-0.6815540790557861,attack,No
2912,1,0,0.008577486427457372,-5.389745235443115,-0.6397453546524048,attack,No
2913,1,0,0.01590639171181471,-4.768987655639648,-0.6439876556396484,attack,No
2914,1,0,0.0028009273000822866,-6.265117645263672,-0.3901177644729614,attack,No
2915,1,0,0.11920292828022305,-2.665144205093384,-0.6651442646980286,attack,No
2916,1,0,0.2942149845400438,-1.660405158996582,-0.7854052186012268,attack,No
2917,1,0,0.022977365895758564,-4.083131790161133,-0.3331316113471985,attack,No
2918,1,0,0.006692851518667466,-5.481402397155762,-0.4814024865627289,attack,No
2919,1,0,0.09534945975773548,-2.8971259593963623,-0.6471258997917175,attack,No
2920,1,0,0.11920292828022305,-2.571735382080078,-0.5717354416847229,attack,No
2921,1,1,0.9046505351008906,-0.2578728199005127,-2.5078728199005127,attack,Yes
2922,1,1,0.7549149868676283,-0.6482479572296143,-1.7732479572296143,attack,Yes
2923,1,0,0.24508500210441886,-1.932967185974121,-0.8079671263694763,attack,no
2924,1,0,0.02033235096813516,-4.522670745849609,-0.6476706266403198,attack,no
2925,1,1,0.7057850278370112,-0.7729479074478149,-1.647947907447815,attack,Yes
2926,1,0,0.007577242612510723,-5.512948513031006,-0.6379486918449402,attack,No
2927,1,1,0.9324533126145177,-0.25221413373947144,-2.877214193344116,attack,Yes
2928,1,1,0.6224593452091672,-0.7397181391716003,-1.2397181987762451,attack,Yes
2929,1,1,0.8670357735451834,-0.2894781827926636,-2.164478302001953,attack,Yes
2930,1,0,0.1329642264548166,-2.4146194458007812,-0.5396193265914917,attack,No
2931,1,0,0.5,-1.0198824405670166,-1.0198824405670166,attack,No
2932,1,0,0.09534945975773548,-2.95392107963562,-0.7039210200309753,attack,No
2933,1,0,0.11920292202211755,-2.7748024463653564,-0.7748024463653564,attack,no
2934,1,0,0.0675466911396291,-3.248206377029419,-0.623206377029419,attack,No
2935,1,0,0.0159063898457867,-4.712695598602295,-0.5876954793930054,attack,No
2936,1,0,0.010986941335237732,-5.200967311859131,-0.7009671926498413,attack,no
2937,1,0,0.009708477054526368,-5.325240135192871,-0.7002401947975159,attack,no
2938,1,0,0.005911068505999277,-5.822503566741943,-0.6975035071372986,attack,no
2939,1,1,0.7549149868676283,-0.5983117818832397,-1.7233117818832397,attack,Yes
2940,1,0,0.06008665017400762,-3.18821120262146,-0.43821120262145996,attack,No
2941,1,0,0.5,-1.1816320419311523,-1.1816320419311523,attack,no
2942,1,0,0.32082130082460697,-1.6660915613174438,-0.9160915613174438,attack,No
2943,1,0,0.13296424019782924,-2.6131670475006104,-0.7381670475006104,attack,no
2944,1,1,0.6224593312018546,-0.7508560419082642,-1.2508560419082642,attack,Yes
2945,1,1,0.5926665999540697,-0.9512485265731812,-1.3262485265731812,attack,Yes
2946,1,0,0.34864513533394575,-1.6223905086517334,-0.9973905086517334,attack,no
2947,1,0,0.033085978388704126,-4.0900444984436035,-0.7150444984436035,attack,no
2948,1,0,0.16451645470385742,-2.293443202972412,-0.6684431433677673,attack,no
2949,1,0,0.005220126467357275,-5.728843688964844,-0.4788438379764557,attack,No
2950,1,0,0.10669058826486906,-2.6807591915130615,-0.5557591319084167,attack,No
2951,1,0,0.10669059394565118,-2.779982089996338,-0.6549820899963379,attack,No
2952,1,0,0.20181320305759334,-2.126343250274658,-0.7513431310653687,attack,no
2953,1,0,0.02595735456051482,-3.7003495693206787,-0.07534946501255035,attack,No
2954,1,0,0.0040701369910610885,-6.080083847045898,-0.5800836682319641,attack,No
2955,1,0,0.22270013882530884,-2.1275880336761475,-0.8775880336761475,attack,no
2956,1,1,0.9465966649272521,-0.2198418229818344,-3.094841718673706,attack,Yes
2957,1,0,0.005911067455265844,-5.65383243560791,-0.528832197189331,attack,No
2958,1,0,0.01098694327827096,-4.937488079071045,-0.4374881386756897,attack,No
2959,1,0,0.014063623737371644,-4.89256477355957,-0.6425645351409912,attack,no
2960,1,0,0.07585817584273653,-3.0797617435455322,-0.5797616839408875,attack,No
2961,1,0,0.10669059962643358,-2.8334760665893555,-0.7084761261940002,attack,No
2962,1,0,0.01590639357784294,-4.611858367919922,-0.4868584871292114,attack,No
2963,1,0,0.005911068155754778,-5.822145938873291,-0.6971458196640015,attack,no
2964,1,0,0.22270012850745968,-2.0667812824249268,-0.816781222820282,attack,No
2965,1,0,0.13296424019782924,-2.4606258869171143,-0.5856258869171143,attack,No
2966,1,0,0.00970847504884346,-5.107717514038086,-0.482717365026474,attack,No
2967,1,1,0.8519528057272543,-0.2927503287792206,-2.042750358581543,attack,Yes
2968,1,0,0.16451647108926923,-2.314375638961792,-0.6893756985664368,attack,no
2969,1,0,0.24508501313237172,-1.9964724779129028,-0.8714724779129028,attack,no
2970,1,0,0.017986209962091555,-4.645414352416992,-0.6454143524169922,attack,No
2971,1,0,0.008577483386221569,-5.28169059753418,-0.5316903591156006,attack,No
2972,1,0,0.18242552380635632,-2.1696665287017822,-0.6696665287017822,attack,No
2973,1,1,0.5312093733737563,-0.9648469686508179,-1.0898469686508179,attack,Yes
2974,1,0,0.007577242836619065,-5.231042385101318,-0.3560425937175751,attack,No
2975,1,0,0.033085978388704126,-3.9752516746520996,-0.6002516746520996,attack,No
2976,1,0,0.2689414213699951,-1.8772003650665283,-0.8772003650665283,attack,no
2977,1,0,0.06754669489377622,-3.25091814994812,-0.6259182095527649,attack,no
2978,1,0,0.012431650121413363,-5.076542377471924,-0.701542317867279,attack,no
2979,1,0,0.02297736857193652,-4.342372417449951,-0.5923723578453064,attack,No
2980,1,1,0.9740426416719393,-0.1332436054944992,-3.7582435607910156,attack,Yes
2981,1,0,0.008577485413711986,-5.280831336975098,-0.5308313369750977,attack,no
2982,1,0,0.012431650853185818,-5.018284797668457,-0.643284797668457,attack,no
2983,1,0,0.012431651219072064,-4.814901828765869,-0.43990185856819153,attack,No
2984,1,0,0.3208213138121609,-1.6052320003509521,-0.8552320599555969,attack,No
2985,1,0,0.01098694392594878,-5.084780216217041,-0.5847803354263306,attack,No
2986,1,0,0.24508501313237172,-1.9072357416152954,-0.7822357416152954,attack,No
2987,1,0,0.014063628696182679,-4.737011909484863,-0.48701202869415283,attack,No
2988,1,0,0.042087725512577126,-3.682804822921753,-0.5578047633171082,attack,no
2989,1,1,0.893309411735131,-0.30748671293258667,-2.4324867725372314,attack,Yes
2990,1,0,0.0002959571840538766,-8.600001335144043,-0.47500157356262207,attack,No
2991,1,0,0.01798621364681958,-4.363370895385742,-0.3633711040019989,attack,No
2992,1,0,0.09534945975773548,-2.8440589904785156,-0.5940589308738708,attack,No
2993,1,0,0.3208212878370535,-1.7267708778381348,-0.97677081823349,attack,no
2994,1,1,0.6224593312018546,-0.8969826698303223,-1.3969826698303223,attack,Yes
2995,1,0,0.022977373924293353,-4.399147987365723,-0.649148166179657,attack,no
2996,1,0,0.00669285052802981,-5.698415756225586,-0.6984156966209412,attack,no
2997,1,0,0.1645164628965632,-2.3273963928222656,-0.7023963928222656,attack,No
2998,1,0,0.060086646807761206,-3.2273101806640625,-0.4773101210594177,attack,No
2999,1,0,0.04208773031866069,-3.8438949584960938,-0.7188950181007385,attack,no
3000,0,0,0.0031726824654718946,-6.445946216583252,-0.6959460973739624,attack,no
3001,0,0,0.24508500210441886,-2.0164215564727783,-0.8914214968681335,attack,no
3002,0,0,0.0006263340275277853,-7.689271926879883,-0.3142717182636261,attack,No
3003,0,0,0.0019267351218117874,-6.7266130447387695,-0.47661328315734863,attack,No
3004,0,1,0.6224593312018546,-0.7930251359939575,-1.2930251359939575,attack,Yes
3005,0,0,0.03308597266821503,-4.089793682098389,-0.7147935032844543,attack,no
3006,0,0,0.0031726824654718946,-6.329653739929199,-0.5796536207199097,attack,No
3007,0,0,0.008577486174021013,-5.231949329376221,-0.48194941878318787,attack,No
3008,0,0,0.02931222905542399,-3.952796697616577,-0.4527966380119324,attack,No
3009,0,0,0.00591106763038807,-5.519613265991211,-0.3946130573749542,attack,No
3010,0,0,0.37754066879814546,-1.4002662897109985,-0.9002662897109985,attack,No
3011,0,0,0.0021827165751612514,-6.602485656738281,-0.477485716342926,attack,No
3012,0,0,0.010986941982915435,-5.0865678787231445,-0.5865678191184998,attack,No
3013,0,0,0.01590639217832175,-4.614384651184082,-0.4893846809864044,attack,No
3014,0,0,0.0035936023679944244,-6.152128219604492,-0.5271281599998474,attack,No
3015,0,0,0.0006263341208003788,-8.069193840026855,-0.6941937804222107,attack,no
3016,0,0,0.005220125229279126,-5.642501354217529,-0.39250126481056213,attack,No
3017,0,0,0.0024726225685732036,-6.526301383972168,-0.5263011455535889,attack,No
3018,0,0,0.0007096704836398597,-7.72572135925293,-0.47572147846221924,attack,No
3019,0,0,0.004070137232672753,-6.028620719909668,-0.5286206007003784,attack,No
3020,0,0,0.4378234991142019,-1.1605010032653809,-0.9105010032653809,attack,No
3021,0,0,0.017986210488481234,-4.403268337249756,-0.40326836705207825,attack,No
3022,0,0,0.0040701384407312935,-6.136653423309326,-0.6366536021232605,attack,No
3023,0,0,0.006692852311177695,-5.4351806640625,-0.4351808726787567,attack,No
3024,0,0,0.004070138682343046,-6.027387619018555,-0.5273878574371338,attack,No
3025,0,0,0.0035936023679944244,-6.015310287475586,-0.39031022787094116,attack,No
3026,0,0,0.0017007227150309691,-6.851068496704102,-0.4760686755180359,attack,No
3027,0,0,0.00048785711188312946,-7.704961776733398,-0.07996175438165665,attack,No
3028,0,0,0.0031726822769652645,-6.2779645919799805,-0.5279644131660461,attack,No
3029,0,0,0.22270014398423357,-1.7441141605377197,-0.4941141903400421,attack,No
3030,0,0,0.0005527784722738178,-8.024599075317383,-0.5245987772941589,attack,No
3031,0,0,0.008577487441202876,-5.186119079589844,-0.43611931800842285,attack,No
3032,0,0,0.1824255415859996,-2.321788787841797,-0.8217889070510864,attack,no
3033,0,0,0.007577241267860811,-5.134445667266846,-0.2594456672668457,attack,No
3034,0,0,0.0015011822567369915,-6.817127227783203,-0.3171272277832031,attack,No
3035,0,0,0.020332358091706755,-4.416360855102539,-0.5413610935211182,attack,no
3036,0,0,0.053403329799824234,-3.490802049636841,-0.6158020496368408,attack,No
3037,0,0,0.008577483893094128,-5.389997482299805,-0.6399973034858704,attack,No
3038,0,0,0.003593603008271459,-6.151979446411133,-0.5269795656204224,attack,No
3039,0,0,0.008577483893094128,-5.230727195739746,-0.48072701692581177,attack,No
3040,0,0,0.004070138078313694,-5.977482795715332,-0.4774828851222992,attack,No
3041,0,0,0.002472622936111669,-6.064723491668701,-0.06472340226173401,attack,No
3042,0,0,0.00033535027783171233,-8.070667266845703,-0.07066770642995834,attack,No
3043,0,0,0.042087723109535534,-3.51077938079834,-0.3857792615890503,attack,No
3044,0,0,0.0013250224960860068,-7.152219772338867,-0.527219831943512,attack,No
3045,0,0,0.012431650853185818,-4.8608808517456055,-0.48588085174560547,attack,No
3046,0,0,0.029312227359491745,-3.8401317596435547,-0.34013164043426514,attack,No
3047,0,0,0.06008665017400762,-3.1864514350891113,-0.43645143508911133,attack,No
3048,0,0,0.0019267345487064141,-6.828042984008789,-0.5780429244041443,attack,No
3049,0,0,0.003172683408005215,-6.227236270904541,-0.47723644971847534,attack,No
3050,0,0,0.0017007226644316852,-6.629868984222412,-0.25486913323402405,attack,No
3051,0,1,0.7549149868676283,-0.7066919803619385,-1.8316919803619385,attack,Yes
3052,0,1,0.817574471748733,-0.32703712582588196,-1.8270370960235596,attack,Yes
3053,0,0,0.0024726237446964848,-6.578557014465332,-0.5785572528839111,attack,No
3054,0,0,0.003172683219498529,-6.276168346405029,-0.5261684656143188,attack,no
3055,0,0,0.025957352676742106,-4.275969982147217,-0.6509698033332825,attack,No
3056,0,0,0.029312237535086605,-4.043644905090332,-0.5436451435089111,attack,No
3057,0,0,0.0019267343767748358,-6.72608757019043,-0.47608742117881775,attack,No
3058,0,0,0.010986941335237732,-4.985278129577637,-0.48527801036834717,attack,No
3059,0,0,0.0017007225126338423,-6.900554180145264,-0.5255542397499084,attack,No
3060,0,0,0.008577485920584663,-5.106209754943848,-0.35620981454849243,attack,No
3061,0,0,0.37754066879814546,-1.4670805931091309,-0.9670805931091309,attack,No
3062,0,0,0.007577239923211134,-5.4574079513549805,-0.5824077725410461,attack,No
3063,0,0,0.00669285052802981,-5.392987251281738,-0.3929871916770935,attack,No
3064,0,0,0.37754066879814546,-1.39676034450531,-0.8967603445053101,attack,No
3065,0,0,0.005220126622117065,-5.604143142700195,-0.35414332151412964,attack,No
3066,0,0,0.0028009273000822866,-6.5102925300598145,-0.635292649269104,attack,no
3067,0,0,0.18242552380635632,-2.1326942443847656,-0.6326942443847656,attack,No
3068,0,0,0.005220126776876857,-5.72948694229126,-0.4794871509075165,attack,No
3069,0,0,0.1329642333263228,-2.5060300827026367,-0.6310300230979919,attack,No
3070,0,0,0.02595735719779685,-4.2216339111328125,-0.5966339111328125,attack,No
3071,0,0,0.009708475335369565,-5.155577659606934,-0.530577540397644,attack,No
3072,0,0,0.0040701369910610885,-6.196713924407959,-0.6967137455940247,attack,no
3073,0,0,0.006692849339264817,-5.530038833618164,-0.530038595199585,attack,No
3074,0,0,0.001700722411435288,-6.850705146789551,-0.4757051467895508,attack,no
3075,0,0,0.0008040859116848763,-7.600046157836914,-0.4750461280345917,attack,No
3076,0,0,0.0028009264676790765,-6.4008893966674805,-0.5258892178535461,attack,No
3077,0,0,0.03308598410919419,-4.088909149169922,-0.7139093279838562,attack,no
3078,0,0,0.0046095714956607,-5.7281060218811035,-0.3531058728694916,attack,No
3079,0,0,0.060086646807761206,-3.4886980056762695,-0.7386979460716248,attack,no
3080,0,0,0.014063628696182679,-4.691865921020508,-0.44186604022979736,attack,No
3081,0,0,0.0005527788015734301,-8.07707405090332,-0.5770743489265442,attack,No
3082,0,0,0.37754066879814546,-1.5437333583831787,-1.0437333583831787,attack,no
3083,0,0,0.015906388912772775,-4.526810169219971,-0.4018099904060364,attack,No
3084,0,0,0.03308598029553404,-3.8753230571746826,-0.5003231167793274,attack,No
3085,0,0,0.009708477054526368,-5.326241970062256,-0.7012420296669006,attack,no
3086,0,0,0.0059110692064883365,-5.383365154266357,-0.2583652138710022,attack,No
3087,0,0,0.014063626216776943,-4.735529899597168,-0.4855298399925232,attack,No
3088,0,0,0.005220126931636656,-5.830441474914551,-0.5804417133331299,attack,No
3089,0,0,0.3775406828054583,-1.4911730289459229,-0.9911730885505676,attack,no
3090,0,0,0.0015011820333792252,-6.815096855163574,-0.3150967061519623,attack,No
3091,0,0,0.008577487187766488,-5.187055587768555,-0.4370557963848114,attack,No
3092,0,1,0.5312093733737563,-0.8903945684432983,-1.0153945684432983,attack,Yes
3093,0,0,0.053403329799824234,-3.490889549255371,-0.6158895492553711,attack,No
3094,0,0,0.005911068505999277,-5.706201553344727,-0.5812014937400818,attack,no
3095,0,0,0.0035936034351228795,-6.2044830322265625,-0.5794832706451416,attack,No
3096,0,0,0.004609571358918011,-5.8535871505737305,-0.47858697175979614,attack,No
3097,0,0,0.008577483386221569,-5.334039688110352,-0.5840394496917725,attack,no
3098,0,1,0.5926666143433998,-0.7343046069145203,-1.109304666519165,attack,Yes
3099,0,0,0.029312234143221275,-3.875680446624756,-0.3756805658340454,attack,No
3100,0,0,0.09534947261117097,-2.6805922985076904,-0.4305923879146576,attack,No
3101,0,0,0.1645164628965632,-2.284433126449585,-0.659433126449585,attack,No
3102,0,0,0.004609571358918011,-6.071781158447266,-0.6967809796333313,attack,no
3103,0,0,0.0850990357257195,-2.9667139053344727,-0.5917137861251831,attack,No
3104,0,0,0.053403325280175794,-3.2355921268463135,-0.3605920374393463,attack,No
3105,0,0,0.00359360194114313,-6.203937530517578,-0.5789373517036438,attack,No
3106,0,0,0.006692850924284856,-5.637360572814941,-0.6373605728149414,attack,No
3107,0,0,0.0010322307909058268,-7.452167510986328,-0.577167272567749,attack,No
3108,0,0,0.042087729117139754,-3.5475237369537354,-0.42252376675605774,attack,No
3109,0,0,0.006692850131774789,-5.638393878936768,-0.638393759727478,attack,no
3110,0,0,0.002472623303650189,-6.476985454559326,-0.47698551416397095,attack,No
3111,0,0,0.005220126080457822,-5.480441570281982,-0.2304416447877884,attack,No
3112,0,0,0.007577242612510723,-5.404587268829346,-0.52958744764328,attack,No
3113,0,0,0.004609571632403393,-5.955086708068848,-0.5800865888595581,attack,no
3114,0,0,0.004609571222175325,-5.728383541107178,-0.353383332490921,attack,No
3115,0,0,0.01590639171181471,-4.661887168884277,-0.5368871688842773,attack,no
3116,0,0,0.029312230751356316,-4.152683258056641,-0.6526832580566406,attack,No
3117,0,0,0.04208772431105632,-3.547498941421509,-0.4224988520145416,attack,No
3118,0,0,0.053403329799824234,-3.5444233417510986,-0.6694233417510986,attack,No
3119,0,0,0.0028009266341596987,-6.3072004318237305,-0.4322003126144409,attack,no
3120,0,0,0.0010322311904104695,-7.2631096839904785,-0.38810983300209045,attack,No
3121,0,0,0.014063627043245474,-4.612264156341553,-0.36226415634155273,attack,No
3122,0,0,0.0046095724528596406,-5.8538126945495605,-0.4788127541542053,attack,No
3123,0,0,0.002182716380437148,-6.408828258514404,-0.2838282287120819,attack,No
3124,0,0,0.007577241716077422,-5.456599712371826,-0.581599771976471,attack,No
3125,0,0,0.00218271670497733,-6.703874588012695,-0.5788747072219849,attack,no
3126,0,0,0.0059110695567328965,-5.822798728942871,-0.6977988481521606,attack,no
3127,0,0,0.20181322226037882,-1.9110279083251953,-0.5360279083251953,attack,No
3128,0,0,0.09534947004048376,-2.79986572265625,-0.5498657822608948,attack,No
3129,0,1,0.893309411735131,-0.2830275893211365,-2.4080276489257812,attack,Yes
3130,0,0,0.003593603008271459,-6.102329730987549,-0.4773298501968384,attack,no
3131,0,0,0.008577486174021013,-4.960605621337891,-0.2106057107448578,attack,No
3132,0,0,0.006692852113050128,-5.394057273864746,-0.3940574526786804,attack,No
3133,0,0,0.0015011819887076757,-7.0248870849609375,-0.5248869061470032,attack,No
3134,0,0,0.00317268293673852,-6.103525638580322,-0.35352566838264465,attack,No
3135,0,0,0.04208773272170267,-3.678345203399658,-0.5533453226089478,attack,No
3136,0,0,0.5,-1.1575971841812134,-1.1575971841812134,attack,No
3137,0,0,0.0040701384407312935,-6.0802531242370605,-0.5802533030509949,attack,No
3138,0,0,0.004609571632403393,-5.955136775970459,-0.5801366567611694,attack,No
3139,0,0,0.007577240371427665,-5.405649185180664,-0.5306490659713745,attack,No
3140,0,0,0.010986944573626636,-5.083822250366211,-0.5838224291801453,attack,No
3141,0,0,0.0006263341954184638,-7.724476337432861,-0.3494763970375061,attack,No
3142,0,0,0.009708477341052534,-5.021503448486328,-0.3965035378932953,attack,No
3143,0,0,0.0021827164453451808,-6.601842880249023,-0.47684288024902344,attack,No
3144,0,0,0.0035936017277175022,-6.2047271728515625,-0.5797269344329834,attack,no
3145,0,0,0.001700722411435288,-7.009809494018555,-0.6348094940185547,attack,no
3146,0,0,0.00359360332841002,-6.05715799331665,-0.4321582019329071,attack,No
3147,0,0,0.001700722158438928,-6.7261643409729,-0.35116419196128845,attack,no
3148,0,0,0.003593603008271459,-6.104550361633301,-0.47955048084259033,attack,No
3149,0,0,0.002472623009619369,-6.696175575256348,-0.6961755156517029,attack,no
3150,0,0,0.0035936021545687705,-6.204127788543701,-0.5791276693344116,attack,No
3151,0,0,0.012431650121413363,-4.858883380889893,-0.4838833212852478,attack,No
3152,0,0,0.029312229903390143,-3.8268206119537354,-0.32682058215141296,attack,No
3153,0,0,0.009708478200631072,-4.835727691650391,-0.21072787046432495,attack,No
3154,0,0,0.16451645470385742,-2.336965560913086,-0.7119655013084412,attack,No
3155,0,0,0.010986941982915435,-4.9837822914123535,-0.48378223180770874,attack,No
3156,0,0,0.029312230751356316,-4.102610111236572,-0.6026101112365723,attack,no
3157,0,0,0.014063627456479755,-4.652264595031738,-0.40226462483406067,attack,no
3158,0,0,0.0019267346633274755,-6.639795780181885,-0.38979578018188477,attack,No
3159,0,0,0.007577241043752515,-5.310263156890869,-0.43526312708854675,attack,No
3160,0,0,0.0024726227890962764,-6.315924644470215,-0.3159244954586029,attack,No
3161,0,0,0.02595736021183377,-4.168399810791016,-0.5433999300003052,attack,No
3162,0,0,0.005911067455265844,-5.655649185180664,-0.530648946762085,attack,no
3163,0,0,0.0017007220572403947,-6.725388050079346,-0.350387841463089,attack,No
3164,0,0,0.005220125693558397,-5.779447555541992,-0.5294475555419922,attack,no
3165,0,0,0.00218271670497733,-6.6513543128967285,-0.5263544321060181,attack,no
3166,0,0,0.0040701374742844335,-5.891225814819336,-0.39122575521469116,attack,No
3167,0,0,0.1645164628965632,-2.1213696002960205,-0.4963696002960205,attack,No
3168,0,0,0.0019267348925696179,-6.884655475616455,-0.6346555948257446,attack,No
3169,0,0,0.042087725512577126,-3.6324286460876465,-0.5074285864830017,attack,No
3170,0,0,0.0019267351218117874,-6.600580215454102,-0.35058045387268066,attack,No
3171,0,0,0.006692849339264817,-5.436882972717285,-0.43688273429870605,attack,no
3172,0,0,0.005911070082099775,-5.60549259185791,-0.48049280047416687,attack,no
3173,0,0,0.012431650853185818,-4.859536647796631,-0.48453664779663086,attack,No
3174,0,0,0.001700722411435288,-6.900035381317139,-0.5250353813171387,attack,No
3175,0,0,0.042087725512577126,-3.5107412338256836,-0.3857411742210388,attack,No
3176,0,0,0.02931222947940706,-3.730832815170288,-0.2308327704668045,attack,No
3177,0,0,0.0019267346633274755,-6.827464580535889,-0.5774645805358887,attack,No
3178,0,0,0.01243164938964095,-5.015533447265625,-0.6405333280563354,attack,No
3179,0,0,0.0015011825247663551,-7.07749605178833,-0.5774962306022644,attack,no
3180,0,0,0.014063629935885703,-4.692748069763184,-0.4427482783794403,attack,No
3181,0,0,0.008577483386221569,-5.389893531799316,-0.6398932933807373,attack,no
3182,0,0,0.005220126003077935,-5.83062744140625,-0.5806275010108948,attack,No
3183,0,0,0.0021827163155291175,-6.556102275848389,-0.4311022162437439,attack,No
3184,0,0,0.0059110692064883365,-5.825343132019043,-0.7003431916236877,attack,no
3185,0,0,0.012431650487299585,-4.8599677085876465,-0.4849676787853241,attack,No
3186,0,1,0.6224593452091672,-0.8488592505455017,-1.3488593101501465,attack,Yes
3187,0,0,0.05340332829327471,-3.3456039428710938,-0.47060391306877136,attack,No
3188,0,0,0.004609571632403393,-5.853152275085449,-0.47815215587615967,attack,No
3189,0,0,0.01798621417320936,-4.705722808837891,-0.7057230472564697,attack,no
3190,0,0,0.0028009274665629583,-6.191326141357422,-0.3163263201713562,attack,No
3191,0,0,0.020332358091706755,-4.320969581604004,-0.445969820022583,attack,No
3192,0,0,0.08509904964767095,-2.873016834259033,-0.498016893863678,attack,No
3193,0,0,0.01798621101487092,-4.446882724761963,-0.44688278436660767,attack,No
3194,0,0,0.0013250225749588576,-7.013941287994385,-0.3889414072036743,attack,No
3195,0,0,0.04742587856304458,-3.5590386390686035,-0.5590387582778931,attack,No
3196,0,0,0.025957360965343058,-4.123241424560547,-0.4982415735721588,attack,No
3197,0,0,0.0010322311596793377,-7.35057258605957,-0.47557270526885986,attack,No
3198,0,0,0.004070137715896127,-6.07963228225708,-0.5796322822570801,attack,No
3199,0,0,0.03732688948593843,-3.85314679145813,-0.6031468510627747,attack,No
3200,0,0,0.0046095724528596406,-6.011017799377441,-0.6360178589820862,attack,No
3201,0,0,0.004609571632403393,-5.901981830596924,-0.5269817113876343,attack,no
3202,0,0,0.005911068856243796,-5.763604640960693,-0.6386046409606934,attack,No
3203,0,0,0.004070137715896127,-6.079709053039551,-0.5797090530395508,attack,no
3204,0,0,0.0019267344340853601,-6.828028202056885,-0.5780280828475952,attack,No
3205,0,0,0.0013250225749588576,-7.20289945602417,-0.5778995752334595,attack,no
3206,0,0,0.009708477054526368,-5.265124797821045,-0.6401248574256897,attack,No
3207,0,0,0.001926734606016944,-6.726807594299316,-0.476807564496994,attack,No
3208,0,0,0.009708477627578704,-5.32581090927124,-0.7008110284805298,attack,no
3209,0,1,0.9399133557169234,-0.1500309854745865,-2.900031089782715,attack,Yes
3210,0,0,0.010986940687560063,-4.983081340789795,-0.4830811619758606,attack,No
3211,0,0,0.014063625803542697,-4.544171333312988,-0.2941712439060211,attack,No
3212,0,0,0.004609572999830552,-6.071688175201416,-0.6966883540153503,attack,no
3213,0,0,0.0024726231566347748,-6.6959099769592285,-0.6959099769592285,attack,no
3214,0,0,0.009708478200631072,-5.107694149017334,-0.4826943278312683,attack,No
3215,0,0,0.007577242612510723,-5.458268165588379,-0.5832683444023132,attack,no
3216,0,0,0.010986941982915435,-4.9390177726745605,-0.43901771306991577,attack,No
3217,0,0,0.14804719051380197,-2.504328966140747,-0.7543289065361023,attack,no
3218,0,0,0.010986941335237732,-5.140633583068848,-0.6406334638595581,attack,No
3219,0,0,0.008577487441202876,-5.4505414962768555,-0.7005417346954346,attack,no
3220,0,1,0.7310585669110203,-0.6393271088600159,-1.639327049255371,attack,Yes
3221,0,0,0.005220125074519377,-5.887272357940674,-0.6372722387313843,attack,No
3222,0,0,0.029312230751356316,-3.8767712116241455,-0.3767712116241455,attack,no
3223,0,1,0.679178699175393,-0.7275512218475342,-1.4775512218475342,attack,Yes
3224,0,0,0.0031726824654718946,-6.328709125518799,-0.5787090063095093,attack,No
3225,0,0,0.014063626216776943,-4.953239440917969,-0.703239381313324,attack,no
3226,0,0,0.007577239923211134,-5.2313642501831055,-0.35636407136917114,attack,No
3227,0,0,0.003593603221697163,-6.1028151512146,-0.47781533002853394,attack,No
3228,0,0,0.0066928520139863485,-5.233132839202881,-0.233133003115654,attack,No
3229,0,0,0.0021827164453451808,-6.650465965270996,-0.5254659652709961,attack,No
3230,0,0,0.03308597457504463,-4.092458248138428,-0.7174581289291382,attack,no
3231,0,0,0.0474258704848281,-3.46870756149292,-0.46870750188827515,attack,No
3232,0,0,0.004070137715896127,-6.027876377105713,-0.5278763771057129,attack,No
3233,0,0,0.0015011822567369915,-7.025111675262451,-0.5251116752624512,attack,No
3234,0,0,0.012431650121413363,-4.9608259201049805,-0.5858258605003357,attack,No
3235,0,0,0.003172683219498529,-6.386359691619873,-0.6363598108291626,attack,No
3236,0,0,0.004070138199119559,-6.1961517333984375,-0.696151852607727,attack,no
3237,0,0,0.0052201249197596335,-5.729308605194092,-0.47930845618247986,attack,No
3238,0,0,0.00359360311498431,-6.103415489196777,-0.4784156382083893,attack,No
3239,0,0,0.0059110695567328965,-5.604246139526367,-0.47924625873565674,attack,No
3240,0,0,0.01243164902375476,-4.816282749176025,-0.44128260016441345,attack,No
3241,0,0,0.0534033328129234,-3.492410659790039,-0.6174107193946838,attack,No
3242,0,0,0.008577484399966718,-5.451113224029541,-0.7011131048202515,attack,no
3243,0,0,0.0040701384407312935,-6.079805850982666,-0.5798060297966003,attack,No
3244,0,0,0.053403329799824234,-3.546186923980713,-0.6711869239807129,attack,no
3245,0,0,0.007577242612510723,-5.269478797912598,-0.394478976726532,attack,No
3246,0,0,0.002800926967120973,-6.160574436187744,-0.28557443618774414,attack,No
3247,0,0,0.0011695102302421558,-7.032873630523682,-0.28287360072135925,attack,No
3248,0,0,0.002472623009619369,-6.52608060836792,-0.5260805487632751,attack,No
3249,0,0,0.020332355717182622,-4.46655797958374,-0.5915580987930298,attack,No
3250,0,1,0.798186768138228,-0.6134207844734192,-1.9884207248687744,attack,Yes
3251,0,0,0.22270013882530884,-1.959355354309082,-0.709355354309082,attack,No
3252,0,0,0.008577485920584663,-5.333740234375,-0.5837402939796448,attack,No
3253,0,0,0.0010322307909058268,-7.350785255432129,-0.4757850170135498,attack,No
3254,0,0,0.001700722310236739,-6.952805519104004,-0.5778054594993591,attack,No
3255,0,0,0.002800927133601626,-6.351816177368164,-0.47681623697280884,attack,No
3256,0,0,0.11920291263495983,-2.390765428543091,-0.39076533913612366,attack,No
3257,0,0,0.0028009270503612984,-6.191223621368408,-0.3162236511707306,attack,No
3258,0,0,0.004070137957507836,-5.786021709442139,-0.28602176904678345,attack,No
3259,0,0,0.005220126622117065,-5.947966575622559,-0.6979667544364929,attack,no
3260,0,0,0.007577242164294059,-5.310492992401123,-0.4354931116104126,attack,No
3261,0,0,0.0019267351218117874,-6.6392669677734375,-0.3892672061920166,attack,No
3262,0,0,0.003593603221697163,-6.057054042816162,-0.43205422163009644,attack,No
3263,0,0,0.0028009273000822866,-6.4544267654418945,-0.5794268846511841,attack,No
3264,0,0,0.010986942306754304,-4.89728307723999,-0.39728304743766785,attack,No
3265,0,0,0.0028009266341596987,-6.510132312774658,-0.6351321935653687,attack,No
3266,0,0,0.002800927133601626,-6.3527421951293945,-0.4777422547340393,attack,No
3267,0,0,0.0019267350071906994,-6.827869415283203,-0.5778695940971375,attack,No
3268,0,0,0.01406362456384003,-4.892761707305908,-0.6427615284919739,attack,No
3269,0,0,0.005220126312597491,-5.887121200561523,-0.637121319770813,attack,No
3270,0,0,0.002472623524173327,-6.47699499130249,-0.4769951403141022,attack,No
3271,0,0,0.022977365895758564,-4.398909568786621,-0.6489093899726868,attack,No
3272,0,0,0.006692851716795015,-5.529780864715576,-0.5297809839248657,attack,No
3273,0,0,0.002800926967120973,-6.454310894012451,-0.5793108940124512,attack,no
3274,0,0,0.060086656906500974,-3.0851998329162598,-0.3351999521255493,attack,No
3275,0,0,0.1645164792819756,-2.438312530517578,-0.8133126497268677,attack,no
3276,0,0,0.007577239923211134,-5.457034111022949,-0.5820339322090149,attack,no
3277,0,0,0.0006263341394548992,-7.725138187408447,-0.3501381576061249,attack,No
3278,0,0,0.00017952803353946743,-9.012702941894531,-0.3877032995223999,attack,No
3279,0,0,0.008577483893094128,-5.33310604095459,-0.5831058621406555,attack,No
3280,0,0,0.004609571905888793,-5.955225467681885,-0.58022540807724,attack,no
3281,0,0,0.0031726822769652645,-6.386483192443848,-0.6364830136299133,attack,No
3282,0,0,0.009708477054526368,-5.10733699798584,-0.4823370575904846,attack,no
3283,0,0,0.08509904500702024,-2.916370391845703,-0.5413703918457031,attack,No
3284,0,0,0.003172683219498529,-6.182454586029053,-0.4324547052383423,attack,No
3285,0,0,0.0046095714956607,-5.808450698852539,-0.4334505498409271,attack,No
3286,0,0,0.0011695099865486702,-7.065150260925293,-0.31515002250671387,attack,No
3287,0,0,0.0031726830309918535,-6.328669548034668,-0.5786696076393127,attack,No
3288,0,0,0.04742586913845881,-3.4668469429016113,-0.46684685349464417,attack,No
3289,0,0,0.014063626630011202,-4.610935688018799,-0.36093565821647644,attack,No
3290,0,0,0.0534033328129234,-3.603410005569458,-0.7284100651741028,attack,no
3291,0,0,0.020332356904444657,-4.3657732009887695,-0.49077337980270386,attack,No
3292,0,0,0.001032230898464754,-7.0578837394714355,-0.1828836053609848,attack,No
3293,0,0,0.0019267343194643127,-6.7752885818481445,-0.5252884030342102,attack,No
3294,0,0,0.0009110513571608901,-7.475260257720947,-0.4752604365348816,attack,No
3295,0,0,0.0017007226138324027,-6.9006218910217285,-0.5256220102310181,attack,No
3296,0,0,0.010986944573626636,-4.984073162078857,-0.48407334089279175,attack,No
3297,0,0,0.0028009267174000135,-6.192124366760254,-0.31712427735328674,attack,No
3298,0,0,0.02033235452992065,-4.366247177124023,-0.4912472367286682,attack,No
3299,0,0,0.04208773031866069,-3.5888683795928955,-0.4638684391975403,attack,No
3300,0,0,0.10669059394565118,-2.7853527069091797,-0.6603527069091797,attack,No
3301,0,0,0.10669060530721626,-2.787423610687256,-0.6624237298965454,attack,No
3302,0,0,0.042087723109535534,-3.73213529586792,-0.6071351766586304,attack,No
3303,0,0,0.0031726820884586454,-6.227657318115234,-0.4776570796966553,attack,No
3304,0,0,0.005220126931636656,-5.778003692626953,-0.5280039310455322,attack,No
3305,0,0,0.0013250226538317129,-7.100831508636475,-0.47583168745040894,attack,No
3306,0,0,0.001700722411435288,-6.953193664550781,-0.5781936645507812,attack,no
3307,0,0,0.003593603008271459,-6.321800231933594,-0.6968003511428833,attack,no
3308,0,0,0.10669059962643358,-2.685673952102661,-0.5606740117073059,attack,No
3309,0,0,0.0028009273000822866,-6.510101795196533,-0.6351019144058228,attack,No
3310,0,0,0.014063627043245474,-4.61175012588501,-0.36175012588500977,attack,No
3311,0,0,0.03308597457504463,-4.0901312828063965,-0.7151311635971069,attack,no
3312,0,0,0.010986940687560063,-4.859313488006592,-0.35931330919265747,attack,No
3313,0,0,0.1480472055495773,-2.2663679122924805,-0.5163679718971252,attack,No
3314,0,0,0.009708478773683474,-5.157430648803711,-0.53243088722229,attack,no
3315,0,0,0.02297736857193652,-4.24300479888916,-0.4930047392845154,attack,No
3316,0,0,0.037326884131416216,-3.667228937149048,-0.4172288477420807,attack,No
3317,0,0,0.005911068856243796,-5.763265132904053,-0.6382651329040527,attack,No
3318,0,0,0.002800926967120973,-6.227088928222656,-0.35208892822265625,attack,No
3319,0,0,0.004070138561537168,-5.817699909210205,-0.3177001178264618,attack,No
3320,0,0,0.029312230751356316,-4.15165376663208,-0.6516537666320801,attack,No
3321,0,0,0.0075772430607274135,-5.457938194274902,-0.5829384326934814,attack,No
3322,0,0,0.0011695101258020842,-7.064937114715576,-0.3149369955062866,attack,No
3323,0,0,0.0075772408196442265,-5.460465908050537,-0.5854658484458923,attack,no
3324,0,1,0.679178699175393,-0.5844178199768066,-1.3344178199768066,attack,Yes
3325,0,0,0.002182715990988994,-6.6017165184021,-0.4767163097858429,attack,No
3326,0,0,0.0013250226538317129,-7.055562973022461,-0.43056315183639526,attack,No
3327,0,0,0.009708474189265195,-5.155793190002441,-0.5307929515838623,attack,No
3328,0,0,0.0031726826539785367,-6.38578987121582,-0.6357898116111755,attack,No
3329,0,0,0.001032230913830316,-7.350156784057617,-0.47515666484832764,attack,No
3330,0,0,0.005220125384038879,-5.5692315101623535,-0.31923145055770874,attack,No
3331,0,0,0.000804086031406679,-7.702000617980957,-0.5770007371902466,attack,No
3332,0,0,0.001700722816229541,-6.806102752685547,-0.431102991104126,attack,No
3333,0,0,0.005911069906977476,-5.763895511627197,-0.6388956904411316,attack,No
3334,0,0,0.007577241043752515,-5.195765495300293,-0.3207654654979706,attack,No
3335,0,0,0.0011695104043089619,-7.444334506988525,-0.6943346261978149,attack,no
3336,0,0,0.0031726826539785367,-6.445456027984619,-0.6954559683799744,attack,no
3337,0,0,0.01406362497707424,-4.69000244140625,-0.44000229239463806,attack,No
3338,0,0,0.014063628696182679,-4.839079856872559,-0.5890799760818481,attack,No
3339,0,0,0.03308597648187432,-3.8306002616882324,-0.45560020208358765,attack,No
3340,0,0,0.005911067805510302,-5.705776691436768,-0.5807765126228333,attack,No
3341,0,0,0.020332356904444657,-4.583780288696289,-0.7087804675102234,attack,no
3342,0,0,0.008577483893094128,-5.146125316619873,-0.3961251378059387,attack,No
3343,0,0,0.004609572042631499,-5.853527069091797,-0.4785270392894745,attack,No
3344,0,0,0.0010322310367548194,-7.452502250671387,-0.5775022506713867,attack,No
3345,0,0,0.004609571632403393,-5.955245494842529,-0.5802453756332397,attack,No
3346,0,0,0.007577242612510723,-5.355772018432617,-0.4807721972465515,attack,No
3347,0,0,0.0017007220066411306,-6.805893898010254,-0.4308936595916748,attack,No
3348,0,0,0.029312230751356316,-4.045645713806152,-0.5456457138061523,attack,No
3349,0,0,0.0021827162506210893,-6.476968288421631,-0.3519681990146637,attack,no
3350,0,0,0.0075772430607274135,-5.404204368591309,-0.5292046070098877,attack,No
3351,0,0,0.017986206803753842,-4.447333335876465,-0.4473331570625305,attack,No
3352,0,0,0.0046095724528596406,-6.011982440948486,-0.6369825005531311,attack,no
3353,0,0,0.02297737526238275,-4.459794044494629,-0.709794282913208,attack,no
3354,0,0,0.0031726826539785367,-6.446539402008057,-0.6965393424034119,attack,no
3355,0,0,0.004070137353478592,-5.979780197143555,-0.4797801077365875,attack,No
3356,0,0,0.002800926967120973,-6.35205078125,-0.47705078125,attack,no
3357,0,0,0.010986941982915435,-5.141477108001709,-0.6414770483970642,attack,No
3358,0,0,0.0059110692064883365,-5.654143333435059,-0.5291433930397034,attack,no
3359,0,0,0.0015011820333792252,-6.888409614562988,-0.38840946555137634,attack,No
3360,0,0,0.1824255415859996,-2.0611705780029297,-0.5611706972122192,attack,No
3361,0,0,0.007577239699102878,-5.269350528717041,-0.3943503201007843,attack,No
3362,0,0,0.004609571632403393,-5.728645324707031,-0.3536452054977417,attack,No
3363,0,0,0.0009110510723304808,-7.229674816131592,-0.22967468202114105,attack,No
3364,0,0,0.20181322226037882,-2.1147594451904297,-0.7397594451904297,attack,No
3365,0,0,0.13296424019782924,-2.415943145751953,-0.5409431457519531,attack,No
3366,0,0,0.015906393111335862,-4.566199779510498,-0.4411998689174652,attack,No
3367,0,0,0.02033235096813516,-4.52346134185791,-0.6484612226486206,attack,No
3368,0,0,0.006692851320539924,-5.39349365234375,-0.3934937119483948,attack,No
3369,0,0,0.00218271670497733,-6.760492324829102,-0.6354924440383911,attack,no
3370,0,0,0.09534947004048376,-2.805129289627075,-0.55512934923172,attack,No
3371,0,0,0.0031726821827119532,-6.182286262512207,-0.4322860538959503,attack,No
3372,0,0,0.0052201249197596335,-5.6851487159729,-0.43514856696128845,attack,No
3373,0,0,0.0015011822567369915,-7.134917736053467,-0.6349177360534668,attack,No
3374,0,0,0.01243164865786858,-5.016804218292236,-0.641804039478302,attack,No
3375,0,0,0.11920290950590741,-2.5726184844970703,-0.5726183652877808,attack,No
3376,0,0,0.053403325280175794,-3.3471779823303223,-0.4721778929233551,attack,No
3377,0,0,0.0015011820780507757,-7.077790260314941,-0.5777901411056519,attack,No
3378,0,0,0.13296424706933604,-2.666393995285034,-0.791394054889679,attack,no
3379,0,0,0.005220125538798635,-5.6834716796875,-0.4334716498851776,attack,No
3380,0,0,0.01098694327827096,-4.938487529754639,-0.43848758935928345,attack,No
3381,0,0,0.010986942954432066,-4.983457565307617,-0.4834575951099396,attack,No
3382,0,0,0.010986940687560063,-5.1410040855407715,-0.6410039067268372,attack,No
3383,0,0,0.006692852113050128,-5.394263744354248,-0.3942639231681824,attack,No
3384,0,0,0.32082130082460697,-1.5002530813217163,-0.7502530813217163,attack,No
3385,0,0,0.0013250224960860068,-7.150331974029541,-0.5253320336341858,attack,no
3386,0,0,0.2689414330889798,-1.6404213905334473,-0.640421450138092,attack,No
3387,0,0,0.007577240371427665,-5.405417442321777,-0.5304173231124878,attack,No
3388,0,0,0.002800926800640331,-6.352656364440918,-0.4776563048362732,attack,No
3389,0,0,0.007577241267860811,-5.57335901260376,-0.6983590126037598,attack,no
3390,0,0,0.005911067455265844,-5.824005126953125,-0.6990048885345459,attack,no
3391,0,0,0.01243165231673086,-4.815621852874756,-0.4406219720840454,attack,No
3392,0,0,0.006692850924284856,-5.480214595794678,-0.48021459579467773,attack,No
3393,0,0,0.005220126312597491,-5.948260307312012,-0.6982604265213013,attack,no
3394,0,0,0.00669285052802981,-5.435113430023193,-0.4351133704185486,attack,No
3395,0,0,0.22270014914315833,-1.9223148822784424,-0.6723149418830872,attack,No
3396,0,0,0.014063626836628337,-4.488208293914795,-0.23820827901363373,attack,No
3397,0,0,0.012431653780276067,-4.90895938873291,-0.5339596271514893,attack,No
3398,0,0,0.020332358091706755,-4.3657684326171875,-0.4907686710357666,attack,No
3399,0,0,0.00026119027532172013,-8.305520057678223,-0.055519890040159225,attack,No
3400,0,0,0.3208213138121609,-1.6318681240081787,-0.8818681836128235,attack,No
3401,0,0,0.00407013711186692,-5.818544387817383,-0.3185442388057709,attack,No
3402,0,0,0.32082130082460697,-1.6728482246398926,-0.9228482246398926,attack,No
3403,0,0,0.004070137957507836,-6.197221279144287,-0.6972213387489319,attack,no
3404,0,0,0.0008040859356292355,-7.648980140686035,-0.5239801406860352,attack,No
3405,0,0,0.004070137232672753,-6.079854488372803,-0.5798543691635132,attack,No
3406,0,0,0.46879062662624377,-1.0988339185714722,-0.9738339185714722,attack,No
3407,0,0,0.00359360194114313,-6.102145195007324,-0.4771450161933899,attack,no
3408,0,0,0.006692850924284856,-5.640318870544434,-0.6403188705444336,attack,No
3409,0,0,0.01798620785653302,-4.538052082061768,-0.538051962852478,attack,No
3410,0,0,0.0028009273000822866,-6.401448726654053,-0.5264488458633423,attack,No
3411,0,1,0.5312093733737563,-1.0522860288619995,-1.1772860288619995,attack,Yes
3412,0,0,0.020332356904444657,-4.58391809463501,-0.7089182734489441,attack,no
3413,0,0,0.0019267342621537913,-6.681126117706299,-0.4311259090900421,attack,No
3414,0,0,0.008577485160275657,-5.187206268310547,-0.4372062385082245,attack,No
3415,0,0,0.005220126312597491,-5.729102611541748,-0.4791027307510376,attack,No
3416,0,0,0.005911068155754778,-5.70573616027832,-0.5807360410690308,attack,No
3417,0,0,0.008577483639657844,-5.2307538986206055,-0.48075369000434875,attack,No
3418,0,0,0.025957352676742106,-4.119630336761475,-0.4946301579475403,attack,No
3419,0,0,0.005220126622117065,-5.886626720428467,-0.6366268992424011,attack,No
3420,0,0,0.01590639171181471,-4.768786430358887,-0.6437864303588867,attack,no
3421,0,0,0.03308597457504463,-4.088717937469482,-0.7137178182601929,attack,no
3422,0,0,0.022977367233847502,-4.159475803375244,-0.4094756841659546,attack,no
3423,0,0,0.005220125693558397,-5.72898530960083,-0.4789853096008301,attack,No
3424,0,0,0.0007096705681791412,-7.72499942779541,-0.47499966621398926,attack,No
3425,0,0,0.004609571358918011,-5.954891204833984,-0.57989102602005,attack,No
3426,0,0,0.001926734606016944,-6.600439071655273,-0.35043904185295105,attack,No
3427,0,0,0.0008040857919630916,-7.439756870269775,-0.31475669145584106,attack,No
3428,0,0,0.004609572726345088,-6.0121917724609375,-0.637191891670227,attack,No
3429,0,0,0.022977373924293353,-4.197437286376953,-0.44743746519088745,attack,No
3430,0,0,0.0010322309752925658,-7.2634382247924805,-0.3884381651878357,attack,No
3431,0,0,0.20181322226037882,-1.9390721321105957,-0.5640721321105957,attack,No
3432,0,0,0.0675466911396291,-3.1532235145568848,-0.5282235145568848,attack,No
3433,0,0,0.00591106763038807,-5.559389114379883,-0.4343889057636261,attack,No
3434,0,0,0.0010322310367548194,-7.190479755401611,-0.31547975540161133,attack,no
3435,0,0,0.04742587856304458,-3.611748695373535,-0.6117488145828247,attack,No
3436,0,0,0.0059110695567328965,-5.7068705558776855,-0.5818706750869751,attack,no
3437,0,0,0.005220126003077935,-5.68376350402832,-0.4337635636329651,attack,No
3438,0,0,0.14804721306746543,-2.394758701324463,-0.6447588205337524,attack,No
3439,0,0,0.025957358704815272,-4.119266986846924,-0.4942670464515686,attack,No
3440,0,0,0.11920292202211755,-2.5735414028167725,-0.5735414028167725,attack,No
3441,0,0,0.025957356444287677,-4.121659755706787,-0.4966597259044647,attack,No
3442,0,0,0.009708476481474066,-5.264270782470703,-0.6392707824707031,attack,no
3443,0,0,0.0017007227150309691,-6.952999591827393,-0.5779997706413269,attack,no
3444,0,0,0.029312237535086605,-4.098335266113281,-0.5983355045318604,attack,No
3445,0,0,0.012431651584958318,-5.01942253112793,-0.6444225907325745,attack,no
3446,0,0,0.03308598029553404,-3.8293023109436035,-0.4543023705482483,attack,No
3447,0,0,0.014063625390308462,-4.89337682723999,-0.6433767080307007,attack,no
3448,0,0,0.0031726824654718946,-6.140960693359375,-0.39096057415008545,attack,No
3449,0,0,0.005911068856243796,-5.65405797958374,-0.5290579795837402,attack,No
3450,0,0,0.02033235096813516,-4.32000732421875,-0.44500720500946045,attack,No
3451,0,0,0.003172683219498529,-6.329204559326172,-0.5792046785354614,attack,No
3452,0,0,0.005911067805510302,-5.604645252227783,-0.4796450734138489,attack,No
3453,0,0,0.017986210488481234,-4.365293025970459,-0.36529305577278137,attack,No
3454,0,0,0.11920290950590741,-2.5314955711364746,-0.5314954519271851,attack,No
3455,0,0,0.004609573273316032,-6.011524200439453,-0.6365244388580322,attack,No
3456,0,0,0.0675466911396291,-3.1529459953308105,-0.5279459953308105,attack,No
3457,0,0,0.008577485920584663,-5.389008522033691,-0.6390085816383362,attack,No
3458,0,0,0.008577484399966718,-5.333303451538086,-0.5833033323287964,attack,No
3459,0,0,0.006692852113050128,-5.393525123596191,-0.39352530241012573,attack,No
3460,0,0,0.029312230751356316,-3.875339984893799,-0.37533998489379883,attack,No
3461,0,0,0.1645164792819756,-2.198385238647461,-0.5733853578567505,attack,No
3462,0,0,0.04742587317756679,-3.5100553035736084,-0.5100553035736084,attack,No
3463,0,0,0.006692850924284856,-5.638094902038574,-0.6380949020385742,attack,No
3464,0,0,0.00591106763038807,-5.517785549163818,-0.39278534054756165,attack,No
3465,0,0,0.01406362456384003,-4.736473083496094,-0.4864729046821594,attack,No
3466,0,0,0.0008040860792954051,-7.600260257720947,-0.4752604365348816,attack,No
3467,0,0,0.002800926967120973,-6.571186542510986,-0.6961865425109863,attack,no
3468,0,0,0.0011695101606154403,-6.879397392272949,-0.12939730286598206,attack,No
3469,0,0,0.00407013711186692,-5.933436870574951,-0.43343672156333923,attack,No
3470,0,0,0.001700722209038197,-6.952784538269043,-0.5777844190597534,attack,No
3471,0,0,0.18242550602671442,-2.1437511444091797,-0.6437510251998901,attack,No
3472,0,0,0.0015011822567369915,-7.0778326988220215,-0.5778326988220215,attack,no
3473,0,0,0.02595736021183377,-4.076655387878418,-0.4516555070877075,attack,No
3474,0,1,0.7549149868676283,-0.6463911533355713,-1.7713911533355713,attack,Yes
3475,0,0,0.0021827166400692896,-6.600937366485596,-0.47593745589256287,attack,No
3476,0,0,0.0059110695567328965,-5.653314113616943,-0.5283142328262329,attack,No
3477,0,0,0.006692850131774789,-5.529231548309326,-0.5292314291000366,attack,no
3478,0,0,0.01098694392594878,-4.983453273773193,-0.4834533929824829,attack,No
3479,0,0,0.004609571769146091,-5.729093074798584,-0.3540929853916168,attack,No
3480,0,1,0.5312093733737563,-0.8852406740188599,-1.0102406740188599,attack,Yes
3481,0,0,0.0013250225749588576,-7.149881362915039,-0.5248814821243286,attack,No
3482,0,0,0.05340332377362639,-3.547213077545166,-0.6722129583358765,attack,no
3483,0,0,0.025957354183760273,-4.168675899505615,-0.5436757802963257,attack,No
3484,0,0,0.005220126622117065,-5.948276519775391,-0.698276698589325,attack,no
3485,0,0,0.004070137595090279,-5.632167339324951,-0.13216730952262878,attack,No
3486,0,0,0.00669285052802981,-5.581134796142578,-0.5811347365379333,attack,No
3487,0,0,0.008577484399966718,-5.145844459533691,-0.39584434032440186,attack,No
3488,0,0,0.01243165231673086,-5.077042579650879,-0.7020426988601685,attack,no
3489,0,0,0.005220126312597491,-5.777843475341797,-0.5278435945510864,attack,No
3490,0,0,0.0015011820780507757,-7.077603340148926,-0.5776032209396362,attack,No
3491,0,0,0.025957356444287677,-3.996068239212036,-0.37106820940971375,attack,No
3492,0,0,0.037326887344129464,-3.8000614643096924,-0.5500614643096924,attack,No
3493,0,0,0.003172683408005215,-6.32866907119751,-0.5786692500114441,attack,No
3494,0,0,0.22270013882530884,-1.9705852270126343,-0.7205852270126343,attack,No
3495,0,0,0.005911069906977476,-5.519176483154297,-0.3941766619682312,attack,No
3496,0,0,0.008577485413711986,-5.2824835777282715,-0.5324835777282715,attack,No
3497,0,0,0.0021827168347934166,-6.5148420333862305,-0.3898422122001648,attack,No
3498,0,0,0.004609573273316032,-5.955832481384277,-0.5808327198028564,attack,No
3499,0,0,0.005911068330877026,-5.518434524536133,-0.39343443512916565,attack,No
3500,0,0,0.005220125693558397,-5.684788227081299,-0.43478822708129883,attack,No
3501,0,0,0.00280092763304364,-6.264815330505371,-0.3898155689239502,attack,No
3502,0,0,0.002472623009619369,-6.477055549621582,-0.47705549001693726,attack,No
3503,0,0,0.007577240371427665,-5.513225078582764,-0.6382249593734741,attack,no
3504,0,0,0.006692850924284856,-5.638482570648193,-0.6384825706481934,attack,no
3505,0,1,0.8175744939732856,-0.5694907903671265,-2.069490909576416,attack,Yes
3506,0,0,0.002800926967120973,-6.132029056549072,-0.25702905654907227,attack,No
3507,0,0,0.0019267348925696179,-6.828529357910156,-0.5785294771194458,attack,No
3508,0,0,0.24508501313237172,-1.8626011610031128,-0.7376011610031128,attack,No
3509,0,0,0.004609572179374208,-5.955928802490234,-0.5809288024902344,attack,No
3510,0,0,0.14804719051380197,-2.2638027667999268,-0.513802707195282,attack,No
3511,0,0,0.0031726820884586454,-6.44582462310791,-0.695824384689331,attack,no
3512,0,0,0.13296424706933604,-2.458981990814209,-0.5839820504188538,attack,No
3513,0,0,0.017986208514520034,-4.061778545379639,-0.061778463423252106,attack,No
3514,0,0,0.00669285052802981,-5.5822014808654785,-0.5822014212608337,attack,No
3515,0,0,0.009708474762317362,-5.155445575714111,-0.530445396900177,attack,No
3516,0,0,0.007577239923211134,-5.406402587890625,-0.5314024090766907,attack,No
3517,0,0,0.000911051248654057,-7.577009677886963,-0.5770097374916077,attack,no
3518,0,0,0.033085978388704126,-3.7175703048706055,-0.34257030487060547,attack,No
3519,0,0,0.0035936024213508388,-5.854602813720703,-0.22960276901721954,attack,No
3520,0,0,0.004609572726345088,-6.012901306152344,-0.6379014253616333,attack,No
3521,0,0,0.01590639077880068,-4.828607559204102,-0.7036074995994568,attack,no
3522,0,0,0.005220125229279126,-5.730777740478516,-0.48077765107154846,attack,No
3523,0,0,0.012431652682617146,-4.773463249206543,-0.3984633982181549,attack,No
3524,0,0,0.008577485413711986,-5.28087043762207,-0.5308704376220703,attack,No
3525,0,0,0.005220124764999895,-5.457671642303467,-0.20767146348953247,attack,No
3526,0,0,0.008577483893094128,-5.390413284301758,-0.6404131054878235,attack,No
3527,0,0,0.002800927133601626,-6.570614337921143,-0.6956143975257874,attack,no
3528,0,1,0.914900950352329,-0.345206081867218,-2.7202060222625732,attack,Yes
3529,0,0,0.01243164865786858,-5.018031597137451,-0.6430314183235168,attack,No
3530,0,0,0.014063626216776943,-4.896113395690918,-0.6461133360862732,attack,No
3531,0,0,0.017986206803753842,-4.588585376739502,-0.5885851979255676,attack,No
3532,0,0,0.0953494648991095,-3.008389472961426,-0.7583894729614258,attack,no
3533,0,0,0.01098694327827096,-5.032420635223389,-0.5324206948280334,attack,No
3534,0,0,0.0024726237446964848,-6.4765777587890625,-0.4765779972076416,attack,No
3535,0,0,0.007577241716077422,-5.230694770812988,-0.35569483041763306,attack,No
3536,0,0,0.007577240147319397,-5.230687618255615,-0.3556874692440033,attack,No
3537,0,0,0.008577484399966718,-5.28008508682251,-0.5300849676132202,attack,No
3538,0,0,0.010986944573626636,-5.031826496124268,-0.5318266749382019,attack,No
3539,0,0,0.001700722310236739,-7.06994104385376,-0.694940984249115,attack,no
3540,0,1,0.9626731107817877,-0.09871702641248703,-3.348716974258423,attack,Yes
3541,0,0,0.07585817584273653,-3.134361743927002,-0.6343616843223572,attack,No
3542,0,0,0.0019267346633274755,-6.884304523468018,-0.6343045234680176,attack,no
3543,0,0,0.0013250224960860068,-6.940989971160889,-0.31599003076553345,attack,No
3544,0,0,0.042087725512577126,-3.679100275039673,-0.5541002154350281,attack,No
3545,0,0,0.3775406828054583,-1.2483131885528564,-0.7483132481575012,attack,No
3546,0,0,0.005911068505999277,-5.603884220123291,-0.47888416051864624,attack,No
3547,0,0,0.46879062662624377,-1.1522338390350342,-1.0272338390350342,attack,No
3548,0,0,0.0015011823460801075,-7.078482151031494,-0.5784822106361389,attack,no
3549,0,0,0.0021827168347934166,-6.703525543212891,-0.578525722026825,attack,No
3550,0,0,0.0040701384407312935,-5.853257656097412,-0.35325783491134644,attack,No
3551,0,0,0.0015011824354232285,-6.888913154602051,-0.38891327381134033,attack,no
3552,0,0,0.0028009273833226214,-6.351573467254639,-0.4765736162662506,attack,No
3553,0,0,0.0028009266341596987,-6.307526588439941,-0.43252646923065186,attack,No
3554,0,0,0.004609572179374208,-6.01154899597168,-0.6365489959716797,attack,no
3555,0,0,0.0011695100561753752,-7.384286880493164,-0.6342867016792297,attack,No
3556,0,0,0.005220126622117065,-5.83020544052124,-0.5802056193351746,attack,No
3557,0,0,0.004609572589602362,-5.581706523895264,-0.20670661330223083,attack,No
3558,0,0,0.0007096702300220753,-7.725303649902344,-0.47530341148376465,attack,No
3559,0,0,0.008577484653403024,-5.231538772583008,-0.48153868317604065,attack,No
3560,0,0,0.32082130082460697,-1.3922330141067505,-0.6422330141067505,attack,No
3561,0,0,0.017986212067650338,-4.649287700653076,-0.6492878198623657,attack,No
3562,0,0,0.0013250225355224317,-7.013742923736572,-0.38874301314353943,attack,no
3563,0,0,0.0024726235976810437,-6.6352152824401855,-0.6352154612541199,attack,no
3564,0,0,0.02297736991002561,-4.458431720733643,-0.7084317207336426,attack,no
3565,0,0,0.014063625390308462,-4.783695220947266,-0.5336951017379761,attack,No
3566,0,0,0.1480471980316895,-2.268730401992798,-0.5187304019927979,attack,No
3567,0,0,0.0024726227890962764,-6.476866245269775,-0.47686609625816345,attack,No
3568,0,0,0.008577486680893736,-5.107154846191406,-0.3571549952030182,attack,No
3569,0,0,0.01098694263059318,-5.032576084136963,-0.5325760841369629,attack,No
3570,0,0,0.004609571222175325,-5.729170322418213,-0.3541701138019562,attack,No
3571,0,0,0.002472622862603971,-6.317123889923096,-0.31712377071380615,attack,No
3572,0,0,0.003172682748231862,-6.183141708374023,-0.43314167857170105,attack,No
3573,0,0,0.01798621101487092,-4.443996906280518,-0.44399696588516235,attack,No
3574,0,0,0.0075772408196442265,-5.310944080352783,-0.4359440207481384,attack,No
3575,0,0,0.003593603008271459,-6.105714797973633,-0.48071491718292236,attack,No
3576,0,0,0.025957354937269386,-4.033960342407227,-0.4089602530002594,attack,No
3577,0,0,0.04208773031866069,-3.787832498550415,-0.6628325581550598,attack,No
3578,0,0,0.004609571222175325,-5.808737277984619,-0.4337370693683624,attack,No
3579,0,0,0.010986944573626636,-4.897105693817139,-0.397105872631073,attack,No
3580,0,0,0.001700722816229541,-6.953129768371582,-0.5781300067901611,attack,No
3581,0,0,0.025957363225871038,-4.075199127197266,-0.4501993656158447,attack,No
3582,0,0,0.18242552380635632,-2.3337881565093994,-0.8337881565093994,attack,no
3583,0,0,0.008577486427457372,-5.3895368576049805,-0.63953697681427,attack,no
3584,0,0,0.0031726821827119532,-6.181980133056641,-0.4319799244403839,attack,No
3585,0,0,0.006692849339264817,-5.581020355224609,-0.5810201168060303,attack,No
3586,0,1,0.9046505428129514,-0.35377994179725647,-2.6037800312042236,attack,Yes
3587,0,0,0.020332349780873466,-4.280532360076904,-0.40553218126296997,attack,No
3588,0,0,0.0035936027948457686,-6.102638244628906,-0.477638304233551,attack,no
3589,0,0,0.008577486934330109,-5.10823392868042,-0.35823410749435425,attack,No
3590,0,0,0.00407013783670198,-5.853229999542236,-0.3532300293445587,attack,no
3591,0,0,0.0024726235976810437,-6.5266289710998535,-0.5266291499137878,attack,No
3592,0,0,0.007577240371427665,-5.310475826263428,-0.4354757070541382,attack,No
3593,0,0,0.0059110695567328965,-5.821901798248291,-0.6969019174575806,attack,no
3594,0,0,0.020332356310813628,-4.206756114959717,-0.33175626397132874,attack,No
3595,0,0,0.009708478773683474,-5.266051292419434,-0.6410515308380127,attack,No
3596,0,0,0.0010322307909058268,-7.18968391418457,-0.3146836757659912,attack,No
3597,0,0,0.0013250224172131609,-7.259044170379639,-0.6340441703796387,attack,no
3598,0,0,0.037326887344129464,-3.667426109313965,-0.41742610931396484,attack,No
3599,0,0,0.002800926384438769,-6.266165733337402,-0.39116552472114563,attack,No
3600,0,0,0.0017007224620345643,-6.851361274719238,-0.47636130452156067,attack,No
3601,0,0,0.0024726225685732036,-6.578404426574707,-0.5784041881561279,attack,no
3602,0,0,0.0008040859356292355,-7.759666919708252,-0.634666919708252,attack,No
3603,0,0,0.003172682748231862,-6.183218002319336,-0.43321797251701355,attack,no
3604,0,0,0.020332352155396922,-4.321216583251953,-0.44621652364730835,attack,No
3605,0,0,0.11920291576401235,-2.617621660232544,-0.6176216006278992,attack,No
3606,0,0,0.015906394977364253,-4.527912616729736,-0.40291282534599304,attack,No
3607,0,0,0.00048785706465354084,-7.906905174255371,-0.28190505504608154,attack,No
3608,0,0,0.24508501313237172,-1.8179996013641357,-0.6929996013641357,attack,No
3609,0,0,0.014063627043245474,-4.735833644866943,-0.48583364486694336,attack,No
3610,0,0,0.012431653780276067,-5.016590118408203,-0.6415903568267822,attack,No
3611,0,0,0.005220125538798635,-5.642735481262207,-0.39273545145988464,attack,No
3612,0,0,0.0010322309752925658,-7.102223873138428,-0.22722381353378296,attack,No
3613,0,0,0.004070137232672753,-6.135932922363281,-0.6359328031539917,attack,No
3614,0,0,0.006692851122412387,-5.233184337615967,-0.23318436741828918,attack,No
3615,0,0,0.03732688948593843,-3.8007302284240723,-0.550730288028717,attack,No
3616,0,0,0.005220125074519377,-5.830141067504883,-0.5801409482955933,attack,no
3617,0,0,0.00857748414653042,-5.186441898345947,-0.4364417493343353,attack,No
3618,0,0,0.004070137715896127,-6.0798444747924805,-0.5798444747924805,attack,No
3619,0,0,0.0015011820780507757,-7.194596767425537,-0.6945966482162476,attack,no
3620,0,0,0.008577484906839334,-5.38922119140625,-0.6392211318016052,attack,No
3621,0,0,0.16451647108926923,-2.3881938457489014,-0.7631939053535461,attack,no
3622,0,0,0.02931223244728875,-4.0976104736328125,-0.5976105332374573,attack,no
3623,0,0,0.0028009273000822866,-6.511080741882324,-0.6360808610916138,attack,No
3624,0,0,0.008577485920584663,-5.389481067657471,-0.6394811272621155,attack,no
3625,0,0,0.014063625390308462,-4.838129997253418,-0.5881298780441284,attack,No
3626,0,0,0.002472623303650189,-6.476797580718994,-0.4767976403236389,attack,No
3627,0,0,0.18242552380635632,-2.1727449893951416,-0.6727449893951416,attack,No
3628,0,0,0.0011695103346822365,-7.139021396636963,-0.38902145624160767,attack,No
3629,0,0,0.0031726835965119127,-6.331337928771973,-0.5813381671905518,attack,No
3630,0,0,0.0534033328129234,-3.3461599349975586,-0.47115999460220337,attack,No
3631,0,0,0.053403329799824234,-3.390474319458008,-0.5154743194580078,attack,No
3632,0,0,0.00407013783670198,-5.892571926116943,-0.39257195591926575,attack,No
3633,0,0,0.22270013882530884,-2.1062235832214355,-0.8562235832214355,attack,no
3634,0,0,0.02297736991002561,-4.245609283447266,-0.4956092834472656,attack,No
3635,0,0,0.008577486934330109,-5.450051784515381,-0.7000519633293152,attack,no
3636,0,0,0.001926734606016944,-6.639695644378662,-0.3896956145763397,attack,no
3637,0,0,0.006692852113050128,-5.582596302032471,-0.582596480846405,attack,No
3638,0,0,0.1329642333263228,-2.3786401748657227,-0.5036401152610779,attack,No
3639,0,0,0.18242553269617778,-2.0891032218933105,-0.5891032814979553,attack,No
3640,0,0,0.00037998459399269806,-8.128216743469238,-0.253216952085495,attack,No
3641,0,0,0.0159063898457867,-4.611921310424805,-0.48692119121551514,attack,no
3642,0,0,0.005220126622117065,-5.947184085845947,-0.6971842646598816,attack,no
3643,0,0,0.004070137715896127,-6.080206871032715,-0.5802068710327148,attack,No
3644,0,0,0.001700722209038197,-6.900608062744141,-0.5256079435348511,attack,No
3645,0,0,0.047425867792089564,-3.613208293914795,-0.6132081747055054,attack,no
3646,0,0,0.002800927133601626,-6.352901458740234,-0.47790151834487915,attack,No
3647,0,0,0.20181323186177208,-2.0730369091033936,-0.6980369687080383,attack,No
3648,0,0,0.017986209435701905,-4.365482330322266,-0.36548230051994324,attack,No
3649,0,0,0.0009110513029074721,-7.314776420593262,-0.31477653980255127,attack,No
3650,0,0,0.005911068155754778,-5.412808895111084,-0.28780877590179443,attack,No
3651,0,0,0.0046095728630878175,-5.729088306427002,-0.3540884554386139,attack,no
3652,0,0,0.004070138682343046,-5.978160858154297,-0.478161096572876,attack,No
3653,0,0,0.0011695100561753752,-7.180549621582031,-0.4305494427680969,attack,No
3654,0,0,0.01590639077880068,-4.525905132293701,-0.4009050726890564,attack,No
3655,0,0,0.002472623303650189,-6.578334331512451,-0.578334391117096,attack,No
3656,0,0,0.006692850131774789,-5.698219299316406,-0.6982191801071167,attack,no
3657,0,0,0.22270013882530884,-1.8103464841842651,-0.5603464841842651,attack,No
3658,0,0,0.006692849735519792,-5.53018856048584,-0.5301883816719055,attack,No
3659,0,0,0.37754066879814546,-1.4912158250808716,-0.9912158250808716,attack,no
3660,0,0,0.04208772791561884,-3.63157057762146,-0.50657057762146,attack,No
3661,0,0,0.005220125384038879,-5.8879618644714355,-0.6379618048667908,attack,no
3662,0,0,0.20181323186177208,-2.018805503845215,-0.6438055634498596,attack,No
3663,0,0,0.005220125693558397,-5.886841773986816,-0.6368417739868164,attack,No
3664,0,0,0.0013250221805946513,-6.975550651550293,-0.35055047273635864,attack,No
3665,0,0,0.06754668738548215,-3.122661590576172,-0.4976615309715271,attack,No
3666,0,0,0.005911069906977476,-5.559146404266357,-0.43414658308029175,attack,No
3667,0,0,0.005911070082099775,-5.443760395050049,-0.31876060366630554,attack,No
3668,0,0,0.0021827162506210893,-6.441018104553223,-0.3160180151462555,attack,No
3669,0,0,0.004070137715896127,-6.079445838928223,-0.5794458389282227,attack,No
3670,0,0,0.007577241716077422,-5.513282299041748,-0.6382823586463928,attack,No
3671,0,0,0.0028009264676790765,-6.453991413116455,-0.5789912343025208,attack,No
3672,0,0,0.11920293453832885,-2.7263336181640625,-0.726333737373352,attack,no
3673,0,0,0.004609572999830552,-5.955410003662109,-0.5804101824760437,attack,no
3674,0,0,0.0059110695567328965,-5.654734134674072,-0.5297342538833618,attack,No
3675,0,0,0.00669285052802981,-5.582361221313477,-0.5823611617088318,attack,No
3676,0,0,0.007577242164294059,-5.573995590209961,-0.6989957094192505,attack,no
3677,0,0,0.00280092763304364,-6.454797744750977,-0.5797979831695557,attack,No
3678,0,0,0.0953494648991095,-2.8999223709106445,-0.6499223709106445,attack,No
3679,0,0,0.3486451488696663,-1.3340516090393066,-0.7090516686439514,attack,No
3680,0,0,0.006692851320539924,-5.581856727600098,-0.5818567872047424,attack,no
3681,0,0,0.0021827160558970152,-6.556438446044922,-0.43143826723098755,attack,No
3682,0,0,0.005911070082099775,-5.559831619262695,-0.434831827878952,attack,No
3683,0,0,0.0019267343767748358,-6.534521102905273,-0.2845209538936615,attack,No
3684,0,0,0.01798621259404007,-4.404906749725342,-0.40490689873695374,attack,no
3685,0,0,0.04208773031866069,-3.4466893672943115,-0.3216894268989563,attack,No
3686,0,0,0.004070137957507836,-6.196481227874756,-0.6964812874794006,attack,no
3687,0,0,0.002472623009619369,-6.63503360748291,-0.6350335478782654,attack,no
3688,0,0,0.2689414213699951,-1.7236368656158447,-0.7236368656158447,attack,No
3689,0,0,0.10669059962643358,-2.7350146770477295,-0.6100147366523743,attack,No
3690,0,0,0.0017007226138324027,-6.952922821044922,-0.5779229402542114,attack,No
3691,0,0,0.005911068681121534,-5.605301856994629,-0.4803018271923065,attack,No
3692,0,0,0.012431650121413363,-5.018030166625977,-0.6430301070213318,attack,no
3693,0,0,0.0031726826539785367,-6.385672569274902,-0.6356725096702576,attack,no
3694,0,0,0.042087723109535534,-3.7346854209899902,-0.6096853017807007,attack,no
3695,0,0,0.0017007227150309691,-6.9533586502075195,-0.5783588290214539,attack,No
3696,0,0,0.0028009266341596987,-6.571042060852051,-0.6960419416427612,attack,no
3697,0,0,0.0010322311596793377,-7.264009475708008,-0.38900959491729736,attack,No
3698,0,0,0.08509904500702024,-2.9649975299835205,-0.5899975299835205,attack,No
3699,0,1,0.679178699175393,-0.6288367509841919,-1.378836750984192,attack,Yes
3700,0,0,0.0031726830309918535,-6.445651054382324,-0.695651113986969,attack,no
3701,0,0,0.0021827163155291175,-6.651625633239746,-0.5266255736351013,attack,No
3702,0,0,0.46879062662624377,-1.30191969871521,-1.17691969871521,attack,no
3703,0,0,0.0059110692064883365,-5.654056072235107,-0.5290561318397522,attack,No
3704,0,0,0.0028009274665629583,-6.401120662689209,-0.5261208415031433,attack,No
3705,0,0,0.0075772408196442265,-5.457126140594482,-0.5821260809898376,attack,No
3706,0,0,0.005220126312597491,-5.729867935180664,-0.4798680543899536,attack,No
3707,0,0,0.007577240595535943,-5.270790100097656,-0.3957900106906891,attack,No
3708,0,0,0.022977365895758564,-4.34421443939209,-0.5942142605781555,attack,No
3709,0,0,0.005220125693558397,-5.947698593139648,-0.6976985931396484,attack,no
3710,0,0,0.06008665522337757,-3.227659225463867,-0.47765931487083435,attack,No
3711,0,1,0.7772998611746911,-0.5106765031814575,-1.7606765031814575,attack,Yes
3712,0,0,0.0035936024747072553,-5.808948993682861,-0.18394896388053894,attack,No
3713,0,0,0.005911067805510302,-5.705613613128662,-0.5806134343147278,attack,No
3714,0,0,0.006692851122412387,-5.480208873748779,-0.4802089035511017,attack,No
3715,0,0,0.01243165231673086,-4.735851287841797,-0.3608514070510864,attack,No
3716,0,0,0.010986941982915435,-5.08510684967041,-0.5851067900657654,attack,No
3717,0,0,0.005911067805510302,-5.479854106903076,-0.35485392808914185,attack,No
3718,0,0,0.0011695101258020842,-7.225667953491211,-0.4756678342819214,attack,No
3719,0,0,0.005911070257222078,-5.705503463745117,-0.5805037021636963,attack,no
3720,0,0,0.010986941982915435,-4.982626914978027,-0.48262685537338257,attack,No
3721,0,0,0.0021827168347934166,-6.705482006072998,-0.5804821848869324,attack,No
3722,0,0,0.0015011822120654355,-6.888844966888428,-0.38884493708610535,attack,No
3723,0,0,0.2689414213699951,-1.8149890899658203,-0.8149890899658203,attack,No
3724,0,0,0.060086646807761206,-3.228954792022705,-0.4789547324180603,attack,No
3725,0,0,0.009708477054526368,-5.265296459197998,-0.6402965188026428,attack,No
3726,0,0,0.053403329799824234,-3.3068442344665527,-0.43184423446655273,attack,No
3727,0,0,0.006692851716795015,-5.480484485626221,-0.48048460483551025,attack,no
3728,0,0,0.008577485413711986,-5.390130043029785,-0.6401300430297852,attack,no
3729,0,0,0.01590639357784294,-4.829173564910889,-0.7041736841201782,attack,no
3730,0,0,0.0159063898457867,-4.566712856292725,-0.44171273708343506,attack,No
3731,0,0,0.004609572042631499,-5.728942394256592,-0.3539423644542694,attack,no
3732,0,0,0.01798621101487092,-4.705574989318848,-0.7055750489234924,attack,no
3733,0,0,0.037326887344129464,-3.854327917098999,-0.604327917098999,attack,No
3734,0,0,0.0028009270503612984,-6.104532718658447,-0.22953274846076965,attack,No
3735,0,0,0.005220126931636656,-5.642083168029785,-0.39208340644836426,attack,No
3736,0,0,0.015906394044350028,-4.6128644943237305,-0.4878646433353424,attack,No
3737,0,0,0.006692850924284856,-5.580857276916504,-0.5808572769165039,attack,No
3738,0,0,0.0035936027948457686,-6.151551246643066,-0.5265513062477112,attack,No
3739,0,0,0.1329642333263228,-2.380033493041992,-0.5050334334373474,attack,No
3740,0,0,0.005911068856243796,-5.604734420776367,-0.4797344207763672,attack,No
3741,0,0,0.0009110510045137297,-7.475829601287842,-0.4758293926715851,attack,No
3742,0,0,0.0013250225749588576,-6.974936008453369,-0.3499361276626587,attack,No
3743,0,0,0.0019267346633274755,-6.7752838134765625,-0.5252838134765625,attack,No
3744,0,0,0.06008665354025422,-3.116194009780884,-0.36619406938552856,attack,No
3745,0,0,0.0035936025814200896,-6.153042316436768,-0.5280423164367676,attack,no
3746,0,0,0.004609572726345088,-5.810600280761719,-0.4356003999710083,attack,No
3747,0,0,0.14804721306746543,-2.266406536102295,-0.5164066553115845,attack,No
3748,0,0,0.0159063898457867,-4.771100044250488,-0.6460999250411987,attack,No
3749,0,0,0.01243165231673086,-4.772802352905273,-0.397802472114563,attack,No
3750,0,0,0.010986945221304533,-4.89821720123291,-0.39821743965148926,attack,No
3751,0,0,0.07585817584273653,-3.143157720565796,-0.6431576609611511,attack,no
3752,0,0,0.0021827160558970152,-6.650322914123535,-0.5253227353096008,attack,No
3753,0,0,0.02595735569077852,-4.334591865539551,-0.709591805934906,attack,no
3754,0,0,0.0031726820884586454,-6.328897476196289,-0.57889723777771,attack,No
3755,0,0,0.0017007225126338423,-6.557195663452148,-0.1821957230567932,attack,No
3756,0,0,0.0046095728630878175,-5.766427040100098,-0.3914271891117096,attack,No
3757,0,0,0.008577483639657844,-5.1868720054626465,-0.43687179684638977,attack,no
3758,0,0,0.0010322312211416022,-7.190046787261963,-0.3150469660758972,attack,No
3759,0,0,0.0013250222594674832,-7.259555339813232,-0.6345552206039429,attack,no
3760,0,1,0.9669140225647107,-0.15312668681144714,-3.5281267166137695,attack,Yes
3761,0,0,0.004070137232672753,-6.196703910827637,-0.6967037916183472,attack,no
3762,0,0,0.004070136749449438,-5.934484481811523,-0.43448424339294434,attack,No
3763,0,0,0.0009110511401472368,-7.475550651550293,-0.4755505919456482,attack,No
3764,0,0,0.025957358704815272,-3.9014503955841064,-0.2764504551887512,attack,No
3765,0,0,0.006692850329902297,-5.393750190734863,-0.3937501013278961,attack,no
3766,0,0,0.004609572179374208,-5.808186054229736,-0.43318605422973633,attack,No
3767,0,0,0.0028009268838806506,-6.191068649291992,-0.3160686194896698,attack,No
3768,0,0,0.0011695104043089619,-7.327490329742432,-0.5774904489517212,attack,no
3769,0,0,0.006692852113050128,-5.480010986328125,-0.4800111651420593,attack,No
3770,0,0,0.020332356310813628,-4.365999221801758,-0.49099937081336975,attack,No
3771,0,0,0.0019267350645012428,-6.639162540435791,-0.38916274905204773,attack,No
3772,0,0,0.012431650487299585,-4.8608622550964355,-0.48586222529411316,attack,No
3773,0,0,0.003593602901558612,-6.058876037597656,-0.4338761270046234,attack,No
3774,0,0,0.003593603008271459,-6.151400089263916,-0.5264002084732056,attack,no
3775,0,0,0.007577241043752515,-5.311000347137451,-0.4360003173351288,attack,No
3776,0,0,0.0028009263011984638,-6.454329490661621,-0.579329252243042,attack,No
3777,0,0,0.0019267344627406228,-6.478447914123535,-0.2284478098154068,attack,No
3778,0,0,0.0017007227656302545,-6.852006912231445,-0.477007120847702,attack,No
3779,0,0,0.01098694263059318,-5.084566116333008,-0.5845661163330078,attack,No
3780,0,0,0.004070137232672753,-6.079463481903076,-0.5794633626937866,attack,No
3781,0,0,0.3208212878370535,-1.4908266067504883,-0.7408265471458435,attack,No
3782,0,0,0.020332352155396922,-4.175267219543457,-0.30026715993881226,attack,No
3783,0,0,0.006692850924284856,-5.638103485107422,-0.6381034851074219,attack,No
3784,0,1,0.6513548511303336,-0.6669984459877014,-1.2919983863830566,attack,Yes
3785,0,1,0.7057850154599563,-0.7302737832069397,-1.605273723602295,attack,Yes
3786,0,0,0.010986945221304533,-5.084877014160156,-0.5848772525787354,attack,No
3787,0,0,0.009708477914104884,-4.917382717132568,-0.2923828661441803,attack,No
3788,0,0,0.008577486934330109,-5.144932746887207,-0.39493292570114136,attack,no
3789,0,0,0.0046095710854326425,-6.011806488037109,-0.6368062496185303,attack,No
3790,0,0,0.0005527786204586191,-7.782785415649414,-0.2827853858470917,attack,No
3791,0,0,0.009708477627578704,-5.265356540679932,-0.6403566598892212,attack,no
3792,0,0,0.008577485413711986,-5.388683319091797,-0.6386833190917969,attack,no
3793,0,0,0.03308597648187432,-3.830535650253296,-0.4555355906486511,attack,No
3794,0,0,0.004609572589602362,-5.808256149291992,-0.43325623869895935,attack,No
3795,0,0,0.015906388912772775,-4.5687737464904785,-0.4437735676765442,attack,No
3796,0,0,0.002182716380437148,-6.556860446929932,-0.43186041712760925,attack,No
3797,0,0,0.007577241491969114,-5.269509792327881,-0.39450982213020325,attack,No
3798,0,0,0.01590639357784294,-4.5257039070129395,-0.400704026222229,attack,No
3799,0,0,0.0017007227150309691,-7.0697197914123535,-0.6947199702262878,attack,no
3800,0,1,0.5621765008857981,-1.0179743766784668,-1.2679743766784668,attack,Yes
3801,0,0,0.09534947004048376,-2.7587013244628906,-0.5087013840675354,attack,No
3802,0,0,0.0031726820884586454,-6.276778221130371,-0.526777982711792,attack,No
3803,0,0,0.003593603221697163,-6.102227687835693,-0.4772278666496277,attack,No
3804,0,0,0.003593602901558612,-6.058194637298584,-0.43319472670555115,attack,no
3805,0,0,0.0046095710854326425,-5.902436256408691,-0.5274360179901123,attack,No
3806,0,0,0.009708475335369565,-5.062867164611816,-0.43786704540252686,attack,No
3807,0,0,0.0019267343194643127,-6.726246356964111,-0.476246178150177,attack,no
3808,0,1,0.9149009515124917,-0.2236209362745285,-2.598620891571045,attack,Yes
3809,0,0,0.007577242164294059,-5.404616832733154,-0.5296169519424438,attack,No
3810,0,0,0.006692850131774789,-5.582289218902588,-0.5822890996932983,attack,No
3811,0,0,0.01406363034912007,-4.6931610107421875,-0.4431612491607666,attack,No
3812,0,0,0.004609572999830552,-5.903558731079102,-0.5285589098930359,attack,No
3813,0,0,0.006692849735519792,-5.639133453369141,-0.6391332745552063,attack,No
3814,0,0,0.0021827163155291175,-6.703619003295898,-0.5786189436912537,attack,No
3815,0,0,0.22270013882530884,-1.963112235069275,-0.7131122350692749,attack,No
3816,0,0,0.0035936017277175022,-6.152248382568359,-0.5272481441497803,attack,No
3817,0,0,0.20181321265898594,-1.9874498844146729,-0.6124498248100281,attack,No
3818,0,0,0.0010322307909058268,-7.350898742675781,-0.47589850425720215,attack,No
3819,0,0,0.004609571427289355,-5.418503761291504,-0.043503597378730774,attack,No
3820,0,0,0.0046095724528596406,-6.011370658874512,-0.6363707184791565,attack,no
3821,0,0,0.0021827165751612514,-6.514530658721924,-0.3895307183265686,attack,No
3822,0,0,0.02033235452992065,-4.467423915863037,-0.5924239754676819,attack,No
3823,0,0,0.00669285191492257,-5.396474361419678,-0.3964745104312897,attack,No
3824,0,0,0.001700722411435288,-6.899982929229736,-0.5249829292297363,attack,No
3825,0,0,0.008577486427457372,-5.3895344734191895,-0.639534592628479,attack,No
3826,0,1,0.5926665999540697,-0.9706994295120239,-1.345699429512024,attack,Yes
3827,0,0,0.042087723109535534,-3.5483927726745605,-0.423392653465271,attack,No
3828,0,0,0.03732689162774753,-3.969196319580078,-0.7191964387893677,attack,no
3829,0,0,0.0031726822769652645,-6.386244773864746,-0.6362445950508118,attack,No
3830,0,0,0.004609571905888793,-5.956088542938232,-0.5810884833335876,attack,no
3831,0,0,0.16451644651115205,-2.3313393592834473,-0.7063392400741577,attack,No
3832,0,0,0.015906392644828796,-4.489314556121826,-0.36431461572647095,attack,No
3833,0,0,0.00012339456127826798,-9.079833984375,-0.07983386516571045,attack,No
3834,0,0,0.009708478200631072,-5.26581335067749,-0.6408135294914246,attack,No
3835,0,0,0.009708474762317362,-4.982333660125732,-0.3573334813117981,attack,No
3836,0,0,0.0010322310367548194,-7.189536094665527,-0.31453609466552734,attack,No
3837,0,0,0.004070137232672753,-6.137344837188721,-0.6373447179794312,attack,No
3838,0,0,0.0059110692064883365,-5.707447528839111,-0.5824475884437561,attack,No
3839,0,0,0.009708475908421797,-5.2092437744140625,-0.5842437148094177,attack,No
3840,0,0,0.006692850329902297,-5.319760799407959,-0.3197607100009918,attack,No
3841,0,0,0.029312230751356316,-4.096704006195068,-0.5967040061950684,attack,No
3842,0,0,0.0534033328129234,-3.446884870529175,-0.5718849301338196,attack,no
3843,0,0,0.005220126312597491,-5.642509460449219,-0.3925095796585083,attack,No
3844,0,0,0.060086646807761206,-3.2297654151916504,-0.4797653555870056,attack,No
3845,0,0,0.02931223244728875,-4.045408248901367,-0.545408308506012,attack,No
3846,0,0,0.001700722411435288,-6.952451705932617,-0.5774517059326172,attack,No
3847,0,0,0.007577241716077422,-5.513448238372803,-0.6384482979774475,attack,No
3848,0,0,0.0035936025814200896,-6.153377532958984,-0.5283775329589844,attack,No
3849,0,0,0.01798620838292263,-4.365413665771484,-0.3654135763645172,attack,No
3850,0,0,0.008577487441202876,-5.388885498046875,-0.6388857364654541,attack,no
3851,0,0,0.0028009273000822866,-6.226101398468018,-0.35110151767730713,attack,No
3852,0,0,0.01098694327827096,-5.087509632110596,-0.5875096917152405,attack,No
3853,0,0,0.0028009273000822866,-6.510490417480469,-0.6354905366897583,attack,no
3854,0,0,0.0017007226138324027,-6.9019083976745605,-0.5269085168838501,attack,No
3855,0,0,0.006692850924284856,-5.637470245361328,-0.6374702453613281,attack,No
3856,0,0,0.02931222820745785,-3.807168483734131,-0.3071683943271637,attack,No
3857,0,0,0.00591106763038807,-5.560348033905029,-0.4353478252887726,attack,No
3858,0,0,0.005911068768682665,-5.31264066696167,-0.18764065206050873,attack,No
3859,0,0,0.004070138319925425,-5.933361053466797,-0.4333612024784088,attack,No
3860,0,0,0.00669285052802981,-5.480698108673096,-0.4806980490684509,attack,No
3861,0,0,0.004070137957507836,-5.8195343017578125,-0.3195343613624573,attack,No
3862,0,0,0.0031726822769652645,-6.385615348815918,-0.6356151700019836,attack,No
3863,0,0,0.06754668363133542,-3.201308250427246,-0.5763081312179565,attack,No
3864,0,1,0.7549149868676283,-0.596451997756958,-1.721451997756958,attack,Yes
3865,0,0,0.014063627869714051,-4.543975830078125,-0.2939758896827698,attack,No
3866,0,0,0.04208772791561884,-3.730189800262451,-0.6051898002624512,attack,No
3867,0,0,0.03308597648187432,-3.977323293685913,-0.6023232340812683,attack,No
3868,0,0,0.02931222905542399,-4.098937511444092,-0.598937451839447,attack,no
3869,0,0,0.0024726225685732036,-6.390052795410156,-0.39005255699157715,attack,No
3870,0,0,0.008577484399966718,-5.388983726501465,-0.6389836072921753,attack,No
3871,0,0,0.11920292828022305,-2.787513494491577,-0.7875135540962219,attack,no
3872,0,0,0.005220124610240159,-5.568577289581299,-0.3185770809650421,attack,No
3873,0,0,0.006692849339264817,-5.529315948486328,-0.529315710067749,attack,No
3874,0,0,0.025957357951306048,-3.961177110671997,-0.33617714047431946,attack,No
3875,0,0,0.0035936023679944244,-6.015378952026367,-0.3903788924217224,attack,No
3876,0,0,0.0021827165751612514,-6.601865291595459,-0.47686535120010376,attack,No
3877,0,0,0.0005527787357134919,-7.601673603057861,-0.10167378187179565,attack,No
3878,0,0,0.009708475908421797,-5.208719253540039,-0.5837191939353943,attack,no
3879,0,0,0.012431650121413363,-4.814723014831543,-0.4397229552268982,attack,No
3880,0,0,0.0021827166400692896,-6.556448459625244,-0.4314485490322113,attack,no
3881,0,0,0.0028009263011984638,-6.402527809143066,-0.5275275707244873,attack,No
3882,0,1,0.7310585786300049,-0.5097694396972656,-1.5097694396972656,attack,Yes
3883,0,0,0.005911067805510302,-5.605402946472168,-0.48040276765823364,attack,No
3884,0,0,0.008577485160275657,-5.147500514984131,-0.39750048518180847,attack,No
3885,0,0,0.0534033328129234,-3.3473551273345947,-0.4723551869392395,attack,No
3886,0,0,0.0021827162506210893,-6.601868629455566,-0.47686854004859924,attack,no
3887,0,0,0.01098694327827096,-4.861003398895264,-0.36100345849990845,attack,No
3888,0,0,0.11920290950590741,-2.7783918380737305,-0.7783917188644409,attack,no
3889,0,0,0.0013250224172131609,-7.320104122161865,-0.6951041221618652,attack,no
3890,0,1,0.679178699175393,-0.6037349700927734,-1.3537349700927734,attack,Yes
3891,0,0,0.0028009264676790765,-6.453700065612793,-0.5786998867988586,attack,No
3892,0,0,0.04742587317756679,-3.511777400970459,-0.511777400970459,attack,No
3893,0,0,0.003593603221697163,-5.977893352508545,-0.35289353132247925,attack,No
3894,0,0,0.042087725512577126,-3.59018611907959,-0.46518605947494507,attack,No
3895,0,0,0.0040701369910610885,-6.0794243812561035,-0.5794242024421692,attack,no
3896,0,0,0.0017007225126338423,-6.851584434509277,-0.4765844941139221,attack,No
3897,0,0,0.00522012445548043,-5.728686332702637,-0.4786860942840576,attack,No
3898,0,0,0.0028009266341596987,-6.401182651519775,-0.5261825323104858,attack,No
3899,0,0,0.007577240595535943,-5.269667625427246,-0.39466753602027893,attack,No
3900,0,0,0.00218271670497733,-6.441233158111572,-0.3162332773208618,attack,No
3901,0,0,0.004070137957507836,-6.080068588256836,-0.5800686478614807,attack,no
3902,0,0,0.20181323186177208,-2.0742318630218506,-0.6992319226264954,attack,No
3903,0,0,0.0017007226138324027,-6.900351047515869,-0.5253511667251587,attack,No
3904,0,0,0.0075772430607274135,-5.3563642501831055,-0.48136448860168457,attack,No
3905,0,0,0.002472623524173327,-6.477376461029053,-0.4773766100406647,attack,No
3906,0,0,0.010986941335237732,-5.031717777252197,-0.5317176580429077,attack,No
3907,0,0,0.022977371248114782,-4.457091808319092,-0.7070918679237366,attack,no
3908,0,0,0.004070137353478592,-5.977816581726074,-0.47781649231910706,attack,No
3909,0,0,0.014063627043245474,-4.6910624504089355,-0.44106245040893555,attack,No
3910,0,0,0.0013250222594674832,-7.1005144119262695,-0.47551429271698,attack,no
3911,0,0,0.009708476481474066,-5.019983768463135,-0.39498376846313477,attack,No
3912,0,0,0.002472622715588583,-6.635256290435791,-0.6352561116218567,attack,No
3913,0,0,0.042087725512577126,-3.6817305088043213,-0.5567304491996765,attack,No
3914,0,0,0.09534947004048376,-2.7579026222229004,-0.5079026818275452,attack,No
3915,0,0,0.0017007227150309691,-7.0704169273376465,-0.6954171061515808,attack,no
3916,0,0,0.001926734606016944,-6.534653186798096,-0.2846531569957733,attack,No
3917,0,0,0.017986206803753842,-4.589062213897705,-0.5890620350837708,attack,No
3918,0,0,0.06754668738548215,-3.3631269931793213,-0.7381269335746765,attack,no
3919,0,0,0.00857748566714832,-5.107663631439209,-0.35766366124153137,attack,No
3920,0,0,0.008577483893094128,-5.071822166442871,-0.32182198762893677,attack,No
3921,0,0,0.0019267346633274755,-6.885367393493652,-0.6353673934936523,attack,No
3922,0,0,0.022977365895758564,-4.243363380432129,-0.4933632016181946,attack,No
3923,0,0,0.014063625390308462,-4.73710298538208,-0.4871028661727905,attack,No
3924,0,0,0.004609572179374208,-5.954388618469238,-0.5793886184692383,attack,No
3925,0,0,0.008577485160275657,-5.231884956359863,-0.4818849265575409,attack,No
3926,0,0,0.010986941335237732,-5.084749221801758,-0.5847491025924683,attack,no
3927,0,0,0.001700722158438928,-6.725316524505615,-0.3503163754940033,attack,no
3928,0,0,0.001501181899364581,-7.025300979614258,-0.5253007411956787,attack,no
3929,0,0,0.01406362456384003,-4.9541168212890625,-0.7041166424751282,attack,no
3930,0,0,0.020332355717182622,-4.522935390472412,-0.6479355096817017,attack,No
3931,0,0,0.0373268852023206,-3.5980358123779297,-0.3480357527732849,attack,No
3932,0,0,0.0031726820884586454,-6.228520393371582,-0.47852015495300293,attack,No
3933,0,0,0.0011695101258020842,-7.180609226226807,-0.4306091070175171,attack,No
3934,0,0,0.34864513533394575,-1.4717580080032349,-0.8467580080032349,attack,No
3935,0,0,0.00407013783670198,-5.933739185333252,-0.43373921513557434,attack,No
3936,0,0,0.0015011820780507757,-7.077558517456055,-0.5775583982467651,attack,No
3937,0,0,0.010986940687560063,-5.14189338684082,-0.641893208026886,attack,no
3938,0,0,0.008577485920584663,-5.3345794677734375,-0.5845795273780823,attack,no
3939,0,0,0.06754669489377622,-3.1081929206848145,-0.48319298028945923,attack,No
3940,0,0,0.060086656906500974,-3.1885595321655273,-0.4385596513748169,attack,No
3941,0,0,0.037326884131416216,-3.709277629852295,-0.45927754044532776,attack,No
3942,0,0,0.14804721306746543,-2.4604926109313965,-0.710492730140686,attack,No
3943,0,0,0.004609571358918011,-5.853471755981445,-0.478471577167511,attack,no
3944,0,0,0.01590639544387138,-4.829984664916992,-0.7049849033355713,attack,no
3945,0,0,0.005220125229279126,-5.684227466583252,-0.4342273771762848,attack,No
3946,0,0,0.10669059962643358,-2.6842708587646484,-0.5592709183692932,attack,No
3947,0,0,0.01798620890931226,-4.49045991897583,-0.4904598593711853,attack,No
3948,0,0,0.01406362952265135,-4.838210105895996,-0.5882102847099304,attack,No
3949,0,0,0.0004305570043681645,-8.137834548950195,-0.387834370136261,attack,No
3950,0,0,0.005220126622117065,-5.7786407470703125,-0.5286409258842468,attack,no
3951,0,0,0.0007096702722916998,-7.638259410858154,-0.38825923204421997,attack,No
3952,0,0,0.010986944573626636,-5.202088832855225,-0.7020890116691589,attack,no
3953,0,0,0.006692852509305267,-5.5825700759887695,-0.5825703144073486,attack,no
3954,0,0,0.0008040859835179557,-7.600414276123047,-0.47541433572769165,attack,no
3955,0,0,0.06754668738548215,-3.107841968536377,-0.4828419089317322,attack,No
3956,0,0,0.01798620785653302,-4.644993782043457,-0.6449936628341675,attack,No
3957,0,0,0.0013250224172131609,-7.260031223297119,-0.6350312232971191,attack,no
3958,0,0,0.008577484399966718,-5.4495649337768555,-0.6995648145675659,attack,no
3959,0,0,0.007577242612510723,-5.355139255523682,-0.48013943433761597,attack,No
3960,0,0,0.009708475908421797,-4.949593544006348,-0.3245934844017029,attack,No
3961,0,0,0.2689414330889798,-1.7117741107940674,-0.7117741703987122,attack,No
3962,0,0,0.004609571632403393,-5.903458118438721,-0.5284579992294312,attack,No
3963,0,0,0.0031726821827119532,-6.228518009185791,-0.4785178005695343,attack,No
3964,0,0,0.0010322310367548194,-7.452520370483398,-0.5775203704833984,attack,No
3965,0,0,0.005911069731855184,-5.604951858520508,-0.47995200753211975,attack,no
3966,0,0,0.1480471980316895,-2.441879987716675,-0.6918799877166748,attack,No
3967,0,0,0.0019267351218117874,-6.944831848144531,-0.6948320865631104,attack,no
3968,0,0,0.2689414213699951,-1.6400718688964844,-0.6400718688964844,attack,No
3969,0,0,0.04208773031866069,-3.6332039833068848,-0.5082040429115295,attack,No
3970,0,0,0.010986940039882433,-5.142912864685059,-0.6429126262664795,attack,No
3971,0,0,0.01406362497707424,-4.692520618438721,-0.44252046942710876,attack,No
3972,0,0,0.005220126003077935,-5.831313133239746,-0.5813131928443909,attack,no
3973,0,0,0.04208772791561884,-3.786822557449341,-0.6618225574493408,attack,No
3974,0,0,0.0040701384407312935,-5.977952480316162,-0.47795265913009644,attack,No
3975,0,0,0.22270011818961086,-2.017679214477539,-0.7676790952682495,attack,No
3976,0,0,0.0019267346633274755,-6.726945877075195,-0.4769458770751953,attack,No
3977,0,0,0.014063628696182679,-4.6116042137146,-0.36160433292388916,attack,No
3978,0,0,0.13296424706933604,-2.5057878494262695,-0.6307879090309143,attack,No
3979,0,0,0.010986941982915435,-5.084641933441162,-0.5846418738365173,attack,no
3980,0,1,0.679178699175393,-0.7963200807571411,-1.5463200807571411,attack,Yes
3981,0,0,0.000295957122330676,-8.327141761779785,-0.20214179158210754,attack,No
3982,0,0,0.0024726235976810437,-6.695668697357178,-0.6956688761711121,attack,no
3983,0,0,0.18242551491653522,-2.0533883571624756,-0.5533882975578308,attack,No
3984,0,0,0.32082130082460697,-1.456110954284668,-0.706110954284668,attack,No
3985,0,0,0.4378234991142019,-1.2261193990707397,-0.9761193990707397,attack,No
3986,0,0,0.0008040857919630916,-7.758608341217041,-0.6336081624031067,attack,No
3987,0,0,0.02297737057907019,-4.118865966796875,-0.3688659965991974,attack,No
3988,0,0,0.010986941335237732,-4.982875347137451,-0.4828752279281616,attack,No
3989,0,0,0.006692849735519792,-5.434393405914307,-0.4343932271003723,attack,No
3990,0,0,0.005911068856243796,-5.604741096496582,-0.47974109649658203,attack,No
3991,0,0,0.5,-1.0741004943847656,-1.0741004943847656,attack,No
3992,0,0,0.03308598410919419,-4.031431674957275,-0.6564318537712097,attack,No
3993,0,0,0.03732688948593843,-3.910113573074341,-0.6601136326789856,attack,No
3994,0,0,0.0015011823460801075,-7.078310489654541,-0.5783105492591858,attack,No
3995,0,0,0.004609572179374208,-5.902663707733154,-0.5276637077331543,attack,No
3996,0,0,0.18242550602671442,-2.135047435760498,-0.6350473165512085,attack,No
3997,0,0,0.00359360332841002,-6.016200065612793,-0.3912002742290497,attack,No
3998,0,0,0.008577483386221569,-5.449430465698242,-0.6994302272796631,attack,no
3999,0,0,0.0021827164453451808,-6.70261812210083,-0.5776181221008301,attack,No
4000,0,0,0.0059110692064883365,-5.559352874755859,-0.43435293436050415,attack,No
4001,0,0,0.0035936027948457686,-6.151954174041748,-0.5269542336463928,attack,No
4002,0,0,0.0075772408196442265,-5.514486312866211,-0.6394862532615662,attack,No
4003,0,0,0.014063623737371644,-4.614069938659668,-0.36406970024108887,attack,No
4004,0,0,0.37754066879814546,-1.281238317489624,-0.781238317489624,attack,No
4005,0,0,0.022977365895758564,-4.34352970123291,-0.5935295224189758,attack,No
4006,0,0,0.0011695100561753752,-7.444888114929199,-0.6948879361152649,attack,no
4007,0,0,0.004609571905888793,-5.902502059936523,-0.5275020003318787,attack,No
4008,0,0,0.005220126003077935,-5.777574062347412,-0.5275741219520569,attack,no
4009,0,1,0.7549149923816048,-0.4542343318462372,-1.5792343616485596,attack,Yes
4010,0,1,0.817574471748733,-0.3972069323062897,-1.8972069025039673,attack,Yes
4011,0,0,0.007577242164294059,-5.268452167510986,-0.3934522867202759,attack,No
4012,0,0,0.001926734204843272,-6.726061820983887,-0.4760615825653076,attack,No
4013,0,0,0.16451647108926923,-2.379577875137329,-0.7545779347419739,attack,No
4014,0,0,0.08509904500702024,-2.872755527496338,-0.4977555274963379,attack,No
4015,0,0,0.0040701374742844335,-6.136106491088867,-0.6361064314842224,attack,no
4016,0,0,0.007577240371427665,-5.269067287445068,-0.3940671682357788,attack,no
4017,0,0,0.020332356904444657,-4.582303524017334,-0.7073037028312683,attack,no
4018,0,0,0.005911068856243796,-5.706552505493164,-0.5815525054931641,attack,No
4019,0,0,0.007577241491969114,-5.355494976043701,-0.48049500584602356,attack,No
4020,0,0,0.0017007227656302545,-6.765041351318359,-0.3900415599346161,attack,no
4021,0,0,0.04208772791561884,-3.8488752841949463,-0.7238752841949463,attack,no
4022,0,0,0.04208773272170267,-3.6327953338623047,-0.5077954530715942,attack,No
4023,0,0,0.003172682371218578,-6.102426528930664,-0.3524263799190521,attack,No
4024,0,0,0.010986941982915435,-5.142437934875488,-0.6424378752708435,attack,No
4025,0,0,0.005911067805510302,-5.518255233764648,-0.3932550549507141,attack,No
4026,0,0,0.060086646807761206,-3.1915392875671387,-0.4415392279624939,attack,No
4027,0,0,0.4073333856566001,-1.3428170680999756,-0.9678170084953308,attack,No
4028,0,0,0.0019267347206380085,-6.600661754608154,-0.3506617844104767,attack,No
4029,0,0,0.010986944573626636,-5.088035583496094,-0.5880357623100281,attack,No
4030,0,0,0.020332348593611837,-4.3205718994140625,-0.4455716609954834,attack,No
4031,0,0,0.005911067805510302,-5.604443073272705,-0.47944289445877075,attack,No
4032,0,0,0.0031726833137518703,-6.140151500701904,-0.39015164971351624,attack,No
4033,0,0,0.00218271670497733,-6.7036824226379395,-0.578682541847229,attack,No
4034,0,0,0.004609572179374208,-5.809664249420166,-0.434664249420166,attack,No
4035,0,0,0.014063627456479755,-4.610711097717285,-0.36071112751960754,attack,No
4036,0,0,0.01243165304850344,-5.080876350402832,-0.7058765292167664,attack,no
4037,0,0,0.0600866518571309,-3.0581908226013184,-0.30819085240364075,attack,No
4038,0,0,0.014063627869714051,-4.953060150146484,-0.7030602097511292,attack,no
4039,0,0,0.46879064146934857,-1.0491695404052734,-0.9241696000099182,attack,No
4040,0,0,0.0011695104043089619,-7.138614654541016,-0.3886147737503052,attack,No
4041,0,1,0.5621765008857981,-1.0168490409851074,-1.2668490409851074,attack,Yes
4042,0,0,0.008577485160275657,-5.143859386444092,-0.3938593566417694,attack,No
4043,0,0,0.005220125074519377,-5.779022693634033,-0.5290225744247437,attack,No
4044,0,0,0.0024726225685732036,-6.634613990783691,-0.6346137523651123,attack,No
4045,0,0,0.01798620890931226,-4.591669082641602,-0.5916690230369568,attack,No
4046,0,0,0.0021827166400692896,-6.476515769958496,-0.35151585936546326,attack,No
4047,0,0,0.006692850131774789,-5.698791980743408,-0.6987918615341187,attack,no
4048,0,0,0.06008665017400762,-3.4847323894500732,-0.7347323894500732,attack,no
4049,0,0,0.0035936021545687705,-6.1034746170043945,-0.478474497795105,attack,no
4050,0,0,0.0003353500505395985,-8.281888008117676,-0.2818877696990967,attack,No
4051,0,0,0.007577242612510723,-5.405974864959717,-0.5309750437736511,attack,No
4052,0,0,0.006692851716795015,-5.582422733306885,-0.5824228525161743,attack,No
4053,0,0,0.009708476481474066,-5.209258556365967,-0.5842585563659668,attack,No
4054,0,0,0.009708476481474066,-5.020434379577637,-0.3954343795776367,attack,No
4055,0,1,0.6224593171945417,-0.8915534615516663,-1.3915534019470215,attack,Yes
4056,0,0,0.07585818419975078,-3.08463716506958,-0.5846372246742249,attack,No
4057,0,0,0.0035936021545687705,-6.321705341339111,-0.6967052221298218,attack,no
4058,0,0,0.005220125693558397,-5.94777774810791,-0.6977777481079102,attack,no
4059,0,0,0.0009110510587671301,-7.253312587738037,-0.25331243872642517,attack,No
4060,0,0,0.0024726233771578993,-6.432924270629883,-0.43292436003685,attack,No
4061,0,0,0.014063627043245474,-4.514481067657471,-0.2644810676574707,attack,No
4062,0,0,0.015906394510857135,-4.714908123016357,-0.5899083018302917,attack,No
4063,0,0,0.03308597934211908,-3.7509055137634277,-0.3759055435657501,attack,No
4064,0,0,0.004609571632403393,-5.955530166625977,-0.580530047416687,attack,No
4065,0,0,0.0031726830309918535,-6.2760772705078125,-0.5260773301124573,attack,no
4066,0,0,0.005220126312597491,-5.729440689086914,-0.4794408082962036,attack,No
4067,0,0,0.00132502237777674,-6.940091609954834,-0.3150915801525116,attack,No
4068,0,0,0.009708475908421797,-5.021240711212158,-0.3962406516075134,attack,No
4069,0,0,0.007577239474994629,-5.312163352966309,-0.4371631145477295,attack,No
4070,0,0,0.006692851716795015,-5.582481384277344,-0.5824815034866333,attack,no
4071,0,0,0.0028009274665629583,-6.307076930999756,-0.4320771098136902,attack,No
4072,0,0,0.03308597648187432,-3.8743040561676025,-0.49930399656295776,attack,No
4073,0,0,0.000804086031406679,-7.60053825378418,-0.47553837299346924,attack,No
4074,0,0,0.00407013783670198,-5.786129474639893,-0.28612950444221497,attack,No
4075,0,0,0.006692849339264817,-5.480446815490723,-0.48044657707214355,attack,No
4076,0,0,0.2942149597859341,-1.7258813381195068,-0.8508812785148621,attack,No
4077,0,0,0.00317268293673852,-6.06640625,-0.3164062798023224,attack,No
4078,0,0,0.0010322311596793377,-7.452672958374023,-0.577673077583313,attack,No
4079,0,0,0.0059110695567328965,-5.824853897094727,-0.6998540163040161,attack,no
4080,0,0,0.03732688627322502,-3.712374687194824,-0.46237465739250183,attack,No
4081,0,0,0.0758581737534831,-2.880173444747925,-0.38017335534095764,attack,No
4082,0,0,0.0059110695567328965,-5.6060566902160645,-0.481056809425354,attack,No
4083,0,0,0.005220125074519377,-5.830168724060059,-0.580168604850769,attack,No
4084,0,0,0.02033235156176603,-4.208518028259277,-0.3335179388523102,attack,No
4085,0,0,0.012431650853185818,-5.017745494842529,-0.6427454948425293,attack,no
4086,0,0,0.005911069906977476,-5.763003826141357,-0.6380040049552917,attack,no
4087,0,0,0.32082130082460697,-1.5938498973846436,-0.8438498973846436,attack,No
4088,0,0,0.029312227359491745,-4.1547956466674805,-0.6547955274581909,attack,No
4089,0,1,0.9046505261034853,-0.21743260324001312,-2.4674324989318848,attack,Yes
4090,0,0,0.06754669864792355,-3.2004714012145996,-0.5754715204238892,attack,No
4091,0,0,0.0006263340834913398,-7.658236980438232,-0.28323686122894287,attack,No
4092,0,0,0.022977366564803023,-4.242537021636963,-0.49253687262535095,attack,No
4093,0,0,0.0015011822567369915,-6.783691883087158,-0.2836918830871582,attack,No
4094,0,0,0.04742587856304458,-3.466215133666992,-0.46621525287628174,attack,No
4095,0,0,0.0040701384407312935,-5.978460311889648,-0.47846049070358276,attack,No
4096,0,0,0.0019267345487064141,-6.828420162200928,-0.578420102596283,attack,No
4097,0,0,0.01798620890931226,-4.645837783813477,-0.6458377242088318,attack,No
4098,0,0,0.010986945221304533,-4.984461784362793,-0.48446202278137207,attack,No
4099,0,0,0.46879062662624377,-1.2939562797546387,-1.1689562797546387,attack,no
4100,0,0,0.015906392644828796,-4.613409042358398,-0.4884091019630432,attack,No
4101,0,0,0.13296424706933604,-2.4596731662750244,-0.5846732258796692,attack,No
4102,0,0,0.004609572179374208,-5.955692291259766,-0.5806922912597656,attack,No
4103,0,0,0.009708476194947928,-4.983445167541504,-0.3584451377391815,attack,No
4104,0,0,0.010986943602109868,-4.983198642730713,-0.48319873213768005,attack,No
4105,0,0,0.005911067455265844,-5.824275970458984,-0.6992757320404053,attack,no
4106,0,0,0.03732689055684297,-3.5969226360321045,-0.34692272543907166,attack,No
4107,0,0,0.029312234143221275,-4.154469013214111,-0.6544691324234009,attack,No
4108,0,0,0.04208772431105632,-3.5093135833740234,-0.3843134939670563,attack,No
4109,0,0,0.005220125693558397,-5.831872940063477,-0.5818729400634766,attack,No
4110,0,0,0.0021827164453451808,-6.651747703552246,-0.5267477035522461,attack,no
4111,0,0,0.0006263342700365574,-7.952056407928467,-0.5770565867424011,attack,no
4112,0,0,0.0004305568761074445,-8.225929260253906,-0.47592878341674805,attack,No
4113,0,0,0.004609572726345088,-5.6937384605407715,-0.31873857975006104,attack,No
4114,0,0,0.004609571769146091,-5.808042049407959,-0.4330419600009918,attack,No
4115,0,0,0.009708475908421797,-5.108304500579834,-0.4833044409751892,attack,No
4116,0,0,0.00218271696460951,-6.515602111816406,-0.39060235023498535,attack,No
4117,0,0,0.010986944249787705,-4.858309268951416,-0.35830941796302795,attack,No
4118,0,1,0.5926665999540697,-0.8270212411880493,-1.2020212411880493,attack,Yes
4119,0,0,0.00407013783670198,-5.891373157501221,-0.3913731873035431,attack,No
4120,0,0,0.0015011826141094868,-6.850095748901367,-0.3500959873199463,attack,No
4121,0,0,0.0015011825247663551,-6.888746738433838,-0.3887469172477722,attack,No
4122,0,0,0.0031726833608785423,-5.956045150756836,-0.20604531466960907,attack,No
4123,0,0,0.010986941982915435,-4.984154224395752,-0.4841541647911072,attack,no
4124,0,0,0.02931223244728875,-3.9130306243896484,-0.4130306839942932,attack,No
4125,0,0,0.00033535021039337676,-8.57742977142334,-0.577430009841919,attack,No
4126,0,0,0.015906388912772775,-4.611603736877441,-0.4866035580635071,attack,No
4127,0,0,0.005220124610240159,-5.730122089385986,-0.4801218807697296,attack,No
4128,0,1,0.9149009619539553,-0.3449324667453766,-2.7199325561523438,attack,Yes
4129,0,0,0.009708477914104884,-5.063782215118408,-0.43878236413002014,attack,No
4130,0,0,0.004609572999830552,-5.955007076263428,-0.5800072550773621,attack,no
4131,0,0,0.009708475908421797,-5.155519008636475,-0.5305189490318298,attack,No
4132,0,1,0.6224593452091672,-0.7405425906181335,-1.2405426502227783,attack,Yes
4133,0,0,0.0028009266341596987,-6.401985168457031,-0.5269850492477417,attack,No
4134,0,0,0.005911068681121534,-5.6047444343566895,-0.47974440455436707,attack,No
4135,0,0,0.0021827168347934166,-6.70322322845459,-0.5782234072685242,attack,No
4136,0,0,0.4378235137849365,-1.0819659233093262,-0.831965982913971,attack,No
4137,0,0,0.004609573273316032,-5.853748321533203,-0.4787485599517822,attack,No
4138,0,0,0.14804719051380197,-2.3073244094848633,-0.5573243498802185,attack,No
4139,0,0,0.0534033328129234,-3.5459160804748535,-0.6709161400794983,attack,No
4140,0,0,0.22270013882530884,-2.012303590774536,-0.7623035907745361,attack,No
4141,0,0,0.0075772408196442265,-5.513474464416504,-0.6384744048118591,attack,No
4142,0,0,0.0019267346633274755,-6.565669536590576,-0.31566953659057617,attack,No
4143,0,0,0.2689414096510108,-1.721787929534912,-0.7217878699302673,attack,No
4144,0,0,0.0159063898457867,-4.567262649536133,-0.44226253032684326,attack,No
4145,0,0,0.05340332377362639,-3.546821117401123,-0.6718209981918335,attack,no
4146,0,0,0.005220125384038879,-5.946913242340088,-0.6969131827354431,attack,no
4147,0,0,0.006692852113050128,-5.581793308258057,-0.581793487071991,attack,No
4148,0,0,0.10669059962643358,-2.7820687294006348,-0.6570687890052795,attack,No
4149,0,0,0.007577240371427665,-5.573514938354492,-0.6985148191452026,attack,no
4150,0,0,0.003593603008271459,-6.152023792266846,-0.5270239114761353,attack,No
4151,0,0,0.002182715926080975,-6.760810852050781,-0.6358106136322021,attack,No
4152,0,0,0.0031726830309918535,-6.446058750152588,-0.6960588097572327,attack,no
4153,0,0,0.03308597552845946,-3.7900326251983643,-0.4150325357913971,attack,No
4154,0,0,0.004070137715896127,-6.080281734466553,-0.5802817344665527,attack,No
4155,0,0,0.10669060530721626,-2.732903003692627,-0.6079031229019165,attack,No
4156,0,0,0.0008040860792954051,-7.439769744873047,-0.3147699236869812,attack,No
4157,0,0,0.0009110513842876005,-7.475846290588379,-0.4758464992046356,attack,No
4158,0,0,0.001926734204843272,-6.9448347091674805,-0.6948344707489014,attack,no
4159,0,0,0.0021827160558970152,-6.601212978363037,-0.4762127995491028,attack,No
4160,0,0,0.037326887344129464,-3.6305670738220215,-0.3805670738220215,attack,No
4161,0,0,0.13296424706933604,-2.6158409118652344,-0.7408409714698792,attack,no
4162,0,0,0.0017007226138324027,-6.953114986419678,-0.5781151056289673,attack,no
4163,0,0,0.0019267342621537913,-6.600752830505371,-0.3507526218891144,attack,No
4164,0,0,0.008577486934330109,-5.232551574707031,-0.4825517535209656,attack,No
4165,0,0,0.0017007224620345643,-6.691376686096191,-0.3163767158985138,attack,No
4166,0,0,0.033085978388704126,-3.923563003540039,-0.5485630035400391,attack,No
4167,0,0,0.03732688306051187,-3.9096179008483887,-0.6596177816390991,attack,No
4168,0,0,0.033085970761385544,-4.089561462402344,-0.7145612239837646,attack,no
4169,0,0,0.007577239699102878,-5.311174392700195,-0.4361741840839386,attack,No
4170,0,0,0.0024726234506656126,-6.578609466552734,-0.5786095857620239,attack,no
4171,0,0,0.09534947004048376,-2.863222599029541,-0.6132226586341858,attack,no
4172,0,0,0.01243164938964095,-5.076235771179199,-0.7012356519699097,attack,no
4173,0,0,0.0019267347779485435,-6.884671688079834,-0.6346717476844788,attack,No
4174,0,0,0.1066905911052601,-2.4806032180786133,-0.3556031882762909,attack,No
4175,0,0,0.004070138199119559,-6.136383056640625,-0.6363831758499146,attack,No
4176,0,0,0.014063625803542697,-4.614140033721924,-0.36413994431495667,attack,No
4177,0,0,0.005220126312597491,-5.7777605056762695,-0.5277606248855591,attack,No
4178,0,0,0.18242552380635632,-2.05330491065979,-0.55330491065979,attack,No
4179,0,0,0.00280092763304364,-6.453883171081543,-0.5788834095001221,attack,no
4180,0,0,0.06008665522337757,-3.187666893005371,-0.43766698241233826,attack,No
4181,0,0,0.0017007226138324027,-6.954334735870361,-0.5793348550796509,attack,No
4182,0,0,0.04742587856304458,-3.6110000610351562,-0.6110001802444458,attack,No
4183,0,0,0.03308598220236406,-3.631920337677002,-0.2569204568862915,attack,No
4184,0,0,0.020332353342658753,-4.581451892852783,-0.7064518928527832,attack,no
4185,0,0,0.01590639217832175,-4.614896774291992,-0.4898968040943146,attack,no
4186,0,0,0.005220125693558397,-5.888121128082275,-0.6381211280822754,attack,no
4187,0,0,0.0040701374742844335,-6.13655424118042,-0.6365541815757751,attack,No
4188,0,0,0.04742587856304458,-3.389573574066162,-0.38957369327545166,attack,No
4189,0,0,0.0021827161208050378,-6.556638240814209,-0.43163809180259705,attack,No
4190,0,0,0.007577242836619065,-5.195788860321045,-0.32078906893730164,attack,No
4191,0,0,0.4073334000459302,-1.2032952308654785,-0.8282952308654785,attack,No
4192,0,0,0.002800927216841955,-6.192017078399658,-0.31701716780662537,attack,No
4193,0,0,0.009708475335369565,-5.210958003997803,-0.5859578847885132,attack,No
4194,0,0,0.0004878570791857214,-7.907154560089111,-0.28215447068214417,attack,No
4195,0,0,0.0031726822769652645,-6.385711193084717,-0.6357110142707825,attack,no
4196,0,0,0.004070137232672753,-6.027109622955322,-0.5271095037460327,attack,no
4197,0,0,0.01243165231673086,-4.7352471351623535,-0.36024725437164307,attack,No
4198,0,0,0.020332358091706755,-4.414722442626953,-0.5397226810455322,attack,No
4199,0,0,0.037326888415033926,-3.671445846557617,-0.4214458763599396,attack,No
4200,0,0,0.005220126931636656,-5.886791229248047,-0.636791467666626,attack,No
4201,0,0,0.02931222905542399,-4.151827335357666,-0.6518272757530212,attack,No
4202,0,0,0.22270014914315833,-2.1105597019195557,-0.8605597615242004,attack,no
4203,0,0,0.010986940039882433,-5.086739540100098,-0.5867393016815186,attack,no
4204,0,0,0.033085981248949035,-3.7921524047851562,-0.4171524941921234,attack,No
4205,0,0,0.0021827163155291175,-6.7042741775512695,-0.5792741179466248,attack,No
4206,0,0,0.03308598029553404,-4.031837463378906,-0.656837522983551,attack,No
4207,0,0,0.0015011822567369915,-6.815220832824707,-0.31522083282470703,attack,No
4208,0,0,0.002472623524173327,-6.2853288650512695,-0.28532901406288147,attack,No
4209,0,0,0.0046095724528596406,-5.693409442901611,-0.3184095025062561,attack,No
4210,0,0,0.007577240371427665,-5.457827568054199,-0.5828274488449097,attack,no
4211,0,0,0.0005527787521784759,-7.887966632843018,-0.3879668414592743,attack,no
4212,0,0,0.08509904964767095,-2.763091802597046,-0.3880918622016907,attack,No
4213,0,0,0.022977373924293353,-4.1184000968933105,-0.3684002757072449,attack,No
4214,0,0,0.0373268852023206,-3.9103281497955322,-0.6603280901908875,attack,No
4215,0,0,0.0007096702722916998,-7.638235092163086,-0.3882349133491516,attack,No
4216,0,1,0.817574471748733,-0.38495030999183655,-1.8849502801895142,attack,Yes
4217,0,0,0.004070137715896127,-6.079514980316162,-0.5795149803161621,attack,No
4218,0,0,0.014063625390308462,-4.784442901611328,-0.5344427824020386,attack,no
4219,0,0,0.2942149845400438,-1.5487732887268066,-0.6737733483314514,attack,No
4220,0,0,0.0019267351218117874,-6.828086853027344,-0.5780870914459229,attack,No
4221,0,0,0.002472622862603971,-6.634880542755127,-0.6348804235458374,attack,No
4222,0,0,0.004609571222175325,-5.767441749572754,-0.3924415409564972,attack,No
4223,0,0,0.002472623009619369,-6.578394889831543,-0.5783948302268982,attack,no
4224,0,0,0.0035936027948457686,-6.261244297027588,-0.6362443566322327,attack,no
4225,0,0,0.004609573273316032,-5.808612823486328,-0.4336130619049072,attack,No
4226,0,0,0.0031726820884586454,-6.329685211181641,-0.5796849727630615,attack,no
4227,0,0,0.002182716185713063,-6.602327823638916,-0.47732770442962646,attack,No
4228,0,0,0.005220125384038879,-5.8309149742126465,-0.5809149146080017,attack,No
4229,0,0,0.005220125074519377,-5.777383327484131,-0.5273832082748413,attack,No
4230,0,0,0.03732688306051187,-3.667278289794922,-0.4172781705856323,attack,No
4231,0,0,0.0031726830309918535,-6.140249729156494,-0.3902497887611389,attack,no
4232,0,0,0.01590639077880068,-4.454165458679199,-0.32916539907455444,attack,No
4233,0,0,0.0017007225632331216,-6.850956916809082,-0.4759570062160492,attack,No
4234,0,0,0.00359360194114313,-6.151900768280029,-0.526900589466095,attack,No
4235,0,0,0.010986944573626636,-4.896489143371582,-0.39648932218551636,attack,No
4236,0,0,0.006692850329902297,-5.319210052490234,-0.3192099630832672,attack,No
4237,0,0,0.02595735719779685,-4.335962772369385,-0.7109627723693848,attack,no
4238,0,0,0.007577240371427665,-5.459089756011963,-0.5840896368026733,attack,no
4239,0,0,0.01590639171181471,-4.71363639831543,-0.5886363983154297,attack,No
4240,0,0,0.010986944573626636,-4.897288799285889,-0.397288978099823,attack,No
4241,0,0,0.010986942306754304,-4.859275817871094,-0.35927578806877136,attack,No
4242,0,0,0.40733341443526055,-1.2623612880706787,-0.8873613476753235,attack,No
4243,0,0,0.10669060246682488,-2.568237781524658,-0.44323787093162537,attack,No
4244,0,0,0.042087723109535534,-3.7330708503723145,-0.6080707311630249,attack,No
4245,0,0,0.0046095724528596406,-5.955206871032715,-0.5802069306373596,attack,No
4246,0,0,0.001926734204843272,-6.726567268371582,-0.47656702995300293,attack,No
4247,0,0,0.0031726830309918535,-6.385622978210449,-0.635623037815094,attack,No
4248,0,0,0.0028009264676790765,-6.402719020843506,-0.5277188420295715,attack,No
4249,0,0,0.008577484399966718,-5.1068267822265625,-0.35682666301727295,attack,No
4250,0,0,0.010986940687560063,-5.0860161781311035,-0.5860159993171692,attack,No
4251,0,0,0.005220126467357275,-5.642033100128174,-0.39203324913978577,attack,No
4252,0,0,0.0850990542883219,-2.8339853286743164,-0.45898544788360596,attack,No
4253,0,0,0.005220126312597491,-5.539281368255615,-0.2892814874649048,attack,No
4254,0,0,0.002472622715588583,-6.3896307945251465,-0.38963061571121216,attack,No
4255,0,0,0.029312230751356316,-4.047143459320068,-0.5471434593200684,attack,No
4256,0,0,0.005220125848318164,-5.641882419586182,-0.39188244938850403,attack,No
4257,0,1,0.7981867873410141,-0.45636576414108276,-1.8313658237457275,attack,Yes
4258,0,0,0.0031726831252451896,-6.143343925476074,-0.3933440148830414,attack,No
4259,0,0,0.005220124764999895,-5.947988510131836,-0.6979883313179016,attack,no
4260,0,0,0.008577487441202876,-5.390393257141113,-0.6403934955596924,attack,no
4261,0,0,0.0474258704848281,-3.558065891265869,-0.5580658316612244,attack,No
4262,0,0,0.00218271670497733,-6.820577621459961,-0.6955777406692505,attack,no
4263,0,0,0.34864513533394575,-1.5310821533203125,-0.9060821533203125,attack,No
4264,0,0,0.07585817584273653,-2.956939697265625,-0.4569396376609802,attack,No
4265,0,0,0.02595736247236169,-4.036224842071533,-0.4112250506877899,attack,No
4266,0,0,0.008577484906839334,-5.145746231079102,-0.3957461714744568,attack,No
4267,0,0,0.002472623009619369,-6.578911781311035,-0.5789117217063904,attack,No
4268,0,0,0.012431650853185818,-4.9077653884887695,-0.5327653884887695,attack,No
4269,0,0,0.005220126622117065,-5.729435443878174,-0.47943562269210815,attack,No
4270,0,0,0.01590639544387138,-4.714548110961914,-0.5895483493804932,attack,No
4271,0,0,0.037326887344129464,-3.8018031120300293,-0.5518031120300293,attack,No
4272,0,0,0.005220125384038879,-5.72997522354126,-0.479975163936615,attack,No
4273,0,0,0.02297736857193652,-4.198191165924072,-0.4481911063194275,attack,No
4274,0,0,0.0024726233771578993,-6.477941036224365,-0.4779411256313324,attack,No
4275,0,0,0.3775406547908327,-1.19976806640625,-0.6997680068016052,attack,No
4276,0,0,0.0019267343194643127,-6.828367233276367,-0.5783670544624329,attack,No
4277,0,0,0.0019267347779485435,-6.601255416870117,-0.35125547647476196,attack,No
4278,0,0,0.005911068155754778,-5.761901378631592,-0.6369012594223022,attack,No
4279,0,0,0.06754668738548215,-3.248100996017456,-0.6231009364128113,attack,No
4280,0,0,0.01243164865786858,-4.960834503173828,-0.5858343243598938,attack,No
4281,0,0,0.05340333130637379,-3.3486297130584717,-0.47362974286079407,attack,No
4282,0,0,0.46879062662624377,-1.1259257793426514,-1.0009257793426514,attack,No
4283,0,0,0.0031726820884586454,-6.385388374328613,-0.6353881359100342,attack,No
4284,0,0,0.014063625390308462,-4.649876117706299,-0.3998759984970093,attack,No
4285,0,0,0.24508500210441886,-1.91438889503479,-0.7893888354301453,attack,No
4286,0,0,0.00970847662473714,-4.836897373199463,-0.21189738810062408,attack,No
4287,0,1,0.7981867825403176,-0.49231597781181335,-1.8673160076141357,attack,Yes
4288,0,0,0.010986941335237732,-5.140987396240234,-0.6409872770309448,attack,no
4289,0,0,0.000804086031406679,-7.702661991119385,-0.5776621103286743,attack,no
4290,0,0,0.0059110695567328965,-5.653812885284424,-0.5288130044937134,attack,No
4291,0,0,0.010986944573626636,-5.141686916351318,-0.6416870951652527,attack,No
4292,0,0,0.001700722209038197,-6.851436138153076,-0.4764360189437866,attack,No
4293,0,0,0.00522012445548043,-5.6425065994262695,-0.39250636100769043,attack,No
4294,0,0,0.1066905825840872,-2.6040310859680176,-0.479030966758728,attack,No
4295,0,0,0.007577242164294059,-5.513916969299316,-0.638917088508606,attack,No
4296,0,0,0.01243164865786858,-4.736954689025879,-0.3619545102119446,attack,No
4297,0,0,0.08509904964767095,-2.8373703956604004,-0.46237045526504517,attack,No
4298,0,0,0.006692849339264817,-5.395570755004883,-0.3955705165863037,attack,No
4299,0,0,0.005220126931636656,-5.9483137130737305,-0.6983139514923096,attack,no
4300,0,0,0.0031726824654718946,-6.385843753814697,-0.6358436346054077,attack,No
4301,0,0,0.014063625390308462,-4.7357048988342285,-0.48570477962493896,attack,No
4302,0,0,0.0006263341208003788,-7.85048770904541,-0.4754876494407654,attack,No
4303,0,1,0.9890130585028429,-0.054922476410865784,-4.554922580718994,attack,Yes
4304,0,0,0.004609571632403393,-6.073979377746582,-0.6989792585372925,attack,no
4305,0,0,0.06754669677084987,-3.06868314743042,-0.4436832368373871,attack,No
4306,0,0,0.007577241491969114,-5.358650207519531,-0.48365023732185364,attack,No
4307,0,0,0.005911069906977476,-5.823210716247559,-0.6982108950614929,attack,no
4308,0,0,0.20181321265898594,-1.9225800037384033,-0.5475799441337585,attack,No
4309,0,0,0.006692849933647288,-5.39442777633667,-0.394427627325058,attack,No
4310,0,0,0.03732689162774753,-3.669142246246338,-0.41914236545562744,attack,No
4311,0,0,0.02595735719779685,-4.170301914215088,-0.5453019142150879,attack,No
4312,0,0,0.1824255415859996,-2.338379383087158,-0.8383795022964478,attack,no
4313,0,0,0.0021827168347934166,-6.4764323234558105,-0.3514325022697449,attack,No
4314,0,0,0.001032231251872736,-7.305135726928711,-0.43013593554496765,attack,No
4315,0,0,0.004070136870255261,-5.85350227355957,-0.3535020649433136,attack,No
4316,0,0,0.005911070257222078,-5.655642509460449,-0.5306427478790283,attack,No
4317,0,0,0.003593603221697163,-6.104043006896973,-0.479043185710907,attack,No
4318,0,0,0.03308597648187432,-3.8771727085113525,-0.5021726489067078,attack,No
4319,0,0,0.01590639077880068,-4.615081787109375,-0.4900817275047302,attack,no
4320,0,0,0.001700722411435288,-6.850973606109619,-0.47597360610961914,attack,No
4321,0,0,0.008577483386221569,-5.145757675170898,-0.39575743675231934,attack,no
4322,0,0,0.010986942954432066,-4.941052436828613,-0.44105246663093567,attack,No
4323,0,0,0.4378234991142019,-1.0653913021087646,-0.8153913021087646,attack,No
4324,0,0,0.0028009274665629583,-6.571105003356934,-0.6961051821708679,attack,no
4325,0,0,0.22270013882530884,-1.965391993522644,-0.715391993522644,attack,No
4326,0,0,0.24508501313237172,-1.9097274541854858,-0.7847274541854858,attack,No
4327,0,0,0.006692849339264817,-5.697848320007324,-0.6978480815887451,attack,no
4328,0,0,0.0010322310367548194,-7.399783134460449,-0.5247831344604492,attack,No
4329,0,0,0.0046095710854326425,-6.071380615234375,-0.6963803768157959,attack,no
4330,0,0,0.00669285072615733,-5.2879958152771,-0.2879957854747772,attack,No
4331,0,0,0.008577486427457372,-5.28117561340332,-0.5311757326126099,attack,No
4332,0,0,0.037326887344129464,-3.5696380138397217,-0.3196380138397217,attack,No
4333,0,0,0.00359360194114313,-6.204094886779785,-0.5790947079658508,attack,no
4334,0,0,0.009708474762317362,-5.264185428619385,-0.6391852498054504,attack,no
4335,0,0,0.06754669489377622,-3.1501822471618652,-0.52518230676651,attack,No
4336,0,0,0.01798620785653302,-4.4877753257751465,-0.48777520656585693,attack,No
4337,0,0,0.0009110512215273508,-7.282900333404541,-0.2829003632068634,attack,No
4338,0,0,0.029312237535086605,-4.045884132385254,-0.545884370803833,attack,No
4339,0,0,0.020332355717182622,-4.522139549255371,-0.6471396684646606,attack,No
4340,0,0,0.006692850924284856,-5.528932094573975,-0.5289320945739746,attack,No
4341,0,0,0.0028009274665629583,-6.453665733337402,-0.5786659121513367,attack,No
4342,0,0,0.009708476481474066,-5.1565752029418945,-0.5315752029418945,attack,No
4343,0,0,0.0758581737534831,-2.8224546909332275,-0.3224546015262604,attack,No
4344,0,0,0.020332352155396922,-4.464301586151123,-0.5893015265464783,attack,No
4345,0,0,0.004070137715896127,-6.196984767913818,-0.6969847679138184,attack,no
4346,0,0,0.00359360194114313,-6.204479694366455,-0.5794795155525208,attack,No
4347,0,0,0.01243165304850344,-5.016533374786377,-0.6415335536003113,attack,No
4348,0,0,0.07585817584273653,-3.253908395767212,-0.7539083361625671,attack,no
4349,0,0,0.0031726835022585624,-6.140960216522217,-0.3909604251384735,attack,No
4350,0,0,0.0015011825247663551,-7.1955156326293945,-0.6955158114433289,attack,no
4351,0,0,0.32082130082460697,-1.5484726428985596,-0.7984726428985596,attack,No
4352,0,0,0.0008040859835179557,-7.5559492111206055,-0.43094927072525024,attack,No
4353,0,0,0.009708474762317362,-5.326193332672119,-0.7011931538581848,attack,no
4354,0,0,0.0534033328129234,-3.3906145095825195,-0.5156145691871643,attack,No
4355,0,0,0.02033235452992065,-4.521209716796875,-0.6462097764015198,attack,No
4356,0,0,0.022977373924293353,-4.244050025939941,-0.49405020475387573,attack,No
4357,0,0,0.002800926800640331,-6.4536967277526855,-0.5786966681480408,attack,No
4358,0,0,0.0021827163155291175,-6.601686477661133,-0.47668641805648804,attack,No
4359,0,0,0.14804719051380197,-2.4968860149383545,-0.7468859553337097,attack,no
4360,0,0,0.004609571905888793,-6.012210369110107,-0.6372103095054626,attack,No
4361,0,0,0.1824255415859996,-2.1736321449279785,-0.6736322641372681,attack,No
4362,0,0,0.0028009266341596987,-6.352139949798584,-0.47713983058929443,attack,No
4363,0,0,0.009708477627578704,-5.2111406326293945,-0.5861407518386841,attack,no
4364,0,0,0.0010322308216369478,-7.190087795257568,-0.31508758664131165,attack,No
4365,0,0,0.005220126003077935,-5.777965068817139,-0.5279651284217834,attack,No
4366,0,0,0.008577485920584663,-5.18831205368042,-0.4383121132850647,attack,No
4367,0,0,0.005911067805510302,-5.559439659118652,-0.434439480304718,attack,No
4368,0,0,0.06754669864792355,-3.249906063079834,-0.6249061822891235,attack,No
4369,0,0,0.007577239923211134,-5.457605361938477,-0.5826051831245422,attack,no
4370,0,0,0.004609571632403393,-5.807817459106445,-0.43281733989715576,attack,No
4371,0,0,0.005220125074519377,-5.569021224975586,-0.3190211057662964,attack,No
4372,0,0,0.0013250222200310669,-6.97554349899292,-0.350543349981308,attack,no
4373,0,0,0.16451644651115205,-2.436183452606201,-0.8111833333969116,attack,no
4374,0,0,0.0035936017277175022,-6.260842323303223,-0.6358420848846436,attack,no
4375,0,0,0.000552778571063681,-7.785044193267822,-0.2850440740585327,attack,No
4376,0,0,0.4073334000459302,-1.3868073225021362,-1.0118073225021362,attack,No
4377,0,0,0.002182716185713063,-6.650768756866455,-0.5257686376571655,attack,No
4378,0,0,0.0059110692064883365,-5.6044416427612305,-0.47944170236587524,attack,No
4379,0,0,0.006692852311177695,-5.480880260467529,-0.480880469083786,attack,No
4380,0,0,0.0013250222200310669,-7.055580139160156,-0.4305799901485443,attack,No
4381,0,0,0.01798621101487092,-4.704403400421143,-0.7044034600257874,attack,no
4382,0,0,0.0005527787357134919,-7.681456089019775,-0.18145626783370972,attack,No
4383,0,0,0.0031726822769652645,-6.445803642272949,-0.6958034634590149,attack,no
4384,0,0,0.009708476481474066,-5.062445640563965,-0.43744564056396484,attack,No
4385,0,0,0.0024726237446964848,-6.477408409118652,-0.47740864753723145,attack,no
4386,0,0,0.00522012615783771,-5.643884181976318,-0.3938842713832855,attack,No
4387,0,0,0.18242552380635632,-2.223388433456421,-0.7233884334564209,attack,No
4388,0,0,0.009708475335369565,-5.107546806335449,-0.48254668712615967,attack,No
4389,0,0,0.0953494648991095,-2.848032236099243,-0.5980322360992432,attack,No
4390,0,0,0.10669060530721626,-2.838853359222412,-0.7138534784317017,attack,No
4391,0,0,0.24508502416032488,-2.017359972000122,-0.8923600316047668,attack,no
4392,0,0,0.012431650121413363,-4.961827278137207,-0.5868272185325623,attack,No
4393,0,0,0.03308597457504463,-3.923534870147705,-0.5485347509384155,attack,No
4394,0,0,0.1480471980316895,-2.4453182220458984,-0.6953182220458984,attack,No
4395,0,0,0.07585817584273653,-2.9504666328430176,-0.4504665732383728,attack,No
4396,0,0,0.06008664344151498,-3.3746166229248047,-0.6246165037155151,attack,No
4397,0,0,0.0953494648991095,-2.753816843032837,-0.5038168430328369,attack,No
4398,0,0,0.04742587317756679,-3.5114548206329346,-0.5114548206329346,attack,No
4399,0,0,0.0035936025814200896,-5.808808326721191,-0.1838083267211914,attack,No
4400,0,0,0.01243165231673086,-4.959403038024902,-0.5844031572341919,attack,No
4401,0,0,0.0013250227327045727,-7.101319313049316,-0.4763195514678955,attack,No
4402,0,0,0.009708475335369565,-5.155868053436279,-0.5308679342269897,attack,No
4403,0,0,0.014063627456479755,-4.649110317230225,-0.399110347032547,attack,No
4404,0,0,0.0040701384407312935,-6.027130126953125,-0.5271303057670593,attack,No
4405,0,0,0.0019267344340853601,-6.884695529937744,-0.6346954107284546,attack,No
4406,0,0,0.03308597648187432,-3.876140832901001,-0.5011407732963562,attack,No
4407,0,0,0.002472622715588583,-6.578828811645508,-0.5788286328315735,attack,No
4408,0,0,0.012431651950844584,-4.773716926574707,-0.3987170159816742,attack,No
4409,0,0,0.01798620890931226,-4.589291572570801,-0.589291512966156,attack,No
4410,0,0,0.0028009275498032983,-6.3523736000061035,-0.47737380862236023,attack,No
4411,0,0,0.3486451488696663,-1.4367125034332275,-0.8117125630378723,attack,No
4412,0,0,0.053403329799824234,-3.5451297760009766,-0.6701297760009766,attack,No
4413,0,0,0.03308598029553404,-3.972783088684082,-0.5977831482887268,attack,No
4414,0,0,0.46879062662624377,-1.1261484622955322,-1.0011484622955322,attack,No
4415,0,0,0.01798620575097472,-4.590176582336426,-0.5901763439178467,attack,No
4416,0,0,0.24508502416032488,-2.029527425765991,-0.904527485370636,attack,no
4417,0,0,0.010986945221304533,-5.14141845703125,-0.6414186954498291,attack,no
4418,0,0,0.09534945718704857,-2.590482711791992,-0.340482622385025,attack,No
4419,0,0,0.0008040858637961602,-7.474817752838135,-0.3498176634311676,attack,No
4420,0,0,0.0007096703356961413,-7.56537389755249,-0.31537380814552307,attack,No
4421,0,0,0.01243164938964095,-4.859958171844482,-0.48495805263519287,attack,No
4422,0,0,0.02595735719779685,-4.337123394012451,-0.7121233940124512,attack,no
4423,0,0,0.020332353342658753,-4.465700626373291,-0.590700626373291,attack,No
4424,0,0,0.005911068155754778,-5.762327194213867,-0.6373270750045776,attack,no
4425,0,0,0.005911068505999277,-5.560624599456787,-0.43562453985214233,attack,No
4426,0,0,0.008577483893094128,-5.449610710144043,-0.6996105313301086,attack,no
4427,0,0,0.0024726235976810437,-6.3163557052612305,-0.3163558840751648,attack,No
4428,0,0,0.020332353342658753,-4.466785907745361,-0.5917859077453613,attack,No
4429,0,0,0.01590639077880068,-4.713808059692383,-0.588808000087738,attack,No
4430,0,0,0.007577241940185738,-5.231215000152588,-0.35621508955955505,attack,No
4431,0,0,0.06754668363133542,-3.0698046684265137,-0.4448045492172241,attack,No
4432,0,0,0.01243164902375476,-4.735718250274658,-0.36071810126304626,attack,No
4433,0,0,0.007577242164294059,-5.355932235717773,-0.480932354927063,attack,no
4434,0,0,0.005220126312597491,-5.729172229766846,-0.47917234897613525,attack,No
4435,0,0,0.029312234143221275,-4.156343460083008,-0.6563435792922974,attack,no
4436,0,0,0.00218271696460951,-6.820725440979004,-0.695725679397583,attack,no
4437,0,0,0.009708475335369565,-5.324563503265381,-0.6995633840560913,attack,no
4438,0,0,0.01590639077880068,-4.71323299407959,-0.5882329344749451,attack,No
4439,0,0,0.005220125538798635,-5.642230987548828,-0.39223095774650574,attack,No
4440,0,0,0.0031726828424851893,-6.005372524261475,-0.2553725242614746,attack,No
4441,0,0,0.017986213120429816,-4.707988262176514,-0.707988440990448,attack,no
4442,0,0,0.10669059394565118,-2.6417181491851807,-0.5167181491851807,attack,No
4443,0,0,0.02297737526238275,-4.051700592041016,-0.3017008304595947,attack,No
4444,0,0,0.03308597552845946,-3.832153081893921,-0.45715299248695374,attack,No
4445,0,0,0.0015011825917737032,-6.703654766082764,-0.20365498960018158,attack,No
4446,0,0,0.0007096704836398597,-7.944212913513184,-0.6942130327224731,attack,no
4447,0,0,0.004609571769146091,-5.766332149505615,-0.39133206009864807,attack,No
4448,0,0,0.01798621101487092,-4.647485733032227,-0.6474857926368713,attack,No
4449,0,0,0.2942149597859341,-1.559744119644165,-0.6847440600395203,attack,No
4450,0,0,0.00857748566714832,-5.041875839233398,-0.2918758690357208,attack,No
4451,0,0,0.0019267344340853601,-6.828031063079834,-0.5780309438705444,attack,No
4452,0,0,0.0035936023679944244,-5.91076135635376,-0.285761296749115,attack,No
4453,0,0,0.004609572726345088,-5.854278087615967,-0.47927820682525635,attack,No
4454,0,0,0.022977367233847502,-4.19856595993042,-0.44856584072113037,attack,no
4455,0,0,0.00359360332841002,-5.941688537597656,-0.31668874621391296,attack,No
4456,0,0,0.002800926967120973,-6.402253150939941,-0.5272531509399414,attack,No
4457,0,0,0.004070137957507836,-6.137694835662842,-0.6376948952674866,attack,no
4458,0,0,0.04742587856304458,-3.4688220024108887,-0.4688221216201782,attack,No
4459,0,0,0.005220126003077935,-5.831031799316406,-0.581031858921051,attack,No
4460,0,0,0.008577486934330109,-5.332192897796631,-0.5821930766105652,attack,No
4461,0,0,0.1480472055495773,-2.4459733963012695,-0.6959734559059143,attack,No
4462,0,0,0.0031726824654718946,-6.277394771575928,-0.5273946523666382,attack,No
4463,0,0,0.037326884131416216,-3.7084808349609375,-0.45848074555397034,attack,No
4464,0,0,0.01243165231673086,-4.814571380615234,-0.4395714998245239,attack,No
4465,0,0,0.0035936025814200896,-6.1024627685546875,-0.4774627685546875,attack,No
4466,0,0,0.010986944249787705,-4.983278274536133,-0.48327842354774475,attack,No
4467,0,0,0.16451645470385742,-2.391697406768799,-0.766697347164154,attack,no
4468,0,0,0.13296424019782924,-2.3731212615966797,-0.4981212615966797,attack,No
4469,0,0,0.0035936023679944244,-5.9097466468811035,-0.28474658727645874,attack,No
4470,0,0,0.0021827164453451808,-6.7031989097595215,-0.5781989097595215,attack,No
4471,0,0,0.0031726821827119532,-6.066073417663574,-0.3160732090473175,attack,No
4472,0,0,0.0075772430607274135,-5.405000686645508,-0.5300009250640869,attack,No
4473,0,0,0.0059110693816106135,-5.51708984375,-0.39208993315696716,attack,No
4474,0,0,0.04208773031866069,-3.681706190109253,-0.5567062497138977,attack,No
4475,0,0,0.000379984582672578,-8.56890869140625,-0.6939088702201843,attack,no
4476,0,0,0.18242550602671442,-2.2821483612060547,-0.7821482419967651,attack,no
4477,0,0,0.0850990357257195,-2.960348606109619,-0.5853484869003296,attack,No
4478,0,0,0.14804719051380197,-2.4397594928741455,-0.6897594332695007,attack,No
4479,0,0,0.0024726237446964848,-6.525528907775879,-0.525529146194458,attack,No
4480,0,0,0.08509904964767095,-2.874497175216675,-0.4994972348213196,attack,No
4481,0,0,0.04208772791561884,-3.5888116359710693,-0.46381163597106934,attack,No
4482,0,0,0.01590639031229368,-4.566122055053711,-0.4411219656467438,attack,No
4483,0,0,0.003593602688132928,-5.830942153930664,-0.20594218373298645,attack,No
4484,0,0,0.04208773272170267,-3.5471506118774414,-0.42215073108673096,attack,No
4485,0,0,0.006692849339264817,-5.6383514404296875,-0.6383512020111084,attack,No
4486,0,0,0.008577487187766488,-5.186155796051025,-0.4361560046672821,attack,No
4487,0,0,0.003593603221697163,-6.260987281799316,-0.6359874606132507,attack,No
4488,0,0,0.012431653414389749,-4.860598564147949,-0.48559877276420593,attack,No
4489,0,0,0.00218271670497733,-6.703314304351807,-0.5783144235610962,attack,no
4490,0,1,0.9149009468718409,-0.22669540345668793,-2.6016952991485596,attack,Yes
4491,0,0,0.025957352676742106,-4.275825500488281,-0.6508253216743469,attack,No
4492,0,0,0.07585818419975078,-3.080066680908203,-0.5800667405128479,attack,No
4493,0,0,0.01098694327827096,-5.085346221923828,-0.5853462815284729,attack,No
4494,0,0,0.04208772791561884,-3.7308855056762695,-0.6058855056762695,attack,No
4495,0,0,0.009708476481474066,-4.948063373565674,-0.32306337356567383,attack,No
4496,0,0,0.010986941335237732,-4.938441276550293,-0.4384411573410034,attack,No
4497,0,0,0.003172683219498529,-6.445767402648926,-0.6957675218582153,attack,no
4498,0,0,0.0035936024747072553,-5.976540565490723,-0.35154053568840027,attack,No
4499,0,0,0.007577241491969114,-5.268850326538086,-0.3938503563404083,attack,No
4500,0,0,0.008577486934330109,-5.3898797035217285,-0.6398798823356628,attack,No
4501,0,0,0.007577241267860811,-5.573819637298584,-0.698819637298584,attack,no
4502,0,0,0.0035936023679944244,-5.977466583251953,-0.35246652364730835,attack,No
4503,0,0,0.0009110513571608901,-7.388065814971924,-0.38806599378585815,attack,No
4504,0,0,0.005220126931636656,-5.831551551818848,-0.5815517902374268,attack,No
4505,0,0,0.02297737258620403,-4.15673828125,-0.40673840045928955,attack,No
4506,0,0,0.010986944897465581,-4.941407680511475,-0.4414078891277313,attack,No
4507,0,0,0.0031726822769652645,-6.227845191955566,-0.4778450131416321,attack,No
4508,0,0,0.007577242164294059,-5.356013298034668,-0.4810134172439575,attack,No
4509,0,0,0.010986941335237732,-5.140198707580566,-0.6401985883712769,attack,No
4510,0,0,0.005911068155754778,-5.706159591674805,-0.5811594724655151,attack,no
4511,0,0,0.004609572999830552,-5.8544793128967285,-0.47947949171066284,attack,No
4512,0,0,0.4378234991142019,-1.1573588848114014,-0.9073588848114014,attack,No
4513,0,0,0.0019267343194643127,-6.8845438957214355,-0.6345437169075012,attack,no
4514,0,0,0.0040701369910610885,-6.079621315002441,-0.5796211361885071,attack,no
4515,0,0,0.0010322309752925658,-7.159202575683594,-0.284202516078949,attack,No
4516,0,0,0.00359360194114313,-6.102945804595947,-0.47794562578201294,attack,no
4517,0,0,0.16451645470385742,-2.3779475688934326,-0.7529475092887878,attack,No
4518,0,1,0.7310585786300049,-0.5690354108810425,-1.5690354108810425,attack,Yes
4519,0,0,0.0021827161208050378,-6.271406650543213,-0.14640650153160095,attack,No
4520,0,0,0.005911067805510302,-5.604641437530518,-0.47964125871658325,attack,No
4521,0,0,0.017986206803753842,-4.44415807723999,-0.4441578984260559,attack,No
4522,0,0,0.2942149845400438,-1.5568561553955078,-0.6818562150001526,attack,No
4523,0,0,0.008577485920584663,-5.231351375579834,-0.48135143518447876,attack,No
4524,0,0,0.13296424706933604,-2.457828998565674,-0.5828290581703186,attack,No
4525,0,0,0.06008665354025422,-3.2715601921081543,-0.5215602517127991,attack,No
4526,0,0,0.002800926800640331,-6.3517746925354,-0.4767746329307556,attack,No
4527,0,0,0.002472623009619369,-6.525726795196533,-0.5257267355918884,attack,No
4528,0,0,0.00359360311498431,-5.809505462646484,-0.1845056116580963,attack,No
4529,0,0,0.0028009273000822866,-6.401998043060303,-0.5269981622695923,attack,No
4530,0,0,0.008577485160275657,-5.071025371551514,-0.3210253417491913,attack,No
4531,0,0,0.0040701369910610885,-6.026895999908447,-0.5268958210945129,attack,No
4532,0,0,0.042087725512577126,-3.6333858966827393,-0.5083858370780945,attack,No
4533,0,0,0.022977366564803023,-4.1214213371276855,-0.3714211881160736,attack,No
4534,0,0,0.012431653780276067,-5.077187538146973,-0.7021877765655518,attack,no
4535,0,0,0.0006263340275277853,-7.57737922668457,-0.2023790180683136,attack,No
4536,0,0,0.001700722816229541,-6.9531402587890625,-0.5781404972076416,attack,No
4537,0,0,0.01406362456384003,-4.893759727478027,-0.643759548664093,attack,no
4538,0,1,0.7310585786300049,-0.7061091661453247,-1.7061091661453247,attack,Yes
4539,0,0,0.00669285052802981,-5.39480447769165,-0.3948044180870056,attack,No
4540,0,0,0.002472623303650189,-6.694806098937988,-0.6948061585426331,attack,no
4541,0,0,0.10669058826486906,-2.7834858894348145,-0.6584858298301697,attack,No
4542,0,0,0.014063625390308462,-4.514801502227783,-0.26480138301849365,attack,No
4543,0,0,0.29421497216298875,-1.7067084312438965,-0.8317084312438965,attack,No
4544,0,0,0.004070137232672753,-6.196498394012451,-0.6964982748031616,attack,no
4545,0,1,0.5312093882168609,-0.8833500742912292,-1.008350133895874,attack,Yes
4546,0,0,0.0035936017277175022,-6.261013031005859,-0.6360127925872803,attack,no
4547,0,0,0.0004878568902674067,-8.012687683105469,-0.38768720626831055,attack,No
4548,0,0,0.0017007226138324027,-7.070278644561768,-0.6952787637710571,attack,no
4549,0,0,0.009708474762317362,-5.1563944816589355,-0.5313943028450012,attack,No
4550,0,0,0.020332349780873466,-4.280518054962158,-0.4055178761482239,attack,No
4551,0,0,0.1824255415859996,-2.1728086471557617,-0.6728087663650513,attack,No
4552,0,0,0.0008040859835179557,-7.353253364562988,-0.22825342416763306,attack,No
4553,0,0,0.04742587587030561,-3.559459924697876,-0.5594599843025208,attack,No
4554,0,0,0.0059110692064883365,-5.706313133239746,-0.5813131928443909,attack,No
4555,0,0,0.00522012445548043,-5.9473466873168945,-0.6973464488983154,attack,no
4556,0,0,0.0031726830309918535,-6.139926910400391,-0.3899269700050354,attack,No
4557,0,0,0.46879062662624377,-1.11085045337677,-0.98585045337677,attack,No
4558,0,0,0.005911067805510302,-5.604935646057129,-0.4799354672431946,attack,No
4559,0,0,0.005911070082099775,-5.4455485343933105,-0.32054874300956726,attack,No
4560,0,0,0.005220125074519377,-5.830922603607178,-0.5809224843978882,attack,No
4561,0,0,0.005220125229279126,-5.645199298858643,-0.3951992094516754,attack,No
4562,0,0,0.09534945461636171,-2.8006768226623535,-0.550676703453064,attack,No
4563,0,0,0.0031726822769652645,-6.277087211608887,-0.5270870327949524,attack,No
4564,0,0,0.037326887344129464,-3.666907548904419,-0.41690754890441895,attack,No
4565,0,0,0.025957352676742106,-4.166630744934082,-0.5416305661201477,attack,No
4566,0,0,0.01098694263059318,-5.085038661956787,-0.5850386619567871,attack,No
4567,0,0,0.008577485920584663,-5.280094146728516,-0.5300942063331604,attack,No
4568,0,0,0.005220126467357275,-5.642358303070068,-0.3923584520816803,attack,No
4569,0,0,0.0850990357257195,-2.915666103363037,-0.5406659841537476,attack,No
4570,0,0,0.017986209962091555,-4.365432262420654,-0.3654322624206543,attack,No
4571,0,0,0.005220125229279126,-5.683610439300537,-0.43361034989356995,attack,No
4572,0,0,0.006692851320539924,-5.530176162719727,-0.5301762223243713,attack,No
4573,0,0,0.46879062662624377,-1.0257925987243652,-0.9007925987243652,attack,No
4574,0,0,0.00029595715760107484,-8.407814979553223,-0.2828151285648346,attack,No
4575,0,0,0.008577486934330109,-5.334891319274902,-0.5848914980888367,attack,No
4576,0,0,0.014063627869714051,-4.735451698303223,-0.48545175790786743,attack,No
4577,0,0,0.0040701374742844335,-6.079950332641602,-0.5799502730369568,attack,no
4578,0,0,0.0019267348925696179,-6.6815104484558105,-0.4315105676651001,attack,no
4579,0,0,0.029312223967627556,-4.049826622009277,-0.5498263835906982,attack,no
4580,0,0,0.009708475908421797,-5.209311008453369,-0.5843109488487244,attack,no
4581,0,0,0.00407013711186692,-5.786426544189453,-0.2864263951778412,attack,No
4582,0,0,0.005220125384038879,-5.886713981628418,-0.6367139220237732,attack,No
4583,0,0,0.007577242612510723,-5.513289451599121,-0.6382896304130554,attack,No
4584,0,0,0.0035936025814200896,-6.152623653411865,-0.5276236534118652,attack,No
4585,0,0,0.004070137715896127,-6.079376220703125,-0.579376220703125,attack,No
4586,0,0,0.007577241491969114,-5.231441497802734,-0.35644152760505676,attack,No
4587,0,0,0.0035936025814200896,-6.1031174659729,-0.4781174659729004,attack,no
4588,0,0,0.0031726820884586454,-6.329239845275879,-0.5792396068572998,attack,No
4589,0,0,0.002472623009619369,-6.3895583152771,-0.38955825567245483,attack,No
4590,0,0,0.0028009266341596987,-6.264675140380859,-0.3896750211715698,attack,No
4591,0,0,0.0015011823907516671,-6.815332412719727,-0.3153325021266937,attack,No
4592,0,0,0.05340332377362639,-3.601184844970703,-0.7261847257614136,attack,no
4593,0,0,0.002472623303650189,-6.696181774139404,-0.6961818337440491,attack,no
4594,0,0,0.015906388912772775,-4.829856872558594,-0.7048566937446594,attack,no
4595,0,0,0.0017007227150309691,-7.009715557098389,-0.634715735912323,attack,no
4596,0,0,0.29421497216298875,-1.701043725013733,-0.8260437250137329,attack,No
4597,0,1,0.5621765008857981,-0.8992664813995361,-1.1492664813995361,attack,Yes
4598,0,0,0.0373268852023206,-3.9686644077301025,-0.7186643481254578,attack,no
4599,0,0,0.009708477627578704,-5.107032775878906,-0.4820328950881958,attack,No
4600,0,0,0.0010322310367548194,-7.451845645904541,-0.576845645904541,attack,No
4601,0,0,0.004070138319925425,-5.89137077331543,-0.3913709223270416,attack,No
4602,0,0,0.0031726830309918535,-6.329919815063477,-0.5799198746681213,attack,No
4603,0,0,0.0011695101954287976,-7.180656909942627,-0.4306568503379822,attack,No
4604,0,1,0.7057850154599563,-0.5502765774726868,-1.425276517868042,attack,Yes
4605,0,0,0.025957352676742106,-4.167871952056885,-0.5428717732429504,attack,No
4606,0,0,0.017986213120429816,-4.442978382110596,-0.44297856092453003,attack,No
4607,0,0,0.010986944573626636,-4.983434677124023,-0.48343485593795776,attack,No
4608,0,0,0.008577486427457372,-5.389917850494385,-0.6399179697036743,attack,No
4609,0,0,0.0024726225685732036,-6.525884628295898,-0.5258843898773193,attack,No
4610,0,0,0.012431650121413363,-5.01658821105957,-0.6415881514549255,attack,no
4611,0,0,0.0028009274665629583,-6.306890487670898,-0.43189066648483276,attack,No
4612,0,0,0.0006263341394548992,-7.555639266967773,-0.18063923716545105,attack,No
4613,0,0,0.017986212067650338,-4.588798999786377,-0.5887991189956665,attack,No
4614,0,0,0.0850990519679964,-2.7970051765441895,-0.4220052659511566,attack,No
4615,0,0,0.005220124764999895,-5.729167938232422,-0.47916775941848755,attack,No
4616,0,0,0.01243164865786858,-4.910327434539795,-0.5353272557258606,attack,No
4617,0,0,0.0013250227327045727,-7.203099250793457,-0.5780994892120361,attack,No
4618,0,0,0.005911068505999277,-5.6046342849731445,-0.47963422536849976,attack,no
4619,0,0,0.16451645470385742,-2.382573366165161,-0.7575733065605164,attack,no
4620,0,1,0.8175744761936437,-0.4056655168533325,-1.9056655168533325,attack,Yes
4621,0,0,0.010986944573626636,-4.791985988616943,-0.2919861674308777,attack,No
4622,0,0,0.0015011823460801075,-7.0773820877075195,-0.5773821473121643,attack,no
4623,0,0,0.007577239811157005,-5.084014892578125,-0.20901469886302948,attack,No
4624,0,0,0.005911068856243796,-5.706125736236572,-0.5811257362365723,attack,no
4625,0,0,0.004070137715896127,-6.079460144042969,-0.5794601440429688,attack,No
4626,0,0,0.0040701369910610885,-6.135996341705322,-0.6359961628913879,attack,No
4627,0,0,0.01243164865786858,-5.017065525054932,-0.6420653462409973,attack,No
4628,0,0,0.08509904036636974,-3.0704569816589355,-0.6954569220542908,attack,No
4629,0,0,0.0024726234506656126,-6.5799880027771,-0.5799881219863892,attack,No
4630,0,0,0.006692851320539924,-5.638554096221924,-0.6385541558265686,attack,no
4631,0,0,0.00048785735529723593,-8.012609481811523,-0.38760995864868164,attack,no
4632,0,0,0.005220126931636656,-5.948574066162109,-0.6985743045806885,attack,no
4633,0,1,0.8354835371034369,-0.3505488634109497,-1.9755488634109497,attack,Yes
4634,0,0,0.0031726835965119127,-6.385746955871582,-0.6357471942901611,attack,No
4635,0,0,0.0019267343767748358,-6.45397424697876,-0.20397409796714783,attack,No
4636,0,0,0.014063628696182679,-4.652074337005615,-0.4020744562149048,attack,No
4637,0,0,0.01098694327827096,-5.14056396484375,-0.6405640244483948,attack,No
4638,0,0,0.11920292202211755,-2.5321929454803467,-0.5321929454803467,attack,No
4639,0,0,0.0035936027948457686,-6.102595806121826,-0.47759586572647095,attack,No
4640,0,0,0.02297736857193652,-4.400039196014404,-0.6500391364097595,attack,No
4641,0,0,0.0031726824654718946,-6.276182651519775,-0.5261825323104858,attack,No
4642,0,0,0.009708475908421797,-5.208670616149902,-0.5836705565452576,attack,No
4643,0,0,0.0031726826539785367,-6.181814193725586,-0.43181413412094116,attack,No
4644,0,0,0.0010322311289482067,-7.2637128829956055,-0.38871297240257263,attack,No
4645,0,0,0.005220126931636656,-5.947880744934082,-0.6978809833526611,attack,no
4646,0,0,0.002472623009619369,-6.578458309173584,-0.5784582495689392,attack,no
4647,0,0,0.002472622715588583,-6.695551872253418,-0.6955516934394836,attack,no
4648,0,0,0.1066905854244781,-2.53759765625,-0.41259756684303284,attack,No
4649,0,0,0.010986945221304533,-5.083977699279785,-0.5839779376983643,attack,no
4650,0,0,0.009708476481474066,-5.325377464294434,-0.7003774642944336,attack,no
4651,0,0,0.0031726828424851893,-6.4453840255737305,-0.6953840255737305,attack,no
4652,0,0,0.14804721306746543,-2.3914809226989746,-0.6414810419082642,attack,No
4653,0,0,0.009708477914104884,-4.948784351348877,-0.3237845003604889,attack,No
4654,0,0,0.033085970761385544,-4.03132438659668,-0.6563241481781006,attack,No
4655,0,0,0.002472623303650189,-6.389886379241943,-0.38988643884658813,attack,No
4656,0,0,0.042087725512577126,-3.6332764625549316,-0.5082764029502869,attack,No
4657,0,0,0.003172683408005215,-6.139552116394043,-0.3895522952079773,attack,No
4658,0,0,0.0028009273833226214,-6.307013034820557,-0.4320131838321686,attack,No
4659,0,0,0.0019267348925696179,-6.884465217590332,-0.6344653367996216,attack,No
4660,0,0,0.005220126312597491,-5.683320045471191,-0.43332016468048096,attack,No
4661,0,0,0.0373268852023206,-3.564312696456909,-0.3143126368522644,attack,No
4662,0,1,0.5621765008857981,-0.934001088142395,-1.184001088142395,attack,Yes
4663,0,0,0.029312227359491745,-3.9522647857666016,-0.452264666557312,attack,No
4664,0,0,0.014063625390308462,-4.836221218109131,-0.5862210988998413,attack,No
4665,0,0,0.004070138199119559,-6.137578010559082,-0.6375781297683716,attack,No
4666,0,0,0.0024726231566347748,-6.525378227233887,-0.5253782272338867,attack,No
4667,0,0,0.003172683219498529,-6.27724552154541,-0.5272456407546997,attack,No
4668,0,0,0.007577239923211134,-5.357094764709473,-0.48209458589553833,attack,No
4669,0,0,0.029312227359491745,-4.046841144561768,-0.546841025352478,attack,No
4670,0,0,0.009708474475791274,-5.10784387588501,-0.48284366726875305,attack,No
4671,0,0,0.004070137715896127,-6.196994781494141,-0.6969947814941406,attack,no
4672,0,0,0.0035936017277175022,-5.9119873046875,-0.2869870662689209,attack,no
4673,0,0,0.005220124764999895,-5.887199401855469,-0.6371992230415344,attack,no
4674,0,0,0.06754668363133542,-3.0723037719726562,-0.4473036527633667,attack,No
4675,0,0,0.020332352155396922,-4.321832656860352,-0.4468325972557068,attack,No
4676,0,0,0.00407013711186692,-5.891079902648926,-0.39107975363731384,attack,No
4677,0,0,0.009708477627578704,-5.209684371948242,-0.5846844911575317,attack,No
4678,0,0,0.004070137232672753,-5.891020774841309,-0.39102065563201904,attack,No
4679,0,0,0.0019267351218117874,-6.884939193725586,-0.634939432144165,attack,no
4680,0,0,0.0035936020478559492,-5.97717809677124,-0.3521779477596283,attack,No
4681,0,0,0.03308597981882656,-3.4711320400238037,-0.09613208472728729,attack,No
4682,0,0,0.0953494648991095,-2.6901488304138184,-0.44014883041381836,attack,No
4683,0,0,0.002472622642080892,-6.316443920135498,-0.31644371151924133,attack,No
4684,0,0,0.029312227359491745,-4.098775386810303,-0.5987752676010132,attack,No
4685,0,0,0.03308597552845946,-3.7187306880950928,-0.3437305986881256,attack,No
4686,0,0,0.0059110695567328965,-5.60475492477417,-0.4797550439834595,attack,No
4687,0,0,0.0019267344340853601,-6.726367950439453,-0.4763678312301636,attack,No
4688,0,0,0.007577242164294059,-5.268866062164307,-0.3938661813735962,attack,No
4689,0,0,0.003172683219498529,-6.140563488006592,-0.39056360721588135,attack,No
4690,0,0,0.00010889689948021586,-9.204185485839844,-0.07918538898229599,attack,No
4691,0,0,0.003172683408005215,-6.140684604644775,-0.3906847834587097,attack,No
4692,0,0,0.010986941982915435,-5.084649562835693,-0.5846495032310486,attack,No
4693,0,0,0.003172683219498529,-6.329099178314209,-0.5790992975234985,attack,no
4694,0,0,0.06754668363133542,-3.3021702766418457,-0.6771701574325562,attack,No
4695,0,0,0.10669058826486906,-2.7819056510925293,-0.6569055914878845,attack,No
4696,0,0,0.005220125693558397,-5.568729400634766,-0.3187294006347656,attack,No
4697,0,0,0.11920292828022305,-2.7162821292877197,-0.7162821888923645,attack,No
4698,0,0,0.009708478200631072,-5.156589031219482,-0.5315892100334167,attack,No
4699,0,0,0.0046095710854326425,-6.011951446533203,-0.636951208114624,attack,No
4700,0,0,0.0021827161208050378,-6.476626396179199,-0.3516262471675873,attack,No
4701,0,0,0.0009110510316404296,-7.4761152267456055,-0.47611504793167114,attack,No
4702,0,0,0.0031726824654718946,-6.276943683624268,-0.526943564414978,attack,No
4703,0,0,0.005911070257222078,-5.7622833251953125,-0.6372835636138916,attack,No
4704,0,0,0.09534947518185825,-2.8954215049743652,-0.6454216241836548,attack,No
4705,0,0,0.012431650121413363,-4.773342132568359,-0.3983420729637146,attack,No
4706,0,0,0.0028009264676790765,-6.104740619659424,-0.2297404408454895,attack,No
4707,0,0,0.09534945975773548,-2.847216844558716,-0.597216784954071,attack,No
4708,0,0,0.002800926800640331,-6.454112529754639,-0.5791124701499939,attack,No
4709,0,0,0.009708474475791274,-5.108211517333984,-0.48321130871772766,attack,No
4710,0,0,0.005220124764999895,-5.729352951049805,-0.47935277223587036,attack,No
4711,0,0,0.002472623303650189,-6.579100131988525,-0.5791001915931702,attack,no
4712,0,0,0.0015011819440361278,-6.8158440589904785,-0.3158438503742218,attack,No
4713,0,0,0.004070138078313694,-5.818293571472168,-0.31829366087913513,attack,No
4714,0,0,0.004070137232672753,-6.079472541809082,-0.5794724225997925,attack,No
4715,0,0,0.5,-1.1533172130584717,-1.1533172130584717,attack,no
4716,0,0,0.1480472055495773,-2.2628090381622314,-0.5128090977668762,attack,No
4717,0,0,0.03732689162774753,-3.670240879058838,-0.42024099826812744,attack,No
4718,0,0,0.006692851122412387,-5.258678436279297,-0.25867846608161926,attack,No
4719,0,0,0.014063623737371644,-4.7355146408081055,-0.48551440238952637,attack,No
4720,0,0,0.0015011825694379204,-6.8883891105651855,-0.38838931918144226,attack,No
4721,0,1,0.5312093733737563,-0.9346441030502319,-1.059644103050232,attack,Yes
4722,0,0,0.007577241716077422,-5.457624912261963,-0.5826249718666077,attack,No
4723,0,0,0.009708476481474066,-5.155600070953369,-0.5306000709533691,attack,No
4724,0,0,0.008577486934330109,-5.390508651733398,-0.6405088305473328,attack,no
4725,0,0,0.0474258704848281,-3.4654877185821533,-0.46548765897750854,attack,No
4726,0,0,0.0046095724528596406,-5.954907417297363,-0.5799074769020081,attack,No
4727,0,0,0.02297736991002561,-4.198087692260742,-0.4480876922607422,attack,no
4728,0,0,0.017986213120429816,-4.53915548324585,-0.5391556620597839,attack,No
4729,0,0,0.012431651219072064,-4.73622989654541,-0.36122992634773254,attack,No
4730,0,0,0.0015011820780507757,-7.077506065368652,-0.5775059461593628,attack,No
4731,0,0,0.010986940687560063,-5.084207057952881,-0.5842068791389465,attack,No
4732,0,0,0.003172683219498529,-6.227102756500244,-0.4771028757095337,attack,No
4733,0,0,0.014063625803542697,-4.391165733337402,-0.14116564393043518,attack,No
4734,0,0,0.007577241716077422,-5.231546878814697,-0.35654693841934204,attack,No
4735,0,0,0.0059110695567328965,-5.763161659240723,-0.6381617784500122,attack,no
4736,0,0,0.001700722158438928,-6.726108551025391,-0.3511084020137787,attack,No
4737,0,0,0.012431650853185818,-4.962336540222168,-0.587336540222168,attack,No
4738,0,0,0.010986941335237732,-5.1416730880737305,-0.6416729688644409,attack,No
4739,0,0,0.005220126312597491,-5.7777628898620605,-0.5277630090713501,attack,No
4740,0,0,0.0035936021545687705,-6.1027512550354,-0.47775113582611084,attack,no
4741,0,0,0.02297737526238275,-4.119460105895996,-0.3694603443145752,attack,No
4742,0,0,0.022977371248114782,-4.342307090759277,-0.5923071503639221,attack,No
4743,0,0,0.11920292828022305,-2.6678895950317383,-0.6678896546363831,attack,No
4744,0,0,0.0031726826539785367,-6.2282867431640625,-0.4782866835594177,attack,No
4745,0,1,0.8670357598021706,-0.3777191638946533,-2.2527191638946533,attack,Yes
4746,0,0,0.022977367902892003,-4.118929386138916,-0.36892929673194885,attack,No
4747,0,0,0.007577240147319397,-5.135106563568115,-0.2601064145565033,attack,No
4748,0,0,0.00669285052802981,-5.259375095367432,-0.25937503576278687,attack,No
4749,0,0,0.0031726822769652645,-6.139835834503174,-0.3898356556892395,attack,No
4750,0,0,0.04742587317756679,-3.6689605712890625,-0.6689605712890625,attack,no
4751,0,0,0.006692850924284856,-5.529524326324463,-0.5295243263244629,attack,No
4752,0,0,0.07585818837825822,-3.082782745361328,-0.5827828645706177,attack,No
4753,0,0,0.008577487187766488,-5.231739521026611,-0.48173972964286804,attack,No
4754,0,0,0.00280092763304364,-6.352293014526367,-0.4772932529449463,attack,No
4755,0,0,0.002182715926080975,-6.704026222229004,-0.5790259838104248,attack,No
4756,0,0,0.04742587587030561,-3.3536252975463867,-0.3536253571510315,attack,No
4757,0,0,0.0015011822567369915,-7.078340530395508,-0.5783405303955078,attack,No
4758,0,0,0.0031726821827119532,-6.142308712005615,-0.3923085033893585,attack,No
4759,0,0,0.46879062662624377,-1.045864224433899,-0.9208642244338989,attack,No
4760,0,0,0.0031726822769652645,-6.4455695152282715,-0.6955693364143372,attack,no
4761,0,0,0.005911067980632537,-5.560694694519043,-0.43569454550743103,attack,No
4762,0,0,0.4378234991142019,-1.3751622438430786,-1.1251622438430786,attack,no
4763,0,0,0.005220126312597491,-5.9480462074279785,-0.6980463266372681,attack,no
4764,0,0,0.014063626630011202,-4.613922119140625,-0.3639220893383026,attack,No
4765,0,1,0.8354835330070839,-0.39367178082466125,-2.018671751022339,attack,Yes
4766,0,0,0.0024726234506656126,-6.477033615112305,-0.47703373432159424,attack,No
4767,0,0,0.0031726824654718946,-6.227351665496826,-0.4773515462875366,attack,No
4768,0,0,0.015906394510857135,-4.527357578277588,-0.4023577570915222,attack,No
4769,0,0,0.004609572999830552,-5.808411121368408,-0.43341130018234253,attack,No
4770,0,0,0.09534945461636171,-2.7589244842529297,-0.5089243650436401,attack,no
4771,0,0,0.2689414213699951,-1.8788191080093384,-0.8788191080093384,attack,no
4772,0,0,0.014063627043245474,-4.953917026519775,-0.7039170265197754,attack,no
4773,0,0,0.004609571632403393,-5.955455303192139,-0.5804551839828491,attack,No
4774,0,0,0.002472623303650189,-6.578779697418213,-0.5787797570228577,attack,No
4775,0,0,0.01098694263059318,-4.896512031555176,-0.3965120315551758,attack,No
4776,0,0,0.16451647518562237,-2.1214475631713867,-0.4964476525783539,attack,No
4777,0,0,0.010986945221304533,-5.032050132751465,-0.532050371170044,attack,No
4778,0,0,0.017986213120429816,-4.403850555419922,-0.4038507342338562,attack,No
4779,0,0,0.0021827167698853724,-6.476085662841797,-0.3510858118534088,attack,No
4780,0,0,0.009708474189265195,-4.915892601013184,-0.2908923625946045,attack,No
4781,0,0,0.005911069906977476,-5.76257848739624,-0.6375786662101746,attack,no
4782,0,0,0.014063626216776943,-4.785938262939453,-0.5359382033348083,attack,No
4783,0,0,0.020332355717182622,-4.465848922729492,-0.5908490419387817,attack,No
4784,0,1,0.5621764862150634,-0.9460094571113586,-1.1960093975067139,attack,Yes
4785,0,0,0.01590639171181471,-4.611308574676514,-0.48630857467651367,attack,No
4786,0,0,0.042087729117139754,-3.5466415882110596,-0.42164161801338196,attack,No
4787,0,0,0.0008040857919630916,-7.378263473510742,-0.25326329469680786,attack,No
4788,0,0,0.008577487441202876,-5.450113296508789,-0.7001135349273682,attack,no
4789,0,0,0.0675466911396291,-3.0709080696105957,-0.4459080696105957,attack,No
4790,0,1,0.7057850278370112,-0.6755093336105347,-1.5505093336105347,attack,Yes
4791,0,0,0.05340333130637379,-3.3067750930786133,-0.43177512288093567,attack,No
4792,0,0,0.2942149597859341,-1.7126541137695312,-0.8376540541648865,attack,No
4793,0,0,0.0019267345487064141,-6.7751946449279785,-0.5251945853233337,attack,No
4794,0,0,0.004070137353478592,-5.977825164794922,-0.4778250753879547,attack,No
4795,0,0,0.16451647108926923,-2.207265615463257,-0.5822656750679016,attack,No
4796,0,0,0.007577240371427665,-5.40643310546875,-0.5314329862594604,attack,No
4797,0,0,0.01098694392594878,-5.141345500946045,-0.6413456201553345,attack,No
4798,0,0,0.006692850329902297,-5.434846878051758,-0.43484678864479065,attack,No
4799,0,0,0.004070138078313694,-5.852517127990723,-0.3525172173976898,attack,No
4800,0,0,0.004070137715896127,-6.027041912078857,-0.5270419120788574,attack,No
4801,0,0,0.0024726237446964848,-6.4778900146484375,-0.4778902530670166,attack,No
4802,0,0,0.3208213138121609,-1.452730417251587,-0.7027304768562317,attack,No
4803,0,0,0.009708477627578704,-5.02166223526001,-0.3966623544692993,attack,No
4804,0,0,0.0031726822769652645,-6.276204586029053,-0.5262044072151184,attack,No
4805,0,0,0.012431649755527152,-4.700023651123047,-0.3250235617160797,attack,No
4806,0,0,0.0046095710854326425,-5.76669979095459,-0.39169955253601074,attack,No
4807,0,0,0.004070137957507836,-6.196206092834473,-0.6962061524391174,attack,no
4808,0,0,0.0015011819887076757,-7.135005474090576,-0.6350052952766418,attack,No
4809,0,0,0.06008665522337757,-2.994729995727539,-0.24473008513450623,attack,No
4810,0,0,0.020332356904444657,-4.243967533111572,-0.3689677119255066,attack,No
4811,0,0,0.001700722209038197,-6.851555824279785,-0.4765557050704956,attack,No
4812,0,1,0.7310585786300049,-0.5239298343658447,-1.5239298343658447,attack,Yes
4813,0,0,0.008577484399966718,-5.332543849945068,-0.5825437307357788,attack,No
4814,0,0,0.009708478200631072,-5.210010051727295,-0.5850102305412292,attack,No
4815,0,0,0.0035936034351228795,-6.321735382080078,-0.6967356204986572,attack,no
4816,0,0,0.008577486934330109,-5.280450344085693,-0.5304505228996277,attack,No
4817,0,0,0.001700722816229541,-6.851097106933594,-0.47609734535217285,attack,No
4818,0,0,0.0008040859116848763,-7.474658966064453,-0.34965893626213074,attack,No
4819,0,0,0.0024726225685732036,-6.5262908935546875,-0.5262906551361084,attack,No
4820,0,0,0.001926734606016944,-6.639157772064209,-0.3891577422618866,attack,No
4821,0,0,0.0005527785381337246,-7.814310550689697,-0.31431037187576294,attack,No
4822,0,0,0.002472623303650189,-6.5265350341796875,-0.5265350937843323,attack,No
4823,0,0,0.009708474762317362,-5.266494274139404,-0.64149409532547,attack,no
4824,0,1,0.7772998611746911,-0.5286448001861572,-1.7786448001861572,attack,Yes
4825,0,0,0.005220125074519377,-5.641031742095947,-0.3910316228866577,attack,No
4826,0,0,0.20181324146316565,-2.070773124694824,-0.6957732439041138,attack,No
4827,0,0,0.004070137957507836,-6.027867317199707,-0.5278673768043518,attack,No
4828,0,0,0.04208773031866069,-3.589789867401123,-0.4647899270057678,attack,No
4829,0,0,0.005911069731855184,-5.517569065093994,-0.3925692141056061,attack,No
4830,0,0,0.02931223244728875,-3.874051332473755,-0.37405139207839966,attack,No
4831,0,0,0.00218271696460951,-6.820425987243652,-0.6954262256622314,attack,no
4832,0,0,0.02297736857193652,-4.400935649871826,-0.6509355902671814,attack,No
4833,0,0,0.0028009273000822866,-6.3524580001831055,-0.477458119392395,attack,no
4834,0,0,0.017986212067650338,-4.297203063964844,-0.2972031831741333,attack,No
4835,0,0,0.0021827163155291175,-6.514432430267334,-0.3894323706626892,attack,No
4836,0,0,0.05340332377362639,-3.438960552215576,-0.5639604330062866,attack,No
4837,0,0,0.009708476481474066,-5.2678375244140625,-0.6428375244140625,attack,No
4838,0,0,0.00359360194114313,-6.0155110359191895,-0.3905108571052551,attack,No
4839,0,0,0.004070138561537168,-5.891639709472656,-0.39163991808891296,attack,No
4840,0,1,0.6513548782017746,-0.8903972506523132,-1.515397310256958,attack,Yes
4841,0,0,0.0035936025814200896,-6.103349208831787,-0.4783492088317871,attack,no
4842,0,0,0.004070137957507836,-6.136124134063721,-0.6361241936683655,attack,No
4843,0,0,0.0075772430607274135,-5.404681205749512,-0.5296814441680908,attack,No
4844,0,0,0.0011695101954287976,-7.327211380004883,-0.577211320400238,attack,no
4845,0,0,0.24508502416032488,-1.7035391330718994,-0.5785391926765442,attack,No
4846,0,0,0.005220125693558397,-5.830962657928467,-0.5809626579284668,attack,No
4847,0,0,0.009708478200631072,-5.1085991859436035,-0.48359936475753784,attack,No
4848,0,0,0.03308597648187432,-3.7547826766967773,-0.37978261709213257,attack,No
4849,0,0,0.0031726822769652645,-6.0666375160217285,-0.3166373372077942,attack,No
4850,0,0,0.0035936025814200896,-6.322568416595459,-0.697568416595459,attack,no
4851,0,0,0.06754668363133542,-3.1541433334350586,-0.529143214225769,attack,No
4852,0,0,0.005911068155754778,-5.706109046936035,-0.5811089277267456,attack,No
4853,0,0,0.042087725512577126,-3.6338043212890625,-0.5088042616844177,attack,No
4854,0,0,0.0015011821673938809,-7.077529430389404,-0.5775293707847595,attack,no
4855,0,0,0.00669285072615733,-5.28921365737915,-0.289213627576828,attack,No
4856,0,0,0.007577240371427665,-5.513916015625,-0.6389158964157104,attack,No
4857,0,0,0.0024726225685732036,-6.35123348236084,-0.35123324394226074,attack,no
4858,0,0,0.13296424019782924,-2.342463254928589,-0.46746325492858887,attack,No
4859,0,0,0.13296423160844623,-2.1156139373779297,-0.24061386287212372,attack,No
4860,0,0,0.009708476481474066,-5.208556652069092,-0.5835566520690918,attack,No
4861,0,0,0.01798621101487092,-4.535888195037842,-0.5358882546424866,attack,No
4862,0,0,0.0293122256635596,-4.215857028961182,-0.7158568501472473,attack,no
4863,0,0,0.0007096703145613268,-7.725802898406982,-0.47580277919769287,attack,no
4864,0,0,0.0005527785381337246,-7.590332508087158,-0.09033232927322388,attack,No
4865,0,0,0.00317268293673852,-6.102230072021484,-0.35223010182380676,attack,No
4866,0,0,0.014063626216776943,-4.953425884246826,-0.7034258246421814,attack,no
4867,0,0,0.07585818837825822,-3.079899311065674,-0.5798994302749634,attack,No
4868,0,0,0.10669058826486906,-2.382195234298706,-0.2571951746940613,attack,No
4869,0,0,0.014063629935885703,-4.649078845977783,-0.3990790545940399,attack,No
4870,0,0,0.10669060246682488,-2.566715955734253,-0.4417160451412201,attack,No
4871,0,0,0.0953494648991095,-3.0097508430480957,-0.7597508430480957,attack,no
4872,0,0,0.0019267347779485435,-6.885343074798584,-0.6353431344032288,attack,No
4873,0,0,0.005220125384038879,-5.68355131149292,-0.43355125188827515,attack,No
4874,0,0,0.004609572726345088,-5.95577335357666,-0.5807734727859497,attack,No
4875,0,0,0.4378234991142019,-1.2503223419189453,-1.0003223419189453,attack,No
4876,0,0,0.004609571358918011,-6.071679592132568,-0.696679413318634,attack,no
4877,0,0,0.0035936025814200896,-6.103138446807861,-0.47813844680786133,attack,No
4878,0,0,0.0007096705259094992,-7.7255539894104,-0.4755541682243347,attack,No
4879,0,0,0.0028009264676790765,-6.1320624351501465,-0.25706225633621216,attack,No
4880,0,0,0.014063628696182679,-4.895861625671387,-0.6458617448806763,attack,No
4881,0,0,0.042087723109535534,-3.8484439849853516,-0.723443865776062,attack,no
4882,0,0,0.005220125538798635,-5.685380935668945,-0.4353809058666229,attack,No
4883,0,0,0.009708475335369565,-5.20905065536499,-0.5840505361557007,attack,No
4884,0,0,0.0011695099865486702,-7.225619316101074,-0.4756190776824951,attack,No
4885,0,0,0.002472623303650189,-6.18263053894043,-0.18263059854507446,attack,No
4886,0,0,0.020332355123551627,-4.207097053527832,-0.3320971429347992,attack,No
4887,0,0,0.13296424019782924,-2.6045103073120117,-0.7295103073120117,attack,No
4888,0,0,0.014063626216776943,-4.8369646072387695,-0.5869645476341248,attack,No
4889,0,0,0.006692852113050128,-5.7002716064453125,-0.7002717852592468,attack,no
4890,0,0,0.00359360194114313,-6.321127891540527,-0.696127712726593,attack,no
4891,0,0,0.1480472055495773,-2.3047919273376465,-0.5547919869422913,attack,No
4892,0,0,0.0009110510858938316,-7.634123802185059,-0.634123682975769,attack,No
4893,0,0,0.04742587317756679,-3.6662845611572266,-0.6662845611572266,attack,No
4894,0,0,0.014063627869714051,-4.7848591804504395,-0.5348592400550842,attack,No
4895,0,0,0.002800926967120973,-6.453242301940918,-0.578242301940918,attack,no
4896,0,0,0.01406362456384003,-4.737428665161133,-0.4874284863471985,attack,No
4897,0,0,0.04742587587030561,-3.6104576587677,-0.610457718372345,attack,No
4898,0,0,0.1480472055495773,-2.494792938232422,-0.7447929978370667,attack,No
4899,0,0,0.006692851716795015,-5.53013277053833,-0.5301328897476196,attack,no
4900,0,0,0.03732688948593843,-3.672030210494995,-0.4220302700996399,attack,No
4901,0,0,0.0011695100213620223,-7.226085186004639,-0.47608497738838196,attack,No
4902,0,1,0.7772998611746911,-0.4960298538208008,-1.7460298538208008,attack,Yes
4903,0,0,0.005220126931636656,-5.886979103088379,-0.636979341506958,attack,no
4904,0,0,0.0028009273000822866,-6.401202201843262,-0.5262023210525513,attack,No
4905,0,0,0.04208773031866069,-3.545423984527588,-0.42042404413223267,attack,No
4906,0,0,0.0015011826141094868,-7.02482795715332,-0.5248281955718994,attack,No
4907,0,0,0.004070137715896127,-6.195941925048828,-0.6959419250488281,attack,no
4908,0,0,0.005220126931636656,-5.60343074798584,-0.35343098640441895,attack,No
4909,0,0,0.003593602901558612,-6.057990550994873,-0.4329906404018402,attack,No
4910,0,0,0.002472622715588583,-6.52554178237915,-0.5255416035652161,attack,No
4911,0,0,0.029312227359491745,-4.096542835235596,-0.5965427160263062,attack,No
4912,0,0,0.0035936025814200896,-6.015384197235107,-0.3903841972351074,attack,No
4913,0,0,0.0035936021545687705,-6.204154014587402,-0.5791538953781128,attack,No
4914,0,0,0.0059110692064883365,-5.605685234069824,-0.480685293674469,attack,No
4915,0,0,0.006692852311177695,-5.483033657073975,-0.4830338656902313,attack,No
4916,0,0,7.484620409115815e-05,-9.538409233093262,-0.03840892016887665,attack,No
4917,0,0,0.004609572316116922,-5.766255855560303,-0.3912558853626251,attack,No
4918,0,0,0.03732688306051187,-3.800593376159668,-0.5505932569503784,attack,No
4919,0,0,0.0015011825694379204,-6.975985527038574,-0.47598573565483093,attack,no
4920,0,0,0.020332349780873466,-4.523421287536621,-0.6484211087226868,attack,No
4921,0,0,0.16451647108926923,-2.2365775108337402,-0.611577570438385,attack,No
4922,0,0,0.015906388912772775,-4.661896705627441,-0.5368965268135071,attack,No
4923,0,0,0.0028009273833226214,-6.264834880828857,-0.38983502984046936,attack,No
4924,0,0,0.006692851716795015,-5.698000431060791,-0.6980005502700806,attack,no
4925,0,0,0.005220125693558397,-5.947106838226318,-0.6971068382263184,attack,no
4926,0,0,0.01798621101487092,-4.298131942749023,-0.2981320023536682,attack,No
4927,0,0,0.0159063879797589,-4.7135515213012695,-0.5885512828826904,attack,No
4928,0,0,0.01098694392594878,-5.084640026092529,-0.5846401453018188,attack,No
4929,0,0,0.008577485413711986,-5.451085567474365,-0.7010855674743652,attack,no
4930,0,0,0.00857748566714832,-5.108436107635498,-0.35843613743782043,attack,No
4931,0,0,0.004609571905888793,-5.954976558685303,-0.579976499080658,attack,No
4932,0,0,0.004609572589602362,-5.767624855041504,-0.39262494444847107,attack,no
4933,0,0,0.0013250227129863572,-6.786983489990234,-0.16198371350765228,attack,No
4934,0,0,0.00669285052802981,-5.435305595397949,-0.43530553579330444,attack,no
4935,0,0,0.006692851716795015,-5.69810152053833,-0.6981016397476196,attack,no
4936,0,0,0.015906392644828796,-4.422631740570068,-0.29763180017471313,attack,No
4937,0,0,0.004609571632403393,-6.0116963386535645,-0.6366962194442749,attack,No
4938,0,0,0.005220126931636656,-5.508420944213867,-0.2584211826324463,attack,No
4939,0,0,0.006692849339264817,-5.530238151550293,-0.5302379131317139,attack,No
4940,0,0,0.020332353936289693,-4.1466264724731445,-0.2716265022754669,attack,No
4941,0,0,0.020332349187242645,-4.366465091705322,-0.49146488308906555,attack,No
4942,0,0,0.004609571358918011,-6.071507453918457,-0.6965072751045227,attack,no
4943,0,0,0.01243164829198241,-4.73508882522583,-0.36008861660957336,attack,No
4944,0,0,0.020332349780873466,-4.521738052368164,-0.6467378735542297,attack,No
4945,0,0,0.0040701374742844335,-6.026998996734619,-0.5269989371299744,attack,No
4946,0,0,0.0534033328129234,-3.601173162460327,-0.7261732220649719,attack,no
4947,0,0,0.00669285072615733,-5.289254188537598,-0.28925415873527527,attack,No
4948,0,0,0.10669060530721626,-2.903262138366699,-0.7782622575759888,attack,no
4949,0,0,0.20181320305759334,-2.1196045875549316,-0.7446044683456421,attack,No
4950,0,0,0.01406362952265135,-4.837697982788086,-0.5876981616020203,attack,no
4951,0,0,0.008577484273248568,-4.9178924560546875,-0.16789232194423676,attack,No
4952,0,0,0.007577240371427665,-5.513715744018555,-0.6387156248092651,attack,No
4953,0,0,0.0046095724528596406,-5.854720592498779,-0.4797206521034241,attack,No
4954,0,0,0.00407013711186692,-5.817191123962402,-0.3171909749507904,attack,No
4955,0,1,0.6513548646660542,-0.5970896482467651,-1.2220896482467651,attack,Yes
4956,0,0,0.006692852311177695,-5.39368200302124,-0.39368221163749695,attack,No
4957,0,0,0.3208212878370535,-1.535684585571289,-0.7856845259666443,attack,No
4958,0,0,0.01243165231673086,-4.91033411026001,-0.5353342294692993,attack,no
4959,0,0,0.008577485413711986,-5.451216697692871,-0.7012166976928711,attack,no
4960,0,1,0.8354835207180245,-0.40799200534820557,-2.032991886138916,attack,Yes
4961,0,1,0.7057850278370112,-0.6604969501495361,-1.5354969501495361,attack,Yes
4962,0,0,0.025957358704815272,-4.278077602386475,-0.6530776619911194,attack,no
4963,0,0,0.02297736857193652,-4.243873119354248,-0.49387305974960327,attack,No
4964,0,0,0.005220125384038879,-5.830867767333984,-0.5808677077293396,attack,No
4965,0,0,0.01798621101487092,-4.645306587219238,-0.6453066468238831,attack,no
4966,0,0,0.008577484399966718,-5.449652671813965,-0.6996525526046753,attack,no
4967,0,0,0.037326887344129464,-3.8045763969421387,-0.5545763969421387,attack,No
4968,0,0,0.0024726235976810437,-6.695366859436035,-0.6953670382499695,attack,no
4969,0,0,0.025957354183760273,-4.077504634857178,-0.4525045156478882,attack,No
4970,0,0,0.025957356444287677,-3.9610636234283447,-0.33606359362602234,attack,No
4971,0,0,0.029312237535086605,-4.098916053771973,-0.5989162921905518,attack,no
4972,0,0,0.0046095724528596406,-5.728828430175781,-0.353828489780426,attack,No
4973,0,0,0.00192673483525908,-6.639327049255371,-0.38932713866233826,attack,no
4974,0,0,0.20181321265898594,-1.9840126037597656,-0.6090125441551208,attack,No
4975,0,0,0.01243164938964095,-4.85944938659668,-0.48444926738739014,attack,No
4976,0,0,0.006692852113050128,-5.480730056762695,-0.48073023557662964,attack,No
4977,0,0,0.0017007225126338423,-6.953163146972656,-0.578163206577301,attack,no
4978,0,0,0.2689414213699951,-1.7230418920516968,-0.7230418920516968,attack,No
4979,0,0,0.0010322312211416022,-7.4520583152771,-0.5770584940910339,attack,No
4980,0,0,0.010986940363721243,-4.938406467437744,-0.4384062588214874,attack,No
4981,0,0,0.0035936025814200896,-5.977384567260742,-0.3523845672607422,attack,No
4982,0,0,0.014063629109417006,-4.649127960205078,-0.39912810921669006,attack,No
4983,0,0,0.02297736991002561,-4.243613243103027,-0.49361324310302734,attack,No
4984,0,0,0.0059110695567328965,-5.762019157409668,-0.6370192766189575,attack,no
4985,0,0,0.007577240147319397,-5.230504512786865,-0.3555043637752533,attack,No
4986,0,0,0.0028009266341596987,-6.26497745513916,-0.3899773359298706,attack,No
4987,0,0,0.002800926967120973,-6.570343017578125,-0.695343017578125,attack,no
4988,0,0,0.003593603008271459,-6.016494274139404,-0.39149439334869385,attack,no
4989,0,0,0.07585818002124356,-3.0819807052612305,-0.5819807052612305,attack,No
4990,0,0,0.0031726824654718946,-6.2764811515808105,-0.526481032371521,attack,No
4991,0,0,0.004070136749449438,-6.079686164855957,-0.5796859264373779,attack,No
4992,0,0,0.0534033328129234,-3.306866407394409,-0.43186646699905396,attack,No
4993,0,0,0.0035936022612815957,-6.015951156616211,-0.3909510672092438,attack,no
4994,0,0,0.0059110695567328965,-5.654873371124268,-0.5298734903335571,attack,No
4995,0,0,0.0011695099865486702,-7.033390998840332,-0.28339076042175293,attack,No
4996,0,0,0.037326884131416216,-3.7117300033569336,-0.46172991394996643,attack,No
4997,0,0,0.025957351169724027,-4.076541900634766,-0.4515416622161865,attack,No
4998,0,0,0.005220125693558397,-5.832632541656494,-0.5826325416564941,attack,No
4999,0,0,0.10669059962643358,-2.83436918258667,-0.7093692421913147,attack,No
5000,0,0,0.008577484399966718,-5.2816386222839355,-0.531638503074646,attack,No
5001,0,0,0.01590639357784294,-4.66148042678833,-0.5364805459976196,attack,No
5002,0,0,0.10669058826486906,-2.886732339859009,-0.761732280254364,attack,no
5003,0,0,0.0031726824654718946,-6.226914882659912,-0.47691476345062256,attack,no
5004,0,0,0.1645164628965632,-2.16835355758667,-0.5433535575866699,attack,No
5005,0,0,0.0035936021545687705,-5.979580879211426,-0.35458076000213623,attack,No
5006,0,0,0.5,-1.0442250967025757,-1.0442250967025757,attack,No
5007,0,0,0.005220124764999895,-5.729875087738037,-0.4798749089241028,attack,No
5008,0,0,0.00669285052802981,-5.638068675994873,-0.6380686163902283,attack,No
5009,0,0,0.0024726231566347748,-6.635603427886963,-0.6356034278869629,attack,no
5010,0,1,0.5312093882168609,-0.900026261806488,-1.0250263214111328,attack,Yes
5011,0,0,0.10669058826486906,-2.5046794414520264,-0.3796793818473816,attack,No
5012,0,0,0.004609573273316032,-6.07172966003418,-0.6967298984527588,attack,no
5013,0,0,0.22270012850745968,-1.9200456142425537,-0.6700455546379089,attack,No
5014,0,0,0.004070137715896127,-5.977997303009033,-0.4779973030090332,attack,No
5015,0,0,0.0028009264676790765,-6.453990459442139,-0.5789902806282043,attack,No
5016,0,0,0.01798621364681958,-4.445156574249268,-0.4451567828655243,attack,No
5017,0,0,0.00591106763038807,-5.383632659912109,-0.25863245129585266,attack,no
5018,0,0,0.004070137232672753,-5.978837013244629,-0.47883689403533936,attack,No
5019,0,0,0.01098694392594878,-5.1410627365112305,-0.64106285572052,attack,No
5020,0,0,0.017986213120429816,-4.443979740142822,-0.4439799189567566,attack,No
5021,0,0,0.005220126931636656,-5.830940246582031,-0.5809404850006104,attack,no
5022,0,0,0.002472623303650189,-6.525550365447998,-0.5255504250526428,attack,No
5023,0,0,0.0015011824354232285,-7.1347527503967285,-0.6347528696060181,attack,No
5024,0,0,0.00669285052802981,-5.5814032554626465,-0.5814031958580017,attack,No
5025,0,0,0.02595736171885236,-4.274880886077881,-0.6498810648918152,attack,No
5026,0,0,0.0758581737534831,-2.9119210243225098,-0.4119209349155426,attack,No
5027,0,0,0.0040701384407312935,-6.136312007904053,-0.6363121867179871,attack,no
5028,0,0,0.01406362497707424,-4.691263198852539,-0.4412630498409271,attack,No
5029,0,0,0.02595736171885236,-4.121354579925537,-0.49635475873947144,attack,No
5030,0,0,0.033085981248949035,-3.8738839626312256,-0.49888405203819275,attack,No
5031,0,0,0.0031726824654718946,-6.329799652099609,-0.5797995328903198,attack,No
5032,0,0,0.0035936025814200896,-6.102789878845215,-0.47778987884521484,attack,no
5033,0,0,0.04742587452393617,-3.3545498847961426,-0.35454991459846497,attack,No
5034,0,0,0.005911069906977476,-5.604724884033203,-0.47972506284713745,attack,no
5035,0,0,0.005220126312597491,-5.830700874328613,-0.5807009935379028,attack,No
5036,0,0,0.002182716185713063,-6.601446628570557,-0.4764465093612671,attack,No
5037,0,0,0.0019267344340853601,-6.68100643157959,-0.4310063123703003,attack,No
5038,0,0,0.01798620785653302,-4.589622497558594,-0.5896223783493042,attack,No
5039,0,0,0.01590639077880068,-4.82806921005249,-0.7030691504478455,attack,no
5040,0,0,0.010986942306754304,-4.984273910522461,-0.48427388072013855,attack,No
5041,0,0,0.00669285052802981,-5.32011604309082,-0.32011598348617554,attack,No
5042,0,0,0.03308597457504463,-3.9228034019470215,-0.5478032827377319,attack,No
5043,0,0,0.009708477054526368,-5.020748138427734,-0.39574819803237915,attack,No
5044,0,0,0.009708474475791274,-4.982407569885254,-0.3574073612689972,attack,No
5045,0,0,0.0005527788674333762,-8.076797485351562,-0.5767979025840759,attack,No
5046,0,0,0.025957354937269386,-3.998079538345337,-0.37307944893836975,attack,No
5047,0,0,0.020332355717182622,-4.414298057556152,-0.5392981767654419,attack,No
5048,0,1,0.5621764862150634,-0.8482950329780579,-1.098294973373413,attack,Yes
5049,0,0,0.010986941335237732,-4.897301197052002,-0.3973010778427124,attack,No
5050,0,0,0.0035936023679944244,-5.977254867553711,-0.35225480794906616,attack,No
5051,0,0,0.0040701384407312935,-6.079857349395752,-0.5798575282096863,attack,No
5052,0,0,0.08509904500702024,-3.0201525688171387,-0.6451525688171387,attack,no
5053,0,0,0.11920292202211755,-2.621624708175659,-0.6216247081756592,attack,No
5054,0,0,0.06008665354025422,-3.0081353187561035,-0.2581353783607483,attack,No
5055,0,0,0.02931222905542399,-3.952662229537964,-0.4526621699333191,attack,No
5056,0,0,0.002472622715588583,-6.69507360458374,-0.6950734257698059,attack,no
5057,0,0,0.004609571632403393,-5.955546855926514,-0.5805467367172241,attack,No
5058,0,0,0.012431650853185818,-4.962066173553467,-0.5870661735534668,attack,no
5059,0,0,0.0024726231566347748,-6.52681827545166,-0.5268182754516602,attack,No
5060,0,0,0.04208772791561884,-3.63120436668396,-0.50620436668396,attack,No
5061,0,0,0.002472622605327048,-6.182592391967773,-0.18259216845035553,attack,No
5062,0,0,0.0040701374742844335,-5.977883815765381,-0.4778837561607361,attack,No
5063,0,0,0.0019267344340853601,-6.884685516357422,-0.6346853971481323,attack,No
5064,0,0,0.0028009270503612984,-6.35254430770874,-0.4775443375110626,attack,No
5065,0,0,0.0007096705047746792,-7.503439426422119,-0.2534395754337311,attack,No
5066,0,0,0.01098694327827096,-5.201765060424805,-0.7017651200294495,attack,no
5067,0,0,0.00669285052802981,-5.5289459228515625,-0.5289458632469177,attack,No
5068,0,0,0.0021827166400692896,-6.476550579071045,-0.3515506684780121,attack,No
5069,0,0,0.0013250224172131609,-7.259284496307373,-0.634284496307373,attack,No
5070,0,0,0.020332350374504305,-4.27952766418457,-0.4045275151729584,attack,No
5071,0,0,0.0011695101432087622,-6.91152811050415,-0.16152800619602203,attack,No
5072,0,0,0.005911068856243796,-5.762307167053223,-0.6373071670532227,attack,no
5073,0,0,0.0011695102650555148,-7.274450778961182,-0.5244507789611816,attack,no
5074,0,0,0.004070138199119559,-6.136982440948486,-0.6369825601577759,attack,No
5075,0,0,0.01243165231673086,-4.814921855926514,-0.4399219751358032,attack,No
5076,0,0,0.007577241267860811,-5.514793872833252,-0.639793872833252,attack,No
5077,0,0,0.01798621101487092,-4.537530422210693,-0.5375304818153381,attack,No
5078,0,0,0.004609571905888793,-5.854443073272705,-0.4794430136680603,attack,No
5079,0,0,0.006692849339264817,-5.528836250305176,-0.5288360118865967,attack,No
5080,0,0,0.0031726830309918535,-6.32938289642334,-0.5793829560279846,attack,No
5081,0,0,0.004070136749449438,-6.079656600952148,-0.5796563625335693,attack,No
5082,0,0,0.02931223159932252,-3.994765043258667,-0.4947650730609894,attack,No
5083,0,0,0.0013250221805946513,-7.319293022155762,-0.6942928433418274,attack,no
5084,0,0,0.00280092763304364,-6.510284423828125,-0.6352846622467041,attack,No
5085,0,0,0.008577484399966718,-5.33305025100708,-0.5830501317977905,attack,No
5086,0,0,0.020332353342658753,-4.581508636474609,-0.7065086364746094,attack,no
5087,0,0,0.03308598220236406,-3.8309926986694336,-0.45599281787872314,attack,No
5088,0,0,0.34864513533394575,-1.4633526802062988,-0.8383526802062988,attack,No
5089,0,0,0.004609572589602362,-5.728081226348877,-0.3530813157558441,attack,No
5090,0,0,0.0007096705259094992,-7.638227462768555,-0.388227641582489,attack,No
5091,0,0,0.004070136870255261,-5.932826519012451,-0.43282631039619446,attack,No
5092,0,0,0.0059110695567328965,-5.6527018547058105,-0.5277019739151001,attack,No
5093,0,0,0.0031726830309918535,-6.385630130767822,-0.635630190372467,attack,No
5094,0,0,0.017986212067650338,-4.58988094329834,-0.5898810625076294,attack,No
5095,0,0,0.005911068505999277,-5.763165473937988,-0.6381654143333435,attack,No
5096,0,0,0.006692851716795015,-5.581823825836182,-0.5818239450454712,attack,No
5097,0,0,0.004609572042631499,-5.540138244628906,-0.16513821482658386,attack,No
5098,0,0,0.01406362497707424,-4.69221830368042,-0.442218154668808,attack,No
5099,0,0,0.020332356904444657,-4.365202903747559,-0.4902030825614929,attack,No
5100,0,0,0.008577485413711986,-5.389495849609375,-0.639495849609375,attack,no
5101,0,0,0.005911068856243796,-5.706451416015625,-0.581451416015625,attack,No
5102,0,0,0.01098694327827096,-4.794719219207764,-0.29471927881240845,attack,No
5103,0,0,0.00015843616717132347,-9.137290000915527,-0.3872896730899811,attack,No
5104,0,0,0.022977365895758564,-4.196828365325928,-0.4468281865119934,attack,No
5105,0,0,0.007577239923211134,-5.457956314086914,-0.5829561352729797,attack,no
5106,0,0,0.1645164628965632,-2.3397912979125977,-0.7147912979125977,attack,No
5107,0,0,0.0031726820884586454,-6.275941848754883,-0.5259416103363037,attack,No
5108,0,0,0.005220125848318164,-5.537290573120117,-0.2872906029224396,attack,No
5109,0,0,0.01098694263059318,-4.98472785949707,-0.4847278594970703,attack,No
5110,0,0,0.0046095710854326425,-5.853160858154297,-0.4781606197357178,attack,No
5111,0,0,0.005220125074519377,-5.7777299880981445,-0.527729868888855,attack,No
5112,0,0,0.005911068155754778,-5.706884860992432,-0.5818847417831421,attack,No
5113,0,0,0.047425867792089564,-3.513096332550049,-0.5130962133407593,attack,No
5114,0,0,0.3208213138121609,-1.6180813312530518,-0.8680813908576965,attack,No
5115,0,1,0.7057850154599563,-0.6596987843513489,-1.534698724746704,attack,Yes
5116,0,0,0.0024726231566347748,-6.5787200927734375,-0.5787200927734375,attack,No
5117,0,0,0.0021827168347934166,-6.7032012939453125,-0.5782014727592468,attack,no
5118,0,0,0.0010322309445614404,-7.305835247039795,-0.43083515763282776,attack,No
5119,0,0,0.18242552380635632,-2.096085786819458,-0.596085786819458,attack,No
5120,0,1,0.835483553488848,-0.4168332815170288,-2.0418334007263184,attack,Yes
5121,0,0,0.04742587856304458,-3.520007610321045,-0.5200077295303345,attack,No
5122,0,0,0.025957358704815272,-4.120083332061768,-0.49508339166641235,attack,No
5123,0,0,0.005911068856243796,-5.56178617477417,-0.4367861747741699,attack,No
5124,0,0,0.01243164865786858,-5.01715612411499,-0.6421559453010559,attack,No
5125,0,0,0.006692851320539924,-5.583764553070068,-0.5837646126747131,attack,No
5126,0,0,0.02595735945832451,-3.87672758102417,-0.2517276704311371,attack,No
5127,0,0,0.0035936023679944244,-5.942229747772217,-0.317229688167572,attack,No
5128,0,0,0.007577240371427665,-5.404219627380371,-0.5292195081710815,attack,No
5129,0,0,0.014063623737371644,-4.736306190490723,-0.48630595207214355,attack,No
5130,0,0,0.003593603221697163,-6.3210062980651855,-0.6960064768791199,attack,no
5131,0,0,0.01098694327827096,-5.1405768394470215,-0.6405768990516663,attack,No
5132,0,0,0.0028009273833226214,-6.351381301879883,-0.47638145089149475,attack,No
5133,0,0,0.0024726231566347748,-6.578261852264404,-0.5782618522644043,attack,No
5134,0,0,0.0035936023679944244,-6.204227924346924,-0.579227864742279,attack,No
5135,0,0,0.009708477054526368,-5.0644001960754395,-0.43940025568008423,attack,No
5136,0,0,0.005220126003077935,-5.8870697021484375,-0.6370697617530823,attack,No
5137,0,0,0.0474258704848281,-3.668455123901367,-0.6684550642967224,attack,no
5138,0,0,0.009708474762317362,-5.264787673950195,-0.639787495136261,attack,No
5139,0,0,0.2689414213699951,-1.7209343910217285,-0.7209343910217285,attack,No
5140,0,0,0.007577240147319397,-5.268835067749023,-0.3938349187374115,attack,No
5141,0,0,0.0015011820780507757,-7.134640693664551,-0.6346405744552612,attack,No
5142,0,0,0.001926734606016944,-6.601010322570801,-0.3510102927684784,attack,No
5143,0,0,0.0019267344340853601,-6.828635215759277,-0.5786350965499878,attack,No
5144,0,0,0.000804086031406679,-7.702012538909912,-0.5770126581192017,attack,No
5145,0,0,0.03308598029553404,-3.7909200191497803,-0.41592007875442505,attack,No
5146,0,0,0.010986944897465581,-4.824224948883057,-0.32422515749931335,attack,No
5147,0,0,0.03308598029553404,-4.090824604034424,-0.7158246636390686,attack,no
5148,0,0,0.006692850924284856,-5.5291619300842285,-0.5291619300842285,attack,No
5149,0,0,0.0008040858398518034,-7.474616527557373,-0.3496164083480835,attack,No
5150,0,0,0.004609572726345088,-6.012639999389648,-0.637640118598938,attack,No
5151,0,0,0.015906393111335862,-4.566612243652344,-0.4416123330593109,attack,No
5152,0,0,0.4378234991142019,-0.9510169625282288,-0.7010169625282288,attack,No
5153,0,0,0.0031726822769652645,-6.2271623611450195,-0.4771621823310852,attack,No
5154,0,0,0.00280092763304364,-6.401057243347168,-0.5260574817657471,attack,No
5155,0,0,0.060086656906500974,-3.3172659873962402,-0.5672661066055298,attack,No
5156,0,0,0.01243164865786858,-4.862487316131592,-0.48748713731765747,attack,No
5157,0,0,0.003172683408005215,-6.446543216705322,-0.6965433955192566,attack,no
5158,0,0,0.09534945975773548,-2.757220506668091,-0.507220447063446,attack,No
5159,0,0,0.001926734204843272,-6.827956199645996,-0.577955961227417,attack,No
5160,0,0,0.09534947004048376,-2.949049711227417,-0.6990497708320618,attack,no
5161,0,0,0.029312230751356316,-4.097795486450195,-0.5977954864501953,attack,no
5162,0,0,0.008577486934330109,-5.333580017089844,-0.5835801959037781,attack,No
5163,0,0,0.005220124610240159,-5.604655742645264,-0.35465553402900696,attack,No
5164,0,0,0.0850990519679964,-2.8021674156188965,-0.42716750502586365,attack,No
5165,0,0,0.0159063898457867,-4.714360237121582,-0.5893601179122925,attack,no
5166,0,0,0.46879062662624377,-1.289994716644287,-1.164994716644287,attack,no
5167,0,0,0.003593603008271459,-6.260733604431152,-0.6357337236404419,attack,No
5168,0,0,0.0015011823460801075,-7.077766418457031,-0.577766478061676,attack,no
5169,0,0,0.04742587317756679,-3.667603015899658,-0.6676030158996582,attack,No
5170,0,0,0.0019267345487064141,-6.726761817932129,-0.47676175832748413,attack,No
5171,0,0,0.020332349780873466,-4.581236362457275,-0.7062361836433411,attack,no
5172,0,0,0.007577242612510723,-5.4581708908081055,-0.5831710696220398,attack,No
5173,0,0,0.047425867792089564,-3.5117297172546387,-0.5117295980453491,attack,No
5174,0,0,0.20181321265898594,-2.029745578765869,-0.6547455191612244,attack,No
5175,0,0,0.00359360194114313,-6.15116548538208,-0.5261653065681458,attack,No
5176,0,0,0.015906394510857135,-4.713883399963379,-0.5888835787773132,attack,No
5177,0,0,0.010986944573626636,-4.897625923156738,-0.3976261019706726,attack,No
5178,0,1,0.7981867873410141,-0.5699865221977234,-1.9449865818023682,attack,Yes
5179,0,0,0.1480471980316895,-2.2320024967193604,-0.48200249671936035,attack,No
5180,0,0,0.04208773031866069,-3.7888031005859375,-0.6638031601905823,attack,no
5181,0,0,0.2689414213699951,-1.7638288736343384,-0.7638288736343384,attack,No
5182,0,0,0.0028009273000822866,-6.401622772216797,-0.5266228914260864,attack,No
5183,0,0,0.004070137595090279,-5.9333815574646,-0.4333815276622772,attack,No
5184,0,0,0.0028009268838806506,-6.3517537117004395,-0.47675368189811707,attack,No
5185,0,1,0.679178699175393,-0.8190754652023315,-1.5690754652023315,attack,Yes
5186,0,0,0.22270014914315833,-1.7828140258789062,-0.532814085483551,attack,No
5187,0,0,0.033085978388704126,-3.8767764568328857,-0.5017764568328857,attack,No
5188,0,0,0.002472623009619369,-6.578539848327637,-0.5785397887229919,attack,No
5189,0,0,0.047425867792089564,-3.424820899963379,-0.42482078075408936,attack,No
5190,0,0,0.014063626423394072,-4.489012241363525,-0.2390121966600418,attack,No
5191,0,0,0.006692850924284856,-5.698144435882568,-0.6981444358825684,attack,no
5192,0,0,0.20181322226037882,-2.165579319000244,-0.7905793190002441,attack,No
5193,0,0,0.007577241267860811,-5.405120849609375,-0.530120849609375,attack,No
5194,0,0,0.009708475335369565,-5.107521057128906,-0.4825209379196167,attack,No
5195,0,0,0.01098694327827096,-4.939910411834717,-0.4399104714393616,attack,No
5196,0,0,0.004070137957507836,-6.13671350479126,-0.6367135643959045,attack,No
5197,0,0,0.007577240371427665,-5.3560566902160645,-0.4810565710067749,attack,No
5198,0,0,0.0019267343194643127,-6.726534843444824,-0.4765346646308899,attack,No
5199,0,0,0.0040701384407312935,-6.079172611236572,-0.5791727900505066,attack,No
5200,0,0,0.002800926800640331,-6.352699279785156,-0.4776992201805115,attack,No
5201,0,0,0.004609572042631499,-5.853985786437988,-0.4789857566356659,attack,No
5202,0,0,0.003593603008271459,-6.154176712036133,-0.5291768312454224,attack,No
5203,0,0,0.06754669301670263,-3.0325927734375,-0.4075928032398224,attack,No
5204,0,0,0.002800927133601626,-6.453369617462158,-0.578369677066803,attack,No
5205,0,0,0.37754066879814546,-1.4448258876800537,-0.9448258876800537,attack,No
5206,0,0,0.004609571632403393,-5.903008937835693,-0.5280088186264038,attack,No
5207,0,0,0.06754668550840877,-2.9400172233581543,-0.31501713395118713,attack,No
5208,0,1,0.9465966694469009,-0.14335371553897858,-3.0183537006378174,attack,Yes
5209,0,0,0.0031726835022585624,-6.182158946990967,-0.4321591556072235,attack,No
5210,0,0,0.0019267350071906994,-6.775555610656738,-0.5255557894706726,attack,No
5211,0,0,0.004609571358918011,-5.85298490524292,-0.4779847264289856,attack,No
5212,0,0,0.04742587856304458,-3.56442928314209,-0.5644294023513794,attack,No
5213,0,0,0.025957354183760273,-4.274524211883545,-0.6495240926742554,attack,no
5214,0,0,0.003593603008271459,-6.152590751647949,-0.5275908708572388,attack,No
5215,0,0,0.10669059962643358,-2.7879385948181152,-0.66293865442276,attack,no
5216,0,0,0.01243165231673086,-4.858658790588379,-0.48365890979766846,attack,No
5217,0,0,0.13296424019782924,-2.6150104999542236,-0.7400104999542236,attack,no
5218,0,0,0.002472623303650189,-6.635372161865234,-0.6353722214698792,attack,No
5219,0,0,0.02033235452992065,-4.415223121643066,-0.5402231812477112,attack,No
5220,0,0,0.0040701384407312935,-6.136594772338867,-0.6365949511528015,attack,No
5221,0,0,0.002472622715588583,-6.579022407531738,-0.579022228717804,attack,No
5222,0,0,0.0046095728630878175,-5.854361534118652,-0.4793616831302643,attack,No
5223,0,0,0.010986941982915435,-4.938153266906738,-0.4381532073020935,attack,No
5224,0,1,0.798186768138228,-0.4259186387062073,-1.8009185791015625,attack,Yes
5225,0,0,0.005220125848318164,-5.732151985168457,-0.4821520149707794,attack,No
5226,0,0,0.01798620785653302,-4.444347381591797,-0.4443472623825073,attack,No
5227,0,0,0.0019267346633274755,-6.7768168449401855,-0.5268168449401855,attack,No
5228,0,0,0.0008040860792954051,-7.600191593170166,-0.47519177198410034,attack,No
5229,0,0,0.01243164938964095,-4.908718585968018,-0.533718466758728,attack,No
5230,0,0,0.009708475621895678,-5.062109470367432,-0.4371093809604645,attack,No
5231,0,0,0.006692850924284856,-5.584988117218018,-0.5849881172180176,attack,No
5232,0,0,0.001700722816229541,-7.0092267990112305,-0.6342270374298096,attack,No
5233,0,0,0.002800926800640331,-6.351816654205322,-0.4768165946006775,attack,No
5234,0,0,0.004070137715896127,-5.9777960777282715,-0.4777960777282715,attack,No
5235,0,0,0.2689414213699951,-1.8597725629806519,-0.8597725629806519,attack,No
5236,0,0,0.10669059394565118,-2.734837293624878,-0.6098372936248779,attack,No
5237,0,0,0.015906394510857135,-4.715349197387695,-0.5903493762016296,attack,No
5238,0,0,0.0013250223383403197,-7.319638252258301,-0.694638192653656,attack,no
5239,0,0,0.014063623737371644,-4.9526519775390625,-0.7026517391204834,attack,no
5240,0,0,0.003172683219498529,-6.27705192565918,-0.5270520448684692,attack,No
5241,0,0,0.14804719051380197,-2.346966028213501,-0.5969659686088562,attack,No
5242,0,0,0.007577242612510723,-5.575089931488037,-0.7000901103019714,attack,no
5243,0,0,0.025957363225871038,-4.334725379943848,-0.7097256183624268,attack,no
5244,0,0,0.002182716380437148,-6.476362228393555,-0.3513621985912323,attack,no
5245,0,0,0.04742587587030561,-3.5603134632110596,-0.5603135228157043,attack,No
5246,0,0,0.010986940687560063,-5.085587978363037,-0.5855877995491028,attack,No
5247,0,0,0.014063627869714051,-4.785190582275391,-0.5351906418800354,attack,No
5248,0,0,0.04742587856304458,-3.512821674346924,-0.5128217935562134,attack,No
5249,0,0,0.001700722209038197,-6.95276403427124,-0.5777639150619507,attack,No
5250,0,0,0.006692849537392301,-5.435967922210693,-0.43596771359443665,attack,No
5251,0,0,0.010986944249787705,-4.8964924812316895,-0.3964926302433014,attack,No
5252,0,0,0.014063625390308462,-4.837521553039551,-0.5875214338302612,attack,No
5253,0,0,0.004609571358918011,-5.766348361968994,-0.3913481831550598,attack,No
5254,0,0,0.006692851518667466,-5.394283771514893,-0.39428386092185974,attack,No
5255,0,0,0.008577485413711986,-5.4498372077941895,-0.6998372077941895,attack,no
5256,0,0,0.005911069031366064,-5.51807165145874,-0.3930716812610626,attack,no
5257,0,0,0.002472623671188763,-6.351938247680664,-0.3519384562969208,attack,no
5258,0,0,0.010986941659076578,-4.898171424865723,-0.3981713354587555,attack,No
5259,0,0,0.0019267350645012428,-6.6388115882873535,-0.38881179690361023,attack,No
5260,0,0,0.005220126931636656,-5.6039934158325195,-0.35399365425109863,attack,No
5261,0,0,0.009708474762317362,-5.264814376831055,-0.6398141980171204,attack,no
5262,0,0,0.0028009273000822866,-6.4010009765625,-0.5260010957717896,attack,No
5263,0,1,0.6224593171945417,-0.7616210579872131,-1.2616209983825684,attack,Yes
5264,0,0,0.001700722816229541,-6.8056640625,-0.4306643009185791,attack,No
5265,0,0,0.005220124764999895,-5.947741985321045,-0.6977418065071106,attack,no
5266,0,0,0.0011695100561753752,-7.327820301055908,-0.5778201222419739,attack,No
5267,0,0,0.014063626216776943,-4.8367767333984375,-0.5867766737937927,attack,no
5268,0,0,0.0024726233771578993,-6.316185474395752,-0.3161855638027191,attack,No
5269,0,0,0.05340333431947304,-3.2349202632904053,-0.35992035269737244,attack,No
5270,0,0,0.000911051248654057,-7.475395679473877,-0.47539573907852173,attack,No
5271,0,0,0.009708476481474066,-5.157729148864746,-0.5327291488647461,attack,No
5272,0,0,0.005220125693558397,-5.537269592285156,-0.28726959228515625,attack,No
5273,0,0,0.0010322309752925658,-7.452202796936035,-0.5772027373313904,attack,no
5274,0,0,0.033085978388704126,-3.7190487384796143,-0.34404873847961426,attack,No
5275,0,0,0.07585818002124356,-3.133202314376831,-0.633202314376831,attack,No
5276,0,0,0.08509904500702024,-2.9189398288726807,-0.5439398288726807,attack,No
5277,0,0,0.005911067805510302,-5.605124473571777,-0.480124294757843,attack,No
5278,0,0,0.004070137715896127,-6.027956485748291,-0.527956485748291,attack,No
5279,0,0,0.008577486680893736,-5.18764591217041,-0.4376460611820221,attack,No
5280,0,0,0.06754669489377622,-3.197387456893921,-0.5723875164985657,attack,No
5281,0,0,0.005911068505999277,-5.6105756759643555,-0.4855756163597107,attack,No
5282,0,0,0.002182715926080975,-6.270788192749023,-0.14578795433044434,attack,No
5283,0,0,0.06008665354025422,-3.271800994873047,-0.5218010544776917,attack,No
5284,0,0,0.0040701374742844335,-6.19747257232666,-0.6974725127220154,attack,no
5285,0,0,0.0021827166400692896,-6.556418418884277,-0.4314185082912445,attack,No
5286,0,0,0.03308598220236406,-3.92250394821167,-0.5475040674209595,attack,No
5287,0,0,0.01798620785653302,-4.489412784576416,-0.48941266536712646,attack,No
5288,0,0,0.029312230751356316,-4.156862258911133,-0.6568622589111328,attack,No
5289,0,0,0.0035936034351228795,-6.261850357055664,-0.6368505954742432,attack,no
5290,0,0,0.012431653414389749,-4.737088680267334,-0.3620888888835907,attack,No
5291,0,0,0.20181323186177208,-2.1248202323913574,-0.7498202919960022,attack,No
5292,0,0,0.004609572999830552,-6.011679172515869,-0.6366793513298035,attack,No
5293,0,0,0.010986940687560063,-4.898358345031738,-0.39835816621780396,attack,No
5294,0,1,0.5621765155565327,-0.936248242855072,-1.1862483024597168,attack,Yes
5295,0,0,0.003593603008271459,-6.204403400421143,-0.5794035196304321,attack,no
5296,0,0,0.0024726225685732036,-6.477617263793945,-0.4776170253753662,attack,No
5297,0,0,0.005911070257222078,-5.603915214538574,-0.4789154529571533,attack,No
5298,0,0,0.007577240147319397,-5.231172561645508,-0.3561724126338959,attack,No
5299,0,1,0.6791786861878392,-0.7035937905311584,-1.4535937309265137,attack,Yes
5300,0,0,0.4378234991142019,-1.3742971420288086,-1.1242971420288086,attack,no
5301,0,0,0.0040701369910610885,-6.078918933868408,-0.5789187550544739,attack,No
5302,0,0,0.0024726234506656126,-6.316575527191162,-0.31657564640045166,attack,No
5303,0,0,0.07585818002124356,-2.9540810585021973,-0.45408105850219727,attack,No
5304,0,0,0.014063628696182679,-4.893464088439941,-0.643464207649231,attack,No
5305,0,0,0.012431650121413363,-4.861418724060059,-0.4864186644554138,attack,No
5306,0,0,0.004070136870255261,-5.890444755554199,-0.3904445469379425,attack,No
5307,0,0,0.029312234143221275,-4.0458221435546875,-0.545822262763977,attack,No
5308,0,0,0.0028009268838806506,-6.3078999519348145,-0.43289992213249207,attack,No
5309,0,0,0.005911067455265844,-5.762851715087891,-0.6378514766693115,attack,No
5310,0,0,0.00359360194114313,-6.204481601715088,-0.5794814229011536,attack,No
5311,0,0,0.004070137353478592,-5.81787633895874,-0.31787624955177307,attack,No
5312,0,0,0.007577239923211134,-5.3556742668151855,-0.4806740880012512,attack,No
5313,0,0,0.017986209962091555,-4.489678859710693,-0.48967885971069336,attack,No
5314,0,0,0.0675466911396291,-3.1090219020843506,-0.4840219020843506,attack,No
5315,0,0,0.010986940039882433,-4.983395576477051,-0.4833953380584717,attack,No
5316,0,0,0.0035936021545687705,-6.262356281280518,-0.637356162071228,attack,No
5317,0,0,0.0019267347779485435,-6.82794713973999,-0.577947199344635,attack,no
5318,0,0,0.005220125848318164,-5.7293548583984375,-0.4793548882007599,attack,No
5319,0,0,0.060086646807761206,-3.271589994430542,-0.5215899348258972,attack,No
5320,0,1,0.939913350667554,-0.16402123868465424,-2.9140212535858154,attack,Yes
5321,0,0,0.07585817584273653,-3.081448554992676,-0.581448495388031,attack,No
5322,0,0,0.09534945975773548,-2.950320243835449,-0.7003201842308044,attack,No
5323,0,0,0.0019267350071906994,-6.885164737701416,-0.6351649165153503,attack,no
5324,0,0,0.0021827162506210893,-6.4758100509643555,-0.3508099615573883,attack,No
5325,0,0,0.0953494648991095,-2.6179609298706055,-0.36796092987060547,attack,No
5326,0,0,0.04742587317756679,-3.4673876762390137,-0.46738767623901367,attack,No
5327,0,0,0.0009110513300341806,-7.429928302764893,-0.4299284517765045,attack,No
5328,0,0,0.007577241940185738,-5.312432765960693,-0.4374328553676605,attack,No
5329,0,0,0.005911068155754778,-5.653459548950195,-0.5284594297409058,attack,No
5330,0,0,0.0035936017277175022,-6.204144477844238,-0.5791442394256592,attack,No
5331,0,0,0.01243165304850344,-4.734990119934082,-0.35999029874801636,attack,No
5332,0,0,0.002800926967120973,-6.570224761962891,-0.6952247619628906,attack,no
5333,0,0,0.004070137715896127,-5.977888584136963,-0.4778885841369629,attack,No
5334,0,0,0.042087725512577126,-3.731140613555908,-0.6061405539512634,attack,No
5335,0,0,0.08509904036636974,-2.797268867492676,-0.422268807888031,attack,No
5336,0,1,0.7772998508568416,-0.6442213654518127,-1.894221305847168,attack,Yes
5337,0,0,0.0019267345487064141,-6.775299549102783,-0.5252994894981384,attack,No
5338,0,0,0.022977371917159397,-4.195965766906738,-0.44596585631370544,attack,No
5339,0,0,0.02595735569077852,-4.168062210083008,-0.543062150478363,attack,No
5340,0,0,0.08509904500702024,-2.7041804790496826,-0.3291804790496826,attack,No
5341,0,0,0.0031726822769652645,-6.141604900360107,-0.3916047215461731,attack,No
5342,0,0,0.01243165304850344,-4.773176193237305,-0.398176372051239,attack,No
5343,0,0,0.02931222905542399,-3.999391555786133,-0.49939149618148804,attack,no
5344,0,0,0.01243164938964095,-4.772806167602539,-0.3978060483932495,attack,No
5345,0,0,0.012431650853185818,-5.077712535858154,-0.7027125358581543,attack,no
5346,0,0,0.033085978388704126,-3.831674337387085,-0.45667433738708496,attack,No
5347,0,0,0.005911067455265844,-5.706330299377441,-0.5813300609588623,attack,No
5348,0,0,0.020332349187242645,-4.279451370239258,-0.4044511616230011,attack,No
5349,0,0,8.481104172358075e-05,-9.503029823303223,-0.12802982330322266,attack,No
5350,0,0,0.0075772408196442265,-5.3555779457092285,-0.48057788610458374,attack,No
5351,0,0,0.0010322308216369478,-7.190072059631348,-0.31507185101509094,attack,No
5352,0,0,0.0008040859356292355,-7.702760696411133,-0.5777606964111328,attack,No
5353,0,0,0.02595735569077852,-4.167565822601318,-0.5425657629966736,attack,No
5354,0,0,0.18242553269617778,-2.332494020462036,-0.8324940800666809,attack,no
5355,0,0,0.0006263341954184638,-7.850045680999756,-0.47504574060440063,attack,No
5356,0,0,0.0003799844921116293,-8.350164413452148,-0.47516435384750366,attack,No
5357,0,0,0.001700722209038197,-6.851320266723633,-0.47632014751434326,attack,No
5358,0,0,0.006692849735519792,-5.582540988922119,-0.5825408101081848,attack,No
5359,0,0,0.005220126622117065,-5.77800178527832,-0.5280019640922546,attack,No
5360,0,0,0.0017007227150309691,-6.952482223510742,-0.5774824023246765,attack,No
5361,0,0,0.0013250224172131609,-7.013862609863281,-0.38886260986328125,attack,No
5362,0,0,0.005220125538798635,-5.64274263381958,-0.3927426040172577,attack,No
5363,0,0,0.014063627869714051,-4.953482151031494,-0.7034822106361389,attack,no
5364,0,0,0.009708477054526368,-5.15633487701416,-0.5313349366188049,attack,No
5365,0,0,0.007577242164294059,-5.513644218444824,-0.6386443376541138,attack,No
5366,0,0,0.010986941982915435,-4.939700126647949,-0.43970006704330444,attack,No
5367,0,0,0.007577239923211134,-5.230476379394531,-0.3554762005805969,attack,No
5368,0,0,0.0031726824654718946,-6.445629119873047,-0.6956290006637573,attack,no
5369,0,0,0.0015011823460801075,-7.195059299468994,-0.6950593590736389,attack,no
5370,0,0,0.0024726231566347748,-6.57797384262085,-0.5779738426208496,attack,No
5371,0,0,0.008577484399966718,-5.2315874099731445,-0.481587290763855,attack,No
5372,0,1,0.6513548511303336,-0.6668906807899475,-1.2918906211853027,attack,Yes
5373,0,0,0.06754669864792355,-3.311537265777588,-0.6865373849868774,attack,no
5374,0,0,0.015906389379279733,-4.4874396324157715,-0.36243948340415955,attack,No
5375,0,0,0.002182715926080975,-6.703093528747559,-0.5780932903289795,attack,no
5376,0,0,0.009708477627578704,-5.108503341674805,-0.48350346088409424,attack,No
5377,0,0,0.0008040860792954051,-7.512868881225586,-0.38786906003952026,attack,No
5378,0,0,0.0021827161208050378,-6.514512062072754,-0.38951191306114197,attack,No
5379,0,0,0.006692850924284856,-5.638400554656982,-0.6384005546569824,attack,no
5380,0,0,0.02595736247236169,-4.034101486206055,-0.4091016948223114,attack,No
5381,0,0,0.0031726835965119127,-6.385834693908691,-0.6358349323272705,attack,No
5382,0,0,0.37754066879814546,-1.2383042573928833,-0.7383042573928833,attack,No
5383,0,0,0.0019267343194643127,-6.56564998626709,-0.3156498074531555,attack,No
5384,0,0,0.005220126622117065,-5.830284118652344,-0.5802842974662781,attack,No
5385,0,0,0.0019267348925696179,-6.726657867431641,-0.4766579866409302,attack,No
5386,0,0,0.014063625390308462,-4.649748802185059,-0.39974868297576904,attack,No
5387,0,0,0.0011695100561753752,-7.3843092918396,-0.6343091130256653,attack,no
5388,0,0,0.004609571358918011,-6.072817325592041,-0.6978171467781067,attack,no
5389,0,0,0.005220125538798635,-5.641784191131592,-0.3917841613292694,attack,No
5390,0,0,0.020332356904444657,-4.41457986831665,-0.5395800471305847,attack,No
5391,0,0,0.07585818837825822,-3.190896987915039,-0.6908971071243286,attack,no
5392,0,0,0.010986940687560063,-5.140692234039307,-0.6406920552253723,attack,no
5393,0,0,0.003172682371218578,-6.00592565536499,-0.2559255063533783,attack,No
5394,0,0,0.0006263341394548992,-7.6576457023620605,-0.28264567255973816,attack,No
5395,0,0,0.0019267343194643127,-6.828324317932129,-0.5783241391181946,attack,No
5396,0,0,0.003593603221697163,-6.2041425704956055,-0.5791427493095398,attack,No
5397,0,0,0.00522012445548043,-5.777902603149414,-0.527902364730835,attack,No
5398,0,0,0.004070137353478592,-5.89099645614624,-0.39099636673927307,attack,No
5399,0,0,0.03732689162774753,-3.752246379852295,-0.5022464990615845,attack,No
5400,0,1,0.5312093733737563,-0.8978906869888306,-1.0228906869888306,attack,Yes
5401,0,0,0.01243165304850344,-5.076298713684082,-0.7012988924980164,attack,no
5402,0,0,0.0017007222596374673,-6.806419372558594,-0.4314192831516266,attack,no
5403,0,0,0.008577483893094128,-5.389673233032227,-0.6396730542182922,attack,No
5404,0,0,0.00359360332841002,-5.977198123931885,-0.3521983325481415,attack,No
5405,0,0,0.11920292828022305,-2.6760785579681396,-0.6760786175727844,attack,no
5406,0,0,0.010986944573626636,-5.202629566192627,-0.7026297450065613,attack,no
5407,0,0,0.01098694392594878,-5.1432318687438965,-0.643231987953186,attack,No
5408,0,0,0.03308597743528921,-3.6618387699127197,-0.28683874011039734,attack,No
5409,0,0,0.0008040858039352692,-7.28646183013916,-0.16146166622638702,attack,No
5410,0,0,0.00317268293673852,-6.004727363586426,-0.25472739338874817,attack,No
5411,0,0,0.4378234991142019,-1.3127726316452026,-1.0627726316452026,attack,No
5412,0,0,0.0373268852023206,-3.8011720180511475,-0.5511719584465027,attack,No
5413,0,0,0.00522012445548043,-5.603786468505859,-0.3537862300872803,attack,No
5414,0,0,0.004609572726345088,-5.954688549041748,-0.5796886682510376,attack,No
5415,0,0,0.008577485413711986,-5.073685646057129,-0.3236856460571289,attack,No
5416,0,0,0.005911068505999277,-5.8221259117126465,-0.6971258521080017,attack,no
5417,0,0,0.0028009273000822866,-6.4533185958862305,-0.57831871509552,attack,no
5418,0,0,0.02931222905542399,-3.951840400695801,-0.451840341091156,attack,No
5419,0,0,0.006692852113050128,-5.6375861167907715,-0.6375862956047058,attack,no
5420,0,0,0.0035936022612815957,-6.0582804679870605,-0.4332803785800934,attack,No
5421,0,0,0.0019267344340853601,-6.776473522186279,-0.5264734029769897,attack,No
5422,0,0,0.002182715926080975,-6.650958061218262,-0.5259578227996826,attack,No
5423,0,0,0.13296423676207594,-2.3429183959960938,-0.46791836619377136,attack,No
5424,0,0,0.0017007226138324027,-6.9001007080078125,-0.525100827217102,attack,no
5425,0,0,0.0159063879797589,-4.661412239074707,-0.5364120006561279,attack,No
5426,0,0,0.01406362456384003,-4.9569411277771,-0.7069409489631653,attack,no
5427,0,0,0.020332348593611837,-4.4151763916015625,-0.5401761531829834,attack,No
5428,0,0,0.34864513533394575,-1.579552173614502,-0.954552173614502,attack,no
5429,0,0,0.0024726234506656126,-6.389499664306641,-0.3894997835159302,attack,No
5430,0,0,0.01590639077880068,-4.713483810424805,-0.5884837508201599,attack,No
5431,0,0,0.01798621417320936,-4.705415725708008,-0.7054159641265869,attack,no
5432,0,0,0.008577483639657844,-5.146013259887695,-0.3960130512714386,attack,No
5433,0,0,0.010986941335237732,-5.201263904571533,-0.7012637853622437,attack,no
5434,0,0,0.0040701374742844335,-6.080055236816406,-0.5800551772117615,attack,no
5435,0,0,0.0017007222596374673,-6.765006065368652,-0.3900059759616852,attack,No
5436,0,0,0.00669285052802981,-5.582126617431641,-0.5821265578269958,attack,No
5437,0,0,0.02595735569077852,-4.334417343139648,-0.7094172835350037,attack,no
5438,0,0,0.0021827168347934166,-6.6026611328125,-0.4776613116264343,attack,no
5439,0,0,0.02595735569077852,-4.171482086181641,-0.5464820265769958,attack,No
5440,0,0,0.0031726833137518703,-6.18244743347168,-0.4324475824832916,attack,no
5441,0,0,0.01590639077880068,-4.7126641273498535,-0.5876640677452087,attack,No
5442,0,0,0.09534947004048376,-2.953319787979126,-0.7033198475837708,attack,No
5443,0,0,0.01406362456384003,-4.6912689208984375,-0.4412687420845032,attack,No
5444,0,0,0.0010322310367548194,-7.569365978240967,-0.6943659782409668,attack,no
5445,0,0,0.00017952798539494773,-8.827240943908691,-0.20224103331565857,attack,No
5446,0,0,0.0015011824354232285,-6.976532936096191,-0.47653305530548096,attack,no
5447,0,0,0.00669285052802981,-5.35533332824707,-0.35533326864242554,attack,No
5448,0,0,0.003172683219498529,-6.330798625946045,-0.5807987451553345,attack,no
5449,0,0,0.20181322226037882,-1.9778239727020264,-0.6028239727020264,attack,No
5450,0,0,0.00218271670497733,-6.703643321990967,-0.5786434412002563,attack,No
5451,0,0,0.0028009275498032983,-6.160721778869629,-0.2857219874858856,attack,No
5452,0,0,0.06754669489377622,-3.0676538944244385,-0.44265395402908325,attack,No
5453,0,0,0.005220125074519377,-5.64249849319458,-0.3924983739852905,attack,no
5454,0,0,0.014063627456479755,-4.690491199493408,-0.4404912292957306,attack,No
5455,0,0,0.16451647108926923,-2.3158621788024902,-0.690862238407135,attack,no
5456,0,0,0.3775406547908327,-1.3111326694488525,-0.8111326098442078,attack,No
5457,0,0,0.0028009267174000135,-6.352031707763672,-0.4770316183567047,attack,no
5458,0,0,0.002182716185713063,-6.4412360191345215,-0.31623589992523193,attack,No
5459,0,0,0.006692850627093569,-5.210633277893066,-0.21063323318958282,attack,No
5460,0,0,0.015906392644828796,-4.568314552307129,-0.4433146119117737,attack,No
5461,0,0,0.020332355717182622,-4.32075309753418,-0.44575321674346924,attack,No
5462,0,0,0.007577241716077422,-5.404285430908203,-0.5292854905128479,attack,No
5463,0,0,0.003172683408005215,-6.386195182800293,-0.6361953616142273,attack,no
5464,0,1,0.6224593452091672,-0.9177612662315369,-1.4177613258361816,attack,Yes
5465,0,0,0.004070138319925425,-5.817428112030029,-0.31742826104164124,attack,No
5466,0,0,0.004609572999830552,-5.660919666290283,-0.28591984510421753,attack,No
5467,0,0,0.007577241940185738,-5.35609769821167,-0.4810977876186371,attack,No
5468,0,0,0.0024726227890962764,-6.43178129196167,-0.431781142950058,attack,No
5469,0,0,0.003172683408005215,-6.2272725105285645,-0.4772726893424988,attack,No
5470,0,0,0.5,-0.9017408490180969,-0.9017408490180969,attack,No
5471,0,0,0.02033235096813516,-4.465716361999512,-0.5907162427902222,attack,no
5472,0,0,0.0031726828424851893,-6.2270355224609375,-0.4770355224609375,attack,No
5473,0,0,0.0015011824354232285,-6.888582229614258,-0.38858234882354736,attack,No
5474,0,0,0.0028009264676790765,-6.401400089263916,-0.5263999104499817,attack,No
5475,0,0,0.008577483893094128,-5.449897766113281,-0.6998975872993469,attack,no
5476,0,0,0.010986941982915435,-5.200864791870117,-0.7008647322654724,attack,no
5477,0,0,0.0031726835965119127,-6.329448699951172,-0.579448938369751,attack,No
5478,0,0,0.003593603008271459,-5.977419376373291,-0.35241949558258057,attack,No
5479,0,0,0.0035936017277175022,-6.103199005126953,-0.478198766708374,attack,no
5480,0,0,0.0009110511401472368,-7.387969493865967,-0.387969434261322,attack,No
5481,0,0,0.004070136749449438,-6.027777671813965,-0.5277774333953857,attack,no
5482,0,0,0.16451647108926923,-2.284846067428589,-0.6598461270332336,attack,No
5483,0,0,0.0059110695567328965,-5.823354721069336,-0.6983548402786255,attack,no
5484,0,0,0.01098694327827096,-5.084800720214844,-0.5848007798194885,attack,No
5485,0,0,0.01590639031229368,-4.5669846534729,-0.4419845640659332,attack,No
5486,0,1,0.8670357598021706,-0.2696967124938965,-2.1446967124938965,attack,Yes
5487,0,0,0.0010322309752925658,-7.350657939910889,-0.4756578803062439,attack,No
5488,0,0,0.22270013882530884,-1.9998129606246948,-0.7498129606246948,attack,no
5489,0,0,0.017986213120429816,-4.5374345779418945,-0.5374347567558289,attack,no
5490,0,0,0.0035936027948457686,-6.204808235168457,-0.5798082947731018,attack,No
5491,0,0,0.0031726826539785367,-6.22761869430542,-0.47761863470077515,attack,No
5492,0,0,0.22270013882530884,-2.01184344291687,-0.7618434429168701,attack,No
5493,0,0,0.0028009266341596987,-6.453690052032471,-0.5786899328231812,attack,No
5494,0,0,0.09534945975773548,-2.8976428508758545,-0.6476427912712097,attack,No
5495,0,0,0.009708477054526368,-5.108638286590576,-0.48363834619522095,attack,No
5496,0,0,0.002472622715588583,-6.316329479217529,-0.31632930040359497,attack,No
5497,0,0,0.010986944897465581,-4.985828876495361,-0.48582908511161804,attack,No
5498,0,0,0.005911068681121534,-5.560388565063477,-0.4353885352611542,attack,No
5499,0,0,0.0013250225355224317,-6.879149436950684,-0.25414952635765076,attack,No
5500,0,0,0.020332353342658753,-4.41590690612793,-0.5409069061279297,attack,No
5501,0,0,0.13296424019782924,-2.609532594680786,-0.7345325946807861,attack,No
5502,0,0,0.012431653780276067,-5.017439842224121,-0.6424400806427002,attack,No
5503,0,1,0.6224593452091672,-0.8531398177146912,-1.353139877319336,attack,Yes
5504,0,0,0.005911069031366064,-5.5596795082092285,-0.4346795380115509,attack,No
5505,0,0,0.01098694392594878,-5.033665180206299,-0.5336652994155884,attack,No
5506,0,0,0.004609571358918011,-6.011528015136719,-0.6365278363227844,attack,no
5507,0,0,0.0019267350645012428,-6.505292892456055,-0.2552931010723114,attack,No
5508,0,0,0.0019267349498801579,-6.682077884674072,-0.4320780336856842,attack,No
5509,0,0,0.09534945461636171,-2.7992711067199707,-0.5492709875106812,attack,No
5510,0,0,0.005220124764999895,-5.887990474700928,-0.6379902958869934,attack,no
5511,0,0,0.1329642264548166,-2.420520782470703,-0.5455206632614136,attack,No
5512,0,0,0.0019267345487064141,-6.828065395355225,-0.5780653357505798,attack,No
5513,0,0,0.00132502237777674,-6.879156589508057,-0.25415655970573425,attack,No
5514,0,0,0.008577486427457372,-5.106829643249512,-0.35682976245880127,attack,No
5515,0,0,0.04208772791561884,-3.787210464477539,-0.6622104644775391,attack,No
5516,0,0,0.01590639077880068,-4.712925434112549,-0.587925374507904,attack,No
5517,0,0,0.0011695100561753752,-7.326937198638916,-0.5769370198249817,attack,no
5518,0,0,0.06754668363133542,-3.149993896484375,-0.5249937772750854,attack,No
5519,0,0,0.0024726227890962764,-6.432341575622559,-0.43234142661094666,attack,No
5520,0,0,0.004070138682343046,-6.136646270751953,-0.6366465091705322,attack,No
5521,0,0,0.0028009273000822866,-6.400607109069824,-0.5256072282791138,attack,No
5522,0,0,0.01406362497707424,-4.577768325805664,-0.3277681767940521,attack,No
5523,0,0,0.025957357951306048,-4.121328830718994,-0.49632886052131653,attack,No
5524,0,0,0.06008665354025422,-3.227884292602539,-0.47788435220718384,attack,No
5525,0,0,0.01590639077880068,-4.77070426940918,-0.6457042098045349,attack,no
5526,0,0,0.14804720179063335,-2.1754889488220215,-0.42548897862434387,attack,No
5527,0,0,0.005220126622117065,-5.9470672607421875,-0.6970674395561218,attack,no
5528,0,0,0.0028009264676790765,-6.454030513763428,-0.5790303349494934,attack,No
5529,0,0,0.008577483893094128,-5.333774089813232,-0.5837739109992981,attack,No
5530,0,0,0.22270012850745968,-1.8770694732666016,-0.6270694136619568,attack,No
5531,0,1,0.7057850278370112,-0.6154472827911377,-1.4904472827911377,attack,Yes
5532,0,0,0.0059110692064883365,-5.518158435821533,-0.393158495426178,attack,No
5533,0,0,0.007577239474994629,-5.403916358947754,-0.5289161205291748,attack,No
5534,0,0,0.003593603008271459,-6.102853775024414,-0.4778538942337036,attack,No
5535,0,0,0.004609571358918011,-5.694037914276123,-0.3190377354621887,attack,No
5536,0,0,0.005220126622117065,-5.886749267578125,-0.6367494463920593,attack,no
5537,0,0,0.004070137957507836,-6.079618453979492,-0.579618513584137,attack,no
5538,0,0,0.004070136870255261,-5.933098316192627,-0.43309810757637024,attack,No
5539,0,0,0.006692851716795015,-5.528728008270264,-0.5287281274795532,attack,No
5540,0,0,0.0035936017277175022,-6.32120418548584,-0.6962039470672607,attack,no
5541,0,0,0.003593602954915036,-5.808468818664551,-0.18346892297267914,attack,No
5542,0,1,0.8175744806385543,-0.3413355052471161,-1.8413355350494385,attack,Yes
5543,0,0,0.010986944573626636,-4.983890533447266,-0.48389071226119995,attack,No
5544,0,0,0.0007096703991005882,-7.7254319190979,-0.4754319190979004,attack,No
5545,0,0,0.0009110510316404296,-7.6942973136901855,-0.6942971348762512,attack,no
5546,0,0,0.5,-1.2039002180099487,-1.2039002180099487,attack,no
5547,0,0,0.0031726828424851893,-6.140495777130127,-0.39049577713012695,attack,No
5548,0,0,0.3486451488696663,-1.5304937362670898,-0.9054937958717346,attack,No
5549,0,0,0.0015011823460801075,-7.078373432159424,-0.5783734917640686,attack,No
5550,0,0,0.001501181899364581,-6.8892621994018555,-0.38926196098327637,attack,No
5551,0,0,0.008577484399966718,-5.282016277313232,-0.5320161581039429,attack,no
5552,0,0,0.004609572726345088,-5.9029130935668945,-0.5279132127761841,attack,No
5553,0,0,0.4378234844434674,-1.0370888710021973,-0.7870888113975525,attack,No
5554,0,0,0.014063629109417006,-4.736408710479736,-0.48640885949134827,attack,No
5555,0,0,0.020332353342658753,-4.414647579193115,-0.5396475791931152,attack,No
5556,0,0,0.32082130082460697,-1.6811368465423584,-0.9311368465423584,attack,No
5557,0,0,0.006692849339264817,-5.581738471984863,-0.5817382335662842,attack,No
5558,0,0,0.025957360965343058,-4.074806213378906,-0.4498063623905182,attack,No
5559,0,0,0.07585818002124356,-3.129483938217163,-0.6294839382171631,attack,No
5560,0,0,0.18242553269617778,-2.09009051322937,-0.5900905728340149,attack,No
5561,0,0,0.0019267343767748358,-6.638935565948486,-0.3889354169368744,attack,No
5562,0,0,0.00591106763038807,-5.55880069732666,-0.43380048871040344,attack,No
5563,0,0,0.0293122256635596,-4.212145805358887,-0.7121456265449524,attack,no
5564,0,0,0.012431650853185818,-4.860907554626465,-0.48590755462646484,attack,No
5565,0,0,0.0031726828424851893,-6.227878570556641,-0.4778785705566406,attack,No
5566,0,0,0.0008040859356292355,-7.649930953979492,-0.5249309539794922,attack,No
5567,0,0,0.005220126931636656,-5.831179618835449,-0.5811798572540283,attack,No
5568,0,0,0.0024726237446964848,-6.389540672302246,-0.3895409107208252,attack,No
5569,0,0,0.003593602901558612,-6.017030239105225,-0.3920303285121918,attack,No
5570,0,0,0.07585817166422973,-2.8807997703552246,-0.38079965114593506,attack,No
5571,0,0,0.0035936018344303144,-6.057362079620361,-0.4323618710041046,attack,No
5572,0,0,0.07585818419975078,-3.033372163772583,-0.5333722233772278,attack,No
5573,0,0,0.002182716185713063,-6.441208362579346,-0.31620824337005615,attack,No
5574,0,0,0.004070137353478592,-5.933177947998047,-0.4331778585910797,attack,No
5575,0,0,0.005911068330877026,-5.517800331115723,-0.3928002417087555,attack,No
5576,0,0,0.0046095724528596406,-6.011169910430908,-0.636169970035553,attack,No
5577,0,0,0.0035936025814200896,-6.260413646697998,-0.635413646697998,attack,No
5578,0,0,0.2942149597859341,-1.6706881523132324,-0.7956880927085876,attack,No
5579,0,0,0.0013250223383403197,-7.013472557067871,-0.3884724974632263,attack,No
5580,0,0,0.010986940363721243,-4.9832763671875,-0.4832761585712433,attack,No
5581,0,0,0.005911068155754778,-5.654173851013184,-0.529173731803894,attack,No
5582,0,0,0.02931223244728875,-4.1555399894714355,-0.6555400490760803,attack,no
5583,0,0,0.07585818419975078,-3.08854603767395,-0.588546097278595,attack,no
5584,0,0,6.605211680527747e-05,-9.714530944824219,-0.08953052014112473,attack,No
5585,0,0,0.0021827162506210893,-6.408823013305664,-0.2838229238986969,attack,No
5586,0,0,0.01798621259404007,-4.365435600280762,-0.36543574929237366,attack,No
5587,0,0,0.003593602688132928,-6.058373928070068,-0.43337395787239075,attack,No
5588,0,0,0.00522012445548043,-5.83090877532959,-0.5809085369110107,attack,no
5589,0,0,0.025957363225871038,-4.337536811828613,-0.7125370502471924,attack,no
5590,0,0,0.0019267348925696179,-6.9450364112854,-0.6950365304946899,attack,no
5591,0,0,0.015906394510857135,-4.615893840789795,-0.49089401960372925,attack,No
5592,0,0,0.008577485413711986,-5.333094596862793,-0.583094596862793,attack,No
5593,0,0,0.004070137715896127,-5.933651924133301,-0.4336519241333008,attack,No
5594,0,0,0.0059110695567328965,-5.7087082862854,-0.5837084054946899,attack,No
5595,0,0,0.007577242388402388,-5.269323348999023,-0.3943234980106354,attack,No
5596,0,0,0.4378234991142019,-1.2257838249206543,-0.9757838249206543,attack,No
5597,0,0,0.02297737057907019,-4.242189884185791,-0.4921899139881134,attack,No
5598,0,0,0.1480471980316895,-2.2036421298980713,-0.4536421298980713,attack,No
5599,0,1,0.679178699175393,-0.706681489944458,-1.456681489944458,attack,Yes
5600,0,0,0.20181322226037882,-1.9891997575759888,-0.6141997575759888,attack,No
5601,0,0,0.5,-1.0243252515792847,-1.0243252515792847,attack,No
5602,0,0,0.004609571905888793,-6.0114593505859375,-0.6364592909812927,attack,No
5603,0,0,0.24508501313237172,-1.8642290830612183,-0.7392290830612183,attack,No
5604,0,0,0.004070137957507836,-6.079630374908447,-0.579630434513092,attack,No
5605,0,0,0.1329642264548166,-2.380749225616455,-0.5057491064071655,attack,No
5606,0,0,0.010986941659076578,-4.794610500335693,-0.2946104109287262,attack,No
5607,0,0,0.0006263341208003788,-7.762924671173096,-0.3879246115684509,attack,no
5608,0,0,0.004070137232672753,-6.026469707489014,-0.5264695882797241,attack,No
5609,0,0,0.06008665017400762,-3.225221633911133,-0.4752216339111328,attack,No
5610,0,0,0.0011695101258020842,-7.327704906463623,-0.5777047872543335,attack,No
5611,0,0,0.022977364557669702,-4.399410247802734,-0.6494100093841553,attack,No
5612,0,0,0.0040701384407312935,-6.196619510650635,-0.6966196894645691,attack,no
5613,0,0,0.1329642333263228,-2.508678913116455,-0.6336788535118103,attack,No
5614,0,0,0.004609571358918011,-5.765846252441406,-0.3908460736274719,attack,No
5615,0,0,0.0015011823907516671,-6.889110565185547,-0.38911065459251404,attack,No
5616,0,0,0.03732689055684297,-3.6307919025421143,-0.3807919919490814,attack,No
5617,0,0,0.04742587317756679,-3.6100916862487793,-0.6100916862487793,attack,No
5618,0,0,0.0059110693816106135,-5.5604424476623535,-0.4354425370693207,attack,no
5619,0,0,0.0021827166400692896,-6.514317989349365,-0.3893180787563324,attack,No
5620,0,0,0.000487857122782266,-7.941046714782715,-0.31604671478271484,attack,No
5621,0,0,0.002800927258462121,-6.0805158615112305,-0.20551596581935883,attack,No
5622,0,0,0.11920291576401235,-2.618976354598999,-0.6189762949943542,attack,No
5623,0,0,0.01243165231673086,-4.961868762969971,-0.5868688821792603,attack,No
5624,0,0,0.020332355717182622,-4.413576602935791,-0.5385767221450806,attack,No
5625,0,0,0.01798621259404007,-4.268264293670654,-0.26826444268226624,attack,No
5626,0,0,0.020332358091706755,-4.366241455078125,-0.4912416934967041,attack,No
5627,0,0,0.0009110510587671301,-7.475693225860596,-0.47569307684898376,attack,No
5628,0,0,0.0019267345487064141,-6.827659606933594,-0.577659547328949,attack,No
5629,0,0,0.007577242612510723,-5.456905841827393,-0.5819060206413269,attack,No
5630,0,0,0.0059110695567328965,-5.76276159286499,-0.6377617120742798,attack,No
5631,0,0,0.006692850924284856,-5.529316425323486,-0.5293164253234863,attack,No
5632,0,0,0.00359360194114313,-6.102642059326172,-0.47764188051223755,attack,no
5633,0,0,0.02595736171885236,-4.033489227294922,-0.4084894061088562,attack,No
5634,0,0,0.0013250224960860068,-7.203749656677246,-0.5787497162818909,attack,no
5635,0,0,0.0040701374742844335,-6.135697364807129,-0.6356973052024841,attack,No
5636,0,0,0.0013250224172131609,-7.150171756744385,-0.5251717567443848,attack,No
5637,0,0,0.015906389379279733,-4.52909517288208,-0.40409502387046814,attack,No
5638,0,0,0.005911068155754778,-5.604463577270508,-0.47946345806121826,attack,No
5639,0,0,0.0474258704848281,-3.6119675636291504,-0.6119675040245056,attack,No
5640,0,0,0.0040701384407312935,-6.13721227645874,-0.6372124552726746,attack,no
5641,0,0,0.0015011824800947912,-6.850571632385254,-0.35057178139686584,attack,No
5642,0,0,0.005220125693558397,-5.6045989990234375,-0.3545989990234375,attack,No
5643,0,0,0.029312230751356316,-4.0979390144348145,-0.5979390144348145,attack,No
5644,0,0,0.002472622936111669,-6.47704553604126,-0.4770454466342926,attack,No
5645,0,0,0.053403329799824234,-3.4402496814727783,-0.5652496814727783,attack,No
5646,0,0,0.007577241716077422,-5.269859790802002,-0.39485985040664673,attack,No
5647,0,0,0.005220125693558397,-5.778554439544678,-0.5285544395446777,attack,No
5648,0,0,0.008577486427457372,-5.280039310455322,-0.5300394296646118,attack,No
5649,0,0,0.009708477054526368,-4.9848856925964355,-0.3598857522010803,attack,No
5650,0,0,0.004070137715896127,-6.028453350067139,-0.5284533500671387,attack,No
5651,0,0,0.025957351923233056,-4.075401306152344,-0.45040109753608704,attack,No
5652,0,0,0.06754669864792355,-3.3648815155029297,-0.7398816347122192,attack,no
5653,0,0,0.009708474189265195,-5.155546188354492,-0.5305459499359131,attack,No
5654,0,0,0.02595735569077852,-4.277899265289307,-0.6528992056846619,attack,No
5655,0,0,0.0019267344340853601,-6.827915668487549,-0.5779155492782593,attack,No
5656,0,0,0.08509904036636974,-3.0706536769866943,-0.6956536173820496,attack,No
5657,0,0,0.003172683219498529,-6.385443210601807,-0.6354433298110962,attack,No
5658,0,0,0.020332356904444657,-4.321018695831299,-0.44601887464523315,attack,No
5659,0,0,0.005911070257222078,-5.762621879577637,-0.6376221179962158,attack,no
5660,0,0,0.004609573136573289,-5.661312580108643,-0.2863127887248993,attack,No
5661,0,0,0.005220126312597491,-5.947617530822754,-0.6976176500320435,attack,no
5662,0,0,0.004609571358918011,-5.902061939239502,-0.5270617604255676,attack,no
5663,0,0,0.007577242164294059,-5.45795202255249,-0.5829521417617798,attack,No
5664,0,0,0.008577484653403024,-5.186821460723877,-0.4368213713169098,attack,No
5665,0,0,0.0075772408196442265,-5.356120586395264,-0.4811205267906189,attack,No
5666,0,0,0.02595735719779685,-4.074709892272949,-0.4497098922729492,attack,No
5667,0,0,0.07585818837825822,-3.084038734436035,-0.5840388536453247,attack,No
5668,0,0,0.001700722310236739,-6.7637858390808105,-0.38878577947616577,attack,No
5669,0,0,0.03308597266821503,-4.030013084411621,-0.6550129055976868,attack,no
5670,0,0,0.29421497216298875,-1.5863019227981567,-0.7113019227981567,attack,No
5671,0,0,0.007577242164294059,-5.457435607910156,-0.5824357271194458,attack,No
5672,0,0,0.060086656906500974,-3.426603317260742,-0.6766034364700317,attack,no
5673,0,0,0.0024726237446964848,-6.525551795959473,-0.5255520343780518,attack,No
5674,0,0,0.0009110511401472368,-7.577029228210449,-0.5770291686058044,attack,No
5675,0,0,0.4073334000459302,-1.2314364910125732,-0.8564364910125732,attack,No
5676,0,0,0.009708478200631072,-5.208580493927002,-0.5835806727409363,attack,no
5677,0,0,0.007577239923211134,-5.35578727722168,-0.48078709840774536,attack,No
5678,0,0,0.009708476481474066,-5.209000110626221,-0.5840001106262207,attack,no
5679,0,0,0.0052201259256980485,-5.4806132316589355,-0.23061327636241913,attack,No
5680,0,0,0.004070137715896127,-5.9784626960754395,-0.47846269607543945,attack,No
5681,0,0,0.1645164792819756,-2.2388315200805664,-0.613831639289856,attack,No
5682,0,1,0.7310585786300049,-0.6015008687973022,-1.6015008687973022,attack,Yes
5683,0,0,0.02595736171885236,-4.22168493270874,-0.5966851115226746,attack,no
5684,0,0,0.004609572999830552,-5.632900714874268,-0.2579008936882019,attack,No
5685,0,0,0.0011695103346822365,-7.0330071449279785,-0.2830072045326233,attack,No
5686,0,0,0.009708477627578704,-5.156792640686035,-0.5317927598953247,attack,No
5687,0,0,0.022977367233847502,-4.197363376617432,-0.4473632574081421,attack,No
5688,0,0,0.0028009264676790765,-6.3517374992370605,-0.4767373204231262,attack,No
5689,0,0,0.004070138682343046,-6.136257171630859,-0.6362574100494385,attack,No
5690,0,0,0.005220126622117065,-5.947791576385498,-0.6977917551994324,attack,no
5691,0,0,0.01590639357784294,-4.712956428527832,-0.5879565477371216,attack,No
5692,0,0,0.4378234991142019,-1.2153470516204834,-0.9653470516204834,attack,No
5693,0,0,0.01098694327827096,-5.083755970001221,-0.5837560296058655,attack,No
5694,0,0,0.00280092763304364,-6.2651824951171875,-0.3901827335357666,attack,No
5695,0,0,0.4073334000459302,-1.2071495056152344,-0.8321495056152344,attack,No
5696,0,0,0.0015011826141094868,-6.931387901306152,-0.43138813972473145,attack,No
5697,0,0,0.0028009273000822866,-6.453519821166992,-0.5785199403762817,attack,No
5698,0,0,0.0017007225632331216,-6.7255940437316895,-0.3505941331386566,attack,No
5699,0,0,0.02297736991002561,-4.241878986358643,-0.4918789863586426,attack,No
5700,0,0,0.015906388912772775,-4.568009376525879,-0.4430091977119446,attack,No
5701,0,0,0.0474258704848281,-3.4277660846710205,-0.42776602506637573,attack,No
5702,0,0,0.012431650487299585,-4.700633525848389,-0.3256334960460663,attack,No
5703,0,0,0.0159063879797589,-4.660642623901367,-0.5356423854827881,attack,No
5704,0,0,0.02931223159932252,-3.9969301223754883,-0.49693015217781067,attack,No
5705,0,0,0.009708477054526368,-5.208774566650391,-0.5837746262550354,attack,No
5706,0,0,0.0031726824654718946,-6.3286213874816895,-0.5786212682723999,attack,No
5707,0,0,0.00192673483525908,-6.566620826721191,-0.31662091612815857,attack,No
5708,0,0,0.0017007225632331216,-6.851018905639648,-0.4760189950466156,attack,No
5709,0,0,0.0031726828424851893,-6.329448223114014,-0.5794482231140137,attack,no
5710,0,1,0.9149009491921662,-0.2228730469942093,-2.5978729724884033,attack,Yes
5711,0,0,0.05340332377362639,-3.392698287963867,-0.5176981687545776,attack,No
5712,0,0,0.0031726830309918535,-6.228091716766357,-0.4780917763710022,attack,No
5713,0,1,0.6224593312018546,-0.7622995376586914,-1.2622995376586914,attack,Yes
5714,0,0,0.004609572726345088,-5.903071880340576,-0.5280719995498657,attack,No
5715,0,0,0.0015011822567369915,-7.134677886962891,-0.6346778869628906,attack,No
5716,0,0,0.0035936023679944244,-6.151705265045166,-0.5267052054405212,attack,no
5717,0,0,0.0534033328129234,-3.3896870613098145,-0.5146871209144592,attack,No
5718,0,0,0.007577242612510723,-5.456905841827393,-0.5819060206413269,attack,No
5719,0,0,0.02931222905542399,-3.9106955528259277,-0.41069549322128296,attack,No
5720,0,0,0.01798620890931226,-4.487916946411133,-0.48791688680648804,attack,No
5721,0,0,0.014063628696182679,-4.8372039794921875,-0.587204098701477,attack,No
5722,0,1,0.8354835330070839,-0.45455506443977356,-2.079555034637451,attack,Yes
5723,0,0,0.0035936017277175022,-5.880908012390137,-0.2559077739715576,attack,No
5724,0,0,0.3775406828054583,-1.3909735679626465,-0.8909736275672913,attack,No
5725,0,0,0.005911068681121534,-5.480355262756348,-0.35535523295402527,attack,No
5726,0,0,0.0021827165751612514,-6.650881290435791,-0.5258813500404358,attack,No
5727,0,0,0.01098694392594878,-5.139798641204834,-0.6397987604141235,attack,No
5728,0,0,0.01243164865786858,-4.859982967376709,-0.48498278856277466,attack,No
5729,0,0,0.004070136749449438,-6.0274763107299805,-0.5274760723114014,attack,No
5730,0,0,0.0534033328129234,-3.270815134048462,-0.3958151936531067,attack,No
5731,0,0,0.001700722816229541,-6.953275680541992,-0.5782759189605713,attack,no
5732,0,0,0.00192673483525908,-6.5046772956848145,-0.2546773850917816,attack,No
5733,0,0,0.0019267350071906994,-6.946328639984131,-0.6963288187980652,attack,no
5734,0,0,0.004609571905888793,-5.8531904220581055,-0.4781903624534607,attack,No
5735,0,0,0.006692852113050128,-5.52922248840332,-0.5292226672172546,attack,No
5736,0,0,0.0373268852023206,-3.853041410446167,-0.6030413508415222,attack,No
5737,0,0,0.017986206803753842,-4.537482261657715,-0.5374820828437805,attack,No
5738,0,0,0.003593603008271459,-6.261848449707031,-0.6368485689163208,attack,No
5739,0,0,0.4378234991142019,-1.3042559623718262,-1.0542559623718262,attack,No
5740,0,0,0.0017007225126338423,-6.952713489532471,-0.5777135491371155,attack,no
5741,0,0,0.002472622715588583,-6.476600646972656,-0.4766004681587219,attack,No
5742,0,0,0.0035936024747072553,-5.977334976196289,-0.3523349463939667,attack,No
5743,0,0,0.0059110695567328965,-5.559732437133789,-0.4347325563430786,attack,No
5744,0,0,0.18242552380635632,-2.0128061771392822,-0.5128061771392822,attack,No
5745,0,0,0.014063627869714051,-4.736549377441406,-0.486549437046051,attack,No
5746,0,1,0.6513548511303336,-0.7285237908363342,-1.3535237312316895,attack,Yes
5747,0,0,0.0035936024747072553,-5.942134380340576,-0.3171343505382538,attack,No
5748,0,0,0.00359360194114313,-6.152235984802246,-0.5272358059883118,attack,No
5749,0,0,0.1480472055495773,-2.341684579849243,-0.5916846394538879,attack,No
5750,0,0,0.09534946232842245,-2.6792848110198975,-0.4292847812175751,attack,No
5751,0,0,0.01098694392594878,-5.084777355194092,-0.5847774744033813,attack,No
5752,0,0,0.004070137232672753,-6.197427749633789,-0.6974276304244995,attack,no
5753,0,0,0.0009110510316404296,-7.633570671081543,-0.6335704922676086,attack,no
5754,0,0,0.0015011821673938809,-7.194930553436279,-0.6949304938316345,attack,no
5755,0,0,0.006692851716795015,-5.529910087585449,-0.5299102067947388,attack,no
5756,0,0,0.005911068856243796,-5.82362174987793,-0.6986217498779297,attack,no
5757,0,0,0.04742587587030561,-3.390266180038452,-0.3902662396430969,attack,No
5758,0,0,0.003172683408005215,-6.276593208312988,-0.5265933871269226,attack,no
5759,0,0,0.0015011820780507757,-6.81520938873291,-0.3152092695236206,attack,No
5760,0,0,0.22270013882530884,-2.014600992202759,-0.7646009922027588,attack,No
5761,0,0,0.00359360194114313,-6.203774929046631,-0.5787747502326965,attack,No
5762,0,0,0.004070138078313694,-5.707546234130859,-0.20754632353782654,attack,No
5763,0,0,0.00015843619077641338,-9.137762069702148,-0.3877618908882141,attack,No
5764,0,0,0.11920291576401235,-2.7284605503082275,-0.7284604907035828,attack,no
5765,0,0,0.0035936021545687705,-6.2050981521606445,-0.580098032951355,attack,No
5766,0,0,0.005911067455265844,-5.706368446350098,-0.5813682079315186,attack,No
5767,0,0,0.0040701368098523495,-5.684175491333008,-0.1841752678155899,attack,No
5768,0,0,0.00359360194114313,-6.2045745849609375,-0.5795744061470032,attack,No
5769,0,0,0.06754668738548215,-3.19670033454895,-0.5717002749443054,attack,No
5770,0,0,0.004609572179374208,-6.072874069213867,-0.6978740692138672,attack,no
5771,0,0,0.025957354183760273,-4.336817741394043,-0.7118176221847534,attack,no
5772,0,0,0.020332353342658753,-4.468713760375977,-0.5937137603759766,attack,No
5773,0,0,0.0015011826141094868,-6.815105438232422,-0.315105676651001,attack,No
5774,0,0,0.009708474189265195,-5.26492977142334,-0.6399295330047607,attack,No
5775,0,0,0.0024726234506656126,-6.695343017578125,-0.6953431367874146,attack,no
5776,0,0,0.008577487441202876,-5.280496597290039,-0.5304968357086182,attack,No
5777,0,0,0.0059110692064883365,-5.603880405426025,-0.47888046503067017,attack,No
5778,0,0,0.009708474189265195,-5.062384605407715,-0.43738436698913574,attack,No
5779,0,0,0.009708477054526368,-5.156996250152588,-0.5319963097572327,attack,No
5780,0,0,0.007577239923211134,-5.515283584594727,-0.6402834057807922,attack,no
5781,0,0,0.32082130082460697,-1.5343437194824219,-0.7843437194824219,attack,No
5782,0,0,0.13296424019782924,-2.6064231395721436,-0.7314231395721436,attack,No
5783,0,0,0.008577486934330109,-5.333345890045166,-0.5833460688591003,attack,no
5784,0,0,0.1480471829959148,-2.503725051879883,-0.7537249326705933,attack,No
5785,0,0,0.005220124610240159,-5.684743881225586,-0.4347436726093292,attack,No
5786,0,0,0.002472623524173327,-6.476676940917969,-0.4766770899295807,attack,No
5787,0,0,0.24508501313237172,-1.9066500663757324,-0.7816500663757324,attack,No
5788,0,0,0.2689414213699951,-1.6931958198547363,-0.6931958198547363,attack,No
5789,0,0,0.0019267347779485435,-6.82775354385376,-0.5777536034584045,attack,No
5790,0,0,0.0015011824354232285,-7.077707290649414,-0.5777074098587036,attack,no
5791,0,0,0.0028009274665629583,-6.453840732574463,-0.5788409113883972,attack,No
5792,0,0,0.015906394510857135,-4.5675811767578125,-0.4425813555717468,attack,No
5793,0,0,0.009708475335369565,-4.983516216278076,-0.3585160970687866,attack,No
5794,0,0,0.05340333582602272,-3.5466856956481934,-0.6716858148574829,attack,no
5795,0,0,0.0021827163155291175,-6.650601863861084,-0.5256018042564392,attack,no
5796,0,0,0.46879061178313897,-1.0665843486785889,-0.9415842890739441,attack,No
5797,0,0,0.001501182301408549,-6.890611171722412,-0.3906112015247345,attack,No
5798,0,0,0.0024726234506656126,-6.525722026824951,-0.5257221460342407,attack,No
5799,0,0,0.014063627043245474,-4.893518447875977,-0.6435184478759766,attack,No
5800,0,0,0.0046095728630878175,-5.728874683380127,-0.3538748323917389,attack,No
5801,0,0,0.009708475335369565,-5.155805587768555,-0.5308054685592651,attack,No
5802,0,0,0.06008665017400762,-3.2731895446777344,-0.5231895446777344,attack,No
5803,0,0,0.005911067805510302,-5.652857303619385,-0.5278571248054504,attack,No
5804,0,0,0.007577241940185738,-5.356114864349365,-0.4811149537563324,attack,No
5805,0,0,0.014063628696182679,-4.739328861236572,-0.4893289804458618,attack,No
5806,0,0,0.006692852509305267,-5.3560895919799805,-0.35608983039855957,attack,No
5807,0,0,0.008577486427457372,-5.38947057723999,-0.6394706964492798,attack,no
5808,0,0,0.004070136749449438,-6.135855674743652,-0.6358554363250732,attack,no
5809,0,0,0.005220126003077935,-5.684195041656494,-0.4341951012611389,attack,No
5810,0,0,0.020332355717182622,-4.583247184753418,-0.7082473039627075,attack,no
5811,0,0,0.012431651584958318,-4.9601945877075195,-0.5851946473121643,attack,No
5812,0,0,0.32082130082460697,-1.5010745525360107,-0.7510745525360107,attack,No
5813,0,0,0.005911069906977476,-5.706037998199463,-0.5810381770133972,attack,No
5814,0,0,0.001926734204843272,-6.776237487792969,-0.5262372493743896,attack,No
5815,0,0,0.09534947004048376,-2.8972885608673096,-0.6472886204719543,attack,No
5816,0,0,0.005220126467357275,-5.684683322906494,-0.4346834719181061,attack,No
5817,0,0,0.0046095724528596406,-5.955321311950684,-0.5803213715553284,attack,No
5818,0,0,0.006692851716795015,-5.582286834716797,-0.5822869539260864,attack,No
5819,0,0,0.025957354937269386,-3.8750452995300293,-0.25004521012306213,attack,No
5820,0,0,0.015906394044350028,-4.612756252288818,-0.4877564013004303,attack,No
5821,0,0,0.0001233946054021645,-9.313509941101074,-0.3135101795196533,attack,No
5822,0,0,0.0035936034351228795,-6.1044511795043945,-0.47945141792297363,attack,No
5823,0,0,0.0159063898457867,-4.5676589012146,-0.44265878200531006,attack,No
5824,0,1,0.7772998611746911,-0.5236622095108032,-1.7736622095108032,attack,Yes
5825,0,0,0.0159063879797589,-4.6594085693359375,-0.5344083309173584,attack,No
5826,0,0,0.053403329799824234,-3.5518851280212402,-0.6768851280212402,attack,no
5827,0,0,0.0015011826141094868,-7.077665328979492,-0.5776655673980713,attack,No
5828,0,0,0.004070138319925425,-5.978843688964844,-0.4788438379764557,attack,No
5829,0,0,0.0075772408196442265,-5.404778003692627,-0.5297779440879822,attack,No
5830,0,0,0.008577486934330109,-5.186230182647705,-0.4362303614616394,attack,No
5831,0,0,0.004070138199119559,-6.02774715423584,-0.5277472734451294,attack,No
5832,0,0,0.0021827165751612514,-6.703484058380127,-0.5784841179847717,attack,No
5833,0,0,0.06754669489377622,-3.1501946449279785,-0.5251947045326233,attack,No
5834,0,0,0.0031726828424851893,-6.277050971984863,-0.5270509719848633,attack,No
5835,0,0,0.022977364557669702,-4.290574073791504,-0.5405738353729248,attack,No
5836,0,0,0.002472622862603971,-6.389373779296875,-0.38937366008758545,attack,no
5837,0,0,0.0035936022612815957,-6.01617431640625,-0.39117422699928284,attack,No
5838,0,0,0.0059110692064883365,-5.764153480529785,-0.6391535401344299,attack,No
5839,0,0,0.08509904964767095,-2.9218897819519043,-0.5468898415565491,attack,no
5840,0,0,0.03732688627322502,-3.6672699451446533,-0.41726991534233093,attack,No
5841,0,0,0.005911068155754778,-5.604296684265137,-0.47929656505584717,attack,No
5842,0,0,0.11920292202211755,-2.5324153900146484,-0.5324153900146484,attack,No
5843,0,0,0.0015011822567369915,-7.02548885345459,-0.5254888534545898,attack,No
5844,0,0,0.020332348593611837,-4.5832366943359375,-0.7082364559173584,attack,no
5845,0,0,0.005220124764999895,-5.684898376464844,-0.4348981976509094,attack,No
5846,0,0,0.0675466911396291,-3.196070909500122,-0.5710709095001221,attack,No
5847,0,0,0.003593602901558612,-6.0153374671936035,-0.3903375566005707,attack,No
5848,0,0,0.0021827165751612514,-6.556249141693115,-0.43124920129776,attack,No
5849,0,0,0.0015011823460801075,-7.194942951202393,-0.6949430108070374,attack,no
5850,0,0,0.004070137715896127,-6.029008388519287,-0.5290083885192871,attack,No
5851,0,0,0.005911068856243796,-5.478641510009766,-0.3536415100097656,attack,No
5852,0,0,0.022977364557669702,-4.399001121520996,-0.649000883102417,attack,No
5853,0,0,0.0031726826539785367,-6.328736305236816,-0.5787362456321716,attack,no
5854,0,0,0.00359360311498431,-6.057661056518555,-0.4326612055301666,attack,No
5855,0,0,0.004609571358918011,-5.7281012535095215,-0.35310107469558716,attack,No
5856,0,0,0.20181320305759334,-2.2242960929870605,-0.849295973777771,attack,no
5857,0,0,0.006692849537392301,-5.436385631561279,-0.4363854229450226,attack,No
5858,0,0,0.02297736857193652,-4.118494033813477,-0.3684939742088318,attack,No
5859,0,0,0.005911067455265844,-5.653570175170898,-0.5285699367523193,attack,No
5860,0,0,0.009708475908421797,-5.109004497528076,-0.4840044379234314,attack,No
5861,0,0,0.0019267345487064141,-6.600637435913086,-0.35063737630844116,attack,No
5862,0,0,0.00192673483525908,-6.565838813781738,-0.31583890318870544,attack,No
5863,0,0,0.03308597648187432,-3.8307595252990723,-0.4557594656944275,attack,No
5864,0,0,0.0028009268838806506,-6.265769958496094,-0.39076992869377136,attack,no
5865,0,0,0.014063628696182679,-4.690807819366455,-0.44080793857574463,attack,No
5866,0,0,0.0019267343767748358,-6.726573467254639,-0.47657331824302673,attack,No
5867,0,0,0.005911068155754778,-5.705620765686035,-0.5806206464767456,attack,No
5868,0,0,0.020332356904444657,-4.319659233093262,-0.44465941190719604,attack,No
5869,0,0,0.025957356444287677,-4.079317092895508,-0.4543170630931854,attack,No
5870,0,0,0.025957360965343058,-4.033746242523193,-0.4087463915348053,attack,No
5871,0,0,0.0019267347206380085,-6.639210224151611,-0.3892102539539337,attack,No
5872,0,0,0.008577485920584663,-5.3340959548950195,-0.5840960144996643,attack,no
5873,0,0,0.005220125693558397,-5.641531944274902,-0.39153194427490234,attack,No
5874,0,0,0.0046095724528596406,-5.955351829528809,-0.5803518891334534,attack,No
5875,0,0,0.0035936023679944244,-6.204068660736084,-0.5790686011314392,attack,no
5876,0,0,0.01798621101487092,-4.53630256652832,-0.5363026261329651,attack,No
5877,0,0,0.11920290950590741,-2.7773070335388184,-0.7773069143295288,attack,no
5878,0,0,0.014063627043245474,-4.611538410186768,-0.3615384101867676,attack,No
5879,0,0,0.004609572726345088,-6.011890411376953,-0.6368905305862427,attack,no
5880,0,0,0.005911070082099775,-5.559298515319824,-0.43429872393608093,attack,No
5881,0,0,0.002182716380437148,-6.476680278778076,-0.3516802489757538,attack,No
5882,0,0,0.003172683219498529,-6.328890323638916,-0.5788904428482056,attack,No
5883,0,0,0.01798621259404007,-4.403548240661621,-0.40354838967323303,attack,No
5884,0,0,0.0010322308523680697,-7.263701915740967,-0.38870173692703247,attack,No
5885,0,0,0.008577485413711986,-5.334211826324463,-0.5842118263244629,attack,no
5886,0,0,0.0024726225685732036,-6.5257568359375,-0.5257565975189209,attack,No
5887,0,0,0.017986209962091555,-4.53678560256958,-0.5367856025695801,attack,No
5888,0,0,0.006692849735519792,-5.581636428833008,-0.5816362500190735,attack,No
5889,0,0,0.0015011823460801075,-6.754307746887207,-0.2543078064918518,attack,No
5890,0,0,0.01243165304850344,-5.077104091644287,-0.7021042704582214,attack,no
5891,0,0,0.010986944573626636,-4.794088363647461,-0.29408854246139526,attack,No
5892,0,0,0.18242553269617778,-2.0136806964874268,-0.5136807560920715,attack,No
5893,0,0,0.0011695105435624257,-7.444361686706543,-0.6943619251251221,attack,no
5894,0,1,0.6513548782017746,-0.851989209651947,-1.4769892692565918,attack,Yes
5895,0,0,0.007577241267860811,-5.456289768218994,-0.5812897682189941,attack,No
5896,0,0,0.0046095710854326425,-5.8537445068359375,-0.4787442684173584,attack,No
5897,0,0,0.09534945461636171,-2.952190399169922,-0.7021902799606323,attack,No
5898,0,0,0.0013250224172131609,-7.013546943664551,-0.3885469436645508,attack,No
5899,0,0,0.002800926967120973,-6.2646284103393555,-0.38962841033935547,attack,No
5900,0,0,0.0021827165751612514,-6.650562286376953,-0.5255623459815979,attack,No
5901,0,0,0.0011695101258020842,-7.138510704040527,-0.3885105848312378,attack,No
5902,0,0,0.01098694263059318,-5.032756328582764,-0.5327563285827637,attack,No
5903,0,0,0.32082130082460697,-1.729516625404358,-0.9795166254043579,attack,no
5904,0,0,0.0046095724528596406,-6.012407302856445,-0.6374073624610901,attack,No
5905,0,0,0.002472623303650189,-6.478600978851318,-0.47860103845596313,attack,No
5906,0,0,0.0024726235976810437,-6.69512939453125,-0.6951295733451843,attack,no
5907,0,0,0.020332356310813628,-4.367930889129639,-0.4929310381412506,attack,No
5908,0,0,0.0010322311596793377,-7.508761405944824,-0.6337615251541138,attack,No
5909,0,0,0.08509904964767095,-2.9179131984710693,-0.5429132580757141,attack,No
5910,0,0,0.004609572999830552,-5.9026780128479,-0.5276781916618347,attack,no
5911,0,0,0.04742587721667508,-3.3562684059143066,-0.3562684953212738,attack,No
5912,0,0,0.01590639357784294,-4.713307857513428,-0.5883079767227173,attack,No
5913,0,0,0.0015011825247663551,-7.025942325592041,-0.5259425044059753,attack,No
5914,0,0,0.008577486174021013,-5.04149055480957,-0.2914906442165375,attack,No
5915,0,0,0.002800926384438769,-6.227538108825684,-0.3525379002094269,attack,No
5916,0,0,0.0028009270503612984,-6.26612663269043,-0.3911266624927521,attack,No
5917,0,0,0.006692851122412387,-5.436407566070557,-0.43640759587287903,attack,No
5918,0,0,0.20181322226037882,-1.9836769104003906,-0.6086769104003906,attack,No
5919,0,0,0.0019267346633274755,-6.68077278137207,-0.4307727813720703,attack,No
5920,0,0,0.00359360194114313,-6.103109359741211,-0.4781091809272766,attack,No
5921,0,0,0.020332356904444657,-4.364444732666016,-0.48944491147994995,attack,No
5922,0,0,0.006692850131774789,-5.393072605133057,-0.3930724859237671,attack,No
5923,0,0,0.0019267350071906994,-6.680935382843018,-0.4309355616569519,attack,No
5924,0,0,0.07585818002124356,-3.1395461559295654,-0.6395461559295654,attack,No
5925,0,0,0.16451647108926923,-2.197153091430664,-0.5721531510353088,attack,No
5926,0,0,0.005220126622117065,-5.830624103546143,-0.5806242823600769,attack,No
5927,0,0,0.004609571632403393,-6.01145601272583,-0.6364558935165405,attack,No
5928,0,0,0.004070137957507836,-6.078951835632324,-0.578951895236969,attack,No
5929,0,0,0.004070137353478592,-5.817898273468018,-0.3178981840610504,attack,No
5930,0,0,0.00669285052802981,-5.698953151702881,-0.6989530920982361,attack,no
5931,0,0,0.0035936024747072553,-5.977599620819092,-0.3525995910167694,attack,No
5932,0,0,0.0015011825247663551,-7.134918689727783,-0.6349188685417175,attack,no
5933,0,0,0.004609572316116922,-5.766239166259766,-0.391239196062088,attack,No
5934,0,0,0.003593603221697163,-6.057529926300049,-0.43253010511398315,attack,No
5935,0,0,0.0028009273000822866,-6.400826930999756,-0.5258270502090454,attack,No
5936,0,0,0.003593603221697163,-6.103106498718262,-0.47810667753219604,attack,No
5937,0,0,0.0028009264676790765,-6.401538372039795,-0.5265381932258606,attack,no
5938,0,0,0.04208773272170267,-3.589017868041992,-0.46401798725128174,attack,No
5939,0,0,0.004609572179374208,-5.853487014770508,-0.4784870147705078,attack,No
5940,0,0,0.007577241716077422,-5.574422359466553,-0.6994224190711975,attack,no
5941,0,0,0.02931222820745785,-3.8745880126953125,-0.37458792328834534,attack,No
5942,0,0,0.010986940687560063,-4.940563678741455,-0.44056349992752075,attack,No
5943,0,0,0.029312229903390143,-3.912522315979004,-0.4125222861766815,attack,No
5944,0,0,0.07585817584273653,-3.1993677616119385,-0.6993677020072937,attack,no
5945,0,0,0.13296425394084313,-2.655735492706299,-0.7807356119155884,attack,no
5946,0,0,0.0059110692064883365,-5.82356595993042,-0.6985660195350647,attack,no
5947,0,0,0.0059110695567328965,-5.706482887268066,-0.581483006477356,attack,no
5948,0,0,0.1329642264548166,-2.557758331298828,-0.6827582120895386,attack,No
5949,0,0,0.04742587452393617,-3.3896243572235107,-0.38962438702583313,attack,No
5950,0,0,0.0046095724528596406,-6.012101650238037,-0.6371017098426819,attack,No
5951,0,0,0.009708475335369565,-5.209042072296143,-0.584041953086853,attack,No
5952,0,0,0.0953494648991095,-2.8981103897094727,-0.6481103897094727,attack,No
5953,0,0,0.0474258704848281,-3.5104970932006836,-0.5104970335960388,attack,No
5954,0,0,0.0007096704836398597,-7.883838176727295,-0.6338382959365845,attack,no
5955,0,0,0.01243165231673086,-5.077173233032227,-0.7021733522415161,attack,no
5956,0,0,0.004609573273316032,-5.902952194213867,-0.5279524326324463,attack,No
5957,0,0,0.025957354183760273,-4.336734771728516,-0.7117346525192261,attack,no
5958,0,0,0.0019267343767748358,-6.638833045959473,-0.3888328969478607,attack,No
5959,0,0,0.005911068155754778,-5.558766841888428,-0.4337667226791382,attack,No
5960,0,0,0.006692850131774789,-5.4340314865112305,-0.4340313673019409,attack,No
5961,0,0,0.0046095718375174415,-5.605371952056885,-0.2303718775510788,attack,No
5962,0,0,0.005220125384038879,-5.7314133644104,-0.4814133048057556,attack,No
5963,0,0,0.00669285052802981,-5.6383209228515625,-0.6383208632469177,attack,no
5964,0,0,0.01406362952265135,-4.577173709869385,-0.3271738886833191,attack,No
5965,0,1,0.9046505402422645,-0.31449073553085327,-2.564490795135498,attack,Yes
5966,0,0,0.01243165231673086,-4.772865295410156,-0.3978654146194458,attack,No
5967,0,0,0.008577486174021013,-5.1452555656433105,-0.3952556550502777,attack,No
5968,0,0,0.00359360194114313,-6.151697635650635,-0.5266974568367004,attack,no
5969,0,0,0.014063625390308462,-4.837047100067139,-0.5870469808578491,attack,No
5970,0,0,0.0046095724528596406,-5.632154941558838,-0.25715500116348267,attack,No
5971,0,0,0.006692851122412387,-5.436314105987549,-0.4363141357898712,attack,No
5972,0,1,0.8175744761936437,-0.4109945297241211,-1.910994529724121,attack,Yes
5973,0,0,0.0046095724528596406,-5.730225563049316,-0.3552256226539612,attack,No
5974,0,0,0.008577485413711986,-5.334251403808594,-0.5842514038085938,attack,No
5975,0,0,0.06008664344151498,-3.425839900970459,-0.6758397817611694,attack,no
5976,0,0,0.006692850329902297,-5.435453414916992,-0.435453325510025,attack,No
5977,0,0,0.002472622715588583,-6.4317803382873535,-0.4317801594734192,attack,No
5978,0,0,0.0075772408196442265,-5.355440139770508,-0.48044008016586304,attack,No
5979,0,0,0.002800926967120973,-6.510522365570068,-0.6355223655700684,attack,No
5980,0,0,0.007577242612510723,-5.458378791809082,-0.5833789706230164,attack,no
5981,0,0,0.07585817166422973,-3.093550205230713,-0.5935500860214233,attack,no
5982,0,0,0.01098694263059318,-5.084712028503418,-0.584712028503418,attack,No
5983,0,0,0.009708477914104884,-5.062849521636963,-0.43784967064857483,attack,No
5984,0,0,0.010986944573626636,-5.084909915924072,-0.5849100947380066,attack,no
5985,0,0,0.007577241491969114,-5.35588264465332,-0.4808826744556427,attack,No
5986,0,0,0.01243164902375476,-4.814273357391357,-0.4392732083797455,attack,No
5987,0,0,0.007577242164294059,-5.107459545135498,-0.2324596643447876,attack,No
5988,0,0,0.13296424706933604,-2.6592326164245605,-0.7842326760292053,attack,no
5989,0,0,0.01590639077880068,-4.612674713134766,-0.48767465353012085,attack,No
5990,0,0,0.006692849339264817,-5.436205863952637,-0.4362056255340576,attack,No
5991,0,0,0.010986941982915435,-5.084942817687988,-0.5849427580833435,attack,No
5992,0,0,0.03308598029553404,-3.752492666244507,-0.3774927258491516,attack,No
5993,0,0,0.004609571358918011,-6.011678218841553,-0.6366780400276184,attack,no
5994,0,0,0.007577241716077422,-5.513599872589111,-0.6385999321937561,attack,No
5995,0,0,0.004070137715896127,-6.137341022491455,-0.6373410224914551,attack,no
5996,0,0,0.0011695100561753752,-7.383738994598389,-0.6337388157844543,attack,No
5997,0,0,0.002182715926080975,-6.8206281661987305,-0.6956279277801514,attack,no
5998,0,0,0.0021827168347934166,-6.601902484893799,-0.47690266370773315,attack,no
5999,0,0,0.0040701369910610885,-6.079526424407959,-0.5795262455940247,attack,no
