idx,y_true,y_pred,p_yes,lp_yes,lp_no,mode,raw_text
0,1,0,0.000804085990907036,-7.126026630401611,-0.0010266992030665278,attack,no
1,1,0,0.014063628011763342,-4.265164375305176,-0.015164445154368877,attack,no
2,1,0,0.037326889084349245,-3.288862705230713,-0.03886275365948677,attack,no
3,1,0,0.20181322226037882,-1.6028646230697632,-0.22786462306976318,attack,no
4,1,0,0.025957358045494698,-3.656282663345337,-0.0312826968729496,attack,no
5,1,0,0.009708474207173075,-4.636124610900879,-0.011124374344944954,attack,no
6,1,0,0.00247262305154173,-6.003176212310791,-0.003176169702783227,attack,no
7,1,0,0.24508501313237172,-1.4160082340240479,-0.29100823402404785,attack,no
8,1,0,0.005911068938332358,-5.133157730102539,-0.008157744072377682,attack,no
9,1,0,0.1480471980316895,-1.9202754497528076,-0.17027544975280762,attack,no
10,1,0,0.0004305571689026754,-7.751011371612549,-0.0010115751065313816,attack,no
11,1,0,0.32082130731838393,-1.14053213596344,-0.39053216576576233,attack,no
12,1,0,0.0015011824200673793,-6.502017498016357,-0.002017606981098652,attack,no
13,1,0,0.01590639077880068,-4.142897129058838,-0.017897069454193115,attack,no
14,1,0,0.1329642264548166,-2.0201897621154785,-0.14518964290618896,attack,no
15,1,0,0.029312230062383798,-3.5312395095825195,-0.03123948536813259,attack,no
16,1,0,0.10669060388702058,-2.2419614791870117,-0.11696158349514008,attack,no
17,1,0,0.009708476956033003,-4.636842727661133,-0.011842777021229267,attack,no
18,1,0,0.07585817218654307,-2.586313009262085,-0.08631289750337601,attack,no
19,1,0,0.06754668691621381,-2.7011685371398926,-0.0761684700846672,attack,no
20,1,0,0.13296424019782924,-2.020658016204834,-0.14565801620483398,attack,no
21,1,0,0.005911067676904911,-5.132767200469971,-0.0077669997699558735,attack,no
22,1,0,0.11920292984474948,-2.130470037460327,-0.13047011196613312,attack,no
23,1,0,0.004609571470021445,-5.381039619445801,-0.006039464846253395,attack,no
24,1,0,0.0075772403154006,-4.88426399230957,-0.009263865649700165,attack,no
25,1,0,0.0008040858366716935,-7.127129554748535,-0.0021294315811246634,attack,no
26,1,0,0.01098694192219565,-4.512418746948242,-0.012418681755661964,attack,no
27,1,0,0.14804720179063335,-1.9125078916549683,-0.16250792145729065,attack,no
28,1,0,0.0008040858580906689,-7.126605033874512,-0.0016049373662099242,attack,no
29,1,0,0.20181322226037882,-1.6030136346817017,-0.22801363468170166,attack,no
30,1,0,0.07585817270885642,-2.582481861114502,-0.0824817568063736,attack,no
31,1,0,0.025957354513420506,-3.653149366378784,-0.028149260208010674,attack,no
32,1,0,0.00012339455763718546,-9.000545501708984,-0.0005453529884107411,attack,no
33,1,0,0.003593603121653863,-5.629698276519775,-0.004698427394032478,attack,no
34,1,0,0.10669058755477132,-2.239682674407959,-0.11468260735273361,attack,no
35,1,0,0.053403325280175794,-2.939910411834717,-0.06491032242774963,attack,no
36,1,0,0.0011695102777025557,-6.751946926116943,-0.0019469369435682893,attack,no
37,1,0,0.02931223212930141,-3.5315027236938477,-0.031502772122621536,attack,no
38,1,0,0.004609572724208483,-5.382233619689941,-0.00723373843356967,attack,no
39,1,0,0.000626334279728166,-7.376020431518555,-0.0010206258157268167,attack,no
40,1,0,0.2942149597859341,-1.2279539108276367,-0.35295385122299194,attack,no
41,1,0,0.1192029188930649,-2.1344046592712402,-0.13440462946891785,attack,no
42,1,0,0.04208772596314743,-3.1691477298736572,-0.04414768144488335,attack,no
43,1,0,0.0015011819771907923,-6.50251579284668,-0.0025156063493341208,attack,no
44,1,0,0.008577486847211354,-4.759597301483154,-0.009597470052540302,attack,no
45,1,0,0.009708475317461683,-4.635767459869385,-0.010767338797450066,attack,no
46,1,0,0.025957358940286904,-3.6530845165252686,-0.028084585443139076,attack,no
47,1,0,0.03308597517092889,-3.4107396602630615,-0.035739559680223465,attack,no
48,1,0,0.006692850754019013,-5.007463455200195,-0.007463429588824511,attack,no
49,1,0,0.0006263342446780636,-7.37653112411499,-0.0015312624163925648,attack,no
50,1,0,0.0017007221924353116,-6.377540111541748,-0.0025399825535714626,attack,no
51,1,0,0.24508500210441886,-1.41314697265625,-0.2881469130516052,attack,no
52,1,0,0.012431649012320817,-4.388935089111328,-0.013934939168393612,attack,no
53,1,0,0.00048785720356076955,-7.6260480880737305,-0.0010482537327334285,attack,no
54,1,0,0.0850990357257195,-2.4755778312683105,-0.100577712059021,attack,no
55,1,0,0.0015011822654619048,-6.502068042755127,-0.0020680485758930445,attack,no
56,1,0,0.0009110512851055699,-7.001770973205566,-0.00177107285708189,attack,no
57,1,0,0.08509903746596333,-2.47011661529541,-0.0951165184378624,attack,no
58,1,0,0.1480472036701053,-1.9124342203140259,-0.16243426501750946,attack,no
59,1,0,0.22270014398423357,-1.510866641998291,-0.2608666718006134,attack,no
60,1,0,0.08509904674726423,-2.4672815799713135,-0.09228160232305527,attack,no
61,1,0,0.26894141551050293,-1.3266342878341675,-0.3266342580318451,attack,no
62,1,0,0.029312227783474795,-3.5334994792938232,-0.033499374985694885,attack,no
63,1,0,0.010986940697680025,-4.513159275054932,-0.013159097172319889,attack,no
64,1,0,0.0008040859683656652,-7.126593589782715,-0.0015936305280774832,attack,no
65,1,0,0.0758581763650499,-2.580664873123169,-0.08066482096910477,attack,no
66,1,0,0.37754066879814546,-0.978543758392334,-0.478543758392334,attack,no
67,1,0,0.1329642419157059,-2.022900342941284,-0.14790035784244537,attack,no
68,1,0,0.24508501864634827,-1.4095356464385986,-0.284535676240921,attack,no
69,1,0,0.003172682338082647,-5.753821849822998,-0.003821690334007144,attack,no
70,1,0,0.010986943096111581,-4.512823104858398,-0.01282314769923687,attack,no
71,1,0,0.10669059252545564,-2.242371082305908,-0.11737106740474701,attack,no
72,1,0,0.0015011824396111877,-6.502235412597656,-0.0022355346009135246,attack,no
73,1,0,0.0003353502180816585,-8.000656127929688,-0.0006563892820850015,attack,no
74,1,0,0.004609573181442002,-5.380479335784912,-0.005479554180055857,attack,no
75,1,0,0.0035936022062577947,-5.629049777984619,-0.004049673210829496,attack,no
76,1,0,0.00023050674191317465,-8.375551223754883,-0.000551310193259269,attack,no
77,1,0,0.042087727465048505,-3.172480583190918,-0.04748057201504707,attack,no
78,1,0,0.10669058471438037,-2.242501974105835,-0.1175018772482872,attack,no
79,1,0,0.007577240399441201,-4.885247707366943,-0.010247591882944107,attack,no
80,1,0,0.11920292202211755,-2.130121946334839,-0.13012194633483887,attack,no
81,1,0,0.037326884399142314,-3.2896993160247803,-0.03969923406839371,attack,no
82,1,0,0.05340332678672523,-2.931840419769287,-0.056840360164642334,attack,no
83,1,0,0.0017007223375129102,-6.377308368682861,-0.002308325143530965,attack,no
84,1,0,0.0004305571252889995,-7.750865459442139,-0.000865561596583575,attack,no
85,1,0,0.18242552602881168,-1.70335853099823,-0.20335854589939117,attack,no
86,1,0,0.00037998444179017404,-7.875789165496826,-0.0007889734115451574,attack,no
87,1,0,0.18242552825126704,-1.7038224935531616,-0.203822523355484,attack,no
88,1,0,0.14804719991116141,-1.914299726486206,-0.16429974138736725,attack,no
89,1,0,0.13296425050508953,-2.020873785018921,-0.14587387442588806,attack,no
90,1,0,0.0019267347430249357,-6.2522711753845215,-0.0022712168283760548,attack,no
91,1,0,0.29421496597446145,-1.2300208806991577,-0.3550208508968353,attack,no
92,1,0,0.0075772401963430805,-4.88413667678833,-0.009136534295976162,attack,no
93,1,0,0.1329642384799526,-2.02296781539917,-0.14796780049800873,attack,no
94,1,0,0.06754668785475053,-2.6957802772521973,-0.07078022509813309,attack,no
95,1,0,0.003172683457340951,-5.753727912902832,-0.0037281073164194822,attack,no
96,1,0,0.014063624989987807,-4.264823913574219,-0.014823765493929386,attack,no
97,1,0,0.0021827163921003105,-6.128170490264893,-0.0031704658176749945,attack,no
98,1,0,0.01590638806722895,-4.1424455642700195,-0.017445331439375877,attack,no
99,1,0,0.012431651482052808,-4.388697624206543,-0.013697675429284573,attack,no
100,1,0,0.0009110511311403236,-7.0012526512146,-0.0012525817146524787,attack,no
101,1,0,0.02931223106934364,-3.5314741134643555,-0.031474124640226364,attack,no
102,1,0,0.22270013882530884,-1.5089054107666016,-0.25890541076660156,attack,no
103,1,0,0.0013250222138691268,-6.6279401779174805,-0.002940024249255657,attack,no
104,1,0,0.004609571106798687,-5.380343437194824,-0.00534320343285799,attack,no
105,1,0,0.0953494732538428,-2.357168674468994,-0.1071687713265419,attack,no
106,1,0,0.017986208514520034,-4.019036769866943,-0.019036687910556793,attack,no
107,1,0,0.015906392965552404,-4.142941951751709,-0.0179420318454504,attack,no
108,1,0,0.025957359646701823,-3.652003526687622,-0.02700362354516983,attack,no
109,1,0,0.0850990542883219,-2.465697765350342,-0.09069788455963135,attack,no
110,1,0,0.0758581763650499,-2.581836700439453,-0.08183664828538895,attack,no
111,1,0,0.0003799845883989668,-7.875751972198486,-0.0007521660882048309,attack,no
112,1,0,0.01798621025818575,-4.018693447113037,-0.018693463876843452,attack,no
113,1,0,0.006692851221476155,-5.008757591247559,-0.008757635951042175,attack,no
114,1,0,0.022977369408242194,-3.775097608566284,-0.02509758621454239,attack,no
115,1,0,0.13296423504419938,-2.0221831798553467,-0.1471831351518631,attack,no
116,1,0,0.010986941365597622,-4.5117058753967285,-0.011705758981406689,attack,no
117,1,0,0.003172683418314175,-5.753500938415527,-0.003501120489090681,attack,no
118,1,0,0.2018132174596823,-1.605909824371338,-0.2309097945690155,attack,no
119,1,0,0.26894141551050293,-1.3191686868667603,-0.31916865706443787,attack,no
120,1,0,0.003172683524349191,-5.753969669342041,-0.003969884943217039,attack,no
121,1,0,0.14804719239327382,-1.9155056476593018,-0.16550560295581818,attack,no
122,1,0,0.05340332697504391,-2.9364027976989746,-0.06140274181962013,attack,no
123,1,0,0.3486451285660856,-1.0583046674728394,-0.43330463767051697,attack,no
124,1,0,0.07585818785594478,-2.5812199115753174,-0.08122002333402634,attack,no
125,1,0,0.09534946232842245,-2.3530702590942383,-0.1030702292919159,attack,no
126,1,0,0.00033535001621553666,-8.000959396362305,-0.0009590555564500391,attack,no
127,1,0,0.10669059181535785,-2.2410993576049805,-0.11609933525323868,attack,no
128,1,0,0.015906392790612255,-4.14258337020874,-0.017583439126610756,attack,no
129,1,0,0.13296424706933604,-2.0198981761932373,-0.14489823579788208,attack,no
130,1,0,0.06754668410060376,-2.700387716293335,-0.07538760453462601,attack,no
131,1,0,0.22270013366638422,-1.5077913999557495,-0.2577913701534271,attack,no
132,1,0,0.005911068489581566,-5.131218433380127,-0.006218370981514454,attack,no
133,1,0,0.09534947261117097,-2.352372646331787,-0.10237273573875427,attack,no
134,1,0,0.02931223106934364,-3.533902883529663,-0.03390289470553398,attack,no
135,1,0,0.16451645675203383,-1.8204565048217773,-0.19545646011829376,attack,no
136,1,0,0.010986944786145942,-4.512539863586426,-0.012540061958134174,attack,no
137,1,0,0.012431651916542745,-4.387966632843018,-0.012966719456017017,attack,no
138,1,0,0.001501181966720898,-6.50199031829834,-0.0019901248160749674,attack,no
139,1,0,0.0019267350846494807,-6.25239896774292,-0.0023991868365556,attack,no
140,1,0,0.2942149783515162,-1.2291630506515503,-0.3541630804538727,attack,no
141,1,0,0.02931222746548751,-3.531789779663086,-0.031789664179086685,attack,no
142,1,0,0.0009110510473230532,-7.00132417678833,-0.0013240152038633823,attack,no
143,1,0,0.0040701376573807945,-5.505025863647461,-0.005025849211961031,attack,no
144,1,0,0.020332352897435558,-3.89672589302063,-0.021725870668888092,attack,no
145,1,0,0.16451645675203383,-1.8093770742416382,-0.1843770295381546,attack,no
146,1,0,0.07585818315512395,-2.582690477371216,-0.0826905220746994,attack,no
147,1,0,0.03308597493257518,-3.4138216972351074,-0.038821589201688766,attack,no
148,1,0,0.04742587486052853,-3.0510807037353516,-0.05108074098825455,attack,no
149,1,0,0.020332351339154453,-3.897212505340576,-0.022212404757738113,attack,no
150,1,0,0.01590638975831664,-4.142986297607422,-0.017986172810196877,attack,no
151,1,0,0.08509904500702024,-2.467046022415161,-0.09204602241516113,attack,no
152,1,0,0.06008664554541885,-2.815706968307495,-0.06570688635110855,attack,no
153,1,0,0.00669284974790276,-5.0087151527404785,-0.008714975789189339,attack,no
154,1,0,0.3208212878370535,-1.1596183776855469,-0.4096183180809021,attack,no
155,1,0,0.00359360320502328,-5.629268646240234,-0.004268820397555828,attack,no
156,1,0,0.2018132270610754,-1.6087193489074707,-0.2337193787097931,attack,no
157,1,0,0.025957358186777676,-3.65325665473938,-0.028256693854928017,attack,no
158,1,0,0.14804719239327382,-1.9178214073181152,-0.16782136261463165,attack,no
159,1,0,0.10669059749614017,-2.240037202835083,-0.11503724008798599,attack,no
160,1,0,0.029312233030265537,-3.530968189239502,-0.03096826933324337,attack,no
161,1,0,0.16451646699291617,-1.8096942901611328,-0.1846943199634552,attack,no
162,1,0,0.008577483433740872,-4.7602128982543945,-0.010212665423750877,attack,no
163,1,0,0.14804719991116141,-1.9172916412353516,-0.16729165613651276,attack,no
164,1,0,0.00037998442445624726,-7.877760887145996,-0.002760649425908923,attack,no
165,1,0,0.006692850175115181,-5.008011817932129,-0.008011705242097378,attack,no
166,1,0,0.18242552602881168,-1.7088886499404907,-0.20888866484165192,attack,no
167,1,0,0.1480471961522176,-1.9176357984542847,-0.16763578355312347,attack,no
168,1,0,0.1480471980316895,-1.9151121377944946,-0.16511213779449463,attack,no
169,1,0,0.06008665438181589,-2.815014362335205,-0.06501443684101105,attack,no
170,1,0,0.06754669677084987,-2.7011241912841797,-0.07612428069114685,attack,no
171,1,0,0.008577485611709122,-4.759916305541992,-0.009916328825056553,attack,no
172,1,0,0.03732688587163585,-3.2912282943725586,-0.04122825339436531,attack,no
173,1,0,0.010986945170704697,-4.5131096839904785,-0.013109917752444744,attack,no
174,1,0,0.04208773212094217,-3.169945001602173,-0.04494510591030121,attack,no
175,1,0,0.0675466845698721,-2.6991329193115234,-0.07413281500339508,attack,no
176,1,0,0.1329642436335826,-2.0257368087768555,-0.15073683857917786,attack,no
177,1,0,0.00407013675322462,-5.5048298835754395,-0.004829646088182926,attack,no
178,1,0,0.007577242059243283,-4.8832478523254395,-0.008247957564890385,attack,no
179,1,0,0.0017007225023558635,-6.377158164978027,-0.002158218529075384,attack,no
180,1,0,0.06008664554541885,-2.8149707317352295,-0.06497064977884293,attack,no
181,1,0,0.2942149845400438,-1.239893913269043,-0.36489397287368774,attack,no
182,1,0,0.053403333754516925,-2.932435989379883,-0.05743606761097908,attack,no
183,1,0,0.00043055714710836236,-7.751521587371826,-0.0015217402251437306,attack,no
184,1,0,0.0330859819640103,-3.4115049839019775,-0.03650509566068649,attack,no
185,1,0,0.00037998448773392783,-7.875786781311035,-0.00078671018127352,attack,no
186,1,0,0.10669060033653141,-2.2449450492858887,-0.11994511634111404,attack,no
187,1,0,0.00048785719612437836,-7.625807762145996,-0.0008079125545918941,attack,no
188,1,0,0.0002959570123690349,-8.125667572021484,-0.0006672301678918302,attack,no
189,1,0,0.07585818419975078,-2.586885452270508,-0.08688551187515259,attack,no
190,1,0,0.009708477170927623,-4.635424613952637,-0.010424685664474964,attack,no
191,1,0,0.11920292358664389,-2.128862142562866,-0.1288621574640274,attack,no
192,1,0,0.0010322308269188594,-6.877054214477539,-0.002054010983556509,attack,no
193,1,0,0.13296424535145931,-2.0215654373168945,-0.1465654820203781,attack,no
194,1,0,0.0179862130546311,-4.019591808319092,-0.019591983407735825,attack,no
195,1,0,0.008577484399966718,-4.759160041809082,-0.00915992259979248,attack,no
196,1,0,0.017986210817474785,-4.0191473960876465,-0.019147444516420364,attack,no
197,1,0,0.10669058471438037,-2.241556167602539,-0.1165560707449913,attack,no
198,1,0,0.014063629212725592,-4.2648749351501465,-0.01487509161233902,attack,no
199,1,0,0.18242552158390105,-1.7038860321044922,-0.203886017203331,attack,no
200,1,0,0.025957357951306048,-3.654881715774536,-0.02988174557685852,attack,no
201,1,0,0.04742587654349034,-3.050168514251709,-0.050168588757514954,attack,no
202,1,0,0.05340332735168128,-2.932302951812744,-0.05730290338397026,attack,no
203,1,0,0.0006263340474939488,-7.375911235809326,-0.0009110590908676386,attack,no
204,1,0,0.0004305569973539054,-7.751051425933838,-0.0010512308217585087,attack,no
205,1,0,0.08509904500702024,-2.4669792652130127,-0.0919792652130127,attack,no
206,1,0,0.18242552158390105,-1.714069128036499,-0.21406911313533783,attack,no
207,1,0,0.22270013882530884,-1.5132533311843872,-0.2632533311843872,attack,no
208,1,0,0.0003799844812337044,-7.875808238983154,-0.0008081507403403521,attack,no
209,1,0,0.14804719427274565,-1.9152411222457886,-0.1652410924434662,attack,no
210,1,0,0.03308597791199666,-3.410079002380371,-0.0350789874792099,attack,no
211,1,0,0.017986207264344724,-4.019716739654541,-0.01971658691763878,attack,no
212,1,0,0.0005527785988483331,-7.501252174377441,-0.0012521054595708847,attack,no
213,1,0,0.08509904500702024,-2.466778516769409,-0.09177851676940918,attack,no
214,1,0,0.01406362559692558,-4.265042781829834,-0.015042677521705627,attack,no
215,1,0,0.04208772596314743,-3.169384717941284,-0.0443846695125103,attack,no
216,1,0,0.0019267344211009439,-6.252806186676025,-0.002806060714647174,attack,no
217,1,0,0.11920292358664389,-2.131068706512451,-0.13106872141361237,attack,no
218,1,1,0.5926665999540697,-0.5265174508094788,-0.9015174508094788,attack,yes
219,1,0,0.09534946811246839,-2.354578733444214,-0.10457877069711685,attack,no
220,1,0,0.14804719051380197,-1.9164414405822754,-0.16644138097763062,attack,no
221,1,0,0.18242551713899047,-1.703054666519165,-0.20305462181568146,attack,no
222,1,0,0.24508501864634827,-1.4146530628204346,-0.28965309262275696,attack,no
223,1,0,0.0850990438468576,-2.469841718673706,-0.09484170377254486,attack,no
224,1,0,0.029312230327373224,-3.5328071117401123,-0.03280709683895111,attack,no
225,1,0,0.00029595707579717785,-8.125855445861816,-0.0008553183870390058,attack,no
226,1,0,0.022977372293497,-3.775986433029175,-0.02598653919994831,attack,no
227,1,0,0.09534945975773548,-2.3527824878692627,-0.10278242826461792,attack,no
228,1,0,0.008577484067331578,-4.759606838226318,-0.009606679901480675,attack,no
229,1,0,0.0007096702457080685,-7.252060413360596,-0.0020601970609277487,attack,no
230,1,0,0.18242551713899047,-1.712353229522705,-0.2123531848192215,attack,no
231,1,0,0.0052201266293714285,-5.256312370300293,-0.006312550511211157,attack,no
232,1,0,0.03732688881662312,-3.2894599437713623,-0.03945998474955559,attack,no
233,1,0,0.0017007221702981317,-6.377193450927734,-0.002193308901041746,attack,no
234,1,0,0.02297737233531229,-3.7754740715026855,-0.025474179536104202,attack,no
235,1,0,0.06754669630158146,-2.70058274269104,-0.0755828246474266,attack,no
236,1,0,0.004070137574326773,-5.504610538482666,-0.0046105035580694675,attack,no
237,1,0,0.033085975647636316,-3.413455009460449,-0.038454923778772354,attack,no
238,1,0,0.014063624021470145,-4.266830921173096,-0.016830703243613243,attack,no
239,1,0,0.004609573185715212,-5.381230354309082,-0.006230573635548353,attack,no
240,1,0,0.11920290950590741,-2.1308345794677734,-0.1308344602584839,attack,no
241,1,0,0.0035936028265261435,-5.62976598739624,-0.004766055848449469,attack,no
242,1,0,0.0007096702580917474,-7.251260757446289,-0.001260558608919382,attack,no
243,1,0,0.0850990519679964,-2.4676966667175293,-0.09269675612449646,attack,no
244,1,0,0.005220126102220914,-5.256903171539307,-0.006903250236064196,attack,no
245,1,0,0.07585817688736327,-2.580146551132202,-0.08014650642871857,attack,no
246,1,0,0.010986944715306174,-4.51212739944458,-0.012127591297030449,attack,no
247,1,0,0.06754669442450784,-2.6964805126190186,-0.07148056477308273,attack,no
248,1,0,0.16451645470385742,-1.805927038192749,-0.18092697858810425,attack,no
249,1,0,0.037326883729827086,-3.2921011447906494,-0.042101044207811356,attack,no
250,1,0,0.060086655644158424,-2.813714027404785,-0.06371412426233292,attack,no
251,1,0,0.24508501313237172,-1.409227967262268,-0.28422796726226807,attack,no
252,1,0,0.015906390399763742,-4.142685890197754,-0.01768580637872219,attack,no
253,1,0,0.025957354984363704,-3.653829336166382,-0.028829248622059822,attack,no
254,1,0,0.00857748474844164,-4.7594990730285645,-0.009498994797468185,attack,no
255,1,0,0.01798620693535124,-4.0201029777526855,-0.020102806389331818,attack,no
256,1,0,0.11920291263495983,-2.133587121963501,-0.1335870325565338,attack,no
257,1,0,0.0052201260635309716,-5.256235122680664,-0.006235193926841021,attack,no
258,1,0,0.009708477170927623,-4.636598110198975,-0.011598181910812855,attack,no
259,1,0,0.07585818419975078,-2.582628011703491,-0.08262807130813599,attack,no
260,1,0,0.001700722331188001,-6.377257823944092,-0.002257776679471135,attack,no
261,1,0,0.07585818106587033,-2.5810546875,-0.0810547024011612,attack,no
262,1,0,0.01098694214483487,-4.512350082397461,-0.012350037693977356,attack,no
263,1,0,0.00043055713831548464,-7.750829696655273,-0.0008298290777020156,attack,no
264,1,0,0.11920292515117029,-2.1317942142486572,-0.13179424405097961,attack,no
265,1,0,0.0003799844267114265,-7.8760857582092285,-0.0010855264263227582,attack,no
266,1,0,0.04742586796038571,-3.051842212677002,-0.0518420971930027,attack,no
267,1,0,0.03732688346210099,-3.29191517829895,-0.04191507026553154,attack,no
268,1,0,0.0003353501264467176,-8.001300811767578,-0.0013007997767999768,attack,no
269,1,0,0.03732689069070603,-3.2895591259002686,-0.039559219032526016,attack,no
270,1,0,0.03732688332823794,-3.2896175384521484,-0.039617426693439484,attack,no
271,1,0,0.03308597707775863,-3.410973072052002,-0.03597303107380867,attack,no
272,1,0,0.01590639427760358,-4.142190456390381,-0.01719062030315399,attack,no
273,1,0,0.22270013882530884,-1.5144925117492676,-0.2644925117492676,attack,no
274,1,0,0.053403333942835626,-2.9342358112335205,-0.059235893189907074,attack,no
275,1,1,0.5621765008857981,-0.5806819200515747,-0.8306819200515747,attack,yes
276,1,0,0.02297736945005748,-3.775064706802368,-0.025064686313271523,attack,no
277,1,0,0.06754668832401889,-2.6970314979553223,-0.07203145325183868,attack,no
278,1,0,0.0011695102292902278,-6.751315116882324,-0.0013150862650945783,attack,no
279,1,0,0.16451646494473965,-1.810206651687622,-0.18520666658878326,attack,no
280,1,0,0.07585817270885642,-2.5823028087615967,-0.08230270445346832,attack,no
281,1,0,0.04208772446124641,-3.170158863067627,-0.04515877738595009,attack,no
282,1,0,0.20181322466072713,-1.6071391105651855,-0.23213912546634674,attack,no
283,1,0,0.02297737187534411,-3.77577805519104,-0.025778142735362053,attack,no
284,1,0,0.04208772401067611,-3.169666051864624,-0.04466595500707626,attack,no
285,1,0,0.003172682179766538,-5.754219055175781,-0.0042188456282019615,attack,no
286,1,0,0.007577240056275414,-4.884242057800293,-0.00924189668148756,attack,no
287,1,0,0.1480471961522176,-1.9131708145141602,-0.16317079961299896,attack,no
288,1,0,0.13296425222296632,-2.0217981338500977,-0.146798238158226,attack,no
289,1,0,0.2018132198600306,-1.6055413484573364,-0.23054133355617523,attack,no
290,1,0,0.09534945590170514,-2.355072021484375,-0.10507191717624664,attack,no
291,1,0,0.0035936022629489838,-5.629246711730957,-0.0042466227896511555,attack,no
292,1,0,0.2018132198600306,-1.606953501701355,-0.2319534868001938,attack,no
293,1,0,0.008577484162370188,-4.760857582092285,-0.010857434943318367,attack,no
294,1,0,0.11920293297380237,-2.133653163909912,-0.13365326821804047,attack,no
295,1,0,0.22270014914315833,-1.5040910243988037,-0.2540910840034485,attack,no
296,1,0,0.02931222947940706,-3.532893657684326,-0.03289361298084259,attack,no
297,1,0,0.08509904500702024,-2.4656715393066406,-0.09067153930664062,attack,no
298,1,0,0.07585817897661679,-2.5839452743530273,-0.08394525945186615,attack,no
299,1,0,0.004609571376010846,-5.383195400238037,-0.008195225149393082,attack,no
300,1,0,0.008577487282805133,-4.759031295776367,-0.009031515568494797,attack,no
301,1,0,0.005220126472193518,-5.255949020385742,-0.005949170328676701,attack,no
302,1,0,0.07585818054355695,-2.5803284645080566,-0.08032847195863724,attack,no
303,1,0,0.033085976005166884,-3.415799140930176,-0.04079906642436981,attack,no
304,1,0,0.02931223265928031,-3.530679225921631,-0.03067929297685623,attack,no
305,1,0,0.0007096702397639026,-7.251184463500977,-0.0011842388194054365,attack,no
306,1,0,0.2689414272294874,-1.3163622617721558,-0.31636229157447815,attack,no
307,1,0,0.09534946811246839,-2.356343984603882,-0.10634402185678482,attack,no
308,1,0,0.1329642419157059,-2.024778127670288,-0.14977814257144928,attack,no
309,1,0,0.09534946361376598,-2.3678829669952393,-0.11788295209407806,attack,no
310,1,0,0.006692850732348815,-5.008335590362549,-0.008335561491549015,attack,no
311,1,0,0.005911069428127469,-5.132478713989258,-0.00747881131246686,attack,no
312,1,0,0.002182716300823392,-6.1275153160095215,-0.002515249652788043,attack,no
313,1,0,0.003593602455532293,-5.628851413726807,-0.003851378569379449,attack,no
314,1,0,0.24508501864634827,-1.4153985977172852,-0.29039862751960754,attack,no
315,1,0,0.37754066879814546,-0.9810330271720886,-0.4810330271720886,attack,no
316,1,1,0.5312093733737563,-0.6506428122520447,-0.7756428122520447,attack,yes
317,1,0,0.029312231811314076,-3.530538320541382,-0.03053835779428482,attack,no
318,1,0,0.1645164628965632,-1.8116645812988281,-0.18666458129882812,attack,no
319,1,0,0.04742587738497127,-3.053208589553833,-0.05320868268609047,attack,no
320,1,0,0.008577484479165563,-4.760611057281494,-0.010610947385430336,attack,no
321,1,0,0.08509903862612588,-2.4688642024993896,-0.09386412054300308,attack,no
322,1,0,0.18242551713899047,-1.7036783695220947,-0.20367832481861115,attack,no
323,1,0,0.00033535007817056837,-8.000741958618164,-0.0007418026216328144,attack,no
324,1,0,0.16451647108926923,-1.8079402446746826,-0.1829403042793274,attack,no
325,1,0,0.0040701373346026795,-5.5047502517700195,-0.004750157706439495,attack,no
326,1,0,0.03732688988752763,-3.2907755374908447,-0.0407756082713604,attack,no
327,1,0,0.005220125495272453,-5.256079196929932,-0.006079158745706081,attack,no
328,1,0,0.20181322946142374,-1.6033626794815063,-0.22836272418498993,attack,no
329,1,0,0.2942149783515162,-1.2380783557891846,-0.36307838559150696,attack,no
330,1,0,0.07585817270885642,-2.5830414295196533,-0.08304132521152496,attack,no
331,1,0,0.003593602127056871,-5.628905773162842,-0.0039056462701410055,attack,no
332,1,0,0.0259573558791558,-3.65289568901062,-0.02789563685655594,attack,no
333,1,0,0.009708474502653096,-4.6360039710998535,-0.011003765277564526,attack,no
334,1,0,0.06754668503914042,-2.6984541416168213,-0.07345404475927353,attack,no
335,1,0,0.0008040857465997636,-7.126289367675781,-0.0012891324004158378,attack,no
336,1,0,0.13296425050508953,-2.02673077583313,-0.15173086524009705,attack,no
337,1,0,0.003172682640724163,-5.753434658050537,-0.003434594254940748,attack,no
338,1,0,0.047425874692232355,-3.0500998497009277,-0.05009988322854042,attack,no
339,1,0,0.015906395006520947,-4.145508289337158,-0.020508499816060066,attack,no
340,1,0,0.012431652819824507,-4.388784408569336,-0.013784568756818771,attack,no
341,1,0,0.10669058400428263,-2.241995096206665,-0.11699499189853668,attack,no
342,1,0,0.11920292358664389,-2.13407826423645,-0.1340782791376114,attack,no
343,1,0,0.02595735978798481,-3.6526360511779785,-0.027636153623461723,attack,no
344,1,0,0.0024726227247770446,-6.002737998962402,-0.002737823873758316,attack,no
345,1,0,0.0009110511170471538,-7.001935005187988,-0.0019349202048033476,attack,no
346,1,0,0.08509904210661365,-2.4681742191314697,-0.09317418187856674,attack,no
347,1,0,0.26894141551050293,-1.3166190385818481,-0.31661900877952576,attack,no
348,1,0,0.0019267347430249357,-6.252872943878174,-0.0028729853220283985,attack,no
349,1,0,0.07585818837825822,-2.580598831176758,-0.08059895038604736,attack,no
350,1,0,0.08509903688588204,-2.475775718688965,-0.10077561438083649,attack,no
351,1,0,0.0017007224736961162,-6.376933574676514,-0.0019336113473400474,attack,no
352,1,0,0.003593601766067419,-5.629137992858887,-0.004137765150517225,attack,no
353,1,0,0.07585817218654307,-2.5810704231262207,-0.08107031136751175,attack,no
354,1,0,0.0850990542883219,-2.468433380126953,-0.09343349933624268,attack,no
355,1,0,0.06754668832401889,-2.699881076812744,-0.07488103210926056,attack,no
356,1,0,0.03732688573777281,-3.28934645652771,-0.03934641182422638,attack,no
357,1,0,0.18242551713899047,-1.7071940898895264,-0.20719404518604279,attack,no
358,1,0,0.00247262297229124,-6.003367900848389,-0.003367826109752059,attack,no
359,1,0,0.13296425394084313,-2.020559787750244,-0.1455599069595337,attack,no
360,1,0,0.32082129433083023,-1.1472725868225098,-0.3972725570201874,attack,no
361,1,0,0.0019267348970470038,-6.252581596374512,-0.002581717912107706,attack,no
362,1,0,0.01798620782363367,-4.019899845123291,-0.019899724051356316,attack,no
363,1,0,0.001700722704752989,-6.3772125244140625,-0.002212697174400091,attack,no
364,1,0,0.0028009267304063136,-5.879103183746338,-0.004103098995983601,attack,no
365,1,0,0.04742587738497127,-3.0497446060180664,-0.04974469915032387,attack,no
366,1,0,0.08509905022775233,-2.466935157775879,-0.09193522483110428,attack,no
367,1,0,0.06754668785475053,-2.698434829711914,-0.07343477755784988,attack,no
368,1,0,0.04208772596314743,-3.1754252910614014,-0.05042524263262749,attack,no
369,1,0,0.015906391099524245,-4.141777992248535,-0.016777953132987022,attack,no
370,1,0,0.0008040860723739875,-7.126510143280029,-0.0015103134792298079,attack,no
371,1,0,0.09534946297109421,-2.3522753715515137,-0.10227534919977188,attack,no
372,1,0,0.08509904790742691,-2.4651103019714355,-0.09011033922433853,attack,no
373,1,0,0.03308598101059528,-3.410022735595703,-0.03502281755208969,attack,no
374,1,0,0.06754668550840877,-2.701873302459717,-0.07687321305274963,attack,no
375,1,0,0.0850990542883219,-2.4677491188049316,-0.09274923801422119,attack,no
376,1,0,0.0953494732538428,-2.3526597023010254,-0.10265979915857315,attack,no
377,1,0,0.0013250223857872627,-6.627082347869873,-0.002082324121147394,attack,no
378,1,0,0.1480472036701053,-1.913243055343628,-0.1632431000471115,attack,no
379,1,0,0.24508502416032488,-1.4140899181365967,-0.28908997774124146,attack,no
380,1,0,0.0007096702397639026,-7.251455307006836,-0.0014550823252648115,attack,no
381,1,0,0.24508500761839525,-1.4132848978042603,-0.28828486800193787,attack,no
382,1,0,0.0008040857982297783,-7.126917839050293,-0.001917668036185205,attack,no
383,1,0,0.009708478505065158,-4.638317584991455,-0.013317795470356941,attack,no
384,1,0,0.20181322226037882,-1.6129332780838013,-0.23793327808380127,attack,no
385,1,0,0.03732688654095113,-3.2929770946502686,-0.042977072298526764,attack,no
386,1,0,0.06008665101556925,-2.8142638206481934,-0.06426383554935455,attack,no
387,1,0,0.010986942539513494,-4.511957168579102,-0.011957160197198391,attack,no
388,1,0,0.007577241512979266,-4.884537220001221,-0.009537252597510815,attack,no
389,1,0,0.022977367819261435,-3.7740707397460938,-0.02407064661383629,attack,no
390,1,0,0.0009110511923873351,-7.001382350921631,-0.0013823487097397447,attack,no
391,1,0,0.005220126680151985,-5.256100177764893,-0.0061003677546978,attack,no
392,1,0,0.0758581847220642,-2.581451177597046,-0.08145124465227127,attack,no
393,1,0,0.005220126607608334,-5.256004333496094,-0.006004509516060352,attack,no
394,1,0,0.014063625932678398,-4.265635013580322,-0.01563493348658085,attack,no
395,1,0,0.0004305570833036383,-7.750683784484863,-0.0006837890832684934,attack,no
396,1,0,0.07585817740967664,-2.5800621509552,-0.08006211370229721,attack,no
397,1,0,0.02297736827922954,-3.774901866912842,-0.024901794269680977,attack,no
398,1,0,0.10669060317692272,-2.2483599185943604,-0.12336001545190811,attack,no
399,1,0,0.0005527785433433464,-7.500903129577637,-0.0009029601933434606,attack,no
400,1,0,0.03732688881662312,-3.292525291442871,-0.04252533242106438,attack,no
401,1,0,0.1066905854244781,-2.240433692932129,-0.11543360352516174,attack,no
402,1,0,0.022977369115535207,-3.7751917839050293,-0.02519174851477146,attack,no
403,1,0,0.00037998445388412607,-7.8757476806640625,-0.0007475204183720052,attack,no
404,1,0,0.11920290950590741,-2.1301984786987305,-0.13019835948944092,attack,no
405,1,0,0.0010322311769655995,-6.877119541168213,-0.0021196771413087845,attack,no
406,1,0,0.0040701379027676815,-5.5045928955078125,-0.0045929416082799435,attack,no
407,1,0,0.18242552158390105,-1.7080963850021362,-0.20809637010097504,attack,no
408,1,0,0.08509903920620716,-2.470269203186035,-0.09526912868022919,attack,no
409,1,0,0.029312232977267646,-3.5317835807800293,-0.031783659011125565,attack,no
410,1,0,0.07585817688736327,-2.5859715938568115,-0.08597154915332794,attack,no
411,1,0,0.020332352749027827,-3.896888494491577,-0.02188846468925476,attack,no
412,1,0,0.012431649526848275,-4.388243675231934,-0.013243567198514938,attack,no
413,1,0,0.10669060033653141,-2.2486684322357178,-0.12366849929094315,attack,no
414,1,0,0.09534946618445303,-2.3529720306396484,-0.10297204554080963,attack,no
415,1,0,0.1480472036701053,-1.9162569046020508,-0.16625694930553436,attack,no
416,1,0,0.02595736011764511,-3.6527798175811768,-0.02777993306517601,attack,no
417,1,0,0.015906392819768946,-4.148629188537598,-0.023629259318113327,attack,no
418,1,0,0.04208773227113229,-3.170280694961548,-0.04528080299496651,attack,no
419,1,0,0.022977369115535207,-3.774567127227783,-0.024567091837525368,attack,no
420,1,0,0.4073334000459302,-0.9039736390113831,-0.5289736390113831,attack,no
421,1,0,0.11920291419948606,-2.1289026737213135,-0.1289025992155075,attack,no
422,1,0,0.0035936019077953754,-5.62946081161499,-0.004460623487830162,attack,no
423,1,0,0.06008664596619963,-2.8127949237823486,-0.06279484927654266,attack,no
424,1,0,0.0004305570609832602,-7.750899791717529,-0.0008997444529086351,attack,no
425,1,0,0.0035936024430268834,-5.628973960876465,-0.003973922226577997,attack,no
426,1,0,0.03732689109229525,-3.2893693447113037,-0.03936944901943207,attack,no
427,1,0,0.053403325280175794,-2.9319956302642822,-0.056995540857315063,attack,no
428,1,0,0.000804085781768034,-7.126346588134766,-0.0013463966315612197,attack,no
429,1,0,0.022977370788146625,-3.7769882678985596,-0.026988307014107704,attack,no
430,1,0,0.0013250225912880026,-6.626752853393555,-0.001752984942868352,attack,no
431,1,0,0.004070137893329724,-5.505223274230957,-0.005223318003118038,attack,no
432,1,0,0.0005527785156873297,-7.501531600952148,-0.0015313815092667937,attack,no
433,1,0,0.16451645880021026,-1.8079265356063843,-0.1829265058040619,attack,no
434,1,0,0.07585818211049715,-2.5821425914764404,-0.08214262127876282,attack,no
435,1,0,0.08509903920620716,-2.4692087173461914,-0.09420864284038544,attack,no
436,1,0,0.003172683223916654,-5.754225254058838,-0.004225374665111303,attack,no
437,1,0,0.060086656906500974,-2.8179750442504883,-0.06797516345977783,attack,no
438,1,0,0.0013250226707770534,-6.627257347106934,-0.002257538726553321,attack,no
439,1,0,0.053403324903538434,-2.934964895248413,-0.059964798390865326,attack,no
440,1,0,0.02033235497514388,-3.8988420963287354,-0.023842178285121918,attack,no
441,1,0,0.0075772419471891225,-4.883306980133057,-0.008307070471346378,attack,no
442,1,0,0.005911069529370038,-5.1328935623168945,-0.007893676869571209,attack,no
443,1,0,0.060086655644158424,-2.8134233951568604,-0.06342349201440811,attack,no
444,1,0,0.0008040858916688893,-7.126919269561768,-0.0019192148465663195,attack,no
445,1,0,0.11920292671569666,-2.132941246032715,-0.13294129073619843,attack,no
446,1,0,0.04742587839474839,-3.051069974899292,-0.051070090383291245,attack,no
447,1,0,0.017986208251325228,-4.019827365875244,-0.01982726901769638,attack,no
448,1,0,0.02297737254438874,-3.7743682861328125,-0.0243684034794569,attack,no
449,1,0,0.025957357009419556,-3.6523449420928955,-0.02734493464231491,attack,no
450,1,0,0.03732688627322502,-3.2909865379333496,-0.04098650813102722,attack,no
451,1,0,0.00460957214091532,-5.380164623260498,-0.005164614878594875,attack,no
452,1,0,0.08509903804604459,-2.4658682346343994,-0.09086814522743225,attack,no
453,1,0,0.0019267350842017427,-6.252191543579102,-0.002191762439906597,attack,no
454,1,0,0.11920293140927592,-2.1321401596069336,-0.13214024901390076,attack,no
455,1,0,0.1645164608483867,-1.8125874996185303,-0.18758748471736908,attack,no
456,1,0,0.008577487219446036,-4.760087013244629,-0.010087225586175919,attack,no
457,1,0,0.002472622798284738,-6.0032453536987305,-0.0032452084124088287,attack,no
458,1,0,0.005911068393811584,-5.131353378295898,-0.0063532995991408825,attack,no
459,1,0,0.0015011824184968947,-6.501832485198975,-0.001832593115977943,attack,no
460,1,0,0.0006263342602720799,-7.376256942749023,-0.0012571059633046389,attack,no
461,1,0,0.11920291263495983,-2.1306090354919434,-0.1306089460849762,attack,no
462,1,0,0.02033235330555682,-3.89693021774292,-0.021930215880274773,attack,no
463,1,0,0.06008664554541885,-2.8128225803375244,-0.06282249838113785,attack,no
464,1,0,0.1329642436335826,-2.024590492248535,-0.14959052205085754,attack,no
465,1,0,0.009708476687414735,-4.635440826416016,-0.010440847836434841,attack,no
466,1,0,0.06754668926255561,-2.701676845550537,-0.07667681574821472,attack,no
467,1,0,0.000911051011825223,-7.001438617706299,-0.0014384171226993203,attack,no
468,1,0,0.10669059820623795,-2.242265224456787,-0.11726526916027069,attack,no
469,1,0,0.053403325280175794,-2.9323501586914062,-0.05735006928443909,attack,no
470,1,0,0.05340332923486816,-2.930763006210327,-0.05576299503445625,attack,no
471,1,0,0.004609571615310557,-5.38049840927124,-0.005498286336660385,attack,no
472,1,0,0.060086656906500974,-2.8133811950683594,-0.06338131427764893,attack,no
473,1,0,0.0124316528426924,-4.388418674468994,-0.013418836519122124,attack,no
474,1,0,0.0035936024597007636,-5.629002571105957,-0.004002537112683058,attack,no
475,1,0,0.22270013882530884,-1.509706735610962,-0.2597067356109619,attack,no
476,1,0,0.010986940262521613,-4.51311731338501,-0.013117095455527306,attack,no
477,1,0,0.004609572399444516,-5.380084037780762,-0.0050840857438743114,attack,no
478,1,0,0.10669059039516234,-2.240597724914551,-0.1155976876616478,attack,no
479,1,0,0.0675466911396291,-2.6974034309387207,-0.0724034309387207,attack,no
480,1,0,0.015906394044350028,-4.143251419067383,-0.01825156807899475,attack,no
481,1,0,0.0013250226370404212,-6.626431941986084,-0.0014321081107482314,attack,no
482,1,0,0.0758581763650499,-2.5798962116241455,-0.07989615947008133,attack,no
483,1,0,0.09534945590170514,-2.3554210662841797,-0.10542096197605133,attack,no
484,1,0,0.0008040857842934152,-7.126344203948975,-0.0013440155889838934,attack,no
485,1,0,0.07585818263281055,-2.582911491394043,-0.08291152864694595,attack,no
486,1,0,0.46879062662624377,-0.7607570886611938,-0.6357570886611938,attack,no
487,1,0,0.004070137419544286,-5.504918098449707,-0.004918025340884924,attack,no
488,1,0,0.001169510153679967,-6.751528263092041,-0.0015281677478924394,attack,no
489,1,0,0.03308598053388778,-3.411717176437378,-0.0367172434926033,attack,no
490,1,0,0.0003799844690292035,-7.87619686126709,-0.0011967408936470747,attack,no
491,1,0,0.0013250222405195174,-6.6266279220581055,-0.0016277885297313333,attack,no
492,1,0,0.017986210093688976,-4.026788234710693,-0.026788242161273956,attack,no
493,1,0,0.007577240875671297,-4.884178638458252,-0.009178586304187775,attack,no
494,1,0,0.10669059678604234,-2.2481842041015625,-0.12318423390388489,attack,no
495,1,0,0.07585817427579646,-2.5806539058685303,-0.08065382391214371,attack,no
496,1,0,0.04208772806580895,-3.172724723815918,-0.04772472754120827,attack,no
497,1,0,0.37754067580180184,-0.9847090244293213,-0.4847090542316437,attack,no
498,1,0,0.033085975409282604,-3.410247802734375,-0.03524770960211754,attack,no
499,1,0,0.08509905312815914,-2.4752323627471924,-0.10023246705532074,attack,no
500,1,0,0.18242551713899047,-1.706024408340454,-0.20602436363697052,attack,no
501,1,0,0.04742587637519415,-3.05242657661438,-0.052426647394895554,attack,no
502,1,0,0.13296423504419938,-2.020437717437744,-0.14543767273426056,attack,no
503,1,0,0.006692850379434174,-5.008758544921875,-0.008758462965488434,attack,no
504,1,0,0.10669058329418492,-2.244905471801758,-0.11990536004304886,attack,no
505,1,0,0.00043055711113522275,-7.7509026527404785,-0.0009027220075950027,attack,no
506,1,0,0.0006263341426611449,-7.376001358032227,-0.0010013333521783352,attack,no
507,1,0,0.004070138008472808,-5.504428863525391,-0.004428935702890158,attack,no
508,1,0,0.001501182465087938,-6.5023322105407715,-0.0023323495406657457,attack,no
509,1,0,0.22270013882530884,-1.5041744709014893,-0.25417447090148926,attack,no
510,1,0,0.060086655644158424,-2.8169281482696533,-0.06692824512720108,attack,no
511,1,0,0.0035936028198565906,-5.629791259765625,-0.004791326355189085,attack,no
512,1,0,0.009708477314190703,-4.635479927062988,-0.01048001367598772,attack,no
513,1,0,0.0013250223388024652,-6.626793384552002,-0.0017933252966031432,attack,no
514,1,0,0.0005527786721689498,-7.501241207122803,-0.0012412709183990955,attack,no
515,1,0,0.014063627094899759,-4.268031597137451,-0.01803160086274147,attack,no
516,1,0,0.13296424019782924,-2.022082805633545,-0.14708280563354492,attack,no
517,1,0,0.01590639077880068,-4.1428375244140625,-0.017837464809417725,attack,no
518,1,0,0.0009110510770988463,-7.001100540161133,-0.00110041128937155,attack,no
519,1,0,0.16451645880021026,-1.8092869520187378,-0.1842869222164154,attack,no
520,1,0,0.04742587334586296,-3.05145525932312,-0.051455263048410416,attack,no
521,1,0,0.020332351635969893,-3.897963285446167,-0.022963199764490128,attack,no
522,1,0,0.0024726231537633794,-6.003345966339111,-0.00334596517495811,attack,no
523,1,0,0.060086646807761206,-2.814094066619873,-0.06409400701522827,attack,no
524,1,0,0.2018132174596823,-1.611366868019104,-0.23636683821678162,attack,no
525,1,0,0.0001233946251803615,-9.000394821166992,-0.00039521988946944475,attack,no
526,1,0,0.03732688921821231,-3.2937099933624268,-0.043710045516490936,attack,no
527,1,0,0.0009110511969437741,-7.003747463226318,-0.0037474660202860832,attack,no
528,1,0,0.00013982203731934198,-8.875556945800781,-0.0005566716426983476,attack,no
529,1,0,0.0953494674697966,-2.352931261062622,-0.10293129086494446,attack,no
530,1,0,0.00857748686305113,-4.759270191192627,-0.009270361624658108,attack,no
531,1,0,0.017986210060789622,-4.019112586975098,-0.019112592563033104,attack,no
532,1,0,0.029312229267415526,-3.5351901054382324,-0.03519005328416824,attack,no
533,1,0,0.09534945911506376,-2.354173421859741,-0.10417335480451584,attack,no
534,1,0,0.1329642436335826,-2.0266199111938477,-0.15161994099617004,attack,no
535,1,0,0.022977371080853633,-3.775761127471924,-0.025761179625988007,attack,no
536,1,0,0.00015843628538122315,-8.750341415405273,-0.0003418338019400835,attack,no
537,1,0,0.0019267344291602367,-6.252537250518799,-0.002537128748372197,attack,no
538,1,0,0.0675466977093867,-2.6972126960754395,-0.07221280038356781,attack,no
539,1,0,0.11920291576401235,-2.1329345703125,-0.13293451070785522,attack,no
540,1,0,0.0005527787320474606,-7.501041889190674,-0.0010420613689348102,attack,no
541,1,0,0.037326887611855576,-3.2900078296661377,-0.04000783711671829,attack,no
542,1,0,0.009708474529514916,-4.6359171867370605,-0.01091698370873928,attack,no
543,1,0,0.005911068057248518,-5.131418228149414,-0.006418092176318169,attack,no
544,1,0,0.010986943500910208,-4.513067245483398,-0.013067325577139854,attack,no
545,1,0,0.18242553047372242,-1.7043079137802124,-0.20430795848369598,attack,no
546,1,0,0.017986210784575428,-4.020215034484863,-0.020215081050992012,attack,no
547,1,0,0.005220126111893401,-5.257072925567627,-0.007073006127029657,attack,no
548,1,0,0.022977369659133905,-3.7748045921325684,-0.024804580956697464,attack,no
549,1,0,0.0008040860070881863,-7.126220703125,-0.0012207920663058758,attack,no
550,1,0,0.11920291263495983,-2.1287918090820312,-0.1287917196750641,attack,no
551,1,0,0.3208213138121609,-1.1406347751617432,-0.39063483476638794,attack,no
552,1,0,0.053403334696110465,-2.933959484100342,-0.05895958095788956,attack,no
553,1,0,0.29421497216298875,-1.2298495769500732,-0.35484957695007324,attack,no
554,1,0,0.10669060459711842,-2.2407052516937256,-0.11570536345243454,attack,no
555,1,0,0.047425871999493587,-3.051537036895752,-0.051537010818719864,attack,no
556,1,0,0.1480472036701053,-1.9135184288024902,-0.16351847350597382,attack,no
557,1,0,0.0005527787025905769,-7.501291751861572,-0.001291870721615851,attack,no
558,1,0,0.06008665101556925,-2.8142404556274414,-0.0642404705286026,attack,no
559,1,0,0.0015011823802817707,-6.50225305557251,-0.002253137994557619,attack,no
560,1,0,0.037326888013444755,-3.2905383110046387,-0.040538329631090164,attack,no
561,1,0,0.09534945782972029,-2.35660719871521,-0.1066071167588234,attack,no
562,1,0,0.014063628231294069,-4.266027927398682,-0.016028013080358505,attack,no
563,1,0,0.0006263342807483353,-7.376410961151123,-0.0014111570781096816,attack,no
564,1,0,0.00013982209419693937,-8.875459671020508,-0.00045980370487086475,attack,no
565,1,0,0.09534946554178125,-2.353614091873169,-0.10361409932374954,attack,no
566,1,0,0.0021827167739421247,-6.1277055740356445,-0.002705724909901619,attack,no
567,1,0,0.1329642419157059,-2.0218658447265625,-0.1468658596277237,attack,no
568,1,0,0.0007096703746634569,-7.251317977905273,-0.0013179434463381767,attack,no
569,1,0,0.16451646904109268,-1.8082979917526245,-0.1832980364561081,attack,no
570,1,0,0.14804719427274565,-1.9136940240859985,-0.16369399428367615,attack,no
571,1,0,0.022977372168051135,-3.7769641876220703,-0.02696428820490837,attack,no
572,1,0,0.11920291263495983,-2.129180669784546,-0.12918058037757874,attack,no
573,1,0,0.0008040857846675458,-7.127046585083008,-0.002046397188678384,attack,no
574,1,0,0.0011695101298817743,-6.751888751983643,-0.0018886362668126822,attack,no
575,1,0,0.029312231387330967,-3.5416746139526367,-0.04167463630437851,attack,no
576,1,0,0.10669060246682488,-2.2403433322906494,-0.11534342169761658,attack,no
577,1,0,0.08509905138791504,-2.475492238998413,-0.10049232095479965,attack,no
578,1,0,0.009708474242988834,-4.636261940002441,-0.011261707171797752,attack,no
579,1,0,0.16451645880021026,-1.8122434616088867,-0.18724343180656433,attack,no
580,1,0,0.14804719991116141,-1.9131134748458862,-0.16311348974704742,attack,no
581,1,0,0.0009110509915861623,-7.002120494842529,-0.00212027202360332,attack,no
582,1,0,0.00037998455401852554,-7.875864028930664,-0.0008641323074698448,attack,no
583,1,0,0.10669058826486906,-2.2422268390655518,-0.11722677946090698,attack,no
584,1,0,0.005911068574406408,-5.1326704025268555,-0.007670354563742876,attack,no
585,1,0,0.060086648070103596,-2.8176393508911133,-0.0676393136382103,attack,no
586,1,0,0.11920292045759123,-2.1314971446990967,-0.13149712979793549,attack,no
587,1,0,0.0009110509991095826,-7.001175880432129,-0.0011756658786907792,attack,no
588,1,0,0.16451645675203383,-1.8093535900115967,-0.1843535453081131,attack,no
589,1,0,0.07585817897661679,-2.58294939994812,-0.08294938504695892,attack,no
590,1,0,0.13296425222296632,-2.0260517597198486,-0.151051864027977,attack,no
591,1,0,0.002800927379420731,-5.87830114364624,-0.003301291260868311,attack,no
592,1,0,0.004609572313980317,-5.380316257476807,-0.005316286813467741,attack,no
593,1,0,0.020332352192498855,-3.8982982635498047,-0.02329820580780506,attack,no
594,1,0,0.0015011825394242123,-6.501719951629639,-0.0017201402224600315,attack,no
595,1,0,0.11920292984474948,-2.1351804733276367,-0.1351805478334427,attack,no
596,1,0,0.03308597886541159,-3.409883975982666,-0.03488399088382721,attack,no
597,1,0,0.09534946939781196,-2.351956367492676,-0.10195641964673996,attack,no
598,1,0,0.24508500761839525,-1.4105291366577148,-0.28552910685539246,attack,no
599,1,0,0.02931223340125078,-3.531783103942871,-0.031783197075128555,attack,no
600,1,0,0.0031726831650083164,-5.753998279571533,-0.0039983815513551235,attack,no
601,1,0,0.020332351264950595,-3.89762282371521,-0.022622719407081604,attack,no
602,1,0,0.03308597803117354,-3.4097399711608887,-0.034739959985017776,attack,no
603,1,0,0.09534945654437685,-2.3611669540405273,-0.11116685718297958,attack,no
604,1,0,0.0004878571675141412,-7.625729084014893,-0.0007291757501661777,attack,no
605,1,0,0.10669058755477132,-2.24208402633667,-0.11708395928144455,attack,no
606,1,0,0.0024726235551843947,-6.003799915313721,-0.003800076898187399,attack,no
607,1,0,0.0011695104436099865,-6.751521587371826,-0.0015217402251437306,attack,no
608,1,0,0.07585818106587033,-2.5818679332733154,-0.08186794817447662,attack,no
609,1,0,0.04742587654349034,-3.052044153213501,-0.052044227719306946,attack,no
610,1,0,0.0010322308410839857,-6.876732349395752,-0.0017321596387773752,attack,no
611,1,0,0.06008665143635008,-2.814087390899658,-0.0640874132514,attack,no
612,1,0,0.025957357668740095,-3.6555004119873047,-0.03050043061375618,attack,no
613,1,0,0.0015011825183099178,-6.501795768737793,-0.0017959432443603873,attack,no
614,1,0,0.18242552380635632,-1.705054521560669,-0.20505452156066895,attack,no
615,1,0,0.025957357621645773,-3.6541740894317627,-0.02917410619556904,attack,no
616,1,0,8.481107817520616e-05,-9.375306129455566,-0.00030655929003842175,attack,no
617,1,0,0.09534947004048376,-2.3535218238830566,-0.10352188348770142,attack,no
618,1,0,0.02595735828096633,-3.6531898975372314,-0.028189940378069878,attack,no
619,1,0,0.1066905911052601,-2.2400026321411133,-0.1150026023387909,attack,no
620,1,0,0.3486451217982255,-1.0597095489501953,-0.43470948934555054,attack,no
621,1,0,0.029312228843432455,-3.5304763317108154,-0.030476264655590057,attack,no
622,1,0,0.014063626991591189,-4.265840530395508,-0.015840526670217514,attack,no
623,1,0,0.0009110513072519839,-7.001688003540039,-0.0016881275223568082,attack,no
624,1,0,0.003172683468386265,-5.754092216491699,-0.0040924143977463245,attack,no
625,1,0,0.1066905911052601,-2.252666473388672,-0.1276664435863495,attack,no
626,1,0,0.02931222788947056,-3.5318703651428223,-0.03187026455998421,attack,no
627,1,0,0.10669059820623795,-2.250103235244751,-0.12510327994823456,attack,no
628,1,0,0.02931223239429086,-3.5302517414093018,-0.030251799151301384,attack,no
629,1,0,0.006692850754019013,-5.007713794708252,-0.007713769096881151,attack,no
630,1,0,0.04208772431105632,-3.17071795463562,-0.045717865228652954,attack,no
631,1,0,0.047425868970162655,-3.049785852432251,-0.049785759299993515,attack,no
632,1,0,0.04742586947505113,-3.0501925945281982,-0.050192512571811676,attack,no
633,1,0,0.005220125110791192,-5.256947994232178,-0.006947882007807493,attack,no
634,1,0,0.0600866447038573,-2.813615560531616,-0.06361546367406845,attack,no
635,1,0,0.16451645675203383,-1.8094806671142578,-0.18448062241077423,attack,no
636,1,0,0.002472623069344376,-6.003529071807861,-0.0035290364176034927,attack,no
637,1,0,0.008577487243205699,-4.759084224700928,-0.00908443983644247,attack,no
638,1,0,0.1645164628965632,-1.8084274530410767,-0.18342745304107666,attack,no
639,1,0,0.07585817479810981,-2.5805857181549072,-0.08058564364910126,attack,no
640,1,0,0.11920291263495983,-2.1313815116882324,-0.13138142228126526,attack,no
641,1,0,0.06754669677084987,-2.698089361190796,-0.07308945059776306,attack,no
642,1,0,0.1480471980316895,-1.9157562255859375,-0.1657562255859375,attack,no
643,1,0,0.06008665438181589,-2.8141729831695557,-0.06417305767536163,attack,no
644,1,0,0.08509903862612588,-2.465137004852295,-0.09013692289590836,attack,no
645,1,0,0.08509903688588204,-2.4659385681152344,-0.09093846380710602,attack,no
646,1,0,0.0017007227691880164,-6.377546787261963,-0.0025469979736953974,attack,no
647,1,0,0.08509903920620716,-2.472370147705078,-0.09737007319927216,attack,no
648,1,0,0.06754668832401889,-2.699486017227173,-0.07448597252368927,attack,no
649,1,0,0.006692850679721193,-5.007528305053711,-0.00752826826646924,attack,no
650,1,0,0.1329642384799526,-2.020244598388672,-0.14524458348751068,attack,no
651,1,0,0.11920291263495983,-2.12797474861145,-0.12797465920448303,attack,no
652,1,0,0.06754669067036073,-2.701934814453125,-0.0769348070025444,attack,no
653,1,0,0.06754669724011829,-2.697171449661255,-0.07217154651880264,attack,no
654,1,0,0.07585818785594478,-2.5871458053588867,-0.08714591711759567,attack,no
655,1,0,0.03308598029553404,-3.410090208053589,-0.03509026765823364,attack,no
656,1,0,0.01243164969835743,-4.388803005218506,-0.013802911154925823,attack,no
657,1,0,0.08509904210661365,-2.467414140701294,-0.09241410344839096,attack,no
658,1,0,0.11920292202211755,-2.1315886974334717,-0.13158869743347168,attack,no
659,1,0,0.08509904616718289,-2.468001365661621,-0.09300138056278229,attack,no
660,1,0,0.09534945718704857,-2.3536620140075684,-0.1036619246006012,attack,no
661,1,0,0.2018132150593341,-1.6058804988861084,-0.23088045418262482,attack,no
662,1,0,0.11920292984474948,-2.1323771476745605,-0.13237722218036652,attack,no
663,1,0,0.006692849636456047,-5.008312702178955,-0.008312508463859558,attack,no
664,1,0,0.10669059323555342,-2.2403900623321533,-0.11539005488157272,attack,no
665,1,0,0.2018132270610754,-1.6022346019744873,-0.2272346317768097,attack,no
666,1,0,0.0011695105393467443,-6.751828193664551,-0.0018284284742549062,attack,no
667,1,0,0.0600866476493228,-2.8180859088897705,-0.06808586418628693,attack,no
668,1,0,0.0002611903860638728,-8.250957489013672,-0.0009577454766258597,attack,no
669,1,0,0.007577242815608909,-4.884189128875732,-0.009189334698021412,attack,no
670,1,0,0.0006263340713950502,-7.3770222663879395,-0.002022127853706479,attack,no
671,1,0,0.00048785702877722167,-7.6277008056640625,-0.0027006128802895546,attack,no
672,1,0,0.3775406828054583,-1.0078213214874268,-0.5078213810920715,attack,no
673,1,0,0.007577240049272032,-4.883794784545898,-0.008794622495770454,attack,no
674,1,0,0.07585817166422973,-2.581516742706299,-0.08151662349700928,attack,no
675,1,0,0.05340333055309901,-2.9343209266662598,-0.05932094156742096,attack,no
676,1,0,0.0003353499944190763,-8.002310752868652,-0.002310347044840455,attack,no
677,1,0,0.08509904268669496,-2.4660303592681885,-0.09103032946586609,attack,no
678,1,0,0.037326884934594504,-3.2914915084838867,-0.041491441428661346,attack,no
679,1,0,0.0007096704174284372,-7.251173973083496,-0.0011739989276975393,attack,no
680,1,0,0.11920293297380237,-2.1306467056274414,-0.13064680993556976,attack,no
681,1,0,0.012431651664995937,-4.38839054107666,-0.013390607200562954,attack,no
682,1,0,0.037326884399142314,-3.2924485206604004,-0.042448438704013824,attack,no
683,1,0,0.0019267346669093837,-6.252390384674072,-0.002390386536717415,attack,no
684,1,0,0.22270013882530884,-1.5133538246154785,-0.2633538246154785,attack,no
685,1,0,0.22270012850745968,-1.5081050395965576,-0.25810497999191284,attack,no
686,1,0,0.037326891226158315,-3.292109966278076,-0.04211007431149483,attack,no
687,1,0,0.2942149845400438,-1.225602626800537,-0.3506026864051819,attack,no
688,1,0,0.24508500761839525,-1.4090884923934937,-0.28408846259117126,attack,no
689,1,0,0.0031726827467591532,-5.754118919372559,-0.004118889104574919,attack,no
690,1,0,0.006692850398008629,-5.007326126098633,-0.00732604693621397,attack,no
691,1,0,0.02033235156176603,-3.8966801166534424,-0.02168002724647522,attack,no
692,1,0,0.03732688480073145,-3.289660692214966,-0.03966062143445015,attack,no
693,1,0,0.022977369659133905,-3.7737767696380615,-0.023776758462190628,attack,no
694,1,0,0.07585818211049715,-2.5818593502044678,-0.08185938000679016,attack,no
695,1,0,0.0002611903187309361,-8.25049114227295,-0.0004911408759653568,attack,no
696,1,0,0.014063625532357729,-4.264908790588379,-0.014908681623637676,attack,no
697,1,0,0.0004305570664694136,-7.750885486602783,-0.0008854520856402814,attack,no
698,1,0,0.0010322308485266793,-6.877561092376709,-0.0025609098374843597,attack,no
699,1,0,0.012431650452997753,-4.388875484466553,-0.013875451870262623,attack,no
700,1,0,0.08509905370824052,-2.4655609130859375,-0.09056102484464645,attack,no
701,1,0,0.18242553269617778,-1.706104040145874,-0.2061040997505188,attack,no
702,1,0,0.10669060104662924,-2.239643096923828,-0.1146431714296341,attack,no
703,1,0,0.02297736744292391,-3.7786009311676025,-0.028600821271538734,attack,no
704,1,0,0.042087725812957326,-3.171600341796875,-0.04660028964281082,attack,no
705,1,0,0.0259573578571174,-3.6533899307250977,-0.028389956802129745,attack,no
706,1,0,0.015906388533735886,-4.142504692077637,-0.017504489049315453,attack,no
707,1,0,0.24508501864634827,-1.4169275760650635,-0.29192760586738586,attack,no
708,1,0,0.18242552158390105,-1.7067362070083618,-0.20673619210720062,attack,no
709,1,0,0.029312229267415526,-3.531561851501465,-0.031561799347400665,attack,no
710,1,0,0.06008664596619963,-2.819422960281372,-0.0694228857755661,attack,no
711,1,0,0.1645164608483867,-1.8072187900543213,-0.1822187751531601,attack,no
712,1,0,0.00407013717793261,-5.505521774291992,-0.005521641578525305,attack,no
713,1,0,0.029312228843432455,-3.532633066177368,-0.03263299912214279,attack,no
714,1,0,0.2018132270610754,-1.604076623916626,-0.22907665371894836,attack,no
715,1,0,0.020332351487562173,-3.8963735103607178,-0.021373417228460312,attack,no
716,1,0,0.1645164628965632,-1.8092201948165894,-0.18422019481658936,attack,no
717,1,0,0.0010322312449102136,-6.877980709075928,-0.0029809109400957823,attack,no
718,1,0,0.003172682845430606,-5.754082202911377,-0.004082203842699528,attack,no
719,1,0,0.07585817323116976,-2.5822596549987793,-0.08225955814123154,attack,no
720,1,0,0.00029595715615443727,-8.125653266906738,-0.000653411028906703,attack,no
721,1,0,0.0013250225569351782,-6.626767635345459,-0.0017677409341558814,attack,no
722,1,0,0.0013250226085414396,-6.627058506011963,-0.0020586505997925997,attack,no
723,1,0,0.22270014398423357,-1.509162425994873,-0.25916245579719543,attack,no
724,1,0,0.07585818315512395,-2.581167221069336,-0.08116726577281952,attack,no
725,1,0,0.02931222799546632,-3.531682014465332,-0.03168191760778427,attack,no
726,1,0,0.006692849531200817,-5.0078444480896,-0.007844238542020321,attack,no
727,1,0,0.012431648703604352,-4.388023376464844,-0.013023201376199722,attack,no
728,1,0,0.10669058684467357,-2.239051103591919,-0.11405102908611298,attack,no
729,1,0,0.18242552602881168,-1.70426607131958,-0.20426608622074127,attack,no
730,1,0,9.61023777554933e-05,-9.250555992126465,-0.0005555993411689997,attack,no
731,1,0,0.0011695103043565349,-6.75135612487793,-0.0013561585219576955,attack,no
732,1,0,0.10669059181535785,-2.2410364151000977,-0.11603639274835587,attack,no
733,1,0,0.005911068675648963,-5.132155418395996,-0.0071553876623511314,attack,no
734,1,0,0.0007096704862817121,-7.251192569732666,-0.0011926926672458649,attack,no
735,1,0,0.0005527785601299061,-7.5009965896606445,-0.0009964506607502699,attack,no
736,1,0,0.0009110509974141639,-7.0014495849609375,-0.0014493685448542237,attack,no
737,1,0,0.0046095730340162365,-5.3809027671813965,-0.0059029534459114075,attack,no
738,1,0,0.005911069140817483,-5.132009983062744,-0.007010031491518021,attack,no
739,1,0,0.00460957224133575,-5.3801140785217285,-0.0051140920259058475,attack,no
740,1,0,0.14804719427274565,-1.9137917757034302,-0.1637917459011078,attack,no
741,1,0,0.005911069403500898,-5.1317267417907715,-0.006726834923028946,attack,no
742,1,0,0.04208773197075204,-3.16945743560791,-0.044457536190748215,attack,no
743,1,0,0.16451646699291617,-1.8108346462249756,-0.18583467602729797,attack,no
744,1,0,0.053403328481593404,-2.93155574798584,-0.056555721908807755,attack,no
745,1,0,0.09534946040040723,-2.355215549468994,-0.10521549731492996,attack,no
746,1,0,0.010986940950679112,-4.5124735832214355,-0.01247342862188816,attack,no
747,1,0,0.0035936030766343784,-5.629850387573242,-0.004850525874644518,attack,no
748,1,0,0.007577242129277134,-4.883304119110107,-0.0083042336627841,attack,no
749,1,0,0.11920292202211755,-2.130110025405884,-0.1301100254058838,attack,no
750,1,0,0.04742587654349034,-3.0502657890319824,-0.05026586353778839,attack,no
751,1,0,0.06008664512463808,-2.813136339187622,-0.06313624978065491,attack,no
752,1,0,0.002182716920492321,-6.127724647521973,-0.00272486568428576,attack,no
753,1,0,0.015906391303621065,-4.144169807434082,-0.019169781357049942,attack,no
754,1,0,0.0007096703586472293,-7.2514214515686035,-0.0014213945250958204,attack,no
755,1,0,0.020332351784377613,-3.8964993953704834,-0.02149931713938713,attack,no
756,1,0,0.07585818054355695,-2.5830771923065186,-0.08307719975709915,attack,no
757,1,0,0.0003799845254529136,-7.875811576843262,-0.0008116050157696009,attack,no
758,1,0,0.0330859781503504,-3.4109036922454834,-0.0359036847949028,attack,no
759,1,0,0.22270014398423357,-1.5066781044006348,-0.25667813420295715,attack,no
760,1,0,0.007577240476478421,-4.883948802947998,-0.008948697708547115,attack,no
761,1,0,0.0024726232301424803,-6.003153324127197,-0.0031533539295196533,attack,no
762,1,0,0.08509904616718289,-2.4669270515441895,-0.09192706644535065,attack,no
763,1,0,0.13296423676207594,-2.0190036296844482,-0.14400359988212585,attack,no
764,1,0,0.0019267345567657074,-6.254096031188965,-0.004095975775271654,attack,no
765,1,0,0.060086649753226806,-2.814152717590332,-0.06415271013975143,attack,no
766,1,0,0.012431652419636376,-4.38881254196167,-0.013812669552862644,attack,no
767,1,0,0.03308598077224154,-3.410156488418579,-0.03515656292438507,attack,no
768,1,1,0.7772998663336157,-0.25624653697013855,-1.506246566772461,attack,yes
769,1,0,0.04742587755326745,-3.0501866340637207,-0.05018673092126846,attack,no
770,1,0,0.0009110513481539749,-7.001430034637451,-0.0014302035560831428,attack,no
771,1,0,0.00020342703186756892,-8.500431060791016,-0.00043132537393830717,attack,no
772,1,0,0.18242551713899047,-1.7110360860824585,-0.21103604137897491,attack,no
773,1,0,0.08509904848750824,-2.4664101600646973,-0.09141020476818085,attack,no
774,1,0,0.32082130731838393,-1.1569736003875732,-0.40697363018989563,attack,no
775,1,0,0.03732689015525377,-3.2892630100250244,-0.03926308825612068,attack,no
776,1,0,0.04742587738497127,-3.049844980239868,-0.049845073372125626,attack,no
777,1,0,0.003593603024945342,-5.6290812492370605,-0.004081373102962971,attack,no
778,1,0,0.002800926554170961,-5.87828254699707,-0.0032823991496115923,attack,no
779,1,0,0.029312231493326745,-3.531881093978882,-0.031881120055913925,attack,no
780,1,0,0.14804719427274565,-1.914538860321045,-0.16453883051872253,attack,no
781,1,0,0.009708477260467047,-4.635682106018066,-0.010682187043130398,attack,no
782,1,0,0.003593602731485019,-5.629619598388672,-0.004619640298187733,attack,no
783,1,0,0.07585817532042316,-2.5818941593170166,-0.08189409226179123,attack,no
784,1,0,0.022977369575503337,-3.7742624282836914,-0.024262413382530212,attack,no
785,1,0,0.001032231112382207,-6.877035140991211,-0.0020352143328636885,attack,no
786,1,0,0.02297736798652257,-3.7741973400115967,-0.024197254329919815,attack,no
787,1,0,0.017986211212267053,-4.022463321685791,-0.022463392466306686,attack,no
788,1,0,0.29421497216298875,-1.2299774885177612,-0.35497748851776123,attack,no
789,1,0,0.0010322312809232616,-6.87654447555542,-0.0015447123441845179,attack,no
790,1,0,0.22270013366638422,-1.5046766996383667,-0.2546766698360443,attack,no
791,1,0,0.00043055711028349103,-7.751028060913086,-0.0010281282011419535,attack,no
792,1,0,0.08509903804604459,-2.466825485229492,-0.09182539582252502,attack,no
793,1,0,0.0953494674697966,-2.3534488677978516,-0.10344889760017395,attack,no
794,1,0,0.01406362589393769,-4.265127658843994,-0.015127575956285,attack,no
795,1,0,0.2942149783515162,-1.2321077585220337,-0.3571077883243561,attack,no
796,1,0,0.10669059039516234,-2.244666814804077,-0.11966677755117416,attack,no
797,1,0,0.004609572491318529,-5.380241394042969,-0.005241462029516697,attack,no
798,1,0,0.004070138536998475,-5.504558563232422,-0.004558765795081854,attack,no
799,1,0,0.09534945654437685,-2.35481333732605,-0.10481324046850204,attack,no
800,1,0,0.22270014398423357,-1.5117360353469849,-0.26173606514930725,attack,no
801,1,0,0.06754669020109236,-2.699618101119995,-0.07461808621883392,attack,no
802,1,0,0.009708474377297934,-4.635776519775391,-0.01077630091458559,attack,no
803,1,0,0.0035936031800124545,-5.629618167877197,-0.004618335049599409,attack,no
804,1,0,0.04208772536238702,-3.1714553833007812,-0.046455319970846176,attack,no
805,1,0,0.005220126457684789,-5.256593704223633,-0.006593851372599602,attack,no
806,1,0,0.0008040858429383806,-7.126378059387207,-0.0013779440196231008,attack,no
807,1,0,0.0035936021745774254,-5.629678726196289,-0.004678612574934959,attack,no
808,1,0,0.0031726833682420848,-5.754694938659668,-0.004695104900747538,attack,no
809,1,0,0.0035936029832606352,-5.629604339599609,-0.004604451823979616,attack,no
810,1,0,0.29421497216298875,-1.2310577630996704,-0.3560577630996704,attack,no
811,1,0,0.053403330929736405,-2.933072566986084,-0.058072589337825775,attack,no
812,1,0,0.0002305066915564028,-8.375514030456543,-0.0005138983833603561,attack,no
813,1,0,0.10669060388702058,-2.2420594692230225,-0.11705957353115082,attack,no
814,1,0,0.0953494738965146,-2.352869987487793,-0.10287009179592133,attack,no
815,1,0,0.2689414272294874,-1.3200911283493042,-0.3200911581516266,attack,no
816,1,0,0.16451647108926923,-1.806650161743164,-0.18165022134780884,attack,no
817,1,0,0.0005527785096094378,-7.5009684562683105,-0.0009682258241809905,attack,no
818,1,0,0.02931223085735209,-3.5314109325408936,-0.03141093626618385,attack,no
819,1,0,0.010986941689436472,-4.512121200561523,-0.012121113948523998,attack,no
820,1,0,0.0006263341394184647,-7.375880241394043,-0.0008802115335129201,attack,no
821,1,0,0.03308597981882656,-3.415367364883423,-0.04036740958690643,attack,no
822,1,0,0.10669059039516234,-2.2394378185272217,-0.1144377812743187,attack,no
823,1,0,0.0010322308216369478,-6.876600742340088,-0.0016005337238311768,attack,no
824,1,0,0.13296424706933604,-2.0228214263916016,-0.14782148599624634,attack,no
825,1,0,0.0850990519679964,-2.46616268157959,-0.091162770986557,attack,no
826,1,0,0.017986208251325228,-4.0200581550598145,-0.020058058202266693,attack,no
827,1,0,0.0013250226085414396,-6.626603126525879,-0.0016032711137086153,attack,no
828,1,0,0.0017007227735363927,-6.377812385559082,-0.002812598831951618,attack,no
829,1,0,0.06754669160889748,-2.700143575668335,-0.07514358311891556,attack,no
830,1,0,0.0003353502179450647,-8.000818252563477,-0.0008185135084204376,attack,no
831,1,0,0.24508501313237172,-1.413205623626709,-0.288205623626709,attack,no
832,1,0,0.020332354678328394,-3.898916721343994,-0.023916788399219513,attack,no
833,1,0,0.04742587620689797,-3.052920341491699,-0.05292040854692459,attack,no
834,1,0,0.006692850905710401,-5.007848262786865,-0.00784825999289751,attack,no
835,1,0,0.001501182408899489,-6.502135753631592,-0.00213585514575243,attack,no
836,1,0,0.09534945847239201,-2.351837635040283,-0.10183756053447723,attack,no
837,1,0,0.010986945059385054,-4.512575626373291,-0.012575849890708923,attack,no
838,1,0,0.029312231811314076,-3.5314769744873047,-0.03147701174020767,attack,no
839,1,0,0.22270014914315833,-1.5112617015838623,-0.2612617611885071,attack,no
840,1,0,0.06754668597767712,-2.696490526199341,-0.07149044424295425,attack,no
841,1,0,0.18242553047372242,-1.7047728300094604,-0.20477287471294403,attack,no
842,1,0,0.0003799845396030616,-7.876029968261719,-0.0010300336871296167,attack,no
843,1,0,0.022977369742764476,-3.7743782997131348,-0.02437829226255417,attack,no
844,1,0,0.004070138070763329,-5.505694389343262,-0.005694476887583733,attack,no
845,1,0,0.04742586947505113,-3.0498626232147217,-0.049862541258335114,attack,no
846,1,0,0.053403334696110465,-2.9321587085723877,-0.057158805429935455,attack,no
847,1,0,0.004070137385567643,-5.505132675170898,-0.005132593680173159,attack,no
848,1,0,0.06754669442450784,-2.7036361694335938,-0.07863622158765793,attack,no
849,1,0,0.0003353502535960589,-8.00096607208252,-0.0009664393728598952,attack,no
850,1,0,0.020332355271959375,-3.898296594619751,-0.023296691477298737,attack,no
851,1,0,0.003593602177912201,-5.629167556762695,-0.004167444072663784,attack,no
852,1,0,0.0002959572387505629,-8.126500129699707,-0.001500552985817194,attack,no
853,1,0,0.14804719051380197,-1.916640043258667,-0.16663998365402222,attack,no
854,1,0,0.05340332753999997,-2.9321227073669434,-0.05712266266345978,attack,no
855,1,0,0.1480471961522176,-1.9135034084320068,-0.16350339353084564,attack,no
856,1,0,0.0006263341028745512,-7.375808238983154,-0.0008081507403403521,attack,no
857,1,0,0.047425871831197425,-3.0507190227508545,-0.050718992948532104,attack,no
858,1,0,0.24508501313237172,-1.4077932834625244,-0.2827932834625244,attack,no
859,1,0,0.006692849543583785,-5.007327556610107,-0.007327348925173283,attack,no
860,1,0,0.08509903920620716,-2.468531608581543,-0.093531534075737,attack,no
861,1,0,0.005911068109237932,-5.132185459136963,-0.007185332011431456,attack,no
862,1,0,0.0008040858857763323,-7.126506328582764,-0.0015062665333971381,attack,no
863,1,0,0.00970847519210651,-4.6359758377075195,-0.010975703597068787,attack,no
864,1,0,0.022977368948274072,-3.778425455093384,-0.028425412252545357,attack,no
865,1,0,0.020332351264950595,-3.896012306213379,-0.02101220190525055,attack,no
866,1,0,0.14804719991116141,-1.9202136993408203,-0.1702137142419815,attack,no
867,1,0,0.022977368321044828,-3.7752678394317627,-0.025267768651247025,attack,no
868,1,0,0.04208772536238702,-3.1717453002929688,-0.046745236963033676,attack,no
869,1,0,0.000626334228792571,-7.375982761383057,-0.0009828743059188128,attack,no
870,1,0,0.03732688627322502,-3.289538621902466,-0.03953859210014343,attack,no
871,1,0,0.11920292515117029,-2.1337404251098633,-0.13374045491218567,attack,no
872,1,0,0.24508500761839525,-1.4180991649627686,-0.29309913516044617,attack,no
873,1,0,0.000335350218920735,-8.000652313232422,-0.0006525770877487957,attack,no
874,1,0,0.0007096703448600648,-7.251735687255859,-0.0017356107709929347,attack,no
875,1,0,0.06754669724011829,-2.697944402694702,-0.07294449955224991,attack,no
876,1,0,0.010986944158708007,-4.512063026428223,-0.012063167057931423,attack,no
877,1,0,0.00048785721443152496,-7.625903129577637,-0.0009033175301738083,attack,no
878,1,0,0.0031726821650394574,-5.753928184509277,-0.003927970305085182,attack,no
879,1,0,0.09534946232842245,-2.3525495529174805,-0.10254952311515808,attack,no
880,1,0,0.029312229426409177,-3.5306408405303955,-0.030640793964266777,attack,no
881,1,0,0.0474258688018665,-3.051563262939453,-0.051563166081905365,attack,no
882,1,0,0.11920291576401235,-2.13218355178833,-0.1321834921836853,attack,no
883,1,0,0.009708474395205814,-4.637033939361572,-0.01203372236341238,attack,no
884,1,0,0.004609572510547976,-5.380102634429932,-0.005102706607431173,attack,no
885,1,0,0.002472623668317368,-6.003627300262451,-0.0036275077145546675,attack,no
886,1,0,0.04208772431105632,-3.1707816123962402,-0.04578152298927307,attack,no
887,1,0,0.012431649881300534,-4.389149188995361,-0.014149109832942486,attack,no
888,1,0,0.05340333526106659,-2.9367940425872803,-0.06179415062069893,attack,no
889,1,0,0.03732689109229525,-3.2898619174957275,-0.039862021803855896,attack,no
890,1,0,0.020332354344410976,-3.9022653102874756,-0.027265360578894615,attack,no
891,1,0,0.009708476042730922,-4.6364850997924805,-0.011485054157674313,attack,no
892,1,0,0.0035936020195103556,-5.629062652587891,-0.004062495660036802,attack,no
893,1,0,0.0013250223307919426,-6.626585483551025,-0.0015854182420298457,attack,no
894,1,0,0.0005527786222594762,-7.501003265380859,-0.0010032388381659985,attack,no
895,1,0,0.4073334000459302,-0.9066990613937378,-0.5316990613937378,attack,no
896,1,0,0.1329642419157059,-2.0214099884033203,-0.1464100033044815,attack,no
897,1,0,0.05340333507274787,-2.9316372871398926,-0.056637391448020935,attack,no
898,1,0,0.06754668550840877,-2.696535587310791,-0.07153549790382385,attack,no
899,1,0,0.005220126888110461,-5.255995273590088,-0.005995503626763821,attack,no
900,1,0,0.001501182260226957,-6.502439498901367,-0.002439501229673624,attack,no
901,1,0,0.18242553047372242,-1.7076095342636108,-0.20760957896709442,attack,no
902,1,0,0.2018132174596823,-1.6086724996566772,-0.23367246985435486,attack,no
903,1,0,0.18242551936144574,-1.7049399614334106,-0.20493993163108826,attack,no
904,1,0,0.4073334000459302,-0.9040067195892334,-0.5290067195892334,attack,no
905,1,0,0.02595735540821259,-3.6528542041778564,-0.027854133397340775,attack,no
906,1,0,0.0028009266341596987,-5.878716468811035,-0.0037163496017456055,attack,no
907,1,0,0.0013250225309009754,-6.626969337463379,-0.0019694233778864145,attack,no
908,1,0,0.02931223371923813,-3.5328569412231445,-0.03285704553127289,attack,no
909,1,0,0.017986210027890265,-4.019333839416504,-0.019333843141794205,attack,no
910,1,0,0.0004305571478598904,-7.750802516937256,-0.0008026715368032455,attack,no
911,1,0,0.18242552825126704,-1.707985281944275,-0.2079853117465973,attack,no
912,1,0,0.00023050675588402844,-8.37542724609375,-0.0004273931554052979,attack,no
913,1,0,0.11920292828022305,-2.129851818084717,-0.12985187768936157,attack,no
914,1,0,0.025957357433268474,-3.653149366378784,-0.028149375692009926,attack,no
915,1,0,0.0850990438468576,-2.47115159034729,-0.09615157544612885,attack,no
916,1,0,0.007577242500456555,-4.883523941040039,-0.008524104952812195,attack,no
917,1,0,0.13296422989056964,-2.019753932952881,-0.1447538435459137,attack,no
918,1,0,0.002182716529015694,-6.1277031898498535,-0.0027032282669097185,attack,no
919,1,0,0.05340332659840655,-2.931244134902954,-0.05624407157301903,attack,no
920,1,0,0.0010322308426445504,-6.876430034637451,-0.0014298463938757777,attack,no
921,1,0,0.0002611904183472102,-8.25095272064209,-0.0009531007381156087,attack,no
922,1,0,0.020332355680080683,-3.897789478302002,-0.022789595648646355,attack,no
923,1,0,0.01590639322796263,-4.142901420593262,-0.01790151745080948,attack,no
924,1,0,0.00037998454658969737,-7.876011848449707,-0.0010119322687387466,attack,no
925,1,0,0.10669059536584675,-2.241913318634033,-0.1169133335351944,attack,no
926,1,0,0.18242551713899047,-1.7040036916732788,-0.20400364696979523,attack,no
927,1,0,0.32082130082460697,-1.1411770582199097,-0.39117705821990967,attack,no
928,1,0,0.007577243004700326,-4.883571624755859,-0.00857185572385788,attack,no
929,1,0,0.012431649252433627,-4.389335632324219,-0.014335501939058304,attack,no
930,1,0,0.0008040858893305729,-7.126421928405762,-0.0014218707801774144,attack,no
931,1,0,0.16451645470385742,-1.808966875076294,-0.18396681547164917,attack,no
932,1,0,0.037326890021390696,-3.2907352447509766,-0.04073531925678253,attack,no
933,1,0,0.22270013366638422,-1.5051438808441162,-0.2551438510417938,attack,no
934,1,0,0.10669058897496679,-2.2415711879730225,-0.11657113581895828,attack,no
935,1,0,0.0005527786378240282,-7.501194477081299,-0.0011944787111133337,attack,no
936,1,0,0.0005527785635386712,-7.5007100105285645,-0.0007098776986822486,attack,no
937,1,0,0.004609572089636805,-5.381455421447754,-0.006455401889979839,attack,no
938,1,0,0.0015011820312852463,-6.503210067749023,-0.003209917340427637,attack,no
939,1,0,0.008577486847211354,-4.760173320770264,-0.010173489339649677,attack,no
940,1,0,0.03308598160647967,-3.41047739982605,-0.03547750040888786,attack,no
941,1,0,0.09534945975773548,-2.353071689605713,-0.10307163000106812,attack,no
942,1,0,0.05340333017646162,-2.9322352409362793,-0.057235248386859894,attack,no
943,1,0,0.029312230751356316,-3.5310616493225098,-0.031061649322509766,attack,no
944,1,0,0.0015011825177864229,-6.502561092376709,-0.0025612665340304375,attack,no
945,1,0,0.2689414272294874,-1.3186098337173462,-0.3186098635196686,attack,no
946,1,0,0.033085978388704126,-3.4103877544403076,-0.03538775444030762,attack,no
947,1,0,0.22270013366638422,-1.5041611194610596,-0.2541610896587372,attack,no
948,1,0,0.04742587704837889,-3.050572156906128,-0.050572242587804794,attack,no
949,1,0,0.001032230819236079,-6.876360893249512,-0.0013606823049485683,attack,no
950,1,0,0.00013982203106561517,-8.875401496887207,-0.0004011779965367168,attack,no
951,1,0,0.0066928495559667525,-5.008622646331787,-0.00862244050949812,attack,no
952,1,0,0.02931222852544515,-3.532395362854004,-0.03239528462290764,attack,no
953,1,0,0.0011695100999640471,-6.751479625701904,-0.001479484373703599,attack,no
954,1,0,0.022977371248114782,-3.7754852771759033,-0.025485336780548096,attack,no
955,1,0,0.13296425050508953,-2.0233194828033447,-0.1483195722103119,attack,no
956,1,0,0.05340332697504391,-2.9323818683624268,-0.05738181248307228,attack,no
957,1,0,0.22270013366638422,-1.5080604553222656,-0.25806042551994324,attack,no
958,1,0,0.0017007227980454223,-6.377540111541748,-0.0025403392501175404,attack,no
959,1,0,0.06008664933244599,-2.815216064453125,-0.0652160495519638,attack,no
960,1,0,0.007577239825163771,-4.883892059326172,-0.008891867473721504,attack,no
961,1,0,0.0002959570941901363,-8.12560749053955,-0.0006074252305552363,attack,no
962,1,0,0.0850990542883219,-2.4652786254882812,-0.0902787446975708,attack,no
963,1,0,0.008577485128596116,-4.759969711303711,-0.009969677776098251,attack,no
964,1,0,0.18242553269617778,-1.707836627960205,-0.20783668756484985,attack,no
965,1,0,0.14804719051380197,-1.9131011962890625,-0.16310113668441772,attack,no
966,1,0,0.22270014398423357,-1.5119658708572388,-0.26196590065956116,attack,no
967,1,0,0.11920293297380237,-2.129467487335205,-0.12946759164333344,attack,no
968,1,0,0.02033235360237229,-3.897010087966919,-0.02201010100543499,attack,no
969,1,0,0.005911068303514174,-5.131789684295654,-0.006789590232074261,attack,no
970,1,0,0.03732688975366457,-3.2890453338623047,-0.03904540091753006,attack,no
971,1,0,0.0013250221998507134,-6.6268510818481445,-0.0018509175861254334,attack,no
972,1,0,0.0758581868113179,-2.584556818008423,-0.08455691486597061,attack,no
973,1,0,0.007577239930214518,-4.8833394050598145,-0.008339227177202702,attack,no
974,1,0,0.03732688921821231,-3.2890007495880127,-0.039000801742076874,attack,no
975,1,0,0.02297736945005748,-3.779439926147461,-0.029439905658364296,attack,no
976,1,0,0.11920292671569666,-2.1305036544799805,-0.13050369918346405,attack,no
977,1,0,0.05340332697504391,-2.93402099609375,-0.05902094021439552,attack,no
978,1,0,0.02595735484308074,-3.652218818664551,-0.02721872553229332,attack,no
979,1,0,0.13296425050508953,-2.0215137004852295,-0.14651378989219666,attack,no
980,1,0,0.00048785709442748164,-7.625770092010498,-0.0007700338610447943,attack,no
981,1,0,0.18242553269617778,-1.7045202255249023,-0.20452028512954712,attack,no
982,1,0,0.10669059891633578,-2.240011692047119,-0.11501174420118332,attack,no
983,1,0,0.11920291732853862,-2.131706714630127,-0.13170666992664337,attack,no
984,1,0,0.06008665101556925,-2.8172061443328857,-0.06720615923404694,attack,no
985,1,0,0.0004305570783686052,-7.751469135284424,-0.0014691284159198403,attack,no
986,1,0,0.02297737003547147,-3.775376319885254,-0.025376325473189354,attack,no
987,1,0,0.04742586846527418,-3.0495355129241943,-0.04953540861606598,attack,no
988,1,0,0.0013250226304163332,-6.627217769622803,-0.002217930741608143,attack,no
989,1,0,0.0013250225694131101,-6.627072811126709,-0.0020729261450469494,attack,no
990,1,0,0.00080408584752148,-7.127232551574707,-0.0022324419114738703,attack,no
991,1,0,0.0004878571595952366,-7.62575101852417,-0.0007510940195061266,attack,no
992,1,0,0.002472623358206692,-6.003820896148682,-0.003820977872237563,attack,no
993,1,0,0.02931222757148327,-3.530700445175171,-0.030700333416461945,attack,no
994,1,0,0.05340332452690107,-2.9326465129852295,-0.057646408677101135,attack,no
995,1,0,0.04208772446124641,-3.1720659732818604,-0.04706588760018349,attack,no
996,1,0,0.04742587031653194,-3.0502731800079346,-0.050273116677999496,attack,no
997,1,0,0.004609572489181924,-5.38071870803833,-0.005718775559216738,attack,no
998,1,0,0.11920291419948606,-2.136214256286621,-0.13621418178081512,attack,no
999,1,0,0.08509905254807776,-2.469268321990967,-0.09426841884851456,attack,no
1000,1,0,0.03308597457504463,-3.4098877906799316,-0.03488767147064209,attack,no
1001,1,0,0.0758581737534831,-2.5804038047790527,-0.08040371537208557,attack,no
1002,1,0,0.10669058613457583,-2.239375352859497,-0.1143752709031105,attack,no
1003,1,0,0.07585818158818373,-2.580167055130005,-0.08016707748174667,attack,no
1004,1,0,0.03308598029553404,-3.4097750186920166,-0.03477507829666138,attack,no
1005,1,0,0.001032231018628256,-6.876701354980469,-0.0017013374017551541,attack,no
1006,1,0,0.13296425394084313,-2.0223608016967773,-0.1473609209060669,attack,no
1007,1,0,0.11920292045759123,-2.130031108856201,-0.13003109395503998,attack,no
1008,1,0,0.11920293140927592,-2.1316370964050293,-0.13163718581199646,attack,no
1009,1,0,0.07585818106587033,-2.581040620803833,-0.0810406357049942,attack,no
1010,1,0,0.1480471980316895,-1.9159332513809204,-0.1659332513809204,attack,no
1011,1,0,0.07585817688736327,-2.580169439315796,-0.08016939461231232,attack,no
1012,1,0,0.0009110511237228658,-7.001350402832031,-0.0013503251830115914,attack,no
1013,1,0,0.06754669442450784,-2.6975913047790527,-0.07259135693311691,attack,no
1014,1,0,0.04208772986809033,-3.169448137283325,-0.044448185712099075,attack,no
1015,1,0,0.01406362584228341,-4.264827728271484,-0.014827641658484936,attack,no
1016,1,0,0.03308598017635717,-3.4113683700561523,-0.03636842593550682,attack,no
1017,1,0,0.05340332509185711,-2.9334521293640137,-0.05845203623175621,attack,no
1018,1,0,0.00010889693717197266,-9.1256742477417,-0.0006744970451109111,attack,no
1019,1,0,0.010986944128348107,-4.512053489685059,-0.012053627520799637,attack,no
1020,1,0,0.01406362589393769,-4.264954566955566,-0.014954484067857265,attack,no
1021,1,0,0.04208772836618918,-3.170208215713501,-0.04520822688937187,attack,no
1022,1,0,0.0010322308498471571,-6.876338958740234,-0.0013387774815782905,attack,no
1023,1,0,0.022977370286363184,-3.774627208709717,-0.02462722547352314,attack,no
1024,1,0,0.4378234991142019,-0.837732195854187,-0.587732195854187,attack,no
1025,1,0,0.10669059181535785,-2.2413711547851562,-0.11637113243341446,attack,no
1026,1,0,0.20181322226037882,-1.6034520864486694,-0.22845208644866943,attack,no
1027,1,0,0.00048785711571485704,-7.6258625984191895,-0.0008625839254818857,attack,no
1028,1,0,0.08509904500702024,-2.46545147895813,-0.09045147895812988,attack,no
1029,1,0,0.0010322309203126623,-6.877124786376953,-0.002124673454090953,attack,no
1030,1,0,0.000804085966214414,-7.1262617111206055,-0.0012617491884157062,attack,no
1031,1,0,0.015906388562892566,-4.142149925231934,-0.017149724066257477,attack,no
1032,1,0,0.10669060388702058,-2.2396957874298096,-0.11469589173793793,attack,no
1033,1,0,0.0006263341095785191,-7.3760528564453125,-0.0010527789127081633,attack,no
1034,1,0,0.0004878571905045102,-7.626073360443115,-0.001073499326594174,attack,no
1035,1,0,0.0002959570972900732,-8.125765800476074,-0.0007657456444576383,attack,no
1036,1,0,0.16451645675203383,-1.8085466623306274,-0.18354661762714386,attack,no
1037,1,0,0.053403329799824234,-2.9331307411193848,-0.058130741119384766,attack,no
1038,1,0,0.22270013882530884,-1.5052798986434937,-0.25527989864349365,attack,no
1039,1,0,0.08509905138791504,-2.4664483070373535,-0.09144838899374008,attack,no
1040,1,0,0.014063626500875498,-4.264927864074707,-0.014927824959158897,attack,no
1041,1,0,0.0015011820040635206,-6.502691745758057,-0.0026915771886706352,attack,no
1042,1,0,0.0066928496550304984,-5.007548809051514,-0.007548618130385876,attack,no
1043,1,0,0.20181322226037882,-1.6079678535461426,-0.23296785354614258,attack,no
1044,1,0,0.08509904036636974,-2.46958065032959,-0.09458059072494507,attack,no
1045,1,0,0.005911068188590199,-5.131862163543701,-0.006862049922347069,attack,no
1046,1,0,0.025957355455306908,-3.6530308723449707,-0.02803080342710018,attack,no
1047,1,0,0.18242552380635632,-1.7065621614456177,-0.20656216144561768,attack,no
1048,1,0,0.0009110512697408333,-7.001319408416748,-0.0013194911880418658,attack,no
1049,1,0,0.09534947132582737,-2.3552443981170654,-0.1052444726228714,attack,no
1050,1,0,0.001926734956596237,-6.252615451812744,-0.002615604316815734,attack,no
1051,1,0,0.10669058968506456,-2.240246057510376,-0.1152460128068924,attack,no
1052,1,0,0.0017007227545616603,-6.377199172973633,-0.002199375070631504,attack,no
1053,1,0,0.22270012850745968,-1.5077550411224365,-0.25775498151779175,attack,no
1054,1,0,0.0066928504475405074,-5.008425712585449,-0.008425640873610973,attack,no
1055,1,0,0.0010322310138265174,-6.876479625701904,-0.001479603466577828,attack,no
1056,1,0,0.002472622685726084,-6.004380702972412,-0.004380512051284313,attack,no
1057,1,0,0.0203323520069892,-3.8963115215301514,-0.021311454474925995,attack,no
1058,1,0,0.06754669536304464,-2.696908473968506,-0.07190854102373123,attack,no
1059,1,0,0.001169510167006955,-6.751739978790283,-0.001739894854836166,attack,no
1060,1,0,0.0015011822166023905,-6.503353595733643,-0.003353568958118558,attack,no
1061,1,0,0.08509904152653235,-2.4674487113952637,-0.09244866669178009,attack,no
1062,1,0,0.14804719239327382,-1.9219303131103516,-0.17193026840686798,attack,no
1063,1,0,0.09534947196849917,-2.3547511100769043,-0.10475119203329086,attack,no
1064,1,0,0.0008040859263695027,-7.1262054443359375,-0.0012054328108206391,attack,no
1065,1,0,0.06754668550840877,-2.697484016418457,-0.07248392701148987,attack,no
1066,1,0,0.001501182511853481,-6.502103328704834,-0.0021034989040344954,attack,no
1067,1,0,0.01590639538555799,-4.143864154815674,-0.01886438950896263,attack,no
1068,1,0,0.0007096702681638065,-7.251041412353516,-0.0010412277188152075,attack,no
1069,1,0,0.1645164608483867,-1.8087936639785767,-0.18379364907741547,attack,no
1070,1,0,0.06008665480259672,-2.8142752647399902,-0.0642753466963768,attack,no
1071,1,0,0.004070138197231967,-5.504999160766602,-0.004999279510229826,attack,no
1072,1,0,0.06754669301670263,-2.6995790004730225,-0.07457903027534485,attack,no
1073,1,0,0.005220125693558397,-5.256722927093506,-0.006722927093505859,attack,no
1074,1,0,0.017986206310263625,-4.019166946411133,-0.019166739657521248,attack,no
1075,1,0,0.1329642384799526,-2.022355794906616,-0.14735578000545502,attack,no
1076,1,0,0.01098694459386657,-4.51540470123291,-0.015404881909489632,attack,no
1077,1,0,0.06754668550840877,-2.697228193283081,-0.07222810387611389,attack,no
1078,1,0,0.053403333566198224,-2.933640956878662,-0.05864103138446808,attack,no
1079,1,0,0.0006263341812818337,-7.375800609588623,-0.0008006466086953878,attack,no
1080,1,0,0.2018132150593341,-1.6049604415893555,-0.2299603968858719,attack,no
1081,1,0,0.01798621200185162,-4.0192790031433105,-0.0192791186273098,attack,no
1082,1,0,0.00048785719910461145,-7.625800132751465,-0.0008002892718650401,attack,no
1083,1,0,0.0015011824849807433,-6.502054691314697,-0.0020548435859382153,attack,no
1084,1,0,0.0758581847220642,-2.5821573734283447,-0.0821574404835701,attack,no
1085,1,0,0.015906390516390492,-4.141878604888916,-0.016878528520464897,attack,no
1086,1,0,0.015906393781939792,-4.142376899719238,-0.017377031967043877,attack,no
1087,1,0,0.02931222947940706,-3.5332658290863037,-0.03326578438282013,attack,no
1088,1,0,0.00029595715164230593,-8.125676155090332,-0.0006762839620932937,attack,no
1089,1,0,0.0002611903424874533,-8.250545501708984,-0.0005455912905745208,attack,no
1090,1,0,0.04208772776542873,-3.172133445739746,-0.047133442014455795,attack,no
1091,1,0,0.04742587334586296,-3.0530223846435547,-0.053022388368844986,attack,no
1092,1,0,0.0850990519679964,-2.4667229652404785,-0.09172305464744568,attack,no
1093,1,0,0.04208773227113229,-3.1699318885803223,-0.04493199661374092,attack,no
1094,1,0,0.10669058613457583,-2.2404725551605225,-0.1154724732041359,attack,no
1095,1,0,0.04742586846527418,-3.0496902465820312,-0.04969014227390289,attack,no
1096,1,0,0.0009110511312462873,-7.001153469085693,-0.0011533997021615505,attack,no
1097,1,0,0.1480472055495773,-1.9127318859100342,-0.16273194551467896,attack,no
1098,1,0,0.003593603099977815,-5.630157947540283,-0.005158092360943556,attack,no
1099,1,0,0.1329642384799526,-2.0211923122406006,-0.1461922973394394,attack,no
1100,1,0,0.2689414272294874,-1.3199646472930908,-0.3199646770954132,attack,no
1101,1,0,0.04742587637519415,-3.0504066944122314,-0.050406765192747116,attack,no
1102,1,0,0.37754067580180184,-0.9823112487792969,-0.48231127858161926,attack,no
1103,1,0,0.13296423676207594,-2.022170305252075,-0.1471702754497528,attack,no
1104,1,1,0.5312093733737563,-0.6450787782669067,-0.7700787782669067,attack,yes
1105,1,0,0.0010322312228222112,-6.876724720001221,-0.0017249004449695349,attack,no
1106,1,0,0.0850990519679964,-2.466151475906372,-0.09115156531333923,attack,no
1107,1,0,0.32082129433083023,-1.143158197402954,-0.3931581676006317,attack,no
1108,1,0,0.1645164608483867,-1.8101623058319092,-0.18516229093074799,attack,no
1109,1,0,0.13296424878721277,-2.022156000137329,-0.14715607464313507,attack,no
1110,1,0,0.13296422989056964,-2.020012378692627,-0.1450122892856598,attack,no
1111,1,0,0.000430557083453944,-7.750839710235596,-0.0008397151832468808,attack,no
1112,1,0,0.0031726827821041514,-5.754422664642334,-0.004422645550221205,attack,no
1113,1,0,0.02033235319425102,-3.8981235027313232,-0.023123495280742645,attack,no
1114,1,0,0.003172682533952822,-5.753645896911621,-0.0036457993555814028,attack,no
1115,1,0,0.09534946618445303,-2.359191656112671,-0.10919167101383209,attack,no
1116,1,0,0.014063624576753598,-4.264929294586182,-0.014929116703569889,attack,no
1117,1,0,0.0534033354493853,-2.933422803878784,-0.058422915637493134,attack,no
1118,1,0,0.04742586964334729,-3.0499789714813232,-0.049978893250226974,attack,no
1119,1,0,0.03308598101059528,-3.4109435081481934,-0.035943590104579926,attack,no
1120,1,0,0.08509905370824052,-2.4651827812194824,-0.09018289297819138,attack,no
1121,1,0,0.3486451217982255,-1.0635433197021484,-0.43854326009750366,attack,no
1122,1,0,0.07585817427579646,-2.582253932952881,-0.0822538509964943,attack,no
1123,1,0,0.014063630103762164,-4.265562534332275,-0.015562755055725574,attack,no
1124,1,0,0.04742587755326745,-3.050741672515869,-0.0507417693734169,attack,no
1125,1,0,0.0013250222690184903,-6.627067565917969,-0.0020674539264291525,attack,no
1126,1,0,0.014063628683269103,-4.265553951263428,-0.01555406954139471,attack,no
1127,1,0,0.007577241702070652,-4.8836469650268555,-0.008647022768855095,attack,no
1128,1,0,0.0019267342420055615,-6.252281188964844,-0.0022809698712080717,attack,no
1129,1,0,0.13296424535145931,-2.0192744731903076,-0.1442745178937912,attack,no
1130,1,0,0.002182715973747801,-6.127620220184326,-0.0026200036518275738,attack,no
1131,1,0,0.001169510006675139,-6.751452922821045,-0.0014527016319334507,attack,no
1132,1,0,0.04742587856304458,-3.051693916320801,-0.05169403553009033,attack,no
1133,1,0,0.05340332565681314,-2.932267189025879,-0.05726710706949234,attack,no
1134,1,0,0.03308597505175204,-3.4103808403015137,-0.035380735993385315,attack,no
1135,1,0,0.005911069001266923,-5.13279914855957,-0.00779917323961854,attack,no
1136,1,0,0.0010322310218694294,-6.8762078285217285,-0.001207814086228609,attack,no
1137,1,0,0.022977369324611623,-3.7768290042877197,-0.026828978210687637,attack,no
1138,1,0,0.09534946618445303,-2.3586747646331787,-0.1086747795343399,attack,no
1139,1,0,0.06754669442450784,-2.696671724319458,-0.07167177647352219,attack,no
1140,1,0,0.025957354325043223,-3.653456926345825,-0.028456812724471092,attack,no
1141,1,0,0.13296424535145931,-2.0248560905456543,-0.14985613524913788,attack,no
1142,1,0,0.029312234037225486,-3.5320141315460205,-0.03201424703001976,attack,no
1143,1,0,0.10669060033653141,-2.245121717453003,-0.1201217845082283,attack,no
1144,1,0,0.05340332735168128,-2.932480573654175,-0.057480525225400925,attack,no
1145,1,0,0.02297737174989824,-3.7761993408203125,-0.026199422776699066,attack,no
1146,1,0,0.08509903862612588,-2.4686508178710938,-0.09365073591470718,attack,no
1147,1,0,0.025957356962325234,-3.6545510292053223,-0.02955101989209652,attack,no
1148,1,0,0.053403324150263734,-2.9320712089538574,-0.05707109719514847,attack,no
1149,1,0,0.24508502416032488,-1.418665885925293,-0.29366594552993774,attack,no
1150,1,0,0.0011695101142429624,-6.751765727996826,-0.0017655988922342658,attack,no
1151,1,0,0.010986942741912796,-4.5119853019714355,-0.011985312215983868,attack,no
1152,1,0,0.008577485001877955,-4.759113311767578,-0.009113263338804245,attack,no
1153,1,0,0.04208772641371775,-3.1696228981018066,-0.044622860848903656,attack,no
1154,1,0,0.0005527785653395281,-7.5009870529174805,-0.0009869233472272754,attack,no
1155,1,0,0.08509904036636974,-2.46810245513916,-0.09310239553451538,attack,no
1156,1,0,0.010986940130962096,-4.511735916137695,-0.011735686101019382,attack,no
1157,1,0,0.24508501864634827,-1.408901333808899,-0.2839013636112213,attack,no
1158,1,0,0.001700722100724139,-6.377652645111084,-0.0026524621061980724,attack,no
1159,1,0,0.08509905254807776,-2.4661264419555664,-0.09112653881311417,attack,no
1160,1,0,0.010986940606600357,-4.512561321258545,-0.012561134994029999,attack,no
1161,1,0,0.1329642264548166,-2.021721363067627,-0.1467212438583374,attack,no
1162,1,0,0.18242551936144574,-1.7210493087768555,-0.22104927897453308,attack,no
1163,1,0,0.0052201266172808205,-5.2555084228515625,-0.0055086007341742516,attack,no
1164,1,0,0.0015011823193818712,-6.50186824798584,-0.0018682897789403796,attack,no
1165,1,0,0.001032230942040528,-6.876360893249512,-0.0013608013978227973,attack,no
1166,1,0,0.0007096704065307971,-7.250965595245361,-0.0009656057227402925,attack,no
1167,1,0,0.09534947068315555,-2.354827880859375,-0.10482794791460037,attack,no
1168,1,0,0.02033235430730904,-3.8958017826080322,-0.020801831036806107,attack,no
1169,1,0,0.08509904094645104,-2.4663140773773193,-0.09131402522325516,attack,no
1170,1,0,0.07585817218654307,-2.580827236175537,-0.08082712441682816,attack,no
1171,1,0,0.07585817323116976,-2.583331346511841,-0.08333124965429306,attack,no
1172,1,0,0.005911069619667467,-5.131263732910156,-0.006263862829655409,attack,no
1173,1,0,0.0017007224003666962,-6.378239154815674,-0.003239148296415806,attack,no
1174,1,0,0.00020342696465391202,-8.500920295715332,-0.0009202298242598772,attack,no
1175,1,0,0.08509904210661365,-2.4658889770507812,-0.09088893979787827,attack,no
1176,1,0,0.022977369617318617,-3.774766683578491,-0.024766670539975166,attack,no
1177,1,0,0.0013250222240363278,-6.62677526473999,-0.0017751187551766634,attack,no
1178,1,0,0.02595735639719335,-3.6532175540924072,-0.02821752242743969,attack,no
1179,1,0,0.00522012675269564,-5.2581634521484375,-0.00816365610808134,attack,no
1180,1,0,0.09534947004048376,-2.354522228240967,-0.10452228784561157,attack,no
1181,1,0,5.829125720288775e-05,-9.75053882598877,-0.000538680877070874,attack,no
1182,1,0,0.06008665438181589,-2.8146352767944336,-0.06463535130023956,attack,no
1183,1,0,0.00317268334320604,-5.7538628578186035,-0.0038630161434412003,attack,no
1184,1,0,0.0003353500455441691,-8.000991821289062,-0.0009915679693222046,attack,no
1185,1,0,0.0011695101710866452,-6.7515950202941895,-0.0015949398512020707,attack,no
1186,1,0,0.037326887344129464,-3.290668249130249,-0.04066824913024902,attack,no
1187,1,0,0.13296423160844623,-2.0193169116973877,-0.14431683719158173,attack,no
1188,1,0,0.053403333942835626,-2.9322702884674072,-0.05727037042379379,attack,no
1189,1,0,0.03732688480073145,-3.288820743560791,-0.038820672780275345,attack,no
1190,1,0,0.0011695101274339604,-6.75182580947876,-0.0018256916664540768,attack,no
1191,1,0,0.0031726830368826874,-5.753731727600098,-0.003731789067387581,attack,no
1192,1,0,0.017986209896292852,-4.0191192626953125,-0.0191192589700222,attack,no
1193,1,0,0.022977370202732616,-3.7764344215393066,-0.026434434577822685,attack,no
1194,1,0,0.37754067580180184,-0.9783724546432495,-0.4783724844455719,attack,no
1195,1,0,0.020332352823231693,-3.8963868618011475,-0.02138683572411537,attack,no
1196,1,0,0.02931223255328453,-3.532383680343628,-0.032383743673563004,attack,no
1197,1,0,0.002182716358632107,-6.128021717071533,-0.0030216772574931383,attack,no
1198,1,0,0.07585817479810981,-2.5823163986206055,-0.0823163241147995,attack,no
1199,1,0,0.009708476517289835,-4.636532306671143,-0.011532310396432877,attack,no
1200,1,0,0.0005527786740019654,-7.5009050369262695,-0.0009051040397025645,attack,no
1201,1,0,0.22270013366638422,-1.5098158121109009,-0.2598157823085785,attack,no
1202,1,0,0.001700722788558056,-6.377020359039307,-0.0020205811597406864,attack,no
1203,1,0,0.003593602613100463,-5.630408763885498,-0.005408772733062506,attack,no
1204,1,0,0.06008665648572012,-2.816934823989868,-0.06693493574857712,attack,no
1205,1,0,0.010986940394081131,-4.5117034912109375,-0.01170328538864851,attack,no
1206,1,0,0.20181322946142374,-1.604880690574646,-0.22988073527812958,attack,no
1207,1,0,0.007577242262341453,-4.88362455368042,-0.008624685928225517,attack,no
1208,1,0,0.0011695101728545112,-6.751804351806641,-0.0018042728770524263,attack,no
1209,1,0,0.0019267344963210097,-6.252523422241211,-0.0025233353953808546,attack,no
1210,1,0,0.05340332791663734,-2.9326071739196777,-0.05760713666677475,attack,no
1211,1,0,0.008577484613803598,-4.759952068328857,-0.009951974265277386,attack,no
1212,1,0,0.0013250225976039931,-6.626943588256836,-0.0019437245791777968,attack,no
1213,1,0,0.0005527785598726408,-7.501556873321533,-0.0015567338559776545,attack,no
1214,1,0,0.13296425222296632,-2.023824691772461,-0.1488247960805893,attack,no
1215,1,0,0.0003799844839752952,-7.87605619430542,-0.0010561132803559303,attack,no
1216,1,0,0.00026119021911469987,-8.250537872314453,-0.0005374894244596362,attack,no
1217,1,0,0.001325022381165807,-6.627026081085205,-0.0020260538440197706,attack,no
1218,1,0,0.29421496597446145,-1.2269065380096436,-0.35190650820732117,attack,no
1219,1,0,0.22270013366638422,-1.5094695091247559,-0.25946947932243347,attack,no
1220,1,0,0.014063625829369836,-4.266568183898926,-0.016568096354603767,attack,no
1221,1,0,0.0003799844292761401,-7.876079559326172,-0.0010793342953547835,attack,no
1222,1,0,0.1329642281726931,-2.0219955444335938,-0.1469954401254654,attack,no
1223,1,0,0.029312231705318298,-3.5317111015319824,-0.03171113505959511,attack,no
1224,1,0,0.05340332678672523,-2.9309444427490234,-0.05594438314437866,attack,no
1225,1,0,0.0007096704182540161,-7.25117301940918,-0.0011730464175343513,attack,no
1226,1,0,0.0675466977093867,-2.6977756023406982,-0.0727757066488266,attack,no
1227,1,0,0.029312233242257103,-3.530571222305298,-0.030571309849619865,attack,no
1228,1,0,0.37754066879814546,-0.9782779216766357,-0.47827792167663574,attack,no
1229,1,0,0.014063625028728518,-4.2666215896606445,-0.01662144437432289,attack,no
1230,1,0,0.000626334297726868,-7.376208305358887,-0.0012085284106433392,attack,no
1231,1,0,0.0019267348867490163,-6.253310680389404,-0.00331079657189548,attack,no
1232,1,0,0.00017952795641212025,-8.625926971435547,-0.0009268993744626641,attack,no
1233,1,0,0.022977372126235844,-3.7757456302642822,-0.025745728984475136,attack,no
1234,1,0,0.00970847687544752,-4.6355743408203125,-0.010574381798505783,attack,no
1235,1,0,0.047425874692232355,-3.0498812198638916,-0.04988125339150429,attack,no
1236,1,0,0.029312231175339414,-3.535031318664551,-0.035031333565711975,attack,no
1237,1,0,0.11920293140927592,-2.1318554878234863,-0.1318555772304535,attack,no
1238,1,0,0.003172682388154721,-5.753879547119141,-0.0038794034626334906,attack,no
1239,1,0,0.11920292671569666,-2.1282222270965576,-0.1282222718000412,attack,no
1240,1,0,0.11920291107043361,-2.130420207977295,-0.13042010366916656,attack,no
1241,1,0,0.26894141551050293,-1.3213567733764648,-0.32135674357414246,attack,no
1242,1,0,0.0007096705409350356,-7.251408100128174,-0.0014083001296967268,attack,no
1243,1,0,0.000626334298018345,-7.375991344451904,-0.0009915679693222046,attack,no
1244,1,0,0.04208773061904093,-3.175159454345703,-0.0501595214009285,attack,no
1245,1,0,0.2018132270610754,-1.611682415008545,-0.2366824448108673,attack,no
1246,1,0,0.029312227783474795,-3.531991720199585,-0.031991615891456604,attack,no
1247,1,0,0.1480471961522176,-1.9133549928665161,-0.16335497796535492,attack,no
1248,1,0,0.0675466977093867,-2.6974003314971924,-0.07240043580532074,attack,no
1249,1,0,0.037326890021390696,-3.289125919342041,-0.039125993847846985,attack,no
1250,1,0,0.005220126070785335,-5.256441116333008,-0.0064411889761686325,attack,no
1251,1,0,0.053403331683011195,-2.932145595550537,-0.057145632803440094,attack,no
1252,1,0,0.047425875197120895,-3.051037311553955,-0.05103735625743866,attack,no
1253,1,0,0.05340333563770401,-2.9326627254486084,-0.05766284093260765,attack,no
1254,1,0,0.02931222979739437,-3.5306289196014404,-0.030628886073827744,attack,no
1255,1,0,0.2689414096510108,-1.3283677101135254,-0.3283676505088806,attack,no
1256,1,0,0.18242551713899047,-1.7065976858139038,-0.20659764111042023,attack,no
1257,1,0,0.0474258688018665,-3.0511720180511475,-0.0511719211935997,attack,no
1258,1,0,0.00757724163904019,-4.883354663848877,-0.008354713208973408,attack,no
1259,1,0,0.2018132270610754,-1.6039636135101318,-0.22896364331245422,attack,no
1260,1,0,0.0004305571070769718,-7.7505974769592285,-0.0005975367967039347,attack,no
1261,1,0,0.22270012850745968,-1.506605625152588,-0.2566055655479431,attack,no
1262,1,0,0.010986942843112447,-4.511643409729004,-0.011643429286777973,attack,no
1263,1,0,0.03732689136002139,-3.2910542488098145,-0.04105436056852341,attack,no
1264,1,0,0.005220126073203457,-5.255717754364014,-0.005717827472835779,attack,no
1265,1,0,0.1480471961522176,-1.9133154153823853,-0.16331540048122406,attack,no
1266,1,0,0.0003799844893037097,-7.875781536102295,-0.0007814691052772105,attack,no
1267,1,0,0.00017952800077444567,-8.62535572052002,-0.00035589560866355896,attack,no
1268,1,0,0.0004305571366120212,-7.7508344650268555,-0.0008345934911631048,attack,no
1269,1,0,0.0015011822173003836,-6.502025604248047,-0.002025577938184142,attack,no
1270,1,0,0.00015843615399489005,-8.750906944274902,-0.0009065332706086338,attack,no
1271,1,0,0.0052201266172808205,-5.255615234375,-0.0056154122576117516,attack,no
1272,1,0,0.00317268297208352,-5.753800392150879,-0.0038004331290721893,attack,no
1273,1,0,0.0021827165082248393,-6.1274285316467285,-0.0024285605177283287,attack,no
1274,1,0,0.06008664428307651,-2.8172216415405273,-0.06722153723239899,attack,no
1275,1,0,0.008577487282805133,-4.759031295776367,-0.009031515568494797,attack,no
1276,1,0,0.02595736011764511,-3.653822183609009,-0.02882229909300804,attack,no
1277,1,0,0.00033535011378252094,-8.00075912475586,-0.000759074988309294,attack,no
1278,1,0,0.037326890021390696,-3.2891736030578613,-0.0391736775636673,attack,no
1279,1,0,0.14804719427274565,-1.9138293266296387,-0.16382929682731628,attack,no
1280,1,0,0.0031726834831133513,-5.7542619705200195,-0.00426217308267951,attack,no
1281,1,0,0.1480471961522176,-1.9151513576507568,-0.16515134274959564,attack,no
1282,1,0,0.08509903630580078,-2.4681689739227295,-0.09316886216402054,attack,no
1283,1,0,0.32082129433083023,-1.144213080406189,-0.3942130506038666,attack,no
1284,1,0,0.18242552602881168,-1.708852767944336,-0.20885278284549713,attack,no
1285,1,0,0.1329642333263228,-2.023582696914673,-0.14858263731002808,attack,no
1286,1,0,0.2018132150593341,-1.6073259115219116,-0.23232586681842804,attack,no
1287,1,0,0.37754066879814546,-0.9874729514122009,-0.4874729514122009,attack,no
1288,1,0,0.10669058826486906,-2.2422144412994385,-0.1172143816947937,attack,no
1289,1,0,0.008577483805975407,-4.759937763214111,-0.009937574155628681,attack,no
1290,1,0,0.020332351005237087,-3.896784543991089,-0.021784426644444466,attack,no
1291,1,0,0.0019267349521188508,-6.252427577972412,-0.002427728148177266,attack,no
1292,1,0,0.004609573187851818,-5.380391597747803,-0.005391817539930344,attack,no
1293,1,0,0.11920292045759123,-2.1343300342559814,-0.13433001935482025,attack,no
1294,1,0,0.0017007225632331216,-6.377500534057617,-0.0025006234645843506,attack,no
1295,1,0,0.00970847654415166,-4.637705326080322,-0.012705332599580288,attack,no
1296,1,0,0.03732688680867724,-3.2905161380767822,-0.04051612317562103,attack,no
1297,1,0,0.10669059962643358,-2.2408785820007324,-0.1158786416053772,attack,no
1298,1,0,0.015906389146026254,-4.141806602478027,-0.01680643856525421,attack,no
1299,1,0,0.0017007222019226748,-6.377490520477295,-0.0024903970770537853,attack,no
1300,1,0,0.005220126155419589,-5.255838394165039,-0.005838483106344938,attack,no
1301,1,0,0.10669060104662924,-2.242572069168091,-0.11757214367389679,attack,no
1302,1,0,0.00029595708480421634,-8.12544059753418,-0.00044050050200894475,attack,no
1303,1,0,0.02595735978798481,-3.652090311050415,-0.027090413495898247,attack,no
1304,1,0,0.18242552825126704,-1.7045729160308838,-0.20457294583320618,attack,no
1305,1,0,0.015906390837114055,-4.142016887664795,-0.017016831785440445,attack,no
1306,1,0,0.06754669724011829,-2.696526527404785,-0.07152662426233292,attack,no
1307,1,0,0.0009110511388756726,-7.001338005065918,-0.0013379440642893314,attack,no
1308,1,0,0.017986206277364275,-4.019024848937988,-0.019024640321731567,attack,no
1309,1,0,0.0004878570248035788,-7.625937461853027,-0.0009372609201818705,attack,no
1310,1,0,0.0015011824863767297,-6.502111434936523,-0.0021115881390869617,attack,no
1311,1,0,0.07585818315512395,-2.581695556640625,-0.08169560134410858,attack,no
1312,1,0,0.03732689109229525,-3.289773941040039,-0.03977404534816742,attack,no
1313,1,0,0.014063628541219805,-4.265653133392334,-0.01565324142575264,attack,no
1314,1,0,0.0028009265119004908,-5.878358840942383,-0.003358677960932255,attack,no
1315,1,0,0.09534946939781196,-2.3533949851989746,-0.10339503735303879,attack,no
1316,1,0,0.2689414096510108,-1.3177554607391357,-0.31775540113449097,attack,no
1317,1,0,0.03308598112977216,-3.4110312461853027,-0.0360313318669796,attack,no
1318,1,0,0.0006263342601627761,-7.375930309295654,-0.0009304723353125155,attack,no
1319,1,0,0.0007096702398464605,-7.251534938812256,-0.0015347142471000552,attack,no
1320,1,0,0.0008040859548969625,-7.126363277435303,-0.0013633014168590307,attack,no
1321,1,0,0.012431652819824507,-4.388321399688721,-0.013321559876203537,attack,no
1322,1,0,0.08509905022775233,-2.468611478805542,-0.09361154586076736,attack,no
1323,1,0,0.020332351821479543,-3.897469997406006,-0.02246992103755474,attack,no
1324,1,0,0.00970847864832826,-4.636747360229492,-0.011747585609555244,attack,no
1325,1,0,0.06754669254743426,-2.698725700378418,-0.07372572273015976,attack,no
1326,1,0,0.0002959571680547534,-8.125588417053223,-0.0005886013968847692,attack,no
1327,1,0,0.020332353491066484,-3.896773338317871,-0.02177334576845169,attack,no
1328,1,0,0.24508501864634827,-1.4106168746948242,-0.2856169044971466,attack,no
1329,1,0,0.037326884666868405,-3.2898049354553223,-0.039804860949516296,attack,no
1330,1,0,0.022977367317478067,-3.7746708393096924,-0.02467072382569313,attack,no
1331,1,0,0.06754669442450784,-2.6964032649993896,-0.07140331715345383,attack,no
1332,1,0,0.00043055713926742016,-7.750667572021484,-0.0006677066558040679,attack,no
1333,1,0,0.0293122339312297,-3.531287670135498,-0.031287781894207,attack,no
1334,1,0,0.008577484487085448,-4.759941577911377,-0.009941468946635723,attack,no
1335,1,0,0.025957357904211723,-3.6525022983551025,-0.027502326294779778,attack,no
1336,1,0,0.11920293297380237,-2.1317081451416016,-0.13170824944972992,attack,no
1337,1,0,0.0007096702520650238,-7.251672744750977,-0.0016725374152883887,attack,no
1338,1,0,0.20181322466072713,-1.6163890361785889,-0.24138905107975006,attack,no
1339,1,0,0.006692850757114755,-5.0081915855407715,-0.00819156039506197,attack,no
1340,1,0,0.0009110510960663448,-7.001612186431885,-0.0016120783984661102,attack,no
1341,1,0,0.012431652008014311,-4.38874626159668,-0.013746355660259724,attack,no
1342,1,0,0.0024726228298700757,-6.002892017364502,-0.002891884883865714,attack,no
1343,1,0,0.0850990542883219,-2.46799898147583,-0.09299910068511963,attack,no
1344,1,0,0.22270014398423357,-1.5064046382904053,-0.25640466809272766,attack,no
1345,1,0,0.04742586930675497,-3.051260232925415,-0.051260147243738174,attack,no
1346,1,0,0.012431650155715198,-4.389239311218262,-0.014239254407584667,attack,no
1347,1,0,0.00017952795616136766,-8.625383377075195,-0.0003833036171272397,attack,no
1348,1,0,0.060086652698692546,-2.8161702156066895,-0.06617026031017303,attack,no
1349,1,0,0.06754669301670263,-2.7015562057495117,-0.0765562355518341,attack,no
1350,1,0,0.022977370746331334,-3.7753286361694336,-0.02532867342233658,attack,no
1351,1,0,0.0035936027281502424,-5.62918758392334,-0.004187624901533127,attack,no
1352,1,0,0.1645164608483867,-1.818607211112976,-0.19360719621181488,attack,no
1353,1,0,0.0008040859562064196,-7.126939296722412,-0.0019393223337829113,attack,no
1354,1,0,0.09534945847239201,-2.357112407684326,-0.1071123331785202,attack,no
1355,1,0,0.003593602908228165,-5.6302595138549805,-0.005259605124592781,attack,no
1356,1,0,0.0003799844308680313,-7.875664710998535,-0.0006644901586696506,attack,no
1357,1,0,0.01098694307587165,-4.512869358062744,-0.012869399040937424,attack,no
1358,1,0,0.20181322226037882,-1.6040452718734741,-0.22904527187347412,attack,no
1359,1,0,0.0028009271017361875,-5.878505229949951,-0.0035052781458944082,attack,no
1360,1,0,0.10669058826486906,-2.241680145263672,-0.1166800856590271,attack,no
1361,1,0,0.04208773061904093,-3.1723339557647705,-0.04733402281999588,attack,no
1362,1,0,0.0017007224489894383,-6.377226829528809,-0.002226851647719741,attack,no
1363,1,0,0.0028009264501205736,-5.878702163696289,-0.0037019785959273577,attack,no
1364,1,0,0.004070138091526836,-5.504710674285889,-0.004710766952484846,attack,no
1365,1,0,0.20181322466072713,-1.6032954454421997,-0.2282954603433609,attack,no
1366,1,0,0.10669059039516234,-2.240323066711426,-0.1153230294585228,attack,no
1367,1,0,0.01590639168265802,-4.143136501312256,-0.01813649944961071,attack,no
1368,1,0,0.0011695103976454664,-6.751694202423096,-0.0016943159280344844,attack,no
1369,1,0,0.0001795279525254545,-8.625432968139648,-0.0004328744253143668,attack,no
1370,1,0,0.14804720179063335,-1.9120512008666992,-0.1620512306690216,attack,no
1371,1,0,0.10669060104662924,-2.2410926818847656,-0.1160927563905716,attack,no
1372,1,0,0.04742587115801275,-3.0517578125,-0.05175776779651642,attack,no
1373,1,0,0.006692850076051429,-5.007909297943115,-0.007909170351922512,attack,no
1374,1,0,0.16451646904109268,-1.810484528541565,-0.18548457324504852,attack,no
1375,1,0,0.0003353501091188184,-8.000777244567871,-0.0007771808886900544,attack,no
1376,1,0,0.03308597529010575,-3.4108049869537354,-0.03580489009618759,attack,no
1377,1,0,0.025957356114627413,-3.6520087718963623,-0.027008729055523872,attack,no
1378,1,0,6.605214085445941e-05,-9.625348091125488,-0.0003480305604171008,attack,no
1379,1,0,0.08509904732734556,-2.465939521789551,-0.09093955159187317,attack,no
1380,1,0,0.0011695100129306636,-6.751529216766357,-0.0015290009323507547,attack,no
1381,1,0,0.0013250226356539838,-6.627048492431641,-0.0020486575085669756,attack,no
1382,1,0,0.00857748594434432,-4.759345531463623,-0.009345593862235546,attack,no
1383,1,0,0.0009110513861949473,-7.001400470733643,-0.0014006814453750849,attack,no
1384,1,0,0.022977367693815597,-3.7758991718292236,-0.025899073109030724,attack,no
1385,1,0,0.13296424706933604,-2.023315191268921,-0.14831525087356567,attack,no
1386,1,0,0.0015011819098344748,-6.502580165863037,-0.0025799344293773174,attack,no
1387,1,0,0.18242552158390105,-1.7054710388183594,-0.20547102391719818,attack,no
1388,1,0,0.007577242542476868,-4.883311748504639,-0.008311918005347252,attack,no
1389,1,0,0.00010889690137842998,-9.125398635864258,-0.0003985564399044961,attack,no
1390,1,0,0.0019267343091663282,-6.25274133682251,-0.0027411526534706354,attack,no
1391,1,0,0.012431649412508837,-4.388422012329102,-0.013421894982457161,attack,no
1392,1,0,0.0013250222950526881,-6.626675128936768,-0.0016750366194173694,attack,no
1393,1,0,0.22270013882530884,-1.5131523609161377,-0.2631523609161377,attack,no
1394,1,0,0.0002959570327425043,-8.125739097595215,-0.0007388246012851596,attack,no
1395,1,0,0.007577241526986036,-4.883455276489258,-0.008455310948193073,attack,no
1396,1,0,0.2018132270610754,-1.604528546333313,-0.22952857613563538,attack,no
1397,1,0,0.04208772371029592,-3.1695852279663086,-0.04458512365818024,attack,no
1398,1,0,0.0031726825707705255,-5.753895282745361,-0.00389519683085382,attack,no
1399,1,0,0.11920292671569666,-2.129660129547119,-0.12966017425060272,attack,no
1400,1,0,0.06754669442450784,-2.6993210315704346,-0.07432108372449875,attack,no
1401,1,0,0.11920291263495983,-2.131265163421631,-0.1312650740146637,attack,no
1402,1,0,0.0035936024496964355,-5.629506587982178,-0.004506551194936037,attack,no
1403,1,0,0.2689414330889798,-1.3201570510864258,-0.32015711069107056,attack,no
1404,1,0,0.0035936026814633753,-5.629162311553955,-0.004162339493632317,attack,no
1405,1,0,0.29421496597446145,-1.2300200462341309,-0.35502001643180847,attack,no
1406,1,0,0.2018132174596823,-1.6063522100448608,-0.23135218024253845,attack,no
1407,1,0,0.0009110512114608,-7.001276969909668,-0.0012769886525347829,attack,no
1408,1,0,0.08509904036636974,-2.4675214290618896,-0.09252136945724487,attack,no
1409,1,0,0.004609571724277393,-5.380182266235352,-0.005182167049497366,attack,no
1410,1,0,0.005911068905496933,-5.13120698928833,-0.00620699767023325,attack,no
1411,1,0,0.008577483552539122,-4.76226806640625,-0.012267847545444965,attack,no
1412,1,0,0.0008040860351479857,-7.12661600112915,-0.0016161249950528145,attack,no
1413,1,0,0.0003353500102249248,-8.001092910766602,-0.0010925520909950137,attack,no
1414,1,0,0.22270013882530884,-1.5108650922775269,-0.26086509227752686,attack,no
1415,1,0,0.015906388854459403,-4.141786575317383,-0.016786392778158188,attack,no
1416,1,0,0.010986943015151856,-4.511963367462158,-0.011963402852416039,attack,no
1417,1,0,0.014063624176432966,-4.265786170959473,-0.01578596420586109,attack,no
1418,1,0,0.0015011819342642268,-6.502479553222656,-0.002479338087141514,attack,no
1419,1,0,0.010986941598356793,-4.511924743652344,-0.01192464865744114,attack,no
1420,1,0,0.05340333243628599,-2.933924913406372,-0.05892496556043625,attack,no
1421,1,0,0.010986940717919952,-4.512050151824951,-0.01204997580498457,attack,no
1422,1,0,0.16451645880021026,-1.8088953495025635,-0.1838953197002411,attack,no
1423,1,0,0.0031726832725160335,-5.754441261291504,-0.0044413972645998,attack,no
1424,1,0,0.0006263340156136698,-7.375833034515381,-0.0008328068652190268,attack,no
1425,1,0,0.0010322311253469026,-6.876639366149902,-0.001639452064409852,attack,no
1426,1,0,0.0040701383104874665,-5.504518508911133,-0.0045186555944383144,attack,no
1427,1,0,0.004609571117481709,-5.3809733390808105,-0.005973107647150755,attack,no
1428,1,0,0.08509905138791504,-2.4663524627685547,-0.09135254472494125,attack,no
1429,1,0,0.22270013882530884,-1.505442500114441,-0.2554425001144409,attack,no
1430,1,0,0.00023050681087540976,-8.376065254211426,-0.0010656398953869939,attack,no
1431,1,0,0.03732688814730781,-3.2891361713409424,-0.039136193692684174,attack,no
1432,1,0,0.007577240217353231,-4.884005546569824,-0.009005406871438026,attack,no
1433,1,0,6.605214160413433e-05,-9.625313758850098,-0.0003137096355203539,attack,no
1434,1,0,0.002800926959317193,-5.878201007843018,-0.0032010050490498543,attack,no
1435,1,0,0.07585817166422973,-2.5838184356689453,-0.08381831645965576,attack,no
1436,1,0,0.00012339452212765915,-9.000397682189941,-0.0003972456615883857,attack,no
1437,1,0,0.025957357527457123,-3.654154062271118,-0.02915407530963421,attack,no
1438,1,0,0.00015843615111802017,-8.750617980957031,-0.000617551791947335,attack,no
1439,1,0,0.0013250221702734023,-6.6265869140625,-0.0015867274487391114,attack,no
1440,1,0,4.006367720464704e-05,-10.125186920166016,-0.00018654513405635953,attack,no
1441,1,0,0.0007096705350734253,-7.25123405456543,-0.0012342463014647365,attack,no
1442,1,0,0.001325022654756004,-6.62698221206665,-0.0019823915790766478,attack,no
1443,1,0,0.00012339462466328443,-9.000405311584473,-0.00040570611599832773,attack,no
1444,1,0,0.13296425222296632,-2.0287253856658936,-0.1537254899740219,attack,no
1445,1,0,0.0066928521378160745,-5.011382102966309,-0.011382285505533218,attack,no
1446,1,0,0.002800927501679977,-5.879064559936523,-0.004064751323312521,attack,no
1447,1,0,0.022977367484739192,-3.7757856845855713,-0.025785576552152634,attack,no
1448,1,0,0.00026119042532369473,-8.250784873962402,-0.000785280775744468,attack,no
1449,1,0,0.09534946232842245,-2.3551347255706787,-0.10513469576835632,attack,no
1450,1,0,0.001325022345272503,-6.626652240753174,-0.001652186387218535,attack,no
1451,1,0,0.08509904210661365,-2.466444730758667,-0.09144469350576401,attack,no
1452,1,0,0.0024726236154836946,-6.003141403198242,-0.003141589229926467,attack,no
1453,1,0,0.0017007220493342598,-6.377380847930908,-0.002380634658038616,attack,no
1454,1,0,0.0001795279757879862,-8.625408172607422,-0.00040820849244482815,attack,no
1455,1,0,0.10669060104662924,-2.2394073009490967,-0.11440737545490265,attack,no
1456,1,0,0.0953494738965146,-2.3525216579437256,-0.10252176225185394,attack,no
1457,1,0,0.13296423504419938,-2.0206241607666016,-0.14562411606311798,attack,no
1458,1,0,0.03308597672022805,-3.412874937057495,-0.03787488490343094,attack,no
1459,1,0,0.017986213153329177,-4.0203537940979,-0.020353974774479866,attack,no
1460,1,0,0.04742587267267827,-3.0503506660461426,-0.05035065487027168,attack,no
1461,1,0,0.0002959570285231466,-8.125758171081543,-0.0007578838267363608,attack,no
1462,1,0,0.07585817740967664,-2.582265853881836,-0.08226581662893295,attack,no
1463,1,0,0.0011695100828293492,-6.752406597137451,-0.0024064411409199238,attack,no
1464,1,0,0.0004878571695577295,-7.625872611999512,-0.0008727079257369041,attack,no
1465,1,0,0.015906395356401298,-4.142754554748535,-0.01775478757917881,attack,no
1466,1,0,0.22270013366638422,-1.5096067190170288,-0.2596066892147064,attack,no
1467,1,0,0.10669059678604234,-2.240450143814087,-0.1154501736164093,attack,no
1468,1,0,0.022977370746331334,-3.773893356323242,-0.023893393576145172,attack,no
1469,1,0,0.0019267346991465584,-6.253194332122803,-0.0031943507492542267,attack,no
1470,1,0,0.020332355642978747,-3.898958921432495,-0.02395903691649437,attack,no
1471,1,0,0.06008664638698042,-2.814724922180176,-0.06472485512495041,attack,no
1472,1,0,0.06754668363133542,-2.6999740600585938,-0.0749739408493042,attack,no
1473,1,0,0.0040701371288552396,-5.504685401916504,-0.0046852570958435535,attack,no
1474,1,0,0.008577485619629007,-4.759735107421875,-0.00973513163626194,attack,no
1475,1,0,0.1480472036701053,-1.9190988540649414,-0.169098898768425,attack,no
1476,1,0,0.017986206803753842,-4.019269943237305,-0.01926976442337036,attack,no
1477,1,0,0.18242552825126704,-1.7071818113327026,-0.20718184113502502,attack,no
1478,1,0,0.03732688399755317,-3.2914273738861084,-0.04142728075385094,attack,no
1479,1,0,0.08509905312815914,-2.4663097858428955,-0.09130989015102386,attack,no
1480,1,0,0.04742587637519415,-3.051539659500122,-0.05153973028063774,attack,no
1481,1,0,0.04742587317756679,-3.0520009994506836,-0.052000999450683594,attack,no
1482,1,0,0.029312227677479034,-3.5316379070281982,-0.03163779899477959,attack,no
1483,1,0,0.017986207922331722,-4.018757343292236,-0.018757227808237076,attack,no
1484,1,0,0.11920293297380237,-2.1291236877441406,-0.12912379205226898,attack,no
1485,1,0,0.014063629987539999,-4.265759468078613,-0.015759680420160294,attack,no
1486,1,0,0.006692850342285266,-5.010105133056641,-0.010105045512318611,attack,no
1487,1,0,0.004070136847604169,-5.505471706390381,-0.005471492186188698,attack,no
1488,1,0,0.0035936023246423373,-5.629186153411865,-0.004186081700026989,attack,no
1489,1,0,0.00020342690439545204,-8.500497817993164,-0.0004974558250978589,attack,no
1490,1,0,0.037326884131416216,-3.2899606227874756,-0.03996053338050842,attack,no
1491,1,0,0.0004305570141380257,-7.751226425170898,-0.0012262690579518676,attack,no
1492,1,0,0.0850990542883219,-2.467555046081543,-0.09255516529083252,attack,no
1493,1,0,0.002472622661606372,-6.0033345222473145,-0.0033343215472996235,attack,no
1494,1,0,0.004609572497728345,-5.380331039428711,-0.005331108812242746,attack,no
1495,1,0,0.02297736752655447,-3.775876760482788,-0.02587665431201458,attack,no
1496,1,0,0.01798620907380902,-4.019711494445801,-0.019711444154381752,attack,no
1497,1,0,0.0021827165634980884,-6.128068923950195,-0.003068978199735284,attack,no
1498,1,0,0.004070136881580808,-5.504246234893799,-0.004246029071509838,attack,no
1499,1,0,0.09534945975773548,-2.3532285690307617,-0.10322850942611694,attack,no
1500,1,0,0.1329642419157059,-2.0239315032958984,-0.14893151819705963,attack,no
1501,1,0,0.012431653745974226,-4.388342380523682,-0.013342616148293018,attack,no
1502,1,0,0.012431652511107946,-4.388367652893066,-0.013367787934839725,attack,no
1503,1,0,0.0005527785455301014,-7.501327037811279,-0.0013268723851069808,attack,no
1504,1,0,0.07585818733363135,-2.5852160453796387,-0.08521614968776703,attack,no
1505,1,0,0.11920293297380237,-2.1295251846313477,-0.129525288939476,attack,no
1506,1,0,0.0010322312794827397,-6.876545429229736,-0.0015456646215170622,attack,no
1507,1,0,0.037326885068457556,-3.289742946624756,-0.039742883294820786,attack,no
1508,1,0,0.001926734882719369,-6.252584457397461,-0.002584571484476328,attack,no
1509,1,0,0.20181322466072713,-1.6023720502853394,-0.22737206518650055,attack,no
1510,1,0,0.002800927251308655,-5.878815650939941,-0.003815752686932683,attack,no
1511,1,0,0.001700722567581497,-6.377451419830322,-0.002451511798426509,attack,no
1512,1,0,0.06754668738548215,-2.71012020111084,-0.08512014150619507,attack,no
1513,1,0,0.0474258688018665,-3.049844264984131,-0.0498441681265831,attack,no
1514,1,0,0.11920293140927592,-2.1293044090270996,-0.12930449843406677,attack,no
1515,1,0,0.0010322310461182102,-6.877436637878418,-0.0024366469588130713,attack,no
1516,1,0,0.004609572702842431,-5.381322860717773,-0.006322974804788828,attack,no
1517,1,0,0.16451645675203383,-1.8102216720581055,-0.1852216273546219,attack,no
1518,1,0,0.0850990357257195,-2.467270851135254,-0.09227073192596436,attack,no
1519,1,0,0.01590639200338161,-4.143869400024414,-0.018869418650865555,attack,no
1520,1,0,0.09534946811246839,-2.354692220687866,-0.1046922579407692,attack,no
1521,1,0,0.0009110513552535434,-7.0015058517456055,-0.001506028464064002,attack,no
1522,1,0,0.08509903862612588,-2.4719905853271484,-0.09699050337076187,attack,no
1523,1,0,0.010986940930439183,-4.516565322875977,-0.016565166413784027,attack,no
1524,1,0,0.047425868970162655,-3.0501255989074707,-0.05012550577521324,attack,no
1525,1,0,0.0004878570515689019,-7.6258769035339355,-0.000876757490914315,attack,no
1526,1,0,0.2018132198600306,-1.6061986684799194,-0.23119865357875824,attack,no
1527,1,0,0.022977369199165775,-3.775289535522461,-0.0252895038574934,attack,no
1528,1,0,0.11920292671569666,-2.1318397521972656,-0.1318397969007492,attack,no
1529,1,0,0.020332352860333625,-3.8973307609558105,-0.022330736741423607,attack,no
1530,1,0,0.033085975647636316,-3.4098398685455322,-0.03483978286385536,attack,no
1531,1,0,0.0850990490675896,-2.466378927230835,-0.09137897938489914,attack,no
1532,1,0,0.060086647228542,-2.813453197479248,-0.06345314532518387,attack,no
1533,1,0,0.04742587334586296,-3.0505852699279785,-0.050585273653268814,attack,no
1534,1,0,0.0850990438468576,-2.4684677124023438,-0.09346769750118256,attack,no
1535,1,0,0.00033535028110996505,-8.001312255859375,-0.001312705222517252,attack,no
1536,1,0,0.02297737057907019,-3.7746410369873047,-0.024641066789627075,attack,no
1537,1,0,0.10669059678604234,-2.2425878047943115,-0.11758783459663391,attack,no
1538,1,0,0.11920291107043361,-2.1291582584381104,-0.129158154129982,attack,no
1539,1,0,0.03732688854889699,-3.291186809539795,-0.04118684306740761,attack,no
1540,1,0,0.002182715983889679,-6.12783670425415,-0.0028364923782646656,attack,no
1541,1,0,0.009708478263308678,-4.635870456695557,-0.010870642028748989,attack,no
1542,1,0,0.18242552825126704,-1.7052825689315796,-0.20528259873390198,attack,no
1543,1,0,0.0953494738965146,-2.3520700931549072,-0.10207019746303558,attack,no
1544,1,0,0.029312231387330967,-3.531973123550415,-0.03197314590215683,attack,no
1545,1,0,0.03308597505175204,-3.410555839538574,-0.03555573523044586,attack,no
1546,1,0,0.04208772446124641,-3.168611764907837,-0.04361167922616005,attack,no
1547,1,0,0.012431653128541071,-4.389737129211426,-0.01473731454461813,attack,no
1548,1,0,0.11920290950590741,-2.12930965423584,-0.1293095350265503,attack,no
1549,1,0,0.1066905854244781,-2.2416274547576904,-0.11662736535072327,attack,no
1550,1,0,0.0009110511949304638,-7.001890182495117,-0.0018901830771937966,attack,no
1551,1,0,0.0005527786180789151,-7.501224040985107,-0.0012240068754181266,attack,no
1552,1,0,0.0010322308715750212,-6.876715183258057,-0.0017150230705738068,attack,no
1553,1,0,0.006692851521763209,-5.0076212882995605,-0.007621378172188997,attack,no
1554,1,0,0.2018132198600306,-1.6081968545913696,-0.23319683969020844,attack,no
1555,1,0,0.09534946168575072,-2.354579448699951,-0.10457941144704819,attack,no
1556,1,0,0.2689414272294874,-1.3168097734451294,-0.3168098032474518,attack,no
1557,1,0,0.0019267347851123604,-6.2537312507629395,-0.003731314092874527,attack,no
1558,1,0,0.22270014914315833,-1.5032665729522705,-0.2532666325569153,attack,no
1559,1,0,0.001169510359432361,-6.751847267150879,-0.0018473479431122541,attack,no
1560,1,0,0.053403329423186846,-2.9320693016052246,-0.05706929415464401,attack,no
1561,1,0,0.002800927069870749,-5.878188610076904,-0.003188646864145994,attack,no
1562,1,0,0.2942149845400438,-1.2301430702209473,-0.35514312982559204,attack,no
1563,1,0,0.10669059465574898,-2.2409634590148926,-0.11596346646547318,attack,no
1564,1,0,0.005911067953269688,-5.1317458152771,-0.006745661608874798,attack,no
1565,1,0,0.002800927097183982,-5.878572940826416,-0.0035729873925447464,attack,no
1566,1,0,0.05340332885823078,-2.9309561252593994,-0.05595610663294792,attack,no
1567,1,0,0.015906394073506722,-4.142571926116943,-0.017572076991200447,attack,no
1568,1,0,0.18242551713899047,-1.7069365978240967,-0.2069365531206131,attack,no
1569,1,0,0.017986206178666232,-4.021162986755371,-0.021162772551178932,attack,no
1570,1,0,0.029312230751356316,-3.5321567058563232,-0.03215670585632324,attack,no
1571,1,0,0.015906394977364253,-4.147430896759033,-0.022431105375289917,attack,no
1572,1,0,0.014063625790629128,-4.265010356903076,-0.015010266564786434,attack,no
1573,1,0,0.00017952798581286885,-8.625877380371094,-0.0008774721063673496,attack,no
1574,1,0,0.04208773001828046,-3.169764280319214,-0.044764332473278046,attack,no
1575,1,0,0.09534945461636171,-2.3514413833618164,-0.10144126415252686,attack,no
1576,1,0,0.3486451488696663,-1.0588955879211426,-0.43389564752578735,attack,no
1577,1,0,0.0021827166704949334,-6.12831449508667,-0.003314598463475704,attack,no
1578,1,0,0.029312230221377453,-3.5317718982696533,-0.03177187964320183,attack,no
1579,1,0,0.16451645470385742,-1.8081130981445312,-0.18311303853988647,attack,no
1580,1,0,0.003172683008901228,-5.753604412078857,-0.0036044646985828876,attack,no
1581,1,0,0.0006263342243475478,-7.3763017654418945,-0.001301871263422072,attack,no
1582,1,0,0.24508502416032488,-1.409973382949829,-0.2849734425544739,attack,no
1583,1,0,0.015906393752783098,-4.142613410949707,-0.017613541334867477,attack,no
1584,1,0,0.0001398221278783832,-8.87545394897461,-0.0004543225804809481,attack,no
1585,1,0,0.09534946104307897,-2.3560564517974854,-0.10605640709400177,attack,no
1586,1,0,0.0003353502028221756,-8.000871658325195,-0.0008718741592019796,attack,no
1587,1,0,0.13296424878721277,-2.0223183631896973,-0.14731843769550323,attack,no
1588,1,0,0.009708476481474066,-4.635887622833252,-0.010887622833251953,attack,no
1589,1,0,0.08509903746596333,-2.466137409210205,-0.09113731235265732,attack,no
1590,1,0,0.20181322946142374,-1.6065157651901245,-0.2315158098936081,attack,no
1591,1,0,0.0007096702430662169,-7.251367568969727,-0.0013673489447683096,attack,no
1592,1,0,0.003172683435986677,-5.75406551361084,-0.004065701272338629,attack,no
1593,1,0,0.18242552825126704,-1.7332556247711182,-0.23325565457344055,attack,no
1594,1,0,0.2018132150593341,-1.6052383184432983,-0.23023827373981476,attack,no
1595,1,0,0.0010322310592029483,-6.87660551071167,-0.0016055324813351035,attack,no
1596,1,0,0.0011695102053560441,-6.751917362213135,-0.0019173111068084836,attack,no
1597,1,0,0.010986945150464762,-4.513448715209961,-0.013448947109282017,attack,no
1598,1,0,0.0003353502873737696,-8.000855445861816,-0.0008559139096178114,attack,no
1599,1,0,0.09534946168575072,-2.3523075580596924,-0.1023075208067894,attack,no
1600,1,0,0.11920291263495983,-2.131235361099243,-0.131235271692276,attack,no
1601,1,0,0.0040701379367443285,-5.505289077758789,-0.0052891322411596775,attack,no
1602,1,0,0.13296423676207594,-2.0276331901550293,-0.1526331603527069,attack,no
1603,1,0,0.012431653745974226,-4.389972686767578,-0.014972922392189503,attack,no
1604,1,0,0.08509904326677628,-2.464728355407715,-0.08972833305597305,attack,no
1605,1,0,0.0008040861107223832,-7.1262125968933105,-0.001212814822793007,attack,no
1606,1,0,0.07585818733363135,-2.584977149963379,-0.08497725427150726,attack,no
1607,1,0,0.1645164628965632,-1.8172553777694702,-0.19225537776947021,attack,no
1608,1,0,6.60521722716119e-05,-9.625350952148438,-0.0003513672563713044,attack,no
1609,1,0,0.00080408575642069,-7.126077651977539,-0.001077428925782442,attack,no
1610,1,0,0.04742587620689797,-3.051867723464966,-0.05186779052019119,attack,no
1611,1,0,0.04208772866656941,-3.1716811656951904,-0.04668118432164192,attack,no
1612,1,0,0.0009110512774761834,-7.001218795776367,-0.0012188870459794998,attack,no
1613,1,0,0.037326888013444755,-3.2890405654907227,-0.03904058411717415,attack,no
1614,1,0,0.24508500761839525,-1.4127517938613892,-0.2877517640590668,attack,no
1615,1,0,0.16451646904109268,-1.806830883026123,-0.18183092772960663,attack,no
1616,1,0,0.0019267346391495946,-6.253012657165527,-0.0030126445926725864,attack,no
1617,1,0,0.0002959571135044661,-8.12548828125,-0.00048828122089616954,attack,no
1618,1,0,0.1480471961522176,-1.9127438068389893,-0.16274379193782806,attack,no
1619,1,0,0.00460957246140606,-5.38076114654541,-0.005761208012700081,attack,no
1620,1,0,0.14804719427274565,-1.9187021255493164,-0.16870209574699402,attack,no
1621,1,0,0.010986941446557333,-4.511593341827393,-0.011593232862651348,attack,no
1622,1,0,0.11920291419948606,-2.131505250930786,-0.13150517642498016,attack,no
1623,1,0,0.0011695101534079876,-6.751746654510498,-0.001746558933518827,attack,no
1624,1,0,0.4073334000459302,-0.901803731918335,-0.526803731918335,attack,no
1625,1,0,0.006692849500243397,-5.008678436279297,-0.008678222075104713,attack,no
1626,1,0,0.00023050672057123832,-8.375500679016113,-0.0005006728461012244,attack,no
1627,1,0,0.02297736953368805,-3.775036334991455,-0.025036318227648735,attack,no
1628,1,0,0.0005527785131789934,-7.5010786056518555,-0.0010783816687762737,attack,no
1629,1,0,0.10669059039516234,-2.2410898208618164,-0.11608978360891342,attack,no
1630,1,0,0.0009110510347133761,-7.001502513885498,-0.0015023384476080537,attack,no
1631,1,0,0.06754669395523943,-2.6974995136260986,-0.07249955832958221,attack,no
1632,1,0,0.07585817427579646,-2.582134246826172,-0.08213416486978531,attack,no
1633,1,0,0.005911068869925223,-5.1318278312683105,-0.006827833596616983,attack,no
1634,1,0,0.05340332961150554,-2.932384967803955,-0.05738496407866478,attack,no
1635,1,0,0.03732688600549891,-3.2905657291412354,-0.04056569188833237,attack,no
1636,1,0,0.005911068856243796,-5.131758213043213,-0.006758213043212891,attack,no
1637,1,0,0.03308597898458846,-3.410400390625,-0.03540040925145149,attack,no
1638,1,0,0.10669059962643358,-2.2391228675842285,-0.11412292718887329,attack,no
1639,1,0,0.10669059536584675,-2.2399425506591797,-0.11494256556034088,attack,no
1640,1,0,0.014063629755095671,-4.266529560089111,-0.016529755666851997,attack,no
1641,1,0,0.00026119032146681124,-8.250967025756836,-0.00096703483723104,attack,no
1642,1,0,0.0035936027281502424,-5.629327297210693,-0.0043273381888866425,attack,no
1643,1,0,0.0675466845698721,-2.6960082054138184,-0.07100810110569,attack,no
1644,1,0,0.00043055703715982744,-7.750959396362305,-0.0009592937421984971,attack,no
1645,1,0,0.0002959571394836624,-8.126008033752441,-0.0010081215295940638,attack,no
1646,1,0,0.004609572198603652,-5.380230903625488,-0.005230907816439867,attack,no
1647,1,0,0.00669285120599744,-5.007627487182617,-0.0076275295577943325,attack,no
1648,1,0,0.2942149783515162,-1.2316808700561523,-0.35668089985847473,attack,no
1649,1,0,0.0675466911396291,-2.709402561187744,-0.08440256118774414,attack,no
1650,1,0,0.18242551713899047,-1.7047150135040283,-0.20471496880054474,attack,no
1651,1,0,0.08509903746596333,-2.4673285484313965,-0.09232845157384872,attack,no
1652,1,0,0.0005527786555110195,-7.500941276550293,-0.0009413101943209767,attack,no
1653,1,0,0.022977372000789975,-3.775125741958618,-0.025125835090875626,attack,no
1654,1,0,0.0002611903093073662,-8.25055980682373,-0.0005597693379968405,attack,no
1655,1,0,0.015906394977364253,-4.141931533813477,-0.016931742429733276,attack,no
1656,1,0,0.11920291107043361,-2.128716468811035,-0.1287163645029068,attack,no
1657,1,0,0.0035936025580766574,-5.629604339599609,-0.004604333080351353,attack,no
1658,1,0,0.022977369575503337,-3.774393081665039,-0.02439306676387787,attack,no
1659,1,0,0.029312231175339414,-3.531264543533325,-0.03126455843448639,attack,no
1660,1,0,0.0008040859621925097,-7.126996040344238,-0.00199607340618968,attack,no
1661,1,0,0.0006263341690398038,-7.376368045806885,-0.0013680632691830397,attack,no
1662,1,0,0.0006263343027548456,-7.375854015350342,-0.0008542464347556233,attack,no
1663,1,0,0.07585818106587033,-2.580425262451172,-0.08042527735233307,attack,no
1664,1,0,0.04208772941751998,-3.169419527053833,-0.04441956430673599,attack,no
1665,1,0,0.10669059181535785,-2.242353916168213,-0.1173538938164711,attack,no
1666,1,0,0.06754668410060376,-2.698911190032959,-0.07391107827425003,attack,no
1667,1,0,0.0075772425214667115,-4.883797645568848,-0.008797812275588512,attack,no
1668,1,0,0.006692852379284047,-5.0079851150512695,-0.007985333912074566,attack,no
1669,1,0,0.03732688667481418,-3.2908949851989746,-0.04089496657252312,attack,no
1670,1,0,0.06008665017400762,-2.817730665206909,-0.06773066520690918,attack,no
1671,1,0,0.10669059891633578,-2.2416868209838867,-0.1166868731379509,attack,no
1672,1,0,0.022977371122668924,-3.7746686935424805,-0.024668747559189796,attack,no
1673,1,0,0.025957356962325234,-3.652860403060913,-0.02786039374768734,attack,no
1674,1,0,0.08509905080783367,-2.4669833183288574,-0.09198339283466339,attack,no
1675,1,0,0.037326891493884455,-3.2894668579101562,-0.0394669733941555,attack,no
1676,1,0,0.0010322310727678605,-6.87693452835083,-0.0019345632754266262,attack,no
1677,1,0,0.022977369617318617,-3.7758867740631104,-0.025886761024594307,attack,no
1678,1,0,0.022977368321044828,-3.7768876552581787,-0.02688758447766304,attack,no
1679,1,0,0.08509904616718289,-2.4665896892547607,-0.09158970415592194,attack,no
1680,1,0,0.18242552602881168,-1.7058629989624023,-0.20586301386356354,attack,no
1681,1,0,0.02033235408469743,-3.8974123001098633,-0.022412337362766266,attack,no
1682,1,0,0.020332351635969893,-3.8961679935455322,-0.021167907863855362,attack,no
1683,1,0,0.02297736970094919,-3.774993658065796,-0.024993648752570152,attack,no
1684,1,0,0.03732688600549891,-3.2900993824005127,-0.04009934514760971,attack,no
1685,1,0,0.00460957241440075,-5.380267143249512,-0.005267194472253323,attack,no
1686,1,0,0.0040701377819618275,-5.505228519439697,-0.005228535737842321,attack,no
1687,1,0,0.04208772986809033,-3.1691269874572754,-0.04412703588604927,attack,no
1688,1,0,0.014063627456479755,-4.26619291305542,-0.01619294285774231,attack,no
1689,1,0,0.06008665227791171,-2.817399263381958,-0.06739930063486099,attack,no
1690,1,0,0.042087728816759526,-3.171783208847046,-0.04678323119878769,attack,no
1691,1,0,0.00020342691094219541,-8.500428199768066,-0.0004278697888366878,attack,no
1692,1,0,0.03308598005718029,-3.409916400909424,-0.03491645306348801,attack,no
1693,1,0,0.08509903746596333,-2.4664864540100098,-0.091486357152462,attack,no
1694,1,0,0.005911068880870364,-5.131525039672852,-0.006525043863803148,attack,no
1695,1,0,0.1480472036701053,-1.9117743968963623,-0.1617744415998459,attack,no
1696,1,0,0.08509905138791504,-2.4731149673461914,-0.09811504930257797,attack,no
1697,1,0,0.022977371373560648,-3.774534225463867,-0.02453429065644741,attack,no
1698,1,0,0.04742586863357033,-3.0505874156951904,-0.05058731511235237,attack,no
1699,1,0,0.24508501313237172,-1.4168626070022583,-0.2918626070022583,attack,no
1700,1,0,0.08509904848750824,-2.465341329574585,-0.09034137427806854,attack,no
1701,1,0,0.04742586947505113,-3.0515291690826416,-0.051529087126255035,attack,no
1702,1,0,0.0003799845265141747,-7.876523494720459,-0.0015235256869345903,attack,no
1703,1,0,0.08509903630580078,-2.4679391384124756,-0.09293902665376663,attack,no
1704,1,0,0.07585817584273653,-2.580655097961426,-0.080655038356781,attack,no
1705,1,0,0.0850990438468576,-2.4691271781921387,-0.09412716329097748,attack,no
1706,1,0,0.1329642384799526,-2.0233895778656006,-0.1483895629644394,attack,no
1707,1,0,0.00048785712130634123,-7.6261982917785645,-0.0011982887517660856,attack,no
1708,1,0,0.0009110513137157699,-7.001282215118408,-0.0012823462020605803,attack,no
1709,1,0,0.022977369617318617,-3.7771639823913574,-0.027163969352841377,attack,no
1710,1,0,0.0004878571229241818,-7.625976085662842,-0.0009760859538801014,attack,no
1711,1,0,0.0002611902891226886,-8.251888275146484,-0.0018881603609770536,attack,no
1712,1,0,0.025957354372137545,-3.654431104660034,-0.029430992901325226,attack,no
1713,1,0,0.008577486443297143,-4.760305404663086,-0.010305525735020638,attack,no
1714,1,0,0.0013250223327945733,-6.626657962799072,-0.0016578990034759045,attack,no
1715,1,0,0.002800926575631354,-5.878169536590576,-0.0031693964265286922,attack,no
1716,1,0,0.0006263341740677802,-7.375814914703369,-0.0008149401983246207,attack,no
1717,1,0,0.009708476794862041,-4.635473728179932,-0.010473760776221752,attack,no
1718,1,0,0.06008665354025422,-2.815432071685791,-0.06543213129043579,attack,no
1719,1,0,0.06754669630158146,-2.6967883110046387,-0.07178839296102524,attack,no
1720,1,0,0.32082130082460697,-1.1430814266204834,-0.3930814266204834,attack,no
1721,1,0,0.04208773061904093,-3.16951060295105,-0.04451067000627518,attack,no
1722,1,0,0.005911068076402512,-5.131564140319824,-0.006564007606357336,attack,no
1723,1,0,0.07585817897661679,-2.581662654876709,-0.08166263997554779,attack,no
1724,1,0,0.000552778704680858,-7.500972747802734,-0.0009728704462759197,attack,no
1725,1,0,0.002182716818566405,-6.1293792724609375,-0.004379443824291229,attack,no
1726,1,0,0.005911069759218042,-5.131259918212891,-0.0062600718811154366,attack,no
1727,1,0,0.08509904616718289,-2.4663257598876953,-0.0913257747888565,attack,no
1728,1,0,0.00218271630437305,-6.1279096603393555,-0.002909595612436533,attack,no
1729,1,0,0.02595735757455145,-3.6543867588043213,-0.029386773705482483,attack,no
1730,1,0,0.0006263342642798879,-7.376044273376465,-0.0010444429935887456,attack,no
1731,1,0,0.005911069685338325,-5.131894111633301,-0.0068942527286708355,attack,no
1732,1,0,0.004070138117953119,-5.504683971405029,-0.004684070590883493,attack,no
1733,1,0,0.06008664428307651,-2.8171942234039307,-0.06719411909580231,attack,no
1734,1,0,0.014063629600132792,-4.264920711517334,-0.014920895919203758,attack,no
1735,1,0,0.0953494732538428,-2.3511416912078857,-0.1011417880654335,attack,no
1736,1,0,0.053403333942835626,-2.935352087020874,-0.06035216897726059,attack,no
1737,1,0,0.005220124639257609,-5.256354331970215,-0.006354128941893578,attack,no
1738,1,0,0.0011695103329143702,-6.7517266273498535,-0.0017266854410991073,attack,no
1739,1,0,0.0017007227980454223,-6.377676963806152,-0.0026771915145218372,attack,no
1740,1,0,0.0011695104487775955,-6.75173807144165,-0.0017382287187501788,attack,no
1741,1,0,0.002472622938983063,-6.002917766571045,-0.002917678328230977,attack,no
1742,1,0,0.04208772401067611,-3.169412136077881,-0.0444120392203331,attack,no
1743,1,0,0.0007096705105537314,-7.252109527587891,-0.0021096847485750914,attack,no
1744,1,0,0.022977370537254904,-3.774559736251831,-0.024559764191508293,attack,no
1745,1,0,0.0006263341259740933,-7.376137733459473,-0.0011376821203157306,attack,no
1746,1,0,0.06754669442450784,-2.6973676681518555,-0.07236772030591965,attack,no
1747,1,0,0.11920291419948606,-2.1306934356689453,-0.13069336116313934,attack,no
1748,1,0,0.05340332433858241,-2.930957794189453,-0.05595768615603447,attack,no
1749,1,0,0.0004878572234857575,-7.62740421295166,-0.0024044194724410772,attack,no
1750,1,0,0.01590638865036262,-4.1429443359375,-0.01794414035975933,attack,no
1751,1,0,0.10669059820623795,-2.2427985668182373,-0.11779861152172089,attack,no
1752,1,0,0.0024726227839277663,-6.0031352043151855,-0.0031350532080978155,attack,no
1753,1,0,0.015906392644828796,-4.14221715927124,-0.01721721887588501,attack,no
1754,1,0,0.017986213679718945,-4.021790981292725,-0.021791191771626472,attack,no
1755,1,0,0.01590639022482362,-4.141781330108643,-0.016781235113739967,attack,no
1756,1,0,0.4073334000459302,-0.9329637289047241,-0.5579637289047241,attack,no
1757,1,0,0.0953494648991095,-2.3522441387176514,-0.10224413871765137,attack,no
1758,1,0,0.001926734274690468,-6.252790927886963,-0.002790725789964199,attack,no
1759,1,0,0.0015011823565500041,-6.502312183380127,-0.002312249969691038,attack,no
1760,1,0,0.11920293297380237,-2.1290042400360107,-0.1290043443441391,attack,no
1761,1,0,0.06008665480259672,-2.8162479400634766,-0.06624802201986313,attack,no
1762,1,0,0.0006263341312206772,-7.376019477844238,-0.0010194348869845271,attack,no
1763,1,0,0.0004878570211705341,-7.62705659866333,-0.002056390279904008,attack,no
1764,1,0,0.24508501313237172,-1.410887598991394,-0.28588759899139404,attack,no
1765,1,0,0.0013250221353043948,-6.627573013305664,-0.002572800265625119,attack,no
1766,1,0,0.00015843619779339586,-8.750518798828125,-0.000518664310220629,attack,no
1767,1,0,0.10669058755477132,-2.2427070140838623,-0.11770694702863693,attack,no
1768,1,0,0.00029595719886469117,-8.125783920288086,-0.0007842087652534246,attack,no
1769,1,0,0.07585818628900447,-2.5888335704803467,-0.08883365988731384,attack,no
1770,1,0,0.060086648490884395,-2.8128676414489746,-0.06286761164665222,attack,no
1771,1,0,0.06754669630158146,-2.6964221000671387,-0.07142218202352524,attack,no
1772,1,0,0.0002611902575689337,-8.250686645507812,-0.0006864098832011223,attack,no
1773,1,0,0.015906388766989354,-4.1421284675598145,-0.01712827943265438,attack,no
1774,1,0,0.015906393432059476,-4.141881465911865,-0.01688157580792904,attack,no
1775,1,0,0.13296423676207594,-2.023668050765991,-0.14866802096366882,attack,no
1776,1,0,0.0035936029565824235,-5.629172325134277,-0.004172429908066988,attack,no
1777,1,0,0.07585817270885642,-2.5804409980773926,-0.08044089376926422,attack,no
1778,1,0,0.0040701372421107105,-5.507491588592529,-0.007491471711546183,attack,no
1779,1,0,0.11920293453832885,-2.1292386054992676,-0.12923872470855713,attack,no
1780,1,0,0.047425874692232355,-3.0517966747283936,-0.05179670825600624,attack,no
1781,1,0,0.29421496597446145,-1.2270269393920898,-0.35202690958976746,attack,no
1782,1,0,0.2018132174596823,-1.609474778175354,-0.23447474837303162,attack,no
1783,1,0,0.1329642281726931,-2.020726442337036,-0.14572633802890778,attack,no
1784,1,0,0.003593603039951837,-5.629728317260742,-0.004728445317596197,attack,no
1785,1,0,0.047425871326308926,-3.0529685020446777,-0.05296846106648445,attack,no
1786,1,0,0.0031726825773977126,-5.754273414611816,-0.004273330792784691,attack,no
1787,1,0,0.022977372209866422,-3.778977155685425,-0.028977258130908012,attack,no
1788,1,0,0.06754669395523943,-2.697176933288574,-0.0721769779920578,attack,no
1789,1,0,0.003593602964919365,-5.629977703094482,-0.004977810196578503,attack,no
1790,1,0,0.11920292358664389,-2.1325392723083496,-0.1325392872095108,attack,no
1791,1,0,0.03308598172565655,-3.4092748165130615,-0.03427492082118988,attack,no
1792,1,0,0.08509904152653235,-2.467133045196533,-0.09213300049304962,attack,no
1793,1,0,0.0008040858940072055,-7.126576900482178,-0.0015768486773595214,attack,no
1794,1,0,0.11920293297380237,-2.1332430839538574,-0.13324318826198578,attack,no
1795,1,0,0.07585818524437762,-2.581282377243042,-0.08128245174884796,attack,no
1796,1,0,0.10669059394565118,-2.239013910293579,-0.1140139102935791,attack,no
1797,1,0,0.02931223106934364,-3.530909776687622,-0.030909787863492966,attack,no
1798,1,0,0.000804085801690486,-7.126235008239746,-0.0012348415330052376,attack,no
1799,1,0,0.029312231387330967,-3.5309245586395264,-0.030924580991268158,attack,no
1800,1,0,0.01798621134386448,-4.018984794616699,-0.018984872847795486,attack,no
1801,1,0,0.0011695101838696748,-6.7517991065979,-0.00179903709795326,attack,no
1802,1,0,0.012431649263867571,-4.390493869781494,-0.015493740327656269,attack,no
1803,1,0,0.05340332829327471,-2.9325003623962402,-0.05750033259391785,attack,no
1804,1,0,0.00218271685254171,-6.1284308433532715,-0.0034310303162783384,attack,no
1805,1,0,0.022977367317478067,-3.7746660709381104,-0.0246659554541111,attack,no
1806,1,0,0.02931222841944938,-3.5310416221618652,-0.031041540205478668,attack,no
1807,1,0,0.0011695100507357887,-6.752265453338623,-0.0022652698680758476,attack,no
1808,1,0,0.09534947004048376,-2.3514764308929443,-0.10147649049758911,attack,no
1809,1,0,0.00026119032380750453,-8.250663757324219,-0.0006637753685936332,attack,no
1810,1,0,0.09534947196849917,-2.355757474899292,-0.10575755685567856,attack,no
1811,1,0,0.00037998459355050593,-7.876221179962158,-0.0012213874142616987,attack,no
1812,1,0,0.020332352860333625,-3.8969902992248535,-0.021990275010466576,attack,no
1813,1,0,0.015906394394230357,-4.143754482269287,-0.01875465363264084,attack,no
1814,1,1,0.5312093733737563,-0.6411408185958862,-0.7661408185958862,attack,yes
1815,1,0,0.4073334000459302,-0.9017285704612732,-0.5267285704612732,attack,no
1816,1,0,0.02297737128993007,-3.774515151977539,-0.024515213444828987,attack,no
1817,1,0,0.05340333507274787,-2.9356536865234375,-0.06065379083156586,attack,no
1818,1,0,0.015906393315432706,-4.14516544342041,-0.020165545865893364,attack,no
1819,1,0,0.007577242843622451,-4.8845930099487305,-0.009593219496309757,attack,no
1820,1,0,0.07585818263281055,-2.5862066745758057,-0.08620671182870865,attack,no
1821,1,0,0.003593602614767851,-5.629728317260742,-0.004728326573967934,attack,no
1822,1,0,0.0005527785313161948,-7.501155853271484,-0.0011556621175259352,attack,no
1823,1,0,0.06008664512463808,-2.8164470195770264,-0.0664469301700592,attack,no
1824,1,0,0.033085981487302796,-3.411719560623169,-0.036719657480716705,attack,no
1825,1,0,0.10669059465574898,-2.2422540187835693,-0.11725402623414993,attack,no
1826,1,0,0.0021827168216089696,-6.127697467803955,-0.0026976405642926693,attack,no
1827,1,0,0.11920292828022305,-2.1313531398773193,-0.1313531994819641,attack,no
1828,1,0,0.13296422989056964,-2.0231850147247314,-0.14818492531776428,attack,no
1829,1,0,0.00055277869287881,-7.500866413116455,-0.0008665143977850676,attack,no
1830,1,0,0.0534033326246047,-2.933830499649048,-0.05883055552840233,attack,no
1831,1,0,0.22270014398423357,-1.5072412490844727,-0.25724127888679504,attack,no
1832,1,0,0.00012339462764365935,-9.000595092773438,-0.0005955114611424506,attack,no
1833,1,0,0.18242551713899047,-1.7039895057678223,-0.20398946106433868,attack,no
1834,1,0,0.037326890958432175,-3.2888734340667725,-0.03887353464961052,attack,no
1835,1,0,0.14804719239327382,-1.922292709350586,-0.17229266464710236,attack,no
1836,1,0,0.13296423504419938,-2.019110679626465,-0.14411063492298126,attack,no
1837,1,0,0.0003799844466985055,-7.876036167144775,-0.001035987981595099,attack,no
1838,1,0,0.05340333507274787,-2.9528563022613525,-0.0778564065694809,attack,no
1839,1,0,0.02931223239429086,-3.531059741973877,-0.03105979971587658,attack,no
1840,1,0,0.0015011825655989579,-6.5019073486328125,-0.0019075546879321337,attack,no
1841,1,0,0.11920291263495983,-2.132556915283203,-0.13255682587623596,attack,no
1842,1,0,0.033085975409282604,-3.4131927490234375,-0.03819265589118004,attack,no
1843,1,0,0.037326891493884455,-3.2913460731506348,-0.04134618863463402,attack,no
1844,1,0,0.017986206540559057,-4.02037239074707,-0.020372197031974792,attack,no
1845,1,0,0.014063625364481323,-4.266209602355957,-0.01620948128402233,attack,no
1846,1,0,0.022977368739197652,-3.7742834091186523,-0.024283356964588165,attack,no
1847,1,0,0.008577484518764984,-4.7603044509887695,-0.0103043457493186,attack,no
1848,1,0,0.001032231078770034,-6.8763508796691895,-0.0013509204145520926,attack,no
1849,1,0,0.022977368153783692,-3.7739622592926025,-0.02396218106150627,attack,no
1850,1,0,0.002472623559204348,-6.003296375274658,-0.0032965384889394045,attack,no
1851,1,0,0.0017007220141519587,-6.3774871826171875,-0.002486948622390628,attack,no
1852,1,0,0.10669059252545564,-2.2395005226135254,-0.1145005077123642,attack,no
1853,1,0,0.001325022395338271,-6.626899242401123,-0.0018992258701473475,attack,no
1854,1,0,0.0059110692885769025,-5.131747245788574,-0.006747319363057613,attack,no
1855,1,0,0.017986205816773418,-4.021424293518066,-0.021424058824777603,attack,no
1856,1,0,0.015906390866270742,-4.1433916091918945,-0.018391555175185204,attack,no
1857,1,0,0.0028009274496547656,-5.87810754776001,-0.003107720520347357,attack,no
1858,1,0,0.0003353501563022216,-8.001018524169922,-0.0010186012368649244,attack,no
1859,1,0,0.09534946682712482,-2.3519933223724365,-0.10199334472417831,attack,no
1860,1,0,0.0007096704739805869,-7.25110387802124,-0.0011039836099371314,attack,no
1861,1,0,0.0953494674697966,-2.3662962913513184,-0.11629632115364075,attack,no
1862,1,0,0.007577242773588593,-4.883980751037598,-0.008980951271951199,attack,no
1863,1,0,0.047425871662901256,-3.0502448081970215,-0.0502447746694088,attack,no
1864,1,0,0.20181322946142374,-1.6076834201812744,-0.232683464884758,attack,no
1865,1,0,0.0015011824343762392,-6.502391338348389,-0.0023914568591862917,attack,no
1866,1,0,0.18242553047372242,-1.7069480419158936,-0.20694808661937714,attack,no
1867,1,0,0.012431653402955803,-4.387791633605957,-0.01279184129089117,attack,no
1868,1,0,0.13296424535145931,-2.022758722305298,-0.14775876700878143,attack,no
1869,1,0,0.002472623128495106,-6.003128528594971,-0.003128517186269164,attack,no
1870,1,0,0.2018132270610754,-1.6062960624694824,-0.2312960922718048,attack,no
1871,1,1,0.5312093733737563,-0.6371590495109558,-0.7621590495109558,attack,yes
1872,1,0,0.0005527785741830227,-7.500682353973389,-0.0006822404102422297,attack,no
1873,1,0,0.14804720179063335,-1.9120675325393677,-0.16206756234169006,attack,no
1874,1,0,0.24508500761839525,-1.4110972881317139,-0.2860972583293915,attack,no
1875,1,0,0.008577485833465919,-4.759219169616699,-0.009219218976795673,attack,no
1876,1,0,0.2018132150593341,-1.6046106815338135,-0.2296106368303299,attack,no
1877,1,0,0.02033235208119306,-3.900383710861206,-0.02538364753127098,attack,no
1878,1,0,0.10669059536584675,-2.2401156425476074,-0.11511565744876862,attack,no
1879,1,0,0.24508500761839525,-1.415703535079956,-0.29070350527763367,attack,no
1880,1,0,0.14804719427274565,-1.91853928565979,-0.16853925585746765,attack,no
1881,1,0,0.06754669020109236,-2.6970949172973633,-0.07209490239620209,attack,no
1882,1,0,0.02595735898738123,-3.6542646884918213,-0.02926475927233696,attack,no
1883,1,0,0.07585817584273653,-2.5877439975738525,-0.08774393796920776,attack,no
1884,1,0,0.10669059962643358,-2.239821672439575,-0.11482173204421997,attack,no
1885,1,0,0.001700722633597747,-6.377065181732178,-0.002065312582999468,attack,no
1886,1,0,0.04208772851637929,-3.1692280769348145,-0.04422809183597565,attack,no
1887,1,0,0.0011695101984205702,-6.753291130065918,-0.0032910730224102736,attack,no
1888,1,0,0.053403331494692494,-2.9315054416656494,-0.0565054751932621,attack,no
1889,1,0,0.06754668926255561,-2.6975529193878174,-0.072552889585495,attack,no
1890,1,0,0.03732688747799252,-3.289579153060913,-0.039579156786203384,attack,no
1891,1,0,0.13296425394084313,-2.0194873809814453,-0.14448750019073486,attack,no
1892,1,0,0.2689414096510108,-1.3166978359222412,-0.31669777631759644,attack,no
1893,1,0,0.34864513533394575,-1.066689133644104,-0.441689133644104,attack,no
1894,1,0,0.10669060388702058,-2.239238739013672,-0.11423884332180023,attack,no
1895,1,0,0.2018132270610754,-1.6059141159057617,-0.2309141457080841,attack,no
1896,1,0,0.004070137355366184,-5.504698753356934,-0.004698664415627718,attack,no
1897,1,0,0.0021827167982826413,-6.127954006195068,-0.0029541682451963425,attack,no
1898,1,0,0.0004878570635182142,-7.626093864440918,-0.0010937429033219814,attack,no
1899,1,0,0.09534946939781196,-2.3518407344818115,-0.1018407866358757,attack,no
1900,1,0,0.06008664638698042,-2.813591480255127,-0.06359141319990158,attack,no
1901,1,0,0.06754669020109236,-2.6966614723205566,-0.07166145741939545,attack,no
1902,1,0,0.2689414330889798,-1.3157451152801514,-0.31574517488479614,attack,no
1903,1,0,0.004609572407990935,-5.381314277648926,-0.006314327474683523,attack,no
1904,1,0,0.005911068913705789,-5.131739139556885,-0.006739149335771799,attack,no
1905,1,0,0.09534947132582737,-2.353743314743042,-0.10374338924884796,attack,no
1906,1,0,0.0850990438468576,-2.465222120285034,-0.09022210538387299,attack,no
1907,1,0,0.010986941092358602,-4.513174533843994,-0.013174392282962799,attack,no
1908,1,0,0.10669059536584675,-2.2441277503967285,-0.11912776529788971,attack,no
1909,1,0,0.07585818419975078,-2.5807201862335205,-0.08072024583816528,attack,no
1910,1,0,0.00591106854430727,-5.13193941116333,-0.006939358077943325,attack,no
1911,1,0,0.06754669442450784,-2.701124668121338,-0.07612472027540207,attack,no
1912,1,0,0.0006263343026819763,-7.375983715057373,-0.0009839460253715515,attack,no
1913,1,0,0.007577240777623922,-4.8838911056518555,-0.008891040459275246,attack,no
1914,1,0,0.20181322946142374,-1.6083984375,-0.23339848220348358,attack,no
1915,1,0,0.0021827163794229604,-6.127353668212891,-0.00235363794490695,attack,no
1916,1,0,0.0008040858720270331,-7.126260280609131,-0.001260201446712017,attack,no
1917,1,0,0.11920293140927592,-2.1314165592193604,-0.13141664862632751,attack,no
1918,1,0,0.24508501313237172,-1.4087580442428589,-0.2837580442428589,attack,no
1919,1,0,0.014063626733319769,-4.266363143920898,-0.016363121569156647,attack,no
1920,1,0,0.08509905080783367,-2.467522382736206,-0.09252245724201202,attack,no
1921,1,0,0.017986212297945846,-4.019118309020996,-0.01911844126880169,attack,no
1922,1,0,0.22270013366638422,-1.507662057876587,-0.2576620280742645,attack,no
1923,1,0,0.010986941173318311,-4.513624668121338,-0.013624534010887146,attack,no
1924,1,0,0.06008665606493926,-2.814441680908203,-0.06444178521633148,attack,no
1925,1,0,0.18242552602881168,-1.7047545909881592,-0.20475460588932037,attack,no
1926,1,0,0.4073334000459302,-0.922002375125885,-0.547002375125885,attack,no
1927,1,0,0.2018132150593341,-1.6044540405273438,-0.22945399582386017,attack,no
1928,1,0,0.037326883194374896,-3.2911195755004883,-0.04111946001648903,attack,no
1929,1,0,0.00460957276907719,-5.3808112144470215,-0.005811342969536781,attack,no
1930,1,0,0.004070138301049507,-5.504385471343994,-0.004385615698993206,attack,no
1931,1,0,0.37754066879814546,-0.9831887483596802,-0.4831887483596802,attack,no
1932,1,0,0.09534947196849917,-2.3564581871032715,-0.10645826905965805,attack,no
1933,1,0,0.005911069004003209,-5.131876468658447,-0.00687649380415678,attack,no
1934,1,0,0.09534945975773548,-2.352900266647339,-0.10290020704269409,attack,no
1935,1,0,0.0005527786551251214,-7.501060962677002,-0.0010609956225380301,attack,no
1936,1,0,0.0031726826399878093,-5.753537178039551,-0.0035371140111237764,attack,no
1937,1,0,0.01590639413182011,-4.142423152923584,-0.01742330752313137,attack,no
1938,1,0,0.01590639413182011,-4.1429443359375,-0.017944490537047386,attack,no
1939,1,1,0.6224593312018546,-0.5185369253158569,-1.018536925315857,attack,yes
1940,1,0,0.11920291263495983,-2.1312685012817383,-0.13126841187477112,attack,no
1941,1,0,0.06754669254743426,-2.6998019218444824,-0.07480194419622421,attack,no
1942,1,0,0.005220125874917499,-5.255867958068848,-0.005867992993444204,attack,no
1943,1,0,0.16451645880021026,-1.807541847229004,-0.18254181742668152,attack,no
1944,1,0,0.1066905854244781,-2.242788314819336,-0.11778822541236877,attack,no
1945,1,0,0.03308597707775863,-3.410757541656494,-0.03575750067830086,attack,no
1946,1,0,0.1645164608483867,-1.8076071739196777,-0.18260715901851654,attack,no
1947,1,0,0.1066905854244781,-2.239788770675659,-0.11478868126869202,attack,no
1948,1,0,0.32082129433083023,-1.1428769826889038,-0.3928769528865814,attack,no
1949,1,0,0.08509904558710156,-2.4659085273742676,-0.09090853482484818,attack,no
1950,1,0,0.0019267348728691201,-6.252632141113281,-0.00263225007802248,attack,no
1951,1,0,0.22270013366638422,-1.505059838294983,-0.2550598084926605,attack,no
1952,1,0,0.0005527786378561862,-7.500974655151367,-0.000974656839389354,attack,no
1953,1,0,0.26894141551050293,-1.3188120126724243,-0.31881198287010193,attack,no
1954,1,0,0.029312233030265537,-3.5311834812164307,-0.03118356131017208,attack,no
1955,1,0,0.1480472055495773,-1.9207181930541992,-0.170718252658844,attack,no
1956,1,0,0.0024726235942353694,-6.0038886070251465,-0.0038887844420969486,attack,no
1957,1,0,0.004070137228897572,-5.505432605743408,-0.005432485602796078,attack,no
1958,1,0,0.0021827160477835123,-6.128256797790527,-0.003256615251302719,attack,no
1959,1,0,0.0017007227600959573,-6.377197742462158,-0.002197947818785906,attack,no
1960,1,0,0.012431652019448259,-4.389136791229248,-0.014136886224150658,attack,no
1961,1,0,0.06008664428307651,-2.8139307498931885,-0.06393064558506012,attack,no
1962,1,0,0.060086648070103596,-2.815196990966797,-0.06519695371389389,attack,no
1963,1,0,0.002472623332938417,-6.002862453460693,-0.002862524939700961,attack,no
1964,1,0,0.06754668691621381,-2.7002651691436768,-0.07526510208845139,attack,no
1965,1,0,0.020332351524664102,-3.8987653255462646,-0.023765234276652336,attack,no
1966,1,0,0.09534947518185825,-2.3526153564453125,-0.10261547565460205,attack,no
1967,1,0,0.20181322946142374,-1.603371024131775,-0.22837106883525848,attack,no
1968,1,0,0.02033235445571678,-3.8961222171783447,-0.021122273057699203,attack,no
1969,1,0,0.10669060175672705,-2.2416884899139404,-0.116688571870327,attack,no
1970,1,0,0.08509904326677628,-2.4665677547454834,-0.09156773239374161,attack,no
1971,1,0,0.007577243004700326,-4.882938861846924,-0.007939092814922333,attack,no
1972,1,0,0.00037998448954691536,-7.87592077255249,-0.000920706195756793,attack,no
1973,1,0,0.10669060459711842,-2.2422876358032227,-0.11728774756193161,attack,no
1974,1,1,0.7310585669110203,-0.32316452264785767,-1.323164463043213,attack,yes
1975,1,0,0.022977371624452375,-3.7751638889312744,-0.025163965299725533,attack,no
1976,1,0,0.0600866447038573,-2.817946195602417,-0.06794609874486923,attack,no
1977,1,0,0.05340332471521977,-2.9312613010406494,-0.056261200457811356,attack,no
1978,1,0,0.04742586930675497,-3.057940721511841,-0.057940635830163956,attack,no
1979,1,0,0.009708476803815983,-4.635256290435791,-0.010256323963403702,attack,no
1980,1,0,0.3486451217982255,-1.0783054828643799,-0.4533054232597351,attack,no
1981,1,0,0.18242553269617778,-1.7096836566925049,-0.20968371629714966,attack,no
1982,1,0,0.06008665059478843,-2.8130505084991455,-0.0630505159497261,attack,no
1983,1,0,0.13296423504419938,-2.0237016677856445,-0.14870162308216095,attack,no
1984,1,0,0.0008040861225075002,-7.126096725463867,-0.0010969580616801977,attack,no
1985,1,0,0.0600866518571309,-2.8156824111938477,-0.06568244099617004,attack,no
1986,1,0,0.22270012850745968,-1.5065183639526367,-0.25651830434799194,attack,no
1987,1,0,0.05340333300124211,-2.9359984397888184,-0.06099850311875343,attack,no
1988,1,0,0.0021827165579200542,-6.128951072692871,-0.003951124381273985,attack,no
1989,1,0,0.2018132198600306,-1.6051280498504639,-0.23012803494930267,attack,no
1990,1,0,0.10669058968506456,-2.2510085105895996,-0.12600846588611603,attack,no
1991,1,0,0.0004305570710036318,-7.751113414764404,-0.0011133907828480005,attack,no
1992,1,0,0.06754669630158146,-2.6977648735046387,-0.07276495546102524,attack,no
1993,1,0,0.09534945718704857,-2.3521718978881836,-0.10217180848121643,attack,no
1994,1,0,0.08509904616718289,-2.4690277576446533,-0.09402777254581451,attack,no
1995,1,0,0.07585817793199003,-2.580596446990967,-0.08059641718864441,attack,no
1996,1,0,0.006692849494051913,-5.007047653198242,-0.007047438062727451,attack,no
1997,1,0,0.06008665311947337,-2.814363718032837,-0.06436377018690109,attack,no
1998,1,0,0.0005527787247797141,-7.500934600830078,-0.0009347598534077406,attack,no
1999,1,0,0.0007096705127002366,-7.252163887023926,-0.002164047211408615,attack,no
2000,1,0,0.18242553269617778,-1.7059268951416016,-0.20592695474624634,attack,no
2001,1,0,0.001169510494062169,-6.752033233642578,-0.0020334296859800816,attack,no
2002,1,0,0.07585818367743737,-2.579580307006836,-0.07958035916090012,attack,no
2003,1,0,0.24508501864634827,-1.4180786609649658,-0.2930786907672882,attack,no
2004,1,0,0.22270014914315833,-1.5104894638061523,-0.2604895234107971,attack,no
2005,1,0,0.18242552602881168,-1.7029669284820557,-0.20296694338321686,attack,no
2006,1,0,0.05340333130637379,-2.934614419937134,-0.05961444973945618,attack,no
2007,1,0,0.0006263342106481324,-7.376123428344727,-0.0011235122801735997,attack,no
2008,1,0,0.0017007227347963145,-6.378139972686768,-0.003140163142234087,attack,no
2009,1,0,0.18242552602881168,-1.707711935043335,-0.20771194994449615,attack,no
2010,1,0,0.1645164628965632,-1.813995361328125,-0.188995361328125,attack,no
2011,1,1,0.6224593312018546,-0.48317253589630127,-0.9831725358963013,attack,yes
2012,1,0,0.24508501864634827,-1.4103975296020508,-0.28539755940437317,attack,no
2013,1,0,0.0011695101100272825,-6.752077579498291,-0.002077446784824133,attack,no
2014,1,0,0.08509903630580078,-2.46966290473938,-0.09466279298067093,attack,no
2015,1,0,0.08509904268669496,-2.4664969444274902,-0.09149691462516785,attack,no
2016,1,0,0.37754066879814546,-0.9804494380950928,-0.4804494380950928,attack,no
2017,1,0,0.24508501313237172,-1.4152694940567017,-0.29026949405670166,attack,no
2018,1,0,0.009708478451341495,-4.635998725891113,-0.010998930782079697,attack,no
2019,1,0,0.022977367317478067,-3.7747185230255127,-0.024718407541513443,attack,no
2020,1,0,0.1480472036701053,-1.9140770435333252,-0.16407708823680878,attack,no
2021,1,0,0.0006263342708745537,-7.375911712646484,-0.0009118927991949022,attack,no
2022,1,0,0.060086653961035054,-2.814521074295044,-0.06452114135026932,attack,no
2023,1,0,0.0534033333778795,-2.932347297668457,-0.0573473684489727,attack,no
2024,1,0,0.1329642281726931,-2.0236358642578125,-0.14863575994968414,attack,no
2025,1,0,0.01406362936768847,-4.267884254455566,-0.017884422093629837,attack,no
2026,1,0,0.020332351895683404,-3.8967010974884033,-0.0217010248452425,attack,no
2027,1,0,0.09534947196849917,-2.3528525829315186,-0.10285266488790512,attack,no
2028,1,0,0.002472623465596866,-6.003871440887451,-0.0038715661503374577,attack,no
2029,1,0,0.2942149845400438,-1.2274768352508545,-0.35247689485549927,attack,no
2030,1,0,0.037326884399142314,-3.2897346019744873,-0.03973452001810074,attack,no
2031,1,0,0.017986206145766886,-4.01905632019043,-0.019056104123592377,attack,no
2032,1,0,0.02595736016473944,-3.654419183731079,-0.029419301077723503,attack,no
2033,1,0,0.003593602408011736,-5.629613399505615,-0.004613351076841354,attack,no
2034,1,0,0.025957356491381995,-3.6528990268707275,-0.0278989989310503,attack,no
2035,1,0,0.037326890021390696,-3.293285846710205,-0.04328592121601105,attack,no
2036,1,0,0.04208772866656941,-3.1694278717041016,-0.044427890330553055,attack,no
2037,1,0,0.033085982083187186,-3.4101686477661133,-0.035168763250112534,attack,no
2038,1,0,0.03308597624352061,-3.409433364868164,-0.03443329781293869,attack,no
2039,1,0,0.07585818158818373,-2.5834600925445557,-0.08346011489629745,attack,no
2040,1,0,0.00757724045546827,-4.8835835456848145,-0.008583437651395798,attack,no
2041,1,0,0.02033235408469743,-3.896712303161621,-0.02171234041452408,attack,no
2042,1,0,0.14804719239327382,-1.914299488067627,-0.16429944336414337,attack,no
2043,1,0,0.017986208679016794,-4.019048690795898,-0.019048618152737617,attack,no
2044,1,0,0.22270014398423357,-1.5067970752716064,-0.25679710507392883,attack,no
2045,1,0,0.18242552380635632,-1.7068876028060913,-0.2068876028060913,attack,no
2046,1,0,0.16451645675203383,-1.8071861267089844,-0.1821860820055008,attack,no
2047,1,0,0.0953494732538428,-2.3531370162963867,-0.10313711315393448,attack,no
2048,1,0,0.06754669630158146,-2.699040412902832,-0.0740404948592186,attack,no
2049,1,0,0.24508500761839525,-1.409144401550293,-0.2841443717479706,attack,no
2050,1,0,0.014063626113468383,-4.26833438873291,-0.018334321677684784,attack,no
2051,1,0,0.037326887745718636,-3.2896409034729004,-0.039640914648771286,attack,no
2052,1,0,0.00043055709617981675,-7.750638484954834,-0.0006385194719769061,attack,no
2053,1,0,0.04742587317756679,-3.0524988174438477,-0.052498817443847656,attack,no
2054,1,0,0.0075772422483346815,-4.883774757385254,-0.008774887770414352,attack,no
2055,1,0,0.03308597886541159,-3.411137104034424,-0.03613711893558502,attack,no
2056,1,0,0.029312233348252885,-3.5309526920318604,-0.030952783301472664,attack,no
2057,1,0,0.05340333130637379,-2.932382345199585,-0.05738237500190735,attack,no
2058,1,0,0.025957357009419556,-3.6542232036590576,-0.02922319620847702,attack,no
2059,1,0,5.829127779040149e-05,-9.750246047973633,-0.00024625606602057815,attack,no
2060,1,0,0.08509904094645104,-2.466745615005493,-0.09174556285142899,attack,no
2061,1,0,0.0059110693788743274,-5.131382942199707,-0.006383031141012907,attack,no
2062,1,0,0.13296423504419938,-2.0216853618621826,-0.14668531715869904,attack,no
2063,1,0,0.10669059394565118,-2.245654344558716,-0.12065434455871582,attack,no
2064,1,0,0.00037998457780846404,-7.876155853271484,-0.0011560192797333002,attack,no
2065,1,0,0.008577486878890902,-4.76103401184082,-0.011034184135496616,attack,no
2066,1,0,0.10669058755477132,-2.247413158416748,-0.12241309136152267,attack,no
2067,1,0,0.13296423676207594,-2.021524429321289,-0.14652439951896667,attack,no
2068,1,0,0.08509903804604459,-2.467621326446533,-0.09262123703956604,attack,no
2069,1,0,0.08509904268669496,-2.466071605682373,-0.09107157588005066,attack,no
2070,1,0,0.053403333566198224,-2.9311797618865967,-0.05617983639240265,attack,no
2071,1,0,0.002182716682158097,-6.128654479980469,-0.0036545887123793364,attack,no
2072,1,0,0.08509905312815914,-2.467771291732788,-0.09277139604091644,attack,no
2073,1,0,0.002472623524747606,-6.002998352050781,-0.002998501295223832,attack,no
2074,1,0,0.06754669864792355,-2.696603298187256,-0.07160341739654541,attack,no
2075,1,0,0.025957359882173466,-3.6521811485290527,-0.02718125469982624,attack,no
2076,1,0,0.3486451285660856,-1.0551344156265259,-0.4301343858242035,attack,no
2077,1,0,0.025957355596589873,-3.6529088020324707,-0.02790873870253563,attack,no
2078,1,0,0.32082130731838393,-1.1438332796096802,-0.39383330941200256,attack,no
2079,1,0,0.06754669442450784,-2.6996002197265625,-0.07460027188062668,attack,no
2080,1,0,0.14804719991116141,-1.9139515161514282,-0.16395153105258942,attack,no
2081,1,0,0.004609571249951183,-5.380425930023193,-0.0054257274605333805,attack,no
2082,1,0,0.00029595724464044604,-8.126121520996094,-0.0011219641892239451,attack,no
2083,1,0,0.18242552825126704,-1.7068111896514893,-0.20681121945381165,attack,no
2084,1,0,0.022977371582637088,-3.7744617462158203,-0.024461820721626282,attack,no
2085,1,0,0.002182716333784501,-6.127821922302246,-0.00282187107950449,attack,no
2086,1,0,0.0007096705615332305,-7.250856399536133,-0.000856628583278507,attack,no
2087,1,0,0.18242552158390105,-1.7053027153015137,-0.20530270040035248,attack,no
2088,1,0,0.001926734364685897,-6.2526421546936035,-0.0026419993955641985,attack,no
2089,1,0,0.022977370704516047,-3.7743184566497803,-0.02431849204003811,attack,no
2090,1,0,0.16451645675203383,-1.809024691581726,-0.1840246468782425,attack,no
2091,1,0,0.014063623892334462,-4.266062259674072,-0.01606203243136406,attack,no
2092,1,0,0.060086653961035054,-2.8170886039733887,-0.06708867102861404,attack,no
2093,1,0,0.14804720179063335,-1.9175342321395874,-0.1675342619419098,attack,no
2094,1,0,0.11920292515117029,-2.1321609020233154,-0.13216093182563782,attack,no
2095,1,0,0.13296423504419938,-2.01998233795166,-0.14498229324817657,attack,no
2096,1,0,0.2942149597859341,-1.2262275218963623,-0.35122746229171753,attack,no
2097,1,0,0.004070137321389541,-5.505089282989502,-0.005089185666292906,attack,no
2098,1,0,0.14804719427274565,-1.914507508277893,-0.16450747847557068,attack,no
2099,1,0,0.01798620739594212,-4.0190277099609375,-0.01902756467461586,attack,no
2100,1,0,0.006692851308156953,-5.011911869049072,-0.011911926791071892,attack,no
2101,1,0,0.004609572570372917,-5.381039142608643,-0.0060392278246581554,attack,no
2102,1,0,0.014063626604184061,-4.2652177810668945,-0.015217749401926994,attack,no
2103,1,0,0.01243164962975377,-4.38889741897583,-0.013897319324314594,attack,no
2104,1,0,0.0008040860996855277,-7.126710891723633,-0.001711095916107297,attack,no
2105,1,0,0.10669059181535785,-2.2410218715667725,-0.11602184921503067,attack,no
2106,1,0,0.005220124484497879,-5.255771160125732,-0.005770927295088768,attack,no
2107,1,0,0.10669058471438037,-2.240523338317871,-0.11552324146032333,attack,no
2108,1,0,0.0017007227434930668,-6.379714012145996,-0.004714207723736763,attack,no
2109,1,0,0.07585817688736327,-2.581691026687622,-0.08169098198413849,attack,no
2110,1,0,0.0203323551977555,-3.8967747688293457,-0.021774861961603165,attack,no
2111,1,0,0.037326884666868405,-3.2897872924804688,-0.03978721797466278,attack,no
2112,1,0,0.4378234991142019,-0.8390633463859558,-0.5890633463859558,attack,no
2113,1,0,0.06754668691621381,-2.698218822479248,-0.07321875542402267,attack,no
2114,1,0,0.0011695104298750263,-6.752752780914307,-0.002752922009676695,attack,no
2115,1,0,0.13296424706933604,-2.024019479751587,-0.1490195393562317,attack,no
2116,1,0,0.04742587721667508,-3.0503439903259277,-0.0503440797328949,attack,no
2117,1,0,0.03732688988752763,-3.290637731552124,-0.040637802332639694,attack,no
2118,1,0,0.004609572303297293,-5.380492687225342,-0.005492714233696461,attack,no
2119,1,0,0.00015843615027893312,-8.750626564025879,-0.0006261295638978481,attack,no
2120,1,0,0.0007096703941471156,-7.2512969970703125,-0.0012969900853931904,attack,no
2121,1,0,0.0007096704631655039,-7.25131368637085,-0.001313776709139347,attack,no
2122,1,0,0.00857748489891945,-4.760471343994141,-0.010471283458173275,attack,no
2123,1,0,0.13296424706933604,-2.0240795612335205,-0.14907962083816528,attack,no
2124,1,0,0.00103223107240773,-6.8766703605651855,-0.0016703951405361295,attack,no
2125,1,0,0.001700722106258434,-6.37746524810791,-0.0024650683626532555,attack,no
2126,1,0,0.06754669536304464,-2.6965928077697754,-0.07159287482500076,attack,no
2127,1,0,0.005220125591997303,-5.256287574768066,-0.006287555210292339,attack,no
2128,1,0,0.02931223350724656,-3.531841993331909,-0.03184209018945694,attack,no
2129,1,0,0.06754668691621381,-2.696080446243286,-0.07108037918806076,attack,no
2130,1,0,0.04742587637519415,-3.0513386726379395,-0.051338743418455124,attack,no
2131,1,0,0.08509903746596333,-2.46650767326355,-0.09150757640600204,attack,no
2132,1,0,0.009708475111521044,-4.6366777420043945,-0.011677599512040615,attack,no
2133,1,0,0.010986943085991616,-4.511952877044678,-0.011952918954193592,attack,no
2134,1,0,0.0004878570217949636,-7.625643730163574,-0.0006435230607166886,attack,no
2135,1,0,0.22270014398423357,-1.504672646522522,-0.25467267632484436,attack,no
2136,1,0,0.0019267342675266526,-6.252917289733887,-0.0029170839115977287,attack,no
2137,1,0,0.0013250224537226616,-6.626744270324707,-0.0017442979151383042,attack,no
2138,1,0,0.010986940869719403,-4.511699676513672,-0.011699514463543892,attack,no
2139,1,0,0.015906390574703867,-4.142917633056641,-0.017917560413479805,attack,no
2140,1,0,0.06754669442450784,-2.6966123580932617,-0.0716124102473259,attack,no
2141,1,0,0.09534946939781196,-2.3541603088378906,-0.1041603609919548,attack,no
2142,1,0,0.0009110511395114548,-7.00133752822876,-0.0013374679256230593,attack,no
2143,1,0,0.014063628102158346,-4.265163898468018,-0.015163974836468697,attack,no
2144,1,0,0.029312230115381685,-3.532160997390747,-0.03216097503900528,attack,no
2145,1,0,0.01406362559692558,-4.264892578125,-0.014892473816871643,attack,no
2146,1,0,0.04742587115801275,-3.0521490573883057,-0.05214901268482208,attack,no
2147,1,0,0.015906393169649247,-4.141578674316406,-0.01657876744866371,attack,no
2148,1,0,0.01406362443470434,-4.26549768447876,-0.015497496351599693,attack,no
2149,1,0,0.010986942620473214,-4.512133598327637,-0.012133597396314144,attack,no
2150,1,0,0.03308597612434374,-3.411365509033203,-0.036365438252687454,attack,no
2151,1,0,0.002472623157783332,-6.003124713897705,-0.0031247143633663654,attack,no
2152,1,0,0.0330859819640103,-3.4097161293029785,-0.03471624106168747,attack,no
2153,1,0,0.0003353499931311924,-8.000585556030273,-0.0005851463647559285,attack,no
2154,1,0,0.008577486522496009,-4.759501934051514,-0.009502064436674118,attack,no
2155,1,0,0.02931223244728875,-3.5329225063323975,-0.032922565937042236,attack,no
2156,1,0,0.060086646807761206,-2.8142595291137695,-0.06425946950912476,attack,no
2157,1,0,0.0024726233122643734,-6.002987384796143,-0.0029874478932470083,attack,no
2158,1,0,0.047425868970162655,-3.0514864921569824,-0.05148639902472496,attack,no
2159,1,0,0.0028009267681245818,-5.878295421600342,-0.003295350354164839,attack,no
2160,1,0,0.022977367693815597,-3.7771542072296143,-0.02715410850942135,attack,no
2161,1,0,0.07585818211049715,-2.579953908920288,-0.07995393872261047,attack,no
2162,1,0,0.0017007221165364099,-6.379210472106934,-0.004210298415273428,attack,no
2163,1,0,0.014063624744629993,-4.26577615737915,-0.01577599160373211,attack,no
2164,1,0,0.2018132270610754,-1.6040923595428467,-0.22909238934516907,attack,no
2165,1,0,0.0005527785257849914,-7.501057147979736,-0.0010569468140602112,attack,no
2166,1,0,0.06008664638698042,-2.813931941986084,-0.06393187493085861,attack,no
2167,1,0,0.05340332659840655,-2.9345791339874268,-0.059579070657491684,attack,no
2168,1,0,0.060086648490884395,-2.8147635459899902,-0.06476351618766785,attack,no
2169,1,0,0.0009110513233584672,-7.001677513122559,-0.0016776548000052571,attack,no
2170,1,0,0.0015011820958495971,-6.5025315284729,-0.002531421137973666,attack,no
2171,1,0,0.007577240399441201,-4.883584499359131,-0.008584383875131607,attack,no
2172,1,0,0.10669059536584675,-2.240621566772461,-0.11562158167362213,attack,no
2173,1,0,0.005911069116190913,-5.131239414215088,-0.006239458452910185,attack,no
2174,1,0,0.13296423504419938,-2.018876791000366,-0.14387674629688263,attack,no
2175,1,0,0.007577241372911577,-4.883541584014893,-0.008541597984731197,attack,no
2176,1,0,0.0028009264806853743,-5.878666877746582,-0.003666703589260578,attack,no
2177,1,0,0.32082129433083023,-1.1450426578521729,-0.39504262804985046,attack,no
2178,1,0,0.02931223106934364,-3.533055543899536,-0.03305555507540703,attack,no
2179,1,0,0.20181322946142374,-1.6051567792892456,-0.2301568239927292,attack,no
2180,1,0,0.00033535015411672057,-8.000901222229004,-0.0009012927766889334,attack,no
2181,1,0,0.0015011820086004747,-6.503251552581787,-0.0032513870391994715,attack,no
2182,1,0,0.006692850453731992,-5.008383274078369,-0.00838320329785347,attack,no
2183,1,0,0.00048785715139250044,-7.6264238357543945,-0.001423894427716732,attack,no
2184,1,0,0.0011695104891665394,-6.751413822174072,-0.0014140140265226364,attack,no
2185,1,0,0.037326889084349245,-3.2909047603607178,-0.04090480878949165,attack,no
2186,1,0,0.07585818628900447,-2.5803658962249756,-0.08036598563194275,attack,no
2187,1,0,0.13296424535145931,-2.0204834938049316,-0.14548353850841522,attack,no
2188,1,0,0.0009110510462634166,-7.001913547515869,-0.0019133847672492266,attack,no
2189,1,0,0.053403330364780316,-2.9333651065826416,-0.0583651177585125,attack,no
2190,1,0,0.003593602172910038,-5.6294708251953125,-0.00447071110829711,attack,no
2191,1,0,0.08509904558710156,-2.4680662155151367,-0.09306622296571732,attack,no
2192,1,0,0.0019267348321249096,-6.252814769744873,-0.0028148575220257044,attack,no
2193,1,0,0.06754669348597103,-2.6967856884002686,-0.07178572565317154,attack,no
2194,1,0,0.029312234037225486,-3.5322768688201904,-0.03227698430418968,attack,no
2195,1,0,0.0024726234610026343,-6.004308223724365,-0.004308347124606371,attack,no
2196,1,0,0.11920292671569666,-2.12925386428833,-0.12925390899181366,attack,no
2197,1,0,0.13296423160844623,-2.0218446254730225,-0.1468445509672165,attack,no
2198,1,0,0.003172683265152491,-5.753614902496338,-0.003615036141127348,attack,no
2199,1,0,0.047425871831197425,-3.0503857135772705,-0.05038568377494812,attack,no
2200,1,0,0.09534946554178125,-2.3593342304229736,-0.10933423787355423,attack,no
2201,1,0,0.09534947132582737,-2.357818126678467,-0.10781820118427277,attack,no
2202,1,0,0.0005527786029002617,-7.50103759765625,-0.0010375360725447536,attack,no
2203,1,0,0.09534946104307897,-2.3574342727661133,-0.1074342280626297,attack,no
2204,1,0,0.012431648360586064,-4.390498638153076,-0.015498435124754906,attack,no
2205,1,0,0.04208773121980142,-3.172517776489258,-0.04751785844564438,attack,no
2206,1,0,0.1329642264548166,-2.026724338531494,-0.1517242193222046,attack,no
2207,1,0,0.0004878570833296636,-7.626352787017822,-0.001352706109173596,attack,no
2208,1,0,0.008577487362004003,-4.760132312774658,-0.010132541880011559,attack,no
2209,1,0,0.11920292984474948,-2.1304092407226562,-0.13040931522846222,attack,no
2210,1,0,0.0019267350936042536,-6.252397060394287,-0.0023972841445356607,attack,no
2211,1,0,0.11920292671569666,-2.129059314727783,-0.12905935943126678,attack,no
2212,1,0,0.05340333243628599,-2.931762933731079,-0.05676298588514328,attack,no
2213,1,0,0.0005527785513828865,-7.501123905181885,-0.0011237503495067358,attack,no
2214,1,0,0.0006263341969487175,-7.376242637634277,-0.0012426996836438775,attack,no
2215,1,0,0.02033235096813516,-3.896610736846924,-0.021610617637634277,attack,no
2216,1,0,0.24508500210441886,-1.4125111103057861,-0.28751105070114136,attack,no
2217,1,0,0.0010322308372425956,-6.876591205596924,-0.0015910121146589518,attack,no
2218,1,0,0.08509904152653235,-2.465766191482544,-0.09076614677906036,attack,no
2219,1,0,0.0007096703344577731,-7.251065731048584,-0.0010656398953869939,attack,no
2220,1,0,0.012431652579711626,-4.388777256011963,-0.013777396641671658,attack,no
2221,1,0,0.16451645470385742,-1.8087549209594727,-0.18375486135482788,attack,no
2222,1,0,0.0006263342784165196,-7.376132965087891,-0.0011331572895869613,attack,no
2223,1,0,0.0007096703182764307,-7.251377105712891,-0.0013769917422905564,attack,no
2224,1,0,0.020332353268454884,-3.896714210510254,-0.021714206784963608,attack,no
2225,1,0,0.0675466977093867,-2.696622848510742,-0.07162295281887054,attack,no
2226,1,0,0.00048785701909856313,-7.625949859619141,-0.0009496469865553081,attack,no
2227,1,0,0.14804719051380197,-1.9128074645996094,-0.1628074049949646,attack,no
2228,1,0,0.007577241709074037,-4.88299036026001,-0.007990418933331966,attack,no
2229,1,0,0.0008040859674303386,-7.126054763793945,-0.0010548033751547337,attack,no
2230,1,0,0.004070137136405604,-5.504633903503418,-0.004633760545402765,attack,no
2231,1,0,0.06754668550840877,-2.698019504547119,-0.07301941514015198,attack,no
2232,1,0,0.11920292984474948,-2.1292881965637207,-0.12928827106952667,attack,no
2233,1,0,0.0009110513816385076,-7.0015645027160645,-0.0015647084219381213,attack,no
2234,1,0,0.0003353502150570807,-8.000828742980957,-0.0008289953111670911,attack,no
2235,1,0,0.09534947453918644,-2.3545379638671875,-0.10453807562589645,attack,no
2236,1,0,0.020332352563518168,-3.8994808197021484,-0.024480780586600304,attack,no
2237,1,0,0.014063627973022628,-4.265203475952148,-0.01520354300737381,attack,no
2238,1,0,0.02931223371923813,-3.5311412811279297,-0.031141385436058044,attack,no
2239,1,0,0.04742587149460509,-3.0525150299072266,-0.05251499265432358,attack,no
2240,1,0,0.060086656906500974,-2.8144092559814453,-0.06440937519073486,attack,no
2241,1,0,0.037326887879581695,-3.2937722206115723,-0.04377223551273346,attack,no
2242,1,0,0.0004878571066606267,-7.626121520996094,-0.0011214879341423512,attack,no
2243,1,0,0.03308597981882656,-3.4117465019226074,-0.036746546626091,attack,no
2244,1,0,0.00247262342884301,-6.004473686218262,-0.004473796579986811,attack,no
2245,1,0,0.004070137783849419,-5.504971981048584,-0.0049719978123903275,attack,no
2246,1,0,0.22270013882530884,-1.5071384906768799,-0.2571384906768799,attack,no
2247,1,0,0.0008040858907335628,-7.126791477203369,-0.0017914213240146637,attack,no
2248,1,0,0.009708474610100378,-4.636045932769775,-0.011045738123357296,attack,no
2249,1,0,0.04742587805815602,-3.050135374069214,-0.05013548210263252,attack,no
2250,1,0,0.015906388621205934,-4.141983509063721,-0.016983311623334885,attack,no
2251,1,0,0.00970847869309798,-4.636125087738037,-0.01112531777471304,attack,no
2252,1,0,0.0002959572192726171,-8.12548828125,-0.0004886387032456696,attack,no
2253,1,0,0.07585818785594478,-2.5806400775909424,-0.08064018934965134,attack,no
2254,1,0,0.004609571290546667,-5.381006717681885,-0.006006523966789246,attack,no
2255,1,0,0.0010322309791339567,-6.876856803894043,-0.0018567480146884918,attack,no
2256,1,0,0.00020342702791939488,-8.502233505249023,-0.002233750419691205,attack,no
2257,1,0,0.01590639515230442,-4.145351886749268,-0.020352106541395187,attack,no
2258,1,0,0.06008664344151498,-2.8178582191467285,-0.06785809993743896,attack,no
2259,1,0,0.09534946682712482,-2.3547441959381104,-0.10474421828985214,attack,no
2260,1,0,0.10669058755477132,-2.244312047958374,-0.11931198090314865,attack,no
2261,1,0,0.08509904848750824,-2.4671826362609863,-0.09218268096446991,attack,no
2262,1,0,0.0059110690970369155,-5.131822109222412,-0.0068221502006053925,attack,no
2263,1,0,0.0006263341013442975,-7.376065254211426,-0.001065163523890078,attack,no
2264,1,0,0.0031726827379229042,-5.754958152770996,-0.004958119709044695,attack,no
2265,1,0,0.37754066879814546,-0.9811660647392273,-0.4811660647392273,attack,no
2266,1,0,0.010986941274517948,-4.511807441711426,-0.011807316914200783,attack,no
2267,1,0,0.0007096705057653738,-7.251672267913818,-0.0016724183224141598,attack,no
2268,1,0,0.06754669817865512,-2.6976094245910645,-0.07260953634977341,attack,no
2269,1,0,0.0006263340393325971,-7.376253604888916,-0.0012534151319414377,attack,no
2270,1,0,0.00522012601275042,-5.256660461425781,-0.006660522893071175,attack,no
2271,1,0,0.0011695100482879749,-6.751428127288818,-0.0014279417227953672,attack,no
2272,1,0,0.04742587216778976,-3.051365375518799,-0.05136535316705704,attack,no
2273,1,0,0.005911069641557753,-5.131963729858398,-0.006963863503187895,attack,no
2274,1,0,0.18242552380635632,-1.707666039466858,-0.2076660394668579,attack,no
2275,1,0,0.0953494738965146,-2.3532543182373047,-0.10325442254543304,attack,no
2276,1,0,0.0330859768394049,-3.4094090461730957,-0.03440899774432182,attack,no
2277,1,0,0.05340332735168128,-2.9315192699432373,-0.056519221514463425,attack,no
2278,1,0,0.0019267351218117874,-6.2523908615112305,-0.0023910999298095703,attack,no
2279,1,0,0.13296424019782924,-2.0228383541107178,-0.14783835411071777,attack,no
2280,1,0,0.002182716225266391,-6.128410816192627,-0.0034107151441276073,attack,no
2281,1,0,0.005220126389977382,-5.256167411804199,-0.006167545914649963,attack,no
2282,1,0,0.0021827167288107517,-6.127578258514404,-0.0025783886667340994,attack,no
2283,1,0,0.07585818315512395,-2.585900068283081,-0.08590011298656464,attack,no
2284,1,0,0.020332352266702717,-3.8965091705322266,-0.021509116515517235,attack,no
2285,1,0,0.029312228843432455,-3.5307791233062744,-0.030779056251049042,attack,no
2286,1,0,0.14804719239327382,-1.9193521738052368,-0.16935212910175323,attack,no
2287,1,0,0.004609572519094396,-5.380654811859131,-0.005654885899275541,attack,no
2288,1,0,0.1480471980316895,-1.9130967855453491,-0.16309678554534912,attack,no
2289,1,0,0.03308597803117354,-3.4098780155181885,-0.03487800434231758,attack,no
2290,1,0,0.06008665227791171,-2.814744710922241,-0.0647447481751442,attack,no
2291,1,0,0.020332351079440945,-3.89856219291687,-0.023562079295516014,attack,no
2292,1,0,0.1480472036701053,-1.9140048027038574,-0.164004847407341,attack,no
2293,1,0,0.08509903688588204,-2.472912073135376,-0.09791196882724762,attack,no
2294,1,0,0.14804719239327382,-1.9154784679412842,-0.1654784232378006,attack,no
2295,1,0,0.0015011822071794843,-6.502772808074951,-0.002772775012999773,attack,no
2296,1,0,0.037326884666868405,-3.289287805557251,-0.03928773105144501,attack,no
2297,1,0,0.022977368195598976,-3.774892568588257,-0.024892492219805717,attack,no
2298,1,0,0.09534945718704857,-2.3527839183807373,-0.10278382897377014,attack,no
2299,1,0,0.1645164608483867,-1.8065614700317383,-0.1815614551305771,attack,no
2300,1,0,0.00043055711070935697,-7.750760555267334,-0.0007606235449202359,attack,no
2301,1,0,0.24508501313237172,-1.4107680320739746,-0.2857680320739746,attack,no
2302,1,0,0.00029595709176185236,-8.12562084197998,-0.000620768463704735,attack,no
2303,1,0,0.0021827160599537667,-6.127511978149414,-0.0025118011981248856,attack,no
2304,1,0,0.04208772671409796,-3.1727912425994873,-0.04779121279716492,attack,no
2305,1,0,0.0675466845698721,-2.7002947330474854,-0.075294628739357,attack,no
2306,1,0,0.017986208218425878,-4.0230560302734375,-0.02305593155324459,attack,no
2307,1,0,0.012431651870806961,-4.388686656951904,-0.013686739839613438,attack,no
2308,1,0,0.3486451285660856,-1.0589070320129395,-0.43390700221061707,attack,no
2309,1,0,0.20181322466072713,-1.6082593202590942,-0.23325933516025543,attack,no
2310,1,0,0.09534946104307897,-2.3534584045410156,-0.10345835983753204,attack,no
2311,1,0,0.2689414272294874,-1.32664954662323,-0.32664957642555237,attack,no
2312,1,0,0.10669058897496679,-2.240781545639038,-0.11578149348497391,attack,no
2313,1,0,0.2689414272294874,-1.3211256265640259,-0.32112565636634827,attack,no
2314,1,0,0.017986211212267053,-4.019348621368408,-0.019348692148923874,attack,no
2315,1,0,0.5,-0.6973633170127869,-0.6973633170127869,attack,no
2316,1,0,0.18242552158390105,-1.7049492597579956,-0.2049492448568344,attack,no
2317,1,0,0.060086653961035054,-2.8132433891296387,-0.06324345618486404,attack,no
2318,1,0,0.14804720179063335,-1.9128763675689697,-0.16287639737129211,attack,no
2319,1,0,0.04208773212094217,-3.173525333404541,-0.04852543771266937,attack,no
2320,1,0,0.22270014398423357,-1.5104089975357056,-0.26040902733802795,attack,no
2321,1,0,0.0007096705491082671,-7.251706600189209,-0.001706811715848744,attack,no
2322,1,0,0.020332355605876807,-3.8964078426361084,-0.0214079562574625,attack,no
2323,1,0,0.07585818576669104,-2.585125207901001,-0.08512528985738754,attack,no
2324,1,0,0.014063626216776943,-4.266051769256592,-0.01605170965194702,attack,no
2325,1,0,0.0007096703613716391,-7.251855373382568,-0.0018553201807662845,attack,no
2326,1,0,0.025957355502401233,-3.6528878211975098,-0.027887754142284393,attack,no
2327,1,0,0.08509904442693891,-2.4677271842956543,-0.0927271768450737,attack,no
2328,1,0,0.0004305571296228109,-7.751830101013184,-0.001830213237553835,attack,no
2329,1,0,0.022977371499006513,-3.7744715213775635,-0.024471592158079147,attack,no
2330,1,0,0.047425876711786524,-3.053018808364868,-0.05301888659596443,attack,no
2331,1,0,0.0017007222007367545,-6.377130031585693,-0.002129907486960292,attack,no
2332,1,0,0.007577239762133325,-4.884424209594727,-0.00942400936037302,attack,no
2333,1,0,0.08509904500702024,-2.4660425186157227,-0.09104251861572266,attack,no
2334,1,0,0.0024726235879182997,-6.0029497146606445,-0.0029498895164579153,attack,no
2335,1,0,0.022977368906458788,-3.7754247188568115,-0.025424674153327942,attack,no
2336,1,0,0.10669058613457583,-2.239955186843872,-0.1149551048874855,attack,no
2337,1,0,0.08509903630580078,-2.468393325805664,-0.09339321404695511,attack,no
2338,1,1,0.5312093733737563,-0.6484516859054565,-0.7734516859054565,attack,yes
2339,1,0,0.004070138082088877,-5.506135940551758,-0.00613603089004755,attack,no
2340,1,0,0.00017952800046622884,-8.625360488891602,-0.00036066226311959326,attack,no
2341,1,0,0.07585818158818373,-2.582352638244629,-0.0823526605963707,attack,no
2342,1,0,0.00023050677944601276,-8.3756742477417,-0.0006744970451109111,attack,no
2343,1,0,0.006692849846966508,-5.0091776847839355,-0.009177522733807564,attack,no
2344,1,0,0.004609571557622232,-5.380733489990234,-0.0057333544827997684,attack,no
2345,1,0,0.0003353502884470071,-8.001546859741211,-0.001547330990433693,attack,no
2346,1,0,0.14804719991116141,-1.9157540798187256,-0.16575409471988678,attack,no
2347,1,0,0.2018132270610754,-1.6024891138076782,-0.2274891436100006,attack,no
2348,1,0,0.13296425222296632,-2.021315574645996,-0.14631567895412445,attack,no
2349,1,0,0.020332354344410976,-3.897024393081665,-0.02202444337308407,attack,no
2350,1,0,0.03732689136002139,-3.290072202682495,-0.04007231444120407,attack,no
2351,1,0,0.014063629070676289,-4.2646026611328125,-0.014602807350456715,attack,no
2352,1,0,0.06008665480259672,-2.813898801803589,-0.06389888375997543,attack,no
2353,1,0,0.07585818628900447,-2.5809223651885986,-0.0809224545955658,attack,no
2354,1,0,0.22270013882530884,-1.5221816301345825,-0.2721816301345825,attack,no
2355,1,0,0.001032231199413731,-6.876261234283447,-0.0012613920262083411,attack,no
2356,1,0,0.09534945525903342,-2.352337121963501,-0.10233701020479202,attack,no
2357,1,0,0.10669060175672705,-2.2405431270599365,-0.11554320901632309,attack,no
2358,1,0,0.03308598089141842,-3.4103755950927734,-0.035375673323869705,attack,no
2359,1,0,0.0019267343991617588,-6.2527241706848145,-0.0027240333147346973,attack,no
2360,1,0,0.0019267348791374604,-6.252763271331787,-0.0027633835561573505,attack,no
2361,1,0,0.0031726831340814403,-5.753626346588135,-0.0036264387890696526,attack,no
2362,1,0,0.09534946104307897,-2.3533434867858887,-0.10334344208240509,attack,no
2363,1,0,0.20181322466072713,-1.605259656906128,-0.23025967180728912,attack,no
2364,1,0,0.0007096703812680869,-7.251001834869385,-0.001001809723675251,attack,no
2365,1,0,0.008577487266965358,-4.759328842163086,-0.009329060092568398,attack,no
2366,1,0,0.13296423504419938,-2.021120548248291,-0.14612050354480743,attack,no
2367,1,0,0.18242551713899047,-1.706514596939087,-0.20651455223560333,attack,no
2368,1,0,0.0009110513030664177,-7.000976085662842,-0.0009762050467543304,attack,no
2369,1,0,0.0004305571384657903,-7.750670433044434,-0.0006705658161081374,attack,no
2370,1,0,0.03732688306051187,-3.288954257965088,-0.03895413875579834,attack,no
2371,1,0,0.10669058613457583,-2.240987539291382,-0.11598745733499527,attack,no
2372,1,0,0.02033235471543033,-3.8972842693328857,-0.022284338250756264,attack,no
2373,1,0,0.05340332697504391,-2.9333603382110596,-0.05836028233170509,attack,no
2374,1,0,0.46879062662624377,-0.7687930464744568,-0.6437930464744568,attack,no
2375,1,0,0.0004878571978557519,-7.625638008117676,-0.0006381620769388974,attack,no
2376,1,0,0.0015011820452451056,-6.502192974090576,-0.0021928329952061176,attack,no
2377,1,0,0.00460957244004001,-5.381589412689209,-0.006589469499886036,attack,no
2378,1,0,0.033085975647636316,-3.4096035957336426,-0.034603510051965714,attack,no
2379,1,0,0.20181322946142374,-1.6070226430892944,-0.23202268779277802,attack,no
2380,1,0,0.01798620808682847,-4.019443035125732,-0.019442928954958916,attack,no
2381,1,0,0.14804719239327382,-1.917776346206665,-0.16777630150318146,attack,no
2382,1,0,0.02033235534616325,-3.899932622909546,-0.024932723492383957,attack,no
2383,1,0,0.005220125596833546,-5.256192207336426,-0.006192188709974289,attack,no
2384,1,0,0.00048785716132661,-7.62612771987915,-0.0011277989251539111,attack,no
2385,1,0,0.0010322311018183812,-6.87665319442749,-0.0016532575245946646,attack,no
2386,1,0,0.002182716603558518,-6.1282877922058105,-0.003287864848971367,attack,no
2387,1,0,0.07585817740967664,-2.5834293365478516,-0.08342929929494858,attack,no
2388,1,0,0.24508500210441886,-1.412956953048706,-0.2879568934440613,attack,no
2389,1,0,0.010986941183438273,-4.513797283172607,-0.013797149993479252,attack,no
2390,1,0,0.0013250223785469825,-6.626636981964111,-0.0016369527438655496,attack,no
2391,1,0,0.004609572937868999,-5.380037307739258,-0.005037473049014807,attack,no
2392,1,0,0.009708478146907411,-4.640603542327881,-0.015603715553879738,attack,no
2393,1,0,0.0013250223620637912,-6.627033233642578,-0.002033191965892911,attack,no
2394,1,0,0.22270013366638422,-1.5068175792694092,-0.2568175494670868,attack,no
2395,1,0,0.0007096704459934642,-7.251418590545654,-0.0014186566695570946,attack,no
2396,1,0,0.1480472055495773,-1.911860466003418,-0.16186052560806274,attack,no
2397,1,0,0.11920291107043361,-2.1291444301605225,-0.1291443258523941,attack,no
2398,1,0,0.0758581737534831,-2.5819432735443115,-0.08194318413734436,attack,no
2399,1,0,0.009708475532356268,-4.635188102722168,-0.01018800400197506,attack,no
2400,1,0,0.06754669630158146,-2.695828676223755,-0.07082875818014145,attack,no
2401,1,0,0.005911069666184324,-5.132965564727783,-0.007965702563524246,attack,no
2402,1,0,0.0035936019678213344,-5.629209995269775,-0.004209823906421661,attack,no
2403,1,0,0.0008040859792154536,-7.126340866088867,-0.0013409203384071589,attack,no
2404,1,0,0.0031726825818158364,-5.75392484664917,-0.003924764227122068,attack,no
2405,1,0,0.020332351227848662,-3.8972816467285156,-0.02228154055774212,attack,no
2406,1,0,0.00029595725073699173,-8.12570858001709,-0.0007090438157320023,attack,no
2407,1,0,0.047425871999493587,-3.0527420043945312,-0.05274197831749916,attack,no
2408,1,0,0.07585818837825822,-2.5812902450561523,-0.0812903642654419,attack,no
2409,1,0,0.06754669536304464,-2.698298454284668,-0.07329852133989334,attack,no
2410,1,0,0.0024726230159364364,-6.002865791320801,-0.002865734277293086,attack,no
2411,1,0,0.08509903688588204,-2.465672731399536,-0.09067262709140778,attack,no
2412,1,0,0.11920290950590741,-2.1291394233703613,-0.12913930416107178,attack,no
2413,1,0,0.00026119033786686373,-8.250576972961426,-0.0005770448478870094,attack,no
2414,1,0,0.16451645675203383,-1.8098785877227783,-0.18487854301929474,attack,no
2415,1,0,0.0002611902931961023,-8.25066089630127,-0.0006607971154153347,attack,no
2416,1,0,0.0031726833454151027,-5.753737449645996,-0.0037376086693257093,attack,no
2417,1,0,0.0758581784543034,-2.581735610961914,-0.08173558861017227,attack,no
2418,1,0,0.037326883194374896,-3.291249990463257,-0.041249874979257584,attack,no
2419,1,0,0.02297737187534411,-3.775855541229248,-0.02585562877357006,attack,no
2420,1,0,0.006692851877773653,-5.01153039932251,-0.011530542746186256,attack,no
2421,1,0,0.000123394555249296,-9.000312805175781,-0.00031263710116036236,attack,no
2422,1,0,0.2018132270610754,-1.604532241821289,-0.22953227162361145,attack,no
2423,1,0,0.1480471961522176,-1.913015365600586,-0.16301535069942474,attack,no
2424,1,0,0.14804719427274565,-1.9119147062301636,-0.1619146764278412,attack,no
2425,1,0,0.0004305570420948602,-7.751601696014404,-0.0016016048612073064,attack,no
2426,1,0,0.000911051155300044,-7.0012311935424805,-0.0012311505852267146,attack,no
2427,1,0,0.14804720179063335,-1.9135749340057373,-0.1635749638080597,attack,no
2428,1,0,0.0046095724528596406,-5.380551338195801,-0.005551397800445557,attack,no
2429,1,0,0.0011695100969722743,-6.751705646514893,-0.0017055026255548,attack,no
2430,1,0,0.06754668597767712,-2.6981687545776367,-0.07316867262125015,attack,no
2431,1,0,0.2942149845400438,-1.2273733615875244,-0.3523734211921692,attack,no
2432,1,0,0.02595735682104226,-3.652665853500366,-0.027665838599205017,attack,no
2433,1,0,0.015906388708675983,-4.1427321434021,-0.01773195154964924,attack,no
2434,1,0,0.18242552602881168,-1.7044910192489624,-0.2044910341501236,attack,no
2435,1,0,0.04208772325972562,-3.1694414615631104,-0.0444413460791111,attack,no
2436,1,0,0.004070138493583863,-5.504814624786377,-0.004814816638827324,attack,no
2437,1,0,0.10669059394565118,-2.244058132171631,-0.11905813217163086,attack,no
2438,1,0,0.0011695101714946144,-6.751518249511719,-0.001518169417977333,attack,no
2439,1,0,0.0850990542883219,-2.4653921127319336,-0.09039223194122314,attack,no
2440,1,0,0.009708477224651279,-4.635469436645508,-0.010469513945281506,attack,no
2441,1,0,0.047425869811643456,-3.0508434772491455,-0.05084340274333954,attack,no
2442,1,0,0.3208213138121609,-1.1430342197418213,-0.39303427934646606,attack,no
2443,1,0,0.0001233945613393118,-9.000487327575684,-0.00048720886115916073,attack,no
2444,1,0,0.06008664554541885,-2.8141539096832275,-0.06415382772684097,attack,no
2445,1,0,0.07585818524437762,-2.5825226306915283,-0.08252270519733429,attack,no
2446,1,0,0.0953494674697966,-2.353668451309204,-0.10366848111152649,attack,no
2447,1,0,0.017986205948370804,-4.018982410430908,-0.018982183188199997,attack,no
2448,1,0,0.0009110513843935642,-7.001484394073486,-0.0014846028061583638,attack,no
2449,1,0,0.00020342698095566347,-8.500669479370117,-0.0006694936309941113,attack,no
2450,1,0,0.0008040858200228832,-7.127300262451172,-0.002300118561834097,attack,no
2451,1,0,0.01590638900024283,-4.1428704261779785,-0.017870252951979637,attack,no
2452,1,0,0.04742587570200943,-3.0499227046966553,-0.04992276057600975,attack,no
2453,1,0,0.005220124499006604,-5.2564697265625,-0.00646949652582407,attack,no
2454,1,0,0.0006263340198765185,-7.375958442687988,-0.0009582218481227756,attack,no
2455,1,0,0.015906390895427426,-4.141919136047363,-0.016919083893299103,attack,no
2456,1,0,0.022977371708082957,-3.773832321166992,-0.023832401260733604,attack,no
2457,1,0,0.007577240721596851,-4.883770942687988,-0.008770870044827461,attack,no
2458,1,0,0.0010322310902942074,-6.876250743865967,-0.0012507957872003317,attack,no
2459,1,0,0.0009110512681513778,-7.001781463623047,-0.0017815446481108665,attack,no
2460,1,0,0.0474258782264522,-3.0504980087280273,-0.0504981204867363,attack,no
2461,1,0,0.05340332396194506,-2.9322617053985596,-0.05726158991456032,attack,no
2462,1,0,0.0035936021162188505,-5.629500865936279,-0.004500736016780138,attack,no
2463,1,0,0.014063628825318404,-4.2672200202941895,-0.01722014881670475,attack,no
2464,1,0,0.0011695101691827899,-6.751595973968506,-0.0015958918957039714,attack,no
2465,1,0,0.010986941628716686,-4.51177453994751,-0.011774447746574879,attack,no
2466,1,0,0.017986209534399958,-4.020496845245361,-0.020496821030974388,attack,no
2467,1,0,0.033085981487302796,-3.410252332687378,-0.03525242954492569,attack,no
2468,1,0,0.0009110512940065209,-7.001471042633057,-0.001471152063459158,attack,no
2469,1,0,0.004070137283637717,-5.505644798278809,-0.0056446916423738,attack,no
2470,1,0,0.0010322310576423833,-6.876606464385986,-0.001606484642252326,attack,no
2471,1,0,0.017986205915471457,-4.020437717437744,-0.020437488332390785,attack,no
2472,1,0,0.0007096703749524095,-7.250885009765625,-0.0008849757141433656,attack,no
2473,1,0,0.0009110511642009937,-7.001317024230957,-0.0013169910525903106,attack,no
2474,1,0,0.1480471980316895,-1.9139662981033325,-0.16396629810333252,attack,no
2475,1,0,0.0006263341280144316,-7.376134872436523,-0.001134824356995523,attack,no
2476,1,0,0.16451647108926923,-1.808417558670044,-0.18341761827468872,attack,no
2477,1,0,0.07585817270885642,-2.5824527740478516,-0.0824526697397232,attack,no
2478,1,0,0.1329642333263228,-2.0196595191955566,-0.14465945959091187,attack,no
2479,1,0,0.04742587805815602,-3.0506956577301025,-0.050695765763521194,attack,no
2480,1,0,0.014063626707492628,-4.2659831047058105,-0.015983080491423607,attack,no
2481,1,0,0.0005527786816877674,-7.501014709472656,-0.0010147904977202415,attack,no
2482,1,0,0.04208772626352765,-3.170760154724121,-0.04576011374592781,attack,no
2483,1,0,0.22270014398423357,-1.5063714981079102,-0.25637152791023254,attack,no
2484,1,0,0.10669058329418492,-2.2396929264068604,-0.1146928146481514,attack,no
2485,1,1,0.7057850216484838,-0.3519320785999298,-1.2269320487976074,attack,yes
2486,1,0,0.037326890958432175,-3.2943129539489746,-0.04431305453181267,attack,no
2487,1,0,0.0003353499778522062,-8.00082015991211,-0.0008197046699933708,attack,no
2488,1,0,0.26894141551050293,-1.3224698305130005,-0.3224698007106781,attack,no
2489,1,0,0.0021827160264855676,-6.127564907073975,-0.0025647147558629513,attack,no
2490,1,0,0.014063624111865125,-4.264828205108643,-0.01482799369841814,attack,no
2491,1,0,0.0953494738965146,-2.35387921333313,-0.10387931764125824,attack,no
2492,1,0,0.05340332546849447,-2.9332635402679443,-0.05826345458626747,attack,no
2493,1,0,0.0008040859119654743,-7.126220226287842,-0.0012201968347653747,attack,no
2494,1,0,0.0013250224321558679,-6.6264567375183105,-0.001456748810596764,attack,no
2495,1,0,0.006692849487860429,-5.007279872894287,-0.007279656827449799,attack,no
2496,1,0,0.05340333187132989,-2.931981086730957,-0.056981127709150314,attack,no
2497,1,0,0.10669059394565118,-2.240231990814209,-0.11523199081420898,attack,no
2498,1,0,0.01098694382474912,-4.51236629486084,-0.012366404756903648,attack,no
2499,1,0,0.10669059181535785,-2.244913101196289,-0.11991307884454727,attack,no
2500,1,0,0.2018132270610754,-1.609166145324707,-0.23416617512702942,attack,no
2501,1,0,0.033085978627057866,-3.4117252826690674,-0.03672529011964798,attack,no
2502,1,0,0.005220126892946706,-5.255895137786865,-0.005895368754863739,attack,no
2503,1,0,0.022977368739197652,-3.7755956649780273,-0.025595612823963165,attack,no
2504,1,0,0.047425876711786524,-3.0523111820220947,-0.052311260253190994,attack,no
2505,1,0,0.053403329046549465,-2.93241548538208,-0.057415470480918884,attack,no
2506,1,0,0.0007096705026281739,-7.2510666847229,-0.0010668307077139616,attack,no
2507,1,0,0.01798620877771485,-4.020761966705322,-0.020761899650096893,attack,no
2508,1,0,0.0004305570705026133,-7.751001834869385,-0.001001809723675251,attack,no
2509,1,0,0.00033535019759258313,-8.000560760498047,-0.0005609607324004173,attack,no
2510,1,0,0.010986942134714905,-4.512186050415039,-0.012186004780232906,attack,no
2511,1,0,0.13296423676207594,-2.020519733428955,-0.1455197036266327,attack,no
2512,1,0,0.01798621335072534,-4.018734455108643,-0.01873464696109295,attack,no
2513,1,0,0.042087723560105816,-3.170365333557129,-0.04536522552371025,attack,no
2514,1,0,0.08509903978628845,-2.4679312705993652,-0.09293120354413986,attack,no
2515,1,0,0.10669059536584675,-2.2457313537597656,-0.12073136866092682,attack,no
2516,1,0,0.0009110510496542541,-7.0012288093566895,-0.0012286503333598375,attack,no
2517,1,0,0.029312229638400716,-3.5307095050811768,-0.030709465965628624,attack,no
2518,1,0,0.0013250224601926996,-6.626741409301758,-0.0017414417816326022,attack,no
2519,1,0,0.04208772986809033,-3.172408103942871,-0.047408152371644974,attack,no
2520,1,0,0.033085978746234736,-3.4106314182281494,-0.03563142940402031,attack,no
2521,1,0,0.0035936022062577947,-5.628960609436035,-0.003960504662245512,attack,no
2522,1,0,0.022977367902892003,-3.7745213508605957,-0.02452126145362854,attack,no
2523,1,0,0.001169510292525432,-6.752573490142822,-0.0025735136587172747,attack,no
2524,1,0,0.0004878570349079849,-7.62614631652832,-0.0011461363174021244,attack,no
2525,1,0,0.08509903688588204,-2.4658195972442627,-0.09081949293613434,attack,no
2526,1,0,0.20181322466072713,-1.6021935939788818,-0.22719360888004303,attack,no
2527,1,0,0.06754668550840877,-2.696195602416992,-0.07119551301002502,attack,no
2528,1,0,0.06754669817865512,-2.7022545337677,-0.07725464552640915,attack,no
2529,1,0,0.09534946425643774,-2.3527379035949707,-0.1027378961443901,attack,no
2530,1,0,0.09534946554178125,-2.353365898132324,-0.10336590558290482,attack,no
2531,1,0,0.24508501864634827,-1.4082053899765015,-0.28320541977882385,attack,no
2532,1,0,0.01798621140966319,-4.019372463226318,-0.019372545182704926,attack,no
2533,1,0,0.09534947132582737,-2.3529670238494873,-0.10296709835529327,attack,no
2534,1,0,0.0953494648991095,-2.3550570011138916,-0.1050570011138916,attack,no
2535,1,0,0.2018132198600306,-1.6057665348052979,-0.23076651990413666,attack,no
2536,1,0,0.00017952798674274336,-8.62572193145752,-0.0007220283732749522,attack,no
2537,1,0,0.37754066879814546,-0.9793212413787842,-0.4793212413787842,attack,no
2538,1,0,0.0008040858447155006,-7.12628698348999,-0.0012868703342974186,attack,no
2539,1,0,0.0420877273148584,-3.1694207191467285,-0.04442070424556732,attack,no
2540,1,0,0.07585818837825822,-2.5817813873291016,-0.08178150653839111,attack,no
2541,1,0,0.08509904268669496,-2.46821928024292,-0.09321925044059753,attack,no
2542,1,0,0.001501182493007665,-6.502995491027832,-0.002995648654177785,attack,no
2543,1,0,0.014063629832577114,-4.266108989715576,-0.01610919088125229,attack,no
2544,1,0,8.481102918678221e-05,-9.375239372253418,-0.00023922442051116377,attack,no
2545,1,0,0.017986207363042774,-4.019108295440674,-0.01910814829170704,attack,no
2546,1,0,0.05340333488442917,-2.932809352874756,-0.05780945345759392,attack,no
2547,1,0,0.042087725512577126,-3.1704206466674805,-0.04542058706283569,attack,no
2548,1,0,0.0005527786762530372,-7.500756740570068,-0.0007568117580376565,attack,no
2549,1,0,0.0007096702863265365,-7.251848220825195,-0.001848061801865697,attack,no
2550,1,0,0.025957358045494698,-3.652395009994507,-0.027395043522119522,attack,no
2551,1,0,0.22270013882530884,-1.5194975137710571,-0.26949751377105713,attack,no
2552,1,0,0.001926735005399745,-6.252695560455322,-0.002695738337934017,attack,no
2553,1,0,0.14804720179063335,-1.913981556892395,-0.1639815866947174,attack,no
2554,1,0,0.0010322311475549463,-6.8762054443359375,-0.0012055517872795463,attack,no
2555,1,0,0.002182716046769324,-6.127514362335205,-0.002514179330319166,attack,no
2556,1,0,0.1645164608483867,-1.808164358139038,-0.1831643432378769,attack,no
2557,1,0,0.005911067895807703,-5.131711959838867,-0.0067117963917553425,attack,no
2558,1,0,0.06754669583231304,-2.6968955993652344,-0.07189567387104034,attack,no
2559,1,0,0.005911068932859788,-5.131413459777832,-0.006413472816348076,attack,no
2560,1,0,0.0028009270360543673,-5.878644943237305,-0.003644967917352915,attack,no
2561,1,0,0.020332351969887266,-3.896466016769409,-0.021465947851538658,attack,no
2562,1,0,0.02931223212930141,-3.532686948776245,-0.032686997205019,attack,no
2563,1,0,0.2689414213699951,-1.3233764171600342,-0.3233764171600342,attack,no
2564,1,0,0.0002611902040521933,-8.250802040100098,-0.0008015995263122022,attack,no
2565,1,0,0.0019267346257174388,-6.252297878265381,-0.0022978587076067924,attack,no
2566,1,0,0.029312233189259213,-3.530975580215454,-0.030975665897130966,attack,no
2567,1,0,0.00017952790922883943,-8.625439643859863,-0.00043930893298238516,attack,no
2568,1,0,0.08509905312815914,-2.4676215648651123,-0.09262166917324066,attack,no
2569,1,0,0.2942149783515162,-1.2300833463668823,-0.3550833761692047,attack,no
2570,1,0,0.10669058755477132,-2.2417736053466797,-0.11677353829145432,attack,no
2571,1,0,0.00317268337781469,-5.753859996795654,-0.0038601660635322332,attack,no
2572,1,0,0.005220125084191861,-5.256378173828125,-0.0063780564814805984,attack,no
2573,1,0,0.00015843616448347849,-8.75046157836914,-0.0004612335760612041,attack,no
2574,1,0,0.13296425050508953,-2.020613193511963,-0.14561328291893005,attack,no
2575,1,0,0.060086649753226806,-2.8147881031036377,-0.0647880956530571,attack,no
2576,1,0,0.0002611903122104337,-8.250727653503418,-0.000727627135347575,attack,no
2577,1,0,0.0534033331895608,-2.9320781230926514,-0.05707819014787674,attack,no
2578,1,0,0.005220126411740476,-5.256540775299072,-0.006540913600474596,attack,no
2579,1,0,0.0474258782264522,-3.0502302646636963,-0.05023037642240524,attack,no
2580,1,0,0.0850990438468576,-2.4676401615142822,-0.09264014661312103,attack,no
2581,1,0,0.22270013366638422,-1.5128750801086426,-0.2628750503063202,attack,no
2582,1,0,0.11920292828022305,-2.128330945968628,-0.1283310055732727,attack,no
2583,1,0,0.00970847709034214,-4.636444568634033,-0.011444631963968277,attack,no
2584,1,0,0.22270013366638422,-1.5048673152923584,-0.254867285490036,attack,no
2585,1,0,0.005911068196799054,-5.1317572593688965,-0.006757147144526243,attack,no
2586,1,0,0.03308597910376534,-3.409893751144409,-0.03489377349615097,attack,no
2587,1,0,0.002472622645526565,-6.003771781921387,-0.003771574702113867,attack,no
2588,1,0,0.03732689028911683,-3.2894914150238037,-0.03949149698019028,attack,no
2589,1,0,0.06008665438181589,-2.81488299369812,-0.06488306820392609,attack,no
2590,1,0,0.004609573251949978,-5.380232334136963,-0.005232567898929119,attack,no
2591,1,0,0.010986941345357694,-4.513181686401367,-0.013181568123400211,attack,no
2592,1,0,0.029312232235297192,-3.5313308238983154,-0.03133087605237961,attack,no
2593,1,0,0.14804719051380197,-1.9166381359100342,-0.1666380763053894,attack,no
2594,1,0,0.14804719239327382,-1.9119385480880737,-0.16193850338459015,attack,no
2595,1,0,0.0002611904250425074,-8.25037670135498,-0.0003771070914808661,attack,no
2596,1,0,0.0024726228838522902,-6.002925395965576,-0.0029252853710204363,attack,no
2597,1,0,0.0021827160929148715,-6.1275529861450195,-0.002552824327722192,attack,no
2598,1,0,0.02931223350724656,-3.5313143730163574,-0.03131446987390518,attack,no
2599,1,0,0.0013250224238372473,-6.6267571449279785,-0.0017571499338373542,attack,no
2600,1,0,0.10669060104662924,-2.2415237426757812,-0.11652381718158722,attack,no
2601,1,0,0.0474258704848281,-3.0500645637512207,-0.05006450414657593,attack,no
2602,1,0,0.1645164628965632,-1.8084546327590942,-0.18345463275909424,attack,no
2603,1,0,0.08509904210661365,-2.467369794845581,-0.09236975759267807,attack,no
2604,1,0,0.0013250221423906253,-6.626936912536621,-0.0019367048516869545,attack,no
2605,1,0,0.014063628696182679,-4.265331745147705,-0.015331864356994629,attack,no
2606,1,0,0.037326887745718636,-3.28913950920105,-0.0391395203769207,attack,no
2607,1,0,0.020332351005237087,-3.8961360454559326,-0.021135928109288216,attack,no
2608,1,0,0.053403331683011195,-2.932054281234741,-0.057054318487644196,attack,no
2609,1,0,0.03308597803117354,-3.4117352962493896,-0.03673528507351875,attack,no
2610,1,0,0.07585817793199003,-2.5806291103363037,-0.08062908053398132,attack,no
2611,1,0,0.029312228313453616,-3.532323122024536,-0.03232303634285927,attack,no
2612,1,0,0.10669060388702058,-2.2410497665405273,-0.1160498708486557,attack,no
2613,1,0,0.00037998450095547105,-7.876124382019043,-0.0011243456974625587,attack,no
2614,1,1,0.6224593312018546,-0.48487597703933716,-0.9848759770393372,attack,yes
2615,1,0,0.0004878570568765536,-7.625992774963379,-0.0009926398051902652,attack,no
2616,1,0,0.060086653961035054,-2.8140416145324707,-0.06404168158769608,attack,no
2617,1,0,0.004609572177237603,-5.380475997924805,-0.0054759974591434,attack,no
2618,1,0,0.00026119042463972563,-8.250618934631348,-0.0006193388253450394,attack,no
2619,1,0,0.0019267347963058243,-6.252508640289307,-0.002508709440007806,attack,no
2620,1,0,0.22270013366638422,-1.5046437978744507,-0.2546437680721283,attack,no
2621,1,0,0.060086646807761206,-2.815782070159912,-0.06578201055526733,attack,no
2622,1,0,0.04208772641371775,-3.170879602432251,-0.04587956517934799,attack,no
2623,1,0,0.16451645675203383,-1.8092422485351562,-0.18424220383167267,attack,no
2624,1,0,0.06754668785475053,-2.697874069213867,-0.07287401705980301,attack,no
2625,1,0,0.0004878571167650343,-7.625708103179932,-0.000708090839907527,attack,no
2626,1,0,0.22270013882530884,-1.5148013830184937,-0.26480138301849365,attack,no
2627,1,0,0.053403324903538434,-2.9315078258514404,-0.05650772899389267,attack,no
2628,1,0,0.001325022111426879,-6.62688684463501,-0.0018866135505959392,attack,no
2629,1,0,0.4378234991142019,-0.8343336582183838,-0.5843336582183838,attack,no
2630,1,0,0.0013250225552406444,-6.626898288726807,-0.0018983930349349976,attack,no
2631,1,0,0.08509903978628845,-2.465986967086792,-0.09098690003156662,attack,no
2632,1,0,0.06754669442450784,-2.699392080307007,-0.07439213246107101,attack,no
2633,1,0,0.03308598160647967,-3.41013240814209,-0.0351325087249279,attack,no
2634,1,0,0.004070137374242096,-5.506372928619385,-0.006372844334691763,attack,no
2635,1,0,0.3486451217982255,-1.0568084716796875,-0.4318084120750427,attack,no
2636,1,0,0.00048785714020953166,-7.626263618469238,-0.0012636542087420821,attack,no
2637,1,0,0.00026119033587575447,-8.250765800476074,-0.0007658647373318672,attack,no
2638,1,0,0.10669059181535785,-2.2390151023864746,-0.11401508003473282,attack,no
2639,1,0,0.05340333582602272,-2.9327950477600098,-0.057795166969299316,attack,no
2640,1,0,0.000626334138070384,-7.376120567321777,-0.0011205353075638413,attack,no
2641,1,0,0.029312233030265537,-3.530930280685425,-0.03093036077916622,attack,no
2642,1,0,0.01098694453314677,-4.512645244598389,-0.0126454196870327,attack,no
2643,1,0,0.18242551936144574,-1.7057844400405884,-0.205784410238266,attack,no
2644,1,0,0.0013250225142637337,-6.627035140991211,-0.0020352143328636885,attack,no
2645,1,0,0.0010322312788825223,-6.876466751098633,-0.0014669859083369374,attack,no
2646,1,0,0.025957355125646668,-3.654221773147583,-0.02922169119119644,attack,no
2647,1,0,0.1329642281726931,-2.02139949798584,-0.1463993936777115,attack,no
2648,1,0,0.0007096705498512882,-7.251002311706543,-0.0010025242809206247,attack,no
2649,1,0,0.18242553269617778,-1.7080841064453125,-0.20808416604995728,attack,no
2650,1,0,0.03732688386369013,-3.291548490524292,-0.04154839366674423,attack,no
2651,1,0,0.020332351635969893,-3.8971054553985596,-0.022105369716882706,attack,no
2652,1,0,0.0002959572178776449,-8.125497817993164,-0.0004981707315891981,attack,no
2653,1,0,0.009708475863652092,-4.636130332946777,-0.011130268685519695,attack,no
2654,1,0,0.03732688426527926,-3.2891628742218018,-0.03916278854012489,attack,no
2655,1,0,0.0010322309970204322,-6.876490592956543,-0.001490554423071444,attack,no
2656,1,0,0.047425867792089564,-3.050112247467041,-0.050112128257751465,attack,no
2657,1,0,0.022977369073719923,-3.7743070125579834,-0.024306975305080414,attack,no
2658,1,0,0.010986940940559147,-4.51254940032959,-0.012549244798719883,attack,no
2659,1,0,0.00522012594504302,-5.257421493530273,-0.0074215419590473175,attack,no
2660,1,0,0.0031726821319035294,-5.75368070602417,-0.003680481342598796,attack,no
2661,1,0,0.06754669160889748,-2.69602108001709,-0.07102108746767044,attack,no
2662,1,0,0.03308598089141842,-3.4120500087738037,-0.03705008700489998,attack,no
2663,1,0,0.0035936023413162166,-5.630945682525635,-0.005945615470409393,attack,no
2664,1,0,0.0028009272701677926,-5.879142761230469,-0.004142869729548693,attack,no
2665,1,0,0.000626334303483538,-7.3762006759643555,-0.0012009082129225135,attack,no
2666,1,0,0.0004305570363080959,-7.750828266143799,-0.0008281615446321666,attack,no
2667,1,0,0.13296425222296632,-2.021868944168091,-0.14686904847621918,attack,no
2668,1,0,0.06754669536304464,-2.6963837146759033,-0.07138378173112869,attack,no
2669,1,0,0.06754668691621381,-2.6980254650115967,-0.07302539795637131,attack,no
2670,1,0,0.08509904674726423,-2.469867706298828,-0.09486772865056992,attack,no
2671,1,0,0.000430557083453944,-7.750839710235596,-0.0008397151832468808,attack,no
2672,1,0,0.10669059465574898,-2.2471439838409424,-0.12214399129152298,attack,no
2673,1,0,0.1066905911052601,-2.246520519256592,-0.12152048945426941,attack,no
2674,1,0,0.00043055713227820974,-7.751196384429932,-0.0011965028243139386,attack,no
2675,1,0,0.04208772461143651,-3.1699440479278564,-0.04494396597146988,attack,no
2676,1,0,0.0035936023246423373,-5.629566669464111,-0.004566597752273083,attack,no
2677,1,0,0.1480471961522176,-1.9189975261688232,-0.16899751126766205,attack,no
2678,1,0,0.004609571910162002,-5.380105018615723,-0.0051049599424004555,attack,no
2679,1,0,0.022977371373560648,-3.7742202281951904,-0.024220293387770653,attack,no
2680,1,0,0.09534947453918644,-2.355384588241577,-0.1053847000002861,attack,no
2681,1,0,0.06754669724011829,-2.699622631072998,-0.0746227279305458,attack,no
2682,1,0,0.005911069901504904,-5.132059097290039,-0.007059275172650814,attack,no
2683,1,0,0.0001795279140923945,-8.625372886657715,-0.0003725788265001029,attack,no
2684,1,0,0.00037998450486887103,-7.87572717666626,-0.0007271506474353373,attack,no
2685,1,0,0.004609571202945886,-5.380204200744629,-0.005203987937420607,attack,no
2686,1,0,0.06008665606493926,-2.8140969276428223,-0.06409703195095062,attack,no
2687,1,0,0.11920291263495983,-2.1347386837005615,-0.13473859429359436,attack,no
2688,1,0,0.0046095730340162365,-5.380801200866699,-0.005801387131214142,attack,no
2689,1,0,0.000487857154826864,-7.625763893127441,-0.0007639588438905776,attack,no
2690,1,0,0.02297736953368805,-3.775986671447754,-0.025986654683947563,attack,no
2691,1,0,0.1480472036701053,-1.9140242338180542,-0.16402427852153778,attack,no
2692,1,0,0.0017007224276428682,-6.378044605255127,-0.003044614801183343,attack,no
2693,1,0,0.001169510481279136,-6.751979351043701,-0.0019795361440628767,attack,no
2694,1,0,0.1480472055495773,-1.91469144821167,-0.1646915078163147,attack,no
2695,1,0,0.1329642333263228,-2.022722005844116,-0.14772194623947144,attack,no
2696,1,0,0.20181322946142374,-1.612418532371521,-0.23741857707500458,attack,no
2697,1,0,0.22270012850745968,-1.5099608898162842,-0.2599608302116394,attack,no
2698,1,0,0.060086655644158424,-2.8149092197418213,-0.06490931659936905,attack,no
2699,1,0,0.003593601981160437,-5.629209041595459,-0.004208873957395554,attack,no
2700,1,0,0.07585817740967664,-2.580465793609619,-0.08046575635671616,attack,no
2701,1,0,0.11920291263495983,-2.138709306716919,-0.13870921730995178,attack,no
2702,1,0,0.09534946232842245,-2.3526499271392822,-0.10264989733695984,attack,no
2703,1,0,0.01098694330863086,-4.5119709968566895,-0.011971059255301952,attack,no
2704,1,0,0.10669059465574898,-2.2434937953948975,-0.11849380284547806,attack,no
2705,1,0,0.08509904036636974,-2.466024398803711,-0.09102433919906616,attack,no
2706,1,0,0.1480472036701053,-1.9125834703445435,-0.16258351504802704,attack,no
2707,1,0,0.00460957214091532,-5.38136100769043,-0.006360999308526516,attack,no
2708,1,0,0.10669059891633578,-2.239946126937866,-0.11494617909193039,attack,no
2709,1,0,0.0017007226592926949,-6.377836227416992,-0.0028363734018057585,attack,no
2710,1,0,0.13296424535145931,-2.020761728286743,-0.14576177299022675,attack,no
2711,1,0,0.001501182136682188,-6.502324104309082,-0.0023240242153406143,attack,no
2712,1,0,0.22270013882530884,-1.5072133541107178,-0.2572133541107178,attack,no
2713,1,0,0.004070137368579322,-5.505360126495361,-0.0053600408136844635,attack,no
2714,1,0,0.32082130731838393,-1.1485586166381836,-0.398558646440506,attack,no
2715,1,0,0.0009110510124610051,-7.001518726348877,-0.0015185264637693763,attack,no
2716,1,0,0.0013250224708220477,-6.627954959869385,-0.0029550003819167614,attack,no
2717,1,0,0.04208773227113229,-3.1693601608276367,-0.044360268861055374,attack,no
2718,1,0,0.34864513533394575,-1.0585429668426514,-0.43354296684265137,attack,no
2719,1,0,0.0850990438468576,-2.4675369262695312,-0.09253691136837006,attack,no
2720,1,0,0.002800927521189432,-5.879507064819336,-0.004507263191044331,attack,no
2721,1,0,0.007577242395405773,-4.883731842041016,-0.008731991983950138,attack,no
2722,1,0,0.34864513533394575,-1.059320330619812,-0.434320330619812,attack,no
2723,1,0,0.07585818524437762,-2.580227851867676,-0.08022792637348175,attack,no
2724,1,0,0.029312228843432455,-3.5335018634796143,-0.033501796424388885,attack,no
2725,1,0,0.07585818158818373,-2.5808029174804688,-0.08080293983221054,attack,no
2726,1,0,0.005911069058728917,-5.132455348968506,-0.00745538342744112,attack,no
2727,1,0,0.001032230793186652,-6.876617908477783,-0.0016176722710952163,attack,no
2728,1,0,0.0040701386596919435,-5.505140781402588,-0.0051410142332315445,attack,no
2729,1,0,0.10669060388702058,-2.2403383255004883,-0.11533842980861664,attack,no
2730,1,0,0.09534946554178125,-2.3539857864379883,-0.10398579388856888,attack,no
2731,1,0,0.18242551936144574,-1.7095921039581299,-0.2095920741558075,attack,no
2732,1,0,0.24508500761839525,-1.409570574760437,-0.2845705449581146,attack,no
2733,1,0,0.11920292515117029,-2.1361145973205566,-0.13611462712287903,attack,no
2734,1,0,0.0003799845719494177,-7.875643253326416,-0.0006434039096347988,attack,no
2735,1,0,0.02297736802833785,-3.776716947555542,-0.026716863736510277,attack,no
2736,1,0,0.1480472036701053,-1.9124152660369873,-0.1624153107404709,attack,no
2737,1,0,0.3486451285660856,-1.062423825263977,-0.43742379546165466,attack,no
2738,1,0,0.08509904674726423,-2.4669864177703857,-0.09198644012212753,attack,no
2739,1,0,0.03308598005718029,-3.4137964248657227,-0.038796477019786835,attack,no
2740,1,0,0.047425871662901256,-3.0507328510284424,-0.0507328175008297,attack,no
2741,1,0,0.001325022269172539,-6.626948833465576,-0.0019487215904518962,attack,no
2742,1,0,0.09534946425643774,-2.3513519763946533,-0.10135196894407272,attack,no
2743,1,0,0.16451646494473965,-1.8124092817306519,-0.18740929663181305,attack,no
2744,1,0,0.033085981487302796,-3.4139275550842285,-0.038927651941776276,attack,no
2745,1,0,0.06754669348597103,-2.6968882083892822,-0.07188824564218521,attack,no
2746,1,0,0.0010322309474424833,-6.878076076507568,-0.00307598989456892,attack,no
2747,1,0,0.017986213877115107,-4.023920059204102,-0.02392028085887432,attack,no
2748,1,0,0.0007096705229374152,-7.251728057861328,-0.0017282324843108654,attack,no
2749,1,0,0.00048785714415479207,-7.62562370300293,-0.0006237468332983553,attack,no
2750,1,0,0.04208772851637929,-3.170452356338501,-0.04545237123966217,attack,no
2751,1,0,0.18242553047372242,-1.7040842771530151,-0.20408432185649872,attack,no
2752,1,0,0.13296424535145931,-2.0208520889282227,-0.14585213363170624,attack,no
2753,1,0,0.01798621328492662,-4.019022464752197,-0.019022652879357338,attack,no
2754,1,0,0.006692851586773811,-5.010823726654053,-0.010823826305568218,attack,no
2755,1,0,0.02931223371923813,-3.530628204345703,-0.030628308653831482,attack,no
2756,1,0,0.16451645880021026,-1.8101178407669067,-0.18511781096458435,attack,no
2757,1,0,0.06008665311947337,-2.8139967918395996,-0.06399684399366379,attack,no
2758,1,0,0.1329642419157059,-2.019866466522217,-0.144866481423378,attack,no
2759,1,0,0.0758581737534831,-2.582021474838257,-0.08202138543128967,attack,no
2760,1,0,0.09534946297109421,-2.3519837856292725,-0.10198376327753067,attack,no
2761,1,0,0.003172682742341029,-5.753819465637207,-0.0038194339722394943,attack,no
2762,1,0,0.005220126382723017,-5.255911827087402,-0.0059119598008692265,attack,no
2763,1,0,0.09534946875514017,-2.352982759475708,-0.10298280417919159,attack,no
2764,1,0,0.16451646494473965,-1.8071702718734741,-0.18217028677463531,attack,no
2765,1,0,0.0002611902544378772,-8.251298904418945,-0.0012986568035557866,attack,no
2766,1,0,0.001325022660301752,-6.626722812652588,-0.0017229963559657335,attack,no
2767,1,0,0.02595735865772094,-3.652531147003174,-0.027531204745173454,attack,no
2768,1,0,0.1480472036701053,-1.9127919673919678,-0.16279201209545135,attack,no
2769,1,0,0.3208212878370535,-1.1438021659851074,-0.39380210638046265,attack,no
2770,1,0,0.01590639427760358,-4.14465856552124,-0.019658729434013367,attack,no
2771,1,0,0.00757724299769694,-4.883857727050781,-0.00885795708745718,attack,no
2772,1,0,0.13296423676207594,-2.0244150161743164,-0.14941498637199402,attack,no
2773,1,0,0.14804719991116141,-1.9130138158798218,-0.16301383078098297,attack,no
2774,1,0,0.0035936034134468296,-5.629112720489502,-0.00411295285448432,attack,no
2775,1,0,0.001032230802910171,-6.8764567375183105,-0.001456510741263628,attack,no
2776,1,0,0.00023050669285757663,-8.375700950622559,-0.0007008241955190897,attack,no
2777,1,0,0.020332353120047154,-3.8977174758911133,-0.022717464715242386,attack,no
2778,1,0,0.03732688399755317,-3.2889325618743896,-0.03893246874213219,attack,no
2779,1,0,0.05340332866991209,-2.933284282684326,-0.05828426033258438,attack,no
2780,1,0,0.005220126873601731,-5.255627632141113,-0.005627859383821487,attack,no
2781,1,0,0.13296424706933604,-2.01957368850708,-0.14457374811172485,attack,no
2782,1,0,0.02931223212930141,-3.5310146808624268,-0.031014729291200638,attack,no
2783,1,0,0.10669060246682488,-2.2401628494262695,-0.1151629388332367,attack,no
2784,1,0,0.05340332603345051,-2.931781530380249,-0.056781455874443054,attack,no
2785,1,0,0.0021827163708023627,-6.127773284912109,-0.002773250686004758,attack,no
2786,1,0,0.022977372418942873,-3.7759454250335693,-0.02594553679227829,attack,no
2787,1,0,0.0019267342487216384,-6.252331256866455,-0.0023310412652790546,attack,no
2788,1,0,0.014063625416135603,-4.266354560852051,-0.01635444350540638,attack,no
2789,1,0,0.09534946618445303,-2.3529555797576904,-0.10295559465885162,attack,no
2790,1,0,0.02033235341686262,-3.8966758251190186,-0.021675828844308853,attack,no
2791,1,0,0.4073334000459302,-0.9169340133666992,-0.5419340133666992,attack,no
2792,1,0,0.0031726835950392045,-5.7536516189575195,-0.0036518569104373455,attack,no
2793,1,0,0.0040701377819618275,-5.506523132324219,-0.006523148622363806,attack,no
2794,1,0,0.0850990519679964,-2.4642903804779053,-0.08929046988487244,attack,no
2795,1,0,0.002472622825850124,-6.003907680511475,-0.003907546401023865,attack,no
2796,1,0,0.033085975409282604,-3.4094409942626953,-0.03444090113043785,attack,no
2797,1,0,0.010986945130224827,-4.513864994049072,-0.013865224085748196,attack,no
2798,1,0,0.32082129433083023,-1.144863486289978,-0.39486345648765564,attack,no
2799,1,0,0.0017007220809588009,-6.377913475036621,-0.002913280390202999,attack,no
2800,1,0,0.0019267345016938716,-6.25222110748291,-0.002221023431047797,attack,no
2801,1,0,0.015906389262652993,-4.141834259033203,-0.01683410257101059,attack,no
2802,1,0,0.07585817427579646,-2.5814390182495117,-0.08143893629312515,attack,no
2803,1,0,0.0024726237234481583,-6.003165245056152,-0.00316547485999763,attack,no
2804,1,0,0.1645164628965632,-1.810015082359314,-0.18501508235931396,attack,no
2805,1,0,0.00857748572258752,-4.7596235275268555,-0.009623563848435879,attack,no
2806,1,0,0.14804719239327382,-1.914706826210022,-0.1647067815065384,attack,no
2807,1,0,0.0010322310033827361,-6.876638889312744,-0.0016388569492846727,attack,no
2808,1,0,0.060086648070103596,-2.815793991088867,-0.0657939538359642,attack,no
2809,1,0,0.24508500210441886,-1.422501802444458,-0.29750174283981323,attack,no
2810,1,0,0.03308597934211908,-3.413311719894409,-0.03831174969673157,attack,no
2811,1,0,0.16451645675203383,-1.8146750926971436,-0.18967504799365997,attack,no
2812,1,0,0.08509904674726423,-2.4681894779205322,-0.09318950027227402,attack,no
2813,1,0,0.18242552602881168,-1.7088496685028076,-0.2088496834039688,attack,no
2814,1,0,0.0066928494661902364,-5.007630825042725,-0.007630605716258287,attack,no
2815,1,0,0.037326887879581695,-3.289442777633667,-0.039442792534828186,attack,no
2816,1,0,0.047425872336085924,-3.0521974563598633,-0.05219743773341179,attack,no
2817,1,0,0.0035936021545687705,-5.630070209503174,-0.005070090293884277,attack,no
2818,1,0,0.22270013366638422,-1.5063203573226929,-0.2563203275203705,attack,no
2819,1,0,0.0007096704836398597,-7.2516188621521,-0.0016189813613891602,attack,no
2820,1,0,0.005911069570414324,-5.131722450256348,-0.006722571793943644,attack,no
2821,1,0,0.14804719991116141,-1.9149984121322632,-0.16499842703342438,attack,no
2822,1,0,0.020332351487562173,-3.8974287509918213,-0.022428657859563828,attack,no
2823,1,0,0.03308597457504463,-3.4124574661254883,-0.03745734691619873,attack,no
2824,1,0,0.0953494648991095,-2.3565640449523926,-0.10656404495239258,attack,no
2825,1,0,0.009708475120474984,-4.635846138000488,-0.01084599643945694,attack,no
2826,1,0,0.05340332735168128,-2.931056022644043,-0.05605597421526909,attack,no
2827,1,0,0.18242552380635632,-1.7045005559921265,-0.20450055599212646,attack,no
2828,1,0,0.06754669207816587,-2.696269989013672,-0.07127000391483307,attack,no
2829,1,0,0.10669060317692272,-2.2401862144470215,-0.11518631130456924,attack,no
2830,1,0,0.08509905138791504,-2.4674854278564453,-0.09248550981283188,attack,no
2831,1,0,0.042087731670371796,-3.170260429382324,-0.04526052251458168,attack,no
2832,1,0,0.09534947068315555,-2.352897882461548,-0.10289794951677322,attack,no
2833,1,0,0.18242553047372242,-1.7064943313598633,-0.20649437606334686,attack,no
2834,1,0,0.07585818106587033,-2.580465078353882,-0.08046509325504303,attack,no
2835,1,0,0.14804719991116141,-1.9138504266738892,-0.16385044157505035,attack,no
2836,1,1,0.5312093733737563,-0.6561217308044434,-0.7811217308044434,attack,yes
2837,1,0,0.06008665606493926,-2.813981533050537,-0.06398163735866547,attack,no
2838,1,0,0.0040701380594377785,-5.504787445068359,-0.004787529818713665,attack,no
2839,1,0,0.1480471961522176,-1.9131876230239868,-0.16318760812282562,attack,no
2840,1,0,0.0758581763650499,-2.582263231277466,-0.08226317912340164,attack,no
2841,1,0,0.1645164608483867,-1.8110268115997314,-0.18602679669857025,attack,no
2842,1,0,0.02595735427794891,-3.6523661613464355,-0.027366045862436295,attack,no
2843,1,0,0.014063624615494307,-4.265565395355225,-0.015565220266580582,attack,no
2844,1,0,0.02033235304584329,-3.898467779159546,-0.023467764258384705,attack,no
2845,1,0,0.005911069584095753,-5.1318793296813965,-0.006879453547298908,attack,no
2846,1,0,0.16451646699291617,-1.80940842628479,-0.18440845608711243,attack,no
2847,1,0,0.001325022245603118,-6.627586841583252,-0.002586711896583438,attack,no
2848,1,0,0.06754669160889748,-2.6964409351348877,-0.07144094258546829,attack,no
2849,1,0,0.00247262335992953,-6.002816677093506,-0.002816759515553713,attack,no
2850,1,0,0.0008040859712651775,-7.126433849334717,-0.001433893688954413,attack,no
2851,1,0,0.014063626823714764,-4.2655930519104,-0.015593036077916622,attack,no
2852,1,0,0.0035936024496964355,-5.62894344329834,-0.0039434065110981464,attack,no
2853,1,0,0.11920291107043361,-2.1285784244537354,-0.128578320145607,attack,no
2854,1,0,0.00013982205028656956,-8.87535285949707,-0.0003526780928950757,attack,no
2855,1,0,0.00407013807265092,-5.504635334014893,-0.004635422024875879,attack,no
2856,1,0,0.00017952802346234194,-8.625334739685059,-0.00033504117163829505,attack,no
2857,1,0,0.2018132270610754,-1.6079027652740479,-0.23290279507637024,attack,no
2858,1,0,0.22270014914315833,-1.5036063194274902,-0.253606379032135,attack,no
2859,1,0,0.002472623019956389,-6.0040669441223145,-0.0040668887086212635,attack,no
2860,1,0,0.0009110513832279634,-7.001221179962158,-0.0012213874142616987,attack,no
2861,1,0,0.10669060246682488,-2.239767551422119,-0.1147676408290863,attack,no
2862,1,0,0.005911068943804928,-5.133258819580078,-0.008258834481239319,attack,no
2863,1,0,0.00857748740160344,-4.7601318359375,-0.010132069699466228,attack,no
2864,1,0,0.0013250221707355476,-6.627369403839111,-0.002369217574596405,attack,no
2865,1,0,0.010986940930439183,-4.511749744415283,-0.011749587953090668,attack,no
2866,1,0,0.13296422989056964,-2.025771379470825,-0.15077129006385803,attack,no
2867,1,0,0.13296425050508953,-2.0218992233276367,-0.14689931273460388,attack,no
2868,1,0,0.11920292671569666,-2.1289727687835693,-0.12897281348705292,attack,no
2869,1,0,0.0140636273015169,-4.265144348144531,-0.015144366770982742,attack,no
2870,1,0,0.07585817479810981,-2.584071159362793,-0.084071084856987,attack,no
2871,1,0,0.0035936021028797473,-5.629056930541992,-0.00405679689720273,attack,no
2872,1,0,0.06754668503914042,-2.6993463039398193,-0.07434620708227158,attack,no
2873,1,0,0.26894141551050293,-1.3189347982406616,-0.31893476843833923,attack,no
2874,1,0,0.0024726233696922726,-6.003881454467773,-0.003881540847942233,attack,no
2875,1,0,0.10669059749614017,-2.2407078742980957,-0.11570791155099869,attack,no
2876,1,0,0.4073334000459302,-0.9028902053833008,-0.5278902053833008,attack,no
2877,1,0,0.0017007226869641782,-6.3772172927856445,-0.002217455068603158,attack,no
2878,1,0,0.006692850986199709,-5.008720874786377,-0.0087208840996027,attack,no
2879,1,0,0.08509904036636974,-2.4674205780029297,-0.09242051839828491,attack,no
2880,1,0,0.00247262289418931,-6.002882957458496,-0.002882851054891944,attack,no
2881,1,0,0.007577241849141733,-4.883251190185547,-0.008251267485320568,attack,no
2882,1,0,0.0066928514846142945,-5.007139205932617,-0.00713929021731019,attack,no
2883,1,0,0.04208773061904093,-3.170064926147461,-0.04506499320268631,attack,no
2884,1,0,0.22270013366638422,-1.505195140838623,-0.25519511103630066,attack,no
2885,1,0,0.0008040860805113299,-7.126335620880127,-0.001335801207460463,attack,no
2886,1,0,0.18242552825126704,-1.7059531211853027,-0.20595315098762512,attack,no
2887,1,0,0.0021827164676573173,-6.128159523010254,-0.003159533254802227,attack,no
2888,1,0,0.10669059678604234,-2.2405319213867188,-0.11553195118904114,attack,no
2889,1,0,0.13296425222296632,-2.026232957839966,-0.15123306214809418,attack,no
2890,1,0,0.1645164628965632,-1.8089948892593384,-0.18399488925933838,attack,no
2891,1,0,0.0203323526006201,-3.8975415229797363,-0.022541485726833344,attack,no
2892,1,0,0.07585818315512395,-2.5833048820495605,-0.08330492675304413,attack,no
2893,1,0,0.000911051363094858,-7.001651287078857,-0.0016514724120497704,attack,no
2894,1,0,0.0002611902540122968,-8.250510215759277,-0.0005099665140733123,attack,no
2895,1,0,0.022977367359293347,-3.7754690647125244,-0.02546895109117031,attack,no
2896,1,0,0.01798621187025419,-4.020153522491455,-0.020153630524873734,attack,no
2897,1,0,0.03308598101059528,-3.409942388534546,-0.034942470490932465,attack,no
2898,1,0,0.022977372000789975,-3.775479316711426,-0.025479409843683243,attack,no
2899,1,0,0.0017007220441952722,-6.377060413360596,-0.0020601970609277487,attack,no
2900,1,0,0.1480472036701053,-1.9156792163848877,-0.16567926108837128,attack,no
2901,1,0,0.053403334131154334,-2.9328737258911133,-0.057873811572790146,attack,no
2902,1,0,0.07585817218654307,-2.5811607837677,-0.08116067200899124,attack,no
2903,1,0,0.06754669864792355,-2.695826530456543,-0.07082664966583252,attack,no
2904,1,0,0.04742587284097443,-3.0509426593780518,-0.05094265192747116,attack,no
2905,1,0,0.29421497216298875,-1.2273786067962646,-0.35237860679626465,attack,no
2906,1,0,0.037326889619801504,-3.29117751121521,-0.041177574545145035,attack,no
2907,1,0,0.014063628308775503,-4.264719486236572,-0.014719577506184578,attack,no
2908,1,0,0.06008665522337757,-2.813934803009033,-0.06393489241600037,attack,no
2909,1,0,0.0021827162993021103,-6.127991199493408,-0.002991132438182831,attack,no
2910,1,0,0.03732688399755317,-3.290879726409912,-0.04087963327765465,attack,no
2911,1,0,0.01798620854741939,-4.020238876342773,-0.02023879624903202,attack,no
2912,1,0,0.10669060459711842,-2.243054151535034,-0.11805426329374313,attack,no
2913,1,0,0.08509904848750824,-2.465601921081543,-0.09060196578502655,attack,no
2914,1,0,0.10669060175672705,-2.23986554145813,-0.11486562341451645,attack,no
2915,1,0,0.11920293297380237,-2.1303653717041016,-0.13036547601222992,attack,no
2916,1,0,0.0028009270555638182,-5.879015922546387,-0.004015954211354256,attack,no
2917,1,0,0.13296424878721277,-2.019804000854492,-0.14480407536029816,attack,no
2918,1,0,0.18242552158390105,-1.7067174911499023,-0.20671747624874115,attack,no
2919,1,0,0.009708477000802714,-4.635584354400635,-0.010584408417344093,attack,no
2920,1,0,0.10669060033653141,-2.2418031692504883,-0.11680323630571365,attack,no
2921,1,0,0.0008040858261025049,-7.126476287841797,-0.0014761515194550157,attack,no
2922,1,0,0.08509903746596333,-2.46679949760437,-0.09179940074682236,attack,no
2923,1,0,0.13296423504419938,-2.0219521522521973,-0.14695210754871368,attack,no
2924,1,0,0.015906393869409872,-4.141725063323975,-0.016725201159715652,attack,no
2925,1,0,0.047425868128681874,-3.050299644470215,-0.05029953271150589,attack,no
2926,1,0,0.0005527785748905021,-7.500680446624756,-0.0006803343421779573,attack,no
2927,1,0,0.0003353502338875176,-8.000579833984375,-0.0005801424849778414,attack,no
2928,1,0,0.005220124602985798,-5.257147312164307,-0.007147102151066065,attack,no
2929,1,0,0.047425868128681874,-3.051154136657715,-0.05115402489900589,attack,no
2930,1,0,0.13296424706933604,-2.0200250148773193,-0.1450250744819641,attack,no
2931,1,0,0.04742587772156364,-3.052565336227417,-0.05256543681025505,attack,no
2932,1,0,0.0015011821890316649,-6.502256870269775,-0.0022568251006305218,attack,no
2933,1,0,0.00015843629353236145,-8.750699996948242,-0.000700466800481081,attack,no
2934,1,0,0.22270014914315833,-1.5060758590698242,-0.256075918674469,attack,no
2935,1,0,0.04742586863357033,-3.0509490966796875,-0.05094899609684944,attack,no
2936,1,0,0.11920291263495983,-2.139801502227783,-0.13980141282081604,attack,no
2937,1,0,0.22270013366638422,-1.506134271621704,-0.2561342418193817,attack,no
2938,1,0,0.22270014914315833,-1.5043776035308838,-0.25437766313552856,attack,no
2939,1,0,0.0009110510939470712,-7.001613616943359,-0.001613506581634283,attack,no
2940,1,0,0.01243165099039316,-4.389092445373535,-0.014092456549406052,attack,no
2941,1,0,0.1329642281726931,-2.024061441421509,-0.14906133711338043,attack,no
2942,1,0,0.008577487274885248,-4.759739398956299,-0.009739617817103863,attack,no
2943,1,0,0.02931222751848539,-3.531099319458008,-0.03109920583665371,attack,no
2944,1,0,0.0031726828203945657,-5.754025459289551,-0.004025452304631472,attack,no
2945,1,0,0.04742586829697802,-3.0495707988739014,-0.04957069084048271,attack,no
2946,1,0,0.09534946168575072,-2.3519527912139893,-0.10195275396108627,attack,no
2947,1,0,0.0007096703428786758,-7.251162052154541,-0.0011619728757068515,attack,no
2948,1,0,0.0017007220722620518,-6.377424716949463,-0.0024245171807706356,attack,no
2949,1,0,0.0010322308518878958,-6.876983165740967,-0.0019829864613711834,attack,no
2950,1,0,0.04208773016847057,-3.170294761657715,-0.04529481753706932,attack,no
2951,1,0,0.16451645470385742,-1.8088045120239258,-0.183804452419281,attack,no
2952,1,0,0.022977369199165775,-3.775796413421631,-0.025796381756663322,attack,no
2953,1,0,0.4073334000459302,-0.900323748588562,-0.525323748588562,attack,no
2954,1,0,0.10669058755477132,-2.2403876781463623,-0.11538761109113693,attack,no
2955,1,0,0.03308597624352061,-3.4108433723449707,-0.03584330528974533,attack,no
2956,1,0,0.010986943136591442,-4.512608528137207,-0.012608574703335762,attack,no
2957,1,0,0.037326884666868405,-3.290621280670166,-0.040621206164360046,attack,no
2958,1,0,0.1645164608483867,-1.812049388885498,-0.18704937398433685,attack,no
2959,1,0,0.02297736744292391,-3.775542736053467,-0.025542626157402992,attack,no
2960,1,0,0.14804720179063335,-1.912355899810791,-0.1623559296131134,attack,no
2961,1,0,0.012431648120473272,-4.388261318206787,-0.013261095620691776,attack,no
2962,1,0,0.11920292202211755,-2.131091833114624,-0.13109183311462402,attack,no
2963,1,0,0.0035936028215239795,-5.630331516265869,-0.005331583321094513,attack,no
2964,1,0,0.14804719239327382,-1.91657292842865,-0.16657288372516632,attack,no
2965,1,0,0.4378234991142019,-0.8392576575279236,-0.5892576575279236,attack,no
2966,1,0,0.08509903804604459,-2.468635082244873,-0.09363499283790588,attack,no
2967,1,0,0.18242553269617778,-1.7053635120391846,-0.20536357164382935,attack,no
2968,1,0,0.001501182164078414,-6.501794815063477,-0.0017947532469406724,attack,no
2969,1,0,0.005220124939104602,-5.256638050079346,-0.006637904793024063,attack,no
2970,1,0,0.1192029188930649,-2.1293771266937256,-0.1293770968914032,attack,no
2971,1,0,0.10669059678604234,-2.241715908050537,-0.1167159378528595,attack,no
2972,1,0,0.14804719239327382,-1.9156876802444458,-0.16568763554096222,attack,no
2973,1,0,0.025957358328060655,-3.6561620235443115,-0.031162068247795105,attack,no
2974,1,0,0.001926734444383345,-6.252626419067383,-0.0026263052131980658,attack,no
2975,1,0,0.014063627366084757,-4.265065670013428,-0.0150656932964921,attack,no
2976,1,0,0.0600866476493228,-2.8179097175598145,-0.06790967285633087,attack,no
2977,1,0,0.04742587014823577,-3.0515806674957275,-0.05158060044050217,attack,no
2978,1,0,0.00070967056116172,-7.251696586608887,-0.001696815132163465,attack,no
2979,1,0,0.24508500761839525,-1.407791256904602,-0.28279122710227966,attack,no
2980,1,0,0.08509905080783367,-2.464803457260132,-0.0898035317659378,attack,no
2981,1,0,0.053403333754516925,-2.9322359561920166,-0.05723603442311287,attack,no
2982,1,0,0.06754668785475053,-2.698270320892334,-0.0732702687382698,attack,no
2983,1,0,0.060086648070103596,-2.815941095352173,-0.06594105809926987,attack,no
2984,1,0,0.0024726236970313213,-6.003386497497559,-0.003386716591194272,attack,no
2985,1,0,0.10669058826486906,-2.2415037155151367,-0.11650365591049194,attack,no
2986,1,0,0.0011695103378099993,-6.751791954040527,-0.0017920163227245212,attack,no
2987,1,0,0.0013250225929825371,-6.626682758331299,-0.0016828911611810327,attack,no
2988,1,0,0.007577241751094346,-4.88340950012207,-0.008409564383327961,attack,no
2989,1,0,0.0008040860611500672,-7.127110004425049,-0.00211016065441072,attack,no
2990,1,0,0.22270014398423357,-1.5091793537139893,-0.25917938351631165,attack,no
2991,1,0,0.03308597755446608,-3.4102392196655273,-0.035239193588495255,attack,no
2992,1,0,0.22270013366638422,-1.5051016807556152,-0.25510165095329285,attack,no
2993,1,0,0.04208773136999154,-3.1700541973114014,-0.04505428299307823,attack,no
2994,1,0,0.0758581784543034,-2.580674409866333,-0.08067438751459122,attack,no
2995,1,0,0.04742587536541707,-3.055323600769043,-0.05532364919781685,attack,no
2996,1,0,0.08509903746596333,-2.4667139053344727,-0.0917138084769249,attack,no
2997,1,0,0.2018132174596823,-1.6175532341003418,-0.2425532042980194,attack,no
2998,1,0,0.07585817897661679,-2.583294630050659,-0.08329461514949799,attack,no
2999,1,0,0.002472623212339833,-6.00326681137085,-0.003266833955422044,attack,no
3000,0,0,0.0259573547488921,-3.6694488525390625,-0.04444875568151474,attack,no
3001,0,0,0.11920291107043361,-2.148935317993164,-0.1489352136850357,attack,no
3002,0,0,0.04208772446124641,-3.1760990619659424,-0.05109897628426552,attack,no
3003,0,0,0.03308597552845946,-3.419785737991333,-0.044785648584365845,attack,no
3004,0,0,0.003172682381527535,-5.754451274871826,-0.0044511291198432446,attack,no
3005,0,0,0.3775406828054583,-1.0308499336242676,-0.5308499932289124,attack,no
3006,0,0,0.03732689136002139,-3.3099825382232666,-0.059982649981975555,attack,no
3007,0,0,0.46879062662624377,-0.820000946521759,-0.695000946521759,attack,no
3008,0,0,0.002800926470280336,-5.879485130310059,-0.004484952427446842,attack,no
3009,0,0,0.005911068068193657,-5.133938789367676,-0.008938655257225037,attack,no
3010,0,0,0.32082130082460697,-1.2251689434051514,-0.47516894340515137,attack,no
3011,0,0,0.22270013882530884,-1.542236566543579,-0.2922365665435791,attack,no
3012,0,0,0.0534033271633626,-2.942373275756836,-0.06737322360277176,attack,no
3013,0,0,0.005220124692456269,-5.2579026222229,-0.007902429439127445,attack,no
3014,0,0,0.0059110683965478686,-5.134309768676758,-0.009309690445661545,attack,no
3015,0,0,0.0011695100847332047,-6.753059387207031,-0.0030592328403145075,attack,no
3016,0,0,0.04208773001828046,-3.1885714530944824,-0.0635715052485466,attack,no
3017,0,0,0.0015011824535710507,-6.504851818084717,-0.004851949401199818,attack,no
3018,0,0,0.005220126472193518,-5.2575507164001465,-0.0075508663430809975,attack,no
3019,0,0,0.0035936032183623862,-5.6325154304504395,-0.007515608333051205,attack,no
3020,0,0,0.005911067515464108,-5.1341071128845215,-0.009106884710490704,attack,no
3021,0,0,0.006692849908881351,-5.026947498321533,-0.026947345584630966,attack,no
3022,0,0,0.03308597910376534,-3.4359099864959717,-0.06091000884771347,attack,no
3023,0,0,0.4378234991142019,-0.8894537091255188,-0.6394537091255188,attack,no
3024,0,0,0.00970847467277796,-4.645290851593018,-0.020290663465857506,attack,no
3025,0,0,0.22270014914315833,-1.5418732166290283,-0.2918732762336731,attack,no
3026,0,0,0.060086649753226806,-2.8311777114868164,-0.08117770403623581,attack,no
3027,0,1,0.7310585669110203,-0.33439189195632935,-1.3343918323516846,attack,yes
3028,0,1,0.7057850154599563,-0.40554457902908325,-1.2805445194244385,attack,yes
3029,0,0,0.0013250222844233414,-6.627432823181152,-0.002432722831144929,attack,no
3030,0,0,0.0059110692557414754,-5.136266708374023,-0.011266776360571384,attack,no
3031,0,0,0.037326884131416216,-3.3008735179901123,-0.05087342858314514,attack,no
3032,0,0,0.015906391420247818,-4.153395652770996,-0.0283956341445446,attack,no
3033,0,0,0.22270013882530884,-1.5460567474365234,-0.29605674743652344,attack,no
3034,0,0,0.2018132174596823,-1.6243469715118408,-0.24934694170951843,attack,no
3035,0,0,0.14804719991116141,-1.931126594543457,-0.18112660944461823,attack,no
3036,0,0,0.006692852261645802,-5.012866020202637,-0.012866221368312836,attack,no
3037,0,0,0.007577242213317756,-4.886995315551758,-0.011995441280305386,attack,no
3038,0,0,0.0035936029765910827,-5.630955696105957,-0.005955806467682123,attack,no
3039,0,0,0.07585818054355695,-2.6042888164520264,-0.10428882390260696,attack,no
3040,0,0,0.015906391332777756,-4.151613235473633,-0.026613211259245872,attack,no
3041,0,0,0.13296424878721277,-2.0362260341644287,-0.16122610867023468,attack,no
3042,0,0,0.5,-0.7682924270629883,-0.7682924270629883,attack,no
3043,0,0,0.017986206902451885,-4.028746604919434,-0.028746431693434715,attack,no
3044,0,0,0.025957354654703464,-3.6584818363189697,-0.03348173573613167,attack,no
3045,0,0,0.01590638827132573,-4.157547950744629,-0.0325477309525013,attack,no
3046,0,0,0.012431651356279409,-4.398500442504883,-0.023500483483076096,attack,no
3047,0,0,0.012431653277182382,-4.392345905303955,-0.017346102744340897,attack,no
3048,0,0,0.009708475362231387,-4.63776159286499,-0.012761476449668407,attack,no
3049,0,0,0.32082130731838393,-1.1612403392791748,-0.4112403690814972,attack,no
3050,0,0,0.04208772611333754,-3.1776630878448486,-0.05266304314136505,attack,no
3051,0,0,0.4378234991142019,-0.8501641750335693,-0.6001641750335693,attack,no
3052,0,0,0.014063624383050066,-4.269772529602051,-0.01977233774960041,attack,no
3053,0,0,0.0005527787400870033,-7.503396034240723,-0.0033962209708988667,attack,no
3054,0,0,0.4378234991142019,-0.8977642059326172,-0.6477642059326172,attack,no
3055,0,0,0.18242553269617778,-1.7189936637878418,-0.21899372339248657,attack,no
3056,0,0,0.2942149783515162,-1.2482287883758545,-0.3732288181781769,attack,no
3057,0,0,0.001926734705414898,-6.255295276641846,-0.005295298527926207,attack,no
3058,0,0,0.00522012530424088,-5.2576584815979,-0.007658406626433134,attack,no
3059,0,0,0.2018132270610754,-1.6365734338760376,-0.26157346367836,attack,no
3060,0,0,0.01798621298883238,-4.033392906188965,-0.03339307755231857,attack,no
3061,0,0,0.18242552825126704,-1.7503169775009155,-0.2503170073032379,attack,no
3062,0,0,0.32082130082460697,-1.1477458477020264,-0.39774584770202637,attack,no
3063,0,0,0.025957355973344448,-3.6727380752563477,-0.047738026827573776,attack,no
3064,0,0,0.46879062662624377,-0.7864825129508972,-0.6614825129508972,attack,no
3065,0,0,0.0021827164727282575,-6.1296515464782715,-0.004651559051126242,attack,no
3066,0,0,0.00522012466827506,-5.259411334991455,-0.00941113755106926,attack,no
3067,0,0,0.4073334000459302,-0.9465622901916504,-0.5715622901916504,attack,no
3068,0,0,0.006692850441349023,-5.0113630294799805,-0.011362956836819649,attack,no
3069,0,0,0.5,-0.7267460227012634,-0.7267460227012634,attack,no
3070,0,0,0.025957359835079137,-3.6608645915985107,-0.0358646959066391,attack,no
3071,0,0,0.033085976958581766,-3.4127447605133057,-0.03774471580982208,attack,no
3072,0,0,0.007577239951224665,-4.888461589813232,-0.013461414724588394,attack,no
3073,0,0,0.46879062662624377,-0.8157439231872559,-0.6907439231872559,attack,no
3074,0,0,0.008577485659228435,-4.7625346183776855,-0.01253464724868536,attack,no
3075,0,0,0.025957355502401233,-3.669837236404419,-0.04483716934919357,attack,no
3076,0,0,0.000626334225294848,-7.377188205718994,-0.002188313053920865,attack,no
3077,0,1,0.6513548714339145,-0.46806618571281433,-1.0930662155151367,attack,yes
3078,0,0,0.0013250225188851895,-6.6278605461120605,-0.0028606229461729527,attack,no
3079,0,0,0.20181323186177208,-1.6487164497375488,-0.2737165093421936,attack,no
3080,0,0,0.001700722280984035,-6.378403663635254,-0.0034035868011415005,attack,no
3081,0,0,0.02931222746548751,-3.5495967864990234,-0.049596671015024185,attack,no
3082,0,0,0.0085774839564532,-4.763452529907227,-0.013452358543872833,attack,no
3083,0,0,0.07585817740967664,-2.5897793769836426,-0.0897793397307396,attack,no
3084,0,1,0.6224593312018546,-0.534809947013855,-1.034809947013855,attack,yes
3085,0,0,0.0017007225410959367,-6.3788533210754395,-0.0038533974438905716,attack,no
3086,0,0,0.022977368739197652,-3.783114194869995,-0.03311414271593094,attack,no
3087,0,0,0.022977371666267666,-3.77993106842041,-0.029931146651506424,attack,no
3088,0,0,0.002182716643111854,-6.129030704498291,-0.004030795302242041,attack,no
3089,0,0,0.001501182573276883,-6.502937316894531,-0.002937528071925044,attack,no
3090,0,0,0.11920292358664389,-2.1535041332244873,-0.1535041481256485,attack,no
3091,0,0,0.02595735719779685,-3.655604839324951,-0.030604839324951172,attack,no
3092,0,0,0.04742587738497127,-3.0561587810516357,-0.056158874183893204,attack,no
3093,0,0,0.4073334000459302,-0.9274992942810059,-0.5524992942810059,attack,no
3094,0,1,0.6791787056691698,-0.43330618739128113,-1.1833062171936035,attack,yes
3095,0,0,0.4378234991142019,-0.8695151805877686,-0.6195151805877686,attack,no
3096,0,1,0.7772998560157665,-0.27933230996131897,-1.5293322801589966,attack,yes
3097,0,0,0.0534033328129234,-2.9574923515319824,-0.0824924111366272,attack,no
3098,0,0,0.029312228101462088,-3.552738904953003,-0.05273881182074547,attack,no
3099,0,0,0.0009110512096594171,-7.009413719177246,-0.009413735941052437,attack,no
3100,0,0,0.0031726832813522843,-5.757197856903076,-0.00719799567013979,attack,no
3101,0,0,0.07585818211049715,-2.5948400497436523,-0.09484007954597473,attack,no
3102,0,0,0.37754066879814546,-1.0095525979995728,-0.5095525979995728,attack,no
3103,0,0,0.004609572786170031,-5.383025646209717,-0.008025778457522392,attack,no
3104,0,0,0.0005527787174476512,-7.504302978515625,-0.004303124267607927,attack,no
3105,0,0,0.014063626190949804,-4.269269943237305,-0.019269881770014763,attack,no
3106,0,0,0.0040701368966815366,-5.510371208190918,-0.010371006093919277,attack,no
3107,0,0,0.20181323186177208,-1.6771652698516846,-0.30216532945632935,attack,no
3108,0,0,0.025957354466326184,-3.6652088165283203,-0.04020870849490166,attack,no
3109,0,1,0.7057850154599563,-0.384446918964386,-1.2594468593597412,attack,yes
3110,0,0,0.4073334000459302,-0.9290953874588013,-0.5540953874588013,attack,no
3111,0,0,0.0159063885045792,-4.158263683319092,-0.03326347842812538,attack,no
3112,0,0,0.004070136862704897,-5.506223201751709,-0.006222991272807121,attack,no
3113,0,1,0.5621765008857981,-0.6170785427093506,-0.8670785427093506,attack,yes
3114,0,0,0.08509904848750824,-2.523738145828247,-0.14873819053173065,attack,no
3115,0,0,0.01798621055427994,-4.026129245758057,-0.026129279285669327,attack,no
3116,0,0,0.03308598136812592,-3.4291768074035645,-0.054176900535821915,attack,no
3117,0,0,0.00013982207652618754,-8.876376152038574,-0.0013761583250015974,attack,no
3118,0,0,0.017986212462442638,-4.024803161621094,-0.02480330318212509,attack,no
3119,0,0,0.014063628102158346,-4.270149230957031,-0.02014930732548237,attack,no
3120,0,0,0.025957355314023947,-3.658210277557373,-0.03321020305156708,attack,no
3121,0,0,0.020332351042339016,-3.921771287918091,-0.04677117243409157,attack,no
3122,0,0,0.020332352823231693,-3.9047772884368896,-0.02977726235985756,attack,no
3123,0,0,0.24508500761839525,-1.4471369981765747,-0.3221369683742523,attack,no
3124,0,0,0.16451645675203383,-1.827225685119629,-0.20222564041614532,attack,no
3125,0,0,0.18242553269617778,-1.7337653636932373,-0.23376542329788208,attack,no
3126,0,0,0.009708475218968332,-4.639111042022705,-0.014110910706222057,attack,no
3127,0,0,0.004070138274623224,-5.508098602294922,-0.008098740130662918,attack,no
3128,0,0,0.01406362817963978,-4.27272891998291,-0.022729001939296722,attack,no
3129,0,0,0.0953494648991095,-2.3680760860443115,-0.11807608604431152,attack,no
3130,0,0,0.014063626630011202,-4.268059730529785,-0.01805970072746277,attack,no
3131,0,1,0.8519528076067262,-0.22951824963092804,-1.9795182943344116,attack,yes
3132,0,1,0.6513548646660542,-0.4645742177963257,-1.0895742177963257,attack,yes
3133,0,0,0.08509903630580078,-2.4816043376922607,-0.10660422593355179,attack,no
3134,0,0,0.053403329799824234,-2.9555790424346924,-0.08057904243469238,attack,no
3135,0,0,0.008577485302833593,-4.762452602386475,-0.012452589347958565,attack,no
3136,0,0,0.005911069644294039,-5.139700412750244,-0.014700546860694885,attack,no
3137,0,0,0.0019267348119766739,-6.254507541656494,-0.004507618956267834,attack,no
3138,0,0,0.017986211047770272,-4.023589611053467,-0.02358967252075672,attack,no
3139,0,0,0.16451646494473965,-1.8449376821517944,-0.21993769705295563,attack,no
3140,0,0,0.4378234991142019,-0.92327481508255,-0.67327481508255,attack,no
3141,0,0,0.009708476911263291,-4.637110233306885,-0.012110278010368347,attack,no
3142,0,0,0.006692851462944095,-5.008941173553467,-0.008941254578530788,attack,no
3143,0,0,0.02033235319425102,-3.89976167678833,-0.02476166933774948,attack,no
3144,0,0,0.022977368404675395,-3.7847888469696045,-0.03478877991437912,attack,no
3145,0,0,0.037326884399142314,-3.2970683574676514,-0.0470682755112648,attack,no
3146,0,0,0.00460957213664211,-5.3840436935424805,-0.009043684229254723,attack,no
3147,0,0,0.003172683047191645,-5.75537633895874,-0.00537640368565917,attack,no
3148,0,0,0.2942149783515162,-1.2800534963607788,-0.4050535261631012,attack,no
3149,0,0,0.006692849506434881,-5.009612560272217,-0.00961234699934721,attack,no
3150,0,0,0.09534946168575072,-2.3594748973846436,-0.10947486013174057,attack,no
3151,0,0,0.009708478379709945,-4.641291618347168,-0.016291815787553787,attack,no
3152,0,1,0.5926665999540697,-0.5444318056106567,-0.9194318056106567,attack,yes
3153,0,0,0.005911068708484387,-5.135998249053955,-0.010998223908245564,attack,no
3154,0,0,0.005911068237843332,-5.133693218231201,-0.00869311299175024,attack,no
3155,0,0,0.025957354937269386,-3.6644692420959473,-0.0394691526889801,attack,no
3156,0,0,0.11920293140927592,-2.142054557800293,-0.14205464720726013,attack,no
3157,0,0,0.34864513533394575,-1.0904579162597656,-0.4654579162597656,attack,no
3158,0,0,0.029312233825233916,-3.534421443939209,-0.03442155197262764,attack,no
3159,0,0,0.005220124784344862,-5.258916854858398,-0.00891667976975441,attack,no
3160,0,0,0.037326887745718636,-3.298142194747925,-0.0481422059237957,attack,no
3161,0,0,0.005220126902619193,-5.259603023529053,-0.009603256359696388,attack,no
3162,0,0,0.09534945590170514,-2.3831803798675537,-0.13318027555942535,attack,no
3163,0,0,0.00247262324162806,-6.004697799682617,-0.004697834141552448,attack,no
3164,0,0,0.015906389495906472,-4.15084171295166,-0.025841571390628815,attack,no
3165,0,0,0.0420877310696113,-3.1795036792755127,-0.05450375750660896,attack,no
3166,0,1,0.5312093733737563,-0.6656669974327087,-0.7906669974327087,attack,yes
3167,0,1,0.5926665999540697,-0.5827968716621399,-0.9577968716621399,attack,yes
3168,0,0,0.022977368153783692,-3.7848093509674072,-0.03480927273631096,attack,no
3169,0,0,0.029312230751356316,-3.535128593444824,-0.03512859344482422,attack,no
3170,0,0,0.07585818002124356,-2.5985162258148193,-0.09851622581481934,attack,no
3171,0,0,0.0017007227257042554,-6.378633499145508,-0.0036336842458695173,attack,no
3172,0,0,0.01098694190195572,-4.51738166809082,-0.01738160103559494,attack,no
3173,0,0,0.04208773076923106,-3.178704023361206,-0.053704094141721725,attack,no
3174,0,0,0.005220125652450335,-5.257018089294434,-0.0070180813781917095,attack,no
3175,0,0,0.02595736011764511,-3.6577422618865967,-0.03274237737059593,attack,no
3176,0,0,0.4378234991142019,-0.8417648673057556,-0.5917648673057556,attack,no
3177,0,0,0.015906394452543743,-4.1483235359191895,-0.02332371100783348,attack,no
3178,0,0,0.2942149783515162,-1.2588406801223755,-0.3838407099246979,attack,no
3179,0,0,0.003593601784408683,-5.6290788650512695,-0.004078642465174198,attack,no
3180,0,1,0.5312093733737563,-0.644148051738739,-0.769148051738739,attack,yes
3181,0,0,0.06008665311947337,-2.8315131664276123,-0.08151321858167648,attack,no
3182,0,0,0.04208772641371775,-3.193150043487549,-0.06815000623464584,attack,no
3183,0,1,0.5926665999540697,-0.6027399301528931,-0.9777399301528931,attack,yes
3184,0,0,0.033085981248949035,-3.4266810417175293,-0.05168113112449646,attack,no
3185,0,0,0.5,-0.7350960969924927,-0.7350960969924927,attack,no
3186,0,0,0.05340333243628599,-2.9404075145721436,-0.06540756672620773,attack,no
3187,0,0,0.012431649938470258,-4.394098281860352,-0.019098207354545593,attack,no
3188,0,0,0.007577240049272032,-4.888040542602539,-0.01304038055241108,attack,no
3189,0,0,0.0124316528426924,-4.3933281898498535,-0.0183283518999815,attack,no
3190,0,0,0.0006263342967066986,-7.378557205200195,-0.0035574266221374273,attack,no
3191,0,0,0.012431648840811669,-4.3930344581604,-0.01803429424762726,attack,no
3192,0,0,0.053403324903538434,-2.942551612854004,-0.06755151599645615,attack,no
3193,0,0,0.22270013882530884,-1.5228726863861084,-0.2728726863861084,attack,no
3194,0,0,0.10669060246682488,-2.253890037536621,-0.12889012694358826,attack,no
3195,0,0,0.14804719991116141,-1.9749462604522705,-0.2249462753534317,attack,no
3196,0,1,0.6224593171945417,-0.5018540024757385,-1.0018539428710938,attack,yes
3197,0,0,0.24508501313237172,-1.4493902921676636,-0.3243902921676636,attack,no
3198,0,0,0.02033235460412452,-3.903301477432251,-0.02830154076218605,attack,no
3199,0,0,0.0013250224683572715,-6.628439426422119,-0.003439465072005987,attack,no
3200,0,0,0.4378234991142019,-0.8733040690422058,-0.6233040690422058,attack,no
3201,0,0,0.0006263341643761735,-7.37712287902832,-0.0021228890400379896,attack,no
3202,0,0,0.017986213877115107,-4.023447513580322,-0.023447735235095024,attack,no
3203,0,0,0.05340333055309901,-2.941693067550659,-0.06669308245182037,attack,no
3204,0,0,0.4378234991142019,-0.8635925650596619,-0.6135925650596619,attack,no
3205,0,0,0.0031726834904768943,-5.755416393280029,-0.005416598170995712,attack,no
3206,0,0,0.0035936026547851658,-5.631485939025879,-0.006485959514975548,attack,no
3207,0,0,0.00103223109245499,-6.88080358505249,-0.005803639069199562,attack,no
3208,0,0,0.005911069250268905,-5.145778179168701,-0.020778246223926544,attack,no
3209,0,0,0.16451646494473965,-1.825928807258606,-0.20092882215976715,attack,no
3210,0,0,0.4378234991142019,-0.8383646607398987,-0.5883646607398987,attack,no
3211,0,1,0.5621765008857981,-0.6364710330963135,-0.8864710330963135,attack,yes
3212,0,0,0.010986944087868242,-4.516157150268555,-0.016157284379005432,attack,no
3213,0,0,0.005220125301822759,-5.264190673828125,-0.014190598390996456,attack,no
3214,0,0,0.037326891226158315,-3.300837516784668,-0.050837624818086624,attack,no
3215,0,0,0.002182716660353052,-6.136179447174072,-0.011179545894265175,attack,no
3216,0,0,0.009708475783066621,-4.637646198272705,-0.012646125629544258,attack,no
3217,0,1,0.9241418163225626,-0.09167008846998215,-2.591670036315918,attack,yes
3218,0,0,0.29421496597446145,-1.2538087368011475,-0.3788087069988251,attack,no
3219,0,0,0.24508501864634827,-1.459977388381958,-0.3349774181842804,attack,no
3220,0,0,0.22270013366638422,-1.5515414476394653,-0.30154141783714294,attack,no
3221,0,0,0.012431652362466643,-4.395397186279297,-0.020397309213876724,attack,no
3222,0,0,0.4378234991142019,-0.8986944556236267,-0.6486944556236267,attack,no
3223,0,1,0.6224593312018546,-0.5006121397018433,-1.0006121397018433,attack,yes
3224,0,0,0.004609572132368902,-5.384979248046875,-0.00997923780232668,attack,no
3225,0,0,0.03308598005718029,-3.442157506942749,-0.0671575590968132,attack,no
3226,0,0,0.00669285237309256,-5.013484954833984,-0.013485172763466835,attack,no
3227,0,0,0.012431648223378755,-4.392240047454834,-0.017239833250641823,attack,no
3228,0,0,0.01243165204231615,-4.394107818603516,-0.019107915461063385,attack,no
3229,0,0,0.0159063894375931,-4.158163070678711,-0.0331629253923893,attack,no
3230,0,0,0.06008664638698042,-2.8344385623931885,-0.0844384953379631,attack,no
3231,0,0,0.005911069351511471,-5.132238388061523,-0.00723847234621644,attack,no
3232,0,0,0.18242552825126704,-1.7650409936904907,-0.2650410234928131,attack,no
3233,0,0,0.0019267348160063211,-6.2532124519348145,-0.003212531330063939,attack,no
3234,0,0,0.20181322466072713,-1.6249017715454102,-0.24990178644657135,attack,no
3235,0,0,0.0031726822445656885,-5.754819869995117,-0.0048196809366345406,attack,no
3236,0,0,0.07585818576669104,-2.605050802230835,-0.10505088418722153,attack,no
3237,0,0,0.06008665522337757,-2.8562722206115723,-0.10627231001853943,attack,no
3238,0,0,0.5,-0.7190356850624084,-0.7190356850624084,attack,no
3239,0,0,0.014063626397566932,-4.270857334136963,-0.02085728757083416,attack,no
3240,0,1,0.5621765008857981,-0.6216710805892944,-0.8716710805892944,attack,yes
3241,0,0,0.4073334000459302,-0.9253630638122559,-0.5503630638122559,attack,no
3242,0,0,0.014063630245811478,-4.2729082107543945,-0.022908441722393036,attack,no
3243,0,0,0.20181322226037882,-1.621860146522522,-0.24686014652252197,attack,no
3244,0,0,0.0013250225349062375,-6.629425048828125,-0.004425137769430876,attack,no
3245,0,0,0.029312230009385914,-3.5438344478607178,-0.043834421783685684,attack,no
3246,0,0,0.1480471961522176,-1.9443027973175049,-0.1943027824163437,attack,no
3247,0,0,0.004609571260634205,-5.383008003234863,-0.008007803000509739,attack,no
3248,0,0,0.07585817270885642,-2.587103843688965,-0.08710373938083649,attack,no
3249,0,0,0.13296424706933604,-2.042581081390381,-0.16758114099502563,attack,no
3250,0,0,0.1066905911052601,-2.257452964782715,-0.13245293498039246,attack,no
3251,0,0,0.007577240126309248,-4.887067794799805,-0.012067642994225025,attack,no
3252,0,0,0.07585818628900447,-2.597715139389038,-0.09771522879600525,attack,no
3253,0,0,0.0019267348934650951,-6.256561756134033,-0.006561875808984041,attack,no
3254,0,1,0.7772998508568416,-0.2784345746040344,-1.5284345149993896,attack,yes
3255,0,0,0.06754668879328725,-2.7082111835479736,-0.08321114629507065,attack,no
3256,0,0,0.0007096704631655039,-7.253593921661377,-0.003594011999666691,attack,no
3257,0,0,0.0028009272558608598,-5.881248950958252,-0.0062490543350577354,attack,no
3258,0,0,0.0024726231956857434,-6.006755828857422,-0.0067558446899056435,attack,no
3259,0,0,0.06754669020109236,-2.7117207050323486,-0.08672069013118744,attack,no
3260,0,0,0.005220125316331485,-5.262979030609131,-0.01297895796597004,attack,no
3261,0,0,0.10669059678604234,-2.2511134147644043,-0.12611344456672668,attack,no
3262,0,1,0.6224593312018546,-0.5044896602630615,-1.0044896602630615,attack,yes
3263,0,0,0.16451646699291617,-1.8353296518325806,-0.21032968163490295,attack,no
3264,0,0,0.014063625235345626,-4.271925449371338,-0.021925318986177444,attack,no
3265,0,0,0.11920292358664389,-2.1547396183013916,-0.1547396332025528,attack,no
3266,0,0,0.0017007220675183704,-6.3809285163879395,-0.005928313825279474,attack,no
3267,0,0,0.08509904500702024,-2.477651834487915,-0.10265183448791504,attack,no
3268,0,0,0.14804719991116141,-1.9323217868804932,-0.18232180178165436,attack,no
3269,0,0,0.24508501313237172,-1.455413579940796,-0.3304135799407959,attack,no
3270,0,0,0.04742587115801275,-3.0706255435943604,-0.07062549889087677,attack,no
3271,0,0,0.08509904674726423,-2.4778664112091064,-0.10286643356084824,attack,no
3272,0,0,0.042087731520181665,-3.182973623275757,-0.057973712682724,attack,no
3273,0,0,0.22270012850745968,-1.5257213115692139,-0.2757212519645691,attack,no
3274,0,0,0.06754668832401889,-2.7166450023651123,-0.09164495766162872,attack,no
3275,0,1,0.7057850340255386,-0.37663885951042175,-1.2516388893127441,attack,yes
3276,0,0,0.010986942023395294,-4.519318580627441,-0.01931852474808693,attack,no
3277,0,0,0.0373268904229799,-3.304093360900879,-0.05409344658255577,attack,no
3278,0,0,0.009708476678460792,-4.647716045379639,-0.022716065868735313,attack,no
3279,0,0,0.001501182378885784,-6.504611015319824,-0.004611096810549498,attack,no
3280,0,0,0.0035936029515802595,-5.631436347961426,-0.006436451338231564,attack,no
3281,0,0,0.014063628334602648,-4.270952224731445,-0.020952317863702774,attack,no
3282,0,0,0.0373268904229799,-3.3056821823120117,-0.05568226799368858,attack,no
3283,0,0,0.009708478084229807,-4.638671875,-0.013672041706740856,attack,no
3284,0,0,0.0015011821265612892,-6.502957820892334,-0.0029577340465039015,attack,no
3285,0,0,0.005911068588087834,-5.133835315704346,-0.008835270069539547,attack,no
3286,0,0,0.32082129433083023,-1.1588152647018433,-0.4088152348995209,attack,no
3287,0,0,0.4073334000459302,-0.9255199432373047,-0.5505199432373047,attack,no
3288,0,1,0.6224593452091672,-0.5070645213127136,-1.0070645809173584,attack,yes
3289,0,0,0.042087729117139754,-3.1910815238952637,-0.06608155369758606,attack,no
3290,0,1,0.6224593312018546,-0.4904438853263855,-0.9904438853263855,attack,yes
3291,0,0,0.46879062662624377,-0.793036162853241,-0.668036162853241,attack,no
3292,0,0,0.02297736882282822,-3.8049890995025635,-0.0549890510737896,attack,no
3293,0,0,0.00857748354461924,-4.7612080574035645,-0.011207837611436844,attack,no
3294,0,1,0.731058584489497,-0.3613506257534027,-1.361350655555725,attack,yes
3295,0,0,0.022977368070153135,-3.782057046890259,-0.03205696493387222,attack,no
3296,0,1,0.6791787056691698,-0.43739184737205505,-1.1873918771743774,attack,yes
3297,0,0,0.13296424535145931,-2.0387330055236816,-0.16373305022716522,attack,no
3298,0,0,0.2942149597859341,-1.2429225444793701,-0.36792248487472534,attack,no
3299,0,1,0.5621765008857981,-0.618709146976471,-0.868709146976471,attack,yes
3300,0,0,0.007577242332375306,-4.890711307525635,-0.015711449086666107,attack,no
3301,0,0,0.015906391420247818,-4.145594120025635,-0.020594101399183273,attack,no
3302,0,0,0.04208773212094217,-3.1769609451293945,-0.05196104943752289,attack,no
3303,0,0,0.015906393461216167,-4.144144058227539,-0.019144169986248016,attack,no
3304,0,0,0.0953494738965146,-2.3654942512512207,-0.11549435555934906,attack,no
3305,0,0,0.0013250226963491133,-6.629231929779053,-0.004232140723615885,attack,no
3306,0,0,0.4378234991142019,-0.8694121241569519,-0.6194121241569519,attack,no
3307,0,0,0.015906394160976806,-4.15012788772583,-0.025128044188022614,attack,no
3308,0,0,0.002800927617436076,-5.8860392570495605,-0.0110394898802042,attack,no
3309,0,0,0.012431650144281253,-4.399196147918701,-0.024196090176701546,attack,no
3310,0,0,0.1480472036701053,-1.9511754512786865,-0.2011754959821701,attack,no
3311,0,1,0.6224593312018546,-0.5118471384048462,-1.0118471384048462,attack,yes
3312,0,0,0.014063629548478496,-4.272045135498047,-0.02204531617462635,attack,no
3313,0,0,0.06754669254743426,-2.7021830081939697,-0.07718303054571152,attack,no
3314,0,0,0.11920292984474948,-2.157674551010132,-0.1576746255159378,attack,no
3315,0,0,0.00970847858565065,-4.6385111808776855,-0.013511399738490582,attack,no
3316,0,0,0.03308597767364294,-3.424940586090088,-0.0499405637383461,attack,no
3317,0,0,0.0028009270958833515,-5.8795928955078125,-0.0045929416082799435,attack,no
3318,0,0,0.22270012850745968,-1.554574728012085,-0.3045746684074402,attack,no
3319,0,1,0.5312093733737563,-0.6703099012374878,-0.7953099012374878,attack,yes
3320,0,0,0.14804719239327382,-1.9280540943145752,-0.1780540496110916,attack,no
3321,0,0,0.00970847798573643,-4.645302772521973,-0.02030292898416519,attack,no
3322,0,0,0.022977367484739192,-3.783034324645996,-0.03303421661257744,attack,no
3323,0,0,0.014063628102158346,-4.268184185028076,-0.01818426139652729,attack,no
3324,0,0,0.04742587250438209,-3.072289228439331,-0.07228921353816986,attack,no
3325,0,0,0.0017007227197746518,-6.3781046867370605,-0.003104868344962597,attack,no
3326,0,0,0.008577484304928105,-4.760812282562256,-0.010812152177095413,attack,no
3327,0,0,0.009708474636962198,-4.640359878540039,-0.015359686687588692,attack,no
3328,0,0,0.0035936019378083545,-5.635207653045654,-0.010207473300397396,attack,no
3329,0,0,0.006692852020177834,-5.009585380554199,-0.009585545398294926,attack,no
3330,0,0,0.020332352971639423,-3.9226911067962646,-0.047691088169813156,attack,no
3331,0,0,0.32082130082460697,-1.1704312562942505,-0.4204312562942505,attack,no
3332,0,1,0.6224593312018546,-0.5128477811813354,-1.0128477811813354,attack,yes
3333,0,0,0.5,-0.7384594082832336,-0.7384594082832336,attack,no
3334,0,1,0.7549149868676283,-0.3345928192138672,-1.4595928192138672,attack,yes
3335,0,0,0.015906394510857135,-4.148852825164795,-0.023853003978729248,attack,no
3336,0,1,0.7549149868676283,-0.3014817237854004,-1.4264817237854004,attack,yes
3337,0,0,0.002472622802878969,-6.005523681640625,-0.005523538216948509,attack,no
3338,0,0,0.017986206079968193,-4.022575855255127,-0.022575635462999344,attack,no
3339,0,0,0.06754669442450784,-2.7286453247070312,-0.10364537686109543,attack,no
3340,0,1,0.7057850216484838,-0.39208391308784485,-1.2670838832855225,attack,yes
3341,0,0,0.0953494738965146,-2.3758304119110107,-0.1258305162191391,attack,no
3342,0,0,0.34864513533394575,-1.1266201734542847,-0.5016201734542847,attack,no
3343,0,0,0.22270013366638422,-1.5333013534545898,-0.28330132365226746,attack,no
3344,0,0,0.007577242059243283,-4.8873090744018555,-0.0123091796413064,attack,no
3345,0,0,0.053403333566198224,-2.9488542079925537,-0.07385428249835968,attack,no
3346,0,0,0.00757724116981343,-4.896114349365234,-0.02111433632671833,attack,no
3347,0,0,0.020332355642978747,-3.9004507064819336,-0.025450821965932846,attack,no
3348,0,0,0.005220124784344862,-5.256497859954834,-0.006497684866189957,attack,no
3349,0,0,0.003593602051190725,-5.633235454559326,-0.008235306479036808,attack,no
3350,0,0,0.0003353500601401895,-8.002114295959473,-0.002114086179062724,attack,no
3351,0,1,0.5312093733737563,-0.6743941903114319,-0.7993941903114319,attack,yes
3352,0,1,0.7549149868676283,-0.31142163276672363,-1.4364216327667236,attack,yes
3353,0,0,0.06754669348597103,-2.698521137237549,-0.07352117449045181,attack,no
3354,0,0,0.13296422989056964,-2.0509135723114014,-0.1759134829044342,attack,no
3355,0,0,0.060086646807761206,-2.834963083267212,-0.08496302366256714,attack,no
3356,0,0,0.24508501313237172,-1.428745150566101,-0.3037451505661011,attack,no
3357,0,0,0.008577487298644907,-4.76291036605835,-0.012910587713122368,attack,no
3358,0,0,0.025957357009419556,-3.657327890396118,-0.03232788294553757,attack,no
3359,0,0,0.0009110511960960644,-7.002535343170166,-0.002535345032811165,attack,no
3360,0,0,0.060086643862295744,-2.8225762844085693,-0.07257617264986038,attack,no
3361,0,0,0.5,-0.7277867197990417,-0.7277867197990417,attack,no
3362,0,0,0.002472623409317523,-6.006654262542725,-0.006654364988207817,attack,no
3363,0,0,0.4378234991142019,-0.87350994348526,-0.62350994348526,attack,no
3364,0,0,0.08509903746596333,-2.4845516681671143,-0.1095515713095665,attack,no
3365,0,0,0.0035936027264828543,-5.631681442260742,-0.006681482773274183,attack,no
3366,0,0,0.003593603038284448,-5.629362106323242,-0.00436223391443491,attack,no
3367,0,0,0.014063627069072614,-4.27797794342041,-0.027977945283055305,attack,no
3368,0,0,0.005220125828973193,-5.258243083953857,-0.008243110030889511,attack,no
3369,0,0,0.04742587536541707,-3.060614585876465,-0.060614634305238724,attack,no
3370,0,0,0.16451645470385742,-1.8432390689849854,-0.21823900938034058,attack,no
3371,0,0,0.04742587216778976,-3.055821418762207,-0.05582139641046524,attack,no
3372,0,0,0.18242551936144574,-1.7274912595748901,-0.22749122977256775,attack,no
3373,0,0,0.14804720179063335,-1.9242374897003174,-0.17423751950263977,attack,no
3374,0,0,0.003593602434689943,-5.6298136711120605,-0.004813630133867264,attack,no
3375,0,0,0.00033535005772052833,-8.002880096435547,-0.0028798794373869896,attack,no
3376,0,0,0.08509905370824052,-2.4988644123077393,-0.12386452406644821,attack,no
3377,0,0,0.16451645880021026,-1.8391550779342651,-0.21415504813194275,attack,no
3378,0,0,0.01098694236747409,-4.519954204559326,-0.019954180344939232,attack,no
3379,0,0,0.0028009266276565496,-5.879254341125488,-0.004254219587892294,attack,no
3380,0,0,0.007577240490485188,-4.8869948387146,-0.011994735337793827,attack,no
3381,0,0,0.005220125079355619,-5.26107120513916,-0.01107108686119318,attack,no
3382,0,0,0.01590639322796263,-4.143714427947998,-0.018714524805545807,attack,no
3383,0,0,0.24508500210441886,-1.4503703117370605,-0.32537025213241577,attack,no
3384,0,0,0.0015011819545060218,-6.505063056945801,-0.005062855314463377,attack,no
3385,0,0,0.03308598053388778,-3.4288787841796875,-0.05387885123491287,attack,no
3386,0,0,0.003593602486378972,-5.630028247833252,-0.005028221290558577,attack,no
3387,0,0,0.20181321265898594,-1.6439464092254639,-0.2689463496208191,attack,no
3388,0,0,0.0534033354493853,-2.946058511734009,-0.07105862349271774,attack,no
3389,0,0,0.004070137204358886,-5.5066351890563965,-0.006635062862187624,attack,no
3390,0,0,0.0005527785414781731,-7.501979827880859,-0.001979655120521784,attack,no
3391,0,0,0.10669058400428263,-2.2648651599884033,-0.13986505568027496,attack,no
3392,0,0,0.04208773001828046,-3.1965866088867188,-0.07158666104078293,attack,no
3393,0,0,0.00170072207858696,-6.379771709442139,-0.004771513398736715,attack,no
3394,0,0,0.005911068374657587,-5.1422529220581055,-0.017252840101718903,attack,no
3395,0,0,0.0006263340660027284,-7.377593517303467,-0.0025933701545000076,attack,no
3396,0,0,0.020332354158901302,-3.900834560394287,-0.025834601372480392,attack,no
3397,0,0,0.017986213910014467,-4.03694486618042,-0.03694508969783783,attack,no
3398,0,1,0.6224593312018546,-0.560547947883606,-1.060547947883606,attack,yes
3399,0,0,0.025957358893192575,-3.676800489425659,-0.05180055648088455,attack,no
3400,0,0,0.007577241421935268,-4.889732360839844,-0.014732381328940392,attack,no
3401,0,0,0.4073334000459302,-0.9424934983253479,-0.5674934983253479,attack,no
3402,0,1,0.5926665999540697,-0.5705241560935974,-0.9455241560935974,attack,yes
3403,0,0,0.004609572418673961,-5.389405250549316,-0.014405302703380585,attack,no
3404,0,0,0.01590639060386055,-4.1541972160339355,-0.029197145253419876,attack,no
3405,0,0,0.01243165213378772,-4.3984375,-0.023437604308128357,attack,no
3406,0,0,0.1329642281726931,-2.0466253757476807,-0.1716252714395523,attack,no
3407,0,0,0.012431648589264923,-4.392651557922363,-0.017651373520493507,attack,no
3408,0,0,0.006692850980008224,-5.011886119842529,-0.011886128224432468,attack,no
3409,0,0,0.04742587250438209,-3.0633413791656494,-0.06334136426448822,attack,no
3410,0,0,0.4073334000459302,-0.938663125038147,-0.563663125038147,attack,no
3411,0,0,0.006692850094625882,-5.00892448425293,-0.008924359455704689,attack,no
3412,0,0,0.37754066879814546,-1.0169062614440918,-0.5169062614440918,attack,no
3413,0,0,0.02931222852544515,-3.553431749343872,-0.0534316711127758,attack,no
3414,0,0,0.012431648612132808,-4.389689922332764,-0.014689739793539047,attack,no
3415,0,1,0.754914997895581,-0.3114146590232849,-1.4364147186279297,attack,yes
3416,0,0,0.18242552380635632,-1.7377849817276,-0.2377849817276001,attack,no
3417,0,0,0.34864513533394575,-1.0781179666519165,-0.4531179666519165,attack,no
3418,0,0,0.0085774874253631,-4.762327194213867,-0.01232743076980114,attack,no
3419,0,0,0.11920293140927592,-2.1338348388671875,-0.13383492827415466,attack,no
3420,0,0,0.006692849772668697,-5.008956432342529,-0.008956259116530418,attack,no
3421,0,0,0.24508501864634827,-1.432357907295227,-0.30735793709754944,attack,no
3422,0,0,0.012431652819824507,-4.398779392242432,-0.023779552429914474,attack,no
3423,0,0,0.0035936031066473684,-5.632798671722412,-0.007798818405717611,attack,no
3424,0,0,0.005911069989066053,-5.137643814086914,-0.012644006870687008,attack,no
3425,0,0,0.5,-0.7729777693748474,-0.7729777693748474,attack,no
3426,0,0,0.008577486007703408,-4.76244592666626,-0.012445996515452862,attack,no
3427,0,0,0.37754066879814546,-1.0121792554855347,-0.5121792554855347,attack,no
3428,0,0,0.02931223255328453,-3.5433130264282227,-0.04331308975815773,attack,no
3429,0,0,0.002800926761621432,-5.888169288635254,-0.013169215060770512,attack,no
3430,0,0,0.02931223265928031,-3.5464675426483154,-0.0464676097035408,attack,no
3431,0,1,0.5926665999540697,-0.5622972249984741,-0.9372972249984741,attack,yes
3432,0,0,0.06754669583231304,-2.7066965103149414,-0.08169658482074738,attack,no
3433,0,0,0.053403333566198224,-2.9470505714416504,-0.07205064594745636,attack,no
3434,0,0,0.16451646904109268,-1.8293894529342651,-0.20438949763774872,attack,no
3435,0,0,0.010986941497157156,-4.526625156402588,-0.026625052094459534,attack,no
3436,0,0,0.0019267345169169808,-6.252872467041016,-0.00287239090539515,attack,no
3437,0,0,0.01590639261567211,-4.143948554992676,-0.018948612734675407,attack,no
3438,0,0,0.00591106995075805,-5.133673191070557,-0.008673377335071564,attack,no
3439,0,0,0.0019267347313837336,-6.259194850921631,-0.009194886311888695,attack,no
3440,0,0,0.2018132174596823,-1.6470979452133179,-0.2720979154109955,attack,no
3441,0,1,0.7310585903489892,-0.35211676359176636,-1.3521168231964111,attack,yes
3442,0,0,0.09534945975773548,-2.376699924468994,-0.12669986486434937,attack,no
3443,0,0,0.4378234991142019,-0.8672469854354858,-0.6172469854354858,attack,no
3444,0,0,0.005911069025893492,-5.134734630584717,-0.00973465945571661,attack,no
3445,0,0,0.24508501313237172,-1.427233099937439,-0.30223309993743896,attack,no
3446,0,0,0.022977367317478067,-3.781332492828369,-0.03133237734436989,attack,no
3447,0,0,0.0534033354493853,-2.942122220993042,-0.06712233275175095,attack,no
3448,0,0,0.46879062662624377,-0.7902434468269348,-0.6652434468269348,attack,no
3449,0,0,0.4378234991142019,-0.8727312684059143,-0.6227312684059143,attack,no
3450,0,0,0.000626334054489393,-7.376133441925049,-0.0011332763824611902,attack,no
3451,0,0,0.09534946618445303,-2.389280080795288,-0.13928009569644928,attack,no
3452,0,0,0.08509903862612588,-2.4972236156463623,-0.12222353368997574,attack,no
3453,0,0,0.012431652168089556,-4.3896942138671875,-0.01469432096928358,attack,no
3454,0,0,0.025957359364135853,-3.656430721282959,-0.03143080696463585,attack,no
3455,0,0,0.3208213138121609,-1.1594717502593994,-0.4094718098640442,attack,no
3456,0,0,0.24508500210441886,-1.4351751804351807,-0.3101751208305359,attack,no
3457,0,0,0.1329642384799526,-2.0639593601226807,-0.18895934522151947,attack,no
3458,0,0,0.0015011824856787364,-6.5058274269104,-0.0058275796473026276,attack,no
3459,0,0,0.34864513533394575,-1.087065577507019,-0.46206557750701904,attack,no
3460,0,0,0.08509904326677628,-2.4776201248168945,-0.10262010246515274,attack,no
3461,0,0,0.014063626914109765,-4.268434047698975,-0.018434038385748863,attack,no
3462,0,0,0.32082129433083023,-1.1551133394241333,-0.4051133096218109,attack,no
3463,0,0,0.0059110675482995255,-5.134210109710693,-0.009209887124598026,attack,no
3464,0,0,0.006692851605348269,-5.009341239929199,-0.009341342374682426,attack,no
3465,0,0,0.07585818576669104,-2.6145527362823486,-0.1145528182387352,attack,no
3466,0,0,0.01798620877771485,-4.025397777557373,-0.025397710502147675,attack,no
3467,0,0,0.012431651150468393,-4.394099235534668,-0.01909925974905491,attack,no
3468,0,0,0.3486451421018059,-1.0979797840118408,-0.4729798138141632,attack,no
3469,0,0,0.0003799845029895546,-7.878096580505371,-0.003096549538895488,attack,no
3470,0,0,0.053403329799824234,-2.9504196643829346,-0.07541966438293457,attack,no
3471,0,0,0.006692851357688838,-5.010171890258789,-0.010171955451369286,attack,no
3472,0,0,0.20181322226037882,-1.629725456237793,-0.25472545623779297,attack,no
3473,0,0,0.18242552380635632,-1.7453473806381226,-0.24534738063812256,attack,no
3474,0,0,0.025957354372137545,-3.656881809234619,-0.03188169747591019,attack,no
3475,0,0,0.08509904616718289,-2.4972612857818604,-0.12226130068302155,attack,no
3476,0,0,0.012431649069490533,-4.390923976898193,-0.01592383161187172,attack,no
3477,0,0,0.0009110510180770795,-7.004593372344971,-0.004593178629875183,attack,no
3478,0,0,0.020332352823231693,-3.903602123260498,-0.028602097183465958,attack,no
3479,0,0,0.014063627740578332,-4.272432804107666,-0.022432854399085045,attack,no
3480,0,0,0.015906393840253174,-4.151098251342773,-0.02609838731586933,attack,no
3481,0,0,0.003593601771069582,-5.6303863525390625,-0.0053861262276768684,attack,no
3482,0,0,0.037326891226158315,-3.3058252334594727,-0.05582534149289131,attack,no
3483,0,0,0.0159063953272446,-4.1454033851623535,-0.02040361613035202,attack,no
3484,0,0,0.005220125732248338,-5.260788440704346,-0.0107884481549263,attack,no
3485,0,0,0.03732688560390976,-3.305321216583252,-0.05532116815447807,attack,no
3486,0,0,0.34864513533394575,-1.08830726146698,-0.46330726146698,attack,no
3487,0,0,0.4378234991142019,-0.8534741997718811,-0.6034741997718811,attack,no
3488,0,0,0.20181322226037882,-1.6402876377105713,-0.2652876377105713,attack,no
3489,0,0,0.037326884934594504,-3.310884952545166,-0.06088488548994064,attack,no
3490,0,0,0.006692849351647784,-5.018362998962402,-0.01836276240646839,attack,no
3491,0,0,0.010986944715306174,-4.523353099822998,-0.023353291675448418,attack,no
3492,0,0,0.09534947518185825,-2.404463768005371,-0.15446388721466064,attack,no
3493,0,1,0.731058584489497,-0.3446384370326996,-1.344638466835022,attack,yes
3494,0,0,0.005220125429983181,-5.257141590118408,-0.007141539361327887,attack,no
3495,0,0,0.007577239587048752,-4.888544082641602,-0.013543859124183655,attack,no
3496,0,0,0.20181322226037882,-1.6494535207748413,-0.2744535207748413,attack,no
3497,0,0,0.06754669677084987,-2.717216730117798,-0.09221681952476501,attack,no
3498,0,0,0.0124316528426924,-4.397569179534912,-0.022569341585040092,attack,no
3499,0,0,0.012431648612132808,-4.391842842102051,-0.016842659562826157,attack,no
3500,0,0,0.2689414096510108,-1.3556125164031982,-0.35561245679855347,attack,no
3501,0,0,0.014063626139295524,-4.273724555969238,-0.023724490776658058,attack,no
3502,0,0,0.00970847462800826,-4.639569282531738,-0.014569089747965336,attack,no
3503,0,0,0.0028009267525170227,-5.880336284637451,-0.005336207803338766,attack,no
3504,0,0,0.18242551936144574,-1.7409683465957642,-0.24096831679344177,attack,no
3505,0,1,0.5312093733737563,-0.6595805287361145,-0.7845805287361145,attack,yes
3506,0,0,0.015906394306760274,-4.151446342468262,-0.02644650824368,attack,no
3507,0,0,0.06008665017400762,-2.8179852962493896,-0.06798529624938965,attack,no
3508,0,0,0.006692851562007867,-5.0078959465026855,-0.007896042428910732,attack,no
3509,0,0,0.22270013882530884,-1.5346834659576416,-0.2846834659576416,attack,no
3510,0,0,0.13296425050508953,-2.0262644290924072,-0.1512645184993744,attack,no
3511,0,0,0.22270014914315833,-1.5642592906951904,-0.3142593502998352,attack,no
3512,0,0,0.0059110676686960585,-5.134697437286377,-0.009697235189378262,attack,no
3513,0,1,0.6513548782017746,-0.4910125136375427,-1.1160125732421875,attack,yes
3514,0,0,0.004070137527136991,-5.512137413024902,-0.012137366458773613,attack,no
3515,0,0,0.22270013882530884,-1.5253769159317017,-0.27537691593170166,attack,no
3516,0,1,0.5926665999540697,-0.5915454030036926,-0.9665454030036926,attack,yes
3517,0,0,0.0019267346203445767,-6.253848075866699,-0.003848053514957428,attack,no
3518,0,0,0.37754066879814546,-1.0337857007980347,-0.5337857007980347,attack,no
3519,0,0,0.01406362376319878,-4.2680253982543945,-0.01802516169846058,attack,no
3520,0,0,0.025957359646701823,-3.6695334911346436,-0.044533587992191315,attack,no
3521,0,0,0.02931222757148327,-3.5550029277801514,-0.05500281602144241,attack,no
3522,0,0,0.5,-0.7170569896697998,-0.7170569896697998,attack,no
3523,0,0,0.042087723560105816,-3.186645984649658,-0.06164587661623955,attack,no
3524,0,0,0.02931222863144092,-3.536794424057007,-0.03679434955120087,attack,no
3525,0,0,0.03308597934211908,-3.4156129360198975,-0.04061296582221985,attack,no
3526,0,1,0.5312093733737563,-0.7022126317024231,-0.8272126317024231,attack,yes
3527,0,1,0.5926665999540697,-0.5459312796592712,-0.9209312796592712,attack,yes
3528,0,0,0.017986212265046483,-4.029097557067871,-0.02909768745303154,attack,no
3529,0,0,0.03732688587163585,-3.2972378730773926,-0.047237832099199295,attack,no
3530,0,0,0.24508500761839525,-1.446981430053711,-0.32198140025138855,attack,no
3531,0,0,0.14804719239327382,-1.9287371635437012,-0.1787371188402176,attack,no
3532,0,0,0.017986208218425878,-4.025500774383545,-0.025500675663352013,attack,no
3533,0,0,0.09534946168575072,-2.3656580448150635,-0.11565800756216049,attack,no
3534,0,0,0.007577243011703712,-4.887192249298096,-0.012192481197416782,attack,no
3535,0,0,0.0015011821988035678,-6.506252765655518,-0.006252727005630732,attack,no
3536,0,0,0.01590639305302248,-4.143144607543945,-0.018144693225622177,attack,no
3537,0,0,0.06754669301670263,-2.7153868675231934,-0.09038689732551575,attack,no
3538,0,1,0.8519528076067262,-0.19260556995868683,-1.9426056146621704,attack,yes
3539,0,0,0.13296425222296632,-2.0240607261657715,-0.14906083047389984,attack,no
3540,0,0,0.08509905254807776,-2.499330997467041,-0.12433109432458878,attack,no
3541,0,0,0.033085976958581766,-3.428335428237915,-0.05333538353443146,attack,no
3542,0,0,0.005220126888110461,-5.259289264678955,-0.009289494715631008,attack,no
3543,0,0,0.2689414213699951,-1.357398271560669,-0.35739827156066895,attack,no
3544,0,0,0.2689414213699951,-1.3519600629806519,-0.35196006298065186,attack,no
3545,0,0,0.46879062662624377,-0.8220882415771484,-0.6970882415771484,attack,no
3546,0,0,0.5,-0.7401914596557617,-0.7401914596557617,attack,no
3547,0,0,0.003172682269601724,-5.7573723793029785,-0.007372198160737753,attack,no
3548,0,0,0.01590639299470909,-4.150819301605225,-0.025819383561611176,attack,no
3549,0,0,0.002800926846812696,-5.878663539886475,-0.0036634968128055334,attack,no
3550,0,0,0.015906392761455564,-4.152556419372559,-0.027556486427783966,attack,no
3551,0,0,0.11920291419948606,-2.1462509632110596,-0.1462508887052536,attack,no
3552,0,0,0.4073334000459302,-0.9286923408508301,-0.5536923408508301,attack,no
3553,0,0,0.015906393519529553,-4.144315719604492,-0.01931583508849144,attack,no
3554,0,0,0.00970847519210651,-4.641312122344971,-0.01631198823451996,attack,no
3555,0,0,0.03308598184483342,-3.419149398803711,-0.04414950683712959,attack,no
3556,0,0,0.4378234991142019,-0.8647924661636353,-0.6147924661636353,attack,no
3557,0,0,0.07585817740967664,-2.598156690597534,-0.0981566533446312,attack,no
3558,0,0,0.2689414213699951,-1.3557122945785522,-0.35571229457855225,attack,no
3559,0,0,0.11920292828022305,-2.145681858062744,-0.14568191766738892,attack,no
3560,0,1,0.6513548646660542,-0.4375290870666504,-1.0625290870666504,attack,yes
3561,0,0,0.029312229267415526,-3.5406265258789062,-0.04062647372484207,attack,no
3562,0,0,0.002182716495040395,-6.13131856918335,-0.0063185920007526875,attack,no
3563,0,0,0.2942149845400438,-1.2644407749176025,-0.3894408345222473,attack,no
3564,0,0,0.005220124745654927,-5.26167106628418,-0.011670883744955063,attack,no
3565,0,0,0.02931223064536054,-3.5374886989593506,-0.03748869523406029,attack,no
3566,0,0,0.0024726228488212783,-6.004446506500244,-0.004446381703019142,attack,no
3567,0,0,0.22270013882530884,-1.5289262533187866,-0.2789262533187866,attack,no
3568,0,0,0.22270014398423357,-1.5336884260177612,-0.2836884558200836,attack,no
3569,0,0,0.04742587216778976,-3.0606977939605713,-0.0606977716088295,attack,no
3570,0,0,0.001926734916747502,-6.257800579071045,-0.00780071085318923,attack,no
3571,0,0,0.07585818315512395,-2.6038732528686523,-0.10387329757213593,attack,no
3572,0,0,0.01098694382474912,-4.519162654876709,-0.01916276477277279,attack,no
3573,0,0,0.012431648692170408,-4.390366554260254,-0.015366378240287304,attack,no
3574,0,0,0.005911068095556507,-5.137855052947998,-0.012854923494160175,attack,no
3575,0,0,0.0953494674697966,-2.3815340995788574,-0.1315341293811798,attack,no
3576,0,0,0.01590639060386055,-4.1514153480529785,-0.026415277272462845,attack,no
3577,0,0,0.017986211212267053,-4.024806022644043,-0.02480609342455864,attack,no
3578,0,0,0.4073334000459302,-0.9228742718696594,-0.5478742718696594,attack,no
3579,0,1,0.6513548511303336,-0.48449069261550903,-1.1094906330108643,attack,yes
3580,0,0,0.025957358799003922,-3.6592726707458496,-0.03427273407578468,attack,no
3581,0,0,0.005911068084611367,-5.137173652648926,-0.01217352133244276,attack,no
3582,0,0,0.01243165231673086,-4.3941497802734375,-0.01914989948272705,attack,no
3583,0,1,0.904650527388829,-0.18602284789085388,-2.4360227584838867,attack,yes
3584,0,0,0.010986940930439183,-4.516543865203857,-0.016543708741664886,attack,no
3585,0,0,0.029312233613242346,-3.545280933380127,-0.04528103396296501,attack,no
3586,0,0,0.010986942063875151,-4.524653911590576,-0.024653859436511993,attack,no
3587,0,0,0.20181323186177208,-1.6536498069763184,-0.27864986658096313,attack,no
3588,0,0,0.03732688306051187,-3.305009365081787,-0.05500924587249756,attack,no
3589,0,0,0.32082130731838393,-1.1602022647857666,-0.410202294588089,attack,no
3590,0,0,0.006692851277199525,-5.0115485191345215,-0.011548572219908237,attack,no
3591,0,0,0.22270013882530884,-1.5222837924957275,-0.27228379249572754,attack,no
3592,0,0,0.01798620887641291,-4.029604434967041,-0.02960437349975109,attack,no
3593,0,0,0.08509903804604459,-2.4862985610961914,-0.11129847168922424,attack,no
3594,0,0,0.02595736011764511,-3.6690592765808105,-0.0440593920648098,attack,no
3595,0,1,0.7772998611746911,-0.2990865707397461,-1.549086570739746,attack,yes
3596,0,0,0.04208772596314743,-3.1838912963867188,-0.05889124795794487,attack,no
3597,0,0,0.0035936018544389676,-5.636498928070068,-0.011498725041747093,attack,no
3598,0,0,0.020332354270207104,-3.9042253494262695,-0.029225395992398262,attack,no
3599,0,0,0.015906388533735886,-4.1491193771362305,-0.024119174107909203,attack,no
3600,0,0,0.005911069080619201,-5.137169361114502,-0.012169399298727512,attack,no
3601,0,0,0.003593602331311889,-5.633182525634766,-0.008182455785572529,attack,no
3602,0,0,0.06754669160889748,-2.7089762687683105,-0.08397627621889114,attack,no
3603,0,0,0.002472623544847372,-6.011237621307373,-0.011237778700888157,attack,no
3604,0,0,0.009708476374026765,-4.637762546539307,-0.012762535363435745,attack,no
3605,0,0,0.0600866447038573,-2.817964792251587,-0.06796469539403915,attack,no
3606,0,0,0.009708475183152569,-4.638737201690674,-0.013737066648900509,attack,no
3607,0,1,0.5621765008857981,-0.6004592776298523,-0.8504592776298523,attack,yes
3608,0,0,0.4073334000459302,-0.9700211882591248,-0.5950211882591248,attack,no
3609,0,0,0.4073334000459302,-0.9268331527709961,-0.5518331527709961,attack,no
3610,0,0,0.01406362443470434,-4.271722793579102,-0.02172260545194149,attack,no
3611,0,0,0.012431649824130815,-4.392665863037109,-0.01766577921807766,attack,no
3612,0,1,0.5926665999540697,-0.5669780969619751,-0.9419780969619751,attack,yes
3613,0,0,0.22270013366638422,-1.5299782752990723,-0.2799782454967499,attack,no
3614,0,0,0.0035936027881762157,-5.629323482513428,-0.0043235402554273605,attack,no
3615,0,0,0.005220125579906697,-5.256986141204834,-0.006986119318753481,attack,no
3616,0,0,0.0066928511843272415,-5.008594036102295,-0.008594075217843056,attack,no
3617,0,0,0.0059110689930580666,-5.1337056159973145,-0.008705639280378819,attack,no
3618,0,0,0.001501182070372853,-6.50436544418335,-0.004365319851785898,attack,no
3619,0,0,0.0040701372760873515,-5.506930351257324,-0.006930242758244276,attack,no
3620,0,0,0.0159063898457867,-4.14749813079834,-0.022498011589050293,attack,no
3621,0,0,0.0675466977093867,-2.7145285606384277,-0.08952866494655609,attack,no
3622,0,0,0.00857748527115405,-4.761656761169434,-0.01165674440562725,attack,no
3623,0,0,0.004070137649830428,-5.5069169998168945,-0.0069169835187494755,attack,no
3624,0,0,0.3486451217982255,-1.1221318244934082,-0.4971317648887634,attack,no
3625,0,0,0.05340333243628599,-2.946499824523926,-0.07149987667798996,attack,no
3626,0,0,0.1329642264548166,-2.042544364929199,-0.16754424571990967,attack,no
3627,0,0,0.20181322226037882,-1.6251964569091797,-0.2501964569091797,attack,no
3628,0,0,0.14804719427274565,-1.940279483795166,-0.19027945399284363,attack,no
3629,0,0,0.020332351190746733,-3.9084224700927734,-0.03342236205935478,attack,no
3630,0,0,0.02033235363947422,-3.920241594314575,-0.04524160921573639,attack,no
3631,0,0,0.04208772596314743,-3.178361654281616,-0.05336160585284233,attack,no
3632,0,0,0.5,-0.7161074876785278,-0.7161074876785278,attack,no
3633,0,0,0.24508500761839525,-1.4327528476715088,-0.3077528178691864,attack,no
3634,0,0,0.053403333942835626,-2.9522058963775635,-0.07720597833395004,attack,no
3635,0,0,0.03732688426527926,-3.3124260902404785,-0.06242600455880165,attack,no
3636,0,0,0.04208772806580895,-3.178147077560425,-0.0531470812857151,attack,no
3637,0,0,0.020332352340906575,-3.905541181564331,-0.030541131272912025,attack,no
3638,0,0,0.04742587553371325,-3.062045097351074,-0.0620451495051384,attack,no
3639,0,0,0.009708476499381951,-4.641768455505371,-0.016768457368016243,attack,no
3640,0,0,0.0052201258338094355,-5.2585954666137695,-0.008595493622124195,attack,no
3641,0,0,0.4073334000459302,-0.9481273889541626,-0.5731273889541626,attack,no
3642,0,0,0.008577486372018168,-4.763967037200928,-0.013967149890959263,attack,no
3643,0,0,0.017986206408961668,-4.02864933013916,-0.02864912897348404,attack,no
3644,0,0,0.2942149783515162,-1.247710943222046,-0.3727109730243683,attack,no
3645,0,0,0.11920291263495983,-2.1508240699768066,-0.15082398056983948,attack,no
3646,0,0,0.18242552158390105,-1.727581262588501,-0.22758124768733978,attack,no
3647,0,0,0.0005527786328073543,-7.5034871101379395,-0.003487102687358856,attack,no
3648,0,0,0.006692852131624588,-5.008741855621338,-0.00874203722923994,attack,no
3649,0,0,0.1329642281726931,-2.039703845977783,-0.16470374166965485,attack,no
3650,0,0,0.00048785718034333474,-7.628748416900635,-0.003748534945771098,attack,no
3651,0,0,0.06008665480259672,-2.824040412902832,-0.0740404948592186,attack,no
3652,0,0,0.0140636273015169,-4.269659996032715,-0.019660014659166336,attack,no
3653,0,0,0.047425867792089564,-3.063563346862793,-0.06356322765350342,attack,no
3654,0,0,0.004070138359564851,-5.5070953369140625,-0.007095495704561472,attack,no
3655,0,0,0.2018132270610754,-1.6188462972640991,-0.2438463270664215,attack,no
3656,0,0,0.002800927222044476,-5.879761219024658,-0.0047613102942705154,attack,no
3657,0,0,0.01590639054554718,-4.14589262008667,-0.020892545580863953,attack,no
3658,0,1,0.6224593312018546,-0.5169312953948975,-1.0169312953948975,attack,yes
3659,0,0,0.26894141551050293,-1.3344266414642334,-0.334426611661911,attack,no
3660,0,0,0.06754669536304464,-2.703360080718994,-0.07836014777421951,attack,no
3661,0,1,0.6224593312018546,-0.5137739181518555,-1.0137739181518555,attack,yes
3662,0,1,0.8519528000888387,-0.1851949840784073,-1.935194969177246,attack,yes
3663,0,0,0.005911068380130158,-5.136883735656738,-0.01188365463167429,attack,no
3664,0,0,0.5,-0.7186383008956909,-0.7186383008956909,attack,no
3665,0,0,0.03732689055684297,-3.295764923095703,-0.04576501250267029,attack,no
3666,0,0,0.20181322946142374,-1.6122169494628906,-0.2372169941663742,attack,no
3667,0,0,0.010986943905708847,-4.5156450271606445,-0.015645144507288933,attack,no
3668,0,0,0.014063624305568652,-4.268010139465332,-0.018009942024946213,attack,no
3669,0,0,0.02931223202330563,-3.5769386291503906,-0.0769386738538742,attack,no
3670,0,0,0.07585817479810981,-2.596623420715332,-0.09662334620952606,attack,no
3671,0,1,0.8175744695262777,-0.24135534465312958,-1.741355299949646,attack,yes
3672,0,0,0.014063626423394072,-4.269984722137451,-0.01998467743396759,attack,no
3673,0,0,0.06754668926255561,-2.7013003826141357,-0.07630035281181335,attack,no
3674,0,0,0.22270014914315833,-1.5160646438598633,-0.26606470346450806,attack,no
3675,0,0,0.11920292515117029,-2.139697313308716,-0.1396973431110382,attack,no
3676,0,0,0.01590639270314218,-4.148634433746338,-0.023634497076272964,attack,no
3677,0,0,0.042087730919421175,-3.210172176361084,-0.08517225086688995,attack,no
3678,0,0,0.00857748414653042,-4.762377738952637,-0.01237758994102478,attack,no
3679,0,0,0.32082129433083023,-1.166075348854065,-0.41607531905174255,attack,no
3680,0,0,0.4073334000459302,-0.922272801399231,-0.547272801399231,attack,no
3681,0,1,0.867035763237924,-0.1686093509197235,-2.043609380722046,attack,yes
3682,0,0,0.11920291263495983,-2.144235610961914,-0.1442355215549469,attack,no
3683,0,0,0.01798620588257211,-4.023771286010742,-0.023771055042743683,attack,no
3684,0,0,0.4378234991142019,-0.8499730229377747,-0.5999730229377747,attack,no
3685,0,0,0.010986944512906835,-4.517611026763916,-0.017611199989914894,attack,no
3686,0,0,0.07585817897661679,-2.596511125564575,-0.096511110663414,attack,no
3687,0,0,0.014063627766405476,-4.2742838859558105,-0.024283938109874725,attack,no
3688,0,0,0.0009110511765987454,-7.0020222663879395,-0.002022246830165386,attack,no
3689,0,0,0.0035936017960803974,-5.63083028793335,-0.005830068606883287,attack,no
3690,0,1,0.7057850402140659,-0.3773333430290222,-1.252333402633667,attack,yes
3691,0,0,0.005911069874142047,-5.133452892303467,-0.008453065529465675,attack,no
3692,0,0,0.0028009270594657083,-5.880360126495361,-0.005360159557312727,attack,no
3693,0,0,0.015906392819768946,-4.148155689239502,-0.023155760020017624,attack,no
3694,0,0,0.0005527786553180704,-7.502326488494873,-0.0023265217896550894,attack,no
3695,0,0,0.0017007227537710467,-6.379886150360107,-0.004886351991444826,attack,no
3696,0,0,0.07585817793199003,-2.625375509262085,-0.12537547945976257,attack,no
3697,0,0,0.053403333942835626,-2.9534008502960205,-0.07840093225240707,attack,no
3698,0,0,0.004070138387878727,-5.509270668029785,-0.009270833805203438,attack,no
3699,0,0,0.02931223202330563,-3.537177085876465,-0.037177130579948425,attack,no
3700,0,0,0.020332355531672935,-3.904602527618408,-0.029602637514472008,attack,no
3701,0,0,0.10669060246682488,-2.3114728927612305,-0.18647298216819763,attack,no
3702,0,0,0.1645164608483867,-1.8288897275924683,-0.20388971269130707,attack,no
3703,0,0,0.033085978269527264,-3.4129014015197754,-0.03790139779448509,attack,no
3704,0,0,0.02931223106934364,-3.5399346351623535,-0.03993464633822441,attack,no
3705,0,0,0.0031726824212906526,-5.7549543380737305,-0.004954204894602299,attack,no
3706,0,0,0.11920292045759123,-2.1480066776275635,-0.14800666272640228,attack,no
3707,0,0,0.020332351524664102,-3.8991634845733643,-0.024163393303751945,attack,no
3708,0,1,0.731058584489497,-0.3690119683742523,-1.3690119981765747,attack,yes
3709,0,1,0.7772998611746911,-0.27624237537384033,-1.5262423753738403,attack,yes
3710,0,0,0.0010322311560780333,-6.8771843910217285,-0.0021845067385584116,attack,no
3711,0,0,0.0066928523978585066,-5.016369819641113,-0.01637004129588604,attack,no
3712,0,0,0.008577484590043946,-4.761845111846924,-0.011845014989376068,attack,no
3713,0,0,0.3486451421018059,-1.1083325147628784,-0.4833325445652008,attack,no
3714,0,0,0.020332352749027827,-3.9044721126556396,-0.02947208285331726,attack,no
3715,0,0,0.05340332866991209,-2.9460442066192627,-0.0710441842675209,attack,no
3716,0,0,0.18242551713899047,-1.7290621995925903,-0.22906215488910675,attack,no
3717,0,0,0.2018132198600306,-1.62230384349823,-0.2473038285970688,attack,no
3718,0,0,0.24508502416032488,-1.4353742599487305,-0.31037431955337524,attack,no
3719,0,0,0.0024726231451491954,-6.005584239959717,-0.005584235303103924,attack,no
3720,0,0,0.22270014914315833,-1.520158052444458,-0.2701581120491028,attack,no
3721,0,0,0.01590639249904534,-4.145630836486816,-0.020630886778235435,attack,no
3722,0,0,0.005220125296986516,-5.260741233825684,-0.010741157457232475,attack,no
3723,0,1,0.5312093733737563,-0.6623990535736084,-0.7873990535736084,attack,yes
3724,0,0,0.2018132174596823,-1.6306465864181519,-0.25564655661582947,attack,no
3725,0,0,0.0031726826451422877,-5.764810085296631,-0.01481002289801836,attack,no
3726,0,0,0.0035936020845384817,-5.630977630615234,-0.005977491848170757,attack,no
3727,0,0,0.03308598017635717,-3.4201762676239014,-0.045176323503255844,attack,no
3728,0,0,0.0009110510553762926,-7.002641201019287,-0.0026410482823848724,attack,no
3729,0,0,0.13296423160844623,-2.0848851203918457,-0.20988504588603973,attack,no
3730,0,0,0.10669059394565118,-2.2634334564208984,-0.13843345642089844,attack,no
3731,0,0,0.14804719239327382,-1.938462495803833,-0.18846245110034943,attack,no
3732,0,0,0.029312232977267646,-3.537769317626953,-0.03776939585804939,attack,no
3733,0,0,0.4378234991142019,-0.8386342525482178,-0.5886342525482178,attack,no
3734,0,0,0.003593601934473579,-5.632176399230957,-0.007176218554377556,attack,no
3735,0,0,0.46879062662624377,-0.7859461307525635,-0.6609461307525635,attack,no
3736,0,0,0.3486451217982255,-1.089489459991455,-0.4644894003868103,attack,no
3737,0,0,0.06754669677084987,-2.7123186588287354,-0.08731874823570251,attack,no
3738,0,0,0.18242552602881168,-1.7219011783599854,-0.22190119326114655,attack,no
3739,0,1,0.7549149868676283,-0.2989107370376587,-1.4239107370376587,attack,yes
3740,0,0,0.02931222852544515,-3.5421228408813477,-0.04212276265025139,attack,no
3741,0,0,0.01798620963309802,-4.0324296951293945,-0.03242967650294304,attack,no
3742,0,0,0.16451646699291617,-1.8775620460510254,-0.2525620758533478,attack,no
3743,0,0,0.37754066879814546,-1.0116865634918213,-0.5116865634918213,attack,no
3744,0,0,0.015906392382418578,-4.149712085723877,-0.024712128564715385,attack,no
3745,0,1,0.5926665999540697,-0.5604551434516907,-0.9354551434516907,attack,yes
3746,0,0,0.02931223350724656,-3.5404295921325684,-0.04042968899011612,attack,no
3747,0,0,0.04208772340991573,-3.185232639312744,-0.06023252755403519,attack,no
3748,0,0,0.06754668973182397,-2.7025303840637207,-0.07753036171197891,attack,no
3749,0,1,0.5312093733737563,-0.6858572363853455,-0.8108572363853455,attack,yes
3750,0,1,0.817574478416099,-0.22112010419368744,-1.7211201190948486,attack,yes
3751,0,0,0.2689414213699951,-1.3596835136413574,-0.3596835136413574,attack,no
3752,0,0,0.06008665143635008,-2.819826602935791,-0.0698266252875328,attack,no
3753,0,0,0.03732689162774753,-3.2982702255249023,-0.048270344734191895,attack,no
3754,0,0,0.00522012547109124,-5.2594828605651855,-0.009482817724347115,attack,no
3755,0,0,0.0031726832518981143,-5.7579665184021,-0.007966647855937481,attack,no
3756,0,0,0.022977372418942873,-3.778712034225464,-0.02871214598417282,attack,no
3757,0,1,0.5312093733737563,-0.6835573315620422,-0.8085573315620422,attack,yes
3758,0,0,0.2942149783515162,-1.2536550760269165,-0.3786551058292389,attack,no
3759,0,0,0.4378234991142019,-0.8434757590293884,-0.5934757590293884,attack,no
3760,0,0,0.022977367819261435,-3.7838990688323975,-0.03389897570014,attack,no
3761,0,0,0.1480472036701053,-1.9374079704284668,-0.18740801513195038,attack,no
3762,0,0,0.13296425050508953,-2.0393593311309814,-0.1643594205379486,attack,no
3763,0,0,0.24508500761839525,-1.4179093837738037,-0.2929093539714813,attack,no
3764,0,0,0.012431649549716164,-4.398102283477783,-0.023102177307009697,attack,no
3765,0,0,0.0008040857599749301,-7.127839088439941,-0.0028388698119670153,attack,no
3766,0,0,0.001700722595648286,-6.380627632141113,-0.005627740640193224,attack,no
3767,0,0,0.008577486934330109,-4.761831760406494,-0.011831939220428467,attack,no
3768,0,1,0.6224593452091672,-0.5070125460624695,-1.0070126056671143,attack,yes
3769,0,0,0.02595736011764511,-3.6573095321655273,-0.032309647649526596,attack,no
3770,0,0,0.04742587418734382,-3.0611562728881836,-0.061156295239925385,attack,no
3771,0,0,0.04208772431105632,-3.1888039112091064,-0.06380382180213928,attack,no
3772,0,0,0.001926734775262112,-6.254538059234619,-0.004538117442280054,attack,no
3773,0,0,0.00757724249345317,-4.88785982131958,-0.012859984301030636,attack,no
3774,0,0,0.042087727615238615,-3.1952476501464844,-0.07024764269590378,attack,no
3775,0,0,0.007577240959711905,-4.88564920425415,-0.010649163275957108,attack,no
3776,0,0,0.00857748383765494,-4.763809680938721,-0.013809495605528355,attack,no
3777,0,0,0.04742587688008271,-3.0593528747558594,-0.05935295671224594,attack,no
3778,0,0,0.26894141551050293,-1.356818437576294,-0.35681840777397156,attack,no
3779,0,1,0.5926666143433998,-0.6286448836326599,-1.0036449432373047,attack,yes
3780,0,0,0.2689414272294874,-1.3457200527191162,-0.3457200825214386,attack,no
3781,0,0,0.11920292358664389,-2.146979570388794,-0.14697958528995514,attack,no
3782,0,0,0.37754066879814546,-1.004185676574707,-0.504185676574707,attack,no
3783,0,0,0.03308597898458846,-3.4225974082946777,-0.04759742692112923,attack,no
3784,0,0,0.0035936022145947348,-5.632966041564941,-0.007965939119458199,attack,no
3785,0,0,0.0420877273148584,-3.1927666664123535,-0.06776665151119232,attack,no
3786,0,0,0.009708478397617834,-4.645230770111084,-0.020230969414114952,attack,no
3787,0,0,0.002182716777998878,-6.129217624664307,-0.0042177774012088776,attack,no
3788,0,0,0.03732688814730781,-3.312655210494995,-0.06265523284673691,attack,no
3789,0,0,0.0052201258531544064,-5.259636402130127,-0.009636432863771915,attack,no
3790,0,0,0.4378234991142019,-0.8609570860862732,-0.6109570860862732,attack,no
3791,0,0,0.10669060246682488,-2.2623629570007324,-0.13736304640769958,attack,no
3792,0,0,0.0010322310929351641,-6.878329277038574,-0.0033293315209448338,attack,no
3793,0,0,0.02595735606753309,-3.6655428409576416,-0.04054279625415802,attack,no
3794,0,0,0.006692850175115181,-5.012908935546875,-0.012908822856843472,attack,no
3795,0,0,0.029312232977267646,-3.5380470752716064,-0.03804715350270271,attack,no
3796,0,0,0.010986940242281688,-4.517498970031738,-0.017498750239610672,attack,no
3797,0,1,0.5621765008857981,-0.6208245158195496,-0.8708245158195496,attack,yes
3798,0,0,0.0066928522864117485,-5.009266376495361,-0.009266581386327744,attack,no
3799,0,0,0.03732689162774753,-3.3039746284484863,-0.05397474765777588,attack,no
3800,0,0,0.14804719239327382,-1.9219284057617188,-0.17192836105823517,attack,no
3801,0,0,0.0017007220983522983,-6.383050441741943,-0.008050257340073586,attack,no
3802,0,0,0.007577241211833736,-4.88736629486084,-0.012366287410259247,attack,no
3803,0,0,0.0008040858316209307,-7.129256248474121,-0.004256119020283222,attack,no
3804,0,0,0.09534946618445303,-2.358914375305176,-0.10891439020633698,attack,no
3805,0,0,0.004609571143120961,-5.380430221557617,-0.005429995711892843,attack,no
3806,0,0,0.00970847520106045,-4.6398468017578125,-0.01484666857868433,attack,no
3807,0,0,0.13296424878721277,-2.045180559158325,-0.17018063366413116,attack,no
3808,0,0,0.32082130731838393,-1.1575922966003418,-0.4075923264026642,attack,no
3809,0,0,0.16451645880021026,-1.8412052392959595,-0.21620520949363708,attack,no
3810,0,1,0.5312093733737563,-0.6674896478652954,-0.7924896478652954,attack,yes
3811,0,1,0.5621765008857981,-0.6117207407951355,-0.8617207407951355,attack,yes
3812,0,0,0.14804719427274565,-1.9531562328338623,-0.20315620303153992,attack,no
3813,0,0,0.07585817688736327,-2.5950372219085693,-0.09503717720508575,attack,no
3814,0,1,0.7310585727705126,-0.343049556016922,-1.3430495262145996,attack,yes
3815,0,0,0.2689414272294874,-1.367387294769287,-0.3673873245716095,attack,no
3816,0,1,0.7549149813536518,-0.32683065533638,-1.4518306255340576,attack,yes
3817,0,0,0.00522012632710622,-5.258144378662109,-0.00814450066536665,attack,no
3818,0,0,0.24508501864634827,-1.4382801055908203,-0.3132801353931427,attack,no
3819,0,0,0.053403330929736405,-2.9572455883026123,-0.0822456106543541,attack,no
3820,0,1,0.6791786926816161,-0.4496000111103058,-1.1995999813079834,attack,yes
3821,0,0,0.009708478684144034,-4.644137859344482,-0.019138088449835777,attack,no
3822,0,0,0.004609573149392922,-5.383249282836914,-0.0082494942471385,attack,no
3823,0,0,0.005911069209224622,-5.13253116607666,-0.007531226146966219,attack,no
3824,0,1,0.5926665999540697,-0.5702955722808838,-0.9452955722808838,attack,yes
3825,0,0,0.24508502416032488,-1.478581428527832,-0.3535814881324768,attack,no
3826,0,0,0.005220126612444577,-5.273985862731934,-0.02398603968322277,attack,no
3827,0,0,0.32082130082460697,-1.1694185733795166,-0.4194185733795166,attack,no
3828,0,0,0.32082130082460697,-1.1857918500900269,-0.43579185009002686,attack,no
3829,0,0,0.015906390895427426,-4.148634433746338,-0.023634381592273712,attack,no
3830,0,1,0.7057850402140659,-0.4049634337425232,-1.279963493347168,attack,yes
3831,0,0,0.32082129433083023,-1.15727961063385,-0.4072795808315277,attack,no
3832,0,1,0.6513548511303336,-0.476166307926178,-1.1011662483215332,attack,yes
3833,0,0,0.13296422989056964,-2.054581880569458,-0.17958179116249084,attack,no
3834,0,0,0.37754066879814546,-0.998870313167572,-0.498870313167572,attack,no
3835,0,0,0.46879062662624377,-0.7830607295036316,-0.6580607295036316,attack,no
3836,0,0,0.001325022681560452,-6.630053997039795,-0.005054196808487177,attack,no
3837,0,0,0.0017007228023937985,-6.3784871101379395,-0.003487340407446027,attack,no
3838,0,0,0.020332354678328394,-3.9000751972198486,-0.025075264275074005,attack,no
3839,0,0,0.0010322312076967315,-6.878437042236328,-0.0034372080117464066,attack,no
3840,0,0,0.0059110689656952115,-5.134526252746582,-0.009526271373033524,attack,no
3841,0,0,0.007577241071766051,-4.888388633728027,-0.013388607650995255,attack,no
3842,0,1,0.8519527944504226,-0.20594936609268188,-1.955949306488037,attack,yes
3843,0,0,0.0007096705338350569,-7.25246000289917,-0.0024601928889751434,attack,no
3844,0,0,0.002800927501679977,-5.880032062530518,-0.005032253917306662,attack,no
3845,0,0,0.07585817949893016,-2.621100664138794,-0.12110065668821335,attack,no
3846,0,0,0.4378234991142019,-0.8574443459510803,-0.6074443459510803,attack,no
3847,0,0,0.01590638827132573,-4.146174430847168,-0.02117421105504036,attack,no
3848,0,0,0.16451645675203383,-1.8220486640930176,-0.197048619389534,attack,no
3849,0,0,0.07585818837825822,-2.5922064781188965,-0.09220659732818604,attack,no
3850,0,1,0.7772998508568416,-0.3152206540107727,-1.565220594406128,attack,yes
3851,0,0,0.32082130731838393,-1.175301432609558,-0.4253014624118805,attack,no
3852,0,0,0.03732688573777281,-3.2929694652557373,-0.04296942055225372,attack,no
3853,0,0,0.0600866447038573,-2.835845947265625,-0.08584585040807724,attack,no
3854,0,0,0.03308598220236406,-3.4215340614318848,-0.046534180641174316,attack,no
3855,0,0,0.18242551936144574,-1.7522010803222656,-0.25220105051994324,attack,no
3856,0,0,0.0474258704848281,-3.070563793182373,-0.07056373357772827,attack,no
3857,0,0,0.16451646904109268,-1.8181822299957275,-0.19318227469921112,attack,no
3858,0,0,0.4073334000459302,-0.9527473449707031,-0.5777473449707031,attack,no
3859,0,0,0.10669060388702058,-2.265023946762085,-0.14002405107021332,attack,no
3860,0,0,0.4378234991142019,-0.8863077759742737,-0.6363077759742737,attack,no
3861,0,0,0.2942149783515162,-1.238746166229248,-0.36374619603157043,attack,no
3862,0,0,0.00591107020796893,-5.135409355163574,-0.010409585200250149,attack,no
3863,0,0,0.3486451217982255,-1.077610731124878,-0.45261067152023315,attack,no
3864,0,1,0.5312093733737563,-0.6641928553581238,-0.7891928553581238,attack,yes
3865,0,0,0.0005527787142318342,-7.501748085021973,-0.0017482249531894922,attack,no
3866,0,0,0.0534033354493853,-2.946197509765625,-0.07119762152433395,attack,no
3867,0,0,0.006692850230838542,-5.009248733520508,-0.009248629212379456,attack,no
3868,0,0,0.0850990542883219,-2.4864635467529297,-0.11146366596221924,attack,no
3869,0,0,0.006692852007794862,-5.01237154006958,-0.012371703051030636,attack,no
3870,0,0,0.32082129433083023,-1.1880040168762207,-0.4380039870738983,attack,no
3871,0,0,0.012431651516354645,-4.3916521072387695,-0.01665216125547886,attack,no
3872,0,0,0.007577241435942037,-4.891244411468506,-0.01624443382024765,attack,no
3873,0,0,0.017986210159487682,-4.025086879730225,-0.025086890906095505,attack,no
3874,0,0,0.2689414213699951,-1.3542206287384033,-0.3542206287384033,attack,no
3875,0,0,0.001926734611389806,-6.25458288192749,-0.0045828549191355705,attack,no
3876,0,0,0.09534947196849917,-2.3602733612060547,-0.11027344316244125,attack,no
3877,0,0,0.0028009267056943446,-5.8798980712890625,-0.004897977691143751,attack,no
3878,0,0,0.02931222905542399,-3.5400590896606445,-0.040059030055999756,attack,no
3879,0,1,0.6513548646660542,-0.45193934440612793,-1.076939344406128,attack,yes
3880,0,0,0.03308597791199666,-3.4194416999816895,-0.04444168508052826,attack,no
3881,0,0,0.020332351079440945,-3.9011664390563965,-0.02616632543504238,attack,no
3882,0,0,0.020332352897435558,-3.8980066776275635,-0.023006655275821686,attack,no
3883,0,0,0.4073334000459302,-0.9321187734603882,-0.5571187734603882,attack,no
3884,0,0,0.11920291576401235,-2.138957977294922,-0.1389579176902771,attack,no
3885,0,1,0.7310585786300049,-0.362249493598938,-1.362249493598938,attack,yes
3886,0,0,0.047425868128681874,-3.06851863861084,-0.06851852685213089,attack,no
3887,0,0,0.060086655644158424,-2.8411476612091064,-0.0911477580666542,attack,no
3888,0,1,0.679178699175393,-0.4489705562591553,-1.1989705562591553,attack,yes
3889,0,0,0.001926734533483305,-6.255721569061279,-0.005721501540392637,attack,no
3890,0,0,0.16451646494473965,-1.826606273651123,-0.20160628855228424,attack,no
3891,0,1,0.8354835309589073,-0.21490256488323212,-1.8399025201797485,attack,yes
3892,0,0,0.008577484114850882,-4.762185096740723,-0.01218494400382042,attack,no
3893,0,0,0.014063624124778693,-4.267552375793457,-0.017552165314555168,attack,no
3894,0,0,0.14804719427274565,-1.938401460647583,-0.18840143084526062,attack,no
3895,0,0,0.05340332603345051,-2.9492857456207275,-0.07428567111492157,attack,no
3896,0,1,0.6791787056691698,-0.40971216559410095,-1.1597121953964233,attack,yes
3897,0,0,0.003172683092845605,-5.7556328773498535,-0.005632956512272358,attack,no
3898,0,0,0.18242552158390105,-1.74728262424469,-0.24728260934352875,attack,no
3899,0,0,0.2018132174596823,-1.6189544200897217,-0.2439543902873993,attack,no
3900,0,0,0.0850990490675896,-2.4956343173980713,-0.12063436955213547,attack,no
3901,0,1,0.8175744739711884,-0.227152481675148,-1.7271524667739868,attack,yes
3902,0,0,0.009708476185993988,-4.640310764312744,-0.015310733579099178,attack,no
3903,0,0,0.005911067904016558,-5.132465839385986,-0.007465677335858345,attack,no
3904,0,0,0.3775406828054583,-1.001359224319458,-0.5013592839241028,attack,no
3905,0,0,0.1480472036701053,-1.9357271194458008,-0.18572716414928436,attack,no
3906,0,0,0.29421497216298875,-1.3026100397109985,-0.42761003971099854,attack,no
3907,0,0,0.015906391361934443,-4.149111747741699,-0.024111725389957428,attack,no
3908,0,0,0.29421496597446145,-1.2443777322769165,-0.3693777024745941,attack,no
3909,0,0,0.1329642281726931,-2.060753107070923,-0.1857530027627945,attack,no
3910,0,0,0.46879062662624377,-0.7875555157661438,-0.6625555157661438,attack,no
3911,0,0,0.004609572134505507,-5.380875587463379,-0.005875577684491873,attack,no
3912,0,0,0.002472622698360218,-6.003951072692871,-0.003950886894017458,attack,no
3913,0,0,0.24508500761839525,-1.4490760564804077,-0.3240760266780853,attack,no
3914,0,0,0.000709670374002994,-7.254453182220459,-0.004453146830201149,attack,no
3915,0,0,0.005220124914923391,-5.257821559906006,-0.007821409963071346,attack,no
3916,0,0,0.003172682365327746,-5.760814189910889,-0.010814039036631584,attack,no
3917,0,0,0.04208772521219692,-3.1969120502471924,-0.07191198319196701,attack,no
3918,0,0,0.0758581784543034,-2.596714496612549,-0.09671447426080704,attack,no
3919,0,0,0.5,-0.7308467626571655,-0.7308467626571655,attack,no
3920,0,0,0.0035936021762448126,-5.629853248596191,-0.0048531354404985905,attack,no
3921,0,0,0.004609571196536072,-5.38715124130249,-0.012151027098298073,attack,no
3922,0,0,0.3486451488696663,-1.0769052505493164,-0.4519053101539612,attack,no
3923,0,0,0.0008040858714658374,-7.126804828643799,-0.0018047487828880548,attack,no
3924,0,0,0.2689414272294874,-1.3574788570404053,-0.35747888684272766,attack,no
3925,0,0,0.2018132270610754,-1.6364989280700684,-0.26149895787239075,attack,no
3926,0,0,0.16451646494473965,-1.8460674285888672,-0.22106744349002838,attack,no
3927,0,0,0.009708477126157909,-4.642922878265381,-0.01792294532060623,attack,no
3928,0,0,0.0017007220169191059,-6.378046035766602,-0.003045803401619196,attack,no
3929,0,0,0.020332351116542875,-3.900353193283081,-0.0253530815243721,attack,no
3930,0,1,0.5926665999540697,-0.5434737205505371,-0.9184737205505371,attack,yes
3931,0,0,0.02595735653847632,-3.6584970951080322,-0.03349706903100014,attack,no
3932,0,1,0.6224593312018546,-0.5362601280212402,-1.0362601280212402,attack,yes
3933,0,0,0.0019267343140914512,-6.258325576782227,-0.008325395174324512,attack,no
3934,0,0,0.2018132174596823,-1.6410348415374756,-0.2660348117351532,attack,no
3935,0,0,0.02297737233531229,-3.78234601020813,-0.03234611824154854,attack,no
3936,0,0,0.08509904442693891,-2.4960691928863525,-0.12106918543577194,attack,no
3937,0,0,0.03732688948593843,-3.3024046421051025,-0.052404701709747314,attack,no
3938,0,0,0.0675466977093867,-2.7136611938476562,-0.0886612981557846,attack,no
3939,0,0,0.015906394394230357,-4.14461612701416,-0.019616298377513885,attack,no
3940,0,0,0.02033235278612976,-3.9037251472473145,-0.028725119307637215,attack,no
3941,0,0,0.0015011820745608106,-6.50300931930542,-0.0030091977678239346,attack,no
3942,0,0,0.3208212878370535,-1.1517341136932373,-0.40173405408859253,attack,no
3943,0,0,0.02595735813968335,-3.66593074798584,-0.04093078523874283,attack,no
3944,0,0,0.014063625312827045,-4.270576477050781,-0.02057635225355625,attack,no
3945,0,0,0.007577241940185738,-4.8871846199035645,-0.012184709310531616,attack,no
3946,0,0,0.0002959570368068652,-8.126557350158691,-0.0015570909017696977,attack,no
3947,0,0,0.022977371499006513,-3.7819788455963135,-0.03197891637682915,attack,no
3948,0,0,0.2942149783515162,-1.238383173942566,-0.3633832037448883,attack,no
3949,0,0,0.008577486474976689,-4.767893314361572,-0.017893439158797264,attack,no
3950,0,0,0.3775406547908327,-1.0146079063415527,-0.514607846736908,attack,no
3951,0,0,0.0007096702977195219,-7.254633903503418,-0.004633760545402765,attack,no
3952,0,0,0.03308597505175204,-3.4213333129882812,-0.04633320868015289,attack,no
3953,0,0,0.004609571628130185,-5.383188724517822,-0.00818860437721014,attack,no
3954,0,0,0.005911069611458611,-5.135036468505859,-0.010036597028374672,attack,no
3955,0,0,0.0035936025330658363,-5.6303019523620605,-0.005301938857883215,attack,no
3956,0,0,0.0028009267486151326,-5.880108833312988,-0.0051087550818920135,attack,no
3957,0,0,0.0008040858569682772,-7.126814842224121,-0.0018147443188354373,attack,no
3958,0,0,0.020332354418614845,-3.903566360473633,-0.02856641449034214,attack,no
3959,0,0,0.22270012850745968,-1.5302889347076416,-0.2802888751029968,attack,no
3960,0,0,0.3486451217982255,-1.0709559917449951,-0.44595593214035034,attack,no
3961,0,0,0.13296424019782924,-2.0340700149536133,-0.15907001495361328,attack,no
3962,0,0,0.5,-0.7313032150268555,-0.7313032150268555,attack,no
3963,0,0,0.025957358328060655,-3.658536911010742,-0.03353695571422577,attack,no
3964,0,0,0.22270013882530884,-1.5208207368850708,-0.2708207368850708,attack,no
3965,0,0,0.0010322310914946424,-6.878920555114746,-0.003920608200132847,attack,no
3966,0,0,0.00359360272148069,-5.633212566375732,-0.008212605491280556,attack,no
3967,0,0,0.005911069901504904,-5.133034706115723,-0.008034883998334408,attack,no
3968,0,0,0.05340332603345051,-2.9550869464874268,-0.08008687198162079,attack,no
3969,0,0,0.02297736857193652,-3.784855842590332,-0.034855782985687256,attack,no
3970,0,0,0.4378234991142019,-0.8731660842895508,-0.6231660842895508,attack,no
3971,0,0,0.002800926368831212,-5.88131856918335,-0.006318354979157448,attack,no
3972,0,0,0.01243165002994181,-4.398759365081787,-0.023759298026561737,attack,no
3973,0,0,0.10669059820623795,-2.254140615463257,-0.12914066016674042,attack,no
3974,0,0,0.015906393694469712,-4.165101051330566,-0.040101177990436554,attack,no
3975,0,0,0.0066928510914549605,-5.010451793670654,-0.010451818816363811,attack,no
3976,0,0,0.0009110509841687055,-7.002067565917969,-0.0020673349499702454,attack,no
3977,0,0,0.004070137172269837,-5.505119800567627,-0.0051196664571762085,attack,no
3978,0,0,0.0024726228338900276,-6.006435871124268,-0.006435740273445845,attack,no
3979,0,0,0.24508500761839525,-1.4449737071990967,-0.3199736773967743,attack,no
3980,0,0,0.014063624744629993,-4.270272254943848,-0.020272089168429375,attack,no
3981,0,0,0.0005527786707539905,-7.503602027893066,-0.0036020891275256872,attack,no
3982,0,0,0.007577240140316014,-4.885725975036621,-0.01072582509368658,attack,no
3983,0,0,0.006692851685837586,-5.01028299331665,-0.010283107869327068,attack,no
3984,0,0,0.10669060388702058,-2.2531118392944336,-0.12811194360256195,attack,no
3985,0,0,0.060086647228542,-2.836867094039917,-0.08686704188585281,attack,no
3986,0,0,0.01798620854741939,-4.028624534606934,-0.028624454513192177,attack,no
3987,0,0,0.010986943217551169,-4.51651668548584,-0.01651673950254917,attack,no
3988,0,0,0.015906393402902782,-4.165220737457275,-0.040220845490694046,attack,no
3989,0,0,0.004609571525573164,-5.383832931518555,-0.008832789026200771,attack,no
3990,0,0,0.3775406828054583,-1.0380988121032715,-0.5380988717079163,attack,no
3991,0,0,0.009708478030506148,-4.637739658355713,-0.012739819474518299,attack,no
3992,0,0,0.0052201247021287514,-5.257917404174805,-0.007917213253676891,attack,no
3993,0,0,0.02595735653847632,-3.683476686477661,-0.058476660400629044,attack,no
3994,0,0,0.3775406828054583,-1.0070559978485107,-0.5070560574531555,attack,no
3995,0,0,0.22270013882530884,-1.6226730346679688,-0.37267303466796875,attack,no
3996,0,0,0.37754066879814546,-1.0233925580978394,-0.5233925580978394,attack,no
3997,0,0,0.006692849605498626,-5.012217998504639,-0.012217800132930279,attack,no
3998,0,1,0.7981867777396212,-0.2674257755279541,-1.642425775527954,attack,yes
3999,0,1,0.7772998663336157,-0.3012336194515228,-1.5512336492538452,attack,yes
4000,0,0,0.22270012850745968,-1.5293574333190918,-0.279357373714447,attack,no
4001,0,0,0.2942149845400438,-1.2576754093170166,-0.3826754689216614,attack,no
4002,0,0,0.014063626810801194,-4.272556304931641,-0.022556288167834282,attack,no
4003,0,0,0.08509904732734556,-2.4852073192596436,-0.11020734906196594,attack,no
4004,0,0,0.02931223350724656,-3.5438315868377686,-0.043831683695316315,attack,no
4005,0,0,0.06754668832401889,-2.7054460048675537,-0.08044596016407013,attack,no
4006,0,0,0.005911070197023786,-5.135811805725098,-0.010812033899128437,attack,no
4007,0,0,0.37754066879814546,-1.0213717222213745,-0.5213717222213745,attack,no
4008,0,0,0.00460957249559174,-5.381677150726318,-0.006677219644188881,attack,no
4009,0,0,0.04742587317756679,-3.0810153484344482,-0.08101534843444824,attack,no
4010,0,0,0.22270013366638422,-1.5626554489135742,-0.31265541911125183,attack,no
4011,0,0,0.13296424535145931,-2.0479400157928467,-0.17294006049633026,attack,no
4012,0,0,0.029312228101462088,-3.538703680038452,-0.03870358690619469,attack,no
4013,0,0,0.0011695100091229534,-6.752575397491455,-0.0025751783978194,attack,no
4014,0,0,0.1480471980316895,-1.9201791286468506,-0.17017912864685059,attack,no
4015,0,1,0.7772998663336157,-0.2865384519100189,-1.5365384817123413,attack,yes
4016,0,0,0.012431653254314487,-4.392596244812012,-0.017596440389752388,attack,no
4017,0,0,0.01798621134386448,-4.026820659637451,-0.02682073786854744,attack,no
4018,0,0,0.006692851419603695,-5.016848564147949,-0.016848638653755188,attack,no
4019,0,1,0.7981867705385763,-0.24285845458507538,-1.6178584098815918,attack,yes
4020,0,0,0.010986940100602208,-4.530811309814453,-0.03081107698380947,attack,no
4021,0,0,0.08509905370824052,-2.4924187660217285,-0.11741887778043747,attack,no
4022,0,0,0.18242552380635632,-1.7241698503494263,-0.22416985034942627,attack,no
4023,0,0,0.06008665311947337,-2.836365222930908,-0.08636527508497238,attack,no
4024,0,1,0.5312093733737563,-0.675268828868866,-0.800268828868866,attack,yes
4025,0,0,0.002800926355824914,-5.8794941902160645,-0.0044939713552594185,attack,no
4026,0,0,0.03732688573777281,-3.3144476413726807,-0.06444759666919708,attack,no
4027,0,0,0.0024726225938414715,-6.004949569702148,-0.004949341528117657,attack,no
4028,0,0,0.4073334000459302,-0.9302964806556702,-0.5552964806556702,attack,no
4029,0,0,0.3486451488696663,-1.1423356533050537,-0.5173357129096985,attack,no
4030,0,0,0.0052201248036898296,-5.259281635284424,-0.009281463921070099,attack,no
4031,0,0,0.1645164608483867,-1.814725637435913,-0.1897256225347519,attack,no
4032,0,0,0.00407013714584356,-5.509860992431641,-0.009860851801931858,attack,no
4033,0,0,0.012431652568277681,-4.406026840209961,-0.03102697990834713,attack,no
4034,0,0,0.008577487251125584,-4.763038635253906,-0.01303885132074356,attack,no
4035,0,0,0.010986944492666904,-4.521004676818848,-0.021004848182201385,attack,no
4036,0,0,0.037326888281170874,-3.298267364501953,-0.048267390578985214,attack,no
4037,0,0,0.0015011821290042647,-6.504847526550293,-0.0048474413342773914,attack,no
4038,0,1,0.6224593312018546,-0.4823485016822815,-0.9823485016822815,attack,yes
4039,0,0,0.01798621062007865,-4.033554553985596,-0.03355459123849869,attack,no
4040,0,1,0.8670357580842941,-0.1774919182062149,-2.0524919033050537,attack,yes
4041,0,0,0.0010322312004941224,-6.876992702484131,-0.0019928612746298313,attack,no
4042,0,0,0.005911068801518089,-5.13350248336792,-0.008502474054694176,attack,no
4043,0,0,0.09534946875514017,-2.3673131465911865,-0.1173131912946701,attack,no
4044,0,0,0.0953494648991095,-2.380659580230713,-0.1306595802307129,attack,no
4045,0,1,0.5926665999540697,-0.5742576122283936,-0.9492576122283936,attack,yes
4046,0,0,0.24508500761839525,-1.4589868783950806,-0.3339868485927582,attack,no
4047,0,0,0.02931223106934364,-3.541781187057495,-0.04178119823336601,attack,no
4048,0,0,0.37754066879814546,-1.0011088848114014,-0.5011088848114014,attack,no
4049,0,0,0.03308597958047282,-3.417651414871216,-0.042651452124118805,attack,no
4050,0,0,0.012431648909415328,-4.3930864334106445,-0.018086275085806847,attack,no
4051,0,1,0.651354857898194,-0.4414086639881134,-1.066408634185791,attack,yes
4052,0,0,0.11920292984474948,-2.16935658454895,-0.16935665905475616,attack,no
4053,0,0,0.0006263342942291444,-7.377137184143066,-0.002137401606887579,attack,no
4054,0,0,0.015906388533735886,-4.150633811950684,-0.025633608922362328,attack,no
4055,0,0,0.005911069233851191,-5.13821268081665,-0.013212745077908039,attack,no
4056,0,0,0.0534033271633626,-2.9583005905151367,-0.08330053836107254,attack,no
4057,0,0,0.03732689109229525,-3.328145742416382,-0.07814584672451019,attack,no
4058,0,0,0.009708476275533406,-4.636211395263672,-0.011211373843252659,attack,no
4059,0,0,0.03732688948593843,-3.3123106956481934,-0.062310755252838135,attack,no
4060,0,0,0.4073334000459302,-0.981246829032898,-0.606246829032898,attack,no
4061,0,0,0.02931223350724656,-3.5465445518493652,-0.046544648706912994,attack,no
4062,0,0,0.012431653551597116,-4.392520904541016,-0.017521124333143234,attack,no
4063,0,0,0.2018132270610754,-1.6493593454360962,-0.2743593752384186,attack,no
4064,0,0,0.0600866518571309,-2.828608751296997,-0.07860878109931946,attack,no
4065,0,0,0.03308597672022805,-3.43043851852417,-0.05543846637010574,attack,no
4066,0,0,0.11920291732853862,-2.1384716033935547,-0.1384715586900711,attack,no
4067,0,0,0.46879062662624377,-0.7953867316246033,-0.6703867316246033,attack,no
4068,0,1,0.754914997895581,-0.32135719060897827,-1.446357250213623,attack,yes
4069,0,0,0.04208772671409796,-3.1752285957336426,-0.05022856593132019,attack,no
4070,0,1,0.5312093733737563,-0.6838220953941345,-0.8088220953941345,attack,yes
4071,0,0,0.14804719239327382,-1.9462790489196777,-0.19627900421619415,attack,no
4072,0,1,0.7772998560157665,-0.27553728222846985,-1.5255372524261475,attack,yes
4073,0,0,0.010986941476917226,-4.521456718444824,-0.021456612274050713,attack,no
4074,0,0,0.009708476517289835,-4.642913341522217,-0.017913345247507095,attack,no
4075,0,0,0.0850990542883219,-2.483332633972168,-0.10833275318145752,attack,no
4076,0,0,0.20181322226037882,-1.7010166645050049,-0.3260166645050049,attack,no
4077,0,0,0.014063628489565516,-4.271069526672363,-0.021069630980491638,attack,no
4078,0,0,0.0024726231508919844,-6.004418849945068,-0.004418847616761923,attack,no
4079,0,0,0.047425875197120895,-3.0690736770629883,-0.06907372176647186,attack,no
4080,0,0,0.1329642436335826,-2.043933868408203,-0.1689338982105255,attack,no
4081,0,0,0.5,-0.7181261777877808,-0.7181261777877808,attack,no
4082,0,0,0.24508501864634827,-1.4235843420028687,-0.29858437180519104,attack,no
4083,0,1,0.8354835452961425,-0.22273606061935425,-1.847736120223999,attack,yes
4084,0,0,0.025957359269947192,-3.660388708114624,-0.03538879007101059,attack,no
4085,0,0,0.006692850057476976,-5.0120954513549805,-0.012095320969820023,attack,no
4086,0,0,0.08509903804604459,-2.4883999824523926,-0.11339989304542542,attack,no
4087,0,0,0.017986207034049285,-4.023931503295898,-0.023931337520480156,attack,no
4088,0,0,0.4073334000459302,-0.9550995826721191,-0.5800995826721191,attack,no
4089,0,0,0.004070137496935529,-5.5133376121521,-0.013337558135390282,attack,no
4090,0,0,0.0017007226296446782,-6.382116317749023,-0.0071164462715387344,attack,no
4091,0,0,0.022977367902892003,-3.7844884395599365,-0.03448835015296936,attack,no
4092,0,0,0.09534946297109421,-2.3640506267547607,-0.11405060440301895,attack,no
4093,0,0,0.060086648911665194,-2.84671688079834,-0.09671685844659805,attack,no
4094,0,0,0.06008665480259672,-2.8327715396881104,-0.08277162164449692,attack,no
4095,0,0,0.022977369408242194,-3.789360761642456,-0.039360739290714264,attack,no
4096,0,0,0.18242551713899047,-1.7355395555496216,-0.235539510846138,attack,no
4097,0,0,0.0040701379593954265,-5.505699157714844,-0.005699217785149813,attack,no
4098,0,0,0.007577240413447968,-4.898567199707031,-0.023567086085677147,attack,no
4099,0,1,0.7772998663336157,-0.2946488559246063,-1.5446488857269287,attack,yes
4100,0,0,0.04208772506200682,-3.1793594360351562,-0.05435936525464058,attack,no
4101,0,0,0.09534945525903342,-2.3622584342956543,-0.11225832253694534,attack,no
4102,0,0,0.06754669536304464,-2.739988088607788,-0.11498815566301346,attack,no
4103,0,0,0.0013250225182689958,-6.630921363830566,-0.005921440199017525,attack,no
4104,0,1,0.5621765008857981,-0.6170604228973389,-0.8670604228973389,attack,yes
4105,0,0,0.037326888415033926,-3.3354485034942627,-0.08544853329658508,attack,no
4106,0,1,0.651354857898194,-0.46250632405281067,-1.0875062942504883,attack,yes
4107,0,0,0.11920291263495983,-2.153862953186035,-0.153862863779068,attack,no
4108,0,0,0.1480472036701053,-1.9468882083892822,-0.1968882530927658,attack,no
4109,0,0,0.04208773001828046,-3.1781089305877686,-0.05310898274183273,attack,no
4110,0,0,0.2018132270610754,-1.6205507516860962,-0.24555078148841858,attack,no
4111,0,0,0.006692850930476342,-5.011542797088623,-0.011542798019945621,attack,no
4112,0,0,0.01098694516058473,-4.522597312927246,-0.022597545757889748,attack,no
4113,0,0,0.012431651333411519,-4.394331932067871,-0.019331971183419228,attack,no
4114,0,0,0.012431653505861328,-4.394673824310303,-0.019674040377140045,attack,no
4115,0,0,0.025957357480362795,-3.6652464866638184,-0.040246497839689255,attack,no
4116,0,0,0.02931223287127187,-3.540020704269409,-0.04002077877521515,attack,no
4117,0,1,0.5312093733737563,-0.6835768222808838,-0.8085768222808838,attack,yes
4118,0,0,0.24508500761839525,-1.4162471294403076,-0.29124709963798523,attack,no
4119,0,0,0.014063629548478496,-4.271705627441406,-0.021705808117985725,attack,no
4120,0,0,0.008577484178209957,-4.761606693267822,-0.011606547981500626,attack,no
4121,0,0,0.10669059536584675,-2.2461347579956055,-0.12113477289676666,attack,no
4122,0,0,0.13296425050508953,-2.0625903606414795,-0.18759045004844666,attack,no
4123,0,0,0.015906393140492556,-4.149561882019043,-0.02456197328865528,attack,no
4124,0,0,0.005220125500108696,-5.265835285186768,-0.015835247933864594,attack,no
4125,0,0,0.003593602331311889,-5.636394023895264,-0.011393954046070576,attack,no
4126,0,0,0.4378234991142019,-0.8690722584724426,-0.6190722584724426,attack,no
4127,0,0,0.005220125442073787,-5.259570598602295,-0.009570550173521042,attack,no
4128,0,0,0.007577242584497182,-4.888688564300537,-0.013688739389181137,attack,no
4129,0,0,0.11920292358664389,-2.183346748352051,-0.18334676325321198,attack,no
4130,0,0,0.09534945847239201,-2.3669025897979736,-0.11690251529216766,attack,no
4131,0,1,0.8175744739711884,-0.21889449656009674,-1.7188944816589355,attack,yes
4132,0,0,0.015906388213012365,-4.148521900177002,-0.023521676659584045,attack,no
4133,0,1,0.754914975839675,-0.31376200914382935,-1.4387619495391846,attack,yes
4134,0,0,0.0031726822858015127,-5.756350040435791,-0.006349864415824413,attack,no
4135,0,0,0.0024726227867991613,-6.004860877990723,-0.004860728047788143,attack,no
4136,0,0,0.014063627456479755,-4.267905235290527,-0.01790526509284973,attack,no
4137,0,1,0.7310585727705126,-0.3917997181415558,-1.3917996883392334,attack,yes
4138,0,0,0.005911068588087834,-5.135217666625977,-0.010217620991170406,attack,no
4139,0,0,0.0028009268812793906,-5.879885196685791,-0.004885165952146053,attack,no
4140,0,0,0.010986943136591442,-4.5174970626831055,-0.0174971092492342,attack,no
4141,0,0,0.0075772408476577615,-4.885870933532715,-0.010870877653360367,attack,no
4142,0,1,0.6513548511303336,-0.4642649292945862,-1.0892648696899414,attack,yes
4143,0,0,0.01098694441170717,-4.514520168304443,-0.014520332217216492,attack,no
4144,0,1,0.7549149868676283,-0.3315826654434204,-1.4565826654434204,attack,yes
4145,0,0,0.0019267348486912371,-6.254087924957275,-0.004088021349161863,attack,no
4146,0,0,0.015906393461216167,-4.146659851074219,-0.021659962832927704,attack,no
4147,0,0,0.033085978388704126,-3.4285213947296143,-0.05352139472961426,attack,no
4148,0,0,0.18242552825126704,-1.758489727973938,-0.2584897577762604,attack,no
4149,0,0,0.0028009267017924545,-5.879439830780029,-0.004439735785126686,attack,no
4150,0,0,0.0021827165305369762,-6.13275146484375,-0.007751503959298134,attack,no
4151,0,0,0.01798620831712393,-4.03749418258667,-0.03749408945441246,attack,no
4152,0,0,0.22270014398423357,-1.6030876636505127,-0.3530876934528351,attack,no
4153,0,0,0.017986212725637506,-4.028751373291016,-0.02875152975320816,attack,no
4154,0,0,0.2689414272294874,-1.3392544984817505,-0.3392545282840729,attack,no
4155,0,0,0.020332351747275684,-3.900848388671875,-0.025848308578133583,attack,no
4156,0,0,0.0010322309445614404,-6.880807876586914,-0.005807787179946899,attack,no
4157,0,0,0.004070137844252345,-5.505599021911621,-0.005599053576588631,attack,no
4158,0,0,0.003593601784408683,-5.6322808265686035,-0.0072806039825081825,attack,no
4159,0,0,0.0040701375422377215,-5.50921630859375,-0.009216265752911568,attack,no
4160,0,0,0.012431651539222537,-4.394861221313477,-0.01986127719283104,attack,no
4161,0,0,0.07585817479810981,-2.6017842292785645,-0.10178415477275848,attack,no
4162,0,0,0.015906393519529553,-4.147037506103516,-0.022037621587514877,attack,no
4163,0,0,0.00857748705312841,-4.76297664642334,-0.01297683920711279,attack,no
4164,0,0,0.0019267345630340465,-6.25931978225708,-0.0093197301030159,attack,no
4165,0,0,0.11920291576401235,-2.1524503231048584,-0.15245026350021362,attack,no
4166,0,0,0.34864513533394575,-1.140320062637329,-0.5153200626373291,attack,no
4167,0,0,0.1480471961522176,-1.9461920261383057,-0.19619201123714447,attack,no
4168,0,1,0.8175744850834649,-0.2209905982017517,-1.7209906578063965,attack,yes
4169,0,0,0.014063626035986961,-4.269730567932129,-0.019730495288968086,attack,no
4170,0,0,0.002182715953464045,-6.130430221557617,-0.005429995711892843,attack,no
4171,0,0,0.01798621256114071,-4.024840831756592,-0.024840978905558586,attack,no
4172,0,0,0.2942149783515162,-1.2526566982269287,-0.3776567280292511,attack,no
4173,0,0,0.060086649753226806,-2.830767869949341,-0.08076786249876022,attack,no
4174,0,0,0.06754669301670263,-2.739008665084839,-0.11400869488716125,attack,no
4175,0,0,0.0028009265366124576,-5.881252288818359,-0.006252134684473276,attack,no
4176,0,0,0.022977371457191226,-3.7800371646881104,-0.030037233605980873,attack,no
4177,0,0,0.0031726833918054214,-5.7548675537109375,-0.004867727402597666,attack,no
4178,0,0,0.029312232977267646,-3.536229133605957,-0.0362292118370533,attack,no
4179,0,0,0.025957357291985502,-3.6592743396759033,-0.03427434340119362,attack,no
4180,0,0,0.06754669630158146,-2.7166907787323,-0.09169086068868637,attack,no
4181,0,0,0.004070137999034849,-5.507498264312744,-0.007498334161937237,attack,no
4182,0,0,0.0015011819796337674,-6.502910137176514,-0.0029099523089826107,attack,no
4183,0,1,0.651354857898194,-0.48704198002815247,-1.11204195022583,attack,yes
4184,0,0,0.11920293297380237,-2.1411359310150146,-0.141136035323143,attack,no
4185,0,0,0.20181321265898594,-1.621147871017456,-0.24614781141281128,attack,no
4186,0,0,0.0159063898457867,-4.145455360412598,-0.020455241203308105,attack,no
4187,0,0,0.0031726831060999803,-5.755438804626465,-0.005438887979835272,attack,no
4188,0,0,0.4073334000459302,-0.9362030029296875,-0.5612030029296875,attack,no
4189,0,0,0.11920291576401235,-2.154632568359375,-0.15463250875473022,attack,no
4190,0,0,0.22270013882530884,-1.5572328567504883,-0.3072328567504883,attack,no
4191,0,0,0.0035936023413162166,-5.631872653961182,-0.006872586905956268,attack,no
4192,0,1,0.7057850216484838,-0.38262906670570374,-1.2576290369033813,attack,yes
4193,0,0,0.005220125683885912,-5.259798526763916,-0.009798524901270866,attack,no
4194,0,1,0.6224593312018546,-0.49945271015167236,-0.9994527101516724,attack,yes
4195,0,0,0.0024726228361871437,-6.004782676696777,-0.004782546777278185,attack,no
4196,0,0,0.0009110511195902821,-7.003894329071045,-0.003894246881827712,attack,no
4197,0,0,0.053403329046549465,-2.9432830810546875,-0.0682830661535263,attack,no
4198,0,0,0.003172683572948575,-5.7620849609375,-0.012085191905498505,attack,no
4199,0,0,0.00591107023533179,-5.136726379394531,-0.011726614087820053,attack,no
4200,0,0,0.2689414272294874,-1.344577670097351,-0.34457769989967346,attack,no
4201,0,0,0.017986212330845203,-4.0247368812561035,-0.02473701536655426,attack,no
4202,0,0,0.006692849698370887,-5.011414527893066,-0.011414343491196632,attack,no
4203,0,0,0.04742587284097443,-3.06792950630188,-0.06792949885129929,attack,no
4204,0,0,0.0035936023029662944,-5.630085468292236,-0.005085390526801348,attack,no
4205,0,0,0.02931223128133519,-3.5445849895477295,-0.044585008174180984,attack,no
4206,0,0,0.003593602076201542,-5.630458354949951,-0.005458213854581118,attack,no
4207,0,0,0.0004878571541172847,-7.629562854766846,-0.004562919028103352,attack,no
4208,0,0,0.0002959571515389747,-8.131596565246582,-0.006596693769097328,attack,no
4209,0,0,0.007577241323887885,-4.888657569885254,-0.013657577335834503,attack,no
4210,0,0,0.012431651379147299,-4.395802021026611,-0.02080206386744976,attack,no
4211,0,0,0.022977370411809046,-3.7898757457733154,-0.03987576812505722,attack,no
4212,0,0,0.06008665227791171,-2.8382883071899414,-0.08828834444284439,attack,no
4213,0,0,0.0085774864116176,-4.765637397766113,-0.015637515112757683,attack,no
4214,0,0,0.22270013366638422,-1.524982213973999,-0.27498218417167664,attack,no
4215,0,0,0.03308597552845946,-3.4198949337005615,-0.04489484429359436,attack,no
4216,0,0,0.34864513533394575,-1.0960155725479126,-0.4710155725479126,attack,no
4217,0,0,0.4073334000459302,-0.9342677593231201,-0.5592677593231201,attack,no
4218,0,0,0.017986211080669633,-4.029600143432617,-0.02960020676255226,attack,no
4219,0,0,0.01798621242954328,-4.025166034698486,-0.02516617439687252,attack,no
4220,0,1,0.6224593312018546,-0.5245087146759033,-1.0245087146759033,attack,yes
4221,0,0,0.04208772461143651,-3.17813777923584,-0.05313769727945328,attack,no
4222,0,0,0.010986944877225647,-4.517501354217529,-0.01750156097114086,attack,no
4223,0,0,0.09534945975773548,-2.3661539554595947,-0.11615389585494995,attack,no
4224,0,0,0.053403324903538434,-2.955388307571411,-0.08038821071386337,attack,no
4225,0,0,0.0031726822931650526,-5.756293296813965,-0.006293123122304678,attack,no
4226,0,0,0.20181322226037882,-1.6281927824020386,-0.2531927824020386,attack,no
4227,0,0,0.006692850887135945,-5.010340690612793,-0.010340685024857521,attack,no
4228,0,0,0.10669059252545564,-2.252359628677368,-0.12735961377620697,attack,no
4229,0,0,0.007577240140316014,-4.885434627532959,-0.010434477590024471,attack,no
4230,0,0,0.04742587486052853,-3.066248655319214,-0.06624869257211685,attack,no
4231,0,0,0.1329642281726931,-2.0297811031341553,-0.15478099882602692,attack,no
4232,0,0,0.004609573008376972,-5.383063793182373,-0.008063973858952522,attack,no
4233,0,0,0.0059110699835934815,-5.1380767822265625,-0.01307697407901287,attack,no
4234,0,0,0.01406362422808724,-4.274911880493164,-0.024911677464842796,attack,no
4235,0,0,0.007577241204830352,-4.889669895172119,-0.014669886790215969,attack,no
4236,0,0,0.0011695102498246702,-6.754605770111084,-0.00460575707256794,attack,no
4237,0,0,0.009708475183152569,-4.6394429206848145,-0.014442785643041134,attack,no
4238,0,0,0.001700722273077899,-6.380403518676758,-0.005403437186032534,attack,no
4239,0,0,0.0066928498841154135,-5.013112545013428,-0.013112388551235199,attack,no
4240,0,0,0.46879062662624377,-0.7829845547676086,-0.6579845547676086,attack,no
4241,0,0,0.11920292984474948,-2.1441490650177,-0.14414913952350616,attack,no
4242,0,0,0.0015011821907766477,-6.503531455993652,-0.003531411988660693,attack,no
4243,0,0,0.007577242591500567,-4.885958194732666,-0.010958370752632618,attack,no
4244,0,0,0.02033235452992065,-3.9088218212127686,-0.03382188081741333,attack,no
4245,0,0,0.02033235452992065,-3.903285026550293,-0.028285086154937744,attack,no
4246,0,0,0.004070137198696112,-5.510500431060791,-0.010500303469598293,attack,no
4247,0,1,0.6224593312018546,-0.49486100673675537,-0.9948610067367554,attack,yes
4248,0,1,0.7310585727705126,-0.40924134850502014,-1.4092413187026978,attack,yes
4249,0,0,0.0004878571864740998,-7.628159046173096,-0.003159176791086793,attack,no
4250,0,0,0.03732688881662312,-3.305000066757202,-0.05500010773539543,attack,no
4251,0,1,0.6513548714339145,-0.44901546835899353,-1.074015498161316,attack,yes
4252,0,0,0.4073334000459302,-0.9344109892845154,-0.5594109892845154,attack,no
4253,0,0,0.0024726232795304714,-6.005060195922852,-0.005060245748609304,attack,no
4254,0,0,0.022977370829961912,-3.7878291606903076,-0.0378292016685009,attack,no
4255,0,0,0.06754669254743426,-2.713027238845825,-0.08802726119756699,attack,no
4256,0,0,0.015906391507717887,-4.150900363922119,-0.025900350883603096,attack,no
4257,0,0,0.0850990490675896,-2.485255241394043,-0.11025529354810715,attack,no
4258,0,0,0.002182716333784501,-6.130080223083496,-0.00508017186075449,attack,no
4259,0,0,0.5,-0.7800558805465698,-0.7800558805465698,attack,no
4260,0,0,0.2018132174596823,-1.6195615530014038,-0.24456152319908142,attack,no
4261,0,0,0.0011695099952520082,-6.758625507354736,-0.008625276386737823,attack,no
4262,0,0,0.047425867792089564,-3.0683369636535645,-0.0683368444442749,attack,no
4263,0,1,0.5312093733737563,-0.6996287703514099,-0.8246287703514099,attack,yes
4264,0,0,0.0019267344797546855,-6.255471706390381,-0.005471610929816961,attack,no
4265,0,0,0.005220125882171863,-5.263489723205566,-0.013489759527146816,attack,no
4266,0,0,0.0005527787229788565,-7.502521514892578,-0.0025216706562787294,attack,no
4267,0,0,0.04742587587030561,-3.0709068775177,-0.07090693712234497,attack,no
4268,0,0,0.0013250224418609247,-6.628194332122803,-0.0031943507492542267,attack,no
4269,0,0,0.06754669160889748,-2.708132266998291,-0.08313227444887161,attack,no
4270,0,0,0.0600866447038573,-2.81999135017395,-0.06999125331640244,attack,no
4271,0,0,0.020332355383265187,-3.9021942615509033,-0.027194363996386528,attack,no
4272,0,0,0.04742587654349034,-3.074831962585449,-0.07483203709125519,attack,no
4273,0,0,0.02595735606753309,-3.664462089538574,-0.03946204483509064,attack,no
4274,0,0,0.0013250225752669544,-6.6273908615112305,-0.002390980953350663,attack,no
4275,0,0,0.07585818837825822,-2.6003541946411133,-0.10035431385040283,attack,no
4276,0,0,0.015906390049883503,-4.152584075927734,-0.02758396975696087,attack,no
4277,0,0,0.0006263342430749406,-7.377062797546387,-0.002062933286651969,attack,no
4278,0,0,0.006692851140986843,-5.012353420257568,-0.012353452853858471,attack,no
4279,0,0,0.05340332641008787,-2.965327501296997,-0.0903274342417717,attack,no
4280,0,0,0.03308597803117354,-3.4205477237701416,-0.045547712594270706,attack,no
4281,0,0,0.047425875197120895,-3.0750207901000977,-0.07502083480358124,attack,no
4282,0,0,0.0006263341196344713,-7.384269714355469,-0.009269652888178825,attack,no
4283,0,0,0.003172683293133952,-5.757279396057129,-0.007279538549482822,attack,no
4284,0,0,0.2689414213699951,-1.345362901687622,-0.34536290168762207,attack,no
4285,0,0,0.005911067783620022,-5.1350321769714355,-0.010031994432210922,attack,no
4286,0,0,0.0019267346122852833,-6.254634380340576,-0.004634353797882795,attack,no
4287,0,0,0.09534946040040723,-2.3668456077575684,-0.11684555560350418,attack,no
4288,0,0,9.610242279321466e-05,-9.254207611083984,-0.004207686986774206,attack,no
4289,0,0,0.2689414213699951,-1.3462469577789307,-0.34624695777893066,attack,no
4290,0,0,0.3486451285660856,-1.0760282278060913,-0.4510281980037689,attack,no
4291,0,0,0.029312228101462088,-3.5400891304016113,-0.04008903726935387,attack,no
4292,0,0,0.0259573547488921,-3.661353349685669,-0.036353252828121185,attack,no
4293,0,0,0.07585817323116976,-2.5953874588012695,-0.09538736194372177,attack,no
4294,0,0,0.46879062662624377,-0.772097647190094,-0.647097647190094,attack,no
4295,0,0,0.08509903862612588,-2.480679988861084,-0.10567990690469742,attack,no
4296,0,0,0.03308598184483342,-3.433933734893799,-0.058933842927217484,attack,no
4297,0,0,0.004070138508684598,-5.506099224090576,-0.006099419668316841,attack,no
4298,0,1,0.7310585727705126,-0.3680683672428131,-1.3680683374404907,attack,yes
4299,0,0,0.02931223287127187,-3.5467073917388916,-0.04670746624469757,attack,no
4300,0,0,0.014063625519444161,-4.279984474182129,-0.0299843642860651,attack,no
4301,0,0,0.020332352044091128,-3.9062182903289795,-0.03121822513639927,attack,no
4302,0,0,0.007577241344898039,-4.888957500457764,-0.013957510702311993,attack,no
4303,0,0,0.006692850986199709,-5.021637439727783,-0.02163744904100895,attack,no
4304,0,0,0.1329642436335826,-2.0315706729888916,-0.156570702791214,attack,no
4305,0,0,0.1066905911052601,-2.251763105392456,-0.12676307559013367,attack,no
4306,0,0,0.001926734281854283,-6.259660243988037,-0.009660045616328716,attack,no
4307,0,0,0.1329642419157059,-2.0452349185943604,-0.17023493349552155,attack,no
4308,0,0,0.005220126767204371,-5.260769844055176,-0.010770050808787346,attack,no
4309,0,0,0.22270013882530884,-1.5438679456710815,-0.29386794567108154,attack,no
4310,0,0,0.025957360023456458,-3.659736394882202,-0.0347365066409111,attack,no
4311,0,0,0.0009110512564953708,-7.003360748291016,-0.0033608165103942156,attack,no
4312,0,0,0.009708477815611509,-4.640422821044922,-0.015422959811985493,attack,no
4313,0,0,0.0024726228671982024,-6.0092244148254395,-0.009224297478795052,attack,no
4314,0,0,0.16451645880021026,-1.8263218402862549,-0.2013218104839325,attack,no
4315,0,0,0.2018132270610754,-1.6451082229614258,-0.27010825276374817,attack,no
4316,0,0,0.06754668832401889,-2.7109928131103516,-0.08599276840686798,attack,no
4317,0,0,0.022977368404675395,-3.7857844829559326,-0.035784415900707245,attack,no
4318,0,0,0.4378234991142019,-0.8398422002792358,-0.5898422002792358,attack,no
4319,0,0,0.0031726824919806403,-5.75547456741333,-0.005474456585943699,attack,no
4320,0,0,0.0003353502324825523,-8.002206802368164,-0.002207106677815318,attack,no
4321,0,0,0.02595736011764511,-3.6584086418151855,-0.0334087572991848,attack,no
4322,0,0,0.4073334000459302,-0.9357798099517822,-0.5607798099517822,attack,no
4323,0,0,0.02595736021183377,-3.6615848541259766,-0.03658497333526611,attack,no
4324,0,0,0.03308598005718029,-3.4243040084838867,-0.0493040606379509,attack,no
4325,0,0,0.033085976005166884,-3.4197332859039307,-0.044733211398124695,attack,no
4326,0,0,0.008577485952264208,-4.769171237945557,-0.019171301275491714,attack,no
4327,0,0,0.0019267342200663784,-6.255298137664795,-0.0052979071624577045,attack,no
4328,0,0,0.0019267346185536229,-6.253316879272461,-0.003316855989396572,attack,no
4329,0,0,0.0011695102197709503,-6.751713752746582,-0.0017137139802798629,attack,no
4330,0,0,0.09534947453918644,-2.3665311336517334,-0.11653124541044235,attack,no
4331,0,0,0.00280092632200854,-5.8812456130981445,-0.006245382130146027,attack,no
4332,0,0,0.008577486292819306,-4.762873649597168,-0.012873752973973751,attack,no
4333,0,0,0.24508501864634827,-1.4623973369598389,-0.33739736676216125,attack,no
4334,0,0,0.06754669301670263,-2.7394638061523438,-0.11446383595466614,attack,no
4335,0,1,0.7981867825403176,-0.25826069712638855,-1.633260726928711,attack,yes
4336,0,0,0.012431651447750972,-4.396261692047119,-0.02126174047589302,attack,no
4337,0,0,0.02595735682104226,-3.6790781021118164,-0.05407808721065521,attack,no
4338,0,0,0.0008040858286278862,-7.129906177520752,-0.004906044341623783,attack,no
4339,0,0,0.0006263340190749572,-7.379547595977783,-0.004547373857349157,attack,no
4340,0,0,0.04742587738497127,-3.060617685317993,-0.060617778450250626,attack,no
4341,0,0,0.3486451488696663,-1.079991102218628,-0.4549911618232727,attack,no
4342,0,0,0.0075772425214667115,-4.890274524688721,-0.01527469139546156,attack,no
4343,0,0,0.025957358893192575,-3.6605541706085205,-0.03555423766374588,attack,no
4344,0,0,0.16451646904109268,-1.845839262008667,-0.22083930671215057,attack,no
4345,0,0,0.029312233613242346,-3.5346286296844482,-0.0346287302672863,attack,no
4346,0,0,0.0005527786018068841,-7.501247882843018,-0.0012478192802518606,attack,no
4347,0,0,0.0052201265785908725,-5.259167194366455,-0.009167364798486233,attack,no
4348,0,0,0.06008665606493926,-2.851348638534546,-0.10134874284267426,attack,no
4349,0,1,0.6791787121629466,-0.4222075343132019,-1.1722075939178467,attack,yes
4350,0,0,0.03732689082456911,-3.297900438308716,-0.04790053516626358,attack,no
4351,0,0,0.005220125200261672,-5.272948265075684,-0.022948170080780983,attack,no
4352,0,0,0.003172682942629353,-5.757294654846191,-0.007294686511158943,attack,no
4353,0,0,0.0046095720939100145,-5.384070873260498,-0.009070854634046555,attack,no
4354,0,0,0.012431649275301514,-4.393117427825928,-0.018117299303412437,attack,no
4355,0,0,0.0017007224794280658,-6.383022308349609,-0.008022348396480083,attack,no
4356,0,0,0.012431649481112502,-4.394327640533447,-0.019327528774738312,attack,no
4357,0,0,0.0013250222662456175,-6.629444122314453,-0.004444008227437735,attack,no
4358,0,0,0.001032231038195341,-6.882679462432861,-0.00767946382984519,attack,no
4359,0,0,0.015906389175182934,-4.144967079162598,-0.019966917112469673,attack,no
4360,0,0,0.0008040861243781537,-7.127537250518799,-0.002537485444918275,attack,no
4361,0,0,0.005911069666184324,-5.1323933601379395,-0.007393497973680496,attack,no
4362,0,0,0.009708478254354735,-4.636516571044922,-0.011516755446791649,attack,no
4363,0,0,0.03308598136812592,-3.4180068969726562,-0.04300699010491371,attack,no
4364,0,0,0.009708475586079913,-4.639133453369141,-0.014133360236883163,attack,no
4365,0,0,0.0004305570260121648,-7.751957416534424,-0.001957288011908531,attack,no
4366,0,0,0.0015011824329802526,-6.503652095794678,-0.0036522133741527796,attack,no
4367,0,0,0.0010322312672383033,-6.884083271026611,-0.009083494544029236,attack,no
4368,0,0,0.0019267350233092896,-6.257869243621826,-0.00786943081766367,attack,no
4369,0,0,0.11920291107043361,-2.144725799560547,-0.14472569525241852,attack,no
4370,0,0,0.08509905080783367,-2.4821414947509766,-0.10714156925678253,attack,no
4371,0,0,0.009708474977211935,-4.641313552856445,-0.016313396394252777,attack,no
4372,0,0,0.22270013882530884,-1.5178464651107788,-0.2678464651107788,attack,no
4373,0,0,0.0005527785988483331,-7.502046585083008,-0.002046516165137291,attack,no
4374,0,0,0.006692850701391389,-5.008090496063232,-0.008090462535619736,attack,no
4375,0,0,0.029312231175339414,-3.550280809402466,-0.050280824303627014,attack,no
4376,0,0,0.3208212878370535,-1.1708438396453857,-0.42084378004074097,attack,no
4377,0,0,0.020332354196003235,-3.9056034088134766,-0.030603451654314995,attack,no
4378,0,0,0.4073334000459302,-0.9718260169029236,-0.5968260169029236,attack,no
4379,0,0,0.18242552602881168,-1.7184946537017822,-0.21849466860294342,attack,no
4380,0,0,0.0953494674697966,-2.3662266731262207,-0.11622670292854309,attack,no
4381,0,0,0.010986940869719403,-4.519176959991455,-0.019176797941327095,attack,no
4382,0,0,0.46879062662624377,-0.8077716827392578,-0.6827716827392578,attack,no
4383,0,0,0.0007096702761719195,-7.251722812652588,-0.0017226393101736903,attack,no
4384,0,0,0.20181322466072713,-1.6249001026153564,-0.24990011751651764,attack,no
4385,0,0,0.0028009263902916033,-5.8788957595825195,-0.0038955530617386103,attack,no
4386,0,0,0.0005527785892008843,-7.502834320068359,-0.0028342336881905794,attack,no
4387,0,1,0.679178699175393,-0.4451180696487427,-1.1951180696487427,attack,yes
4388,0,0,0.00522012483270728,-5.261547088623047,-0.011546922847628593,attack,no
4389,0,0,0.32082129433083023,-1.1681599617004395,-0.41815993189811707,attack,no
4390,0,0,0.0007096704124749644,-7.252383232116699,-0.0023832509759813547,attack,no
4391,0,0,0.0015011821967095887,-6.509582042694092,-0.009582002647221088,attack,no
4392,0,0,0.005911067854763428,-5.135616779327393,-0.010616608895361423,attack,no
4393,0,0,0.004070137277974943,-5.509760856628418,-0.009760748594999313,attack,no
4394,0,0,0.014063629806749967,-4.268872261047363,-0.01887246035039425,attack,no
4395,0,0,0.0008040860373927696,-7.129334926605225,-0.004335053265094757,attack,no
4396,0,0,0.0019267346167626685,-6.254088401794434,-0.004088377580046654,attack,no
4397,0,0,0.012431650487299585,-4.392318248748779,-0.01731821894645691,attack,no
4398,0,0,0.010986943844989052,-4.537379264831543,-0.03737937659025192,attack,no
4399,0,0,0.006692849859349477,-5.01467227935791,-0.014672119170427322,attack,no
4400,0,0,0.015906391624344644,-4.150529384613037,-0.02552937902510166,attack,no
4401,0,0,0.01798621124516641,-4.024370193481445,-0.024370266124606133,attack,no
4402,0,0,0.0011695103243470194,-6.756044864654541,-0.006044915411621332,attack,no
4403,0,0,0.004070137938631919,-5.510448932647705,-0.01044898759573698,attack,no
4404,0,0,0.025957357668740095,-3.665048360824585,-0.04004837945103645,attack,no
4405,0,0,0.01590638975831664,-4.144546985626221,-0.019546860828995705,attack,no
4406,0,0,0.002472623301353073,-6.004126071929932,-0.004126130603253841,attack,no
4407,0,0,0.004070138535110883,-5.510169982910156,-0.010170185007154942,attack,no
4408,0,0,0.001926734706310375,-6.252795696258545,-0.0027957186102867126,attack,no
4409,0,0,0.26894141551050293,-1.3422402143478394,-0.34224018454551697,attack,no
4410,0,1,0.7310585786300049,-0.34750425815582275,-1.3475042581558228,attack,yes
4411,0,0,0.005911070147770638,-5.1334333419799805,-0.008433561772108078,attack,no
4412,0,0,0.08509904152653235,-2.4836504459381104,-0.10865040123462677,attack,no
4413,0,0,0.010986941820996006,-4.518527030944824,-0.01852695643901825,attack,no
4414,0,0,0.0031726834801679336,-5.756988048553467,-0.006988250184804201,attack,no
4415,0,0,0.4073334000459302,-0.9174413084983826,-0.5424413084983826,attack,no
4416,0,0,0.4378234991142019,-0.8505961894989014,-0.6005961894989014,attack,no
4417,0,0,0.00048785714565910014,-7.626800537109375,-0.0018005840247496963,attack,no
4418,0,0,0.004609572683612986,-5.384186744689941,-0.009186854586005211,attack,no
4419,0,1,0.7057850216484838,-0.4206749498844147,-1.2956749200820923,attack,yes
4420,0,1,0.8933093946927838,-0.15011274814605713,-2.2751126289367676,attack,yes
4421,0,0,0.006692851735369474,-5.009846210479736,-0.009846332482993603,attack,no
4422,0,0,0.0953494674697966,-2.3702237606048584,-0.12022379040718079,attack,no
4423,0,0,0.46879062662624377,-0.8165473937988281,-0.6915473937988281,attack,no
4424,0,0,0.009708476060638804,-4.638058662414551,-0.013058618642389774,attack,no
4425,0,0,0.4378234991142019,-0.8509753346443176,-0.6009753346443176,attack,no
4426,0,0,0.04208772701447818,-3.18227219581604,-0.05727217346429825,attack,no
4427,0,0,0.029312232235297192,-3.550333261489868,-0.05033331364393234,attack,no
4428,0,0,0.003593602846534802,-5.631658554077148,-0.006658628117293119,attack,no
4429,0,0,0.08509904210661365,-2.4943466186523438,-0.11934658139944077,attack,no
4430,0,0,0.002472623220954017,-6.0035786628723145,-0.0035786889493465424,attack,no
4431,0,0,0.017986210093688976,-4.032580375671387,-0.032580383121967316,attack,no
4432,0,0,0.0003799844972410575,-7.877777576446533,-0.0027775303460657597,attack,no
4433,0,0,0.13296425050508953,-2.067026376724243,-0.19202646613121033,attack,no
4434,0,0,0.004070138333138566,-5.507644176483154,-0.0076443287543952465,attack,no
4435,0,0,0.010986940201801838,-4.5208659172058105,-0.02086569368839264,attack,no
4436,0,0,0.006692852174964993,-5.019065856933594,-0.019066045060753822,attack,no
4437,0,0,0.0011695103311465042,-6.7532196044921875,-0.003219661070033908,attack,no
4438,0,1,0.5926665999540697,-0.5902729630470276,-0.9652729630470276,attack,yes
4439,0,1,0.651354857898194,-0.46151450276374817,-1.0865144729614258,attack,yes
4440,0,0,0.025957357668740095,-3.6709747314453125,-0.04597475007176399,attack,no
4441,0,0,0.02931223202330563,-3.540921926498413,-0.04092197120189667,attack,no
4442,0,0,0.0019267349731625651,-6.2596964836120605,-0.009696644730865955,attack,no
4443,0,0,0.001169510096428316,-6.757399559020996,-0.007399414665997028,attack,no
4444,0,0,0.00970847630239523,-4.644977569580078,-0.019977550953626633,attack,no
4445,0,0,0.0011695104141002206,-6.755430698394775,-0.005430825985968113,attack,no
4446,0,0,0.32082130082460697,-1.1573314666748047,-0.4073314666748047,attack,no
4447,0,0,0.0035936025780853136,-5.631189346313477,-0.006189345382153988,attack,no
4448,0,0,0.004070138667242311,-5.505710124969482,-0.005710359662771225,attack,no
4449,0,0,0.0075772428086055225,-4.887884140014648,-0.012884344905614853,attack,no
4450,0,0,0.009708474341482176,-4.638889312744141,-0.013889090158045292,attack,no
4451,0,1,0.8670357477770336,-0.16614066064357758,-2.041140556335449,attack,yes
4452,0,0,0.0005527787020117299,-7.507151126861572,-0.0071512446738779545,attack,no
4453,0,0,0.022977371791713528,-3.7791314125061035,-0.02913149632513523,attack,no
4454,0,0,0.08509904558710156,-2.483898878097534,-0.10889888554811478,attack,no
4455,0,0,0.11920293140927592,-2.1429643630981445,-0.1429644525051117,attack,no
4456,0,0,0.10669060246682488,-2.2699759006500244,-0.14497599005699158,attack,no
4457,0,0,0.005220125838645677,-5.259710311889648,-0.009710339829325676,attack,no
4458,0,0,0.24508501864634827,-1.455575704574585,-0.33057573437690735,attack,no
4459,0,0,0.0035936021579035466,-5.632475852966309,-0.007475734688341618,attack,no
4460,0,0,0.3486451217982255,-1.0868525505065918,-0.461852490901947,attack,no
4461,0,0,0.047425871831197425,-3.0747289657592773,-0.07472893595695496,attack,no
4462,0,0,0.002472622669646276,-6.008169174194336,-0.008168976753950119,attack,no
4463,0,0,0.0024726231979828586,-6.005748271942139,-0.005748288705945015,attack,no
4464,0,0,0.0013250221738165177,-6.629156112670898,-0.004155928734689951,attack,no
4465,0,0,0.09534946875514017,-2.3834500312805176,-0.13345007598400116,attack,no
4466,0,0,0.03732688560390976,-3.303189516067505,-0.053189467638731,attack,no
4467,0,0,0.009708476248671579,-4.64117431640625,-0.01617429219186306,attack,no
4468,0,0,0.005220125374366394,-5.259960651397705,-0.009960589930415154,attack,no
4469,0,0,0.04742587486052853,-3.0647339820861816,-0.06473401933908463,attack,no
4470,0,0,0.006692852212113911,-5.015954494476318,-0.01595468819141388,attack,no
4471,0,0,0.009708477000802714,-4.644985675811768,-0.019985729828476906,attack,no
4472,0,0,0.0675466977093867,-2.746170997619629,-0.12117110192775726,attack,no
4473,0,0,0.009708474332528234,-4.64213752746582,-0.017137303948402405,attack,no
4474,0,0,0.008577487393683553,-4.762356281280518,-0.012356514111161232,attack,no
4475,0,0,0.04742587435564,-3.056889772415161,-0.05688979849219322,attack,no
4476,0,0,0.022977368404675395,-3.7883996963500977,-0.038399629294872284,attack,no
4477,0,0,0.010986945059385054,-4.516340732574463,-0.0163409560918808,attack,no
4478,0,0,0.09534946682712482,-2.3739004135131836,-0.12390043586492538,attack,no
4479,0,0,0.002182715986932243,-6.1289873123168945,-0.003987101837992668,attack,no
4480,0,0,0.0019267348388409885,-6.258615493774414,-0.008615585044026375,attack,no
4481,0,1,0.679178699175393,-0.40869879722595215,-1.1586987972259521,attack,yes
4482,0,0,0.0008040859724811021,-7.127744197845459,-0.002744243713095784,attack,no
4483,0,0,0.0373268852023206,-3.3090288639068604,-0.059028804302215576,attack,no
4484,0,0,0.006692849450711526,-5.010047912597656,-0.010047690942883492,attack,no
4485,0,0,0.07585817688736327,-2.591845989227295,-0.09184594452381134,attack,no
4486,0,0,0.01243164854352915,-4.390336513519287,-0.015336325392127037,attack,no
4487,0,0,0.0017007221347205216,-6.387681484222412,-0.012681321240961552,attack,no
4488,0,0,0.004609572722071877,-5.383289337158203,-0.008289455436170101,attack,no
4489,0,0,0.001325022443093313,-6.628646373748779,-0.003646393306553364,attack,no
4490,0,0,0.0010322308504473745,-6.878106594085693,-0.003106413409113884,attack,no
4491,0,0,0.02931222979739437,-3.5426530838012695,-0.042653050273656845,attack,no
4492,0,0,0.042087725512577126,-3.176370620727539,-0.05137056112289429,attack,no
4493,0,0,0.1329642281726931,-2.0301196575164795,-0.15511955320835114,attack,no
4494,0,0,0.1480471980316895,-1.9433223009109497,-0.1933223009109497,attack,no
4495,0,0,0.0006263343009331146,-7.380434036254883,-0.005434264428913593,attack,no
4496,0,1,0.679178699175393,-0.4418601989746094,-1.1918601989746094,attack,yes
4497,0,0,0.004070136979735543,-5.515181064605713,-0.01518088299781084,attack,no
4498,0,0,0.007577242402409158,-4.885313987731934,-0.010314138606190681,attack,no
4499,0,0,0.05340333205964859,-2.9418962001800537,-0.06689624488353729,attack,no
4500,0,0,0.0021827166360125377,-6.134111404418945,-0.009111491963267326,attack,no
4501,0,0,0.015906392557358724,-4.144171714782715,-0.01917176879942417,attack,no
4502,0,0,0.0010322308533284173,-6.879615783691406,-0.0046156058087944984,attack,no
4503,0,1,0.679178699175393,-0.41858184337615967,-1.1685818433761597,attack,yes
4504,0,0,0.5,-0.7346346378326416,-0.7346346378326416,attack,no
4505,0,0,0.2018132174596823,-1.6119437217712402,-0.23694369196891785,attack,no
4506,0,0,0.008577483576298776,-4.7634382247924805,-0.013438008725643158,attack,no
4507,0,0,0.015906391070367558,-4.143320083618164,-0.01832004263997078,attack,no
4508,0,0,0.017986210718776718,-4.0253005027771,-0.02530054561793804,attack,no
4509,0,0,0.004070137553563269,-5.509532451629639,-0.009532411582767963,attack,no
4510,0,0,0.0007096704883456592,-7.25153923034668,-0.0015393561916425824,attack,no
4511,0,0,0.09534946232842245,-2.376349687576294,-0.12634965777397156,attack,no
4512,0,0,0.1480471961522176,-1.9319173097610474,-0.18191729485988617,attack,no
4513,0,1,0.6513548714339145,-0.4676879346370697,-1.092687964439392,attack,yes
4514,0,1,0.5926665999540697,-0.5728710889816284,-0.9478710889816284,attack,yes
4515,0,0,0.4378234991142019,-0.8700041770935059,-0.6200041770935059,attack,no
4516,0,0,0.0019267347009375125,-6.254520416259766,-0.004520435817539692,attack,no
4517,0,0,0.0031726825670887553,-5.756184101104736,-0.006184014026075602,attack,no
4518,0,0,0.008577486474976689,-4.767247676849365,-0.017247801646590233,attack,no
4519,0,0,0.24508502416032488,-1.4618539810180664,-0.3368540406227112,attack,no
4520,0,0,0.022977371666267666,-3.789438247680664,-0.03943832591176033,attack,no
4521,0,0,0.0019267349351047842,-6.25326681137085,-0.0032669526990503073,attack,no
4522,0,0,0.009708478612512485,-4.6396379470825195,-0.01463816873729229,attack,no
4523,0,0,0.1329642333263228,-2.0530688762664795,-0.17806881666183472,attack,no
4524,0,1,0.6513548782017746,-0.4503757357597351,-1.0753757953643799,attack,yes
4525,0,0,0.5,-0.7186322808265686,-0.7186322808265686,attack,no
4526,0,0,0.13296423160844623,-2.0530200004577637,-0.1780199259519577,attack,no
4527,0,0,0.20181322466072713,-1.617788314819336,-0.24278832972049713,attack,no
4528,0,0,0.020332352823231693,-3.9035403728485107,-0.028540346771478653,attack,no
4529,0,0,0.06754669395523943,-2.7150659561157227,-0.09006600081920624,attack,no
4530,0,0,0.2942149597859341,-1.265998125076294,-0.39099806547164917,attack,no
4531,0,0,0.22270014398423357,-1.5202339887619019,-0.27023401856422424,attack,no
4532,0,0,0.0021827164362174887,-6.130647659301758,-0.005647655110806227,attack,no
4533,0,0,0.009708474914534353,-4.6380133628845215,-0.013013199903070927,attack,no
4534,0,0,0.06754668597767712,-2.7018299102783203,-0.07682982832193375,attack,no
4535,0,0,0.14804719239327382,-1.9179322719573975,-0.16793222725391388,attack,no
4536,0,0,0.4073334000459302,-0.9495701789855957,-0.5745701789855957,attack,no
4537,0,1,0.5621765008857981,-0.6034471988677979,-0.8534471988677979,attack,yes
4538,0,0,0.0534033354493853,-2.938762664794922,-0.06376277655363083,attack,no
4539,0,0,0.003172683288715826,-5.754874229431152,-0.004874370526522398,attack,no
4540,0,1,0.5926665999540697,-0.5413348078727722,-0.9163348078727722,attack,yes
4541,0,0,0.004070137625291741,-5.507970809936523,-0.007970787584781647,attack,no
4542,0,0,0.008577486870971015,-4.76677942276001,-0.016779594123363495,attack,no
4543,0,0,0.02033235556877487,-3.90075421333313,-0.025754325091838837,attack,no
4544,0,0,0.03308597898458846,-3.420891046524048,-0.045891065150499344,attack,no
4545,0,0,0.012431651447750972,-4.4034552574157715,-0.028455305844545364,attack,no
4546,0,0,0.22270014398423357,-1.536331295967102,-0.28633132576942444,attack,no
4547,0,0,0.0010322312081769056,-6.879298210144043,-0.004298376385122538,attack,no
4548,0,0,0.002800926500194822,-5.879639148712158,-0.00463898153975606,attack,no
4549,0,0,0.0758581737534831,-2.6097521781921387,-0.10975208878517151,attack,no
4550,0,0,0.02033235156176603,-3.9028379917144775,-0.027837902307510376,attack,no
4551,0,0,0.005911069611458611,-5.134663105010986,-0.009663233533501625,attack,no
4552,0,0,0.029312229373411294,-3.54305362701416,-0.043053578585386276,attack,no
4553,0,0,0.005220126554409656,-5.262951374053955,-0.01295153982937336,attack,no
4554,0,0,0.017986209304104488,-4.029651165008545,-0.029651127755641937,attack,no
4555,0,0,0.0035936018110868865,-5.637889385223389,-0.012889170087873936,attack,no
4556,0,0,0.00857748700560909,-4.761770725250244,-0.011770912446081638,attack,no
4557,0,1,0.5621765008857981,-0.6067860126495361,-0.8567860126495361,attack,yes
4558,0,0,0.20181322946142374,-1.6163592338562012,-0.24135927855968475,attack,no
4559,0,0,0.0035936023579900963,-5.631607532501221,-0.006607470102608204,attack,no
4560,0,0,0.01243165263688136,-4.397449493408203,-0.022449638694524765,attack,no
4561,0,0,0.003172683184153526,-5.757284164428711,-0.007284272462129593,attack,no
4562,0,0,0.04742587317756679,-3.0643017292022705,-0.06430172920227051,attack,no
4563,0,0,0.0019267348934650951,-6.256033420562744,-0.006033540237694979,attack,no
4564,0,0,0.0021827160416983855,-6.130865097045898,-0.005864911712706089,attack,no
4565,0,0,0.07585818785594478,-2.595984697341919,-0.0959848091006279,attack,no
4566,0,0,0.004609571170896819,-5.383471488952637,-0.00847126916050911,attack,no
4567,0,0,0.02033235497514388,-3.9033381938934326,-0.028338275849819183,attack,no
4568,0,0,0.007577239481998011,-4.885248184204102,-0.010247946716845036,attack,no
4569,0,0,0.00591106981941633,-5.136702060699463,-0.011702224612236023,attack,no
4570,0,0,0.32082130731838393,-1.1909074783325195,-0.4409075081348419,attack,no
4571,0,0,0.008577486071062495,-4.764287948608398,-0.01428802590817213,attack,no
4572,0,1,0.5926665999540697,-0.5956937074661255,-0.9706937074661255,attack,yes
4573,0,0,0.16451645470385742,-1.880746603012085,-0.2557465434074402,attack,no
4574,0,0,0.003172682167984874,-5.758921146392822,-0.008920933119952679,attack,no
4575,0,0,0.37754066879814546,-1.0660998821258545,-0.5660998821258545,attack,no
4576,0,0,0.5,-0.7377551198005676,-0.7377551198005676,attack,no
4577,0,0,0.16451647108926923,-1.8253023624420166,-0.20030242204666138,attack,no
4578,0,0,0.004070138070763329,-5.507448196411133,-0.007448283955454826,attack,no
4579,0,0,0.0011695103439295356,-6.75571870803833,-0.005718775559216738,attack,no
4580,0,1,0.7772998611746911,-0.2890148162841797,-1.5390148162841797,attack,yes
4581,0,0,0.1645164628965632,-1.836618423461914,-0.21161842346191406,attack,no
4582,0,0,0.09534946682712482,-2.3664615154266357,-0.11646153777837753,attack,no
4583,0,0,0.025957356632664963,-3.6620969772338867,-0.03709695488214493,attack,no
4584,0,0,0.0013250224597305539,-6.6294379234313965,-0.004437955562025309,attack,no
4585,0,1,0.6224593312018546,-0.5328449010848999,-1.0328449010849,attack,yes
4586,0,1,0.7549149813536518,-0.335627943277359,-1.4606279134750366,attack,yes
4587,0,0,0.4378234991142019,-0.8420195579528809,-0.5920195579528809,attack,no
4588,0,0,0.010986943055631719,-4.51615571975708,-0.016155758872628212,attack,no
4589,0,0,0.001501181926237308,-6.503194808959961,-0.0031945884693413973,attack,no
4590,0,0,0.1480471961522176,-1.950282335281372,-0.20028232038021088,attack,no
4591,0,0,0.08509903920620716,-2.476511240005493,-0.1015111654996872,attack,no
4592,0,0,0.004609572437903405,-5.380823612213135,-0.00582366855815053,attack,no
4593,0,0,0.005911069502007181,-5.134578704833984,-0.00957881473004818,attack,no
4594,0,0,0.13296425050508953,-2.0347564220428467,-0.15975651144981384,attack,no
4595,0,0,0.03732688747799252,-3.3022704124450684,-0.05227041617035866,attack,no
4596,0,0,0.006692850428966053,-5.010393142700195,-0.010393068194389343,attack,no
4597,0,0,0.003593602644780837,-5.633747100830078,-0.008747118525207043,attack,no
4598,0,0,0.18242552158390105,-1.715030550956726,-0.21503053605556488,attack,no
4599,0,0,0.01590639217832175,-4.160010814666748,-0.035010844469070435,attack,no
4600,0,0,0.32082129433083023,-1.1621325016021729,-0.41213247179985046,attack,no
4601,0,0,0.0021827167039631416,-6.129336833953857,-0.004336952697485685,attack,no
4602,0,0,0.37754066879814546,-0.9949847459793091,-0.4949847459793091,attack,no
4603,0,1,0.8175744761936437,-0.21123206615447998,-1.71123206615448,attack,yes
4604,0,0,0.18242553269617778,-1.7548627853393555,-0.25486284494400024,attack,no
4605,0,0,0.2689414096510108,-1.3630397319793701,-0.36303967237472534,attack,no
4606,0,0,0.022977367902892003,-3.7788212299346924,-0.02882114052772522,attack,no
4607,0,0,0.014063627998849772,-4.268972873687744,-0.018972942605614662,attack,no
4608,0,0,0.0140636239181616,-4.268919944763184,-0.018919719383120537,attack,no
4609,0,0,0.014063623943988737,-4.2716264724731445,-0.021626248955726624,attack,no
4610,0,0,0.002472623055561682,-6.004533767700195,-0.004533726722002029,attack,no
4611,0,0,0.002472623526470443,-6.007874011993408,-0.007874161936342716,attack,no
4612,0,1,0.7549149813536518,-0.3432760536670685,-1.468276023864746,attack,yes
4613,0,0,0.004070137625291741,-5.5078959465026855,-0.007895924150943756,attack,no
4614,0,0,0.0024726227684222376,-6.005940914154053,-0.005940756760537624,attack,no
4615,0,0,0.14804719991116141,-1.952377438545227,-0.20237745344638824,attack,no
4616,0,0,0.0009110511952483549,-7.002717018127441,-0.002717019058763981,attack,no
4617,0,0,0.003172682446326689,-5.756113052368164,-0.006112927105277777,attack,no
4618,0,0,0.022977367652000317,-3.7975265979766846,-0.04752649739384651,attack,no
4619,0,0,0.0019267346973556043,-6.260918617248535,-0.010918634943664074,attack,no
4620,0,1,0.731058584489497,-0.3897416293621063,-1.3897416591644287,attack,yes
4621,0,0,0.2689414096510108,-1.3318934440612793,-0.3318933844566345,attack,no
4622,0,0,0.006692850441349023,-5.012304306030273,-0.012304233387112617,attack,no
4623,0,0,0.009708474439975514,-4.63939905166626,-0.014398839324712753,attack,no
4624,0,0,0.4378234991142019,-0.9098218679428101,-0.6598218679428101,attack,no
4625,0,0,0.004609571722140788,-5.384209632873535,-0.009209533222019672,attack,no
4626,0,0,0.5,-0.7314110994338989,-0.7314110994338989,attack,no
4627,0,0,0.0035936030566257196,-5.630911827087402,-0.0059119598008692265,attack,no
4628,0,0,0.006692851320539924,-5.011129856109619,-0.011129915714263916,attack,no
4629,0,0,0.008577486886810788,-4.7635931968688965,-0.013593370094895363,attack,no
4630,0,0,0.022977367902892003,-3.786301612854004,-0.03630152344703674,attack,no
4631,0,0,0.0005527786914638506,-7.504502773284912,-0.004502872005105019,attack,no
4632,0,0,0.01243165213378772,-4.395188808441162,-0.020188912749290466,attack,no
4633,0,0,0.0024726236953084837,-6.006192207336426,-0.006192425731569529,attack,no
4634,0,0,0.46879062662624377,-0.7899209260940552,-0.6649209260940552,attack,no
4635,0,0,0.29421496597446145,-1.2633559703826904,-0.38835594058036804,attack,no
4636,0,0,0.0028009268448617513,-5.884318828582764,-0.009318784810602665,attack,no
4637,0,0,0.03732688654095113,-3.299194574356079,-0.04919455200433731,attack,no
4638,0,0,0.14804719427274565,-1.929893970489502,-0.17989394068717957,attack,no
4639,0,0,0.010986944735546109,-4.514171600341797,-0.014171794056892395,attack,no
4640,0,0,0.24508500761839525,-1.4323657751083374,-0.307365745306015,attack,no
4641,0,0,0.5,-0.7492237687110901,-0.7492237687110901,attack,no
4642,0,0,0.005220126123984009,-5.26046895980835,-0.01046904269605875,attack,no
4643,0,0,0.02297737016091733,-3.7880642414093018,-0.03806425258517265,attack,no
4644,0,0,0.08509905312815914,-2.4861772060394287,-0.11117731034755707,attack,no
4645,0,1,0.5926665999540697,-0.5458540916442871,-0.9208540916442871,attack,yes
4646,0,0,0.00857748702936875,-4.768001556396484,-0.018001746386289597,attack,no
4647,0,0,0.003593601934473579,-5.630508899688721,-0.005508719012141228,attack,no
4648,0,0,0.5,-0.7522881031036377,-0.7522881031036377,attack,no
4649,0,0,0.005911069748272897,-5.137228012084961,-0.0122281638905406,attack,no
4650,0,0,0.0013250224658924949,-6.631353855133057,-0.006353891920298338,attack,no
4651,0,0,0.014063624770457132,-4.279356956481934,-0.02935679256916046,attack,no
4652,0,0,0.03308598112977216,-3.425424814224243,-0.05042489990592003,attack,no
4653,0,0,0.029312231705318298,-3.5450682640075684,-0.045068297535181046,attack,no
4654,0,0,0.004609573219900897,-5.382235050201416,-0.0072352769784629345,attack,no
4655,0,0,0.012431649503980388,-4.391077041625977,-0.016076931729912758,attack,no
4656,0,0,0.11920292202211755,-2.2010269165039062,-0.20102691650390625,attack,no
4657,0,1,0.880797081106935,-0.14410826563835144,-2.144108295440674,attack,yes
4658,0,0,0.24508501864634827,-1.4934375286102295,-0.3684375584125519,attack,no
4659,0,0,0.00218271674098101,-6.128743648529053,-0.0037437842693179846,attack,no
4660,0,0,0.03308597910376534,-3.428290605545044,-0.053290627896785736,attack,no
4661,0,0,0.002472623657406066,-6.004934310913086,-0.004934513941407204,attack,no
4662,0,0,0.0028009275081831283,-5.881903648376465,-0.006903842091560364,attack,no
4663,0,0,0.003593602191251304,-5.631505966186523,-0.0065058572217822075,attack,no
4664,0,0,0.012431649069490533,-4.394188404083252,-0.019188258796930313,attack,no
4665,0,0,0.22270013882530884,-1.537172794342041,-0.287172794342041,attack,no
4666,0,0,0.00591106842938329,-5.138698101043701,-0.013698028400540352,attack,no
4667,0,0,0.11920292515117029,-2.1584601402282715,-0.15846017003059387,attack,no
4668,0,1,0.5926665999540697,-0.5788582563400269,-0.9538582563400269,attack,yes
4669,0,0,0.0005527786573761931,-7.501595973968506,-0.0015960109885782003,attack,no
4670,0,1,0.5621765008857981,-0.6096463799476624,-0.8596463799476624,attack,yes
4671,0,0,0.0024726229068234456,-6.0038065910339355,-0.0038064897526055574,attack,no
4672,0,0,0.14804719239327382,-1.9280070066452026,-0.17800696194171906,attack,no
4673,0,0,0.04742587351415913,-3.063577651977539,-0.06357765942811966,attack,no
4674,0,0,0.3775406828054583,-1.051114559173584,-0.5511146187782288,attack,no
4675,0,0,0.24508502416032488,-1.4463646411895752,-0.32136470079421997,attack,no
4676,0,0,0.00669285202636932,-5.012051105499268,-0.01205127127468586,attack,no
4677,0,0,0.22270012850745968,-1.511338472366333,-0.26133841276168823,attack,no
4678,0,0,0.0011695101861814992,-6.757765293121338,-0.007765225600451231,attack,no
4679,0,0,0.004609572704979036,-5.382084846496582,-0.007084961049258709,attack,no
4680,0,0,0.0035936023246423373,-5.633481979370117,-0.008481907658278942,attack,no
4681,0,0,0.0035936029582498124,-5.632879734039307,-0.007879839278757572,attack,no
4682,0,1,0.6513548714339145,-0.4965989291667938,-1.1215989589691162,attack,yes
4683,0,0,0.00460957266011033,-5.382136344909668,-0.007136449683457613,attack,no
4684,0,0,0.1480472036701053,-1.9336620569229126,-0.18366210162639618,attack,no
4685,0,1,0.7549149868676283,-0.3012983798980713,-1.4262983798980713,attack,yes
4686,0,0,0.002182716070095645,-6.1339430809021,-0.008942908607423306,attack,no
4687,0,0,0.025957356915230906,-3.6659233570098877,-0.0409233458340168,attack,no
4688,0,0,0.01798621364681958,-4.025088310241699,-0.025088518857955933,attack,no
4689,0,0,0.18242551713899047,-1.714652180671692,-0.2146521359682083,attack,no
4690,0,0,0.009708477967828545,-4.64159631729126,-0.016596471890807152,attack,no
4691,0,0,0.0052201249052509086,-5.259728908538818,-0.009728756733238697,attack,no
4692,0,0,0.004070137949957469,-5.508396148681641,-0.008396206423640251,attack,no
4693,0,0,0.0046095718482004645,-5.380532264709473,-0.0055321925319731236,attack,no
4694,0,1,0.7772998611746911,-0.3150132894515991,-1.5650132894515991,attack,yes
4695,0,0,0.015906395181461117,-4.146091938018799,-0.021092159673571587,attack,no
4696,0,0,0.0013250227142187457,-6.633305072784424,-0.00830529723316431,attack,no
4697,0,0,0.0035936025447375532,-5.633613586425781,-0.00861357618123293,attack,no
4698,0,0,0.0330859768394049,-3.423499822616577,-0.04849977418780327,attack,no
4699,0,0,0.0005527787683861948,-7.502582550048828,-0.0025827880017459393,attack,no
4700,0,1,0.754914975839675,-0.354462206363678,-1.4794621467590332,attack,yes
4701,0,0,0.0028009265197042697,-5.8895263671875,-0.014526207000017166,attack,no
4702,0,0,0.1066905854244781,-2.258610486984253,-0.13361039757728577,attack,no
4703,0,0,0.0009110511693932146,-7.00543737411499,-0.005437346640974283,attack,no
4704,0,0,0.020332352378008508,-3.905076265335083,-0.030076216906309128,attack,no
4705,0,0,0.0019267347295927792,-6.253833293914795,-0.0038333283737301826,attack,no
4706,0,0,0.0019267342979728671,-6.257210731506348,-0.007210541516542435,attack,no
4707,0,0,0.32082129433083023,-1.190995216369629,-0.4409951865673065,attack,no
4708,0,0,0.009708477663394475,-4.6376118659973145,-0.012611988931894302,attack,no
4709,0,0,0.16451646904109268,-1.8354212045669556,-0.21042124927043915,attack,no
4710,0,0,0.00857748424156903,-4.765325546264648,-0.015325408428907394,attack,no
4711,0,0,0.009708475908421797,-4.63745641708374,-0.012456357479095459,attack,no
4712,0,0,0.09534946682712482,-2.3675801753997803,-0.11758019775152206,attack,no
4713,0,0,0.2689414330889798,-1.3666212558746338,-0.36662131547927856,attack,no
4714,0,0,0.0004878570865085782,-7.626514434814453,-0.0015143604250624776,attack,no
4715,0,0,0.005220125229279126,-5.258470058441162,-0.008469969034194946,attack,no
4716,0,0,0.005911069775635757,-5.136216640472412,-0.011216796934604645,attack,no
4717,0,0,0.04208772611333754,-3.1939632892608643,-0.06896324455738068,attack,no
4718,0,0,0.007577240931698369,-4.891204833984375,-0.01620478928089142,attack,no
4719,0,1,0.8519527982093668,-0.20099571347236633,-1.950995683670044,attack,yes
4720,0,0,0.025957359081569886,-3.6593098640441895,-0.03430993854999542,attack,no
4721,0,0,0.053403324903538434,-2.9360787868499756,-0.061078689992427826,attack,no
4722,0,0,0.06008665017400762,-2.83073091506958,-0.08073091506958008,attack,no
4723,0,1,0.5926665999540697,-0.5535581111907959,-0.9285581111907959,attack,yes
4724,0,0,0.24508500761839525,-1.4313421249389648,-0.30634209513664246,attack,no
4725,0,0,0.06008665143635008,-2.817866325378418,-0.06786634773015976,attack,no
4726,0,0,0.2018132150593341,-1.6158616542816162,-0.24086160957813263,attack,no
4727,0,0,0.06008664596619963,-2.838627338409424,-0.08862726390361786,attack,no
4728,0,0,0.0021827167496016086,-6.13006591796875,-0.005066057667136192,attack,no
4729,0,0,0.001700722156857701,-6.379583835601807,-0.0045836856588721275,attack,no
4730,0,1,0.5926665999540697,-0.5567360520362854,-0.9317360520362854,attack,yes
4731,0,0,0.005911070169660925,-5.134083271026611,-0.009083494544029236,attack,no
4732,0,0,0.0028009272077375437,-5.879371643066406,-0.004371729213744402,attack,no
4733,0,0,0.18242551713899047,-1.7126754522323608,-0.21267540752887726,attack,no
4734,0,1,0.5926665999540697,-0.5487834215164185,-0.9237834215164185,attack,yes
4735,0,0,0.4073334000459302,-0.9586906433105469,-0.5836906433105469,attack,no
4736,0,0,0.07585818419975078,-2.599001407623291,-0.09900146722793579,attack,no
4737,0,0,0.0013250223876358448,-6.631325721740723,-0.0063256993889808655,attack,no
4738,0,0,0.4073334000459302,-0.9267871379852295,-0.5517871379852295,attack,no
4739,0,0,0.015906389554219844,-4.148772239685059,-0.02377210184931755,attack,no
4740,0,0,0.002472623609166625,-6.00360107421875,-0.0036012576892971992,attack,no
4741,0,0,0.0031726824757808514,-5.7562079429626465,-0.006207827012985945,attack,no
4742,0,0,0.04208772431105632,-3.1879329681396484,-0.06293287873268127,attack,no
4743,0,0,0.01098694425990767,-4.514324188232422,-0.014324338175356388,attack,no
4744,0,0,0.11920291576401235,-2.1599953174591064,-0.15999525785446167,attack,no
4745,0,1,0.5312093733737563,-0.6629168391227722,-0.7879168391227722,attack,yes
4746,0,0,0.007577239643075814,-4.888700008392334,-0.013699792325496674,attack,no
4747,0,0,0.020332354863838074,-3.8997440338134766,-0.02474411018192768,attack,no
4748,0,0,0.0031726825391073005,-5.756280899047852,-0.006280803121626377,attack,no
4749,0,0,0.34864513533394575,-1.1381281614303589,-0.5131281614303589,attack,no
4750,0,0,0.2689414096510108,-1.341820240020752,-0.3418201804161072,attack,no
4751,0,0,0.012431648269114524,-4.390987396240234,-0.015987185761332512,attack,no
4752,0,0,0.11920292828022305,-2.1536216735839844,-0.15362173318862915,attack,no
4753,0,0,0.0031726831090453976,-5.755100250244141,-0.005100334528833628,attack,no
4754,0,0,0.26894141551050293,-1.3688968420028687,-0.36889681220054626,attack,no
4755,0,0,0.001325022599298527,-6.627281188964844,-0.0022813265677541494,attack,no
4756,0,0,0.11920292045759123,-2.157895565032959,-0.1578955501317978,attack,no
4757,0,0,0.017986210356883813,-4.031395435333252,-0.031395457684993744,attack,no
4758,0,0,0.0035936025163919557,-5.631600856781006,-0.006600838620215654,attack,no
4759,0,0,0.009708474431021574,-4.638998985290527,-0.013998772017657757,attack,no
4760,0,0,0.0009110511982153384,-7.001757621765137,-0.0017576259560883045,attack,no
4761,0,0,0.042087728215999064,-3.1990089416503906,-0.07400894910097122,attack,no
4762,0,0,0.003172683092845605,-5.754688262939453,-0.004688342101871967,attack,no
4763,0,0,0.04742587149460509,-3.0731618404388428,-0.07316180318593979,attack,no
4764,0,0,0.29421497216298875,-1.2526988983154297,-0.3776988983154297,attack,no
4765,0,1,0.817574478416099,-0.23774956166744232,-1.7377495765686035,attack,yes
4766,0,0,0.08509905312815914,-2.504319906234741,-0.12932001054286957,attack,no
4767,0,0,0.007577239587048752,-4.8853044509887695,-0.010304227471351624,attack,no
4768,0,1,0.817574471748733,-0.23993578553199768,-1.7399357557296753,attack,yes
4769,0,0,0.0024726235999781602,-6.005354881286621,-0.0053550610318779945,attack,no
4770,0,1,0.731058584489497,-0.33503565192222595,-1.3350356817245483,attack,yes
4771,0,0,0.2689414272294874,-1.3379795551300049,-0.33797958493232727,attack,no
4772,0,0,0.04742587738497127,-3.054802656173706,-0.054802749305963516,attack,no
4773,0,0,0.06754669583231304,-2.719844341278076,-0.09484441578388214,attack,no
4774,0,0,0.5,-0.7472447156906128,-0.7472447156906128,attack,no
4775,0,0,0.001926734936448,-6.253677845001221,-0.003677987027913332,attack,no
4776,0,0,0.00037998457365185756,-7.878542423248291,-0.003542578313499689,attack,no
4777,0,0,0.18242552602881168,-1.7412877082824707,-0.2412877231836319,attack,no
4778,0,0,0.001926734249617115,-6.254623889923096,-0.004623674787580967,attack,no
4779,0,1,0.6224593171945417,-0.5166988968849182,-1.0166988372802734,attack,yes
4780,0,0,0.017986213910014467,-4.029483318328857,-0.02948354184627533,attack,no
4781,0,1,0.817574471748733,-0.24489834904670715,-1.7448983192443848,attack,yes
4782,0,0,0.11920292202211755,-2.154376745223999,-0.15437674522399902,attack,no
4783,0,0,0.24508501864634827,-1.4213957786560059,-0.29639580845832825,attack,no
4784,0,0,0.009708475765158738,-4.648167133331299,-0.02316705882549286,attack,no
4785,0,0,0.02595735974089048,-3.6609885692596436,-0.03598866984248161,attack,no
4786,0,0,0.04742587654349034,-3.0592105388641357,-0.05921061336994171,attack,no
4787,0,0,0.004070137698907805,-5.5074286460876465,-0.007428641896694899,attack,no
4788,0,0,0.16451645675203383,-1.8269531726837158,-0.20195312798023224,attack,no
4789,0,1,0.7981867777396212,-0.260564923286438,-1.635564923286438,attack,yes
4790,0,0,0.017986214008712552,-4.0242133140563965,-0.02421354316174984,attack,no
4791,0,0,0.18242552602881168,-1.723041296005249,-0.22304131090641022,attack,no
4792,0,0,0.09534945782972029,-2.359696626663208,-0.10969654470682144,attack,no
4793,0,1,0.622459324198198,-0.49766305088996887,-0.9976630210876465,attack,yes
4794,0,0,0.01798621328492662,-4.02892541885376,-0.028925606980919838,attack,no
4795,0,0,0.02931223350724656,-3.5366270542144775,-0.0366271510720253,attack,no
4796,0,0,0.009708475138382865,-4.649441719055176,-0.02444157935678959,attack,no
4797,0,0,0.014063629419342763,-4.271427154541016,-0.021427325904369354,attack,no
4798,0,0,0.03732688814730781,-3.2946789264678955,-0.0446789488196373,attack,no
4799,0,0,0.0021827167901691358,-6.13013219833374,-0.005132356658577919,attack,no
4800,0,0,0.00048785705874984257,-7.627677917480469,-0.0026777861639857292,attack,no
4801,0,0,0.02297736991002561,-3.7756028175354004,-0.02560281753540039,attack,no
4802,0,0,0.2018132174596823,-1.6967883110046387,-0.3217882812023163,attack,no
4803,0,0,0.32082130731838393,-1.164220929145813,-0.4142209589481354,attack,no
4804,0,0,0.16451646904109268,-1.825857400894165,-0.20085744559764862,attack,no
4805,0,1,0.5312093733737563,-0.7022483944892883,-0.8272483944892883,attack,yes
4806,0,0,0.00522012558716106,-5.259303569793701,-0.00930354930460453,attack,no
4807,0,0,0.1645164628965632,-1.8196864128112793,-0.1946864128112793,attack,no
4808,0,0,0.007577239587048752,-4.892390727996826,-0.017390504479408264,attack,no
4809,0,1,0.8354835330070839,-0.2786525785923004,-1.903652548789978,attack,yes
4810,0,1,0.5926665999540697,-0.5532806515693665,-0.9282806515693665,attack,yes
4811,0,0,0.46879062662624377,-0.7812491059303284,-0.6562491059303284,attack,no
4812,0,0,0.11920292671569666,-2.159635543823242,-0.15963558852672577,attack,no
4813,0,0,0.0028009270932820916,-5.881162643432617,-0.006162688601762056,attack,no
4814,0,0,0.46879062662624377,-0.8114234209060669,-0.6864234209060669,attack,no
4815,0,0,0.02931223106934364,-3.5371968746185303,-0.03719688579440117,attack,no
4816,0,0,0.002472622761530891,-6.007807731628418,-0.007807571440935135,attack,no
4817,0,0,0.3486451217982255,-1.0763251781463623,-0.45132511854171753,attack,no
4818,0,0,0.025957357480362795,-3.6569881439208984,-0.03198815509676933,attack,no
4819,0,0,0.0035936019678213344,-5.629766464233398,-0.004766292870044708,attack,no
4820,0,0,0.009708474941396173,-4.644488334655762,-0.019488174468278885,attack,no
4821,0,0,0.06008664428307651,-2.8163743019104004,-0.06637419760227203,attack,no
4822,0,0,0.014063628980281278,-4.269460678100586,-0.01946081779897213,attack,no
4823,0,0,0.002472623432288684,-6.007135391235352,-0.007135502994060516,attack,no
4824,0,0,0.004070138361452442,-5.512841701507568,-0.012841860763728619,attack,no
4825,0,0,0.18242553047372242,-1.7417519092559814,-0.24175195395946503,attack,no
4826,0,0,0.004070138367115217,-5.507533550262451,-0.007533710915595293,attack,no
4827,0,0,0.18242552825126704,-1.7603092193603516,-0.26030924916267395,attack,no
4828,0,0,0.01590639179928478,-4.149860858917236,-0.024860864505171776,attack,no
4829,0,1,0.5621765008857981,-0.6012582778930664,-0.8512582778930664,attack,yes
4830,0,0,0.4073334000459302,-0.9236956834793091,-0.5486956834793091,attack,no
4831,0,0,0.017986209501500608,-4.0273284912109375,-0.02732846513390541,attack,no
4832,0,0,0.012431649206697853,-4.392063140869141,-0.01706300675868988,attack,no
4833,0,0,0.14804719991116141,-1.9431135654449463,-0.19311358034610748,attack,no
4834,0,0,0.04742587587030561,-3.0677247047424316,-0.06772476434707642,attack,no
4835,0,0,0.13296424019782924,-2.0334880352020264,-0.15848803520202637,attack,no
4836,0,0,0.014063627249862615,-4.269105911254883,-0.019105926156044006,attack,no
4837,0,0,0.07585817949893016,-2.5967648029327393,-0.09676479548215866,attack,no
4838,0,0,0.3486451217982255,-1.1105561256408691,-0.48555606603622437,attack,no
4839,0,1,0.8175744673038221,-0.23485714197158813,-1.7348570823669434,attack,yes
4840,0,0,0.0008040861103482524,-7.1279754638671875,-0.0029756813310086727,attack,no
4841,0,0,0.06008664554541885,-2.8326215744018555,-0.0826214924454689,attack,no
4842,0,0,0.022977372502573448,-3.7850184440612793,-0.03501855954527855,attack,no
4843,0,0,0.05340332641008787,-2.9496495723724365,-0.07464950531721115,attack,no
4844,0,0,0.5,-0.7278017997741699,-0.7278017997741699,attack,no
4845,0,0,0.0953494738965146,-2.374756097793579,-0.12475620210170746,attack,no
4846,0,0,0.0028009270711713795,-5.891075134277344,-0.016075171530246735,attack,no
4847,0,0,0.29421497216298875,-1.2572375535964966,-0.3822375535964966,attack,no
4848,0,0,0.020332353491066484,-3.904270887374878,-0.029270894825458527,attack,no
4849,0,0,0.00857748734616423,-4.761039733886719,-0.011039961129426956,attack,no
4850,0,0,0.022977372502573448,-3.803297519683838,-0.05329763516783714,attack,no
4851,0,0,0.020332352378008508,-3.9054911136627197,-0.030491065233945847,attack,no
4852,0,0,0.1645164628965632,-1.8212249279022217,-0.19622492790222168,attack,no
4853,0,0,0.010986941456677298,-4.51436710357666,-0.0143669955432415,attack,no
4854,0,0,0.1480472036701053,-1.9377373456954956,-0.1877373903989792,attack,no
4855,0,1,0.5926665999540697,-0.5989118814468384,-0.9739118814468384,attack,yes
4856,0,0,0.006692851611539754,-5.010867118835449,-0.010867222212255001,attack,no
4857,0,0,0.015906388387952466,-4.146123886108398,-0.021123673766851425,attack,no
4858,0,1,0.7057850216484838,-0.4101009666919708,-1.2851009368896484,attack,yes
4859,0,0,0.46879062662624377,-0.7761598825454712,-0.6511598825454712,attack,no
4860,0,0,0.00669285137007181,-5.01277494430542,-0.012775011360645294,attack,no
4861,0,0,0.017986205816773418,-4.0352020263671875,-0.0352017916738987,attack,no
4862,0,0,0.009708477699210249,-4.642356872558594,-0.017356999218463898,attack,no
4863,0,0,0.4378234991142019,-0.8453695178031921,-0.5953695178031921,attack,no
4864,0,1,0.5312093733737563,-0.6540812253952026,-0.7790812253952026,attack,yes
4865,0,0,0.1329642333263228,-2.0673248767852783,-0.19232481718063354,attack,no
4866,0,1,0.5926665999540697,-0.5825660824775696,-0.9575660824775696,attack,yes
4867,0,1,0.679178699175393,-0.3980799913406372,-1.1480799913406372,attack,yes
4868,0,0,0.0015011819887076757,-6.509179592132568,-0.009179413318634033,attack,no
4869,0,1,0.798186768138228,-0.30161768198013306,-1.6766176223754883,attack,yes
4870,0,0,0.003593602594759194,-5.633653163909912,-0.008653167635202408,attack,no
4871,0,0,0.3775406828054583,-1.012913703918457,-0.5129137635231018,attack,no
4872,0,0,0.2689414096510108,-1.3420746326446533,-0.34207457304000854,attack,no
4873,0,0,0.007577240056275414,-4.885447025299072,-0.010446864180266857,attack,no
4874,0,0,0.06754669442450784,-2.72214937210083,-0.09714942425489426,attack,no
4875,0,0,0.001169510246832897,-6.752347469329834,-0.0023474537301808596,attack,no
4876,0,0,0.00522012564277785,-5.257445335388184,-0.00744532560929656,attack,no
4877,0,0,0.11920291107043361,-2.144575595855713,-0.14457549154758453,attack,no
4878,0,0,0.0035936027648327813,-5.631083965301514,-0.006084016524255276,attack,no
4879,0,0,0.03732688613936196,-3.3009066581726074,-0.050906624644994736,attack,no
4880,0,0,0.009708476338210996,-4.640930652618408,-0.01593063771724701,attack,no
4881,0,0,0.06754669724011829,-2.731646776199341,-0.10664687305688858,attack,no
4882,0,0,0.0017007222707060583,-6.381556510925293,-0.006556428037583828,attack,no
4883,0,0,0.3775406828054583,-1.1193935871124268,-0.6193936467170715,attack,no
4884,0,0,0.37754066879814546,-1.0047096014022827,-0.5047096014022827,attack,no
4885,0,0,0.022977371791713528,-3.7809035778045654,-0.030903661623597145,attack,no
4886,0,0,0.015906388387952466,-4.147927761077881,-0.022927548736333847,attack,no
4887,0,0,0.2018132174596823,-1.6342058181762695,-0.25920578837394714,attack,no
4888,0,0,0.029312231705318298,-3.5439047813415527,-0.04390481486916542,attack,no
4889,0,0,0.2689414213699951,-1.3433401584625244,-0.3433401584625244,attack,no
4890,0,0,0.4378234991142019,-0.8512357473373413,-0.6012357473373413,attack,no
4891,0,0,0.04208772461143651,-3.1772921085357666,-0.052292026579380035,attack,no
4892,0,1,0.6224593312018546,-0.5170361995697021,-1.0170361995697021,attack,yes
4893,0,0,0.0040701367947516215,-5.509712219238281,-0.009711991995573044,attack,no
4894,0,0,0.22270014914315833,-1.5341813564300537,-0.2841814160346985,attack,no
4895,0,0,0.04208772791561884,-3.1940560340881348,-0.06905603408813477,attack,no
4896,0,0,0.007577242703554736,-4.886412620544434,-0.01141281146556139,attack,no
4897,0,1,0.5312093733737563,-0.6580474376678467,-0.7830474376678467,attack,yes
4898,0,0,0.014063626449221215,-4.268132209777832,-0.0181321669369936,attack,no
4899,0,0,0.04742587317756679,-3.067394733428955,-0.06739473342895508,attack,no
4900,0,0,0.025957358893192575,-3.6575965881347656,-0.032596655189991,attack,no
4901,0,0,0.3208213138121609,-1.1583352088928223,-0.40833526849746704,attack,no
4902,0,0,0.004070138078313694,-5.509058952331543,-0.009059041738510132,attack,no
4903,0,0,0.16451646699291617,-1.8137842416763306,-0.18878427147865295,attack,no
4904,0,0,0.010986943065751686,-4.51561975479126,-0.015619794838130474,attack,no
4905,0,0,0.0534033354493853,-2.9462411403656006,-0.07124125212430954,attack,no
4906,0,0,0.00757724279459875,-4.89139986038208,-0.016400063410401344,attack,no
4907,0,0,0.008577487140247168,-4.7627177238464355,-0.012717926874756813,attack,no
4908,0,0,0.008577486403697713,-4.763324737548828,-0.013324853964149952,attack,no
4909,0,0,0.10669059252545564,-2.2488934993743896,-0.12389348447322845,attack,no
4910,0,0,0.014063629316034177,-4.272396087646484,-0.022396251559257507,attack,no
4911,0,0,0.04208772896694963,-3.1799750328063965,-0.054975058883428574,attack,no
4912,0,0,0.00359360192613664,-5.631643772125244,-0.006643589120358229,attack,no
4913,0,0,0.005911068637340969,-5.143582344055176,-0.018582306802272797,attack,no
4914,0,0,0.29421497216298875,-1.2640236616134644,-0.38902366161346436,attack,no
4915,0,0,0.0011695104918863337,-6.755396366119385,-0.005396560300141573,attack,no
4916,0,0,0.005911067676904911,-5.132245063781738,-0.007244863081723452,attack,no
4917,0,1,0.7057850340255386,-0.37041720747947693,-1.2454172372817993,attack,yes
4918,0,1,0.5312093733737563,-0.6817759871482849,-0.8067759871482849,attack,yes
4919,0,0,0.1645164608483867,-1.8387256860733032,-0.21372567117214203,attack,no
4920,0,0,0.001926734523633058,-6.254893779754639,-0.004893707111477852,attack,no
4921,0,0,0.18242551936144574,-1.755953311920166,-0.25595328211784363,attack,no
4922,0,0,0.02931222841944938,-3.5358927249908447,-0.03589264303445816,attack,no
4923,0,0,0.5,-0.7223019599914551,-0.7223019599914551,attack,no
4924,0,1,0.7981867873410141,-0.28397315740585327,-1.658973217010498,attack,yes
4925,0,0,0.02931222979739437,-3.542759656906128,-0.042759623378515244,attack,no
4926,0,0,0.0017007222264316963,-6.380207061767578,-0.005206952802836895,attack,no
4927,0,0,0.1645164628965632,-1.8263938426971436,-0.20139384269714355,attack,no
4928,0,0,0.11920291419948606,-2.150930881500244,-0.15093080699443817,attack,no
4929,0,0,0.0031726830795912294,-5.755462169647217,-0.005462244618684053,attack,no
4930,0,0,0.005220124997139505,-5.2656989097595215,-0.01569877564907074,attack,no
4931,0,0,0.0021827163773945842,-6.129860877990723,-0.004860846791416407,attack,no
4932,0,0,0.2689414330889798,-1.3286449909210205,-0.3286450505256653,attack,no
4933,0,0,0.2018132270610754,-1.6522548198699951,-0.2772548496723175,attack,no
4934,0,0,0.009708476929171173,-4.64049768447876,-0.015497731044888496,attack,no
4935,0,0,0.06008665606493926,-2.8438100814819336,-0.09381018579006195,attack,no
4936,0,0,0.005220126153001466,-5.256936073303223,-0.006936161778867245,attack,no
4937,0,0,0.010986944229547772,-4.518270969390869,-0.01827111653983593,attack,no
4938,0,0,0.0013250222459112147,-6.628051280975342,-0.0030511515215039253,attack,no
4939,0,0,0.0013250223648366643,-6.6324334144592285,-0.0074333748780190945,attack,no
4940,0,0,0.0046095731408465,-5.386768817901611,-0.011769027449190617,attack,no
4941,0,1,0.7772998508568416,-0.2998679280281067,-1.549867868423462,attack,yes
4942,0,0,0.007577242766585207,-4.886889934539795,-0.01189013384282589,attack,no
4943,0,0,0.07585817479810981,-2.6026151180267334,-0.10261504352092743,attack,no
4944,0,0,0.0066928522430713434,-5.012884616851807,-0.012884815223515034,attack,no
4945,0,0,0.029312227783474795,-3.5388336181640625,-0.03883351385593414,attack,no
4946,0,0,0.1480472036701053,-1.9518471956253052,-0.20184724032878876,attack,no
4947,0,0,0.04208772491181671,-3.176039695739746,-0.051039621233940125,attack,no
4948,0,0,0.3486451488696663,-1.087144136428833,-0.4621441960334778,attack,no
4949,0,0,0.46879062662624377,-0.7807875275611877,-0.6557875275611877,attack,no
4950,0,0,0.020332351710173755,-3.912271738052368,-0.0372716560959816,attack,no
4951,0,1,0.6224593312018546,-0.49959641695022583,-0.9995964169502258,attack,yes
4952,0,0,0.012431650967525267,-4.393129348754883,-0.01812935806810856,attack,no
4953,0,0,0.18242553047372242,-1.7261762619018555,-0.22617630660533905,attack,no
4954,0,0,0.022977372000789975,-3.785494089126587,-0.035494182258844376,attack,no
4955,0,0,0.02931223128133519,-3.543365240097046,-0.04336525872349739,attack,no
4956,0,0,0.1192029188930649,-2.1439590454101562,-0.14395901560783386,attack,no
4957,0,0,0.003172682481671684,-5.756669044494629,-0.006668930407613516,attack,no
4958,0,0,0.014063627404825469,-4.277001857757568,-0.02700188383460045,attack,no
4959,0,0,0.4073334000459302,-0.9474990963935852,-0.5724990963935852,attack,no
4960,0,0,0.24508500761839525,-1.4238431453704834,-0.298843115568161,attack,no
4961,0,0,0.002800927500379346,-5.8808817863464355,-0.005881977267563343,attack,no
4962,0,1,0.5312093733737563,-0.6646040678024292,-0.7896040678024292,attack,yes
4963,0,0,0.015906394714953993,-4.153309345245361,-0.0283095370978117,attack,no
4964,0,1,0.6224593312018546,-0.5395913124084473,-1.0395913124084473,attack,yes
4965,0,0,0.009708477412684076,-4.637557506561279,-0.012557603418827057,attack,no
4966,0,0,0.14804720179063335,-1.9575046300888062,-0.20750465989112854,attack,no
4967,0,0,0.24508501313237172,-1.4417833089828491,-0.3167833089828491,attack,no
4968,0,0,0.3486451285660856,-1.0802844762802124,-0.45528444647789,attack,no
4969,0,0,0.003593602486378972,-5.631566047668457,-0.006566021125763655,attack,no
4970,0,0,0.025957354937269386,-3.658722162246704,-0.03372207283973694,attack,no
4971,0,0,0.0005527786217449458,-7.50196647644043,-0.0019664489664137363,attack,no
4972,0,0,0.22270013366638422,-1.5542194843292236,-0.30421945452690125,attack,no
4973,0,0,0.07585818419975078,-2.604689836502075,-0.10468989610671997,attack,no
4974,0,0,0.08509903630580078,-2.4905741214752197,-0.11557400971651077,attack,no
4975,0,0,0.005220125118045556,-5.262162208557129,-0.012162097729742527,attack,no
4976,0,0,0.06754668597767712,-2.7089855670928955,-0.08398548513650894,attack,no
4977,0,0,0.025957358045494698,-3.6647610664367676,-0.039761099964380264,attack,no
4978,0,0,0.005911067898543989,-5.135018348693848,-0.010018185712397099,attack,no
4979,0,0,0.00757724055351564,-4.886744499206543,-0.011744404211640358,attack,no
4980,0,0,0.24508500761839525,-1.4571092128753662,-0.3321091830730438,attack,no
4981,0,0,0.037326887745718636,-3.3047406673431396,-0.054740678519010544,attack,no
4982,0,0,0.005911068456746143,-5.134063243865967,-0.00906317587941885,attack,no
4983,0,0,0.0007096703323938264,-7.25275182723999,-0.002751733176410198,attack,no
4984,0,0,0.014063628747836966,-4.3079609870910645,-0.0579611100256443,attack,no
4985,0,0,0.0758581868113179,-2.6161060333251953,-0.11610613018274307,attack,no
4986,0,0,0.0035936025764179255,-5.6322174072265625,-0.007217405829578638,attack,no
4987,0,0,0.5,-0.7867029309272766,-0.7867029309272766,attack,no
4988,0,0,0.32082129433083023,-1.1733176708221436,-0.42331764101982117,attack,no
4989,0,0,0.0031726827894676926,-5.762212753295898,-0.012212736532092094,attack,no
4990,0,0,0.015906394044350028,-4.145227432250977,-0.0202275812625885,attack,no
4991,0,1,0.5312093733737563,-0.6802976131439209,-0.8052976131439209,attack,yes
4992,0,0,0.06754669254743426,-2.713747024536133,-0.0887470468878746,attack,no
4993,0,0,0.02931222947940706,-3.5373177528381348,-0.037317708134651184,attack,no
4994,0,0,0.020332351153644804,-3.9055662155151367,-0.030566105619072914,attack,no
4995,0,0,0.46879062662624377,-0.7959907650947571,-0.6709907650947571,attack,no
4996,0,0,0.22270014398423357,-1.5259431600570679,-0.27594318985939026,attack,no
4997,0,0,0.46879062662624377,-0.8435909152030945,-0.7185909152030945,attack,no
4998,0,0,0.18242551936144574,-1.7186602354049683,-0.21866020560264587,attack,no
4999,0,0,0.06008664554541885,-2.828381061553955,-0.07838097959756851,attack,no
5000,0,0,0.00280092763304364,-5.88043212890625,-0.0054323673248291016,attack,no
5001,0,0,0.0017007220912367766,-6.380926132202148,-0.005925943609327078,attack,no
5002,0,0,0.037326887076403345,-3.304581880569458,-0.05458187311887741,attack,no
5003,0,0,0.22270014398423357,-1.51084303855896,-0.26084306836128235,attack,no
5004,0,0,0.18242552602881168,-1.7293955087661743,-0.2293955236673355,attack,no
5005,0,0,0.0021827161644151164,-6.129707336425781,-0.004707207437604666,attack,no
5006,0,0,0.02595735606753309,-3.6675355434417725,-0.04253549873828888,attack,no
5007,0,0,0.0013250224788325714,-6.632469654083252,-0.007469700649380684,attack,no
5008,0,0,0.003593602191251304,-5.631756782531738,-0.006756673566997051,attack,no
5009,0,0,0.18242552380635632,-1.740172266960144,-0.24017226696014404,attack,no
5010,0,0,0.015906389583376528,-4.147070407867432,-0.022070271894335747,attack,no
5011,0,0,0.002182716720190152,-6.131320953369141,-0.006321079563349485,attack,no
5012,0,0,0.46879062662624377,-0.7960925102233887,-0.6710925102233887,attack,no
5013,0,0,0.002800926449470259,-5.883453369140625,-0.008453183807432652,attack,no
5014,0,0,0.04208773031866069,-3.192789316177368,-0.06778937578201294,attack,no
5015,0,0,0.2689414330889798,-1.3846735954284668,-0.3846736550331116,attack,no
5016,0,1,0.5926665999540697,-0.5822197198867798,-0.9572197198867798,attack,yes
5017,0,1,0.7310585727705126,-0.362106591463089,-1.3621065616607666,attack,yes
5018,0,0,0.004070137515811442,-5.5063300132751465,-0.00632996391505003,attack,no
5019,0,0,0.14804719051380197,-1.930143117904663,-0.1801430583000183,attack,no
5020,0,0,0.02297737233531229,-3.7893869876861572,-0.03938709571957588,attack,no
5021,0,0,0.0019267349100314227,-6.252965450286865,-0.0029655785765498877,attack,no
5022,0,0,0.16451645675203383,-1.874410629272461,-0.24941058456897736,attack,no
5023,0,0,0.004070138191569191,-5.508203029632568,-0.008203146979212761,attack,no
5024,0,0,0.00857748552459038,-4.764109134674072,-0.01410914771258831,attack,no
5025,0,0,0.005911068765946379,-5.132525444030762,-0.007525428663939238,attack,no
5026,0,0,0.09534946361376598,-2.3776707649230957,-0.1276707500219345,attack,no
5027,0,0,0.012431651813637232,-4.40139627456665,-0.02639635279774666,attack,no
5028,0,0,0.006692851512475981,-5.010868549346924,-0.010868637822568417,attack,no
5029,0,0,0.003593602161238322,-5.634352207183838,-0.009352089837193489,attack,no
5030,0,0,0.2018132174596823,-1.63175368309021,-0.2567536532878876,attack,no
5031,0,0,0.004609572328936553,-5.384374141693115,-0.009374174289405346,attack,no
5032,0,0,0.2689414272294874,-1.3489642143249512,-0.34896424412727356,attack,no
5033,0,0,0.0600866518571309,-2.832456588745117,-0.08245661854743958,attack,no
5034,0,1,0.7549149813536518,-0.3190019428730011,-1.4440019130706787,attack,yes
5035,0,0,0.025957359175758542,-3.662729024887085,-0.03772910311818123,attack,no
5036,0,0,0.003172682904338938,-5.756595134735107,-0.006595154292881489,attack,no
5037,0,0,0.029312229585402833,-3.535989284515381,-0.035989243537187576,attack,no
5038,0,1,0.6513548782017746,-0.4659695029258728,-1.0909695625305176,attack,yes
5039,0,0,0.0019267343557311273,-6.253138065338135,-0.0031379053834825754,attack,no
5040,0,0,0.16451646494473965,-1.8229464292526245,-0.1979464441537857,attack,no
5041,0,0,0.003593602993264965,-5.6305413246154785,-0.005541439633816481,attack,no
5042,0,0,0.005220125113209313,-5.258570194244385,-0.008570082485675812,attack,no
5043,0,0,0.02595735554949555,-3.654881000518799,-0.029880935326218605,attack,no
5044,0,0,0.007577240539508873,-4.895465850830078,-0.020465753972530365,attack,no
5045,0,0,0.4073334000459302,-0.9311999082565308,-0.5561999082565308,attack,no
5046,0,0,0.5,-0.7268456220626831,-0.7268456220626831,attack,no
5047,0,0,0.2942149845400438,-1.3104746341705322,-0.435474693775177,attack,no
5048,0,1,0.8175744739711884,-0.22286666929721832,-1.7228666543960571,attack,yes
5049,0,0,0.14804719239327382,-1.947471261024475,-0.19747121632099152,attack,no
5050,0,0,0.06008665522337757,-2.8505699634552,-0.10057005286216736,attack,no
5051,0,0,0.0011695103597043404,-6.752941131591797,-0.0029412126168608665,attack,no
5052,0,0,0.0600866476493228,-2.8372771739959717,-0.0872771292924881,attack,no
5053,0,0,0.06754668926255561,-2.71232271194458,-0.08732268214225769,attack,no
5054,0,0,0.10669059394565118,-2.256129264831543,-0.13112926483154297,attack,no
5055,0,0,0.007577241414931884,-4.886714458465576,-0.011714478023350239,attack,no
5056,0,0,0.0017007224051103784,-6.384186267852783,-0.009186264127492905,attack,no
5057,0,0,0.02931222905542399,-3.5398807525634766,-0.03988069295883179,attack,no
5058,0,0,0.2689414213699951,-1.3419841527938843,-0.3419841527938843,attack,no
5059,0,0,0.34864513533394575,-1.1040300130844116,-0.4790300130844116,attack,no
5060,0,0,0.02297737133174536,-3.7837002277374268,-0.03370029106736183,attack,no
5061,0,0,0.008577486601694871,-4.764158725738525,-0.014158865436911583,attack,no
5062,0,0,0.007577239587048752,-4.892082214355469,-0.017081990838050842,attack,no
5063,0,0,0.014063629496824203,-4.271927356719971,-0.02192753367125988,attack,no
5064,0,0,0.015906392965552404,-4.143390655517578,-0.018390735611319542,attack,no
5065,0,0,0.3486451217982255,-1.109706163406372,-0.4847061038017273,attack,no
5066,0,0,0.34864513533394575,-1.1058635711669922,-0.4808635711669922,attack,no
5067,0,1,0.5312093733737563,-0.6519380807876587,-0.7769380807876587,attack,yes
5068,0,1,0.5926665999540697,-0.5472678542137146,-0.9222678542137146,attack,yes
5069,0,0,0.0013250223352593495,-6.62912654876709,-0.004126486834138632,attack,no
5070,0,1,0.731058584489497,-0.3627346456050873,-1.3627346754074097,attack,yes
5071,0,0,0.03732688935207537,-3.296239137649536,-0.04623919352889061,attack,no
5072,0,1,0.798186768138228,-0.29884082078933716,-1.6738407611846924,attack,yes
5073,0,0,0.01406362817963978,-4.280107021331787,-0.030107103288173676,attack,no
5074,0,0,0.0001795280480622309,-8.626910209655762,-0.0019106481922790408,attack,no
5075,0,0,0.24508501864634827,-1.4490901231765747,-0.3240901529788971,attack,no
5076,0,0,0.022977371958974688,-3.7793080806732178,-0.029308171942830086,attack,no
5077,0,1,0.731058584489497,-0.3404230773448944,-1.3404231071472168,attack,yes
5078,0,0,0.004609571628130185,-5.381669998168945,-0.006669878028333187,attack,no
5079,0,0,0.014063624538012891,-4.269968032836914,-0.019967852160334587,attack,no
5080,0,0,0.005220126457684789,-5.258960247039795,-0.008960394188761711,attack,no
5081,0,0,0.05340332603345051,-2.9505043029785156,-0.07550422847270966,attack,no
5082,0,0,0.06754669160889748,-2.7132344245910645,-0.08823443204164505,attack,no
5083,0,0,0.029312233613242346,-3.538193702697754,-0.038193803280591965,attack,no
5084,0,0,0.06754669489377622,-2.703746795654297,-0.07874685525894165,attack,no
5085,0,0,0.24508500761839525,-1.429079294204712,-0.3040792644023895,attack,no
5086,0,0,0.0004305570079754978,-7.7524614334106445,-0.0024612629786133766,attack,no
5087,0,0,0.014063624408877203,-4.2807297706604,-0.03072958067059517,attack,no
5088,0,0,0.017986212133449052,-4.026021957397461,-0.026022080332040787,attack,no
5089,0,0,0.0040701369835107245,-5.506607532501221,-0.006607351824641228,attack,no
5090,0,0,0.11920290950590741,-2.1537699699401855,-0.153769850730896,attack,no
5091,0,1,0.5312093733737563,-0.6799535751342773,-0.8049535751342773,attack,yes
5092,0,0,0.025957359835079137,-3.6679930686950684,-0.042993173003196716,attack,no
5093,0,1,0.6513548646660542,-0.44616198539733887,-1.0711619853973389,attack,yes
5094,0,0,0.02595735616172174,-3.6618919372558594,-0.03689189627766609,attack,no
5095,0,0,0.010986943460430344,-4.521149158477783,-0.02114923484623432,attack,no
5096,0,1,0.5621765008857981,-0.6106166243553162,-0.8606166243553162,attack,yes
5097,0,0,0.04208772401067611,-3.1873855590820312,-0.06238546222448349,attack,no
5098,0,0,0.005911070164188355,-5.133362293243408,-0.008362515829503536,attack,no
5099,0,0,0.32082130731838393,-1.170283317565918,-0.42028334736824036,attack,no
5100,0,0,0.04208773242132242,-3.200108528137207,-0.07510863989591599,attack,no
5101,0,0,0.007577239895197602,-4.88566255569458,-0.010662373155355453,attack,no
5102,0,0,0.06008664933244599,-2.8336124420166016,-0.08361242711544037,attack,no
5103,0,0,0.2689414096510108,-1.352975845336914,-0.3529757857322693,attack,no
5104,0,0,0.037326887344129464,-3.3017995357513428,-0.05179953575134277,attack,no
5105,0,0,0.009708478522973046,-4.638993740081787,-0.013993952423334122,attack,no
5106,0,0,0.0007096704727422186,-7.251699924468994,-0.0017000283114612103,attack,no
5107,0,0,0.13296425050508953,-2.0316925048828125,-0.15669259428977966,attack,no
5108,0,0,0.004070137008049408,-5.506236553192139,-0.0062363785691559315,attack,no
5109,0,0,0.06008665059478843,-2.821279764175415,-0.07127977162599564,attack,no
5110,0,0,0.005220124943940843,-5.260890007019043,-0.010889862664043903,attack,no
5111,0,0,0.014063626681665485,-4.271176338195801,-0.021176312118768692,attack,no
5112,0,0,0.03308597910376534,-3.4142048358917236,-0.039204858243465424,attack,no
5113,0,0,0.010986942003155366,-4.516793251037598,-0.01679319329559803,attack,no
5114,0,1,0.6224593171945417,-0.5711331963539124,-1.0711331367492676,attack,yes
5115,0,0,0.0066928523421351275,-5.014170169830322,-0.014170383103191853,attack,no
5116,0,1,0.7772998560157665,-0.26509132981300354,-1.5150913000106812,attack,yes
5117,0,0,0.012431649458244614,-4.393471717834473,-0.018471604213118553,attack,no
5118,0,1,0.5312093733737563,-0.6512048840522766,-0.7762048840522766,attack,yes
5119,0,0,0.0097084747265016,-4.638276100158691,-0.013275917619466782,attack,no
5120,0,0,0.29421497216298875,-1.2549246549606323,-0.3799246549606323,attack,no
5121,0,0,0.18242551936144574,-1.7529889345169067,-0.25298890471458435,attack,no
5122,0,0,0.37754066879814546,-1.006149172782898,-0.506149172782898,attack,no
5123,0,0,0.042087727465048505,-3.1786537170410156,-0.05365370586514473,attack,no
5124,0,0,0.46879062662624377,-0.8111357092857361,-0.6861357092857361,attack,no
5125,0,0,0.18242552825126704,-1.7517520189285278,-0.2517520487308502,attack,no
5126,0,1,0.6224593312018546,-0.537163496017456,-1.037163496017456,attack,yes
5127,0,0,0.007577242213317756,-4.884389400482178,-0.009389526210725307,attack,no
5128,0,0,0.02595735427794891,-3.6699447631835938,-0.0449446476995945,attack,no
5129,0,0,0.0011695101323295884,-6.7541961669921875,-0.004196053370833397,attack,no
5130,0,0,0.025957358422249308,-3.6645455360412598,-0.039545584470033646,attack,no
5131,0,0,0.012431648749340125,-4.393256187438965,-0.018256016075611115,attack,no
5132,0,0,0.14804719239327382,-1.9437334537506104,-0.19373340904712677,attack,no
5133,0,0,0.009708478290170509,-4.652143478393555,-0.02714366652071476,attack,no
5134,0,0,0.009708476409842532,-4.636867523193359,-0.011867515742778778,attack,no
5135,0,0,0.1066905911052601,-2.2521655559539795,-0.1271655261516571,attack,no
5136,0,1,0.7057850216484838,-0.3631031811237335,-1.2381031513214111,attack,yes
5137,0,0,0.0028009273130885897,-5.884055137634277,-0.009055261500179768,attack,no
5138,0,0,0.06754669254743426,-2.729315757751465,-0.10431578010320663,attack,no
5139,0,0,0.003593602919899883,-5.630998134613037,-0.005998229142278433,attack,no
5140,0,0,0.4378234991142019,-0.8552646636962891,-0.6052646636962891,attack,no
5141,0,0,0.037326891493884455,-3.3054354190826416,-0.055435534566640854,attack,no
5142,0,0,0.08509905080783367,-2.4751319885253906,-0.1001320630311966,attack,no
5143,0,1,0.5312093733737563,-0.6834636926651001,-0.8084636926651001,attack,yes
5144,0,0,0.2018132174596823,-1.654937744140625,-0.2799377143383026,attack,no
5145,0,0,0.11920293140927592,-2.149111270904541,-0.14911136031150818,attack,no
5146,0,1,0.6224593452091672,-0.5344542860984802,-1.034454345703125,attack,yes
5147,0,0,0.5,-0.729414701461792,-0.729414701461792,attack,no
5148,0,0,0.2018132174596823,-1.6260778903961182,-0.2510778605937958,attack,no
5149,0,0,0.2018132174596823,-1.6228479146957397,-0.24784788489341736,attack,no
5150,0,0,0.0758581763650499,-2.593198776245117,-0.09319872409105301,attack,no
5151,0,0,0.0007096703809378554,-7.25684928894043,-0.006849263329058886,attack,no
5152,0,0,0.0013250224289208488,-6.627714157104492,-0.0027141659520566463,attack,no
5153,0,0,0.46879062662624377,-0.7710277438163757,-0.6460277438163757,attack,no
5154,0,0,0.24508501864634827,-1.430300235748291,-0.3053002655506134,attack,no
5155,0,0,0.037326887210266405,-3.3010337352752686,-0.051033731549978256,attack,no
5156,0,0,0.004070136870255261,-5.508664131164551,-0.008663922548294067,attack,no
5157,0,0,0.009708476284487347,-4.64179801940918,-0.016797998920083046,attack,no
5158,0,0,0.0024726230911669756,-6.004231929779053,-0.004231903236359358,attack,no
5159,0,0,0.32082129433083023,-1.1743396520614624,-0.42433962225914,attack,no
5160,0,0,0.07585817427579646,-2.5957841873168945,-0.09578410536050797,attack,no
5161,0,0,0.2942149783515162,-1.2456862926483154,-0.3706863224506378,attack,no
5162,0,1,0.5312093733737563,-0.6952749490737915,-0.8202749490737915,attack,yes
5163,0,0,0.20181322226037882,-1.6470707654953003,-0.2720707654953003,attack,no
5164,0,0,0.02297736740110863,-3.783207893371582,-0.03320778161287308,attack,no
5165,0,0,0.004070138367115217,-5.5064826011657715,-0.0064827618189156055,attack,no
5166,0,0,0.025957360023456458,-3.6635196208953857,-0.038519732654094696,attack,no
5167,0,0,0.02931223287127187,-3.568413257598877,-0.06841333210468292,attack,no
5168,0,0,0.00460957252977742,-5.385682582855225,-0.010682659223675728,attack,no
5169,0,0,0.0013250226002228186,-6.629624366760254,-0.004624505061656237,attack,no
5170,0,0,0.009708477054526368,-4.642704486846924,-0.017704546451568604,attack,no
5171,0,0,0.0059110687851003756,-5.1390604972839355,-0.014060485176742077,attack,no
5172,0,1,0.8933094074745443,-0.14269255101680756,-2.2676925659179688,attack,yes
5173,0,0,0.009708477502223504,-4.639102458953857,-0.014102565124630928,attack,no
5174,0,0,0.0420877273148584,-3.1835339069366455,-0.058533892035484314,attack,no
5175,0,0,0.22270012850745968,-1.525475263595581,-0.2754752039909363,attack,no
5176,0,0,0.014063626294258367,-4.273689270019531,-0.023689216002821922,attack,no
5177,0,0,0.002182716540678857,-6.134486198425293,-0.009486242197453976,attack,no
5178,0,0,0.0019267346758641546,-6.258026599884033,-0.008026606403291225,attack,no
5179,0,0,0.22270014398423357,-1.5607125759124756,-0.310712605714798,attack,no
5180,0,0,0.06008665648572012,-2.844395875930786,-0.09439598768949509,attack,no
5181,0,0,0.005220125287314033,-5.265904903411865,-0.015904825180768967,attack,no
5182,0,0,0.012431649618319825,-4.397170066833496,-0.022169966250658035,attack,no
5183,0,0,0.22270014398423357,-1.5481560230255127,-0.2981560528278351,attack,no
5184,0,0,0.015906389116869566,-4.147389888763428,-0.022389722988009453,attack,no
5185,0,1,0.5312093733737563,-0.6782482266426086,-0.8032482266426086,attack,yes
5186,0,0,0.000911051356525108,-7.002464771270752,-0.0024649493861943483,attack,no
5187,0,0,0.3775406828054583,-1.0443089008331299,-0.5443089604377747,attack,no
5188,0,0,0.06754668410060376,-2.7101705074310303,-0.08517039567232132,attack,no
5189,0,0,0.01590638990410007,-4.151594638824463,-0.02659452334046364,attack,no
5190,0,0,0.22270014398423357,-1.528071641921997,-0.27807167172431946,attack,no
5191,0,0,0.5,-0.7200014591217041,-0.7200014591217041,attack,no
5192,0,0,0.04742587250438209,-3.0575363636016846,-0.057536348700523376,attack,no
5193,0,0,0.2689414213699951,-1.3440455198287964,-0.3440455198287964,attack,no
5194,0,0,0.06008665522337757,-2.8253164291381836,-0.07531651854515076,attack,no
5195,0,0,0.22270014398423357,-1.5767676830291748,-0.3267677128314972,attack,no
5196,0,0,0.015906388358795782,-4.146675109863281,-0.02167489565908909,attack,no
5197,0,0,0.18242552158390105,-1.7160332202911377,-0.2160332053899765,attack,no
5198,0,0,0.004070137778186644,-5.505789756774902,-0.005789772141724825,attack,no
5199,0,0,0.3775406547908327,-1.0164313316345215,-0.5164312720298767,attack,no
5200,0,0,0.0028009276226385973,-5.88002347946167,-0.005023714154958725,attack,no
5201,0,0,0.04742587149460509,-3.0678179264068604,-0.06781788915395737,attack,no
5202,0,0,0.3208212878370535,-1.164752721786499,-0.41475266218185425,attack,no
5203,0,0,0.0031726824242360686,-5.758572578430176,-0.008572446182370186,attack,no
5204,0,0,0.004070138365227625,-5.513801574707031,-0.013801734894514084,attack,no
5205,0,0,0.0019267350018178364,-6.259218215942383,-0.009218391962349415,attack,no
5206,0,1,0.5312093733737563,-0.6699640154838562,-0.7949640154838562,attack,yes
5207,0,1,0.5312093733737563,-0.6783950924873352,-0.8033950924873352,attack,yes
5208,0,0,0.0015011820312852463,-6.503210067749023,-0.003209917340427637,attack,no
5209,0,0,0.015906393986036643,-4.149750709533691,-0.024750854820013046,attack,no
5210,0,0,0.14804719427274565,-1.9437472820281982,-0.19374725222587585,attack,no
5211,0,1,0.6791786861878392,-0.4483686089515686,-1.1983685493469238,attack,yes
5212,0,0,0.002182716698892201,-6.129337310791016,-0.004337427206337452,attack,no
5213,0,0,0.025957358186777676,-3.6554651260375977,-0.03046516515314579,attack,no
5214,0,0,0.0004305571364366646,-7.751537799835205,-0.0015379278920590878,attack,no
5215,0,0,0.14804719991116141,-1.9359835386276245,-0.1859835535287857,attack,no
5216,0,0,0.22270013882530884,-1.513319730758667,-0.263319730758667,attack,no
5217,0,0,0.0052201254614187564,-5.26006555557251,-0.010065510869026184,attack,no
5218,0,0,0.11920291263495983,-2.162501335144043,-0.1625012457370758,attack,no
5219,0,0,0.0035936018877867223,-5.6336212158203125,-0.00862102210521698,attack,no
5220,0,0,0.012431651927976692,-4.395907402038574,-0.020907489582896233,attack,no
5221,0,0,0.014063627353171185,-4.276770114898682,-0.02677013725042343,attack,no
5222,0,0,0.014063629729268525,-4.277380466461182,-0.02738066017627716,attack,no
5223,0,1,0.6224593312018546,-0.5223633050918579,-1.022363305091858,attack,yes
5224,0,0,0.18242552825126704,-1.7277344465255737,-0.22773447632789612,attack,no
5225,0,0,0.13296424535145931,-2.057217836380005,-0.18221788108348846,attack,no
5226,0,0,0.00669284961169011,-5.042689800262451,-0.04268960282206535,attack,no
5227,0,0,0.29421496597446145,-1.2513004541397095,-0.3763004243373871,attack,no
5228,0,0,0.01798621154126062,-4.023930549621582,-0.023930639028549194,attack,no
5229,0,0,0.015906388708675983,-4.152399063110352,-0.02739887125790119,attack,no
5230,0,1,0.5312093733737563,-0.6541767716407776,-0.7791767716407776,attack,yes
5231,0,1,0.6224593312018546,-0.5072323083877563,-1.0072323083877563,attack,yes
5232,0,0,0.02033235345396455,-3.8999600410461426,-0.024960046634078026,attack,no
5233,0,0,0.005220126104639036,-5.2593183517456055,-0.009318430908024311,attack,no
5234,0,0,0.04742587351415913,-3.0604453086853027,-0.06044531613588333,attack,no
5235,0,0,0.3486451217982255,-1.101470947265625,-0.4764708876609802,attack,no
5236,0,0,0.009708475962145448,-4.642099857330322,-0.017099803313612938,attack,no
5237,0,0,0.009708474475791274,-4.638161659240723,-0.013161450624465942,attack,no
5238,0,0,0.24508501864634827,-1.4310344457626343,-0.30603447556495667,attack,no
5239,0,0,0.08509903978628845,-2.490145683288574,-0.11514561623334885,attack,no
5240,0,0,0.042087729117139754,-3.1987504959106445,-0.07375052571296692,attack,no
5241,0,0,0.2018132270610754,-1.6388804912567139,-0.26388052105903625,attack,no
5242,0,0,0.0021827165792180038,-6.128535270690918,-0.0035353321582078934,attack,no
5243,0,0,0.1329642333263228,-2.0569121837615967,-0.1819121241569519,attack,no
5244,0,0,0.060086653961035054,-2.8325836658477783,-0.08258373290300369,attack,no
5245,0,0,0.0011695100355049468,-6.754462718963623,-0.004462522454559803,attack,no
5246,0,0,0.06008665017400762,-2.8380727767944336,-0.0880727767944336,attack,no
5247,0,0,0.010986943784269256,-4.517159461975098,-0.017159568145871162,attack,no
5248,0,0,0.13296425050508953,-2.040111541748047,-0.16511163115501404,attack,no
5249,0,0,0.022977370077286757,-3.802562713623047,-0.05256272107362747,attack,no
5250,0,0,0.01590639191591154,-4.145064353942871,-0.02006436698138714,attack,no
5251,0,0,0.0010322308924625814,-6.877449035644531,-0.002448895713314414,attack,no
5252,0,1,0.5312093733737563,-0.6609146595001221,-0.7859146595001221,attack,yes
5253,0,0,0.0850990519679964,-2.481586456298828,-0.10658654570579529,attack,no
5254,0,0,0.012431653071371333,-4.3935322761535645,-0.01853245683014393,attack,no
5255,0,0,0.06754669207816587,-2.717215061187744,-0.09221507608890533,attack,no
5256,0,0,0.05340332641008787,-2.9630606174468994,-0.08806055039167404,attack,no
5257,0,0,0.0031726835891483698,-5.757266521453857,-0.007266757544130087,attack,no
5258,0,0,0.010986941740036291,-4.519178867340088,-0.019178785383701324,attack,no
5259,0,1,0.5926665999540697,-0.5535988211631775,-0.9285988211631775,attack,yes
5260,0,0,0.24508500210441886,-1.454223871231079,-0.3292238116264343,attack,no
5261,0,0,0.08509904964767095,-2.5053563117980957,-0.13035637140274048,attack,no
5262,0,0,0.0015011819272842978,-6.504164695739746,-0.0041644759476184845,attack,no
5263,0,0,0.37754066879814546,-1.0378721952438354,-0.5378721952438354,attack,no
5264,0,1,0.8175744673038221,-0.24431449174880981,-1.744314432144165,attack,yes
5265,0,0,0.0059110699835934815,-5.14092493057251,-0.015925122424960136,attack,no
5266,0,0,0.24508500210441886,-1.451364278793335,-0.3263642191886902,attack,no
5267,0,0,0.060086648490884395,-2.838360071182251,-0.08836004137992859,attack,no
5268,0,0,0.03732688694254029,-3.2924001216888428,-0.04240011051297188,attack,no
5269,0,0,0.20181322946142374,-1.6085847616195679,-0.23358480632305145,attack,no
5270,0,0,0.022977368404675395,-3.7781646251678467,-0.028164558112621307,attack,no
5271,0,0,0.34864513533394575,-1.1002854108810425,-0.4752854108810425,attack,no
5272,0,0,0.00591106873037467,-5.138002395629883,-0.013002374209463596,attack,no
5273,0,1,0.9149009532527358,-0.09767868369817734,-2.4726786613464355,attack,yes
5274,0,0,0.11920293140927592,-2.1572606563568115,-0.1572607457637787,attack,no
5275,0,0,0.07585818733363135,-2.59576678276062,-0.09576688706874847,attack,no
5276,0,0,0.0013250223685338288,-6.629372596740723,-0.004372559953480959,attack,no
5277,0,0,0.0534033331895608,-2.938732624053955,-0.06373269110918045,attack,no
5278,0,0,0.00669285076330624,-5.011868953704834,-0.011868929490447044,attack,no
5279,0,0,0.0028009275732146445,-5.882588863372803,-0.00758908037096262,attack,no
5280,0,0,0.005220125567816091,-5.259642124176025,-0.00964209996163845,attack,no
5281,0,0,0.004609572828902135,-5.395511627197266,-0.020511768758296967,attack,no
5282,0,0,0.0019267347940671313,-6.255441665649414,-0.005441733635962009,attack,no
5283,0,0,0.14804719991116141,-1.952380657196045,-0.20238067209720612,attack,no
5284,0,0,0.0024726230027280215,-6.009333610534668,-0.00933354813605547,attack,no
5285,0,0,0.025957357668740095,-3.657991409301758,-0.032991427928209305,attack,no
5286,0,0,0.033085978269527264,-3.418612480163574,-0.04361247643828392,attack,no
5287,0,0,0.0017007223070742848,-6.3784685134887695,-0.0034684520214796066,attack,no
5288,0,1,0.6224593171945417,-0.5179963707923889,-1.0179963111877441,attack,yes
5289,0,0,0.5,-0.7678118348121643,-0.7678118348121643,attack,no
5290,0,0,0.37754066879814546,-0.9996336698532104,-0.49963366985321045,attack,no
5291,0,0,0.03732688560390976,-3.297686815261841,-0.04768676683306694,attack,no
5292,0,0,0.0008040860867780188,-7.134319305419922,-0.009319493547081947,attack,no
5293,0,0,0.3486451488696663,-1.081587791442871,-0.45658785104751587,attack,no
5294,0,0,0.015906392411575272,-4.146722793579102,-0.021722838282585144,attack,no
5295,0,0,0.00460957216228137,-5.383640289306641,-0.008640285581350327,attack,no
5296,0,0,0.0004305570794207442,-7.751621723175049,-0.0016217187512665987,attack,no
5297,0,0,0.01590639031229368,-4.148799896240234,-0.023799806833267212,attack,no
5298,0,0,0.26894141551050293,-1.3360626697540283,-0.33606263995170593,attack,no
5299,0,0,0.060086653961035054,-2.834933280944824,-0.08493334800004959,attack,no
5300,0,0,0.0021827168358076045,-6.130740642547607,-0.005740821827203035,attack,no
5301,0,0,0.22270013882530884,-1.5451451539993286,-0.2951451539993286,attack,no
5302,0,1,0.6224593312018546,-0.5088458061218262,-1.0088458061218262,attack,yes
5303,0,0,0.46879062662624377,-0.7837933301925659,-0.6587933301925659,attack,no
5304,0,0,0.003593603200021115,-5.632795333862305,-0.007795506622642279,attack,no
5305,0,0,0.012431651516354645,-4.392367839813232,-0.01736789382994175,attack,no
5306,0,0,0.3775406828054583,-1.0149948596954346,-0.5149949193000793,attack,no
5307,0,0,0.012431652202391397,-4.391534805297852,-0.016534915193915367,attack,no
5308,0,0,0.037326891226158315,-3.295257568359375,-0.045257676392793655,attack,no
5309,0,0,0.007577241751094346,-4.885583400726318,-0.010583464987576008,attack,no
5310,0,0,0.04208773257151255,-3.1862339973449707,-0.061234112828969955,attack,no
5311,0,0,0.01406362422808724,-4.266200065612793,-0.016199862584471703,attack,no
5312,0,0,0.0046095728118092935,-5.385885715484619,-0.010885853320360184,attack,no
5313,0,0,0.004609571816151394,-5.386013984680176,-0.011013905517756939,attack,no
5314,0,0,0.03732688627322502,-3.3007946014404297,-0.0507945716381073,attack,no
5315,0,0,0.4073334000459302,-0.9362846612930298,-0.5612846612930298,attack,no
5316,0,1,0.6513548511303336,-0.4852293133735657,-1.110229253768921,attack,yes
5317,0,0,0.000709670286656768,-7.252089977264404,-0.0020898187067359686,attack,no
5318,0,0,0.047425867792089564,-3.060626983642578,-0.060626864433288574,attack,no
5319,0,0,0.060086648911665194,-2.8173129558563232,-0.06731293350458145,attack,no
5320,0,0,0.012431648360586064,-4.402926445007324,-0.027926241979002953,attack,no
5321,0,0,0.1480472036701053,-1.9404200315475464,-0.19042007625102997,attack,no
5322,0,0,0.3208212878370535,-1.1627159118652344,-0.4127158522605896,attack,no
5323,0,1,0.7981867777396212,-0.26909756660461426,-1.6440975666046143,attack,yes
5324,0,0,0.13296423504419938,-2.0725934505462646,-0.19759340584278107,attack,no
5325,0,0,0.32082129433083023,-1.1576682329177856,-0.40766820311546326,attack,no
5326,0,0,0.004070137342153044,-5.507488250732422,-0.007488158531486988,attack,no
5327,0,0,0.022977369742764476,-3.7820985317230225,-0.032098524272441864,attack,no
5328,0,0,0.22270013366638422,-1.5358686447143555,-0.2858686149120331,attack,no
5329,0,0,0.2018132270610754,-1.62790048122406,-0.25290051102638245,attack,no
5330,0,0,0.0035936018711128447,-5.632422924041748,-0.007422725670039654,attack,no
5331,0,0,0.10669059252545564,-2.2770934104919434,-0.15209339559078217,attack,no
5332,0,0,0.0031726833019702027,-5.759311199188232,-0.009311344474554062,attack,no
5333,0,0,0.029312233613242346,-3.5471014976501465,-0.04710159823298454,attack,no
5334,0,0,0.002800926483286635,-5.884035587310791,-0.009035414084792137,attack,no
5335,0,0,0.033085981487302796,-3.422434091567993,-0.047434188425540924,attack,no
5336,0,0,0.007577242563487023,-4.886812210083008,-0.011812382377684116,attack,no
5337,0,0,0.2689414096510108,-1.3521337509155273,-0.35213369131088257,attack,no
5338,0,0,0.060086643862295744,-2.820528745651245,-0.07052863389253616,attack,no
5339,0,0,0.0013250221183590608,-6.628745079040527,-0.0037448531948029995,attack,no
5340,0,0,0.3208213138121609,-1.166152000427246,-0.41615206003189087,attack,no
5341,0,0,0.02595735653847632,-3.663987874984741,-0.03898784890770912,attack,no
5342,0,0,0.07585817740967664,-2.606903076171875,-0.10690303891897202,attack,no
5343,0,0,0.008577487092727844,-4.771121025085449,-0.021121222525835037,attack,no
5344,0,0,0.5,-0.7409259080886841,-0.7409259080886841,attack,no
5345,0,0,0.014063627275689758,-4.2690253257751465,-0.019025342538952827,attack,no
5346,0,0,0.0004878571960108456,-7.626936435699463,-0.0019365858752280474,attack,no
5347,0,0,0.3486451285660856,-1.0766292810440063,-0.45162925124168396,attack,no
5348,0,0,0.32082130082460697,-1.1816250085830688,-0.43162500858306885,attack,no
5349,0,0,0.16451646494473965,-1.8492380380630493,-0.2242380529642105,attack,no
5350,0,0,0.022977370829961912,-3.778123140335083,-0.02812318131327629,attack,no
5351,0,0,0.042087729267329864,-3.1811206340789795,-0.05612066760659218,attack,no
5352,0,0,0.0017007222683342173,-6.382644176483154,-0.007644092198461294,attack,no
5353,0,0,0.004070138097189611,-5.509642124176025,-0.009642218239605427,attack,no
5354,0,0,0.008577483623818079,-4.767552375793457,-0.017552165314555168,attack,no
5355,0,0,0.01798621265983879,-4.032769680023193,-0.032769832760095596,attack,no
5356,0,0,0.18242553047372242,-1.732309103012085,-0.23230914771556854,attack,no
5357,0,0,0.007577242535473482,-4.886538505554199,-0.011538674123585224,attack,no
5358,0,1,0.5621765008857981,-0.5984728932380676,-0.8484728932380676,attack,yes
5359,0,0,0.008577487266965358,-4.767090797424316,-0.017091015353798866,attack,no
5360,0,0,0.09534946875514017,-2.3767731189727783,-0.1267731636762619,attack,no
5361,0,0,0.26894141551050293,-1.3351919651031494,-0.335191935300827,attack,no
5362,0,0,0.2942149783515162,-1.2509504556655884,-0.37595048546791077,attack,no
5363,0,0,0.02595735427794891,-3.6648030281066895,-0.0398029126226902,attack,no
5364,0,0,0.07585818419975078,-2.591282844543457,-0.0912829041481018,attack,no
5365,0,0,0.18242551936144574,-1.7426756620407104,-0.24267563223838806,attack,no
5366,0,0,0.11920292202211755,-2.1480484008789062,-0.14804840087890625,attack,no
5367,0,0,0.06008665354025422,-2.824643135070801,-0.07464319467544556,attack,no
5368,0,0,0.46879062662624377,-0.7924107909202576,-0.6674107909202576,attack,no
5369,0,0,0.0010322308703745865,-6.877505779266357,-0.0025056179147213697,attack,no
5370,0,0,0.004609571213628908,-5.3852338790893555,-0.010233668610453606,attack,no
5371,0,0,0.0035936033084013586,-5.63079833984375,-0.005798542872071266,attack,no
5372,0,0,0.0024726235161334205,-6.007113933563232,-0.007114079315215349,attack,no
5373,0,0,0.16451645470385742,-1.8585965633392334,-0.23359650373458862,attack,no
5374,0,0,0.012431652568277681,-4.394856929779053,-0.019857069477438927,attack,no
5375,0,0,0.009708475657711444,-4.643115043640137,-0.018114957958459854,attack,no
5376,0,0,0.0373268852023206,-3.3054072856903076,-0.05540722608566284,attack,no
5377,0,0,0.00857748478012118,-4.765949249267578,-0.015949174761772156,attack,no
5378,0,1,0.8519527963298947,-0.19644562900066376,-1.9464455842971802,attack,yes
5379,0,0,0.0035936034251185488,-5.634930610656738,-0.009930846281349659,attack,no
5380,0,0,0.0028009270191461763,-5.881877422332764,-0.006877440959215164,attack,no
5381,0,0,0.24508501313237172,-1.449998140335083,-0.324998140335083,attack,no
5382,0,0,0.1645164608483867,-1.8186284303665161,-0.19362841546535492,attack,no
5383,0,0,0.32082129433083023,-1.165601372718811,-0.41560134291648865,attack,no
5384,0,0,0.06008665017400762,-2.846553325653076,-0.09655332565307617,attack,no
5385,0,0,0.014063624047297284,-4.271483898162842,-0.021483682096004486,attack,no
5386,0,0,0.0017007222137818787,-6.379951000213623,-0.00495088379830122,attack,no
5387,0,1,0.5312093733737563,-0.6675036549568176,-0.7925036549568176,attack,yes
5388,0,0,0.11920293140927592,-2.1501033306121826,-0.15010342001914978,attack,no
5389,0,0,0.20181322226037882,-1.6373331546783447,-0.2623331546783447,attack,no
5390,0,0,0.29421497216298875,-1.3036366701126099,-0.42863667011260986,attack,no
5391,0,0,0.01590639031229368,-4.145831108093262,-0.020831018686294556,attack,no
5392,0,0,0.04208773121980142,-3.2007253170013428,-0.07572539895772934,attack,no
5393,0,0,0.005220126472193518,-5.262353420257568,-0.012353570200502872,attack,no
5394,0,0,0.033085979938003426,-3.4133570194244385,-0.03835706785321236,attack,no
5395,0,0,0.014063630245811478,-4.270362854003906,-0.020363084971904755,attack,no
5396,0,0,0.2018132174596823,-1.620369791984558,-0.24536976218223572,attack,no
5397,0,0,0.006692851301965467,-5.0093841552734375,-0.009384212084114552,attack,no
5398,0,0,0.06008665311947337,-2.828650712966919,-0.07865076512098312,attack,no
5399,0,0,0.1329642264548166,-2.02415132522583,-0.14915120601654053,attack,no
5400,0,0,0.02033235408469743,-3.8987350463867188,-0.023735083639621735,attack,no
5401,0,0,0.46879062662624377,-0.8316184878349304,-0.7066184878349304,attack,no
5402,0,0,0.2018132270610754,-1.6285209655761719,-0.25352099537849426,attack,no
5403,0,0,0.0028009264130526247,-5.880269527435303,-0.005269329063594341,attack,no
5404,0,0,0.2018132150593341,-1.621237874031067,-0.2462378293275833,attack,no
5405,0,0,0.025957359552513163,-3.660205841064453,-0.03520593419671059,attack,no
5406,0,0,0.03732688747799252,-3.305368423461914,-0.05536842718720436,attack,no
5407,0,0,0.08509905138791504,-2.4750797748565674,-0.10007985681295395,attack,no
5408,0,0,0.07585818367743737,-2.592731475830078,-0.0927315279841423,attack,no
5409,0,0,0.24508501864634827,-1.4301869869232178,-0.30518701672554016,attack,no
5410,0,0,0.029312227359491745,-3.5619864463806152,-0.061986327171325684,attack,no
5411,0,0,0.13296423504419938,-2.047441005706787,-0.17244096100330353,attack,no
5412,0,0,0.012431648886547441,-4.393268585205078,-0.01826842501759529,attack,no
5413,0,0,0.0024726229521914783,-6.006221771240234,-0.006221688352525234,attack,no
5414,0,0,0.0035936029565824235,-5.631950855255127,-0.006950960028916597,attack,no
5415,0,0,0.010986941051878748,-4.520935535430908,-0.020935390144586563,attack,no
5416,0,0,0.015906389525063156,-4.153843402862549,-0.028843263164162636,attack,no
5417,0,1,0.5621765008857981,-0.6225255727767944,-0.8725255727767944,attack,yes
5418,0,0,0.006692852038752292,-5.013382911682129,-0.013383079320192337,attack,no
5419,0,0,0.37754066879814546,-1.0193696022033691,-0.5193696022033691,attack,no
5420,0,0,0.0006263342915329826,-7.376559734344482,-0.001559947500936687,attack,no
5421,0,0,0.3208212878370535,-1.156090497970581,-0.4060904383659363,attack,no
5422,0,1,0.7549149923816048,-0.2999015748500824,-1.4249016046524048,attack,yes
5423,0,0,0.0052201257249939745,-5.256704330444336,-0.0067043364979326725,attack,no
5424,0,0,0.042087730919421175,-3.1820414066314697,-0.057041481137275696,attack,no
5425,0,0,0.32082130082460697,-1.146547555923462,-0.3965475559234619,attack,no
5426,0,0,0.0031726825582525063,-5.754749298095703,-0.004749208223074675,attack,no
5427,0,0,0.008577486443297143,-4.765936851501465,-0.015936972573399544,attack,no
5428,0,0,0.04208773136999154,-3.1798598766326904,-0.054859962314367294,attack,no
5429,0,0,0.001032230862931893,-6.877508640289307,-0.0025084717199206352,attack,no
5430,0,0,0.09534946618445303,-2.3751938343048096,-0.12519384920597076,attack,no
5431,0,0,0.10669059678604234,-2.2591662406921387,-0.13416627049446106,attack,no
5432,0,0,0.0028009266549697777,-5.879443645477295,-0.004443533718585968,attack,no
5433,0,0,0.02595735540821259,-3.6655147075653076,-0.040514636784791946,attack,no
5434,0,0,0.005911067603025221,-5.133595943450928,-0.008595730178058147,attack,no
5435,0,1,0.5926665999540697,-0.5729337930679321,-0.9479337930679321,attack,yes
5436,0,1,0.5926665999540697,-0.5497831702232361,-0.9247831702232361,attack,yes
5437,0,0,0.008577483433740872,-4.766831874847412,-0.016831642016768456,attack,no
5438,0,0,0.37754066879814546,-1.0025299787521362,-0.5025299787521362,attack,no
5439,0,0,0.009708477735026021,-4.6449995040893555,-0.019999634474515915,attack,no
5440,0,0,0.012431650281488585,-4.3999810218811035,-0.024980975314974785,attack,no
5441,0,0,0.015906392848925636,-4.146327018737793,-0.02132709138095379,attack,no
5442,0,1,0.5312093733737563,-0.6524974703788757,-0.7774974703788757,attack,yes
5443,0,0,0.3775406828054583,-1.0081872940063477,-0.5081873536109924,attack,no
5444,0,0,0.22270014914315833,-1.549210786819458,-0.2992108464241028,attack,no
5445,0,0,0.0005527787090865271,-7.503870010375977,-0.0038701409939676523,attack,no
5446,0,0,0.014063628722009823,-4.273041248321533,-0.023041369393467903,attack,no
5447,0,0,0.01798620762623757,-4.025031566619873,-0.02503143437206745,attack,no
5448,0,0,0.02931223340125078,-3.5422873497009277,-0.042287442833185196,attack,no
5449,0,0,0.3775406828054583,-1.0366432666778564,-0.5366433262825012,attack,no
5450,0,1,0.5926665999540697,-0.5465940833091736,-0.9215940833091736,attack,yes
5451,0,0,0.009708476141224278,-4.638824462890625,-0.013824427500367165,attack,no
5452,0,0,0.5,-0.7967868447303772,-0.7967868447303772,attack,no
5453,0,0,0.014063627869714051,-4.274302959442139,-0.024303019046783447,attack,no
5454,0,0,0.014063628412084082,-4.2697038650512695,-0.01970396377146244,attack,no
5455,0,0,0.001700722052101407,-6.378337860107422,-0.0033376484643667936,attack,no
5456,0,0,0.006692849599307142,-5.010092735290527,-0.010092535987496376,attack,no
5457,0,0,0.001325022496702201,-6.62794828414917,-0.0029483442194759846,attack,no
5458,0,0,0.09534946168575072,-2.358020067214966,-0.10802002996206284,attack,no
5459,0,0,0.015906395181461117,-4.154662132263184,-0.029662353917956352,attack,no
5460,0,0,0.1329642419157059,-2.0493552684783936,-0.17435528337955475,attack,no
5461,0,0,0.0002959570981511668,-8.127412796020508,-0.0024127440992742777,attack,no
5462,0,0,0.00857748470092233,-4.76577091217041,-0.01577082835137844,attack,no
5463,0,0,0.009708474780225244,-4.644837379455566,-0.01983720250427723,attack,no
5464,0,0,0.025957355784967162,-3.674417018890381,-0.04941696301102638,attack,no
5465,0,0,0.006692852150199047,-5.014518737792969,-0.014518922194838524,attack,no
5466,0,0,0.033085978388704126,-3.420262575149536,-0.04526257514953613,attack,no
5467,0,0,0.2018132270610754,-1.6608532667160034,-0.2858532965183258,attack,no
5468,0,0,0.0010322311971329048,-6.877832889556885,-0.0028330450877547264,attack,no
5469,0,0,0.11920293297380237,-2.149301528930664,-0.14930163323879242,attack,no
5470,0,0,0.11920292358664389,-2.146489381790161,-0.14648939669132233,attack,no
5471,0,0,0.003172682391836491,-5.755998134613037,-0.005997992120683193,attack,no
5472,0,0,0.04208772371029592,-3.188880205154419,-0.06388010084629059,attack,no
5473,0,0,0.025957355125646668,-3.6619374752044678,-0.03693739324808121,attack,no
5474,0,0,0.005220125533962393,-5.256797790527344,-0.006797759793698788,attack,no
5475,0,0,0.04742587620689797,-3.0684940814971924,-0.06849414855241776,attack,no
5476,0,0,0.2689414272294874,-1.3400990962982178,-0.34009912610054016,attack,no
5477,0,0,0.009708474448929456,-4.640065670013428,-0.015065458603203297,attack,no
5478,0,0,0.2018132270610754,-1.6463650465011597,-0.27136507630348206,attack,no
5479,0,0,0.0007096702930962815,-7.252196788787842,-0.002196639310568571,attack,no
5480,0,0,0.34864513533394575,-1.0833430290222168,-0.4583430290222168,attack,no
5481,0,0,0.10669058400428263,-2.2649104595184326,-0.13991035521030426,attack,no
5482,0,0,0.01590639060386055,-4.157837390899658,-0.03283732011914253,attack,no
5483,0,1,0.7310585669110203,-0.3472781777381897,-1.347278118133545,attack,yes
5484,0,0,0.042087729717900216,-3.192164421081543,-0.06716446578502655,attack,no
5485,0,0,0.0046095716238569754,-5.381303787231445,-0.0063036661595106125,attack,no
5486,0,0,0.04742587587030561,-3.0816378593444824,-0.0816379189491272,attack,no
5487,0,0,0.3208213138121609,-1.1942262649536133,-0.44422632455825806,attack,no
5488,0,0,0.001032231097256729,-6.8789191246032715,-0.003919183276593685,attack,no
5489,0,0,0.09534946811246839,-2.3694136142730713,-0.11941365152597427,attack,no
5490,0,0,0.012431653025635547,-4.39666223526001,-0.021662412211298943,attack,no
5491,0,1,0.6224593312018546,-0.5384281873703003,-1.0384281873703003,attack,yes
5492,0,0,0.08509904210661365,-2.476724863052368,-0.10172482579946518,attack,no
5493,0,0,0.24508500761839525,-1.4432997703552246,-0.3182997405529022,attack,no
5494,0,0,0.10669059678604234,-2.2650094032287598,-0.14000943303108215,attack,no
5495,0,0,0.2018132174596823,-1.6258108615875244,-0.250810831785202,attack,no
5496,0,0,0.015906393023865786,-4.153342247009277,-0.02834233082830906,attack,no
5497,0,0,0.4073334000459302,-0.9222408533096313,-0.5472408533096313,attack,no
5498,0,0,0.32082129433083023,-1.1842783689498901,-0.43427833914756775,attack,no
5499,0,0,0.1329642384799526,-2.0380046367645264,-0.16300462186336517,attack,no
5500,0,0,0.2018132174596823,-1.6557371616363525,-0.28073713183403015,attack,no
5501,0,0,0.00132502264243212,-6.627266883850098,-0.0022670540492981672,attack,no
5502,0,0,0.0031726829573564368,-5.754871368408203,-0.004871404729783535,attack,no
5503,0,0,0.004609572781896822,-5.387103080749512,-0.01210321206599474,attack,no
5504,0,0,0.004609572534050631,-5.381099224090576,-0.006099301390349865,attack,no
5505,0,0,0.053403329046549465,-2.947002410888672,-0.07200239598751068,attack,no
5506,0,0,0.1480472036701053,-1.943922996520996,-0.19392304122447968,attack,no
5507,0,0,0.0021827167556867375,-6.132994651794434,-0.00799479428678751,attack,no
5508,0,0,0.004609572634471069,-5.382635593414307,-0.007635692600160837,attack,no
5509,0,0,0.0373268904229799,-3.2964320182800293,-0.04643210396170616,attack,no
5510,0,0,0.34864513533394575,-1.0787146091461182,-0.45371460914611816,attack,no
5511,0,0,0.09534946361376598,-2.3730289936065674,-0.12302897870540619,attack,no
5512,0,0,0.0013250224911564538,-6.629512310028076,-0.004512365907430649,attack,no
5513,0,1,0.5312093733737563,-0.6713607311248779,-0.7963607311248779,attack,yes
5514,0,0,0.037326884934594504,-3.2940635681152344,-0.044063501060009,attack,no
5515,0,0,0.04742587637519415,-3.0563528537750244,-0.056352924555540085,attack,no
5516,0,1,0.5312093733737563,-0.6667882800102234,-0.7917882800102234,attack,yes
5517,0,0,0.1066905911052601,-2.2684097290039062,-0.14340969920158386,attack,no
5518,0,0,0.005220125110791192,-5.257569789886475,-0.007569677662104368,attack,no
5519,0,0,0.05340333205964859,-2.9451518058776855,-0.07015185058116913,attack,no
5520,0,0,0.025957355031458025,-3.65775203704834,-0.03275195136666298,attack,no
5521,0,0,0.015906394452543743,-4.159704208374023,-0.034704383462667465,attack,no
5522,0,0,0.002800926943709632,-5.8815813064575195,-0.00658129807561636,attack,no
5523,0,0,0.003593602119553626,-5.630753040313721,-0.005752911325544119,attack,no
5524,0,0,0.4073334000459302,-0.9439150094985962,-0.5689150094985962,attack,no
5525,0,1,0.7057850216484838,-0.366792231798172,-1.2417922019958496,attack,yes
5526,0,0,0.2018132174596823,-1.648617148399353,-0.27361711859703064,attack,no
5527,0,1,0.6224593171945417,-0.5174162983894348,-1.01741623878479,attack,yes
5528,0,0,0.0420877310696113,-3.186251640319824,-0.061251718550920486,attack,no
5529,0,1,0.5312093733737563,-0.6834882497787476,-0.8084882497787476,attack,yes
5530,0,0,0.02931223255328453,-3.5414798259735107,-0.041479889303445816,attack,no
5531,0,0,0.0004878572204203746,-7.626642227172852,-0.0016424274072051048,attack,no
5532,0,0,0.18242552380635632,-1.7688301801681519,-0.26883018016815186,attack,no
5533,0,0,0.0008040861024915078,-7.129176139831543,-0.004176347516477108,attack,no
5534,0,0,0.010986943683069595,-4.5147271156311035,-0.014727212488651276,attack,no
5535,0,0,0.02931223276527609,-3.544311046600342,-0.04431111738085747,attack,no
5536,0,0,0.4378234991142019,-0.8455879092216492,-0.5955879092216492,attack,no
5537,0,0,0.0474258688018665,-3.068622589111328,-0.06862249225378036,attack,no
5538,0,0,0.13296424878721277,-2.062418222427368,-0.18741829693317413,attack,no
5539,0,0,0.047425875197120895,-3.0780129432678223,-0.07801298797130585,attack,no
5540,0,0,0.004070137740434816,-5.506302356719971,-0.006302362773567438,attack,no
5541,0,0,0.03308597612434374,-3.428032636642456,-0.053032565861940384,attack,no
5542,0,1,0.6513548511303336,-0.4735627770423889,-1.0985627174377441,attack,yes
5543,0,0,0.0031726824198179443,-5.754708290100098,-0.004708156455308199,attack,no
5544,0,0,0.4378234991142019,-0.8750989437103271,-0.6250989437103271,attack,no
5545,0,0,0.0028009266341596987,-5.882523536682129,-0.0075234174728393555,attack,no
5546,0,0,0.0021827166461544185,-6.132253646850586,-0.007253739051520824,attack,no
5547,0,0,0.0052201263561236794,-5.260362148284912,-0.010362275876104832,attack,no
5548,0,0,0.012431651722165666,-4.392603397369385,-0.017603468149900436,attack,no
5549,0,0,0.20181322226037882,-1.6239086389541626,-0.2489086389541626,attack,no
5550,0,0,0.09534947518185825,-2.37992525100708,-0.12992537021636963,attack,no
5551,0,0,0.020332355717182622,-3.9020113945007324,-0.027011513710021973,attack,no
5552,0,0,0.02297737225168171,-3.777554988861084,-0.02755509316921234,attack,no
5553,0,0,0.012431651173336283,-4.394179344177246,-0.019179370254278183,attack,no
5554,0,0,0.025957355219835308,-3.6564061641693115,-0.031406085938215256,attack,no
5555,0,1,0.754914975839675,-0.31589633226394653,-1.4408962726593018,attack,yes
5556,0,0,0.03732689069070603,-3.295762300491333,-0.04576239362359047,attack,no
5557,0,0,0.09534945975773548,-2.371347188949585,-0.12134712934494019,attack,no
5558,0,0,0.022977370997223058,-3.7826976776123047,-0.03269772604107857,attack,no
5559,0,0,0.32082130082460697,-1.1562438011169434,-0.40624380111694336,attack,no
5560,0,0,0.1645164608483867,-1.833643913269043,-0.20864389836788177,attack,no
5561,0,0,0.06754669020109236,-2.7144293785095215,-0.08942936360836029,attack,no
5562,0,1,0.5312093733737563,-0.6759135127067566,-0.8009135127067566,attack,yes
5563,0,0,0.00020342695508832425,-8.500838279724121,-0.0008381668012589216,attack,no
5564,0,0,0.0019267346928782188,-6.256963729858398,-0.006963745225220919,attack,no
5565,0,0,0.24508501864634827,-1.4593108892440796,-0.334310919046402,attack,no
5566,0,0,0.008577483948533318,-4.763791561126709,-0.01379138883203268,attack,no
5567,0,0,0.007577242206314371,-4.889358997344971,-0.014359122142195702,attack,no
5568,0,0,0.06754668738548215,-2.714172124862671,-0.08917206525802612,attack,no
5569,0,0,0.04208772596314743,-3.180302381515503,-0.05530233308672905,attack,no
5570,0,1,0.5312093733737563,-0.6628226637840271,-0.7878226637840271,attack,yes
5571,0,0,0.003593602256279432,-5.632229804992676,-0.007229714188724756,attack,no
5572,0,0,0.0021827165143099674,-6.130599021911621,-0.005599053576588631,attack,no
5573,0,0,0.042087723560105816,-3.1818881034851074,-0.056887995451688766,attack,no
5574,0,0,0.002800927287075985,-5.879781246185303,-0.004781360737979412,attack,no
5575,0,0,0.2942149597859341,-1.2351856231689453,-0.36018556356430054,attack,no
5576,0,0,0.005220125355021424,-5.265829563140869,-0.015829497948288918,attack,no
5577,0,0,0.020332352897435558,-3.927854061126709,-0.052854038774967194,attack,no
5578,0,0,0.13296424878721277,-2.0414767265319824,-0.1664768010377884,attack,no
5579,0,1,0.679178699175393,-0.4167201519012451,-1.1667201519012451,attack,yes
5580,0,0,0.06754669301670263,-2.720306158065796,-0.09530618786811829,attack,no
5581,0,0,0.037326885068457556,-3.302133798599243,-0.05213373526930809,attack,no
5582,0,0,0.005220126022422906,-5.291816234588623,-0.04181629791855812,attack,no
5583,0,0,0.14804719239327382,-1.9257725477218628,-0.1757725030183792,attack,no
5584,0,0,0.015906389204339618,-4.144268989562988,-0.019268829375505447,attack,no
5585,0,0,0.00591107015324321,-5.132864952087402,-0.007865172810852528,attack,no
5586,0,0,0.002182716593416637,-6.129237651824951,-0.004237719811499119,attack,no
5587,0,0,0.02931222820745785,-3.54436993598938,-0.04436984658241272,attack,no
5588,0,1,0.5926665999540697,-0.5707733035087585,-0.9457733035087585,attack,yes
5589,0,0,0.04742587654349034,-3.073875904083252,-0.07387597858905792,attack,no
5590,0,0,0.002182716391593216,-6.129659652709961,-0.00465962802991271,attack,no
5591,0,0,0.0019267344573677613,-6.254251003265381,-0.004250896163284779,attack,no
5592,0,1,0.651354857898194,-0.4494864046573639,-1.0744863748550415,attack,yes
5593,0,1,0.6224593452091672,-0.522296130657196,-1.0222961902618408,attack,yes
5594,0,0,0.0019267348460048055,-6.255326271057129,-0.005326366052031517,attack,no
5595,0,0,0.00247262324162806,-6.004773139953613,-0.004773174412548542,attack,no
5596,0,0,0.0013250222656294235,-6.62753438949585,-0.0025342749431729317,attack,no
5597,0,0,0.002800927419740269,-5.892524242401123,-0.01752440445125103,attack,no
5598,0,0,0.05340333507274787,-2.9406707286834717,-0.06567083299160004,attack,no
5599,0,0,0.0013250226550641012,-6.629692077636719,-0.004692257381975651,attack,no
5600,0,0,0.037326889084349245,-3.300811290740967,-0.05081133916974068,attack,no
5601,0,0,0.008577484281168453,-4.761523723602295,-0.011523590423166752,attack,no
5602,0,0,0.13296424019782924,-2.078054428100586,-0.20305442810058594,attack,no
5603,0,0,0.008577484431646257,-4.766018390655518,-0.016018275171518326,attack,no
5604,0,0,0.014063630013367147,-4.275914192199707,-0.025914406403899193,attack,no
5605,0,0,0.09534947261117097,-2.3571224212646484,-0.1071225106716156,attack,no
5606,0,0,0.4378234991142019,-0.8615929484367371,-0.6115929484367371,attack,no
5607,0,0,0.16451646904109268,-1.8238474130630493,-0.1988474577665329,attack,no
5608,0,0,0.32082130082460697,-1.195108413696289,-0.44510841369628906,attack,no
5609,0,0,0.004070138323700608,-5.505270957946777,-0.005271107889711857,attack,no
5610,0,1,0.5926665999540697,-0.5937321782112122,-0.9687321782112122,attack,yes
5611,0,0,0.2689414272294874,-1.3481234312057495,-0.3481234610080719,attack,no
5612,0,0,0.014063625028728518,-4.278614521026611,-0.028614375740289688,attack,no
5613,0,0,0.00522012569839464,-5.2590556144714355,-0.009055615402758121,attack,no
5614,0,0,0.009708474225080954,-4.638439655303955,-0.013439420610666275,attack,no
5615,0,1,0.5621765008857981,-0.6210540533065796,-0.8710540533065796,attack,yes
5616,0,0,0.4378234991142019,-0.8745474219322205,-0.6245474219322205,attack,no
5617,0,0,0.02931223106934364,-3.5371623039245605,-0.03716231510043144,attack,no
5618,0,1,0.7981867777396212,-0.2849156856536865,-1.6599156856536865,attack,yes
5619,0,0,0.001501181931472255,-6.504077434539795,-0.0040772175416350365,attack,no
5620,0,0,0.46879062662624377,-0.7981109619140625,-0.6731109619140625,attack,no
5621,0,0,0.0008040858847474732,-7.12778377532959,-0.00278371199965477,attack,no
5622,0,0,0.010986945099864923,-4.523396968841553,-0.02339719608426094,attack,no
5623,0,0,0.005911070175133498,-5.133204460144043,-0.008204684592783451,attack,no
5624,0,0,0.010986944917705514,-4.518946647644043,-0.018946858122944832,attack,no
5625,0,0,0.012431652179523503,-4.39320182800293,-0.018201936036348343,attack,no
5626,0,0,0.46879062662624377,-0.7946093678474426,-0.6696093678474426,attack,no
5627,0,0,0.24508501313237172,-1.4341548681259155,-0.3091548681259155,attack,no
5628,0,0,0.009708477323144648,-4.653238296508789,-0.028238384053111076,attack,no
5629,0,1,0.5926666143433998,-0.6717273592948914,-1.0467274188995361,attack,yes
5630,0,0,0.0031726831016818556,-5.758046627044678,-0.0080467090010643,attack,no
5631,0,0,0.1645164628965632,-1.842197299003601,-0.21719729900360107,attack,no
5632,0,0,0.0015011820857286984,-6.503871917724609,-0.0038718036375939846,attack,no
5633,0,0,0.06008665227791171,-2.8330204486846924,-0.08302048593759537,attack,no
5634,0,0,0.009708477949920658,-4.638853549957275,-0.013853702694177628,attack,no
5635,0,0,0.04742587788985982,-3.0574939250946045,-0.05749402940273285,attack,no
5636,0,0,0.06008665480259672,-2.8284928798675537,-0.07849296182394028,attack,no
5637,0,0,0.10669058826486906,-2.2698516845703125,-0.14485162496566772,attack,no
5638,0,0,0.16451647108926923,-1.8291442394256592,-0.20414429903030396,attack,no
5639,0,0,0.01798620861321809,-4.022885799407959,-0.022885723039507866,attack,no
5640,0,0,0.01590639168265802,-4.152154922485352,-0.027154920622706413,attack,no
5641,0,0,0.06008664512463808,-2.82377552986145,-0.07377544045448303,attack,no
5642,0,1,0.5312093733737563,-0.6661182641983032,-0.7911182641983032,attack,yes
5643,0,0,0.01590639523977451,-4.146303176879883,-0.02130340225994587,attack,no
5644,0,0,0.5,-0.7210398316383362,-0.7210398316383362,attack,no
5645,0,1,0.754914997895581,-0.41159147024154663,-1.5365915298461914,attack,yes
5646,0,0,0.033085974694221476,-3.4292984008789062,-0.054298285394907,attack,no
5647,0,0,0.0474258782264522,-3.0550155639648438,-0.055015675723552704,attack,no
5648,0,0,0.0017007222517313315,-6.378511905670166,-0.0035118116065859795,attack,no
5649,0,0,0.07585818054355695,-2.619351863861084,-0.11935187131166458,attack,no
5650,0,1,0.6513548646660542,-0.4874793291091919,-1.112479329109192,attack,yes
5651,0,0,0.004070138478483129,-5.507498264312744,-0.007498452439904213,attack,no
5652,0,0,0.03732688988752763,-3.295276403427124,-0.045276474207639694,attack,no
5653,0,0,0.0015011825464041444,-6.506955146789551,-0.006955340038985014,attack,no
5654,0,0,0.03732689136002139,-3.317216634750366,-0.06721674650907516,attack,no
5655,0,0,0.05340332452690107,-2.945194959640503,-0.07019485533237457,attack,no
5656,0,0,0.46879062662624377,-0.7989557981491089,-0.6739557981491089,attack,no
5657,0,0,0.025957358328060655,-3.65671443939209,-0.031714484095573425,attack,no
5658,0,0,0.009708477332098588,-4.638763904571533,-0.013763993047177792,attack,no
5659,0,0,0.46879062662624377,-0.8108242154121399,-0.6858242154121399,attack,no
5660,0,0,0.002472623009619369,-6.00557279586792,-0.0055727362632751465,attack,no
5661,0,0,0.04208773001828046,-3.199892044067383,-0.07489209622144699,attack,no
5662,0,0,0.03308598160647967,-3.4247958660125732,-0.0497959665954113,attack,no
5663,0,0,0.3486451488696663,-1.0701193809509277,-0.4451194405555725,attack,no
5664,0,0,0.05340332866991209,-2.9471843242645264,-0.07218430191278458,attack,no
5665,0,0,0.04742587587030561,-3.0642037391662598,-0.06420379877090454,attack,no
5666,0,0,0.002800927432746572,-5.880784034729004,-0.005784201435744762,attack,no
5667,0,0,0.24508500761839525,-1.424800992012024,-0.29980096220970154,attack,no
5668,0,0,0.14804719991116141,-1.9361158609390259,-0.18611587584018707,attack,no
5669,0,0,0.01798620887641291,-4.029357433319092,-0.029357371851801872,attack,no
5670,0,0,0.07585817323116976,-2.5969204902648926,-0.09692039340734482,attack,no
5671,0,0,0.0013250221245210006,-6.629776954650879,-0.004776733461767435,attack,no
5672,0,1,0.7772998663336157,-0.28213414549827576,-1.5321341753005981,attack,yes
5673,0,0,0.0017007223936464798,-6.378453731536865,-0.00345372105948627,attack,no
5674,0,0,0.46879062662624377,-0.7925539016723633,-0.6675539016723633,attack,no
5675,0,0,0.0293122296913986,-3.5459632873535156,-0.04596325010061264,attack,no
5676,0,0,0.007577241737087577,-4.885859966278076,-0.010860028676688671,attack,no
5677,0,1,0.6224593452091672,-0.5303534865379333,-1.0303535461425781,attack,yes
5678,0,0,0.18242552602881168,-1.7198203802108765,-0.21982039511203766,attack,no
5679,0,0,0.24508501313237172,-1.4625388383865356,-0.33753883838653564,attack,no
5680,0,0,0.0017007226691753677,-6.38088846206665,-0.005888613872230053,attack,no
5681,0,1,0.8354835309589073,-0.20495371520519257,-1.829953670501709,attack,yes
5682,0,0,0.010986945059385054,-4.517459869384766,-0.017460092902183533,attack,no
5683,0,0,0.0011695101339614647,-6.754549503326416,-0.0045493911020457745,attack,no
5684,0,0,0.10669060246682488,-2.2775650024414062,-0.1525650918483734,attack,no
5685,0,0,0.004609572999830552,-5.386981010437012,-0.011981189250946045,attack,no
5686,0,0,0.18242551936144574,-1.7252246141433716,-0.2252245843410492,attack,no
5687,0,1,0.5312093733737563,-0.6621526479721069,-0.7871526479721069,attack,yes
5688,0,1,0.904650538956921,-0.16763396561145782,-2.4176340103149414,attack,yes
5689,0,0,0.03308597588599003,-3.4239516258239746,-0.04895154759287834,attack,no
5690,0,0,0.0035936022546120437,-5.635291576385498,-0.010291485115885735,attack,no
5691,0,0,0.025957359175758542,-3.666471004486084,-0.04147108271718025,attack,no
5692,0,0,0.008577484384126949,-4.763830661773682,-0.01383054070174694,attack,no
5693,0,0,0.11920292671569666,-2.1707746982574463,-0.17077474296092987,attack,no
5694,0,0,0.0028009274067339663,-5.8797221183776855,-0.004722275771200657,attack,no
5695,0,0,0.4378234991142019,-0.8508173227310181,-0.6008173227310181,attack,no
5696,0,0,0.3486451217982255,-1.086909294128418,-0.4619092345237732,attack,no
5697,0,1,0.7549149923816048,-0.29927119612693787,-1.4242712259292603,attack,yes
5698,0,0,0.025957359364135853,-3.6682612895965576,-0.04326137527823448,attack,no
5699,0,0,0.008577483584218658,-4.763314247131348,-0.01331403199583292,attack,no
5700,0,0,0.0024726233093929784,-6.007387638092041,-0.0073877000249922276,attack,no
5701,0,0,0.32082130731838393,-1.1666291952133179,-0.41662922501564026,attack,no
5702,0,0,0.02033235497514388,-3.9116370677948,-0.03663714975118637,attack,no
5703,0,0,0.0007096702633754507,-7.2539825439453125,-0.0039823525585234165,attack,no
5704,0,0,0.001032231194491948,-6.878151893615723,-0.003152046585455537,attack,no
5705,0,0,0.0004305569890369983,-7.752381324768066,-0.002381110331043601,attack,no
5706,0,0,0.008577486878890902,-4.761852264404297,-0.011852436698973179,attack,no
5707,0,0,0.005911067682377482,-5.1327056884765625,-0.007705488707870245,attack,no
5708,0,0,0.009708474959304055,-4.640617370605469,-0.015617212280631065,attack,no
5709,0,0,0.029312228313453616,-3.53726863861084,-0.03726855292916298,attack,no
5710,0,0,0.010986944573626636,-4.520138263702393,-0.020138442516326904,attack,no
5711,0,0,0.11920293140927592,-2.1458191871643066,-0.1458192765712738,attack,no
5712,0,0,0.005911069053256348,-5.138716220855713,-0.013716254383325577,attack,no
5713,0,0,0.025957357386174145,-3.691134214401245,-0.06613422185182571,attack,no
5714,0,0,0.0035936029482454826,-5.632758617401123,-0.007758719846606255,attack,no
5715,0,0,0.01590638902939951,-4.158202648162842,-0.03320247679948807,attack,no
5716,0,0,0.00970847488767253,-4.641393661499023,-0.016393495723605156,attack,no
5717,0,0,0.2689414096510108,-1.3624341487884521,-0.3624340891838074,attack,no
5718,0,0,0.09534947261117097,-2.379643440246582,-0.1296435296535492,attack,no
5719,0,1,0.5621765008857981,-0.6474444270133972,-0.8974444270133972,attack,yes
5720,0,0,0.022977371248114782,-3.7838010787963867,-0.033801138401031494,attack,no
5721,0,0,0.34864513533394575,-1.077495813369751,-0.452495813369751,attack,no
5722,0,0,0.001169510027073588,-6.752748489379883,-0.0027482856530696154,attack,no
5723,0,0,0.001032231276121522,-6.877490997314453,-0.002491229446604848,attack,no
5724,0,0,0.03308597767364294,-3.43398118019104,-0.05898115783929825,attack,no
5725,0,0,0.4073334000459302,-0.9556223154067993,-0.5806223154067993,attack,no
5726,0,0,0.025957359175758542,-3.6725423336029053,-0.04754241183400154,attack,no
5727,0,0,0.2689414272294874,-1.348483681678772,-0.34848371148109436,attack,no
5728,0,0,0.22270012850745968,-1.5258455276489258,-0.275845468044281,attack,no
5729,0,0,0.01590639474411069,-4.159456253051758,-0.03445644676685333,attack,no
5730,0,0,0.0059110689656952115,-5.133400917053223,-0.008400935679674149,attack,no
5731,0,0,0.015906395268931204,-4.149184226989746,-0.0241844542324543,attack,no
5732,0,0,0.00970847666055291,-4.637563705444336,-0.01256372407078743,attack,no
5733,0,0,0.007577241681060498,-4.8882670402526855,-0.01326709520071745,attack,no
5734,0,1,0.6224593452091672,-0.5253412127494812,-1.025341272354126,attack,yes
5735,0,0,0.13296425050508953,-2.046823263168335,-0.17182335257530212,attack,no
5736,0,0,0.02595735456051482,-3.6586077213287354,-0.033607617020606995,attack,no
5737,0,0,0.002472623278381914,-6.004270076751709,-0.004270126111805439,attack,no
5738,0,0,0.009708477269420993,-4.643626689910889,-0.018626771867275238,attack,no
5739,0,0,0.03732688814730781,-3.3183600902557373,-0.0683601126074791,attack,no
5740,0,0,0.32082129433083023,-1.1613556146621704,-0.411355584859848,attack,no
5741,0,0,0.0066928523854755334,-5.014459133148193,-0.014459352940320969,attack,no
5742,0,0,0.4378234991142019,-0.8601343631744385,-0.6101343631744385,attack,no
5743,0,0,0.16451645470385742,-1.8238019943237305,-0.1988019347190857,attack,no
5744,0,0,0.0028009265275080494,-5.881252765655518,-0.006252608262002468,attack,no
5745,0,0,0.29421496597446145,-1.282989263534546,-0.4079892337322235,attack,no
5746,0,1,0.7772998560157665,-0.28671255707740784,-1.5367125272750854,attack,yes
5747,0,0,0.16451645675203383,-1.8362374305725098,-0.21123738586902618,attack,no
5748,0,0,0.033085976005166884,-3.418827533721924,-0.04382745921611786,attack,no
5749,0,0,0.008577484336607643,-4.7635979652404785,-0.013597838580608368,attack,no
5750,0,0,0.004070138644591209,-5.515231609344482,-0.015231838449835777,attack,no
5751,0,0,0.014063630013367147,-4.278470039367676,-0.028470253571867943,attack,no
5752,0,0,0.002472622659309257,-6.004245281219482,-0.004245079588145018,attack,no
5753,0,0,0.014063623892334462,-4.272773742675781,-0.022773515433073044,attack,no
5754,0,0,0.0021827164889552664,-6.130042552947998,-0.005042572971433401,attack,no
5755,0,0,0.4378234991142019,-0.8589857220649719,-0.6089857220649719,attack,no
5756,0,0,0.006692849704562371,-5.008368492126465,-0.008368308655917645,attack,no
5757,0,0,0.010986942509153599,-4.5142693519592285,-0.01426934078335762,attack,no
5758,0,0,0.00857748452668487,-4.773456573486328,-0.023456469178199768,attack,no
5759,0,0,0.006692851976837431,-5.011353015899658,-0.011353174224495888,attack,no
5760,0,1,0.731058584489497,-0.40859588980674744,-1.4085959196090698,attack,yes
5761,0,0,0.2689414272294874,-1.3580163717269897,-0.35801640152931213,attack,no
5762,0,0,0.001325022278877595,-6.627798557281494,-0.00279845274053514,attack,no
5763,0,0,0.006692849475477461,-5.011458873748779,-0.011458655819296837,attack,no
5764,0,0,0.1329642281726931,-2.032491445541382,-0.15749134123325348,attack,no
5765,0,0,0.0013250222385168867,-6.627542495727539,-0.0025423606857657433,attack,no
5766,0,0,0.0031726826745964508,-5.757387161254883,-0.007387108169496059,attack,no
5767,0,0,0.014063626449221215,-4.2677435874938965,-0.017743544653058052,attack,no
5768,0,0,0.014063629729268525,-4.267703533172607,-0.017703726887702942,attack,no
5769,0,0,0.009708475836790268,-4.642408847808838,-0.01740878075361252,attack,no
5770,0,0,0.16451645880021026,-1.8227908611297607,-0.19779083132743835,attack,no
5771,0,0,0.022977367317478067,-3.783123254776001,-0.033123139292001724,attack,no
5772,0,1,0.817574478416099,-0.22065852582454681,-1.720658540725708,attack,yes
5773,0,0,0.010986943268150997,-4.515435695648193,-0.01543575432151556,attack,no
5774,0,0,0.22270013882530884,-1.5555557012557983,-0.30555570125579834,attack,no
5775,0,1,0.7772998611746911,-0.28033876419067383,-1.5303387641906738,attack,yes
5776,0,0,0.0021827163966641563,-6.130958080291748,-0.005958057940006256,attack,no
5777,0,1,0.5621765008857981,-0.6573983430862427,-0.9073983430862427,attack,yes
5778,0,0,0.2689414272294874,-1.3293958902359009,-0.32939592003822327,attack,no
5779,0,0,0.022977369993656186,-3.78000807762146,-0.03000808134675026,attack,no
5780,0,0,0.0330859781503504,-3.482386589050293,-0.10738658159971237,attack,no
5781,0,1,0.5312093733737563,-0.6794221997261047,-0.8044221997261047,attack,yes
5782,0,1,0.8807970779778823,-0.16015219688415527,-2.1601521968841553,attack,yes
5783,0,0,0.042087731520181665,-3.1922032833099365,-0.06720337271690369,attack,no
5784,0,0,0.37754066879814546,-1.0135127305984497,-0.5135127305984497,attack,no
5785,0,1,0.651354857898194,-0.49419012665748596,-1.1191900968551636,attack,yes
5786,0,0,0.22270012850745968,-1.5170395374298096,-0.2670394778251648,attack,no
5787,0,0,0.03732688600549891,-3.3145763874053955,-0.06457635015249252,attack,no
5788,0,1,0.8519527982093668,-0.2003794014453888,-1.9503793716430664,attack,yes
5789,0,0,0.0009110512336072121,-7.002913475036621,-0.0029135181102901697,attack,no
5790,0,1,0.5926665999540697,-0.5564865469932556,-0.9314865469932556,attack,yes
5791,0,1,0.8670357477770336,-0.1674128621816635,-2.042412757873535,attack,yes
5792,0,0,0.4378234991142019,-0.8542380928993225,-0.6042380928993225,attack,no
5793,0,0,0.008577483877254361,-4.763843536376953,-0.01384335570037365,attack,no
5794,0,0,0.004070138474707946,-5.506938934326172,-0.006939121522009373,attack,no
5795,0,1,0.5926665999540697,-0.5579928755760193,-0.9329928755760193,attack,yes
5796,0,0,0.06008665059478843,-2.8279943466186523,-0.07799435406923294,attack,no
5797,0,0,0.04208773001828046,-3.192157506942749,-0.0671575590968132,attack,no
5798,0,0,0.2689414272294874,-1.3444666862487793,-0.3444667160511017,attack,no
5799,0,0,0.02595735851643796,-3.657822847366333,-0.032822899520397186,attack,no
5800,0,0,0.006692850819029608,-5.010680198669434,-0.010680182836949825,attack,no
5801,0,0,0.004070138002810032,-5.509815216064453,-0.009815286844968796,attack,no
5802,0,0,0.0007096702965637119,-7.25369119644165,-0.0036910518538206816,attack,no
5803,0,0,0.06008665227791171,-2.8246281147003174,-0.07462815195322037,attack,no
5804,0,0,0.06754669301670263,-2.708263874053955,-0.08326390385627747,attack,no
5805,0,0,0.01406363034912007,-4.273260116577148,-0.02326035499572754,attack,no
5806,0,0,0.37754066879814546,-1.0241447687149048,-0.5241447687149048,attack,no
5807,0,0,0.13296423504419938,-2.0607638359069824,-0.18576379120349884,attack,no
5808,0,0,0.002800926610748361,-5.880669593811035,-0.005669466219842434,attack,no
5809,0,0,0.2018132174596823,-1.6518192291259766,-0.2768191993236542,attack,no
5810,0,0,0.00591106995075805,-5.132108211517334,-0.0071083977818489075,attack,no
5811,0,1,0.7310585669110203,-0.3658204674720764,-1.3658204078674316,attack,yes
5812,0,1,0.8519528000888387,-0.19507254660129547,-1.9450725317001343,attack,yes
5813,0,0,0.26894141551050293,-1.341877818107605,-0.3418777883052826,attack,no
5814,0,0,0.012431650258620695,-4.394433975219727,-0.019433926790952682,attack,no
5815,0,0,0.029312231811314076,-3.547400951385498,-0.04740098863840103,attack,no
5816,0,0,0.34864513533394575,-1.102973222732544,-0.47797322273254395,attack,no
5817,0,0,0.11920292515117029,-2.1645004749298096,-0.16450050473213196,attack,no
5818,0,0,0.014063629057762712,-4.275716304779053,-0.025716450065374374,attack,no
5819,0,0,0.0031726828925572716,-5.757165431976318,-0.007165447808802128,attack,no
5820,0,0,0.00103223096640935,-6.877213954925537,-0.002213886706158519,attack,no
5821,0,0,0.0019267350752469698,-6.259872913360596,-0.009873127564787865,attack,no
5822,0,0,0.060086656906500974,-2.8386006355285645,-0.088600754737854,attack,no
5823,0,0,0.010986942731792832,-4.515507698059082,-0.015507707372307777,attack,no
5824,0,0,0.02931222852544515,-3.5425610542297363,-0.04256097599864006,attack,no
5825,0,1,0.5312093733737563,-0.6490790843963623,-0.7740790843963623,attack,yes
5826,0,0,0.005220125011648231,-5.2645487785339355,-0.014548647217452526,attack,no
5827,0,0,0.0017007227925111253,-6.379200458526611,-0.0042006829753518105,attack,no
5828,0,0,0.3486451285660856,-1.0870928764343262,-0.4620928466320038,attack,no
5829,0,0,0.0066928494135626215,-5.014837265014648,-0.014837037771940231,attack,no
5830,0,0,0.4073334000459302,-0.9223232865333557,-0.5473232865333557,attack,no
5831,0,1,0.798186768138228,-0.2624714970588684,-1.6374714374542236,attack,yes
5832,0,0,0.09534946618445303,-2.3759653568267822,-0.12596537172794342,attack,no
5833,0,0,0.025957358328060655,-3.658470392227173,-0.03347043693065643,attack,no
5834,0,0,0.047425871831197425,-3.161600351333618,-0.16160032153129578,attack,no
5835,0,0,0.006692850100817367,-5.008361339569092,-0.008361215703189373,attack,no
5836,0,0,0.08509903804604459,-2.4693174362182617,-0.09431734681129456,attack,no
5837,0,0,0.017986213219127897,-4.021143913269043,-0.021144097670912743,attack,no
5838,0,0,0.1066905854244781,-2.2589776515960693,-0.13397756218910217,attack,no
5839,0,0,0.0035936024763746437,-5.630756378173828,-0.005756348837167025,attack,no
5840,0,0,0.0052201266704794995,-5.25991153717041,-0.009911725297570229,attack,no
5841,0,0,0.46879062662624377,-0.7946218848228455,-0.6696218848228455,attack,no
5842,0,0,0.0006263340301510767,-7.377957344055176,-0.002957139629870653,attack,no
5843,0,0,0.1480471980316895,-1.9269256591796875,-0.1769256591796875,attack,no
5844,0,0,0.020332351302052524,-3.8999974727630615,-0.024997370317578316,attack,no
5845,0,1,0.8175744850834649,-0.233914315700531,-1.7339143753051758,attack,yes
5846,0,0,0.0017007221481609518,-6.37878942489624,-0.003789269831031561,attack,no
5847,0,0,0.008577485120676232,-4.765480041503906,-0.01548000704497099,attack,no
5848,0,0,0.0024726228011561326,-6.003526210784912,-0.0035260666627436876,attack,no
5849,0,0,0.0059110680517759475,-5.133899211883545,-0.008899074979126453,attack,no
5850,0,0,0.004070138014135582,-5.506747245788574,-0.006747319363057613,attack,no
5851,0,0,0.007577240175332931,-4.887837886810303,-0.012837741523981094,attack,no
5852,0,0,0.005911069781108329,-5.136692523956299,-0.011692681349813938,attack,no
5853,0,0,0.46879062662624377,-0.8006473779678345,-0.6756473779678345,attack,no
5854,0,0,0.08509904210661365,-2.487474203109741,-0.11247416585683823,attack,no
5855,0,1,0.5926665999540697,-0.576766312122345,-0.951766312122345,attack,yes
5856,0,0,0.03308598053388778,-3.4285266399383545,-0.053526706993579865,attack,no
5857,0,0,0.2689414213699951,-1.3609998226165771,-0.36099982261657715,attack,no
5858,0,0,0.012431651882240907,-4.392928600311279,-0.017928684130311012,attack,no
5859,0,1,0.5926665999540697,-0.5562236905097961,-0.9312236905097961,attack,yes
5860,0,1,0.5621765008857981,-0.6327224969863892,-0.8827224969863892,attack,yes
5861,0,0,0.0013250222865800203,-6.631089210510254,-0.006089111790060997,attack,no
5862,0,0,0.3486451421018059,-1.1197279691696167,-0.4947279989719391,attack,no
5863,0,0,0.16451645675203383,-1.8287205696105957,-0.20372052490711212,attack,no
5864,0,0,0.015906388417109146,-4.150086402893066,-0.025086192414164543,attack,no
5865,0,0,0.5,-0.7224932312965393,-0.7224932312965393,attack,no
5866,0,0,0.0011695102612478037,-6.754879474639893,-0.004879471380263567,attack,no
5867,0,0,0.29421496597446145,-1.24545156955719,-0.37045153975486755,attack,no
5868,0,0,0.02931223371923813,-3.5415828227996826,-0.041582927107810974,attack,no
5869,0,0,0.003172682704050615,-5.7591776847839355,-0.00917764101177454,attack,no
5870,0,0,0.0021827166147145873,-6.129373550415039,-0.004373628180474043,attack,no
5871,0,0,0.0028009271830255708,-5.882928371429443,-0.007928448729217052,attack,no
5872,0,0,0.014063628231294069,-4.278515815734863,-0.028515901416540146,attack,no
5873,0,1,0.679178699175393,-0.4809379577636719,-1.2309379577636719,attack,yes
5874,0,0,0.004070136889131172,-5.5133843421936035,-0.013384138233959675,attack,no
5875,0,0,0.0011695102302421558,-6.752856254577637,-0.002856224775314331,attack,no
5876,0,0,0.18242552602881168,-1.7376232147216797,-0.23762322962284088,attack,no
5877,0,0,0.0028009271908293514,-5.879813194274902,-0.004813274368643761,attack,no
5878,0,0,0.4378234991142019,-0.8912229537963867,-0.6412229537963867,attack,no
5879,0,0,0.08509905022775233,-2.4952738285064697,-0.1202738955616951,attack,no
5880,0,1,0.5926665999540697,-0.5498455762863159,-0.9248455762863159,attack,yes
5881,0,1,0.8354835350552604,-0.22174324095249176,-1.8467432260513306,attack,yes
5882,0,0,0.2942149783515162,-1.2383440732955933,-0.36334410309791565,attack,no
5883,0,0,0.5,-0.7642489075660706,-0.7642489075660706,attack,no
5884,0,0,0.22270014398423357,-1.5410352945327759,-0.29103532433509827,attack,no
5885,0,0,0.03732688881662312,-3.303524971008301,-0.053525011986494064,attack,no
5886,0,0,0.2942149783515162,-1.2758080959320068,-0.4008081257343292,attack,no
5887,0,0,0.5,-0.72807776927948,-0.72807776927948,attack,no
5888,0,1,0.7772998663336157,-0.3069612681865692,-1.5569612979888916,attack,yes
5889,0,0,0.0675466911396291,-2.714547634124756,-0.08954763412475586,attack,no
5890,0,0,0.03308597481339833,-3.4160141944885254,-0.04101408272981644,attack,no
5891,0,0,0.029312227783474795,-3.5469226837158203,-0.046922579407691956,attack,no
5892,0,0,0.09534945847239201,-2.3699116706848145,-0.11991159617900848,attack,no
5893,0,0,0.0028009265236061593,-5.882528781890869,-0.007528623100370169,attack,no
5894,0,0,0.2689414096510108,-1.3434886932373047,-0.3434886336326599,attack,no
5895,0,0,0.0021827168266799106,-6.132242202758789,-0.00724237784743309,attack,no
5896,0,0,0.09534946232842245,-2.3697876930236816,-0.11978766322135925,attack,no
5897,0,1,0.7981867825403176,-0.2822982966899872,-1.6572983264923096,attack,yes
5898,0,1,0.5312093733737563,-0.6766776442527771,-0.8016776442527771,attack,yes
5899,0,0,0.002182715973240707,-6.12847900390625,-0.0034787871409207582,attack,no
5900,0,0,0.24508501864634827,-1.4815984964370728,-0.35659852623939514,attack,no
5901,0,0,0.0017007226849876436,-6.378953456878662,-0.003953617997467518,attack,no
5902,0,0,0.0006263340862603698,-7.377844333648682,-0.0028442188631743193,attack,no
5903,0,0,0.00037998454473249044,-7.876409530639648,-0.0014096095692366362,attack,no
5904,0,0,0.010986940920319219,-4.514583110809326,-0.014582953415811062,attack,no
5905,0,0,0.008577485778026719,-4.763912677764893,-0.01391272060573101,attack,no
5906,0,0,0.11920292828022305,-2.1546716690063477,-0.15467172861099243,attack,no
5907,0,0,0.060086646807761206,-2.8299436569213867,-0.07994359731674194,attack,no
5908,0,0,0.03732688587163585,-3.30047345161438,-0.0504734106361866,attack,no
5909,0,0,0.033085981248949035,-3.417449951171875,-0.04245004057884216,attack,no
5910,0,0,0.008577487243205699,-4.762623310089111,-0.012623525224626064,attack,no
5911,0,0,0.014063629806749967,-4.278180122375488,-0.02818032167851925,attack,no
5912,0,0,0.07585818002124356,-2.6129136085510254,-0.11291360855102539,attack,no
5913,0,1,0.5621765008857981,-0.6162556409835815,-0.8662556409835815,attack,yes
5914,0,0,0.03732688533618365,-3.3035614490509033,-0.05356139317154884,attack,no
5915,0,0,0.4378234991142019,-0.8521794676780701,-0.6021794676780701,attack,no
5916,0,0,0.047425867792089564,-3.070690155029297,-0.07069003582000732,attack,no
5917,0,0,0.010986940991158965,-4.518588542938232,-0.018588392063975334,attack,no
5918,0,0,0.02931222799546632,-3.539109468460083,-0.03910937160253525,attack,no
5919,0,0,0.0021827160274997554,-6.129918098449707,-0.0049179065972566605,attack,no
5920,0,0,0.06008665354025422,-2.8224644660949707,-0.07246452569961548,attack,no
5921,0,0,0.0019267351209163106,-6.254927158355713,-0.004927396308630705,attack,no
5922,0,0,0.00029595711795632023,-8.126882553100586,-0.0018825681181624532,attack,no
5923,0,0,0.1645164608483867,-1.8258914947509766,-0.20089147984981537,attack,no
5924,0,1,0.6791786926816161,-0.4713968336582184,-1.221396803855896,attack,yes
5925,0,1,0.6224593312018546,-0.5384111404418945,-1.0384111404418945,attack,yes
5926,0,0,0.1480471961522176,-1.944443941116333,-0.19444392621517181,attack,no
5927,0,0,0.005220125664540941,-5.259907245635986,-0.00990724004805088,attack,no
5928,0,0,0.0028009264390652204,-5.881444931030273,-0.0064447419717907906,attack,no
5929,0,0,0.0159063885045792,-4.155943393707275,-0.030943188816308975,attack,no
5930,0,0,0.14804719427274565,-1.9357759952545166,-0.1857759654521942,attack,no
5931,0,1,0.754914975839675,-0.30565887689590454,-1.4306588172912598,attack,yes
5932,0,0,0.29421496597446145,-1.2546886205673218,-0.3796885907649994,attack,no
5933,0,0,0.16451646699291617,-1.8503588438034058,-0.22535887360572815,attack,no
5934,0,0,0.0024726231715660268,-6.006433010101318,-0.006433016154915094,attack,no
5935,0,0,0.00857748736992389,-4.765122413635254,-0.015122643671929836,attack,no
5936,0,0,0.025957358893192575,-3.6585676670074463,-0.03356773406267166,attack,no
5937,0,0,0.005911068040830807,-5.134057998657227,-0.009057859890162945,attack,no
5938,0,0,0.005220125674213427,-5.259603023529053,-0.009603019803762436,attack,no
5939,0,0,0.3486451421018059,-1.09791100025177,-0.4729110300540924,attack,no
5940,0,0,0.015906393169649247,-4.146872043609619,-0.021872136741876602,attack,no
5941,0,0,0.022977369240981062,-3.793436288833618,-0.043436259031295776,attack,no
5942,0,0,0.008577485920584663,-4.762322425842285,-0.012322485446929932,attack,no
5943,0,0,0.0005527786906920545,-7.5028533935546875,-0.0028534908778965473,attack,no
5944,0,0,0.37754066879814546,-1.0326992273330688,-0.5326992273330688,attack,no
5945,0,0,0.06008665059478843,-2.829685926437378,-0.07968593388795853,attack,no
5946,0,0,0.32082129433083023,-1.1766911745071411,-0.4266911447048187,attack,no
5947,0,0,0.0004305571743136774,-7.752975940704346,-0.002976156771183014,attack,no
5948,0,0,0.0005527787429169225,-7.501851558685303,-0.0018517505377531052,attack,no
5949,0,0,0.0009110510210440623,-7.004186153411865,-0.0041859629563987255,attack,no
5950,0,0,0.4378234991142019,-0.8700063824653625,-0.6200063824653625,attack,no
5951,0,0,0.20181322946142374,-1.6195526123046875,-0.24455265700817108,attack,no
5952,0,0,0.4378234991142019,-0.8946106433868408,-0.6446106433868408,attack,no
5953,0,0,0.0017007226845923366,-6.37889289855957,-0.0038930594455450773,attack,no
5954,0,1,0.7981867729389246,-0.26201799511909485,-1.6370179653167725,attack,yes
5955,0,0,0.0600866518571309,-2.842658042907715,-0.09265807271003723,attack,no
5956,0,0,0.0031726824242360686,-5.763899803161621,-0.013899670913815498,attack,no
5957,0,0,0.4378234991142019,-0.8523929119110107,-0.6023929119110107,attack,no
5958,0,0,0.24508501864634827,-1.4213073253631592,-0.29630735516548157,attack,no
5959,0,0,0.01098694064708021,-4.516786575317383,-0.016786392778158188,attack,no
5960,0,0,0.01590639179928478,-4.153858661651611,-0.028858667239546776,attack,no
5961,0,0,0.3486451421018059,-1.0945101976394653,-0.4695102274417877,attack,no
5962,0,0,0.020332351932785337,-3.911987781524658,-0.03698771074414253,attack,no
5963,0,0,0.000430557099361285,-7.754072189331055,-0.004072231240570545,attack,no
5964,0,0,0.002800927323493631,-5.880161285400391,-0.005161412991583347,attack,no
5965,0,0,0.020332355049347755,-3.9096357822418213,-0.034635867923498154,attack,no
5966,0,0,0.015906388562892566,-4.145853519439697,-0.02085331827402115,attack,no
5967,0,0,7.484619249469807e-05,-9.500835418701172,-0.0008349508279934525,attack,no
5968,0,0,0.005911068971167783,-5.137248516082764,-0.012248535640537739,attack,no
5969,0,0,0.0046095716238569754,-5.387055397033691,-0.012055275961756706,attack,no
5970,0,1,0.5621765008857981,-0.5973860025405884,-0.8473860025405884,attack,yes
5971,0,0,0.0007096703845704019,-7.253689765930176,-0.0036897454410791397,attack,no
5972,0,0,0.009708477797703624,-4.638700008392334,-0.013700145296752453,attack,no
5973,0,0,0.13296423504419938,-2.0310885906219482,-0.15608854591846466,attack,no
5974,0,0,0.002800927328696152,-5.8795485496521,-0.004548679105937481,attack,no
5975,0,0,0.03308597672022805,-3.4333126544952393,-0.05831260234117508,attack,no
5976,0,0,0.1329642333263228,-2.0666258335113525,-0.19162577390670776,attack,no
5977,0,0,0.18242552380635632,-1.716100811958313,-0.216100811958313,attack,no
5978,0,0,0.16451646904109268,-1.838531732559204,-0.21353177726268768,attack,no
5979,0,0,0.0021827164194833863,-6.128876209259033,-0.0038761973846703768,attack,no
5980,0,0,0.04208773121980142,-3.171841621398926,-0.04684170335531235,attack,no
5981,0,0,0.2942149783515162,-1.2655882835388184,-0.39058831334114075,attack,no
5982,0,0,0.015906389729159958,-4.145415306091309,-0.020415179431438446,attack,no
5983,0,0,0.02033235304584329,-3.9074151515960693,-0.03241513669490814,attack,no
5984,0,0,0.047425869811643456,-3.061553478240967,-0.06155340373516083,attack,no
5985,0,0,0.4378234991142019,-0.9319425225257874,-0.6819425225257874,attack,no
5986,0,0,0.22270014398423357,-1.518004298210144,-0.26800432801246643,attack,no
5987,0,0,0.0059110688179358,-5.135213851928711,-0.010213845409452915,attack,no
5988,0,0,0.16451645880021026,-1.8563554286956787,-0.23135539889335632,attack,no
5989,0,0,0.13296424535145931,-2.0582215785980225,-0.18322162330150604,attack,no
5990,0,0,0.3208213138121609,-1.1984825134277344,-0.44848257303237915,attack,no
5991,0,0,0.022977369324611623,-3.804069757461548,-0.05406973138451576,attack,no
5992,0,0,0.01798621167285805,-4.038468360900879,-0.038468457758426666,attack,no
5993,0,0,0.002800927344303715,-5.883186340332031,-0.00818647537380457,attack,no
5994,0,0,0.37754066879814546,-1.0293757915496826,-0.5293757915496826,attack,no
5995,0,1,0.5926665999540697,-0.5601986050605774,-0.9351986050605774,attack,yes
5996,0,0,0.001926735093156515,-6.25465726852417,-0.00465749204158783,attack,no
5997,0,0,0.0031726832283347794,-5.761552810668945,-0.011552932672202587,attack,no
5998,0,0,0.029312230009385914,-3.5393993854522705,-0.03939935937523842,attack,no
5999,0,0,0.0010322308879009302,-6.888546943664551,-0.013546799309551716,attack,no
