idx,y_true,y_pred,p_yes,lp_yes,lp_no,mode,raw_text
0,1,0,0.005911068505999277,-5.189817428588867,-0.06481736898422241,base,no
1,1,0,0.10669059962643358,-2.379539728164673,-0.2545397877693176,base,no
2,1,1,0.5926665999540697,-0.8475909233093262,-1.2225909233093262,base,yes
3,1,1,0.9324533144915912,-0.4488188326358795,-3.0738189220428467,base,yes
4,1,0,0.46879062662624377,-1.1686480045318604,-1.0436480045318604,base,no
5,1,0,0.18242551936144574,-1.960206151008606,-0.46020612120628357,base,no
6,1,0,0.0675466911396291,-2.933204174041748,-0.30820417404174805,base,no
7,1,1,0.9324533013520764,-0.5852094888687134,-3.210209369659424,base,yes
8,1,0,0.16451645470385742,-2.122751235961914,-0.4977511763572693,base,no
9,1,1,0.7310585786300049,-0.8070011138916016,-1.8070011138916016,base,yes
10,1,0,0.0013250226143952844,-6.853291034698486,-0.22829118371009827,base,no
11,1,1,0.8807970779778823,-0.2986290454864502,-2.29862904548645,base,yes
12,1,0,0.005911068374657587,-5.240438461303711,-0.11543837934732437,base,no
13,1,0,0.06754668738548215,-2.8325769901275635,-0.2075769305229187,base,no
14,1,1,0.7057850154599563,-0.6411746144294739,-1.516174554824829,base,yes
15,1,0,0.20181322226037882,-1.8591991662979126,-0.4841991662979126,base,no
16,1,1,0.6791787121629466,-0.7012268900871277,-1.4512269496917725,base,yes
17,1,0,0.16451645880021026,-1.961985468864441,-0.33698543906211853,base,no
18,1,1,0.7057850402140659,-0.8874284625053406,-1.7624285221099854,base,yes
19,1,1,0.6224593171945417,-0.8784356713294983,-1.3784356117248535,base,Yes
20,1,1,0.7981867873410141,-0.4758302569389343,-1.850830316543579,base,yes
21,1,0,0.22270013882530884,-1.8436444997787476,-0.5936444997787476,base,no
22,1,1,0.7981867777396212,-0.4500460624694824,-1.8250460624694824,base,yes
23,1,0,0.1824255415859996,-2.0164523124694824,-0.516452431678772,base,no
24,1,0,0.13296423676207594,-2.0905492305755615,-0.21554920077323914,base,no
25,1,0,0.002182716867247439,-6.355856895446777,-0.23085708916187286,base,no
26,1,0,0.3208212878370535,-1.5190246105194092,-0.7690245509147644,base,no
27,1,1,0.9324533126145177,-0.3462345004081726,-2.9712345600128174,base,yes
28,1,0,0.002182716510253215,-6.411113262176514,-0.28611329197883606,base,no
29,1,1,0.924141817889503,-0.23409846425056458,-2.734098434448242,base,yes
30,1,1,0.6224593171945417,-0.8962822556495667,-1.3962821960449219,base,yes
31,1,0,0.4073334000459302,-1.0097002983093262,-0.6347002983093262,base,no
32,1,0,0.0002305067460313235,-8.556707382202148,-0.1817074865102768,base,no
33,1,0,0.053403329799824234,-3.156521797180176,-0.2815217971801758,base,no
34,1,1,0.7057850278370112,-0.7421854734420776,-1.6171854734420776,base,yes
35,1,1,0.8807970842359877,-0.6830520033836365,-2.6830520629882812,base,Yes
36,1,0,0.008577485920584663,-4.914289474487305,-0.16428953409194946,base,no
37,1,1,0.5312093733737563,-1.1068449020385742,-1.2318449020385742,base,yes
38,1,0,0.16451647108926923,-2.1585817337036133,-0.5335817933082581,base,no
39,1,0,0.006692851518667466,-5.091760158538818,-0.09176024794578552,base,no
40,1,1,0.9579122768904644,-0.2660726308822632,-3.3910727500915527,base,yes
41,1,1,0.7981867873410141,-0.4508346915245056,-1.8258347511291504,base,yes
42,1,1,0.5312093733737563,-0.8792626857757568,-1.0042626857757568,base,yes
43,1,0,0.010986944735546109,-4.650189399719238,-0.1501895934343338,base,no
44,1,0,0.2018132174596823,-1.8085817098617554,-0.433581680059433,base,no
45,1,0,0.11920291263495983,-2.3846004009246826,-0.38460031151771545,base,no
46,1,0,0.1480471980316895,-2.1090309619903564,-0.35903096199035645,base,no
47,1,1,0.5621765008857981,-0.9696892499923706,-1.2196892499923706,base,yes
48,1,0,0.08509905080783367,-2.5590085983276367,-0.1840086728334427,base,no
49,1,0,0.0013250224566495835,-6.755354881286621,-0.13035491108894348,base,no
50,1,0,0.01798620838292263,-4.343395709991455,-0.3433956205844879,base,no
51,1,1,0.8807970842359877,-0.46107858419418335,-2.461078643798828,base,yes
52,1,0,0.34864513533394575,-1.4420033693313599,-0.8170033693313599,base,no
53,1,0,0.00037998460531281857,-8.305395126342773,-0.43039536476135254,base,no
54,1,1,0.679178699175393,-0.8666740655899048,-1.6166740655899048,base,yes
55,1,0,0.01798620890931226,-4.131077766418457,-0.13107770681381226,base,no
56,1,0,0.01798620838292263,-4.378007888793945,-0.37800779938697815,base,no
57,1,1,0.5621765008857981,-0.7118075489997864,-0.9618075489997864,base,yes
58,1,1,0.798186768138228,-0.5808373093605042,-1.9558372497558594,base,yes
59,1,1,0.893309411735131,-0.6088172793388367,-2.7338173389434814,base,yes
60,1,1,0.7772998405389918,-0.8166648149490356,-2.066664695739746,base,yes
61,1,1,0.9525741308615412,-0.117791086435318,-3.117791175842285,base,yes
62,1,0,0.18242551936144574,-1.896248698234558,-0.3962486684322357,base,no
63,1,0,0.07585818211049715,-2.720038414001465,-0.22003844380378723,base,no
64,1,0,0.0031726835965119127,-5.883949279785156,-0.13394951820373535,base,no
65,1,1,0.7981867969424066,-0.7458509206771851,-2.1208510398864746,base,yes
66,1,1,0.962673116404036,-0.2160271555185318,-3.46602725982666,base,yes
67,1,1,0.7772998611746911,-0.6322304010391235,-1.8822304010391235,base,yes
68,1,1,0.9465966671870767,-0.36080271005630493,-3.23580265045166,base,yes
69,1,0,0.02931223159932252,-3.775184154510498,-0.27518418431282043,base,no
70,1,0,0.10669058826486906,-2.49626088142395,-0.3712608218193054,base,no
71,1,1,0.8519528019683106,-0.45369458198547363,-2.2036945819854736,base,yes
72,1,0,0.042087730919421175,-3.25100040435791,-0.12600047886371613,base,no
73,1,0,0.00029595702533710103,-8.351133346557617,-0.2261330485343933,base,no
74,1,0,0.0031726835965119127,-5.917428970336914,-0.16742920875549316,base,no
75,1,0,0.04742587587030561,-3.0903751850128174,-0.09037524461746216,base,no
76,1,0,0.0009110512622174105,-7.182760715484619,-0.1827607899904251,base,no
77,1,0,0.46879062662624377,-1.2087053060531616,-1.0837053060531616,base,no
78,1,1,0.8519528019683106,-0.6320748329162598,-2.3820748329162598,base,Yes
79,1,0,0.16451645470385742,-2.0995073318481445,-0.47450727224349976,base,no
80,1,1,0.6513548782017746,-0.7777382731437683,-1.402738332748413,base,yes
81,1,1,0.5621765008857981,-0.8925883769989014,-1.1425883769989014,base,yes
82,1,1,0.6224593312018546,-0.7609590291976929,-1.2609590291976929,base,yes
83,1,0,0.0675466911396291,-2.934842109680176,-0.3098421096801758,base,no
84,1,0,0.0007096704942072693,-7.342559814453125,-0.09255994856357574,base,no
85,1,1,0.9046505248181417,-0.37030041217803955,-2.62030029296875,base,yes
86,1,0,0.007577239923211134,-5.23699951171875,-0.3619993329048157,base,no
87,1,1,0.9046505299595163,-0.40290552377700806,-2.6529054641723633,base,yes
88,1,1,0.8670357494949105,-0.350470632314682,-2.225470542907715,base,yes
89,1,1,0.9324533069832973,-0.3175514042377472,-2.942551374435425,base,yes
90,1,0,0.004070137957507836,-5.612289905548096,-0.11228996515274048,base,no
91,1,1,0.9149009549929797,-0.7000975608825684,-3.0750975608825684,base,Yes
92,1,0,0.20181322226037882,-1.9199880361557007,-0.5449880361557007,base,no
93,1,1,0.6513548511303336,-0.9478078484535217,-1.572807788848877,base,yes
94,1,0,0.40733341443526055,-1.02817964553833,-0.6531797051429749,base,no
95,1,1,0.5312093733737563,-0.8796718120574951,-1.0046718120574951,base,yes
96,1,0,0.1066905911052601,-2.5591163635253906,-0.43411633372306824,base,no
97,1,0,0.02931222841944938,-3.6243181228637695,-0.12431804090738297,base,no
98,1,0,0.22270012850745968,-1.7646629810333252,-0.5146629214286804,base,no
99,1,0,0.1480471980316895,-2.2037270069122314,-0.45372700691223145,base,no
100,1,0,0.001032231082851512,-7.00443172454834,-0.12943176925182343,base,no
101,1,0,0.32082130082460697,-1.55021333694458,-0.8002133369445801,base,no
102,1,1,0.8175744850834649,-0.7193655371665955,-2.2193655967712402,base,yes
103,1,0,0.06008664512463808,-3.1449971199035645,-0.3949970304965973,base,no
104,1,0,0.015906392644828796,-4.31930685043335,-0.19430691003799438,base,no
105,1,1,0.7549149868676283,-0.6569284200668335,-1.7819284200668335,base,yes
106,1,0,0.5,-1.0675808191299438,-1.0675808191299438,base,no
107,1,0,0.20181322226037882,-1.8260236978530884,-0.4510236978530884,base,no
108,1,1,0.6224593171945417,-0.6937032341957092,-1.1937031745910645,base,yes
109,1,1,0.6224593312018546,-0.6908618211746216,-1.1908618211746216,base,yes
110,1,1,0.7310585786300049,-0.8100500106811523,-1.8100500106811523,base,yes
111,1,0,0.004609572657973725,-5.585258960723877,-0.2102590650320053,base,no
112,1,0,0.5,-1.185477614402771,-1.185477614402771,base,no
113,1,0,0.18242553269617778,-2.0372767448425293,-0.5372768044471741,base,no
114,1,0,0.1066905911052601,-2.348209857940674,-0.22320982813835144,base,no
115,1,1,0.7310585786300049,-0.5737249851226807,-1.5737249851226807,base,yes
116,1,0,0.13296424019782924,-2.347106456756592,-0.4721064567565918,base,no
117,1,0,0.053403325280175794,-3.0912904739379883,-0.21629038453102112,base,no
118,1,1,0.867035752930664,-0.4671860337257385,-2.3421859741210938,base,yes
119,1,1,0.9399133515091156,-0.30849573016166687,-3.0584957599639893,base,yes
120,1,0,0.0024726229728655185,-6.232531547546387,-0.23253147304058075,base,no
121,1,1,0.924141817889503,-0.29760363698005676,-2.7976036071777344,base,yes
122,1,1,0.6791786861878392,-0.9242125153541565,-1.6742124557495117,base,yes
123,1,1,0.9796676454700793,-0.14949947595596313,-4.024499416351318,base,yes
124,1,1,0.798186768138228,-0.7787235379219055,-2.1537234783172607,base,Yes
125,1,1,0.867035752930664,-0.5083478093147278,-2.383347749710083,base,yes
126,1,0,0.0021827165751612514,-6.477077484130859,-0.35207754373550415,base,no
127,1,1,0.679178699175393,-0.7387000322341919,-1.488700032234192,base,yes
128,1,1,0.5926665999540697,-1.0214812755584717,-1.3964812755584717,base,yes
129,1,1,0.7981867777396212,-0.613426685333252,-1.988426685333252,base,yes
130,1,1,0.6224593312018546,-0.9552264213562012,-1.4552264213562012,base,Yes
131,1,1,0.914900950352329,-0.33362656831741333,-2.7086265087127686,base,yes
132,1,0,0.042087731520181665,-3.380876302719116,-0.2558763921260834,base,no
133,1,0,0.46879062662624377,-1.1140589714050293,-0.9890589714050293,base,no
134,1,0,0.46879062662624377,-1.152101993560791,-1.027101993560791,base,no
135,1,1,0.9399133531922388,-0.5168039202690125,-3.2668039798736572,base,Yes
136,1,0,0.22270014914315833,-1.7217745780944824,-0.4717746376991272,base,no
137,1,0,0.32082130082460697,-1.525775671005249,-0.775775671005249,base,no
138,1,0,0.0021827161208050378,-6.558276176452637,-0.4332760274410248,base,no
139,1,0,0.00970847504884346,-4.789543628692627,-0.16454347968101501,base,no
140,1,1,0.9465966747198243,-0.2532588541507721,-3.1282589435577393,base,yes
141,1,0,0.4073334000459302,-1.3078969717025757,-0.9328969717025757,base,no
142,1,0,0.004609573204944661,-5.514950752258301,-0.1399509757757187,base,no
143,1,0,0.13296424706933604,-2.290207624435425,-0.4152076840400696,base,no
144,1,0,0.29421497216298875,-1.3989763259887695,-0.5239763259887695,base,no
145,1,1,0.9149009526726544,-0.32868149876594543,-2.703681468963623,base,yes
146,1,1,0.5312093733737563,-1.1091563701629639,-1.2341563701629639,base,yes
147,1,0,0.4378234991142019,-1.225732684135437,-0.975732684135437,base,no
148,1,1,0.7310585786300049,-0.8361657857894897,-1.8361657857894897,base,Yes
149,1,0,0.22270013882530884,-1.8727384805679321,-0.6227384805679321,base,no
150,1,0,0.22270014914315833,-1.6221427917480469,-0.37214285135269165,base,no
151,1,1,0.5926666143433998,-0.9929315447807312,-1.367931604385376,base,Yes
152,1,1,0.5926665999540697,-0.7810451984405518,-1.1560451984405518,base,yes
153,1,0,0.10669060246682488,-2.549469470977783,-0.42446956038475037,base,no
154,1,1,0.8933094003735664,-0.6612327694892883,-2.7862327098846436,base,yes
155,1,0,0.01243164865786858,-4.747342109680176,-0.37234193086624146,base,no
156,1,1,0.8807970654616711,-0.5292741060256958,-2.5292739868164062,base,yes
157,1,1,0.5312093733737563,-1.1357548236846924,-1.2607548236846924,base,Yes
158,1,1,0.9046505351008906,-0.5145168304443359,-2.764516830444336,base,yes
159,1,1,0.867035752930664,-0.6940703988075256,-2.569070339202881,base,yes
160,1,0,0.24508500210441886,-1.7551496028900146,-0.6301495432853699,base,no
161,1,1,0.8354835289107309,-0.43534427881240845,-2.0603442192077637,base,yes
162,1,0,0.09534945718704857,-2.5432872772216797,-0.2932871878147125,base,no
163,1,1,0.9149009549929797,-0.393557071685791,-2.768557071685791,base,yes
164,1,0,0.014063623737371644,-4.744695663452148,-0.49469542503356934,base,no
165,1,0,0.0953494674697966,-2.4982850551605225,-0.24828508496284485,base,no
166,1,1,0.8175744939732856,-0.72160804271698,-2.2216081619262695,base,yes
167,1,1,0.798186768138228,-0.6653388142585754,-2.0403387546539307,base,Yes
168,1,1,0.8807970748488297,-0.3934989273548126,-2.3934988975524902,base,yes
169,1,1,0.7549149868676283,-0.7424356937408447,-1.8674356937408447,base,yes
170,1,0,0.5,-1.1918171644210815,-1.1918171644210815,base,no
171,1,0,0.18242551491653522,-2.0293991565704346,-0.5293990969657898,base,no
172,1,1,0.6513548646660542,-0.9675936698913574,-1.5925936698913574,base,Yes
173,1,0,0.37754066879814546,-1.400760531425476,-0.9007605314254761,base,no
174,1,0,0.46879062662624377,-0.8859292268753052,-0.7609292268753052,base,no
175,1,1,0.7981867777396212,-0.5682307481765747,-1.9432307481765747,base,yes
176,1,1,0.8354835371034369,-0.681443452835083,-2.306443452835083,base,Yes
177,1,0,0.020332353936289693,-4.134755611419678,-0.2597556412220001,base,no
178,1,0,0.20181321265898594,-1.913428544998169,-0.5384284853935242,base,no
179,1,0,0.00359360194114313,-5.9782633781433105,-0.3532631993293762,base,no
180,1,1,0.798186768138228,-0.7479973435401917,-2.122997283935547,base,Yes
181,1,1,0.880797071719777,-0.7278884053230286,-2.727888345718384,base,yes
182,1,1,0.679178699175393,-0.8624564409255981,-1.6124564409255981,base,yes
183,1,0,0.0011695102650555148,-6.914875507354736,-0.16487550735473633,base,no
184,1,0,0.46879062662624377,-1.218797206878662,-1.093797206878662,base,no
185,1,0,0.0009110513435975354,-7.115429401397705,-0.11542956531047821,base,no
186,1,1,0.6224593312018546,-0.832431435585022,-1.332431435585022,base,yes
187,1,0,0.0010322308523680697,-7.19468355178833,-0.31968337297439575,base,no
188,1,0,0.003172682748231862,-5.957459449768066,-0.20745941996574402,base,no
189,1,1,0.7310585903489892,-0.7642180323600769,-1.7642180919647217,base,Yes
190,1,0,0.3775406547908327,-1.1251025199890137,-0.6251024603843689,base,no
191,1,1,0.7057850278370112,-0.821628212928772,-1.696628212928772,base,yes
192,1,0,0.00522012445548043,-5.733822822570801,-0.4838225841522217,base,no
193,1,1,0.8519528019683106,-0.6923892498016357,-2.4423892498016357,base,yes
194,1,1,0.5926666143433998,-0.8490387797355652,-1.22403883934021,base,yes
195,1,0,0.08509903804604459,-2.5741567611694336,-0.19915667176246643,base,no
196,1,0,0.11920292202211755,-2.5155298709869385,-0.5155298709869385,base,no
197,1,1,0.798186768138228,-0.5732415318489075,-1.9482414722442627,base,yes
198,1,0,0.13296424019782924,-2.1509041786193848,-0.27590417861938477,base,no
199,1,1,0.8175744673038221,-0.6747885346412659,-2.174788475036621,base,yes
200,1,0,0.3775406828054583,-1.3824176788330078,-0.8824177384376526,base,no
201,1,0,0.46879062662624377,-1.0306587219238281,-0.9056587219238281,base,no
202,1,0,0.34864513533394575,-1.3807823657989502,-0.7557823657989502,base,no
203,1,0,0.0003799845204119235,-8.077751159667969,-0.20275117456912994,base,no
204,1,0,0.0007096703039939198,-7.478216648101807,-0.2282165139913559,base,no
205,1,1,0.851952809486198,-0.6006097197532654,-2.35060977935791,base,yes
206,1,1,0.7057850154599563,-0.6703460812568665,-1.5453460216522217,base,yes
207,1,1,0.9324533088603709,-0.5836350917816162,-3.208635091781616,base,yes
208,1,0,0.0010322311366309893,-6.991106986999512,-0.11610708385705948,base,no
209,1,1,0.8354835289107309,-0.49836093187332153,-2.1233608722686768,base,yes
210,1,0,0.2942149845400438,-1.5622994899749756,-0.6872995495796204,base,no
211,1,0,0.11920291576401235,-2.305982828140259,-0.305982768535614,base,no
212,1,0,0.020332358091706755,-4.11264705657959,-0.23764729499816895,base,no
213,1,0,0.4378234991142019,-1.2497001886367798,-0.9997001886367798,base,no
214,1,0,0.1480472055495773,-2.1165549755096436,-0.36655503511428833,base,no
215,1,1,0.7549149868676283,-0.5548892021179199,-1.67988920211792,base,yes
216,1,0,0.002800926384438769,-6.312615871429443,-0.43761566281318665,base,no
217,1,1,0.8519527869325346,-0.6043177843093872,-2.3543176651000977,base,yes
218,1,1,0.9820137895115189,-0.14531758427619934,-4.145317554473877,base,yes
219,1,1,0.6224593312018546,-0.7694846391677856,-1.2694846391677856,base,yes
220,1,1,0.7772998508568416,-0.6686070561408997,-1.9186069965362549,base,yes
221,1,1,0.9465966739665496,-0.23356668651103973,-3.1085667610168457,base,yes
222,1,1,0.9465966671870767,-0.48783451318740845,-3.3628344535827637,base,Yes
223,1,1,0.7310585786300049,-0.7237024307250977,-1.7237024307250977,base,Yes
224,1,1,0.6513548511303336,-0.85406094789505,-1.4790608882904053,base,Yes
225,1,0,0.0013250224172131609,-7.2032670974731445,-0.5782670974731445,base,no
226,1,0,0.4378234991142019,-1.268176794052124,-1.018176794052124,base,no
227,1,1,0.7057850154599563,-0.762813150882721,-1.6378130912780762,base,yes
228,1,0,0.10669059252545564,-2.356792688369751,-0.23179267346858978,base,no
229,1,0,0.0031726831252451896,-5.917107105255127,-0.16710719466209412,base,no
230,1,1,0.9579122756889438,-0.4240094721317291,-3.5490095615386963,base,yes
231,1,0,0.1480472055495773,-2.312716484069824,-0.562716543674469,base,no
232,1,0,0.2689414213699951,-1.6103941202163696,-0.6103941202163696,base,no
233,1,0,0.0006263341954184638,-7.558159828186035,-0.18315988779067993,base,no
234,1,0,0.4378234991142019,-1.3064687252044678,-1.0564687252044678,base,no
235,1,1,0.8670357701094303,-0.35696497559547424,-2.2319650650024414,base,yes
236,1,0,0.06008664428307651,-2.917293071746826,-0.16729296743869781,base,no
237,1,1,0.5312093733737563,-1.087874174118042,-1.212874174118042,base,Yes
238,1,0,0.24508502416032488,-1.7943120002746582,-0.669312059879303,base,no
239,1,0,0.10669058826486906,-2.3836872577667236,-0.25868719816207886,base,no
240,1,1,0.7057850278370112,-0.6074706315994263,-1.4824706315994263,base,yes
241,1,0,0.07585817584273653,-2.9726333618164062,-0.4726333022117615,base,no
242,1,0,0.003593603008271459,-5.835447788238525,-0.21044790744781494,base,no
243,1,1,0.7549149868676283,-0.622848629951477,-1.747848629951477,base,yes
244,1,0,0.07585818419975078,-2.831428050994873,-0.3314281105995178,base,no
245,1,1,0.6791787121629466,-0.6772734522819519,-1.4272735118865967,base,yes
246,1,0,0.09534947261117097,-2.6101455688476562,-0.3601456582546234,base,no
247,1,1,0.7772998611746911,-0.4943920373916626,-1.7443920373916626,base,yes
248,1,1,0.8519528132451416,-0.31622329354286194,-2.066223382949829,base,yes
249,1,1,0.5621765008857981,-1.0053917169570923,-1.2553917169570923,base,Yes
250,1,0,0.4378234844434674,-1.042210340499878,-0.7922102808952332,base,no
251,1,1,0.8670357598021706,-0.4353489875793457,-2.3103489875793457,base,yes
252,1,0,0.1645164628965632,-2.1379380226135254,-0.5129380226135254,base,no
253,1,1,0.7057850278370112,-0.7963107824325562,-1.6713107824325562,base,yes
254,1,0,0.08509904500702024,-2.7155094146728516,-0.34050941467285156,base,no
255,1,0,0.13296424019782924,-2.2940874099731445,-0.41908740997314453,base,no
256,1,1,0.867035752930664,-0.6885266900062561,-2.5635266304016113,base,yes
257,1,0,0.13296422989056964,-2.2321314811706543,-0.35713139176368713,base,no
258,1,0,0.24508501313237172,-1.621092677116394,-0.49609267711639404,base,no
259,1,1,0.5926666143433998,-0.8685445189476013,-1.243544578552246,base,yes
260,1,0,0.020332348593611837,-4.166592597961426,-0.2915923595428467,base,no
261,1,0,0.46879062662624377,-1.0389469861984253,-0.9139469861984253,base,no
262,1,0,0.37754066879814546,-1.1351701021194458,-0.6351701021194458,base,no
263,1,0,0.0004305571133898066,-7.9122161865234375,-0.16221626102924347,base,no
264,1,1,0.7772998818103892,-0.8687628507614136,-2.118762969970703,base,Yes
265,1,0,0.0031726834551318883,-5.958940029144287,-0.20894022285938263,base,no
266,1,1,0.6224593312018546,-0.6459084749221802,-1.1459084749221802,base,yes
267,1,1,0.851952809486198,-0.5552873015403748,-2.3052873611450195,base,Yes
268,1,0,0.0011695102302421558,-6.978023529052734,-0.228023499250412,base,no
269,1,1,0.7057850278370112,-0.6871131658554077,-1.5621131658554077,base,yes
270,1,0,0.4378234991142019,-1.1339800357818604,-0.8839800357818604,base,no
271,1,0,0.4073333856566001,-1.1602158546447754,-0.7852157950401306,base,no
272,1,0,0.1645164506075047,-2.0579967498779297,-0.4329966604709625,base,no
273,1,1,0.8519528057272543,-0.42015406489372253,-2.170154094696045,base,yes
274,1,1,0.5621765008857981,-1.0409865379333496,-1.2909865379333496,base,Yes
275,1,1,0.9820137926698564,-0.4022282063961029,-4.402228355407715,base,yes
276,1,0,0.4378234991142019,-1.3166919946670532,-1.0666919946670532,base,no
277,1,0,0.5,-1.055806040763855,-1.055806040763855,base,no
278,1,0,0.0019267348854058006,-6.301702976226807,-0.05170309171080589,base,no
279,1,1,0.8807970654616711,-0.6353040933609009,-2.6353039741516113,base,yes
280,1,1,0.8670357701094303,-0.4337405264377594,-2.3087406158447266,base,yes
281,1,1,0.5312093733737563,-1.0539792776107788,-1.1789792776107788,base,yes
282,1,1,0.9046505351008906,-0.40143871307373047,-2.6514387130737305,base,yes
283,1,0,0.22270012850745968,-1.7195262908935547,-0.4695262312889099,base,no
284,1,0,0.4378235137849365,-1.1549360752105713,-0.9049361348152161,base,no
285,1,0,0.060086648490884395,-2.995262622833252,-0.24526259303092957,base,no
286,1,0,0.18242551491653522,-2.082432746887207,-0.5824326872825623,base,no
287,1,1,0.9465966671870767,-0.30275875329971313,-3.1777586936950684,base,yes
288,1,1,0.8175744761936437,-0.5962948799133301,-2.09629487991333,base,yes
289,1,1,0.8670357666736773,-0.4682080149650574,-2.343208074569702,base,yes
290,1,1,0.7981867777396212,-0.5680137872695923,-1.9430137872695923,base,yes
291,1,0,0.004609571905888793,-5.696402549743652,-0.32140249013900757,base,no
292,1,1,0.9046505299595163,-0.5629749894142151,-2.8129749298095703,base,yes
293,1,0,0.22270013882530884,-1.7755507230758667,-0.5255507230758667,base,no
294,1,1,0.8175744673038221,-0.7458084225654602,-2.2458083629608154,base,Yes
295,1,1,0.9399133515091156,-0.18770310282707214,-2.9377031326293945,base,yes
296,1,1,0.754914997895581,-0.8483487963676453,-1.97334885597229,base,Yes
297,1,1,0.798186768138228,-0.6127594113349915,-1.9877593517303467,base,yes
298,1,0,0.37754066879814546,-1.3705624341964722,-0.8705624341964722,base,no
299,1,0,0.03308598410919419,-4.035849094390869,-0.6608492732048035,base,No
300,1,0,0.047425867792089564,-3.2570385932922363,-0.2570384740829468,base,no
301,1,0,0.08509904848750824,-2.589470863342285,-0.21447090804576874,base,no
302,1,1,0.6791786861878392,-0.697186291217804,-1.4471862316131592,base,yes
303,1,1,0.6224593312018546,-0.9244176149368286,-1.4244176149368286,base,Yes
304,1,0,0.37754066879814546,-1.3723090887069702,-0.8723090887069702,base,no
305,1,0,0.0031726824654718946,-5.921648979187012,-0.17164885997772217,base,no
306,1,1,0.9399133498259924,-0.3700385093688965,-3.1200385093688965,base,yes
307,1,1,0.679178699175393,-0.6342200040817261,-1.384220004081726,base,yes
308,1,1,0.8807970873650403,-0.42407193779945374,-2.424072027206421,base,yes
309,1,1,0.5312093733737563,-1.107293963432312,-1.232293963432312,base,Yes
310,1,0,0.22270013882530884,-1.860447883605957,-0.610447883605957,base,no
311,1,0,0.09534947261117097,-2.5929391384124756,-0.34293922781944275,base,no
312,1,0,0.004070138289723957,-5.60967493057251,-0.10967507213354111,base,no
313,1,0,0.09534946232842245,-2.6479623317718506,-0.3979623019695282,base,no
314,1,1,0.9046505299595163,-0.511402428150177,-2.7614023685455322,base,yes
315,1,1,0.9820137879323497,-0.24383604526519775,-4.243835926055908,base,yes
316,1,1,0.9706877709445761,-0.41268056631088257,-3.9126806259155273,base,yes
317,1,0,0.4378235137849365,-1.0563442707061768,-0.8063443303108215,base,no
318,1,1,0.7981867777396212,-0.5715097188949585,-1.9465097188949585,base,yes
319,1,1,0.6224593171945417,-0.7718532681465149,-1.2718532085418701,base,yes
320,1,0,0.14804718675485834,-2.1049766540527344,-0.3549765646457672,base,no
321,1,1,0.5926665999540697,-0.7770987749099731,-1.1520987749099731,base,yes
322,1,1,0.880797071719777,-0.31566935777664185,-2.315669298171997,base,yes
323,1,0,0.0028009266341596987,-6.266930103302002,-0.3919299840927124,base,no
324,1,1,0.8807970842359877,-0.3405904173851013,-2.340590476989746,base,yes
325,1,0,0.03732688895048618,-3.3828322887420654,-0.132832333445549,base,no
326,1,1,0.5926665999540697,-0.9013307094573975,-1.2763307094573975,base,yes
327,1,0,0.0534033328129234,-3.093737840652466,-0.2187379002571106,base,no
328,1,1,0.8933094003735664,-0.3777008652687073,-2.5027008056640625,base,yes
329,1,1,0.7310585786300049,-0.9126473665237427,-1.9126473665237427,base,Yes
330,1,1,0.5621765008857981,-1.091556191444397,-1.341556191444397,base,Yes
331,1,0,0.042087731520181665,-3.2912514209747314,-0.1662515103816986,base,no
332,1,0,0.32082130082460697,-1.428792953491211,-0.6787929534912109,base,no
333,1,0,0.2689414330889798,-1.688556432723999,-0.6885564923286438,base,no
334,1,1,0.5621765008857981,-0.9982861280441284,-1.2482861280441284,base,yes
335,1,0,0.0011695103346822365,-7.033482551574707,-0.2834826111793518,base,no
336,1,1,0.867035752930664,-0.6902478337287903,-2.5652477741241455,base,yes
337,1,0,0.025957357009419556,-3.7378957271575928,-0.11289571970701218,base,no
338,1,1,0.6513548646660542,-0.92237389087677,-1.54737389087677,base,Yes
339,1,1,0.6224593312018546,-0.9334609508514404,-1.4334609508514404,base,Yes
340,1,0,0.03308598029553404,-3.630312442779541,-0.2553125023841858,base,no
341,1,1,0.754914997895581,-0.652476966381073,-1.7774770259857178,base,yes
342,1,1,0.9046505402422645,-0.41602057218551636,-2.666020631790161,base,Yes
343,1,0,0.46879062662624377,-1.2194597721099854,-1.0944597721099854,base,no
344,1,0,0.07585817688736327,-2.7434158325195312,-0.24341578781604767,base,no
345,1,0,0.022977373255248682,-4.035888195037842,-0.28588834404945374,base,no
346,1,1,0.7057850278370112,-0.7025736570358276,-1.5775736570358276,base,yes
347,1,1,0.9525741274956179,-0.20714782178401947,-3.2071478366851807,base,yes
348,1,0,0.009708477627578704,-5.2101616859436035,-0.5851618051528931,base,no
349,1,1,0.5926666143433998,-0.8912865519523621,-1.2662866115570068,base,Yes
350,1,1,0.7057850278370112,-0.7628209590911865,-1.6378209590911865,base,Yes
351,1,0,0.008577486680893736,-5.014659881591797,-0.2646600306034088,base,no
352,1,0,0.03308597934211908,-3.496298313140869,-0.12129834294319153,base,no
353,1,1,0.7981867825403176,-0.4117872416973114,-1.7867872714996338,base,yes
354,1,1,0.7310585903489892,-0.7613057494163513,-1.761305809020996,base,yes
355,1,1,0.5312093733737563,-1.1319385766983032,-1.2569385766983032,base,Yes
356,1,0,0.4378234991142019,-1.1306722164154053,-0.8806722164154053,base,no
357,1,1,0.8519528019683106,-0.752906084060669,-2.502906084060669,base,yes
358,1,0,0.20181322226037882,-1.942417025566101,-0.5674170255661011,base,no
359,1,1,0.8519527944504226,-0.48362237215042114,-2.2336223125457764,base,yes
360,1,1,0.9706877692486436,-0.5006976127624512,-4.000697612762451,base,yes
361,1,0,0.11920292828022305,-2.2891688346862793,-0.2891688942909241,base,no
362,1,0,0.18242553269617778,-2.026778221130371,-0.5267782807350159,base,no
363,1,0,0.053403325280175794,-3.1433284282684326,-0.26832833886146545,base,no
364,1,0,0.047425867792089564,-3.211223602294922,-0.21122348308563232,base,no
365,1,0,0.5,-1.018800973892212,-1.018800973892212,base,no
366,1,1,0.7057850278370112,-0.898978590965271,-1.773978590965271,base,Yes
367,1,1,0.6224593312018546,-1.0210504531860352,-1.5210504531860352,base,Yes
368,1,0,0.34864513533394575,-1.4426352977752686,-0.8176352977752686,base,no
369,1,0,0.13296424706933604,-2.241272449493408,-0.366272509098053,base,no
370,1,0,0.0013250223383403197,-6.880939960479736,-0.25593990087509155,base,no
371,1,1,0.7057850278370112,-0.6639879941940308,-1.5389879941940308,base,yes
372,1,1,0.8519527944504226,-0.45176106691360474,-2.20176100730896,base,yes
373,1,0,0.3775406547908327,-1.1444108486175537,-0.6444107890129089,base,no
374,1,1,0.5621765008857981,-0.9834549427032471,-1.233454942703247,base,Yes
375,1,0,0.4378234991142019,-1.2805752754211426,-1.0305752754211426,base,no
376,1,1,0.851952809486198,-0.41933339834213257,-2.1693334579467773,base,yes
377,1,0,0.009708477341052534,-4.760449409484863,-0.13544949889183044,base,no
378,1,1,0.6791786861878392,-0.9030178189277649,-1.6530177593231201,base,Yes
379,1,1,0.8933094003735664,-0.29215770959854126,-2.4171576499938965,base,yes
380,1,0,0.0017007220319407623,-6.540124893188477,-0.16512466967105865,base,no
381,1,1,0.9706877675527112,-0.37471872568130493,-3.87471866607666,base,yes
382,1,0,0.005220125538798635,-5.425087928771973,-0.17508789896965027,base,no
383,1,0,0.18242552380635632,-1.985295057296753,-0.48529505729675293,base,no
384,1,1,0.9046505299595163,-0.6671722531318665,-2.9171721935272217,base,Yes
385,1,0,0.40733341443526055,-1.1010444164276123,-0.7260444760322571,base,no
386,1,1,0.6224593452091672,-0.8010515570640564,-1.3010516166687012,base,yes
387,1,0,0.0953494648991095,-2.540466547012329,-0.2904665470123291,base,no
388,1,0,0.13296425394084313,-2.2838797569274902,-0.4088798761367798,base,no
389,1,0,0.2689414096510108,-1.605449914932251,-0.6054498553276062,base,no
390,1,0,0.000804085760536126,-7.150962829589844,-0.02596261166036129,base,no
391,1,0,0.1645164628965632,-1.9992713928222656,-0.3742713928222656,base,no
392,1,1,0.7057850154599563,-0.7923663258552551,-1.6673662662506104,base,yes
393,1,0,0.025957358328060655,-3.763950824737549,-0.1389508694410324,base,no
394,1,0,0.18242552380635632,-2.0328097343444824,-0.5328097343444824,base,no
395,1,0,0.02931223159932252,-3.8577847480773926,-0.35778477787971497,base,no
396,1,1,0.7310585903489892,-0.487651526927948,-1.4876515865325928,base,yes
397,1,0,0.3208213138121609,-1.3273448944091797,-0.5773449540138245,base,no
398,1,1,0.7772998818103892,-0.8094371557235718,-2.0594372749328613,base,yes
399,1,0,0.0028009275081831283,-6.041627883911133,-0.16662807762622833,base,no
400,1,1,0.5926665999540697,-1.001726508140564,-1.376726508140564,base,Yes
401,1,1,0.8807970779778823,-0.5792722702026367,-2.5792722702026367,base,yes
402,1,0,0.3486451488696663,-1.3257873058319092,-0.700787365436554,base,no
403,1,0,0.0015011822008975469,-6.619239330291748,-0.11923929303884506,base,no
404,1,1,0.7310585903489892,-0.6841890215873718,-1.6841890811920166,base,yes
405,1,0,0.009708476051684862,-4.825808048248291,-0.20080800354480743,base,no
406,1,0,0.037326884131416216,-3.5005855560302734,-0.2505854666233063,base,no
407,1,1,0.924141817889503,-0.35703805088996887,-2.8570380210876465,base,yes
408,1,1,0.5621765008857981,-0.9983689785003662,-1.2483689785003662,base,yes
409,1,0,0.32082130082460697,-1.5175832509994507,-0.7675832509994507,base,no
410,1,1,0.7772998611746911,-0.5864344835281372,-1.8364344835281372,base,yes
411,1,0,0.09534945590170514,-2.457589626312256,-0.2075895220041275,base,no
412,1,0,0.13296425394084313,-2.247854709625244,-0.3728548288345337,base,no
413,1,1,0.8807970654616711,-0.6020666360855103,-2.6020665168762207,base,Yes
414,1,1,0.6513548782017746,-0.6249260306358337,-1.2499260902404785,base,yes
415,1,1,0.8354835371034369,-0.789534330368042,-2.414534330368042,base,Yes
416,1,0,0.4073334000459302,-1.2429524660110474,-0.8679524660110474,base,no
417,1,0,0.32082130082460697,-1.525780439376831,-0.775780439376831,base,no
418,1,0,0.5,-1.077803373336792,-1.077803373336792,base,no
419,1,0,0.46879062662624377,-1.1407842636108398,-1.0157842636108398,base,no
420,1,1,0.9820137879323497,-0.17764532566070557,-4.177645206451416,base,yes
421,1,1,0.7772998508568416,-0.543598473072052,-1.7935984134674072,base,yes
422,1,0,0.0600866518571309,-3.0356197357177734,-0.2856197655200958,base,no
423,1,1,0.5621765008857981,-0.8257042169570923,-1.0757042169570923,base,yes
424,1,0,0.0013250223580585298,-6.789588928222656,-0.16458888351917267,base,no
425,1,0,0.033085981248949035,-3.6558830738067627,-0.28088316321372986,base,no
426,1,0,0.2689414213699951,-1.5904347896575928,-0.5904347896575928,base,no
427,1,0,0.5,-1.1473913192749023,-1.1473913192749023,base,no
428,1,0,0.0010322311904104695,-7.191105842590332,-0.31610599160194397,base,no
429,1,0,0.24508501313237172,-1.7494773864746094,-0.6244773864746094,base,no
430,1,0,0.007577240259373531,-4.969730377197266,-0.09473024308681488,base,no
431,1,0,0.14804718675485834,-2.239912748336792,-0.48991265892982483,base,no
432,1,0,0.00970847848715727,-4.78642463684082,-0.16142484545707703,base,no
433,1,1,0.9324533107374443,-0.28891560435295105,-2.9139156341552734,base,yes
434,1,1,0.5926665999540697,-1.01067054271698,-1.38567054271698,base,yes
435,1,1,0.8354835452961425,-0.7386218905448914,-2.363621950149536,base,Yes
436,1,0,0.042087725512577126,-3.279815673828125,-0.15481561422348022,base,no
437,1,0,0.40733341443526055,-1.1525108814239502,-0.777510941028595,base,no
438,1,0,0.06754669677084987,-2.921912908554077,-0.2969129979610443,base,no
439,1,1,0.7057850278370112,-0.8205347061157227,-1.6955347061157227,base,Yes
440,1,0,0.34864513533394575,-1.4597253799438477,-0.8347253799438477,base,no
441,1,0,0.09534946232842245,-2.643500804901123,-0.39350077509880066,base,no
442,1,0,0.09534945975773548,-2.6069118976593018,-0.356911838054657,base,no
443,1,1,0.7549149868676283,-0.6614425182342529,-1.786442518234253,base,yes
444,1,0,0.0011695103346822365,-7.034402847290039,-0.28440290689468384,base,no
445,1,1,0.6513548782017746,-0.7303172945976257,-1.3553173542022705,base,yes
446,1,1,0.7057850278370112,-0.6748098134994507,-1.5498098134994507,base,yes
447,1,0,0.22270013882530884,-1.8363025188446045,-0.5863025188446045,base,no
448,1,0,0.4073334000459302,-1.1289020776748657,-0.7539020776748657,base,no
449,1,0,0.37754066879814546,-1.3497123718261719,-0.8497123718261719,base,no
450,1,0,0.46879062662624377,-1.160171389579773,-1.035171389579773,base,no
451,1,0,0.03308597791199666,-3.5213587284088135,-0.14635871350765228,base,no
452,1,1,0.7772998611746911,-0.46554243564605713,-1.7155424356460571,base,yes
453,1,0,0.0015011821562259924,-6.5824689865112305,-0.0824689194560051,base,no
454,1,1,0.8175744850834649,-0.7710379958152771,-2.271038055419922,base,yes
455,1,1,0.8670357460591569,-0.5917364358901978,-2.466736316680908,base,yes
456,1,0,0.3775406828054583,-1.3397819995880127,-0.8397820591926575,base,no
457,1,0,0.04208772851637929,-3.246767997741699,-0.12176801264286041,base,no
458,1,0,0.1066905854244781,-2.4786300659179688,-0.3536299765110016,base,no
459,1,0,0.06008665354025422,-3.0680155754089355,-0.3180156350135803,base,no
460,1,0,0.00048785704285527056,-7.739375114440918,-0.11437495052814484,base,no
461,1,1,0.7981867969424066,-0.7912410497665405,-2.16624116897583,base,yes
462,1,0,0.2689414096510108,-1.6420600414276123,-0.6420599818229675,base,no
463,1,1,0.7772998663336157,-0.4436945617198944,-1.6936945915222168,base,yes
464,1,1,0.9149009596336303,-0.30481427907943726,-2.679814338684082,base,yes
465,1,0,0.1480471980316895,-2.08821702003479,-0.33821702003479004,base,no
466,1,1,0.7772998714925403,-0.7244073748588562,-1.974407434463501,base,Yes
467,1,0,0.0024726225869501255,-6.084782123565674,-0.08478189259767532,base,no
468,1,1,0.8175744850834649,-0.6831571459770203,-2.183157205581665,base,yes
469,1,1,0.6513548646660542,-0.7688112258911133,-1.3938112258911133,base,yes
470,1,1,0.5926665999540697,-1.0650535821914673,-1.4400535821914673,base,Yes
471,1,0,0.16451647518562237,-2.0316381454467773,-0.4066382348537445,base,no
472,1,1,0.7772998663336157,-0.4696861207485199,-1.7196861505508423,base,yes
473,1,0,0.24508501313237172,-1.7299457788467407,-0.6049457788467407,base,no
474,1,0,0.03308597743528921,-3.6411514282226562,-0.26615139842033386,base,no
475,1,1,0.8175744939732856,-0.7867645025253296,-2.286764621734619,base,yes
476,1,0,0.22270013366638422,-1.7359899282455444,-0.48598989844322205,base,no
477,1,0,0.13296422989056964,-2.143176555633545,-0.26817646622657776,base,no
478,1,1,0.7981867873410141,-0.7548076510429382,-2.129807710647583,base,Yes
479,1,0,0.5,-1.0253115892410278,-1.0253115892410278,base,no
480,1,0,0.5,-1.2128357887268066,-1.2128357887268066,base,no
481,1,0,0.00970847555026415,-4.688220500946045,-0.06322040408849716,base,no
482,1,1,0.7772998508568416,-0.4056466221809387,-1.655646562576294,base,yes
483,1,1,0.8175744850834649,-0.7243945002555847,-2.2243945598602295,base,yes
484,1,0,0.033085981248949035,-3.808021068572998,-0.4330211579799652,base,no
485,1,1,0.7057850278370112,-0.8837454319000244,-1.7587454319000244,base,yes
486,1,1,0.9046505402422645,-0.29324764013290405,-2.543247699737549,base,yes
487,1,0,0.18242552380635632,-1.9760286808013916,-0.4760286808013916,base,no
488,1,0,0.0017007225379334816,-6.540023326873779,-0.16502340137958527,base,no
489,1,1,0.679178699175393,-0.8579517602920532,-1.6079517602920532,base,yes
490,1,0,0.0010322312672383033,-7.004790306091309,-0.1297905296087265,base,no
491,1,0,0.06008664344151498,-3.0087404251098633,-0.25874030590057373,base,no
492,1,0,0.1480471980316895,-2.148909568786621,-0.3989095687866211,base,no
493,1,0,0.22270013882530884,-1.7116363048553467,-0.4616363048553467,base,no
494,1,1,0.8519528019683106,-0.5727951526641846,-2.3227951526641846,base,Yes
495,1,1,0.5621765008857981,-1.0641441345214844,-1.3141441345214844,base,yes
496,1,0,0.4378234991142019,-1.2601146697998047,-1.0101146697998047,base,no
497,1,1,0.9740426450627306,-0.336635023355484,-3.961635112762451,base,yes
498,1,1,0.5926666143433998,-0.9434108138084412,-1.318410873413086,base,yes
499,1,1,0.5926665999540697,-1.0028443336486816,-1.3778443336486816,base,yes
500,1,1,0.8175744761936437,-0.6307361125946045,-2.1307361125946045,base,yes
501,1,0,0.46879062662624377,-1.1822609901428223,-1.0572609901428223,base,no
502,1,1,0.8354835452961425,-0.3262462019920349,-1.9512462615966797,base,yes
503,1,0,0.24508500210441886,-1.7634484767913818,-0.6384484171867371,base,no
504,1,1,0.7310585786300049,-0.8174238204956055,-1.8174238204956055,base,yes
505,1,0,0.003172683408005215,-6.01162576675415,-0.2616259455680847,base,no
506,1,0,0.002472622862603971,-6.3169941902160645,-0.3169940710067749,base,no
507,1,0,0.16451645880021026,-2.1220791339874268,-0.49707910418510437,base,no
508,1,0,0.005911068330877026,-5.238387107849121,-0.11338701844215393,base,no
509,1,1,0.914900950352329,-0.3300538659095764,-2.7050538063049316,base,yes
510,1,1,0.5312093733737563,-1.0573606491088867,-1.1823606491088867,base,yes
511,1,0,0.04742587452393617,-3.3139069080352783,-0.3139069378376007,base,no
512,1,0,0.18242552825126704,-1.979223608970642,-0.4792236387729645,base,no
513,1,0,0.009708475621895678,-4.7599310874938965,-0.13493099808692932,base,no
514,1,0,0.00033535016793220947,-8.071412086486816,-0.07141219824552536,base,no
515,1,0,0.40733341443526055,-1.3267996311187744,-0.9517996907234192,base,no
516,1,1,0.798186768138228,-0.605391800403595,-1.9803917407989502,base,yes
517,1,0,0.24508501313237172,-1.6833430528640747,-0.5583430528640747,base,no
518,1,0,0.0024726233404040437,-6.232576370239258,-0.23257644474506378,base,no
519,1,1,0.893309411735131,-0.4472128748893738,-2.5722129344940186,base,yes
520,1,1,0.6791786861878392,-0.7403140664100647,-1.49031400680542,base,yes
521,1,1,0.5621764862150634,-0.9199793934822083,-1.1699793338775635,base,yes
522,1,0,0.004070138350126891,-5.578367710113525,-0.07836786657571793,base,no
523,1,1,0.7310585786300049,-0.6473214626312256,-1.6473214626312256,base,yes
524,1,1,0.6791787121629466,-0.7376112341880798,-1.4876112937927246,base,yes
525,1,0,0.00037998443551104746,-8.225066184997559,-0.3500659763813019,base,no
526,1,0,0.4378234991142019,-1.1014076471328735,-0.8514076471328735,base,no
527,1,0,0.04742587317756679,-3.411672353744507,-0.41167235374450684,base,no
528,1,0,0.00029595715760107484,-8.238720893859863,-0.11372104287147522,base,no
529,1,1,0.5312093733737563,-1.013810634613037,-1.138810634613037,base,yes
530,1,0,0.11920292515117029,-2.255128860473633,-0.2551288902759552,base,no
531,1,0,0.2689414213699951,-1.7066941261291504,-0.7066941261291504,base,no
532,1,0,0.06754669301670263,-2.8870983123779297,-0.2620983421802521,base,no
533,1,1,0.7057850278370112,-0.8505464792251587,-1.7255464792251587,base,Yes
534,1,1,0.867035752930664,-0.6981156468391418,-2.573115587234497,base,Yes
535,1,0,0.3208213138121609,-1.518167495727539,-0.7681675553321838,base,no
536,1,0,0.0007096705681791412,-7.504022598266602,-0.25402283668518066,base,no
537,1,0,0.0028009275081831283,-5.9946722984313965,-0.119672492146492,base,no
538,1,1,0.5926665999540697,-1.078056812286377,-1.453056812286377,base,Yes
539,1,1,0.9046505402422645,-0.6736511588096619,-2.9236512184143066,base,Yes
540,1,0,0.0075772422763482235,-5.051554203033447,-0.176554337143898,base,no
541,1,1,0.6224593312018546,-0.8601748943328857,-1.3601748943328857,base,yes
542,1,0,0.05340332829327471,-3.025238037109375,-0.1502380073070526,base,no
543,1,0,0.037326888415033926,-3.5129754543304443,-0.2629754841327667,base,no
544,1,0,0.14804719051380197,-2.14178729057312,-0.39178723096847534,base,no
545,1,1,0.8933093975331751,-0.1980043351650238,-2.3230042457580566,base,yes
546,1,0,0.04742587587030561,-3.372833251953125,-0.3728333115577698,base,no
547,1,0,0.0758581737534831,-2.7729053497314453,-0.27290526032447815,base,no
548,1,0,0.46879062662624377,-1.1905179023742676,-1.0655179023742676,base,no
549,1,0,0.004609572179374208,-5.665799140930176,-0.2907991409301758,base,no
550,1,1,0.8175744850834649,-0.5229031443595886,-2.0229032039642334,base,yes
551,1,1,0.9324533107374443,-0.2646326720714569,-2.8896327018737793,base,yes
552,1,1,0.754914975839675,-0.6783655285835266,-1.8033654689788818,base,Yes
553,1,1,0.914900945711678,-0.5463525056838989,-2.9213523864746094,base,yes
554,1,1,0.8354835207180245,-0.5016790628433228,-2.126678943634033,base,yes
555,1,1,0.5621764862150634,-0.8550992608070374,-1.1050992012023926,base,yes
556,1,1,0.9324533013520764,-0.26956379413604736,-2.894563674926758,base,yes
557,1,0,0.0024726236344349032,-6.187594413757324,-0.18759460747241974,base,no
558,1,1,0.6791787121629466,-0.9211298823356628,-1.6711299419403076,base,Yes
559,1,0,0.01798620838292263,-4.1345319747924805,-0.1345318853855133,base,no
560,1,0,0.5,-1.0829600095748901,-1.0829600095748901,base,no
561,1,1,0.754914997895581,-0.7990972399711609,-1.9240972995758057,base,yes
562,1,0,0.34864513533394575,-1.3805758953094482,-0.7555758953094482,base,no
563,1,0,0.01798620706694863,-4.163888454437256,-0.16388829052448273,base,no
564,1,0,0.000626334102145859,-7.519021034240723,-0.1440209448337555,base,no
565,1,1,0.7310585786300049,-0.6480308771133423,-1.6480308771133423,base,yes
566,1,0,0.0850990357257195,-2.757840156555176,-0.38284003734588623,base,no
567,1,1,0.9669140244715405,-0.3122681677341461,-3.6872682571411133,base,yes
568,1,0,0.0031726835022585624,-5.898955345153809,-0.1489555537700653,base,no
569,1,1,0.9324533079218341,-0.24429871141910553,-2.8692986965179443,base,yes
570,1,1,0.754914975839675,-0.734624445438385,-1.8596243858337402,base,yes
571,1,1,0.5621765008857981,-0.9588158130645752,-1.2088158130645752,base,Yes
572,1,1,0.6791787121629466,-0.7314395308494568,-1.4814395904541016,base,yes
573,1,0,0.005911067980632537,-5.269309043884277,-0.1443088948726654,base,no
574,1,0,0.006692850230838542,-5.08629035949707,-0.08629025518894196,base,no
575,1,1,0.5621765008857981,-1.0207974910736084,-1.2707974910736084,base,Yes
576,1,1,0.8175744761936437,-0.59368896484375,-2.09368896484375,base,yes
577,1,1,0.9241418116217418,-0.513278603553772,-3.0132784843444824,base,Yes
578,1,0,0.18242551491653522,-2.0066263675689697,-0.506626307964325,base,no
579,1,1,0.7310585786300049,-0.8715152740478516,-1.8715152740478516,base,Yes
580,1,1,0.8933094145755219,-0.44270196557044983,-2.567702054977417,base,yes
581,1,0,0.001032230959927003,-7.0378804206848145,-0.16288034617900848,base,no
582,1,0,0.002472622678834738,-6.030461311340332,-0.03046111762523651,base,no
583,1,1,0.5926665999540697,-0.9855198860168457,-1.3605198860168457,base,Yes
584,1,0,0.2689414330889798,-1.6993818283081055,-0.6993818879127502,base,no
585,1,1,0.679178699175393,-0.9068716764450073,-1.6568716764450073,base,yes
586,1,1,0.867035752930664,-0.37847191095352173,-2.253471851348877,base,yes
587,1,0,0.003593602688132928,-5.734793186187744,-0.10979321599006653,base,no
588,1,1,0.7057850402140659,-0.945805013179779,-1.8208050727844238,base,Yes
589,1,1,0.754914997895581,-0.6520883440971375,-1.7770884037017822,base,yes
590,1,1,0.9241418199787566,-0.538273811340332,-3.038273811340332,base,yes
591,1,0,0.02931222905542399,-3.6071512699127197,-0.10715121030807495,base,no
592,1,0,0.03308597791199666,-3.5954692363739014,-0.22046922147274017,base,no
593,1,0,0.20181322226037882,-1.9298831224441528,-0.5548831224441528,base,no
594,1,0,0.02033235141335831,-3.9765572547912598,-0.101557157933712,base,no
595,1,1,0.939913354875362,-0.47889915108680725,-3.2288992404937744,base,yes
596,1,1,0.5926666143433998,-0.7966362833976746,-1.1716363430023193,base,yes
597,1,1,0.7772998818103892,-0.7703894376754761,-2.0203895568847656,base,yes
598,1,1,0.880797081106935,-0.36210939288139343,-2.362109422683716,base,yes
599,1,0,0.46879062662624377,-1.196567177772522,-1.071567177772522,base,no
600,1,0,0.08509905312815914,-2.566192626953125,-0.19119273126125336,base,no
601,1,0,0.34864513533394575,-1.2153031826019287,-0.5903031826019287,base,no
602,1,0,0.37754066879814546,-1.3106426000595093,-0.8106426000595093,base,no
603,1,1,0.6513548646660542,-0.9338301420211792,-1.5588301420211792,base,yes
604,1,0,0.0008040859116848763,-7.28708553314209,-0.16208550333976746,base,no
605,1,1,0.6224593312018546,-0.7745319604873657,-1.2745319604873657,base,yes
606,1,0,0.014063628282948357,-4.388381481170654,-0.13838157057762146,base,no
607,1,0,0.008577486300739193,-4.910312652587891,-0.16031275689601898,base,no
608,1,1,0.5926665999540697,-0.8404947519302368,-1.2154947519302368,base,yes
609,1,0,0.3775406547908327,-1.3727893829345703,-0.8727893233299255,base,no
610,1,0,0.20181323186177208,-1.9367585182189941,-0.5617585778236389,base,no
611,1,1,0.6224593312018546,-0.9794708490371704,-1.4794708490371704,base,yes
612,1,1,0.8175744939732856,-0.6562350988388062,-2.1562352180480957,base,Yes
613,1,0,0.0013250221214400305,-6.807816028594971,-0.1828158050775528,base,no
614,1,1,0.9046505402422645,-0.4705607295036316,-2.7205607891082764,base,yes
615,1,1,0.6791787121629466,-0.620377242565155,-1.3703773021697998,base,yes
616,1,0,7.484623810512811e-05,-9.613988876342773,-0.11398901790380478,base,no
617,1,1,0.7981867969424066,-0.7086871862411499,-2.0836873054504395,base,yes
618,1,1,0.6513548782017746,-0.7687882781028748,-1.3937883377075195,base,yes
619,1,1,0.8354835371034369,-0.49907875061035156,-2.1240787506103516,base,yes
620,1,1,0.9324533144915912,-0.40689387917518616,-3.0318939685821533,base,yes
621,1,0,0.4073334000459302,-1.306433916091919,-0.931433916091919,base,no
622,1,0,0.22270012850745968,-1.886800765991211,-0.6368007063865662,base,no
623,1,0,0.008577484273248568,-4.9266133308410645,-0.1766131967306137,base,no
624,1,0,0.053403329799824234,-3.5502047538757324,-0.6752047538757324,base,no
625,1,1,0.851952809486198,-0.636913001537323,-2.3869130611419678,base,yes
626,1,0,0.3486451488696663,-1.2248711585998535,-0.5998712182044983,base,no
627,1,1,0.7057850154599563,-0.8270354866981506,-1.7020354270935059,base,Yes
628,1,1,0.5926665999540697,-0.7786027193069458,-1.1536027193069458,base,yes
629,1,0,0.1645164792819756,-2.088031768798828,-0.4630318880081177,base,no
630,1,1,0.7310585786300049,-0.8136650323867798,-1.8136650323867798,base,yes
631,1,1,0.5621765008857981,-0.86808180809021,-1.11808180809021,base,yes
632,1,1,0.5621765008857981,-0.8619464635848999,-1.1119464635849,base,yes
633,1,0,0.2689414213699951,-1.768303394317627,-0.768303394317627,base,no
634,1,0,0.46879062662624377,-1.067049503326416,-0.942049503326416,base,no
635,1,1,0.7981867777396212,-0.6953225135803223,-2.0703225135803223,base,yes
636,1,0,0.012431649206697853,-4.579243183135986,-0.20424304902553558,base,no
637,1,0,0.022977369575503337,-3.9702327251434326,-0.22023271024227142,base,no
638,1,1,0.8354835371034369,-0.49761152267456055,-2.1226115226745605,base,yes
639,1,1,0.8519527944504226,-0.4207993149757385,-2.1707992553710938,base,yes
640,1,1,0.9579122720843811,-0.5065934658050537,-3.6315934658050537,base,yes
641,1,0,0.4378234991142019,-1.2473623752593994,-0.9973623752593994,base,no
642,1,1,0.8807970779778823,-0.6725730895996094,-2.6725730895996094,base,yes
643,1,1,0.5621765008857981,-0.7528879642486572,-1.0028879642486572,base,yes
644,1,1,0.8354835330070839,-0.3151809275150299,-1.9401808977127075,base,yes
645,1,1,0.7772998508568416,-0.5637605786323547,-1.81376051902771,base,yes
646,1,0,0.008577485413711986,-4.882443428039551,-0.13244342803955078,base,no
647,1,1,0.6513548646660542,-0.8567410707473755,-1.4817410707473755,base,yes
648,1,1,0.5312093733737563,-0.8479700088500977,-0.9729700088500977,base,yes
649,1,0,0.09534946618445303,-2.481139898300171,-0.2311399132013321,base,no
650,1,1,0.8807970904940926,-0.6723994016647339,-2.6723995208740234,base,yes
651,1,1,0.867035763237924,-0.30544230341911316,-2.1804423332214355,base,yes
652,1,1,0.7981867777396212,-0.6491134166717529,-2.024113416671753,base,yes
653,1,0,0.2689414213699951,-1.6195615530014038,-0.6195615530014038,base,no
654,1,0,0.3208213138121609,-1.5191574096679688,-0.7691574692726135,base,no
655,1,0,0.3775406547908327,-1.3119869232177734,-0.8119868636131287,base,no
656,1,0,0.29421497216298875,-1.566230058670044,-0.691230058670044,base,no
657,1,1,0.7310585903489892,-0.7209596037864685,-1.7209596633911133,base,yes
658,1,1,0.851952809486198,-0.69295734167099,-2.4429574012756348,base,yes
659,1,1,0.5312093733737563,-1.066526174545288,-1.191526174545288,base,yes
660,1,1,0.754914975839675,-0.6555314660072327,-1.780531406402588,base,yes
661,1,1,0.914900945711678,-0.39492666721343994,-2.7699265480041504,base,yes
662,1,1,0.9149009596336303,-0.36094778776168823,-2.735947847366333,base,yes
663,1,0,0.11920292202211755,-2.5921616554260254,-0.5921616554260254,base,no
664,1,1,0.8175744673038221,-0.5605178475379944,-2.0605177879333496,base,yes
665,1,1,0.8807970842359877,-0.4890984892845154,-2.48909854888916,base,yes
666,1,0,0.007577239923211134,-5.168067932128906,-0.2930677533149719,base,no
667,1,1,0.7057850278370112,-0.8364771604537964,-1.7114771604537964,base,yes
668,1,0,0.0015011820780507757,-7.029846668243408,-0.5298465490341187,base,No
669,1,0,0.14804721306746543,-2.1710104942321777,-0.4210106134414673,base,no
670,1,0,0.005220125384038879,-5.315492153167725,-0.06549209356307983,base,no
671,1,0,0.0024726232301424803,-6.443080425262451,-0.44308045506477356,base,No
672,1,1,0.9399133464597458,-0.6864166855812073,-3.4364166259765625,base,yes
673,1,0,0.10669060246682488,-2.4778029918670654,-0.3528030812740326,base,no
674,1,1,0.8354835371034369,-0.6663022041320801,-2.29130220413208,base,yes
675,1,0,0.4073334000459302,-1.3306021690368652,-0.9556021690368652,base,no
676,1,0,0.01798620575097472,-4.450155258178711,-0.45015501976013184,base,No
677,1,1,0.6513548782017746,-0.5842797160148621,-1.2092797756195068,base,yes
678,1,1,0.6791787121629466,-0.6925696730613708,-1.4425697326660156,base,yes
679,1,0,0.0009110513910692783,-7.072906494140625,-0.07290671020746231,base,no
680,1,1,0.7549149868676283,-0.8918375968933105,-2.0168375968933105,base,Yes
681,1,0,0.29421497216298875,-1.468461036682129,-0.5934610366821289,base,no
682,1,1,0.679178699175393,-0.9002788066864014,-1.6502788066864014,base,Yes
683,1,0,0.05340333205964859,-3.0162856578826904,-0.141285702586174,base,no
684,1,1,0.9149009596336303,-0.3920249342918396,-2.7670249938964844,base,yes
685,1,1,0.8670357701094303,-0.43371906876564026,-2.3087191581726074,base,yes
686,1,1,0.5926665999540697,-0.9610695838928223,-1.3360695838928223,base,Yes
687,1,1,0.9840936054891429,-0.26648396253585815,-4.391483783721924,base,yes
688,1,1,0.6513548646660542,-0.9427530765533447,-1.5677530765533447,base,Yes
689,1,0,0.09534946232842245,-2.4997713565826416,-0.2497713267803192,base,no
690,1,0,0.13296424706933604,-2.3582100868225098,-0.48321014642715454,base,no
691,1,0,0.46879062662624377,-0.9456279277801514,-0.8206279277801514,base,no
692,1,0,0.32082130082460697,-1.531188726425171,-0.7811887264251709,base,no
693,1,1,0.5621765155565327,-0.7769305109977722,-1.026930570602417,base,yes
694,1,1,0.89330940889474,-0.32446691393852234,-2.4494669437408447,base,yes
695,1,0,0.000626334204745725,-7.5191144943237305,-0.14411456882953644,base,no
696,1,0,0.24508502416032488,-1.5909221172332764,-0.46592217683792114,base,no
697,1,0,0.004609571187989654,-5.473578453063965,-0.09857823699712753,base,no
698,1,0,0.005911067542826956,-5.254709720611572,-0.12970949709415436,base,no
699,1,0,0.20181323186177208,-1.9675498008728027,-0.5925498604774475,base,no
700,1,1,0.8807970779778823,-0.3195183277130127,-2.3195183277130127,base,yes
701,1,1,0.8670357460591569,-0.5492235422134399,-2.4242234230041504,base,yes
702,1,1,0.7549149868676283,-0.5766746997833252,-1.7016746997833252,base,yes
703,1,0,0.4073334000459302,-1.2909862995147705,-0.9159862995147705,base,no
704,1,1,0.8175744584140004,-0.5133405923843384,-2.013340473175049,base,yes
705,1,0,0.18242551936144574,-1.8887618780136108,-0.38876184821128845,base,no
706,1,0,0.2689414213699951,-1.6452897787094116,-0.6452897787094116,base,no
707,1,1,0.9241418158002492,-0.4963405728340149,-2.99634051322937,base,yes
708,1,1,0.8354835371034369,-0.7427105903625488,-2.367710590362549,base,Yes
709,1,1,0.5312093733737563,-0.8709484934806824,-0.9959484934806824,base,yes
710,1,1,0.6224593312018546,-0.8936910629272461,-1.393691062927246,base,yes
711,1,1,0.6224593452091672,-0.9837865233421326,-1.4837865829467773,base,Yes
712,1,0,0.014063629316034177,-4.437878608703613,-0.1878787726163864,base,no
713,1,0,0.46879062662624377,-1.0045256614685059,-0.8795256614685059,base,no
714,1,1,0.8175744850834649,-0.8289293646812439,-2.3289294242858887,base,Yes
715,1,0,0.16451645470385742,-1.983220100402832,-0.35822004079818726,base,no
716,1,1,0.8670357666736773,-0.4697842001914978,-2.3447842597961426,base,yes
717,1,0,0.02931223159932252,-3.819272041320801,-0.31927207112312317,base,no
718,1,0,0.01590639054554718,-4.278930187225342,-0.15393011271953583,base,no
719,1,1,0.7549149868676283,-0.8427568674087524,-1.9677568674087524,base,yes
720,1,0,0.0006263341161367489,-7.477734088897705,-0.1027340218424797,base,no
721,1,0,0.002800927258462121,-6.061099052429199,-0.18609915673732758,base,no
722,1,0,0.003172683408005215,-6.038891315460205,-0.2888914942741394,base,no
723,1,1,0.9241418241572634,-0.641549289226532,-3.1415493488311768,base,yes
724,1,1,0.8175744850834649,-0.6328479647636414,-2.132848024368286,base,yes
725,1,0,0.18242551491653522,-1.9318318367004395,-0.4318317770957947,base,no
726,1,0,0.08509904500702024,-2.828359365463257,-0.45335936546325684,base,no
727,1,0,0.16451647108926923,-1.9050853252410889,-0.28008538484573364,base,no
728,1,1,0.7057850278370112,-0.536192774772644,-1.411192774772644,base,yes
729,1,1,0.7772998508568416,-0.7096205353736877,-1.959620475769043,base,yes
730,1,0,0.0003353500505395985,-8.636334419250488,-0.6363341808319092,base,no
731,1,0,0.005220125848318164,-5.374309062957764,-0.12430909276008606,base,no
732,1,1,0.7549149868676283,-0.7813428640365601,-1.90634286403656,base,yes
733,1,0,0.03308597529010575,-3.461209535598755,-0.08620943874120712,base,no
734,1,0,0.0007096703568309563,-7.477316379547119,-0.22731631994247437,base,no
735,1,0,0.0011695104739356916,-6.879934310913086,-0.12993448972702026,base,no
736,1,0,0.0009110510587671301,-7.317836761474609,-0.31783661246299744,base,no
737,1,0,0.037326884131416216,-3.388803005218506,-0.1388029158115387,base,no
738,1,0,0.04742586846527418,-3.234370470046997,-0.2343703657388687,base,no
739,1,0,0.18242551491653522,-2.075336456298828,-0.5753363966941833,base,no
740,1,1,0.8354835330070839,-0.3493558466434479,-1.9743558168411255,base,yes
741,1,0,0.24508501313237172,-1.777611494064331,-0.652611494064331,base,no
742,1,1,0.754914975839675,-0.7862346768379211,-1.9112346172332764,base,Yes
743,1,1,0.8175744584140004,-0.7788444757461548,-2.2788443565368652,base,yes
744,1,0,0.40733341443526055,-1.3220188617706299,-0.9470189213752747,base,no
745,1,1,0.8175744761936437,-0.7055320739746094,-2.2055320739746094,base,Yes
746,1,0,0.07585818419975078,-2.7123491764068604,-0.21234923601150513,base,no
747,1,0,0.010986945059385054,-4.680352687835693,-0.18035291135311127,base,no
748,1,0,0.11920292828022305,-2.3384735584259033,-0.3384736180305481,base,no
749,1,1,0.8175744806385543,-0.30244824290275574,-1.8024482727050781,base,yes
750,1,0,0.34864513533394575,-1.3926310539245605,-0.7676310539245605,base,no
751,1,0,0.5,-0.9611347317695618,-0.9611347317695618,base,no
752,1,0,0.03308597457504463,-3.563464641571045,-0.18846452236175537,base,no
753,1,0,0.4073334000459302,-1.2411220073699951,-0.8661220073699951,base,no
754,1,0,0.0046095723503026004,-5.486147403717041,-0.111147440969944,base,no
755,1,0,0.24508500210441886,-1.610365390777588,-0.4853653311729431,base,no
756,1,1,0.6224593312018546,-0.9561071395874023,-1.4561071395874023,base,Yes
757,1,0,0.00029595700108871225,-8.196432113647461,-0.0714317336678505,base,no
758,1,0,0.37754066879814546,-1.4058294296264648,-0.9058294296264648,base,no
759,1,1,0.9149009480320036,-0.2633155286312103,-2.638315439224243,base,yes
760,1,0,0.14804721306746543,-2.25728178024292,-0.5072818994522095,base,no
761,1,0,0.1329642333263228,-2.3059394359588623,-0.43093937635421753,base,no
762,1,1,0.6791787121629466,-0.9623484015464783,-1.712348461151123,base,Yes
763,1,1,0.7549149813536518,-0.450269490480423,-1.5752694606781006,base,yes
764,1,0,0.03732688306051187,-3.5892133712768555,-0.3392132520675659,base,no
765,1,1,0.754914997895581,-0.689267098903656,-1.8142671585083008,base,yes
766,1,0,0.3486451488696663,-1.4240491390228271,-0.7990491986274719,base,no
767,1,1,0.5926665999540697,-0.9405664205551147,-1.3155664205551147,base,yes
768,1,1,0.9940889302681448,-0.4809319078922272,-5.605931758880615,base,yes
769,1,1,0.5926665999540697,-0.8198727369308472,-1.1948727369308472,base,yes
770,1,0,0.015906394510857135,-4.493147373199463,-0.3681475520133972,base,no
771,1,0,0.00048785723540669074,-7.71527099609375,-0.0902712270617485,base,no
772,1,1,0.8807970842359877,-0.5365366339683533,-2.536536693572998,base,yes
773,1,1,0.8933094145755219,-0.3528060019016266,-2.4778060913085938,base,yes
774,1,1,0.9324533013520764,-0.4462658166885376,-3.071265697479248,base,yes
775,1,0,0.3775406828054583,-1.1121785640716553,-0.6121786236763,base,no
776,1,1,0.7772998508568416,-0.5252514481544495,-1.7752513885498047,base,yes
777,1,0,0.022977369240981062,-3.953927755355835,-0.20392772555351257,base,no
778,1,0,0.0675466911396291,-2.7962498664855957,-0.1712498664855957,base,no
779,1,0,0.34864513533394575,-1.3756413459777832,-0.7506413459777832,base,no
780,1,1,0.7981867873410141,-0.7481257319450378,-2.1231257915496826,base,yes
781,1,0,0.11920293453832885,-2.309520721435547,-0.3095208406448364,base,no
782,1,0,0.047425875197120895,-3.2319979667663574,-0.231998011469841,base,no
783,1,1,0.6513548646660542,-0.8643732070922852,-1.4893732070922852,base,Yes
784,1,0,0.4378234991142019,-1.2677875757217407,-1.0177875757217407,base,no
785,1,0,0.004070138319925425,-5.638165473937988,-0.13816562294960022,base,no
786,1,0,0.32082130082460697,-1.303624153137207,-0.553624153137207,base,no
787,1,0,0.22270013882530884,-1.8311389684677124,-0.5811389684677124,base,no
788,1,1,0.9241418158002492,-0.38059550523757935,-2.8805954456329346,base,yes
789,1,0,0.005911067805510302,-5.252542495727539,-0.12754231691360474,base,no
790,1,1,0.9465966656805269,-0.19481238722801208,-3.069812297821045,base,yes
791,1,0,0.0017007222596374673,-6.603499412536621,-0.22849932312965393,base,no
792,1,1,0.5926665855647394,-0.7808755040168762,-1.1558754444122314,base,yes
793,1,1,0.8175744850834649,-0.5895647406578064,-2.089564800262451,base,yes
794,1,0,0.4073334000459302,-1.292521357536316,-0.9175213575363159,base,no
795,1,1,0.9770226347732859,-0.37911728024482727,-4.129117488861084,base,Yes
796,1,1,0.7057850278370112,-0.8763118982315063,-1.7513118982315063,base,yes
797,1,0,0.03308597934211908,-3.534636974334717,-0.15963700413703918,base,no
798,1,0,0.042087723109535534,-3.381533622741699,-0.25653350353240967,base,no
799,1,1,0.7772998560157665,-0.4934375584125519,-1.7434375286102295,base,yes
800,1,1,0.867035752930664,-0.8016000390052795,-2.6765999794006348,base,Yes
801,1,1,0.7310585669110203,-0.7414548993110657,-1.741454839706421,base,Yes
802,1,0,0.08509904964767095,-2.673635244369507,-0.2986353039741516,base,no
803,1,0,0.06008665017400762,-2.983704090118408,-0.2337040901184082,base,no
804,1,0,0.46879061178313897,-1.075650691986084,-0.9506506323814392,base,no
805,1,0,0.10669058826486906,-2.3447189331054688,-0.21971887350082397,base,no
806,1,0,0.001325022594677071,-6.82985782623291,-0.2048579603433609,base,no
807,1,0,0.06754668738548215,-2.849444627761841,-0.22444456815719604,base,no
808,1,0,0.017986209962091555,-4.281553745269775,-0.2815537452697754,base,no
809,1,0,0.017986210488481234,-4.123838901519775,-0.12383893132209778,base,no
810,1,1,0.9626731169394882,-0.23653876781463623,-3.486538887023926,base,yes
811,1,0,0.3775406828054583,-1.172271966934204,-0.6722720265388489,base,no
812,1,0,0.0019267350071906994,-6.6407999992370605,-0.3908001780509949,base,no
813,1,1,0.7772998508568416,-0.7639289498329163,-2.0139288902282715,base,yes
814,1,0,0.46879062662624377,-1.148148536682129,-1.023148536682129,base,no
815,1,1,0.8670357598021706,-0.6767444610595703,-2.5517444610595703,base,yes
816,1,1,0.851952809486198,-0.5223726630210876,-2.2723727226257324,base,yes
817,1,0,0.004609571153803984,-5.54484224319458,-0.16984201967716217,base,no
818,1,0,0.22270013882530884,-1.7426456212997437,-0.49264562129974365,base,no
819,1,0,0.24508500210441886,-1.705409049987793,-0.5804089903831482,base,no
820,1,0,0.0008040859835179557,-7.28892183303833,-0.16392189264297485,base,no
821,1,0,0.37754066879814546,-1.349868655204773,-0.849868655204773,base,no
822,1,1,0.7772998611746911,-0.8130574226379395,-2.0630574226379395,base,yes
823,1,0,0.0031726835493852378,-5.885651111602783,-0.1356513351202011,base,no
824,1,1,0.7772998714925403,-0.5842241644859314,-1.8342242240905762,base,yes
825,1,0,0.4378234991142019,-1.0642437934875488,-0.8142437934875488,base,no
826,1,0,0.2942149845400438,-1.565392017364502,-0.6903920769691467,base,no
827,1,0,0.015906388912772775,-4.382233142852783,-0.2572329640388489,base,no
828,1,0,0.008577485477071068,-4.870660781860352,-0.12066078931093216,base,no
829,1,0,0.40733341443526055,-1.3234539031982422,-0.948453962802887,base,no
830,1,0,0.0011695100735820523,-6.853480339050293,-0.10348017513751984,base,no
831,1,1,0.9241418116217418,-0.4162336587905884,-2.916233539581299,base,yes
832,1,0,0.3208212878370535,-1.4954833984375,-0.7454833388328552,base,no
833,1,1,0.7310585786300049,-0.9372431039810181,-1.937243103981018,base,Yes
834,1,0,0.11920292515117029,-2.410496234893799,-0.4104962646961212,base,no
835,1,0,0.0024726229728655185,-6.060456275939941,-0.06045620143413544,base,no
836,1,1,0.8175744584140004,-0.7273708581924438,-2.2273707389831543,base,yes
837,1,0,0.14804719051380197,-2.1930346488952637,-0.4430345892906189,base,no
838,1,0,0.3486451217982255,-1.4665474891662598,-0.841547429561615,base,no
839,1,1,0.9046505402422645,-0.5532416701316833,-2.803241729736328,base,yes
840,1,1,0.7057850402140659,-0.8090946078300476,-1.6840946674346924,base,yes
841,1,1,0.8354835330070839,-0.3610277473926544,-1.986027717590332,base,yes
842,1,0,0.0003353502603476981,-8.1807222366333,-0.18072262406349182,base,no
843,1,0,0.4378234844434674,-1.0956292152404785,-0.8456291556358337,base,no
844,1,0,0.13296422989056964,-2.162557363510132,-0.2875572741031647,base,no
845,1,1,0.5621765008857981,-0.7387275695800781,-0.9887275695800781,base,yes
846,1,1,0.6791787121629466,-0.7758142352104187,-1.5258142948150635,base,yes
847,1,0,0.06008665438181589,-2.958683490753174,-0.2086835652589798,base,no
848,1,1,0.6224593312018546,-0.9792938232421875,-1.4792938232421875,base,yes
849,1,0,0.0005527786863185436,-7.783356189727783,-0.28335627913475037,base,no
850,1,0,0.20181322226037882,-1.9102354049682617,-0.5352354049682617,base,no
851,1,0,0.015906391945068224,-4.296018600463867,-0.17101861536502838,base,no
852,1,0,0.009708478630420372,-4.7715044021606445,-0.14650462567806244,base,no
853,1,1,0.8519528019683106,-0.7080862522125244,-2.4580862522125244,base,Yes
854,1,1,0.7549149868676283,-0.5844123363494873,-1.7094123363494873,base,yes
855,1,1,0.9046505453836383,-0.5968660116195679,-2.8468661308288574,base,yes
856,1,0,0.010986941780516148,-4.549516201019287,-0.04951612278819084,base,no
857,1,0,0.5,-0.9760720729827881,-0.9760720729827881,base,no
858,1,1,0.6513548646660542,-0.8268305063247681,-1.451830506324768,base,yes
859,1,0,0.11920290950590741,-2.382918357849121,-0.38291823863983154,base,no
860,1,1,0.7549149868676283,-0.6933460235595703,-1.8183460235595703,base,yes
861,1,0,0.1066905825840872,-2.4971494674682617,-0.37214934825897217,base,no
862,1,0,0.0017007220572403947,-6.582025051116943,-0.20702484250068665,base,no
863,1,0,0.4073334000459302,-1.2783385515213013,-0.9033385515213013,base,no
864,1,1,0.5621765008857981,-1.0556440353393555,-1.3056440353393555,base,Yes
865,1,0,0.3775406547908327,-1.1934964656829834,-0.6934964060783386,base,no
866,1,1,0.7549149868676283,-0.851608157157898,-1.976608157157898,base,Yes
867,1,0,0.4378234991142019,-1.014782428741455,-0.7647824287414551,base,no
868,1,0,0.24508501313237172,-1.7105988264083862,-0.5855988264083862,base,no
869,1,0,0.0008040859715457755,-7.32844877243042,-0.2034488171339035,base,no
870,1,1,0.6513548646660542,-0.7689460515975952,-1.3939460515975952,base,yes
871,1,0,0.16451644651115205,-2.2237887382507324,-0.5987886190414429,base,no
872,1,1,0.8807970654616711,-0.5718284845352173,-2.5718283653259277,base,yes
873,1,0,0.00043055717110715777,-7.911632061004639,-0.16163226962089539,base,no
874,1,0,0.009708476911263291,-4.868190765380859,-0.24319081008434296,base,no
875,1,1,0.6513548646660542,-0.8936673402786255,-1.5186673402786255,base,yes
876,1,0,0.2689414330889798,-1.6255218982696533,-0.6255219578742981,base,no
877,1,0,0.005220125538798635,-5.402914047241211,-0.15291401743888855,base,no
878,1,0,0.04208772671409796,-3.5563740730285645,-0.43137404322624207,base,no
879,1,1,0.8175744761936437,-0.40601682662963867,-1.9060168266296387,base,yes
880,1,0,0.46879062662624377,-0.8641197681427002,-0.7391197681427002,base,no
881,1,1,0.7981867777396212,-0.6904165744781494,-2.0654165744781494,base,yes
882,1,1,0.6224593171945417,-0.7765970826148987,-1.276597023010254,base,yes
883,1,0,0.2942149845400438,-1.6214196681976318,-0.7464197278022766,base,no
884,1,0,0.020332349780873466,-4.092466354370117,-0.21746617555618286,base,no
885,1,0,0.012431652682617146,-4.645056247711182,-0.2700563967227936,base,no
886,1,0,0.22270013882530884,-1.7096984386444092,-0.4596984386444092,base,no
887,1,0,0.22270013882530884,-1.8275812864303589,-0.5775812864303589,base,no
888,1,1,0.7057850154599563,-0.8361847996711731,-1.7111847400665283,base,yes
889,1,1,0.679178699175393,-0.9418478012084961,-1.691847801208496,base,Yes
890,1,0,0.18242552825126704,-1.975427508354187,-0.4754275381565094,base,no
891,1,0,0.047425869811643456,-3.1694705486297607,-0.16947047412395477,base,no
892,1,0,0.009708475263738038,-4.731753826141357,-0.10675369948148727,base,no
893,1,0,0.0011695101083954067,-6.847519874572754,-0.09751974046230316,base,no
894,1,0,0.0019267346346722098,-6.3821587562561035,-0.13215874135494232,base,no
895,1,1,0.9324533013520764,-0.530884861946106,-3.1558847427368164,base,yes
896,1,1,0.7057850154599563,-0.7452316880226135,-1.6202316284179688,base,yes
897,1,0,0.24508501313237172,-1.75162935256958,-0.6266293525695801,base,no
898,1,1,0.6224593312018546,-0.9633547067642212,-1.4633547067642212,base,yes
899,1,0,0.07585817270885642,-2.65152907371521,-0.1515289694070816,base,no
900,1,0,0.0028009265509193865,-6.135799407958984,-0.26079925894737244,base,no
901,1,1,0.8933094060543487,-0.6685051918029785,-2.7935051918029785,base,yes
902,1,1,0.914900957313305,-0.3914606273174286,-2.766460657119751,base,yes
903,1,1,0.8175744761936437,-0.8302149772644043,-2.3302149772644043,base,Yes
904,1,1,0.8933094060543487,-0.4788632392883301,-2.60386323928833,base,yes
905,1,0,0.22270013366638422,-1.730934739112854,-0.4809347093105316,base,no
906,1,0,0.07585817584273653,-2.763841390609741,-0.26384133100509644,base,no
907,1,0,0.005220126467357275,-5.512983322143555,-0.2629834711551666,base,no
908,1,1,0.5312093733737563,-1.0947518348693848,-1.2197518348693848,base,Yes
909,1,0,0.16451647108926923,-2.039418935775757,-0.4144189953804016,base,no
910,1,0,0.0015011824577590097,-6.685108661651611,-0.18510879576206207,base,no
911,1,1,0.8354835452961425,-0.5007964968681335,-2.1257965564727783,base,yes
912,1,0,0.00026119027240345376,-8.329883575439453,-0.0798833966255188,base,no
913,1,1,0.5926665999540697,-1.0570204257965088,-1.4320204257965088,base,Yes
914,1,1,0.5621765008857981,-0.9802812337875366,-1.2302812337875366,base,yes
915,1,1,0.5926665999540697,-0.9137512445449829,-1.288751244544983,base,yes
916,1,0,0.20181322226037882,-1.8746278285980225,-0.49962782859802246,base,no
917,1,1,0.798186768138228,-0.5385785698890686,-1.9135785102844238,base,yes
918,1,0,0.014063627043245474,-4.438039779663086,-0.18803977966308594,base,no
919,1,1,0.8519527944504226,-0.5534833073616028,-2.303483247756958,base,yes
920,1,0,0.014063626216776943,-4.61769437789917,-0.36769431829452515,base,no
921,1,0,0.002472622605327048,-6.106663703918457,-0.10666348040103912,base,no
922,1,0,0.32082130082460697,-1.4848893880844116,-0.7348893880844116,base,no
923,1,0,0.5,-1.101863145828247,-1.101863145828247,base,no
924,1,0,0.00522012615783771,-5.540768146514893,-0.29076823592185974,base,no
925,1,1,0.8354835371034369,-0.49756455421447754,-2.1225645542144775,base,yes
926,1,1,0.8933093975331751,-0.4132743775844574,-2.5382742881774902,base,yes
927,1,1,0.9796676451732639,-0.1476956158876419,-4.022695541381836,base,yes
928,1,0,0.08509904268669496,-2.6669182777404785,-0.29191824793815613,base,no
929,1,0,0.1480471829959148,-2.0252976417541504,-0.27529752254486084,base,no
930,1,0,0.053403329046549465,-3.072402238845825,-0.197402223944664,base,no
931,1,1,0.8670357666736773,-0.35540860891342163,-2.2304086685180664,base,yes
932,1,0,0.2942149845400438,-1.595810890197754,-0.7208109498023987,base,no
933,1,1,0.957912274487423,-0.24396532773971558,-3.3689653873443604,base,yes
934,1,1,0.7310585669110203,-0.552497923374176,-1.5524978637695312,base,yes
935,1,0,0.004609572487045321,-5.498859405517578,-0.1238594725728035,base,no
936,1,0,0.0007096702907846612,-7.300233364105225,-0.05023321136832237,base,no
937,1,0,0.06754669489377622,-3.017200231552124,-0.3922002911567688,base,no
938,1,0,0.006692851320539924,-5.176625728607178,-0.1766257882118225,base,no
939,1,0,0.13296424019782924,-2.1753323078155518,-0.30033230781555176,base,no
940,1,0,0.32082130082460697,-1.4158315658569336,-0.6658315658569336,base,no
941,1,1,0.7310585669110203,-0.7155855298042297,-1.715585470199585,base,yes
942,1,0,0.2689414096510108,-1.6753711700439453,-0.6753711104393005,base,no
943,1,0,0.4378234991142019,-1.0583349466323853,-0.8083349466323853,base,no
944,1,0,0.025957354937269386,-3.947516441345215,-0.3225163519382477,base,no
945,1,1,0.9465966641739773,-0.229101300239563,-3.1041011810302734,base,yes
946,1,0,0.37754066879814546,-1.2321795225143433,-0.7321795225143433,base,no
947,1,1,0.9324533032291502,-0.3162420690059662,-2.941241979598999,base,yes
948,1,1,0.7772998663336157,-0.3948671519756317,-1.644867181777954,base,yes
949,1,0,0.0046095724357668,-5.43370246887207,-0.05870252475142479,base,no
950,1,0,0.0004878570355891808,-8.013032913208008,-0.3880327343940735,base,no
951,1,0,0.11920292828022305,-2.445317506790161,-0.4453175663948059,base,no
952,1,0,0.4073334000459302,-1.2840073108673096,-0.9090073108673096,base,no
953,1,0,0.00048785708645181187,-7.8518595695495605,-0.22685949504375458,base,no
954,1,0,0.4073334000459302,-1.3126299381256104,-0.9376299381256104,base,no
955,1,1,0.8354835452961425,-0.7596802115440369,-2.3846802711486816,base,yes
956,1,1,0.7549149868676283,-0.657418966293335,-1.782418966293335,base,yes
957,1,1,0.9149009619539553,-0.28363290429115295,-2.65863299369812,base,yes
958,1,0,0.02595735757455145,-3.800342321395874,-0.17534233629703522,base,no
959,1,1,0.8175744761936437,-0.5228474140167236,-2.0228474140167236,base,yes
960,1,0,0.16451646699291617,-2.04733943939209,-0.42233946919441223,base,no
961,1,0,0.00037998436193030353,-8.018949508666992,-0.14394910633563995,base,no
962,1,1,0.798186768138228,-0.47965747117996216,-1.8546574115753174,base,yes
963,1,0,0.20181322226037882,-1.7497836351394653,-0.37478363513946533,base,no
964,1,1,0.7981867777396212,-0.6472551822662354,-2.0222551822662354,base,yes
965,1,1,0.8670357598021706,-0.37894582748413086,-2.253945827484131,base,yes
966,1,1,0.8670357598021706,-0.5922019481658936,-2.4672019481658936,base,yes
967,1,1,0.7549149868676283,-0.5263334512710571,-1.6513334512710571,base,yes
968,1,0,0.3775406547908327,-1.1467673778533936,-0.6467673182487488,base,no
969,1,0,0.022977365895758564,-4.065284252166748,-0.3152840733528137,base,no
970,1,0,0.4378234991142019,-1.1474400758743286,-0.8974400758743286,base,no
971,1,0,0.02595735606753309,-3.7749297618865967,-0.1499297171831131,base,no
972,1,1,0.7057850278370112,-0.8052119016647339,-1.6802119016647339,base,Yes
973,1,0,0.13296425394084313,-2.206852912902832,-0.3318530321121216,base,no
974,1,0,0.34864513533394575,-1.3264193534851074,-0.7014193534851074,base,no
975,1,0,0.24508500210441886,-1.726599931716919,-0.6015998721122742,base,no
976,1,1,0.6513548646660542,-0.6064705848693848,-1.2314705848693848,base,yes
977,1,0,0.4378234991142019,-1.2944740056991577,-1.0444740056991577,base,no
978,1,1,0.5312093733737563,-1.0978724956512451,-1.2228724956512451,base,yes
979,1,1,0.9046505453836383,-0.39976394176483154,-2.649764060974121,base,yes
980,1,0,0.0017007225505833018,-6.427955150604248,-0.05295523256063461,base,no
981,1,1,0.8933093946927838,-0.330600380897522,-2.4556002616882324,base,yes
982,1,1,0.5926665999540697,-1.0197097063064575,-1.3947097063064575,base,yes
983,1,1,0.6513548646660542,-0.8179819583892822,-1.4429819583892822,base,yes
984,1,1,0.9046505299595163,-0.5349591374397278,-2.784959077835083,base,Yes
985,1,0,0.0031726833608785423,-5.9572038650512695,-0.20720402896404266,base,no
986,1,0,0.4073334000459302,-1.2896249294281006,-0.9146249294281006,base,no
987,1,1,0.8519528057272543,-0.39208075404167175,-2.142080783843994,base,yes
988,1,0,0.004070136900456717,-5.623629093170166,-0.1236288920044899,base,no
989,1,0,0.009708477770841793,-4.792966365814209,-0.16796649992465973,base,no
990,1,0,0.004609571974260146,-5.608462333679199,-0.23346228897571564,base,no
991,1,0,0.0021827161208050378,-6.381694316864014,-0.25669416785240173,base,no
992,1,0,0.012431650121413363,-4.740803241729736,-0.36580318212509155,base,no
993,1,0,0.34864513533394575,-1.3263330459594727,-0.7013330459594727,base,no
994,1,0,0.4378234991142019,-1.2433595657348633,-0.9933595657348633,base,no
995,1,1,0.5312093733737563,-1.0798866748809814,-1.2048866748809814,base,yes
996,1,1,0.6224593312018546,-0.7771741151809692,-1.2771741151809692,base,yes
997,1,0,0.005911069731855184,-5.320268630981445,-0.19526877999305725,base,no
998,1,1,0.7981867873410141,-0.6551579833030701,-2.030158042907715,base,yes
999,1,1,0.8354835289107309,-0.46398526430130005,-2.0889852046966553,base,yes
1000,1,1,0.679178699175393,-0.6423112154006958,-1.3923112154006958,base,yes
1001,1,1,0.754914975839675,-0.4605141282081604,-1.5855140686035156,base,yes
1002,1,1,0.9149009642742806,-0.3902329206466675,-2.765233039855957,base,yes
1003,1,1,0.5312093733737563,-0.8322077989578247,-0.9572077989578247,base,yes
1004,1,1,0.679178699175393,-0.5949199199676514,-1.3449199199676514,base,yes
1005,1,0,0.010986941335237732,-4.827733516693115,-0.3277333974838257,base,no
1006,1,1,0.8175744939732856,-0.7163761854171753,-2.216376304626465,base,yes
1007,1,1,0.880797071719777,-0.31983405351638794,-2.319833993911743,base,yes
1008,1,1,0.7772998663336157,-0.4480282962322235,-1.698028326034546,base,yes
1009,1,1,0.5926665999540697,-1.0668301582336426,-1.4418301582336426,base,Yes
1010,1,1,0.8807970779778823,-0.3381340503692627,-2.3381340503692627,base,yes
1011,1,1,0.7772998611746911,-0.5300956964492798,-1.7800956964492798,base,yes
1012,1,0,0.0031726824890352242,-5.835848808288574,-0.08584869652986526,base,no
1013,1,1,0.6224593312018546,-0.8356021642684937,-1.3356021642684937,base,yes
1014,1,0,0.46879062662624377,-1.228813648223877,-1.103813648223877,base,no
1015,1,0,0.13296422989056964,-2.1460344791412354,-0.2710343897342682,base,no
1016,1,1,0.7057850278370112,-0.8556673526763916,-1.7306673526763916,base,Yes
1017,1,1,0.5621765008857981,-0.9233508110046387,-1.1733508110046387,base,yes
1018,1,0,0.0006263341394548992,-7.690232276916504,-0.3152322471141815,base,no
1019,1,0,0.29421497216298875,-1.6287363767623901,-0.7537363767623901,base,no
1020,1,0,0.18242551936144574,-1.963850498199463,-0.4638504683971405,base,no
1021,1,0,0.46879062662624377,-0.9546892046928406,-0.8296892046928406,base,no
1022,1,0,0.0019267344340853601,-6.601876258850098,-0.3518761396408081,base,no
1023,1,0,0.18242552825126704,-1.897560954093933,-0.3975609838962555,base,no
1024,1,1,0.9840936092211993,-0.537965714931488,-4.662965774536133,base,yes
1025,1,1,0.6513548646660542,-0.821436882019043,-1.446436882019043,base,yes
1026,1,1,0.914900945711678,-0.33090269565582275,-2.705902576446533,base,yes
1027,1,0,0.0011695100909887293,-6.914322853088379,-0.16432270407676697,base,no
1028,1,1,0.8175744761936437,-0.40285420417785645,-1.9028542041778564,base,yes
1029,1,0,0.033085978388704126,-3.652733087539673,-0.27773308753967285,base,no
1030,1,0,0.003172682135585299,-5.856998920440674,-0.10699869692325592,base,no
1031,1,0,0.29421496597446145,-1.369688630104065,-0.49468860030174255,base,no
1032,1,1,0.798186768138228,-0.6930797696113586,-2.068079710006714,base,yes
1033,1,0,0.00407013783670198,-5.690351963043213,-0.19035199284553528,base,no
1034,1,0,0.003593603275053591,-5.777585983276367,-0.1525861769914627,base,no
1035,1,0,0.0005527786286911093,-7.6822509765625,-0.1822509616613388,base,no
1036,1,1,0.9820137900379085,-0.36565160751342773,-4.365651607513428,base,yes
1037,1,1,0.8354835371034369,-0.5731329917907715,-2.1981329917907715,base,yes
1038,1,1,0.9579122738866624,-0.2216143161058426,-3.346614360809326,base,yes
1039,1,1,0.9324533032291502,-0.2469683587551117,-2.8719682693481445,base,yes
1040,1,0,0.4378235137849365,-1.0346918106079102,-0.7846918702125549,base,no
1041,1,0,0.03308597552845946,-3.675767183303833,-0.30076709389686584,base,no
1042,1,0,0.2689414272294874,-1.474272608757019,-0.47427263855934143,base,no
1043,1,1,0.8519528019683106,-0.7010269165039062,-2.4510269165039062,base,yes
1044,1,0,0.5,-1.0622732639312744,-1.0622732639312744,base,no
1045,1,0,0.1480472055495773,-2.19064998626709,-0.4406500458717346,base,no
1046,1,0,0.34864513533394575,-1.442989468574524,-0.8179894685745239,base,no
1047,1,1,0.8670357666736773,-0.5844385027885437,-2.4594385623931885,base,yes
1048,1,0,0.0035936023146380092,-5.778710842132568,-0.1537107676267624,base,no
1049,1,1,0.7981867585368343,-0.8076664209365845,-2.182666301727295,base,Yes
1050,1,0,0.0019267350501736068,-6.356773853302002,-0.10677405446767807,base,no
1051,1,1,0.8519528170040853,-0.602777361869812,-2.3527774810791016,base,yes
1052,1,0,0.029312233295254994,-3.7527074813842773,-0.2527075707912445,base,no
1053,1,1,0.9241418199787566,-0.495577335357666,-2.995577335357666,base,yes
1054,1,0,0.06754668738548215,-2.8550171852111816,-0.23001712560653687,base,no
1055,1,0,0.001501182323744328,-6.6313252449035645,-0.13132528960704803,base,no
1056,1,0,0.08509904268669496,-2.758824348449707,-0.38382431864738464,base,no
1057,1,1,0.8175744850834649,-0.5512363314628601,-2.051236391067505,base,yes
1058,1,1,0.5312093585306514,-0.9282446503639221,-1.0532445907592773,base,yes
1059,1,0,0.006692852311177695,-5.115790843963623,-0.11579105257987976,base,no
1060,1,0,0.01590639077880068,-4.434222221374512,-0.30922216176986694,base,no
1061,1,1,0.6791786861878392,-0.7368491291999817,-1.486849069595337,base,yes
1062,1,1,0.9046505248181417,-0.5691810846328735,-2.819180965423584,base,Yes
1063,1,1,0.6513548646660542,-0.8778765201568604,-1.5028765201568604,base,Yes
1064,1,0,0.0017007225758829418,-6.457383632659912,-0.08238372951745987,base,no
1065,1,1,0.5621765008857981,-1.1019428968429565,-1.3519428968429565,base,Yes
1066,1,0,0.009708475621895678,-4.955617427825928,-0.33061733841896057,base,no
1067,1,0,0.18242552380635632,-1.9157283306121826,-0.4157283306121826,base,no
1068,1,0,0.0017007223734858317,-6.44928503036499,-0.07428500801324844,base,no
1069,1,1,0.8807970748488297,-0.33936217427253723,-2.339362144470215,base,yes
1070,1,1,0.5926665999540697,-0.9458713531494141,-1.320871353149414,base,yes
1071,1,0,0.053403329046549465,-3.0956006050109863,-0.22060059010982513,base,no
1072,1,1,0.8354835452961425,-0.6584812998771667,-2.2834813594818115,base,yes
1073,1,0,0.10669058826486906,-2.4289679527282715,-0.3039678931236267,base,no
1074,1,0,0.1645164628965632,-2.023958683013916,-0.398958683013916,base,no
1075,1,1,0.893309411735131,-0.6066655516624451,-2.73166561126709,base,Yes
1076,1,0,0.0953494648991095,-3.0139667987823486,-0.7639667987823486,base,no
1077,1,1,0.7057850402140659,-0.8247091174125671,-1.699709177017212,base,yes
1078,1,0,0.46879062662624377,-1.208173155784607,-1.083173155784607,base,no
1079,1,0,0.005911068068193657,-5.296732425689697,-0.17173229157924652,base,no
1080,1,1,0.8519528132451416,-0.369469553232193,-2.11946964263916,base,yes
1081,1,0,0.2689414096510108,-1.5459916591644287,-0.5459915995597839,base,no
1082,1,0,0.0015011820110434502,-6.603862285614014,-0.10386212170124054,base,no
1083,1,0,0.003172682135585299,-5.871840953826904,-0.12184073030948639,base,no
1084,1,1,0.5621765008857981,-0.9998594522476196,-1.2498594522476196,base,yes
1085,1,0,0.2942149597859341,-1.5789430141448975,-0.7039429545402527,base,no
1086,1,0,0.1480472055495773,-2.312640428543091,-0.5626404881477356,base,no
1087,1,1,0.5312093733737563,-1.0607179403305054,-1.1857179403305054,base,yes
1088,1,0,0.0008040857799909139,-7.269604682922363,-0.14460448920726776,base,no
1089,1,0,0.0006263340088732682,-7.629901885986328,-0.254901647567749,base,no
1090,1,1,0.5926666143433998,-0.8713054060935974,-1.2463054656982422,base,yes
1091,1,1,0.6224593452091672,-0.7174658179283142,-1.217465877532959,base,yes
1092,1,1,0.5621765008857981,-1.035454273223877,-1.285454273223877,base,yes
1093,1,0,0.5,-0.8864955902099609,-0.8864955902099609,base,no
1094,1,1,0.7057850402140659,-0.6687988638877869,-1.5437989234924316,base,yes
1095,1,0,0.46879062662624377,-0.9907371997833252,-0.8657371997833252,base,no
1096,1,0,0.001700722158438928,-6.558401107788086,-0.183400958776474,base,no
1097,1,1,0.7549149868676283,-0.4202425479888916,-1.5452425479888916,base,yes
1098,1,0,0.022977369240981062,-4.067128658294678,-0.31712862849235535,base,no
1099,1,1,0.7981867825403176,-0.40657052397727966,-1.781570553779602,base,yes
1100,1,1,0.8807970779778823,-0.5730178356170654,-2.5730178356170654,base,yes
1101,1,1,0.5621765008857981,-1.0700029134750366,-1.3200029134750366,base,Yes
1102,1,1,0.982013788985129,-0.4452276825904846,-4.44522762298584,base,yes
1103,1,1,0.8175744673038221,-0.4863455891609192,-1.9863455295562744,base,yes
1104,1,1,0.9820137924066618,-0.1771768182516098,-4.1771769523620605,base,yes
1105,1,0,0.014063628696182679,-4.420241355895996,-0.17024147510528564,base,no
1106,1,1,0.8519528057272543,-0.351183146238327,-2.1011831760406494,base,yes
1107,1,1,0.8670357666736773,-0.4357103705406189,-2.3107104301452637,base,yes
1108,1,1,0.8175744673038221,-0.7224252820014954,-2.2224252223968506,base,yes
1109,1,1,0.8519528019683106,-0.7612574100494385,-2.5112574100494385,base,Yes
1110,1,1,0.8175744673038221,-0.5192335247993469,-2.019233465194702,base,yes
1111,1,0,0.004070137172269837,-5.596444129943848,-0.09644399583339691,base,no
1112,1,0,0.22270014914315833,-1.8477692604064941,-0.5977693200111389,base,no
1113,1,0,0.4378234991142019,-0.9744033217430115,-0.7244033217430115,base,no
1114,1,0,0.13296425050508953,-2.1568713188171387,-0.28187140822410583,base,no
1115,1,1,0.851952809486198,-0.7669970393180847,-2.5169970989227295,base,Yes
1116,1,1,0.7310585786300049,-0.716442346572876,-1.716442346572876,base,yes
1117,1,1,0.6513548646660542,-0.7491490840911865,-1.3741490840911865,base,yes
1118,1,1,0.7981867873410141,-0.4513067603111267,-1.8263068199157715,base,yes
1119,1,0,0.4378234991142019,-1.21003258228302,-0.96003258228302,base,no
1120,1,1,0.867035763237924,-0.35297486186027527,-2.2279748916625977,base,yes
1121,1,1,0.9820137895115189,-0.2425694763660431,-4.242569446563721,base,yes
1122,1,1,0.8519528170040853,-0.5084551572799683,-2.258455276489258,base,yes
1123,1,0,0.22270014914315833,-1.6985740661621094,-0.44857412576675415,base,no
1124,1,1,0.5312093733737563,-1.095170259475708,-1.220170259475708,base,yes
1125,1,0,0.04742586913845881,-3.1994314193725586,-0.19943132996559143,base,no
1126,1,0,0.14804719427274565,-2.185065507888794,-0.43506547808647156,base,no
1127,1,0,0.053403325280175794,-3.134458541870117,-0.25945845246315,base,no
1128,1,0,0.1480471829959148,-2.246706485748291,-0.49670636653900146,base,no
1129,1,1,0.7057850340255386,-0.4407326877117157,-1.315732717514038,base,yes
1130,1,0,0.020332351858581475,-4.036826133728027,-0.16182605922222137,base,no
1131,1,0,0.007577240595535943,-5.2331438064575195,-0.35814371705055237,base,no
1132,1,0,0.37754066879814546,-1.3077162504196167,-0.8077162504196167,base,no
1133,1,1,0.5926666143433998,-0.8155245184898376,-1.1905245780944824,base,yes
1134,1,0,0.24508501864634827,-1.594765543937683,-0.4697655737400055,base,no
1135,1,0,0.060086648490884395,-3.0470430850982666,-0.2970430552959442,base,no
1136,1,0,0.0021827162506210893,-6.293753147125244,-0.16875305771827698,base,no
1137,1,1,0.6224593312018546,-0.8896304368972778,-1.3896304368972778,base,yes
1138,1,1,0.6224593312018546,-1.048636794090271,-1.548636794090271,base,Yes
1139,1,1,0.7310585669110203,-0.806453287601471,-1.8064532279968262,base,yes
1140,1,1,0.5926665999540697,-0.9847975969314575,-1.3597975969314575,base,Yes
1141,1,1,0.7057850278370112,-0.719010591506958,-1.594010591506958,base,yes
1142,1,0,0.4378235137849365,-1.2414424419403076,-0.9914425015449524,base,no
1143,1,1,0.8354835207180245,-0.5365587472915649,-2.1615586280822754,base,yes
1144,1,0,0.5,-0.9971650838851929,-0.9971650838851929,base,no
1145,1,0,0.4073334000459302,-1.3356539011001587,-0.9606539011001587,base,no
1146,1,1,0.6224593312018546,-0.9240515232086182,-1.4240515232086182,base,yes
1147,1,0,0.2689414213699951,-1.6730130910873413,-0.6730130910873413,base,no
1148,1,1,0.7549149868676283,-0.5257527828216553,-1.6507527828216553,base,yes
1149,1,1,0.8807970654616711,-0.6701551675796509,-2.6701550483703613,base,yes
1150,1,0,0.020332355717182622,-4.037499904632568,-0.1625000238418579,base,no
1151,1,0,0.07585818419975078,-2.842082977294922,-0.34208303689956665,base,no
1152,1,0,0.07585818211049715,-2.8099331855773926,-0.30993321537971497,base,no
1153,1,0,0.3208213138121609,-1.3873238563537598,-0.6373239159584045,base,no
1154,1,0,0.001032230959927003,-7.057232856750488,-0.1822327822446823,base,no
1155,1,1,0.7772998611746911,-0.500401496887207,-1.750401496887207,base,yes
1156,1,0,0.20181321265898594,-1.9387590885162354,-0.5637590289115906,base,no
1157,1,1,0.9399133481428692,-0.28287604451179504,-3.0328760147094727,base,yes
1158,1,0,0.00970847848715727,-4.896097660064697,-0.271097868680954,base,no
1159,1,1,0.6224593452091672,-0.8385788798332214,-1.3385789394378662,base,yes
1160,1,0,0.2689414213699951,-1.5605493783950806,-0.5605493783950806,base,no
1161,1,1,0.8519528057272543,-0.36652132868766785,-2.1165213584899902,base,yes
1162,1,1,0.880797071719777,-0.6459367871284485,-2.6459367275238037,base,Yes
1163,1,0,0.03732688948593843,-3.4841208457946777,-0.2341209053993225,base,no
1164,1,0,0.002472622862603971,-6.1850433349609375,-0.18504321575164795,base,no
1165,1,0,0.012431653414389749,-4.448019981384277,-0.07302019000053406,base,no
1166,1,0,0.009708476051684862,-4.744095325469971,-0.11909528076648712,base,no
1167,1,1,0.8175744761936437,-0.5163400173187256,-2.0163400173187256,base,yes
1168,1,0,0.14804718675485834,-2.0444841384887695,-0.29448404908180237,base,no
1169,1,1,0.8354835452961425,-0.5869244933128357,-2.2119245529174805,base,yes
1170,1,1,0.754914997895581,-0.594791829586029,-1.7197918891906738,base,yes
1171,1,0,0.46879062662624377,-1.1098895072937012,-0.9848895072937012,base,no
1172,1,0,0.047425867792089564,-3.301363945007324,-0.30136382579803467,base,no
1173,1,0,0.05340332377362639,-3.28770112991333,-0.4127010107040405,base,no
1174,1,0,0.0004305570749115768,-7.977043628692627,-0.22704361379146576,base,no
1175,1,0,0.37754066879814546,-1.1236357688903809,-0.6236357688903809,base,no
1176,1,0,0.4073334000459302,-1.083616852760315,-0.7086168527603149,base,no
1177,1,0,0.0015011823460801075,-6.704050540924072,-0.20405060052871704,base,no
1178,1,0,0.2942149845400438,-1.500415563583374,-0.6254156231880188,base,no
1179,1,0,0.24508501313237172,-1.7947015762329102,-0.6697015762329102,base,no
1180,1,1,0.8175744673038221,-0.5952590107917786,-2.095258951187134,base,yes
1181,1,0,0.0005527785216687471,-7.782263278961182,-0.2822630703449249,base,no
1182,1,0,0.4378235137849365,-1.0724024772644043,-0.8224025368690491,base,no
1183,1,0,0.09534947004048376,-2.532594919204712,-0.2825949788093567,base,no
1184,1,0,0.0007096703356961413,-7.506194591522217,-0.25619450211524963,base,no
1185,1,0,0.0024726233404040437,-6.147899150848389,-0.14789922535419464,base,no
1186,1,1,0.6224593171945417,-0.8054984211921692,-1.3054983615875244,base,yes
1187,1,1,0.8519528170040853,-0.6510380506515503,-2.40103816986084,base,yes
1188,1,0,0.5,-1.043082356452942,-1.043082356452942,base,no
1189,1,0,0.3208213138121609,-1.3643901348114014,-0.6143901944160461,base,no
1190,1,0,0.005220126467357275,-5.509884834289551,-0.2598849833011627,base,no
1191,1,0,0.0019267342621537913,-6.413823127746582,-0.16382291913032532,base,no
1192,1,0,0.13296424706933604,-2.1570112705230713,-0.28201133012771606,base,no
1193,1,1,0.6224593312018546,-0.8787165880203247,-1.3787165880203247,base,Yes
1194,1,1,0.9669140187510509,-0.4569455087184906,-3.8319454193115234,base,yes
1195,1,0,0.32082130082460697,-1.4099522829055786,-0.6599522829055786,base,no
1196,1,1,0.6791786861878392,-0.7748759388923645,-1.5248758792877197,base,yes
1197,1,0,0.010986940687560063,-4.686370849609375,-0.18637067079544067,base,no
1198,1,1,0.8175744761936437,-0.6364471912384033,-2.1364471912384033,base,yes
1199,1,0,0.16451645880021026,-1.987051010131836,-0.36205098032951355,base,no
1200,1,0,0.003172683408005215,-6.1414079666137695,-0.39140814542770386,base,no
1201,1,1,0.880797071719777,-0.7367642521858215,-2.7367641925811768,base,Yes
1202,1,0,0.01406362446053148,-4.353837490081787,-0.10383730381727219,base,no
1203,1,0,0.06754668363133542,-3.037238597869873,-0.4122384786605835,base,no
1204,1,1,0.5312093733737563,-0.91568922996521,-1.04068922996521,base,yes
1205,1,0,0.11920291576401235,-2.253600597381592,-0.253600537776947,base,no
1206,1,1,0.8519527869325346,-0.44659483432769775,-2.196594715118408,base,yes
1207,1,0,0.1066905854244781,-2.450058698654175,-0.32505860924720764,base,no
1208,1,0,0.017986209962091555,-4.455473899841309,-0.4554738998413086,base,no
1209,1,0,0.01406362559692558,-4.475566864013672,-0.22556675970554352,base,no
1210,1,1,0.8175744584140004,-0.5151907205581665,-2.015190601348877,base,yes
1211,1,0,0.18242551491653522,-1.9990828037261963,-0.4990827441215515,base,no
1212,1,0,0.006692849834583539,-5.235740661621094,-0.23574049770832062,base,no
1213,1,0,0.002800927216841955,-6.134618282318115,-0.2596183717250824,base,no
1214,1,1,0.880797071719777,-0.7269478440284729,-2.726947784423828,base,yes
1215,1,0,0.0015011825247663551,-6.854090213775635,-0.3540903925895691,base,no
1216,1,0,0.0003799843449501338,-8.036275863647461,-0.16127541661262512,base,no
1217,1,0,0.005220125151899251,-5.375931739807129,-0.12593163549900055,base,no
1218,1,1,0.9770226287518852,-0.4492989182472229,-4.199298858642578,base,yes
1219,1,1,0.893309411735131,-0.44194334745407104,-2.566943407058716,base,yes
1220,1,0,0.24508500210441886,-1.7326006889343262,-0.6076006293296814,base,no
1221,1,0,0.0017007225379334816,-6.603830337524414,-0.22883041203022003,base,no
1222,1,1,0.9046505351008906,-0.43490004539489746,-2.6849000453948975,base,yes
1223,1,1,0.5621765008857981,-0.855934739112854,-1.105934739112854,base,yes
1224,1,0,0.29421497216298875,-1.4301040172576904,-0.5551040172576904,base,no
1225,1,0,0.0028009269255008114,-5.995121479034424,-0.12012146413326263,base,no
1226,1,1,0.7772998714925403,-0.7710632681846619,-2.0210633277893066,base,yes
1227,1,0,0.4378234991142019,-1.3128700256347656,-1.0628700256347656,base,no
1228,1,1,0.9465966686936261,-0.4382801353931427,-3.3132801055908203,base,yes
1229,1,0,0.29421497216298875,-1.6003156900405884,-0.7253156900405884,base,no
1230,1,0,0.0011695103346822365,-7.033419609069824,-0.283419668674469,base,no
1231,1,0,0.08509904964767095,-2.778871536254883,-0.4038715958595276,base,no
1232,1,0,0.0009110512689990873,-7.1159162521362305,-0.11591633409261703,base,no
1233,1,0,0.32082130082460697,-1.2962558269500732,-0.5462558269500732,base,no
1234,1,0,0.2942149845400438,-1.5595660209655762,-0.684566080570221,base,no
1235,1,0,0.1480472055495773,-2.0939018726348877,-0.34390193223953247,base,no
1236,1,0,0.3486451217982255,-1.4444546699523926,-0.8194546103477478,base,no
1237,1,1,0.8354835452961425,-0.4987437129020691,-2.123743772506714,base,yes
1238,1,0,0.010986944087868242,-4.589362621307373,-0.08936275541782379,base,no
1239,1,1,0.867035752930664,-0.3339691758155823,-2.2089691162109375,base,yes
1240,1,1,0.8354835452961425,-0.36584991216659546,-1.9908499717712402,base,yes
1241,1,1,0.8807970842359877,-0.5303410887718201,-2.530341148376465,base,yes
1242,1,0,0.004609572179374208,-5.903632640838623,-0.528632640838623,base,no
1243,1,0,0.0009110510723304808,-7.228363990783691,-0.22836385667324066,base,no
1244,1,1,0.5621765008857981,-1.0446319580078125,-1.2946319580078125,base,Yes
1245,1,1,0.893309411735131,-0.6149093508720398,-2.7399094104766846,base,yes
1246,1,0,0.29421497216298875,-1.5270490646362305,-0.6520490646362305,base,no
1247,1,1,0.9149009480320036,-0.39434918761253357,-2.7693490982055664,base,yes
1248,1,1,0.6513548646660542,-0.8594962358474731,-1.4844962358474731,base,Yes
1249,1,0,0.22270013882530884,-1.7889759540557861,-0.5389759540557861,base,no
1250,1,0,0.11920293140927592,-2.4320802688598633,-0.43208035826683044,base,no
1251,1,1,0.754914997895581,-0.6944946646690369,-1.8194947242736816,base,yes
1252,1,0,0.40733341443526055,-1.3240735530853271,-0.9490736126899719,base,no
1253,1,0,0.46879062662624377,-1.1882874965667725,-1.0632874965667725,base,no
1254,1,0,0.46879064146934857,-1.0344974994659424,-0.9094975590705872,base,no
1255,1,1,0.7549149868676283,-0.7814891338348389,-1.9064891338348389,base,yes
1256,1,1,0.914900950352329,-0.30979663133621216,-2.6847965717315674,base,yes
1257,1,0,0.46879062662624377,-1.0221697092056274,-0.8971697092056274,base,no
1258,1,0,0.11920292828022305,-2.3723833560943604,-0.3723834156990051,base,no
1259,1,1,0.9241418241572634,-0.4590885043144226,-2.9590885639190674,base,yes
1260,1,0,0.0003799844807915123,-8.189383506774902,-0.3143834173679352,base,no
1261,1,1,0.8354835371034369,-0.8157050609588623,-2.4407050609588623,base,Yes
1262,1,0,0.13296422989056964,-2.2363481521606445,-0.36134806275367737,base,no
1263,1,1,0.5621765008857981,-1.0746960639953613,-1.3246960639953613,base,yes
1264,1,0,0.13296422989056964,-2.2914352416992188,-0.4164351522922516,base,no
1265,1,1,0.7057850402140659,-0.7601003050804138,-1.6351003646850586,base,yes
1266,1,0,0.000709670367398364,-7.432005882263184,-0.1820058375597,base,no
1267,1,0,0.0006263341721003113,-7.447931289672852,-0.07293131202459335,base,no
1268,1,0,0.0019267348639143487,-6.3968915939331055,-0.14689169824123383,base,no
1269,1,0,0.002472623009619369,-6.232906818389893,-0.2329067587852478,base,no
1270,1,0,0.00015843620493946904,-8.952567100524902,-0.20256701111793518,base,no
1271,1,0,0.007577241379914961,-5.051055431365967,-0.176055446267128,base,no
1272,1,0,0.00669285052802981,-5.130069255828857,-0.13006919622421265,base,no
1273,1,0,0.0019267349785354285,-6.343926906585693,-0.09392707049846649,base,no
1274,1,1,0.8519527869325346,-0.5828577280044556,-2.332857608795166,base,Yes
1275,1,0,0.07585817479810981,-2.6644318103790283,-0.16443173587322235,base,no
1276,1,0,0.29421497216298875,-1.6309146881103516,-0.7559146881103516,base,no
1277,1,0,0.006692849933647288,-5.1618266105651855,-0.1618264615535736,base,no
1278,1,0,0.4073334000459302,-1.2562055587768555,-0.8812055587768555,base,no
1279,1,1,0.817574471748733,-0.42641380429267883,-1.9264137744903564,base,yes
1280,1,0,0.02931222947940706,-3.6660847663879395,-0.16608472168445587,base,no
1281,1,1,0.9399133531922388,-0.5274612307548523,-3.277461290359497,base,yes
1282,1,1,0.7772998818103892,-0.8181837797164917,-2.0681838989257812,base,yes
1283,1,1,0.8175744761936437,-0.4542773962020874,-1.9542773962020874,base,yes
1284,1,1,0.8807970842359877,-0.5290319323539734,-2.529031991958618,base,yes
1285,1,1,0.9465966732132748,-0.6288966536521912,-3.503896713256836,base,Yes
1286,1,1,0.9706877675527112,-0.20867902040481567,-3.708678960800171,base,yes
1287,1,1,0.9796676425019243,-0.16364499926567078,-4.038644790649414,base,yes
1288,1,1,0.8519527944504226,-0.5169497132301331,-2.2669496536254883,base,yes
1289,1,0,0.22270013882530884,-1.799967646598816,-0.5499676465988159,base,no
1290,1,0,0.04208772491181671,-3.3477156162261963,-0.22271554172039032,base,no
1291,1,0,0.0011695105174523996,-6.831785678863525,-0.0817858949303627,base,no
1292,1,0,0.060086646807761206,-3.0324435234069824,-0.28244346380233765,base,no
1293,1,1,0.798186768138228,-0.7634366154670715,-2.1384365558624268,base,Yes
1294,1,0,0.1066905911052601,-2.427546501159668,-0.3025464713573456,base,no
1295,1,0,0.1645164792819756,-2.097808837890625,-0.47280895709991455,base,no
1296,1,1,0.5312093733737563,-1.0897475481033325,-1.2147475481033325,base,yes
1297,1,1,0.5621764862150634,-0.8339670300483704,-1.0839669704437256,base,yes
1298,1,0,0.24508501864634827,-1.6141778230667114,-0.4891778528690338,base,no
1299,1,0,0.002472622605327048,-6.207143306732178,-0.20714308321475983,base,no
1300,1,0,0.0534033328129234,-3.143857002258301,-0.26885706186294556,base,no
1301,1,1,0.7772998560157665,-0.4457707703113556,-1.6957707405090332,base,yes
1302,1,0,0.007577239699102878,-5.272181034088135,-0.39718082547187805,base,no
1303,1,0,0.4378234991142019,-1.224033236503601,-0.9740332365036011,base,no
1304,1,1,0.8354835493924953,-0.463541179895401,-2.088541269302368,base,yes
1305,1,0,0.2689414213699951,-1.511486291885376,-0.511486291885376,base,no
1306,1,1,0.5926666143433998,-0.6999172568321228,-1.0749173164367676,base,yes
1307,1,0,0.0013250222594674832,-6.743736267089844,-0.1187361478805542,base,no
1308,1,1,0.5312093733737563,-0.909028172492981,-1.034028172492981,base,yes
1309,1,0,0.003172682112021972,-5.817722320556641,-0.06772208958864212,base,no
1310,1,0,0.060086646807761206,-2.9217498302459717,-0.1717497706413269,base,no
1311,1,1,0.7981867873410141,-0.5889613032341003,-1.9639613628387451,base,yes
1312,1,0,0.40733341443526055,-1.2266807556152344,-0.8516808152198792,base,no
1313,1,0,0.1645164628965632,-2.0512726306915283,-0.4262726306915283,base,no
1314,1,0,0.020332352749027827,-4.074288368225098,-0.19928833842277527,base,no
1315,1,1,0.6513548646660542,-0.9874309301376343,-1.6124309301376343,base,Yes
1316,1,1,0.9525741281688026,-0.2235989272594452,-3.2235989570617676,base,yes
1317,1,1,0.7310585786300049,-0.6078948974609375,-1.6078948974609375,base,yes
1318,1,0,0.02297736991002561,-4.346826076507568,-0.5968260765075684,base,no
1319,1,0,0.00048785711188312946,-7.715047836303711,-0.09004781395196915,base,no
1320,1,0,0.008577483639657844,-5.0477375984191895,-0.29773738980293274,base,no
1321,1,0,0.24508501313237172,-1.6877650022506714,-0.5627650022506714,base,no
1322,1,1,0.6224593312018546,-1.0206495523452759,-1.5206495523452759,base,Yes
1323,1,0,0.3208212878370535,-1.5363047122955322,-0.7863046526908875,base,no
1324,1,0,0.24508501313237172,-1.7405527830123901,-0.6155527830123901,base,no
1325,1,0,0.4378234991142019,-1.2614866495132446,-1.0114866495132446,base,no
1326,1,0,0.0008040861032397692,-7.379283905029297,-0.2542841136455536,base,no
1327,1,0,0.24508501313237172,-1.746937870979309,-0.6219378709793091,base,no
1328,1,1,0.867035752930664,-0.43610674142837524,-2.3111066818237305,base,yes
1329,1,1,0.5312093733737563,-1.11421537399292,-1.23921537399292,base,Yes
1330,1,0,0.11920293140927592,-2.395484209060669,-0.3954842984676361,base,no
1331,1,1,0.7981867873410141,-0.47561854124069214,-1.850618600845337,base,yes
1332,1,0,0.0028009265509193865,-6.042897701263428,-0.1678975522518158,base,no
1333,1,0,0.5,-1.1442962884902954,-1.1442962884902954,base,no
1334,1,0,0.20181321265898594,-1.8077378273010254,-0.4327377676963806,base,no
1335,1,0,0.5,-1.1308741569519043,-1.1308741569519043,base,no
1336,1,1,0.7310585669110203,-0.6817088723182678,-1.681708812713623,base,yes
1337,1,0,0.0019267348925696179,-6.397181987762451,-0.14718210697174072,base,no
1338,1,1,0.9149009526726544,-0.4212675392627716,-2.796267509460449,base,yes
1339,1,0,0.0675466911396291,-2.8866493701934814,-0.26164937019348145,base,no
1340,1,0,0.0031726828424851893,-6.010767936706543,-0.26076793670654297,base,no
1341,1,0,0.05340333205964859,-3.062812328338623,-0.18781237304210663,base,no
1342,1,0,0.060086648490884395,-3.001983642578125,-0.2519836127758026,base,no
1343,1,1,0.7057850278370112,-0.833870530128479,-1.708870530128479,base,yes
1344,1,1,0.9465966694469009,-0.15386296808719635,-3.028862953186035,base,yes
1345,1,0,0.3486451488696663,-1.3768413066864014,-0.7518413662910461,base,no
1346,1,0,0.07585818628900447,-2.7939796447753906,-0.2939797341823578,base,no
1347,1,0,0.0017007220066411306,-6.540266990661621,-0.165266752243042,base,no
1348,1,1,0.6513548646660542,-0.9021780490875244,-1.5271780490875244,base,Yes
1349,1,0,0.46879062662624377,-1.2054811716079712,-1.0804811716079712,base,no
1350,1,0,0.4073334000459302,-1.2655317783355713,-0.8905317783355713,base,no
1351,1,0,0.10669058826486906,-2.502079725265503,-0.37707966566085815,base,no
1352,1,1,0.7310585786300049,-0.7473423480987549,-1.7473423480987549,base,Yes
1353,1,0,0.017986213120429816,-4.1067094802856445,-0.10670965909957886,base,no
1354,1,1,0.9149009549929797,-0.7100286483764648,-3.085028648376465,base,yes
1355,1,0,0.04742587385075148,-3.1565728187561035,-0.1565728336572647,base,no
1356,1,0,0.0010322311904104695,-6.978089332580566,-0.10308948159217834,base,no
1357,1,0,0.2689414213699951,-1.682149887084961,-0.6821498870849609,base,no
1358,1,1,0.914900957313305,-0.46347782015800476,-2.838477849960327,base,yes
1359,1,0,0.01406362456384003,-4.5535688400268555,-0.30356866121292114,base,no
1360,1,1,0.7310585669110203,-0.5862627625465393,-1.5862627029418945,base,yes
1361,1,1,0.8807970842359877,-0.6468316912651062,-2.646831750869751,base,Yes
1362,1,0,0.025957358704815272,-3.7158615589141846,-0.09086161851882935,base,no
1363,1,0,0.0675466845698721,-2.818253517150879,-0.19325341284275055,base,no
1364,1,0,0.02931223244728875,-3.703594446182251,-0.20359450578689575,base,no
1365,1,1,0.9241418147556224,-0.16538174450397491,-2.665381669998169,base,yes
1366,1,1,0.8933094032139576,-0.41362956166267395,-2.5386295318603516,base,yes
1367,1,0,0.18242552825126704,-1.920169711112976,-0.42016974091529846,base,no
1368,1,0,0.006692849983179163,-5.104052543640137,-0.10405240207910538,base,no
1369,1,0,0.0010322311596793377,-6.93279504776001,-0.057795166969299316,base,no
1370,1,1,0.8175744939732856,-0.5551551580429077,-2.0551552772521973,base,yes
1371,1,1,0.9046505428129514,-0.3740953505039215,-2.6240954399108887,base,yes
1372,1,1,0.6224593312018546,-0.9660325050354004,-1.4660325050354004,base,yes
1373,1,0,0.14804718675485834,-2.2211151123046875,-0.47111502289772034,base,no
1374,1,1,0.9579122720843811,-0.29302310943603516,-3.418023109436035,base,yes
1375,1,0,0.001325022328481215,-6.741038799285889,-0.1160387322306633,base,no
1376,1,0,0.2689414096510108,-1.5741095542907715,-0.5741094946861267,base,no
1377,1,0,0.34864513533394575,-1.3698946237564087,-0.7448946237564087,base,no
1378,1,0,0.0002611903969161807,-8.725022315979004,-0.4750226140022278,base,no
1379,1,1,0.5621765008857981,-1.0425059795379639,-1.2925059795379639,base,Yes
1380,1,0,0.010986944087868242,-4.747440338134766,-0.24744047224521637,base,no
1381,1,0,0.00857748528699382,-4.992283344268799,-0.24228332936763763,base,no
1382,1,0,0.09534945847239201,-2.4649155139923096,-0.2149154394865036,base,no
1383,1,0,0.006692851518667466,-5.11553430557251,-0.11553439497947693,base,no
1384,1,0,0.46879062662624377,-1.2177801132202148,-1.0927801132202148,base,no
1385,1,1,0.7549150089235336,-0.8891123533248901,-2.0141124725341797,base,Yes
1386,1,0,0.0600866518571309,-3.0002801418304443,-0.2502801716327667,base,no
1387,1,1,0.9046505402422645,-0.6184582114219666,-2.8684582710266113,base,yes
1388,1,0,0.037326887344129464,-3.3996002674102783,-0.14960026741027832,base,no
1389,1,0,0.00020342690228818204,-8.70295524597168,-0.20295487344264984,base,no
1390,1,0,0.020332352749027827,-4.187946319580078,-0.31294628977775574,base,no
1391,1,0,0.08509904732734556,-2.679142475128174,-0.3041425049304962,base,no
1392,1,0,0.0035936026347765083,-5.760794639587402,-0.13579465448856354,base,no
1393,1,1,0.9241418116217418,-0.6532865762710571,-3.1532864570617676,base,Yes
1394,1,0,0.037326888415033926,-3.716625928878784,-0.46662595868110657,base,no
1395,1,0,0.1480471829959148,-2.2223334312438965,-0.47233331203460693,base,no
1396,1,1,0.9046505428129514,-0.4352809488773346,-2.6852810382843018,base,yes
1397,1,0,0.4378234991142019,-1.0336365699768066,-0.7836365699768066,base,no
1398,1,0,0.005911069600513468,-5.217502117156982,-0.09250224381685257,base,no
1399,1,1,0.8519527944504226,-0.2641361355781555,-2.0141360759735107,base,yes
1400,1,1,0.7057850154599563,-0.7016862034797668,-1.576686143875122,base,yes
1401,1,1,0.754914975839675,-0.5289788842201233,-1.6539788246154785,base,yes
1402,1,0,0.006692850676625449,-5.115156173706055,-0.1151561364531517,base,no
1403,1,1,0.9525741254760638,-0.18938329815864563,-3.1893832683563232,base,yes
1404,1,0,0.010986942954432066,-4.636667728424072,-0.13666775822639465,base,no
1405,1,1,0.9149009549929797,-0.5923490524291992,-2.967349052429199,base,yes
1406,1,1,0.7549149868676283,-0.5463637113571167,-1.6713637113571167,base,yes
1407,1,0,0.0015011819440361278,-6.729685306549072,-0.22968509793281555,base,no
1408,1,1,0.6513548646660542,-0.7007001638412476,-1.3257001638412476,base,yes
1409,1,0,0.017986209172507078,-4.192821025848389,-0.1928209811449051,base,no
1410,1,0,0.0024726230647501447,-6.079474925994873,-0.07947488874197006,base,no
1411,1,0,0.11920293453832885,-2.3102774620056152,-0.3102775812149048,base,no
1412,1,0,0.0017007221078396608,-6.630378246307373,-0.2553780674934387,base,no
1413,1,0,0.00280092763304364,-6.060773849487305,-0.1857740879058838,base,no
1414,1,1,0.9465966656805269,-0.43657049536705017,-3.311570405960083,base,yes
1415,1,0,0.10669059962643358,-2.5275096893310547,-0.40250974893569946,base,no
1416,1,0,0.11920290950590741,-2.3695201873779297,-0.36952006816864014,base,no
1417,1,0,0.14804720930852133,-2.0890047550201416,-0.33900484442710876,base,no
1418,1,0,0.02297736857193652,-4.205809116363525,-0.4558090567588806,base,no
1419,1,0,0.11920291576401235,-2.313209056854248,-0.31320899724960327,base,no
1420,1,1,0.7981867777396212,-0.6076807975769043,-1.9826807975769043,base,yes
1421,1,0,0.08509903804604459,-2.639406204223633,-0.26440611481666565,base,no
1422,1,1,0.8519527944504226,-0.5196323990821838,-2.269632339477539,base,yes
1423,1,0,0.06754668550840877,-2.946160316467285,-0.321160227060318,base,no
1424,1,0,0.00192673483525908,-6.397330284118652,-0.1473303735256195,base,no
1425,1,0,0.04208772671409796,-3.3226468563079834,-0.197646826505661,base,no
1426,1,0,0.06754668550840877,-2.9523427486419678,-0.3273426592350006,base,no
1427,1,0,0.1480472055495773,-2.2257590293884277,-0.4757590889930725,base,no
1428,1,1,0.7310585903489892,-0.6436747908592224,-1.6436748504638672,base,yes
1429,1,1,0.9241418199787566,-0.5850605964660645,-3.0850605964660645,base,yes
1430,1,0,0.0024726231566347748,-6.541255950927734,-0.5412559509277344,base,No
1431,1,1,0.5312093733737563,-1.0185582637786865,-1.1435582637786865,base,yes
1432,1,0,0.13296422989056964,-2.194495916366577,-0.31949582695961,base,no
1433,1,0,0.00012339463206035962,-9.10082721710205,-0.1008276715874672,base,no
1434,1,0,0.03308597743528921,-3.574181318283081,-0.19918128848075867,base,no
1435,1,1,0.7057850154599563,-0.8762927651405334,-1.7512927055358887,base,Yes
1436,1,0,0.00033535015544363186,-8.128406524658203,-0.1284065991640091,base,no
1437,1,1,0.5621765008857981,-0.9224835634231567,-1.1724835634231567,base,yes
1438,1,0,0.001926734706310375,-6.354791641235352,-0.10479166358709335,base,no
1439,1,0,0.005220126776876857,-5.462963104248047,-0.2129633128643036,base,no
1440,1,0,0.00010889692949672061,-9.43879222869873,-0.3137924075126648,base,no
1441,1,0,0.004070138501134231,-5.688794136047363,-0.1887943297624588,base,no
1442,1,0,0.014063624770457132,-4.3282270431518555,-0.07822687923908234,base,no
1443,1,0,0.0006263341208003788,-7.6016716957092285,-0.22667163610458374,base,no
1444,1,1,0.5312093733737563,-0.9703030586242676,-1.0953030586242676,base,yes
1445,1,0,0.24508500210441886,-1.8032619953155518,-0.678261935710907,base,no
1446,1,0,0.01098694125427802,-4.588215351104736,-0.08821522444486618,base,no
1447,1,1,0.6224593452091672,-0.8035251498222351,-1.3035252094268799,base,yes
1448,1,0,0.002182716283075103,-6.2920989990234375,-0.16709892451763153,base,no
1449,1,1,0.8354835289107309,-0.6186991333961487,-2.243699073791504,base,yes
1450,1,0,0.002472623009619369,-6.0944929122924805,-0.0944928526878357,base,no
1451,1,1,0.8807970748488297,-0.2793319523334503,-2.279331922531128,base,yes
1452,1,0,0.04208772611333754,-3.2656848430633545,-0.1406847983598709,base,no
1453,1,0,0.00048785710825008404,-7.877992630004883,-0.2529926002025604,base,no
1454,1,0,0.00020342700533134222,-8.64401626586914,-0.14401639997959137,base,no
1455,1,1,0.8519528019683106,-0.45317554473876953,-2.2031755447387695,base,yes
1456,1,1,0.6513548646660542,-0.6247385740280151,-1.2497385740280151,base,yes
1457,1,1,0.5926665999540697,-0.7524844408035278,-1.1274844408035278,base,yes
1458,1,0,0.07585817584273653,-2.828017473220825,-0.3280174136161804,base,no
1459,1,0,0.34864513533394575,-1.4701502323150635,-0.8451502323150635,base,no
1460,1,1,0.5621765008857981,-0.973671555519104,-1.223671555519104,base,yes
1461,1,0,0.00048785716637881444,-7.787494659423828,-0.1624947488307953,base,no
1462,1,1,0.7057850154599563,-0.7216513752937317,-1.596651315689087,base,yes
1463,1,0,0.006692852311177695,-5.29493522644043,-0.2949354350566864,base,no
1464,1,0,0.002182716932155486,-6.272355556488037,-0.14735578000545502,base,no
1465,1,0,0.4378234991142019,-1.1291897296905518,-0.8791897296905518,base,no
1466,1,1,0.7772998611746911,-0.6668928861618042,-1.9168928861618042,base,yes
1467,1,1,0.7549149868676283,-0.5928688049316406,-1.7178688049316406,base,yes
1468,1,0,0.16451645880021026,-1.887515902519226,-0.2625158727169037,base,no
1469,1,0,0.04208773031866069,-3.4222724437713623,-0.2972725033760071,base,no
1470,1,0,0.4073333856566001,-1.3159260749816895,-0.9409260153770447,base,no
1471,1,1,0.6224593312018546,-0.684960126876831,-1.184960126876831,base,yes
1472,1,1,0.835483553488848,-0.534359335899353,-2.1593594551086426,base,yes
1473,1,0,0.02595735456051482,-3.8685462474823,-0.24354614317417145,base,no
1474,1,0,0.32082130082460697,-1.4803071022033691,-0.7303071022033691,base,no
1475,1,1,0.679178699175393,-0.9178258180618286,-1.6678258180618286,base,yes
1476,1,0,0.3486451217982255,-1.393552303314209,-0.7685522437095642,base,no
1477,1,1,0.9399133531922388,-0.40337222814559937,-3.153372287750244,base,yes
1478,1,0,0.2942149597859341,-1.5745885372161865,-0.6995884776115417,base,no
1479,1,1,0.9046505402422645,-0.4719535708427429,-2.7219536304473877,base,yes
1480,1,1,0.6224593312018546,-0.8576229810714722,-1.3576229810714722,base,Yes
1481,1,0,0.5,-1.0561217069625854,-1.0561217069625854,base,no
1482,1,0,0.24508500761839525,-1.5528064966201782,-0.42780646681785583,base,no
1483,1,0,0.20181323186177208,-1.7134466171264648,-0.3384466767311096,base,no
1484,1,1,0.9324533107374443,-0.34436509013175964,-2.969365119934082,base,yes
1485,1,0,0.20181321265898594,-1.923757553100586,-0.5487574934959412,base,no
1486,1,0,0.20181321265898594,-1.9239721298217773,-0.5489720702171326,base,no
1487,1,0,0.1066905854244781,-2.4587690830230713,-0.3337689936161041,base,no
1488,1,0,0.29421497216298875,-1.6663289070129395,-0.7913289070129395,base,no
1489,1,0,0.0009110512554357338,-7.092133045196533,-0.09213311225175858,base,no
1490,1,1,0.6513548646660542,-0.9310934543609619,-1.556093454360962,base,yes
1491,1,0,0.0015011822567369915,-6.851922512054443,-0.35192251205444336,base,no
1492,1,0,0.5,-0.9910143613815308,-0.9910143613815308,base,no
1493,1,0,0.24508501313237172,-1.794676661491394,-0.669676661491394,base,no
1494,1,0,0.18242551936144574,-1.8815306425094604,-0.38153061270713806,base,no
1495,1,0,0.24508502416032488,-1.7899119853973389,-0.6649120450019836,base,no
1496,1,0,0.16451646699291617,-2.016824245452881,-0.39182427525520325,base,no
1497,1,0,0.06754668738548215,-2.9099600315093994,-0.28495997190475464,base,no
1498,1,0,0.20181322226037882,-1.7771358489990234,-0.40213584899902344,base,no
1499,1,1,0.5312093733737563,-1.0021320581436157,-1.1271320581436157,base,yes
1500,1,1,0.8175744850834649,-0.723324716091156,-2.223324775695801,base,yes
1501,1,0,0.1645164628965632,-1.9381861686706543,-0.3131861686706543,base,no
1502,1,0,0.3486451217982255,-1.4216690063476562,-0.7966689467430115,base,no
1503,1,0,0.0059110695567328965,-5.446450233459473,-0.3214503526687622,base,no
1504,1,1,0.5621765008857981,-0.8574858903884888,-1.1074858903884888,base,yes
1505,1,1,0.7057850278370112,-0.7003843784332275,-1.5753843784332275,base,yes
1506,1,0,0.022977371582637088,-3.916099786758423,-0.16609986126422882,base,no
1507,1,0,0.4378234991142019,-1.191238284111023,-0.941238284111023,base,no
1508,1,0,0.04742587385075148,-3.2494544982910156,-0.24945451319217682,base,no
1509,1,1,0.9465966762263737,-0.5671828985214233,-3.442183017730713,base,yes
1510,1,0,0.015906391478561197,-4.284750938415527,-0.15975092351436615,base,no
1511,1,0,0.1066905911052601,-2.517977476119995,-0.39297744631767273,base,no
1512,1,1,0.7310585786300049,-0.6472171545028687,-1.6472171545028687,base,yes
1513,1,1,0.5621765008857981,-1.089953064918518,-1.339953064918518,base,Yes
1514,1,1,0.5926665999540697,-1.0371254682540894,-1.4121254682540894,base,Yes
1515,1,0,0.025957354183760273,-4.285404205322266,-0.6604040861129761,base,no
1516,1,0,0.09534947261117097,-2.622000217437744,-0.3720003068447113,base,no
1517,1,1,0.8354835207180245,-0.6090770959854126,-2.234076976776123,base,yes
1518,1,1,0.7310585786300049,-0.6202499866485596,-1.6202499866485596,base,yes
1519,1,0,0.4378234991142019,-1.1832391023635864,-0.9332391023635864,base,no
1520,1,1,0.8670357666736773,-0.5019978880882263,-2.376997947692871,base,yes
1521,1,0,0.0021827159585349845,-6.310276031494141,-0.18527580797672272,base,no
1522,1,1,0.7772998508568416,-0.6485756039619446,-1.8985755443572998,base,yes
1523,1,0,0.10669059962643358,-2.47188401222229,-0.3468840718269348,base,no
1524,1,0,0.46879062662624377,-1.0360562801361084,-0.9110562801361084,base,no
1525,1,0,0.00037998447513145386,-8.003101348876953,-0.12810124456882477,base,no
1526,1,1,0.9399133498259924,-0.5240623950958252,-3.274062395095825,base,yes
1527,1,0,0.14804719427274565,-2.188133716583252,-0.43813368678092957,base,no
1528,1,1,0.7772998611746911,-0.5980716943740845,-1.8480716943740845,base,yes
1529,1,1,0.5621765008857981,-1.067823052406311,-1.317823052406311,base,yes
1530,1,0,0.4378234844434674,-1.1543517112731934,-0.9043516516685486,base,no
1531,1,1,0.7310585786300049,-0.762866735458374,-1.762866735458374,base,Yes
1532,1,0,0.4073334000459302,-1.1811296939849854,-0.8061296939849854,base,no
1533,1,1,0.9149009480320036,-0.30743107199668884,-2.6824309825897217,base,yes
1534,1,1,0.7310585786300049,-0.5222829580307007,-1.5222829580307007,base,yes
1535,1,0,0.003593603221697163,-5.856428146362305,-0.231428325176239,base,no
1536,1,0,0.24508501313237172,-1.6726242303848267,-0.5476242303848267,base,no
1537,1,1,0.679178699175393,-0.7368323802947998,-1.4868323802947998,base,yes
1538,1,1,0.7549149868676283,-0.748939037322998,-1.873939037322998,base,yes
1539,1,1,0.5312093733737563,-0.8957096338272095,-1.0207096338272095,base,yes
1540,1,0,0.24508502416032488,-1.6056101322174072,-0.480610191822052,base,no
1541,1,0,0.0953494648991095,-2.5239641666412354,-0.27396416664123535,base,no
1542,1,1,0.8354835207180245,-0.503205418586731,-2.1282052993774414,base,yes
1543,1,1,0.6224593171945417,-0.7528596520423889,-1.2528595924377441,base,yes
1544,1,0,0.2689414213699951,-1.5715428590774536,-0.5715428590774536,base,no
1545,1,0,0.11920291576401235,-2.313972234725952,-0.3139721751213074,base,no
1546,1,0,0.4378234991142019,-1.2117547988891602,-0.9617547988891602,base,no
1547,1,0,0.3775406828054583,-1.3940424919128418,-0.8940425515174866,base,no
1548,1,1,0.8175744806385543,-0.34437987208366394,-1.8443799018859863,base,yes
1549,1,1,0.8807970842359877,-0.3004273772239685,-2.3004274368286133,base,yes
1550,1,0,0.014063628592874095,-4.365152835845947,-0.11515294760465622,base,no
1551,1,0,0.0010322309445614404,-7.005509853363037,-0.13050976395606995,base,no
1552,1,0,0.0024726231566347748,-6.579699993133545,-0.5796999931335449,base,no
1553,1,0,0.0675466911396291,-2.8832590579986572,-0.2582590579986572,base,no
1554,1,1,0.7772998405389918,-0.7547823190689087,-2.004782199859619,base,yes
1555,1,1,0.6513548511303336,-0.6681080460548401,-1.2931079864501953,base,yes
1556,1,1,0.914900950352329,-0.24432092905044556,-2.619320869445801,base,yes
1557,1,0,0.0028009273000822866,-6.161668300628662,-0.28666841983795166,base,no
1558,1,1,0.9046505299595163,-0.4330335259437561,-2.6830334663391113,base,yes
1559,1,0,0.037326887344129464,-3.6817879676818848,-0.43178796768188477,base,no
1560,1,1,0.7981867777396212,-0.6528980731964111,-2.027898073196411,base,yes
1561,1,0,0.06008665354025422,-3.040405511856079,-0.2904055714607239,base,no
1562,1,1,0.9579122732859019,-0.4232294261455536,-3.548229455947876,base,yes
1563,1,1,0.9046505299595163,-0.27102285623550415,-2.5210227966308594,base,yes
1564,1,0,0.24508502416032488,-1.6539795398712158,-0.5289795994758606,base,no
1565,1,0,0.060086646807761206,-3.0450682640075684,-0.2950682044029236,base,no
1566,1,1,0.7772998714925403,-0.6000251173973083,-1.8500251770019531,base,yes
1567,1,0,0.29421497216298875,-1.4555902481079102,-0.5805902481079102,base,no
1568,1,1,0.7549149923816048,-0.4989951550960541,-1.6239951848983765,base,yes
1569,1,1,0.7310585786300049,-0.8353374004364014,-1.8353374004364014,base,Yes
1570,1,0,0.5,-1.0441584587097168,-1.0441584587097168,base,no
1571,1,0,0.2942149597859341,-1.48549485206604,-0.6104947924613953,base,no
1572,1,0,0.053403325280175794,-3.1117441654205322,-0.23674407601356506,base,no
1573,1,0,0.00026119035022390116,-8.503107070922852,-0.2531071901321411,base,no
1574,1,1,0.5312093882168609,-0.9250697493553162,-1.050069808959961,base,yes
1575,1,1,0.6224593171945417,-0.6753996014595032,-1.1753995418548584,base,yes
1576,1,1,0.9399133464597458,-0.5742445588111877,-3.324244499206543,base,yes
1577,1,0,0.29421497216298875,-1.5832204818725586,-0.7082204818725586,base,no
1578,1,0,0.4073334000459302,-1.2397534847259521,-0.8647534847259521,base,no
1579,1,1,0.8175744850834649,-0.638917863368988,-2.138917922973633,base,yes
1580,1,0,0.16451645880021026,-1.9588958024978638,-0.3338957726955414,base,no
1581,1,0,0.002472623524173327,-6.230111598968506,-0.2301117479801178,base,no
1582,1,1,0.867035752930664,-0.5882871747016907,-2.463287115097046,base,yes
1583,1,0,0.4073334000459302,-1.3298810720443726,-0.9548810720443726,base,no
1584,1,0,0.0008040857919630916,-7.70326042175293,-0.5782602429389954,base,no
1585,1,1,0.8175744761936437,-0.7660517692565918,-2.266051769256592,base,Yes
1586,1,0,0.0035936018344303144,-5.979374408721924,-0.3543742001056671,base,no
1587,1,1,0.7981867873410141,-0.7326065897941589,-2.1076066493988037,base,Yes
1588,1,0,0.24508502416032488,-1.7394838333129883,-0.6144838929176331,base,no
1589,1,1,0.6224593312018546,-0.6257654428482056,-1.1257654428482056,base,yes
1590,1,1,0.939913354875362,-0.4427544176578522,-3.1927545070648193,base,yes
1591,1,0,0.020332358091706755,-4.18826961517334,-0.31326985359191895,base,no
1592,1,0,0.029312228843432455,-3.617652654647827,-0.11765258759260178,base,no
1593,1,1,0.851952809486198,-0.7437888979911804,-2.493788957595825,base,yes
1594,1,1,0.851952809486198,-0.6007978320121765,-2.3507978916168213,base,yes
1595,1,0,0.01798620890931226,-4.377219200134277,-0.37721914052963257,base,no
1596,1,0,0.0179862133836247,-4.199164390563965,-0.19916458427906036,base,no
1597,1,0,0.24508502416032488,-1.6730711460113525,-0.5480712056159973,base,no
1598,1,0,0.0013250224172131609,-6.941666603088379,-0.3166666030883789,base,no
1599,1,1,0.6224593312018546,-0.7211891412734985,-1.2211891412734985,base,yes
1600,1,1,0.7772998405389918,-0.8342734575271606,-2.084273338317871,base,Yes
1601,1,0,0.08509904268669496,-2.636495590209961,-0.26149556040763855,base,no
1602,1,1,0.8933094060543487,-0.666095495223999,-2.791095495223999,base,yes
1603,1,0,0.29421497216298875,-1.5030940771102905,-0.6280940771102905,base,no
1604,1,1,0.7310585727705126,-0.4000888168811798,-1.4000887870788574,base,yes
1605,1,0,0.004609572726345088,-5.770979881286621,-0.39598000049591064,base,no
1606,1,1,0.7549149868676283,-0.7919567823410034,-1.9169567823410034,base,yes
1607,1,1,0.9241418199787566,-0.6978497505187988,-3.197849750518799,base,Yes
1608,1,0,0.0004305570364333505,-7.864331245422363,-0.11433114111423492,base,no
1609,1,0,0.0019267343624472047,-6.334216117858887,-0.08421596139669418,base,no
1610,1,0,0.46879062662624377,-1.1116374731063843,-0.9866374731063843,base,no
1611,1,0,0.4378234991142019,-1.2477891445159912,-0.9977891445159912,base,no
1612,1,0,0.025957359835079137,-3.7326889038085938,-0.1076890081167221,base,no
1613,1,0,0.5,-1.2037882804870605,-1.2037882804870605,base,no
1614,1,1,0.914900950352329,-0.4682994484901428,-2.843299388885498,base,yes
1615,1,1,0.9324533051062237,-0.2930176854133606,-2.918017625808716,base,yes
1616,1,0,0.033085978388704126,-3.632908344268799,-0.25790834426879883,base,no
1617,1,0,0.0011695102737588547,-6.853317737579346,-0.1033177450299263,base,no
1618,1,1,0.8933094060543487,-0.2676527500152588,-2.392652750015259,base,yes
1619,1,0,0.09534946232842245,-2.717247486114502,-0.46724745631217957,base,no
1620,1,1,0.8933094003735664,-0.5559213757514954,-2.6809213161468506,base,Yes
1621,1,0,0.07585817584273653,-2.7751543521881104,-0.2751542925834656,base,no
1622,1,1,0.7549149868676283,-0.8399543762207031,-1.9649543762207031,base,yes
1623,1,0,0.002472623009619369,-6.354238510131836,-0.35423845052719116,base,no
1624,1,1,0.9820137910906878,-0.40799611806869507,-4.40799617767334,base,yes
1625,1,0,0.29421497216298875,-1.3823655843734741,-0.5073655843734741,base,no
1626,1,0,0.0013250222003128587,-6.698754787445068,-0.07375462353229523,base,no
1627,1,0,0.22270012850745968,-1.7469775676727295,-0.4969775080680847,base,no
1628,1,0,0.0011695102650555148,-7.005648136138916,-0.255648136138916,base,no
1629,1,1,0.7981867873410141,-0.6145171523094177,-1.9895172119140625,base,yes
1630,1,0,0.001700722436734926,-6.522060871124268,-0.14706088602542877,base,no
1631,1,1,0.8354835248143776,-0.4387608468532562,-2.063760757446289,base,yes
1632,1,1,0.7057850402140659,-0.6113194823265076,-1.4863195419311523,base,yes
1633,1,0,0.08509903804604459,-2.7168195247650146,-0.3418194353580475,base,no
1634,1,1,0.679178699175393,-0.7652097940444946,-1.5152097940444946,base,yes
1635,1,1,0.6513548646660542,-0.7333998680114746,-1.3583998680114746,base,yes
1636,1,0,0.08509904500702024,-2.749901056289673,-0.37490105628967285,base,no
1637,1,1,0.6513548646660542,-0.912677526473999,-1.537677526473999,base,yes
1638,1,1,0.817574471748733,-0.36060407757759094,-1.8606040477752686,base,yes
1639,1,1,0.8519527982093668,-0.4225292503833771,-2.1725292205810547,base,yes
1640,1,0,0.20181323186177208,-1.9117028713226318,-0.5367029309272766,base,no
1641,1,0,0.000709670377965772,-7.504918575286865,-0.25491854548454285,base,no
1642,1,0,0.08509903804604459,-2.694406509399414,-0.3194064199924469,base,no
1643,1,1,0.5926665999540697,-1.0302025079727173,-1.4052025079727173,base,Yes
1644,1,0,0.0011695101606154403,-6.977797031402588,-0.22779694199562073,base,no
1645,1,0,0.0013250221411582371,-6.807720184326172,-0.18271997570991516,base,no
1646,1,0,0.11920291576401235,-2.3355507850646973,-0.3355507254600525,base,no
1647,1,0,0.02595735719779685,-3.8711163997650146,-0.24611639976501465,base,no
1648,1,1,0.9324533069832973,-0.3715861141681671,-2.9965860843658447,base,yes
1649,1,1,0.8354835493924953,-0.4920763075351715,-2.1170763969421387,base,Yes
1650,1,1,0.8354835371034369,-0.6524250507354736,-2.2774250507354736,base,yes
1651,1,1,0.8354835207180245,-0.6626936197280884,-2.287693500518799,base,yes
1652,1,0,0.00010889687270874564,-9.238500595092773,-0.11350025236606598,base,no
1653,1,0,0.1645164792819756,-2.027215003967285,-0.4022151231765747,base,no
1654,1,0,0.0004305571069767681,-7.8406758308410645,-0.09067589044570923,base,no
1655,1,0,0.07585818628900447,-2.7953450679779053,-0.29534515738487244,base,no
1656,1,0,0.46879064146934857,-1.038719892501831,-0.9137199521064758,base,no
1657,1,0,0.03308597934211908,-3.582970380783081,-0.20797041058540344,base,no
1658,1,0,0.14804720179063335,-2.0887460708618164,-0.3387461006641388,base,no
1659,1,0,0.3486451217982255,-1.457604169845581,-0.8326041102409363,base,no
1660,1,0,0.0019267343194643127,-6.830225467681885,-0.5802252888679504,base,No
1661,1,0,0.029312227359491745,-4.008235931396484,-0.5082358121871948,base,no
1662,1,0,0.0013250222989039011,-6.755489349365234,-0.1304892599582672,base,no
1663,1,1,0.6513548646660542,-0.7024517059326172,-1.3274517059326172,base,yes
1664,1,1,0.7057850278370112,-0.7407524585723877,-1.6157524585723877,base,yes
1665,1,1,0.7772998508568416,-0.7702611088752747,-2.02026104927063,base,yes
1666,1,0,0.5,-0.9550564885139465,-0.9550564885139465,base,no
1667,1,0,0.10669060530721626,-2.49770450592041,-0.3727046251296997,base,no
1668,1,0,0.29421497216298875,-1.4231044054031372,-0.5481044054031372,base,no
1669,1,1,0.5926665999540697,-1.0358521938323975,-1.4108521938323975,base,Yes
1670,1,1,0.5926665999540697,-0.9592149257659912,-1.3342149257659912,base,yes
1671,1,1,0.8807970779778823,-0.3402984142303467,-2.3402984142303467,base,yes
1672,1,0,0.34864513533394575,-1.4107046127319336,-0.7857046127319336,base,no
1673,1,1,0.5621765008857981,-0.9295403957366943,-1.1795403957366943,base,yes
1674,1,1,0.8354835371034369,-0.6392507553100586,-2.2642507553100586,base,Yes
1675,1,0,0.32082130082460697,-1.5074708461761475,-0.7574708461761475,base,no
1676,1,0,0.0017007221837385621,-6.559525966644287,-0.18452583253383636,base,no
1677,1,0,0.18242550602671442,-2.0096921920776367,-0.5096920728683472,base,no
1678,1,0,0.5,-1.1364147663116455,-1.1364147663116455,base,no
1679,1,1,0.8175744850834649,-0.518807590007782,-2.0188076496124268,base,yes
1680,1,1,0.8933094003735664,-0.7312865853309631,-2.8562865257263184,base,Yes
1681,1,0,0.5,-1.1447094678878784,-1.1447094678878784,base,no
1682,1,0,0.2689414213699951,-1.6033298969268799,-0.6033298969268799,base,no
1683,1,0,0.37754066879814546,-1.2369087934494019,-0.7369087934494019,base,no
1684,1,0,0.40733341443526055,-1.3334290981292725,-0.9584291577339172,base,no
1685,1,0,0.16451645880021026,-1.984986424446106,-0.35998639464378357,base,no
1686,1,0,0.07585818315512395,-2.6879496574401855,-0.18794970214366913,base,no
1687,1,0,0.5,-0.9065391421318054,-0.9065391421318054,base,no
1688,1,0,0.1824255415859996,-2.0364208221435547,-0.5364209413528442,base,no
1689,1,1,0.6513548646660542,-0.8419770002365112,-1.4669770002365112,base,yes
1690,1,1,0.5621765008857981,-1.0266475677490234,-1.2766475677490234,base,yes
1691,1,0,0.0002611902218201754,-8.476571083068848,-0.2265707105398178,base,no
1692,1,0,0.1480471980316895,-2.1558268070220947,-0.4058268070220947,base,no
1693,1,1,0.6513548782017746,-0.8138818144798279,-1.4388818740844727,base,yes
1694,1,0,0.014063629006108426,-4.368799209594727,-0.1187993511557579,base,no
1695,1,1,0.9046505453836383,-0.36907947063446045,-2.61907958984375,base,yes
1696,1,1,0.8670357598021706,-0.6330053806304932,-2.508005380630493,base,yes
1697,1,1,0.6224593171945417,-0.8628066182136536,-1.3628065586090088,base,yes
1698,1,1,0.7981867777396212,-0.5074512958526611,-1.8824512958526611,base,yes
1699,1,1,0.7981867777396212,-0.6018381118774414,-1.9768381118774414,base,yes
1700,1,1,0.8670357598021706,-0.5050451755523682,-2.380045175552368,base,yes
1701,1,1,0.7310585903489892,-0.6741062998771667,-1.6741063594818115,base,yes
1702,1,0,0.0001795279452745245,-8.695867538452148,-0.07086740434169769,base,no
1703,1,1,0.7772998611746911,-0.43462884426116943,-1.6846288442611694,base,yes
1704,1,1,0.7310585903489892,-0.6529731154441833,-1.6529731750488281,base,yes
1705,1,0,0.29421497216298875,-1.4402698278427124,-0.5652698278427124,base,no
1706,1,1,0.7772998508568416,-0.8750067353248596,-2.125006675720215,base,Yes
1707,1,0,0.004609572316116922,-5.528017520904541,-0.1530175507068634,base,no
1708,1,0,0.04208772491181671,-3.229123592376709,-0.10412351787090302,base,no
1709,1,0,0.18242551936144574,-1.987679123878479,-0.4876790940761566,base,no
1710,1,0,0.0006263342793638198,-7.578481197357178,-0.20348139107227325,base,no
1711,1,0,0.0017007226138324027,-7.0134172439575195,-0.6384173631668091,base,no
1712,1,0,0.4073333856566001,-1.2122609615325928,-0.837260901927948,base,no
1713,1,0,0.08509904268669496,-2.7633330821990967,-0.3883330523967743,base,no
1714,1,0,0.03308597934211908,-3.5305776596069336,-0.15557768940925598,base,no
1715,1,0,0.02931223244728875,-3.633683443069458,-0.13368350267410278,base,no
1716,1,0,0.0010322310060236924,-6.956602573394775,-0.081602543592453,base,no
1717,1,0,0.34864513533394575,-1.3662388324737549,-0.7412388324737549,base,no
1718,1,0,0.4378234991142019,-1.0698387622833252,-0.8198387622833252,base,no
1719,1,1,0.7057850278370112,-0.6062604188919067,-1.4812604188919067,base,yes
1720,1,1,0.7310585786300049,-0.5428863763809204,-1.5428863763809204,base,yes
1721,1,1,0.5312093733737563,-0.9976532459259033,-1.1226532459259033,base,yes
1722,1,0,0.009708474619054318,-4.758084774017334,-0.13308458030223846,base,no
1723,1,1,0.7549149868676283,-0.654438853263855,-1.779438853263855,base,yes
1724,1,0,0.0015011822567369915,-6.731146335601807,-0.23114633560180664,base,no
1725,1,0,0.1329642333263228,-2.3582398891448975,-0.4832398295402527,base,no
1726,1,0,0.24508501313237172,-1.5886976718902588,-0.4636976718902588,base,no
1727,1,1,0.798186768138228,-0.6466606259346008,-2.021660566329956,base,yes
1728,1,0,0.07585818211049715,-2.7817254066467285,-0.2817254364490509,base,no
1729,1,0,0.37754066879814546,-1.4231022596359253,-0.9231022596359253,base,no
1730,1,0,0.0002611902840765194,-8.411177635192871,-0.16117750108242035,base,no
1731,1,0,0.03732688627322502,-3.457024097442627,-0.20702406764030457,base,no
1732,1,0,0.13296424706933604,-2.3448801040649414,-0.4698801636695862,base,no
1733,1,1,0.5621765008857981,-1.0582301616668701,-1.3082301616668701,base,yes
1734,1,0,0.20181322226037882,-1.9643326997756958,-0.5893326997756958,base,no
1735,1,1,0.6513548646660542,-0.6476600170135498,-1.2726600170135498,base,yes
1736,1,1,0.5621765155565327,-0.9704033732414246,-1.2204034328460693,base,Yes
1737,1,0,0.0420877273148584,-3.3442256450653076,-0.21922563016414642,base,no
1738,1,0,0.0019267350071906994,-6.778068542480469,-0.5280687212944031,base,no
1739,1,0,0.04208772791561884,-3.525343179702759,-0.4003431797027588,base,no
1740,1,0,0.010986940687560063,-4.653915882110596,-0.15391570329666138,base,no
1741,1,0,0.0021827165751612514,-6.4110541343688965,-0.28605419397354126,base,no
1742,1,1,0.6224593312018546,-0.89826500415802,-1.39826500415802,base,yes
1743,1,0,0.014063623737371644,-4.62476921081543,-0.3747689723968506,base,no
1744,1,0,0.20181321265898594,-1.7730131149291992,-0.39801305532455444,base,no
1745,1,0,0.001501182502430573,-6.63118314743042,-0.13118331134319305,base,no
1746,1,1,0.8670357666736773,-0.7551118731498718,-2.6301119327545166,base,Yes
1747,1,1,0.8519527944504226,-0.42196303606033325,-2.1719629764556885,base,yes
1748,1,0,0.40733341443526055,-1.3617544174194336,-0.9867544770240784,base,no
1749,1,0,0.001032230829319728,-6.979244232177734,-0.10424403101205826,base,no
1750,1,0,0.10669059394565118,-2.448915719985962,-0.3239157199859619,base,no
1751,1,1,0.754914997895581,-0.6891996264457703,-1.814199686050415,base,yes
1752,1,0,0.042087725512577126,-3.3536951541900635,-0.2286950945854187,base,no
1753,1,0,0.18242553269617778,-1.9900670051574707,-0.4900670647621155,base,no
1754,1,0,0.4073334000459302,-1.3559198379516602,-0.9809198379516602,base,no
1755,1,0,0.10669059678604234,-2.4339065551757812,-0.30890658497810364,base,no
1756,1,1,0.9968273173460214,-0.47914546728134155,-6.229145526885986,base,Yes
1757,1,1,0.679178699175393,-0.6667873859405518,-1.4167873859405518,base,yes
1758,1,0,0.06754669301670263,-2.9336228370666504,-0.3086228668689728,base,no
1759,1,0,0.020332350077688886,-4.024783134460449,-0.1497829705476761,base,no
1760,1,1,0.9149009596336303,-0.42543357610702515,-2.80043363571167,base,yes
1761,1,1,0.6224593312018546,-0.926533579826355,-1.426533579826355,base,yes
1762,1,0,0.0017007226770815059,-6.4483723640441895,-0.07337252050638199,base,no
1763,1,0,0.003172683078118521,-5.937054634094238,-0.18705470860004425,base,no
1764,1,1,0.9046505351008906,-0.603806734085083,-2.853806734085083,base,yes
1765,1,0,0.0011695101258020842,-6.895839691162109,-0.14583957195281982,base,no
1766,1,0,0.001325022476367795,-6.756203651428223,-0.13120369613170624,base,no
1767,1,1,0.7772998818103892,-0.7820738554000854,-2.032073974609375,base,Yes
1768,1,0,0.005220125538798635,-5.54229211807251,-0.2922920882701874,base,no
1769,1,1,0.6224593171945417,-0.9943450093269348,-1.49434494972229,base,Yes
1770,1,1,0.7549149813536518,-0.49638357758522034,-1.621383547782898,base,yes
1771,1,1,0.5926665855647394,-0.8841329216957092,-1.2591328620910645,base,yes
1772,1,0,0.0007096703568309563,-7.504688262939453,-0.25468820333480835,base,no
1773,1,0,0.32082130082460697,-1.3380006551742554,-0.5880006551742554,base,no
1774,1,0,0.2018132174596823,-1.8147069215774536,-0.4397068917751312,base,no
1775,1,1,0.7310585669110203,-0.8208280205726624,-1.8208279609680176,base,Yes
1776,1,0,0.060086646807761206,-3.0329043865203857,-0.28290432691574097,base,no
1777,1,1,0.8807970779778823,-0.7364370822906494,-2.7364370822906494,base,Yes
1778,1,0,0.03732688627322502,-3.6421709060668945,-0.39217087626457214,base,no
1779,1,1,0.7310585903489892,-0.5635918974876404,-1.5635919570922852,base,yes
1780,1,0,0.4073334000459302,-1.1412280797958374,-0.7662280797958374,base,no
1781,1,1,0.9626731105140616,-0.19913440942764282,-3.449134349822998,base,yes
1782,1,1,0.9399133498259924,-0.585585355758667,-3.335585355758667,base,Yes
1783,1,1,0.7981867777396212,-0.534034252166748,-1.909034252166748,base,yes
1784,1,0,0.11920292515117029,-2.4286673069000244,-0.4286673367023468,base,no
1785,1,1,0.7310585786300049,-0.715930700302124,-1.715930700302124,base,yes
1786,1,0,0.0474258704848281,-3.2966530323028564,-0.29665297269821167,base,no
1787,1,0,0.4073333856566001,-1.263561725616455,-0.8885616660118103,base,no
1788,1,1,0.5312093733737563,-1.1415879726409912,-1.2665879726409912,base,Yes
1789,1,0,0.020332349484058054,-4.032309532165527,-0.15730933845043182,base,no
1790,1,1,0.893309411735131,-0.4815451502799988,-2.6065452098846436,base,yes
1791,1,1,0.5926665999540697,-0.8954057693481445,-1.2704057693481445,base,yes
1792,1,1,0.7310585786300049,-0.8700716495513916,-1.8700716495513916,base,Yes
1793,1,0,0.0031726827953585256,-5.873317241668701,-0.12331722676753998,base,no
1794,1,1,0.5621765008857981,-1.0251822471618652,-1.2751822471618652,base,Yes
1795,1,1,0.6791786861878392,-0.85403972864151,-1.6040396690368652,base,yes
1796,1,1,0.7057850278370112,-0.588844895362854,-1.463844895362854,base,yes
1797,1,1,0.5926665999540697,-0.8238354921340942,-1.1988354921340942,base,yes
1798,1,0,0.0066928517663269035,-5.082932472229004,-0.08293259888887405,base,no
1799,1,0,0.46879062662624377,-1.1382488012313843,-1.0132488012313843,base,no
1800,1,0,0.32082130082460697,-1.522922158241272,-0.772922158241272,base,no
1801,1,0,0.0028009266757798557,-6.0652008056640625,-0.19020070135593414,base,no
1802,1,0,0.24508502416032488,-1.685319423675537,-0.5603194832801819,base,no
1803,1,1,0.5312093733737563,-1.1069772243499756,-1.2319772243499756,base,Yes
1804,1,0,0.01406362497707424,-4.478273868560791,-0.22827371954917908,base,no
1805,1,0,0.2689414330889798,-1.624579668045044,-0.6245797276496887,base,no
1806,1,0,0.4378234991142019,-1.2692255973815918,-1.0192255973815918,base,no
1807,1,0,0.01590639124530769,-4.376437187194824,-0.25143715739250183,base,no
1808,1,1,0.679178699175393,-0.6639831066131592,-1.4139831066131592,base,yes
1809,1,0,0.0021827168347934166,-6.519443035125732,-0.39444321393966675,base,no
1810,1,1,0.835483553488848,-0.6755074262619019,-2.3005075454711914,base,yes
1811,1,0,0.00013982206731444948,-9.056220054626465,-0.18121999502182007,base,no
1812,1,0,0.4378234991142019,-1.2413949966430664,-0.9913949966430664,base,no
1813,1,0,0.20181322226037882,-1.8715373277664185,-0.49653732776641846,base,no
1814,1,1,0.979667644579633,-0.18008671700954437,-4.055086612701416,base,yes
1815,1,1,0.9840936110872273,-0.5899723172187805,-4.714972496032715,base,yes
1816,1,0,0.5,-1.0942623615264893,-1.0942623615264893,base,no
1817,1,1,0.6224593312018546,-0.9897089004516602,-1.4897089004516602,base,Yes
1818,1,0,0.13296422989056964,-2.251880407333374,-0.37688031792640686,base,no
1819,1,0,0.025957357951306048,-3.921315908432007,-0.2963159382343292,base,no
1820,1,1,0.835483553488848,-0.6686328649520874,-2.293632984161377,base,yes
1821,1,0,0.22270013882530884,-1.8717793226242065,-0.6217793226242065,base,no
1822,1,0,0.002800927133601626,-6.132574081420898,-0.2575741410255432,base,no
1823,1,1,0.5926666143433998,-0.7531997561454773,-1.128199815750122,base,yes
1824,1,1,0.7772998611746911,-0.6732319593429565,-1.9232319593429565,base,yes
1825,1,1,0.8519528019683106,-0.7036709785461426,-2.4536709785461426,base,yes
1826,1,0,0.04742587587030561,-3.1241321563720703,-0.12413221597671509,base,no
1827,1,1,0.798186768138228,-0.6114285588264465,-1.9864284992218018,base,yes
1828,1,1,0.8354835289107309,-0.76216059923172,-2.387160539627075,base,yes
1829,1,0,0.009708475908421797,-4.744489669799805,-0.11948961019515991,base,no
1830,1,1,0.8175744673038221,-0.7637665867805481,-2.2637665271759033,base,yes
1831,1,1,0.7981867777396212,-0.5691325664520264,-1.9441325664520264,base,yes
1832,1,0,0.0007096702405894811,-7.453865051269531,-0.20386482775211334,base,no
1833,1,1,0.8175744850834649,-0.41345399618148804,-1.9134540557861328,base,yes
1834,1,0,0.5,-1.0462645292282104,-1.0462645292282104,base,no
1835,1,1,0.8354835371034369,-0.7046682834625244,-2.3296682834625244,base,yes
1836,1,1,0.7981867825403176,-0.4799085557460785,-1.8549085855484009,base,yes
1837,1,0,0.0007096703885331799,-7.379446029663086,-0.12944601476192474,base,no
1838,1,1,0.8175744761936437,-0.5749251842498779,-2.074925184249878,base,Yes
1839,1,0,0.2689414096510108,-1.624680519104004,-0.6246804594993591,base,no
1840,1,0,0.005911068090083937,-5.184045791625977,-0.059045661240816116,base,no
1841,1,1,0.7981867969424066,-0.8178218603134155,-2.192821979522705,base,Yes
1842,1,1,0.679178699175393,-0.8161084651947021,-1.5661084651947021,base,Yes
1843,1,1,0.7057850278370112,-0.7059808969497681,-1.580980896949768,base,Yes
1844,1,0,0.24508501313237172,-1.6601327657699585,-0.5351327657699585,base,no
1845,1,0,0.20181322226037882,-1.868082046508789,-0.49308204650878906,base,no
1846,1,0,0.09534946232842245,-2.644338607788086,-0.39433857798576355,base,no
1847,1,0,0.3486451217982255,-1.3991239070892334,-0.7741238474845886,base,no
1848,1,0,0.0013250224369313723,-6.7708234786987305,-0.14582349359989166,base,no
1849,1,0,0.20181322226037882,-1.8896828889846802,-0.5146828889846802,base,no
1850,1,0,0.009708476481474066,-4.952822208404541,-0.327822208404541,base,no
1851,1,0,0.029312227359491745,-3.6323695182800293,-0.13236939907073975,base,no
1852,1,1,0.7549149868676283,-0.8369525671005249,-1.961952567100525,base,yes
1853,1,0,0.017986209962091555,-4.070738792419434,-0.0707387924194336,base,no
1854,1,0,0.3486451217982255,-1.4246628284454346,-0.7996627688407898,base,no
1855,1,0,0.3208212878370535,-1.510282039642334,-0.7602819800376892,base,no
1856,1,0,0.20181322226037882,-1.928649663925171,-0.5536496639251709,base,no
1857,1,0,0.020332352155396922,-4.290669918060303,-0.41566985845565796,base,no
1858,1,0,0.0010322309445614404,-7.158599853515625,-0.28359976410865784,base,no
1859,1,1,0.8933094145755219,-0.32817474007606506,-2.4531748294830322,base,yes
1860,1,0,0.004609571769146091,-5.58535623550415,-0.21035614609718323,base,no
1861,1,1,0.8807970904940926,-0.5526145696640015,-2.552614688873291,base,Yes
1862,1,0,0.025957358704815272,-3.9438719749450684,-0.31887203454971313,base,no
1863,1,1,0.5926665999540697,-0.8421943187713623,-1.2171943187713623,base,yes
1864,1,1,0.8175744850834649,-0.7783476710319519,-2.2783477306365967,base,yes
1865,1,0,0.07585818211049715,-2.79257869720459,-0.29257872700691223,base,no
1866,1,1,0.8807970779778823,-0.6427505016326904,-2.6427505016326904,base,Yes
1867,1,0,0.06008664512463808,-3.02148175239563,-0.2714816629886627,base,no
1868,1,1,0.914900950352329,-0.45928603410720825,-2.8342859745025635,base,yes
1869,1,0,0.010986941982915435,-4.580083847045898,-0.08008378744125366,base,no
1870,1,1,0.8807970842359877,-0.5295414328575134,-2.529541492462158,base,yes
1871,1,1,0.9796676514063881,-0.492140531539917,-4.367140769958496,base,yes
1872,1,0,0.0007096704519376317,-7.331605434417725,-0.08160550892353058,base,no
1873,1,1,0.8175744761936437,-0.36076879501342773,-1.8607687950134277,base,yes
1874,1,1,0.8670357460591569,-0.37898123264312744,-2.253981113433838,base,yes
1875,1,0,0.09534947004048376,-2.5984435081481934,-0.34844356775283813,base,no
1876,1,1,0.9241418262465169,-0.3834022581577301,-2.8834023475646973,base,yes
1877,1,0,0.29421497216298875,-1.4379068613052368,-0.5629068613052368,base,no
1878,1,1,0.9241418199787566,-0.6345808506011963,-3.1345808506011963,base,yes
1879,1,1,0.8519527944504226,-0.7542198300361633,-2.5042197704315186,base,Yes
1880,1,1,0.8807970904940926,-0.45812833309173584,-2.4581284523010254,base,yes
1881,1,1,0.5621764862150634,-0.9136040806770325,-1.1636040210723877,base,yes
1882,1,0,0.2689414213699951,-1.6571446657180786,-0.6571446657180786,base,no
1883,1,1,0.7549149868676283,-0.7340675592422485,-1.8590675592422485,base,yes
1884,1,1,0.7549149923816048,-0.4980810582637787,-1.623081088066101,base,yes
1885,1,0,0.005911068155754778,-5.340481758117676,-0.21548163890838623,base,no
1886,1,0,0.46879062662624377,-1.0727523565292358,-0.9477523565292358,base,no
1887,1,0,0.006692851320539924,-5.639011859893799,-0.6390119194984436,base,no
1888,1,1,0.679178699175393,-0.927661657333374,-1.677661657333374,base,yes
1889,1,1,0.6224593312018546,-0.6476608514785767,-1.1476608514785767,base,yes
1890,1,1,0.6513548646660542,-0.8565752506256104,-1.4815752506256104,base,Yes
1891,1,1,0.6224593312018546,-0.5751230716705322,-1.0751230716705322,base,yes
1892,1,1,0.9399133481428692,-0.40197518467903137,-3.151975154876709,base,yes
1893,1,1,0.9399133481428692,-0.44107678532600403,-3.1910767555236816,base,yes
1894,1,1,0.7057850278370112,-0.641533374786377,-1.516533374786377,base,yes
1895,1,1,0.914900950352329,-0.38902074098587036,-2.7640206813812256,base,yes
1896,1,0,0.025957354937269386,-3.8576931953430176,-0.23269310593605042,base,no
1897,1,0,0.008577484399966718,-5.0778985023498535,-0.32789838314056396,base,no
1898,1,0,0.0052201248423797645,-5.321457862854004,-0.07145769894123077,base,no
1899,1,1,0.9241418241572634,-0.7582809329032898,-3.2582809925079346,base,Yes
1900,1,1,0.8354835371034369,-0.4974498748779297,-2.1224498748779297,base,yes
1901,1,1,0.6513548646660542,-0.9466683864593506,-1.5716683864593506,base,yes
1902,1,1,0.9399133464597458,-0.23765641450881958,-2.987656354904175,base,yes
1903,1,0,0.0373268852023206,-3.5559844970703125,-0.3059844374656677,base,no
1904,1,0,0.0675466911396291,-2.912975311279297,-0.2879753112792969,base,no
1905,1,1,0.7057850278370112,-0.6686602830886841,-1.543660283088684,base,yes
1906,1,1,0.7772998611746911,-0.6014007329940796,-1.8514007329940796,base,yes
1907,1,0,0.20181321265898594,-1.907099723815918,-0.5320996642112732,base,no
1908,1,1,0.7549149868676283,-0.6923176050186157,-1.8173176050186157,base,yes
1909,1,1,0.8175744584140004,-0.5141869783401489,-2.0141868591308594,base,yes
1910,1,0,0.0953494674697966,-2.6440019607543945,-0.3940019905567169,base,no
1911,1,1,0.7310585903489892,-0.9223279356956482,-1.922327995300293,base,Yes
1912,1,0,0.003593603061627884,-5.810781478881836,-0.18578161299228668,base,no
1913,1,0,0.14804719427274565,-2.1441872119903564,-0.39418718218803406,base,no
1914,1,1,0.867035752930664,-0.678112804889679,-2.553112745285034,base,yes
1915,1,0,0.02033235660762914,-4.0573506355285645,-0.18235079944133759,base,no
1916,1,0,0.00280092717522179,-5.942977428436279,-0.06797750294208527,base,no
1917,1,1,0.8175744584140004,-0.7294851541519165,-2.229485034942627,base,yes
1918,1,1,0.9706877684006775,-0.41299083828926086,-3.9129908084869385,base,yes
1919,1,0,0.16451644651115205,-2.092719554901123,-0.4677194356918335,base,no
1920,1,1,0.7057850278370112,-0.9485406875610352,-1.8235406875610352,base,Yes
1921,1,0,0.1480472055495773,-2.1948604583740234,-0.4448605179786682,base,no
1922,1,1,0.9324533163686646,-0.34133899211883545,-2.966339111328125,base,yes
1923,1,0,0.16451647108926923,-2.144956111907959,-0.5199561715126038,base,no
1924,1,0,0.4073334000459302,-1.2088874578475952,-0.8338874578475952,base,no
1925,1,1,0.8807970654616711,-0.5321584939956665,-2.532158374786377,base,yes
1926,1,1,0.9046505351008906,-0.6521773338317871,-2.902177333831787,base,yes
1927,1,1,0.8175744761936437,-0.5949430465698242,-2.094943046569824,base,yes
1928,1,0,0.20181323186177208,-1.8510282039642334,-0.4760282635688782,base,no
1929,1,0,0.06754668550840877,-2.950644016265869,-0.325643926858902,base,no
1930,1,0,0.05340332603345051,-3.0353639125823975,-0.1603638380765915,base,no
1931,1,1,0.974042642048694,-0.45236971974372864,-4.077369689941406,base,yes
1932,1,1,0.8670357666736773,-0.4351739287376404,-2.310173988342285,base,yes
1933,1,0,0.11920292515117029,-2.31676983833313,-0.31676986813545227,base,no
1934,1,1,0.8670357666736773,-0.43605202436447144,-2.311052083969116,base,yes
1935,1,0,0.0019267350071906994,-6.416335105895996,-0.16633528470993042,base,no
1936,1,0,0.015906392936395713,-4.174145221710205,-0.049145299941301346,base,no
1937,1,0,0.2689414213699951,-1.5117073059082031,-0.5117073059082031,base,no
1938,1,1,0.5926665999540697,-0.9395947456359863,-1.3145947456359863,base,Yes
1939,1,1,0.9706877709445761,-0.6043733954429626,-4.104373455047607,base,yes
1940,1,1,0.8519527982093668,-0.42644837498664856,-2.176448345184326,base,yes
1941,1,1,0.7981867825403176,-0.45750054717063904,-1.8325005769729614,base,yes
1942,1,0,0.11920292828022305,-2.364854335784912,-0.3648543953895569,base,no
1943,1,1,0.8670357666736773,-0.35371726751327515,-2.22871732711792,base,yes
1944,1,1,0.7310585903489892,-0.578349769115448,-1.5783498287200928,base,yes
1945,1,0,0.5,-1.115486741065979,-1.115486741065979,base,no
1946,1,1,0.8175744584140004,-0.8281675577163696,-2.32816743850708,base,Yes
1947,1,1,0.867035763237924,-0.4081673324108124,-2.2831673622131348,base,yes
1948,1,1,0.9796676419082933,-0.2994368076324463,-4.174436569213867,base,yes
1949,1,1,0.7772998508568416,-0.5964968800544739,-1.846496820449829,base,yes
1950,1,0,0.020332356904444657,-4.2164306640625,-0.3414308428764343,base,no
1951,1,1,0.9465966671870767,-0.4375808835029602,-3.3125808238983154,base,yes
1952,1,0,0.0015011820780507757,-6.7846574783325195,-0.28465735912323,base,no
1953,1,1,0.9046505351008906,-0.514840841293335,-2.764840841293335,base,yes
1954,1,0,0.3775406547908327,-1.1423976421356201,-0.6423975825309753,base,no
1955,1,1,0.8354835452961425,-0.4773370623588562,-2.102337121963501,base,yes
1956,1,0,0.037326888415033926,-3.460913896560669,-0.21091392636299133,base,no
1957,1,0,0.14804719051380197,-2.2052385807037354,-0.4552385210990906,base,no
1958,1,0,0.007577242724564895,-5.024542808532715,-0.14954300224781036,base,no
1959,1,0,0.010986940363721243,-4.744083404541016,-0.2440831959247589,base,no
1960,1,0,0.22270013882530884,-1.8763010501861572,-0.6263010501861572,base,no
1961,1,1,0.5621765155565327,-0.9224464297294617,-1.1724464893341064,base,yes
1962,1,1,0.7772998508568416,-0.6295455098152161,-1.8795454502105713,base,Yes
1963,1,0,0.015906393344589397,-4.321511745452881,-0.19651184976100922,base,no
1964,1,1,0.5621765008857981,-1.0524389743804932,-1.3024389743804932,base,yes
1965,1,0,0.29421497216298875,-1.6513690948486328,-0.7763690948486328,base,no
1966,1,1,0.6513548646660542,-0.8491116762161255,-1.4741116762161255,base,yes
1967,1,1,0.754914997895581,-0.7369536757469177,-1.8619537353515625,base,yes
1968,1,0,0.3486451217982255,-1.2402827739715576,-0.6152827143669128,base,no
1969,1,1,0.5312093733737563,-1.0808545351028442,-1.2058545351028442,base,yes
1970,1,1,0.7310585786300049,-0.9069913625717163,-1.9069913625717163,base,Yes
1971,1,0,0.04208772791561884,-3.266436815261841,-0.14143681526184082,base,no
1972,1,0,0.0007096703991005882,-7.433109760284424,-0.18310976028442383,base,no
1973,1,1,0.6513548646660542,-0.9966598749160767,-1.6216598749160767,base,Yes
1974,1,1,0.9924227571633809,-0.4354388415813446,-5.310438632965088,base,yes
1975,1,0,0.3775406547908327,-1.1946349143981934,-0.6946348547935486,base,no
1976,1,1,0.5312093733737563,-1.1144293546676636,-1.2394293546676636,base,Yes
1977,1,0,0.34864513533394575,-1.2441893815994263,-0.6191893815994263,base,no
1978,1,1,0.6513548646660542,-0.9052258729934692,-1.5302258729934692,base,Yes
1979,1,0,0.22270014914315833,-1.869352102279663,-0.6193521618843079,base,no
1980,1,1,0.8933094003735664,-0.44279390573501587,-2.567793846130371,base,yes
1981,1,1,0.8807970904940926,-0.7258671522140503,-2.72586727142334,base,yes
1982,1,1,0.6224593312018546,-0.8201736211776733,-1.3201736211776733,base,yes
1983,1,1,0.7981867873410141,-0.6553182005882263,-2.030318260192871,base,yes
1984,1,0,0.006692850230838542,-5.242832660675049,-0.24283255636692047,base,no
1985,1,1,0.8175744761936437,-0.5540990829467773,-2.0540990829467773,base,yes
1986,1,1,0.939913343093499,-0.44485723972320557,-3.194857120513916,base,yes
1987,1,0,0.46879062662624377,-1.2365156412124634,-1.1115156412124634,base,no
1988,1,0,0.00857748478012118,-4.915369987487793,-0.165369912981987,base,no
1989,1,1,0.7772998508568416,-0.70660001039505,-1.9565999507904053,base,yes
1990,1,1,0.754914997895581,-0.6641373038291931,-1.789137363433838,base,yes
1991,1,0,0.0011695102128354764,-6.914530277252197,-0.16453023254871368,base,no
1992,1,1,0.6513548646660542,-0.9417629241943359,-1.566762924194336,base,yes
1993,1,1,0.9046505299595163,-0.6589484810829163,-2.9089484214782715,base,Yes
1994,1,1,0.679178699175393,-0.8613430261611938,-1.6113430261611938,base,yes
1995,1,1,0.6513548511303336,-0.9162550568580627,-1.541254997253418,base,yes
1996,1,0,0.11920290950590741,-2.4911370277404785,-0.49113690853118896,base,no
1997,1,1,0.7057850278370112,-0.7578266859054565,-1.6328266859054565,base,yes
1998,1,0,0.029312230751356316,-3.7519357204437256,-0.2519357204437256,base,no
1999,1,0,0.009708475765158738,-4.804843425750732,-0.17984335124492645,base,no
2000,1,1,0.8354835411997897,-0.40877601504325867,-2.033776044845581,base,yes
2001,1,0,0.010986942792512623,-4.6505866050720215,-0.15058661997318268,base,no
2002,1,1,0.8670357701094303,-0.3290039598941803,-2.2040040493011475,base,yes
2003,1,1,0.867035752930664,-0.7290692925453186,-2.604069232940674,base,yes
2004,1,1,0.9241418158002492,-0.34872084856033325,-2.8487207889556885,base,yes
2005,1,1,0.893309411735131,-0.4430658221244812,-2.568065881729126,base,yes
2006,1,1,0.754914975839675,-0.6168137192726135,-1.7418136596679688,base,yes
2007,1,0,0.0009110510723304808,-7.162448883056641,-0.16244874894618988,base,no
2008,1,0,0.004070138199119559,-5.733428478240967,-0.23342859745025635,base,no
2009,1,1,0.9149009549929797,-0.33191871643066406,-2.706918716430664,base,yes
2010,1,1,0.9626731147976793,-0.5069372057914734,-3.756937265396118,base,yes
2011,1,1,0.9626731083722525,-0.6121641397476196,-3.86216402053833,base,yes
2012,1,1,0.8807970873650403,-0.3159622251987457,-2.315962314605713,base,yes
2013,1,0,0.008577485920584663,-4.968374252319336,-0.2183743119239807,base,no
2014,1,1,0.6513548646660542,-0.7831906080245972,-1.4081906080245972,base,yes
2015,1,1,0.7772998611746911,-0.7182765007019043,-1.9682765007019043,base,yes
2016,1,1,0.9770226287518852,-0.2474263310432434,-3.9974262714385986,base,yes
2017,1,1,0.9149009549929797,-0.35564637184143066,-2.7306463718414307,base,yes
2018,1,0,0.2942149845400438,-1.5982904434204102,-0.7232905030250549,base,no
2019,1,0,0.18242552825126704,-1.8812508583068848,-0.38125088810920715,base,no
2020,1,1,0.7981867777396212,-0.8069097995758057,-2.1819097995758057,base,Yes
2021,1,0,0.0011695100909887293,-6.913571357727051,-0.16357120871543884,base,no
2022,1,0,0.3775406828054583,-1.157226324081421,-0.6572263836860657,base,no
2023,1,0,0.24508501313237172,-1.7008247375488281,-0.5758247375488281,base,no
2024,1,1,0.8175744806385543,-0.4310888946056366,-1.931088924407959,base,yes
2025,1,0,0.37754066879814546,-1.4166736602783203,-0.9166736602783203,base,no
2026,1,0,0.5,-1.010317325592041,-1.010317325592041,base,no
2027,1,1,0.851952809486198,-0.41793006658554077,-2.1679301261901855,base,yes
2028,1,0,0.02297736857193652,-3.9881646633148193,-0.23816460371017456,base,no
2029,1,1,0.8670357598021706,-0.6345431804656982,-2.5095431804656982,base,yes
2030,1,0,0.20181323186177208,-1.8414816856384277,-0.4664817452430725,base,no
2031,1,0,0.3486451488696663,-1.3291168212890625,-0.7041168808937073,base,no
2032,1,0,0.4073334000459302,-1.2152388095855713,-0.8402388095855713,base,no
2033,1,0,0.06754668738548215,-2.8743841648101807,-0.2493841052055359,base,no
2034,1,0,0.1480472055495773,-2.2295985221862793,-0.4795985817909241,base,no
2035,1,0,0.4378234991142019,-1.2394628524780273,-0.9894628524780273,base,no
2036,1,0,0.24508501313237172,-1.751350998878479,-0.626350998878479,base,no
2037,1,0,0.16451646699291617,-1.9856499433517456,-0.360649973154068,base,no
2038,1,0,0.22270013882530884,-1.7702314853668213,-0.5202314853668213,base,no
2039,1,1,0.7772998611746911,-0.5106503963470459,-1.760650396347046,base,yes
2040,1,0,0.2689414096510108,-1.5191450119018555,-0.5191449522972107,base,no
2041,1,0,0.4378234991142019,-1.1370069980621338,-0.8870069980621338,base,no
2042,1,1,0.8519527944504226,-0.5612648129463196,-2.311264753341675,base,yes
2043,1,0,0.32082130082460697,-1.4574086666107178,-0.7074086666107178,base,no
2044,1,1,0.8519527944504226,-0.6054216027259827,-2.355421543121338,base,yes
2045,1,1,0.7981867873410141,-0.8040699362754822,-2.179069995880127,base,yes
2046,1,1,0.8519527982093668,-0.34247711300849915,-2.0924770832061768,base,yes
2047,1,1,0.7981867777396212,-0.5697213411331177,-1.9447213411331177,base,yes
2048,1,1,0.7057850278370112,-0.6701900959014893,-1.5451900959014893,base,yes
2049,1,1,0.9149009642742806,-0.46835601329803467,-2.843356132507324,base,yes
2050,1,0,0.32082130082460697,-1.4972374439239502,-0.7472374439239502,base,no
2051,1,1,0.5621765008857981,-0.9321154356002808,-1.1821154356002808,base,yes
2052,1,0,0.003593603168340736,-5.814798831939697,-0.1897989958524704,base,no
2053,1,0,0.37754066879814546,-1.2570470571517944,-0.7570470571517944,base,no
2054,1,0,0.11920293140927592,-2.3196768760681152,-0.3196769654750824,base,no
2055,1,0,0.4378234991142019,-1.2949296236038208,-1.0449296236038208,base,no
2056,1,1,0.7057850278370112,-0.5779027938842773,-1.4529027938842773,base,yes
2057,1,1,0.5621765155565327,-0.884513795375824,-1.1345138549804688,base,yes
2058,1,1,0.5926665999540697,-0.8493635654449463,-1.2243635654449463,base,yes
2059,1,0,0.0004878570791857214,-7.727315902709961,-0.10231581330299377,base,no
2060,1,1,0.7981867777396212,-0.5358275175094604,-1.9108275175094604,base,yes
2061,1,0,0.18242551491653522,-1.9485952854156494,-0.44859522581100464,base,no
2062,1,1,0.7981867777396212,-0.5370731353759766,-1.9120731353759766,base,yes
2063,1,1,0.7057850154599563,-0.7814365029335022,-1.6564364433288574,base,Yes
2064,1,0,0.0009110513164708264,-7.182375907897949,-0.18237604200839996,base,no
2065,1,0,0.4073334000459302,-1.2951281070709229,-0.9201281070709229,base,no
2066,1,1,0.7057850154599563,-0.7993593811988831,-1.6743593215942383,base,Yes
2067,1,1,0.9046505453836383,-0.510832667350769,-2.7608327865600586,base,yes
2068,1,0,0.5,-0.9624695181846619,-0.9624695181846619,base,no
2069,1,1,0.8354835371034369,-0.35968542098999023,-1.9846854209899902,base,yes
2070,1,1,0.6513548646660542,-0.7260186672210693,-1.3510186672210693,base,yes
2071,1,0,0.08509904500702024,-2.643995523452759,-0.2689955234527588,base,no
2072,1,1,0.8175744939732856,-0.8304275274276733,-2.330427646636963,base,Yes
2073,1,0,0.01590639031229368,-4.271786689758301,-0.14678660035133362,base,no
2074,1,1,0.5312093733737563,-0.9510406255722046,-1.0760406255722046,base,yes
2075,1,1,0.5312093733737563,-0.9160038232803345,-1.0410038232803345,base,yes
2076,1,1,0.8807970873650403,-0.3473722040653229,-2.34737229347229,base,yes
2077,1,0,0.40733341443526055,-1.3149542808532715,-0.9399543404579163,base,no
2078,1,1,0.9324533051062237,-0.4473336338996887,-3.072333574295044,base,yes
2079,1,1,0.7981867873410141,-0.4281994700431824,-1.8031995296478271,base,yes
2080,1,1,0.904650527388829,-0.34039196372032166,-2.5903918743133545,base,yes
2081,1,0,0.025957354937269386,-3.805039405822754,-0.18003931641578674,base,no
2082,1,0,0.0021827163479831327,-6.257787704467773,-0.13278765976428986,base,no
2083,1,1,0.8519527944504226,-0.6697302460670471,-2.4197301864624023,base,Yes
2084,1,0,0.20181322226037882,-1.952518343925476,-0.5775183439254761,base,no
2085,1,0,0.025957354937269386,-3.84736704826355,-0.22236695885658264,base,no
2086,1,0,0.00048785722450755167,-7.706048011779785,-0.08104822039604187,base,no
2087,1,1,0.8519528038477825,-0.22650788724422455,-1.9765079021453857,base,yes
2088,1,0,0.010986945221304533,-4.720339775085449,-0.22034001350402832,base,no
2089,1,0,0.34864513533394575,-1.4577717781066895,-0.8327717781066895,base,no
2090,1,1,0.7772998611746911,-0.8901183605194092,-2.140118360519409,base,Yes
2091,1,0,0.4378234991142019,-1.2474548816680908,-0.9974548816680908,base,no
2092,1,0,0.4378234991142019,-1.1504844427108765,-0.9004844427108765,base,no
2093,1,1,0.7310585786300049,-0.8148996829986572,-1.8148996829986572,base,yes
2094,1,1,0.9241418283357702,-0.41221511363983154,-2.912215232849121,base,yes
2095,1,1,0.798186768138228,-0.6531923413276672,-2.0281922817230225,base,yes
2096,1,1,0.9770226304244968,-0.13751743733882904,-3.8875174522399902,base,yes
2097,1,0,0.09534945461636171,-2.74783992767334,-0.4978398084640503,base,no
2098,1,1,0.914900957313305,-0.42154285311698914,-2.7965428829193115,base,yes
2099,1,0,0.2942149845400438,-1.4757871627807617,-0.6007872223854065,base,no
2100,1,0,0.20181321265898594,-2.049971103668213,-0.6749710440635681,base,no
2101,1,0,0.020332357201260174,-4.025373935699463,-0.1503741294145584,base,no
2102,1,0,0.46879062662624377,-0.9473943710327148,-0.8223943710327148,base,no
2103,1,0,0.18242553269617778,-2.0066096782684326,-0.5066097378730774,base,no
2104,1,0,0.0024726230831270705,-6.2096734046936035,-0.20967337489128113,base,no
2105,1,1,0.8354835289107309,-0.2988913655281067,-1.923891305923462,base,yes
2106,1,0,0.16451647108926923,-2.0228068828582764,-0.39780694246292114,base,no
2107,1,1,0.5926665999540697,-1.0708750486373901,-1.4458750486373901,base,Yes
2108,1,0,0.002472623193388627,-6.165556907653809,-0.1655569225549698,base,no
2109,1,1,0.8354835371034369,-0.5757780075073242,-2.200778007507324,base,yes
2110,1,0,0.4378235137849365,-1.233346700668335,-0.9833467602729797,base,no
2111,1,0,0.5,-1.1837265491485596,-1.1837265491485596,base,no
2112,1,1,0.9706877658567789,-0.4538174867630005,-3.953817367553711,base,yes
2113,1,1,0.7549149868676283,-0.6928795576095581,-1.817879557609558,base,yes
2114,1,0,0.009708475908421797,-4.843249320983887,-0.21824926137924194,base,no
2115,1,1,0.6224593452091672,-0.8399538397789001,-1.339953899383545,base,yes
2116,1,0,0.32082130082460697,-1.3242422342300415,-0.5742422342300415,base,no
2117,1,0,0.4378234991142019,-1.288390874862671,-1.038390874862671,base,no
2118,1,0,0.24508502416032488,-1.7673895359039307,-0.6423895955085754,base,no
2119,1,0,0.0006263340275277853,-7.630136013031006,-0.25513580441474915,base,no
2120,1,0,0.0010322307909058268,-7.511751174926758,-0.6367509365081787,base,No
2121,1,0,0.0011695102476488354,-6.879823207855225,-0.12982319295406342,base,no
2122,1,0,0.10669059678604234,-2.5028693675994873,-0.3778693974018097,base,no
2123,1,1,0.9465966686936261,-0.2313423454761505,-3.106342315673828,base,yes
2124,1,0,0.010986940120842136,-4.600787162780762,-0.10078693181276321,base,no
2125,1,0,0.001700722209038197,-6.559085845947266,-0.18408572673797607,base,no
2126,1,1,0.679178699175393,-0.7362643480300903,-1.4862643480300903,base,yes
2127,1,0,0.13296425050508953,-2.236194610595703,-0.3611947000026703,base,no
2128,1,0,0.29421497216298875,-1.5969213247299194,-0.7219213247299194,base,no
2129,1,0,0.07585817479810981,-2.7054154872894287,-0.20541541278362274,base,no
2130,1,1,0.5926665999540697,-0.8171048164367676,-1.1921048164367676,base,yes
2131,1,1,0.7310585786300049,-0.5068180561065674,-1.5068180561065674,base,yes
2132,1,0,0.18242551936144574,-1.9269206523895264,-0.426920622587204,base,no
2133,1,0,0.16451645880021026,-2.0643155574798584,-0.439315527677536,base,no
2134,1,0,0.002472622862603971,-6.096309661865234,-0.09630954265594482,base,no
2135,1,1,0.9046505299595163,-0.27550631761550903,-2.5255062580108643,base,yes
2136,1,0,0.014063624357222927,-4.4366912841796875,-0.18669109046459198,base,no
2137,1,0,0.042087729117139754,-3.2691102027893066,-0.14411023259162903,base,no
2138,1,0,0.24508501313237172,-1.7184555530548096,-0.5934555530548096,base,no
2139,1,0,0.24508501313237172,-1.7418376207351685,-0.6168376207351685,base,no
2140,1,1,0.7310585727705126,-0.48657551407814026,-1.4865754842758179,base,yes
2141,1,1,0.7057850402140659,-0.7904567122459412,-1.665456771850586,base,yes
2142,1,0,0.006692852212113911,-5.195661544799805,-0.1956617385149002,base,no
2143,1,0,0.14804718675485834,-2.1861276626586914,-0.43612757325172424,base,no
2144,1,1,0.6513548646660542,-0.7731244564056396,-1.3981244564056396,base,yes
2145,1,0,0.1329642333263228,-2.2077178955078125,-0.3327178359031677,base,no
2146,1,1,0.7549149868676283,-0.798192024230957,-1.923192024230957,base,yes
2147,1,0,0.2942149597859341,-1.4400360584259033,-0.5650359988212585,base,no
2148,1,0,0.4073334000459302,-1.0733058452606201,-0.6983058452606201,base,no
2149,1,0,0.1066905854244781,-2.5493202209472656,-0.42432013154029846,base,no
2150,1,1,0.7549149868676283,-0.8245022296905518,-1.9495022296905518,base,Yes
2151,1,0,0.02033235542036712,-4.09250020980835,-0.21750031411647797,base,no
2152,1,0,0.32082130082460697,-1.3550851345062256,-0.6050851345062256,base,no
2153,1,0,0.0008040859116848763,-7.308050632476807,-0.18305060267448425,base,no
2154,1,0,0.2942149845400438,-1.4974277019500732,-0.622427761554718,base,no
2155,1,0,0.46879062662624377,-1.1973791122436523,-1.0723791122436523,base,no
2156,1,0,0.46879062662624377,-1.0243810415267944,-0.8993810415267944,base,no
2157,1,0,0.042087723109535534,-3.296341896057129,-0.17134177684783936,base,no
2158,1,1,0.5312093733737563,-1.054280161857605,-1.179280161857605,base,yes
2159,1,0,0.07585818524437762,-2.679112434387207,-0.179112508893013,base,no
2160,1,0,0.20181323186177208,-1.9088034629821777,-0.5338035225868225,base,no
2161,1,1,0.7057850278370112,-0.578944206237793,-1.453944206237793,base,yes
2162,1,0,0.09534946232842245,-2.516690969467163,-0.2666909396648407,base,no
2163,1,0,0.22270012850745968,-1.8497042655944824,-0.5997042059898376,base,no
2164,1,1,0.8807970842359877,-0.3917064070701599,-2.3917064666748047,base,yes
2165,1,0,0.0031726828896118543,-5.835763454437256,-0.08576346933841705,base,no
2166,1,1,0.7549149868676283,-0.6610299348831177,-1.7860299348831177,base,yes
2167,1,1,0.6513548646660542,-0.9040379524230957,-1.5290379524230957,base,Yes
2168,1,1,0.5312093733737563,-1.1435134410858154,-1.2685134410858154,base,Yes
2169,1,0,0.012431653780276067,-4.676218032836914,-0.30121827125549316,base,no
2170,1,0,0.0028009265092992313,-6.024919509887695,-0.14991934597492218,base,no
2171,1,0,0.16451645880021026,-2.0237388610839844,-0.398738831281662,base,no
2172,1,1,0.7310585669110203,-0.6715567708015442,-1.6715567111968994,base,yes
2173,1,0,0.10669058826486906,-2.420659065246582,-0.29565900564193726,base,no
2174,1,1,0.880797068590724,-0.2025826871395111,-2.202582597732544,base,yes
2175,1,0,0.05340333205964859,-3.120509147644043,-0.24550919234752655,base,no
2176,1,0,0.047425871831197425,-3.3054797649383545,-0.3054797351360321,base,no
2177,1,1,0.9241418241572634,-0.7495450377464294,-3.249545097351074,base,Yes
2178,1,0,0.18242553269617778,-1.9610791206359863,-0.4610791802406311,base,no
2179,1,1,0.8354835411997897,-0.46692225337028503,-2.0919222831726074,base,yes
2180,1,0,0.0008040859176709661,-7.1893110275268555,-0.06431100517511368,base,no
2181,1,0,0.0035936023679944244,-5.980699062347412,-0.35569900274276733,base,No
2182,1,0,0.3486451217982255,-1.4259448051452637,-0.8009447455406189,base,no
2183,1,0,0.0021827167698853724,-6.4114508628845215,-0.2864510118961334,base,no
2184,1,0,0.0021827163155291175,-6.255990982055664,-0.1309909224510193,base,no
2185,1,1,0.5621765008857981,-1.00761079788208,-1.25761079788208,base,yes
2186,1,1,0.5312093733737563,-1.0021941661834717,-1.1271941661834717,base,yes
2187,1,1,0.8354835330070839,-0.36700692772865295,-1.9920068979263306,base,yes
2188,1,0,0.00970847855878882,-4.716337203979492,-0.0913374200463295,base,no
2189,1,1,0.7057850278370112,-0.8911552429199219,-1.7661552429199219,base,yes
2190,1,0,0.0953494674697966,-2.6837589740753174,-0.43375900387763977,base,no
2191,1,1,0.7981867873410141,-0.6927658915519714,-2.067765951156616,base,yes
2192,1,0,0.060086656906500974,-3.0254158973693848,-0.2754160165786743,base,no
2193,1,1,0.7057850154599563,-0.6687648892402649,-1.5437648296356201,base,yes
2194,1,0,0.4073334000459302,-1.2678394317626953,-0.8928394317626953,base,no
2195,1,0,0.14804719051380197,-2.209312677383423,-0.4593126177787781,base,no
2196,1,1,0.5926665999540697,-0.9640318155288696,-1.3390318155288696,base,yes
2197,1,1,0.7772998611746911,-0.47179436683654785,-1.7217943668365479,base,yes
2198,1,0,0.02595735757455145,-3.824164867401123,-0.19916488230228424,base,no
2199,1,0,0.46879062662624377,-1.192884087562561,-1.067884087562561,base,no
2200,1,1,0.8175744673038221,-0.6761220097541809,-2.176121950149536,base,yes
2201,1,1,0.6224593312018546,-1.0069704055786133,-1.5069704055786133,base,Yes
2202,1,0,0.008577484399966718,-4.801880359649658,-0.05188024044036865,base,no
2203,1,1,0.7057850402140659,-0.8090702891349792,-1.684070348739624,base,Yes
2204,1,0,0.2942149597859341,-1.559147834777832,-0.6841477751731873,base,no
2205,1,0,0.4073334000459302,-1.1009464263916016,-0.7259464263916016,base,no
2206,1,1,0.9149009642742806,-0.5319551229476929,-2.9069552421569824,base,Yes
2207,1,0,0.0021827160234430044,-6.243641376495361,-0.11864118278026581,base,no
2208,1,0,0.16451645470385742,-1.9740989208221436,-0.3490988612174988,base,no
2209,1,1,0.6791786861878392,-0.6202149987220764,-1.3702149391174316,base,yes
2210,1,0,0.002472623266896334,-6.150834083557129,-0.1508341282606125,base,no
2211,1,1,0.6513548646660542,-0.8433363437652588,-1.4683363437652588,base,yes
2212,1,1,0.5312093733737563,-1.0481679439544678,-1.1731679439544678,base,yes
2213,1,0,0.0011695103172755556,-6.979065418243408,-0.22906546294689178,base,no
2214,1,0,0.0007096704519376317,-7.378791332244873,-0.12879140675067902,base,no
2215,1,0,0.32082130082460697,-1.5155205726623535,-0.7655205726623535,base,no
2216,1,1,0.8933093975331751,-0.443941205739975,-2.568941116333008,base,yes
2217,1,0,0.004070136870255261,-5.761497497558594,-0.26149728894233704,base,no
2218,1,1,0.8519528170040853,-0.646349310874939,-2.3963494300842285,base,yes
2219,1,0,0.007577240035265265,-4.967206001281738,-0.09220583736896515,base,no
2220,1,0,0.32082130082460697,-1.3398410081863403,-0.5898410081863403,base,no
2221,1,1,0.8519527869325346,-0.5179115533828735,-2.267911434173584,base,yes
2222,1,0,0.01798621101487092,-4.254607200622559,-0.25460726022720337,base,no
2223,1,0,0.0005527785875286599,-7.682368278503418,-0.1823681890964508,base,no
2224,1,0,0.11920293140927592,-2.4367456436157227,-0.4367457330226898,base,no
2225,1,1,0.6513548646660542,-0.7271547317504883,-1.3521547317504883,base,yes
2226,1,0,0.01243164938964095,-4.9152655601501465,-0.5402654409408569,base,no
2227,1,1,0.7981867825403176,-0.4126550853252411,-1.7876551151275635,base,yes
2228,1,0,0.06754668738548215,-2.8234128952026367,-0.19841283559799194,base,no
2229,1,0,0.005911068308986744,-5.17346715927124,-0.04846706613898277,base,no
2230,1,0,0.22270014914315833,-1.754850149154663,-0.5048502087593079,base,no
2231,1,1,0.6224593312018546,-1.028886318206787,-1.528886318206787,base,Yes
2232,1,1,0.6513548511303336,-0.8939204812049866,-1.5189204216003418,base,yes
2233,1,0,0.005220126912291682,-5.291093826293945,-0.041094060987234116,base,no
2234,1,0,0.0005527786410398447,-7.614997386932373,-0.11499739438295364,base,no
2235,1,1,0.7772998714925403,-0.7657529711723328,-2.0157530307769775,base,yes
2236,1,1,0.6224593312018546,-0.9602774381637573,-1.4602774381637573,base,Yes
2237,1,0,0.24508501313237172,-1.570892572402954,-0.4458925724029541,base,no
2238,1,0,0.20181322226037882,-1.90309739112854,-0.52809739112854,base,no
2239,1,1,0.6791786861878392,-0.8826892971992493,-1.6326892375946045,base,yes
2240,1,0,0.46879062662624377,-1.1152480840682983,-0.9902480840682983,base,no
2241,1,0,0.4378234991142019,-1.2785661220550537,-1.0285661220550537,base,no
2242,1,0,0.005220126003077935,-5.402875900268555,-0.15287595987319946,base,no
2243,1,0,0.24508501313237172,-1.7389410734176636,-0.6139410734176636,base,no
2244,1,0,0.03732689162774753,-3.4436750411987305,-0.19367516040802002,base,no
2245,1,0,0.11920291263495983,-2.2746224403381348,-0.2746223509311676,base,no
2246,1,1,0.9241418137109955,-0.2973571717739105,-2.7973570823669434,base,yes
2247,1,0,0.0028009269255008114,-6.0831298828125,-0.2081298679113388,base,no
2248,1,0,0.1480472055495773,-2.008317470550537,-0.2583175301551819,base,no
2249,1,0,0.5,-0.8805416822433472,-0.8805416822433472,base,no
2250,1,0,0.07585818628900447,-2.739828586578369,-0.2398286759853363,base,no
2251,1,0,0.1329642333263228,-2.269627094268799,-0.39462703466415405,base,no
2252,1,0,0.0008040860373927696,-7.241156101226807,-0.11615622788667679,base,no
2253,1,1,0.8519527982093668,-0.3281286060810089,-2.0781285762786865,base,yes
2254,1,0,0.14804719427274565,-2.042571544647217,-0.2925715148448944,base,no
2255,1,0,0.0017007226644316852,-6.807650089263916,-0.43265023827552795,base,no
2256,1,0,0.001032230913830316,-7.0648722648620605,-0.189872145652771,base,No
2257,1,0,0.32082130082460697,-1.5138157606124878,-0.7638157606124878,base,no
2258,1,0,0.5,-1.1314786672592163,-1.1314786672592163,base,no
2259,1,1,0.5312093733737563,-1.1706361770629883,-1.2956361770629883,base,Yes
2260,1,1,0.8670357666736773,-0.6435496211051941,-2.518549680709839,base,yes
2261,1,1,0.7057850278370112,-0.6664199829101562,-1.5414199829101562,base,yes
2262,1,0,0.07585817584273653,-2.7560298442840576,-0.25602978467941284,base,no
2263,1,0,0.007577240259373531,-5.050285339355469,-0.175285205245018,base,no
2264,1,0,0.18242552380635632,-2.045656204223633,-0.5456562042236328,base,no
2265,1,1,0.9669140244715405,-0.3805514872074127,-3.75555157661438,base,yes
2266,1,0,0.2689414213699951,-1.6420572996139526,-0.6420572996139526,base,no
2267,1,0,0.007577242892646153,-4.99296760559082,-0.11796782165765762,base,no
2268,1,1,0.5926665999540697,-0.8808939456939697,-1.2558939456939697,base,yes
2269,1,0,0.03308597743528921,-3.54260516166687,-0.16760513186454773,base,no
2270,1,0,0.02595736021183377,-3.7874107360839844,-0.16241085529327393,base,no
2271,1,0,0.01098694327827096,-4.61951208114624,-0.11951214075088501,base,no
2272,1,1,0.5312093733737563,-0.93686842918396,-1.06186842918396,base,yes
2273,1,0,0.03732688948593843,-3.5149481296539307,-0.26494818925857544,base,no
2274,1,1,0.893309411735131,-0.4848930239677429,-2.6098930835723877,base,yes
2275,1,1,0.8807970779778823,-0.36396193504333496,-2.363961935043335,base,yes
2276,1,0,0.3775406547908327,-1.3195810317993164,-0.8195809721946716,base,no
2277,1,1,0.7981867873410141,-0.5702447295188904,-1.9452447891235352,base,yes
2278,1,0,0.010986945221304533,-4.728235244750977,-0.22823548316955566,base,no
2279,1,1,0.7772998611746911,-0.5034542083740234,-1.7534542083740234,base,yes
2280,1,0,0.0534033328129234,-3.128495216369629,-0.2534952759742737,base,no
2281,1,0,0.008577485920584663,-4.966467380523682,-0.21646744012832642,base,no
2282,1,0,0.06008665606493926,-2.917491912841797,-0.16749201714992523,base,no
2283,1,1,0.7772998405389918,-0.8206101655960083,-2.0706100463867188,base,yes
2284,1,0,0.46879062662624377,-1.175544261932373,-1.050544261932373,base,no
2285,1,1,0.5312093733737563,-0.8829519748687744,-1.0079519748687744,base,yes
2286,1,1,0.798186768138228,-0.7376027703285217,-2.112602710723877,base,yes
2287,1,0,0.04742587721667508,-3.301386833190918,-0.30138692259788513,base,no
2288,1,1,0.8670357701094303,-0.4353143274784088,-2.310314416885376,base,yes
2289,1,1,0.6224593171945417,-0.8591495156288147,-1.35914945602417,base,yes
2290,1,1,0.6224593312018546,-1.026603102684021,-1.526603102684021,base,Yes
2291,1,0,0.2942149845400438,-1.5699543952941895,-0.6949544548988342,base,no
2292,1,1,0.9149009596336303,-0.4283096194267273,-2.803309679031372,base,yes
2293,1,0,0.46879062662624377,-1.2201006412506104,-1.0951006412506104,base,no
2294,1,1,0.8519528019683106,-0.6562392711639404,-2.4062392711639404,base,yes
2295,1,0,0.004070137957507836,-5.710093021392822,-0.21009308099746704,base,no
2296,1,0,0.4073334000459302,-1.1629986763000488,-0.7879986763000488,base,no
2297,1,1,0.5621765008857981,-0.7573784589767456,-1.0073784589767456,base,yes
2298,1,1,0.5926665999540697,-1.0148580074310303,-1.3898580074310303,base,yes
2299,1,1,0.7981867777396212,-0.42760002613067627,-1.8026000261306763,base,yes
2300,1,0,0.004070137655493202,-5.620028018951416,-0.12002800405025482,base,no
2301,1,1,0.9324533088603709,-0.26799774169921875,-2.8929977416992188,base,yes
2302,1,0,0.00026119026851243203,-8.377873420715332,-0.1278732270002365,base,no
2303,1,0,0.05340333205964859,-3.0172483921051025,-0.14224843680858612,base,no
2304,1,0,0.46879062662624377,-1.2173633575439453,-1.0923633575439453,base,no
2305,1,0,0.46879062662624377,-1.0319578647613525,-0.9069578647613525,base,no
2306,1,0,0.5,-1.1496185064315796,-1.1496185064315796,base,no
2307,1,0,0.20181323186177208,-1.7454183101654053,-0.37041836977005005,base,no
2308,1,1,0.9399133481428692,-0.369358092546463,-3.1193580627441406,base,yes
2309,1,1,0.867035752930664,-0.6343770623207092,-2.5093770027160645,base,yes
2310,1,1,0.8175744939732856,-0.5947540998458862,-2.094754219055176,base,yes
2311,1,1,0.9525741214369554,-0.5124384164810181,-3.5124382972717285,base,yes
2312,1,1,0.8807970779778823,-0.7345407009124756,-2.7345407009124756,base,yes
2313,1,1,0.8670357494949105,-0.40102633833885193,-2.2760262489318848,base,yes
2314,1,1,0.5621764862150634,-0.7978945374488831,-1.0478944778442383,base,yes
2315,1,1,0.982013788985129,-0.44627100229263306,-4.446270942687988,base,yes
2316,1,1,0.679178699175393,-0.734135627746582,-1.484135627746582,base,yes
2317,1,1,0.7310585669110203,-0.8042944073677063,-1.8042943477630615,base,yes
2318,1,1,0.9399133531922388,-0.36806291341781616,-3.118062973022461,base,yes
2319,1,1,0.7549149868676283,-0.7384223937988281,-1.8634223937988281,base,yes
2320,1,1,0.8519528057272543,-0.47685810923576355,-2.226858139038086,base,yes
2321,1,0,0.0015011823907516671,-6.647896766662598,-0.14789685606956482,base,no
2322,1,0,0.46879062662624377,-0.9527788758277893,-0.8277788758277893,base,no
2323,1,1,0.5926665999540697,-1.0713706016540527,-1.4463706016540527,base,Yes
2324,1,0,0.0953494648991095,-2.600482702255249,-0.350482702255249,base,no
2325,1,0,0.015906394510857135,-4.433803558349609,-0.3088037371635437,base,No
2326,1,0,0.2689414213699951,-1.5987142324447632,-0.5987142324447632,base,no
2327,1,1,0.5312093733737563,-0.9389160871505737,-1.0639160871505737,base,yes
2328,1,0,0.006692851320539924,-5.583975315093994,-0.5839753746986389,base,no
2329,1,0,0.3208213138121609,-1.4674301147460938,-0.7174301743507385,base,no
2330,1,1,0.6791787121629466,-0.884663999080658,-1.6346640586853027,base,Yes
2331,1,0,0.01798620759333822,-4.231736183166504,-0.23173604905605316,base,no
2332,1,0,0.11920292828022305,-2.5164411067962646,-0.5164411664009094,base,no
2333,1,1,0.8175744850834649,-0.6357433199882507,-2.1357433795928955,base,yes
2334,1,0,0.1329642333263228,-2.577418088912964,-0.7024180293083191,base,no
2335,1,1,0.5312093733737563,-1.0987859964370728,-1.2237859964370728,base,Yes
2336,1,1,0.6791786861878392,-0.7100864052772522,-1.4600863456726074,base,yes
2337,1,1,0.7310585786300049,-0.7228571176528931,-1.722857117652893,base,yes
2338,1,1,0.9740426382811477,-0.4529802203178406,-4.077980041503906,base,yes
2339,1,0,0.07585818628900447,-2.8602302074432373,-0.36023029685020447,base,no
2340,1,0,0.0005527787233647546,-7.591284275054932,-0.09128443151712418,base,no
2341,1,1,0.7310585786300049,-0.6757391691207886,-1.6757391691207886,base,yes
2342,1,0,0.0015011821003865517,-6.592729568481445,-0.09272946417331696,base,no
2343,1,0,0.1329642264548166,-2.376030445098877,-0.5010303258895874,base,no
2344,1,0,0.0850990519679964,-2.773792028427124,-0.3987921178340912,base,no
2345,1,0,0.0009110513571608901,-7.477128505706787,-0.47712868452072144,base,no
2346,1,1,0.851952809486198,-0.6484825015068054,-2.39848256111145,base,yes
2347,1,1,0.9046505376715775,-0.2707066237926483,-2.5207066535949707,base,yes
2348,1,1,0.7057850402140659,-0.6974453330039978,-1.5724453926086426,base,yes
2349,1,1,0.5312093733737563,-0.9754501581192017,-1.1004501581192017,base,yes
2350,1,0,0.32082130082460697,-1.390396237373352,-0.640396237373352,base,no
2351,1,0,0.20181322226037882,-1.766924500465393,-0.39192450046539307,base,no
2352,1,0,0.4378234991142019,-1.0618103742599487,-0.8118103742599487,base,no
2353,1,1,0.7772998663336157,-0.45191606879234314,-1.7019160985946655,base,yes
2354,1,1,0.9465966732132748,-0.43262332677841187,-3.3076233863830566,base,yes
2355,1,0,0.033085978388704126,-3.4860026836395264,-0.11100268363952637,base,no
2356,1,1,0.7549149868676283,-0.7379261255264282,-1.8629261255264282,base,yes
2357,1,1,0.798186768138228,-0.8091381192207336,-2.184138059616089,base,Yes
2358,1,0,0.4073334000459302,-1.2272273302078247,-0.8522273302078247,base,no
2359,1,0,0.005220125229279126,-5.391727447509766,-0.14172735810279846,base,no
2360,1,0,0.014063626630011202,-4.405031681060791,-0.15503165125846863,base,no
2361,1,0,0.10669059678604234,-2.491786003112793,-0.36678603291511536,base,no
2362,1,1,0.7772998714925403,-0.7260057330131531,-1.9760057926177979,base,yes
2363,1,1,0.9525741241296944,-0.5146661400794983,-3.5146660804748535,base,yes
2364,1,0,0.017986206277364275,-4.120371341705322,-0.12037113308906555,base,no
2365,1,0,0.08509904732734556,-2.539454460144043,-0.16445448994636536,base,no
2366,1,1,0.7981867873410141,-0.7957689166069031,-2.170768976211548,base,yes
2367,1,1,0.8354835289107309,-0.4400954842567444,-2.0650954246520996,base,yes
2368,1,0,0.0010322309560856125,-6.9318060874938965,-0.05680600926280022,base,no
2369,1,0,0.001926735093156515,-6.296696662902832,-0.04669688642024994,base,no
2370,1,0,0.4378234844434674,-1.0636346340179443,-0.8136345744132996,base,no
2371,1,1,0.8670357598021706,-0.432589054107666,-2.307589054107666,base,yes
2372,1,1,0.6513548782017746,-0.7326151728630066,-1.3576152324676514,base,yes
2373,1,1,0.5312093733737563,-1.1528956890106201,-1.2778956890106201,base,Yes
2374,1,1,0.9669140235181256,-0.6620072722434998,-4.0370073318481445,base,yes
2375,1,0,0.00029595707824268345,-8.351924896240234,-0.22692477703094482,base,no
2376,1,0,0.0021827167577151145,-6.155787467956543,-0.03078761138021946,base,no
2377,1,0,0.06008664512463808,-3.024280548095703,-0.27428045868873596,base,no
2378,1,0,0.2689414330889798,-1.672285795211792,-0.6722858548164368,base,no
2379,1,1,0.8670357598021706,-0.5908961296081543,-2.4658961296081543,base,yes
2380,1,0,0.20181322226037882,-1.9292237758636475,-0.5542237758636475,base,no
2381,1,1,0.893309411735131,-0.521540105342865,-2.6465401649475098,base,yes
2382,1,0,0.1329642436335826,-2.299367666244507,-0.4243676960468292,base,no
2383,1,0,0.02297737225168171,-3.9558348655700684,-0.20583496987819672,base,no
2384,1,0,0.001169510456529009,-6.91269063949585,-0.16269080340862274,base,no
2385,1,0,0.005220124764999895,-5.391358852386475,-0.14135867357254028,base,no
2386,1,0,0.05340332753999997,-3.111006736755371,-0.2360066920518875,base,no
2387,1,1,0.914900950352329,-0.6530492901802063,-3.0280492305755615,base,Yes
2388,1,1,0.8354835330070839,-0.3650677502155304,-1.990067720413208,base,yes
2389,1,0,0.3486451488696663,-1.429872751235962,-0.8048728108406067,base,no
2390,1,0,0.007577242612510723,-5.051437854766846,-0.17643803358078003,base,no
2391,1,0,0.04742586913845881,-3.2496988773345947,-0.24969878792762756,base,no
2392,1,0,0.22270014914315833,-1.8209409713745117,-0.5709410309791565,base,no
2393,1,0,0.022977367902892003,-3.9346303939819336,-0.18463030457496643,base,no
2394,1,1,0.9324533051062237,-0.312704861164093,-2.9377048015594482,base,yes
2395,1,0,0.11920291263495983,-2.369361162185669,-0.3693610727787018,base,no
2396,1,1,0.798186768138228,-0.686707079410553,-2.061707019805908,base,yes
2397,1,1,0.7310585786300049,-0.7599867582321167,-1.7599867582321167,base,yes
2398,1,0,0.5,-1.0784473419189453,-1.0784473419189453,base,no
2399,1,0,0.13296423160844623,-2.0788958072662354,-0.20389573276042938,base,no
2400,1,1,0.679178699175393,-0.7236361503601074,-1.4736361503601074,base,yes
2401,1,0,0.0953494648991095,-2.5269815921783447,-0.2769815921783447,base,no
2402,1,0,0.1480471980316895,-2.3208205699920654,-0.5708205699920654,base,no
2403,1,0,0.005911067542826956,-5.316155433654785,-0.19115521013736725,base,no
2404,1,0,0.04208772431105632,-3.3471500873565674,-0.22214999794960022,base,no
2405,1,0,0.29421497216298875,-1.4930545091629028,-0.6180545091629028,base,no
2406,1,0,0.0024726236344349032,-6.23237943649292,-0.23237963020801544,base,no
2407,1,0,0.46879062662624377,-1.2396173477172852,-1.1146173477172852,base,no
2408,1,1,0.7310585786300049,-0.9143564701080322,-1.9143564701080322,base,Yes
2409,1,1,0.7057850278370112,-0.7579386234283447,-1.6329386234283447,base,Yes
2410,1,0,0.004070137776299053,-5.6530609130859375,-0.1530609279870987,base,no
2411,1,1,0.7772998611746911,-0.5617055892944336,-1.8117055892944336,base,yes
2412,1,1,0.7310585786300049,-0.5842605829238892,-1.5842605829238892,base,yes
2413,1,0,0.0006263342327275096,-7.519187927246094,-0.1441880464553833,base,no
2414,1,1,0.8354835452961425,-0.5293709635734558,-2.1543710231781006,base,yes
2415,1,0,0.00280092632200854,-5.980663299560547,-0.10566306859254837,base,no
2416,1,0,0.02033235601399812,-4.052933692932129,-0.17793382704257965,base,no
2417,1,1,0.8670357598021706,-0.37830018997192383,-2.253300189971924,base,yes
2418,1,1,0.7057850278370112,-0.674309253692627,-1.549309253692627,base,yes
2419,1,1,0.5926665999540697,-1.014182209968567,-1.389182209968567,base,yes
2420,1,0,0.4378234991142019,-1.3004634380340576,-1.0504634380340576,base,no
2421,1,0,0.0005527787686434603,-8.0778226852417,-0.5778229236602783,base,no
2422,1,1,0.9241418241572634,-0.41499775648117065,-2.9149978160858154,base,yes
2423,1,1,0.9525741322079105,-0.13682496547698975,-3.1368250846862793,base,yes
2424,1,1,0.8519527944504226,-0.5571516156196594,-2.3071515560150146,base,yes
2425,1,0,0.002472622862603971,-6.366185188293457,-0.3661850690841675,base,No
2426,1,0,0.002472622954488594,-6.07572603225708,-0.07572595030069351,base,no
2427,1,1,0.9046505299595163,-0.44585877656936646,-2.6958587169647217,base,yes
2428,1,0,0.0758581737534831,-2.6961159706115723,-0.1961158812046051,base,no
2429,1,0,0.01798621364681958,-4.445634365081787,-0.4456345736980438,base,no
2430,1,1,0.5621765008857981,-1.058924674987793,-1.308924674987793,base,yes
2431,1,1,0.9740426401649208,-0.2044454663991928,-3.8294453620910645,base,yes
2432,1,0,0.37754066879814546,-1.2150020599365234,-0.7150020599365234,base,no
2433,1,0,0.08509904500702024,-2.6487810611724854,-0.27378106117248535,base,no
2434,1,1,0.8175744673038221,-0.4567165970802307,-1.956716537475586,base,yes
2435,1,0,0.2942149845400438,-1.4056735038757324,-0.5306735634803772,base,no
2436,1,0,0.015906394044350028,-4.364859104156494,-0.23985925316810608,base,no
2437,1,1,0.7549149868676283,-0.585023045539856,-1.710023045539856,base,yes
2438,1,0,0.01243165304850344,-4.921363830566406,-0.5463640093803406,base,no
2439,1,1,0.7981867729389246,-0.40648534893989563,-1.7814853191375732,base,yes
2440,1,0,0.20181323186177208,-1.6598825454711914,-0.2848826050758362,base,no
2441,1,0,0.5,-0.876551628112793,-0.876551628112793,base,no
2442,1,1,0.9706877684006775,-0.20793941617012024,-3.707939386367798,base,yes
2443,1,0,0.0015011819440361278,-6.617287635803223,-0.11728742718696594,base,no
2444,1,1,0.7772998508568416,-0.8065081238746643,-2.0565080642700195,base,yes
2445,1,1,0.6224593312018546,-0.745797872543335,-1.245797872543335,base,yes
2446,1,1,0.754914997895581,-0.6931416392326355,-1.8181416988372803,base,yes
2447,1,0,0.4378234991142019,-1.2556192874908447,-1.0056192874908447,base,no
2448,1,0,0.06754669489377622,-2.915215492248535,-0.29021555185317993,base,no
2449,1,0,9.610241120377415e-05,-9.393156051635742,-0.1431560069322586,base,no
2450,1,0,0.0052201249197596335,-5.542516231536865,-0.2925160825252533,base,no
2451,1,0,0.2942149597859341,-1.5882456302642822,-0.7132455706596375,base,no
2452,1,0,0.37754066879814546,-1.3096928596496582,-0.8096928596496582,base,no
2453,1,0,0.022977373924293353,-4.125176906585693,-0.3751770853996277,base,no
2454,1,0,0.007577240707590084,-5.049462795257568,-0.1744627207517624,base,no
2455,1,0,0.46879062662624377,-1.0093224048614502,-0.8843224048614502,base,no
2456,1,0,0.3775406828054583,-1.3071632385253906,-0.8071632981300354,base,no
2457,1,0,0.18242551491653522,-2.050934314727783,-0.5509342551231384,base,no
2458,1,0,0.0017007226644316852,-6.659662246704102,-0.2846623957157135,base,no
2459,1,0,0.02297737526238275,-4.095301628112793,-0.34530186653137207,base,no
2460,1,1,0.5926665999540697,-0.9375971555709839,-1.3125971555709839,base,yes
2461,1,1,0.8175744673038221,-0.7358058094978333,-2.2358057498931885,base,yes
2462,1,0,0.042087725512577126,-3.2620439529418945,-0.13704389333724976,base,no
2463,1,0,0.4073333856566001,-1.2950904369354248,-0.92009037733078,base,no
2464,1,0,0.004070137202471295,-5.578900337219238,-0.07890021055936813,base,no
2465,1,0,0.26894141551050293,-1.4712042808532715,-0.4712042510509491,base,no
2466,1,0,0.11920293140927592,-2.322927951812744,-0.3229280412197113,base,no
2467,1,1,0.5312093585306514,-0.9064412713050842,-1.0314412117004395,base,yes
2468,1,0,0.005911069731855184,-5.388604640960693,-0.2636047899723053,base,no
2469,1,0,0.22270012850745968,-1.805098056793213,-0.5550979971885681,base,no
2470,1,0,0.03732688975366457,-3.3472776412963867,-0.09727770835161209,base,no
2471,1,0,0.18242552380635632,-1.9488147497177124,-0.4488147497177124,base,no
2472,1,0,0.0031726834551318883,-5.845477104187012,-0.09547729790210724,base,no
2473,1,0,0.002472623671188763,-6.355173110961914,-0.3551733195781708,base,no
2474,1,1,0.8670357666736773,-0.3290867209434509,-2.2040867805480957,base,yes
2475,1,0,0.0024726236344349032,-6.134181499481201,-0.1341816931962967,base,no
2476,1,1,0.8175744673038221,-0.67921382188797,-2.179213762283325,base,yes
2477,1,1,0.7772998714925403,-0.7785539031028748,-2.0285539627075195,base,Yes
2478,1,1,0.8354835289107309,-0.6607697606086731,-2.2857697010040283,base,yes
2479,1,0,0.32082130082460697,-1.4151781797409058,-0.6651781797409058,base,no
2480,1,0,0.14804719427274565,-2.1533913612365723,-0.4033913314342499,base,no
2481,1,0,0.07585818211049715,-2.870938777923584,-0.37093880772590637,base,no
2482,1,0,0.5,-0.9533953070640564,-0.9533953070640564,base,no
2483,1,1,0.9626731169394882,-0.5041922330856323,-3.754192352294922,base,yes
2484,1,1,0.9465966656805269,-0.25548848509788513,-3.130488395690918,base,yes
2485,1,1,0.9978172839765571,-0.12996463477611542,-6.254964828491211,base,yes
2486,1,0,0.46879062662624377,-1.2006170749664307,-1.0756170749664307,base,no
2487,1,0,0.0021827166400692896,-6.515685081481934,-0.39068517088890076,base,no
2488,1,1,0.939913343093499,-0.6279188394546509,-3.3779187202453613,base,yes
2489,1,0,0.05340333055309901,-3.0428640842437744,-0.1678640991449356,base,no
2490,1,0,0.24508500210441886,-1.5172595977783203,-0.39225953817367554,base,no
2491,1,1,0.8175744673038221,-0.629568874835968,-2.1295688152313232,base,yes
2492,1,0,0.5,-1.209158182144165,-1.209158182144165,base,no
2493,1,0,0.01590639077880068,-4.37945556640625,-0.2544555068016052,base,no
2494,1,0,0.0006263340555095619,-7.537003040313721,-0.16200287640094757,base,no
2495,1,0,0.06008665522337757,-3.028252363204956,-0.2782524526119232,base,no
2496,1,1,0.5926665855647394,-0.8882537484169006,-1.2632536888122559,base,yes
2497,1,1,0.7772998611746911,-0.467978835105896,-1.717978835105896,base,yes
2498,1,0,0.09534945975773548,-2.494168519973755,-0.2441684603691101,base,no
2499,1,1,0.7772998405389918,-0.8759571313858032,-2.1259570121765137,base,Yes
2500,1,1,0.9465966762263737,-0.5196746587753296,-3.394674777984619,base,yes
2501,1,0,0.1824255415859996,-2.0198287963867188,-0.5198289155960083,base,no
2502,1,0,0.20181322226037882,-1.9575490951538086,-0.5825490951538086,base,no
2503,1,0,0.34864513533394575,-1.4766132831573486,-0.8516132831573486,base,no
2504,1,1,0.6513548646660542,-0.6506164073944092,-1.2756164073944092,base,yes
2505,1,1,0.679178699175393,-0.8577296733856201,-1.6077296733856201,base,yes
2506,1,0,0.002472623193388627,-6.148094654083252,-0.14809466898441315,base,no
2507,1,0,0.2942149597859341,-1.4627685546875,-0.5877684950828552,base,no
2508,1,0,0.0003799845487122197,-8.037879943847656,-0.1628800332546234,base,no
2509,1,0,0.0007096703145613268,-7.412010192871094,-0.1620100736618042,base,no
2510,1,0,0.37754066879814546,-1.173426866531372,-0.6734268665313721,base,no
2511,1,1,0.8933093946927838,-0.6638756990432739,-2.7888755798339844,base,yes
2512,1,0,0.37754066879814546,-1.3830422163009644,-0.8830422163009644,base,no
2513,1,0,0.4378235137849365,-1.1260707378387451,-0.8760707974433899,base,no
2514,1,1,0.7981867777396212,-0.616646409034729,-1.991646409034729,base,yes
2515,1,1,0.7772998611746911,-0.6484910249710083,-1.8984910249710083,base,Yes
2516,1,0,0.00407013711186692,-5.611703395843506,-0.11170324683189392,base,no
2517,1,1,0.5312093733737563,-1.1541311740875244,-1.2791311740875244,base,Yes
2518,1,0,0.004070138319925425,-5.820988178253174,-0.32098832726478577,base,no
2519,1,0,0.24508501313237172,-1.6741888523101807,-0.5491888523101807,base,no
2520,1,0,0.4378234991142019,-1.0445986986160278,-0.7945986986160278,base,no
2521,1,0,0.00669285072615733,-5.142145156860352,-0.14214512705802917,base,no
2522,1,0,0.2689414330889798,-1.6123740673065186,-0.6123741269111633,base,no
2523,1,0,0.020332353342658753,-4.2525458335876465,-0.3775458335876465,base,no
2524,1,0,0.005220125616178516,-5.447569847106934,-0.1975698322057724,base,no
2525,1,1,0.9046505453836383,-0.6748679876327515,-2.924868106842041,base,Yes
2526,1,1,0.9525741241296944,-0.1610918641090393,-3.1610918045043945,base,yes
2527,1,1,0.6513548646660542,-0.9019107818603516,-1.5269107818603516,base,yes
2528,1,1,0.6513548646660542,-0.8123927116394043,-1.4373927116394043,base,yes
2529,1,1,0.7057850278370112,-0.8705568313598633,-1.7455568313598633,base,Yes
2530,1,1,0.6513548646660542,-0.7016465663909912,-1.3266465663909912,base,yes
2531,1,1,0.9465966717067252,-0.3958389461040497,-3.270838975906372,base,yes
2532,1,0,0.29421497216298875,-1.452000617980957,-0.577000617980957,base,no
2533,1,1,0.6513548511303336,-0.9183035492897034,-1.5433034896850586,base,Yes
2534,1,1,0.6513548646660542,-0.9845715761184692,-1.6095715761184692,base,Yes
2535,1,1,0.8175744761936437,-0.4832479953765869,-1.983247995376587,base,yes
2536,1,0,0.0007096704413702227,-7.432015419006348,-0.18201547861099243,base,no
2537,1,1,0.9525741214369554,-0.42947256565093994,-3.4294724464416504,base,yes
2538,1,0,0.003593603008271459,-5.978951454162598,-0.3539515733718872,base,no
2539,1,0,0.5,-1.0989835262298584,-1.0989835262298584,base,no
2540,1,1,0.7310585786300049,-0.8143624067306519,-1.8143624067306519,base,yes
2541,1,1,0.7310585903489892,-0.7663859724998474,-1.7663860321044922,base,yes
2542,1,0,0.0011695102650555148,-6.97805643081665,-0.2280564308166504,base,no
2543,1,0,0.18242552380635632,-2.014752149581909,-0.5147521495819092,base,no
2544,1,0,0.0002959570121107069,-8.327630043029785,-0.2026297003030777,base,no
2545,1,0,0.22270013882530884,-1.6859142780303955,-0.4359142780303955,base,no
2546,1,0,0.34864513533394575,-1.3969849348068237,-0.7719849348068237,base,no
2547,1,1,0.679178699175393,-0.8193602561950684,-1.5693602561950684,base,yes
2548,1,0,0.0019267344770682547,-6.367918014526367,-0.11791791766881943,base,no
2549,1,0,0.04742587856304458,-3.442762851715088,-0.44276297092437744,base,no
2550,1,0,0.22270012850745968,-1.7581889629364014,-0.5081889033317566,base,no
2551,1,1,0.867035752930664,-0.6524680256843567,-2.527467966079712,base,Yes
2552,1,0,0.0953494738965146,-2.4220824241638184,-0.17208252847194672,base,no
2553,1,1,0.8519528170040853,-0.45333564281463623,-2.203335762023926,base,yes
2554,1,0,0.0003799844298509897,-8.101581573486328,-0.22658134996891022,base,no
2555,1,0,0.001700722133139294,-6.557878017425537,-0.18287785351276398,base,no
2556,1,1,0.8354835207180245,-0.7707391977310181,-2.3957390785217285,base,Yes
2557,1,0,0.1066905854244781,-2.4622483253479004,-0.3372482359409332,base,no
2558,1,1,0.5621765008857981,-1.0600197315216064,-1.3100197315216064,base,Yes
2559,1,0,0.09534947004048376,-2.508232831954956,-0.25823289155960083,base,no
2560,1,0,0.05340332753999997,-3.0927603244781494,-0.21776027977466583,base,no
2561,1,0,0.04208772611333754,-3.3104593753814697,-0.18545933067798615,base,no
2562,1,0,0.24508501313237172,-1.727866530418396,-0.602866530418396,base,no
2563,1,1,0.9399133447766225,-0.25831326842308044,-3.0083131790161133,base,yes
2564,1,0,0.0003353502203842404,-8.387832641601562,-0.387832909822464,base,no
2565,1,0,0.015906392761455564,-4.213087558746338,-0.08808762580156326,base,no
2566,1,0,0.16451646699291617,-1.9959558248519897,-0.37095585465431213,base,no
2567,1,0,0.0006263341394548992,-7.6286091804504395,-0.25360915064811707,base,no
2568,1,1,0.5926665999540697,-0.8423584699630737,-1.2173584699630737,base,yes
2569,1,1,0.9324533088603709,-0.3144035339355469,-2.939403533935547,base,yes
2570,1,1,0.7772998611746911,-0.6245296001434326,-1.8745296001434326,base,yes
2571,1,0,0.060086652698692546,-2.9115712642669678,-0.16157130897045135,base,no
2572,1,0,0.015906388213012365,-4.313397407531738,-0.18839718401432037,base,no
2573,1,0,0.001032230913830316,-7.0588698387146,-0.18386971950531006,base,no
2574,1,1,0.7549149868676283,-0.8114026784896851,-1.936402678489685,base,yes
2575,1,1,0.6513548646660542,-0.767674446105957,-1.392674446105957,base,yes
2576,1,0,0.0015011820333792252,-6.754825115203857,-0.2548249661922455,base,no
2577,1,1,0.5621765008857981,-0.852421760559082,-1.102421760559082,base,yes
2578,1,0,0.13296424019782924,-2.545713424682617,-0.6707134246826172,base,no
2579,1,1,0.6224593312018546,-0.8066473007202148,-1.3066473007202148,base,yes
2580,1,1,0.7981867777396212,-0.6784296035766602,-2.05342960357666,base,Yes
2581,1,1,0.9241418116217418,-0.7596722841262817,-3.259672164916992,base,Yes
2582,1,1,0.9149009549929797,-0.2650473117828369,-2.640047311782837,base,yes
2583,1,0,0.09534947518185825,-2.550011157989502,-0.3000112771987915,base,no
2584,1,1,0.893309411735131,-0.4819621443748474,-2.606962203979492,base,yes
2585,1,0,0.022977369408242194,-3.836430788040161,-0.08643076568841934,base,no
2586,1,1,0.5621765008857981,-1.070812702178955,-1.320812702178955,base,Yes
2587,1,0,0.05340333130637379,-3.2062952518463135,-0.33129528164863586,base,no
2588,1,1,0.6224593312018546,-0.6893620491027832,-1.1893620491027832,base,yes
2589,1,1,0.7057850278370112,-0.8603485822677612,-1.7353485822677612,base,Yes
2590,1,0,0.0953494674697966,-2.5451502799987793,-0.2951503098011017,base,no
2591,1,0,0.14804719051380197,-2.1096677780151367,-0.35966771841049194,base,no
2592,1,0,0.46879062662624377,-1.1841434240341187,-1.0591434240341187,base,no
2593,1,1,0.893309411735131,-0.7757126688957214,-2.900712728500366,base,Yes
2594,1,1,0.8933093975331751,-0.2858506143093109,-2.4108505249023438,base,yes
2595,1,0,0.0031726835493852378,-5.849027156829834,-0.09902738034725189,base,no
2596,1,0,0.022977370244547896,-3.988253355026245,-0.2382533699274063,base,no
2597,1,0,0.03732689162774753,-3.52787446975708,-0.27787458896636963,base,no
2598,1,1,0.5312093733737563,-0.8100283741950989,-0.9350283741950989,base,yes
2599,1,0,0.0021827163642101403,-6.2428669929504395,-0.11786695569753647,base,no
2600,1,1,0.8519528019683106,-0.5208618640899658,-2.270861864089966,base,yes
2601,1,1,0.5926665999540697,-0.724603533744812,-1.099603533744812,base,yes
2602,1,1,0.9046505248181417,-0.6538606882095337,-2.903860569000244,base,yes
2603,1,1,0.5621765155565327,-0.8859698176383972,-1.135969877243042,base,yes
2604,1,0,0.06008664933244599,-2.955357074737549,-0.20535705983638763,base,no
2605,1,0,0.08509904500702024,-2.7037367820739746,-0.3287367820739746,base,no
2606,1,0,0.5,-0.9519554376602173,-0.9519554376602173,base,no
2607,1,0,0.2942149597859341,-1.541107177734375,-0.6661071181297302,base,no
2608,1,0,0.32082130082460697,-1.3797528743743896,-0.6297528743743896,base,no
2609,1,0,0.5,-1.0526686906814575,-1.0526686906814575,base,no
2610,1,0,0.5,-0.9035656452178955,-0.9035656452178955,base,no
2611,1,0,0.4378235137849365,-1.228745937347412,-0.9787459969520569,base,no
2612,1,1,0.9324533013520764,-0.34489548206329346,-2.969895362854004,base,yes
2613,1,0,0.03732688306051187,-3.6163487434387207,-0.36634862422943115,base,no
2614,1,1,0.9796676502191265,-0.7110694050788879,-4.586069583892822,base,Yes
2615,1,0,0.009708478702051923,-4.6923604011535645,-0.06736063212156296,base,no
2616,1,1,0.6224593171945417,-0.7135356068611145,-1.2135355472564697,base,yes
2617,1,0,0.05340332678672523,-3.1474549770355225,-0.2724549174308777,base,no
2618,1,0,0.0011695102302421558,-6.86577844619751,-0.11577841639518738,base,no
2619,1,0,0.09534947004048376,-2.623828411102295,-0.3738284707069397,base,no
2620,1,1,0.9626731094431571,-0.2609487473964691,-3.510948657989502,base,yes
2621,1,1,0.7310585786300049,-0.8613468408584595,-1.8613468408584595,base,yes
2622,1,1,0.5621765008857981,-0.8556307554244995,-1.1056307554244995,base,yes
2623,1,1,0.754914975839675,-0.751125156879425,-1.8761250972747803,base,Yes
2624,1,1,0.679178699175393,-0.942585825920105,-1.692585825920105,base,yes
2625,1,0,0.0015011825694379204,-6.7058634757995605,-0.20586368441581726,base,no
2626,1,1,0.8807970779778823,-0.7805213928222656,-2.7805213928222656,base,Yes
2627,1,0,0.22270013882530884,-1.759894609451294,-0.509894609451294,base,no
2628,1,0,0.07585817166422973,-3.011070728302002,-0.5110706090927124,base,no
2629,1,1,0.9859363758493941,-0.40255096554756165,-4.652551174163818,base,yes
2630,1,0,0.0024726229912424434,-6.062551498413086,-0.06255143135786057,base,no
2631,1,1,0.914900957313305,-0.3932161033153534,-2.768216133117676,base,yes
2632,1,1,0.851952809486198,-0.8150932192802429,-2.5650932788848877,base,Yes
2633,1,0,0.2689414272294874,-1.4340016841888428,-0.43400171399116516,base,no
2634,1,0,0.2689414213699951,-1.719923496246338,-0.7199234962463379,base,no
2635,1,1,0.914900950352329,-0.5030880570411682,-2.8780879974365234,base,yes
2636,1,0,0.0059110692064883365,-5.264345169067383,-0.1393452286720276,base,no
2637,1,0,0.0011695100735820523,-6.881313323974609,-0.13131316006183624,base,no
2638,1,1,0.5926665999540697,-0.7298436164855957,-1.1048436164855957,base,yes
2639,1,1,0.5621765008857981,-1.0321505069732666,-1.2821505069732666,base,Yes
2640,1,0,0.0009110509909503801,-7.2297186851501465,-0.22971846163272858,base,no
2641,1,0,0.3486451217982255,-1.3742015361785889,-0.7492014765739441,base,no
2642,1,0,0.20181322226037882,-1.869714617729187,-0.494714617729187,base,no
2643,1,1,0.89330940889474,-0.30757638812065125,-2.4325764179229736,base,yes
2644,1,0,0.00359360311498431,-5.860976696014404,-0.23597684502601624,base,no
2645,1,0,0.008577484906839334,-5.081318378448486,-0.33131831884384155,base,no
2646,1,0,0.3208213138121609,-1.5161817073822021,-0.7661817669868469,base,no
2647,1,1,0.5926665999540697,-0.695536732673645,-1.070536732673645,base,yes
2648,1,0,0.0008040857440743825,-7.227754592895508,-0.10275435447692871,base,no
2649,1,1,0.9046505299595163,-0.7060783505439758,-2.956078290939331,base,yes
2650,1,0,0.46879062662624377,-1.1701030731201172,-1.0451030731201172,base,no
2651,1,1,0.5312093733737563,-1.1056711673736572,-1.2306711673736572,base,Yes
2652,1,0,0.0007096703568309563,-7.503548622131348,-0.2535485625267029,base,no
2653,1,0,0.08509904500702024,-2.6806273460388184,-0.30562734603881836,base,no
2654,1,1,0.5312093733737563,-0.8100087642669678,-0.9350087642669678,base,yes
2655,1,0,0.10669059678604234,-2.4357988834381104,-0.31079891324043274,base,no
2656,1,0,0.22270013882530884,-1.8040659427642822,-0.5540659427642822,base,no
2657,1,0,0.3486451488696663,-1.3219056129455566,-0.6969056725502014,base,no
2658,1,0,0.1066905825840872,-2.4248099327087402,-0.2998098134994507,base,no
2659,1,0,0.09534946232842245,-2.614529848098755,-0.3645298182964325,base,no
2660,1,0,0.06008664428307651,-2.9901468753814697,-0.24014677107334137,base,no
2661,1,1,0.679178699175393,-0.5635559558868408,-1.3135559558868408,base,yes
2662,1,0,0.46879062662624377,-1.1874562501907349,-1.0624562501907349,base,no
2663,1,0,0.13296425394084313,-2.3221206665039062,-0.4471207857131958,base,no
2664,1,0,0.0035936023679944244,-5.979703903198242,-0.3547038435935974,base,no
2665,1,0,0.0021827164777991977,-6.242895126342773,-0.11789514124393463,base,no
2666,1,0,0.0005527785545987024,-7.705193519592285,-0.20519337058067322,base,no
2667,1,1,0.7772998508568416,-0.6852336525917053,-1.9352335929870605,base,yes
2668,1,1,0.679178699175393,-0.7142952680587769,-1.4642952680587769,base,yes
2669,1,1,0.5312093733737563,-0.9108142852783203,-1.0358142852783203,base,yes
2670,1,1,0.5312093585306514,-0.9309199452400208,-1.055919885635376,base,yes
2671,1,0,0.0031726825125985543,-5.938661575317383,-0.18866147100925446,base,no
2672,1,1,0.8519527869325346,-0.756013035774231,-2.5060129165649414,base,Yes
2673,1,1,0.7981867969424066,-0.695217490196228,-2.0702176094055176,base,yes
2674,1,0,0.004070137232672753,-5.8956828117370605,-0.395682692527771,base,no
2675,1,1,0.5312093733737563,-1.0179340839385986,-1.1429340839385986,base,yes
2676,1,0,0.020332351858581475,-4.072571277618408,-0.19757120311260223,base,no
2677,1,1,0.7981867969424066,-0.7990349531173706,-2.17403507232666,base,yes
2678,1,0,0.060086646807761206,-3.107236385345459,-0.3572363257408142,base,no
2679,1,0,0.4378234991142019,-1.0570433139801025,-0.8070433139801025,base,no
2680,1,1,0.6791787121629466,-0.9845663905143738,-1.7345664501190186,base,Yes
2681,1,1,0.798186768138228,-0.6906464695930481,-2.0656464099884033,base,yes
2682,1,0,0.1066905854244781,-2.4596543312072754,-0.3346542418003082,base,no
2683,1,0,0.0011695104043089619,-7.226402282714844,-0.4764024019241333,base,no
2684,1,0,0.0066928493887966865,-5.116197109222412,-0.1161968782544136,base,no
2685,1,0,0.012431650487299585,-4.557388782501221,-0.18238875269889832,base,no
2686,1,0,0.46879062662624377,-1.2021102905273438,-1.0771102905273438,base,no
2687,1,0,0.4378234991142019,-1.2496240139007568,-0.9996240139007568,base,no
2688,1,0,0.16451647518562237,-2.12441086769104,-0.4994109570980072,base,no
2689,1,0,0.0013250225552406444,-6.854245185852051,-0.22924529016017914,base,no
2690,1,0,0.4073334000459302,-1.287797451019287,-0.9127974510192871,base,no
2691,1,1,0.8519528170040853,-0.4850090742111206,-2.23500919342041,base,yes
2692,1,0,0.0373268852023206,-3.6439263820648193,-0.39392632246017456,base,no
2693,1,0,0.04742587721667508,-3.341188907623291,-0.3411889970302582,base,no
2694,1,1,0.7981867777396212,-0.5655328035354614,-1.9405328035354614,base,yes
2695,1,1,0.7310585786300049,-0.8520112037658691,-1.8520112037658691,base,yes
2696,1,1,0.8354835289107309,-0.7135990262031555,-2.3385989665985107,base,yes
2697,1,1,0.9149009596336303,-0.6449572443962097,-3.0199573040008545,base,yes
2698,1,1,0.5621765008857981,-0.8646535873413086,-1.1146535873413086,base,yes
2699,1,0,0.06754669489377622,-2.971219062805176,-0.34621912240982056,base,no
2700,1,1,0.8175744850834649,-0.4851173758506775,-1.9851174354553223,base,yes
2701,1,1,0.8519528170040853,-0.7412360906600952,-2.4912362098693848,base,yes
2702,1,1,0.8175744850834649,-0.7854837775230408,-2.2854838371276855,base,Yes
2703,1,0,0.22270012850745968,-1.7112314701080322,-0.46123141050338745,base,no
2704,1,1,0.8175744850834649,-0.7843093276023865,-2.2843093872070312,base,yes
2705,1,1,0.798186768138228,-0.5753293633460999,-1.950329303741455,base,yes
2706,1,1,0.7772998611746911,-0.718468427658081,-1.968468427658081,base,yes
2707,1,0,0.16451647108926923,-2.148564577102661,-0.5235646367073059,base,no
2708,1,1,0.7772998714925403,-0.5830063223838806,-1.8330063819885254,base,yes
2709,1,0,0.003172683219498529,-6.331364631652832,-0.5813647508621216,base,no
2710,1,1,0.8354835207180245,-0.5019103288650513,-2.1269102096557617,base,yes
2711,1,0,0.05340333431947304,-3.144911050796509,-0.26991114020347595,base,no
2712,1,1,0.8519527869325346,-0.367496132850647,-2.1174960136413574,base,yes
2713,1,0,0.06008665522337757,-3.0206363201141357,-0.2706364095211029,base,no
2714,1,1,0.9706877692486436,-0.45463013648986816,-3.954630136489868,base,yes
2715,1,0,0.03308597505175204,-3.5807483196258545,-0.20574821531772614,base,no
2716,1,0,0.037326888415033926,-3.6255125999450684,-0.37551262974739075,base,no
2717,1,0,0.34864513533394575,-1.3126288652420044,-0.6876288652420044,base,no
2718,1,1,0.8670357460591569,-0.4726201295852661,-2.3476200103759766,base,yes
2719,1,1,0.7772998611746911,-0.49949371814727783,-1.7494937181472778,base,yes
2720,1,0,0.06754669301670263,-2.996856927871704,-0.3718569576740265,base,no
2721,1,0,0.4073334000459302,-1.3246508836746216,-0.9496508836746216,base,no
2722,1,1,0.851952809486198,-0.39372652769088745,-2.1437265872955322,base,yes
2723,1,1,0.7549149868676283,-0.7419283390045166,-1.8669283390045166,base,yes
2724,1,0,0.22270012850745968,-1.780855655670166,-0.5308555960655212,base,no
2725,1,1,0.8670357735451834,-0.32898080348968506,-2.2039809226989746,base,yes
2726,1,0,0.22270014914315833,-1.8465232849121094,-0.5965233445167542,base,no
2727,1,0,0.03308597457504463,-3.632619857788086,-0.2576197385787964,base,no
2728,1,0,0.025957356444287677,-3.762181520462036,-0.13718149065971375,base,no
2729,1,1,0.835483553488848,-0.5717562437057495,-2.196756362915039,base,yes
2730,1,1,0.7772998611746911,-0.8203160762786865,-2.0703160762786865,base,Yes
2731,1,1,0.8519528019683106,-0.8084747791290283,-2.5584747791290283,base,Yes
2732,1,1,0.904650527388829,-0.3686891496181488,-2.6186890602111816,base,yes
2733,1,1,0.835483553488848,-0.7305010557174683,-2.355501174926758,base,Yes
2734,1,0,0.0002034270295767993,-8.590287208557129,-0.0902874618768692,base,no
2735,1,0,0.1824255415859996,-2.047565460205078,-0.5475655794143677,base,no
2736,1,1,0.9579122732859019,-0.2213411033153534,-3.346341133117676,base,yes
2737,1,1,0.9669140201811735,-0.23424701392650604,-3.6092469692230225,base,yes
2738,1,1,0.5926665999540697,-1.0632083415985107,-1.4382083415985107,base,Yes
2739,1,0,0.24508501313237172,-1.743951678276062,-0.618951678276062,base,no
2740,1,1,0.7057850278370112,-0.820936918258667,-1.695936918258667,base,Yes
2741,1,0,0.015906392878082327,-4.284440994262695,-0.15944106876850128,base,no
2742,1,1,0.6513548782017746,-0.5859140753746033,-1.210914134979248,base,yes
2743,1,1,0.867035752930664,-0.6420374512672424,-2.5170373916625977,base,yes
2744,1,0,0.4073333856566001,-1.3160388469696045,-0.9410387873649597,base,no
2745,1,1,0.8670357701094303,-0.4049052298069,-2.279905319213867,base,yes
2746,1,0,0.07585817166422973,-2.9729127883911133,-0.47291266918182373,base,no
2747,1,0,0.5,-1.0887720584869385,-1.0887720584869385,base,no
2748,1,0,0.0008040860912675871,-7.270989894866943,-0.14599008858203888,base,no
2749,1,0,0.0015011825471021377,-6.706417083740234,-0.2064172774553299,base,no
2750,1,1,0.7057850402140659,-0.742590606212616,-1.6175906658172607,base,yes
2751,1,1,0.9706877671287282,-0.19100268185138702,-3.691002607345581,base,yes
2752,1,1,0.7772998611746911,-0.7570276260375977,-2.0070276260375977,base,yes
2753,1,0,0.32082130082460697,-1.3179813623428345,-0.5679813623428345,base,no
2754,1,0,0.11920290950590741,-2.298983097076416,-0.29898297786712646,base,no
2755,1,0,0.5,-1.1346995830535889,-1.1346995830535889,base,no
2756,1,1,0.8807970654616711,-0.5714527368545532,-2.5714526176452637,base,yes
2757,1,1,0.8175744761936437,-0.6325275897979736,-2.1325275897979736,base,yes
2758,1,1,0.9241418210233833,-0.21740411221981049,-2.7174041271209717,base,yes
2759,1,1,0.7310585903489892,-0.7589640021324158,-1.7589640617370605,base,yes
2760,1,0,0.3775406828054583,-1.3519744873046875,-0.8519745469093323,base,no
2761,1,0,0.0600866476493228,-2.982919931411743,-0.23291988670825958,base,no
2762,1,0,0.042087725512577126,-3.2754175662994385,-0.1504175066947937,base,no
2763,1,1,0.7310585903489892,-0.7368916869163513,-1.736891746520996,base,yes
2764,1,1,0.8354835371034369,-0.40723514556884766,-2.0322351455688477,base,yes
2765,1,0,0.005911068155754778,-5.252546310424805,-0.12754619121551514,base,no
2766,1,0,0.08509903804604459,-2.659036874771118,-0.284036785364151,base,no
2767,1,0,0.4378234991142019,-0.9643257260322571,-0.7143257260322571,base,no
2768,1,1,0.8354835289107309,-0.6174717545509338,-2.242471694946289,base,yes
2769,1,1,0.9740426443092215,-0.2779819369316101,-3.902981996536255,base,yes
2770,1,0,0.22270013882530884,-1.8413869142532349,-0.5913869142532349,base,no
2771,1,0,0.033085981248949035,-3.578449010848999,-0.2034491002559662,base,no
2772,1,1,0.851952809486198,-0.5571038126945496,-2.3071038722991943,base,yes
2773,1,1,0.7772998508568416,-0.6719904541969299,-1.9219903945922852,base,Yes
2774,1,0,0.0953494674697966,-2.525541067123413,-0.2755410969257355,base,no
2775,1,0,0.009708477914104884,-4.776123046875,-0.15112319588661194,base,no
2776,1,0,0.001032230913830316,-7.1593427658081055,-0.2843426465988159,base,no
2777,1,0,0.4378234844434674,-1.239863395690918,-0.9898633360862732,base,no
2778,1,0,0.5,-1.0931460857391357,-1.0931460857391357,base,no
2779,1,1,0.679178699175393,-0.7100917100906372,-1.4600917100906372,base,yes
2780,1,0,0.004609572999830552,-5.4647908210754395,-0.08979099988937378,base,no
2781,1,1,0.851952809486198,-0.3713175654411316,-2.1213176250457764,base,yes
2782,1,0,0.34864513533394575,-1.2560487985610962,-0.6310487985610962,base,no
2783,1,1,0.8354835207180245,-0.6189419031143188,-2.2439417839050293,base,yes
2784,1,1,0.5621765008857981,-0.8785692453384399,-1.12856924533844,base,yes
2785,1,0,0.05340333582602272,-3.165034294128418,-0.2900344133377075,base,no
2786,1,0,0.24508502416032488,-1.6708018779754639,-0.5458019375801086,base,no
2787,1,0,0.01798621154126062,-4.179809093475342,-0.17980918288230896,base,no
2788,1,0,0.09534947518185825,-2.603485107421875,-0.35348522663116455,base,no
2789,1,1,0.7772998508568416,-0.7738757729530334,-2.0238757133483887,base,yes
2790,1,1,0.5312093733737563,-1.157320261001587,-1.282320261001587,base,Yes
2791,1,1,0.9465966671870767,-0.5198577046394348,-3.39485764503479,base,yes
2792,1,0,0.012431651584958318,-4.542510509490967,-0.16751056909561157,base,no
2793,1,0,0.017986212067650338,-4.373571395874023,-0.373571515083313,base,no
2794,1,1,0.7057850278370112,-0.635252833366394,-1.510252833366394,base,yes
2795,1,0,0.02595735945832451,-3.9437265396118164,-0.31872662901878357,base,no
2796,1,0,0.3775406547908327,-1.26153564453125,-0.7615355849266052,base,no
2797,1,0,0.18242551936144574,-1.9467191696166992,-0.44671913981437683,base,no
2798,1,1,0.9579122684798184,-0.31991609930992126,-3.444916009902954,base,yes
2799,1,0,0.03308598220236406,-3.731822967529297,-0.3568230867385864,base,no
2800,1,0,0.06754669020109236,-2.826542377471924,-0.20154236257076263,base,no
2801,1,0,0.1480471980316895,-2.2111525535583496,-0.4611525535583496,base,no
2802,1,1,0.754914975839675,-0.838405191898346,-1.9634051322937012,base,yes
2803,1,0,0.04742586913845881,-3.158632278442383,-0.15863218903541565,base,no
2804,1,1,0.8670357598021706,-0.6833336353302002,-2.5583336353302,base,yes
2805,1,0,0.2689414213699951,-1.5055067539215088,-0.5055067539215088,base,no
2806,1,1,0.8354835248143776,-0.440434068441391,-2.065433979034424,base,yes
2807,1,0,0.04742587385075148,-3.1757938861846924,-0.17579390108585358,base,no
2808,1,1,0.7057850402140659,-0.8916055560112,-1.7666056156158447,base,Yes
2809,1,1,0.9241418241572634,-0.45010799169540405,-2.950108051300049,base,yes
2810,1,0,0.2689414096510108,-1.6586284637451172,-0.6586284041404724,base,no
2811,1,1,0.7310585786300049,-0.8046600818634033,-1.8046600818634033,base,yes
2812,1,1,0.7981867969424066,-0.7993310689926147,-2.1743311882019043,base,Yes
2813,1,1,0.9149009549929797,-0.7004790306091309,-3.075479030609131,base,yes
2814,1,0,0.08509904036636974,-2.760446548461914,-0.3854464888572693,base,no
2815,1,1,0.5621765008857981,-0.9735901355743408,-1.2235901355743408,base,Yes
2816,1,1,0.6224593312018546,-1.009917974472046,-1.509917974472046,base,Yes
2817,1,0,0.18242551491653522,-1.8923609256744385,-0.3923608660697937,base,no
2818,1,1,0.8670357666736773,-0.6350459456443787,-2.5100460052490234,base,yes
2819,1,0,0.006692852509305267,-5.536757469177246,-0.5367577075958252,base,No
2820,1,0,0.1480471829959148,-2.1936135292053223,-0.4436134099960327,base,no
2821,1,1,0.8175744761936437,-0.647214412689209,-2.147214412689209,base,yes
2822,1,0,0.1824255415859996,-2.0105180740356445,-0.5105181932449341,base,no
2823,1,0,0.34864513533394575,-1.4146912097930908,-0.7896912097930908,base,no
2824,1,1,0.6513548646660542,-0.8970531225204468,-1.5220531225204468,base,yes
2825,1,0,0.20181323186177208,-1.921250581741333,-0.5462506413459778,base,no
2826,1,0,0.5,-1.1465615034103394,-1.1465615034103394,base,no
2827,1,1,0.817574471748733,-0.49211886525154114,-1.9921188354492188,base,yes
2828,1,1,0.7057850154599563,-0.535483181476593,-1.4104831218719482,base,yes
2829,1,1,0.798186768138228,-0.6634719967842102,-2.0384719371795654,base,yes
2830,1,0,0.5,-1.1866837739944458,-1.1866837739944458,base,no
2831,1,1,0.5621765008857981,-0.9862128496170044,-1.2362128496170044,base,yes
2832,1,1,0.6224593312018546,-0.9340610504150391,-1.434061050415039,base,yes
2833,1,1,0.8354835371034369,-0.6731464862823486,-2.2981464862823486,base,yes
2834,1,1,0.6513548646660542,-0.7485328912734985,-1.3735328912734985,base,yes
2835,1,1,0.8175744806385543,-0.4644401967525482,-1.9644402265548706,base,yes
2836,1,1,0.9669140235181256,-0.460066020488739,-3.835066080093384,base,yes
2837,1,1,0.7549149868676283,-0.6526515483856201,-1.7776515483856201,base,yes
2838,1,0,0.14804719051380197,-2.117722511291504,-0.36772245168685913,base,no
2839,1,1,0.8354835289107309,-0.660391628742218,-2.2853915691375732,base,yes
2840,1,1,0.7310585786300049,-0.5267624855041504,-1.5267624855041504,base,yes
2841,1,1,0.9465966671870767,-0.36271506547927856,-3.237715005874634,base,yes
2842,1,1,0.6224593312018546,-0.6644734144210815,-1.1644734144210815,base,yes
2843,1,0,0.20181321265898594,-1.9385221004486084,-0.5635220408439636,base,no
2844,1,1,0.5926665999540697,-0.8895868062973022,-1.2645868062973022,base,yes
2845,1,0,0.06754668926255561,-2.9088873863220215,-0.2838873565196991,base,no
2846,1,1,0.9579122756889438,-0.4693993628025055,-3.5943994522094727,base,yes
2847,1,0,0.06754669583231304,-2.837620973587036,-0.2126210480928421,base,no
2848,1,0,0.5,-1.0516624450683594,-1.0516624450683594,base,no
2849,1,0,0.00591106784929086,-5.21350622177124,-0.0885060504078865,base,no
2850,1,0,0.009708477627578704,-5.160567760467529,-0.5355678796768188,base,no
2851,1,0,0.24508500210441886,-1.7609200477600098,-0.635919988155365,base,no
2852,1,0,0.02595735945832451,-3.9167609214782715,-0.29176101088523865,base,no
2853,1,1,0.7772998611746911,-0.5997482538223267,-1.8497482538223267,base,yes
2854,1,0,0.00020342705079157657,-8.681991577148438,-0.18199193477630615,base,no
2855,1,0,0.3775406547908327,-1.3510284423828125,-0.8510283827781677,base,no
2856,1,0,0.0008040860254205886,-7.2058258056640625,-0.08082591742277145,base,no
2857,1,1,0.867035752930664,-0.5089693665504456,-2.383969306945801,base,yes
2858,1,1,0.9525741254760638,-0.24581578373908997,-3.2458157539367676,base,yes
2859,1,0,0.04208772851637929,-3.3093814849853516,-0.18438149988651276,base,no
2860,1,0,0.002182716510253215,-6.309457302093506,-0.18445733189582825,base,no
2861,1,1,0.8354835371034369,-0.49933528900146484,-2.124335289001465,base,yes
2862,1,0,0.22270012850745968,-1.8828413486480713,-0.6328412890434265,base,no
2863,1,0,0.06754668363133542,-2.8218140602111816,-0.1968139410018921,base,no
2864,1,0,0.005911068330877026,-5.360429763793945,-0.23542967438697815,base,no
2865,1,0,0.10669059678604234,-2.491011619567871,-0.3660116493701935,base,no
2866,1,1,0.8175744761936437,-0.7277543544769287,-2.2277543544769287,base,yes
2867,1,1,0.952574129515172,-0.6148392558097839,-3.6148393154144287,base,yes
2868,1,1,0.798186768138228,-0.7367828488349915,-2.1117827892303467,base,yes
2869,1,0,0.18242552380635632,-1.865122675895691,-0.3651226758956909,base,no
2870,1,1,0.5926665999540697,-0.9974231719970703,-1.3724231719970703,base,yes
2871,1,0,0.04742587654349034,-3.1762728691101074,-0.1762729436159134,base,no
2872,1,1,0.6224593312018546,-0.930005669593811,-1.430005669593811,base,yes
2873,1,1,0.9465966686936261,-0.41953542828559875,-3.2945353984832764,base,Yes
2874,1,0,0.05340333582602272,-2.9900364875793457,-0.11503660678863525,base,no
2875,1,1,0.6791787121629466,-0.8229226469993591,-1.572922706604004,base,yes
2876,1,1,0.9626731137267751,-0.2613682448863983,-3.5113682746887207,base,yes
2877,1,0,0.003593603061627884,-5.813248634338379,-0.18824876844882965,base,no
2878,1,0,0.1480472055495773,-2.121696949005127,-0.37169700860977173,base,no
2879,1,1,0.7772998611746911,-0.5706489086151123,-1.8206489086151123,base,yes
2880,1,0,0.06754668550840877,-3.0318448543548584,-0.40684476494789124,base,no
2881,1,0,0.09534945718704857,-2.6005969047546387,-0.3505968153476715,base,no
2882,1,0,0.047425871831197425,-3.1186957359313965,-0.1186957061290741,base,no
2883,1,1,0.7310585903489892,-0.6427001357078552,-1.6427001953125,base,yes
2884,1,1,0.8519528019683106,-0.7502121925354004,-2.5002121925354004,base,yes
2885,1,0,0.0013250222989039011,-6.790093421936035,-0.165093332529068,base,no
2886,1,1,0.880797071719777,-0.3887210488319397,-2.388720989227295,base,yes
2887,1,0,0.04742587250438209,-3.242856502532959,-0.2428564876317978,base,no
2888,1,1,0.6513548782017746,-0.6778976321220398,-1.3028976917266846,base,yes
2889,1,1,0.9046505453836383,-0.5120066404342651,-2.7620067596435547,base,yes
2890,1,1,0.5621765008857981,-0.6931823492050171,-0.9431823492050171,base,yes
2891,1,0,0.2689414330889798,-1.6638977527618408,-0.6638978123664856,base,no
2892,1,1,0.6224593312018546,-0.6629753112792969,-1.1629753112792969,base,yes
2893,1,0,0.0021827165427072332,-6.310943126678467,-0.18594317138195038,base,no
2894,1,0,0.00026119022571119644,-8.4117431640625,-0.16174280643463135,base,no
2895,1,0,0.22270013882530884,-2.023026943206787,-0.7730269432067871,base,no
2896,1,0,0.34864513533394575,-1.468614935874939,-0.843614935874939,base,no
2897,1,0,0.4378234991142019,-1.1499791145324707,-0.8999791145324707,base,no
2898,1,0,0.22270013882530884,-1.8191179037094116,-0.5691179037094116,base,no
2899,1,0,0.006692849339264817,-5.298482894897461,-0.29848265647888184,base,no
2900,1,1,0.7310585903489892,-0.8695785403251648,-1.8695785999298096,base,Yes
2901,1,1,0.754914975839675,-0.8962123990058899,-2.021212339401245,base,Yes
2902,1,0,0.24508500210441886,-1.6356618404388428,-0.510661780834198,base,no
2903,1,1,0.7981867873410141,-0.48278969526290894,-1.8577897548675537,base,yes
2904,1,0,0.4378234991142019,-1.0863584280014038,-0.8363584280014038,base,no
2905,1,1,0.9046505453836383,-0.5494574308395386,-2.799457550048828,base,yes
2906,1,1,0.5926665999540697,-0.8867136240005493,-1.2617136240005493,base,yes
2907,1,0,0.10669059394565118,-2.463697671890259,-0.3386976718902588,base,no
2908,1,1,0.6513548511303336,-0.893430769443512,-1.5184307098388672,base,yes
2909,1,0,0.04208772431105632,-3.3983047008514404,-0.27330461144447327,base,no
2910,1,1,0.679178699175393,-0.5086632966995239,-1.258663296699524,base,yes
2911,1,0,0.4378234991142019,-1.2312994003295898,-0.9812994003295898,base,no
2912,1,1,0.7772998714925403,-0.6790768504142761,-1.929076910018921,base,yes
2913,1,1,0.7772998508568416,-0.7682014107704163,-2.0182013511657715,base,yes
2914,1,1,0.7772998714925403,-0.43350309133529663,-1.6835031509399414,base,yes
2915,1,1,0.5621765008857981,-0.9461579322814941,-1.1961579322814941,base,Yes
2916,1,0,0.11920293453832885,-2.499929428100586,-0.4999295473098755,base,no
2917,1,1,0.9399133515091156,-0.18823572993278503,-2.9382357597351074,base,yes
2918,1,1,0.880797071719777,-0.7318373322486877,-2.731837272644043,base,Yes
2919,1,0,0.24508501313237172,-1.7682971954345703,-0.6432971954345703,base,no
2920,1,1,0.7772998611746911,-0.5688424110412598,-1.8188424110412598,base,yes
2921,1,0,0.007577241828131579,-5.034895420074463,-0.15989549458026886,base,no
2922,1,1,0.8175744584140004,-0.6361056566238403,-2.136105537414551,base,yes
2923,1,1,0.835483553488848,-0.5023597478866577,-2.1273598670959473,base,yes
2924,1,0,0.3486451217982255,-1.315786361694336,-0.6907863020896912,base,no
2925,1,1,0.5621764862150634,-0.8889208436012268,-1.138920783996582,base,yes
2926,1,0,0.0004305570588789821,-7.794208526611328,-0.04420847445726395,base,no
2927,1,0,0.0010322311904104695,-7.264335632324219,-0.3893357813358307,base,no
2928,1,0,0.07585818419975078,-2.862165927886963,-0.36216598749160767,base,no
2929,1,1,0.5621765008857981,-0.8781512975692749,-1.128151297569275,base,yes
2930,1,1,0.8670357598021706,-0.34072065353393555,-2.2157206535339355,base,yes
2931,1,0,0.3775406828054583,-1.3528170585632324,-0.8528171181678772,base,no
2932,1,0,0.02931223244728875,-3.672853469848633,-0.1728535294532776,base,no
2933,1,0,0.0011695101954287976,-6.843845844268799,-0.09384578466415405,base,no
2934,1,1,0.9046505299595163,-0.27402788400650024,-2.5240278244018555,base,yes
2935,1,1,0.7310585786300049,-0.6527879238128662,-1.6527879238128662,base,yes
2936,1,1,0.8175744939732856,-0.6591552495956421,-2.1591553688049316,base,Yes
2937,1,1,0.8519527869325346,-0.5116564035415649,-2.2616562843322754,base,yes
2938,1,1,0.9046505402422645,-0.3741917014122009,-2.6241917610168457,base,yes
2939,1,0,0.00359360332841002,-5.944055557250977,-0.3190557658672333,base,no
2940,1,0,0.14804719427274565,-2.0626041889190674,-0.312604159116745,base,no
2941,1,1,0.7981867585368343,-0.8179918527603149,-2.1929917335510254,base,Yes
2942,1,0,0.0953494674697966,-2.5141117572784424,-0.26411178708076477,base,no
2943,1,0,0.2689414213699951,-1.575356125831604,-0.575356125831604,base,no
2944,1,0,0.0259573547488921,-3.7443180084228516,-0.1193179115653038,base,no
2945,1,0,0.32082130082460697,-1.4781526327133179,-0.7281526327133179,base,no
2946,1,1,0.9241418189341297,-0.17790748178958893,-2.6779074668884277,base,yes
2947,1,0,0.001032230929195878,-6.967267036437988,-0.09226693212985992,base,no
2948,1,0,0.037326884666868405,-3.49973201751709,-0.24973194301128387,base,no
2949,1,0,0.0052201249197596335,-5.491876125335693,-0.24187597632408142,base,no
2950,1,0,0.46879062662624377,-1.08126962184906,-0.9562696218490601,base,no
2951,1,1,0.8354835371034369,-0.5751886367797852,-2.200188636779785,base,yes
2952,1,0,0.20181322226037882,-1.8195185661315918,-0.4445185661315918,base,no
2953,1,1,0.9241418199787566,-0.6883656978607178,-3.1883656978607178,base,Yes
2954,1,1,0.6224593171945417,-0.8181357979774475,-1.3181357383728027,base,yes
2955,1,0,0.34864513533394575,-1.4542489051818848,-0.8292489051818848,base,no
2956,1,0,0.1645164628965632,-1.9497334957122803,-0.3247334957122803,base,no
2957,1,0,0.4073334000459302,-1.1183654069900513,-0.7433654069900513,base,no
2958,1,1,0.867035752930664,-0.6396997570991516,-2.514699697494507,base,yes
2959,1,0,0.3208212878370535,-1.509533166885376,-0.7595331072807312,base,no
2960,1,1,0.851952809486198,-0.3973354697227478,-2.1473355293273926,base,yes
2961,1,0,0.24508500210441886,-1.6149981021881104,-0.4899980425834656,base,no
2962,1,1,0.8175744673038221,-0.5556221604347229,-2.055622100830078,base,yes
2963,1,0,0.07585818628900447,-2.880558729171753,-0.3805588185787201,base,no
2964,1,1,0.8175744761936437,-0.5894238948822021,-2.089423894882202,base,yes
2965,1,1,0.9399133481428692,-0.3692684471607208,-3.1192684173583984,base,yes
2966,1,1,0.7772998714925403,-0.7151231169700623,-1.965123176574707,base,yes
2967,1,1,0.880797071719777,-0.6257877945899963,-2.6257877349853516,base,yes
2968,1,0,0.003172682371218578,-5.886009693145752,-0.13600954413414001,base,no
2969,1,0,0.2942149597859341,-1.6362605094909668,-0.761260449886322,base,no
2970,1,1,0.6513548511303336,-0.9395638108253479,-1.5645637512207031,base,yes
2971,1,1,0.8519528019683106,-0.5969560146331787,-2.3469560146331787,base,yes
2972,1,1,0.8933094060543487,-0.630450963973999,-2.755450963973999,base,Yes
2973,1,0,0.5,-1.0140681266784668,-1.0140681266784668,base,no
2974,1,0,0.007577239923211134,-4.9792375564575195,-0.1042373776435852,base,no
2975,1,0,0.18242552380635632,-1.9556583166122437,-0.45565831661224365,base,no
2976,1,1,0.8354835452961425,-0.7600533366203308,-2.3850533962249756,base,yes
2977,1,0,0.46879062662624377,-0.9932602047920227,-0.8682602047920227,base,no
2978,1,0,0.004609571632403393,-5.667633533477783,-0.29263341426849365,base,no
2979,1,1,0.9579122702820998,-0.242143914103508,-3.3671438694000244,base,yes
2980,1,1,0.5621764862150634,-0.7950480580329895,-1.0450479984283447,base,yes
2981,1,1,0.7549149868676283,-0.6152338981628418,-1.7402338981628418,base,yes
2982,1,1,0.7310585786300049,-0.7781014442443848,-1.7781014442443848,base,Yes
2983,1,1,0.6513548646660542,-0.9660663604736328,-1.5910663604736328,base,Yes
2984,1,0,0.025957358704815272,-3.8467905521392822,-0.221790611743927,base,no
2985,1,1,0.6224593312018546,-1.011597990989685,-1.511597990989685,base,Yes
2986,1,0,0.010986941659076578,-4.701614856719971,-0.20161476731300354,base,no
2987,1,0,0.015906394977364253,-4.377225399017334,-0.2522256076335907,base,no
2988,1,0,0.1329642436335826,-2.1538097858428955,-0.2788098156452179,base,no
2989,1,0,0.020332357201260174,-4.108025074005127,-0.23302526772022247,base,no
2990,1,1,0.880797081106935,-0.3689555823802948,-2.368955612182617,base,yes
2991,1,0,0.29421497216298875,-1.4168641567230225,-0.5418641567230225,base,no
2992,1,1,0.893309411735131,-0.285578191280365,-2.4105782508850098,base,yes
2993,1,0,0.34864513533394575,-1.3276736736297607,-0.7026736736297607,base,no
2994,1,1,0.6513548646660542,-0.6910637617111206,-1.3160637617111206,base,yes
2995,1,1,0.679178699175393,-0.8385989665985107,-1.5885989665985107,base,yes
2996,1,1,0.7310585786300049,-0.6116819381713867,-1.6116819381713867,base,yes
2997,1,1,0.9046505299595163,-0.6561008095741272,-2.9061007499694824,base,yes
2998,1,1,0.8670357735451834,-0.5023068189620972,-2.3773069381713867,base,yes
2999,1,0,0.029312233295254994,-3.9197311401367188,-0.4197312295436859,base,no
3000,0,0,0.010986945059385054,-4.745361328125,-0.2453615516424179,base,no
3001,0,0,0.10669059962643358,-2.7080180644989014,-0.5830181241035461,base,no
3002,0,0,0.004070136930658175,-5.733713626861572,-0.23371343314647675,base,no
3003,0,0,0.009708477341052534,-4.787899494171143,-0.16289958357810974,base,no
3004,0,0,0.0004305570268137945,-7.851307392120361,-0.10130726546049118,base,no
3005,0,0,0.4073334000459302,-1.3320364952087402,-0.9570364952087402,base,no
3006,0,0,0.042087731520181665,-3.4095306396484375,-0.28453072905540466,base,no
3007,0,0,0.2942149845400438,-1.5588209629058838,-0.6838210225105286,base,no
3008,0,0,0.001032231113582642,-7.078755855560303,-0.2037559300661087,base,no
3009,0,0,0.0010322310521203835,-7.020587921142578,-0.14558793604373932,base,no
3010,0,0,0.46879062662624377,-1.122409701347351,-0.9974097013473511,base,no
3011,0,0,0.4378234991142019,-1.2617065906524658,-1.0117065906524658,base,no
3012,0,0,0.01243164829198241,-4.776606559753418,-0.40160635113716125,base,no
3013,0,0,0.00037998448645157074,-7.946429252624512,-0.07142917811870575,base,no
3014,0,0,0.0015011825694379204,-6.891066074371338,-0.3910662829875946,base,no
3015,0,0,0.000335350150448201,-8.387957572937012,-0.3879576325416565,base,no
3016,0,0,0.0028009267174000135,-6.160303115844727,-0.2853030264377594,base,no
3017,0,0,0.0011695104043089619,-6.895685195922852,-0.1456853151321411,base,no
3018,0,0,0.001169510482639033,-6.8660054206848145,-0.11600560694932938,base,no
3019,0,0,0.0013250221411582371,-6.976212978363037,-0.3512127697467804,base,no
3020,0,0,0.00033535013296419336,-8.071069717407227,-0.07106972485780716,base,no
3021,0,0,0.0021827165751612514,-6.5165019035339355,-0.3915019631385803,base,no
3022,0,0,0.04208772791561884,-3.6391525268554688,-0.5141525268554688,base,no
3023,0,0,0.40733341443526055,-1.2946374416351318,-0.9196375012397766,base,no
3024,0,0,0.00522012577093828,-5.485574722290039,-0.23557473719120026,base,no
3025,0,0,0.13296422989056964,-2.2017483711242676,-0.3267482817173004,base,no
3026,0,0,0.01590638961253321,-4.352704048156738,-0.22770391404628754,base,no
3027,0,1,0.8175744761936437,-0.4944521188735962,-1.9944521188735962,base,yes
3028,0,1,0.798186768138228,-0.4729533791542053,-1.8479533195495605,base,yes
3029,0,0,0.00033535022787738834,-8.090004920959473,-0.09000521153211594,base,no
3030,0,0,0.0008040857680187367,-7.287475109100342,-0.16247490048408508,base,no
3031,0,0,0.00970847848715727,-4.920418739318848,-0.29541894793510437,base,no
3032,0,0,0.005220124610240159,-5.6082892417907715,-0.35828903317451477,base,no
3033,0,0,0.13296425050508953,-2.165621042251587,-0.2906211316585541,base,no
3034,0,0,0.07585817793199003,-2.7922844886779785,-0.29228445887565613,base,no
3035,0,0,0.037326888415033926,-3.518322467803955,-0.26832249760627747,base,no
3036,0,0,0.0004305570364333505,-7.840810775756836,-0.09081067144870758,base,no
3037,0,0,0.001325022328481215,-6.741416931152344,-0.11641686409711838,base,no
3038,0,0,0.0007096704942072693,-7.4534831047058105,-0.2034832388162613,base,no
3039,0,0,0.07585818211049715,-2.853325128555298,-0.35332515835762024,base,no
3040,0,0,0.0011695103172755556,-6.956173896789551,-0.20617394149303436,base,no
3041,0,0,0.022977370244547896,-3.9561808109283447,-0.20618082582950592,base,no
3042,0,0,0.46879062662624377,-1.1835780143737793,-1.0585780143737793,base,no
3043,0,0,0.004070138682343046,-6.039722442626953,-0.5397226810455322,base,no
3044,0,0,0.010986941659076578,-4.770916938781738,-0.2709168493747711,base,no
3045,0,0,0.02297736857193652,-3.918004035949707,-0.16800397634506226,base,no
3046,0,0,0.001700722360836013,-6.630375862121582,-0.25537583231925964,base,no
3047,0,0,0.0031726834551318883,-5.857529640197754,-0.10752983391284943,base,no
3048,0,0,0.0008040860912675871,-7.207088947296143,-0.0820891410112381,base,no
3049,0,0,0.24508501313237172,-1.737839937210083,-0.612839937210083,base,no
3050,0,0,0.01098694263059318,-4.614239692687988,-0.11423969268798828,base,no
3051,0,0,0.2018132174596823,-1.7620879411697388,-0.3870879113674164,base,no
3052,0,0,0.0013250224566495835,-6.882152557373047,-0.25715258717536926,base,no
3053,0,0,0.0002611903268777645,-8.53205680847168,-0.2820568382740021,base,no
3054,0,1,0.5621765008857981,-1.0293382406234741,-1.2793382406234741,base,Yes
3055,0,0,0.18242551491653522,-2.0086052417755127,-0.5086051821708679,base,no
3056,0,0,0.20181322226037882,-1.7710729837417603,-0.39607298374176025,base,no
3057,0,0,0.0006263343073456077,-7.4893999099731445,-0.11440014839172363,base,no
3058,0,0,0.0011695102650555148,-7.034931659698486,-0.28493165969848633,base,no
3059,0,0,0.1066905854244781,-2.50958514213562,-0.38458505272865295,base,no
3060,0,0,0.0035936022346033897,-5.744792938232422,-0.11979284137487411,base,no
3061,0,0,0.07585817166422973,-2.8210105895996094,-0.3210104703903198,base,no
3062,0,0,0.2689414213699951,-1.6020586490631104,-0.6020586490631104,base,no
3063,0,0,0.053403329799824234,-3.3263001441955566,-0.45130014419555664,base,no
3064,0,0,0.40733341443526055,-1.123500108718872,-0.7485001683235168,base,no
3065,0,0,0.000804086031406679,-7.55542516708374,-0.4304252862930298,base,no
3066,0,0,0.0008040858757683391,-7.206323623657227,-0.0813235491514206,base,no
3067,0,0,0.34864513533394575,-1.4335111379623413,-0.8085111379623413,base,no
3068,0,0,0.0008040860972536781,-7.156716823577881,-0.031717024743556976,base,no
3069,0,0,0.46879062662624377,-0.999012291431427,-0.874012291431427,base,no
3070,0,0,0.005911068330877026,-5.387075424194336,-0.2620753347873688,base,no
3071,0,0,0.003172683078118521,-5.936666488647461,-0.1866665631532669,base,no
3072,0,0,0.0015011822567369915,-6.852357387542725,-0.3523573875427246,base,no
3073,0,0,0.3208213138121609,-1.5077488422393799,-0.7577489018440247,base,no
3074,0,0,0.0019267346633274755,-6.640321254730225,-0.3903212547302246,base,no
3075,0,0,0.009708475335369565,-4.759884357452393,-0.13488423824310303,base,no
3076,0,0,0.0003799846902137325,-8.019229888916016,-0.14423035085201263,base,no
3077,0,1,0.6791786861878392,-0.6385357975959778,-1.388535737991333,base,yes
3078,0,0,0.00012339459253269303,-9.160907745361328,-0.16090787947177887,base,no
3079,0,0,0.2018132270610754,-1.8536121845245361,-0.4786122143268585,base,no
3080,0,0,0.0003353501054893262,-8.16118335723877,-0.16118328273296356,base,no
3081,0,0,0.005911068505999277,-5.253965854644775,-0.12896579504013062,base,no
3082,0,0,0.0007096702722916998,-7.534019470214844,-0.2840192914009094,base,no
3083,0,0,0.014063624357222927,-4.477437973022461,-0.22743777930736542,base,no
3084,0,1,0.5312093733737563,-1.0838321447372437,-1.2088321447372437,base,Yes
3085,0,0,0.0002034269538097556,-8.661558151245117,-0.16155803203582764,base,no
3086,0,0,0.014063626630011202,-4.550065517425537,-0.3000654876232147,base,no
3087,0,0,0.022977370913592487,-3.9191343784332275,-0.16913442313671112,base,no
3088,0,0,0.0002959570385634958,-8.215265274047852,-0.09026502072811127,base,no
3089,0,0,0.0007096705470443199,-7.4130024909973145,-0.16300269961357117,base,no
3090,0,0,0.13296422989056964,-2.2372803688049316,-0.3622802793979645,base,no
3091,0,0,0.00460957306820192,-5.51152229309082,-0.13652248680591583,base,no
3092,0,0,0.025957360023456458,-3.70375919342041,-0.07875930517911911,base,no
3093,0,0,0.3208212878370535,-1.5554614067077637,-0.8054613471031189,base,no
3094,0,1,0.817574471748733,-0.4888034164905548,-1.9888033866882324,base,yes
3095,0,1,0.5621765008857981,-1.0113297700881958,-1.2613297700881958,base,yes
3096,0,1,0.679178699175393,-0.90650475025177,-1.65650475025177,base,yes
3097,0,0,0.042087729117139754,-3.3970630168914795,-0.2720630466938019,base,no
3098,0,0,0.03732688627322502,-3.5951356887817383,-0.3451356589794159,base,no
3099,0,0,0.0005527787357134919,-8.196614265441895,-0.6966144442558289,base,no
3100,0,0,0.0008040859116848763,-7.382589817047119,-0.25758978724479675,base,no
3101,0,0,0.025957355502401233,-3.7454092502593994,-0.12040918320417404,base,no
3102,0,0,0.46879062662624377,-1.1837137937545776,-1.0587137937545776,base,no
3103,0,0,0.0004305570300203132,-7.851828098297119,-0.10182797908782959,base,no
3104,0,0,0.00015843626159170427,-9.064181327819824,-0.3141815960407257,base,no
3105,0,0,0.000487857213608413,-7.726850509643555,-0.10185069590806961,base,no
3106,0,0,0.0017007220572403947,-6.5585222244262695,-0.18352201581001282,base,no
3107,0,0,0.3775406547908327,-1.329421043395996,-0.8294209837913513,base,no
3108,0,0,0.004609571358918011,-5.530283451080322,-0.15528327226638794,base,no
3109,0,1,0.7772998818103892,-0.8926113843917847,-2.142611503601074,base,Yes
3110,0,0,0.37754066879814546,-1.3636772632598877,-0.8636772632598877,base,no
3111,0,0,0.0031726825125985543,-5.936182975769043,-0.1861828714609146,base,no
3112,0,0,0.0005527785545987024,-7.628323078155518,-0.12832292914390564,base,no
3113,0,1,0.5621765008857981,-1.0634733438491821,-1.3134733438491821,base,Yes
3114,0,0,0.04208773212094217,-3.341431140899658,-0.21643124520778656,base,no
3115,0,0,0.0031726835022585624,-5.958799839019775,-0.2088000476360321,base,no
3116,0,0,0.00522012577093828,-5.421024322509766,-0.17102433741092682,base,no
3117,0,0,0.00026119029574958553,-8.725435256958008,-0.47543516755104065,base,no
3118,0,0,0.0011695100648787136,-6.823986530303955,-0.07398635894060135,base,no
3119,0,0,0.001700722284937103,-6.559442043304443,-0.1844419687986374,base,no
3120,0,0,0.004609571358918011,-5.855321407318115,-0.4803212285041809,base,no
3121,0,0,0.053403329799824234,-3.360765218734741,-0.4857652187347412,base,no
3122,0,0,0.010986943764029325,-4.72178840637207,-0.22178851068019867,base,no
3123,0,0,0.29421497216298875,-1.4418597221374512,-0.5668597221374512,base,no
3124,0,0,0.08509903804604459,-2.7186338901519775,-0.3436338007450104,base,no
3125,0,0,0.18242551936144574,-1.9369124174118042,-0.4369123876094818,base,no
3126,0,0,0.0015011819049485246,-6.546449184417725,-0.046448949724435806,base,no
3127,0,0,0.0010322311596793377,-7.102952480316162,-0.22795259952545166,base,no
3128,0,0,0.0013250224172131609,-6.7287516593933105,-0.10375165939331055,base,no
3129,0,0,0.06754668550840877,-2.8566572666168213,-0.23165717720985413,base,no
3130,0,0,0.005220125384038879,-5.4052734375,-0.15527337789535522,base,no
3131,0,1,0.9046505299595163,-0.619979202747345,-2.8699791431427,base,Yes
3132,0,1,0.679178699175393,-0.8909742832183838,-1.6409742832183838,base,Yes
3133,0,0,0.008577484843480258,-4.809641361236572,-0.05964129418134689,base,no
3134,0,0,0.03308597552845946,-3.7014036178588867,-0.32640352845191956,base,no
3135,0,0,0.003593602394672632,-5.73333215713501,-0.10833210498094559,base,no
3136,0,0,0.00359360194114313,-6.209609031677246,-0.5846088528633118,base,no
3137,0,0,0.0011695102476488354,-6.933133602142334,-0.1831335872411728,base,no
3138,0,0,0.000552778577238048,-7.545280456542969,-0.045280348509550095,base,no
3139,0,0,0.10669060246682488,-2.5194413661956787,-0.3944414556026459,base,no
3140,0,1,0.5621765008857981,-1.0092787742614746,-1.2592787742614746,base,Yes
3141,0,0,0.0019267344340853601,-6.781172752380371,-0.5311726331710815,base,No
3142,0,0,0.0005527785216687471,-7.590604782104492,-0.09060457348823547,base,no
3143,0,0,0.000911051289344118,-7.18234920501709,-0.1823493093252182,base,no
3144,0,0,0.002800927341702454,-6.025279521942139,-0.15027965605258942,base,no
3145,0,0,0.014063629729268525,-4.436378002166748,-0.18637819588184357,base,no
3146,0,0,0.0006263341208003788,-7.657843112945557,-0.28284305334091187,base,no
3147,0,0,0.003172683219498529,-6.33138370513916,-0.5813838243484497,base,no
3148,0,0,0.24508501313237172,-1.764668583869934,-0.6396685838699341,base,no
3149,0,0,0.0009110511401472368,-7.1454057693481445,-0.14540570974349976,base,no
3150,0,0,0.010986942306754304,-4.652100086212158,-0.15210005640983582,base,no
3151,0,0,0.0052201248423797645,-5.439141273498535,-0.18914110958576202,base,no
3152,0,1,0.6513548646660542,-0.7252120971679688,-1.3502120971679688,base,yes
3153,0,0,0.0008040857440743825,-7.515257835388184,-0.3902575969696045,base,no
3154,0,0,0.0011695101867254581,-6.807262897491455,-0.057262830436229706,base,no
3155,0,0,0.014063627456479755,-4.425904750823975,-0.175904780626297,base,no
3156,0,0,0.02931223159932252,-3.6446826457977295,-0.14468267560005188,base,no
3157,0,0,0.2689414213699951,-1.6788864135742188,-0.6788864135742188,base,no
3158,0,0,0.004070136930658175,-5.599222660064697,-0.09922246634960175,base,no
3159,0,0,0.005220126467357275,-5.38948392868042,-0.13948407769203186,base,no
3160,0,0,0.009708475335369565,-4.7557501792907715,-0.13075006008148193,base,no
3161,0,0,0.0006263340275277853,-7.629642963409424,-0.2546427547931671,base,no
3162,0,0,0.042087729717900216,-3.35255765914917,-0.2275577038526535,base,no
3163,0,0,0.00012339452358911884,-9.079667091369629,-0.07966666668653488,base,no
3164,0,0,0.0010322307909058268,-7.021265029907227,-0.14626479148864746,base,no
3165,0,0,0.012431652865560293,-4.600724220275879,-0.22572438418865204,base,no
3166,0,0,0.4378234991142019,-1.0937108993530273,-0.8437108993530273,base,no
3167,0,1,0.5621765008857981,-1.1029484272003174,-1.3529484272003174,base,Yes
3168,0,0,0.0019267346203445767,-6.368744850158691,-0.11874482780694962,base,no
3169,0,0,0.0028009268422604905,-5.994510173797607,-0.11951012909412384,base,no
3170,0,0,0.029312234143221275,-3.744539737701416,-0.24453985691070557,base,no
3171,0,0,0.0002959572501858916,-8.30606746673584,-0.18106792867183685,base,no
3172,0,0,0.002182716185713063,-6.3328375816345215,-0.20783746242523193,base,no
3173,0,0,0.007577241828131579,-4.958193302154541,-0.08319337666034698,base,no
3174,0,0,0.0011695102476488354,-6.880010604858398,-0.13001058995723724,base,no
3175,0,0,0.010986940039882433,-4.722921371459961,-0.22292113304138184,base,no
3176,0,0,0.11920291576401235,-2.2920119762420654,-0.29201191663742065,base,no
3177,0,0,0.0040701369910610885,-5.760286808013916,-0.2602866291999817,base,no
3178,0,0,0.18242552380635632,-1.9243791103363037,-0.4243791103363037,base,no
3179,0,0,0.0002959570297458992,-8.204755783081055,-0.079755499958992,base,no
3180,0,1,0.5926665855647394,-0.9070020318031311,-1.2820019721984863,base,yes
3181,0,0,0.1645164628965632,-2.203558921813965,-0.5785589218139648,base,no
3182,0,0,0.02931223159932252,-3.7690436840057373,-0.2690437138080597,base,no
3183,0,0,0.46879062662624377,-1.1450221538543701,-1.0200221538543701,base,no
3184,0,0,0.004070137413881512,-5.5887956619262695,-0.08879558742046356,base,no
3185,0,0,0.34864513533394575,-1.412480115890503,-0.7874801158905029,base,no
3186,0,0,0.09534945975773548,-2.905639171600342,-0.655639111995697,base,no
3187,0,0,0.001700722411435288,-7.0104079246521,-0.6354079246520996,base,No
3188,0,0,0.000911051248654057,-7.182393550872803,-0.1823936104774475,base,no
3189,0,0,0.0031726832666251993,-5.916602611541748,-0.1666027456521988,base,no
3190,0,0,0.0002959572545946931,-8.648988723754883,-0.523989200592041,base,no
3191,0,0,0.005911070169660925,-5.338645935058594,-0.21364615857601166,base,no
3192,0,0,0.014063629729268525,-4.375915050506592,-0.12591524422168732,base,no
3193,0,0,0.16451647518562237,-2.0587430000305176,-0.43374308943748474,base,no
3194,0,0,0.02931223244728875,-3.7233047485351562,-0.22330480813980103,base,no
3195,0,0,0.0953494648991095,-2.6151392459869385,-0.3651392459869385,base,no
3196,0,1,0.6224593171945417,-0.7152679562568665,-1.2152678966522217,base,yes
3197,0,0,0.18242551491653522,-1.9809515476226807,-0.4809514880180359,base,no
3198,0,0,0.006692852311177695,-5.437926769256592,-0.4379269778728485,base,no
3199,0,0,0.0004305570941506913,-7.894362926483154,-0.14436295628547668,base,no
3200,0,0,0.4073333856566001,-1.0745882987976074,-0.6995882391929626,base,no
3201,0,0,0.0007096704413702227,-7.774764060974121,-0.5247641205787659,base,no
3202,0,0,0.010986942792512623,-4.747239112854004,-0.2472391277551651,base,no
3203,0,0,0.01243164810903933,-4.501910209655762,-0.1269099861383438,base,no
3204,0,0,0.4378234991142019,-1.1471669673919678,-0.8971669673919678,base,no
3205,0,0,0.00048785710825008404,-7.8783464431762695,-0.25334641337394714,base,no
3206,0,0,0.0008040860912675871,-7.353692054748535,-0.22869224846363068,base,no
3207,0,0,0.0003353501854162189,-8.181116104125977,-0.1811162680387497,base,no
3208,0,0,0.0021827160558970152,-6.477297306060791,-0.3522971272468567,base,no
3209,0,0,0.22270013366638422,-1.6844269037246704,-0.434426873922348,base,no
3210,0,1,0.5926665999540697,-1.0301384925842285,-1.4051384925842285,base,yes
3211,0,0,0.4378234991142019,-1.1313860416412354,-0.8813860416412354,base,no
3212,0,0,0.002472622642080892,-6.184776782989502,-0.18477657437324524,base,no
3213,0,0,0.00043055714545500067,-7.953341960906982,-0.20334210991859436,base,no
3214,0,0,0.007577239811157005,-5.09128999710083,-0.21628980338573456,base,no
3215,0,0,0.0008040858039352692,-7.306983947753906,-0.18198378384113312,base,no
3216,0,0,0.000804086127184134,-7.352402687072754,-0.227402925491333,base,no
3217,0,1,0.9465966671870767,-0.43368321657180786,-3.308683156967163,base,yes
3218,0,0,0.24508501313237172,-1.7669612169265747,-0.6419612169265747,base,no
3219,0,0,0.22270013882530884,-1.8534971475601196,-0.6034971475601196,base,no
3220,0,0,0.11920291263495983,-2.3972551822662354,-0.3972550928592682,base,no
3221,0,0,0.0011695101519121015,-6.867121696472168,-0.11712159961462021,base,no
3222,0,0,0.4073334000459302,-1.3785408735275269,-1.0035408735275269,base,no
3223,0,1,0.7310585669110203,-0.6874542832374573,-1.6874542236328125,base,yes
3224,0,0,0.0015011821673938809,-6.977399826049805,-0.4773997664451599,base,no
3225,0,0,0.004609573273316032,-5.500460624694824,-0.12546086311340332,base,no
3226,0,0,0.002800926967120973,-6.084137439727783,-0.2091374397277832,base,no
3227,0,0,0.0009110513707242452,-7.132257461547852,-0.13225765526294708,base,no
3228,0,0,0.0010322311673621205,-6.957869052886963,-0.08286917954683304,base,no
3229,0,0,0.004070137655493202,-5.709273815155029,-0.2092738002538681,base,no
3230,0,0,0.014063628696182679,-4.377209186553955,-0.12720930576324463,base,no
3231,0,0,0.0007096704413702227,-7.411861896514893,-0.16186195611953735,base,no
3232,0,0,0.07585818837825822,-2.912321090698242,-0.41232120990753174,base,no
3233,0,0,0.0002959571487834747,-8.253323554992676,-0.12832367420196533,base,no
3234,0,0,0.1066905854244781,-2.33740234375,-0.21240225434303284,base,no
3235,0,0,0.001700722411435288,-6.5803303718566895,-0.20533037185668945,base,no
3236,0,0,0.01798621417320936,-4.130092620849609,-0.13009285926818848,base,no
3237,0,0,0.11920291576401235,-2.6883175373077393,-0.6883174777030945,base,no
3238,0,1,0.7057850402140659,-0.7793869376182556,-1.6543869972229004,base,Yes
3239,0,0,0.0019267350071906994,-6.383861541748047,-0.1338617205619812,base,no
3240,0,1,0.6224593312018546,-0.6663998365402222,-1.1663998365402222,base,yes
3241,0,1,0.5926665999540697,-1.0238149166107178,-1.3988149166107178,base,Yes
3242,0,0,0.0013250221411582371,-6.772645950317383,-0.1476457417011261,base,no
3243,0,0,0.16451645470385742,-2.1467700004577637,-0.5217699408531189,base,no
3244,0,0,0.0009110513029074721,-7.129315376281738,-0.12931549549102783,base,no
3245,0,0,0.0035936028482021903,-5.812541961669922,-0.18754203617572784,base,no
3246,0,0,0.20181323186177208,-1.8579604625701904,-0.4829605221748352,base,no
3247,0,0,0.00048785723540669074,-7.7171311378479,-0.0921313688158989,base,no
3248,0,0,0.02033235452992065,-4.035308837890625,-0.16030889749526978,base,no
3249,0,0,0.047425875197120895,-3.246603488922119,-0.24660353362560272,base,no
3250,0,0,0.017986206277364275,-4.3387131690979,-0.3387129604816437,base,no
3251,0,0,0.0035936018877867223,-5.833926677703857,-0.2089264839887619,base,no
3252,0,0,0.004609572999830552,-5.544312000274658,-0.16931217908859253,base,no
3253,0,0,0.00037998450909180554,-8.020095825195312,-0.1450958102941513,base,no
3254,0,1,0.8354835452961425,-0.4989392161369324,-2.123939275741577,base,yes
3255,0,0,0.0675466911396291,-2.8466458320617676,-0.22164583206176758,base,no
3256,0,0,0.0006263342513820332,-7.8062920570373535,-0.43129220604896545,base,no
3257,0,0,0.0011695100735820523,-6.895776271820068,-0.14577610790729523,base,no
3258,0,0,0.002472622678834738,-6.230093002319336,-0.23009280860424042,base,no
3259,0,0,0.0600866518571309,-3.0254015922546387,-0.27540162205696106,base,no
3260,0,0,0.0006263341441185294,-7.4899468421936035,-0.11494681984186172,base,no
3261,0,0,0.03308597457504463,-3.4997005462646484,-0.12470042705535889,base,no
3262,0,1,0.7057850278370112,-0.8849191665649414,-1.7599191665649414,base,Yes
3263,0,0,0.06754668363133542,-2.94132661819458,-0.3163264989852905,base,no
3264,0,0,0.004070137353478592,-5.9826483726501465,-0.4826482832431793,base,no
3265,0,0,0.03732689055684297,-3.536238193511963,-0.28623828291893005,base,no
3266,0,0,0.0006263342327275096,-7.5792460441589355,-0.2042461633682251,base,no
3267,0,0,0.012431653414389749,-4.529959678649902,-0.15495988726615906,base,no
3268,0,0,0.0850990542883219,-2.648715019226074,-0.27371513843536377,base,no
3269,0,0,0.14804719051380197,-2.198707103729248,-0.44870704412460327,base,no
3270,0,0,0.01590639171181471,-4.300922870635986,-0.17592287063598633,base,no
3271,0,0,0.0953494648991095,-2.5834174156188965,-0.3334174156188965,base,no
3272,0,0,0.020332357498075698,-4.133907318115234,-0.2589075267314911,base,no
3273,0,0,0.4378234991142019,-1.3046523332595825,-1.0546523332595825,base,no
3274,0,0,0.08509904732734556,-2.6136693954467773,-0.23866942524909973,base,no
3275,0,1,0.5621765008857981,-1.0557823181152344,-1.3057823181152344,base,yes
3276,0,0,0.0008040860074623171,-7.513853549957275,-0.38885363936424255,base,no
3277,0,0,0.0028009273208923708,-5.99613094329834,-0.12113106995820999,base,no
3278,0,0,0.007577240147319397,-5.235779762268066,-0.36077961325645447,base,no
3279,0,0,0.000261190202365071,-8.504396438598633,-0.254395991563797,base,no
3280,0,0,0.0006263340648368211,-7.6296467781066895,-0.2546466290950775,base,no
3281,0,0,0.0019267346633274755,-6.47927713394165,-0.2292771339416504,base,no
3282,0,0,0.005911069250268905,-5.2262864112854,-0.10128647834062576,base,no
3283,0,0,0.0019267344627406228,-6.4554548263549805,-0.2054547220468521,base,no
3284,0,0,0.00020342705079157657,-8.702345848083496,-0.20234620571136475,base,no
3285,0,0,0.002182716088351026,-6.33119535446167,-0.2061951905488968,base,no
3286,0,0,0.14804718675485834,-2.2376749515533447,-0.48767486214637756,base,no
3287,0,0,0.37754066879814546,-1.3313007354736328,-0.8313007354736328,base,no
3288,0,0,0.5,-0.9898252487182617,-0.9898252487182617,base,no
3289,0,0,0.05340332678672523,-3.137840747833252,-0.2628406882286072,base,no
3290,0,1,0.7310585786300049,-0.4798773527145386,-1.4798773527145386,base,yes
3291,0,0,0.5,-1.0693283081054688,-1.0693283081054688,base,no
3292,0,0,0.0035936017810739075,-5.814270973205566,-0.1892707496881485,base,no
3293,0,0,0.0004878570791857214,-7.786688327789307,-0.16168823838233948,base,no
3294,0,1,0.8175744761936437,-0.750723123550415,-2.250723123550415,base,Yes
3295,0,0,0.015906392411575272,-4.353365898132324,-0.2283659428358078,base,no
3296,0,1,0.7310585786300049,-0.8591179847717285,-1.8591179847717285,base,yes
3297,0,0,0.03308597743528921,-3.5850822925567627,-0.2100822627544403,base,no
3298,0,0,0.13296424706933604,-2.187302589416504,-0.3123026490211487,base,no
3299,0,0,0.37754066879814546,-1.2274054288864136,-0.7274054288864136,base,no
3300,0,0,0.0015011824577590097,-6.646421909332275,-0.14642204344272614,base,no
3301,0,0,0.0024726228350385854,-6.059694766998291,-0.05969463661313057,base,no
3302,0,0,0.01798621364681958,-4.146229267120361,-0.14622947573661804,base,no
3303,0,0,0.0046095724528596406,-5.56524658203125,-0.19024664163589478,base,no
3304,0,0,0.02931223202330563,-3.7098512649536133,-0.20985130965709686,base,no
3305,0,0,0.0003799845600323388,-8.056217193603516,-0.18121731281280518,base,no
3306,0,1,0.5621765008857981,-1.0115338563919067,-1.2615338563919067,base,Yes
3307,0,0,0.0046095724528596406,-5.608116149902344,-0.23311620950698853,base,no
3308,0,0,0.00012339454748955356,-9.113476753234863,-0.11347652226686478,base,no
3309,0,0,0.0017007225632331216,-6.539309978485107,-0.16431006789207458,base,no
3310,0,0,0.07585817584273653,-2.7820725440979004,-0.2820724844932556,base,no
3311,0,1,0.7772998611746911,-0.556451678276062,-1.806451678276062,base,yes
3312,0,0,0.004609571358918011,-5.616852760314941,-0.24185258150100708,base,no
3313,0,0,0.0203323526006201,-3.9988720417022705,-0.12387200444936752,base,no
3314,0,0,0.11920291576401235,-2.413630485534668,-0.4136304259300232,base,no
3315,0,0,0.002472623542550256,-6.066708087921143,-0.06670824438333511,base,no
3316,0,0,0.01590639101205418,-4.31350040435791,-0.18850035965442657,base,no
3317,0,0,0.001325022594677071,-6.78814697265625,-0.16314710676670074,base,no
3318,0,0,0.16451645470385742,-2.1563193798065186,-0.5313193202018738,base,no
3319,0,0,0.34864513533394575,-1.4525855779647827,-0.8275855779647827,base,no
3320,0,0,0.037326888415033926,-3.4593989849090576,-0.20939901471138,base,no
3321,0,0,0.0021827160234430044,-6.29312801361084,-0.16812781989574432,base,no
3322,0,0,0.002472623707942624,-6.087098598480225,-0.08709882199764252,base,no
3323,0,0,0.001032231113582642,-6.9905266761779785,-0.11552675068378448,base,no
3324,0,0,0.003172682983865187,-5.937142848968506,-0.18714289367198944,base,no
3325,0,0,0.0009110513029074721,-7.253730773925781,-0.2537308931350708,base,no
3326,0,0,0.00033535015544363186,-8.128426551818848,-0.12842662632465363,base,no
3327,0,0,0.0009110514114143117,-7.129665374755859,-0.12966561317443848,base,no
3328,0,0,0.0007096705576117306,-7.412899971008301,-0.1629001945257187,base,no
3329,0,0,0.0005527786863185436,-7.727041244506836,-0.2270413339138031,base,no
3330,0,0,0.005220126622117065,-5.543081283569336,-0.29308146238327026,base,no
3331,0,0,0.1480471829959148,-2.126814842224121,-0.37681472301483154,base,no
3332,0,1,0.679178699175393,-0.829391360282898,-1.579391360282898,base,yes
3333,0,1,0.6224593312018546,-1.0358424186706543,-1.5358424186706543,base,Yes
3334,0,1,0.7310585786300049,-0.7267765998840332,-1.7267765998840332,base,yes
3335,0,0,0.0015011825471021377,-6.686138153076172,-0.1861383467912674,base,no
3336,0,1,0.7772998714925403,-0.5328776240348816,-1.7828776836395264,base,yes
3337,0,0,0.00029595702533710103,-8.253028869628906,-0.12802857160568237,base,no
3338,0,0,0.0035936029949323535,-5.6792683601379395,-0.054268475621938705,base,no
3339,0,0,0.05340333582602272,-3.079820156097412,-0.20482027530670166,base,no
3340,0,1,0.8175744673038221,-0.611300528049469,-2.111300468444824,base,Yes
3341,0,0,0.09534945718704857,-2.6855554580688477,-0.4355553686618805,base,no
3342,0,1,0.6224593312018546,-0.979678750038147,-1.479678750038147,base,Yes
3343,0,0,0.09534947518185825,-2.590853214263916,-0.34085333347320557,base,no
3344,0,0,0.0017007227656302545,-6.630519390106201,-0.2555195987224579,base,no
3345,0,0,0.0850990519679964,-2.736478090286255,-0.36147817969322205,base,no
3346,0,0,0.0011695102998688749,-6.915507793426514,-0.16550782322883606,base,no
3347,0,0,0.004609571427289355,-5.544658184051514,-0.16965802013874054,base,no
3348,0,0,0.00015843621202099733,-8.839681625366211,-0.08968158066272736,base,no
3349,0,0,0.0017007224873342032,-6.558688640594482,-0.183688685297966,base,no
3350,0,0,0.00015843626159170427,-9.00262451171875,-0.2526247799396515,base,no
3351,0,1,0.5312093733737563,-0.8879339694976807,-1.0129339694976807,base,yes
3352,0,1,0.851952809486198,-0.451568067073822,-2.201568126678467,base,yes
3353,0,0,0.02033235601399812,-4.040516376495361,-0.16551651060581207,base,no
3354,0,0,0.0600866518571309,-3.0245280265808105,-0.27452805638313293,base,no
3355,0,0,0.02931223287127187,-3.7070868015289307,-0.20708687603473663,base,no
3356,0,0,0.11920293140927592,-2.338413953781128,-0.3384140431880951,base,no
3357,0,0,0.0004878570682865859,-7.726912498474121,-0.10191238671541214,base,no
3358,0,0,0.007577239474994629,-5.112680435180664,-0.23768019676208496,base,no
3359,0,0,0.00043055706208550105,-7.912346839904785,-0.16234679520130157,base,no
3360,0,0,0.017986209698896728,-4.133349418640137,-0.13334940373897552,base,no
3361,0,1,0.5621765008857981,-0.7975609302520752,-1.0475609302520752,base,yes
3362,0,0,0.0005527786039936393,-7.782670974731445,-0.28267091512680054,base,no
3363,0,0,0.5,-0.9484008550643921,-0.9484008550643921,base,no
3364,0,0,0.01798621219924777,-4.118812561035156,-0.1188126876950264,base,no
3365,0,0,0.0009110513368158578,-7.114993095397949,-0.11499325186014175,base,no
3366,0,0,0.00023050682587245184,-8.430779457092285,-0.05577990785241127,base,no
3367,0,0,0.0021827164453451808,-6.383289337158203,-0.2582893371582031,base,no
3368,0,0,0.001325022476367795,-6.808225154876709,-0.18322519958019257,base,no
3369,0,0,0.03732689055684297,-3.417821168899536,-0.1678212583065033,base,no
3370,0,0,0.2689414213699951,-1.6581820249557495,-0.6581820249557495,base,no
3371,0,0,0.02931223244728875,-3.9174225330352783,-0.4174225926399231,base,no
3372,0,0,0.11920292515117029,-2.409996747970581,-0.40999677777290344,base,no
3373,0,0,0.18242551936144574,-1.9318451881408691,-0.43184515833854675,base,no
3374,0,0,0.00029595709146908053,-8.239102363586426,-0.11410228908061981,base,no
3375,0,0,0.00048785732623285867,-8.100762367248535,-0.4757627844810486,base,no
3376,0,0,0.10669059962643358,-2.7555296421051025,-0.6305297017097473,base,no
3377,0,0,0.06008664344151498,-3.049609661102295,-0.29960954189300537,base,no
3378,0,0,0.0024726234506656126,-6.285960674285889,-0.2859607934951782,base,no
3379,0,0,0.0004305571133898066,-7.931744575500488,-0.18174465000629425,base,no
3380,0,0,0.002472623193388627,-6.2302656173706055,-0.23026563227176666,base,no
3381,0,0,0.0004305569787160175,-8.226094245910645,-0.47609400749206543,base,no
3382,0,0,0.0007096702405894811,-7.36522912979126,-0.11522890627384186,base,no
3383,0,0,0.11920293453832885,-2.3360977172851562,-0.3360978364944458,base,no
3384,0,0,0.0004878571373144484,-7.975383758544922,-0.35038378834724426,base,no
3385,0,0,0.00407013711186692,-5.688193321228027,-0.1881931722164154,base,no
3386,0,0,0.000487857180910998,-7.8531270027160645,-0.228127121925354,base,no
3387,0,1,0.5926665999540697,-0.975782036781311,-1.350782036781311,base,Yes
3388,0,0,0.04742586913845881,-3.182586193084717,-0.18258610367774963,base,no
3389,0,0,0.0011695103869022799,-6.913348197937012,-0.16334830224514008,base,no
3390,0,0,0.0002611904280443717,-8.452526092529297,-0.2025265097618103,base,no
3391,0,0,0.0534033328129234,-3.0838561058044434,-0.20885616540908813,base,no
3392,0,0,0.012431649206697853,-4.497072696685791,-0.12207256257534027,base,no
3393,0,0,0.00043055714545500067,-8.03280258178711,-0.2828027307987213,base,no
3394,0,0,0.0013250222791856916,-6.755885601043701,-0.13088549673557281,base,no
3395,0,0,0.00043055699154209085,-7.893763065338135,-0.14376285672187805,base,no
3396,0,0,0.00280092717522179,-6.024409770965576,-0.14940984547138214,base,no
3397,0,0,0.00359360332841002,-5.913629055023193,-0.2886292636394501,base,no
3398,0,1,0.7057850278370112,-0.8988181352615356,-1.7738181352615356,base,Yes
3399,0,0,0.004609572999830552,-5.695137023925781,-0.3201372027397156,base,no
3400,0,0,0.00037998446381133736,-8.003554344177246,-0.12855421006679535,base,no
3401,0,0,0.29421497216298875,-1.605026125907898,-0.730026125907898,base,no
3402,0,1,0.5926665855647394,-0.9145389199256897,-1.289538860321045,base,yes
3403,0,0,0.0015011822567369915,-6.648554801940918,-0.14855480194091797,base,no
3404,0,0,0.002472622678834738,-6.233918190002441,-0.2339179962873459,base,no
3405,0,0,0.002182716218167076,-6.243277549743652,-0.11827744543552399,base,no
3406,0,0,0.08509903804604459,-2.748107433319092,-0.37310734391212463,base,no
3407,0,0,0.000911051248654057,-7.103156089782715,-0.10315614938735962,base,no
3408,0,0,0.0002305066618976913,-8.47680950164795,-0.10180924087762833,base,no
3409,0,0,0.0028009264260589225,-5.9817047119140625,-0.10670451819896698,base,no
3410,0,0,0.3208212878370535,-1.4513604640960693,-0.7013604044914246,base,no
3411,0,0,0.0013250222003128587,-6.7285590171813965,-0.10355885326862335,base,no
3412,0,0,0.4378235137849365,-1.2400026321411133,-0.9900026917457581,base,no
3413,0,0,0.009708475621895678,-4.826587677001953,-0.20158758759498596,base,no
3414,0,0,0.0005527785134362586,-7.643900394439697,-0.14390017092227936,base,no
3415,0,1,0.6513548646660542,-0.7699536085128784,-1.3949536085128784,base,yes
3416,0,0,0.06008665522337757,-2.9255282878875732,-0.1755283772945404,base,no
3417,0,0,0.20181323186177208,-1.8228929042816162,-0.447892963886261,base,no
3418,0,0,0.0006263340695004506,-7.465969085693359,-0.09096894413232803,base,no
3419,0,0,0.012431653780276067,-4.623542785644531,-0.24854302406311035,base,no
3420,0,0,0.0005527785216687471,-7.726795196533203,-0.2267949879169464,base,no
3421,0,0,0.24508501313237172,-1.6002748012542725,-0.47527480125427246,base,no
3422,0,0,0.0035936023679944244,-5.762138843536377,-0.13713878393173218,base,no
3423,0,0,0.0007096704836398597,-7.5340142250061035,-0.28401434421539307,base,no
3424,0,0,0.0004878572063423205,-7.739725589752197,-0.114725761115551,base,no
3425,0,0,0.46879062662624377,-1.2270429134368896,-1.1020429134368896,base,no
3426,0,0,0.0009110509773870306,-7.18265438079834,-0.18265414237976074,base,no
3427,0,0,0.37754066879814546,-1.1974773406982422,-0.6974773406982422,base,no
3428,0,0,0.002800927133601626,-6.009806156158447,-0.13480621576309204,base,no
3429,0,0,0.002182716899701462,-6.4102044105529785,-0.28520461916923523,base,no
3430,0,0,0.009708475908421797,-4.7880635261535645,-0.16306346654891968,base,no
3431,0,0,0.4378234991142019,-1.1216669082641602,-0.8716669082641602,base,no
3432,0,0,0.01590639171181471,-4.296816825866699,-0.17181682586669922,base,no
3433,0,0,0.017986208119727825,-4.2321319580078125,-0.23213185369968414,base,no
3434,0,0,0.06008665606493926,-2.9974417686462402,-0.2474418729543686,base,no
3435,0,0,0.0024726233771578993,-6.190749645233154,-0.19074973464012146,base,no
3436,0,0,0.00033535001057616586,-8.128024101257324,-0.12802374362945557,base,no
3437,0,0,0.0004878571627457685,-7.674824237823486,-0.049824319779872894,base,no
3438,0,0,0.0008040857799909139,-7.32893180847168,-0.20393161475658417,base,no
3439,0,0,0.0004305572480636379,-8.003403663635254,-0.25340405106544495,base,no
3440,0,0,0.16451647518562237,-2.1184463500976562,-0.4934464395046234,base,no
3441,0,1,0.7772998818103892,-0.7814539670944214,-2.031454086303711,base,yes
3442,0,0,0.04742586913845881,-3.373443126678467,-0.37344303727149963,base,no
3443,0,0,0.2942149597859341,-1.5815649032592773,-0.7065648436546326,base,no
3444,0,0,0.0006263340182005267,-7.489483833312988,-0.11448360979557037,base,no
3445,0,0,0.18242551491653522,-2.0246880054473877,-0.5246879458427429,base,no
3446,0,0,0.003172682135585299,-5.937788486480713,-0.18778826296329498,base,no
3447,0,0,0.007577242052239898,-5.003629684448242,-0.12862978875637054,base,no
3448,0,0,0.4378234991142019,-1.04774808883667,-0.7977480888366699,base,no
3449,0,0,0.3208213138121609,-1.545823574066162,-0.7958236336708069,base,no
3450,0,0,0.00013982212772783794,-9.018209457397461,-0.14320982992649078,base,no
3451,0,0,0.08509904732734556,-2.6317880153656006,-0.256788045167923,base,no
3452,0,0,0.02931222863144092,-3.731091260910034,-0.2310911864042282,base,no
3453,0,0,0.0017007220066411306,-6.559460639953613,-0.18446040153503418,base,no
3454,0,0,0.002472623432288684,-6.118720054626465,-0.1187201663851738,base,no
3455,0,0,0.20181323186177208,-1.9009716510772705,-0.5259717106819153,base,no
3456,0,0,0.16451644651115205,-2.1062569618225098,-0.4812568426132202,base,no
3457,0,0,0.14804720179063335,-2.2460434436798096,-0.49604347348213196,base,no
3458,0,0,0.0015011821673938809,-6.783660888671875,-0.2836608290672302,base,no
3459,0,0,0.34864513533394575,-1.3239439725875854,-0.6989439725875854,base,no
3460,0,0,0.02033235304584329,-4.038331508636475,-0.16333149373531342,base,no
3461,0,0,0.0007096702511568873,-7.34091854095459,-0.09091833233833313,base,no
3462,0,0,0.18242552825126704,-1.8760112524032593,-0.37601128220558167,base,no
3463,0,0,0.0005527785463662135,-7.580495834350586,-0.0804956704378128,base,no
3464,0,0,0.0006263340275277853,-7.62967586517334,-0.25467565655708313,base,no
3465,0,0,0.03732688948593843,-3.4587056636810303,-0.20870572328567505,base,no
3466,0,0,0.0019267348209314455,-6.325006484985352,-0.07500656694173813,base,no
3467,0,0,0.0013250226538317129,-6.772274017333984,-0.1472741961479187,base,no
3468,0,0,0.4073333856566001,-1.2580442428588867,-0.8830441832542419,base,no
3469,0,0,0.0001088968710862325,-9.225817680358887,-0.10081732273101807,base,no
3470,0,0,0.02595735945832451,-3.782611608505249,-0.1576116979122162,base,no
3471,0,0,0.00037998468455367106,-8.036778450012207,-0.16177889704704285,base,no
3472,0,0,0.20181321265898594,-1.8806428909301758,-0.505642831325531,base,no
3473,0,0,0.11920293140927592,-2.3710906505584717,-0.37109073996543884,base,no
3474,0,0,0.0009110512147456744,-7.116329193115234,-0.11632921546697617,base,no
3475,0,0,0.037326884666868405,-3.394733190536499,-0.14473311603069305,base,no
3476,0,0,0.0005527785792961704,-7.681848526000977,-0.1818484216928482,base,no
3477,0,0,0.0005527786204586191,-7.7027058601379395,-0.20270583033561707,base,no
3478,0,0,0.0028009273000822866,-6.060246467590332,-0.18524658679962158,base,no
3479,0,0,0.0028009275081831283,-6.081319332122803,-0.20631952583789825,base,no
3480,0,0,0.0019267349212248879,-6.324608325958252,-0.0746084600687027,base,no
3481,0,0,0.0009110513435975354,-7.090920448303223,-0.09092061221599579,base,no
3482,0,0,0.0046095719400744695,-5.476067066192627,-0.10106701403856277,base,no
3483,0,0,0.0019267350215183352,-6.368494987487793,-0.11849517375230789,base,no
3484,0,0,0.001032231144313772,-6.990817070007324,-0.11581717431545258,base,no
3485,0,0,0.002472622936111669,-6.147802352905273,-0.14780226349830627,base,no
3486,0,0,0.4073334000459302,-1.2782949209213257,-0.9032949209213257,base,no
3487,0,0,0.32082130082460697,-1.3812974691390991,-0.6312974691390991,base,no
3488,0,0,0.0850990519679964,-2.6795969009399414,-0.30459699034690857,base,no
3489,0,0,0.007577241491969114,-5.2021074295043945,-0.3271074593067169,base,no
3490,0,0,0.0009110511537105887,-7.163956642150879,-0.16395659744739532,base,no
3491,0,0,0.007577241491969114,-5.168243885040283,-0.2932439148426056,base,no
3492,0,0,0.32082130082460697,-1.5684832334518433,-0.8184832334518433,base,no
3493,0,1,0.6513548646660542,-0.8195619583129883,-1.4445619583129883,base,yes
3494,0,0,0.0005527786698535617,-7.628458023071289,-0.12845808267593384,base,no
3495,0,0,0.000911051248654057,-7.0919599533081055,-0.09196001291275024,base,no
3496,0,0,0.18242552380635632,-2.0210015773773193,-0.5210015773773193,base,no
3497,0,0,0.012431652682617146,-4.651007175445557,-0.2760073244571686,base,no
3498,0,0,0.001700722234337832,-6.580051422119141,-0.20505131781101227,base,no
3499,0,0,0.003593603061627884,-5.793618679046631,-0.1686188131570816,base,no
3500,0,0,0.10669058826486906,-2.3668434619903564,-0.24184340238571167,base,no
3501,0,0,0.0011695105435624257,-6.8549652099609375,-0.1049654483795166,base,no
3502,0,0,0.001325022594677071,-6.788124084472656,-0.163124218583107,base,no
3503,0,0,0.000552778649272335,-7.580408096313477,-0.08040811866521835,base,no
3504,0,0,0.0600866518571309,-3.0506579875946045,-0.3006580173969269,base,no
3505,0,0,0.4378234991142019,-1.2347781658172607,-0.9847781658172607,base,no
3506,0,0,0.0015011821003865517,-6.6461005210876465,-0.14610041677951813,base,no
3507,0,0,0.002800926384438769,-6.1930999755859375,-0.3180997669696808,base,no
3508,0,0,0.00037998456569239845,-8.018533706665039,-0.1435338407754898,base,no
3509,0,0,0.18242553269617778,-2.0216784477233887,-0.5216785073280334,base,no
3510,0,0,0.06008665522337757,-3.003866195678711,-0.2538662850856781,base,no
3511,0,0,0.07585818002124356,-2.820868968963623,-0.32086896896362305,base,no
3512,0,0,0.0015011825359342464,-6.592610836029053,-0.09261102229356766,base,no
3513,0,1,0.8807970842359877,-0.6052753329277039,-2.6052753925323486,base,Yes
3514,0,0,0.0015011820780507757,-6.976817607879639,-0.4768174886703491,base,no
3515,0,0,0.11920293140927592,-2.2412214279174805,-0.24122151732444763,base,no
3516,0,0,0.4073334000459302,-1.2142763137817383,-0.8392763137817383,base,no
3517,0,0,0.0005527786698535617,-7.8143696784973145,-0.31436973810195923,base,no
3518,0,0,0.32082130082460697,-1.387697458267212,-0.6376974582672119,base,no
3519,0,0,0.005911068505999277,-5.387634754180908,-0.2626346945762634,base,no
3520,0,0,0.014063626630011202,-4.523766040802002,-0.27376601099967957,base,no
3521,0,0,0.005220125616178516,-5.4422807693481445,-0.19228075444698334,base,no
3522,0,1,0.5926665999540697,-0.9735082387924194,-1.3485082387924194,base,yes
3523,0,0,0.006692849339264817,-5.2133989334106445,-0.21339869499206543,base,no
3524,0,0,0.014063626939936907,-4.363786697387695,-0.11378668993711472,base,no
3525,0,0,0.00037998444683116315,-8.003519058227539,-0.12851887941360474,base,no
3526,0,1,0.7057850278370112,-0.8351281881332397,-1.7101281881332397,base,Yes
3527,0,0,0.40733341443526055,-1.1596505641937256,-0.7846506237983704,base,no
3528,0,0,0.003593603168340736,-5.793121814727783,-0.16812197864055634,base,no
3529,0,0,0.01798621417320936,-4.341468811035156,-0.34146904945373535,base,no
3530,0,0,0.18242551936144574,-1.9939827919006348,-0.4939827620983124,base,no
3531,0,0,0.14804721306746543,-2.1294288635253906,-0.3794289827346802,base,no
3532,0,0,0.002800927008741136,-6.041321754455566,-0.1663217693567276,base,no
3533,0,0,0.04208772371029592,-3.2998602390289307,-0.1748601347208023,base,no
3534,0,0,0.002182715926080975,-6.291098594665527,-0.16609835624694824,base,no
3535,0,0,0.0009110511130205339,-7.253896236419678,-0.25389614701271057,base,no
3536,0,0,0.0008040860792954051,-7.6497483253479,-0.5247485041618347,base,no
3537,0,0,0.004070137655493202,-5.603804111480713,-0.1038040965795517,base,no
3538,0,1,0.8807970654616711,-0.27746641635894775,-2.277466297149658,base,yes
3539,0,0,0.06008665354025422,-2.9689385890960693,-0.2189386487007141,base,no
3540,0,0,0.02297737258620403,-4.0357232093811035,-0.28572332859039307,base,no
3541,0,0,0.008577484843480258,-4.865269660949707,-0.11526959389448166,base,no
3542,0,0,0.001501182301408549,-6.7574028968811035,-0.2574029266834259,base,no
3543,0,0,0.20181322226037882,-1.9133329391479492,-0.5383329391479492,base,no
3544,0,0,0.2689414330889798,-1.6694867610931396,-0.6694868206977844,base,no
3545,0,0,0.5,-0.9529331922531128,-0.9529331922531128,base,no
3546,0,0,0.46879062662624377,-1.235334038734436,-1.110334038734436,base,no
3547,0,0,0.0008040857919630916,-7.440340518951416,-0.3153403401374817,base,no
3548,0,0,0.0040701374742844335,-5.759878635406494,-0.25987857580184937,base,no
3549,0,0,0.0007096705047746792,-7.566099643707275,-0.31609979271888733,base,no
3550,0,0,0.0019267349785354285,-6.415596961975098,-0.1655971258878708,base,no
3551,0,0,0.037326887344129464,-3.5163676738739014,-0.26636767387390137,base,no
3552,0,0,0.34864513533394575,-1.4252314567565918,-0.8002314567565918,base,no
3553,0,0,0.0019267348639143487,-6.333088397979736,-0.08308850228786469,base,no
3554,0,0,0.03308598220236406,-3.9260849952697754,-0.5510851144790649,base,no
3555,0,0,0.005220124997139505,-5.330057621002197,-0.08005748689174652,base,no
3556,0,0,0.46879062662624377,-1.1939730644226074,-1.0689730644226074,base,no
3557,0,0,0.02297736756836975,-3.8974246978759766,-0.1474245935678482,base,no
3558,0,0,0.16451645880021026,-2.069061756134033,-0.4440617263317108,base,no
3559,0,0,0.1480471980316895,-2.170900821685791,-0.420900821685791,base,no
3560,0,1,0.6791786861878392,-0.6727138161659241,-1.4227137565612793,base,yes
3561,0,0,0.017986212067650338,-4.1973490715026855,-0.1973491907119751,base,no
3562,0,0,0.0010322310060236924,-7.190499782562256,-0.31549975275993347,base,no
3563,0,0,0.24508501313237172,-1.7535924911499023,-0.6285924911499023,base,no
3564,0,0,0.0003353502553522657,-8.180973052978516,-0.18097342550754547,base,no
3565,0,0,0.015906389146026254,-4.333747386932373,-0.20874722301959991,base,no
3566,0,0,0.0003799844921116293,-8.077535629272461,-0.20253556966781616,base,no
3567,0,0,0.08509903804604459,-2.6351938247680664,-0.26019373536109924,base,no
3568,0,0,0.07585818628900447,-2.8235085010528564,-0.3235085904598236,base,no
3569,0,0,0.010986943440190413,-4.719761848449707,-0.219761922955513,base,no
3570,0,0,0.0008040860074623171,-7.407874584197998,-0.2828746736049652,base,no
3571,0,0,0.025957358328060655,-3.8322055339813232,-0.20720557868480682,base,no
3572,0,0,0.0008040859446083704,-7.182058811187744,-0.057058822363615036,base,no
3573,0,0,0.003172682913175187,-5.825978755950928,-0.07597877830266953,base,no
3574,0,0,0.0021827164777991977,-6.330852508544922,-0.20585252344608307,base,no
3575,0,0,0.025957358704815272,-3.7964389324188232,-0.17143899202346802,base,no
3576,0,0,0.004070138561537168,-5.609298229217529,-0.10929843783378601,base,no
3577,0,0,0.006692852509305267,-5.293520927429199,-0.2935211658477783,base,no
3578,0,0,0.29421497216298875,-1.6123539209365845,-0.7373539209365845,base,no
3579,0,1,0.8354835452961425,-0.6598600745201111,-2.284860134124756,base,Yes
3580,0,0,0.0013250222496083792,-6.677339553833008,-0.052339427173137665,base,no
3581,0,0,0.0009110513300341806,-7.206253528594971,-0.20625367760658264,base,no
3582,0,0,0.002800927258462121,-6.082067489624023,-0.2070675939321518,base,no
3583,0,1,0.9324533051062237,-0.5807164311408997,-3.205716371536255,base,yes
3584,0,0,0.0021827164128911643,-6.184237480163574,-0.059237465262413025,base,no
3585,0,0,0.0035936031416625223,-5.713544845581055,-0.08854500204324722,base,no
3586,0,0,0.00150118227907277,-6.631381511688232,-0.13138152658939362,base,no
3587,0,0,0.22270013882530884,-1.8200100660324097,-0.5700100660324097,base,no
3588,0,0,0.006692851716795015,-5.262946128845215,-0.2629462480545044,base,no
3589,0,0,0.37754066879814546,-1.3677058219909668,-0.8677058219909668,base,no
3590,0,0,0.0008040858458378924,-7.227404594421387,-0.10240448266267776,base,no
3591,0,0,0.1066905854244781,-2.437285900115967,-0.31228581070899963,base,no
3592,0,0,0.0024726234506656126,-6.257141590118408,-0.25714170932769775,base,no
3593,0,0,0.06008664512463808,-3.0202529430389404,-0.27025285363197327,base,no
3594,0,0,0.006692851221476155,-5.157834529876709,-0.15783457458019257,base,no
3595,0,1,0.8175744850834649,-0.6320464015007019,-2.1320464611053467,base,yes
3596,0,0,0.0021827167374313507,-6.230803966522217,-0.10580410063266754,base,no
3597,0,0,0.0009110510858938316,-7.145568370819092,-0.14556825160980225,base,no
3598,0,0,0.004070137353478592,-5.763909816741943,-0.2639097273349762,base,no
3599,0,0,0.0019267343337919433,-6.33279275894165,-0.08279258757829666,base,no
3600,0,0,0.0013250221411582371,-7.056662082672119,-0.4316618740558624,base,no
3601,0,0,0.0006263340088732682,-7.520899772644043,-0.14589953422546387,base,no
3602,0,0,0.020332351264950595,-4.008692264556885,-0.1336921602487564,base,no
3603,0,0,0.0015011825694379204,-6.931850910186768,-0.4318511188030243,base,no
3604,0,0,0.0035936020478559492,-5.656952857971191,-0.03195270895957947,base,no
3605,0,0,0.004070137172269837,-5.561975479125977,-0.06197534501552582,base,no
3606,0,0,0.0005527787233647546,-7.603291034698486,-0.10329119116067886,base,no
3607,0,1,0.835483553488848,-0.7120670080184937,-2.337067127227783,base,yes
3608,0,0,0.32082130082460697,-1.514615774154663,-0.7646157741546631,base,no
3609,0,0,0.46879062662624377,-1.1480168104171753,-1.0230168104171753,base,no
3610,0,0,0.0017007221837385621,-6.581061363220215,-0.2060612291097641,base,no
3611,0,0,0.0009110513775059229,-7.116722106933594,-0.11672230809926987,base,no
3612,0,1,0.5312093733737563,-1.017649531364441,-1.142649531364441,base,yes
3613,0,0,0.29421497216298875,-1.577244520187378,-0.7022445201873779,base,no
3614,0,0,0.0001795280535996878,-8.739047050476074,-0.11404751986265182,base,no
3615,0,0,0.0015011820110434502,-6.59192419052124,-0.0919240266084671,base,no
3616,0,0,0.0010322312672383033,-7.080321311950684,-0.2053215354681015,base,no
3617,0,0,0.0017007222596374673,-6.50683069229126,-0.1318306028842926,base,no
3618,0,0,0.00010889687757628518,-9.268619537353516,-0.14361923933029175,base,no
3619,0,0,0.0005527786533885804,-7.681280136108398,-0.18128016591072083,base,no
3620,0,0,0.002472622642080892,-6.165209770202637,-0.16520956158638,base,no
3621,0,0,0.01406362446053148,-4.314637660980225,-0.06463747471570969,base,no
3622,0,0,0.0008040860792954051,-7.227910995483398,-0.10291117429733276,base,no
3623,0,0,0.00026119025683936706,-8.411382675170898,-0.16138243675231934,base,no
3624,0,0,0.4378234991142019,-1.2785181999206543,-1.0285181999206543,base,no
3625,0,0,0.022977371582637088,-3.901639223098755,-0.15163929760456085,base,no
3626,0,0,0.09534945718704857,-2.6073527336120605,-0.3573526442050934,base,no
3627,0,0,0.0850990519679964,-2.561143398284912,-0.18614348769187927,base,no
3628,0,0,0.07585818002124356,-2.8163139820098877,-0.3163139820098877,base,no
3629,0,0,0.004070138621940107,-5.670053005218506,-0.17005322873592377,base,no
3630,0,0,0.014063625390308462,-4.582724094390869,-0.3327239751815796,base,no
3631,0,0,0.007577241267860811,-5.1433186531066895,-0.26831865310668945,base,no
3632,0,0,0.3775406828054583,-1.2491040229797363,-0.7491040825843811,base,no
3633,0,0,0.1329642333263228,-2.325167417526245,-0.45016735792160034,base,no
3634,0,0,0.05340332678672523,-3.3221516609191895,-0.4471516013145447,base,no
3635,0,0,0.029312229903390143,-3.9203312397003174,-0.420331209897995,base,no
3636,0,0,0.0028009273833226214,-6.135456562042236,-0.26045671105384827,base,no
3637,0,0,0.007577239923211134,-5.0908589363098145,-0.21585875749588013,base,no
3638,0,0,0.004609573136573289,-5.60986852645874,-0.23486873507499695,base,no
3639,0,0,0.0006263342793638198,-7.490418434143066,-0.11541862785816193,base,no
3640,0,0,0.0007096704308028138,-7.412219047546387,-0.1622190922498703,base,no
3641,0,0,0.22270013882530884,-1.813433289527893,-0.5634332895278931,base,no
3642,0,0,0.0009110511401472368,-7.254649639129639,-0.2546495795249939,base,no
3643,0,0,0.004070137595090279,-5.709447383880615,-0.20944735407829285,base,no
3644,0,0,0.34864513533394575,-1.4894137382507324,-0.8644137382507324,base,no
3645,0,0,0.11920292202211755,-2.2782974243164062,-0.27829742431640625,base,no
3646,0,0,0.060086646807761206,-3.018498659133911,-0.26849859952926636,base,no
3647,0,0,0.0002611903268777645,-8.532200813293457,-0.2822008430957794,base,no
3648,0,0,0.0007096705444024673,-7.30662727355957,-0.05662747845053673,base,no
3649,0,0,0.04742587654349034,-3.1761274337768555,-0.17612750828266144,base,no
3650,0,0,0.0004305570684985389,-8.064875602722168,-0.3148755729198456,base,no
3651,0,0,0.004070137776299053,-5.622800827026367,-0.12280084192752838,base,no
3652,0,0,0.0015011821673938809,-6.631636619567871,-0.13163655996322632,base,no
3653,0,0,0.0040701374742844335,-5.789012908935547,-0.2890128493309021,base,no
3654,0,0,0.000552778571063681,-7.727656841278076,-0.22765672206878662,base,no
3655,0,0,0.08509904732734556,-2.536184787750244,-0.16118481755256653,base,no
3656,0,0,0.000626334102145859,-7.763521671295166,-0.38852158188819885,base,no
3657,0,0,0.0011695102998688749,-6.954384803771973,-0.20438483357429504,base,no
3658,0,0,0.4378234991142019,-0.9879051446914673,-0.7379051446914673,base,no
3659,0,0,0.4378234991142019,-1.2550427913665771,-1.0050427913665771,base,no
3660,0,0,0.05340333055309901,-3.120900869369507,-0.24590088427066803,base,no
3661,0,0,0.37754066879814546,-1.3455325365066528,-0.8455325365066528,base,no
3662,0,1,0.8670357666736773,-0.7309421896934509,-2.6059422492980957,base,yes
3663,0,0,0.0007096705259094992,-7.432551860809326,-0.1825520396232605,base,no
3664,0,1,0.7549149868676283,-0.7281323671340942,-1.8531323671340942,base,yes
3665,0,0,0.007577239699102878,-5.033784866333008,-0.1587846577167511,base,no
3666,0,0,0.042087731520181665,-3.292391300201416,-0.16739138960838318,base,no
3667,0,0,0.0024726235609271855,-6.166035175323486,-0.16603533923625946,base,no
3668,0,0,0.005220126467357275,-5.570829391479492,-0.3208295404911041,base,no
3669,0,0,0.00591106763038807,-5.196625709533691,-0.07162550091743469,base,no
3670,0,0,0.009708476481474066,-4.892787456512451,-0.26778745651245117,base,no
3671,0,1,0.8933094174159129,-0.6600826978683472,-2.7850828170776367,base,yes
3672,0,0,0.0075772408196442265,-5.092488765716553,-0.21748870611190796,base,no
3673,0,0,0.020332357794891228,-4.013011932373047,-0.13801215589046478,base,no
3674,0,0,0.11920293140927592,-2.272505760192871,-0.27250584959983826,base,no
3675,0,0,0.11920293453832885,-2.4063663482666016,-0.4063664674758911,base,no
3676,0,0,0.0007096703885331799,-7.36524772644043,-0.1152477115392685,base,no
3677,0,0,0.009708474762317362,-4.920149326324463,-0.29514914751052856,base,no
3678,0,0,0.0017007221078396608,-6.559111595153809,-0.18411141633987427,base,no
3679,0,0,0.2689414272294874,-1.4613827466964722,-0.46138277649879456,base,no
3680,0,0,0.2689414213699951,-1.5179091691970825,-0.5179091691970825,base,no
3681,0,1,0.932453304167687,-0.2103615552186966,-2.8353614807128906,base,yes
3682,0,0,0.06754669677084987,-2.933689832687378,-0.3086899220943451,base,no
3683,0,0,0.0013250226143952844,-6.788536548614502,-0.1635366976261139,base,no
3684,0,0,0.4073333856566001,-1.1934034824371338,-0.818403422832489,base,no
3685,0,0,0.002182716802339394,-6.273985385894775,-0.14898554980754852,base,no
3686,0,0,0.03308597934211908,-3.5820720195770264,-0.20707204937934875,base,no
3687,0,0,0.001926734792276177,-6.354762077331543,-0.10476214438676834,base,no
3688,0,0,0.0007096704836398597,-7.774452209472656,-0.5244523286819458,base,no
3689,0,0,0.00037998436193030353,-8.05716323852539,-0.1821628361940384,base,no
3690,0,1,0.5621765008857981,-0.8054747581481934,-1.0554747581481934,base,yes
3691,0,0,0.0009110510248587547,-7.091427803039551,-0.09142761677503586,base,no
3692,0,0,0.0011695104913423747,-6.912907600402832,-0.16290779411792755,base,no
3693,0,0,0.007577239923211134,-5.168551921844482,-0.2935517430305481,base,no
3694,0,0,0.00017952793591309373,-8.715201377868652,-0.09020119160413742,base,no
3695,0,0,0.0003353501804207875,-8.28266716003418,-0.2826673090457916,base,no
3696,0,0,0.04208772371029592,-3.3472397327423096,-0.2222396284341812,base,no
3697,0,0,0.009708475908421797,-4.760124683380127,-0.13512462377548218,base,no
3698,0,0,0.0007096705047746792,-7.504457473754883,-0.25445762276649475,base,no
3699,0,0,0.010986940039882433,-4.7037353515625,-0.2037351131439209,base,no
3700,0,0,0.007577241491969114,-5.090389251708984,-0.21538928151130676,base,no
3701,0,0,0.18242553269617778,-2.1187775135040283,-0.6187775731086731,base,no
3702,0,0,0.060086652698692546,-2.9332339763641357,-0.18323402106761932,base,no
3703,0,0,0.006692849537392301,-5.236510753631592,-0.23651054501533508,base,no
3704,0,0,0.0010322309752925658,-7.0080695152282715,-0.1330694556236267,base,no
3705,0,0,0.00026119032298674196,-8.312936782836914,-0.06293679773807526,base,no
3706,0,0,0.07585818315512395,-2.69621205329895,-0.19621209800243378,base,no
3707,0,0,0.0024726231566347748,-6.352521896362305,-0.3525218963623047,base,no
3708,0,1,0.867035752930664,-0.8030756115913391,-2.6780755519866943,base,Yes
3709,0,1,0.7310585786300049,-0.612962007522583,-1.612962007522583,base,yes
3710,0,0,0.00020342688410410035,-8.643682479858398,-0.14368201792240143,base,no
3711,0,0,0.0017007227656302545,-6.559046745300293,-0.18404695391654968,base,no
3712,0,0,0.002472622936111669,-6.259838104248047,-0.2598380148410797,base,no
3713,0,0,0.22270014914315833,-1.809495210647583,-0.5594952702522278,base,no
3714,0,0,0.0015011825806058117,-6.6192851066589355,-0.11928532272577286,base,no
3715,0,0,0.022977369575503337,-3.967353105545044,-0.21735309064388275,base,no
3716,0,0,0.0600866518571309,-3.0873215198516846,-0.33732154965400696,base,no
3717,0,0,0.18242553269617778,-2.1002352237701416,-0.6002352833747864,base,no
3718,0,0,0.1329642264548166,-2.3308591842651367,-0.45585906505584717,base,no
3719,0,0,0.0004305570171942387,-7.911728858947754,-0.16172870993614197,base,no
3720,0,0,0.16451645470385742,-2.0506644248962402,-0.42566436529159546,base,no
3721,0,0,0.001700722411435288,-6.660134792327881,-0.28513479232788086,base,no
3722,0,0,0.0011695102302421558,-7.066286563873291,-0.31628653407096863,base,no
3723,0,1,0.7310585786300049,-0.5881638526916504,-1.5881638526916504,base,yes
3724,0,0,0.1192029188930649,-2.3854165077209473,-0.3854164779186249,base,no
3725,0,0,0.005220125384038879,-5.731292724609375,-0.4812926650047302,base,no
3726,0,0,0.00026119044166295644,-8.321105003356934,-0.0711054727435112,base,no
3727,0,0,0.0035936022612815957,-5.7600531578063965,-0.13505306839942932,base,no
3728,0,0,0.0002034269841165697,-8.62802791595459,-0.12802794575691223,base,no
3729,0,0,0.22270013882530884,-1.9345366954803467,-0.6845366954803467,base,no
3730,0,0,0.022977369742764476,-3.817831039428711,-0.06783103197813034,base,no
3731,0,0,0.1824255415859996,-2.017043113708496,-0.5170432329177856,base,no
3732,0,0,0.004609571153803984,-5.4658284187316895,-0.09082819521427155,base,no
3733,0,0,0.13296424535145931,-2.118046998977661,-0.24304704368114471,base,no
3734,0,0,0.0002034269841165697,-8.726728439331055,-0.22672846913337708,base,no
3735,0,1,0.6513548646660542,-0.8867017030715942,-1.5117017030715942,base,yes
3736,0,0,0.16451644651115205,-2.0836825370788574,-0.45868241786956787,base,no
3737,0,0,0.020332356310813628,-4.247653007507324,-0.37265315651893616,base,no
3738,0,0,0.20181322226037882,-2.0225327014923096,-0.6475327014923096,base,no
3739,0,1,0.7772998508568416,-0.47306162118911743,-1.7230615615844727,base,yes
3740,0,0,0.010986942954432066,-4.702610492706299,-0.20261052250862122,base,no
3741,0,0,0.007577241716077422,-5.167612552642822,-0.29261261224746704,base,no
3742,0,0,0.11920292515117029,-2.381814479827881,-0.38181450963020325,base,no
3743,0,0,0.22270013882530884,-1.839245080947876,-0.589245080947876,base,no
3744,0,0,0.006692850329902297,-5.325260639190674,-0.32526054978370667,base,no
3745,0,1,0.8175744673038221,-0.7909741997718811,-2.2909741401672363,base,yes
3746,0,0,0.01243164829198241,-4.578771591186523,-0.20377138257026672,base,no
3747,0,0,0.022977369240981062,-3.9220387935638428,-0.17203876376152039,base,no
3748,0,0,0.022977373924293353,-4.0654096603393555,-0.3154098391532898,base,no
3749,0,1,0.6513548511303336,-0.7980228066444397,-1.423022747039795,base,yes
3750,0,1,0.7549149868676283,-0.6488221883773804,-1.7738221883773804,base,yes
3751,0,0,0.18242552380635632,-2.0166819095611572,-0.5166819095611572,base,no
3752,0,0,0.005911069644294039,-5.214632511138916,-0.08963264524936676,base,no
3753,0,0,0.005220124610240159,-5.460969924926758,-0.2109697163105011,base,no
3754,0,0,0.0011695103694955987,-7.005118370056152,-0.2551184594631195,base,no
3755,0,0,0.0013250226143952844,-6.853177547454834,-0.22817769646644592,base,no
3756,0,0,0.005220126912291682,-5.307194709777832,-0.057194944471120834,base,no
3757,0,0,0.46879062662624377,-1.219788670539856,-1.094788670539856,base,no
3758,0,0,0.22270013882530884,-1.7005506753921509,-0.4505506753921509,base,no
3759,0,1,0.5312093882168609,-0.942619264125824,-1.0676193237304688,base,yes
3760,0,0,0.004070136870255261,-5.788883209228516,-0.2888830006122589,base,no
3761,0,0,0.11920291263495983,-2.4459471702575684,-0.4459470808506012,base,no
3762,0,0,0.13296423676207594,-2.2956395149230957,-0.4206394851207733,base,no
3763,0,0,0.13296423676207594,-2.250016450881958,-0.3750164210796356,base,no
3764,0,0,0.0008040858099213581,-7.241426467895508,-0.11642631143331528,base,no
3765,0,0,0.00026119035411492414,-8.412046432495117,-0.16204656660556793,base,no
3766,0,0,0.0004305570749115768,-7.953183650970459,-0.2031836360692978,base,no
3767,0,0,0.0007096705153420891,-7.431859493255615,-0.18185965716838837,base,no
3768,0,0,0.5,-1.0952807664871216,-1.0952807664871216,base,no
3769,0,0,0.008577486744252828,-4.864916801452637,-0.11491695791482925,base,no
3770,0,0,0.014063626423394072,-4.344979763031006,-0.09497971832752228,base,no
3771,0,0,0.02033235482673614,-4.029716491699219,-0.15471656620502472,base,no
3772,0,0,0.00013982211627012436,-8.954713821411133,-0.07971411198377609,base,no
3773,0,0,0.0019267343194643127,-6.946218967437744,-0.6962187886238098,base,no
3774,0,0,0.04742587317756679,-3.6231679916381836,-0.6231679916381836,base,no
3775,0,0,0.0004305570684985389,-7.851883888244629,-0.10188385844230652,base,no
3776,0,0,0.0019267348066038113,-6.368808269500732,-0.11880834400653839,base,no
3777,0,0,0.025957357951306048,-3.7975032329559326,-0.172503262758255,base,no
3778,0,0,0.22270013882530884,-1.8524481058120728,-0.6024481058120728,base,no
3779,0,1,0.679178699175393,-0.7769120931625366,-1.5269120931625366,base,yes
3780,0,0,0.18242552380635632,-1.9523847103118896,-0.45238471031188965,base,no
3781,0,0,0.08509904500702024,-2.9751107692718506,-0.6001107692718506,base,no
3782,0,1,0.5621765008857981,-0.9860751628875732,-1.2360751628875732,base,yes
3783,0,0,0.003172682748231862,-5.936778545379639,-0.18677851557731628,base,no
3784,0,0,0.00026119029574958553,-8.378008842468262,-0.12800875306129456,base,no
3785,0,0,0.033085981248949035,-3.576331853866577,-0.2013319432735443,base,no
3786,0,0,0.002472623193388627,-6.147960186004639,-0.14796020090579987,base,no
3787,0,0,0.0003353500330555962,-8.101594924926758,-0.10159463435411453,base,no
3788,0,0,0.00522012615783771,-5.461436748504639,-0.21143683791160583,base,no
3789,0,0,0.0008040858398518034,-7.379528999328613,-0.25452888011932373,base,no
3790,0,0,0.29421497216298875,-1.585882544517517,-0.7108825445175171,base,no
3791,0,0,0.09534945975773548,-2.572575807571411,-0.32257574796676636,base,no
3792,0,0,0.00037998467323354827,-8.399272918701172,-0.5242733359336853,base,no
3793,0,0,0.0019267346919827415,-6.481673240661621,-0.2316732555627823,base,no
3794,0,0,0.0010322312211416022,-7.2259392738342285,-0.35093945264816284,base,no
3795,0,0,0.0179862133836247,-4.208652496337891,-0.20865269005298615,base,no
3796,0,0,0.005220125693558397,-5.832726955413818,-0.5827269554138184,base,no
3797,0,1,0.6791786861878392,-0.6633554100990295,-1.4133553504943848,base,yes
3798,0,0,0.0005527786945510347,-7.571445941925049,-0.07144604623317719,base,no
3799,0,0,0.05340332829327471,-3.2030410766601562,-0.32804104685783386,base,no
3800,0,0,0.14804719051380197,-2.1147658824920654,-0.36476582288742065,base,no
3801,0,0,0.0013250221805946513,-7.056492328643799,-0.4314921498298645,base,no
3802,0,0,0.002182715990988994,-6.354729652404785,-0.22972944378852844,base,no
3803,0,0,0.0003353502253796724,-8.18178939819336,-0.18178968131542206,base,no
3804,0,0,0.02595735719779685,-3.7096660137176514,-0.08466601371765137,base,no
3805,0,0,0.001032230898464754,-7.102619647979736,-0.22761951386928558,base,no
3806,0,0,0.002472623671188763,-6.118928909301758,-0.11892911791801453,base,no
3807,0,0,0.06754668926255561,-2.855442523956299,-0.23044249415397644,base,no
3808,0,0,0.3208213138121609,-1.3802311420440674,-0.6302312016487122,base,no
3809,0,0,0.20181321265898594,-1.972334384918213,-0.5973343253135681,base,no
3810,0,0,0.29421497216298875,-1.5997179746627808,-0.7247179746627808,base,no
3811,0,0,0.3486451217982255,-1.3920700550079346,-0.7670699954032898,base,no
3812,0,0,0.18242550602671442,-2.05889892578125,-0.5588988065719604,base,no
3813,0,0,0.012431649938470258,-4.543056964874268,-0.1680568903684616,base,no
3814,0,1,0.8933093946927838,-0.5221163034439087,-2.647116184234619,base,yes
3815,0,0,0.37754066879814546,-1.3758668899536133,-0.8758668899536133,base,no
3816,0,1,0.7772998611746911,-0.666877269744873,-1.916877269744873,base,yes
3817,0,0,0.0010322311596793377,-7.057960033416748,-0.1829601526260376,base,no
3818,0,0,0.11920293453832885,-2.364068031311035,-0.3640681505203247,base,no
3819,0,0,0.01590639217832175,-4.376399040222168,-0.25139907002449036,base,no
3820,0,1,0.5312093733737563,-1.1012189388275146,-1.2262189388275146,base,Yes
3821,0,0,0.006692849933647288,-5.262158393859863,-0.26215824484825134,base,no
3822,0,0,0.0010322308677336307,-7.004919052124023,-0.1299188882112503,base,no
3823,0,0,0.00029595710028667893,-8.269383430480957,-0.14438338577747345,base,no
3824,0,1,0.8519527944504226,-0.8165982365608215,-2.5665981769561768,base,Yes
3825,0,0,0.18242550602671442,-2.163971424102783,-0.6639713048934937,base,no
3826,0,0,0.0031726822769652645,-6.0077948570251465,-0.25779467821121216,base,no
3827,0,0,0.24508502416032488,-1.7424333095550537,-0.6174333691596985,base,no
3828,0,0,0.2942149597859341,-1.4054701328277588,-0.530470073223114,base,no
3829,0,0,0.01098694392594878,-4.551927089691162,-0.05192720890045166,base,no
3830,0,1,0.7981867873410141,-0.6859650015830994,-2.060965061187744,base,yes
3831,0,0,0.20181322226037882,-1.9672434329986572,-0.5922434329986572,base,no
3832,0,1,0.6224593312018546,-0.9193645715713501,-1.41936457157135,base,yes
3833,0,0,0.1329642333263228,-2.3907716274261475,-0.5157715678215027,base,no
3834,0,0,0.3208212878370535,-1.3081960678100586,-0.5581960082054138,base,no
3835,0,0,0.5,-1.1808536052703857,-1.1808536052703857,base,no
3836,0,0,0.0006263340275277853,-7.629016876220703,-0.2540166676044464,base,no
3837,0,0,0.00037998445249122113,-8.056203842163086,-0.1812036782503128,base,no
3838,0,0,0.0019267349212248879,-6.3545355796813965,-0.10453571379184723,base,no
3839,0,0,0.0003799843845705309,-8.00317668914795,-0.12817634642124176,base,no
3840,0,0,0.0011695101606154403,-7.004683494567871,-0.25468340516090393,base,no
3841,0,0,0.0024726232301424803,-6.255893707275391,-0.255893737077713,base,no
3842,0,1,0.9046505248181417,-0.7133718729019165,-2.963371753692627,base,yes
3843,0,0,6.605215371234632e-05,-9.805794715881348,-0.1807948499917984,base,no
3844,0,0,0.0011695102650555148,-7.180795192718506,-0.43079519271850586,base,no
3845,0,0,0.02595735569077852,-3.9196834564208984,-0.29468339681625366,base,no
3846,0,0,0.3486451488696663,-1.1970336437225342,-0.572033703327179,base,no
3847,0,0,0.0024726234506656126,-6.1669921875,-0.16699230670928955,base,no
3848,0,0,0.053403325280175794,-3.2330164909362793,-0.35801640152931213,base,no
3849,0,0,0.01098694441170717,-4.725195407867432,-0.22519557178020477,base,no
3850,0,1,0.9241418199787566,-0.6426806449890137,-3.1426806449890137,base,Yes
3851,0,0,0.22270013366638422,-1.7326511144638062,-0.48265108466148376,base,no
3852,0,0,0.014063629935885703,-4.353316783905029,-0.10331699252128601,base,no
3853,0,0,0.01243164810903933,-4.542967319488525,-0.16796709597110748,base,no
3854,0,0,0.0028009275289932133,-5.95182466506958,-0.0768248662352562,base,no
3855,0,0,0.09534946232842245,-2.504274368286133,-0.2542743384838104,base,no
3856,0,0,0.11920290950590741,-2.5905981063842773,-0.5905979871749878,base,no
3857,0,0,0.0474258704848281,-3.29463791847229,-0.29463785886764526,base,no
3858,0,1,0.5312093733737563,-1.1058648824691772,-1.2308648824691772,base,Yes
3859,0,0,0.16451644651115205,-2.16793155670166,-0.5429314374923706,base,no
3860,0,0,0.3775406828054583,-1.377389907836914,-0.8773899674415588,base,no
3861,0,0,0.29421497216298875,-1.61906898021698,-0.74406898021698,base,no
3862,0,0,0.001700722145789111,-6.4339423179626465,-0.05894216150045395,base,no
3863,0,0,0.2689414330889798,-1.6660199165344238,-0.6660199761390686,base,no
3864,0,0,0.5,-0.9736780524253845,-0.9736780524253845,base,no
3865,0,0,0.0003353502553522657,-8.18087387084961,-0.18087424337863922,base,no
3866,0,0,0.053403329799824234,-3.2133920192718506,-0.3383920192718506,base,no
3867,0,0,0.0015011819663719016,-6.616806507110596,-0.11680631339550018,base,no
3868,0,0,0.007577241267860811,-5.170517444610596,-0.2955174446105957,base,no
3869,0,0,0.0021827166076152705,-6.244342803955078,-0.1193428784608841,base,no
3870,0,0,0.3486451488696663,-1.3434646129608154,-0.7184646725654602,base,no
3871,0,0,0.0007096703145613268,-7.365289688110352,-0.11528956890106201,base,no
3872,0,0,0.0013250222397492748,-6.741527557373047,-0.11652742326259613,base,no
3873,0,0,0.004609572931459185,-5.453585147857666,-0.07858531177043915,base,no
3874,0,0,0.20181321265898594,-1.8528132438659668,-0.477813184261322,base,no
3875,0,0,0.0006263341954184638,-8.069191932678223,-0.6941919922828674,base,no
3876,0,0,0.02931222905542399,-3.600888729095459,-0.10088866949081421,base,no
3877,0,0,0.00033535013046647816,-8.114006996154785,-0.11400699615478516,base,no
3878,0,0,0.0019267344054300975,-6.401293754577637,-0.15129362046718597,base,no
3879,0,1,0.7057850402140659,-0.8335050940513611,-1.7085051536560059,base,yes
3880,0,0,0.005220125074519377,-5.3392839431762695,-0.08928382396697998,base,no
3881,0,0,0.001501181999875563,-6.582803726196289,-0.08280355483293533,base,no
3882,0,0,0.0006263340881549695,-7.425661087036133,-0.05066097527742386,base,no
3883,0,0,0.2689414330889798,-1.432011604309082,-0.4320116639137268,base,no
3884,0,0,0.01406362890279984,-4.382275581359863,-0.13227571547031403,base,no
3885,0,1,0.8807970779778823,-0.6915147304534912,-2.691514730453491,base,Yes
3886,0,0,0.03732688627322502,-3.616072416305542,-0.3660723865032196,base,no
3887,0,0,0.029312229903390143,-3.774073600769043,-0.2740735709667206,base,no
3888,0,1,0.6791787121629466,-0.9155818819999695,-1.6655819416046143,base,Yes
3889,0,0,0.0004305570043681645,-7.95323371887207,-0.203233540058136,base,no
3890,0,0,0.09534947004048376,-2.6431314945220947,-0.3931315541267395,base,no
3891,0,1,0.754914997895581,-0.5821148753166199,-1.7071149349212646,base,yes
3892,0,0,0.001501182145058104,-6.663855075836182,-0.16385500133037567,base,no
3893,0,0,0.0015011821673938809,-6.7861175537109375,-0.2861174941062927,base,no
3894,0,0,0.06754668550840877,-2.9296698570251465,-0.3046697676181793,base,no
3895,0,0,0.04208773272170267,-3.358184814453125,-0.23318493366241455,base,no
3896,0,1,0.5621765008857981,-0.780709981918335,-1.030709981918335,base,yes
3897,0,0,0.0004878571954431821,-7.786703109741211,-0.16170325875282288,base,no
3898,0,0,0.22270014914315833,-1.793318748474121,-0.5433188080787659,base,no
3899,0,0,0.11920292828022305,-2.4005961418151855,-0.4005962014198303,base,no
3900,0,0,0.07585818837825822,-2.7713470458984375,-0.27134716510772705,base,no
3901,0,1,0.8807970873650403,-0.3192829191684723,-2.3192830085754395,base,yes
3902,0,0,0.0019267342334985317,-6.45753288269043,-0.20753265917301178,base,no
3903,0,0,0.0017007225632331216,-6.603302001953125,-0.22830209136009216,base,no
3904,0,0,0.14804720930852133,-2.0498619079589844,-0.29986199736595154,base,no
3905,0,0,0.2018132270610754,-1.807555913925171,-0.4325559437274933,base,no
3906,0,0,0.3775406547908327,-1.330491065979004,-0.8304910063743591,base,no
3907,0,0,0.0011695101432087622,-6.914381980895996,-0.16438187658786774,base,no
3908,0,0,0.18242552380635632,-1.8395849466323853,-0.33958494663238525,base,no
3909,0,0,0.042087725512577126,-3.3766582012176514,-0.2516581416130066,base,no
3910,0,0,0.3775406547908327,-1.3713126182556152,-0.8713125586509705,base,no
3911,0,0,0.0007096704043842924,-7.340820789337158,-0.0908207967877388,base,no
3912,0,0,0.0002611902607303886,-8.340071678161621,-0.09007145464420319,base,no
3913,0,0,0.22270013882530884,-1.6977043151855469,-0.4477043151855469,base,no
3914,0,0,0.0003799845147518645,-8.350473403930664,-0.47547340393066406,base,no
3915,0,0,0.0010322310367548194,-7.005683422088623,-0.13068342208862305,base,no
3916,0,0,0.0010322310674859476,-7.1302666664123535,-0.2552666962146759,base,no
3917,0,0,0.04742587317756679,-3.4779319763183594,-0.4779319763183594,base,no
3918,0,0,0.010986941011398892,-4.830373287200928,-0.3303731381893158,base,no
3919,0,1,0.5621765008857981,-1.0391359329223633,-1.2891359329223633,base,yes
3920,0,0,0.0005527786533885804,-7.72705602645874,-0.22705605626106262,base,no
3921,0,0,0.0015011824800947912,-6.976433277130127,-0.4764334261417389,base,no
3922,0,0,0.32082130082460697,-1.4330668449401855,-0.6830668449401855,base,no
3923,0,0,0.0002034270568529419,-8.660985946655273,-0.16098633408546448,base,no
3924,0,0,0.24508501313237172,-1.6109559535980225,-0.48595595359802246,base,no
3925,0,0,0.18242553269617778,-1.9979617595672607,-0.4979618191719055,base,no
3926,0,0,0.060086646807761206,-2.929387092590332,-0.17938703298568726,base,no
3927,0,0,0.0006263341394548992,-7.5036187171936035,-0.12861868739128113,base,no
3928,0,0,0.0002305068181458898,-8.535799980163574,-0.16080039739608765,base,no
3929,0,0,0.002182716802339394,-6.242956638336182,-0.11795680224895477,base,no
3930,0,1,0.6224593312018546,-0.9241253137588501,-1.42412531375885,base,yes
3931,0,0,0.009708477484315619,-4.737070560455322,-0.11207066476345062,base,no
3932,0,1,0.7057850402140659,-0.840603768825531,-1.7156038284301758,base,yes
3933,0,0,0.0013250221805946513,-7.1506476402282715,-0.5256474614143372,base,no
3934,0,0,0.24508501313237172,-1.6076335906982422,-0.4826335906982422,base,no
3935,0,0,0.002800927216841955,-5.981895446777344,-0.10689553618431091,base,no
3936,0,0,0.06008665522337757,-3.0479886531829834,-0.29798874258995056,base,no
3937,0,0,0.0046095725383238405,-5.427783966064453,-0.05278404429554939,base,no
3938,0,0,0.017986209567299315,-4.102169036865234,-0.10216901451349258,base,no
3939,0,0,0.0031726828424851893,-5.957150936126709,-0.20715093612670898,base,no
3940,0,0,0.005911069994538625,-5.250180721282959,-0.1251809149980545,base,no
3941,0,0,0.00026119024905732415,-8.377859115600586,-0.12785884737968445,base,no
3942,0,0,0.37754066879814546,-1.1488754749298096,-0.6488754749298096,base,no
3943,0,0,0.012431650853185818,-4.450290203094482,-0.07529020309448242,base,no
3944,0,0,0.0015011823460801075,-6.707680702209473,-0.20768076181411743,base,no
3945,0,0,0.0007096705259094992,-7.5336384773254395,-0.2836386561393738,base,no
3946,0,0,0.00048785691933175807,-8.013895034790039,-0.38889461755752563,base,no
3947,0,0,0.01798621364681958,-4.305450439453125,-0.3054506480693817,base,no
3948,0,0,0.10669059962643358,-2.4756827354431152,-0.35068279504776,base,no
3949,0,0,0.001926734606016944,-6.415192604064941,-0.16519257426261902,base,no
3950,0,1,0.5926665855647394,-0.8831894993782043,-1.2581894397735596,base,yes
3951,0,0,0.0002305066704827544,-8.578246116638184,-0.20324589312076569,base,no
3952,0,0,0.014063629109417006,-4.455815315246582,-0.20581546425819397,base,no
3953,0,0,0.0024726233771578993,-6.184245586395264,-0.18424567580223083,base,no
3954,0,0,0.001501182502430573,-6.664000034332275,-0.16400019824504852,base,no
3955,0,0,0.0004878572317736444,-7.827765464782715,-0.20276568830013275,base,no
3956,0,0,0.00026119043582642,-8.411608695983887,-0.16160914301872253,base,no
3957,0,0,0.0001584362663127248,-8.851103782653809,-0.10110408067703247,base,no
3958,0,0,0.0008040857560465596,-7.271274089813232,-0.14627386629581451,base,no
3959,0,0,0.11920291263495983,-2.362597703933716,-0.36259761452674866,base,no
3960,0,0,0.4378234991142019,-0.9760333895683289,-0.7260333895683289,base,no
3961,0,0,0.0420877273148584,-3.3604509830474854,-0.23545096814632416,base,no
3962,0,1,0.5312093733737563,-1.0516115427017212,-1.1766115427017212,base,yes
3963,0,0,0.02033235156176603,-4.168342590332031,-0.2933425009250641,base,no
3964,0,0,0.2689414330889798,-1.6417362689971924,-0.6417363286018372,base,no
3965,0,0,0.00017952795864799792,-8.753076553344727,-0.1280764937400818,base,no
3966,0,0,0.0004878570937179025,-7.787929534912109,-0.1629294753074646,base,no
3967,0,0,0.001032230913830316,-6.977916240692139,-0.10291612148284912,base,no
3968,0,0,0.11920291263495983,-2.3823182582855225,-0.3823181688785553,base,no
3969,0,0,0.005220125229279126,-5.609314918518066,-0.35931482911109924,base,no
3970,0,0,0.4073333856566001,-1.1865687370300293,-0.8115686774253845,base,no
3971,0,0,0.0015011820333792252,-6.704879283905029,-0.20487913489341736,base,no
3972,0,0,0.006692849339264817,-5.58503532409668,-0.5850350856781006,base,no
3973,0,0,0.2689414213699951,-1.729010820388794,-0.729010820388794,base,no
3974,0,0,0.002472623487419469,-6.18539571762085,-0.18539585173130035,base,no
3975,0,0,0.0007096704625050409,-7.45503044128418,-0.20503053069114685,base,no
3976,0,0,0.00026119024127528134,-8.503921508789062,-0.2539212107658386,base,no
3977,0,0,0.00023050674259729705,-8.725430488586426,-0.35043057799339294,base,no
3978,0,0,0.0002959569834535217,-8.204874038696289,-0.07987359911203384,base,no
3979,0,0,0.09534947261117097,-2.596034288406372,-0.34603437781333923,base,no
3980,0,0,0.0003799844298509897,-8.019842147827148,-0.14484192430973053,base,no
3981,0,0,0.00048785701379091184,-7.807888507843018,-0.18288828432559967,base,no
3982,0,0,0.0002305067142665812,-8.41866397857666,-0.04366394504904747,base,no
3983,0,0,0.0019267349498801579,-6.566248416900635,-0.3162485659122467,base,no
3984,0,0,0.014063625390308462,-4.473060607910156,-0.2230604887008667,base,no
3985,0,0,0.07585818837825822,-2.7796945571899414,-0.27969467639923096,base,no
3986,0,0,0.0013250223876358448,-6.697935104370117,-0.0729350820183754,base,no
3987,0,0,0.0009110513164708264,-7.2042622566223145,-0.2042623907327652,base,no
3988,0,0,0.0024726225685732036,-6.185288429260254,-0.1852881908416748,base,no
3989,0,0,0.0008040860673232232,-7.32853364944458,-0.2035338133573532,base,no
3990,0,1,0.5312093733737563,-1.0689969062805176,-1.1939969062805176,base,Yes
3991,0,0,0.00048785712641531156,-7.716707706451416,-0.09170771390199661,base,no
3992,0,0,0.0015011825471021377,-6.683167934417725,-0.18316812813282013,base,no
3993,0,0,0.008577487061048297,-4.993864059448242,-0.2438642531633377,base,no
3994,0,0,0.2942149845400438,-1.4568171501159668,-0.5818172097206116,base,no
3995,0,0,0.1480471980316895,-2.1575684547424316,-0.40756845474243164,base,no
3996,0,0,0.3208213138121609,-1.5060057640075684,-0.7560058236122131,base,no
3997,0,0,0.00023050662584042975,-8.724778175354004,-0.3497777581214905,base,no
3998,0,1,0.7772998714925403,-0.7305464148521423,-1.980546474456787,base,yes
3999,0,1,0.8807970842359877,-0.7336966395378113,-2.733696699142456,base,Yes
4000,0,0,0.0850990519679964,-2.6671156883239746,-0.2921157777309418,base,no
4001,0,0,0.32082130082460697,-1.4247616529464722,-0.6747616529464722,base,no
4002,0,0,0.0024726230831270705,-6.093436241149902,-0.09343621134757996,base,no
4003,0,0,0.00970847469068584,-4.736210346221924,-0.1112101599574089,base,no
4004,0,0,0.005220126080457822,-5.405747890472412,-0.15574796497821808,base,no
4005,0,0,0.06008664512463808,-3.009253978729248,-0.2592538893222809,base,no
4006,0,0,0.0006263340275277853,-7.50415563583374,-0.12915542721748352,base,no
4007,0,0,0.4378235137849365,-1.0559372901916504,-0.8059373497962952,base,no
4008,0,0,0.0010322309368786592,-6.978650093078613,-0.10364999622106552,base,no
4009,0,0,0.005911068330877026,-5.414680480957031,-0.2896803915500641,base,no
4010,0,1,0.6513548782017746,-0.8621806502342224,-1.4871807098388672,base,Yes
4011,0,0,0.06754669864792355,-2.9409384727478027,-0.3159385919570923,base,no
4012,0,0,0.04742587385075148,-3.2301979064941406,-0.23019792139530182,base,no
4013,0,0,0.0002305068215799173,-8.55538272857666,-0.18038316071033478,base,no
4014,0,0,0.22270013882530884,-1.66511070728302,-0.41511070728302,base,no
4015,0,1,0.8519528019683106,-0.6572360992431641,-2.407236099243164,base,yes
4016,0,0,0.001700722284937103,-6.521856784820557,-0.14685671031475067,base,no
4017,0,0,0.00218271670497733,-6.382789134979248,-0.2577892541885376,base,no
4018,0,0,0.0035936024747072553,-5.913431167602539,-0.2884311378002167,base,no
4019,0,1,0.8933094060543487,-0.518887996673584,-2.643887996673584,base,yes
4020,0,0,0.005220126931636656,-5.889728546142578,-0.6397287845611572,base,no
4021,0,0,0.03732688306051187,-3.4780430793762207,-0.22804296016693115,base,no
4022,0,0,0.0850990519679964,-2.6858372688293457,-0.31083735823631287,base,no
4023,0,0,0.005220125306659001,-5.443150997161865,-0.19315092265605927,base,no
4024,0,1,0.6791786861878392,-0.8936141133308411,-1.6436140537261963,base,yes
4025,0,0,0.00048785716637881444,-7.769354820251465,-0.144354909658432,base,no
4026,0,0,0.037326888415033926,-3.606699228286743,-0.35669925808906555,base,no
4027,0,0,0.0005527786410398447,-7.602170944213867,-0.10217095166444778,base,no
4028,0,0,0.5,-1.066978096961975,-1.066978096961975,base,no
4029,0,1,0.5926665855647394,-0.707757294178009,-1.0827572345733643,base,yes
4030,0,0,0.0005527785545987024,-7.7028093338012695,-0.2028091847896576,base,no
4031,0,0,0.16451645880021026,-1.9527249336242676,-0.3277249038219452,base,no
4032,0,0,0.0005527785381337246,-7.644531726837158,-0.14453154802322388,base,no
4033,0,0,0.00460957306820192,-5.462731838226318,-0.08773203194141388,base,no
4034,0,0,0.0010322311596793377,-6.926024436950684,-0.051024556159973145,base,no
4035,0,0,0.0009110511130205339,-7.1154561042785645,-0.11545601487159729,base,no
4036,0,0,0.0075772430607274135,-5.035931587219238,-0.16093182563781738,base,no
4037,0,0,0.0019267348925696179,-6.72661828994751,-0.4766184091567993,base,no
4038,0,1,0.5312093733737563,-0.7716229557991028,-0.8966229557991028,base,yes
4039,0,0,0.015906388446265834,-4.4334940910339355,-0.30849388241767883,base,no
4040,0,1,0.9149009642742806,-0.7056649923324585,-3.080665111541748,base,yes
4041,0,0,0.0001584361860553951,-8.930475234985352,-0.18047502636909485,base,no
4042,0,0,0.0009110511672739408,-7.10418176651001,-0.10418173670768738,base,no
4043,0,0,0.025957356444287677,-3.7844526767730713,-0.1594526469707489,base,no
4044,0,0,0.015906392411575272,-4.357303619384766,-0.2323036640882492,base,no
4045,0,0,0.46879062662624377,-1.1982969045639038,-1.0732969045639038,base,no
4046,0,0,0.09534947261117097,-2.5432968139648438,-0.2932969033718109,base,no
4047,0,0,0.001700722133139294,-6.509695529937744,-0.134695366024971,base,no
4048,0,0,0.46879061178313897,-1.0680291652679443,-0.9430291056632996,base,no
4049,0,0,0.005911068243315901,-5.238432884216309,-0.11343277990818024,base,no
4050,0,0,0.004609571905888793,-5.730889320373535,-0.3558892607688904,base,no
4051,0,1,0.5926666143433998,-0.7681755423545837,-1.1431756019592285,base,yes
4052,0,0,0.09534945975773548,-2.5715439319610596,-0.3215438723564148,base,no
4053,0,0,8.481104930563602e-05,-9.445512771606445,-0.07051286101341248,base,no
4054,0,0,0.0019267346633274755,-6.609211444854736,-0.35921144485473633,base,no
4055,0,0,0.0011695100909887293,-7.227638244628906,-0.4776380956172943,base,no
4056,0,0,0.053403329799824234,-3.2295382022857666,-0.3545382022857666,base,no
4057,0,0,0.015906392644828796,-4.533077239990234,-0.40807729959487915,base,no
4058,0,0,0.00029595710689987785,-8.21585750579834,-0.09085748344659805,base,no
4059,0,0,0.09534947518185825,-2.959507465362549,-0.7095075845718384,base,No
4060,0,0,0.4378234991142019,-1.2300963401794434,-0.9800963401794434,base,no
4061,0,0,0.00857748680761192,-4.911101341247559,-0.16110150516033173,base,no
4062,0,0,0.0019267346346722098,-6.433448791503906,-0.18344877660274506,base,no
4063,0,0,0.18242551491653522,-2.0056588649749756,-0.5056588053703308,base,no
4064,0,0,0.005220126815566807,-5.3408284187316895,-0.09082863479852676,base,no
4065,0,0,0.00669285072615733,-5.360405921936035,-0.36040589213371277,base,no
4066,0,0,0.02297736823741426,-3.9017844200134277,-0.15178434550762177,base,no
4067,0,0,0.5,-1.0258903503417969,-1.0258903503417969,base,no
4068,0,1,0.7310585903489892,-0.6096429228782654,-1.6096429824829102,base,yes
4069,0,0,0.003593602928236824,-5.745272636413574,-0.12027273327112198,base,no
4070,0,1,0.7310585786300049,-0.7149912118911743,-1.7149912118911743,base,yes
4071,0,0,0.06008665606493926,-2.9827377796173096,-0.23273788392543793,base,no
4072,0,1,0.8519527906914787,-0.48915132880210876,-2.2391512393951416,base,yes
4073,0,0,0.004070138078313694,-5.821219444274902,-0.3212195336818695,base,no
4074,0,0,0.0019267347779485435,-6.456397533416748,-0.20639759302139282,base,no
4075,0,0,0.060086648490884395,-2.9449172019958496,-0.19491717219352722,base,no
4076,0,0,0.4378234991142019,-1.242295742034912,-0.9922957420349121,base,no
4077,0,0,0.0011695104304189849,-6.854520320892334,-0.10452046245336533,base,no
4078,0,0,0.00033535014545277016,-8.144210815429688,-0.14421086013317108,base,no
4079,0,0,0.02297736857193652,-3.939990520477295,-0.18999046087265015,base,no
4080,0,0,0.11920290950590741,-2.217527389526367,-0.21752727031707764,base,no
4081,0,0,0.46879062662624377,-0.9742605090141296,-0.8492605090141296,base,no
4082,0,0,0.1645164628965632,-2.0269479751586914,-0.4019479751586914,base,no
4083,0,1,0.8519528019683106,-0.5609402656555176,-2.3109402656555176,base,yes
4084,0,0,0.009708476839631754,-4.740921497344971,-0.11592153459787369,base,no
4085,0,0,0.0002305066464445785,-8.657572746276855,-0.2825724184513092,base,no
4086,0,0,0.012431652865560293,-4.50848913192749,-0.13348929584026337,base,no
4087,0,0,0.008577485920584663,-4.9915900230407715,-0.24159008264541626,base,no
4088,0,1,0.5926665999540697,-0.890433669090271,-1.265433669090271,base,yes
4089,0,0,0.00218271696460951,-6.38096809387207,-0.2559683322906494,base,no
4090,0,0,0.0002611904008072044,-8.378233909606934,-0.12823422253131866,base,no
4091,0,0,0.0028009275498032983,-6.023780822753906,-0.14878103137016296,base,no
4092,0,0,0.037326887879581695,-3.3886098861694336,-0.1386099010705948,base,no
4093,0,0,0.3486451488696663,-1.5036334991455078,-0.8786335587501526,base,no
4094,0,0,0.03732688359596404,-3.4792799949645996,-0.22927989065647125,base,no
4095,0,0,0.005911067805510302,-5.414518356323242,-0.28951817750930786,base,no
4096,0,0,0.29421497216298875,-1.5576062202453613,-0.6826062202453613,base,no
4097,0,0,0.0004878570573874506,-7.7691144943237305,-0.14411436021327972,base,no
4098,0,0,0.0007096702722916998,-7.9454026222229,-0.6954024434089661,base,no
4099,0,1,0.8354835452961425,-0.7060689330101013,-2.331068992614746,base,yes
4100,0,0,0.017986210751676075,-4.145663738250732,-0.145663782954216,base,no
4101,0,0,0.03308597791199666,-3.5480244159698486,-0.17302440106868744,base,no
4102,0,0,0.02033235423310517,-4.025529861450195,-0.1505299061536789,base,no
4103,0,0,0.00010889691732786635,-9.214838981628418,-0.08983904868364334,base,no
4104,0,0,0.5,-1.1350111961364746,-1.1350111961364746,base,no
4105,0,0,0.008577483512939705,-4.8836541175842285,-0.1336538940668106,base,no
4106,0,1,0.7772998611746911,-0.8224663734436035,-2.0724663734436035,base,Yes
4107,0,0,0.10669059962643358,-2.4581589698791504,-0.33315902948379517,base,no
4108,0,0,0.29421497216298875,-1.5710417032241821,-0.6960417032241821,base,no
4109,0,0,0.010986944735546109,-4.7429656982421875,-0.24296589195728302,base,no
4110,0,0,0.07585817584273653,-2.708249092102051,-0.208249032497406,base,no
4111,0,0,0.0005527785751799256,-7.615635395050049,-0.11563528329133987,base,no
4112,0,0,0.0021827165751612514,-6.242112636566162,-0.11711269617080688,base,no
4113,0,0,0.0006263340461823029,-7.4903974533081055,-0.11539727449417114,base,no
4114,0,0,0.0024726231382578485,-6.094456195831299,-0.09445618838071823,base,no
4115,0,0,0.007577241604023266,-5.032350540161133,-0.1573505848646164,base,no
4116,0,0,0.006692852311177695,-5.264101028442383,-0.2641012370586395,base,no
4117,0,0,0.46879062662624377,-1.1885157823562622,-1.0635157823562622,base,no
4118,0,0,0.2942149783515162,-1.3732028007507324,-0.4982028305530548,base,no
4119,0,0,0.008577485920584663,-5.153687000274658,-0.403687059879303,base,no
4120,0,0,0.0007096703462635487,-7.431630611419678,-0.18163053691387177,base,no
4121,0,0,0.04742587250438209,-3.1337573528289795,-0.1337573379278183,base,no
4122,0,0,0.11920291263495983,-2.402791976928711,-0.4027918875217438,base,no
4123,0,0,0.0017007226138324027,-6.559298992156982,-0.18429911136627197,base,no
4124,0,0,0.0013250221904537553,-6.741676330566406,-0.11667615920305252,base,no
4125,0,0,0.00048785703195613594,-7.715716361999512,-0.0907161757349968,base,no
4126,0,0,0.4073334000459302,-1.275643229484558,-0.9006432294845581,base,no
4127,0,0,0.0009110510858938316,-7.4327287673950195,-0.43272864818573,base,no
4128,0,0,0.0004878572099753667,-7.878342628479004,-0.25334280729293823,base,no
4129,0,0,0.11920293140927592,-2.2874131202697754,-0.28741320967674255,base,no
4130,0,0,0.03308597934211908,-3.566713333129883,-0.1917133629322052,base,no
4131,0,1,0.8807970873650403,-0.2825757563114166,-2.282575845718384,base,yes
4132,0,0,0.00359360332841002,-5.981317043304443,-0.3563172519207001,base,no
4133,0,1,0.8519527906914787,-0.4310811460018158,-2.1810810565948486,base,yes
4134,0,0,0.0007096703885331799,-7.364516258239746,-0.1145162433385849,base,no
4135,0,0,0.00048785722087450544,-7.664706707000732,-0.03970690816640854,base,no
4136,0,0,0.0010322309829753475,-6.940062522888184,-0.06506247073411942,base,no
4137,0,1,0.7772998508568416,-0.7188814282417297,-1.968881368637085,base,yes
4138,0,0,0.0007096704836398597,-7.533061504364014,-0.2830616235733032,base,no
4139,0,0,0.00033535008051217613,-8.180970191955566,-0.18097004294395447,base,no
4140,0,0,0.0008040858398518034,-7.28879976272583,-0.16379964351654053,base,no
4141,0,0,0.00023050676663548297,-8.430937767028809,-0.055937960743904114,base,no
4142,0,1,0.6513548646660542,-0.7994128465652466,-1.4244128465652466,base,yes
4143,0,0,0.0019267349498801579,-6.536271095275879,-0.28627124428749084,base,no
4144,0,1,0.8670357598021706,-0.37813830375671387,-2.253138303756714,base,yes
4145,0,0,0.0003353500705213166,-8.389636039733887,-0.3896358609199524,base,no
4146,0,0,0.0024726229728655185,-6.148451805114746,-0.14845173060894012,base,no
4147,0,0,0.020332356310813628,-4.1332688331604,-0.25826898217201233,base,no
4148,0,0,0.24508500210441886,-1.7579901218414307,-0.6329900622367859,base,no
4149,0,0,0.0009110513571608901,-7.183389663696289,-0.1833898425102234,base,no
4150,0,0,0.0017007226644316852,-6.807704448699951,-0.4327045977115631,base,no
4151,0,0,0.0046095728630878175,-5.731041431427002,-0.3560415804386139,base,no
4152,0,0,0.5,-1.1156399250030518,-1.1156399250030518,base,no
4153,0,0,0.003593603221697163,-5.857804298400879,-0.23280447721481323,base,no
4154,0,0,0.18242552825126704,-1.9479846954345703,-0.4479847252368927,base,no
4155,0,0,0.0017007226138324027,-6.660264015197754,-0.28526413440704346,base,no
4156,0,0,0.00033534998559902284,-8.18112564086914,-0.181125208735466,base,no
4157,0,0,0.00029595713555707507,-8.214808464050293,-0.08980853855609894,base,no
4158,0,0,0.0005527785545987024,-7.703994274139404,-0.20399412512779236,base,no
4159,0,0,0.00132502237777674,-6.909821033477783,-0.2848210036754608,base,no
4160,0,0,0.0010322310521203835,-7.079461097717285,-0.20446111261844635,base,no
4161,0,0,0.012431649938470258,-4.577182292938232,-0.20218221843242645,base,no
4162,0,0,0.0013250225355224317,-6.853114604949951,-0.22811469435691833,base,no
4163,0,0,0.0006263341767639418,-7.438789367675781,-0.06378939747810364,base,no
4164,0,0,0.001169510508749058,-7.181203842163086,-0.43120405077934265,base,no
4165,0,0,0.10669060246682488,-2.5495107173919678,-0.42451080679893494,base,no
4166,0,0,0.46879062662624377,-1.143860101699829,-1.018860101699829,base,no
4167,0,0,0.1480472055495773,-2.214170455932617,-0.46417051553726196,base,no
4168,0,1,0.9399133557169234,-0.20196832716464996,-2.9519684314727783,base,yes
4169,0,0,0.004609571222175325,-5.58778190612793,-0.21278169751167297,base,no
4170,0,0,0.00037998467323354827,-8.350040435791016,-0.47504085302352905,base,no
4171,0,0,0.002472622715588583,-6.132922172546387,-0.1329219937324524,base,no
4172,0,0,0.1480471829959148,-2.0496935844421387,-0.2996934652328491,base,no
4173,0,0,0.01243164902375476,-4.5261945724487305,-0.15119442343711853,base,no
4174,0,0,0.029312231175339414,-3.7022008895874023,-0.20220090448856354,base,no
4175,0,0,0.0007096704096679966,-7.364608287811279,-0.11460830271244049,base,no
4176,0,0,0.0021827160396700094,-6.244760990142822,-0.11976080387830734,base,no
4177,0,0,0.0008040860433788604,-7.328051567077637,-0.20305170118808746,base,no
4178,0,0,0.007577240259373531,-5.033017635345459,-0.15801750123500824,base,no
4179,0,0,0.0024726232301424803,-6.149908542633057,-0.14990857243537903,base,no
4180,0,0,0.014063626836628337,-4.445862293243408,-0.195862278342247,base,no
4181,0,0,0.001926734606016944,-6.682366371154785,-0.43236634135246277,base,no
4182,0,0,0.0006263342886910823,-7.602107048034668,-0.22710725665092468,base,no
4183,0,1,0.7057850154599563,-0.937258780002594,-1.8122587203979492,base,Yes
4184,0,0,0.047425871831197425,-3.1792831420898438,-0.17928311228752136,base,no
4185,0,0,0.03308598220236406,-3.585972785949707,-0.21097290515899658,base,no
4186,0,0,0.007577242612510723,-5.234811782836914,-0.3598119616508484,base,no
4187,0,0,0.0003799844411711053,-8.003283500671387,-0.1282833069562912,base,no
4188,0,0,0.2689414096510108,-1.6573448181152344,-0.6573447585105896,base,no
4189,0,0,0.06754668550840877,-2.999777317047119,-0.374777227640152,base,no
4190,0,0,0.08509903804604459,-2.638361692428589,-0.2633616030216217,base,no
4191,0,0,0.0004878570937179025,-7.806899070739746,-0.18189901113510132,base,no
4192,0,1,0.6513548646660542,-0.7018030881881714,-1.3268030881881714,base,yes
4193,0,0,0.0013250221805946513,-6.8292460441589355,-0.20424586534500122,base,no
4194,0,1,0.6513548511303336,-0.6029818654060364,-1.2279818058013916,base,yes
4195,0,0,0.00013982208814664943,-8.964709281921387,-0.08970937132835388,base,no
4196,0,0,0.0002959571311482753,-8.439712524414062,-0.3147125840187073,base,no
4197,0,0,0.005911068856243796,-5.36289644241333,-0.23789644241333008,base,no
4198,0,0,0.0004878571736449062,-7.828026294708252,-0.2030263990163803,base,no
4199,0,0,0.0019267342621537913,-6.507115364074707,-0.2571151554584503,base,no
4200,0,0,0.14804718675485834,-2.1425065994262695,-0.39250651001930237,base,no
4201,0,0,0.00280092717522179,-6.009590148925781,-0.13459022343158722,base,no
4202,0,0,0.0035936027414893473,-5.775354385375977,-0.15035443007946014,base,no
4203,0,0,0.05340333055309901,-3.0740761756896973,-0.19907619059085846,base,no
4204,0,0,0.0004305571005637297,-7.911447525024414,-0.16144756972789764,base,no
4205,0,0,0.0031726823240919213,-5.847473621368408,-0.09747345745563507,base,no
4206,0,0,0.0007096704625050409,-7.453578948974609,-0.20357903838157654,base,no
4207,0,0,0.0004878570937179025,-8.261064529418945,-0.6360644698143005,base,No
4208,0,0,0.0011695104739356916,-7.385226249694824,-0.6352264285087585,base,no
4209,0,0,0.001325022328481215,-6.728641033172607,-0.10364096611738205,base,no
4210,0,0,0.001926734577361679,-6.366970539093018,-0.116970494389534,base,no
4211,0,0,0.009708476051684862,-4.722742080688477,-0.09774203598499298,base,no
4212,0,0,0.014063629006108426,-4.369029521942139,-0.11902966350317001,base,no
4213,0,0,0.0006263342094093556,-7.457211494445801,-0.08221157640218735,base,no
4214,0,0,0.13296424706933604,-2.138230800628662,-0.2632308602333069,base,no
4215,0,0,0.005220124610240159,-5.572351455688477,-0.32235124707221985,base,no
4216,0,0,0.24508501313237172,-1.7206926345825195,-0.5956926345825195,base,no
4217,0,0,0.5,-1.009343147277832,-1.009343147277832,base,no
4218,0,0,0.004609572042631499,-5.56439733505249,-0.18939730525016785,base,no
4219,0,0,0.0017007227150309691,-6.604742527008057,-0.22974270582199097,base,no
4220,0,1,0.7549149868676283,-0.8082834482192993,-1.9332834482192993,base,Yes
4221,0,0,0.007577240539508873,-4.989922046661377,-0.1149219498038292,base,no
4222,0,0,0.001169510456529009,-6.979435920715332,-0.22943608462810516,base,no
4223,0,0,0.033085976005166884,-3.560708522796631,-0.1857084482908249,base,no
4224,0,0,0.007577241604023266,-4.968397617340088,-0.09339766204357147,base,no
4225,0,0,0.0019267345916893117,-6.367726802825928,-0.11772676557302475,base,no
4226,0,0,0.16451647108926923,-2.0732920169830322,-0.448292076587677,base,no
4227,0,0,0.0010322308523680697,-7.103371620178223,-0.22837144136428833,base,no
4228,0,0,0.025957355314023947,-3.783257246017456,-0.15825717151165009,base,no
4229,0,0,0.0021827164777991977,-6.309044361114502,-0.18404437601566315,base,no
4230,0,0,0.0035936026347765083,-5.775714874267578,-0.15071488916873932,base,no
4231,0,0,0.0600866518571309,-3.1203482151031494,-0.3703482449054718,base,no
4232,0,0,0.0008040860673232232,-7.306643009185791,-0.18164317309856415,base,no
4233,0,0,0.0006263342700365574,-7.692978858947754,-0.31797903776168823,base,no
4234,0,0,0.000709670377965772,-7.367231369018555,-0.1172313392162323,base,no
4235,0,0,0.0005527785957611495,-7.616036891937256,-0.11603681743144989,base,no
4236,0,0,0.0002305067872396443,-8.518649101257324,-0.1436493843793869,base,no
4237,0,0,0.0013250222989039011,-6.85426139831543,-0.22926130890846252,base,no
4238,0,0,0.0010322310060236924,-7.2645649909973145,-0.38956496119499207,base,no
4239,0,0,0.0002959570958778797,-8.269793510437012,-0.14479345083236694,base,no
4240,0,1,0.5312093733737563,-1.0965752601623535,-1.2215752601623535,base,yes
4241,0,0,0.042087730919421175,-3.3028085231781006,-0.17780859768390656,base,no
4242,0,0,0.0003799846619134258,-8.189549446105957,-0.31454983353614807,base,no
4243,0,0,0.0004878570065248225,-7.808220863342285,-0.18322062492370605,base,no
4244,0,0,0.003593603088306097,-5.736098766326904,-0.11109890788793564,base,no
4245,0,0,0.001032231151996555,-6.978369235992432,-0.1033693477511406,base,no
4246,0,0,0.0021827167374313507,-6.355998992919922,-0.23099912703037262,base,no
4247,0,1,0.754914997895581,-0.7405278086662292,-1.865527868270874,base,yes
4248,0,1,0.798186768138228,-0.616465151309967,-1.9914650917053223,base,yes
4249,0,0,0.0002959570870602814,-8.226840019226074,-0.10183992981910706,base,no
4250,0,0,0.007577240651563013,-4.978868007659912,-0.10386792570352554,base,no
4251,0,1,0.798186768138228,-0.5336897969245911,-1.9086897373199463,base,yes
4252,0,0,0.4378235137849365,-1.0463886260986328,-0.7963886857032776,base,no
4253,0,0,0.0008040859116848763,-7.409340858459473,-0.28434082865715027,base,no
4254,0,0,0.002800927133601626,-6.060828685760498,-0.18582874536514282,base,no
4255,0,0,0.004070138561537168,-5.719296455383301,-0.2192966639995575,base,no
4256,0,0,0.002472623542550256,-6.061257839202881,-0.061257995665073395,base,no
4257,0,0,0.02595735682104226,-3.747441053390503,-0.12244103848934174,base,no
4258,0,0,0.0005527785545987024,-7.727150917053223,-0.22715076804161072,base,no
4259,0,1,0.5926665999540697,-1.0253801345825195,-1.4003801345825195,base,Yes
4260,0,0,0.13296423676207594,-2.3007290363311768,-0.42572900652885437,base,no
4261,0,0,0.0003353502553522657,-8.162606239318848,-0.1626066118478775,base,no
4262,0,0,0.0600866518571309,-3.1778228282928467,-0.42782285809516907,base,no
4263,0,1,0.6224593452091672,-0.8947309851646423,-1.394731044769287,base,yes
4264,0,0,0.0003353500205670236,-8.202899932861328,-0.20289960503578186,base,no
4265,0,0,0.0007096705259094992,-7.412520408630371,-0.16252058744430542,base,no
4266,0,0,0.0002611903871886217,-8.313566207885742,-0.06356646865606308,base,no
4267,0,0,0.022977370913592487,-3.978710412979126,-0.22871045768260956,base,no
4268,0,0,0.0006263341441185294,-7.4657182693481445,-0.09071824699640274,base,no
4269,0,0,0.0675466911396291,-2.9072835445404053,-0.2822835445404053,base,no
4270,0,0,0.0046095727605307705,-5.452892780303955,-0.07789290696382523,base,no
4271,0,0,0.0019267345487064141,-6.415363311767578,-0.16536325216293335,base,no
4272,0,0,0.025957358328060655,-3.8490490913391113,-0.2240491360425949,base,no
4273,0,0,0.002472623524173327,-6.149338245391846,-0.14933839440345764,base,no
4274,0,0,0.00029595715319227474,-8.285991668701172,-0.16099180281162262,base,no
4275,0,0,0.047425871831197425,-3.2049577236175537,-0.20495769381523132,base,no
4276,0,0,0.008577484019812273,-4.966564178466797,-0.21656401455402374,base,no
4277,0,0,0.0006263343073456077,-7.89952278137207,-0.5245230197906494,base,no
4278,0,0,0.0059110695567328965,-5.522212028503418,-0.3972121477127075,base,No
4279,0,0,0.04208772791561884,-3.410442352294922,-0.2854423522949219,base,no
4280,0,0,0.012431651950844584,-4.710760116577148,-0.3357602059841156,base,no
4281,0,0,0.18242550602671442,-2.242708683013916,-0.7427085638046265,base,no
4282,0,0,0.0004878572390397371,-8.150056838989258,-0.5250570774078369,base,no
4283,0,0,0.0013250222594674832,-6.910986423492432,-0.2859863042831421,base,no
4284,0,0,0.2942149845400438,-1.599949598312378,-0.7249496579170227,base,no
4285,0,0,0.002182715990988994,-6.4101338386535645,-0.28513363003730774,base,no
4286,0,0,0.0015011819217003541,-6.72878360748291,-0.22878338396549225,base,no
4287,0,0,0.13296425222296632,-2.085502862930298,-0.2105029672384262,base,no
4288,0,0,0.0002034270386688464,-9.076915740966797,-0.5769160389900208,base,no
4289,0,0,0.22270014398423357,-1.6947556734085083,-0.4447557032108307,base,no
4290,0,0,0.22270014398423357,-1.6929670572280884,-0.44296708703041077,base,no
4291,0,0,0.0008040859954901364,-7.310066223144531,-0.18506629765033722,base,no
4292,0,0,0.0075772422763482235,-4.9352898597717285,-0.06028999388217926,base,no
4293,0,0,0.03732689162774753,-3.480290412902832,-0.23029053211212158,base,no
4294,0,1,0.5926665855647394,-0.8108780980110168,-1.185878038406372,base,yes
4295,0,0,0.004609571974260146,-5.513845920562744,-0.13884587585926056,base,no
4296,0,0,0.0031726823240919213,-5.918330192565918,-0.16833002865314484,base,no
4297,0,0,0.0006263340508459324,-7.477040767669678,-0.102040596306324,base,no
4298,0,1,0.8933094003735664,-0.7302635312080383,-2.8552634716033936,base,Yes
4299,0,0,0.009708474475791274,-4.843932628631592,-0.21893242001533508,base,no
4300,0,0,0.0015011821227223277,-6.617700576782227,-0.1177004873752594,base,no
4301,0,0,0.005911068681121534,-5.415844917297363,-0.2908448874950409,base,no
4302,0,0,0.001700722310236739,-6.95475959777832,-0.5797595381736755,base,no
4303,0,0,0.0008040859954901364,-7.288479328155518,-0.16347940266132355,base,no
4304,0,0,0.060086652698692546,-2.9836041927337646,-0.23360423743724823,base,no
4305,0,0,0.08509904964767095,-2.7604358196258545,-0.38543587923049927,base,no
4306,0,0,0.0015011823460801075,-6.977461814880371,-0.47746187448501587,base,no
4307,0,0,0.08509904036636974,-2.675050973892212,-0.30005091428756714,base,no
4308,0,0,0.0007096704836398597,-7.431639671325684,-0.18163979053497314,base,no
4309,0,0,0.22270012850745968,-1.7882368564605713,-0.5382367968559265,base,no
4310,0,0,0.00218271615325905,-6.2320170402526855,-0.1070169061422348,base,no
4311,0,0,0.00029595722373308383,-8.195882797241211,-0.07088316977024078,base,no
4312,0,0,0.0010322309752925658,-6.990380764007568,-0.11538070440292358,base,no
4313,0,0,0.002472622715588583,-6.637752056121826,-0.6377518773078918,base,no
4314,0,0,0.0373268852023206,-3.49137282371521,-0.24137276411056519,base,no
4315,0,1,0.5312093733737563,-1.11385977268219,-1.23885977268219,base,Yes
4316,0,0,0.07585818628900447,-2.8676834106445312,-0.3676835000514984,base,no
4317,0,0,0.022977370244547896,-3.9237985610961914,-0.1737985759973526,base,no
4318,0,0,0.20181321265898594,-1.8825042247772217,-0.5075041651725769,base,no
4319,0,0,0.00043055704925942556,-7.932297229766846,-0.18229715526103973,base,no
4320,0,0,0.0006263342327275096,-7.95225715637207,-0.5772572755813599,base,no
4321,0,0,0.005911068068193657,-5.267858982086182,-0.1428588479757309,base,no
4322,0,0,0.40733341443526055,-1.0963993072509766,-0.7213993668556213,base,no
4323,0,0,0.0035936029815932477,-5.71125602722168,-0.08625613898038864,base,no
4324,0,0,0.05340333431947304,-3.1592135429382324,-0.2842136323451996,base,no
4325,0,0,0.010986943602109868,-4.6492156982421875,-0.14921578764915466,base,no
4326,0,0,0.0007096702511568873,-7.412387847900391,-0.1623876392841339,base,no
4327,0,0,0.0008040859116848763,-7.3788981437683105,-0.25389811396598816,base,no
4328,0,0,0.0008040860553510418,-7.475052833557129,-0.35005298256874084,base,no
4329,0,0,0.0002959570032931112,-8.286259651184082,-0.16125927865505219,base,no
4330,0,0,0.05340333507274787,-2.996553421020508,-0.12155352532863617,base,no
4331,0,0,0.00023050677350353656,-8.46532917022705,-0.09032939374446869,base,no
4332,0,0,0.0021827165751612514,-6.208878993988037,-0.08387905359268188,base,no
4333,0,0,0.2689414330889798,-1.6502885818481445,-0.6502886414527893,base,no
4334,0,0,0.060086646807761206,-3.1899473667144775,-0.43994730710983276,base,no
4335,0,1,0.8175744761936437,-0.433205246925354,-1.933205246925354,base,yes
4336,0,0,0.0046095724528596406,-5.6079421043396,-0.23294216394424438,base,no
4337,0,0,0.010986940687560063,-4.772462368011475,-0.2724621891975403,base,no
4338,0,0,0.00026119026462141035,-8.502913475036621,-0.2529132664203644,base,no
4339,0,0,0.0002959571179218765,-8.205642700195312,-0.0806427150964737,base,no
4340,0,0,0.010986944087868242,-4.587927341461182,-0.08792747557163239,base,no
4341,0,0,0.32082130082460697,-1.3940362930297852,-0.6440362930297852,base,no
4342,0,0,0.000552778760410968,-7.644870281219482,-0.14487050473690033,base,no
4343,0,0,0.0019267342334985317,-6.397733688354492,-0.14773346483707428,base,no
4344,0,0,0.16451645880021026,-2.090294122695923,-0.46529409289360046,base,no
4345,0,0,0.0028009268422604905,-6.083198070526123,-0.20819802582263947,base,no
4346,0,0,0.00017952802284068416,-8.850994110107422,-0.22599440813064575,base,no
4347,0,0,0.0013250226735499273,-6.773355960845947,-0.14835615456104279,base,no
4348,0,0,0.03732688627322502,-3.4393224716186523,-0.18932244181632996,base,no
4349,0,1,0.7310585786300049,-0.8467798233032227,-1.8467798233032227,base,yes
4350,0,0,0.014063625183691352,-4.402904033660889,-0.15290389955043793,base,no
4351,0,0,0.0013250226538317129,-6.832228660583496,-0.20722883939743042,base,no
4352,0,0,0.0004305570460529068,-7.865858554840088,-0.11585847288370132,base,no
4353,0,0,0.00029595705619868965,-8.269569396972656,-0.14456920325756073,base,no
4354,0,0,0.002182716185713063,-6.354998588562012,-0.22999846935272217,base,no
4355,0,0,0.00359360194114313,-6.1542887687683105,-0.5292885899543762,base,no
4356,0,0,0.0006263342140729864,-7.519382476806641,-0.1443825662136078,base,no
4357,0,0,0.0010322311596793377,-7.45421838760376,-0.5792185068130493,base,No
4358,0,0,0.0007096705259094992,-7.431966304779053,-0.18196648359298706,base,no
4359,0,0,0.0035936026347765083,-5.8146233558654785,-0.1896233707666397,base,no
4360,0,0,9.610243984177639e-05,-9.393516540527344,-0.14351679384708405,base,no
4361,0,0,0.000203426893196141,-8.662040710449219,-0.16204029321670532,base,no
4362,0,0,0.0028009269255008114,-6.0088114738464355,-0.13381145894527435,base,no
4363,0,0,0.0040701384709327625,-5.5982537269592285,-0.09825391322374344,base,no
4364,0,0,0.0003353501854162189,-8.11540699005127,-0.11540715396404266,base,no
4365,0,0,0.000911051207963998,-7.202892780303955,-0.20289279520511627,base,no
4366,0,0,0.0006263340182005267,-7.537650108337402,-0.16264988481998444,base,no
4367,0,0,0.001032230913830316,-7.129868507385254,-0.25486838817596436,base,no
4368,0,0,0.0006263343073456077,-7.578008651733398,-0.20300889015197754,base,no
4369,0,0,0.04742587317756679,-3.2658116817474365,-0.2658116817474365,base,no
4370,0,0,0.005220126467357275,-5.374347686767578,-0.12434783577919006,base,no
4371,0,0,0.0028009268838806506,-6.043155670166016,-0.16815564036369324,base,no
4372,0,0,0.1329642333263228,-2.290992498397827,-0.4159924387931824,base,no
4373,0,0,0.0004305570364333505,-7.976737022399902,-0.226736918091774,base,no
4374,0,0,0.00033535021039337676,-8.388498306274414,-0.38849854469299316,base,no
4375,0,0,0.004609572675066565,-5.417529106140137,-0.042529214173555374,base,no
4376,0,0,0.16451645470385742,-2.070563793182373,-0.44556373357772827,base,no
4377,0,0,0.003593603008271459,-5.792437553405762,-0.16743767261505127,base,no
4378,0,1,0.5621765008857981,-1.0082588195800781,-1.2582588195800781,base,Yes
4379,0,0,0.06754669020109236,-2.790896415710449,-0.16589640080928802,base,no
4380,0,0,0.0373268852023206,-3.424530267715454,-0.17453020811080933,base,no
4381,0,0,0.0011695103694955987,-6.867250442504883,-0.11725053191184998,base,no
4382,0,0,0.22270013882530884,-1.697941780090332,-0.44794178009033203,base,no
4383,0,0,0.0007096702617242935,-7.411832332611084,-0.16183213889598846,base,no
4384,0,0,0.08509904500702024,-2.6932802200317383,-0.3182802200317383,base,no
4385,0,0,0.0010322312211416022,-7.078387260437012,-0.20338743925094604,base,no
4386,0,0,8.481106320607244e-05,-9.431172370910645,-0.05617262423038483,base,no
4387,0,1,0.5926665855647394,-0.8385270237922668,-1.213526964187622,base,yes
4388,0,0,0.0028009270503612984,-6.193315505981445,-0.3183155357837677,base,no
4389,0,0,0.18242552825126704,-1.9081182479858398,-0.40811827778816223,base,no
4390,0,0,0.00033535011298247157,-8.11437702178955,-0.1143769696354866,base,no
4391,0,0,0.0006263342513820332,-7.657676696777344,-0.2826768457889557,base,no
4392,0,0,0.0008040860792954051,-7.270235538482666,-0.14523571729660034,base,no
4393,0,0,0.0004878570210570014,-7.8798441886901855,-0.25484398007392883,base,no
4394,0,0,0.0011695104086606324,-6.79040002822876,-0.040400151163339615,base,no
4395,0,0,0.00020342706291430742,-8.680587768554688,-0.18058818578720093,base,no
4396,0,0,0.000379984412870817,-8.189300537109375,-0.3143002688884735,base,no
4397,0,0,0.0005527787110160173,-7.645593166351318,-0.1455933004617691,base,no
4398,0,0,0.005911069994538625,-5.279394626617432,-0.15439482033252716,base,no
4399,0,0,0.0006263342513820332,-7.4492950439453125,-0.07429519295692444,base,no
4400,0,0,0.0006263341767639418,-7.504898548126221,-0.1298985779285431,base,no
4401,0,0,0.0008040857859770027,-7.198762893676758,-0.07376270741224289,base,no
4402,0,0,0.0015011823460801075,-6.890355587005615,-0.39035564661026,base,no
4403,0,0,0.0007096703304124375,-7.341280937194824,-0.09128084033727646,base,no
4404,0,0,0.012431651219072064,-4.6493449211120605,-0.27434495091438293,base,no
4405,0,0,0.0021827162506210893,-6.273936748504639,-0.1489366590976715,base,no
4406,0,0,0.0002305067872396443,-8.488779067993164,-0.11377935111522675,base,no
4407,0,0,0.0019267350071906994,-6.367743968963623,-0.11774414777755737,base,no
4408,0,0,0.00033535023537053653,-8.161571502685547,-0.16157181560993195,base,no
4409,0,0,0.24508501313237172,-1.7816886901855469,-0.6566886901855469,base,no
4410,0,1,0.6513548646660542,-0.9862593412399292,-1.6112593412399292,base,Yes
4411,0,0,0.0005527786945510347,-7.644259452819824,-0.14425955712795258,base,no
4412,0,0,0.1066905854244781,-2.4261579513549805,-0.3011578619480133,base,no
4413,0,0,0.0013250222989039011,-6.941462993621826,-0.316462904214859,base,no
4414,0,0,0.000709670367398364,-7.477554798126221,-0.22755475342273712,base,no
4415,0,0,0.3486451488696663,-1.275434970855713,-0.6504350304603577,base,no
4416,0,0,0.32082130082460697,-1.3363044261932373,-0.5863044261932373,base,no
4417,0,0,7.484622862582347e-05,-9.660850524902344,-0.16085053980350494,base,no
4418,0,0,0.0006263341581094201,-7.556295871734619,-0.18129587173461914,base,no
4419,0,1,0.7981867969424066,-0.7513021230697632,-2.1263022422790527,base,yes
4420,0,1,0.9046505351008906,-0.7144434452056885,-2.9644434452056885,base,Yes
4421,0,0,0.0009110512622174105,-7.072147846221924,-0.0721479207277298,base,no
4422,0,0,0.037326888415033926,-3.4410135746002197,-0.19101360440254211,base,no
4423,0,0,0.3486451488696663,-1.3899343013763428,-0.7649343609809875,base,no
4424,0,0,0.0009110513571608901,-7.283379077911377,-0.2833792567253113,base,no
4425,0,0,0.2689414330889798,-1.6192662715911865,-0.6192663311958313,base,no
4426,0,0,0.01098694246867374,-4.626068592071533,-0.126068577170372,base,no
4427,0,0,0.005911068243315901,-5.317318916320801,-0.19231881201267242,base,no
4428,0,0,0.001501182145058104,-6.6834397315979,-0.18343965709209442,base,no
4429,0,0,0.10669059394565118,-2.354081869125366,-0.2290818691253662,base,no
4430,0,0,0.00012339463206035962,-9.07966423034668,-0.0796646848320961,base,no
4431,0,0,0.006692849735519792,-5.439123630523682,-0.4391234517097473,base,no
4432,0,0,0.0002305067872396443,-8.50263500213623,-0.12763528525829315,base,no
4433,0,0,0.09534947261117097,-2.5470170974731445,-0.2970171868801117,base,no
4434,0,0,0.0005527785216687471,-7.6818366050720215,-0.18183639645576477,base,no
4435,0,0,0.00037998445532125014,-7.990318298339844,-0.11531814187765121,base,no
4436,0,0,0.000626334125464009,-7.446938991546631,-0.07193893939256668,base,no
4437,0,0,0.00015843625214966367,-8.97636890411377,-0.22636911273002625,base,no
4438,0,1,0.754914997895581,-0.5745617747306824,-1.6995618343353271,base,yes
4439,0,1,0.7310585786300049,-0.7169395685195923,-1.7169395685195923,base,yes
4440,0,0,0.00970847848715727,-4.8910627365112305,-0.2660629451274872,base,no
4441,0,0,0.03308598220236406,-4.095798969268799,-0.7207990884780884,base,no
4442,0,0,0.00033535007801446126,-8.080924034118652,-0.08092387765645981,base,no
4443,0,0,0.0008040860553510418,-7.5150675773620605,-0.3900677263736725,base,no
4444,0,0,0.00132502237777674,-6.855724334716797,-0.2307243049144745,base,no
4445,0,0,0.0002959572215286833,-8.18787956237793,-0.06287992745637894,base,no
4446,0,0,0.46879062662624377,-1.2162952423095703,-1.0912952423095703,base,no
4447,0,0,0.0007096702405894811,-7.431605815887451,-0.18160559237003326,base,no
4448,0,0,0.001032230929195878,-7.102589130401611,-0.22758902609348297,base,no
4449,0,0,0.004070138319925425,-5.788725852966309,-0.28872600197792053,base,no
4450,0,0,0.000626334204745725,-7.503995895385742,-0.12899596989154816,base,no
4451,0,1,0.9241418158002492,-0.7022503018379211,-3.2022502422332764,base,yes
4452,0,0,0.0004878572681041092,-8.013211250305176,-0.38821154832839966,base,no
4453,0,0,0.004070138621940107,-5.66929292678833,-0.16929315030574799,base,no
4454,0,0,0.042087730919421175,-3.2568717002868652,-0.1318717747926712,base,no
4455,0,0,0.010986943764029325,-4.636447906494141,-0.13644801080226898,base,no
4456,0,0,0.09534945975773548,-2.5127506256103516,-0.2627505660057068,base,no
4457,0,0,0.0004878570210570014,-7.688793182373047,-0.06379297375679016,base,no
4458,0,0,0.2689414330889798,-1.700648307800293,-0.7006483674049377,base,no
4459,0,0,0.0006263340741640804,-7.538958549499512,-0.16395841538906097,base,no
4460,0,0,0.16451644651115205,-2.102395534515381,-0.4773954153060913,base,no
4461,0,0,0.0035936023146380092,-5.746615886688232,-0.12161581218242645,base,no
4462,0,0,0.0002959570980822793,-8.215331077575684,-0.09033102542161942,base,no
4463,0,0,0.0007096704202354052,-7.379185676574707,-0.12918570637702942,base,no
4464,0,0,0.0002611902607303886,-8.32986831665039,-0.07986809313297272,base,no
4465,0,0,0.037326888415033926,-3.3852508068084717,-0.13525083661079407,base,no
4466,0,0,0.04742587721667508,-3.176439046859741,-0.17643913626670837,base,no
4467,0,0,0.002472622825850124,-6.131994247436523,-0.1319941133260727,base,no
4468,0,0,0.00132502237777674,-6.8078813552856445,-0.18288132548332214,base,no
4469,0,0,0.015906388679519302,-4.360344886779785,-0.23534469306468964,base,no
4470,0,0,0.0009110510248587547,-7.092123508453369,-0.09212332218885422,base,no
4471,0,0,0.0009110511944006454,-7.1030755043029785,-0.10307550430297852,base,no
4472,0,0,0.0850990357257195,-2.943068027496338,-0.5680679082870483,base,no
4473,0,0,0.002800927133601626,-6.081135272979736,-0.2061353325843811,base,no
4474,0,0,0.00037998456569239845,-8.018808364868164,-0.1438084989786148,base,no
4475,0,0,0.0059110693816106135,-5.316368579864502,-0.19136866927146912,base,no
4476,0,0,0.00218271670497733,-6.333759784698486,-0.20875990390777588,base,no
4477,0,0,0.002472622936111669,-6.232141017913818,-0.2321409285068512,base,no
4478,0,0,0.02033235067131973,-4.054229736328125,-0.17922960221767426,base,no
4479,0,0,0.000552778661621071,-7.703754901885986,-0.2037549465894699,base,no
4480,0,0,0.0011695102476488354,-6.896249771118164,-0.14624975621700287,base,no
4481,0,1,0.7057850154599563,-0.7377703785896301,-1.6127703189849854,base,yes
4482,0,0,0.0002959570297458992,-8.306976318359375,-0.18197603523731232,base,no
4483,0,0,0.006692849438328558,-5.160154342651367,-0.16015411913394928,base,no
4484,0,0,0.00043055717110715777,-7.976757526397705,-0.2267577350139618,base,no
4485,0,0,0.01798620785653302,-4.163295269012451,-0.16329514980316162,base,no
4486,0,0,0.0008040860134484075,-7.205935001373291,-0.08093509823083878,base,no
4487,0,0,0.0024726237446964848,-6.477483749389648,-0.47748398780822754,base,no
4488,0,0,0.00048785723540669074,-7.716123580932617,-0.09112381190061569,base,no
4489,0,0,0.0007096703991005882,-7.394756317138672,-0.14475631713867188,base,no
4490,0,0,0.0017007224620345643,-6.764909744262695,-0.3899097740650177,base,no
4491,0,0,0.002472623303650189,-6.094734191894531,-0.09473425149917603,base,no
4492,0,0,0.0019267343481195736,-6.383676052093506,-0.13367588818073273,base,no
4493,0,0,0.02931223371923813,-3.680335283279419,-0.1803353875875473,base,no
4494,0,0,0.08509904268669496,-2.7494702339172363,-0.37447020411491394,base,no
4495,0,0,0.0007096703356961413,-7.394922256469727,-0.1449221670627594,base,no
4496,0,1,0.7981867729389246,-0.4727003872394562,-1.8477003574371338,base,yes
4497,0,0,0.0005527786369235996,-7.662606716156006,-0.16260671615600586,base,no
4498,0,0,0.0010322311904104695,-7.22634744644165,-0.35134759545326233,base,no
4499,0,0,0.00857748528699382,-4.83942174911499,-0.08942173421382904,base,no
4500,0,0,0.0009110511672739408,-7.350914478302002,-0.35091444849967957,base,no
4501,0,0,0.0015011823125764385,-6.59199857711792,-0.0919986143708229,base,no
4502,0,0,0.00020342699017793307,-8.753092765808105,-0.25309282541275024,base,no
4503,0,1,0.679178699175393,-0.9297195672988892,-1.6797195672988892,base,Yes
4504,0,0,0.5,-0.9009379744529724,-0.9009379744529724,base,no
4505,0,0,0.24508502416032488,-1.7819063663482666,-0.6569064259529114,base,no
4506,0,0,0.0009110511537105887,-7.145918846130371,-0.1459188014268875,base,no
4507,0,0,0.004070138319925425,-5.587608814239502,-0.08760896325111389,base,no
4508,0,0,0.001501181899364581,-6.683208465576172,-0.18320822715759277,base,no
4509,0,0,0.0015011825247663551,-6.730011463165283,-0.23001164197921753,base,no
4510,0,0,0.00013982203814937472,-9.056004524230957,-0.18100425601005554,base,no
4511,0,0,0.01590639031229368,-4.43431282043457,-0.30931273102760315,base,no
4512,0,0,0.11920292828022305,-2.285731077194214,-0.28573113679885864,base,no
4513,0,1,0.7772998508568416,-0.8254571557044983,-2.0754570960998535,base,yes
4514,0,0,0.37754066879814546,-1.2828789949417114,-0.7828789949417114,base,no
4515,0,0,0.46879062662624377,-1.0918840169906616,-0.9668840169906616,base,no
4516,0,0,0.0003799845430521603,-8.018798828125,-0.14379890263080597,base,no
4517,0,0,0.0002959569988843134,-8.305990219116211,-0.1809898316860199,base,no
4518,0,0,0.0010322310213892558,-6.9678168296813965,-0.09281681478023529,base,no
4519,0,0,0.2942149845400438,-1.4915611743927002,-0.616561233997345,base,no
4520,0,0,0.009708476481474066,-5.023727893829346,-0.3987278938293457,base,no
4521,0,0,0.000804086127184134,-7.703363418579102,-0.5783636569976807,base,no
4522,0,0,0.00043055699154209085,-7.9315290451049805,-0.18152883648872375,base,no
4523,0,0,0.3208212878370535,-1.5821547508239746,-0.8321546912193298,base,no
4524,0,1,0.5312093733737563,-0.8212860822677612,-0.9462860822677612,base,yes
4525,0,0,0.2689414213699951,-1.6394275426864624,-0.6394275426864624,base,no
4526,0,0,0.04208772671409796,-3.380117177963257,-0.25511714816093445,base,no
4527,0,0,0.0850990519679964,-2.7328460216522217,-0.35784611105918884,base,no
4528,0,0,0.0028009273208923708,-5.970149993896484,-0.09515012055635452,base,no
4529,0,0,0.02931223202330563,-3.7288105487823486,-0.22881059348583221,base,no
4530,0,0,0.4073334000459302,-1.1876426935195923,-0.8126426935195923,base,no
4531,0,0,0.1480472055495773,-2.151258945465088,-0.40125900506973267,base,no
4532,0,0,0.001032230913830316,-7.1035237312316895,-0.2285236120223999,base,no
4533,0,0,0.0011695105348590836,-6.853783130645752,-0.10378336161375046,base,no
4534,0,0,0.08509904268669496,-2.693969488143921,-0.3189694583415985,base,no
4535,0,0,0.015906392644828796,-4.256793975830078,-0.1317940354347229,base,no
4536,0,0,0.29421497216298875,-1.3955762386322021,-0.5205762386322021,base,no
4537,0,1,0.6224593171945417,-0.7401207089424133,-1.2401206493377686,base,yes
4538,0,0,0.007577241996212817,-4.976955890655518,-0.10195598751306534,base,no
4539,0,0,0.0004878571373144484,-7.828689098358154,-0.20368912816047668,base,no
4540,0,1,0.6791787121629466,-0.8166138529777527,-1.5666139125823975,base,yes
4541,0,0,0.0017007226138324027,-6.540413856506348,-0.1654139757156372,base,no
4542,0,0,0.0031726820884586454,-6.1059417724609375,-0.3559415340423584,base,no
4543,0,0,0.008577485920584663,-4.989040851593018,-0.23904091119766235,base,no
4544,0,0,0.014063629109417006,-4.435802459716797,-0.1858026087284088,base,no
4545,0,0,0.004609571769146091,-5.664734840393066,-0.28973475098609924,base,no
4546,0,0,0.34864513533394575,-1.3890893459320068,-0.7640893459320068,base,no
4547,0,0,0.00013982210481241168,-8.989360809326172,-0.11436101794242859,base,no
4548,0,0,0.0004305570556724632,-8.179743766784668,-0.4297437071800232,base,no
4549,0,0,0.11920292515117029,-2.3717124462127686,-0.37171247601509094,base,no
4550,0,0,0.007577240259373531,-4.978871822357178,-0.10387168824672699,base,no
4551,0,0,0.0031726830309918535,-5.98035192489624,-0.230351984500885,base,no
4552,0,0,0.004070138138716626,-5.636372089385986,-0.13637219369411469,base,no
4553,0,0,0.0019267342621537913,-6.681333065032959,-0.43133285641670227,base,no
4554,0,0,0.007577241828131579,-5.11340856552124,-0.2384086400270462,base,no
4555,0,0,0.0011695100213620223,-6.932852745056152,-0.18285253643989563,base,no
4556,0,0,0.0006263340928185994,-7.503965377807617,-0.12896527349948883,base,no
4557,0,1,0.6513548646660542,-0.8521980047225952,-1.4771980047225952,base,Yes
4558,0,0,0.06754668926255561,-2.809720516204834,-0.1847204864025116,base,no
4559,0,0,0.0004305570556724632,-7.830437660217285,-0.08043760061264038,base,no
4560,0,0,0.0021827163479831327,-6.3095383644104,-0.1845383197069168,base,no
4561,0,0,0.0010322310060236924,-7.158796310424805,-0.2837962806224823,base,no
4562,0,0,0.00522012577093828,-5.321660995483398,-0.07166101038455963,base,no
4563,0,0,0.0003799846619134258,-8.262903213500977,-0.3879036009311676,base,no
4564,0,0,0.0008040861032397692,-7.254293918609619,-0.12929412722587585,base,no
4565,0,0,0.06008664512463808,-3.088667869567871,-0.33866778016090393,base,no
4566,0,0,0.000804085887740518,-7.2704758644104,-0.14547580480575562,base,no
4567,0,0,0.0011695101432087622,-6.896177768707275,-0.14617766439914703,base,no
4568,0,0,0.00043055708773765306,-7.851679801940918,-0.10167981684207916,base,no
4569,0,0,0.0004305572095853961,-8.139717102050781,-0.3897174000740051,base,no
4570,0,0,0.2689414213699951,-1.5096863508224487,-0.5096863508224487,base,no
4571,0,0,0.001926734606016944,-6.381901264190674,-0.13190123438835144,base,no
4572,0,0,0.46879062662624377,-1.2346137762069702,-1.1096137762069702,base,no
4573,0,0,0.22270013882530884,-1.888588786125183,-0.6385887861251831,base,no
4574,0,0,0.001926734204843272,-6.433605194091797,-0.18360495567321777,base,no
4575,0,0,0.34864513533394575,-1.4556094408035278,-0.8306094408035278,base,no
4576,0,0,0.32082130082460697,-1.2916858196258545,-0.5416858196258545,base,no
4577,0,0,0.0534033328129234,-3.1520254611968994,-0.2770255208015442,base,no
4578,0,0,0.00048785708645181187,-7.807969570159912,-0.18296949565410614,base,no
4579,0,0,0.0005527785545987024,-7.975565433502197,-0.4755652844905853,base,no
4580,0,1,0.880797068590724,-0.42347773909568787,-2.4234776496887207,base,yes
4581,0,0,0.02931222905542399,-3.6857593059539795,-0.18575924634933472,base,no
4582,0,0,0.02595735719779685,-3.8971526622772217,-0.2721526622772217,base,no
4583,0,0,0.008577484653403024,-5.0464186668396,-0.29641857743263245,base,no
4584,0,0,0.00023050673572924443,-8.657752990722656,-0.282753050327301,base,no
4585,0,1,0.8519528132451416,-0.4851783812046051,-2.2351784706115723,base,yes
4586,0,1,0.835483553488848,-0.6620315313339233,-2.287031650543213,base,yes
4587,0,0,0.4378234844434674,-1.2493407726287842,-0.9993407130241394,base,no
4588,0,0,0.0010322311827276865,-6.992074489593506,-0.1170746311545372,base,no
4589,0,0,0.000295957122330676,-8.286383628845215,-0.16138365864753723,base,no
4590,0,0,0.09534947004048376,-2.54780912399292,-0.2978091835975647,base,no
4591,0,0,0.04208772431105632,-3.308893918991089,-0.1838938295841217,base,no
4592,0,0,0.0002959570297458992,-8.252964973449707,-0.12796469032764435,base,no
4593,0,0,0.0007096705417606146,-7.365009307861328,-0.11500950902700424,base,no
4594,0,0,0.20181321265898594,-1.9067864418029785,-0.5317863821983337,base,no
4595,0,0,0.0021827167374313507,-6.272974967956543,-0.1479751020669937,base,no
4596,0,0,0.000552778571063681,-7.614751815795898,-0.11475169658660889,base,no
4597,0,0,0.0004878570937179025,-7.907717704772949,-0.28271764516830444,base,no
4598,0,0,0.06754669395523943,-2.8616220951080322,-0.2366221398115158,base,no
4599,0,0,0.0035936022612815957,-5.911696434020996,-0.28669634461402893,base,no
4600,0,0,0.2942149845400438,-1.632838249206543,-0.7578383088111877,base,no
4601,0,0,0.0002305068009757529,-8.502628326416016,-0.12762866914272308,base,no
4602,0,0,0.34864513533394575,-1.3506007194519043,-0.7256007194519043,base,no
4603,0,1,0.8175744761936437,-0.4028909206390381,-1.902890920639038,base,yes
4604,0,0,0.16451645880021026,-2.1173484325408936,-0.49234840273857117,base,no
4605,0,0,0.24508500210441886,-1.7758030891418457,-0.6508030295372009,base,no
4606,0,0,0.0010322308523680697,-7.006897449493408,-0.13189727067947388,base,no
4607,0,0,0.0031726824419085657,-5.8271002769470215,-0.07710015028715134,base,no
4608,0,0,0.0004878571373144484,-7.753539085388184,-0.12853911519050598,base,no
4609,0,0,0.004609571564032047,-5.489322662353516,-0.11432252824306488,base,no
4610,0,0,0.00023050673229521818,-8.464834213256836,-0.08983425796031952,base,no
4611,0,0,0.0002611902879675414,-8.505095481872559,-0.25509536266326904,base,no
4612,0,1,0.8175744850834649,-0.8384072184562683,-2.338407278060913,base,Yes
4613,0,0,0.0004878570573874506,-7.787502288818359,-0.16250215470790863,base,no
4614,0,0,0.0003353500455441691,-8.226273536682129,-0.2262732833623886,base,no
4615,0,0,0.14804720179063335,-2.1327126026153564,-0.38271263241767883,base,no
4616,0,0,0.000379984497771688,-7.976521015167236,-0.10152097046375275,base,no
4617,0,0,0.0006263342513820332,-7.490087032318115,-0.11508718132972717,base,no
4618,0,0,0.005911070169660925,-5.361681938171387,-0.23668216168880463,base,no
4619,0,0,0.0005527785299012358,-7.6817755699157715,-0.18177537620067596,base,no
4620,0,1,0.679178699175393,-0.9408096075057983,-1.6908096075057983,base,Yes
4621,0,0,0.2689414272294874,-1.4491076469421387,-0.44910767674446106,base,no
4622,0,0,0.0010322311289482067,-7.19094181060791,-0.3159419000148773,base,no
4623,0,0,0.0008040859056987868,-7.227323055267334,-0.102323018014431,base,no
4624,0,1,0.8175744673038221,-0.5843520760536194,-2.0843520164489746,base,Yes
4625,0,0,0.0007096703039939198,-7.32279634475708,-0.07279621064662933,base,no
4626,0,0,0.3775406547908327,-1.399733543395996,-0.8997334837913513,base,no
4627,0,0,0.0006263342607092953,-7.504077434539795,-0.12907759845256805,base,no
4628,0,0,0.0017007225632331216,-6.658929347991943,-0.2839294373989105,base,no
4629,0,0,0.0009110512350907039,-7.2274250984191895,-0.22742514312267303,base,no
4630,0,0,0.022977370913592487,-3.901495933532715,-0.15149597823619843,base,no
4631,0,0,0.00037998468455367106,-8.264191627502441,-0.3891920745372772,base,no
4632,0,0,0.0019267347206380085,-6.478511810302734,-0.22851184010505676,base,no
4633,0,0,0.0009110513842876005,-7.316070556640625,-0.3160707652568817,base,no
4634,0,0,0.3486451217982255,-1.2435832023620605,-0.6185831427574158,base,no
4635,0,0,0.18242553269617778,-2.012256383895874,-0.5122564435005188,base,no
4636,0,0,0.0024726232301424803,-6.230888843536377,-0.23088887333869934,base,no
4637,0,0,0.022977371248114782,-4.060736656188965,-0.3107367157936096,base,no
4638,0,0,0.0600866518571309,-2.985424280166626,-0.23542430996894836,base,no
4639,0,0,0.004609572589602362,-5.452759265899658,-0.07775935530662537,base,no
4640,0,0,0.4073334000459302,-1.3409852981567383,-0.9659852981567383,base,no
4641,0,1,0.5312093733737563,-1.0996242761611938,-1.2246242761611938,base,Yes
4642,0,0,0.002800927216841955,-6.267428398132324,-0.3924284875392914,base,no
4643,0,0,0.009708475621895678,-4.772861480712891,-0.14786139130592346,base,no
4644,0,0,0.06008665354025422,-2.946051836013794,-0.19605189561843872,base,no
4645,0,1,0.6224593452091672,-0.7756728529930115,-1.2756729125976562,base,yes
4646,0,0,0.004070138561537168,-5.709359645843506,-0.20935985445976257,base,no
4647,0,0,0.00026119024127528134,-8.411040306091309,-0.16104000806808472,base,no
4648,0,0,0.4073334000459302,-1.3418446779251099,-0.9668446779251099,base,no
4649,0,0,0.0013250227129863572,-6.809973239898682,-0.18497346341609955,base,no
4650,0,0,0.0003799846166329393,-8.157458305358887,-0.2824585735797882,base,no
4651,0,0,0.0035936023679944244,-5.856966495513916,-0.23196643590927124,base,no
4652,0,0,0.02931223583915389,-4.003809452056885,-0.5038096308708191,base,no
4653,0,0,0.005911068943804928,-5.316854953765869,-0.19185496866703033,base,no
4654,0,0,0.00037998451758189394,-7.965356826782227,-0.09035683423280716,base,no
4655,0,0,0.00048785702469004625,-7.715531826019287,-0.09053162485361099,base,no
4656,0,0,0.06754668926255561,-2.9097740650177,-0.2847740352153778,base,no
4657,0,1,0.9465966762263737,-0.5671075582504272,-3.442107677459717,base,yes
4658,0,0,0.2689414096510108,-1.6960890293121338,-0.696088969707489,base,no
4659,0,0,0.0007096705364769095,-7.477478504180908,-0.22747869789600372,base,no
4660,0,0,0.01098694392594878,-5.089015483856201,-0.5890156030654907,base,no
4661,0,0,0.00010889690515901344,-9.305926322937012,-0.18092627823352814,base,no
4662,0,0,0.00033535016543449395,-8.180920600891113,-0.18092070519924164,base,no
4663,0,0,0.001169510439122326,-7.100249290466309,-0.35024943947792053,base,no
4664,0,0,0.0024726235976810437,-6.18671989440918,-0.186720073223114,base,no
4665,0,0,0.2689414096510108,-1.6719610691070557,-0.6719610095024109,base,no
4666,0,0,0.0009110509773870306,-7.316136360168457,-0.31613612174987793,base,no
4667,0,0,0.06754669677084987,-2.973578929901123,-0.3485790193080902,base,no
4668,0,0,0.46879062662624377,-1.244687557220459,-1.119687557220459,base,no
4669,0,0,0.00010889687757628518,-9.19549560546875,-0.07049530744552612,base,no
4670,0,0,0.5,-1.1790376901626587,-1.1790376901626587,base,no
4671,0,0,0.00033535024036596866,-8.315105438232422,-0.31510576605796814,base,no
4672,0,0,0.34864513533394575,-1.4516966342926025,-0.8266966342926025,base,no
4673,0,0,0.01590639357784294,-4.215427398681641,-0.09042751789093018,base,no
4674,0,0,0.5,-1.1653108596801758,-1.1653108596801758,base,no
4675,0,0,0.20181323186177208,-1.8046963214874268,-0.42969638109207153,base,no
4676,0,0,0.002472622605327048,-6.205794334411621,-0.20579411089420319,base,no
4677,0,0,0.20181322226037882,-1.8181642293930054,-0.44316422939300537,base,no
4678,0,0,0.0006263340461823029,-7.9542975425720215,-0.5792973637580872,base,no
4679,0,0,0.0005527785340174802,-7.614627838134766,-0.1146276518702507,base,no
4680,0,0,0.0011695100561753752,-7.034254550933838,-0.28425437211990356,base,no
4681,0,0,0.0002959571796450762,-8.328142166137695,-0.20314238965511322,base,no
4682,0,1,0.867035752930664,-0.43940502405166626,-2.3144049644470215,base,yes
4683,0,0,0.00043055704925942556,-7.813509941101074,-0.06350986659526825,base,no
4684,0,0,0.14804721306746543,-2.082876682281494,-0.3328768014907837,base,no
4685,0,1,0.8175744673038221,-0.45252901315689087,-1.952528953552246,base,yes
4686,0,0,0.0001795279131781924,-8.72618293762207,-0.10118262469768524,base,no
4687,0,0,0.020332349484058054,-4.068924903869629,-0.1939247101545334,base,no
4688,0,0,0.0035936026347765083,-5.814143657684326,-0.18914367258548737,base,no
4689,0,0,0.08509904732734556,-2.6814792156219482,-0.30647924542427063,base,no
4690,0,0,0.006692850131774789,-5.262076377868652,-0.2620762586593628,base,no
4691,0,0,0.005220125538798635,-5.686561584472656,-0.43656155467033386,base,no
4692,0,0,0.0019267349498801579,-6.5340986251831055,-0.2840987741947174,base,no
4693,0,0,0.00017952793457574653,-8.726541519165039,-0.10154132544994354,base,no
4694,0,1,0.8933094003735664,-0.5612786412239075,-2.6862785816192627,base,yes
4695,0,0,0.005911070169660925,-5.318570137023926,-0.1935703605413437,base,no
4696,0,0,0.0003799846166329393,-8.189959526062012,-0.3149597942829132,base,no
4697,0,0,0.0004878571373144484,-7.78713321685791,-0.16213324666023254,base,no
4698,0,0,0.004070138199119559,-5.710792541503906,-0.2107926607131958,base,no
4699,0,0,0.0001233945778247273,-9.12757682800293,-0.12757684290409088,base,no
4700,0,1,0.7772998611746911,-0.549468994140625,-1.799468994140625,base,yes
4701,0,0,0.001501182189729658,-6.648758888244629,-0.14875884354114532,base,no
4702,0,0,0.08509904268669496,-2.570955991744995,-0.19595596194267273,base,no
4703,0,0,0.0008040860792954051,-7.379486560821533,-0.25448673963546753,base,no
4704,0,0,0.0021827166400692896,-6.219742298126221,-0.09474238753318787,base,no
4705,0,0,0.0004878572099753667,-7.851766586303711,-0.22676676511764526,base,no
4706,0,0,0.00043055714545500067,-7.911942005157471,-0.16194215416908264,base,no
4707,0,0,0.16451644651115205,-2.0762319564819336,-0.45123183727264404,base,no
4708,0,0,0.0015011820333792252,-6.6634674072265625,-0.16346725821495056,base,no
4709,0,0,0.09534947261117097,-2.6049365997314453,-0.3549366891384125,base,no
4710,0,0,0.0013250223383403197,-7.152469158172607,-0.5274690985679626,base,No
4711,0,0,0.00048785716637881444,-7.907820701599121,-0.28282079100608826,base,no
4712,0,0,0.014063627663096904,-4.389187335968018,-0.13918738067150116,base,no
4713,0,0,0.20181323186177208,-1.8504538536071777,-0.4754539132118225,base,no
4714,0,0,0.00023050662240640515,-8.555689811706543,-0.18068937957286835,base,no
4715,0,0,0.0006263340368550441,-7.537287712097168,-0.16228751838207245,base,no
4716,0,0,0.0011695101606154403,-7.004438400268555,-0.2544383108615875,base,no
4717,0,0,0.0075772430607274135,-5.0339555740356445,-0.15895581245422363,base,no
4718,0,0,0.000911051289344118,-7.205499649047852,-0.20549975335597992,base,no
4719,0,1,0.8933093946927838,-0.5216823816299438,-2.6466822624206543,base,yes
4720,0,0,0.00669285191492257,-5.158730506896973,-0.1587306559085846,base,no
4721,0,0,0.010986941982915435,-4.608888149261475,-0.10888808965682983,base,no
4722,0,0,0.03732689055684297,-3.44511079788208,-0.19511088728904724,base,no
4723,0,1,0.7772998714925403,-0.5575494170188904,-1.8075494766235352,base,yes
4724,0,0,0.5,-1.1663298606872559,-1.1663298606872559,base,no
4725,0,0,0.010986944937945449,-4.558624744415283,-0.058624956756830215,base,no
4726,0,0,0.10669059820623795,-2.3734655380249023,-0.24846558272838593,base,no
4727,0,0,0.0850990357257195,-2.911628246307373,-0.5366281270980835,base,no
4728,0,0,0.0007096703568309563,-7.4534783363342285,-0.20347827672958374,base,no
4729,0,0,0.0007096702934265129,-7.477269172668457,-0.2272690236568451,base,no
4730,0,1,0.6513548782017746,-0.6963371634483337,-1.3213372230529785,base,yes
4731,0,0,0.00033535006302817214,-8.114272117614746,-0.11427191644906998,base,no
4732,0,0,0.0002611902140381334,-8.411138534545898,-0.1611381322145462,base,no
4733,0,0,0.1480472055495773,-2.147226095199585,-0.39722615480422974,base,no
4734,0,1,0.7310585786300049,-0.5761210918426514,-1.5761210918426514,base,yes
4735,0,0,0.46879061178313897,-1.1122651100158691,-0.9872650504112244,base,no
4736,0,0,0.02033235601399812,-4.023068428039551,-0.14806856215000153,base,no
4737,0,0,0.0005527787521784759,-7.783021450042725,-0.2830216586589813,base,no
4738,0,0,0.4073334000459302,-1.2866724729537964,-0.9116724729537964,base,no
4739,0,0,0.004070138561537168,-5.733584403991699,-0.23358461260795593,base,no
4740,0,0,0.0008040857560465596,-7.2543182373046875,-0.1293180137872696,base,no
4741,0,0,0.0006263341767639418,-7.505295753479004,-0.1302957832813263,base,no
4742,0,0,0.022977365895758564,-4.129709243774414,-0.37970906496047974,base,no
4743,0,0,0.0028009275081831283,-6.0098652839660645,-0.13486547768115997,base,no
4744,0,0,0.0373268852023206,-3.4058902263641357,-0.15589016675949097,base,no
4745,0,0,0.32082130082460697,-1.435059905052185,-0.6850599050521851,base,no
4746,0,0,0.0028009274665629583,-6.131790637969971,-0.25679081678390503,base,no
4747,0,0,0.004070138199119559,-5.6707940101623535,-0.17079412937164307,base,no
4748,0,0,0.0013250226538317129,-6.880133152008057,-0.25513333082199097,base,no
4749,0,0,0.4378234991142019,-1.2123901844024658,-0.9623901844024658,base,no
4750,0,0,0.20181321265898594,-1.9207220077514648,-0.5457219481468201,base,no
4751,0,0,0.0004878570210570014,-7.727116584777832,-0.10211637616157532,base,no
4752,0,0,0.18242552380635632,-2.0127146244049072,-0.5127146244049072,base,no
4753,0,0,0.00037998448645157074,-7.97685432434082,-0.10185424983501434,base,no
4754,0,0,0.4073333856566001,-1.141632318496704,-0.7666322588920593,base,no
4755,0,0,0.0002034270295767993,-8.660945892333984,-0.16094614565372467,base,no
4756,0,0,0.10669058826486906,-2.4990837574005127,-0.3740836977958679,base,no
4757,0,0,0.0017007227529804328,-6.494552135467529,-0.11955233663320541,base,no
4758,0,0,0.0005527787521784759,-7.7823591232299805,-0.2823593318462372,base,no
4759,0,0,0.0006263342140729864,-7.466063976287842,-0.09106406569480896,base,no
4760,0,0,9.610244843317874e-05,-9.452115058898926,-0.20211540162563324,base,no
4761,0,0,0.0046095724528596406,-5.56890344619751,-0.19390350580215454,base,no
4762,0,0,0.0001398220329413263,-8.954339981079102,-0.07933967560529709,base,no
4763,0,0,0.07585817793199003,-2.8383889198303223,-0.3383888900279999,base,no
4764,0,0,0.22270013882530884,-1.7533940076828003,-0.5033940076828003,base,no
4765,0,1,0.939913356558485,-0.6292284727096558,-3.3792285919189453,base,yes
4766,0,0,0.1329642333263228,-2.3427469730377197,-0.46774691343307495,base,no
4767,0,0,0.0015011821227223277,-6.617812156677246,-0.11781206727027893,base,no
4768,0,1,0.9046505402422645,-0.7170791029930115,-2.9670791625976562,base,Yes
4769,0,0,0.0015011826141094868,-6.930992126464844,-0.43099236488342285,base,no
4770,0,1,0.8933094003735664,-0.44280439615249634,-2.5678043365478516,base,yes
4771,0,0,0.29421497216298875,-1.5776476860046387,-0.7026476860046387,base,no
4772,0,0,0.03308598077224154,-3.5753769874572754,-0.20037706196308136,base,no
4773,0,0,0.01243165231673086,-4.5435662269592285,-0.16856634616851807,base,no
4774,0,0,0.5,-1.0085220336914062,-1.0085220336914062,base,no
4775,0,0,0.00020342699320861479,-8.57972526550293,-0.07972534000873566,base,no
4776,0,0,0.0002611904280443717,-8.827216148376465,-0.5772165656089783,base,no
4777,0,0,0.3208212878370535,-1.2924861907958984,-0.5424861311912537,base,no
4778,0,0,0.00020342702048475257,-8.814351081848145,-0.31435129046440125,base,no
4779,0,1,0.6791786861878392,-0.8231118321418762,-1.5731117725372314,base,yes
4780,0,0,0.0017007226011825822,-6.493524074554443,-0.11852418631315231,base,no
4781,0,1,0.8519528170040853,-0.8226889371871948,-2.5726890563964844,base,Yes
4782,0,0,0.1480472055495773,-2.2913050651550293,-0.5413051247596741,base,no
4783,0,0,0.22270013882530884,-1.6956982612609863,-0.44569826126098633,base,no
4784,0,0,0.007577241716077422,-5.359272480010986,-0.4842725396156311,base,no
4785,0,0,0.0028009265509193865,-6.008283615112305,-0.13328346610069275,base,no
4786,0,0,0.006692851023348621,-5.115826606750488,-0.11582662165164948,base,no
4787,0,0,0.0006263341114731189,-7.557175636291504,-0.18217556178569794,base,no
4788,0,0,0.2689414330889798,-1.5835182666778564,-0.5835183262825012,base,no
4789,0,1,0.8807970873650403,-0.4522809088230133,-2.4522809982299805,base,yes
4790,0,0,0.0011695103346822365,-6.9135284423828125,-0.16352850198745728,base,no
4791,0,0,0.06754669395523943,-2.8237195014953613,-0.1987195461988449,base,no
4792,0,0,0.02033235482673614,-4.11104154586792,-0.2360416203737259,base,no
4793,0,1,0.5926666143433998,-0.8456453680992126,-1.2206454277038574,base,yes
4794,0,0,0.005911069994538625,-5.317403793334961,-0.19240398705005646,base,no
4795,0,0,0.002182716867247439,-6.33089017868042,-0.20589037239551544,base,no
4796,0,0,0.0031726822769652645,-6.1416335105896,-0.3916333317756653,base,no
4797,0,0,0.0009110510587671301,-7.116118907928467,-0.11611875891685486,base,no
4798,0,0,0.004070138168918091,-5.572241306304932,-0.0722414180636406,base,no
4799,0,0,0.0017007227656302545,-6.579486846923828,-0.20448705554008484,base,no
4800,0,0,0.00023050674259729705,-8.577305793762207,-0.2023058831691742,base,no
4801,0,0,0.007577240371427665,-4.968594074249268,-0.09359395503997803,base,no
4802,0,0,0.34864513533394575,-1.4673658609390259,-0.8423658609390259,base,no
4803,0,0,0.4073334000459302,-1.262569546699524,-0.8875695466995239,base,no
4804,0,0,0.08509904964767095,-2.6909639835357666,-0.3159640431404114,base,no
4805,0,0,0.3775406828054583,-1.2605066299438477,-0.7605066895484924,base,no
4806,0,0,0.0008040859835179557,-7.287758827209473,-0.16275888681411743,base,no
4807,0,0,0.10669058826486906,-2.446430206298828,-0.32143014669418335,base,no
4808,0,0,0.0035936021545687705,-6.206916332244873,-0.5819162130355835,base,no
4809,0,1,0.9399133464597458,-0.575839102268219,-3.325839042663574,base,yes
4810,0,1,0.6224593312018546,-0.9366718530654907,-1.4366718530654907,base,Yes
4811,0,0,0.4378234991142019,-1.2813084125518799,-1.0313084125518799,base,no
4812,0,0,0.11920292202211755,-2.411207675933838,-0.4112076759338379,base,no
4813,0,0,0.000139822054815131,-9.00287914276123,-0.12787899374961853,base,no
4814,0,1,0.7310585669110203,-0.6820486187934875,-1.6820485591888428,base,yes
4815,0,0,0.009708478773683474,-4.952101707458496,-0.3271019458770752,base,no
4816,0,0,0.0006263341394548992,-7.629152774810791,-0.25415274500846863,base,no
4817,0,0,0.3208213138121609,-1.4504053592681885,-0.7004054188728333,base,no
4818,0,0,0.005220126467357275,-5.485752582550049,-0.23575273156166077,base,no
4819,0,0,0.0003799845487122197,-8.036336898803711,-0.1613369882106781,base,no
4820,0,0,0.0013250227129863572,-6.770773410797119,-0.14577363431453705,base,no
4821,0,0,0.007577240651563013,-4.990438461303711,-0.11543837934732437,base,no
4822,0,0,0.0019267344340853601,-6.506735801696777,-0.2567356824874878,base,no
4823,0,0,0.0006263340741640804,-7.602308750152588,-0.22730861604213715,base,no
4824,0,0,0.001700722436734926,-6.580642223358154,-0.2056422382593155,base,no
4825,0,0,0.1066905911052601,-2.4999637603759766,-0.3749637305736542,base,no
4826,0,0,0.0007096704413702227,-7.4132490158081055,-0.16324907541275024,base,no
4827,0,0,0.06754668738548215,-2.9341702461242676,-0.3091701865196228,base,no
4828,0,0,0.0015011823460801075,-6.630853652954102,-0.13085371255874634,base,no
4829,0,0,0.5,-1.0733656883239746,-1.0733656883239746,base,no
4830,0,1,0.5312093733737563,-1.1362648010253906,-1.2612648010253906,base,Yes
4831,0,0,0.004070138017910765,-5.636289119720459,-0.13628919422626495,base,no
4832,0,0,0.003172683408005215,-5.858401775360107,-0.10840195417404175,base,no
4833,0,0,0.22270014914315833,-1.8362705707550049,-0.5862706303596497,base,no
4834,0,0,0.037326890021390696,-3.4625892639160156,-0.2125893384218216,base,no
4835,0,0,0.16451644651115205,-2.0712223052978516,-0.446222186088562,base,no
4836,0,0,0.0024726232117655536,-6.074936866760254,-0.0749368891119957,base,no
4837,0,0,0.0013250224665086892,-6.744553565979004,-0.11955360323190689,base,no
4838,0,0,0.37754066879814546,-1.2732160091400146,-0.7732160091400146,base,no
4839,0,1,0.9324533051062237,-0.5342910885810852,-3.1592910289764404,base,yes
4840,0,0,0.0011695103346822365,-6.896031856536865,-0.14603191614151,base,no
4841,0,0,0.053403329799824234,-3.1161081790924072,-0.24110817909240723,base,no
4842,0,0,0.0007096704519376317,-7.365776538848877,-0.11577661335468292,base,no
4843,0,0,0.00669285191492257,-5.2615275382995605,-0.2615276873111725,base,no
4844,0,0,0.5,-0.8547208309173584,-0.8547208309173584,base,no
4845,0,0,0.015906394977364253,-4.259771823883057,-0.13477203249931335,base,no
4846,0,0,0.002182716380437148,-6.443914890289307,-0.31891486048698425,base,no
4847,0,0,0.16451646699291617,-2.0156426429748535,-0.3906426727771759,base,no
4848,0,0,0.004070137232672753,-5.6116557121276855,-0.111655592918396,base,no
4849,0,0,0.0002305067769375634,-8.629029273986816,-0.2540295124053955,base,no
4850,0,0,0.006692849933647288,-5.213924407958984,-0.21392425894737244,base,no
4851,0,0,0.0021827159585349845,-6.29163122177124,-0.16663099825382233,base,no
4852,0,0,0.16451645880021026,-1.9606616497039795,-0.3356616199016571,base,no
4853,0,0,0.0019267344340853601,-6.535258769989014,-0.2852586507797241,base,no
4854,0,0,0.05340333130637379,-3.1629555225372314,-0.28795555233955383,base,no
4855,0,1,0.6513548646660542,-0.7626967430114746,-1.3876967430114746,base,yes
4856,0,0,0.0006263342140729864,-7.629764080047607,-0.2547641694545746,base,no
4857,0,0,0.0009110510452037798,-7.205386638641357,-0.2053864747285843,base,no
4858,0,1,0.867035752930664,-0.5002589821815491,-2.3752589225769043,base,yes
4859,0,1,0.7310585903489892,-0.8120803236961365,-1.8120803833007812,base,yes
4860,0,0,0.0011695104043089619,-6.9554619789123535,-0.20546209812164307,base,no
4861,0,0,0.0024726237446964848,-6.287387847900391,-0.2873880863189697,base,no
4862,0,0,0.00029595721271108124,-8.226653099060059,-0.10165343433618546,base,no
4863,0,1,0.7772998611746911,-0.5492405891418457,-1.7992405891418457,base,yes
4864,0,1,0.6224593171945417,-0.7210257649421692,-1.2210257053375244,base,yes
4865,0,0,0.11920292515117029,-2.2900190353393555,-0.29001906514167786,base,no
4866,0,0,0.5,-1.1357572078704834,-1.1357572078704834,base,no
4867,0,1,0.7057850154599563,-0.5330310463905334,-1.4080309867858887,base,yes
4868,0,0,0.0009110513029074721,-7.3897271156311035,-0.38972723484039307,base,no
4869,0,1,0.9399133498259924,-0.4608635902404785,-3.2108635902404785,base,Yes
4870,0,0,0.000804085887740518,-7.440020561218262,-0.31502050161361694,base,no
4871,0,0,0.4378234991142019,-1.1696916818618774,-0.9196916818618774,base,no
4872,0,0,0.22270014398423357,-1.714180827140808,-0.4641808569431305,base,no
4873,0,0,0.0009110510994571826,-7.181333065032959,-0.18133296072483063,base,no
4874,0,0,0.06008665522337757,-3.0405659675598145,-0.2905660569667816,base,no
4875,0,0,0.00029595698124912297,-8.306062698364258,-0.181062251329422,base,no
4876,0,0,0.0007096705470443199,-7.412485122680664,-0.16248533129692078,base,no
4877,0,0,0.07585817793199003,-2.819321393966675,-0.3193213641643524,base,no
4878,0,0,0.0008040857680187367,-7.287121295928955,-0.16212108731269836,base,no
4879,0,0,0.010986943116351513,-4.625411510467529,-0.12541155517101288,base,no
4880,0,0,0.0017007220066411306,-6.8084564208984375,-0.4334561824798584,base,no
4881,0,0,0.02595736021183377,-4.046709060668945,-0.42170917987823486,base,no
4882,0,0,0.00043055726088971926,-8.065033912658691,-0.31503432989120483,base,no
4883,0,1,0.5312093733737563,-1.056227684020996,-1.181227684020996,base,Yes
4884,0,0,0.4073334000459302,-1.244497299194336,-0.8694972991943359,base,no
4885,0,0,0.002182716088351026,-6.311593532562256,-0.18659336864948273,base,no
4886,0,0,0.0021827160558970152,-6.330824375152588,-0.20582419633865356,base,no
4887,0,0,0.10669058400428263,-2.3691389560699463,-0.24413885176181793,base,no
4888,0,0,0.005220125229279126,-5.440648555755615,-0.19064846634864807,base,no
4889,0,0,0.37754066879814546,-1.3189250230789185,-0.8189250230789185,base,no
4890,0,0,0.46879062662624377,-0.957597553730011,-0.832597553730011,base,no
4891,0,0,0.047425875197120895,-3.1329312324523926,-0.13293127715587616,base,no
4892,0,1,0.5312093733737563,-0.8459119200706482,-0.9709119200706482,base,yes
4893,0,0,0.0015011824577590097,-6.616569519042969,-0.1165696531534195,base,no
4894,0,0,0.09534946232842245,-2.6036534309387207,-0.3536534011363983,base,no
4895,0,0,0.007577241491969114,-5.170269966125488,-0.29526999592781067,base,no
4896,0,0,0.004070138319925425,-5.757850170135498,-0.25785031914711,base,no
4897,0,1,0.5926665855647394,-0.8147304654121399,-1.1897304058074951,base,yes
4898,0,0,0.0009110510587671301,-7.092957973480225,-0.09295782446861267,base,no
4899,0,0,0.007577242668537808,-4.992486953735352,-0.11748713999986649,base,no
4900,0,0,0.008577483893094128,-5.04518985748291,-0.29518967866897583,base,no
4901,0,0,0.4378234991142019,-1.2463170289993286,-0.9963170289993286,base,no
4902,0,0,0.0004878570791857214,-8.01340389251709,-0.3884038031101227,base,no
4903,0,0,0.05340332603345051,-3.0611863136291504,-0.18618623912334442,base,no
4904,0,0,0.0015011821227223277,-6.631024360656738,-0.13102427124977112,base,no
4905,0,0,0.02931222905542399,-3.8558926582336426,-0.3558925986289978,base,no
4906,0,0,0.00132502237777674,-6.942789077758789,-0.3177890479564667,base,no
4907,0,0,0.0008040859595735953,-7.287046432495117,-0.16204646229743958,base,no
4908,0,0,0.0009110513910692783,-7.115452289581299,-0.11545250564813614,base,no
4909,0,0,0.010986942792512623,-4.720290660858154,-0.2202906757593155,base,no
4910,0,0,0.002800926592539542,-6.024909019470215,-0.1499088853597641,base,no
4911,0,0,0.020332352897435558,-3.9518754482269287,-0.07687542587518692,base,no
4912,0,0,0.0004305571839332368,-7.8944902420043945,-0.14449048042297363,base,no
4913,0,0,0.004609571905888793,-6.017519474029541,-0.6425194144248962,base,No
4914,0,0,0.18242551936144574,-1.860398769378662,-0.3603987395763397,base,no
4915,0,0,0.0002959570121107069,-8.268645286560059,-0.14364494383335114,base,no
4916,0,0,0.0003799844411711053,-7.965061187744141,-0.0900609940290451,base,no
4917,0,1,0.8354835452961425,-0.32532066106796265,-1.9503207206726074,base,yes
4918,0,1,0.7310585669110203,-0.7998867630958557,-1.799886703491211,base,Yes
4919,0,0,0.0953494674697966,-2.477961301803589,-0.22796133160591125,base,no
4920,0,0,0.000487857071919631,-7.852302551269531,-0.2273024469614029,base,no
4921,0,0,0.2689414096510108,-1.6516151428222656,-0.6516150832176208,base,no
4922,0,0,0.01798620759333822,-4.146761417388916,-0.14676128327846527,base,no
4923,0,0,0.3208213138121609,-1.4231150150299072,-0.673115074634552,base,no
4924,0,1,0.9149009596336303,-0.601190984249115,-2.9761910438537598,base,yes
4925,0,0,0.003593602167907874,-5.65635871887207,-0.03135860338807106,base,no
4926,0,0,0.0011695102650555148,-7.100430488586426,-0.3504304885864258,base,no
4927,0,0,0.11920291263495983,-2.3180441856384277,-0.31804409623146057,base,no
4928,0,0,0.07585817270885642,-2.6992039680480957,-0.19920386373996735,base,no
4929,0,0,0.0007096704730724502,-7.432389736175537,-0.18238984048366547,base,no
4930,0,0,0.004070138501134231,-5.731345176696777,-0.23134537041187286,base,no
4931,0,0,0.0010322308216369478,-7.103097915649414,-0.22809770703315735,base,no
4932,0,0,0.0675466911396291,-3.0550038814544678,-0.4300038814544678,base,no
4933,0,0,0.1066905911052601,-2.4555563926696777,-0.33055636286735535,base,no
4934,0,0,0.0021827160558970152,-6.21917724609375,-0.09417706727981567,base,no
4935,0,0,0.042087729117139754,-3.3289031982421875,-0.2039032280445099,base,no
4936,0,0,0.0004878570065248225,-7.786645889282227,-0.16164565086364746,base,no
4937,0,0,0.0019267347206380085,-6.507408142089844,-0.25740817189216614,base,no
4938,0,0,0.0004305568889335148,-8.065345764160156,-0.31534531712532043,base,no
4939,0,0,0.0006263340461823029,-7.900236129760742,-0.5252359509468079,base,no
4940,0,0,0.0013250222200310669,-6.830392360687256,-0.20539221167564392,base,no
4941,0,1,0.7981867777396212,-0.8516225814819336,-2.2266225814819336,base,Yes
4942,0,0,0.002472623726319554,-6.083614826202393,-0.08361505717039108,base,no
4943,0,0,0.05340332678672523,-3.065399646759033,-0.19039958715438843,base,no
4944,0,0,0.001501182145058104,-6.704389572143555,-0.20438949763774872,base,no
4945,0,0,0.017986212857234944,-4.232606887817383,-0.23260705173015594,base,no
4946,0,0,0.29421497216298875,-1.6183143854141235,-0.7433143854141235,base,no
4947,0,0,0.014063629109417006,-4.388713836669922,-0.1387139856815338,base,no
4948,0,0,0.04742587317756679,-3.2479617595672607,-0.24796175956726074,base,no
4949,0,0,0.3775406828054583,-1.1059472560882568,-0.6059473156929016,base,no
4950,0,0,0.00317268293673852,-6.03745174407959,-0.28745177388191223,base,no
4951,0,0,0.5,-1.151835560798645,-1.151835560798645,base,no
4952,0,0,0.005220126622117065,-5.6061248779296875,-0.3561250567436218,base,no
4953,0,0,0.14804719051380197,-2.261308431625366,-0.5113083720207214,base,no
4954,0,0,0.005911069731855184,-5.3166399002075195,-0.19164004921913147,base,no
4955,0,0,0.005911068505999277,-5.448614120483398,-0.32361406087875366,base,no
4956,0,0,0.0953494674697966,-2.504645586013794,-0.25464561581611633,base,no
4957,0,0,0.001169510508749058,-6.932600498199463,-0.1826007068157196,base,no
4958,0,0,0.0005527787521784759,-7.681860446929932,-0.18186065554618835,base,no
4959,0,1,0.5621764862150634,-0.8733747601509094,-1.1233747005462646,base,yes
4960,0,0,0.2942149597859341,-1.423421859741211,-0.5484218001365662,base,no
4961,0,0,0.0002611902840765194,-8.378207206726074,-0.12820707261562347,base,no
4962,0,1,0.8354835207180245,-0.6088372468948364,-2.233837127685547,base,yes
4963,0,0,0.0031726827953585256,-5.938375473022461,-0.18837545812129974,base,no
4964,0,1,0.7772998714925403,-0.7179295420646667,-1.9679296016693115,base,yes
4965,0,0,0.001700722234337832,-6.506120681762695,-0.13112057745456696,base,no
4966,0,0,0.16451647108926923,-2.1718432903289795,-0.5468433499336243,base,no
4967,0,0,0.11920291263495983,-2.3036746978759766,-0.3036746084690094,base,no
4968,0,1,0.5621765008857981,-1.0518196821212769,-1.3018196821212769,base,yes
4969,0,0,0.0007096704572213362,-7.3527116775512695,-0.1027117595076561,base,no
4970,0,0,0.009708478773683474,-4.891158103942871,-0.2661583423614502,base,no
4971,0,0,0.0002959571091042776,-8.351688385009766,-0.22668837010860443,base,no
4972,0,0,0.20181322226037882,-1.7867705821990967,-0.4117705821990967,base,no
4973,0,0,0.01590639357784294,-4.322177410125732,-0.19717752933502197,base,no
4974,0,0,0.1192029188930649,-2.4795100688934326,-0.47951003909111023,base,no
4975,0,0,0.0009110511672739408,-7.181715965270996,-0.1817159354686737,base,no
4976,0,0,0.04208772791561884,-3.2690672874450684,-0.14406728744506836,base,no
4977,0,0,0.005220125616178516,-5.485751152038574,-0.23575113713741302,base,no
4978,0,0,0.00043055717110715777,-7.9536638259887695,-0.20366403460502625,base,no
4979,0,0,0.0009110513029074721,-7.116476058959961,-0.11647617816925049,base,no
4980,0,0,0.20181322226037882,-1.9056904315948486,-0.5306904315948486,base,no
4981,0,0,0.0011695101083954067,-6.95743989944458,-0.20743976533412933,base,no
4982,0,0,0.0004305571614875987,-7.864323616027832,-0.11432380229234695,base,no
4983,0,0,0.00023050670482301,-8.502574920654297,-0.1275748461484909,base,no
4984,0,0,0.00970847848715727,-4.9557061195373535,-0.33070632815361023,base,no
4985,0,0,0.033085978388704126,-3.636549711227417,-0.261549711227417,base,no
4986,0,0,0.00017952791852758067,-8.805644989013672,-0.1806447058916092,base,no
4987,0,1,0.8519528019683106,-0.5382001399993896,-2.2882001399993896,base,Yes
4988,0,0,0.34864513533394575,-1.4841327667236328,-0.8591327667236328,base,no
4989,0,0,0.002800927133601626,-6.455820560455322,-0.580820620059967,base,no
4990,0,0,0.0024726234139117557,-6.132688999176025,-0.13268910348415375,base,no
4991,0,0,0.5,-1.147070050239563,-1.147070050239563,base,no
4992,0,0,0.02033235304584329,-4.073583126068115,-0.19858311116695404,base,no
4993,0,0,0.003593602688132928,-5.775888442993164,-0.15088847279548645,base,no
4994,0,0,0.007577240035265265,-5.049991607666016,-0.1749914437532425,base,no
4995,0,0,0.46879062662624377,-1.0571274757385254,-0.9321274757385254,base,no
4996,0,0,0.0953494674697966,-2.625338077545166,-0.3753381073474884,base,no
4997,0,1,0.6224593452091672,-0.8517486453056335,-1.3517487049102783,base,yes
4998,0,0,0.04742587317756679,-3.180259943008423,-0.18025994300842285,base,no
4999,0,0,0.015906391945068224,-4.282958030700684,-0.1579580456018448,base,no
5000,0,0,0.0005527785052037703,-7.602203369140625,-0.1022031307220459,base,no
5001,0,0,0.0011695102302421558,-7.004553318023682,-0.25455328822135925,base,no
5002,0,0,0.02931223287127187,-3.6355538368225098,-0.13555391132831573,base,no
5003,0,0,0.10669059962643358,-2.3751235008239746,-0.2501235604286194,base,no
5004,0,0,0.11920292828022305,-2.485044479370117,-0.48504453897476196,base,no
5005,0,0,0.00037998440155070234,-8.055920600891113,-0.1809203028678894,base,no
5006,0,0,0.0021827160234430044,-6.357391834259033,-0.23239164054393768,base,no
5007,0,0,0.0009110511944006454,-7.47679328918457,-0.4767932891845703,base,no
5008,0,0,0.00017952790381676328,-8.738673210144043,-0.11367284506559372,base,no
5009,0,0,0.1480471980316895,-2.2239787578582764,-0.47397875785827637,base,no
5010,0,0,0.0024726227890962764,-6.165666580200195,-0.16566643118858337,base,no
5011,0,0,0.0003799845600323388,-8.00333309173584,-0.1283332109451294,base,no
5012,0,1,0.5926665999540697,-1.0840628147125244,-1.4590628147125244,base,Yes
5013,0,0,0.0005527786369235996,-7.68166971206665,-0.1816697120666504,base,no
5014,0,0,0.022977371582637088,-3.9353737831115723,-0.18537385761737823,base,no
5015,0,0,0.3208212878370535,-1.5267643928527832,-0.7767643332481384,base,no
5016,0,1,0.7549149868676283,-0.779303789138794,-1.904303789138794,base,yes
5017,0,1,0.817574471748733,-0.40483358502388,-1.9048335552215576,base,yes
5018,0,0,0.0006263340088732682,-7.455421447753906,-0.08042120933532715,base,no
5019,0,0,0.053403324150263734,-2.9682507514953613,-0.09325063973665237,base,no
5020,0,0,0.005911068681121534,-5.363096237182617,-0.2380962073802948,base,no
5021,0,0,6.605216404632929e-05,-9.695395469665527,-0.07039576023817062,base,no
5022,0,0,0.13296425050508953,-2.197434663772583,-0.32243475317955017,base,no
5023,0,0,0.0010322311750449035,-7.020376205444336,-0.14537633955478668,base,no
5024,0,0,0.0006263343026819763,-7.477188587188721,-0.10218881815671921,base,no
5025,0,0,0.0013250225158042191,-6.828855991363525,-0.20385606586933136,base,no
5026,0,0,0.01798621154126062,-4.199051380157471,-0.19905146956443787,base,no
5027,0,0,0.0015011820333792252,-6.647913455963135,-0.14791330695152283,base,no
5028,0,0,0.000911051207963998,-7.20427131652832,-0.2042713314294815,base,no
5029,0,0,0.001032230913830316,-7.190390110015869,-0.3153899908065796,base,no
5030,0,0,0.0534033328129234,-3.149003267288208,-0.2740033268928528,base,no
5031,0,0,0.0013250221017218242,-6.87998104095459,-0.25498080253601074,base,no
5032,0,0,0.34864513533394575,-1.3505574464797974,-0.7255574464797974,base,no
5033,0,0,0.10669059394565118,-2.5250871181488037,-0.4000871181488037,base,no
5034,0,1,0.9046505376715775,-0.43268534541130066,-2.682685375213623,base,yes
5035,0,0,0.0017007224873342032,-6.494181156158447,-0.11918120086193085,base,no
5036,0,0,0.0004305571646941183,-7.912048816680908,-0.16204901039600372,base,no
5037,0,0,0.01406362415060583,-4.553878307342529,-0.3038780987262726,base,no
5038,0,1,0.6791787121629466,-0.9810509085655212,-1.731050968170166,base,Yes
5039,0,0,0.00043055715828107903,-7.878787040710449,-0.12878721952438354,base,no
5040,0,0,0.11920292828022305,-2.393139600753784,-0.39313966035842896,base,no
5041,0,0,0.0002611902334932388,-8.340052604675293,-0.0900522768497467,base,no
5042,0,0,0.0024726225685732036,-6.286280632019043,-0.28628039360046387,base,no
5043,0,0,0.0017007221837385621,-6.6045732498168945,-0.2295731157064438,base,no
5044,0,0,0.0013250224172131609,-6.9093451499938965,-0.2843451499938965,base,no
5045,0,0,0.2942149597859341,-1.456331729888916,-0.5813316702842712,base,no
5046,0,0,0.37754066879814546,-1.2151153087615967,-0.7151153087615967,base,no
5047,0,0,0.2942149597859341,-1.6093132495880127,-0.7343131899833679,base,no
5048,0,1,0.7772998508568416,-0.5280976891517639,-1.7780976295471191,base,yes
5049,0,0,0.2689414096510108,-1.688084363937378,-0.6880843043327332,base,no
5050,0,0,0.03732689055684297,-3.640390634536743,-0.3903907239437103,base,no
5051,0,0,0.0004305570107812016,-7.931708335876465,-0.1817081719636917,base,no
5052,0,0,0.04208772431105632,-3.3804564476013184,-0.2554563581943512,base,no
5053,0,0,0.029312233295254994,-3.6525347232818604,-0.15253481268882751,base,no
5054,0,0,0.03732688359596404,-3.4001996517181396,-0.1501995474100113,base,no
5055,0,0,0.00048785722450755167,-7.806545734405518,-0.1815459430217743,base,no
5056,0,0,0.0010322311750449035,-7.102766990661621,-0.22776712477207184,base,no
5057,0,0,0.0046095718375174415,-5.500349998474121,-0.12534992396831512,base,no
5058,0,0,0.16451645880021026,-2.029127359390259,-0.4041273295879364,base,no
5059,0,0,0.5,-1.1238549947738647,-1.1238549947738647,base,no
5060,0,0,0.005220125074519377,-5.404119491577148,-0.1541193723678589,base,no
5061,0,0,0.0010322308062713872,-7.005181312561035,-0.13018108904361725,base,no
5062,0,0,0.003593602688132928,-6.019278049468994,-0.39427807927131653,base,no
5063,0,0,0.0015011824577590097,-6.64741849899292,-0.14741863310337067,base,no
5064,0,0,0.0021827168347934166,-6.381507873535156,-0.2565080523490906,base,no
5065,0,0,0.4073334000459302,-1.299880027770996,-0.9248800277709961,base,no
5066,0,0,0.13296425050508953,-2.2828798294067383,-0.40787991881370544,base,no
5067,0,1,0.5312093733737563,-0.9021899700164795,-1.0271899700164795,base,yes
5068,0,0,0.4378235137849365,-1.0305068492889404,-0.7805069088935852,base,no
5069,0,0,0.00020342694168703124,-8.782275199890137,-0.2822750210762024,base,no
5070,0,1,0.798186768138228,-0.5664597153663635,-1.9414596557617188,base,yes
5071,0,0,0.037326884666868405,-3.4892325401306152,-0.23923246562480927,base,no
5072,0,1,0.9525741241296944,-0.5273867249488831,-3.5273866653442383,base,Yes
5073,0,0,0.0028009263011984638,-5.942707061767578,-0.06770682334899902,base,no
5074,0,0,9.610242552277423e-05,-9.476541519165039,-0.22654162347316742,base,no
5075,0,0,0.34864513533394575,-1.431308627128601,-0.8063086271286011,base,no
5076,0,0,0.0028009268422604905,-5.970468997955322,-0.09546895325183868,base,no
5077,0,1,0.8354835371034369,-0.46929359436035156,-2.0942935943603516,base,yes
5078,0,0,0.0013250224960860068,-6.8084235191345215,-0.18342357873916626,base,no
5079,0,0,0.0015011821562259924,-6.616772651672363,-0.11677258461713791,base,no
5080,0,0,0.0008040859595735953,-7.378849506378174,-0.2538495361804962,base,no
5081,0,0,0.03308597552845946,-3.5391387939453125,-0.16413870453834534,base,no
5082,0,0,0.06008665017400762,-3.181638240814209,-0.431638240814209,base,no
5083,0,0,0.002472623119880922,-6.148777961730957,-0.14877794682979584,base,no
5084,0,0,0.017986206277364275,-4.233255386352539,-0.23325517773628235,base,no
5085,0,0,0.16451645470385742,-1.9981284141540527,-0.37312835454940796,base,no
5086,0,0,0.000487857180910998,-7.940045356750488,-0.31504547595977783,base,no
5087,0,0,0.0021827160558970152,-6.516218185424805,-0.39121800661087036,base,no
5088,0,0,0.003593602528063672,-5.746371746063232,-0.12137173116207123,base,no
5089,0,0,0.00026119042609885966,-8.340402603149414,-0.0904030129313469,base,no
5090,0,0,0.07585817793199003,-2.778242826461792,-0.2782427966594696,base,no
5091,0,0,0.5,-0.94950932264328,-0.94950932264328,base,no
5092,0,0,0.001501181899364581,-6.78569221496582,-0.2856919765472412,base,no
5093,0,0,0.5,-0.9085313677787781,-0.9085313677787781,base,no
5094,0,0,0.003593602954915036,-5.835103511810303,-0.2101036161184311,base,no
5095,0,0,0.002472622715588583,-6.149876117706299,-0.1498759388923645,base,no
5096,0,1,0.5926665855647394,-0.9708872437477112,-1.3458871841430664,base,Yes
5097,0,0,0.06754669301670263,-2.947282314300537,-0.3222823441028595,base,no
5098,0,0,0.000804085815907447,-7.228215217590332,-0.10321506857872009,base,no
5099,0,0,0.3486451488696663,-1.284787893295288,-0.6597879528999329,base,no
5100,0,0,0.008577483512939705,-4.914393424987793,-0.16439320147037506,base,no
5101,0,0,0.0009110511401472368,-7.10316276550293,-0.10316270589828491,base,no
5102,0,0,0.03732688895048618,-3.433687448501587,-0.1836874932050705,base,no
5103,0,0,0.20181322226037882,-1.9277280569076538,-0.5527280569076538,base,no
5104,0,0,0.010986945180824664,-4.555439472198486,-0.05543970689177513,base,no
5105,0,0,0.005220126506047222,-5.330985069274902,-0.08098522573709488,base,no
5106,0,0,0.0006263340834913398,-7.628265380859375,-0.25326526165008545,base,no
5107,0,0,0.02595735456051482,-3.7057435512542725,-0.0807434469461441,base,no
5108,0,0,0.0003799845204119235,-7.955031394958496,-0.08003140985965729,base,no
5109,0,0,0.009708478630420372,-4.790102005004883,-0.16510222852230072,base,no
5110,0,0,0.005911068155754778,-5.565227031707764,-0.4402269124984741,base,No
5111,0,0,0.0008040860912675871,-7.288753509521484,-0.1637537032365799,base,no
5112,0,0,0.003593602528063672,-5.794052600860596,-0.1690525859594345,base,no
5113,0,0,0.001032231082851512,-7.023412227630615,-0.14841227233409882,base,no
5114,0,1,0.6224593312018546,-1.029600739479065,-1.529600739479065,base,Yes
5115,0,0,0.0009110511401472368,-7.256173133850098,-0.2561730742454529,base,no
5116,0,1,0.8519527944504226,-0.29288846254348755,-2.0428884029388428,base,yes
5117,0,0,0.006692849735519792,-5.43882942199707,-0.438829243183136,base,no
5118,0,1,0.7772998611746911,-0.8266067504882812,-2.0766067504882812,base,Yes
5119,0,0,0.0004305571198028453,-7.976868629455566,-0.22686871886253357,base,no
5120,0,0,0.11920292202211755,-2.2437868118286133,-0.24378681182861328,base,no
5121,0,0,0.37754066879814546,-1.403887391090393,-0.9038873910903931,base,no
5122,0,0,0.4073334000459302,-1.3447507619857788,-0.9697507619857788,base,no
5123,0,0,0.005220126312597491,-5.607086658477783,-0.35708677768707275,base,no
5124,0,1,0.6224593312018546,-0.964699387550354,-1.464699387550354,base,Yes
5125,0,0,0.11920292202211755,-2.316926956176758,-0.3169269561767578,base,no
5126,0,1,0.6513548782017746,-0.8944312930107117,-1.5194313526153564,base,Yes
5127,0,0,0.002472622825850124,-6.205507755279541,-0.20550762116909027,base,no
5128,0,0,0.0013250222594674832,-6.770997524261475,-0.14599740505218506,base,no
5129,0,0,0.0006263341954184638,-7.899647235870361,-0.5246472954750061,base,no
5130,0,0,0.008577487441202876,-4.988465309143066,-0.2384655475616455,base,no
5131,0,0,0.0021827164453451808,-6.411590099334717,-0.2865900993347168,base,no
5132,0,0,0.20181321265898594,-1.9372034072875977,-0.5622033476829529,base,no
5133,0,0,0.0010322310982170768,-7.263735771179199,-0.388735830783844,base,no
5134,0,0,0.0015011821227223277,-6.536657810211182,-0.03665772080421448,base,no
5135,0,0,0.02931222947940706,-3.694720506668091,-0.19472046196460724,base,no
5136,0,1,0.6791787121629466,-0.5686597228050232,-1.318659782409668,base,yes
5137,0,0,0.00020342697047850278,-8.590343475341797,-0.09034343808889389,base,no
5138,0,0,0.16451644651115205,-2.2592673301696777,-0.6342672109603882,base,no
5139,0,0,0.0003799845147518645,-8.157071113586426,-0.2820711135864258,base,no
5140,0,0,0.34864513533394575,-1.356581449508667,-0.731581449508667,base,no
5141,0,0,0.004070138561537168,-5.637723445892334,-0.1377236545085907,base,no
5142,0,0,0.014063628282948357,-4.393725395202637,-0.14372548460960388,base,no
5143,0,1,0.5621765008857981,-0.9445286989212036,-1.1945286989212036,base,yes
5144,0,0,0.14804718675485834,-2.1088051795959473,-0.3588050901889801,base,no
5145,0,0,0.05340333205964859,-3.111903667449951,-0.23690371215343475,base,no
5146,0,1,0.7549149868676283,-0.7718536853790283,-1.8968536853790283,base,yes
5147,0,1,0.8354835452961425,-0.45950764417648315,-2.084507703781128,base,yes
5148,0,0,0.07585818628900447,-2.7387571334838867,-0.23875722289085388,base,no
5149,0,0,0.2689414330889798,-1.599179983139038,-0.5991800427436829,base,no
5150,0,0,0.04208772671409796,-3.284130334854126,-0.1591303050518036,base,no
5151,0,0,0.0005527787192485087,-7.850001335144043,-0.3500014841556549,base,no
5152,0,0,0.000295957113513077,-8.18794059753418,-0.06294059753417969,base,no
5153,0,1,0.5926666143433998,-0.9652661681175232,-1.340266227722168,base,yes
5154,0,0,0.3208212878370535,-1.5197944641113281,-0.7697944045066833,base,no
5155,0,0,0.05340332678672523,-3.1667685508728027,-0.29176849126815796,base,no
5156,0,0,0.002472622862603971,-6.635675430297852,-0.635675311088562,base,No
5157,0,0,0.00033535024536140095,-8.202606201171875,-0.20260654389858246,base,no
5158,0,0,0.00043055699154209085,-7.9117231369018555,-0.16172292828559875,base,no
5159,0,0,0.2689414213699951,-1.4929975271224976,-0.49299752712249756,base,no
5160,0,0,0.015906390079040187,-4.356586456298828,-0.23158635199069977,base,no
5161,0,0,0.4378234991142019,-1.1424247026443481,-0.8924247026443481,base,no
5162,0,0,0.5,-1.0985151529312134,-1.0985151529312134,base,no
5163,0,0,0.16451647108926923,-2.099022626876831,-0.47402268648147583,base,no
5164,0,0,0.002800926384438769,-6.041622638702393,-0.16662243008613586,base,no
5165,0,0,0.00048785716637881444,-7.7550835609436035,-0.13008365035057068,base,no
5166,0,0,0.0007096704783561548,-7.367633819580078,-0.11763393133878708,base,no
5167,0,0,0.029312223967627556,-4.00527286529541,-0.505272626876831,base,no
5168,0,0,0.0015011825694379204,-6.932287693023682,-0.43228790163993835,base,no
5169,0,0,0.00033535008051217613,-8.18127155303955,-0.18127140402793884,base,no
5170,0,0,0.0035936020478559492,-5.911942481994629,-0.28694233298301697,base,no
5171,0,0,0.004070138682343046,-5.787985801696777,-0.28798604011535645,base,no
5172,0,1,0.9399133464597458,-0.6848335862159729,-3.434833526611328,base,Yes
5173,0,0,0.0035936017810739075,-5.70155668258667,-0.07655645906925201,base,no
5174,0,0,0.004070137776299053,-5.63588809967041,-0.13588811457157135,base,no
5175,0,0,0.13296422989056964,-2.2076992988586426,-0.3326992094516754,base,no
5176,0,0,0.002182716802339394,-6.310365676879883,-0.18536584079265594,base,no
5177,0,0,0.0004305570941506913,-7.93086576461792,-0.1808657944202423,base,no
5178,0,0,0.0009110513029074721,-7.317010879516602,-0.3170109987258911,base,no
5179,0,0,0.32082130082460697,-1.5388473272323608,-0.7888473272323608,base,no
5180,0,0,0.0953494648991095,-2.8672423362731934,-0.6172423362731934,base,no
5181,0,0,0.0013250224172131609,-7.262336254119873,-0.637336254119873,base,No
5182,0,0,0.0046095714956607,-5.587576866149902,-0.2125767171382904,base,no
5183,0,0,0.22270014914315833,-1.7080106735229492,-0.458010733127594,base,no
5184,0,0,0.0024726229912424434,-6.085270404815674,-0.08527033776044846,base,no
5185,0,0,0.4073333856566001,-1.1952662467956543,-0.8202661871910095,base,no
5186,0,0,0.0003353500205670236,-8.349291801452637,-0.34929147362709045,base,no
5187,0,0,0.4378234991142019,-1.269113540649414,-1.019113540649414,base,no
5188,0,0,0.014063626526702639,-4.329885959625244,-0.07988592237234116,base,no
5189,0,0,0.0007096702353057783,-7.354928970336914,-0.10492873936891556,base,no
5190,0,0,0.2689414213699951,-1.615922451019287,-0.6159224510192871,base,no
5191,0,0,0.2689414213699951,-1.5279725790023804,-0.5279725790023804,base,no
5192,0,0,0.00591106763038807,-5.218055248260498,-0.09305503964424133,base,no
5193,0,0,0.18242551936144574,-1.979655146598816,-0.47965511679649353,base,no
5194,0,0,0.008577484399966718,-4.869981288909912,-0.11998116970062256,base,no
5195,0,0,0.14804719051380197,-2.1922497749328613,-0.44224971532821655,base,no
5196,0,0,0.002472623671188763,-6.287815093994141,-0.28781530261039734,base,no
5197,0,0,0.022977369240981062,-3.9398677349090576,-0.18986770510673523,base,no
5198,0,0,0.0008040857919630916,-7.254576683044434,-0.12957650423049927,base,no
5199,0,0,0.3486451217982255,-1.4112300872802734,-0.7862300276756287,base,no
5200,0,0,0.0004305571198028453,-7.931279182434082,-0.1812792718410492,base,no
5201,0,0,0.04742586913845881,-3.3484110832214355,-0.3484109938144684,base,no
5202,0,0,0.2942149597859341,-1.46571946144104,-0.5907194018363953,base,no
5203,0,0,0.0015011819440361278,-6.816321849822998,-0.31632164120674133,base,no
5204,0,0,0.0021827168347934166,-6.410480976104736,-0.28548115491867065,base,no
5205,0,0,0.000203426893196141,-8.72714614868164,-0.2271457314491272,base,no
5206,0,1,0.5312093733737563,-1.011660099029541,-1.136660099029541,base,yes
5207,0,0,0.34864513533394575,-1.4716991186141968,-0.8466991186141968,base,no
5208,0,0,0.0005527788015734301,-8.024673461914062,-0.5246737599372864,base,no
5209,0,0,0.0010322311289482067,-7.021753787994385,-0.14675387740135193,base,no
5210,0,0,0.14804721306746543,-2.296947956085205,-0.5469480752944946,base,no
5211,0,1,0.6224593312018546,-0.974027156829834,-1.474027156829834,base,yes
5212,0,0,0.0004305570300203132,-7.931376934051514,-0.18137681484222412,base,no
5213,0,0,0.006692851518667466,-5.155317783355713,-0.15531787276268005,base,no
5214,0,0,0.0002959572457770901,-8.286216735839844,-0.16121718287467957,base,no
5215,0,0,0.09534946104307897,-2.4642958641052246,-0.21429581940174103,base,no
5216,0,0,0.1329642436335826,-2.2802298069000244,-0.4052298367023468,base,no
5217,0,0,0.0011695101519121015,-6.842137336730957,-0.09213723987340927,base,no
5218,0,0,0.13296424019782924,-2.3371591567993164,-0.4621591567993164,base,no
5219,0,0,0.0019267350358459707,-6.434448719024658,-0.18444891273975372,base,no
5220,0,0,0.0013250224172131609,-6.829882621765137,-0.20488262176513672,base,no
5221,0,0,0.0017007223355363758,-6.433526515960693,-0.05852647125720978,base,no
5222,0,0,0.005911067542826956,-5.362296104431152,-0.23729588091373444,base,no
5223,0,1,0.5621765008857981,-0.80655837059021,-1.05655837059021,base,yes
5224,0,0,0.20181321265898594,-1.7887568473815918,-0.413756787776947,base,no
5225,0,0,0.020332350077688886,-4.049055099487305,-0.17405493557453156,base,no
5226,0,0,0.004070137595090279,-5.848433494567871,-0.3484334647655487,base,No
5227,0,0,0.16451645470385742,-2.131955146789551,-0.506955087184906,base,no
5228,0,0,0.0028009265092992313,-6.008810997009277,-0.1338108330965042,base,no
5229,0,0,0.014063629935885703,-4.463746547698975,-0.21374675631523132,base,no
5230,0,1,0.5926665999540697,-0.774756669998169,-1.149756669998169,base,yes
5231,0,1,0.6513548511303336,-0.9784656167030334,-1.6034655570983887,base,Yes
5232,0,0,0.0015011823460801075,-6.706868648529053,-0.2068687081336975,base,no
5233,0,0,0.004070137715896127,-6.137675762176514,-0.6376757621765137,base,no
5234,0,0,0.01590639124530769,-4.2565083503723145,-0.13150832056999207,base,no
5235,0,0,0.46879062662624377,-1.1942501068115234,-1.0692501068115234,base,no
5236,0,0,0.001325022545381538,-6.742018222808838,-0.11701831966638565,base,no
5237,0,0,0.004609571358918011,-5.528769016265869,-0.15376883745193481,base,no
5238,0,0,0.20181323186177208,-1.7626721858978271,-0.3876722455024719,base,no
5239,0,0,0.1645164506075047,-2.0286431312561035,-0.40364304184913635,base,no
5240,0,0,0.0028009273000822866,-6.1327080726623535,-0.25770819187164307,base,no
5241,0,0,0.11920291263495983,-2.362595558166504,-0.36259546875953674,base,no
5242,0,0,0.0003353500155715947,-8.144268989562988,-0.14426864683628082,base,no
5243,0,0,0.012431652865560293,-4.59644889831543,-0.22144906222820282,base,no
5244,0,0,0.014063627663096904,-4.4372100830078125,-0.18721012771129608,base,no
5245,0,0,0.0003799846562533647,-8.036368370056152,-0.1613687425851822,base,no
5246,0,0,0.02297736756836975,-3.9334611892700195,-0.18346108496189117,base,no
5247,0,0,0.0007096703145613268,-7.412368297576904,-0.16236817836761475,base,no
5248,0,0,0.13296425050508953,-2.3056135177612305,-0.43061360716819763,base,no
5249,0,0,0.0031726826539785367,-6.008437156677246,-0.2584370970726013,base,no
5250,0,0,0.003172683078118521,-5.9166154861450195,-0.1666155606508255,base,no
5251,0,0,0.00023050673572924443,-8.536669731140137,-0.1616697907447815,base,no
5252,0,1,0.5312093733737563,-0.8558865189552307,-0.9808865189552307,base,yes
5253,0,0,0.07585818733363135,-2.719456911087036,-0.2194570153951645,base,no
5254,0,0,0.0007096704096679966,-7.33125638961792,-0.08125640451908112,base,no
5255,0,0,0.04742587856304458,-3.2893171310424805,-0.28931725025177,base,no
5256,0,0,0.037326888415033926,-3.502962589263916,-0.2529626190662384,base,no
5257,0,0,0.0011695100039553462,-6.896498680114746,-0.14649845659732819,base,no
5258,0,0,0.0010322311750449035,-7.021028995513916,-0.14602912962436676,base,no
5259,0,1,0.6513548646660542,-0.8525470495223999,-1.4775470495224,base,yes
5260,0,0,0.32082130082460697,-1.2781533002853394,-0.5281533002853394,base,no
5261,0,0,0.05340332678672523,-3.1374950408935547,-0.2624949812889099,base,no
5262,0,0,0.0009110509773870306,-7.475590705871582,-0.47559046745300293,base,no
5263,0,1,0.7057850402140659,-0.7738930583000183,-1.648893117904663,base,Yes
5264,0,1,0.7981867873410141,-0.705342710018158,-2.0803427696228027,base,yes
5265,0,0,0.0021827160558970152,-6.4112982749938965,-0.28629809617996216,base,no
5266,0,0,0.1645164792819756,-2.0760159492492676,-0.45101606845855713,base,no
5267,0,0,0.022977371248114782,-3.8674938678741455,-0.11749392747879028,base,no
5268,0,0,0.001700722310236739,-6.493469715118408,-0.11846965551376343,base,no
5269,0,0,0.0953494738965146,-2.481055974960327,-0.2310560792684555,base,no
5270,0,0,0.02033235423310517,-4.087273120880127,-0.21227316558361053,base,no
5271,0,0,0.46879062662624377,-1.2312709093093872,-1.1062709093093872,base,no
5272,0,0,0.00037998460531281857,-8.003401756286621,-0.1284019947052002,base,no
5273,0,1,0.9046505351008906,-0.5534465312957764,-2.8034465312957764,base,yes
5274,0,0,0.1645164792819756,-2.0900096893310547,-0.46500980854034424,base,no
5275,0,0,0.029312227783474795,-3.664231061935425,-0.16423095762729645,base,no
5276,0,0,0.0002959570385634958,-8.252900123596191,-0.1278998702764511,base,no
5277,0,0,0.005911069294049474,-5.184946537017822,-0.059946611523628235,base,no
5278,0,0,0.0019267342908090516,-6.398293972015381,-0.14829377830028534,base,no
5279,0,0,0.0013250227327045727,-6.909062385559082,-0.28406262397766113,base,no
5280,0,0,0.0010322311289482067,-7.19060754776001,-0.31560763716697693,base,no
5281,0,0,0.0028009266341596987,-6.353784561157227,-0.478784441947937,base,no
5282,0,0,0.0004878571518466312,-7.9398417472839355,-0.3148418068885803,base,no
5283,0,0,0.20181321265898594,-1.9652011394500732,-0.5902010798454285,base,no
5284,0,0,0.0010322309752925658,-7.158712863922119,-0.28371280431747437,base,no
5285,0,0,0.008577485540430151,-4.879767894744873,-0.12976790964603424,base,no
5286,0,0,0.005911068681121534,-5.36352014541626,-0.23852011561393738,base,no
5287,0,0,0.00026119029574958553,-8.532404899597168,-0.2824048101902008,base,no
5288,0,1,0.6224593312018546,-1.002824306488037,-1.502824306488037,base,Yes
5289,0,1,0.6224593452091672,-0.9241098761558533,-1.424109935760498,base,Yes
5290,0,0,0.3486451488696663,-1.4213008880615234,-0.7963009476661682,base,no
5291,0,0,0.022977367233847502,-3.8789525032043457,-0.12895238399505615,base,no
5292,0,0,0.0009110510587671301,-7.261103630065918,-0.26110348105430603,base,No
5293,0,0,0.4378234991142019,-1.3038105964660645,-1.0538105964660645,base,no
5294,0,0,0.0013250226341134984,-6.72976541519165,-0.10476557910442352,base,no
5295,0,0,0.0007096704730724502,-7.395055294036865,-0.1450553983449936,base,no
5296,0,0,0.0002959572457770901,-8.378214836120605,-0.2532152831554413,base,no
5297,0,0,0.004070137172269837,-5.733760833740234,-0.23376069962978363,base,no
5298,0,0,0.08509904036636974,-2.648771047592163,-0.2737709879875183,base,no
5299,0,0,0.10669058826486906,-2.5993356704711914,-0.47433561086654663,base,no
5300,0,0,0.000335350090503036,-8.226921081542969,-0.2269209623336792,base,no
5301,0,0,0.20181321265898594,-1.8295080661773682,-0.4545080065727234,base,no
5302,0,1,0.6224593171945417,-0.627549946308136,-1.1275498867034912,base,yes
5303,0,0,0.5,-1.1772607564926147,-1.1772607564926147,base,no
5304,0,0,0.0008040860433788604,-7.241066932678223,-0.1160670667886734,base,no
5305,0,0,0.001032231236507169,-7.004638195037842,-0.12963838875293732,base,no
5306,0,0,0.1645164506075047,-2.0431947708129883,-0.4181946814060211,base,no
5307,0,0,0.0009110511672739408,-7.182338714599609,-0.182338684797287,base,no
5308,0,0,0.005220125113209313,-5.340233325958252,-0.090233214199543,base,no
5309,0,0,0.0004305570749115768,-7.878310680389404,-0.1283106654882431,base,no
5310,0,0,0.0953494648991095,-2.57975172996521,-0.32975172996520996,base,no
5311,0,0,0.001169510421715644,-6.880275249481201,-0.13027538359165192,base,no
5312,0,0,0.0019267349212248879,-6.4352827072143555,-0.1852828413248062,base,no
5313,0,0,0.0015011824354232285,-6.7057695388793945,-0.20576965808868408,base,no
5314,0,0,0.009708477914104884,-4.722357273101807,-0.09735742211341858,base,no
5315,0,0,0.2689414330889798,-1.6576545238494873,-0.6576545834541321,base,no
5316,0,1,0.8175744850834649,-0.7500976920127869,-2.2500977516174316,base,Yes
5317,0,0,0.0004305569851290541,-7.879003524780273,-0.12900330126285553,base,no
5318,0,0,0.01098694327827096,-4.635129451751709,-0.13512951135635376,base,no
5319,0,0,0.01590639171181471,-4.314481735229492,-0.1894817352294922,base,no
5320,0,0,0.003172683384441879,-5.85772705078125,-0.10772722214460373,base,no
5321,0,0,0.07585817793199003,-2.823618173599243,-0.3236181437969208,base,no
5322,0,0,0.2689414096510108,-1.4961206912994385,-0.4961206316947937,base,no
5323,0,1,0.6513548646660542,-0.8865488767623901,-1.5115488767623901,base,yes
5324,0,0,0.1480472055495773,-2.4197800159454346,-0.6697800755500793,base,no
5325,0,0,0.09534945975773548,-2.47235107421875,-0.22235101461410522,base,no
5326,0,0,0.0028009265509193865,-6.266181468963623,-0.3911813199520111,base,no
5327,0,0,0.002800927133601626,-5.996730804443359,-0.12173086404800415,base,no
5328,0,0,0.07585818837825822,-2.8276548385620117,-0.32765495777130127,base,no
5329,0,0,0.24508501313237172,-1.6540313959121704,-0.5290313959121704,base,no
5330,0,0,0.0003353500255624525,-8.114124298095703,-0.11412398517131805,base,no
5331,0,0,0.18242551491653522,-1.9328672885894775,-0.43286722898483276,base,no
5332,0,0,0.0005527787521784759,-7.930906295776367,-0.4309065043926239,base,no
5333,0,0,0.00857748680761192,-4.989954471588135,-0.2399546355009079,base,no
5334,0,0,0.000911051248654057,-7.430924892425537,-0.4309249520301819,base,no
5335,0,0,0.06008665017400762,-3.0439293384552,-0.2939293384552002,base,no
5336,0,0,0.0017007227403306115,-6.5585174560546875,-0.18351764976978302,base,no
5337,0,0,0.11920291263495983,-2.3666610717773438,-0.3666609823703766,base,no
5338,0,0,0.006692851221476155,-5.213966369628906,-0.21396641433238983,base,no
5339,0,0,0.0010322310060236924,-7.263702392578125,-0.3887023627758026,base,no
5340,0,0,0.1480471980316895,-2.1671462059020996,-0.4171462059020996,base,no
5341,0,0,0.0028009269255008114,-6.026669025421143,-0.15166901051998138,base,no
5342,0,0,0.007577240707590084,-5.114408493041992,-0.23940841853618622,base,no
5343,0,0,0.0031726833137518703,-6.145159721374512,-0.39515987038612366,base,no
5344,0,1,0.8519528170040853,-0.7498148679733276,-2.499814987182617,base,yes
5345,0,0,0.002182716867247439,-6.310446262359619,-0.18544645607471466,base,no
5346,0,0,0.0003353501154801867,-8.202345848083496,-0.2023458033800125,base,no
5347,0,0,0.4073334000459302,-1.3166559934616089,-0.9416559934616089,base,no
5348,0,0,0.46879062662624377,-1.2174556255340576,-1.0924556255340576,base,no
5349,0,0,0.1329642436335826,-2.1540820598602295,-0.2790820896625519,base,no
5350,0,0,0.005911069906977476,-5.251779079437256,-0.12677925825119019,base,no
5351,0,0,0.01243164810903933,-4.577579498291016,-0.20257927477359772,base,no
5352,0,0,0.0017007224620345643,-6.539687633514404,-0.16468766331672668,base,no
5353,0,0,0.005911069906977476,-5.563839435577393,-0.4388396143913269,base,No
5354,0,0,0.0024726229728655185,-6.165574073791504,-0.16557399928569794,base,no
5355,0,0,0.004070138501134231,-5.670368671417236,-0.17036886513233185,base,no
5356,0,0,0.07585818211049715,-2.765479326248169,-0.26547935605049133,base,no
5357,0,0,0.0007096705259094992,-7.3222975730896,-0.07229775190353394,base,no
5358,0,0,0.5,-0.9872633218765259,-0.9872633218765259,base,no
5359,0,0,0.002800927216841955,-6.060261249542236,-0.1852613389492035,base,no
5360,0,0,0.03732688627322502,-3.541921854019165,-0.29192182421684265,base,no
5361,0,0,0.11920292515117029,-2.33935809135437,-0.3393581211566925,base,no
5362,0,0,0.16451646699291617,-1.9969775676727295,-0.3719775974750519,base,no
5363,0,0,0.037326887344129464,-3.801875352859497,-0.5518753528594971,base,No
5364,0,0,0.006692851518667466,-5.14336633682251,-0.14336642622947693,base,no
5365,0,0,0.29421497216298875,-1.6365450620651245,-0.7615450620651245,base,no
5366,0,0,0.022977369240981062,-3.891068458557129,-0.14106842875480652,base,no
5367,0,0,0.020332358091706755,-4.293603897094727,-0.41860413551330566,base,no
5368,0,1,0.5926665855647394,-0.6989544034004211,-1.0739543437957764,base,yes
5369,0,0,0.00037998455437227924,-8.00290584564209,-0.1279059499502182,base,no
5370,0,0,0.0003799846619134258,-8.004117965698242,-0.12911835312843323,base,no
5371,0,0,0.0006263340834913398,-7.48964786529541,-0.1146477460861206,base,no
5372,0,0,0.0005527785052037703,-7.703004837036133,-0.2030045986175537,base,no
5373,0,0,0.29421497216298875,-1.6300628185272217,-0.7550628185272217,base,no
5374,0,0,0.0019267347206380085,-6.507144927978516,-0.257144957780838,base,no
5375,0,0,0.002182716510253215,-6.233007907867432,-0.10800793766975403,base,no
5376,0,0,0.005911069118927199,-5.362115383148193,-0.23711542785167694,base,no
5377,0,0,0.0011695103346822365,-7.32940673828125,-0.5794067978858948,base,no
5378,0,1,0.9525741227833249,-0.27325019240379333,-3.273250102996826,base,yes
5379,0,0,0.0028009266341596987,-6.160343647003174,-0.2853435277938843,base,no
5380,0,0,0.0011695101432087622,-6.912956714630127,-0.1629566103219986,base,no
5381,0,0,0.4378234991142019,-1.153232455253601,-0.9032324552536011,base,no
5382,0,0,0.017986206277364275,-4.131950855255127,-0.13195064663887024,base,no
5383,0,0,0.24508501313237172,-1.7708325386047363,-0.6458325386047363,base,no
5384,0,0,0.06008664344151498,-3.0233192443847656,-0.2733191251754761,base,no
5385,0,0,0.0013250221805946513,-6.807452201843262,-0.1824520230293274,base,no
5386,0,0,0.0015011824130874477,-6.704777717590332,-0.2047778218984604,base,no
5387,0,0,0.32082130082460697,-1.4889779090881348,-0.7389779090881348,base,no
5388,0,0,0.03308597934211908,-3.598423480987549,-0.22342351078987122,base,no
5389,0,0,0.07585817584273653,-2.739942789077759,-0.239942729473114,base,no
5390,0,0,0.3208213138121609,-1.5481269359588623,-0.7981269955635071,base,no
5391,0,0,0.0009110509909503801,-7.146791458129883,-0.1467912346124649,base,no
5392,0,0,0.005911069994538625,-5.266262531280518,-0.1412627249956131,base,no
5393,0,0,0.0011695102650555148,-6.979814052581787,-0.2298140525817871,base,no
5394,0,0,0.012431650533035363,-4.432853698730469,-0.05785367265343666,base,no
5395,0,0,0.014063626630011202,-4.695329189300537,-0.4453291594982147,base,no
5396,0,0,0.07585818419975078,-2.741905689239502,-0.24190574884414673,base,no
5397,0,0,0.0019267346346722098,-6.383155345916748,-0.13315533101558685,base,no
5398,0,0,0.10669059820623795,-2.3403851985931396,-0.21538524329662323,base,no
5399,0,0,0.06754669207816587,-2.8067898750305176,-0.18178988993167877,base,no
5400,0,0,0.0004878571518466312,-7.909933567047119,-0.2849336266517639,base,no
5401,0,0,0.3775406547908327,-1.3478124141693115,-0.8478123545646667,base,no
5402,0,0,0.1192029188930649,-2.412989854812622,-0.4129898250102997,base,no
5403,0,0,0.00029595723255068613,-8.352453231811523,-0.22745363414287567,base,no
5404,0,0,0.14804719051380197,-2.194378614425659,-0.4443785548210144,base,no
5405,0,0,0.002472623119880922,-6.086276054382324,-0.08627603948116302,base,no
5406,0,0,0.04742587856304458,-3.2532758712768555,-0.253275990486145,base,no
5407,0,0,0.03308597981882656,-3.5455574989318848,-0.17055754363536835,base,no
5408,0,0,0.012431653322918172,-4.493303298950195,-0.11830350011587143,base,no
5409,0,0,0.11920292045759123,-2.246598243713379,-0.2465982288122177,base,no
5410,0,0,0.037326887344129464,-3.760733127593994,-0.5107331275939941,base,no
5411,0,0,0.13296424019782924,-2.2635512351989746,-0.3885512351989746,base,no
5412,0,0,0.0011695102476488354,-6.934046268463135,-0.18404625356197357,base,no
5413,0,0,0.0002959571113086773,-8.188366889953613,-0.06336688250303268,base,no
5414,0,0,0.00029595707824268345,-8.28690242767334,-0.1619023084640503,base,no
5415,0,0,0.0059110692064883365,-5.38560676574707,-0.2606068253517151,base,no
5416,0,0,0.022977371917159397,-4.1283488273620605,-0.3783489167690277,base,no
5417,0,1,0.7057850278370112,-0.8828321695327759,-1.7578321695327759,base,yes
5418,0,0,0.002472623707942624,-6.206592082977295,-0.20659230649471283,base,no
5419,0,0,0.24508501313237172,-1.7290817499160767,-0.6040817499160767,base,no
5420,0,0,0.0002034269295643076,-8.725912094116211,-0.22591185569763184,base,no
5421,0,0,0.4073334000459302,-1.3456639051437378,-0.9706639051437378,base,no
5422,0,1,0.8175744939732856,-0.5165332555770874,-2.016533374786377,base,yes
5423,0,0,0.00037998444683116315,-8.018715858459473,-0.14371567964553833,base,no
5424,0,0,0.005911068024413097,-5.239125728607178,-0.11412558704614639,base,no
5425,0,0,0.18242552380635632,-2.0397753715515137,-0.5397753715515137,base,no
5426,0,0,0.0002959572413682887,-8.215533256530762,-0.09053368866443634,base,no
5427,0,0,0.0007096704202354052,-7.477750301361084,-0.22775033116340637,base,no
5428,0,0,0.015906393344589397,-4.374454975128174,-0.24945507943630219,base,no
5429,0,0,0.0005527785792961704,-7.602177619934082,-0.10217751562595367,base,no
5430,0,0,0.060086646807761206,-3.179868698120117,-0.4298686385154724,base,no
5431,0,0,0.0850990542883219,-2.8565821647644043,-0.48158228397369385,base,no
5432,0,0,0.0010322311750449035,-7.019879341125488,-0.14487947523593903,base,no
5433,0,0,0.0021827164777991977,-6.331200122833252,-0.20620013773441315,base,no
5434,0,0,0.0007096704017424403,-7.300695419311523,-0.050695423036813736,base,no
5435,0,1,0.5621765008857981,-1.0327274799346924,-1.2827274799346924,base,Yes
5436,0,1,0.6224593312018546,-0.9314758777618408,-1.4314758777618408,base,yes
5437,0,0,0.0009110513842876005,-7.182327747344971,-0.18232795596122742,base,no
5438,0,0,0.4378234991142019,-1.190883994102478,-0.940883994102478,base,no
5439,0,0,0.004070138199119559,-5.855884552001953,-0.3558846712112427,base,no
5440,0,0,0.0019267346346722098,-6.435435771942139,-0.18543575704097748,base,no
5441,0,0,0.0019267346848189251,-6.284089088439941,-0.0340890996158123,base,no
5442,0,1,0.5312093733737563,-0.9460680484771729,-1.0710680484771729,base,yes
5443,0,1,0.6513548646660542,-1.005375862121582,-1.630375862121582,base,Yes
5444,0,0,0.34864513533394575,-1.3274370431900024,-0.7024370431900024,base,no
5445,0,0,0.00017952791852758067,-8.805309295654297,-0.1803090125322342,base,no
5446,0,0,0.0031726828424851893,-5.885184288024902,-0.13518428802490234,base,no
5447,0,0,0.017986206277364275,-4.305809497833252,-0.30580928921699524,base,no
5448,0,0,0.00970847848715727,-4.925893783569336,-0.30089399218559265,base,no
5449,0,1,0.7057850278370112,-0.8620668649673462,-1.7370668649673462,base,Yes
5450,0,1,0.7772998611746911,-0.7123786211013794,-1.9623786211013794,base,yes
5451,0,0,0.0010322312211416022,-7.004981517791748,-0.12998169660568237,base,no
5452,0,1,0.6791787121629466,-0.804067075252533,-1.5540671348571777,base,Yes
5453,0,0,0.001926734606016944,-6.414388179779053,-0.16438814997673035,base,no
5454,0,0,0.005220126467357275,-5.374490737915039,-0.124490886926651,base,no
5455,0,0,0.0013250224172131609,-6.908742427825928,-0.28374242782592773,base,no
5456,0,0,0.0024726233771578993,-6.133580684661865,-0.1335807740688324,base,no
5457,0,0,0.0011695100387686984,-6.932346820831299,-0.1823466271162033,base,no
5458,0,0,0.03732689055684297,-3.4923763275146484,-0.2423764169216156,base,no
5459,0,0,0.0028009275498032983,-6.163279056549072,-0.288279265165329,base,no
5460,0,0,0.14804719427274565,-2.230854034423828,-0.48085400462150574,base,no
5461,0,0,0.00023050682501394492,-8.724822998046875,-0.3498234450817108,base,no
5462,0,0,0.0024726230831270705,-6.3197712898254395,-0.31977126002311707,base,no
5463,0,0,0.0006263342327275096,-7.628681182861328,-0.2536813020706177,base,no
5464,0,0,0.04208773272170267,-3.5262575149536133,-0.40125763416290283,base,no
5465,0,0,0.003172683408005215,-6.036989212036133,-0.28698939085006714,base,no
5466,0,0,0.007577240483481804,-5.1145429611206055,-0.2395428568124771,base,no
5467,0,0,0.34864513533394575,-1.4379364252090454,-0.8129364252090454,base,no
5468,0,0,0.000379984582672578,-8.003535270690918,-0.1285354495048523,base,no
5469,0,0,0.1480471980316895,-2.1643922328948975,-0.41439223289489746,base,no
5470,0,0,0.01406362456384003,-4.42468786239624,-0.1746876835823059,base,no
5471,0,0,0.00017952796132269275,-8.753487586975098,-0.12848754227161407,base,no
5472,0,0,0.01798621364681958,-4.340137004852295,-0.34013721346855164,base,no
5473,0,0,0.004070137293075673,-5.587124824523926,-0.08712472021579742,base,no
5474,0,0,0.0010322309215130968,-6.9910478591918945,-0.11604774743318558,base,no
5475,0,0,0.005911069731855184,-5.481966018676758,-0.35696616768836975,base,no
5476,0,0,0.32082130082460697,-1.523031234741211,-0.7730312347412109,base,no
5477,0,0,0.00407013711186692,-5.854257583618164,-0.3542574346065521,base,no
5478,0,0,0.3486451488696663,-1.457047462463379,-0.8320475220680237,base,no
5479,0,0,0.0003353501104847565,-8.350546836853027,-0.35054677724838257,base,no
5480,0,0,0.3208213138121609,-1.5074517726898193,-0.7574518322944641,base,no
5481,0,0,0.017986206277364275,-4.319185733795166,-0.3191855251789093,base,no
5482,0,0,0.012431649755527152,-4.580244541168213,-0.20524445176124573,base,no
5483,0,1,0.8175744673038221,-0.6756041646003723,-2.1756041049957275,base,yes
5484,0,0,0.025957354183760273,-4.226494312286377,-0.6014941930770874,base,no
5485,0,0,0.00023050673916327072,-8.446052551269531,-0.07105262577533722,base,no
5486,0,0,0.18242552380635632,-2.2874441146850586,-0.7874441146850586,base,No
5487,0,1,0.5312093733737563,-1.1440953016281128,-1.2690953016281128,base,Yes
5488,0,0,0.0004878572317736444,-7.769516468048096,-0.1445166915655136,base,no
5489,0,0,0.06008664596619963,-2.9209954738616943,-0.17099539935588837,base,no
5490,0,0,0.0046095718375174415,-5.6098432540893555,-0.2348431795835495,base,no
5491,0,1,0.7057850278370112,-0.6869128942489624,-1.5619128942489624,base,yes
5492,0,0,0.10669059678604234,-2.4878416061401367,-0.3628416359424591,base,no
5493,0,0,0.32082130082460697,-1.605480432510376,-0.855480432510376,base,no
5494,0,0,0.05340333431947304,-3.113342046737671,-0.23834213614463806,base,no
5495,0,0,0.14804718675485834,-2.120662212371826,-0.370662122964859,base,no
5496,0,0,0.0017007226391320437,-6.506023406982422,-0.13102354109287262,base,no
5497,0,0,0.34864513533394575,-1.2069450616836548,-0.5819450616836548,base,no
5498,0,0,0.4073334000459302,-1.3207743167877197,-0.9457743167877197,base,no
5499,0,0,0.11920290950590741,-2.424722671508789,-0.4247225522994995,base,no
5500,0,0,0.4378234991142019,-1.2169337272644043,-0.9669337272644043,base,no
5501,0,0,0.0003799845713524582,-8.307069778442383,-0.43206992745399475,base,no
5502,0,0,0.0008040860373927696,-7.240118503570557,-0.11511863023042679,base,no
5503,0,0,0.005220124764999895,-5.887855529785156,-0.6378553509712219,base,no
5504,0,0,0.0017007227656302545,-6.492555618286133,-0.11755582690238953,base,no
5505,0,0,0.020332351264950595,-3.9602253437042236,-0.08522523939609528,base,no
5506,0,0,0.2942149845400438,-1.598421335220337,-0.7234213948249817,base,no
5507,0,0,0.000335350150448201,-8.253692626953125,-0.2536926865577698,base,no
5508,0,0,0.0002611903580059471,-8.330212593078613,-0.08021274209022522,base,no
5509,0,0,0.006692850230838542,-5.142087936401367,-0.14208783209323883,base,no
5510,0,1,0.5621765008857981,-1.0569162368774414,-1.3069162368774414,base,yes
5511,0,0,0.1329642333263228,-2.476576566696167,-0.6015765070915222,base,no
5512,0,0,0.0003353500705213166,-8.181464195251465,-0.18146401643753052,base,no
5513,0,1,0.6224593312018546,-1.0223572254180908,-1.5223572254180908,base,Yes
5514,0,0,0.0024726235976810437,-6.118344306945801,-0.11834448575973511,base,no
5515,0,0,0.008577487377843779,-4.835033416748047,-0.08503364771604538,base,no
5516,0,1,0.6513548646660542,-0.8067686557769775,-1.4317686557769775,base,yes
5517,0,0,0.01798620785653302,-4.212893009185791,-0.21289288997650146,base,no
5518,0,0,0.0005527785875286599,-7.814758777618408,-0.31475868821144104,base,no
5519,0,0,0.03308597934211908,-3.59407901763916,-0.21907904744148254,base,no
5520,0,0,0.012431651584958318,-4.577220916748047,-0.20222097635269165,base,no
5521,0,0,0.001032231251872736,-7.079445838928223,-0.20444604754447937,base,no
5522,0,0,0.0009110513435975354,-7.204827785491943,-0.2048279494047165,base,no
5523,0,0,0.0006263342234002478,-7.537694454193115,-0.1626945585012436,base,no
5524,0,0,0.32082130082460697,-1.5381418466567993,-0.7881418466567993,base,no
5525,0,1,0.8354835207180245,-0.5418740510940552,-2.1668739318847656,base,yes
5526,0,0,0.1329642436335826,-2.2134439945220947,-0.3384440243244171,base,no
5527,0,1,0.7310585903489892,-0.8626291155815125,-1.8626291751861572,base,Yes
5528,0,0,0.010986941173318311,-4.7048540115356445,-0.2048538774251938,base,no
5529,0,0,0.46879062662624377,-1.224881887435913,-1.099881887435913,base,no
5530,0,0,0.0028009270919814614,-6.063730716705322,-0.18873076140880585,base,no
5531,0,0,0.00037998437891047395,-8.127718925476074,-0.25271856784820557,base,no
5532,0,0,0.29421497216298875,-1.7125962972640991,-0.8375962972640991,base,no
5533,0,0,0.0015011824800947912,-6.81616735458374,-0.3161675035953522,base,no
5534,0,0,0.0005527786039936393,-7.681539535522461,-0.18153947591781616,base,no
5535,0,0,0.007577240371427665,-5.273301124572754,-0.39830100536346436,base,no
5536,0,1,0.5312093585306514,-0.9753194451332092,-1.1003193855285645,base,yes
5537,0,0,0.009708478702051923,-4.747324466705322,-0.12232469767332077,base,no
5538,0,0,0.11920292828022305,-2.2845213413238525,-0.2845214009284973,base,no
5539,0,0,0.02595735945832451,-4.006594657897949,-0.3815947473049164,base,no
5540,0,0,0.0011695101083954067,-6.913541793823242,-0.16354165971279144,base,no
5541,0,0,0.004070137897104907,-5.667998790740967,-0.16799883544445038,base,no
5542,0,1,0.7310585669110203,-0.7903056740760803,-1.7903056144714355,base,Yes
5543,0,0,0.001032230929195878,-7.019748687744141,-0.14474858343601227,base,no
5544,0,0,0.32082130082460697,-1.4970941543579102,-0.7470941543579102,base,no
5545,0,0,0.0006263342700365574,-7.80594539642334,-0.43094557523727417,base,no
5546,0,0,0.00015843621202099733,-8.930815696716309,-0.180815652012825,base,no
5547,0,0,0.0019267350071906994,-6.726809978485107,-0.47681015729904175,base,no
5548,0,0,0.0021827163155291175,-6.651755332946777,-0.5267552733421326,base,no
5549,0,0,0.2689414213699951,-1.6574420928955078,-0.6574420928955078,base,no
5550,0,0,0.03732689055684297,-3.6367383003234863,-0.3867383897304535,base,no
5551,0,0,0.004070138561537168,-5.651248931884766,-0.15124914050102234,base,no
5552,0,0,0.002472622936111669,-6.147982597351074,-0.14798250794410706,base,no
5553,0,0,0.00407013830482469,-5.562437057495117,-0.06243720278143883,base,no
5554,0,0,0.00150118227907277,-6.6656813621521,-0.1656813770532608,base,no
5555,0,1,0.8519527944504226,-0.6698480248451233,-2.4198479652404785,base,Yes
5556,0,0,0.0019267344627406228,-6.382302761077881,-0.1323026567697525,base,no
5557,0,0,0.037326887344129464,-3.3922760486602783,-0.14227604866027832,base,no
5558,0,0,0.017986212067650338,-4.19608736038208,-0.19608747959136963,base,no
5559,0,0,0.1645164628965632,-1.9395257234573364,-0.3145257234573364,base,no
5560,0,0,0.06008665354025422,-2.9222629070281982,-0.17226296663284302,base,no
5561,0,0,0.03308598029553404,-3.7031638622283936,-0.32816392183303833,base,no
5562,0,1,0.5926665999540697,-1.0045841932296753,-1.3795841932296753,base,yes
5563,0,0,4.5397884937243255e-05,-10.202157020568848,-0.2021573781967163,base,no
5564,0,0,0.00033535026284541437,-8.11447811126709,-0.11447850614786148,base,no
5565,0,0,0.29421497216298875,-1.5699236392974854,-0.6949236392974854,base,no
5566,0,0,0.0024726235976810437,-6.479497909545898,-0.47949808835983276,base,no
5567,0,0,0.0010322308062713872,-7.078701496124268,-0.20370127260684967,base,no
5568,0,0,0.008577483639657844,-5.024171829223633,-0.2741716206073761,base,no
5569,0,0,0.0024726232117655536,-6.118103504180908,-0.11810352653265,base,no
5570,0,1,0.7310585786300049,-0.8428823947906494,-1.8428823947906494,base,Yes
5571,0,0,0.00043055712621588397,-7.851865768432617,-0.10186587274074554,base,no
5572,0,0,0.0005527785299012358,-7.64543342590332,-0.1454332321882248,base,no
5573,0,0,0.03732688627322502,-3.648103713989258,-0.3981036841869354,base,no
5574,0,0,0.0003353499806035945,-8.080263137817383,-0.080262690782547,base,no
5575,0,0,0.10669058826486906,-2.3917489051818848,-0.26674884557724,base,no
5576,0,0,0.0013250222989039011,-6.87991189956665,-0.2549118101596832,base,no
5577,0,0,0.006692852113050128,-5.294307231903076,-0.2943074107170105,base,no
5578,0,0,0.1066905854244781,-2.460279941558838,-0.3352798521518707,base,no
5579,0,1,0.7772998508568416,-0.8871236443519592,-2.1371235847473145,base,Yes
5580,0,0,0.02595735945832451,-3.8715572357177734,-0.2465573251247406,base,no
5581,0,0,0.009708476768000214,-4.921247482299805,-0.2962475121021271,base,no
5582,0,0,0.0028009267174000135,-6.193811893463135,-0.3188118040561676,base,no
5583,0,0,0.09534946232842245,-2.5266027450561523,-0.27660271525382996,base,no
5584,0,0,0.0019267342334985317,-6.3816938400268555,-0.13169361650943756,base,no
5585,0,0,0.0004305570556724632,-7.952747344970703,-0.20274728536605835,base,no
5586,0,0,0.00037998436193030353,-8.101578712463379,-0.22657831013202667,base,no
5587,0,0,0.005911067805510302,-5.29777717590332,-0.172776997089386,base,no
5588,0,1,0.7981867777396212,-0.5002517700195312,-1.8752517700195312,base,yes
5589,0,0,0.022977366564803023,-4.0140557289123535,-0.2640555799007416,base,no
5590,0,0,0.0003799846902137325,-8.056381225585938,-0.1813816875219345,base,no
5591,0,0,0.00037998444683116315,-8.056567192077637,-0.1815670132637024,base,no
5592,0,1,0.7057850402140659,-0.7384964823722839,-1.6134965419769287,base,yes
5593,0,1,0.6513548511303336,-0.8452025055885315,-1.4702024459838867,base,yes
5594,0,0,0.0021827165751612514,-6.558243274688721,-0.4332433342933655,base,no
5595,0,0,0.0005527785545987024,-7.615076065063477,-0.11507591605186462,base,no
5596,0,0,0.0002034269674478214,-8.56284236907959,-0.06284231692552567,base,no
5597,0,0,0.0003799844326810186,-7.946181297302246,-0.07118108123540878,base,no
5598,0,0,0.005911069294049474,-5.2500081062316895,-0.12500818073749542,base,no
5599,0,0,0.00026119032298674196,-8.411436080932617,-0.16143609583377838,base,no
5600,0,0,0.004609571905888793,-5.501080513000488,-0.1260804533958435,base,no
5601,0,0,0.0013250224369313723,-6.71801233291626,-0.09301234781742096,base,no
5602,0,0,0.24508500210441886,-1.7479283809661865,-0.6229283213615417,base,no
5603,0,0,0.005220124764999895,-5.7809576988220215,-0.5309575200080872,base,no
5604,0,0,0.02297736991002561,-4.298603057861328,-0.5486030578613281,base,no
5605,0,0,0.00857748566714832,-4.951027870178223,-0.20102789998054504,base,no
5606,0,1,0.7310585669110203,-0.8865490555763245,-1.8865489959716797,base,yes
5607,0,0,0.34864513533394575,-1.4709736108779907,-0.8459736108779907,base,no
5608,0,0,0.3208212878370535,-1.521270513534546,-0.7712704539299011,base,no
5609,0,0,0.0001233946063214125,-9.079681396484375,-0.0796816423535347,base,no
5610,0,0,0.4378234991142019,-1.2875456809997559,-1.0375456809997559,base,no
5611,0,0,0.32082130082460697,-1.4876090288162231,-0.7376090288162231,base,no
5612,0,0,0.0019267343194643127,-6.397090911865234,-0.14709073305130005,base,no
5613,0,0,0.0006263340182005267,-7.601611614227295,-0.22661139070987701,base,no
5614,0,0,0.0006263340928185994,-7.504357814788818,-0.12935771048069,base,no
5615,0,1,0.6224593171945417,-0.985772430896759,-1.4857723712921143,base,Yes
5616,0,0,0.4378234991142019,-1.2325466871261597,-0.9825466871261597,base,no
5617,0,0,0.0013250221214400305,-6.771983623504639,-0.14698339998722076,base,no
5618,0,1,0.8807970904940926,-0.626944899559021,-2.6269450187683105,base,yes
5619,0,0,0.0003799846166329393,-8.077364921569824,-0.2023651897907257,base,no
5620,0,1,0.7057850402140659,-0.5515798926353455,-1.4265799522399902,base,yes
5621,0,0,0.0001584362108407426,-8.864079475402832,-0.11407942324876785,base,no
5622,0,0,0.0021827167698853724,-6.290314197540283,-0.16531434655189514,base,no
5623,0,0,0.0019267350645012428,-6.356231689453125,-0.10623189806938171,base,no
5624,0,0,0.004609571905888793,-5.695712566375732,-0.32071250677108765,base,no
5625,0,0,0.0017007220066411306,-6.580376625061035,-0.20537638664245605,base,no
5626,0,1,0.6224593312018546,-0.8078418970108032,-1.3078418970108032,base,yes
5627,0,0,0.34864513533394575,-1.1682747602462769,-0.5432747602462769,base,no
5628,0,0,0.0031726830309918535,-5.885894298553467,-0.13589435815811157,base,no
5629,0,1,0.679178699175393,-0.9408228397369385,-1.6908228397369385,base,Yes
5630,0,0,0.000552778702783526,-7.662632942199707,-0.16263306140899658,base,no
5631,0,0,0.1192029188930649,-2.307219982147217,-0.3072199523448944,base,no
5632,0,0,0.00029595709146908053,-8.286602020263672,-0.1616019457578659,base,no
5633,0,0,0.0159063879797589,-4.434145927429199,-0.3091456890106201,base,no
5634,0,0,0.0017007224620345643,-6.560958385467529,-0.18595841526985168,base,no
5635,0,0,0.0031726826539785367,-5.8861284255981445,-0.13612836599349976,base,no
5636,0,0,0.01798620890931226,-4.342121124267578,-0.34212106466293335,base,no
5637,0,0,0.0600866476493228,-2.983485460281372,-0.2334854155778885,base,no
5638,0,0,0.08509904268669496,-2.688624143600464,-0.3136241137981415,base,no
5639,0,0,0.015906388213012365,-4.338670253753662,-0.2136700302362442,base,no
5640,0,0,0.0046095728630878175,-5.544342517852783,-0.16934266686439514,base,no
5641,0,0,0.02931223371923813,-3.663581132888794,-0.1635812371969223,base,no
5642,0,0,0.5,-0.986162543296814,-0.986162543296814,base,no
5643,0,0,0.004609573102387605,-5.497365951538086,-0.12236615270376205,base,no
5644,0,1,0.5621765008857981,-1.0169172286987305,-1.2669172286987305,base,Yes
5645,0,1,0.8933094174159129,-0.7776039838790894,-2.902604103088379,base,Yes
5646,0,0,0.012431651219072064,-4.649482727050781,-0.27448275685310364,base,no
5647,0,0,0.007577240707590084,-5.003800392150879,-0.12880031764507294,base,no
5648,0,0,0.0006263340461823029,-7.6582255363464355,-0.2832253575325012,base,no
5649,0,0,0.029312230327373224,-3.7175464630126953,-0.21754644811153412,base,no
5650,0,1,0.5621765008857981,-0.9681729078292847,-1.2181729078292847,base,yes
5651,0,0,0.000379984582672578,-7.989260673522949,-0.11426085233688354,base,no
5652,0,0,0.003593602127890565,-5.7115349769592285,-0.08653485029935837,base,no
5653,0,0,0.0003353502203842404,-8.203105926513672,-0.20310619473457336,base,no
5654,0,0,0.01243164829198241,-4.675726890563965,-0.30072668194770813,base,no
5655,0,0,0.02931222863144092,-3.7338039875030518,-0.2338039129972458,base,no
5656,0,0,0.4073334000459302,-1.329158902168274,-0.9541589021682739,base,no
5657,0,0,0.0021827162506210893,-6.381338596343994,-0.256338506937027,base,no
5658,0,0,0.0013250226735499273,-6.698706150054932,-0.07370634377002716,base,no
5659,0,1,0.5926665999540697,-0.8792247772216797,-1.2542247772216797,base,yes
5660,0,0,0.000552778571063681,-7.783048629760742,-0.28304851055145264,base,no
5661,0,0,0.007577241828131579,-5.01882266998291,-0.14382274448871613,base,no
5662,0,0,0.06754669489377622,-2.8036561012268066,-0.17865616083145142,base,no
5663,0,0,0.2942149845400438,-1.399275541305542,-0.5242756009101868,base,no
5664,0,0,0.1480471980316895,-2.331664800643921,-0.5816648006439209,base,no
5665,0,0,0.0373268852023206,-3.5579962730407715,-0.3079962134361267,base,no
5666,0,0,0.000487857028323091,-7.715548038482666,-0.0905478447675705,base,no
5667,0,0,0.18242552380635632,-1.9424831867218018,-0.44248318672180176,base,no
5668,0,0,0.13296423676207594,-2.120413064956665,-0.24541303515434265,base,no
5669,0,0,0.01098694214483487,-4.680337429046631,-0.18033738434314728,base,no
5670,0,0,0.16451645470385742,-2.148082733154297,-0.5230826735496521,base,no
5671,0,0,0.0001584361801541225,-8.8209810256958,-0.07098077982664108,base,no
5672,0,1,0.8807970779778823,-0.3648526668548584,-2.3648526668548584,base,yes
5673,0,0,0.000552778571063681,-7.6814703941345215,-0.18147027492523193,base,no
5674,0,0,0.4073334000459302,-1.1190685033798218,-0.7440685033798218,base,no
5675,0,0,0.0052201248423797645,-5.3387980461120605,-0.08879788219928741,base,no
5676,0,0,0.001032231236507169,-7.022113800048828,-0.14711399376392365,base,no
5677,0,1,0.6513548511303336,-0.905360758304596,-1.5303606986999512,base,yes
5678,0,0,0.08509904732734556,-2.6297109127044678,-0.25471094250679016,base,no
5679,0,0,0.11920291263495983,-2.325483798980713,-0.3254837095737457,base,no
5680,0,0,0.00017952795329860845,-8.805826187133789,-0.1808260977268219,base,no
5681,0,1,0.904650527388829,-0.29153427481651306,-2.541534185409546,base,yes
5682,0,0,0.0008040858039352692,-7.352272033691406,-0.22727186977863312,base,no
5683,0,0,0.0006263342700365574,-7.72564172744751,-0.3506419062614441,base,no
5684,0,0,0.05340332377362639,-3.2267088890075684,-0.3517087697982788,base,no
5685,0,0,0.0017007227403306115,-6.521773338317871,-0.1467735320329666,base,no
5686,0,0,0.020332351116542875,-3.991504192352295,-0.11650408059358597,base,no
5687,0,0,0.4378234991142019,-0.9636455178260803,-0.7136455178260803,base,no
5688,0,1,0.957912274487423,-0.6672560572624207,-3.7922561168670654,base,yes
5689,0,0,0.015906389379279733,-4.316849708557129,-0.19184955954551697,base,no
5690,0,0,0.0009110512215273508,-7.255175590515137,-0.2551756203174591,base,no
5691,0,0,0.0024726227890962764,-6.257874965667725,-0.25787481665611267,base,no
5692,0,0,0.0009110510180770795,-7.145098686218262,-0.1450984925031662,base,no
5693,0,0,0.03308598220236406,-3.674759864807129,-0.29975998401641846,base,no
5694,0,0,0.00029595716421427506,-8.226537704467773,-0.10153787583112717,base,no
5695,0,0,0.5,-0.9195534586906433,-0.9195534586906433,base,no
5696,0,0,0.2689414096510108,-1.6631360054016113,-0.6631359457969666,base,no
5697,0,1,0.7549149868676283,-0.5244525671005249,-1.649452567100525,base,yes
5698,0,0,0.012431647926096252,-4.674503326416016,-0.2995030879974365,base,no
5699,0,0,0.0006263342140729864,-7.504027843475342,-0.12902793288230896,base,no
5700,0,0,0.0015011826141094868,-6.728490829467773,-0.22849106788635254,base,no
5701,0,0,0.32082130082460697,-1.5082851648330688,-0.7582851648330688,base,no
5702,0,0,0.009708476194947928,-4.921267032623291,-0.29626700282096863,base,no
5703,0,0,0.00026119024127528134,-8.532733917236328,-0.28273361921310425,base,no
5704,0,0,0.0007096704413702227,-7.725804805755615,-0.47580486536026,base,no
5705,0,0,0.00037998439023058795,-8.2627592086792,-0.38775888085365295,base,no
5706,0,0,0.000335350247859117,-8.080307006835938,-0.08030735701322556,base,no
5707,0,0,0.0017007225126338423,-6.692774772644043,-0.31777483224868774,base,no
5708,0,0,0.0005527786328073543,-7.581766128540039,-0.08176612108945847,base,no
5709,0,0,0.0021827164291181723,-6.230347156524658,-0.1053471490740776,base,no
5710,0,0,0.0015011823684158874,-6.664430141448975,-0.16443021595478058,base,no
5711,0,0,0.18242551491653522,-2.2874114513397217,-0.7874113917350769,base,no
5712,0,0,0.0010322308370025084,-7.103246688842773,-0.22824649512767792,base,no
5713,0,0,0.11920292202211755,-2.7821099758148193,-0.7821099758148193,base,no
5714,0,0,0.0003799844298509897,-8.01945686340332,-0.1444566398859024,base,no
5715,0,0,0.002472623524173327,-6.231613636016846,-0.23161378502845764,base,no
5716,0,0,0.000804085887740518,-7.378868103027344,-0.253868043422699,base,no
5717,0,0,0.5,-1.200639247894287,-1.200639247894287,base,no
5718,0,0,0.10669058826486906,-2.546985149383545,-0.42198508977890015,base,no
5719,0,1,0.7772998611746911,-0.5323706865310669,-1.782370686531067,base,yes
5720,0,0,0.008577485540430151,-4.989426136016846,-0.2394261509180069,base,no
5721,0,0,0.18242552380635632,-1.7945743799209595,-0.2945743799209595,base,no
5722,0,0,0.0002034269538097556,-8.727656364440918,-0.22765624523162842,base,no
5723,0,0,0.00023050677006950976,-8.658610343933105,-0.2836105525493622,base,no
5724,0,0,0.001700722411435288,-6.604925155639648,-0.22992515563964844,base,no
5725,0,0,0.46879062662624377,-1.173245906829834,-1.048245906829834,base,no
5726,0,0,0.0040701374742844335,-5.652759075164795,-0.15275901556015015,base,no
5727,0,0,0.16451645470385742,-2.099836587905884,-0.474836528301239,base,no
5728,0,0,0.1192029188930649,-2.389439344406128,-0.38943931460380554,base,no
5729,0,0,0.02297737526238275,-4.062404632568359,-0.3124048709869385,base,no
5730,0,0,0.000626334218736617,-7.477176666259766,-0.10217676311731339,base,no
5731,0,0,0.001700722816229541,-6.507740020751953,-0.13274025917053223,base,no
5732,0,0,0.007577240371427665,-5.113384246826172,-0.23838412761688232,base,no
5733,0,0,0.002800926800640331,-6.08226203918457,-0.20726197957992554,base,no
5734,0,1,0.6224593312018546,-0.9070496559143066,-1.4070496559143066,base,yes
5735,0,0,0.020332357201260174,-4.04145622253418,-0.1664564162492752,base,no
5736,0,0,0.0031726834551318883,-5.884838104248047,-0.1348382979631424,base,no
5737,0,0,0.00037998456569239845,-8.018792152404785,-0.1437922865152359,base,no
5738,0,0,0.00192673483525908,-6.479982852935791,-0.22998294234275818,base,no
5739,0,0,0.0031726828424851893,-6.007087707519531,-0.25708770751953125,base,no
5740,0,0,0.2689414096510108,-1.5788331031799316,-0.5788330435752869,base,no
5741,0,0,0.020332349780873466,-4.418410301208496,-0.5434101223945618,base,no
5742,0,0,0.3775406547908327,-1.2551867961883545,-0.7551867365837097,base,no
5743,0,0,0.047425869811643456,-3.166548728942871,-0.16654865443706512,base,no
5744,0,0,0.0011695100561753752,-6.88068151473999,-0.1306813359260559,base,no
5745,0,0,0.1645164628965632,-2.1221837997436523,-0.49718379974365234,base,no
5746,0,1,0.8519528170040853,-0.6034544706344604,-2.35345458984375,base,yes
5747,0,0,0.1480471980316895,-2.222961187362671,-0.4729611873626709,base,no
5748,0,0,0.015906394510857135,-4.2986040115356445,-0.17360419034957886,base,no
5749,0,0,0.0024726234139117557,-6.132536888122559,-0.13253699243068695,base,no
5750,0,0,0.0031726828424851893,-6.038408279418945,-0.2884082794189453,base,no
5751,0,0,0.005220125848318164,-5.4627227783203125,-0.2127228081226349,base,no
5752,0,0,0.0002305066601806787,-8.55576229095459,-0.18076202273368835,base,no
5753,0,0,0.0011695100474720368,-6.815264701843262,-0.0652645155787468,base,no
5754,0,0,0.00017952804958764354,-8.827536582946777,-0.20253702998161316,base,no
5755,0,0,0.3775406547908327,-1.1907005310058594,-0.6907004714012146,base,no
5756,0,0,0.0007096704387283703,-7.306646347045898,-0.056646402925252914,base,no
5757,0,0,0.001032230829319728,-6.9917988777160645,-0.11679867655038834,base,no
5758,0,0,0.00857748566714832,-5.0439558029174805,-0.29395583271980286,base,no
5759,0,0,0.0011695100648787136,-6.854104995727539,-0.10410482436418533,base,no
5760,0,1,0.754914975839675,-0.8574326634407043,-1.9824326038360596,base,yes
5761,0,0,0.32082130082460697,-1.5028244256973267,-0.7528244256973267,base,no
5762,0,0,0.00029595713555707507,-8.269094467163086,-0.1440945416688919,base,no
5763,0,0,0.0010322309752925658,-7.129437446594238,-0.2544373869895935,base,no
5764,0,0,0.04208772431105632,-3.3259856700897217,-0.20098558068275452,base,no
5765,0,0,9.610245845648242e-05,-9.329635620117188,-0.07963606715202332,base,no
5766,0,0,0.0008040858637961602,-7.254140853881836,-0.12914076447486877,base,no
5767,0,0,0.0007096704413702227,-7.453552722930908,-0.20355278253555298,base,no
5768,0,0,0.0017007222975869212,-6.458872318267822,-0.0838722512125969,base,no
5769,0,0,0.001926735093156515,-6.479794025421143,-0.22979424893856049,base,no
5770,0,0,0.02931223371923813,-3.656264543533325,-0.15626464784145355,base,no
5771,0,0,0.005220125074519377,-5.359715461730957,-0.10971534252166748,base,no
5772,0,1,0.880797071719777,-0.3655899167060852,-2.3655898571014404,base,yes
5773,0,0,0.0011695100561753752,-6.879536151885986,-0.129535973072052,base,no
5774,0,0,0.22270013882530884,-1.8461251258850098,-0.5961251258850098,base,no
5775,0,1,0.8354835371034369,-0.7119724750518799,-2.33697247505188,base,yes
5776,0,0,0.0008040859595735953,-7.30752420425415,-0.18252423405647278,base,no
5777,0,1,0.6791786861878392,-0.8687503933906555,-1.6187503337860107,base,yes
5778,0,0,0.09534946875514017,-2.379267692565918,-0.12926773726940155,base,no
5779,0,0,0.009708477341052534,-4.986755847930908,-0.36175593733787537,base,no
5780,0,0,0.020332350374504305,-4.2551069259643555,-0.38010677695274353,base,no
5781,0,1,0.7772998663336157,-0.476552814245224,-1.7265528440475464,base,yes
5782,0,1,0.9525741268224334,-0.513026237487793,-3.513026237487793,base,yes
5783,0,0,0.004609571632403393,-5.614590167999268,-0.23959004878997803,base,no
5784,0,0,0.4378234991142019,-1.1967874765396118,-0.9467874765396118,base,no
5785,0,1,0.6224593312018546,-0.9438556432723999,-1.4438556432724,base,Yes
5786,0,0,0.24508501313237172,-1.745736002922058,-0.6207360029220581,base,no
5787,0,0,0.017986209962091555,-4.235352993011475,-0.2353529930114746,base,no
5788,0,1,0.8933094060543487,-0.40891098976135254,-2.5339109897613525,base,yes
5789,0,0,0.00029595705619868965,-8.327468872070312,-0.20246867835521698,base,no
5790,0,1,0.6224593452091672,-0.811393678188324,-1.3113937377929688,base,yes
5791,0,1,0.9149009526726544,-0.45690158009529114,-2.8319015502929688,base,yes
5792,0,0,0.34864513533394575,-1.2655881643295288,-0.6405881643295288,base,no
5793,0,0,0.0006263341767639418,-7.53729772567749,-0.16229775547981262,base,no
5794,0,0,0.00048785721179188987,-7.675157070159912,-0.050157252699136734,base,no
5795,0,1,0.5312093733737563,-1.0871585607528687,-1.2121585607528687,base,yes
5796,0,0,0.01406362890279984,-4.36432409286499,-0.11432422697544098,base,no
5797,0,0,0.03308597934211908,-3.6478159427642822,-0.2728159725666046,base,no
5798,0,0,0.3486451217982255,-1.3351585865020752,-0.7101585268974304,base,no
5799,0,0,0.0024726231566347748,-6.186357021331787,-0.1863570213317871,base,no
5800,0,0,0.0040701374742844335,-6.1996073722839355,-0.6996073126792908,base,no
5801,0,0,0.0003353500405487399,-8.182356834411621,-0.1823565661907196,base,no
5802,0,0,0.00026119026851243203,-8.476916313171387,-0.2269161194562912,base,no
5803,0,0,0.01798621167285805,-4.1085357666015625,-0.10853586345911026,base,no
5804,0,0,0.02297736857193652,-3.9886605739593506,-0.2386605143547058,base,no
5805,0,0,0.0005527786286911093,-7.573287010192871,-0.0732869952917099,base,no
5806,0,0,0.2018132174596823,-1.752827525138855,-0.3778274953365326,base,no
5807,0,0,0.18242552825126704,-1.852298378944397,-0.35229840874671936,base,no
5808,0,0,0.0009110514114143117,-7.146160125732422,-0.14616036415100098,base,no
5809,0,0,0.20181321265898594,-1.9405481815338135,-0.5655481219291687,base,no
5810,0,0,7.4846205763976e-05,-9.589722633361816,-0.08972234278917313,base,no
5811,0,1,0.8933094003735664,-0.4124324917793274,-2.5374324321746826,base,yes
5812,0,1,0.9046505351008906,-0.653179407119751,-2.903179407119751,base,yes
5813,0,0,0.46879062662624377,-1.1569528579711914,-1.0319528579711914,base,no
5814,0,0,0.005220126622117065,-5.607578277587891,-0.35757845640182495,base,no
5815,0,0,0.0021827160558970152,-6.29071044921875,-0.16571027040481567,base,no
5816,0,0,0.4073333856566001,-1.3169734477996826,-0.9419733881950378,base,no
5817,0,0,0.18242551491653522,-2.0426745414733887,-0.5426744818687439,base,no
5818,0,0,0.006692850825221093,-5.21428918838501,-0.21428917348384857,base,no
5819,0,0,0.0010322310982170768,-7.079504489898682,-0.20450454950332642,base,no
5820,0,0,0.0008040857680187367,-7.379391193389893,-0.25439098477363586,base,no
5821,0,0,0.00029595716641867513,-8.226910591125488,-0.10191076993942261,base,no
5822,0,0,0.029312227359491745,-3.7010083198547363,-0.20100820064544678,base,no
5823,0,0,0.0009110509909503801,-7.146827697753906,-0.14682747423648834,base,no
5824,0,0,0.0040701368098523495,-5.623819351196289,-0.12381912767887115,base,no
5825,0,0,0.4073334000459302,-1.2076952457427979,-0.8326952457427979,base,no
5826,0,0,0.001700722284937103,-6.539427757263184,-0.16442768275737762,base,no
5827,0,0,0.00015843622618405488,-8.952564239501953,-0.2025642842054367,base,no
5828,0,0,0.24508501313237172,-1.7500922679901123,-0.6250922679901123,base,no
5829,0,0,0.0004305571005637297,-7.952813625335693,-0.20281367003917694,base,no
5830,0,0,0.18242551936144574,-1.873974323272705,-0.3739742934703827,base,no
5831,0,1,0.8519527982093668,-0.42374637722969055,-2.173746347427368,base,yes
5832,0,0,0.06754668550840877,-2.972404718399048,-0.3474046289920807,base,no
5833,0,0,0.002800927414537748,-5.929031848907471,-0.05403200909495354,base,no
5834,0,0,0.02595735569077852,-4.130257606506348,-0.5052575469017029,base,No
5835,0,0,0.00026119030353162996,-8.431020736694336,-0.18102067708969116,base,no
5836,0,0,0.005911068900024362,-5.219110012054443,-0.09411001950502396,base,no
5837,0,0,0.0008040860673232232,-7.227201461791992,-0.10220162570476532,base,no
5838,0,0,0.03308597505175204,-3.5603175163269043,-0.18531741201877594,base,no
5839,0,0,0.0001584362663127248,-9.138529777526855,-0.38853007555007935,base,no
5840,0,0,0.0013250224566495835,-6.880669593811035,-0.25566962361335754,base,no
5841,0,0,0.3486451217982255,-1.3440124988555908,-0.719012439250946,base,no
5842,0,0,0.0005527786780860526,-7.64457893371582,-0.14457900822162628,base,no
5843,0,0,0.042087731520181665,-3.3222432136535645,-0.19724330306053162,base,no
5844,0,0,0.0011695100126586841,-6.853428363800049,-0.10342814773321152,base,no
5845,0,1,0.7981867777396212,-0.6975069046020508,-2.072506904602051,base,yes
5846,0,0,0.0005527785545987024,-7.849484443664551,-0.34948429465293884,base,no
5847,0,0,0.0017007227403306115,-6.467984676361084,-0.0929848700761795,base,no
5848,0,0,0.0006263341581094201,-7.465606212615967,-0.0906062126159668,base,no
5849,0,0,0.0013250221608764442,-6.771602630615234,-0.14660243690013885,base,no
5850,0,0,0.0003799844694713956,-8.079619407653809,-0.20461928844451904,base,no
5851,0,0,0.0006263341068094889,-7.479746341705322,-0.1047462597489357,base,no
5852,0,0,0.0009110510858938316,-7.254331588745117,-0.25433146953582764,base,no
5853,0,1,0.6224593312018546,-0.8903089761734009,-1.3903089761734009,base,Yes
5854,0,0,0.03308597457504463,-3.811253070831299,-0.4362529516220093,base,no
5855,0,0,0.4378234991142019,-1.2001519203186035,-0.9501519203186035,base,no
5856,0,0,0.009708477341052534,-4.716215133666992,-0.09121522307395935,base,no
5857,0,0,0.2689414213699951,-1.5411431789398193,-0.5411431789398193,base,no
5858,0,0,0.001169510456529009,-6.882098197937012,-0.13209836184978485,base,no
5859,0,1,0.6513548782017746,-0.7029730677604675,-1.3279731273651123,base,yes
5860,0,1,0.7549149868676283,-0.7514433860778809,-1.8764433860778809,base,Yes
5861,0,0,0.00020342701745407042,-8.643523216247559,-0.1435234099626541,base,no
5862,0,1,0.754914975839675,-0.8375154137611389,-1.9625153541564941,base,Yes
5863,0,0,0.11920291576401235,-2.4397313594818115,-0.43973129987716675,base,no
5864,0,0,0.0021827159585349845,-6.355994701385498,-0.23099447786808014,base,no
5865,0,1,0.5621765008857981,-0.823068380355835,-1.073068380355835,base,yes
5866,0,0,0.000804086031406679,-7.440884590148926,-0.31588470935821533,base,no
5867,0,0,0.2942149845400438,-1.461712121963501,-0.5867121815681458,base,no
5868,0,0,0.01590639124530769,-4.532721519470215,-0.40772148966789246,base,no
5869,0,0,0.0017007226138324027,-6.580309867858887,-0.20530998706817627,base,no
5870,0,0,0.0006263340648368211,-7.629569053649902,-0.2545689046382904,base,no
5871,0,0,0.0011695103172755556,-6.895904541015625,-0.14590458571910858,base,no
5872,0,0,0.002182715990988994,-6.516888618469238,-0.39188840985298157,base,no
5873,0,1,0.7549149648117217,-0.8850265741348267,-2.010026454925537,base,Yes
5874,0,0,0.001032230990658129,-7.03991174697876,-0.16491170227527618,base,no
5875,0,0,0.00023050662584042975,-8.689939498901367,-0.31493908166885376,base,no
5876,0,0,0.22270013882530884,-1.7731715440750122,-0.5231715440750122,base,no
5877,0,0,0.00013982211314529357,-9.036890983581543,-0.16189125180244446,base,no
5878,0,1,0.5926666143433998,-0.841148316860199,-1.2161483764648438,base,yes
5879,0,0,0.10669059962643358,-2.67406964302063,-0.5490697026252747,base,no
5880,0,1,0.7310585786300049,-0.5520418882369995,-1.5520418882369995,base,yes
5881,0,1,0.8519527869325346,-0.4831324815750122,-2.2331323623657227,base,yes
5882,0,0,0.34864513533394575,-1.3935866355895996,-0.7685866355895996,base,no
5883,0,0,0.40733341443526055,-1.3469123840332031,-0.9719124436378479,base,no
5884,0,0,0.14804720930852133,-2.217555284500122,-0.46755537390708923,base,no
5885,0,0,0.04208772431105632,-3.4019782543182373,-0.27697816491127014,base,no
5886,0,0,0.32082130082460697,-1.4843720197677612,-0.7343720197677612,base,no
5887,0,0,0.3775406547908327,-1.2720236778259277,-0.772023618221283,base,no
5888,0,1,0.754914975839675,-0.831520140171051,-1.9565200805664062,base,Yes
5889,0,0,0.017986207330143424,-4.308250904083252,-0.30825075507164,base,no
5890,0,0,0.003172683078118521,-5.918765068054199,-0.1687651425600052,base,no
5891,0,0,0.01243164829198241,-4.579839706420898,-0.20483949780464172,base,no
5892,0,0,0.02595735456051482,-3.74823260307312,-0.12323249876499176,base,no
5893,0,0,0.0005527787110160173,-7.644733905792236,-0.14473403990268707,base,no
5894,0,0,0.3208212878370535,-1.5140492916107178,-0.764049232006073,base,no
5895,0,0,0.0005527785216687471,-7.6149210929870605,-0.11492088437080383,base,no
5896,0,0,0.24508501313237172,-1.6581130027770996,-0.5331130027770996,base,no
5897,0,1,0.7310585669110203,-0.757465660572052,-1.7574656009674072,base,yes
5898,0,0,0.37754066879814546,-1.4025013446807861,-0.9025013446807861,base,no
5899,0,0,0.0005527787686434603,-7.782413482666016,-0.2824137210845947,base,no
5900,0,0,0.4378234844434674,-1.164292573928833,-0.9142925143241882,base,no
5901,0,0,0.00023050664472756607,-8.465544700622559,-0.09054436534643173,base,no
5902,0,0,0.00015843627575476622,-8.910895347595215,-0.1608957052230835,base,no
5903,0,0,0.0005527786698535617,-8.133809089660645,-0.6338091492652893,base,no
5904,0,0,0.0008040861211980428,-7.170391082763672,-0.04539131373167038,base,no
5905,0,0,0.002472623193388627,-6.231389999389648,-0.23139001429080963,base,no
5906,0,0,0.025957354183760273,-3.8527607917785645,-0.2277606725692749,base,no
5907,0,0,0.033085976958581766,-3.5530638694763184,-0.17806382477283478,base,no
5908,0,0,0.004070137897104907,-5.586925029754639,-0.08692507445812225,base,no
5909,0,0,0.002472623193388627,-6.094404220581055,-0.09440423548221588,base,no
5910,0,0,0.0006263340182005267,-7.578489303588867,-0.20348908007144928,base,no
5911,0,0,0.03308598029553404,-3.6375572681427,-0.26255732774734497,base,no
5912,0,0,0.1329642333263228,-2.4183437824249268,-0.543343722820282,base,no
5913,0,0,0.32082130082460697,-1.483717441558838,-0.7337174415588379,base,no
5914,0,0,0.002472623671188763,-6.149901390075684,-0.1499015986919403,base,no
5915,0,0,0.37754066879814546,-1.305315375328064,-0.805315375328064,base,no
5916,0,0,0.010986944249787705,-4.724844455718994,-0.22484460473060608,base,no
5917,0,0,0.0011695102302421558,-6.84315824508667,-0.09315821528434753,base,no
5918,0,0,0.05340333130637379,-3.2334446907043457,-0.3584447205066681,base,no
5919,0,0,0.0005527786451560899,-7.602489471435547,-0.10248948633670807,base,no
5920,0,0,0.02595735569077852,-3.7453439235687256,-0.12034386396408081,base,no
5921,0,0,0.0010322308677336307,-7.058193206787109,-0.18319304287433624,base,no
5922,0,0,0.0002959572457770901,-8.475851058959961,-0.35085150599479675,base,no
5923,0,0,0.04208772431105632,-3.301736354827881,-0.1767362654209137,base,no
5924,0,1,0.8519528019683106,-0.6674652099609375,-2.4174652099609375,base,Yes
5925,0,0,0.5,-1.090327262878418,-1.090327262878418,base,no
5926,0,0,0.06008664512463808,-3.0051515102386475,-0.2551514208316803,base,no
5927,0,0,0.0002959570121107069,-8.26973819732666,-0.1447378545999527,base,no
5928,0,0,0.0019267349498801579,-6.5664777755737305,-0.3164779245853424,base,no
5929,0,0,0.004609571700774742,-5.566417694091797,-0.19141758978366852,base,no
5930,0,0,0.06754668363133542,-2.825098991394043,-0.20009887218475342,base,no
5931,0,1,0.8807970842359877,-0.6766147017478943,-2.676614761352539,base,yes
5932,0,0,0.1066905911052601,-2.3945958614349365,-0.26959583163261414,base,no
5933,0,0,0.20181322226037882,-1.9244072437286377,-0.5494072437286377,base,no
5934,0,0,0.0008040859356292355,-7.378900051116943,-0.25390005111694336,base,no
5935,0,0,0.0013250223383403197,-6.788860321044922,-0.1638602614402771,base,no
5936,0,0,0.002800926759020172,-6.0603132247924805,-0.1853131502866745,base,no
5937,0,0,0.0003353501804207875,-8.227147102355957,-0.22714725136756897,base,no
5938,0,0,0.0004305570588789821,-7.864635467529297,-0.1146354153752327,base,no
5939,0,0,0.3208212878370535,-1.5410411357879639,-0.7910410761833191,base,no
5940,0,0,0.0021827160558970152,-6.2894511222839355,-0.16445094347000122,base,no
5941,0,0,0.0035936023146380092,-5.761208534240723,-0.1362084597349167,base,no
5942,0,0,0.0007096703885331799,-7.395038604736328,-0.14503858983516693,base,no
5943,0,0,0.0003799846958737941,-8.101789474487305,-0.2267899513244629,base,no
5944,0,1,0.5926665999540697,-1.0061229467391968,-1.3811229467391968,base,yes
5945,0,0,0.014063627663096904,-4.38819694519043,-0.13819698989391327,base,no
5946,0,0,0.24508500210441886,-1.6715643405914307,-0.5465642809867859,base,no
5947,0,0,0.00013982211939495527,-9.055946350097656,-0.18094666302204132,base,no
5948,0,0,0.0004305571839332368,-8.032590866088867,-0.2825911045074463,base,no
5949,0,0,0.00037998453739210097,-8.263516426086426,-0.38851648569107056,base,no
5950,0,1,0.5312093733737563,-1.0373897552490234,-1.1623897552490234,base,yes
5951,0,0,0.29421497216298875,-1.4338631629943848,-0.5588631629943848,base,no
5952,0,0,0.46879062662624377,-1.193493127822876,-1.068493127822876,base,no
5953,0,0,0.0009110511401472368,-7.204344272613525,-0.20434421300888062,base,no
5954,0,1,0.851952809486198,-0.7496234774589539,-2.4996235370635986,base,yes
5955,0,0,0.014063626836628337,-4.434814453125,-0.1848144382238388,base,no
5956,0,0,0.0003353502653431306,-8.128246307373047,-0.1282467097043991,base,no
5957,0,1,0.5312093733737563,-1.1580946445465088,-1.2830946445465088,base,Yes
5958,0,0,0.16451645470385742,-2.0711629390716553,-0.4461628794670105,base,no
5959,0,0,0.0010322310367548194,-6.99142599105835,-0.11642599105834961,base,no
5960,0,0,0.007577239474994629,-5.236485481262207,-0.36148524284362793,base,no
5961,0,0,0.4073333856566001,-1.1373059749603271,-0.7623059153556824,base,no
5962,0,0,0.006692850131774789,-5.236390113830566,-0.23638999462127686,base,no
5963,0,0,0.0002959572501858916,-8.239073753356934,-0.1140742152929306,base,no
5964,0,0,0.0004305571518680399,-7.9123969078063965,-0.16239707171916962,base,no
5965,0,0,0.0028009266341596987,-6.009754657745361,-0.13475453853607178,base,no
5966,0,0,0.0024726235976810437,-6.319205284118652,-0.31920546293258667,base,no
5967,0,0,0.0002034269795705473,-8.601022720336914,-0.10102272778749466,base,no
5968,0,0,0.0013250221017218242,-6.771817207336426,-0.14681696891784668,base,no
5969,0,0,0.0006263342513820332,-7.51992654800415,-0.14492669701576233,base,no
5970,0,1,0.5926665999540697,-1.049300193786621,-1.424300193786621,base,Yes
5971,0,0,0.0005527785052037703,-7.930645942687988,-0.4306457042694092,base,no
5972,0,0,0.0010322309676097843,-6.9784979820251465,-0.10349791496992111,base,no
5973,0,0,0.08509903804604459,-2.684879779815674,-0.30987969040870667,base,no
5974,0,0,0.0013250225749588576,-6.82935905456543,-0.20435917377471924,base,no
5975,0,0,0.012431652865560293,-4.5283355712890625,-0.15333573520183563,base,no
5976,0,0,0.11920292202211755,-2.3741416931152344,-0.3741416931152344,base,no
5977,0,0,0.0953494648991095,-2.641146659851074,-0.3911466598510742,base,no
5978,0,0,0.0758581737534831,-2.923036813735962,-0.42303672432899475,base,no
5979,0,0,0.00037998439589064507,-8.102352142333984,-0.2273518294095993,base,no
5980,0,0,0.009708475765158738,-4.756915092468262,-0.13191501796245575,base,no
5981,0,0,0.2689414213699951,-1.5439860820770264,-0.5439860820770264,base,no
5982,0,0,0.0024726233771578993,-6.118319511413574,-0.11831960082054138,base,no
5983,0,0,0.002472623119880922,-6.186335563659668,-0.18633554875850677,base,no
5984,0,0,0.017986211804455476,-4.212683200836182,-0.21268330514431,base,no
5985,0,0,0.5,-1.1952400207519531,-1.1952400207519531,base,no
5986,0,0,0.11920292202211755,-2.2585554122924805,-0.25855541229248047,base,no
5987,0,0,0.000804086031406679,-7.475728511810303,-0.3507286310195923,base,no
5988,0,0,0.1192029188930649,-2.3009018898010254,-0.300901859998703,base,no
5989,0,0,0.0758581737534831,-2.8407280445098877,-0.34072795510292053,base,no
5990,0,0,0.2689414213699951,-1.632917046546936,-0.632917046546936,base,no
5991,0,0,0.02931222905542399,-3.7947349548339844,-0.2947348952293396,base,no
5992,0,0,0.01590639124530769,-4.463469982147217,-0.3384699523448944,base,no
5993,0,0,0.00048785714458053967,-7.753625869750977,-0.12862591445446014,base,no
5994,0,1,0.5621765008857981,-1.0472207069396973,-1.2972207069396973,base,Yes
5995,0,1,0.5621765008857981,-0.9665309190750122,-1.2165309190750122,base,yes
5996,0,0,0.00020342689622682129,-8.643587112426758,-0.14358671009540558,base,no
5997,0,0,0.002800926800640331,-6.16116189956665,-0.2861618399620056,base,no
5998,0,0,0.0006263340461823029,-7.448240756988525,-0.07324057817459106,base,no
5999,0,0,0.00037998467323354827,-8.128809928894043,-0.2538103461265564,base,no
