idx,y_true,y_pred,p_yes,lp_yes,lp_no,mode,raw_text
0,1,1,0.952574129515172,-0.3770403265953064,-3.377040386199951,assist,yes
1,1,0,0.5,-1.0813616514205933,-1.0813616514205933,assist,no
2,1,1,0.7057850278370112,-0.7468569278717041,-1.621856927871704,assist,yes
3,1,1,0.9579122672782973,-0.37704384326934814,-3.5020437240600586,assist,yes
4,1,1,0.7981867777396212,-0.6732735633850098,-2.0482735633850098,assist,yes
5,1,1,0.9579122684798184,-0.3395706117153168,-3.4645705223083496,assist,yes
6,1,1,0.970687766704745,-0.3589821755886078,-3.8589820861816406,assist,yes
7,1,1,0.9626731137267751,-0.3669435679912567,-3.616943597793579,assist,yes
8,1,1,0.9706877684006775,-0.3599903881549835,-3.859990358352661,assist,yes
9,1,1,0.9626731094431571,-0.3055947721004486,-3.5555946826934814,assist,yes
10,1,1,0.9149009549929797,-0.4577977657318115,-2.8327977657318115,assist,yes
11,1,1,0.7057850154599563,-0.7914994359016418,-1.666499376296997,assist,yes
12,1,0,0.22270013882530884,-2.0399413108825684,-0.7899413108825684,assist,no
13,1,1,0.9669140244715405,-0.3284393846988678,-3.703439474105835,assist,yes
14,1,1,0.914900945711678,-0.41700613498687744,-2.792006015777588,assist,yes
15,1,1,0.6513548646660542,-0.8281625509262085,-1.4531625509262085,assist,yes
16,1,1,0.9324533163686646,-0.400199294090271,-3.0251994132995605,assist,yes
17,1,1,0.9626731094431571,-0.367647260427475,-3.617647171020508,assist,yes
18,1,1,0.6513548646660542,-0.9966751337051392,-1.6216751337051392,assist,yes
19,1,1,0.7549150089235336,-0.8846739530563354,-2.009674072265625,assist,yes
20,1,1,0.7549149868676283,-0.8130944967269897,-1.9380944967269897,assist,yes
21,1,1,0.8175744673038221,-0.6570010781288147,-2.15700101852417,assist,yes
22,1,1,0.9241418158002492,-0.43641167879104614,-2.9364116191864014,assist,yes
23,1,1,0.966914019704466,-0.36112576723098755,-3.7361257076263428,assist,yes
24,1,1,0.9579122708828604,-0.36956074833869934,-3.494560718536377,assist,yes
25,1,1,0.966914019704466,-0.43795114755630493,-3.81295108795166,assist,yes
26,1,1,0.939913343093499,-0.3900090456008911,-3.1400089263916016,assist,yes
27,1,1,0.5621765008857981,-1.0254937410354614,-1.2754937410354614,assist,yes
28,1,1,0.9706877692486436,-0.3606414794921875,-3.8606414794921875,assist,yes
29,1,1,0.9241418116217418,-0.44595015048980713,-2.9459500312805176,assist,yes
30,1,1,0.9626731147976793,-0.3657187819480896,-3.6157188415527344,assist,yes
31,1,1,0.9770226320971079,-0.422509104013443,-4.17250919342041,assist,yes
32,1,1,0.9324533013520764,-0.47215187549591064,-3.097151756286621,assist,yes
33,1,1,0.8519527869325346,-0.5658808946609497,-2.31588077545166,assist,yes
34,1,1,0.9770226320971079,-0.2868475019931793,-4.0368475914001465,assist,yes
35,1,1,0.9465966656805269,-0.3542555272579193,-3.229255437850952,assist,yes
36,1,1,0.9669140216112958,-0.30207014083862305,-3.677070140838623,assist,yes
37,1,1,0.9525741322079105,-0.31721770763397217,-3.3172178268432617,assist,yes
38,1,1,0.9626731083722525,-0.3371659517288208,-3.5871658325195312,assist,yes
39,1,1,0.9241418199787566,-0.4125516414642334,-2.9125516414642334,assist,yes
40,1,1,0.9465966686936261,-0.3817780315876007,-3.2567780017852783,assist,yes
41,1,1,0.8519527869325346,-0.6591039896011353,-2.4091038703918457,assist,yes
42,1,1,0.851952809486198,-0.5702733397483826,-2.3202733993530273,assist,yes
43,1,1,0.9241418220680101,-0.37443849444389343,-2.874438524246216,assist,yes
44,1,1,0.8354835371034369,-0.5058164596557617,-2.1308164596557617,assist,yes
45,1,1,0.9669140235181256,-0.36456674337387085,-3.7395668029785156,assist,yes
46,1,1,0.9324533013520764,-0.5183049440383911,-3.1433048248291016,assist,yes
47,1,1,0.7981867585368343,-0.6579171419143677,-2.032917022705078,assist,yes
48,1,1,0.7772998611746911,-0.602332353591919,-1.852332353591919,assist,yes
49,1,1,0.5926665999540697,-0.9753131866455078,-1.3503131866455078,assist,yes
50,1,1,0.9579122672782973,-0.3382984399795532,-3.4632983207702637,assist,yes
51,1,1,0.9399133481428692,-0.3881221115589142,-3.138122081756592,assist,yes
52,1,1,0.9525741308615412,-0.3455294668674469,-3.345529556274414,assist,yes
53,1,1,0.9149009619539553,-0.41543880105018616,-2.7904388904571533,assist,yes
54,1,1,0.9046505428129514,-0.4593795835971832,-2.7093796730041504,assist,yes
55,1,1,0.9241418158002492,-0.4417343735694885,-2.9417343139648438,assist,yes
56,1,1,0.9465966686936261,-0.3824627697467804,-3.257462739944458,assist,yes
57,1,1,0.9399133447766225,-0.3597296178340912,-3.109729528427124,assist,yes
58,1,1,0.7057850278370112,-0.8193802833557129,-1.694380283355713,assist,yes
59,1,0,0.025957354183760273,-4.050878047943115,-0.4258779287338257,assist,no
60,1,1,0.9046505428129514,-0.46445098519325256,-2.7144510746002197,assist,yes
61,1,1,0.9525741254760638,-0.373853474855423,-3.3738534450531006,assist,yes
62,1,1,0.9399133447766225,-0.4252999722957611,-3.175299882888794,assist,yes
63,1,1,0.8519528019683106,-0.6146092414855957,-2.3646092414855957,assist,yes
64,1,1,0.914900957313305,-0.4183010756969452,-2.7933011054992676,assist,yes
65,1,1,0.9324533032291502,-0.3360689580440521,-2.961068868637085,assist,yes
66,1,1,0.8175744673038221,-0.5667784810066223,-2.0667784214019775,assist,yes
67,1,1,0.9525741268224334,-0.37978148460388184,-3.379781484603882,assist,yes
68,1,1,0.9399133531922388,-0.3336870074272156,-3.0836870670318604,assist,yes
69,1,1,0.893309411735131,-0.5167900919914246,-2.6417901515960693,assist,yes
70,1,1,0.9525741281688026,-0.342466801404953,-3.3424668312072754,assist,yes
71,1,1,0.9626731115849659,-0.36839559674263,-3.6183955669403076,assist,yes
72,1,1,0.9525741322079105,-0.3413633108139038,-3.3413634300231934,assist,yes
73,1,1,0.9046505402422645,-0.40598076581954956,-2.6559808254241943,assist,yes
74,1,1,0.9740426458162398,-0.292080283164978,-3.9170804023742676,assist,yes
75,1,1,0.9399133481428692,-0.3931427299976349,-3.1431427001953125,assist,yes
76,1,1,0.9626731137267751,-0.3322462737560272,-3.5822463035583496,assist,yes
77,1,1,0.8807970842359877,-0.5766355395317078,-2.5766355991363525,assist,yes
78,1,1,0.9465966671870767,-0.44904953241348267,-3.324049472808838,assist,yes
79,1,1,0.9324533126145177,-0.36761993169784546,-2.9926199913024902,assist,yes
80,1,1,0.8519528019683106,-0.6071555614471436,-2.3571555614471436,assist,yes
81,1,1,0.7310585786300049,-0.5961775779724121,-1.596177577972412,assist,yes
82,1,1,0.9525741227833249,-0.37768563628196716,-3.377685546875,assist,yes
83,1,1,0.7981867777396212,-0.5564683675765991,-1.9314683675765991,assist,yes
84,1,1,0.9525741227833249,-0.3166426122188568,-3.3166425228118896,assist,yes
85,1,1,0.754914997895581,-0.7531175017356873,-1.878117561340332,assist,yes
86,1,1,0.9626731169394882,-0.369010329246521,-3.6190104484558105,assist,yes
87,1,1,0.9626731094431571,-0.3361142575740814,-3.5861141681671143,assist,yes
88,1,1,0.966914019704466,-0.33204537630081177,-3.707045316696167,assist,yes
89,1,1,0.9579122732859019,-0.3725835978984833,-3.4975836277008057,assist,yes
90,1,1,0.5312093733737563,-1.0403207540512085,-1.1653207540512085,assist,yes
91,1,1,0.8670357598021706,-0.6317555904388428,-2.5067555904388428,assist,yes
92,1,1,0.9770226280828407,-0.3223281800746918,-4.072328090667725,assist,yes
93,1,1,0.8933094060543487,-0.5543742179870605,-2.6793742179870605,assist,yes
94,1,1,0.9525741241296944,-0.3776751160621643,-3.3776750564575195,assist,yes
95,1,1,0.7981867777396212,-0.6021138429641724,-1.9771138429641724,assist,yes
96,1,1,0.8519527944504226,-0.661285936832428,-2.411285877227783,assist,yes
97,1,1,0.8519528019683106,-0.7030749320983887,-2.4530749320983887,assist,yes
98,1,1,0.9149009596336303,-0.4493674635887146,-2.8243675231933594,assist,yes
99,1,1,0.8354835371034369,-0.5437557697296143,-2.1687557697296143,assist,yes
100,1,1,0.9046505428129514,-0.49811163544654846,-2.7481117248535156,assist,yes
101,1,1,0.9324533032291502,-0.36604270339012146,-2.9910426139831543,assist,yes
102,1,1,0.8670357598021706,-0.550992488861084,-2.425992488861084,assist,yes
103,1,1,0.8807970904940926,-0.495017409324646,-2.4950175285339355,assist,yes
104,1,1,0.8670357460591569,-0.5123683214187622,-2.3873682022094727,assist,yes
105,1,1,0.8807970842359877,-0.525542676448822,-2.525542736053467,assist,yes
106,1,1,0.9626731158685837,-0.36555781960487366,-3.615557909011841,assist,yes
107,1,1,0.8670357598021706,-0.5050439834594727,-2.3800439834594727,assist,yes
108,1,1,0.9241418199787566,-0.5289130210876465,-3.0289130210876465,assist,yes
109,1,1,0.9149009596336303,-0.3521382212638855,-2.7271382808685303,assist,yes
110,1,1,0.7057850278370112,-0.7759997844696045,-1.6509997844696045,assist,yes
111,1,1,0.7981867777396212,-0.7713027000427246,-2.1463027000427246,assist,yes
112,1,1,0.8354835289107309,-0.6288722157478333,-2.2538721561431885,assist,yes
113,1,1,0.9669140235181256,-0.3285371661186218,-3.7035372257232666,assist,yes
114,1,1,0.679178699175393,-0.7852401733398438,-1.5352401733398438,assist,yes
115,1,1,0.97068777009661,-0.36482998728752136,-3.8648300170898438,assist,yes
116,1,1,0.9669140244715405,-0.328237920999527,-3.703238010406494,assist,yes
117,1,1,0.9626731158685837,-0.36801424622535706,-3.618014335632324,assist,yes
118,1,1,0.952574129515172,-0.41330140829086304,-3.413301467895508,assist,yes
119,1,1,0.5312093733737563,-1.0600507259368896,-1.1850507259368896,assist,yes
120,1,1,0.7057850154599563,-0.8101513981819153,-1.6851513385772705,assist,yes
121,1,1,0.8519528019683106,-0.6452815532684326,-2.3952815532684326,assist,yes
122,1,1,0.8933094060543487,-0.5192785263061523,-2.6442785263061523,assist,yes
123,1,1,0.9149009480320036,-0.4152766168117523,-2.790276527404785,assist,yes
124,1,1,0.939913356558485,-0.46598756313323975,-3.2159876823425293,assist,yes
125,1,1,0.7057850154599563,-0.8030839562416077,-1.678083896636963,assist,yes
126,1,1,0.9241418220680101,-0.44455525279045105,-2.9445552825927734,assist,yes
127,1,1,0.8807970842359877,-0.6733755469322205,-2.6733756065368652,assist,yes
128,1,1,0.9525741227833249,-0.4150639474391937,-3.4150638580322266,assist,yes
129,1,1,0.9324533126145177,-0.376309335231781,-3.001309394836426,assist,yes
130,1,0,0.11920290950590741,-2.6321868896484375,-0.632186770439148,assist,no
131,1,1,0.6513548511303336,-0.8272932171821594,-1.4522931575775146,assist,yes
132,1,1,0.9399133515091156,-0.3941814601421356,-3.144181489944458,assist,yes
133,1,1,0.9241418262465169,-0.40825381875038147,-2.9082539081573486,assist,yes
134,1,1,0.5312093733737563,-1.2223351001739502,-1.3473351001739502,assist,yes
135,1,1,0.5926665999540697,-1.0112063884735107,-1.3862063884735107,assist,yes
136,1,1,0.8807970842359877,-0.5726854205131531,-2.572685480117798,assist,yes
137,1,1,0.9324533126145177,-0.3367454409599304,-2.961745500564575,assist,yes
138,1,1,0.914900957313305,-0.41795799136161804,-2.7929580211639404,assist,yes
139,1,1,0.9465966747198243,-0.42175570130348206,-3.296755790710449,assist,yes
140,1,1,0.9324533144915912,-0.43672600388526917,-3.0617260932922363,assist,yes
141,1,1,0.8354835371034369,-0.7762987613677979,-2.401298761367798,assist,yes
142,1,1,0.9465966717067252,-0.35285040736198425,-3.2278504371643066,assist,yes
143,1,1,0.9706877675527112,-0.3920500874519348,-3.89205002784729,assist,yes
144,1,1,0.8933094003735664,-0.5136793255805969,-2.638679265975952,assist,yes
145,1,1,0.9525741281688026,-0.379069060087204,-3.3790690898895264,assist,yes
146,1,1,0.679178699175393,-0.8574845790863037,-1.6074845790863037,assist,yes
147,1,1,0.924141817889503,-0.49099186062812805,-2.9909918308258057,assist,yes
148,1,1,0.9399133531922388,-0.35734623670578003,-3.107346296310425,assist,yes
149,1,1,0.8933094060543487,-0.4479713439941406,-2.5729713439941406,assist,yes
150,1,1,0.939913343093499,-0.32986319065093994,-3.0798630714416504,assist,yes
151,1,1,0.939913343093499,-0.3008772134780884,-3.050877094268799,assist,yes
152,1,1,0.679178699175393,-0.7732491493225098,-1.5232491493225098,assist,yes
153,1,1,0.5312093733737563,-1.0379055738449097,-1.1629055738449097,assist,yes
154,1,0,0.5,-1.2566685676574707,-1.2566685676574707,assist,no
155,1,1,0.9241418137109955,-0.48419293761253357,-2.9841928482055664,assist,yes
156,1,1,0.9465966747198243,-0.4614533483982086,-3.336453437805176,assist,yes
157,1,1,0.851952809486198,-0.5630790591239929,-2.3130791187286377,assist,yes
158,1,1,0.9465966702001757,-0.3496742248535156,-3.2246742248535156,assist,yes
159,1,1,0.939913354875362,-0.3617221415042877,-3.111722230911255,assist,yes
160,1,1,0.9149009642742806,-0.4164365530014038,-2.7914366722106934,assist,yes
161,1,1,0.7772998611746911,-0.6484814882278442,-1.8984814882278442,assist,yes
162,1,1,0.9046505351008906,-0.5463032722473145,-2.7963032722473145,assist,yes
163,1,1,0.8670357735451834,-0.47021567821502686,-2.3452157974243164,assist,yes
164,1,1,0.9241418199787566,-0.44190502166748047,-2.9419050216674805,assist,yes
165,1,1,0.9324533069832973,-0.436994343996048,-3.0619943141937256,assist,yes
166,1,1,0.8933094003735664,-0.4489315152168274,-2.5739314556121826,assist,yes
167,1,1,0.952574129515172,-0.3446587920188904,-3.344658851623535,assist,yes
168,1,1,0.9525741254760638,-0.4517078697681427,-3.4517078399658203,assist,yes
169,1,1,0.8519528019683106,-0.6130297183990479,-2.363029718399048,assist,yes
170,1,1,0.9465966717067252,-0.34856411814689636,-3.2235641479492188,assist,yes
171,1,1,0.9669140225647107,-0.29848620295524597,-3.6734862327575684,assist,yes
172,1,1,0.7549149868676283,-0.6320940256118774,-1.7570940256118774,assist,yes
173,1,1,0.9399133515091156,-0.3609740436077118,-3.110974073410034,assist,yes
174,1,1,0.952574129515172,-0.31641095876693726,-3.316411018371582,assist,yes
175,1,1,0.9046505351008906,-0.47087931632995605,-2.720879316329956,assist,yes
176,1,1,0.7772998611746911,-0.650863766670227,-1.900863766670227,assist,yes
177,1,1,0.9399133481428692,-0.4235253632068634,-3.173525333404541,assist,yes
178,1,0,0.4073334000459302,-1.427403211593628,-1.052403211593628,assist,no
179,1,1,0.6791787121629466,-0.8582848906517029,-1.6082849502563477,assist,yes
180,1,1,0.7981867585368343,-0.6312614679336548,-2.0062613487243652,assist,yes
181,1,1,0.7549149868676283,-0.7778968811035156,-1.9028968811035156,assist,yes
182,1,0,0.2689414096510108,-1.7247233390808105,-0.7247232794761658,assist,no
183,1,1,0.5312093733737563,-1.079842448234558,-1.204842448234558,assist,yes
184,1,1,0.8807970654616711,-0.4601026773452759,-2.4601025581359863,assist,yes
185,1,1,0.966914019704466,-0.32775503396987915,-3.7027549743652344,assist,yes
186,1,1,0.957912274487423,-0.44694751501083374,-3.5719475746154785,assist,yes
187,1,1,0.9399133464597458,-0.4611528515815735,-3.2111527919769287,assist,yes
188,1,1,0.8175744761936437,-0.7460529804229736,-2.2460529804229736,assist,yes
189,1,1,0.9149009596336303,-0.45099228620529175,-2.8259923458099365,assist,yes
190,1,1,0.9241418199787566,-0.4469029903411865,-2.9469029903411865,assist,yes
191,1,1,0.9149009549929797,-0.5359320640563965,-2.9109320640563965,assist,yes
192,1,1,0.8175744761936437,-0.49651527404785156,-1.9965152740478516,assist,yes
193,1,1,0.9324533144915912,-0.3978692591190338,-3.022869348526001,assist,yes
194,1,1,0.9626731158685837,-0.4071594774723053,-3.6571595668792725,assist,yes
195,1,1,0.9465966686936261,-0.34901073575019836,-3.224010705947876,assist,yes
196,1,1,0.9465966732132748,-0.3233925700187683,-3.198392629623413,assist,yes
197,1,0,0.46879062662624377,-1.269822120666504,-1.144822120666504,assist,no
198,1,1,0.9525741268224334,-0.34639620780944824,-3.3463962078094482,assist,yes
199,1,1,0.9465966671870767,-0.38506704568862915,-3.2600669860839844,assist,yes
200,1,1,0.9740426443092215,-0.3212108016014099,-3.9462108612060547,assist,yes
201,1,1,0.9241418241572634,-0.40968888998031616,-2.909688949584961,assist,yes
202,1,1,0.9465966747198243,-0.37961545586586,-3.254615545272827,assist,yes
203,1,1,0.9465966671870767,-0.35221415758132935,-3.2272140979766846,assist,yes
204,1,1,0.851952809486198,-0.49071305990219116,-2.240713119506836,assist,yes
205,1,1,0.9149009526726544,-0.45203903317451477,-2.8270390033721924,assist,yes
206,1,1,0.9579122708828604,-0.40837863087654114,-3.5333786010742188,assist,yes
207,1,1,0.966914017797636,-0.3611823320388794,-3.73618221282959,assist,yes
208,1,1,0.8933093946927838,-0.5241233110427856,-2.649123191833496,assist,yes
209,1,1,0.851952809486198,-0.6037625670433044,-2.353762626647949,assist,yes
210,1,1,0.8807970873650403,-0.4930473864078522,-2.4930474758148193,assist,yes
211,1,1,0.9324533107374443,-0.3670341670513153,-2.9920341968536377,assist,yes
212,1,1,0.9626731105140616,-0.4436226487159729,-3.693622589111328,assist,yes
213,1,1,0.9241418158002492,-0.4804413914680481,-2.9804413318634033,assist,yes
214,1,1,0.8670357666736773,-0.6316882967948914,-2.506688356399536,assist,yes
215,1,1,0.6224593312018546,-0.7721558809280396,-1.2721558809280396,assist,yes
216,1,1,0.5621765008857981,-0.8437201976776123,-1.0937201976776123,assist,yes
217,1,1,0.7549149868676283,-0.6496211290359497,-1.7746211290359497,assist,yes
218,1,1,0.8670357666736773,-0.5067479014396667,-2.3817479610443115,assist,yes
219,1,1,0.7981867777396212,-0.5914106369018555,-1.9664106369018555,assist,yes
220,1,1,0.9399133464597458,-0.3905861973762512,-3.1405861377716064,assist,yes
221,1,1,0.9525741281688026,-0.3789536654949188,-3.378953695297241,assist,yes
222,1,1,0.9149009549929797,-0.4920375347137451,-2.867037534713745,assist,yes
223,1,1,0.9669140187510509,-0.32658299803733826,-3.701582908630371,assist,yes
224,1,1,0.9465966656805269,-0.4608071744441986,-3.3358070850372314,assist,yes
225,1,1,0.9796676454700793,-0.2900696396827698,-4.165069580078125,assist,yes
226,1,1,0.9840936096877062,-0.2849196493625641,-4.409919738769531,assist,yes
227,1,1,0.9770226320971079,-0.35185232758522034,-4.1018524169921875,assist,yes
228,1,1,0.9706877675527112,-0.33063703775405884,-3.830636978149414,assist,yes
229,1,1,0.9399133481428692,-0.33191564679145813,-3.0819156169891357,assist,yes
230,1,1,0.970687766704745,-0.3593014180660248,-3.8593013286590576,assist,yes
231,1,1,0.8670357460591569,-0.5948811769485474,-2.469881057739258,assist,yes
232,1,1,0.7981867585368343,-0.6671639680862427,-2.042163848876953,assist,yes
233,1,1,0.9579122708828604,-0.37473610043525696,-3.4997360706329346,assist,yes
234,1,1,0.9579122756889438,-0.3446449339389801,-3.4696450233459473,assist,yes
235,1,1,0.8807970779778823,-0.4202277660369873,-2.4202277660369873,assist,yes
236,1,1,0.9241418262465169,-0.3759430944919586,-2.875943183898926,assist,yes
237,1,1,0.9840936078216783,-0.3408847153186798,-4.465884685516357,assist,yes
238,1,1,0.957912274487423,-0.3696255087852478,-3.4946255683898926,assist,yes
239,1,1,0.9626731126558706,-0.362354040145874,-3.612354040145874,assist,yes
240,1,1,0.9669140187510509,-0.365407794713974,-3.740407705307007,assist,yes
241,1,1,0.9525741214369554,-0.37814199924468994,-3.3781418800354004,assist,yes
242,1,1,0.9241418137109955,-0.37686166167259216,-2.876861572265625,assist,yes
243,1,1,0.9669140225647107,-0.27721211314201355,-3.652212142944336,assist,yes
244,1,1,0.9626731094431571,-0.3350110948085785,-3.5850110054016113,assist,yes
245,1,1,0.9706877692486436,-0.3291921615600586,-3.8291921615600586,assist,yes
246,1,1,0.9046505351008906,-0.5113160610198975,-2.7613160610198975,assist,yes
247,1,1,0.9241418116217418,-0.37774765491485596,-2.8777475357055664,assist,yes
248,1,1,0.7310585903489892,-0.7405447363853455,-1.7405447959899902,assist,yes
249,1,1,0.8670357735451834,-0.5439037084579468,-2.4189038276672363,assist,yes
250,1,1,0.5312093733737563,-1.1739587783813477,-1.2989587783813477,assist,yes
251,1,0,0.37754066879814546,-1.5045337677001953,-1.0045337677001953,assist,no
252,1,1,0.9465966656805269,-0.3485921323299408,-3.2235920429229736,assist,yes
253,1,1,0.6224593312018546,-0.8996579647064209,-1.399657964706421,assist,yes
254,1,1,0.7057850278370112,-0.7091864347457886,-1.5841864347457886,assist,yes
255,1,1,0.8354835289107309,-0.6168847680091858,-2.241884708404541,assist,yes
256,1,1,0.9626731126558706,-0.37262439727783203,-3.622624397277832,assist,yes
257,1,1,0.9740426450627306,-0.26380792260169983,-3.888808012008667,assist,yes
258,1,1,0.9324533163686646,-0.3699411153793335,-2.994941234588623,assist,yes
259,1,1,0.8354835289107309,-0.6348431706428528,-2.259843111038208,assist,yes
260,1,1,0.9241418137109955,-0.4507938325405121,-2.950793743133545,assist,yes
261,1,1,0.9579122756889438,-0.2781452238559723,-3.4031453132629395,assist,yes
262,1,1,0.9324533088603709,-0.3584616184234619,-2.983461618423462,assist,yes
263,1,1,0.9465966717067252,-0.38261768221855164,-3.257617712020874,assist,yes
264,1,1,0.9626731105140616,-0.33845049142837524,-3.5884504318237305,assist,yes
265,1,1,0.9324533032291502,-0.39808520674705505,-3.023085117340088,assist,yes
266,1,1,0.8807970904940926,-0.45910489559173584,-2.4591050148010254,assist,yes
267,1,1,0.9626731083722525,-0.3062688112258911,-3.5562686920166016,assist,yes
268,1,1,0.9669140187510509,-0.39881452918052673,-3.7738144397735596,assist,yes
269,1,1,0.5312093733737563,-1.251692295074463,-1.376692295074463,assist,yes
270,1,1,0.9525741241296944,-0.34882622957229614,-3.3488261699676514,assist,yes
271,1,1,0.9241418283357702,-0.4052222967147827,-2.9052224159240723,assist,yes
272,1,1,0.5621765008857981,-1.2539104223251343,-1.5039104223251343,assist,Yes
273,1,1,0.970687766704745,-0.40034398436546326,-3.900343894958496,assist,yes
274,1,1,0.9669140187510509,-0.40113529562950134,-3.776135206222534,assist,yes
275,1,1,0.8933093946927838,-0.4795628786087036,-2.604562759399414,assist,yes
276,1,1,0.851952809486198,-0.522406280040741,-2.2724063396453857,assist,yes
277,1,1,0.880797081106935,-0.4260720908641815,-2.426072120666504,assist,yes
278,1,1,0.8354835371034369,-0.6385805606842041,-2.263580560684204,assist,yes
279,1,1,0.8933093946927838,-0.5702134370803833,-2.6952133178710938,assist,yes
280,1,1,0.9525741322079105,-0.3753470182418823,-3.375347137451172,assist,yes
281,1,1,0.9149009526726544,-0.41402748227119446,-2.789027452468872,assist,yes
282,1,1,0.9149009480320036,-0.4133933484554291,-2.788393259048462,assist,yes
283,1,1,0.9525741241296944,-0.35236459970474243,-3.3523645401000977,assist,yes
284,1,1,0.9465966656805269,-0.4200159013271332,-3.295015811920166,assist,yes
285,1,1,0.9046505402422645,-0.4691447615623474,-2.719144821166992,assist,yes
286,1,1,0.9770226347732859,-0.3865859806537628,-4.1365861892700195,assist,yes
287,1,1,0.9241418199787566,-0.5695710182189941,-3.069571018218994,assist,yes
288,1,1,0.9241418158002492,-0.48161131143569946,-2.9816112518310547,assist,yes
289,1,1,0.9324533144915912,-0.43747034668922424,-3.0624704360961914,assist,yes
290,1,1,0.880797071719777,-0.6214326024055481,-2.6214325428009033,assist,yes
291,1,1,0.939913354875362,-0.35941043496131897,-3.109410524368286,assist,yes
292,1,1,0.9399133464597458,-0.46462470293045044,-3.2146246433258057,assist,yes
293,1,1,0.9399133498259924,-0.3928966522216797,-3.1428966522216797,assist,yes
294,1,1,0.97068777009661,-0.3240217864513397,-3.824021816253662,assist,yes
295,1,1,0.9579122696813394,-0.3091793656349182,-3.4341793060302734,assist,yes
296,1,1,0.9324533163686646,-0.5127915143966675,-3.137791633605957,assist,yes
297,1,1,0.9324533163686646,-0.4353450536727905,-3.06034517288208,assist,yes
298,1,1,0.9046505402422645,-0.3978549838066101,-2.647855043411255,assist,yes
299,1,1,0.8519528170040853,-0.5272225141525269,-2.2772226333618164,assist,yes
300,1,1,0.914900950352329,-0.38662153482437134,-2.7616214752197266,assist,yes
301,1,1,0.8670357735451834,-0.5413821935653687,-2.416382312774658,assist,yes
302,1,1,0.9465966762263737,-0.501459002494812,-3.3764591217041016,assist,yes
303,1,1,0.9046505428129514,-0.3937455713748932,-2.6437456607818604,assist,yes
304,1,1,0.9740426375276384,-0.39145538210868835,-4.016455173492432,assist,yes
305,1,1,0.9525741254760638,-0.3730633556842804,-3.373063325881958,assist,yes
306,1,1,0.957912274487423,-0.33641356229782104,-3.461413621902466,assist,yes
307,1,1,0.9525741227833249,-0.3176673352718353,-3.317667245864868,assist,yes
308,1,1,0.8175744761936437,-0.6384103298187256,-2.1384103298187256,assist,yes
309,1,1,0.851952809486198,-0.6133481860160828,-2.3633482456207275,assist,yes
310,1,1,0.9324533088603709,-0.437335729598999,-3.062335729598999,assist,yes
311,1,1,0.9740426458162398,-0.35139501094818115,-3.9763951301574707,assist,yes
312,1,1,0.89330940889474,-0.44253847002983093,-2.5675384998321533,assist,yes
313,1,1,0.9046505325302034,-0.39783576130867004,-2.6478357315063477,assist,yes
314,1,1,0.9241418220680101,-0.4866611659526825,-2.986661195755005,assist,yes
315,1,1,0.9149009526726544,-0.4904308617115021,-2.8654308319091797,assist,yes
316,1,1,0.9669140187510509,-0.3654826581478119,-3.7404825687408447,assist,yes
317,1,1,0.9241418220680101,-0.4123079478740692,-2.9123079776763916,assist,yes
318,1,1,0.9399133464597458,-0.4286218285560608,-3.178621768951416,assist,yes
319,1,1,0.9046505453836383,-0.4707087278366089,-2.7207088470458984,assist,yes
320,1,1,0.7772998611746911,-0.6099072694778442,-1.8599072694778442,assist,yes
321,1,1,0.9669140225647107,-0.30206558108329773,-3.67706561088562,assist,yes
322,1,1,0.9465966747198243,-0.3842679560184479,-3.259268045425415,assist,yes
323,1,1,0.9465966686936261,-0.2952006161212921,-3.1702005863189697,assist,yes
324,1,1,0.9465966656805269,-0.3216434419155121,-3.196643352508545,assist,yes
325,1,1,0.8519528170040853,-0.5306485891342163,-2.280648708343506,assist,yes
326,1,1,0.9669140206578809,-0.2972133457660675,-3.672213315963745,assist,yes
327,1,1,0.9399133447766225,-0.3004942834377289,-3.0504941940307617,assist,yes
328,1,1,0.7310585786300049,-0.847366213798523,-1.847366213798523,assist,yes
329,1,1,0.893309411735131,-0.5647613406181335,-2.6897614002227783,assist,yes
330,1,1,0.9706877709445761,-0.3268546462059021,-3.826854705810547,assist,yes
331,1,1,0.9579122756889438,-0.34121933579444885,-3.466219425201416,assist,yes
332,1,1,0.9324533032291502,-0.36945638060569763,-2.9944562911987305,assist,yes
333,1,1,0.8807970779778823,-0.5829379558563232,-2.5829379558563232,assist,yes
334,1,1,0.8933094003735664,-0.4783778786659241,-2.6033778190612793,assist,yes
335,1,1,0.9241418116217418,-0.40608322620391846,-2.906083106994629,assist,yes
336,1,1,0.9525741227833249,-0.4109381139278412,-3.410938024520874,assist,yes
337,1,1,0.9465966747198243,-0.37985387444496155,-3.2548539638519287,assist,yes
338,1,1,0.9465966732132748,-0.3507193922996521,-3.225719451904297,assist,yes
339,1,1,0.9626731147976793,-0.3710314631462097,-3.6210315227508545,assist,yes
340,1,1,0.9579122756889438,-0.36967650055885315,-3.4946765899658203,assist,yes
341,1,1,0.9796676419082933,-0.34859585762023926,-4.22359561920166,assist,yes
342,1,1,0.9626731169394882,-0.3364342451095581,-3.5864343643188477,assist,yes
343,1,1,0.9324533032291502,-0.40322479605674744,-3.0282247066497803,assist,yes
344,1,1,0.9399133498259924,-0.42983460426330566,-3.1798346042633057,assist,yes
345,1,1,0.9241418262465169,-0.4420293867588043,-2.9420294761657715,assist,yes
346,1,1,0.6224593171945417,-0.8581586480140686,-1.3581585884094238,assist,yes
347,1,1,0.9241418262465169,-0.43857303261756897,-2.938573122024536,assist,yes
348,1,1,0.9324533144915912,-0.34674468636512756,-2.9717447757720947,assist,yes
349,1,1,0.952574129515172,-0.3192247748374939,-3.3192248344421387,assist,yes
350,1,1,0.9626731105140616,-0.3062360882759094,-3.5562360286712646,assist,yes
351,1,1,0.9465966747198243,-0.38417354226112366,-3.259173631668091,assist,yes
352,1,1,0.9579122720843811,-0.37249207496643066,-3.4974920749664307,assist,yes
353,1,1,0.9046505351008906,-0.5479457378387451,-2.797945737838745,assist,yes
354,1,1,0.9706877675527112,-0.35729485750198364,-3.857294797897339,assist,yes
355,1,1,0.8670357598021706,-0.6317954063415527,-2.5067954063415527,assist,yes
356,1,1,0.679178699175393,-0.8245443105697632,-1.5745443105697632,assist,yes
357,1,1,0.7310585669110203,-0.6727870106697083,-1.6727869510650635,assist,yes
358,1,1,0.7772998714925403,-0.647331178188324,-1.8973312377929688,assist,yes
359,1,1,0.904650527388829,-0.42936572432518005,-2.679365634918213,assist,yes
360,1,1,0.8807970904940926,-0.5327080488204956,-2.532708168029785,assist,yes
361,1,1,0.8670357598021706,-0.5037760734558105,-2.3787760734558105,assist,yes
362,1,1,0.9324533163686646,-0.4451397657394409,-3.0701398849487305,assist,yes
363,1,1,0.9399133464597458,-0.35759836435317993,-3.107598304748535,assist,yes
364,1,1,0.8807970842359877,-0.579784095287323,-2.5797841548919678,assist,yes
365,1,1,0.8933094060543487,-0.448441743850708,-2.573441743850708,assist,yes
366,1,1,0.6224593171945417,-0.8720760941505432,-1.3720760345458984,assist,yes
367,1,1,0.9626731126558706,-0.4033231735229492,-3.653323173522949,assist,yes
368,1,1,0.9626731137267751,-0.33544155955314636,-3.5854415893554688,assist,yes
369,1,1,0.8175744761936437,-0.6936848163604736,-2.1936848163604736,assist,yes
370,1,1,0.9241418199787566,-0.4775521755218506,-2.9775521755218506,assist,yes
371,1,1,0.9324533032291502,-0.4321340024471283,-3.057133913040161,assist,yes
372,1,1,0.9465966717067252,-0.38123175501823425,-3.2562317848205566,assist,yes
373,1,1,0.798186768138228,-0.6627157330513,-2.0377156734466553,assist,yes
374,1,1,0.9465966702001757,-0.3882884979248047,-3.2632884979248047,assist,yes
375,1,1,0.9465966747198243,-0.39038339257240295,-3.26538348197937,assist,yes
376,1,1,0.89330940889474,-0.44153329730033875,-2.566533327102661,assist,yes
377,1,1,0.9241418158002492,-0.40933018922805786,-2.909330129623413,assist,yes
378,1,1,0.9046505299595163,-0.503418505191803,-2.753418445587158,assist,yes
379,1,1,0.9525741214369554,-0.38073408603668213,-3.3807339668273926,assist,yes
380,1,1,0.8519528019683106,-0.5261926651000977,-2.2761926651000977,assist,yes
381,1,1,0.9046505248181417,-0.5432792901992798,-2.7932791709899902,assist,yes
382,1,1,0.7549149868676283,-0.7333614826202393,-1.8583614826202393,assist,yes
383,1,1,0.9046505248181417,-0.5053483247756958,-2.7553482055664062,assist,yes
384,1,1,0.9399133481428692,-0.3863241970539093,-3.136324167251587,assist,yes
385,1,1,0.9241418220680101,-0.37852856516838074,-2.878528594970703,assist,yes
386,1,1,0.754914975839675,-0.6065509915351868,-1.731550931930542,assist,yes
387,1,1,0.9626731105140616,-0.3011232018470764,-3.5511231422424316,assist,yes
388,1,1,0.9579122720843811,-0.37405991554260254,-3.4990599155426025,assist,yes
389,1,1,0.5926665999540697,-0.9916781187057495,-1.3666781187057495,assist,yes
390,1,1,0.9706877709445761,-0.32692211866378784,-3.8269221782684326,assist,yes
391,1,1,0.9046505453836383,-0.5054115056991577,-2.7554116249084473,assist,yes
392,1,1,0.8354835289107309,-0.5907295346260071,-2.2157294750213623,assist,yes
393,1,1,0.9046505402422645,-0.5061671137809753,-2.75616717338562,assist,yes
394,1,1,0.7981867777396212,-0.631136417388916,-2.006136417388916,assist,yes
395,1,1,0.9770226267447513,-0.31630149483680725,-4.066301345825195,assist,yes
396,1,1,0.9770226314280634,-0.3508986830711365,-4.100898742675781,assist,yes
397,1,1,0.9046505325302034,-0.4709503948688507,-2.7209503650665283,assist,yes
398,1,1,0.9046505428129514,-0.4293788969516754,-2.6793789863586426,assist,yes
399,1,1,0.9399133481428692,-0.36043432354927063,-3.1104342937469482,assist,yes
400,1,1,0.914900957313305,-0.4959048926830292,-2.8709049224853516,assist,yes
401,1,1,0.9840936101542134,-0.31562745571136475,-4.440627574920654,assist,yes
402,1,1,0.914900945711678,-0.4170414209365845,-2.792041301727295,assist,yes
403,1,1,0.9324533051062237,-0.40035444498062134,-3.0253543853759766,assist,yes
404,1,1,0.9626731126558706,-0.3323040008544922,-3.582304000854492,assist,yes
405,1,1,0.9626731158685837,-0.3647090494632721,-3.6147091388702393,assist,yes
406,1,1,0.7310585903489892,-0.7427055239677429,-1.7427055835723877,assist,yes
407,1,1,0.9525741268224334,-0.3439009189605713,-3.3439009189605713,assist,yes
408,1,1,0.9525741268224334,-0.3839607238769531,-3.383960723876953,assist,yes
409,1,1,0.9525741308615412,-0.41127410531044006,-3.4112741947174072,assist,yes
410,1,0,0.46879062662624377,-1.3463549613952637,-1.2213549613952637,assist,no
411,1,1,0.9820137884587394,-0.28777560591697693,-4.28777551651001,assist,yes
412,1,1,0.9046505402422645,-0.50020831823349,-2.7502083778381348,assist,yes
413,1,1,0.9399133515091156,-0.39154765009880066,-3.141547679901123,assist,yes
414,1,1,0.9465966762263737,-0.35071074962615967,-3.225710868835449,assist,yes
415,1,1,0.9324533107374443,-0.39579007029533386,-3.0207901000976562,assist,yes
416,1,1,0.9324533069832973,-0.3953435719013214,-3.020343542098999,assist,yes
417,1,1,0.798186768138228,-0.821000874042511,-2.196000814437866,assist,yes
418,1,1,0.8807970842359877,-0.5322412848472595,-2.5322413444519043,assist,yes
419,1,1,0.8519528019683106,-0.522916316986084,-2.272916316986084,assist,yes
420,1,1,0.6513548782017746,-0.8569645285606384,-1.4819645881652832,assist,yes
421,1,1,0.9465966671870767,-0.41867595911026,-3.2936758995056152,assist,yes
422,1,1,0.9324533032291502,-0.47030743956565857,-3.0953073501586914,assist,yes
423,1,1,0.9465966686936261,-0.35195067524909973,-3.2269506454467773,assist,yes
424,1,1,0.9241418137109955,-0.44521650671958923,-2.945216417312622,assist,yes
425,1,1,0.8807970842359877,-0.41919463872909546,-2.4191946983337402,assist,yes
426,1,1,0.9149009642742806,-0.5358971357345581,-2.9108972549438477,assist,yes
427,1,1,0.9626731169394882,-0.36415088176727295,-3.6141510009765625,assist,yes
428,1,1,0.9579122696813394,-0.40742284059524536,-3.5324227809906006,assist,yes
429,1,1,0.9579122732859019,-0.37116238474845886,-3.4961624145507812,assist,yes
430,1,1,0.851952809486198,-0.6116225123405457,-2.3616225719451904,assist,yes
431,1,1,0.9399133515091156,-0.3568436801433563,-3.1068437099456787,assist,yes
432,1,1,0.9579122768904644,-0.30743491649627686,-3.4324350357055664,assist,yes
433,1,1,0.6224593312018546,-0.9890749454498291,-1.489074945449829,assist,yes
434,1,1,0.7310585786300049,-0.7953604459762573,-1.7953604459762573,assist,yes
435,1,1,0.9525741254760638,-0.2888944447040558,-3.2888944149017334,assist,yes
436,1,1,0.8933094060543487,-0.5239698886871338,-2.648969888687134,assist,yes
437,1,1,0.9241418199787566,-0.4383854866027832,-2.938385486602783,assist,yes
438,1,1,0.8933094060543487,-0.5568268299102783,-2.6818268299102783,assist,yes
439,1,1,0.9525741214369554,-0.3777238130569458,-3.3777236938476562,assist,yes
440,1,1,0.9465966671870767,-0.29992181062698364,-3.174921751022339,assist,yes
441,1,1,0.9324533032291502,-0.4378531873226166,-3.0628530979156494,assist,yes
442,1,1,0.9579122708828604,-0.33901622891426086,-3.4640161991119385,assist,yes
443,1,1,0.8175744584140004,-0.6079775094985962,-2.1079773902893066,assist,yes
444,1,1,0.9399133531922388,-0.3914875388145447,-3.1414875984191895,assist,yes
445,1,1,0.9399133464597458,-0.35929709672927856,-3.109297037124634,assist,yes
446,1,1,0.8807970779778823,-0.5330159664154053,-2.5330159664154053,assist,yes
447,1,1,0.9770226267447513,-0.3515864908695221,-4.10158634185791,assist,yes
448,1,1,0.9149009642742806,-0.5343126058578491,-2.9093127250671387,assist,yes
449,1,1,0.9324533051062237,-0.565172016620636,-3.190171957015991,assist,yes
450,1,1,0.8175744673038221,-0.6082943081855774,-2.1082942485809326,assist,yes
451,1,1,0.9706877709445761,-0.3597032427787781,-3.859703302383423,assist,yes
452,1,1,0.9626731094431571,-0.33779796957969666,-3.5877978801727295,assist,yes
453,1,1,0.9465966656805269,-0.3875349462032318,-3.2625348567962646,assist,yes
454,1,1,0.974042642048694,-0.2941887676715851,-3.9191887378692627,assist,yes
455,1,1,0.7981867873410141,-0.5919968485832214,-1.9669969081878662,assist,yes
456,1,1,0.966914019704466,-0.3306346535682678,-3.705634593963623,assist,yes
457,1,1,0.9324533013520764,-0.4370032548904419,-3.0620031356811523,assist,yes
458,1,1,0.8933093975331751,-0.48038920760154724,-2.60538911819458,assist,yes
459,1,1,0.9399133447766225,-0.3334587514400482,-3.083458662033081,assist,yes
460,1,1,0.8807970842359877,-0.4582287669181824,-2.458228826522827,assist,yes
461,1,1,0.9241418241572634,-0.44438236951828003,-2.944382429122925,assist,yes
462,1,1,0.8519528019683106,-0.5643401145935059,-2.314340114593506,assist,yes
463,1,1,0.8807970842359877,-0.49397367238998413,-2.493973731994629,assist,yes
464,1,1,0.8175744939732856,-0.5656040906906128,-2.0656042098999023,assist,yes
465,1,1,0.8519528019683106,-0.5986278057098389,-2.348627805709839,assist,yes
466,1,1,0.9626731094431571,-0.33277902007102966,-3.5827789306640625,assist,yes
467,1,0,0.0953494648991095,-2.7651188373565674,-0.5151188373565674,assist,no
468,1,0,0.5,-1.0395489931106567,-1.0395489931106567,assist,no
469,1,1,0.9399133515091156,-0.35710713267326355,-3.107107162475586,assist,yes
470,1,1,0.8519527944504226,-0.6054823994636536,-2.355482339859009,assist,yes
471,1,1,0.8175744850834649,-0.6945728659629822,-2.194572925567627,assist,yes
472,1,1,0.679178699175393,-0.9247878789901733,-1.6747878789901733,assist,yes
473,1,1,0.9149009549929797,-0.4146609306335449,-2.789660930633545,assist,yes
474,1,1,0.8670357598021706,-0.5846037864685059,-2.459603786468506,assist,yes
475,1,1,0.966914017797636,-0.3292175531387329,-3.7042174339294434,assist,yes
476,1,1,0.9579122696813394,-0.30995088815689087,-3.434950828552246,assist,yes
477,1,1,0.867035752930664,-0.5433266758918762,-2.4183266162872314,assist,yes
478,1,1,0.924141817889503,-0.48395755887031555,-2.983957529067993,assist,yes
479,1,1,0.5621765008857981,-1.0254995822906494,-1.2754995822906494,assist,yes
480,1,1,0.6224593312018546,-0.8210669755935669,-1.321066975593567,assist,yes
481,1,1,0.754914997895581,-0.6675605177879333,-1.7925605773925781,assist,yes
482,1,1,0.798186768138228,-0.7580981850624084,-2.1330981254577637,assist,yes
483,1,1,0.9241418199787566,-0.5352299213409424,-3.0352299213409424,assist,yes
484,1,1,0.9525741227833249,-0.412496417760849,-3.412496328353882,assist,yes
485,1,1,0.977022625406662,-0.28900882601737976,-4.039008617401123,assist,yes
486,1,1,0.7981867777396212,-0.6227072477340698,-1.9977072477340698,assist,yes
487,1,1,0.9579122720843811,-0.28348350524902344,-3.4084835052490234,assist,yes
488,1,1,0.914900957313305,-0.4579162299633026,-2.832916259765625,assist,yes
489,1,1,0.9465966747198243,-0.3816470205783844,-3.2566471099853516,assist,yes
490,1,1,0.8933093946927838,-0.3788686990737915,-2.503868579864502,assist,yes
491,1,1,0.9149009619539553,-0.38751617074012756,-2.7625162601470947,assist,yes
492,1,1,0.8670357666736773,-0.5497178435325623,-2.424717903137207,assist,yes
493,1,1,0.9579122672782973,-0.305367112159729,-3.4303669929504395,assist,yes
494,1,1,0.9770226320971079,-0.3525971472263336,-4.102597236633301,assist,yes
495,1,1,0.867035752930664,-0.5124369263648987,-2.387436866760254,assist,yes
496,1,1,0.9465966686936261,-0.38831189274787903,-3.2633118629455566,assist,yes
497,1,1,0.9579122696813394,-0.33775144815444946,-3.4627513885498047,assist,yes
498,1,1,0.9399133515091156,-0.3591475188732147,-3.109147548675537,assist,yes
499,1,1,0.9046505351008906,-0.4717700481414795,-2.7217700481414795,assist,yes
500,0,0,0.025957355314023947,-3.7884562015533447,-0.16345612704753876,assist,no
501,0,0,0.029312233083263427,-3.608823537826538,-0.10882361978292465,assist,no
502,0,0,0.29421496597446145,-1.3052078485488892,-0.4302078187465668,assist,no
503,0,0,0.4073334000459302,-1.0009815692901611,-0.6259815692901611,assist,no
504,0,0,0.009708476768000214,-4.693324565887451,-0.06832459568977356,assist,no
505,0,0,0.014063625906851259,-4.359195709228516,-0.10919562727212906,assist,no
506,0,0,0.00970847662473714,-4.693488121032715,-0.06848813593387604,assist,no
507,0,0,0.008577483766375987,-4.923225402832031,-0.17322520911693573,assist,no
508,0,0,0.015906392878082327,-4.227871417999268,-0.10287149250507355,assist,no
509,0,0,0.022977368404675395,-3.8411507606506348,-0.0911506935954094,assist,no
510,0,1,0.8175744806385543,-0.29087337851524353,-1.790873408317566,assist,yes
511,0,0,0.008577485477071068,-4.817817211151123,-0.06781721860170364,assist,no
512,0,0,0.033085976005166884,-3.4652228355407715,-0.09022276103496552,assist,no
513,0,0,0.008061993196575145,-4.938269138336182,-0.12576934695243835,assist,no
514,0,0,0.11920292671569666,-2.199831485748291,-0.1998315304517746,assist,no
515,0,0,0.04742587115801275,-3.1500866413116455,-0.15008659660816193,assist,no
516,0,0,0.006692849438328558,-5.123898029327393,-0.12389780580997467,assist,no
517,0,0,0.37754066879814546,-1.0815638303756714,-0.5815638303756714,assist,no
518,0,0,0.047425867792089564,-3.1409597396850586,-0.14095962047576904,assist,no
519,0,0,0.0066928517663269035,-5.123481273651123,-0.1234814003109932,assist,no
520,0,0,0.24508501864634827,-1.4955236911773682,-0.37052372097969055,assist,no
521,0,0,0.014063629625959938,-4.339138507843018,-0.0891386941075325,assist,no
522,0,0,0.00970847841552572,-4.701163291931152,-0.07616349309682846,assist,no
523,0,0,0.005911068243315901,-5.235151290893555,-0.11015118658542633,assist,no
524,0,0,0.26894141551050293,-1.4294732809066772,-0.42947325110435486,assist,no
525,0,0,0.012431653688804487,-4.471218585968018,-0.09621881693601608,assist,no
526,0,0,0.14804719239327382,-1.9876981973648071,-0.23769815266132355,assist,no
527,0,0,0.03732688386369013,-3.3597183227539062,-0.10971822589635849,assist,no
528,0,0,0.014063627353171185,-4.3179850578308105,-0.06798508018255234,assist,no
529,0,0,0.022977368906458788,-3.8508594036102295,-0.10085935890674591,assist,no
530,0,0,0.22270014398423357,-1.600218653678894,-0.35021868348121643,assist,no
531,0,0,0.06754669301670263,-2.7628660202026367,-0.1378660500049591,assist,no
532,0,0,0.033085978627057866,-3.4967377185821533,-0.12173772603273392,assist,no
533,0,0,0.0330859819640103,-3.470797538757324,-0.09579765051603317,assist,no
534,0,0,0.029312234143221275,-3.5996742248535156,-0.09967434406280518,assist,no
535,0,0,0.20181323186177208,-1.6528832912445068,-0.2778833508491516,assist,no
536,0,0,0.05340332753999997,-3.0357258319854736,-0.16072578728199005,assist,no
537,0,0,0.009708477054526368,-4.752941131591797,-0.12794119119644165,assist,no
538,0,0,0.017986206540559057,-4.104048728942871,-0.10404853522777557,assist,no
539,0,0,0.022977370244547896,-3.851384162902832,-0.10138417780399323,assist,no
540,0,0,0.033085978627057866,-3.4654765129089355,-0.09047652035951614,assist,no
541,0,0,0.015906391361934443,-4.208509922027588,-0.0835098996758461,assist,no
542,0,0,0.014063629729268525,-4.339069366455078,-0.08906956017017365,assist,no
543,0,0,0.20181322226037882,-1.6848440170288086,-0.3098440170288086,assist,no
544,0,0,0.042087727615238615,-3.2400875091552734,-0.11508750170469284,assist,no
545,0,0,0.015906390895427426,-4.2357683181762695,-0.11076826602220535,assist,no
546,0,0,0.025957359835079137,-3.706787109375,-0.08178721368312836,assist,no
547,0,0,0.02931222757148327,-3.5922152996063232,-0.09221518784761429,assist,no
548,0,0,0.04742587216778976,-3.1070001125335693,-0.10700009018182755,assist,no
549,0,0,0.010986942063875151,-4.603808879852295,-0.10380882769823074,assist,no
550,0,0,0.03732688386369013,-3.3449480533599854,-0.09494795650243759,assist,no
551,0,0,0.0600866476493228,-2.9407005310058594,-0.1907004863023758,assist,no
552,0,0,0.042087729717900216,-3.2699265480041504,-0.14492659270763397,assist,no
553,0,0,0.01098694125427802,-4.586194038391113,-0.08619391173124313,assist,no
554,0,0,0.008577483829735057,-4.862964153289795,-0.11296396702528,assist,no
555,0,0,0.06008665438181589,-2.9432497024536133,-0.19324977695941925,assist,no
556,0,0,0.08509904616718289,-2.5440704822540283,-0.16907049715518951,assist,no
557,0,0,0.020332349780873466,-4.003240585327148,-0.1282404065132141,assist,no
558,0,0,0.010986942063875151,-4.5952677726745605,-0.09526772052049637,assist,no
559,0,0,0.033085978388704126,-3.5199506282806396,-0.14495062828063965,assist,no
560,0,0,0.006289901158950772,-5.13486909866333,-0.07236894220113754,assist,no
561,0,0,0.07585817897661679,-2.65627384185791,-0.15627382695674896,assist,no
562,0,0,0.015906394160976806,-4.217414379119873,-0.09241453558206558,assist,no
563,0,0,0.012431649938470258,-4.481662273406982,-0.10666219890117645,assist,no
564,0,0,0.009708478057367978,-4.717690944671631,-0.09269110858440399,assist,no
565,0,0,0.007577242388402388,-4.948090076446533,-0.07309022545814514,assist,no
566,0,0,0.01098694214483487,-4.5699872970581055,-0.06998725235462189,assist,no
567,0,0,0.020332353342658753,-3.970919609069824,-0.09591960906982422,assist,no
568,0,0,0.08509905080783367,-2.584641695022583,-0.20964176952838898,assist,no
569,0,0,0.007577240203346464,-4.965945243835449,-0.09094510227441788,assist,no
570,0,0,0.022977371248114782,-3.8425397872924805,-0.09253984689712524,assist,no
571,0,0,0.01243164902375476,-4.537269115447998,-0.1622689664363861,assist,no
572,0,0,0.015906394510857135,-4.218264579772949,-0.09326475858688354,assist,no
573,0,0,0.03308597743528921,-3.471906900405884,-0.0969068706035614,assist,no
574,0,0,0.01798620785653302,-4.103397846221924,-0.10339772701263428,assist,no
575,0,0,0.18242552380635632,-1.7722479104995728,-0.27224791049957275,assist,no
576,0,0,0.06008665017400762,-2.8797826766967773,-0.12978267669677734,assist,no
577,0,0,0.006692852261645802,-5.089236736297607,-0.08923693746328354,assist,no
578,0,0,0.009708476553105604,-4.728600978851318,-0.10360098630189896,assist,no
579,0,0,0.042087729717900216,-3.327284812927246,-0.20228485763072968,assist,no
580,0,0,0.0075772417721044994,-4.987399101257324,-0.11239916831254959,assist,no
581,0,0,0.4378234991142019,-0.8835068941116333,-0.6335068941116333,assist,no
582,0,0,0.008577486680893736,-4.923516750335693,-0.1735168993473053,assist,no
583,0,0,0.01406362952265135,-4.370782852172852,-0.12078303098678589,assist,no
584,0,0,0.24508500761839525,-1.5332461595535278,-0.40824612975120544,assist,no
585,0,0,0.008577486680893736,-4.8635406494140625,-0.11354079842567444,assist,no
586,0,0,0.01098694441170717,-4.644089221954346,-0.14408938586711884,assist,no
587,0,0,0.02033235304584329,-4.004642486572266,-0.12964247167110443,assist,no
588,0,0,0.11920292045759123,-2.20196795463562,-0.20196793973445892,assist,no
589,0,0,0.0600866476493228,-2.8803417682647705,-0.13034172356128693,assist,no
590,0,0,0.34864513533394575,-1.1412534713745117,-0.5162534713745117,assist,no
591,0,0,0.008577483639657844,-4.8516364097595215,-0.10163620114326477,assist,no
592,0,0,0.00591106763038807,-5.337031841278076,-0.21203163266181946,assist,no
593,0,0,0.022977369575503337,-3.8348629474639893,-0.08486293256282806,assist,no
594,0,0,0.022977367902892003,-3.859231948852539,-0.1092318594455719,assist,no
595,0,0,0.022977370244547896,-3.944416046142578,-0.19441606104373932,assist,no
596,0,0,0.06754668926255561,-2.79956316947937,-0.17456313967704773,assist,no
597,0,0,0.3486451488696663,-1.128976821899414,-0.5039768815040588,assist,no
598,0,1,0.5312093733737563,-0.7528499960899353,-0.8778499960899353,assist,yes
599,0,0,0.01406362415060583,-4.397795677185059,-0.14779546856880188,assist,no
600,0,1,0.7057850216484838,-0.41357508301734924,-1.2885750532150269,assist,yes
601,0,0,0.00669285161773124,-5.138673305511475,-0.13867340981960297,assist,no
602,0,0,0.01406362415060583,-4.324620723724365,-0.07462051510810852,assist,no
603,0,0,0.033085978388704126,-3.508197069168091,-0.13319706916809082,assist,no
604,0,0,0.03308597767364294,-3.4973056316375732,-0.12230560928583145,assist,no
605,0,0,0.015906391478561197,-4.209439277648926,-0.08443926274776459,assist,no
606,0,0,0.007577240707590084,-4.987085342407227,-0.1120852679014206,assist,no
607,0,0,0.01243165277408872,-4.4815826416015625,-0.10658279806375504,assist,no
608,0,0,0.4073334000459302,-0.9856558442115784,-0.6106558442115784,assist,no
609,0,0,0.008577487377843779,-4.8626627922058105,-0.11266302317380905,assist,no
610,0,0,0.022977370244547896,-3.849294662475586,-0.09929467737674713,assist,no
611,0,0,0.015906391478561197,-4.200997352600098,-0.07599733769893646,assist,no
612,0,0,0.015906393927723257,-4.200954437255859,-0.07595457881689072,assist,no
613,0,0,0.03732689136002139,-3.3289291858673096,-0.07892929762601852,assist,no
614,0,0,0.00628990195061786,-5.233896732330322,-0.17139670252799988,assist,no
615,0,1,0.8175744850834649,-0.2929956316947937,-1.7929956912994385,assist,yes
616,0,0,0.006692851469135581,-5.099151134490967,-0.09915121644735336,assist,no
617,0,0,0.004331502470417862,-5.534348011016846,-0.09684811532497406,assist,no
618,0,0,0.4073334000459302,-0.9926424026489258,-0.6176424026489258,assist,no
619,0,0,0.01243164902375476,-4.435039043426514,-0.06003889441490173,assist,no
620,0,0,0.012431648383453951,-4.463134765625,-0.08813456445932388,assist,no
621,0,0,0.014063627456479755,-4.340183734893799,-0.09018376469612122,assist,no
622,0,0,0.009708478379709945,-4.687328815460205,-0.0623290129005909,assist,no
623,0,0,0.005220125151899251,-5.359230995178223,-0.1092308908700943,assist,no
624,0,0,0.01590639182844147,-4.20758581161499,-0.08258581906557083,assist,no
625,0,0,0.02297736773563088,-3.8596391677856445,-0.10963907092809677,assist,no
626,0,0,0.24508501313237172,-1.4831463098526,-0.3581463098526001,assist,no
627,0,0,0.010986940363721243,-4.628566265106201,-0.12856605648994446,assist,no
628,0,0,0.003172682524380219,-5.810076713562012,-0.06007661297917366,assist,no
629,0,0,0.008577486870971015,-4.841615200042725,-0.09161537140607834,assist,no
630,0,0,0.005911068418438151,-5.224025726318359,-0.0990256518125534,assist,no
631,0,0,0.007577240203346464,-4.947790145874023,-0.0727900043129921,assist,no
632,0,0,0.008577483829735057,-4.817200660705566,-0.06720047444105148,assist,no
633,0,0,0.007577241323887885,-4.9561309814453125,-0.0811309888958931,assist,no
634,0,0,0.37754066879814546,-1.0791289806365967,-0.5791289806365967,assist,no
635,0,0,0.004609571461475027,-5.437236309051514,-0.062236152589321136,assist,no
636,0,0,0.003593602501385464,-5.710574626922607,-0.08557460457086563,assist,no
637,0,0,0.01590639124530769,-4.201113700866699,-0.07611367106437683,assist,no
638,0,0,0.008577487377843779,-4.852444171905518,-0.10244440287351608,assist,no
639,0,0,0.01098694441170717,-4.6440253257751465,-0.14402548968791962,assist,no
640,0,0,0.00460957214518853,-5.461921691894531,-0.08692168444395065,assist,no
641,0,0,0.010986942711552901,-4.6169047355651855,-0.11690474301576614,assist,no
642,0,0,0.005911069469171754,-5.213217735290527,-0.0882178395986557,assist,no
643,0,0,0.008577487187766488,-4.842103004455566,-0.09210321307182312,assist,no
644,0,0,0.02297737141537594,-3.8511946201324463,-0.10119468718767166,assist,no
645,0,0,0.004070138168918091,-5.619899749755859,-0.11989986151456833,assist,no
646,0,0,0.08509904732734556,-2.5501224994659424,-0.17512252926826477,assist,no
647,0,0,0.00669285137007181,-5.123841285705566,-0.12384135276079178,assist,no
648,0,0,0.09534947004048376,-2.44740891456604,-0.19740897417068481,assist,no
649,0,0,0.014957088349504917,-4.287535190582275,-0.10003530979156494,assist,no
650,0,0,0.010986940525640651,-4.595048427581787,-0.09504823386669159,assist,no
651,0,0,0.015906388912772775,-4.275856971740723,-0.15085679292678833,assist,no
652,0,0,0.02033235363947422,-3.982128381729126,-0.10712839663028717,assist,no
653,0,1,0.5312093733737563,-0.6990643739700317,-0.8240643739700317,assist,yes
654,0,0,0.05340333205964859,-3.015678644180298,-0.14067868888378143,assist,no
655,0,0,0.0075772422763482235,-4.966784477233887,-0.09178461134433746,assist,no
656,0,0,0.007577239923211134,-5.01438045501709,-0.13938027620315552,assist,no
657,0,0,0.01798620588257211,-4.078936576843262,-0.07893634587526321,assist,no
658,0,0,0.007577240763617155,-4.956427574157715,-0.08142750710248947,assist,no
659,0,0,0.00912563759129302,-4.8020758628845215,-0.11457588523626328,assist,no
660,0,0,0.014063627663096904,-4.383483409881592,-0.13348345458507538,assist,no
661,0,0,0.009708477341052534,-4.753509044647217,-0.12850913405418396,assist,no
662,0,0,0.005911069075146632,-5.223714828491211,-0.09871486574411392,assist,no
663,0,0,0.037326890021390696,-3.4022560119628906,-0.1522560864686966,assist,no
664,0,0,0.007577239587048752,-4.975841045379639,-0.10084082186222076,assist,no
665,0,0,0.1192029188930649,-2.179995536804199,-0.17999550700187683,assist,no
666,0,0,0.010986941659076578,-4.616560935974121,-0.11656084656715393,assist,no
667,0,0,0.033085978388704126,-3.487903594970703,-0.11290359497070312,assist,no
668,0,0,0.16451646904109268,-1.8579703569412231,-0.23297040164470673,assist,no
669,0,0,0.0049054047601323585,-5.421560287475586,-0.10906009376049042,assist,no
670,0,0,0.02033235482673614,-3.9917068481445312,-0.11670692265033722,assist,no
671,0,0,0.00857748680761192,-4.8328022956848145,-0.08280245959758759,assist,no
672,0,0,0.0029810325527011854,-5.907570838928223,-0.09507077932357788,assist,no
673,0,0,0.014063624770457132,-4.451986312866211,-0.2019861489534378,assist,no
674,0,0,0.006692851815858792,-5.137845039367676,-0.13784517347812653,assist,no
675,0,0,0.02931222905542399,-3.609002113342285,-0.10900205373764038,assist,no
676,0,0,0.1480472055495773,-2.0237557888031006,-0.27375584840774536,assist,no
677,0,0,0.004331502727477239,-5.515326023101807,-0.07782618701457977,assist,no
678,0,0,0.01243164810903933,-4.471822261810303,-0.09682203829288483,assist,no
679,0,0,0.014063624253914378,-4.359388828277588,-0.10938862711191177,assist,no
680,0,0,0.007577239867184069,-4.9657979011535645,-0.09079771488904953,assist,no
681,0,0,0.005911068593560405,-5.1960768699646,-0.07107682526111603,assist,no
682,0,0,0.0075772397551299425,-4.98687219619751,-0.11187199503183365,assist,no
683,0,0,0.017986206277364275,-4.1706366539001465,-0.17063644528388977,assist,no
684,0,0,0.00669285161773124,-5.088775634765625,-0.08877573907375336,assist,no
685,0,0,0.006692850973816738,-5.0991129875183105,-0.09911299496889114,assist,no
686,0,0,0.005220126389977382,-5.371489524841309,-0.12148965895175934,assist,no
687,0,0,0.02033235556877487,-3.9813060760498047,-0.10630618780851364,assist,no
688,0,0,0.03308598029553404,-3.4571797847747803,-0.08217984437942505,assist,no
689,0,0,0.03308597624352061,-3.4661407470703125,-0.09114068001508713,assist,no
690,0,0,0.00433150202056399,-5.5150980949401855,-0.07759809494018555,assist,no
691,0,0,0.05340333130637379,-3.023108720779419,-0.14810875058174133,assist,no
692,0,0,0.025957359835079137,-3.7605700492858887,-0.13557015359401703,assist,no
693,0,0,0.04742587115801275,-3.1405506134033203,-0.14055056869983673,assist,no
694,0,0,0.005911067586607513,-5.2476887702941895,-0.12268855422735214,assist,no
695,0,0,0.0052201246876200265,-5.386720657348633,-0.1367204636335373,assist,no
696,0,0,0.008577484273248568,-4.79522180557251,-0.04522167146205902,assist,no
697,0,0,0.006692850478497932,-5.100048542022705,-0.1000484749674797,assist,no
698,0,0,0.0534033328129234,-3.045107364654541,-0.1701074242591858,assist,no
699,0,0,0.01406362952265135,-4.414306640625,-0.16430681943893433,assist,no
700,0,0,0.1329642436335826,-2.146967649459839,-0.27196767926216125,assist,no
701,0,0,0.017986208251325228,-4.105464935302734,-0.10546483844518661,assist,no
702,0,0,0.02931222947940706,-3.5915629863739014,-0.09156294167041779,assist,no
703,0,0,0.005220126776876857,-5.327847480773926,-0.0778476893901825,assist,no
704,0,0,0.16451646494473965,-1.8669415712356567,-0.24194158613681793,assist,no
705,0,0,0.006289902835422369,-5.151829719543457,-0.08932983130216599,assist,no
706,0,0,0.09534945847239201,-2.4020168781280518,-0.1520168036222458,assist,no
707,0,0,0.008577486300739193,-4.891421794891357,-0.14142189919948578,assist,no
708,0,0,0.006692851072880504,-5.123282432556152,-0.12328245490789413,assist,no
709,0,0,0.24508501313237172,-1.4795126914978027,-0.35451269149780273,assist,no
710,0,0,0.006692849933647288,-5.098763942718506,-0.09876379370689392,assist,no
711,0,0,0.14804719991116141,-1.9739038944244385,-0.22390390932559967,assist,no
712,0,0,0.46879062662624377,-0.8315690755844116,-0.7065690755844116,assist,no
713,0,0,0.4073334000459302,-0.9625023007392883,-0.5875023007392883,assist,no
714,0,0,0.03308597576681317,-3.488206148147583,-0.11320606619119644,assist,no
715,0,0,0.042087723109535534,-3.230832099914551,-0.10583198070526123,assist,no
716,0,0,0.033085981487302796,-3.4721009731292725,-0.09710106998682022,assist,no
717,0,0,0.017986212725637506,-4.078224182128906,-0.07822433859109879,assist,no
718,0,0,0.005911069906977476,-5.223730564117432,-0.09873074293136597,assist,no
719,0,0,0.007577240875671297,-4.987080097198486,-0.11208004504442215,assist,no
720,0,0,0.007577242724564895,-4.998880863189697,-0.12388105690479279,assist,no
721,0,0,0.004331501554643956,-5.499538421630859,-0.06203831359744072,assist,no
722,0,0,0.02033235096813516,-4.005412578582764,-0.13041245937347412,assist,no
723,0,0,0.2689414330889798,-1.4288582801818848,-0.42885833978652954,assist,no
724,0,1,0.5621765008857981,-0.6793757677078247,-0.9293757677078247,assist,yes
725,0,0,0.02033235423310517,-3.950338363647461,-0.07533840835094452,assist,no
726,0,0,0.004609572333209761,-5.437374114990234,-0.06237414851784706,assist,no
727,0,0,0.1645164628965632,-1.8986257314682007,-0.2736257314682007,assist,no
728,0,0,0.007577240987725441,-4.987157344818115,-0.11215730756521225,assist,no
729,0,0,0.012431648474925493,-4.492447376251221,-0.11744718253612518,assist,no
730,0,0,0.03732688600549891,-3.3280346393585205,-0.07803460210561752,assist,no
731,0,0,0.008577486300739193,-4.824255466461182,-0.07425557076931,assist,no
732,0,0,0.09534946232842245,-2.4371705055236816,-0.18717047572135925,assist,no
733,0,0,0.16451645880021026,-1.9213265180587769,-0.29632648825645447,assist,no
734,0,0,0.042087730919421175,-3.2264561653137207,-0.10145623981952667,assist,no
735,0,0,0.025957358893192575,-3.69012451171875,-0.06512457877397537,assist,no
736,0,0,0.3208213138121609,-1.2171895503997803,-0.46718961000442505,assist,no
737,0,0,0.01590639101205418,-4.2012224197387695,-0.07622237503528595,assist,no
738,0,0,0.007577242948673238,-4.935305595397949,-0.060305818915367126,assist,no
739,0,0,0.009708474619054318,-4.718090534210205,-0.09309034049510956,assist,no
740,0,1,0.5621765008857981,-0.646166980266571,-0.896166980266571,assist,yes
741,0,0,0.004905406287623465,-5.410810947418213,-0.09831106662750244,assist,no
742,0,0,0.01243165277408872,-4.472030162811279,-0.09703031927347183,assist,no
743,0,0,0.007577242892646153,-4.976079940795898,-0.10108015686273575,assist,no
744,0,0,0.006692851171944271,-5.123863220214844,-0.12386325746774673,assist,no
745,0,0,0.3208212878370535,-1.2644689083099365,-0.5144688487052917,assist,no
746,0,0,0.006289902230029796,-5.173708438873291,-0.11120845377445221,assist,no
747,0,0,0.4378234991142019,-0.9004117250442505,-0.6504117250442505,assist,no
748,0,0,0.02033235601399812,-4.016940116882324,-0.14194025099277496,assist,no
749,0,0,0.007577239811157005,-4.965644836425781,-0.09064464271068573,assist,no
750,0,0,0.008577486427457372,-4.876572132110596,-0.12657225131988525,assist,no
751,0,0,0.0066928517663269035,-5.080423831939697,-0.08042395859956741,assist,no
752,0,0,0.015906391128680933,-4.207795143127441,-0.08279510587453842,assist,no
753,0,0,0.37754066879814546,-1.0708422660827637,-0.5708422660827637,assist,no
754,0,0,0.06754669207816587,-2.7795379161834717,-0.15453793108463287,assist,no
755,0,1,0.7310585669110203,-0.408145010471344,-1.4081449508666992,assist,yes
756,0,0,0.1645164628965632,-1.912538766860962,-0.2875387668609619,assist,no
757,0,0,0.006289901810911896,-5.162315845489502,-0.09981579333543777,assist,no
758,0,0,0.008577486047302837,-4.852046012878418,-0.10204608738422394,assist,no
759,0,0,0.00970847519210651,-4.687094688415527,-0.0620945543050766,assist,no
760,0,0,0.0675466845698721,-2.811342477798462,-0.18634237349033356,assist,no
761,0,0,0.01098694392594878,-4.615937232971191,-0.11593735218048096,assist,no
762,0,0,0.26894141551050293,-1.3628461360931396,-0.36284610629081726,assist,no
763,0,0,0.01098694263059318,-4.659897327423096,-0.1598973274230957,assist,no
764,0,0,0.007577241744090961,-4.934042453765869,-0.059042517095804214,assist,no
765,0,0,0.01243165231673086,-4.462327480316162,-0.08732759952545166,assist,no
766,0,0,0.004609572897273501,-5.452302932739258,-0.07730308920145035,assist,no
767,0,0,0.10669058400428263,-2.319232702255249,-0.19423259794712067,assist,no
768,0,0,0.2942149845400438,-1.2950191497802734,-0.4200192093849182,assist,no
769,0,0,0.26894141551050293,-1.3901208639144897,-0.39012083411216736,assist,no
770,0,0,0.2689414272294874,-1.4328564405441284,-0.4328564703464508,assist,no
771,0,0,0.11920292202211755,-2.1955015659332275,-0.19550156593322754,assist,no
772,0,0,0.008577484906839334,-4.863382816314697,-0.11338275671005249,assist,no
773,0,0,0.0075772403154006,-4.98733377456665,-0.11233364790678024,assist,no
774,0,0,0.014063624667148581,-4.37033748626709,-0.12033731490373611,assist,no
775,0,0,0.14804719427274565,-1.9903461933135986,-0.24034616351127625,assist,no
776,0,0,0.022977371080853633,-3.8170716762542725,-0.06707172840833664,assist,no
777,0,0,0.020332355271959375,-3.9505293369293213,-0.07552943378686905,assist,no
778,0,0,0.13296424706933604,-2.12001371383667,-0.2450137734413147,assist,no
779,0,0,0.014063629006108426,-4.323514938354492,-0.07351507991552353,assist,no
780,0,0,0.09534945461636171,-2.4472503662109375,-0.19725024700164795,assist,no
781,0,0,0.009708477770841793,-4.709935188293457,-0.08493532240390778,assist,no
782,0,0,0.05340332753999997,-2.997448682785034,-0.1224486380815506,assist,no
783,0,0,0.01243165231673086,-4.521219253540039,-0.1462193727493286,assist,no
784,0,0,0.4378234991142019,-0.9577630162239075,-0.7077630162239075,assist,no
785,0,0,0.009708477627578704,-4.728755950927734,-0.10375607013702393,assist,no
786,0,0,0.006692850131774789,-5.153858184814453,-0.15385806560516357,assist,no
787,0,0,0.07585817270885642,-2.632946729660034,-0.13294662535190582,assist,no
788,0,0,0.009708476517289835,-4.686870574951172,-0.06187057867646217,assist,no
789,0,0,0.005911069775635757,-5.247353553771973,-0.12235371023416519,assist,no
790,0,0,0.004070138319925425,-5.5966715812683105,-0.09667173027992249,assist,no
791,0,0,0.004609572111002853,-5.471269607543945,-0.09626959264278412,assist,no
792,0,0,0.32082130082460697,-1.2185814380645752,-0.4685814380645752,assist,no
793,0,0,0.2689414330889798,-1.3670892715454102,-0.36708933115005493,assist,no
794,0,0,0.4073334000459302,-1.0245513916015625,-0.6495513916015625,assist,no
795,0,0,0.07585817897661679,-2.6408841609954834,-0.1408841460943222,assist,no
796,0,0,0.02595735757455145,-3.750119686126709,-0.12511970102787018,assist,no
797,0,0,0.01590639054554718,-4.290929794311523,-0.16592971980571747,assist,no
798,0,0,0.0758581737534831,-2.6856274604797363,-0.18562737107276917,assist,no
799,0,0,0.06754669677084987,-2.829239845275879,-0.20423993468284607,assist,no
800,0,0,0.017986210751676075,-4.139044284820557,-0.13904432952404022,assist,no
801,0,0,0.005220126506047222,-5.337307453155518,-0.08730760961771011,assist,no
802,0,0,0.042087727615238615,-3.24103045463562,-0.11603044718503952,assist,no
803,0,0,0.0031726828424851893,-5.8564229011535645,-0.10642290115356445,assist,no
804,0,0,0.007577242668537808,-4.956583023071289,-0.08158320933580399,assist,no
805,0,0,0.02033235482673614,-3.992579698562622,-0.11757977306842804,assist,no
806,0,0,0.020332354381512912,-3.9637582302093506,-0.08875828236341476,assist,no
807,0,0,0.0026316739162168847,-6.012770652770996,-0.0752706304192543,assist,no
808,0,0,0.029312230327373224,-3.592971086502075,-0.092971071600914,assist,no
809,0,0,0.020332356904444657,-4.047399044036865,-0.17239922285079956,assist,no
810,0,0,0.2942149783515162,-1.2863017320632935,-0.41130176186561584,assist,no
811,0,0,0.00591106784929086,-5.2044997215271,-0.07949955016374588,assist,no
812,0,0,0.017986211278065763,-4.094581604003906,-0.09458167850971222,assist,no
813,0,0,0.4073334000459302,-0.9622268676757812,-0.5872268676757812,assist,no
814,0,0,0.1329642264548166,-2.1101040840148926,-0.23510396480560303,assist,no
815,0,1,0.754914997895581,-0.3510681986808777,-1.4760682582855225,assist,yes
816,0,0,0.0055549244155885386,-5.310251235961914,-0.12275118380784988,assist,no
817,0,0,0.46879062662624377,-0.8364241719245911,-0.7114241719245911,assist,no
818,0,0,0.012431650853185818,-4.554015636444092,-0.1790156364440918,assist,no
819,0,0,0.010986941335237732,-4.548340320587158,-0.04834020137786865,assist,no
820,0,0,0.00970847519210651,-4.783279895782471,-0.15827976167201996,assist,no
821,0,0,0.02931222820745785,-3.6275417804718018,-0.1275416910648346,assist,no
822,0,0,0.025957356255910384,-3.738067388534546,-0.11306735128164291,assist,no
823,0,0,0.053403333566198224,-3.058725118637085,-0.18372519314289093,assist,no
824,0,0,0.009708476481474066,-4.708969593048096,-0.0839695930480957,assist,no
825,0,0,0.007577241155806661,-4.956498622894287,-0.08149860799312592,assist,no
826,0,0,0.020332352303804646,-3.9815380573272705,-0.10653800517320633,assist,no
827,0,1,0.7772998560157665,-0.3534550964832306,-1.6034550666809082,assist,yes
828,0,0,0.007121428218925876,-5.076887607574463,-0.13938753306865692,assist,no
829,0,0,0.008061991647436165,-4.986079216003418,-0.17357923090457916,assist,no
830,0,0,0.006692850924284856,-5.154472351074219,-0.15447235107421875,assist,no
831,0,0,0.004070138199119559,-5.635432720184326,-0.13543283939361572,assist,no
832,0,0,0.017986206803753842,-4.094313621520996,-0.09431344270706177,assist,no
833,0,0,0.02931223202330563,-3.6181859970092773,-0.11818604171276093,assist,no
834,0,0,0.017986211804455476,-4.0864715576171875,-0.08647166192531586,assist,no
835,0,0,0.053403329799824234,-2.9963290691375732,-0.12132906913757324,assist,no
836,0,0,0.01590638961253321,-4.225686073303223,-0.10068593919277191,assist,no
837,0,0,0.24508501864634827,-1.4935097694396973,-0.36850979924201965,assist,no
838,0,0,0.01406362559692558,-4.323300838470459,-0.07330073416233063,assist,no
839,0,0,0.017986207988130422,-4.103592395782471,-0.10359228402376175,assist,no
840,0,0,0.022977369408242194,-3.870102882385254,-0.12010286003351212,assist,no
841,0,1,0.8354835330070839,-0.2694827616214752,-1.8944827318191528,assist,yes
842,0,0,0.13296425394084313,-2.1212029457092285,-0.24620306491851807,assist,no
843,0,0,0.3486451488696663,-1.1579899787902832,-0.532990038394928,assist,no
844,0,0,0.01798620759333822,-4.139065742492676,-0.13906560838222504,assist,no
845,0,0,0.22270014914315833,-1.6497094631195068,-0.3997095227241516,assist,no
846,0,0,0.010986942792512623,-4.604885578155518,-0.10488559305667877,assist,no
847,0,0,0.029312232235297192,-3.5993764400482178,-0.09937649220228195,assist,no
848,0,0,0.14804719991116141,-1.9812370538711548,-0.23123706877231598,assist,no
849,0,1,0.5312093733737563,-0.7006939053535461,-0.8256939053535461,assist,yes
850,0,0,0.08509903804604459,-2.5426323413848877,-0.16763225197792053,assist,no
851,0,0,0.11920292045759123,-2.2172882556915283,-0.21728824079036713,assist,no
852,0,0,0.005911067980632537,-5.213386058807373,-0.08838590979576111,assist,no
853,0,0,0.008577487314484681,-4.924055099487305,-0.1740553230047226,assist,no
854,0,0,0.00669285137007181,-5.123682022094727,-0.12368208914995193,assist,no
855,0,0,0.22270014914315833,-1.5817985534667969,-0.33179861307144165,assist,no
856,0,0,0.022977370913592487,-3.8820087909698486,-0.13200883567333221,assist,no
857,0,1,0.7310585669110203,-0.402454674243927,-1.4024546146392822,assist,yes
858,0,0,0.008577483386221569,-4.906594276428223,-0.15659403800964355,assist,no
859,0,0,0.04208772461143651,-3.240973949432373,-0.11597386747598648,assist,no
860,0,0,0.006692849809817602,-5.043299674987793,-0.04329950734972954,assist,no
861,0,0,0.14804719051380197,-1.9726262092590332,-0.22262614965438843,assist,no
862,0,0,0.18242552825126704,-1.8184232711791992,-0.3184233009815216,assist,no
863,0,0,0.04742587452393617,-3.1307625770568848,-0.13076260685920715,assist,no
864,0,0,0.017986209698896728,-4.169602394104004,-0.1696023792028427,assist,no
865,0,0,0.07585818628900447,-2.6714954376220703,-0.17149552702903748,assist,no
866,0,0,0.00857748680761192,-4.890472412109375,-0.14047257602214813,assist,no
867,0,0,0.02595735456051482,-3.7904305458068848,-0.1654304414987564,assist,no
868,0,0,0.008577485413711986,-4.876250267028809,-0.1262502670288086,assist,no
869,0,0,0.008577483386221569,-4.817216873168945,-0.06721663475036621,assist,no
870,0,0,0.08509904616718289,-2.5281271934509277,-0.15312720835208893,assist,no
871,0,0,0.009125637523922188,-4.8148698806762695,-0.12736989557743073,assist,no
872,0,0,0.015906393111335862,-4.248412609100342,-0.12341269850730896,assist,no
873,0,0,0.015906389962413444,-4.2254638671875,-0.10046375542879105,assist,no
874,0,0,0.10669058684467357,-2.3257439136505127,-0.20074383914470673,assist,no
875,0,0,0.01590639077880068,-4.30916690826416,-0.18416684865951538,assist,no
876,0,0,0.14804718675485834,-2.0053048133850098,-0.2553047239780426,assist,no
877,0,0,0.18242551936144574,-1.7612924575805664,-0.261292427778244,assist,no
878,0,0,0.060086652698692546,-2.940953493118286,-0.19095353782176971,assist,no
879,0,0,0.012431652865560293,-4.537890911102295,-0.16289107501506805,assist,no
880,0,0,0.0675466911396291,-2.7886743545532227,-0.16367435455322266,assist,no
881,0,0,0.0017007226770815059,-6.467998504638672,-0.09299866110086441,assist,no
882,0,0,0.005911067761729742,-5.213359355926514,-0.08835916966199875,assist,no
883,0,1,0.6224593171945417,-0.5153992772102356,-1.0153992176055908,assist,yes
884,0,0,0.00669285216258202,-5.080209255218506,-0.08020944148302078,assist,no
885,0,0,0.06008665522337757,-2.8790199756622314,-0.1290200650691986,assist,no
886,0,0,0.004070137625291741,-5.596343994140625,-0.09634397178888321,assist,no
887,0,0,0.010986940363721243,-4.629689693450928,-0.12968948483467102,assist,no
888,0,0,0.02931223053936477,-3.599212646484375,-0.0992126390337944,assist,no
889,0,0,0.014063624873765687,-4.370787620544434,-0.12078746408224106,assist,no
890,0,0,0.26894141551050293,-1.3839702606201172,-0.3839702308177948,assist,no
891,0,0,0.37754066879814546,-1.053954839706421,-0.5539548397064209,assist,no
892,0,0,0.01798621114646834,-4.114960670471191,-0.11496073752641678,assist,no
893,0,0,0.003376612807976699,-5.793733596801758,-0.10623372346162796,assist,no
894,0,1,0.7981867825403176,-0.3682195842266083,-1.7432196140289307,assist,yes
895,0,0,0.00757724278059198,-4.948451519012451,-0.07345172017812729,assist,no
896,0,0,0.01590639171181471,-4.18846321105957,-0.06346321105957031,assist,no
897,0,0,0.0600866518571309,-2.9161713123321533,-0.1661713421344757,assist,no
898,0,0,0.022977368404675395,-3.850062131881714,-0.1000620648264885,assist,no
899,0,0,0.10669058400428263,-2.3101112842559814,-0.1851111799478531,assist,no
900,0,0,0.012431649481112502,-4.447018146514893,-0.07201803475618362,assist,no
901,0,0,0.01798621259404007,-4.125265121459961,-0.12526527047157288,assist,no
902,0,0,0.020332352749027827,-4.016912460327148,-0.14191243052482605,assist,no
903,0,0,0.1645164628965632,-1.8894330263137817,-0.26443302631378174,assist,no
904,0,0,0.012431648474925493,-4.492762565612793,-0.11776237189769745,assist,no
905,0,0,0.0675466845698721,-2.7441787719726562,-0.1191786676645279,assist,no
906,0,0,0.03732688948593843,-3.3523221015930176,-0.10232216119766235,assist,no
907,0,0,0.07585818315512395,-2.656036376953125,-0.15603642165660858,assist,no
908,0,0,0.012431649755527152,-4.447547435760498,-0.07254734635353088,assist,no
909,0,0,0.004609573136573289,-5.461017608642578,-0.08601781725883484,assist,no
910,0,0,0.04742587688008271,-3.114203453063965,-0.11420353502035141,assist,no
911,0,0,0.025957358704815272,-3.712843894958496,-0.08784395456314087,assist,no
912,0,0,0.1480471961522176,-1.9776805639266968,-0.22768054902553558,assist,no
913,0,0,0.022977370244547896,-3.8214778900146484,-0.07147790491580963,assist,no
914,0,0,0.007577240651563013,-4.999971866607666,-0.12497178465127945,assist,no
915,0,0,0.029312230327373224,-3.667529344558716,-0.16752932965755463,assist,no
916,0,0,0.010328153052397022,-4.647873401641846,-0.08537345379590988,assist,no
917,0,0,0.13296425050508953,-2.121249198913574,-0.24624928832054138,assist,no
918,0,0,0.2689414213699951,-1.3947244882583618,-0.3947244882583618,assist,no
919,0,0,0.033085976958581766,-3.4789111614227295,-0.10391111671924591,assist,no
920,0,0,0.020332354381512912,-3.9495294094085693,-0.07452946156263351,assist,no
921,0,0,0.042087729117139754,-3.224972724914551,-0.09997275471687317,assist,no
922,0,0,0.025957359646701823,-3.70668363571167,-0.08168373256921768,assist,no
923,0,0,0.008577485825546034,-4.810704231262207,-0.06070427969098091,assist,no
924,0,0,0.01798620739594212,-4.05305814743042,-0.05305800214409828,assist,no
925,0,0,0.08509905080783367,-2.553546905517578,-0.1785469800233841,assist,no
926,0,0,0.00669285241024148,-5.058687686920166,-0.05868791043758392,assist,no
927,0,0,0.18242553047372242,-1.7446411848068237,-0.2446412295103073,assist,no
928,0,0,0.3486451217982255,-1.1713550090789795,-0.5463549494743347,assist,no
929,0,1,0.5926665999540697,-0.5802222490310669,-0.9552222490310669,assist,yes
930,0,0,0.004609571393103682,-5.452557563781738,-0.07755739241838455,assist,no
931,0,0,0.02297736991002561,-3.909318685531616,-0.1593186855316162,assist,no
932,0,0,0.025957355502401233,-3.749098062515259,-0.12409799546003342,assist,no
933,0,0,0.015906391945068224,-4.195216178894043,-0.07021619379520416,assist,no
934,0,0,0.0031726824654718946,-5.936741352081299,-0.18674123287200928,assist,no
935,0,0,0.2018132270610754,-1.6762341260910034,-0.3012341558933258,assist,no
936,0,0,0.005220126041767878,-5.328700065612793,-0.07870013266801834,assist,no
937,0,0,0.004070138380328358,-5.650294780731201,-0.1502949446439743,assist,no
938,0,0,0.22270013366638422,-1.5774644613265991,-0.32746443152427673,assist,no
939,0,0,0.4378234991142019,-0.9048559665679932,-0.6548559665679932,assist,no
940,0,1,0.8175744761936437,-0.3287487030029297,-1.8287487030029297,assist,yes
941,0,0,0.006692851320539924,-5.1538920402526855,-0.15389209985733032,assist,no
942,0,0,0.008577483639657844,-4.841810703277588,-0.09181049466133118,assist,no
943,0,0,0.0052201248423797645,-5.328832626342773,-0.0788324624300003,assist,no
944,0,0,0.014063627663096904,-4.33909797668457,-0.0890980213880539,assist,no
945,0,0,0.0026316737011020143,-6.012383460998535,-0.0748833566904068,assist,no
946,0,0,0.01243164938964095,-4.555002689361572,-0.18000257015228271,assist,no
947,0,0,0.014063626320085508,-4.311562538146973,-0.06156248599290848,assist,no
948,0,0,0.002631674522449795,-6.0857768058776855,-0.14827701449394226,assist,no
949,0,0,0.07585818524437762,-2.6529617309570312,-0.15296180546283722,assist,no
950,0,0,0.025957356444287677,-3.7495408058166504,-0.124540776014328,assist,no
951,0,0,0.06754669583231304,-2.8010141849517822,-0.1760142594575882,assist,no
952,0,0,0.009708474977211935,-4.708430767059326,-0.08343061059713364,assist,no
953,0,0,0.18242552825126704,-1.774867057800293,-0.27486708760261536,assist,no
954,0,0,0.015906393111335862,-4.309323310852051,-0.18432340025901794,assist,no
955,0,0,0.08509904268669496,-2.5197014808654785,-0.14470145106315613,assist,no
956,0,0,0.008577484653403024,-4.9072184562683105,-0.15721836686134338,assist,no
957,0,0,0.009708476768000214,-4.739947319030762,-0.1149473488330841,assist,no
958,0,0,0.0600866518571309,-2.878939151763916,-0.1289391815662384,assist,no
959,0,0,0.04208773212094217,-3.2589852809906006,-0.13398538529872894,assist,no
960,0,0,0.008577486744252828,-4.841835021972656,-0.09183517843484879,assist,no
961,0,0,0.02931222841944938,-3.5917422771453857,-0.09174219518899918,assist,no
962,0,0,0.29421497216298875,-1.3794211149215698,-0.5044211149215698,assist,no
963,0,0,0.010986945059385054,-4.742270469665527,-0.24227069318294525,assist,no
964,0,0,0.053403334696110465,-2.9959282875061035,-0.12092838436365128,assist,no
965,0,0,0.025957357762928745,-3.721832513809204,-0.09683253616094589,assist,no
966,0,0,0.005220125151899251,-5.35908842086792,-0.10908831655979156,assist,no
967,0,0,0.03308597552845946,-3.505979299545288,-0.13097921013832092,assist,no
968,0,0,0.11920290950590741,-2.192934036254883,-0.19293391704559326,assist,no
969,0,0,0.01243164957258405,-4.555213451385498,-0.1802133470773697,assist,no
970,0,0,0.0675466845698721,-2.839134454727173,-0.2141343504190445,assist,no
971,0,0,0.014063629625959938,-4.371033191680908,-0.12103337794542313,assist,no
972,0,0,0.16451645880021026,-1.941026210784912,-0.3160261809825897,assist,no
973,0,0,0.011687258339931112,-4.6167402267456055,-0.17924025654792786,assist,no
974,0,0,0.006692849339264817,-5.111145973205566,-0.1111457347869873,assist,no
975,0,0,0.3775406547908327,-1.0821373462677002,-0.5821372866630554,assist,no
976,0,0,0.0066928520635182375,-5.099760055541992,-0.09976022690534592,assist,no
977,0,0,0.02297737057907019,-3.8943490982055664,-0.1443491280078888,assist,no
978,0,0,0.014063625906851259,-4.3170599937438965,-0.06705991178750992,assist,no
979,0,0,0.3775406828054583,-1.064856767654419,-0.5648568272590637,assist,no
980,0,0,0.014063627818059764,-4.306681156158447,-0.05668121203780174,assist,no
981,0,0,0.03308597886541159,-3.5343668460845947,-0.15936686098575592,assist,no
982,0,0,0.06008664554541885,-2.8477413654327393,-0.09774128347635269,assist,no
983,0,0,0.015906391595187953,-4.248345375061035,-0.12334536761045456,assist,no
984,0,0,0.06754668644694548,-2.859762191772461,-0.23476211726665497,assist,no
985,0,0,0.01798621022528639,-4.102853298187256,-0.10285331308841705,assist,no
986,0,0,0.01098694303539179,-4.604974746704102,-0.10497478395700455,assist,no
987,0,0,0.009708478630420372,-4.728691577911377,-0.10369180142879486,assist,no
988,0,0,0.06754668644694548,-2.7629787921905518,-0.1379787176847458,assist,no
989,0,0,0.02033235363947422,-4.083409786224365,-0.20840980112552643,assist,no
990,0,0,0.00522012669949696,-5.33731746673584,-0.08731766045093536,assist,no
991,0,0,0.05340333130637379,-3.02203369140625,-0.1470337212085724,assist,no
992,0,0,0.02033235304584329,-3.9502644538879395,-0.07526443898677826,assist,no
993,0,0,0.005911069425391183,-5.213517189025879,-0.08851728588342667,assist,no
994,0,0,0.037326884131416216,-3.359555721282959,-0.10955563187599182,assist,no
995,0,0,0.022977369575503337,-3.822313070297241,-0.07231305539608002,assist,no
996,0,0,0.0035936018344303144,-5.710227966308594,-0.08522775769233704,assist,no
997,0,0,0.010986940201801838,-4.595115661621094,-0.09511543810367584,assist,no
998,0,0,0.01798621265983879,-4.052187442779541,-0.05218759551644325,assist,no
999,0,0,0.01590639182844147,-4.200662612915039,-0.07566262036561966,assist,no
